test/output/constant/M350_S060_A270_WD225.0_WS010.0/M350_S060_A270_WD225.0_WS010.0_arrival.asc
ncols         9
nrows         34
xllcorner     426503.990666
yllcorner     12748755.311160
cellsize      100.000000
NODATA_value  0.000000
0.000000 0.000000 0.000000 0.000000 0.000000 0.000000 166.041493 166.041493 0.000000 
0.000000 0.000000 0.000000 0.000000 0.000000 166.040505 166.040011 166.040011 0.000000 
0.000000 0.000000 0.000000 0.000000 166.041493 166.039023 166.038529 166.039023 166.041493 
0.000000 0.000000 0.000000 0.000000 166.040011 166.037541 166.037541 166.038035 166.040999 
0.000000 0.000000 0.000000 0.000000 166.038035 166.036059 166.036059 166.037047 166.040505 
0.000000 0.000000 0.000000 166.040505 166.036553 166.035071 166.035071 166.036553 166.040011 
0.000000 0.000000 0.000000 166.038529 166.034577 166.033589 166.033589 166.035565 166.039517 
0.000000 0.000000 0.000000 166.036553 166.033095 166.032601 166.032601 166.035071 166.039517 
0.000000 0.000000 166.040505 166.034577 166.031613 166.031119 166.031613 166.034577 166.040011 
0.000000 0.000000 166.038529 166.033095 166.030132 166.030132 166.030626 166.034083 166.040011 
0.000000 0.000000 166.036059 166.031119 166.028650 166.028650 166.029638 166.033589 166.040505 
0.000000 0.000000 166.034083 166.029144 166.027168 166.027168 166.029144 166.033589 166.040999 
0.000000 166.040011 166.032107 166.027662 166.026180 166.026180 166.028650 166.033589 166.041493 
0.000000 166.038035 166.030132 166.025686 166.024698 166.025192 166.028156 166.034083 0.000000 
0.000000 166.035565 166.028156 166.024204 166.023710 166.024204 166.027662 166.034577 0.000000 
0.000000 166.033589 166.026180 166.022722 166.022228 166.023216 166.027662 166.035071 0.000000 
0.000000 166.031613 166.024204 166.021240 166.021240 166.022722 166.027662 166.035565 0.000000 
0.000000 166.029144 166.022228 166.019758 166.019758 166.022228 166.028156 166.037047 0.000000 
0.000000 166.027168 166.020746 166.018770 166.018770 166.021734 166.028650 166.039023 0.000000 
166.040011 166.025192 166.018770 166.017289 166.017289 166.021240 166.029144 0.000000 0.000000 
166.038035 166.022722 166.016795 166.015807 166.016795 166.021734 166.030132 0.000000 0.000000 
166.036059 166.020746 166.015313 166.014819 166.015807 166.022228 166.032601 0.000000 0.000000 
166.033589 166.018770 166.013831 166.013337 166.015807 166.022228 166.036059 0.000000 0.000000 
166.032107 166.016301 166.012349 166.012349 166.015313 166.023710 166.040011 0.000000 0.000000 
166.029638 166.014325 166.010867 166.010867 166.015807 166.026180 0.000000 0.000000 0.000000 
166.027662 166.012349 166.009879 166.010373 166.015807 166.029638 0.000000 0.000000 0.000000 
166.025192 166.010373 166.008397 166.009385 166.017289 166.034577 0.000000 0.000000 0.000000 
166.023710 166.008397 166.007409 166.009385 166.019758 0.000000 0.000000 0.000000 0.000000 
166.021734 166.006421 166.005928 166.009385 166.024204 0.000000 0.000000 0.000000 0.000000 
166.021240 166.004940 166.004446 166.010373 166.032601 0.000000 0.000000 0.000000 0.000000 
166.020746 166.003458 166.003458 166.013831 0.000000 0.000000 0.000000 0.000000 0.000000 
166.020746 166.001976 166.003458 166.022722 0.000000 0.000000 0.000000 0.000000 0.000000 
166.023216 166.000988 166.003458 166.040999 0.000000 0.000000 0.000000 0.000000 0.000000 
166.034083 166.000000 166.015313 0.000000 0.000000 0.000000 0.000000 0.000000 0.000000 
