test/output/constant/M3M480_S000_A180_WD180.0_WS015.0/M3M480_S000_A180_WD180.0_WS015.0_arrival.asc
ncols         11
nrows         19
xllcorner     426103.990666
yllcorner     12748555.311160
cellsize      100.000000
NODATA_value  0.000000
0.000000 0.000000 0.000000 0.000000 166.041667 166.040946 166.041667 0.000000 0.000000 0.000000 0.000000 
0.000000 0.000000 0.000000 166.039896 166.038846 166.038846 166.038846 166.039896 0.000000 0.000000 0.000000 
0.000000 0.000000 166.039896 166.037796 166.036746 166.035696 166.036746 166.037796 166.039896 0.000000 0.000000 
0.000000 0.000000 166.037796 166.034647 166.033597 166.033597 166.033597 166.034647 166.037796 0.000000 0.000000 
0.000000 166.039896 166.035696 166.032547 166.031497 166.030447 166.031497 166.032547 166.035696 166.039896 0.000000 
0.000000 166.037796 166.033597 166.030447 166.028347 166.028347 166.028347 166.030447 166.033597 166.037796 0.000000 
0.000000 166.036746 166.031497 166.027297 166.026247 166.025198 166.026247 166.027297 166.031497 166.036746 0.000000 
0.000000 166.034647 166.029397 166.025198 166.023098 166.023098 166.023098 166.025198 166.029397 166.034647 0.000000 
166.041667 166.033597 166.027297 166.023098 166.020998 166.019948 166.020998 166.023098 166.027297 166.033597 166.041667 
166.041667 166.033597 166.026247 166.020998 166.017848 166.017848 166.017848 166.020998 166.026247 166.033597 166.041667 
166.041667 166.032547 166.024148 166.018898 166.015748 166.014699 166.015748 166.018898 166.024148 166.032547 166.041667 
0.000000 166.032547 166.024148 166.016798 166.012599 166.012599 166.012599 166.016798 166.024148 166.032547 0.000000 
0.000000 166.032547 166.023098 166.014699 166.010499 166.009449 166.010499 166.014699 166.023098 166.032547 0.000000 
0.000000 166.033597 166.024148 166.014699 166.008399 166.007349 166.008399 166.014699 166.024148 166.033597 0.000000 
0.000000 166.035696 166.024148 166.014699 166.006299 166.004200 166.006299 166.014699 166.024148 166.035696 0.000000 
0.000000 166.038846 166.027297 166.014699 166.005249 166.002100 166.005249 166.014699 166.027297 166.038846 0.000000 
0.000000 0.000000 166.030447 166.017848 166.005249 166.000000 166.005249 166.017848 166.030447 0.000000 0.000000 
0.000000 0.000000 166.037796 166.025198 166.012599 166.008399 166.012599 166.025198 166.037796 0.000000 0.000000 
0.000000 0.000000 0.000000 166.035696 166.027297 166.025198 166.027297 166.035696 0.000000 0.000000 0.000000 
