test/output/constant/M380_S060_A090_WD225.0_WS010.0/M380_S060_A090_WD225.0_WS010.0_intensity.asc
ncols         13
nrows         38
xllcorner     426403.990666
yllcorner     12745155.311160
cellsize      100.000000
NODATA_value  0.000000
0 1346 1219 1696 0 0 0 0 0 0 0 0 0 
0 1157 0 1696 1696 0 0 0 0 0 0 0 0 
0 19885 54296 53828 2390 0 0 0 0 0 0 0 0 
1346 15722 54296 54158 32390 27870 0 0 0 0 0 0 0 
1157 33346 54296 54158 40924 40924 1397 0 0 0 0 0 0 
1346 28832 54296 54296 54296 36786 32390 0 0 0 0 0 0 
19885 33346 54296 54296 47937 40924 36786 1981 0 0 0 0 0 
15722 28832 54243 54296 44680 52582 1219 32390 0 0 0 0 0 
19885 19885 41774 54296 54296 50598 1397 40924 0 0 0 0 0 
11936 33346 54243 54296 54296 54158 40924 36786 36786 0 0 0 0 
15722 33346 54243 54296 54296 52582 53828 36786 40924 0 0 0 0 
33346 19885 45434 24300 54296 54296 54296 36786 36786 0 0 0 0 
33346 37704 15722 54296 54296 54296 54296 54296 36786 36786 0 0 0 
0 28832 48571 54296 54296 54296 47937 54296 52582 36786 0 0 0 
0 28832 24300 19885 54296 54296 52582 50598 52582 40924 0 0 0 
0 24300 51092 28832 54296 54296 54296 54158 54296 40924 40924 0 0 
0 41774 41774 52919 54296 54296 54296 54296 52582 52582 40924 0 0 
0 33346 11936 15722 24300 54296 54296 54296 54296 50598 36786 0 0 
0 45434 45434 54296 37704 54296 54296 50598 54296 53828 44680 0 0 
0 19885 11936 54296 54243 54296 54296 54296 52582 54296 50598 52582 0 
0 0 48571 53998 54296 54296 54296 54296 52582 50598 53828 36786 0 
0 0 33346 24300 54296 54296 54296 54296 47937 47937 54296 36786 0 
0 0 11936 15722 54296 54243 54296 54296 54296 52582 52582 54296 0 
0 0 41774 54296 54296 54296 54296 52582 54296 54296 54296 54296 0 
0 0 19885 45434 54296 33346 54296 54296 54158 52582 54296 52582 0 
0 0 0 24300 54296 54296 54296 54296 52582 50598 54296 54296 52582 
0 0 0 51092 54296 54243 54296 54296 54296 54296 54296 52582 52582 
0 0 0 28832 54296 54296 54296 54296 54296 54296 47937 52582 36786 
0 0 0 0 54296 54296 54243 54296 52582 54296 54296 52582 54296 
0 0 0 0 54296 15722 54296 54296 54296 54296 54158 54158 54296 
0 0 0 0 51092 24300 54296 54296 54296 54296 54296 54296 40924 
0 0 0 0 0 52919 54296 54296 54296 54296 54296 52582 53828 
0 0 0 0 0 54296 19885 48571 54296 54296 54296 53828 54158 
0 0 0 0 0 0 54296 54296 54296 54296 54296 54296 54296 
0 0 0 0 0 0 54296 53998 54296 54296 54296 54296 54158 
0 0 0 0 0 0 0 54296 54296 54296 54296 54296 0 
0 0 0 0 0 0 0 0 54296 54296 54296 54296 0 
0 0 0 0 0 0 0 0 0 54296 54296 50598 0 
