test/output/constant/M3M4100_S060_A270_WD000.0_WS015.0/M3M4100_S060_A270_WD000.0_WS015.0_arrival.asc
ncols         11
nrows         36
xllcorner     426103.990666
yllcorner     12748555.311160
cellsize      100.000000
NODATA_value  0.000000
0.000000 0.000000 0.000000 0.000000 166.041624 166.041624 166.041624 0.000000 0.000000 0.000000 0.000000 
0.000000 0.000000 0.000000 166.041624 166.040609 166.040101 166.040609 166.041624 0.000000 0.000000 0.000000 
0.000000 0.000000 0.000000 166.040101 166.039086 166.039086 166.039086 166.040101 0.000000 0.000000 0.000000 
0.000000 0.000000 166.040609 166.039086 166.038071 166.037563 166.038071 166.039086 166.040609 0.000000 0.000000 
0.000000 0.000000 166.039593 166.037563 166.036548 166.036548 166.036548 166.037563 166.039593 0.000000 0.000000 
0.000000 166.041116 166.038578 166.036548 166.035533 166.035025 166.035533 166.036548 166.038578 166.041116 0.000000 
0.000000 166.040101 166.037055 166.035025 166.034010 166.034010 166.034010 166.035025 166.037055 166.040101 0.000000 
0.000000 166.039086 166.036040 166.034010 166.032995 166.032487 166.032995 166.034010 166.036040 166.039086 0.000000 
0.000000 166.038071 166.035025 166.032995 166.031472 166.031472 166.031472 166.032995 166.035025 166.038071 0.000000 
166.041624 166.037055 166.034010 166.031472 166.030456 166.029949 166.030456 166.031472 166.034010 166.037055 166.041624 
166.041116 166.036548 166.032487 166.030456 166.028934 166.028934 166.028934 166.030456 166.032487 166.036548 166.041116 
166.040101 166.035533 166.031472 166.028934 166.027918 166.027411 166.027918 166.028934 166.031472 166.035533 166.040101 
166.039086 166.034517 166.030456 166.027918 166.026396 166.026396 166.026396 166.027918 166.030456 166.034517 166.039086 
166.038578 166.033502 166.029441 166.026903 166.025380 166.024873 166.025380 166.026903 166.029441 166.033502 166.038578 
166.038071 166.032487 166.028426 166.025380 166.023858 166.023858 166.023858 166.025380 166.028426 166.032487 166.038071 
166.037563 166.031979 166.027411 166.024365 166.022842 166.022335 166.022842 166.024365 166.027411 166.031979 166.037563 
166.037563 166.030964 166.026396 166.023350 166.021320 166.021320 166.021320 166.023350 166.026396 166.030964 166.037563 
166.037563 166.030456 166.025380 166.021827 166.020304 166.019797 166.020304 166.021827 166.025380 166.030456 166.037563 
166.037563 166.029441 166.024365 166.020812 166.018782 166.018782 166.018782 166.020812 166.024365 166.029441 166.037563 
166.037563 166.029441 166.023858 166.019797 166.017766 166.017259 166.017766 166.019797 166.023858 166.029441 166.037563 
166.037563 166.029441 166.022842 166.018782 166.016751 166.016243 166.016751 166.018782 166.022842 166.029441 166.037563 
166.038071 166.028934 166.021827 166.017766 166.015228 166.014721 166.015228 166.017766 166.021827 166.028934 166.038071 
166.038578 166.028934 166.021320 166.016751 166.014213 166.013705 166.014213 166.016751 166.021320 166.028934 166.038578 
166.039593 166.028934 166.021320 166.015736 166.012690 166.012183 166.012690 166.015736 166.021320 166.028934 166.039593 
166.040609 166.029949 166.020812 166.014721 166.011675 166.011167 166.011675 166.014721 166.020812 166.029949 166.040609 
0.000000 166.030456 166.020812 166.013705 166.010152 166.009645 166.010152 166.013705 166.020812 166.030456 0.000000 
0.000000 166.031472 166.020812 166.013198 166.009137 166.008629 166.009137 166.013198 166.020812 166.031472 0.000000 
0.000000 166.034010 166.021320 166.012690 166.008122 166.007107 166.008122 166.012690 166.021320 166.034010 0.000000 
0.000000 166.036548 166.022335 166.012690 166.006599 166.006091 166.006599 166.012690 166.022335 166.036548 0.000000 
0.000000 166.040101 166.024873 166.012690 166.005584 166.004568 166.005584 166.012690 166.024873 166.040101 0.000000 
0.000000 0.000000 166.027918 166.013198 166.005076 166.003553 166.005076 166.013198 166.027918 0.000000 0.000000 
0.000000 0.000000 166.032487 166.015736 166.004568 166.002030 166.004568 166.015736 166.032487 0.000000 0.000000 
0.000000 0.000000 166.040101 166.019797 166.004568 166.001015 166.004568 166.019797 166.040101 0.000000 0.000000 
0.000000 0.000000 0.000000 166.027918 166.007107 166.000000 166.007107 166.027918 0.000000 0.000000 0.000000 
0.000000 0.000000 0.000000 0.000000 166.020304 166.013705 166.020304 0.000000 0.000000 0.000000 0.000000 
0.000000 0.000000 0.000000 0.000000 0.000000 166.040609 0.000000 0.000000 0.000000 0.000000 0.000000 
