test/output/constant/M3M485_S060_A000_WD000.0_WS010.0/M3M485_S060_A000_WD000.0_WS010.0_raz.asc
ncols         46
nrows         15
xllcorner     422103.990666
yllcorner     12747455.311160
cellsize      100.000000
NODATA_value  0.000000
0 0 0 0 0 0 0 0 0 0 0 0 0 0 0 0 0 0 0 0 0 0 0 0 0 0 0 0 0 0 0 0 271 278 271 283 274 271 274 268 278 278 283 278 9 345 
0 0 0 0 0 0 0 0 0 0 0 0 0 0 0 0 0 0 0 0 0 0 0 0 0 268 283 274 271 278 271 278 271 271 278 271 271 268 278 274 278 268 278 255 255 254 
0 0 0 0 0 0 0 0 0 0 0 0 0 0 0 0 0 0 0 0 0 278 271 271 271 268 274 274 274 274 278 268 274 271 274 261 268 260 260 255 255 255 255 254 250 179 
0 0 0 0 0 0 0 0 0 0 0 0 0 0 0 0 0 271 268 274 283 268 278 271 271 268 263 268 268 268 258 271 259 271 255 255 255 255 255 255 255 250 247 208 191 141 
0 0 0 0 0 0 0 0 0 0 0 0 0 0 264 278 271 283 268 278 259 268 268 259 278 268 268 263 261 261 283 271 255 255 255 255 255 255 250 247 247 179 165 165 0 0 
0 0 0 0 0 0 0 0 0 0 0 274 268 271 274 259 256 278 271 259 271 264 266 264 274 260 255 255 255 255 255 255 255 255 255 250 249 247 249 247 191 165 0 0 0 0 
0 0 0 0 0 0 0 0 0 271 278 271 264 268 261 283 255 255 268 271 268 271 259 255 255 255 255 255 253 255 255 252 251 247 249 247 249 208 247 247 0 0 0 0 0 0 
0 0 0 0 0 0 268 268 261 274 274 266 268 268 260 274 255 255 268 255 255 255 255 255 255 255 255 255 253 250 247 247 247 247 249 247 191 165 0 0 0 0 0 0 0 0 
0 0 0 0 258 259 263 271 264 271 271 268 259 260 257 255 255 255 255 255 255 255 255 255 255 253 250 247 165 179 247 247 219 208 191 247 0 0 0 0 0 0 0 0 0 0 
0 0 0 268 268 259 274 255 255 255 271 255 255 255 255 255 255 255 255 255 254 249 255 208 249 247 247 219 247 219 249 247 247 0 0 0 0 0 0 0 0 0 0 0 0 0 
0 268 268 259 261 257 263 255 255 255 255 255 255 255 255 253 255 251 255 255 208 247 250 247 247 249 208 247 141 247 0 0 0 0 0 0 0 0 0 0 0 0 0 0 0 0 
255 283 255 255 255 255 255 255 255 255 255 255 255 253 255 253 255 208 247 247 249 247 247 249 208 247 219 0 0 0 0 0 0 0 0 0 0 0 0 0 0 0 0 0 0 0 
255 255 255 255 255 255 255 255 255 255 255 255 249 254 208 250 249 179 247 191 247 208 208 0 0 0 0 0 0 0 0 0 0 0 0 0 0 0 0 0 0 0 0 0 0 0 
255 255 255 255 255 255 251 255 253 250 252 208 249 250 247 247 247 247 191 0 0 0 0 0 0 0 0 0 0 0 0 0 0 0 0 0 0 0 0 0 0 0 0 0 0 0 
0 255 253 255 253 252 251 260 247 249 249 249 255 0 0 0 0 0 0 0 0 0 0 0 0 0 0 0 0 0 0 0 0 0 0 0 0 0 0 0 0 0 0 0 0 0 
