test/output/constant/M490_S060_A090_WD315.0_WS015.0/M490_S060_A090_WD315.0_WS015.0_arrival.asc
ncols         12
nrows         37
xllcorner     426503.990666
yllcorner     12745155.311160
cellsize      100.000000
NODATA_value  0.000000
0.000000 166.000000 166.010636 0.000000 0.000000 0.000000 0.000000 0.000000 0.000000 0.000000 0.000000 0.000000 
166.030580 166.000886 166.002216 166.031023 0.000000 0.000000 0.000000 0.000000 0.000000 0.000000 0.000000 0.000000 
166.029250 166.001773 166.002216 166.013739 0.000000 0.000000 0.000000 0.000000 0.000000 0.000000 0.000000 0.000000 
166.030137 166.003102 166.003102 166.007977 166.029693 0.000000 0.000000 0.000000 0.000000 0.000000 0.000000 0.000000 
166.031023 166.005318 166.004432 166.006648 166.019500 0.000000 0.000000 0.000000 0.000000 0.000000 0.000000 0.000000 
166.033239 166.007977 166.005318 166.006648 166.013739 166.034125 0.000000 0.000000 0.000000 0.000000 0.000000 0.000000 
166.036341 166.010636 166.006648 166.006648 166.011523 166.025705 0.000000 0.000000 0.000000 0.000000 0.000000 0.000000 
166.039444 166.013739 166.007977 166.007534 166.010636 166.019943 166.039000 0.000000 0.000000 0.000000 0.000000 0.000000 
0.000000 166.016398 166.009307 166.008864 166.010636 166.016841 166.031909 0.000000 0.000000 0.000000 0.000000 0.000000 
0.000000 166.019500 166.011523 166.010193 166.010636 166.015511 166.026148 0.000000 0.000000 0.000000 0.000000 0.000000 
0.000000 166.022602 166.013739 166.011080 166.011080 166.015068 166.023046 166.038114 0.000000 0.000000 0.000000 0.000000 
0.000000 166.025705 166.015955 166.012409 166.012409 166.014625 166.020830 166.032353 0.000000 0.000000 0.000000 0.000000 
0.000000 166.028807 166.018614 166.013739 166.013296 166.015068 166.019943 166.028807 0.000000 0.000000 0.000000 0.000000 
0.000000 166.031909 166.020830 166.015511 166.014625 166.015068 166.019057 166.026148 166.038557 0.000000 0.000000 0.000000 
0.000000 166.034568 166.023489 166.017727 166.015955 166.015955 166.019057 166.024818 166.035012 0.000000 0.000000 0.000000 
0.000000 166.037671 166.026148 166.019500 166.016841 166.016841 166.019057 166.023932 166.031909 0.000000 0.000000 0.000000 
0.000000 166.040773 166.028807 166.021716 166.018614 166.018171 166.019057 166.023489 166.030137 166.040773 0.000000 0.000000 
0.000000 0.000000 166.031909 166.023932 166.019943 166.019500 166.019943 166.023046 166.028807 166.038114 0.000000 0.000000 
0.000000 0.000000 166.034568 166.026591 166.021716 166.020387 166.020387 166.023046 166.027921 166.035455 0.000000 0.000000 
0.000000 0.000000 166.037671 166.028807 166.023489 166.021716 166.021716 166.023489 166.027478 166.034125 0.000000 0.000000 
0.000000 0.000000 166.040330 166.031466 166.025705 166.023046 166.022602 166.023489 166.027034 166.033239 166.041216 0.000000 
0.000000 0.000000 0.000000 166.034125 166.027921 166.024375 166.023932 166.024375 166.027034 166.032353 166.039444 0.000000 
0.000000 0.000000 0.000000 166.036784 166.029693 166.026148 166.025262 166.025262 166.027478 166.031909 166.038114 0.000000 
0.000000 0.000000 0.000000 166.039000 166.031909 166.027921 166.026148 166.026148 166.027478 166.031466 166.037228 0.000000 
0.000000 0.000000 0.000000 166.041659 166.034568 166.029693 166.027478 166.027478 166.027921 166.031466 166.036341 0.000000 
0.000000 0.000000 0.000000 0.000000 166.036784 166.031909 166.029250 166.028364 166.028807 166.031466 166.035898 0.000000 
0.000000 0.000000 0.000000 0.000000 166.039444 166.033682 166.030580 166.029693 166.029693 166.031909 166.035455 166.041216 
0.000000 0.000000 0.000000 0.000000 0.000000 166.035898 166.032353 166.031023 166.031023 166.031909 166.035455 166.040773 
0.000000 0.000000 0.000000 0.000000 0.000000 166.038114 166.034125 166.032353 166.031909 166.032796 166.035898 166.040330 
0.000000 0.000000 0.000000 0.000000 0.000000 166.040330 166.035898 166.033682 166.033239 166.033239 166.035898 166.039887 
0.000000 0.000000 0.000000 0.000000 0.000000 0.000000 166.037671 166.035012 166.034125 166.034125 166.035898 166.039887 
0.000000 0.000000 0.000000 0.000000 0.000000 0.000000 166.039887 166.036784 166.035455 166.035455 166.036784 166.039887 
0.000000 0.000000 0.000000 0.000000 0.000000 0.000000 0.000000 166.038557 166.036784 166.036784 166.037671 166.039887 
0.000000 0.000000 0.000000 0.000000 0.000000 0.000000 0.000000 166.040330 166.038114 166.037671 166.038114 166.040330 
0.000000 0.000000 0.000000 0.000000 0.000000 0.000000 0.000000 0.000000 166.039887 166.039000 166.039000 166.040330 
0.000000 0.000000 0.000000 0.000000 0.000000 0.000000 0.000000 0.000000 166.041216 166.039887 166.040330 166.041216 
0.000000 0.000000 0.000000 0.000000 0.000000 0.000000 0.000000 0.000000 0.000000 166.041216 166.041216 166.041659 
