test/output/constant/M3M475_S000_A180_WD180.0_WS030.0/M3M475_S000_A180_WD180.0_WS030.0_arrival.asc
ncols         9
nrows         32
xllcorner     426203.990666
yllcorner     12748655.311160
cellsize      100.000000
NODATA_value  0.000000
0.000000 0.000000 0.000000 166.041193 166.040644 166.041193 0.000000 0.000000 0.000000 
0.000000 0.000000 166.041193 166.039545 166.039545 166.039545 166.041193 0.000000 0.000000 
0.000000 0.000000 166.040094 166.038447 166.037897 166.038447 166.040094 0.000000 0.000000 
0.000000 166.041667 166.038996 166.036799 166.036799 166.036799 166.038996 166.041667 0.000000 
0.000000 166.040644 166.037348 166.035700 166.035151 166.035700 166.037348 166.040644 0.000000 
0.000000 166.038996 166.036250 166.034053 166.034053 166.034053 166.036250 166.038996 0.000000 
0.000000 166.037897 166.034602 166.032954 166.032405 166.032954 166.034602 166.037897 0.000000 
0.000000 166.036799 166.033503 166.031307 166.031307 166.031307 166.033503 166.036799 0.000000 
166.041667 166.036250 166.032405 166.030208 166.029659 166.030208 166.032405 166.036250 166.041667 
166.040644 166.035151 166.030757 166.028560 166.028560 166.028560 166.030757 166.035151 166.040644 
166.039545 166.034053 166.029659 166.027462 166.026913 166.027462 166.029659 166.034053 166.039545 
166.038996 166.032954 166.028560 166.026363 166.025814 166.026363 166.028560 166.032954 166.038996 
166.038447 166.031856 166.026913 166.024716 166.024166 166.024716 166.026913 166.031856 166.038447 
166.037897 166.030757 166.025814 166.023617 166.023068 166.023617 166.025814 166.030757 166.037897 
166.037897 166.029659 166.024716 166.021970 166.021420 166.021970 166.024716 166.029659 166.037897 
166.037348 166.029110 166.023617 166.020871 166.020322 166.020871 166.023617 166.029110 166.037348 
166.037348 166.028011 166.022519 166.019223 166.018674 166.019223 166.022519 166.028011 166.037348 
166.037897 166.027462 166.021420 166.018125 166.017576 166.018125 166.021420 166.027462 166.037897 
166.037897 166.026913 166.020322 166.017026 166.015928 166.017026 166.020322 166.026913 166.037897 
166.038447 166.026913 166.019223 166.015379 166.014829 166.015379 166.019223 166.026913 166.038447 
166.038996 166.026913 166.018125 166.014280 166.013182 166.014280 166.018125 166.026913 166.038996 
166.040094 166.026913 166.017576 166.012632 166.012083 166.012632 166.017576 166.026913 166.040094 
0.000000 166.027462 166.016477 166.011534 166.010436 166.011534 166.016477 166.027462 0.000000 
0.000000 166.028011 166.016477 166.009886 166.009337 166.009886 166.016477 166.028011 0.000000 
0.000000 166.029659 166.016477 166.008788 166.007689 166.008788 166.016477 166.029659 0.000000 
0.000000 166.031856 166.016477 166.007689 166.006591 166.007689 166.016477 166.031856 0.000000 
0.000000 166.035151 166.017026 166.006591 166.004943 166.006591 166.017026 166.035151 0.000000 
0.000000 166.039545 166.018674 166.005492 166.003845 166.005492 166.018674 166.039545 0.000000 
0.000000 0.000000 166.022519 166.005492 166.002197 166.005492 166.022519 0.000000 0.000000 
0.000000 0.000000 166.028560 166.006042 166.001098 166.006042 166.028560 0.000000 0.000000 
0.000000 0.000000 166.039545 166.010436 166.000000 166.010436 166.039545 0.000000 0.000000 
0.000000 0.000000 0.000000 166.034602 166.025265 166.034602 0.000000 0.000000 0.000000 
