test/output/constant/M3M490_S060_A090_WD135.0_WS010.0/M3M490_S060_A090_WD135.0_WS010.0_ros.asc
ncols         13
nrows         41
xllcorner     425603.990666
yllcorner     12744855.311160
cellsize      100.000000
NODATA_value  0.000000
0.000000 0.000000 0.000000 0.000000 0.000000 0.000000 0.000000 0.000000 0.000000 1.619916 1.619916 1.337477 0.000000 
0.000000 0.000000 0.000000 0.000000 0.000000 0.000000 0.000000 0.000000 1.977902 2.325312 0.000000 1.560320 0.000000 
0.000000 0.000000 0.000000 0.000000 0.000000 0.000000 0.000000 2.325312 2.829496 54.653893 66.381508 19.154482 0.000000 
0.000000 0.000000 0.000000 0.000000 0.000000 0.000000 0.000000 1.977902 1.977902 64.305870 66.381508 19.154482 19.154482 
0.000000 0.000000 0.000000 0.000000 0.000000 0.000000 1.619916 2.829496 50.060307 66.381508 35.215084 35.215084 19.154482 
0.000000 0.000000 0.000000 0.000000 0.000000 0.000000 2.325312 1.406604 54.653893 66.381508 40.743454 35.215084 24.254946 
0.000000 0.000000 0.000000 0.000000 0.000000 1.977902 39.613098 44.995365 66.381508 66.381508 40.743454 35.215084 24.254946 
0.000000 0.000000 0.000000 0.000000 0.000000 2.829496 50.060307 50.060307 66.381508 66.381508 40.743454 19.154482 14.515009 
0.000000 0.000000 0.000000 0.000000 0.000000 2.325312 2.829496 6.703326 66.381508 66.381508 35.215084 35.215084 35.215084 
0.000000 0.000000 0.000000 0.000000 4.364514 4.364514 44.995365 66.381508 66.381508 66.381508 24.254946 35.215084 19.154482 
0.000000 0.000000 0.000000 0.000000 44.995365 1.619916 50.060307 64.305870 66.381508 46.080601 35.215084 19.154482 35.215084 
0.000000 0.000000 0.000000 2.325312 44.995365 6.703326 61.886707 66.381508 66.381508 46.080601 35.215084 40.743454 35.215084 
0.000000 0.000000 0.000000 4.364514 44.995365 2.325312 65.820244 66.381508 66.019608 40.743454 24.254946 29.662920 35.215084 
0.000000 0.000000 0.000000 44.995365 44.995365 2.829496 66.381508 66.381508 66.019608 24.254946 40.743454 40.743454 35.215084 
0.000000 0.000000 0.000000 44.995365 4.364514 54.653893 66.381508 66.381508 66.381508 51.064781 40.743454 35.215084 35.215084 
0.000000 0.000000 44.995365 44.995365 50.060307 66.381508 66.381508 66.381508 59.385120 35.215084 19.154482 35.215084 0.000000 
0.000000 0.000000 50.060307 4.364514 44.995365 66.215874 66.381508 66.381508 51.064781 40.743454 40.743454 19.154482 0.000000 
0.000000 0.000000 6.703326 6.703326 6.703326 66.381508 66.381508 66.381508 64.703056 40.743454 19.154482 40.743454 0.000000 
0.000000 4.364514 44.995365 4.364514 66.381508 66.381508 66.381508 62.469002 35.215084 29.662920 40.743454 24.254946 0.000000 
0.000000 4.364514 2.829496 50.060307 66.381508 66.381508 66.381508 66.381508 62.469002 19.154482 29.662920 35.215084 0.000000 
0.000000 44.995365 44.995365 61.886707 65.820244 66.381508 66.381508 29.662920 35.215084 40.743454 35.215084 35.215084 0.000000 
0.000000 6.703326 50.060307 66.381508 66.381508 66.381508 59.385120 40.743454 35.215084 35.215084 40.743454 0.000000 0.000000 
0.000000 44.995365 44.995365 64.305870 66.381508 66.381508 35.215084 46.080601 19.154482 24.254946 14.515009 0.000000 0.000000 
44.995365 50.060307 66.381508 66.381508 66.381508 66.381508 66.381508 55.544899 14.515009 19.154482 35.215084 0.000000 0.000000 
6.703326 44.995365 66.381508 66.381508 66.381508 66.381508 66.381508 35.215084 29.662920 35.215084 24.254946 0.000000 0.000000 
44.995365 50.060307 66.381508 66.381508 66.381508 66.381508 35.215084 46.080601 46.080601 35.215084 35.215084 0.000000 0.000000 
44.995365 66.381508 61.886707 58.636410 66.381508 66.381508 24.254946 40.743454 40.743454 10.474946 0.000000 0.000000 0.000000 
44.995365 66.381508 66.381508 66.381508 66.381508 66.381508 46.080601 19.154482 40.743454 40.743454 0.000000 0.000000 0.000000 
4.364514 66.381508 66.381508 66.381508 66.381508 66.381508 46.080601 24.254946 24.254946 24.254946 0.000000 0.000000 0.000000 
61.886707 66.381508 61.886707 66.381508 66.381508 66.381508 55.544899 35.215084 40.743454 46.080601 0.000000 0.000000 0.000000 
66.381508 66.381508 66.381508 66.381508 66.381508 35.215084 40.743454 35.215084 40.743454 0.000000 0.000000 0.000000 0.000000 
65.820244 66.381508 66.381508 66.381508 29.662920 35.215084 66.381508 35.215084 35.215084 0.000000 0.000000 0.000000 0.000000 
61.886707 66.381508 66.381508 66.381508 64.703056 29.662920 40.743454 35.215084 0.000000 0.000000 0.000000 0.000000 0.000000 
61.886707 66.381508 66.381508 66.381508 66.381508 46.080601 14.515009 19.154482 0.000000 0.000000 0.000000 0.000000 0.000000 
66.215874 66.381508 66.381508 51.064781 66.381508 46.080601 40.743454 19.154482 0.000000 0.000000 0.000000 0.000000 0.000000 
66.215874 66.381508 66.381508 66.381508 66.019608 59.385120 40.743454 0.000000 0.000000 0.000000 0.000000 0.000000 0.000000 
66.381508 66.381508 66.381508 59.385120 51.064781 40.743454 40.743454 0.000000 0.000000 0.000000 0.000000 0.000000 0.000000 
66.381508 66.381508 66.381508 66.019608 35.215084 40.743454 0.000000 0.000000 0.000000 0.000000 0.000000 0.000000 0.000000 
66.381508 66.381508 66.381508 66.381508 29.662920 40.743454 0.000000 0.000000 0.000000 0.000000 0.000000 0.000000 0.000000 
66.381508 66.381508 66.381508 66.381508 35.215084 0.000000 0.000000 0.000000 0.000000 0.000000 0.000000 0.000000 0.000000 
0.000000 66.381508 66.381508 64.703056 0.000000 0.000000 0.000000 0.000000 0.000000 0.000000 0.000000 0.000000 0.000000 
