test/output/constant/M3100_S060_A090_WD315.0_WS005.0/M3100_S060_A090_WD315.0_WS005.0_ros.asc
ncols         12
nrows         62
xllcorner     426303.990666
yllcorner     12742655.311160
cellsize      100.000000
NODATA_value  0.000000
0.000000 0.000000 0.722755 0.000000 1.341975 0.000000 0.000000 0.000000 0.000000 0.000000 0.000000 0.000000 
0.000000 0.000000 45.110870 102.857536 70.598137 0.935755 0.000000 0.000000 0.000000 0.000000 0.000000 0.000000 
0.000000 0.722755 45.110870 102.857536 85.606720 1.879096 0.000000 0.000000 0.000000 0.000000 0.000000 0.000000 
0.000000 0.722755 62.651966 102.857536 96.603645 70.598137 0.935755 0.000000 0.000000 0.000000 0.000000 0.000000 
0.000000 1.900092 53.905457 102.857536 102.857536 70.598137 70.598137 0.000000 0.000000 0.000000 0.000000 0.000000 
0.000000 45.110870 36.535454 102.857536 100.159233 78.499695 70.598137 0.000000 0.000000 0.000000 0.000000 0.000000 
0.000000 45.110870 78.947319 102.857536 102.857536 78.499695 70.598137 62.142281 0.000000 0.000000 0.000000 0.000000 
0.919723 71.084656 45.110870 102.857536 102.857536 78.499695 70.598137 70.598137 0.000000 0.000000 0.000000 0.000000 
45.110870 62.651966 45.110870 102.857536 102.857536 78.499695 70.598137 70.598137 0.000000 0.000000 0.000000 0.000000 
45.110870 62.651966 78.947319 102.857536 102.857536 78.499695 78.499695 70.598137 0.000000 0.000000 0.000000 0.000000 
36.535454 62.651966 92.031670 102.857536 102.857536 100.159233 70.598137 70.598137 62.142281 0.000000 0.000000 0.000000 
62.651966 45.110870 86.001083 102.857536 102.857536 102.857536 91.703148 70.598137 62.142281 0.000000 0.000000 0.000000 
45.110870 53.905457 86.001083 78.947319 102.857536 91.703148 70.598137 70.598137 78.499695 0.000000 0.000000 0.000000 
45.110870 62.651966 86.001083 102.340126 102.857536 102.857536 70.598137 91.703148 70.598137 0.000000 0.000000 0.000000 
62.651966 62.651966 86.001083 92.031670 102.857536 102.857536 91.703148 70.598137 78.499695 70.598137 0.000000 0.000000 
53.905457 45.110870 92.031670 102.857536 102.857536 102.857536 70.598137 78.499695 70.598137 70.598137 0.000000 0.000000 
71.084656 78.947319 92.031670 102.737839 102.857536 102.857536 78.499695 96.603645 85.606720 70.598137 0.000000 0.000000 
71.084656 45.110870 92.031670 100.327171 102.857536 102.261787 102.261787 70.598137 78.499695 70.598137 0.000000 0.000000 
45.110870 45.110870 92.031670 100.327171 102.857536 102.857536 78.499695 85.606720 96.603645 70.598137 0.000000 0.000000 
62.651966 62.651966 96.855873 96.855873 102.857536 91.703148 102.857536 78.499695 96.603645 70.598137 0.000000 0.000000 
36.535454 53.905457 96.855873 96.855873 102.857536 102.857536 102.857536 91.703148 96.603645 70.598137 70.598137 0.000000 
62.651966 53.905457 96.855873 96.855873 102.857536 102.857536 100.159233 70.598137 102.857536 96.603645 70.598137 0.000000 
53.905457 86.001083 96.855873 96.855873 102.857536 102.857536 102.857536 91.703148 70.598137 70.598137 0.935755 0.000000 
78.947319 78.947319 102.857536 96.855873 102.340126 102.857536 102.857536 91.703148 70.598137 85.606720 70.598137 0.000000 
71.084656 28.439840 96.855873 100.327171 102.857536 102.857536 102.857536 96.603645 96.603645 78.499695 91.703148 0.000000 
62.651966 78.947319 96.855873 102.340126 102.857536 102.857536 102.857536 102.857536 70.598137 78.499695 78.499695 0.000000 
71.084656 96.855873 96.855873 102.857536 102.857536 102.857536 102.857536 102.857536 96.603645 70.598137 91.703148 0.000000 
53.905457 53.905457 96.855873 102.857536 102.857536 102.857536 100.159233 102.857536 78.499695 70.598137 70.598137 0.000000 
62.651966 71.084656 96.855873 102.857536 102.857536 102.857536 102.857536 100.159233 91.703148 70.598137 85.606720 78.499695 
62.651966 62.651966 96.855873 45.110870 102.857536 102.857536 102.857536 102.857536 85.606720 91.703148 70.598137 91.703148 
96.855873 78.947319 102.340126 53.905457 62.651966 102.857536 102.857536 102.857536 78.499695 70.598137 70.598137 70.598137 
62.651966 86.001083 102.857536 71.084656 78.947319 102.857536 102.857536 102.857536 91.703148 78.499695 70.598137 85.606720 
78.947319 86.001083 36.535454 71.084656 102.857536 102.857536 102.857536 102.261787 102.857536 70.598137 70.598137 70.598137 
71.084656 86.001083 45.110870 78.947319 102.857536 102.857536 102.857536 102.857536 102.857536 70.598137 70.598137 70.598137 
71.084656 96.855873 53.905457 78.947319 102.857536 102.857536 102.857536 102.857536 102.857536 100.159233 78.499695 91.703148 
53.905457 102.857536 53.905457 78.947319 102.857536 102.857536 102.857536 102.857536 102.857536 100.159233 96.603645 70.598137 
86.001083 96.855873 71.084656 86.001083 78.947319 102.857536 102.857536 85.606720 102.857536 102.857536 78.499695 70.598137 
92.031670 102.857536 71.084656 86.001083 78.947319 102.857536 102.857536 102.857536 100.159233 102.857536 78.499695 70.598137 
0.000000 96.855873 71.084656 86.001083 78.947319 102.857536 102.857536 102.857536 102.857536 85.606720 78.499695 70.598137 
0.000000 96.855873 78.947319 86.001083 96.855873 102.857536 102.857536 102.857536 100.159233 102.857536 96.603645 78.499695 
0.000000 36.535454 78.947319 92.031670 86.001083 102.857536 102.857536 91.703148 102.857536 102.857536 91.703148 70.598137 
0.000000 36.535454 78.947319 86.001083 92.031670 102.857536 102.857536 102.857536 102.857536 102.857536 78.499695 85.606720 
0.000000 53.905457 86.001083 86.001083 92.031670 102.857536 102.857536 102.857536 85.606720 102.857536 102.857536 70.598137 
0.000000 53.905457 86.001083 92.031670 102.857536 102.857536 102.857536 78.499695 102.857536 96.603645 102.857536 91.703148 
0.000000 102.857536 86.001083 92.031670 102.857536 71.084656 102.857536 100.159233 102.857536 102.857536 102.857536 70.598137 
0.000000 0.000000 86.001083 92.031670 102.857536 102.857536 102.857536 102.857536 102.857536 102.857536 91.703148 78.499695 
0.000000 0.000000 86.001083 92.031670 102.857536 102.857536 102.857536 102.857536 102.857536 102.261787 102.857536 78.499695 
0.000000 0.000000 86.001083 92.031670 102.857536 102.857536 102.857536 102.857536 102.857536 91.703148 102.261787 91.703148 
0.000000 0.000000 92.031670 92.031670 53.905457 62.651966 102.857536 102.857536 102.261787 91.703148 96.603645 96.603645 
0.000000 0.000000 86.001083 92.031670 53.905457 62.651966 102.857536 102.857536 102.857536 102.857536 102.857536 96.603645 
0.000000 0.000000 0.000000 96.855873 62.651966 102.857536 102.857536 102.261787 102.857536 102.857536 85.606720 102.857536 
0.000000 0.000000 0.000000 96.855873 78.947319 102.857536 102.857536 78.499695 102.857536 85.606720 102.857536 102.857536 
0.000000 0.000000 0.000000 96.855873 78.947319 102.857536 71.084656 102.857536 102.857536 102.857536 102.261787 91.703148 
0.000000 0.000000 0.000000 96.855873 78.947319 71.084656 102.857536 102.857536 102.857536 102.857536 102.698555 102.857536 
0.000000 0.000000 0.000000 92.031670 86.001083 100.327171 102.857536 102.857536 102.857536 102.857536 91.703148 91.703148 
0.000000 0.000000 0.000000 0.000000 86.001083 102.857536 62.651966 102.857536 102.261787 102.857536 102.857536 100.159233 
0.000000 0.000000 0.000000 0.000000 86.001083 102.857536 102.857536 102.857536 91.703148 102.857536 102.857536 0.000000 
0.000000 0.000000 0.000000 0.000000 0.000000 102.857536 102.857536 102.857536 102.857536 102.698555 102.857536 0.000000 
0.000000 0.000000 0.000000 0.000000 0.000000 102.857536 102.857536 102.857536 102.857536 102.857536 96.603645 0.000000 
0.000000 0.000000 0.000000 0.000000 0.000000 102.857536 102.857536 102.857536 96.603645 102.857536 102.857536 0.000000 
0.000000 0.000000 0.000000 0.000000 0.000000 0.000000 102.857536 102.857536 102.857536 102.857536 0.000000 0.000000 
0.000000 0.000000 0.000000 0.000000 0.000000 0.000000 102.857536 102.857536 102.857536 102.698555 0.000000 0.000000 
