test/output/constant/M3M480_S000_A180_WD090.0_WS030.0/M3M480_S000_A180_WD090.0_WS030.0_arrival.asc
ncols         34
nrows         9
xllcorner     423403.990666
yllcorner     12748355.311160
cellsize      100.000000
NODATA_value  0.000000
0.000000 0.000000 0.000000 0.000000 0.000000 0.000000 0.000000 166.041667 166.040821 166.039787 166.039271 166.038237 166.037204 166.036687 166.036170 166.035654 166.035654 166.035137 166.035137 166.035654 166.035654 166.036170 166.036687 166.037720 166.039787 166.041337 0.000000 0.000000 0.000000 0.000000 0.000000 0.000000 0.000000 0.000000 
0.000000 0.000000 0.000000 166.041337 166.040304 166.039271 166.038237 166.036687 166.035654 166.034620 166.034103 166.033070 166.032037 166.031003 166.029970 166.028936 166.027903 166.027386 166.026353 166.025836 166.025319 166.025319 166.025319 166.025319 166.025836 166.026353 166.027903 166.029453 166.033587 166.037204 0.000000 0.000000 0.000000 0.000000 
0.000000 166.041337 166.040304 166.038754 166.037720 166.036687 166.035137 166.034103 166.032553 166.031520 166.030486 166.028936 166.027903 166.026869 166.025319 166.024286 166.023252 166.022219 166.021185 166.020152 166.019119 166.018085 166.017052 166.016535 166.015502 166.015502 166.015502 166.015502 166.016018 166.017568 166.021185 166.026869 166.037204 0.000000 
166.041337 166.039787 166.038754 166.037204 166.036170 166.034620 166.033587 166.032037 166.031003 166.029453 166.028420 166.026869 166.025836 166.024286 166.023252 166.022219 166.020669 166.019635 166.018085 166.017052 166.016018 166.014468 166.013435 166.011885 166.010851 166.009301 166.008267 166.007234 166.006201 166.005167 166.005167 166.005684 166.009818 166.032037 
166.040821 166.039787 166.038237 166.037204 166.035654 166.034620 166.033070 166.032037 166.030486 166.029453 166.027903 166.026869 166.025319 166.024286 166.022736 166.021702 166.020152 166.019119 166.017568 166.016535 166.014985 166.013951 166.012401 166.011368 166.009818 166.008784 166.007234 166.006201 166.004650 166.003617 166.002067 166.001033 166.000000 166.023252 
166.041337 166.039787 166.038754 166.037204 166.036170 166.034620 166.033587 166.032037 166.031003 166.029453 166.028420 166.026869 166.025836 166.024286 166.023252 166.022219 166.020669 166.019635 166.018085 166.017052 166.016018 166.014468 166.013435 166.011885 166.010851 166.009301 166.008267 166.007234 166.006201 166.005167 166.005167 166.005684 166.009818 166.032037 
0.000000 166.041337 166.040304 166.038754 166.037720 166.036687 166.035137 166.034103 166.032553 166.031520 166.030486 166.028936 166.027903 166.026869 166.025319 166.024286 166.023252 166.022219 166.021185 166.020152 166.019119 166.018085 166.017052 166.016535 166.015502 166.015502 166.015502 166.015502 166.016018 166.017568 166.021185 166.026869 166.037204 0.000000 
0.000000 0.000000 0.000000 166.041337 166.040304 166.039271 166.038237 166.036687 166.035654 166.034620 166.034103 166.033070 166.032037 166.031003 166.029970 166.028936 166.027903 166.027386 166.026353 166.025836 166.025319 166.025319 166.025319 166.025319 166.025836 166.026353 166.027903 166.029453 166.033587 166.037204 0.000000 0.000000 0.000000 0.000000 
0.000000 0.000000 0.000000 0.000000 0.000000 0.000000 0.000000 166.041667 166.040821 166.039787 166.039271 166.038237 166.037204 166.036687 166.036170 166.035654 166.035654 166.035137 166.035137 166.035654 166.035654 166.036170 166.036687 166.037720 166.039787 166.041337 0.000000 0.000000 0.000000 0.000000 0.000000 0.000000 0.000000 0.000000 
