test/output/constant/M3M460_S060_A090_WD135.0_WS015.0/M3M460_S060_A090_WD135.0_WS015.0_ros.asc
ncols         11
nrows         22
xllcorner     425703.990666
yllcorner     12746755.311160
cellsize      100.000000
NODATA_value  0.000000
0.000000 0.000000 0.000000 0.000000 0.000000 0.000000 0.000000 0.000000 1.546957 1.387952 1.256827 
0.000000 0.000000 0.000000 0.000000 0.000000 0.000000 0.000000 1.775496 2.091199 0.000000 1.256827 
0.000000 0.000000 0.000000 0.000000 0.000000 0.000000 1.546957 3.570672 35.377235 35.377235 7.511368 
0.000000 0.000000 0.000000 0.000000 0.000000 2.091199 1.775496 3.570672 35.377235 12.364552 7.511368 
0.000000 0.000000 0.000000 0.000000 0.000000 1.387952 25.214849 35.377235 35.377235 15.112745 12.364552 
0.000000 0.000000 0.000000 0.000000 2.578441 25.214849 31.978437 35.377235 34.058292 15.112745 12.364552 
0.000000 0.000000 0.000000 0.000000 3.570672 25.214849 35.377235 35.377235 9.806041 9.806041 3.958632 
0.000000 0.000000 0.000000 1.387952 22.478008 27.760674 35.377235 32.701458 12.364552 12.364552 0.000000 
0.000000 0.000000 0.000000 4.963121 1.546957 35.377235 35.377235 23.668444 23.668444 7.511368 0.000000 
0.000000 0.000000 25.214849 25.214849 34.622757 35.377235 35.377235 30.925125 15.112745 7.511368 0.000000 
0.000000 0.000000 22.478008 31.978437 35.377235 35.377235 26.339457 17.969656 7.511368 9.806041 0.000000 
0.000000 3.570672 3.570672 27.760674 35.377235 35.377235 28.782909 17.969656 7.511368 0.000000 0.000000 
0.000000 2.578441 30.038254 35.377235 35.377235 34.954689 23.668444 9.806041 12.364552 0.000000 0.000000 
0.000000 22.478008 33.522263 35.377235 35.377235 26.339457 28.782909 12.364552 9.806041 0.000000 0.000000 
0.000000 35.377235 35.377235 35.377235 35.377235 28.782909 7.511368 5.545080 0.000000 0.000000 0.000000 
31.978437 35.377235 35.377235 35.377235 35.377235 15.112745 7.511368 7.511368 0.000000 0.000000 0.000000 
35.377235 35.377235 35.377235 35.377235 35.377235 12.364552 15.112745 0.000000 0.000000 0.000000 0.000000 
31.978437 35.377235 35.377235 12.364552 7.511368 20.850290 0.000000 0.000000 0.000000 0.000000 0.000000 
35.377235 35.377235 35.377235 26.339457 23.668444 12.364552 0.000000 0.000000 0.000000 0.000000 0.000000 
35.377235 35.377235 35.377235 9.806041 34.058292 0.000000 0.000000 0.000000 0.000000 0.000000 0.000000 
35.377235 35.377235 35.377235 26.339457 0.000000 0.000000 0.000000 0.000000 0.000000 0.000000 0.000000 
0.000000 35.377235 35.377235 0.000000 0.000000 0.000000 0.000000 0.000000 0.000000 0.000000 0.000000 
