test/output/constant/M3M495_S060_A090_WD135.0_WS005.0/M3M495_S060_A090_WD135.0_WS005.0_raz.asc
ncols         12
nrows         49
xllcorner     425803.990666
yllcorner     12744055.311160
cellsize      100.000000
NODATA_value  0.000000
0 0 0 0 0 0 0 0 5 0 0 0 
0 0 0 0 0 0 297 297 254 73 0 0 
0 0 0 0 0 0 275 192 185 168 73 0 
0 0 0 0 0 263 297 186 185 171 73 0 
0 0 0 0 0 252 194 185 185 168 73 0 
0 0 0 0 0 297 194 192 185 171 173 0 
0 0 0 0 275 235 223 185 178 171 175 0 
0 0 0 0 194 194 190 185 181 178 168 173 
0 0 0 0 194 192 185 185 179 178 173 171 
0 0 0 192 194 194 188 185 179 179 168 171 
0 0 0 194 235 252 185 185 178 178 173 168 
0 0 0 195 235 185 185 185 185 168 168 173 
0 0 0 235 194 185 191 185 179 179 173 171 
0 0 192 194 194 188 185 185 179 179 171 171 
0 0 192 263 223 185 185 185 179 168 173 171 
0 0 194 194 185 185 185 185 179 171 168 173 
0 0 192 252 186 190 185 178 178 173 178 168 
0 0 252 192 191 185 185 178 178 168 173 168 
0 0 192 192 185 187 185 181 178 171 175 173 
0 235 192 186 185 185 185 178 179 173 173 175 
0 235 192 190 187 185 185 185 179 165 173 173 
0 235 223 185 185 185 185 175 179 165 173 171 
0 194 190 186 186 185 185 175 179 168 178 168 
0 235 190 185 185 185 181 173 173 171 171 168 
0 194 185 190 185 186 185 185 171 171 171 171 
0 192 185 186 185 185 175 179 171 173 177 175 
0 185 187 192 187 185 185 181 177 175 178 173 
223 185 185 188 190 185 179 179 177 171 179 168 
194 185 190 185 190 185 185 178 177 171 178 0 
194 186 186 186 191 185 178 178 178 173 178 0 
185 188 185 185 185 185 178 179 178 173 179 0 
185 185 185 188 185 185 185 179 178 175 179 0 
186 190 187 185 185 185 185 178 178 175 179 0 
188 186 185 190 186 185 184 171 179 177 179 0 
185 185 185 190 185 185 178 171 179 177 178 0 
185 190 185 185 185 185 179 173 179 177 0 0 
190 190 185 185 185 185 178 177 179 178 0 0 
187 187 185 185 185 179 178 178 178 178 0 0 
185 185 185 185 185 179 178 179 178 178 0 0 
191 191 185 185 185 185 179 179 178 0 0 0 
0 188 185 185 185 185 177 181 178 0 0 0 
0 185 185 185 185 181 177 179 179 0 0 0 
0 185 185 185 178 178 179 179 179 0 0 0 
0 185 185 185 185 178 179 179 0 0 0 0 
0 188 185 185 185 173 179 179 0 0 0 0 
0 185 185 185 183 185 173 0 0 0 0 0 
0 0 185 185 181 178 173 0 0 0 0 0 
0 0 185 185 185 179 0 0 0 0 0 0 
0 0 0 185 182 0 0 0 0 0 0 0 
