test/output/constant/M3M485_S060_A000_WD315.0_WS045.0/M3M485_S060_A000_WD315.0_WS045.0_ros.asc
ncols         12
nrows         33
xllcorner     425703.990666
yllcorner     12745655.311160
cellsize      100.000000
NODATA_value  0.000000
0.000000 0.000000 0.000000 0.000000 0.000000 0.000000 0.000000 0.000000 1.672781 2.190608 1.749661 0.000000 
0.000000 0.000000 0.000000 0.000000 0.000000 0.000000 0.000000 2.599724 1.672781 0.000000 1.749661 0.000000 
0.000000 0.000000 0.000000 0.000000 0.000000 0.000000 2.190608 2.190608 45.183128 53.928192 11.907125 0.000000 
0.000000 0.000000 0.000000 0.000000 0.000000 0.000000 2.599724 3.128700 53.928192 53.928192 19.534113 15.527153 
0.000000 0.000000 0.000000 0.000000 0.000000 2.599724 4.573895 1.672781 53.928192 40.977707 28.224045 15.527153 
0.000000 0.000000 0.000000 0.000000 0.000000 1.181996 4.573895 53.928192 53.928192 11.907125 19.534113 15.527153 
0.000000 0.000000 0.000000 0.000000 0.000000 2.190608 3.128700 53.928192 53.928192 32.645626 28.224045 15.527153 
0.000000 0.000000 0.000000 0.000000 3.128700 2.190608 3.128700 52.543499 53.928192 15.527153 15.527153 11.907125 
0.000000 0.000000 0.000000 0.000000 45.183128 3.128700 53.928192 53.928192 28.224045 32.645626 28.224045 19.534113 
0.000000 0.000000 0.000000 0.000000 3.128700 1.672781 53.928192 53.928192 44.635777 28.224045 32.645626 0.000000 
0.000000 0.000000 0.000000 2.599724 4.573895 41.597946 53.928192 53.928192 36.940201 28.224045 32.645626 0.000000 
0.000000 0.000000 0.000000 4.573895 41.597946 53.928192 53.928192 53.928192 32.645626 32.645626 32.645626 0.000000 
0.000000 0.000000 0.000000 45.183128 45.183128 53.616596 53.928192 53.804314 44.635777 15.527153 28.224045 0.000000 
0.000000 0.000000 1.672781 45.183128 41.597946 53.928192 53.928192 44.635777 32.645626 15.527153 28.224045 0.000000 
0.000000 0.000000 3.128700 45.183128 53.928192 53.928192 53.928192 47.803471 23.809158 11.907125 32.645626 0.000000 
0.000000 0.000000 45.183128 45.183128 52.543499 53.928192 53.928192 50.384708 28.224045 15.527153 32.645626 0.000000 
0.000000 0.000000 45.183128 53.865463 53.928192 53.928192 52.301174 28.224045 19.534113 28.224045 15.527153 0.000000 
0.000000 45.183128 45.183128 53.928192 53.928192 53.928192 53.928192 44.635777 28.224045 28.224045 0.000000 0.000000 
0.000000 45.183128 48.261734 52.543499 53.865463 53.928192 53.928192 47.803471 32.645626 32.645626 0.000000 0.000000 
0.000000 3.128700 53.865463 53.928192 48.261734 53.928192 47.803471 40.977707 19.534113 32.645626 0.000000 0.000000 
0.000000 45.183128 53.928192 50.740284 53.928192 53.928192 53.928192 40.977707 28.224045 32.645626 0.000000 0.000000 
0.000000 4.573895 52.543499 53.928192 53.928192 52.301174 47.803471 15.527153 32.645626 28.224045 0.000000 0.000000 
0.000000 53.616596 53.928192 53.928192 53.928192 50.384708 53.928192 28.224045 32.645626 0.000000 0.000000 0.000000 
0.000000 53.928192 53.928192 53.928192 53.928192 53.928192 28.224045 19.534113 19.534113 0.000000 0.000000 0.000000 
0.000000 52.543499 53.928192 53.928192 53.928192 47.803471 32.645626 32.645626 28.224045 0.000000 0.000000 0.000000 
0.000000 53.928192 53.928192 53.928192 28.224045 53.928192 8.778499 11.907125 0.000000 0.000000 0.000000 0.000000 
50.740284 53.928192 53.928192 53.928192 53.928192 52.301174 32.645626 32.645626 0.000000 0.000000 0.000000 0.000000 
0.000000 48.261734 52.543499 53.928192 53.928192 28.224045 32.645626 32.645626 0.000000 0.000000 0.000000 0.000000 
0.000000 53.865463 53.928192 53.928192 53.928192 28.224045 28.224045 0.000000 0.000000 0.000000 0.000000 0.000000 
0.000000 53.928192 53.928192 53.928192 52.301174 23.809158 28.224045 0.000000 0.000000 0.000000 0.000000 0.000000 
0.000000 53.928192 53.928192 40.977707 53.928192 47.803471 0.000000 0.000000 0.000000 0.000000 0.000000 0.000000 
0.000000 53.928192 53.928192 50.384708 40.977707 32.645626 0.000000 0.000000 0.000000 0.000000 0.000000 0.000000 
0.000000 53.928192 53.928192 53.928192 32.645626 0.000000 0.000000 0.000000 0.000000 0.000000 0.000000 0.000000 
