test/output/constant/M3M485_S060_A000_WD315.0_WS045.0/M3M485_S060_A000_WD315.0_WS045.0_arrival.asc
ncols         12
nrows         33
xllcorner     425703.990666
yllcorner     12745655.311160
cellsize      100.000000
NODATA_value  0.000000
0.000000 0.000000 0.000000 0.000000 0.000000 0.000000 0.000000 0.000000 166.037319 166.030655 166.039985 0.000000 
0.000000 0.000000 0.000000 0.000000 0.000000 0.000000 0.000000 166.029767 166.006664 166.000000 166.015550 0.000000 
0.000000 0.000000 0.000000 0.000000 0.000000 0.000000 166.039985 166.018215 166.002666 166.000889 166.014217 0.000000 
0.000000 0.000000 0.000000 0.000000 0.000000 0.000000 166.029322 166.011107 166.002666 166.002221 166.014661 166.041318 
0.000000 0.000000 0.000000 0.000000 0.000000 166.040429 166.021770 166.008441 166.003554 166.003554 166.015105 166.039985 
0.000000 0.000000 0.000000 0.000000 0.000000 166.032877 166.016883 166.007553 166.004887 166.005331 166.016883 166.039985 
0.000000 0.000000 0.000000 0.000000 0.000000 166.027101 166.014217 166.007553 166.006220 166.007108 166.018660 166.040429 
0.000000 0.000000 0.000000 0.000000 166.037319 166.023102 166.012884 166.007997 166.007553 166.009330 166.020881 166.040874 
0.000000 0.000000 0.000000 0.000000 166.032432 166.019993 166.012440 166.008886 166.008886 166.011107 166.022658 166.041667 
0.000000 0.000000 0.000000 0.000000 166.028878 166.018660 166.012440 166.010218 166.010218 166.013328 166.024880 0.000000 
0.000000 0.000000 0.000000 166.038208 166.025768 166.017327 166.012884 166.011551 166.011551 166.015550 166.027101 0.000000 
0.000000 0.000000 0.000000 166.034654 166.023991 166.017327 166.013328 166.012884 166.013328 166.017771 166.029322 0.000000 
0.000000 0.000000 0.000000 166.031544 166.023102 166.017327 166.014217 166.014217 166.015105 166.019993 166.031544 0.000000 
0.000000 0.000000 166.040874 166.029767 166.022214 166.017771 166.015550 166.015550 166.016883 166.022214 166.033765 0.000000 
0.000000 0.000000 166.037764 166.028434 166.022214 166.018215 166.016883 166.016883 166.019104 166.024435 166.035987 0.000000 
0.000000 0.000000 166.035542 166.027545 166.022214 166.018660 166.018215 166.018215 166.020881 166.026657 166.038208 0.000000 
0.000000 0.000000 166.034209 166.027101 166.022658 166.019548 166.019548 166.019993 166.023102 166.028878 166.040874 0.000000 
0.000000 166.041318 166.033321 166.027101 166.023102 166.020881 166.020881 166.021325 166.024880 166.031099 0.000000 0.000000 
0.000000 166.039985 166.032432 166.027101 166.023547 166.022214 166.022214 166.023102 166.027101 166.033321 0.000000 0.000000 
0.000000 166.039097 166.031988 166.027545 166.023991 166.023547 166.023547 166.024880 166.029322 166.035542 0.000000 0.000000 
0.000000 166.037764 166.031988 166.027545 166.025324 166.024880 166.024880 166.026657 166.031544 166.037764 0.000000 0.000000 
0.000000 166.037319 166.031988 166.028434 166.026212 166.026212 166.026212 166.028878 166.033321 166.039985 0.000000 0.000000 
0.000000 166.036875 166.032432 166.028878 166.027545 166.027545 166.027990 166.030655 166.035542 0.000000 0.000000 0.000000 
0.000000 166.036875 166.032877 166.029767 166.028878 166.028878 166.029767 166.032877 166.037764 0.000000 0.000000 0.000000 
0.000000 166.036875 166.033321 166.030655 166.030211 166.030211 166.031544 166.034654 166.039985 0.000000 0.000000 0.000000 
0.000000 166.037319 166.033765 166.031544 166.031544 166.031544 166.033321 166.036875 0.000000 0.000000 0.000000 0.000000 
166.041667 166.037764 166.034654 166.032877 166.032877 166.032877 166.035098 166.038652 0.000000 0.000000 0.000000 0.000000 
0.000000 166.037764 166.035098 166.034209 166.034209 166.034654 166.036875 166.040874 0.000000 0.000000 0.000000 0.000000 
0.000000 166.038208 166.035987 166.035542 166.035542 166.036431 166.038652 0.000000 0.000000 0.000000 0.000000 0.000000 
0.000000 166.039097 166.036875 166.036875 166.036875 166.038208 166.040429 0.000000 0.000000 0.000000 0.000000 0.000000 
0.000000 166.039541 166.038208 166.038208 166.038208 166.039541 0.000000 0.000000 0.000000 0.000000 0.000000 0.000000 
0.000000 166.040429 166.039541 166.039541 166.039541 166.041318 0.000000 0.000000 0.000000 0.000000 0.000000 0.000000 
0.000000 166.041318 166.040874 166.040874 166.041318 0.000000 0.000000 0.000000 0.000000 0.000000 0.000000 0.000000 
