test/output/constant/M370_S060_A090_WD045.0_WS005.0/M370_S060_A090_WD045.0_WS005.0_arrival.asc
ncols         9
nrows         44
xllcorner     426003.990666
yllcorner     12744455.311160
cellsize      100.000000
NODATA_value  0.000000
0.000000 0.000000 0.000000 0.000000 0.000000 166.013892 166.000000 166.020839 0.000000 
0.000000 0.000000 0.000000 0.000000 166.037432 166.004631 166.000772 166.011191 0.000000 
0.000000 0.000000 0.000000 0.000000 166.023540 166.003473 166.001544 166.009262 0.000000 
0.000000 0.000000 0.000000 0.000000 166.015822 166.003473 166.002701 166.009262 166.034731 
0.000000 0.000000 0.000000 166.034345 166.012349 166.003859 166.003473 166.009262 166.030486 
0.000000 0.000000 0.000000 166.027785 166.010805 166.004631 166.004631 166.010033 166.028557 
0.000000 0.000000 0.000000 166.023540 166.010033 166.005403 166.005403 166.010419 166.027013 
0.000000 0.000000 166.038976 166.020453 166.010033 166.006560 166.006560 166.011191 166.026627 
0.000000 0.000000 166.034731 166.018909 166.010419 166.007332 166.007718 166.011963 166.026241 
0.000000 0.000000 166.031258 166.017751 166.010419 166.008490 166.008490 166.013121 166.026241 
0.000000 0.000000 166.028942 166.016980 166.010805 166.009262 166.009647 166.014278 166.026627 
0.000000 0.000000 166.027013 166.016594 166.011577 166.010419 166.010805 166.015436 166.026627 
0.000000 166.039362 166.025469 166.016980 166.011963 166.011191 166.011963 166.016594 166.027399 
0.000000 166.036660 166.024312 166.016980 166.013121 166.012349 166.013121 166.017751 166.027785 
0.000000 166.034731 166.023540 166.016980 166.013892 166.013506 166.014278 166.018909 166.028557 
0.000000 166.033187 166.023154 166.017365 166.014278 166.014278 166.015050 166.020067 166.028942 
0.000000 166.032030 166.023540 166.017751 166.015436 166.015436 166.016208 166.021224 166.029714 
0.000000 166.031258 166.023540 166.018137 166.016208 166.016208 166.017365 166.022382 166.030486 
166.041291 166.030486 166.023540 166.018909 166.017365 166.017365 166.018523 166.023540 166.031258 
166.039748 166.030100 166.023926 166.019681 166.018137 166.018137 166.019681 166.024698 166.032030 
166.038976 166.030100 166.023926 166.020453 166.019295 166.019295 166.020839 166.025855 166.032801 
166.037818 166.030100 166.024312 166.021224 166.020067 166.020067 166.021996 166.027013 166.033959 
166.037046 166.030100 166.024698 166.021996 166.021224 166.021224 166.023154 166.028171 166.034731 
166.036660 166.030100 166.025083 166.022768 166.021996 166.022382 166.024312 166.029328 166.035503 
166.036660 166.030486 166.025855 166.023540 166.023154 166.023154 166.025469 166.030100 166.036660 
166.036660 166.030486 166.026627 166.024312 166.023926 166.024312 166.026627 166.031258 166.037432 
166.036660 166.030872 166.027013 166.025083 166.025083 166.025469 166.027785 166.032416 166.038590 
166.036660 166.031258 166.027785 166.025855 166.025855 166.026627 166.028942 166.033573 166.039748 
166.037046 166.031644 166.028557 166.027013 166.027013 166.027399 166.030100 166.034731 166.040905 
166.037046 166.032030 166.029328 166.028171 166.027785 166.028557 166.031258 166.035889 0.000000 
166.037432 166.032801 166.030100 166.028942 166.028942 166.029714 166.032416 166.037046 0.000000 
166.037432 166.033187 166.030872 166.029714 166.029714 166.030872 166.033573 166.038204 0.000000 
166.037818 166.033959 166.031644 166.030872 166.030872 166.032030 166.034731 166.039362 0.000000 
166.038204 166.034731 166.032416 166.031644 166.032030 166.033187 166.035889 166.040519 0.000000 
166.038590 166.035117 166.033187 166.032801 166.032801 166.034345 166.037046 166.041667 0.000000 
166.038976 166.035889 166.033959 166.033573 166.033959 166.035503 166.038204 0.000000 0.000000 
166.039748 166.036660 166.034731 166.034731 166.034731 166.036660 166.039362 0.000000 0.000000 
166.040133 166.037432 166.035889 166.035503 166.035889 166.037432 166.040519 0.000000 0.000000 
166.040905 166.038204 166.036660 166.036660 166.037046 166.038590 166.041667 0.000000 0.000000 
166.041667 166.038976 166.037818 166.037432 166.038204 166.039748 0.000000 0.000000 0.000000 
0.000000 166.039748 166.038590 166.038590 166.038976 166.040905 0.000000 0.000000 0.000000 
0.000000 166.040519 166.039748 166.039748 166.040133 0.000000 0.000000 0.000000 0.000000 
0.000000 166.041291 166.040519 166.040519 166.041291 0.000000 0.000000 0.000000 0.000000 
0.000000 0.000000 166.041667 166.041667 0.000000 0.000000 0.000000 0.000000 0.000000 
