test/output/constant/M370_S060_A180_WD135.0_WS040.0/M370_S060_A180_WD135.0_WS040.0_arrival.asc
ncols         11
nrows         27
xllcorner     426503.990666
yllcorner     12748655.311160
cellsize      100.000000
NODATA_value  0.000000
0.000000 0.000000 0.000000 0.000000 0.000000 0.000000 0.000000 0.000000 166.041667 166.041667 0.000000 
0.000000 0.000000 0.000000 0.000000 0.000000 0.000000 0.000000 166.040573 166.040017 166.040017 166.041129 
0.000000 0.000000 0.000000 0.000000 0.000000 0.000000 166.040573 166.038350 166.038350 166.038350 166.040017 
0.000000 0.000000 0.000000 0.000000 0.000000 166.041129 166.038350 166.036682 166.036682 166.037238 166.039461 
0.000000 0.000000 0.000000 0.000000 0.000000 166.038906 166.036127 166.035015 166.035015 166.036127 166.038906 
0.000000 0.000000 0.000000 0.000000 166.040573 166.036127 166.033348 166.033348 166.033348 166.035015 166.038906 
0.000000 0.000000 0.000000 0.000000 166.037794 166.033903 166.031680 166.031680 166.031680 166.035015 166.038906 
0.000000 0.000000 0.000000 166.040573 166.034459 166.031124 166.030013 166.029457 166.031124 166.034459 166.038906 
0.000000 0.000000 0.000000 166.037238 166.031680 166.028901 166.027790 166.028345 166.030569 166.034459 166.039461 
0.000000 0.000000 166.041667 166.033903 166.028901 166.026678 166.026122 166.026678 166.030013 166.034459 166.040017 
0.000000 0.000000 166.038350 166.031124 166.026678 166.025011 166.024455 166.026122 166.030013 166.034459 166.041667 
0.000000 0.000000 166.035015 166.027790 166.023899 166.022788 166.023343 166.025567 166.030013 166.035571 0.000000 
0.000000 166.041667 166.031124 166.025011 166.021676 166.021120 166.021676 166.025011 166.030013 166.037238 0.000000 
0.000000 166.037794 166.027790 166.021676 166.020009 166.019453 166.021120 166.025011 166.031124 166.039461 0.000000 
0.000000 166.033903 166.024455 166.019453 166.017785 166.017785 166.020564 166.025567 166.032792 0.000000 0.000000 
0.000000 166.030013 166.021120 166.016674 166.016118 166.016674 166.020564 166.026122 166.035015 0.000000 0.000000 
0.000000 166.026678 166.017785 166.014451 166.014451 166.016118 166.020564 166.028345 166.038906 0.000000 0.000000 
166.040573 166.022788 166.015006 166.012783 166.012783 166.016118 166.021676 166.031124 0.000000 0.000000 0.000000 
166.036682 166.018897 166.012227 166.011116 166.011672 166.016118 166.023899 166.035571 0.000000 0.000000 0.000000 
166.032792 166.015562 166.010004 166.009448 166.011672 166.017230 166.027790 166.041129 0.000000 0.000000 0.000000 
166.029457 166.011672 166.007781 166.007781 166.011672 166.020009 166.032792 0.000000 0.000000 0.000000 0.000000 
166.025567 166.008337 166.006114 166.007225 166.012783 166.024455 166.040017 0.000000 0.000000 0.000000 0.000000 
166.022232 166.005002 166.004446 166.007225 166.016118 166.031124 0.000000 0.000000 0.000000 0.000000 0.000000 
166.019453 166.002779 166.002779 166.008337 166.022232 166.041129 0.000000 0.000000 0.000000 0.000000 0.000000 
166.017785 166.001112 166.002779 166.013895 166.033348 0.000000 0.000000 0.000000 0.000000 0.000000 0.000000 
166.018341 166.000000 166.005002 166.026122 0.000000 0.000000 0.000000 0.000000 0.000000 0.000000 0.000000 
166.037238 166.028345 166.035015 0.000000 0.000000 0.000000 0.000000 0.000000 0.000000 0.000000 0.000000 
