test/output/constant/M385_S060_A270_WD180.0_WS030.0/M385_S060_A270_WD180.0_WS030.0_arrival.asc
ncols         9
nrows         60
xllcorner     426203.990666
yllcorner     12748755.311160
cellsize      100.000000
NODATA_value  0.000000
0.000000 0.000000 0.000000 0.000000 166.041667 0.000000 0.000000 0.000000 0.000000 
0.000000 0.000000 0.000000 166.041518 166.040949 166.041518 0.000000 0.000000 0.000000 
0.000000 0.000000 0.000000 166.040949 166.040380 166.040949 0.000000 0.000000 0.000000 
0.000000 0.000000 0.000000 166.040096 166.039527 166.040096 0.000000 0.000000 0.000000 
0.000000 0.000000 166.041518 166.039527 166.038958 166.039527 166.041518 0.000000 0.000000 
0.000000 0.000000 166.040665 166.038674 166.038105 166.038674 166.040665 0.000000 0.000000 
0.000000 0.000000 166.040096 166.038105 166.037537 166.038105 166.040096 0.000000 0.000000 
0.000000 0.000000 166.039243 166.037252 166.036683 166.037252 166.039243 0.000000 0.000000 
0.000000 166.041667 166.038674 166.036683 166.036115 166.036683 166.038674 166.041667 0.000000 
0.000000 166.041233 166.037821 166.035830 166.035262 166.035830 166.037821 166.041233 0.000000 
0.000000 166.040380 166.037252 166.035262 166.034693 166.035262 166.037252 166.040380 0.000000 
0.000000 166.039812 166.036399 166.034409 166.033840 166.034409 166.036399 166.039812 0.000000 
0.000000 166.039243 166.035830 166.033840 166.033271 166.033840 166.035830 166.039243 0.000000 
0.000000 166.038674 166.035262 166.033271 166.032418 166.033271 166.035262 166.038674 0.000000 
0.000000 166.038105 166.034693 166.032418 166.031849 166.032418 166.034693 166.038105 0.000000 
0.000000 166.037537 166.033840 166.031849 166.030996 166.031849 166.033840 166.037537 0.000000 
0.000000 166.036968 166.033271 166.030996 166.030427 166.030996 166.033271 166.036968 0.000000 
0.000000 166.036399 166.032702 166.030427 166.029574 166.030427 166.032702 166.036399 0.000000 
0.000000 166.035830 166.031849 166.029574 166.029006 166.029574 166.031849 166.035830 0.000000 
166.041518 166.035262 166.031280 166.029006 166.028152 166.029006 166.031280 166.035262 166.041518 
166.041233 166.034693 166.030427 166.028152 166.027584 166.028152 166.030427 166.034693 166.041233 
166.040665 166.034409 166.029859 166.027584 166.026731 166.027584 166.029859 166.034409 166.040665 
166.040380 166.033840 166.029290 166.026731 166.026162 166.026731 166.029290 166.033840 166.040380 
166.039812 166.033271 166.028437 166.026162 166.025309 166.026162 166.028437 166.033271 166.039812 
166.039527 166.032702 166.027868 166.025309 166.024740 166.025309 166.027868 166.032702 166.039527 
166.039527 166.032418 166.027299 166.024740 166.023887 166.024740 166.027299 166.032418 166.039527 
166.039527 166.031849 166.026446 166.023887 166.023318 166.023887 166.026446 166.031849 166.039527 
166.039527 166.031280 166.025877 166.023318 166.022465 166.023318 166.025877 166.031280 166.039527 
166.039527 166.030996 166.025309 166.022749 166.021896 166.022749 166.025309 166.030996 166.039527 
166.039527 166.030427 166.024740 166.021896 166.021043 166.021896 166.024740 166.030427 166.039527 
166.039812 166.029859 166.023887 166.021328 166.020475 166.021328 166.023887 166.029859 166.039812 
166.040096 166.029574 166.023318 166.020475 166.019621 166.020475 166.023318 166.029574 166.040096 
166.040380 166.029006 166.022749 166.019906 166.019053 166.019906 166.022749 166.029006 166.040380 
166.040665 166.028721 166.022181 166.019053 166.018200 166.019053 166.022181 166.028721 166.040665 
166.040949 166.028437 166.021612 166.018484 166.017631 166.018484 166.021612 166.028437 166.040949 
166.041518 166.028152 166.021043 166.017631 166.016778 166.017631 166.021043 166.028152 166.041518 
0.000000 166.028152 166.020759 166.017062 166.016209 166.017062 166.020759 166.028152 0.000000 
0.000000 166.028152 166.020190 166.016493 166.015356 166.016493 166.020190 166.028152 0.000000 
0.000000 166.028437 166.019621 166.015640 166.014787 166.015640 166.019621 166.028437 0.000000 
0.000000 166.028721 166.019337 166.015072 166.013934 166.015072 166.019337 166.028721 0.000000 
0.000000 166.029006 166.018768 166.014218 166.013365 166.014218 166.018768 166.029006 0.000000 
0.000000 166.029290 166.018200 166.013650 166.012512 166.013650 166.018200 166.029290 0.000000 
0.000000 166.029859 166.017915 166.012797 166.011943 166.012797 166.017915 166.029859 0.000000 
0.000000 166.030427 166.017346 166.012228 166.011090 166.012228 166.017346 166.030427 0.000000 
0.000000 166.031280 166.017062 166.011659 166.010522 166.011659 166.017062 166.031280 0.000000 
0.000000 166.032418 166.017062 166.010806 166.009669 166.010806 166.017062 166.032418 0.000000 
0.000000 166.033555 166.017062 166.010237 166.009100 166.010237 166.017062 166.033555 0.000000 
0.000000 166.035262 166.017346 166.009384 166.008247 166.009384 166.017346 166.035262 0.000000 
0.000000 166.037252 166.017631 166.008815 166.007678 166.008815 166.017631 166.037252 0.000000 
0.000000 166.039812 166.018200 166.008247 166.006825 166.008247 166.018200 166.039812 0.000000 
0.000000 0.000000 166.018768 166.007678 166.006256 166.007678 166.018768 0.000000 0.000000 
0.000000 0.000000 166.019906 166.007109 166.005403 166.007109 166.019906 0.000000 0.000000 
0.000000 0.000000 166.021612 166.006540 166.004834 166.006540 166.021612 0.000000 0.000000 
0.000000 0.000000 166.023603 166.005972 166.003981 166.005972 166.023603 0.000000 0.000000 
0.000000 0.000000 166.027584 166.005687 166.003412 166.005687 166.027584 0.000000 0.000000 
0.000000 0.000000 166.033555 166.005972 166.002559 166.005972 166.033555 0.000000 0.000000 
0.000000 0.000000 0.000000 166.006256 166.001991 166.006256 0.000000 0.000000 0.000000 
0.000000 0.000000 0.000000 166.007678 166.001137 166.007678 0.000000 0.000000 0.000000 
0.000000 0.000000 0.000000 166.012797 166.000569 166.012797 0.000000 0.000000 0.000000 
0.000000 0.000000 0.000000 166.038105 166.000000 166.038105 0.000000 0.000000 0.000000 
