test/output/constant/M360_S060_A270_WD180.0_WS040.0/M360_S060_A270_WD180.0_WS040.0_arrival.asc
ncols         7
nrows         46
xllcorner     426303.990666
yllcorner     12748755.311160
cellsize      100.000000
NODATA_value  0.000000
0.000000 0.000000 0.000000 166.041667 0.000000 0.000000 0.000000 
0.000000 0.000000 0.000000 166.040822 0.000000 0.000000 0.000000 
0.000000 0.000000 166.040822 166.040073 166.040822 0.000000 0.000000 
0.000000 0.000000 166.040073 166.038950 166.040073 0.000000 0.000000 
0.000000 0.000000 166.038950 166.038201 166.038950 0.000000 0.000000 
0.000000 166.041197 166.038201 166.037077 166.038201 166.041197 0.000000 
0.000000 166.040448 166.037452 166.036328 166.037452 166.040448 0.000000 
0.000000 166.039699 166.036328 166.035205 166.036328 166.039699 0.000000 
0.000000 166.038575 166.035579 166.034456 166.035579 166.038575 0.000000 
0.000000 166.037826 166.034456 166.033332 166.034456 166.037826 0.000000 
0.000000 166.037077 166.033707 166.032583 166.033707 166.037077 0.000000 
0.000000 166.036328 166.032583 166.031459 166.032583 166.036328 0.000000 
0.000000 166.035205 166.031834 166.030710 166.031834 166.035205 0.000000 
0.000000 166.034456 166.030710 166.029587 166.030710 166.034456 0.000000 
0.000000 166.033707 166.029961 166.028838 166.029961 166.033707 0.000000 
166.041197 166.032957 166.028838 166.027714 166.028838 166.032957 166.041197 
166.040822 166.031834 166.028089 166.026965 166.028089 166.031834 166.040822 
166.040073 166.031085 166.026965 166.025842 166.026965 166.031085 166.040073 
166.039699 166.030710 166.026216 166.025093 166.026216 166.030710 166.039699 
166.039324 166.029961 166.025467 166.023969 166.025467 166.029961 166.039324 
166.039324 166.029212 166.024344 166.023220 166.024344 166.029212 166.039324 
166.039324 166.028463 166.023595 166.022097 166.023595 166.028463 166.039324 
166.039324 166.027714 166.022471 166.021347 166.022471 166.027714 166.039324 
166.039699 166.027340 166.021722 166.020224 166.021722 166.027340 166.039699 
166.040073 166.026591 166.020598 166.019475 166.020598 166.026591 166.040073 
166.040448 166.025842 166.019849 166.018351 166.019849 166.025842 166.040448 
166.040822 166.025467 166.019100 166.017602 166.019100 166.025467 166.040822 
166.041571 166.024718 166.017977 166.016479 166.017977 166.024718 166.041571 
0.000000 166.023969 166.017228 166.015730 166.017228 166.023969 0.000000 
0.000000 166.023595 166.016104 166.014606 166.016104 166.023595 0.000000 
0.000000 166.023595 166.015355 166.013857 166.015355 166.023595 0.000000 
0.000000 166.023595 166.014232 166.012734 166.014232 166.023595 0.000000 
0.000000 166.023969 166.013483 166.011985 166.013483 166.023969 0.000000 
0.000000 166.024344 166.012734 166.010861 166.012734 166.024344 0.000000 
0.000000 166.024718 166.011610 166.010112 166.011610 166.024718 0.000000 
0.000000 166.025842 166.010861 166.008988 166.010861 166.025842 0.000000 
0.000000 166.026965 166.010112 166.008239 166.010112 166.026965 0.000000 
0.000000 166.028838 166.009363 166.007116 166.009363 166.028838 0.000000 
0.000000 166.030710 166.008988 166.006367 166.008988 166.030710 0.000000 
0.000000 166.034830 166.008239 166.005243 166.008239 166.034830 0.000000 
0.000000 166.040073 166.007865 166.004494 166.007865 166.040073 0.000000 
0.000000 0.000000 166.008239 166.003371 166.008239 0.000000 0.000000 
0.000000 0.000000 166.008988 166.002622 166.008988 0.000000 0.000000 
0.000000 0.000000 166.011236 166.001498 166.011236 0.000000 0.000000 
0.000000 0.000000 166.019849 166.000749 166.019849 0.000000 0.000000 
0.000000 0.000000 0.000000 166.000000 0.000000 0.000000 0.000000 
