test/output/constant/M195_S000_A270_WD090.0_WS050.0/M195_S000_A270_WD090.0_WS050.0_arrival.asc
ncols         39
nrows         7
xllcorner     422803.990666
yllcorner     12748455.311160
cellsize      100.000000
NODATA_value  0.000000
0.000000 0.000000 0.000000 0.000000 0.000000 0.000000 0.000000 0.000000 0.000000 166.041373 166.040493 166.040053 166.039173 166.038292 166.037852 166.036972 166.036092 166.035651 166.035211 166.035211 166.035211 166.035211 166.035211 166.035651 166.036532 166.036972 166.037852 166.039613 166.041373 0.000000 0.000000 0.000000 0.000000 0.000000 0.000000 0.000000 0.000000 0.000000 0.000000 
0.000000 0.000000 0.000000 166.041667 166.040493 166.039613 166.038292 166.037412 166.036532 166.035211 166.034331 166.033451 166.032570 166.031250 166.030370 166.029489 166.028609 166.027729 166.026849 166.025968 166.025088 166.024648 166.023768 166.022887 166.022447 166.021567 166.021127 166.021127 166.021127 166.021567 166.022007 166.022887 166.024648 166.027289 166.031250 166.038732 0.000000 0.000000 0.000000 
0.000000 166.040933 166.040053 166.038732 166.037852 166.036532 166.035651 166.034771 166.033451 166.032570 166.031250 166.030370 166.029049 166.028169 166.026849 166.025968 166.024648 166.023768 166.022447 166.021567 166.020246 166.019366 166.018046 166.017165 166.016285 166.014965 166.014085 166.013204 166.011884 166.011004 166.010123 166.009243 166.008363 166.007482 166.007042 166.007482 166.007923 166.011884 166.032130 
166.041373 166.040493 166.039173 166.038292 166.036972 166.036092 166.034771 166.033891 166.032570 166.031690 166.030370 166.029489 166.028169 166.027289 166.025968 166.025088 166.023768 166.022887 166.021567 166.020687 166.019366 166.018486 166.017165 166.016285 166.014965 166.014085 166.012764 166.011884 166.010563 166.009683 166.008363 166.007482 166.006162 166.005282 166.003961 166.003081 166.001761 166.000880 166.000000 
0.000000 166.040933 166.040053 166.038732 166.037852 166.036532 166.035651 166.034771 166.033451 166.032570 166.031250 166.030370 166.029049 166.028169 166.026849 166.025968 166.024648 166.023768 166.022447 166.021567 166.020246 166.019366 166.018046 166.017165 166.016285 166.014965 166.014085 166.013204 166.011884 166.011004 166.010123 166.009243 166.008363 166.007482 166.007042 166.007482 166.007923 166.011884 166.032130 
0.000000 0.000000 0.000000 166.041667 166.040493 166.039613 166.038292 166.037412 166.036532 166.035211 166.034331 166.033451 166.032570 166.031250 166.030370 166.029489 166.028609 166.027729 166.026849 166.025968 166.025088 166.024648 166.023768 166.022887 166.022447 166.021567 166.021127 166.021127 166.021127 166.021567 166.022007 166.022887 166.024648 166.027289 166.031250 166.038732 0.000000 0.000000 0.000000 
0.000000 0.000000 0.000000 0.000000 0.000000 0.000000 0.000000 0.000000 0.000000 166.041373 166.040493 166.040053 166.039173 166.038292 166.037852 166.036972 166.036092 166.035651 166.035211 166.035211 166.035211 166.035211 166.035211 166.035651 166.036532 166.036972 166.037852 166.039613 166.041373 0.000000 0.000000 0.000000 0.000000 0.000000 0.000000 0.000000 0.000000 0.000000 0.000000 
