test/output/constant/M380_S000_A000_WD090.0_WS035.0/M380_S000_A000_WD090.0_WS035.0_raz.asc
ncols         43
nrows         9
xllcorner     422503.990666
yllcorner     12748355.311160
cellsize      100.000000
NODATA_value  0.000000
0 0 0 0 0 0 0 0 277 272 275 272 277 273 275 272 277 274 274 274 277 278 282 278 278 282 277 278 277 348 278 321 337 321 0 0 0 0 0 0 0 0 0 
0 0 0 0 271 270 275 270 272 272 274 275 271 270 278 280 282 273 275 272 275 272 277 280 277 275 278 277 337 280 278 337 321 337 277 21 360 360 360 0 0 0 0 
0 0 278 272 273 273 270 272 270 272 273 272 272 271 272 273 273 270 273 272 270 273 273 273 275 277 275 280 274 278 274 273 275 278 321 278 321 280 278 21 21 0 0 
270 270 270 270 270 270 270 270 270 270 270 270 272 273 273 275 277 271 274 272 275 271 272 275 270 275 270 282 273 271 272 270 275 272 270 272 275 277 274 278 278 21 0 
270 270 270 270 270 270 270 270 270 270 270 270 270 270 270 270 270 270 270 270 270 270 270 270 270 270 270 270 270 270 270 270 270 270 270 270 270 270 270 270 270 254 21 
270 270 270 270 270 270 270 270 270 270 270 270 270 270 270 270 270 270 270 270 270 270 270 264 270 270 270 270 270 270 270 270 270 270 270 270 270 270 265 261 261 158 0 
0 0 270 270 270 270 270 270 270 270 270 270 270 270 270 270 270 270 270 270 270 270 270 270 270 270 270 270 265 270 270 266 264 261 218 261 218 259 261 158 90 0 0 
0 0 0 0 270 270 270 270 270 270 270 264 270 270 270 270 270 270 264 270 270 270 262 270 270 270 261 262 270 259 261 202 218 202 262 158 180 158 180 0 0 0 0 
0 0 0 0 0 0 0 0 262 270 270 270 262 270 270 270 262 270 265 270 262 270 257 261 261 257 262 261 262 191 261 218 202 218 0 0 0 0 0 0 0 0 0 
