test/output/constant/M380_S060_A000_WD315.0_WS045.0/M380_S060_A000_WD315.0_WS045.0_intensity.asc
ncols         12
nrows         33
xllcorner     425703.990666
yllcorner     12745655.311160
cellsize      100.000000
NODATA_value  0.000000
0 0 0 0 0 0 0 0 1475 1932 1543 0 
0 0 0 0 0 0 0 2293 1475 0 1543 0 
0 0 0 0 0 0 1932 1932 39859 47573 10504 0 
0 0 0 0 0 0 2293 2760 47573 47573 17232 13697 
0 0 0 0 0 2293 4034 1475 47573 36149 24898 13697 
0 0 0 0 0 1042 4034 47573 47573 10504 17232 13697 
0 0 0 0 0 1932 2760 47573 47573 28799 24898 13697 
0 0 0 0 2760 1932 2760 46352 47573 13697 13697 10504 
0 0 0 0 39859 2760 47573 47573 24898 28799 24898 17232 
0 0 0 0 2760 1475 47573 47573 39376 24898 28799 0 
0 0 0 2293 4034 36696 47573 47573 32587 24898 28799 0 
0 0 0 4034 36696 47573 47573 47573 28799 28799 28799 0 
0 0 0 39859 39859 47299 47573 47464 39376 13697 24898 0 
0 0 1475 39859 36696 47573 47573 39376 28799 13697 24898 0 
0 0 2760 39859 47573 47573 47573 42170 21003 10504 28799 0 
0 0 39859 39859 46352 47573 47573 44448 24898 13697 28799 0 
0 0 39859 47518 47573 47573 46138 24898 17232 24898 13697 0 
0 39859 39859 47573 47573 47573 47573 39376 24898 24898 0 0 
0 39859 42575 46352 47518 47573 47573 42170 28799 28799 0 0 
0 2760 47518 47573 42575 47573 42170 36149 17232 28799 0 0 
0 39859 47573 44761 47573 47573 47573 36149 24898 28799 0 0 
0 4034 46352 47573 47573 46138 42170 13697 28799 24898 0 0 
0 47299 47573 47573 47573 44448 47573 24898 28799 0 0 0 
0 47573 47573 47573 47573 47573 24898 17232 17232 0 0 0 
0 46352 47573 47573 47573 42170 28799 28799 24898 0 0 0 
0 47573 47573 47573 24898 47573 7744 10504 0 0 0 0 
44761 47573 47573 47573 47573 46138 28799 28799 0 0 0 0 
0 42575 46352 47573 47573 24898 28799 28799 0 0 0 0 
0 47518 47573 47573 47573 24898 24898 0 0 0 0 0 
0 47573 47573 47573 46138 21003 24898 0 0 0 0 0 
0 47573 47573 36149 47573 42170 0 0 0 0 0 0 
0 47573 47573 44448 36149 28799 0 0 0 0 0 0 
0 47573 47573 47573 28799 0 0 0 0 0 0 0 
