test/output/constant/M3M495_S060_A180_WD135.0_WS010.0/M3M495_S060_A180_WD135.0_WS010.0_ros.asc
ncols         44
nrows         14
xllcorner     426503.990666
yllcorner     12748555.311160
cellsize      100.000000
NODATA_value  0.000000
0.000000 0.000000 0.000000 0.000000 0.000000 0.000000 0.000000 0.000000 0.000000 0.000000 0.000000 0.000000 0.000000 0.000000 0.000000 0.000000 0.000000 0.000000 0.000000 0.000000 0.000000 0.000000 0.000000 0.000000 0.000000 0.000000 0.000000 0.000000 62.833141 70.928802 68.897270 70.511665 70.511665 71.102707 66.311523 66.311523 71.102707 71.102707 71.102707 71.102707 71.102707 0.000000 0.000000 0.000000 
0.000000 0.000000 0.000000 0.000000 0.000000 0.000000 0.000000 0.000000 0.000000 0.000000 0.000000 0.000000 0.000000 0.000000 0.000000 0.000000 0.000000 0.000000 0.000000 0.000000 0.000000 0.000000 68.897270 48.216263 53.645779 71.102707 68.897270 66.311523 48.216263 68.897270 71.102707 71.102707 71.102707 71.102707 71.102707 71.102707 71.102707 71.102707 71.102707 71.102707 71.102707 71.102707 71.102707 0.000000 
0.000000 0.000000 0.000000 0.000000 0.000000 0.000000 0.000000 0.000000 0.000000 0.000000 0.000000 0.000000 0.000000 0.000000 0.000000 0.000000 0.000000 0.000000 48.216263 48.216263 48.216263 53.645779 68.897270 62.833141 53.645779 62.833141 70.511665 71.102707 71.102707 71.102707 71.102707 71.102707 71.102707 71.102707 71.102707 71.102707 71.102707 71.102707 71.102707 71.102707 70.928802 71.102707 71.102707 70.511665 
0.000000 0.000000 0.000000 0.000000 0.000000 0.000000 0.000000 0.000000 0.000000 0.000000 0.000000 0.000000 0.000000 0.000000 48.216263 48.216263 53.645779 48.216263 53.645779 48.216263 66.311523 62.833141 68.897270 68.897270 68.897270 71.102707 71.102707 71.102707 71.102707 71.102707 71.102707 71.102707 71.102707 71.102707 70.928802 71.102707 71.102707 71.102707 71.102707 71.102707 70.928802 71.102707 71.102707 71.102707 
0.000000 0.000000 0.000000 0.000000 0.000000 0.000000 0.000000 0.000000 0.000000 0.000000 0.000000 53.645779 48.216263 53.645779 48.216263 48.216263 68.897270 53.645779 62.833141 70.511665 71.102707 70.511665 71.102707 68.897270 71.102707 71.102707 68.897270 71.102707 71.102707 71.102707 71.102707 71.102707 66.311523 71.102707 71.032127 71.102707 71.102707 71.102707 71.102707 71.102707 71.102707 71.102707 71.102707 0.000000 
0.000000 0.000000 0.000000 0.000000 0.000000 0.000000 0.000000 0.000000 0.000000 42.444550 53.645779 48.216263 53.645779 53.645779 66.311523 48.216263 68.897270 71.102707 66.311523 62.833141 71.102707 71.102707 71.102707 71.102707 71.102707 71.102707 71.102707 71.102707 71.102707 71.102707 71.102707 71.102707 71.102707 71.102707 54.690025 71.102707 59.493904 71.102707 71.102707 71.102707 71.102707 71.102707 0.000000 0.000000 
0.000000 0.000000 0.000000 0.000000 0.000000 0.000000 42.444550 42.444550 48.216263 48.216263 48.216263 48.216263 70.511665 53.645779 62.833141 71.102707 71.102707 70.511665 71.102707 71.102707 71.102707 71.102707 71.102707 71.102707 71.102707 71.102707 71.102707 71.102707 71.102707 71.102707 71.102707 71.102707 71.102707 71.102707 71.102707 71.102707 71.032127 71.102707 71.102707 71.102707 71.032127 0.000000 0.000000 0.000000 
0.000000 0.000000 0.000000 0.000000 2.409448 48.216263 48.216263 48.216263 48.216263 53.645779 71.102707 66.311523 71.102707 71.102707 71.102707 71.102707 71.102707 71.102707 71.102707 71.102707 71.102707 71.102707 71.102707 71.102707 71.102707 71.102707 71.102707 71.102707 71.102707 71.102707 70.717552 71.102707 71.032127 71.102707 71.102707 71.102707 71.032127 71.102707 71.102707 0.000000 0.000000 0.000000 0.000000 0.000000 
0.000000 0.000000 2.409448 2.952178 53.645779 48.216263 48.216263 70.928802 70.511665 71.102707 71.102707 71.102707 71.102707 70.511665 71.102707 71.102707 71.102707 71.102707 71.102707 71.102707 71.102707 71.102707 71.102707 71.102707 71.102707 59.493904 71.102707 63.610813 71.102707 71.102707 71.102707 71.102707 71.102707 71.102707 71.102707 71.102707 71.102707 0.000000 0.000000 0.000000 0.000000 0.000000 0.000000 0.000000 
0.000000 2.409448 2.409448 48.216263 53.645779 68.897270 68.897270 71.102707 71.102707 71.102707 71.102707 71.102707 71.102707 71.102707 71.102707 71.102707 71.102707 71.032127 71.102707 71.102707 66.915916 71.102707 71.102707 66.915916 71.102707 71.102707 71.102707 71.102707 71.102707 59.493904 71.102707 71.102707 71.102707 66.915916 0.000000 0.000000 0.000000 0.000000 0.000000 0.000000 0.000000 0.000000 0.000000 0.000000 
2.409448 42.444550 58.567974 62.833141 71.102707 71.102707 71.102707 71.102707 71.102707 71.102707 71.102707 66.915916 71.102707 70.717552 71.102707 71.102707 71.102707 71.102707 69.308998 71.102707 71.102707 71.102707 69.308998 66.915916 71.102707 63.610813 49.344860 69.308998 69.308998 54.690025 71.102707 0.000000 0.000000 0.000000 0.000000 0.000000 0.000000 0.000000 0.000000 0.000000 0.000000 0.000000 0.000000 0.000000 
2.037767 -1.000000 71.102707 71.102707 71.102707 71.102707 71.102707 71.102707 69.308998 71.102707 69.308998 59.493904 71.032127 63.610813 54.690025 69.308998 63.610813 71.032127 66.915916 54.690025 66.915916 59.493904 63.610813 49.344860 66.915916 54.690025 43.620468 59.493904 0.000000 0.000000 0.000000 0.000000 0.000000 0.000000 0.000000 0.000000 0.000000 0.000000 0.000000 0.000000 0.000000 0.000000 0.000000 0.000000 
1.436136 1.599625 25.932247 20.459812 15.481723 43.620468 37.690369 43.620468 43.620468 43.620468 37.690369 49.344860 37.690369 63.610813 49.344860 43.620468 59.493904 49.344860 59.493904 49.344860 59.493904 43.620468 63.610813 0.000000 0.000000 0.000000 0.000000 0.000000 0.000000 0.000000 0.000000 0.000000 0.000000 0.000000 0.000000 0.000000 0.000000 0.000000 0.000000 0.000000 0.000000 0.000000 0.000000 0.000000 
0.000000 0.000000 0.000000 15.481723 20.459812 25.932247 20.459812 20.459812 43.620468 37.690369 37.690369 37.690369 43.620468 43.620468 54.690025 37.690369 0.000000 0.000000 0.000000 0.000000 0.000000 0.000000 0.000000 0.000000 0.000000 0.000000 0.000000 0.000000 0.000000 0.000000 0.000000 0.000000 0.000000 0.000000 0.000000 0.000000 0.000000 0.000000 0.000000 0.000000 0.000000 0.000000 0.000000 0.000000 
