test/output/constant/M390_S060_A180_WD270.0_WS025.0/M390_S060_A180_WD270.0_WS025.0_arrival.asc
ncols         62
nrows         9
xllcorner     426603.990666
yllcorner     12748355.311160
cellsize      100.000000
NODATA_value  0.000000
0.000000 0.000000 0.000000 0.000000 0.000000 0.000000 0.000000 0.000000 0.000000 0.000000 0.000000 0.000000 0.000000 0.000000 0.000000 0.000000 0.000000 0.000000 0.000000 166.041655 166.040294 166.039477 166.038933 166.038388 166.037844 166.037572 166.037027 166.037027 166.036755 166.036483 166.036483 166.036483 166.036483 166.036483 166.036483 166.037027 166.037299 166.037844 166.038116 166.038661 166.039205 166.039477 166.040022 166.040566 166.040839 166.041383 0.000000 0.000000 0.000000 0.000000 0.000000 0.000000 0.000000 0.000000 0.000000 0.000000 0.000000 0.000000 0.000000 0.000000 0.000000 0.000000 
0.000000 0.000000 0.000000 0.000000 0.000000 0.000000 0.000000 0.000000 166.041655 166.038388 166.035394 166.033215 166.031582 166.030221 166.029132 166.028315 166.027770 166.027226 166.026681 166.026409 166.026137 166.026137 166.026137 166.026137 166.026137 166.026409 166.026681 166.027226 166.027770 166.028043 166.028587 166.029132 166.029404 166.029948 166.030493 166.030765 166.031310 166.031854 166.032399 166.032671 166.033215 166.033760 166.034305 166.034849 166.035394 166.035938 166.036483 166.037299 166.037844 166.038388 166.038933 166.039750 166.040294 166.040839 166.041383 0.000000 0.000000 0.000000 0.000000 0.000000 0.000000 0.000000 
0.000000 0.000000 0.000000 166.037027 166.028587 166.023959 166.021236 166.019330 166.018241 166.017152 166.016608 166.016063 166.015791 166.015791 166.015791 166.015791 166.016335 166.016608 166.017152 166.017697 166.017969 166.018514 166.019058 166.019603 166.019875 166.020419 166.020964 166.021508 166.022053 166.022870 166.023414 166.023959 166.024503 166.025320 166.025865 166.026409 166.026954 166.027770 166.028315 166.028859 166.029676 166.030221 166.031037 166.031582 166.032399 166.032943 166.033488 166.034305 166.034849 166.035394 166.036210 166.036755 166.037572 166.038116 166.038661 166.039477 166.040022 166.040839 166.041383 0.000000 0.000000 0.000000 
166.030765 166.011163 166.007079 166.005717 166.005445 166.005445 166.005717 166.006262 166.006534 166.007079 166.007623 166.008440 166.008985 166.009529 166.010346 166.010890 166.011707 166.012252 166.013068 166.013613 166.014157 166.014974 166.015519 166.016335 166.016880 166.017697 166.018241 166.018786 166.019603 166.020147 166.020964 166.021508 166.022325 166.022870 166.023686 166.024231 166.025048 166.025592 166.026409 166.026954 166.027770 166.028315 166.028859 166.029676 166.030221 166.031037 166.031582 166.032399 166.032943 166.033760 166.034305 166.035121 166.035666 166.036483 166.037027 166.037844 166.038388 166.038933 166.039750 166.040294 166.041111 166.041655 
166.000000 166.000545 166.001089 166.001906 166.002450 166.003267 166.003812 166.004628 166.005173 166.005990 166.006534 166.007351 166.007895 166.008712 166.009257 166.010074 166.010618 166.011435 166.011979 166.012796 166.013341 166.014157 166.014702 166.015519 166.016063 166.016880 166.017425 166.018241 166.018786 166.019603 166.020147 166.020964 166.021508 166.022325 166.022870 166.023686 166.024231 166.025048 166.025592 166.026409 166.026954 166.027770 166.028315 166.029132 166.029676 166.030493 166.031037 166.031854 166.032399 166.033215 166.033760 166.034577 166.035121 166.035938 166.036483 166.037299 166.037844 166.038661 166.039205 166.040022 166.040566 166.041383 
166.030765 166.011163 166.007079 166.005717 166.005445 166.005445 166.005717 166.006262 166.006534 166.007079 166.007623 166.008440 166.008985 166.009529 166.010346 166.010890 166.011707 166.012252 166.013068 166.013613 166.014157 166.014974 166.015519 166.016335 166.016880 166.017697 166.018241 166.018786 166.019603 166.020147 166.020964 166.021508 166.022325 166.022870 166.023686 166.024231 166.025048 166.025592 166.026409 166.026954 166.027770 166.028315 166.028859 166.029676 166.030221 166.031037 166.031582 166.032399 166.032943 166.033760 166.034305 166.035121 166.035666 166.036483 166.037027 166.037844 166.038388 166.038933 166.039750 166.040294 166.041111 166.041655 
0.000000 0.000000 0.000000 166.037027 166.028587 166.023959 166.021236 166.019330 166.018241 166.017152 166.016608 166.016063 166.015791 166.015791 166.015791 166.015791 166.016335 166.016608 166.017152 166.017697 166.017969 166.018514 166.019058 166.019603 166.019875 166.020419 166.020964 166.021508 166.022053 166.022870 166.023414 166.023959 166.024503 166.025320 166.025865 166.026409 166.026954 166.027770 166.028315 166.028859 166.029676 166.030221 166.031037 166.031582 166.032399 166.032943 166.033488 166.034305 166.034849 166.035394 166.036210 166.036755 166.037572 166.038116 166.038661 166.039477 166.040022 166.040839 166.041383 0.000000 0.000000 0.000000 
0.000000 0.000000 0.000000 0.000000 0.000000 0.000000 0.000000 0.000000 166.041655 166.038388 166.035394 166.033215 166.031582 166.030221 166.029132 166.028315 166.027770 166.027226 166.026681 166.026409 166.026137 166.026137 166.026137 166.026137 166.026137 166.026409 166.026681 166.027226 166.027770 166.028043 166.028587 166.029132 166.029404 166.029948 166.030493 166.030765 166.031310 166.031854 166.032399 166.032671 166.033215 166.033760 166.034305 166.034849 166.035394 166.035938 166.036483 166.037299 166.037844 166.038388 166.038933 166.039750 166.040294 166.040839 166.041383 0.000000 0.000000 0.000000 0.000000 0.000000 0.000000 0.000000 
0.000000 0.000000 0.000000 0.000000 0.000000 0.000000 0.000000 0.000000 0.000000 0.000000 0.000000 0.000000 0.000000 0.000000 0.000000 0.000000 0.000000 0.000000 0.000000 166.041655 166.040294 166.039477 166.038933 166.038388 166.037844 166.037572 166.037027 166.037027 166.036755 166.036483 166.036483 166.036483 166.036483 166.036483 166.036483 166.037027 166.037299 166.037844 166.038116 166.038661 166.039205 166.039477 166.040022 166.040566 166.040839 166.041383 0.000000 0.000000 0.000000 0.000000 0.000000 0.000000 0.000000 0.000000 0.000000 0.000000 0.000000 0.000000 0.000000 0.000000 0.000000 0.000000 
