test/output/constant/M180_S060_A270_WD180.0_WS025.0/M180_S060_A270_WD180.0_WS025.0_arrival.asc
ncols         7
nrows         36
xllcorner     426303.990666
yllcorner     12748755.311160
cellsize      100.000000
NODATA_value  0.000000
0.000000 0.000000 0.000000 166.041667 0.000000 0.000000 0.000000 
0.000000 0.000000 166.041525 166.040559 166.041525 0.000000 0.000000 
0.000000 0.000000 166.040559 166.039593 166.040559 0.000000 0.000000 
0.000000 0.000000 166.039111 166.038145 166.039111 0.000000 0.000000 
0.000000 166.041525 166.038145 166.037179 166.038145 166.041525 0.000000 
0.000000 166.040559 166.036696 166.035731 166.036696 166.040559 0.000000 
0.000000 166.039593 166.035731 166.034765 166.035731 166.039593 0.000000 
0.000000 166.038145 166.034282 166.033316 166.034282 166.038145 0.000000 
0.000000 166.037179 166.033316 166.032351 166.033316 166.037179 0.000000 
0.000000 166.036214 166.031868 166.030902 166.031868 166.036214 0.000000 
0.000000 166.034765 166.030902 166.029937 166.030902 166.034765 0.000000 
0.000000 166.033799 166.029937 166.028488 166.029937 166.033799 0.000000 
166.041667 166.032834 166.028488 166.027522 166.028488 166.032834 166.041667 
166.041042 166.031868 166.027522 166.026074 166.027522 166.031868 166.041042 
166.040559 166.030902 166.026074 166.025108 166.026074 166.030902 166.040559 
166.040559 166.029937 166.025108 166.023660 166.025108 166.029937 166.040559 
166.040559 166.029454 166.023660 166.022694 166.023660 166.029454 166.040559 
166.041042 166.028488 166.022694 166.021245 166.022694 166.028488 166.041042 
166.041042 166.027522 166.021728 166.020280 166.021728 166.027522 166.041042 
166.041525 166.027039 166.020280 166.018831 166.020280 166.027039 166.041525 
0.000000 166.026074 166.019314 166.017865 166.019314 166.026074 0.000000 
0.000000 166.025108 166.017865 166.016417 166.017865 166.025108 0.000000 
0.000000 166.024625 166.016900 166.015451 166.016900 166.024625 0.000000 
0.000000 166.024625 166.015451 166.014003 166.015451 166.024625 0.000000 
0.000000 166.024625 166.014485 166.013037 166.014485 166.024625 0.000000 
0.000000 166.024625 166.013520 166.011588 166.013520 166.024625 0.000000 
0.000000 166.025108 166.012071 166.010623 166.012071 166.025108 0.000000 
0.000000 166.026557 166.011105 166.009174 166.011105 166.026557 0.000000 
0.000000 166.028005 166.010140 166.008208 166.010140 166.028005 0.000000 
0.000000 166.029937 166.009657 166.006760 166.009657 166.029937 0.000000 
0.000000 166.033316 166.008691 166.005794 166.008691 166.033316 0.000000 
0.000000 166.039593 166.008208 166.004346 166.008208 166.039593 0.000000 
0.000000 0.000000 166.008691 166.003380 166.008691 0.000000 0.000000 
0.000000 0.000000 166.010140 166.001931 166.010140 0.000000 0.000000 
0.000000 0.000000 166.015451 166.000966 166.015451 0.000000 0.000000 
0.000000 0.000000 0.000000 166.000000 0.000000 0.000000 0.000000 
