test/output/constant/M350_S060_A270_WD135.0_WS005.0/M350_S060_A270_WD135.0_WS005.0_arrival.asc
ncols         8
nrows         31
xllcorner     426103.990666
yllcorner     12748755.311160
cellsize      100.000000
NODATA_value  0.000000
0.000000 166.041667 166.040833 166.040833 0.000000 0.000000 0.000000 0.000000 
0.000000 166.040833 166.039199 166.039199 166.040833 0.000000 0.000000 0.000000 
0.000000 166.039744 166.038111 166.038111 166.039199 0.000000 0.000000 0.000000 
0.000000 166.038655 166.036477 166.036477 166.037566 166.040833 0.000000 0.000000 
166.041667 166.037566 166.035388 166.035388 166.035933 166.039199 0.000000 0.000000 
166.041377 166.036477 166.034300 166.033755 166.034844 166.037566 0.000000 0.000000 
166.040833 166.035388 166.032666 166.032666 166.033211 166.035933 0.000000 0.000000 
166.040833 166.034844 166.031577 166.031033 166.031577 166.034300 166.040833 0.000000 
166.040288 166.033755 166.030488 166.029944 166.029944 166.032666 166.039199 0.000000 
166.040288 166.033211 166.029400 166.028311 166.028855 166.031033 166.037566 0.000000 
166.039744 166.032122 166.028311 166.027222 166.027222 166.029944 166.035933 0.000000 
166.039744 166.032122 166.027222 166.025589 166.025589 166.028311 166.034300 0.000000 
166.039744 166.031577 166.026133 166.024500 166.024500 166.026677 166.032666 0.000000 
166.040288 166.031577 166.025044 166.022866 166.022866 166.025044 166.031033 166.041377 
166.041377 166.031033 166.024500 166.021777 166.021777 166.023411 166.029400 166.040288 
0.000000 166.031033 166.023411 166.020144 166.020144 166.021777 166.027766 166.039199 
0.000000 166.031033 166.022866 166.019055 166.018511 166.020144 166.026133 166.038111 
0.000000 166.031577 166.022866 166.017966 166.017422 166.018511 166.024500 166.037566 
0.000000 166.032666 166.022322 166.016878 166.015789 166.016878 166.022866 166.036477 
0.000000 166.033755 166.022322 166.015789 166.014700 166.015244 166.021233 166.035933 
0.000000 166.036477 166.022322 166.014700 166.013066 166.013611 166.019600 166.035388 
0.000000 166.039199 166.022866 166.014155 166.011978 166.012522 166.017966 166.034844 
0.000000 0.000000 166.023955 166.013611 166.010344 166.010889 166.016878 166.034844 
0.000000 0.000000 166.026133 166.013611 166.009255 166.009255 166.015244 166.034844 
0.000000 0.000000 166.029400 166.013611 166.007622 166.007622 166.014155 166.035388 
0.000000 0.000000 166.034300 166.014155 166.006533 166.006533 166.013066 166.037022 
0.000000 0.000000 0.000000 166.015789 166.005444 166.004900 166.012522 166.039744 
0.000000 0.000000 0.000000 166.019600 166.004900 166.003811 166.011978 0.000000 
0.000000 0.000000 0.000000 166.028311 166.004900 166.002178 166.012522 0.000000 
0.000000 0.000000 0.000000 0.000000 166.005444 166.001089 166.014700 0.000000 
0.000000 0.000000 0.000000 0.000000 166.016333 166.000000 166.025044 0.000000 
