test/output/constant/M3100_S060_A180_WD315.0_WS015.0/M3100_S060_A180_WD315.0_WS015.0_ros.asc
ncols         64
nrows         17
xllcorner     426603.990666
yllcorner     12747255.311160
cellsize      100.000000
NODATA_value  0.000000
0.918565 15.425212 15.425212 15.425212 15.425212 15.425212 15.425212 47.805126 15.425212 30.132629 47.805126 22.278210 38.728508 22.278210 57.087055 15.425212 30.132629 47.805126 0.000000 0.000000 0.000000 0.000000 0.000000 0.000000 0.000000 0.000000 0.000000 0.000000 0.000000 0.000000 0.000000 0.000000 0.000000 0.000000 0.000000 0.000000 0.000000 0.000000 0.000000 0.000000 0.000000 0.000000 0.000000 0.000000 0.000000 0.000000 0.000000 0.000000 0.000000 0.000000 0.000000 0.000000 0.000000 0.000000 0.000000 0.000000 0.000000 0.000000 0.000000 0.000000 0.000000 0.000000 0.000000 0.000000 
-1.000000 107.877274 107.877274 107.877274 107.877274 96.970802 66.292557 75.142151 30.132629 38.728508 75.142151 96.970802 30.132629 47.805126 22.278210 47.805126 22.278210 47.805126 15.425212 38.728508 47.805126 30.132629 47.805126 30.132629 38.728508 22.278210 38.728508 22.278210 0.000000 0.000000 0.000000 0.000000 0.000000 0.000000 0.000000 0.000000 0.000000 0.000000 0.000000 0.000000 0.000000 0.000000 0.000000 0.000000 0.000000 0.000000 0.000000 0.000000 0.000000 0.000000 0.000000 0.000000 0.000000 0.000000 0.000000 0.000000 0.000000 0.000000 0.000000 0.000000 0.000000 0.000000 0.000000 0.000000 
1.293907 74.038887 107.877274 107.877274 107.877274 107.877274 107.877274 107.877274 107.877274 107.877274 107.877274 30.132629 107.790207 83.367134 30.132629 75.142151 15.425212 66.292557 83.367134 90.717758 22.278210 83.367134 66.292557 75.142151 30.132629 83.367134 75.142151 38.728508 83.367134 38.728508 38.728508 75.142151 30.132629 75.142151 0.000000 0.000000 0.000000 0.000000 0.000000 0.000000 0.000000 0.000000 0.000000 0.000000 0.000000 0.000000 0.000000 0.000000 0.000000 0.000000 0.000000 0.000000 0.000000 0.000000 0.000000 0.000000 0.000000 0.000000 0.000000 0.000000 0.000000 0.000000 0.000000 0.000000 
0.000000 1.082217 65.133278 5.409183 74.038887 107.877274 101.373665 107.877274 107.877274 107.877274 107.877274 107.877274 107.877274 107.877274 107.877274 30.132629 107.877274 15.425212 101.936409 107.877274 96.970802 30.132629 96.970802 15.425212 83.367134 22.278210 83.367134 101.936409 38.728508 83.367134 96.970802 22.278210 75.142151 75.142151 30.132629 38.728508 22.278210 75.142151 0.000000 0.000000 0.000000 0.000000 0.000000 0.000000 0.000000 0.000000 0.000000 0.000000 0.000000 0.000000 0.000000 0.000000 0.000000 0.000000 0.000000 0.000000 0.000000 0.000000 0.000000 0.000000 0.000000 0.000000 0.000000 0.000000 
0.000000 0.000000 0.000000 65.133278 65.133278 74.038887 74.038887 82.355095 107.877274 107.877274 101.373665 107.877274 107.877274 107.877274 107.877274 107.877274 107.877274 107.877274 107.877274 107.877274 107.877274 107.877274 107.877274 107.877274 90.717758 107.877274 90.717758 107.877274 15.425212 107.445915 75.142151 96.970802 90.717758 101.936409 30.132629 90.717758 30.132629 83.367134 96.970802 75.142151 90.717758 22.278210 0.000000 0.000000 0.000000 0.000000 0.000000 0.000000 0.000000 0.000000 0.000000 0.000000 0.000000 0.000000 0.000000 0.000000 0.000000 0.000000 0.000000 0.000000 0.000000 0.000000 0.000000 0.000000 
0.000000 0.000000 0.000000 0.000000 0.000000 65.133278 2.753060 74.038887 74.038887 74.038887 101.373665 107.706711 82.355095 105.093330 107.877274 107.877274 105.093330 107.877274 107.877274 107.877274 107.877274 107.877274 107.877274 107.877274 101.936409 107.877274 107.877274 107.877274 107.877274 105.463806 30.132629 107.445915 38.728508 105.463806 30.132629 101.936409 105.463806 96.970802 30.132629 83.367134 15.425212 90.717758 15.425212 75.142151 90.717758 75.142151 0.000000 0.000000 0.000000 0.000000 0.000000 0.000000 0.000000 0.000000 0.000000 0.000000 0.000000 0.000000 0.000000 0.000000 0.000000 0.000000 0.000000 0.000000 
0.000000 0.000000 0.000000 0.000000 0.000000 0.000000 0.000000 2.753060 74.038887 74.038887 74.038887 74.038887 82.355095 74.038887 107.706711 107.877274 105.093330 107.877274 107.877274 107.877274 107.877274 107.877274 107.877274 107.877274 107.877274 107.877274 107.877274 107.877274 107.877274 107.877274 107.877274 107.877274 30.132629 101.936409 107.790207 101.936409 22.278210 105.463806 38.728508 101.936409 107.877274 101.936409 107.877274 15.425212 90.717758 30.132629 90.717758 75.142151 96.970802 0.000000 0.000000 0.000000 0.000000 0.000000 0.000000 0.000000 0.000000 0.000000 0.000000 0.000000 0.000000 0.000000 0.000000 0.000000 
0.000000 0.000000 0.000000 0.000000 0.000000 0.000000 0.000000 0.000000 0.000000 0.000000 74.038887 82.355095 74.038887 74.038887 74.038887 82.355095 74.038887 107.279335 107.877274 82.355095 101.373665 107.877274 105.093330 107.877274 107.877274 107.877274 107.877274 107.877274 107.877274 107.877274 107.877274 107.877274 107.877274 107.877274 107.877274 66.292557 101.936409 107.877274 107.877274 105.463806 96.970802 107.877274 107.877274 90.717758 107.877274 101.936409 107.877274 90.717758 107.877274 30.132629 107.445915 107.877274 107.877274 0.000000 0.000000 0.000000 0.000000 0.000000 0.000000 0.000000 0.000000 0.000000 0.000000 0.000000 
0.000000 0.000000 0.000000 0.000000 0.000000 0.000000 0.000000 0.000000 0.000000 0.000000 0.000000 0.000000 0.000000 74.038887 74.038887 74.038887 74.038887 74.038887 74.038887 107.877274 107.279335 82.355095 107.877274 105.093330 96.233467 105.093330 107.877274 107.877274 107.877274 107.877274 107.877274 107.877274 107.877274 107.877274 107.877274 107.877274 107.877274 107.877274 107.877274 107.877274 107.877274 107.877274 107.877274 90.717758 107.790207 107.877274 15.425212 107.877274 107.445915 15.425212 107.877274 90.717758 107.790207 22.278210 105.463806 0.000000 0.000000 0.000000 0.000000 0.000000 0.000000 0.000000 0.000000 0.000000 
0.000000 0.000000 0.000000 0.000000 0.000000 0.000000 0.000000 0.000000 0.000000 0.000000 0.000000 0.000000 0.000000 0.000000 0.000000 0.000000 82.355095 74.038887 82.355095 74.038887 82.355095 74.038887 74.038887 105.093330 107.877274 101.373665 89.829033 105.093330 107.877274 107.877274 107.877274 107.877274 107.877274 105.093330 107.877274 107.877274 107.877274 107.877274 107.877274 107.877274 107.877274 107.877274 107.877274 107.877274 107.877274 107.877274 107.877274 22.278210 107.877274 22.278210 105.463806 107.877274 107.877274 105.463806 96.970802 107.877274 101.936409 15.425212 0.000000 0.000000 0.000000 0.000000 0.000000 0.000000 
0.000000 0.000000 0.000000 0.000000 0.000000 0.000000 0.000000 0.000000 0.000000 0.000000 0.000000 0.000000 0.000000 0.000000 0.000000 0.000000 0.000000 0.000000 0.000000 74.038887 74.038887 82.355095 74.038887 74.038887 82.355095 105.093330 107.877274 101.373665 74.038887 107.877274 107.877274 107.877274 107.877274 107.877274 105.093330 107.877274 107.877274 107.877274 107.877274 107.877274 107.877274 107.877274 107.877274 107.877274 107.877274 107.877274 107.877274 107.877274 107.877274 107.877274 30.132629 107.877274 107.877274 107.877274 107.877274 107.877274 107.877274 101.936409 107.877274 15.425212 0.000000 0.000000 0.000000 0.000000 
0.000000 0.000000 0.000000 0.000000 0.000000 0.000000 0.000000 0.000000 0.000000 0.000000 0.000000 0.000000 0.000000 0.000000 0.000000 0.000000 0.000000 0.000000 0.000000 0.000000 0.000000 0.000000 0.000000 74.038887 74.038887 74.038887 82.355095 74.038887 74.038887 101.373665 107.877274 107.877274 101.373665 82.355095 107.279335 107.706711 107.877274 107.877274 107.877274 107.877274 107.877274 107.877274 107.877274 107.877274 107.877274 107.877274 107.877274 107.877274 107.877274 101.936409 107.877274 107.877274 107.877274 107.877274 105.463806 107.877274 38.728508 107.877274 75.142151 107.877274 75.142151 107.877274 0.000000 0.000000 
0.000000 0.000000 0.000000 0.000000 0.000000 0.000000 0.000000 0.000000 0.000000 0.000000 0.000000 0.000000 0.000000 0.000000 0.000000 0.000000 0.000000 0.000000 0.000000 0.000000 0.000000 0.000000 0.000000 0.000000 0.000000 0.000000 0.000000 82.355095 74.038887 74.038887 74.038887 74.038887 107.877274 74.038887 107.877274 101.373665 107.877274 107.877274 107.877274 107.877274 107.877274 107.877274 107.877274 107.877274 107.877274 107.877274 107.877274 107.877274 107.790207 107.877274 107.877274 107.877274 107.877274 107.877274 107.877274 107.877274 107.877274 107.877274 107.877274 107.877274 107.877274 107.877274 22.278210 0.000000 
0.000000 0.000000 0.000000 0.000000 0.000000 0.000000 0.000000 0.000000 0.000000 0.000000 0.000000 0.000000 0.000000 0.000000 0.000000 0.000000 0.000000 0.000000 0.000000 0.000000 0.000000 0.000000 0.000000 0.000000 0.000000 0.000000 0.000000 0.000000 0.000000 0.000000 0.000000 82.355095 82.355095 82.355095 105.093330 74.038887 107.877274 74.038887 107.877274 105.093330 101.373665 107.877274 105.093330 96.233467 101.373665 107.877274 101.373665 107.877274 107.877274 107.877274 107.877274 107.877274 107.877274 107.877274 107.877274 107.877274 107.877274 107.877274 107.877274 107.877274 107.877274 107.877274 107.877274 107.877274 
0.000000 0.000000 0.000000 0.000000 0.000000 0.000000 0.000000 0.000000 0.000000 0.000000 0.000000 0.000000 0.000000 0.000000 0.000000 0.000000 0.000000 0.000000 0.000000 0.000000 0.000000 0.000000 0.000000 0.000000 0.000000 0.000000 0.000000 0.000000 0.000000 0.000000 0.000000 0.000000 0.000000 0.000000 0.000000 0.000000 74.038887 74.038887 107.877274 74.038887 107.877274 107.877274 105.093330 82.355095 107.877274 107.877274 105.093330 107.877274 107.877274 107.877274 107.877274 107.877274 107.877274 107.877274 107.877274 107.877274 107.877274 107.877274 107.877274 107.877274 107.877274 107.877274 107.877274 107.877274 
0.000000 0.000000 0.000000 0.000000 0.000000 0.000000 0.000000 0.000000 0.000000 0.000000 0.000000 0.000000 0.000000 0.000000 0.000000 0.000000 0.000000 0.000000 0.000000 0.000000 0.000000 0.000000 0.000000 0.000000 0.000000 0.000000 0.000000 0.000000 0.000000 0.000000 0.000000 0.000000 0.000000 0.000000 0.000000 0.000000 0.000000 0.000000 0.000000 0.000000 0.000000 0.000000 0.000000 107.706711 74.038887 107.877274 107.877274 107.877274 107.877274 107.877274 107.279335 107.877274 107.877274 107.877274 107.877274 107.877274 107.877274 107.877274 107.877274 107.877274 107.877274 107.877274 107.877274 107.877274 
0.000000 0.000000 0.000000 0.000000 0.000000 0.000000 0.000000 0.000000 0.000000 0.000000 0.000000 0.000000 0.000000 0.000000 0.000000 0.000000 0.000000 0.000000 0.000000 0.000000 0.000000 0.000000 0.000000 0.000000 0.000000 0.000000 0.000000 0.000000 0.000000 0.000000 0.000000 0.000000 0.000000 0.000000 0.000000 0.000000 0.000000 0.000000 0.000000 0.000000 0.000000 0.000000 0.000000 0.000000 0.000000 0.000000 0.000000 0.000000 0.000000 0.000000 0.000000 0.000000 0.000000 0.000000 107.877274 107.877274 107.877274 0.000000 0.000000 0.000000 0.000000 0.000000 0.000000 0.000000 
