test/output/constant/M3100_S060_A180_WD315.0_WS015.0/M3100_S060_A180_WD315.0_WS015.0_intensity.asc
ncols         64
nrows         17
xllcorner     426603.990666
yllcorner     12747255.311160
cellsize      100.000000
NODATA_value  0.000000
854 14348 14348 14348 14348 14348 14348 44467 14348 28028 44467 20722 36024 20722 53100 14348 28028 44467 0 0 0 0 0 0 0 0 0 0 0 0 0 0 0 0 0 0 0 0 0 0 0 0 0 0 0 0 0 0 0 0 0 0 0 0 0 0 0 0 0 0 0 0 0 0 
0 100344 100344 100344 100344 90199 61663 69895 28028 36024 69895 90199 28028 44467 20722 44467 20722 44467 14348 36024 44467 28028 44467 28028 36024 20722 36024 20722 0 0 0 0 0 0 0 0 0 0 0 0 0 0 0 0 0 0 0 0 0 0 0 0 0 0 0 0 0 0 0 0 0 0 0 0 
1203 68868 100344 100344 100344 100344 100344 100344 100344 100344 100344 28028 100263 77545 28028 69895 14348 61663 77545 84383 20722 77545 61663 69895 28028 77545 69895 36024 77545 36024 36024 69895 28028 69895 0 0 0 0 0 0 0 0 0 0 0 0 0 0 0 0 0 0 0 0 0 0 0 0 0 0 0 0 0 0 
0 1006 60585 5031 68868 100344 94295 100344 100344 100344 100344 100344 100344 100344 100344 28028 100344 14348 94818 100344 90199 28028 90199 14348 77545 20722 77545 94818 36024 77545 90199 20722 69895 69895 28028 36024 20722 69895 0 0 0 0 0 0 0 0 0 0 0 0 0 0 0 0 0 0 0 0 0 0 0 0 0 0 
0 0 0 60585 60585 68868 68868 76604 100344 100344 94295 100344 100344 100344 100344 100344 100344 100344 100344 100344 100344 100344 100344 100344 84383 100344 84383 100344 14348 99943 69895 90199 84383 94818 28028 84383 28028 77545 90199 69895 84383 20722 0 0 0 0 0 0 0 0 0 0 0 0 0 0 0 0 0 0 0 0 0 0 
0 0 0 0 0 60585 2560 68868 68868 68868 94295 100185 76604 97755 100344 100344 97755 100344 100344 100344 100344 100344 100344 100344 94818 100344 100344 100344 100344 98099 28028 99943 36024 98099 28028 94818 98099 90199 28028 77545 14348 84383 14348 69895 84383 69895 0 0 0 0 0 0 0 0 0 0 0 0 0 0 0 0 0 0 
0 0 0 0 0 0 0 2560 68868 68868 68868 68868 76604 68868 100185 100344 97755 100344 100344 100344 100344 100344 100344 100344 100344 100344 100344 100344 100344 100344 100344 100344 28028 94818 100263 94818 20722 98099 36024 94818 100344 94818 100344 14348 84383 28028 84383 69895 90199 0 0 0 0 0 0 0 0 0 0 0 0 0 0 0 
0 0 0 0 0 0 0 0 0 0 68868 76604 68868 68868 68868 76604 68868 99788 100344 76604 94295 100344 97755 100344 100344 100344 100344 100344 100344 100344 100344 100344 100344 100344 100344 61663 94818 100344 100344 98099 90199 100344 100344 84383 100344 94818 100344 84383 100344 28028 99943 100344 100344 0 0 0 0 0 0 0 0 0 0 0 
0 0 0 0 0 0 0 0 0 0 0 0 0 68868 68868 68868 68868 68868 68868 100344 99788 76604 100344 97755 89513 97755 100344 100344 100344 100344 100344 100344 100344 100344 100344 100344 100344 100344 100344 100344 100344 100344 100344 84383 100263 100344 14348 100344 99943 14348 100344 84383 100263 20722 98099 0 0 0 0 0 0 0 0 0 
0 0 0 0 0 0 0 0 0 0 0 0 0 0 0 0 76604 68868 76604 68868 76604 68868 68868 97755 100344 94295 83556 97755 100344 100344 100344 100344 100344 97755 100344 100344 100344 100344 100344 100344 100344 100344 100344 100344 100344 100344 100344 20722 100344 20722 98099 100344 100344 98099 90199 100344 94818 14348 0 0 0 0 0 0 
0 0 0 0 0 0 0 0 0 0 0 0 0 0 0 0 0 0 0 68868 68868 76604 68868 68868 76604 97755 100344 94295 68868 100344 100344 100344 100344 100344 97755 100344 100344 100344 100344 100344 100344 100344 100344 100344 100344 100344 100344 100344 100344 100344 28028 100344 100344 100344 100344 100344 100344 94818 100344 14348 0 0 0 0 
0 0 0 0 0 0 0 0 0 0 0 0 0 0 0 0 0 0 0 0 0 0 0 68868 68868 68868 76604 68868 68868 94295 100344 100344 94295 76604 99788 100185 100344 100344 100344 100344 100344 100344 100344 100344 100344 100344 100344 100344 100344 94818 100344 100344 100344 100344 98099 100344 36024 100344 69895 100344 69895 100344 0 0 
0 0 0 0 0 0 0 0 0 0 0 0 0 0 0 0 0 0 0 0 0 0 0 0 0 0 0 76604 68868 68868 68868 68868 100344 68868 100344 94295 100344 100344 100344 100344 100344 100344 100344 100344 100344 100344 100344 100344 100263 100344 100344 100344 100344 100344 100344 100344 100344 100344 100344 100344 100344 100344 20722 0 
0 0 0 0 0 0 0 0 0 0 0 0 0 0 0 0 0 0 0 0 0 0 0 0 0 0 0 0 0 0 0 76604 76604 76604 97755 68868 100344 68868 100344 97755 94295 100344 97755 89513 94295 100344 94295 100344 100344 100344 100344 100344 100344 100344 100344 100344 100344 100344 100344 100344 100344 100344 100344 100344 
0 0 0 0 0 0 0 0 0 0 0 0 0 0 0 0 0 0 0 0 0 0 0 0 0 0 0 0 0 0 0 0 0 0 0 0 68868 68868 100344 68868 100344 100344 97755 76604 100344 100344 97755 100344 100344 100344 100344 100344 100344 100344 100344 100344 100344 100344 100344 100344 100344 100344 100344 100344 
0 0 0 0 0 0 0 0 0 0 0 0 0 0 0 0 0 0 0 0 0 0 0 0 0 0 0 0 0 0 0 0 0 0 0 0 0 0 0 0 0 0 0 100185 68868 100344 100344 100344 100344 100344 99788 100344 100344 100344 100344 100344 100344 100344 100344 100344 100344 100344 100344 100344 
0 0 0 0 0 0 0 0 0 0 0 0 0 0 0 0 0 0 0 0 0 0 0 0 0 0 0 0 0 0 0 0 0 0 0 0 0 0 0 0 0 0 0 0 0 0 0 0 0 0 0 0 0 0 100344 100344 100344 0 0 0 0 0 0 0 
