test/output/constant/M3100_S060_A180_WD315.0_WS015.0/M3100_S060_A180_WD315.0_WS015.0_arrival.asc
ncols         64
nrows         17
xllcorner     426603.990666
yllcorner     12747255.311160
cellsize      100.000000
NODATA_value  0.000000
166.031698 166.020195 166.020195 166.019939 166.020962 166.021728 166.022751 166.024285 166.025818 166.027608 166.029142 166.030931 166.032465 166.034254 166.036044 166.037577 166.039367 166.040901 0.000000 0.000000 0.000000 0.000000 0.000000 0.000000 0.000000 0.000000 0.000000 0.000000 0.000000 0.000000 0.000000 0.000000 0.000000 0.000000 0.000000 0.000000 0.000000 0.000000 0.000000 0.000000 0.000000 0.000000 0.000000 0.000000 0.000000 0.000000 0.000000 0.000000 0.000000 0.000000 0.000000 0.000000 0.000000 0.000000 0.000000 0.000000 0.000000 0.000000 0.000000 0.000000 0.000000 0.000000 0.000000 0.000000 
166.000000 166.000511 166.001023 166.001789 166.002812 166.004090 166.005368 166.006902 166.008691 166.010225 166.011759 166.013548 166.015082 166.016616 166.018405 166.019939 166.021728 166.023262 166.025052 166.026841 166.028375 166.030164 166.031698 166.033487 166.035021 166.036810 166.038344 166.040134 0.000000 0.000000 0.000000 0.000000 0.000000 0.000000 0.000000 0.000000 0.000000 0.000000 0.000000 0.000000 0.000000 0.000000 0.000000 0.000000 0.000000 0.000000 0.000000 0.000000 0.000000 0.000000 0.000000 0.000000 0.000000 0.000000 0.000000 0.000000 0.000000 0.000000 0.000000 0.000000 0.000000 0.000000 0.000000 0.000000 
166.009970 166.001789 166.001534 166.001789 166.002301 166.003068 166.003834 166.004346 166.005113 166.005879 166.006902 166.008180 166.009203 166.010481 166.012015 166.013293 166.014826 166.016105 166.017638 166.019172 166.020706 166.022240 166.023773 166.025307 166.027097 166.028630 166.030164 166.031954 166.033487 166.035021 166.036810 166.038344 166.040134 166.041667 0.000000 0.000000 0.000000 0.000000 0.000000 0.000000 0.000000 0.000000 0.000000 0.000000 0.000000 0.000000 0.000000 0.000000 0.000000 0.000000 0.000000 0.000000 0.000000 0.000000 0.000000 0.000000 0.000000 0.000000 0.000000 0.000000 0.000000 0.000000 0.000000 0.000000 
0.000000 166.027608 166.013548 166.007158 166.004857 166.004601 166.004346 166.004601 166.005113 166.005624 166.006391 166.007158 166.007669 166.008436 166.009203 166.010225 166.010992 166.012270 166.013293 166.014571 166.015593 166.017127 166.018405 166.019939 166.021217 166.022751 166.024029 166.025563 166.027097 166.028375 166.029909 166.031442 166.032720 166.034254 166.036044 166.037577 166.039111 166.040645 0.000000 0.000000 0.000000 0.000000 0.000000 0.000000 0.000000 0.000000 0.000000 0.000000 0.000000 0.000000 0.000000 0.000000 0.000000 0.000000 0.000000 0.000000 0.000000 0.000000 0.000000 0.000000 0.000000 0.000000 0.000000 0.000000 
0.000000 0.000000 0.000000 166.028886 166.018916 166.013293 166.009970 166.008180 166.007669 166.007413 166.007158 166.007413 166.007669 166.008436 166.008947 166.009714 166.010225 166.010992 166.011759 166.012526 166.013293 166.014315 166.015338 166.016360 166.017383 166.018661 166.019683 166.020962 166.022240 166.023518 166.024796 166.026330 166.027608 166.029142 166.030675 166.031954 166.033487 166.034765 166.036299 166.037577 166.039111 166.040645 0.000000 0.000000 0.000000 0.000000 0.000000 0.000000 0.000000 0.000000 0.000000 0.000000 0.000000 0.000000 0.000000 0.000000 0.000000 0.000000 0.000000 0.000000 0.000000 0.000000 0.000000 0.000000 
0.000000 0.000000 0.000000 0.000000 0.000000 166.032976 166.024796 166.019172 166.015338 166.012781 166.011503 166.010736 166.010225 166.010225 166.010225 166.010225 166.010481 166.010992 166.011759 166.012270 166.013037 166.013548 166.014315 166.014826 166.015593 166.016616 166.017383 166.018405 166.019428 166.020450 166.021728 166.022751 166.024029 166.025052 166.026330 166.027352 166.028630 166.029909 166.031442 166.032720 166.034254 166.035532 166.037066 166.038344 166.039878 166.041156 0.000000 0.000000 0.000000 0.000000 0.000000 0.000000 0.000000 0.000000 0.000000 0.000000 0.000000 0.000000 0.000000 0.000000 0.000000 0.000000 0.000000 0.000000 
0.000000 0.000000 0.000000 0.000000 0.000000 0.000000 0.000000 166.038089 166.030675 166.025052 166.021217 166.018150 166.016105 166.014571 166.014060 166.013548 166.013037 166.013037 166.013037 166.013293 166.013548 166.013804 166.014315 166.014826 166.015593 166.016360 166.016871 166.017638 166.018150 166.018916 166.019939 166.020706 166.021728 166.022495 166.023518 166.024540 166.025818 166.026841 166.028119 166.029142 166.030420 166.031442 166.032720 166.033999 166.035021 166.036555 166.037833 166.039111 166.040645 0.000000 0.000000 0.000000 0.000000 0.000000 0.000000 0.000000 0.000000 0.000000 0.000000 0.000000 0.000000 0.000000 0.000000 0.000000 
0.000000 0.000000 0.000000 0.000000 0.000000 0.000000 0.000000 0.000000 0.000000 0.000000 166.036810 166.031187 166.026841 166.023518 166.020962 166.019172 166.017894 166.017127 166.016616 166.016105 166.015849 166.015849 166.015849 166.016105 166.016360 166.016616 166.017127 166.017638 166.018150 166.018916 166.019683 166.020195 166.020962 166.021473 166.022240 166.023007 166.023773 166.024796 166.025818 166.026585 166.027608 166.028886 166.029909 166.030931 166.032209 166.033232 166.034510 166.035532 166.036810 166.038089 166.039111 166.040389 166.041667 0.000000 0.000000 0.000000 0.000000 0.000000 0.000000 0.000000 0.000000 0.000000 0.000000 0.000000 
0.000000 0.000000 0.000000 0.000000 0.000000 0.000000 0.000000 0.000000 0.000000 0.000000 0.000000 0.000000 0.000000 166.037066 166.032720 166.029142 166.026330 166.024029 166.022495 166.021217 166.020450 166.019683 166.019428 166.018916 166.018661 166.018661 166.018916 166.018916 166.019172 166.019428 166.019939 166.020450 166.020962 166.021473 166.022240 166.022751 166.023518 166.024285 166.024796 166.025563 166.026330 166.027097 166.028119 166.028886 166.029909 166.030931 166.031954 166.032976 166.033999 166.035277 166.036299 166.037322 166.038600 166.039878 166.040901 0.000000 0.000000 0.000000 0.000000 0.000000 0.000000 0.000000 0.000000 0.000000 
0.000000 0.000000 0.000000 0.000000 0.000000 0.000000 0.000000 0.000000 0.000000 0.000000 0.000000 0.000000 0.000000 0.000000 0.000000 0.000000 166.038856 166.035021 166.031698 166.029142 166.027097 166.025563 166.024285 166.023518 166.023007 166.022495 166.021984 166.021728 166.021728 166.021728 166.021728 166.021984 166.021984 166.022240 166.022751 166.023007 166.023518 166.024285 166.024796 166.025563 166.026074 166.026841 166.027352 166.028119 166.028886 166.029653 166.030420 166.031442 166.032209 166.033232 166.033999 166.035021 166.036044 166.037066 166.038089 166.039367 166.040389 166.041667 0.000000 0.000000 0.000000 0.000000 0.000000 0.000000 
0.000000 0.000000 0.000000 0.000000 0.000000 0.000000 0.000000 0.000000 0.000000 0.000000 0.000000 0.000000 0.000000 0.000000 0.000000 0.000000 0.000000 0.000000 0.000000 166.040645 166.037322 166.034510 166.032209 166.030420 166.028886 166.027608 166.026841 166.026074 166.025563 166.025307 166.024796 166.024540 166.024540 166.024540 166.024540 166.024796 166.024796 166.025307 166.025563 166.025818 166.026330 166.026841 166.027608 166.028119 166.028886 166.029397 166.030164 166.030675 166.031442 166.032209 166.032976 166.033743 166.034510 166.035532 166.036299 166.037322 166.038089 166.039111 166.040134 166.041412 0.000000 0.000000 0.000000 0.000000 
0.000000 0.000000 0.000000 0.000000 0.000000 0.000000 0.000000 0.000000 0.000000 0.000000 0.000000 0.000000 0.000000 0.000000 0.000000 0.000000 0.000000 0.000000 0.000000 0.000000 0.000000 0.000000 0.000000 166.040134 166.037577 166.035277 166.033487 166.031954 166.030675 166.029909 166.029397 166.028886 166.028375 166.027863 166.027608 166.027352 166.027352 166.027352 166.027608 166.027608 166.027863 166.028119 166.028375 166.028886 166.029142 166.029653 166.030164 166.030675 166.031442 166.032209 166.032720 166.033487 166.033999 166.034765 166.035277 166.036044 166.037066 166.037833 166.038600 166.039622 166.040389 166.041412 0.000000 0.000000 
0.000000 0.000000 0.000000 0.000000 0.000000 0.000000 0.000000 0.000000 0.000000 0.000000 0.000000 0.000000 0.000000 0.000000 0.000000 0.000000 0.000000 0.000000 0.000000 0.000000 0.000000 0.000000 0.000000 0.000000 0.000000 0.000000 0.000000 166.040389 166.038344 166.036555 166.035277 166.033999 166.033232 166.032465 166.031954 166.031442 166.031187 166.030675 166.030420 166.030164 166.030164 166.030164 166.030420 166.030420 166.030675 166.030931 166.031187 166.031698 166.031954 166.032209 166.032976 166.033487 166.033999 166.034765 166.035277 166.036044 166.036810 166.037322 166.038089 166.038600 166.039367 166.040389 166.041156 0.000000 
0.000000 0.000000 0.000000 0.000000 0.000000 0.000000 0.000000 0.000000 0.000000 0.000000 0.000000 0.000000 0.000000 0.000000 0.000000 0.000000 0.000000 0.000000 0.000000 0.000000 0.000000 0.000000 0.000000 0.000000 0.000000 0.000000 0.000000 0.000000 0.000000 0.000000 0.000000 166.041412 166.039878 166.038344 166.037322 166.036299 166.035788 166.035021 166.034765 166.034254 166.033743 166.033487 166.033232 166.032976 166.032976 166.033232 166.033232 166.033487 166.033487 166.033743 166.033999 166.034510 166.034765 166.035277 166.035532 166.036299 166.036810 166.037322 166.038089 166.038600 166.039367 166.039878 166.040645 166.041412 
0.000000 0.000000 0.000000 0.000000 0.000000 0.000000 0.000000 0.000000 0.000000 0.000000 0.000000 0.000000 0.000000 0.000000 0.000000 0.000000 0.000000 0.000000 0.000000 0.000000 0.000000 0.000000 0.000000 0.000000 0.000000 0.000000 0.000000 0.000000 0.000000 0.000000 0.000000 0.000000 0.000000 0.000000 0.000000 0.000000 166.041667 166.040389 166.039622 166.038856 166.038344 166.037833 166.037322 166.036810 166.036555 166.036299 166.036044 166.036044 166.036044 166.036044 166.036299 166.036299 166.036555 166.036810 166.037066 166.037322 166.037577 166.038089 166.038344 166.038856 166.039367 166.040134 166.040645 166.041412 
0.000000 0.000000 0.000000 0.000000 0.000000 0.000000 0.000000 0.000000 0.000000 0.000000 0.000000 0.000000 0.000000 0.000000 0.000000 0.000000 0.000000 0.000000 0.000000 0.000000 0.000000 0.000000 0.000000 0.000000 0.000000 0.000000 0.000000 0.000000 0.000000 0.000000 0.000000 0.000000 0.000000 0.000000 0.000000 0.000000 0.000000 0.000000 0.000000 0.000000 0.000000 0.000000 0.000000 166.041667 166.040901 166.040645 166.040134 166.039622 166.039367 166.039111 166.038856 166.038856 166.038856 166.038856 166.039111 166.039111 166.039367 166.039622 166.039878 166.040134 166.040389 166.040901 166.041156 166.041667 
0.000000 0.000000 0.000000 0.000000 0.000000 0.000000 0.000000 0.000000 0.000000 0.000000 0.000000 0.000000 0.000000 0.000000 0.000000 0.000000 0.000000 0.000000 0.000000 0.000000 0.000000 0.000000 0.000000 0.000000 0.000000 0.000000 0.000000 0.000000 0.000000 0.000000 0.000000 0.000000 0.000000 0.000000 0.000000 0.000000 0.000000 0.000000 0.000000 0.000000 0.000000 0.000000 0.000000 0.000000 0.000000 0.000000 0.000000 0.000000 0.000000 0.000000 0.000000 0.000000 0.000000 0.000000 166.041667 166.041667 166.041667 0.000000 0.000000 0.000000 0.000000 0.000000 0.000000 0.000000 
