test/output/constant/M3M485_S060_A090_WD225.0_WS040.0/M3M485_S060_A090_WD225.0_WS040.0_arrival.asc
ncols         30
nrows         13
xllcorner     426503.990666
yllcorner     12747655.311160
cellsize      100.000000
NODATA_value  0.000000
166.033530 166.017494 166.017008 166.018466 166.021381 166.025269 166.029156 166.033044 166.036931 166.040333 0.000000 0.000000 0.000000 0.000000 0.000000 0.000000 0.000000 0.000000 0.000000 0.000000 0.000000 0.000000 0.000000 0.000000 0.000000 0.000000 0.000000 0.000000 0.000000 0.000000 
166.025755 166.000000 166.000972 166.002430 166.004859 166.008261 166.011663 166.015550 166.019438 166.023325 166.027213 166.030614 166.034502 166.038389 0.000000 0.000000 0.000000 0.000000 0.000000 0.000000 0.000000 0.000000 0.000000 0.000000 0.000000 0.000000 0.000000 0.000000 0.000000 0.000000 
166.031586 166.003888 166.001944 166.002430 166.003888 166.005345 166.006803 166.009233 166.011663 166.014578 166.017980 166.021381 166.024783 166.028184 166.031586 166.035474 166.038875 0.000000 0.000000 0.000000 0.000000 0.000000 0.000000 0.000000 0.000000 0.000000 0.000000 0.000000 0.000000 0.000000 
0.000000 166.021867 166.011177 166.006317 166.005831 166.005831 166.006803 166.008261 166.009719 166.011663 166.013606 166.016036 166.018466 166.021381 166.024297 166.027213 166.030614 166.034016 166.037417 166.040819 0.000000 0.000000 0.000000 0.000000 0.000000 0.000000 0.000000 0.000000 0.000000 0.000000 
0.000000 0.000000 166.027699 166.017980 166.012148 166.009719 166.009233 166.009233 166.010205 166.011177 166.012634 166.014578 166.016036 166.017980 166.020409 166.022353 166.025269 166.028184 166.031100 166.034016 166.036931 166.040333 0.000000 0.000000 0.000000 0.000000 0.000000 0.000000 0.000000 0.000000 
0.000000 0.000000 0.000000 166.034016 166.024783 166.018952 166.015064 166.013606 166.013120 166.013120 166.013120 166.014578 166.016036 166.017494 166.018952 166.020409 166.022353 166.024783 166.026727 166.029156 166.032072 166.034988 166.037903 166.040819 0.000000 0.000000 0.000000 0.000000 0.000000 0.000000 
0.000000 0.000000 0.000000 0.000000 166.040333 166.031586 166.025755 166.020895 166.018466 166.017008 166.016522 166.016522 166.017008 166.017494 166.018952 166.020409 166.021867 166.023325 166.024783 166.026727 166.029156 166.031100 166.033530 166.035959 166.038389 166.041305 0.000000 0.000000 0.000000 0.000000 
0.000000 0.000000 0.000000 0.000000 0.000000 0.000000 166.038875 166.032558 166.027213 166.023811 166.021867 166.020895 166.020409 166.020409 166.020409 166.020895 166.021867 166.023325 166.024783 166.026241 166.027699 166.029642 166.031586 166.033530 166.035474 166.037903 166.040333 0.000000 0.000000 0.000000 
0.000000 0.000000 0.000000 0.000000 0.000000 0.000000 0.000000 0.000000 166.039361 166.034016 166.029642 166.027213 166.025269 166.024297 166.023811 166.023811 166.024297 166.024297 166.025269 166.026727 166.027699 166.029156 166.030614 166.032072 166.034016 166.035959 166.037903 166.040333 0.000000 0.000000 
0.000000 0.000000 0.000000 0.000000 0.000000 0.000000 0.000000 0.000000 0.000000 0.000000 166.040333 166.035959 166.032558 166.030614 166.028670 166.028184 166.027699 166.027699 166.027699 166.028184 166.028670 166.029642 166.030614 166.032072 166.033530 166.034988 166.036931 166.038389 166.040333 0.000000 
0.000000 0.000000 0.000000 0.000000 0.000000 0.000000 0.000000 0.000000 0.000000 0.000000 0.000000 0.000000 0.000000 166.038389 166.035959 166.034016 166.032558 166.031586 166.031586 166.031100 166.031100 166.031586 166.032072 166.033044 166.034016 166.035474 166.036931 166.038389 166.039847 166.041305 
0.000000 0.000000 0.000000 0.000000 0.000000 0.000000 0.000000 0.000000 0.000000 0.000000 0.000000 0.000000 0.000000 0.000000 0.000000 166.041305 166.039361 166.037417 166.035959 166.035474 166.034988 166.034988 166.034988 166.034988 166.035474 166.035959 166.036931 166.038389 166.039847 166.041305 
0.000000 0.000000 0.000000 0.000000 0.000000 0.000000 0.000000 0.000000 0.000000 0.000000 0.000000 0.000000 0.000000 0.000000 0.000000 0.000000 0.000000 0.000000 0.000000 166.040819 166.039847 166.038875 166.038875 166.038389 166.038389 166.038875 166.038875 166.039847 166.040333 166.041305 
