test/output/constant/M3M485_S060_A090_WD225.0_WS040.0/M3M485_S060_A090_WD225.0_WS040.0_intensity.asc
ncols         30
nrows         13
xllcorner     426503.990666
yllcorner     12747655.311160
cellsize      100.000000
NODATA_value  0.000000
1780 8534 6267 8534 21133 24706 8534 11235 14296 21133 0 0 0 0 0 0 0 0 0 0 0 0 0 0 0 0 0 0 0 0 
2298 0 43934 43934 34764 34764 24706 21133 34764 14296 14296 21133 21133 11235 0 0 0 0 0 0 0 0 0 0 0 0 0 0 0 0 
2484 29222 43934 43934 43934 43934 43934 11235 34764 37558 14296 14296 11235 11235 4486 14296 17628 0 0 0 0 0 0 0 0 0 0 0 0 0 
0 3496 1667 35594 43934 43934 43934 43934 43934 43934 43934 43934 37558 41788 37558 34764 6267 11235 11235 37558 0 0 0 0 0 0 0 0 0 0 
0 0 2484 32546 35594 32546 43934 43898 43934 43934 43934 14296 43934 43934 43934 37558 43934 8534 43809 34764 31626 14296 0 0 0 0 0 0 0 0 
0 0 0 32546 32546 35594 35594 43934 43934 43934 43934 43934 43934 43934 43934 43934 43934 11235 39923 39923 14296 6267 14296 4486 0 0 0 0 0 0 
0 0 0 0 25723 29222 35594 35594 35594 42216 43934 43359 43934 43934 43934 43934 43934 43934 43934 43934 11235 41788 43934 41788 37558 43097 0 0 0 0 
0 0 0 0 0 0 35594 35594 32546 35594 38274 2484 42216 43934 43934 43934 43934 43934 43934 43934 43934 43934 43934 14296 37558 28240 43934 0 0 0 
0 0 0 0 0 0 0 0 35594 35594 35594 38274 35594 43898 43359 43898 43934 43934 43934 43934 43934 43934 43934 43934 43934 43934 43809 14296 0 0 
0 0 0 0 0 0 0 0 0 0 32546 35594 35594 43359 35594 43934 43934 43934 43934 43934 43934 43934 43934 43934 43934 43934 14296 31626 43934 0 
0 0 0 0 0 0 0 0 0 0 0 0 0 35594 35594 43934 43934 42216 43934 43359 43359 43934 43934 43934 43934 43934 43934 43934 14296 43934 
0 0 0 0 0 0 0 0 0 0 0 0 0 0 0 32546 42216 43934 38274 43934 42216 43934 43934 43359 43934 43934 43934 43934 43934 43934 
0 0 0 0 0 0 0 0 0 0 0 0 0 0 0 0 0 0 0 43898 43934 35594 43934 43898 43359 43934 43934 43934 43934 43934 
