test/output/constant/C3_S060_A000_WD090.0_WS050.0/C3_S060_A000_WD090.0_WS050.0_arrival.asc
ncols         45
nrows         7
xllcorner     422203.990666
yllcorner     12748455.311160
cellsize      100.000000
NODATA_value  0.000000
0.000000 0.000000 0.000000 0.000000 0.000000 0.000000 0.000000 0.000000 0.000000 0.000000 0.000000 166.041456 166.040703 166.040326 166.039572 166.038818 166.038441 166.037688 166.036934 166.036557 166.035803 166.035803 166.036180 166.036180 166.036180 166.036934 166.037311 166.037688 166.038441 166.039195 166.040326 0.000000 0.000000 0.000000 0.000000 0.000000 0.000000 0.000000 0.000000 0.000000 0.000000 0.000000 0.000000 0.000000 0.000000 
0.000000 0.000000 0.000000 0.000000 166.041079 166.040326 166.039195 166.038441 166.037688 166.036557 166.035803 166.034673 166.033919 166.033165 166.032411 166.031658 166.030527 166.029773 166.029019 166.028266 166.027512 166.027135 166.026381 166.025628 166.024874 166.024497 166.023743 166.022989 166.022613 166.021859 166.021482 166.021859 166.021859 166.022236 166.022989 166.023743 166.024874 166.026758 166.029773 166.033919 0.000000 0.000000 0.000000 0.000000 0.000000 
0.000000 166.041079 166.039949 166.039195 166.038441 166.037311 166.036557 166.035426 166.034673 166.033542 166.032788 166.031658 166.030904 166.029773 166.029019 166.027889 166.027135 166.026381 166.025251 166.024497 166.023366 166.022613 166.021482 166.020728 166.019598 166.018844 166.018090 166.016959 166.016206 166.015075 166.014321 166.013191 166.012437 166.011683 166.010553 166.009799 166.009045 166.008668 166.007914 166.007161 166.007538 166.007914 166.010176 166.015829 0.000000 
166.041079 166.040326 166.039195 166.038441 166.037311 166.036557 166.035426 166.034673 166.033542 166.032788 166.031658 166.030904 166.029773 166.029019 166.027889 166.027135 166.026004 166.025251 166.024120 166.023366 166.022236 166.021482 166.020351 166.019598 166.018467 166.017713 166.016583 166.015829 166.014698 166.013944 166.012814 166.012060 166.010929 166.010176 166.009045 166.008291 166.007161 166.006407 166.005276 166.004523 166.003392 166.002638 166.001508 166.000754 166.000000 
0.000000 166.041079 166.039949 166.039195 166.038441 166.037311 166.036557 166.035426 166.034673 166.033542 166.032788 166.031658 166.030904 166.029773 166.029019 166.027889 166.027135 166.026381 166.025251 166.024497 166.023366 166.022613 166.021482 166.020728 166.019598 166.018844 166.018090 166.016959 166.016206 166.015075 166.014321 166.013191 166.012437 166.011683 166.010553 166.009799 166.009045 166.008668 166.007914 166.007161 166.007538 166.007914 166.010176 166.015829 0.000000 
0.000000 0.000000 0.000000 0.000000 166.041079 166.040326 166.039195 166.038441 166.037688 166.036557 166.035803 166.034673 166.033919 166.033165 166.032411 166.031658 166.030527 166.029773 166.029019 166.028266 166.027512 166.027135 166.026381 166.025628 166.024874 166.024497 166.023743 166.022989 166.022613 166.021859 166.021482 166.021859 166.021859 166.022236 166.022989 166.023743 166.024874 166.026758 166.029773 166.033919 0.000000 0.000000 0.000000 0.000000 0.000000 
0.000000 0.000000 0.000000 0.000000 0.000000 0.000000 0.000000 0.000000 0.000000 0.000000 0.000000 166.041456 166.040703 166.040326 166.039572 166.038818 166.038441 166.037688 166.036934 166.036557 166.035803 166.035803 166.036180 166.036180 166.036180 166.036934 166.037311 166.037688 166.038441 166.039195 166.040326 0.000000 0.000000 0.000000 0.000000 0.000000 0.000000 0.000000 0.000000 0.000000 0.000000 0.000000 0.000000 0.000000 0.000000 
