test/output/constant/M3M480_S060_A180_WD135.0_WS035.0/M3M480_S060_A180_WD135.0_WS035.0_ros.asc
ncols         15
nrows         25
xllcorner     426503.990666
yllcorner     12748655.311160
cellsize      100.000000
NODATA_value  0.000000
0.000000 0.000000 0.000000 0.000000 0.000000 0.000000 0.000000 0.000000 0.000000 0.000000 0.000000 43.119198 44.024441 44.024441 44.024441 
0.000000 0.000000 0.000000 0.000000 0.000000 0.000000 0.000000 0.000000 0.000000 0.000000 44.024441 44.024441 44.004742 44.024441 44.024441 
0.000000 0.000000 0.000000 0.000000 0.000000 0.000000 0.000000 0.000000 0.000000 44.024441 44.024441 44.024441 44.024441 44.024441 44.024441 
0.000000 0.000000 0.000000 0.000000 0.000000 0.000000 0.000000 0.000000 44.024441 44.024441 44.024441 44.024441 44.024441 44.024441 44.024441 
0.000000 0.000000 0.000000 0.000000 0.000000 0.000000 0.000000 44.024441 24.695038 44.024441 44.024441 44.024441 44.024441 44.024441 44.024441 
0.000000 0.000000 0.000000 0.000000 0.000000 0.000000 0.000000 44.024441 41.777420 41.777420 44.024441 44.024441 44.024441 44.024441 43.498085 
0.000000 0.000000 0.000000 0.000000 0.000000 0.000000 44.024441 39.887848 41.777420 44.024441 43.872570 44.024441 42.391781 43.498085 44.024441 
0.000000 0.000000 0.000000 0.000000 0.000000 39.887848 44.024441 34.708923 44.024441 44.024441 44.024441 44.024441 44.004742 32.890064 0.000000 
0.000000 0.000000 0.000000 0.000000 0.000000 39.887848 44.024441 44.024441 44.024441 44.024441 44.024441 44.024441 42.391781 32.890064 0.000000 
0.000000 0.000000 0.000000 0.000000 41.777420 44.024441 39.887848 37.507671 44.024441 44.024441 44.024441 42.391781 44.024441 32.890064 0.000000 
0.000000 0.000000 0.000000 0.000000 31.576267 44.024441 44.024441 44.024441 44.024441 44.024441 35.895447 44.024441 32.890064 0.000000 0.000000 
0.000000 0.000000 0.000000 24.695038 41.777420 41.777420 43.872570 44.024441 44.024441 44.024441 44.024441 32.890064 44.024441 0.000000 0.000000 
0.000000 0.000000 0.000000 21.153889 41.777420 41.777420 44.024441 44.024441 44.024441 44.024441 43.498085 35.895447 32.890064 0.000000 0.000000 
0.000000 0.000000 24.695038 28.204386 44.024441 44.024441 44.024441 44.024441 44.024441 44.024441 35.895447 32.890064 0.000000 0.000000 0.000000 
0.000000 0.000000 37.507671 44.024441 44.024441 44.024441 44.024441 44.024441 32.890064 44.024441 32.890064 7.375977 0.000000 0.000000 0.000000 
0.000000 21.153889 24.695038 44.024441 43.119198 44.024441 44.024441 43.498085 44.024441 32.890064 32.890064 0.000000 0.000000 0.000000 0.000000 
0.000000 28.204386 43.872570 44.024441 44.024441 44.024441 44.024441 44.024441 32.890064 32.890064 0.000000 0.000000 0.000000 0.000000 0.000000 
0.000000 31.576267 28.204386 44.024441 44.024441 44.024441 44.004742 32.890064 35.895447 32.890064 0.000000 0.000000 0.000000 0.000000 0.000000 
0.000000 31.576267 39.887848 44.024441 44.024441 44.024441 35.895447 32.890064 32.890064 0.000000 0.000000 0.000000 0.000000 0.000000 0.000000 
21.153889 28.204386 44.024441 44.024441 44.024441 43.498085 35.895447 29.606758 0.000000 0.000000 0.000000 0.000000 0.000000 0.000000 0.000000 
24.695038 34.708923 44.024441 44.024441 44.024441 35.895447 29.606758 3.890261 0.000000 0.000000 0.000000 0.000000 0.000000 0.000000 0.000000 
14.397919 44.024441 44.024441 44.024441 29.606758 32.890064 3.890261 0.000000 0.000000 0.000000 0.000000 0.000000 0.000000 0.000000 0.000000 
4.758952 44.024441 44.024441 32.890064 26.144810 22.608622 0.000000 0.000000 0.000000 0.000000 0.000000 0.000000 0.000000 0.000000 0.000000 
6.503656 -1.000000 32.890064 19.104340 3.890261 0.000000 0.000000 0.000000 0.000000 0.000000 0.000000 0.000000 0.000000 0.000000 0.000000 
1.507926 2.634010 2.824427 0.000000 0.000000 0.000000 0.000000 0.000000 0.000000 0.000000 0.000000 0.000000 0.000000 0.000000 0.000000 
