test/output/constant/M395_S000_A270_WD090.0_WS020.0/M395_S000_A270_WD090.0_WS020.0_arrival.asc
ncols         29
nrows         11
xllcorner     424003.990666
yllcorner     12748255.311160
cellsize      100.000000
NODATA_value  0.000000
0.000000 0.000000 0.000000 0.000000 0.000000 0.000000 0.000000 166.041666 166.040364 166.039062 166.038411 166.037760 166.037109 166.036458 166.036458 166.035807 166.035807 166.035807 166.036458 166.037109 166.038411 166.040364 0.000000 0.000000 0.000000 0.000000 0.000000 0.000000 0.000000 
0.000000 0.000000 0.000000 0.000000 166.041015 166.039713 166.038411 166.037109 166.035807 166.035156 166.033854 166.032552 166.031250 166.030599 166.029297 166.028646 166.028646 166.027995 166.027995 166.027995 166.028646 166.029297 166.031250 166.033203 166.036458 166.041015 0.000000 0.000000 0.000000 
0.000000 0.000000 166.041666 166.039713 166.038411 166.037109 166.035156 166.033854 166.032552 166.031250 166.029948 166.028646 166.027343 166.026041 166.024739 166.023437 166.022135 166.021484 166.020833 166.020182 166.020182 166.020182 166.020833 166.022135 166.024088 166.027343 166.032552 166.041666 0.000000 
0.000000 166.041015 166.039713 166.038411 166.036458 166.035156 166.033203 166.031901 166.029948 166.028646 166.027343 166.025390 166.024088 166.022786 166.020833 166.019531 166.018229 166.016927 166.015625 166.014323 166.013021 166.012370 166.012370 166.012370 166.013021 166.014974 166.018880 166.027343 166.039713 
0.000000 166.040364 166.039062 166.037109 166.035807 166.033854 166.032552 166.030599 166.029297 166.027343 166.026041 166.024088 166.022786 166.020833 166.019531 166.017578 166.016276 166.014323 166.013021 166.011068 166.009766 166.008463 166.006510 166.005208 166.004557 166.004557 166.005208 166.013672 166.030599 
166.041666 166.040364 166.038411 166.037109 166.035156 166.033854 166.031901 166.030599 166.028646 166.027343 166.025390 166.024088 166.022135 166.020833 166.018880 166.017578 166.015625 166.014323 166.012370 166.011068 166.009114 166.007812 166.005859 166.004557 166.002604 166.001302 166.000000 166.009766 166.028646 
0.000000 166.040364 166.039062 166.037109 166.035807 166.033854 166.032552 166.030599 166.029297 166.027343 166.026041 166.024088 166.022786 166.020833 166.019531 166.017578 166.016276 166.014323 166.013021 166.011068 166.009766 166.008463 166.006510 166.005208 166.004557 166.004557 166.005208 166.013672 166.030599 
0.000000 166.041015 166.039713 166.038411 166.036458 166.035156 166.033203 166.031901 166.029948 166.028646 166.027343 166.025390 166.024088 166.022786 166.020833 166.019531 166.018229 166.016927 166.015625 166.014323 166.013021 166.012370 166.012370 166.012370 166.013021 166.014974 166.018880 166.027343 166.039713 
0.000000 0.000000 166.041666 166.039713 166.038411 166.037109 166.035156 166.033854 166.032552 166.031250 166.029948 166.028646 166.027343 166.026041 166.024739 166.023437 166.022135 166.021484 166.020833 166.020182 166.020182 166.020182 166.020833 166.022135 166.024088 166.027343 166.032552 166.041666 0.000000 
0.000000 0.000000 0.000000 0.000000 166.041015 166.039713 166.038411 166.037109 166.035807 166.035156 166.033854 166.032552 166.031250 166.030599 166.029297 166.028646 166.028646 166.027995 166.027995 166.027995 166.028646 166.029297 166.031250 166.033203 166.036458 166.041015 0.000000 0.000000 0.000000 
0.000000 0.000000 0.000000 0.000000 0.000000 0.000000 0.000000 166.041666 166.040364 166.039062 166.038411 166.037760 166.037109 166.036458 166.036458 166.035807 166.035807 166.035807 166.036458 166.037109 166.038411 166.040364 0.000000 0.000000 0.000000 0.000000 0.000000 0.000000 0.000000 
