test/output/constant/M3M4100_S060_A180_WD000.0_WS010.0/M3M4100_S060_A180_WD000.0_WS010.0_intensity.asc
ncols         55
nrows         17
xllcorner     426603.990666
yllcorner     12747255.311160
cellsize      100.000000
NODATA_value  0.000000
958 18026 18026 18026 18026 18026 18026 45352 30918 18026 38049 24176 45352 30918 18026 38049 24176 0 0 0 0 0 0 0 0 0 0 0 0 0 0 0 0 0 0 0 0 0 0 0 0 0 0 0 0 0 0 0 0 0 0 0 0 0 0 
0 85695 85695 85695 83685 66092 71917 66092 66092 80848 24176 18026 59589 24176 45352 45352 18026 38049 24176 45352 30918 18026 38049 24176 45352 0 0 0 0 0 0 0 0 0 0 0 0 0 0 0 0 0 0 0 0 0 0 0 0 0 0 0 0 0 0 
1364 83248 85695 85695 85695 85695 85695 12654 85695 85309 85695 85695 85624 24176 76885 18026 71917 76885 18026 66092 71917 38049 24176 30918 12654 66092 59589 30918 18026 0 0 0 0 0 0 0 0 0 0 0 0 0 0 0 0 0 0 0 0 0 0 0 0 0 0 
1364 1364 1364 58338 85695 85695 85695 85695 85695 85695 85695 85695 85695 85695 85695 85695 85695 80848 30918 85695 71917 18026 71917 12654 71917 18026 30918 76885 76885 76885 71917 76885 66092 0 0 0 0 0 0 0 0 0 0 0 0 0 0 0 0 0 0 0 0 0 0 
0 0 1006 2490 58338 58338 85695 58338 85695 85695 85695 85695 85695 85695 85695 85624 76885 76885 85624 85695 24176 83685 24176 83685 85695 83685 18026 85695 71917 18026 76885 12654 71917 80848 24176 76885 24176 0 0 0 0 0 0 0 0 0 0 0 0 0 0 0 0 0 0 
0 0 0 2490 44026 58338 58338 64940 58338 80196 85695 85695 85695 85695 85695 85695 85695 85695 85695 85695 85695 18026 85695 85695 85695 85695 24176 85695 24176 85695 85695 85695 85624 76885 85695 85695 30918 80848 24176 85624 0 0 0 0 0 0 0 0 0 0 0 0 0 0 0 
0 0 0 0 0 51296 51296 58338 58338 58338 58338 85695 85695 64940 83248 85695 85695 85695 85695 85695 85695 85695 85695 85695 85695 85695 85695 85695 24176 30918 30918 85695 83685 85695 30918 85695 85695 24176 18026 85695 85309 30918 71917 0 0 0 0 0 0 0 0 0 0 0 0 
0 0 0 0 0 0 0 51296 4523 64940 58338 58338 58338 80196 85101 85695 85695 85695 85101 85695 85695 85695 85695 85695 85695 85695 85695 85695 85695 71917 85309 85695 66092 76885 85695 71917 80848 85695 85624 85695 24176 85695 85695 80848 83685 0 0 0 0 0 0 0 0 0 0 
0 0 0 0 0 0 0 0 0 0 58338 58338 58338 58338 58338 58338 85695 58338 58338 76038 80196 85695 85695 85695 85695 85695 85695 85695 85695 85695 85695 85695 85695 85695 85695 85695 83685 85695 85695 85695 85624 85695 80848 85695 85624 85695 30918 0 0 0 0 0 0 0 0 
0 0 0 0 0 0 0 0 0 0 0 0 58338 58338 64940 58338 64940 58338 85695 85695 85101 83248 85695 80196 85695 85695 85695 85695 85695 85695 85695 85695 85695 85624 85695 85695 85695 85695 85695 80848 85624 85695 85695 66092 85695 85695 30918 85695 85695 59589 0 0 0 0 0 
0 0 0 0 0 0 0 0 0 0 0 0 0 0 0 58338 58338 58338 58338 83248 58338 58338 85101 85695 85520 83248 85695 85695 85695 85101 85695 85695 85695 80196 85695 85695 85695 85695 85695 85695 85695 85695 83685 85695 76885 85695 85695 85624 85695 76885 45352 0 0 0 0 
0 0 0 0 0 0 0 0 0 0 0 0 0 0 0 0 0 0 58338 58338 58338 64940 58338 58338 85695 58338 58338 85695 85695 80196 85695 85695 85695 85695 85695 85695 85695 85695 83248 85695 85695 85695 85695 85695 85695 85695 85695 85695 85695 85695 71917 85695 80848 0 0 
0 0 0 0 0 0 0 0 0 0 0 0 0 0 0 0 0 0 0 0 0 64940 58338 58338 58338 58338 58338 85695 83248 83248 83248 85101 85695 83248 85695 85695 83248 85695 85695 85695 85695 85695 85695 85695 85695 85695 85695 80848 85695 85695 85695 80848 85695 85695 0 
0 0 0 0 0 0 0 0 0 0 0 0 0 0 0 0 0 0 0 0 0 0 0 0 0 64940 58338 80196 58338 64940 85101 85695 85695 80196 85695 83248 85695 85695 83248 85695 83248 85695 85695 85695 85695 85695 85695 85695 85695 85695 85695 85695 30918 85695 85695 
0 0 0 0 0 0 0 0 0 0 0 0 0 0 0 0 0 0 0 0 0 0 0 0 0 0 0 0 0 58338 85520 58338 80196 58338 58338 85695 85695 85101 70900 80196 85695 85695 85695 85695 85101 85695 80196 85695 85695 85695 85695 85695 85695 85695 85695 
0 0 0 0 0 0 0 0 0 0 0 0 0 0 0 0 0 0 0 0 0 0 0 0 0 0 0 0 0 0 0 0 0 0 64940 85695 80196 83248 80196 85695 85695 85520 85695 85695 85695 85695 85695 85695 85695 85695 85695 85695 85695 85695 85695 
0 0 0 0 0 0 0 0 0 0 0 0 0 0 0 0 0 0 0 0 0 0 0 0 0 0 0 0 0 0 0 0 0 0 0 0 0 0 0 0 0 58338 83248 85520 85695 85695 85695 83248 85695 85695 85695 85695 85695 85695 0 
