test/output/constant/M3M460_S060_A270_WD180.0_WS005.0/M3M460_S060_A270_WD180.0_WS005.0_arrival.asc
ncols         7
nrows         36
xllcorner     426303.990666
yllcorner     12748755.311160
cellsize      100.000000
NODATA_value  0.000000
0.000000 0.000000 166.041667 166.041514 166.041667 0.000000 0.000000 
0.000000 0.000000 166.040560 166.040082 166.040560 0.000000 0.000000 
0.000000 166.041667 166.039605 166.039128 166.039605 166.041667 0.000000 
0.000000 166.040560 166.038174 166.037696 166.038174 166.040560 0.000000 
0.000000 166.039605 166.037219 166.036742 166.037219 166.039605 0.000000 
0.000000 166.038174 166.035788 166.035311 166.035788 166.038174 0.000000 
166.041514 166.037219 166.034833 166.034356 166.034833 166.037219 166.041514 
166.040560 166.036265 166.033402 166.032925 166.033402 166.036265 166.040560 
166.039605 166.035311 166.032448 166.031970 166.032448 166.035311 166.039605 
166.039128 166.033879 166.031016 166.030539 166.031016 166.033879 166.039128 
166.038174 166.032925 166.030062 166.029585 166.030062 166.032925 166.038174 
166.037219 166.031493 166.028630 166.028153 166.028630 166.031493 166.037219 
166.036265 166.030539 166.027676 166.027199 166.027676 166.030539 166.036265 
166.035788 166.029585 166.026722 166.025767 166.026722 166.029585 166.035788 
166.034833 166.028630 166.025290 166.024813 166.025290 166.028630 166.034833 
166.033879 166.027199 166.024336 166.023381 166.024336 166.027199 166.033879 
166.033402 166.026244 166.022904 166.022427 166.022904 166.026244 166.033402 
166.032448 166.025290 166.021950 166.020996 166.021950 166.025290 166.032448 
166.031970 166.024813 166.020996 166.020041 166.020996 166.024813 166.031970 
166.031970 166.023859 166.019564 166.018610 166.019564 166.023859 166.031970 
166.031970 166.022904 166.018610 166.017655 166.018610 166.022904 166.031970 
166.031970 166.021950 166.017178 166.016224 166.017178 166.021950 166.031970 
166.031970 166.020996 166.016224 166.015269 166.016224 166.020996 166.031970 
166.032448 166.020518 166.014792 166.013838 166.014792 166.020518 166.032448 
166.032925 166.019564 166.013838 166.012884 166.013838 166.019564 166.032925 
166.033879 166.019087 166.012884 166.011452 166.012884 166.019087 166.033879 
166.035311 166.019087 166.011452 166.010498 166.011452 166.019087 166.035311 
166.037219 166.019564 166.010498 166.009066 166.010498 166.019564 166.037219 
166.040082 166.019564 166.009543 166.008112 166.009543 166.019564 166.040082 
0.000000 166.020041 166.008589 166.006680 166.008589 166.020041 0.000000 
0.000000 166.021950 166.007635 166.005726 166.007635 166.021950 0.000000 
0.000000 166.024336 166.006680 166.004295 166.006680 166.024336 0.000000 
0.000000 166.029585 166.006680 166.003340 166.006680 166.029585 0.000000 
0.000000 166.039128 166.006680 166.001909 166.006680 166.039128 0.000000 
0.000000 0.000000 166.009066 166.000954 166.009066 0.000000 0.000000 
0.000000 0.000000 166.020518 166.000000 166.020518 0.000000 0.000000 
