test/output/constant/M275_S060_A270_WD225.0_WS015.0/M275_S060_A270_WD225.0_WS015.0_arrival.asc
ncols         9
nrows         24
xllcorner     426503.990666
yllcorner     12748755.311160
cellsize      100.000000
NODATA_value  0.000000
0.000000 0.000000 0.000000 0.000000 0.000000 0.000000 0.000000 166.041667 0.000000 
0.000000 0.000000 0.000000 0.000000 0.000000 0.000000 166.039796 166.039796 166.041192 
0.000000 0.000000 0.000000 0.000000 0.000000 166.039796 166.037701 166.037701 166.040494 
0.000000 0.000000 0.000000 0.000000 0.000000 166.037003 166.036305 166.036305 166.040494 
0.000000 0.000000 0.000000 0.000000 166.039098 166.034909 166.034210 166.034909 166.040494 
0.000000 0.000000 0.000000 0.000000 166.035607 166.032814 166.032116 166.034909 166.040494 
0.000000 0.000000 0.000000 166.039796 166.032814 166.030719 166.030719 166.034210 166.041192 
0.000000 0.000000 0.000000 166.036305 166.030021 166.028625 166.029323 166.034210 0.000000 
0.000000 0.000000 0.000000 166.032116 166.027229 166.027229 166.028625 166.034210 0.000000 
0.000000 0.000000 166.039098 166.028625 166.025134 166.025134 166.027927 166.035607 0.000000 
0.000000 0.000000 166.034210 166.025832 166.023040 166.023738 166.027927 166.037003 0.000000 
0.000000 0.000000 166.030719 166.022341 166.021643 166.022341 166.028625 166.039098 0.000000 
0.000000 166.041192 166.026530 166.020247 166.019549 166.021643 166.029323 0.000000 0.000000 
0.000000 166.036305 166.022341 166.018152 166.017454 166.021643 166.031418 0.000000 0.000000 
0.000000 166.031418 166.018851 166.016058 166.016058 166.022341 166.034909 0.000000 0.000000 
0.000000 166.027229 166.015360 166.013963 166.016058 166.023738 0.000000 0.000000 0.000000 
0.000000 166.022341 166.012567 166.012567 166.016058 166.026530 0.000000 0.000000 0.000000 
0.000000 166.017454 166.010473 166.010473 166.016058 166.033512 0.000000 0.000000 0.000000 
0.000000 166.013265 166.008378 166.009774 166.018851 0.000000 0.000000 0.000000 0.000000 
0.000000 166.009076 166.006982 166.009774 166.025134 0.000000 0.000000 0.000000 0.000000 
0.000000 166.005585 166.004887 166.010473 166.038399 0.000000 0.000000 0.000000 0.000000 
166.041192 166.002793 166.003491 166.018152 0.000000 0.000000 0.000000 0.000000 0.000000 
0.000000 166.001396 166.003491 166.039098 0.000000 0.000000 0.000000 0.000000 0.000000 
0.000000 166.000000 166.014662 0.000000 0.000000 0.000000 0.000000 0.000000 0.000000 
