test/output/constant/M3M400_S060_A090_WD135.0_WS010.0/M3M400_S060_A090_WD135.0_WS010.0_ros.asc
ncols         15
nrows         50
xllcorner     425403.990666
yllcorner     12743955.311160
cellsize      100.000000
NODATA_value  0.000000
0.000000 0.000000 0.000000 0.000000 0.000000 0.000000 0.000000 0.000000 0.000000 0.000000 0.000000 1.720821 2.136656 1.658173 0.000000 
0.000000 0.000000 0.000000 0.000000 0.000000 0.000000 0.000000 0.000000 0.000000 0.000000 2.136656 2.559553 -1.000000 1.658173 0.000000 
0.000000 0.000000 0.000000 0.000000 0.000000 0.000000 0.000000 0.000000 0.000000 2.136656 2.136656 5.073306 81.132637 29.483732 1.436997 
0.000000 0.000000 0.000000 0.000000 0.000000 0.000000 0.000000 0.000000 0.000000 2.136656 55.068596 81.132637 81.132637 17.516294 17.516294 
0.000000 0.000000 0.000000 0.000000 0.000000 0.000000 0.000000 0.000000 2.136656 48.467442 55.068596 81.132637 42.943886 17.516294 29.483732 
0.000000 0.000000 0.000000 0.000000 0.000000 0.000000 0.000000 0.000000 2.559553 2.559553 61.273842 81.132637 42.943886 17.516294 23.217413 
0.000000 0.000000 0.000000 0.000000 0.000000 0.000000 0.000000 5.073306 3.185311 5.073306 81.132637 81.132637 49.730312 42.943886 23.217413 
0.000000 0.000000 0.000000 0.000000 0.000000 0.000000 0.000000 2.136656 3.185311 61.273842 80.942337 81.132637 17.516294 42.943886 23.217413 
0.000000 0.000000 0.000000 0.000000 0.000000 0.000000 3.185311 3.185311 61.273842 55.068596 81.132637 81.132637 42.943886 42.943886 17.516294 
0.000000 0.000000 0.000000 0.000000 0.000000 0.000000 2.559553 55.068596 3.185311 81.132637 81.132637 81.132637 49.730312 23.217413 23.217413 
0.000000 0.000000 0.000000 0.000000 0.000000 0.000000 3.185311 55.068596 61.273842 81.132637 81.132637 67.886620 29.483732 42.943886 12.551276 
0.000000 0.000000 0.000000 0.000000 0.000000 1.720821 2.559553 55.068596 55.068596 81.132637 81.132637 49.730312 49.730312 42.943886 29.483732 
0.000000 0.000000 0.000000 0.000000 0.000000 2.559553 55.068596 5.073306 81.132637 81.132637 72.591934 49.730312 49.730312 23.217413 42.943886 
0.000000 0.000000 0.000000 0.000000 0.000000 61.273842 5.073306 55.068596 81.132637 81.132637 81.132637 49.730312 23.217413 49.730312 42.943886 
0.000000 0.000000 0.000000 0.000000 5.073306 55.068596 61.273842 3.185311 81.132637 81.132637 81.132637 49.730312 42.943886 36.126198 36.126198 
0.000000 0.000000 0.000000 0.000000 61.273842 5.073306 3.185311 81.132637 80.481995 81.132637 79.097084 29.483732 42.943886 49.730312 29.483732 
0.000000 0.000000 0.000000 0.000000 5.073306 61.273842 3.185311 81.132637 81.132637 81.132637 42.943886 36.126198 17.516294 29.483732 42.943886 
0.000000 0.000000 0.000000 61.273842 2.136656 55.068596 61.273842 81.132637 81.132637 81.132637 49.730312 42.943886 49.730312 49.730312 23.217413 
0.000000 0.000000 0.000000 5.073306 3.185311 5.073306 66.894463 75.720932 81.132637 67.886620 67.886620 17.516294 17.516294 42.943886 42.943886 
0.000000 0.000000 0.000000 3.185311 3.185311 7.960827 81.132637 81.132637 81.132637 49.730312 49.730312 49.730312 49.730312 42.943886 0.000000 
0.000000 0.000000 0.000000 55.068596 55.068596 55.068596 80.942337 81.132637 81.132637 81.132637 49.730312 42.943886 36.126198 23.217413 0.000000 
0.000000 0.000000 5.073306 1.720821 55.068596 80.481995 81.132637 81.132637 81.132637 36.126198 49.730312 49.730312 42.943886 42.943886 0.000000 
0.000000 0.000000 55.068596 61.273842 61.273842 71.759491 81.132637 81.132637 81.132637 42.943886 23.217413 23.217413 42.943886 49.730312 0.000000 
0.000000 0.000000 55.068596 61.273842 55.068596 81.132637 81.132637 81.132637 67.886620 23.217413 36.126198 49.730312 29.483732 23.217413 0.000000 
0.000000 0.000000 55.068596 55.068596 71.759491 81.132637 81.132637 81.132637 42.943886 42.943886 49.730312 42.943886 49.730312 49.730312 0.000000 
0.000000 55.068596 7.960827 55.068596 80.481995 81.132637 81.132637 81.132637 81.132637 56.279781 49.730312 42.943886 23.217413 17.516294 0.000000 
0.000000 55.068596 61.273842 61.273842 81.132637 78.658234 81.132637 72.591934 49.730312 23.217413 49.730312 23.217413 49.730312 0.000000 0.000000 
0.000000 55.068596 61.273842 81.132637 81.132637 81.132637 81.132637 81.132637 49.730312 49.730312 42.943886 49.730312 36.126198 0.000000 0.000000 
0.000000 55.068596 61.273842 78.658234 78.658234 80.942337 81.132637 81.132637 12.551276 42.943886 42.943886 42.943886 49.730312 0.000000 0.000000 
0.000000 55.068596 55.068596 78.658234 71.759491 81.132637 81.132637 81.132637 42.943886 42.943886 49.730312 17.516294 17.516294 0.000000 0.000000 
0.000000 55.068596 81.132637 78.658234 81.132637 81.132637 81.132637 81.132637 23.217413 23.217413 36.126198 49.730312 42.943886 0.000000 0.000000 
61.273842 2.136656 2.136656 66.894463 81.132637 81.132637 81.132637 42.943886 42.943886 72.591934 29.483732 17.516294 0.000000 0.000000 0.000000 
7.960827 2.559553 75.720932 81.132637 81.132637 81.132637 81.132637 49.730312 67.886620 49.730312 42.943886 42.943886 0.000000 0.000000 0.000000 
3.185311 66.894463 71.759491 81.132637 81.132637 81.132637 81.132637 72.591934 42.943886 42.943886 42.943886 42.943886 0.000000 0.000000 0.000000 
5.073306 81.132637 80.942337 81.132637 78.658234 81.132637 81.132637 81.132637 36.126198 42.943886 23.217413 12.551276 0.000000 0.000000 0.000000 
7.960827 5.073306 81.132637 78.658234 81.132637 81.132637 81.132637 36.126198 42.943886 42.943886 42.943886 0.000000 0.000000 0.000000 0.000000 
55.068596 81.132637 81.132637 81.132637 81.132637 81.132637 42.943886 67.886620 42.943886 42.943886 42.943886 0.000000 0.000000 0.000000 0.000000 
81.132637 81.132637 81.132637 81.132637 81.132637 81.132637 42.943886 42.943886 42.943886 42.943886 42.943886 0.000000 0.000000 0.000000 0.000000 
81.132637 81.132637 81.132637 81.132637 81.132637 81.132637 36.126198 79.097084 17.516294 42.943886 0.000000 0.000000 0.000000 0.000000 0.000000 
81.132637 78.658234 81.132637 81.132637 81.132637 79.097084 79.097084 23.217413 76.366913 49.730312 0.000000 0.000000 0.000000 0.000000 0.000000 
81.132637 81.132637 81.132637 81.132637 81.132637 81.132637 42.943886 42.943886 42.943886 42.943886 0.000000 0.000000 0.000000 0.000000 0.000000 
80.481995 81.132637 81.132637 81.132637 81.132637 81.132637 49.730312 42.943886 49.730312 0.000000 0.000000 0.000000 0.000000 0.000000 0.000000 
81.132637 81.132637 81.132637 81.132637 72.591934 81.132637 36.126198 42.943886 49.730312 0.000000 0.000000 0.000000 0.000000 0.000000 0.000000 
78.658234 81.132637 81.132637 81.132637 81.132637 81.132637 76.366913 80.699677 0.000000 0.000000 0.000000 0.000000 0.000000 0.000000 0.000000 
81.132637 81.132637 81.132637 81.132637 62.393692 42.943886 42.943886 49.730312 0.000000 0.000000 0.000000 0.000000 0.000000 0.000000 0.000000 
81.132637 81.132637 81.132637 81.132637 42.943886 67.886620 67.886620 0.000000 0.000000 0.000000 0.000000 0.000000 0.000000 0.000000 0.000000 
81.132637 81.132637 81.132637 81.132637 81.132637 49.730312 42.943886 0.000000 0.000000 0.000000 0.000000 0.000000 0.000000 0.000000 0.000000 
0.000000 80.942337 81.132637 72.591934 81.132637 42.943886 0.000000 0.000000 0.000000 0.000000 0.000000 0.000000 0.000000 0.000000 0.000000 
0.000000 81.132637 81.132637 81.132637 81.132637 0.000000 0.000000 0.000000 0.000000 0.000000 0.000000 0.000000 0.000000 0.000000 0.000000 
0.000000 0.000000 81.132637 81.132637 0.000000 0.000000 0.000000 0.000000 0.000000 0.000000 0.000000 0.000000 0.000000 0.000000 0.000000 
