test/output/constant/M3M400_S060_A090_WD135.0_WS010.0/M3M400_S060_A090_WD135.0_WS010.0_intensity.asc
ncols         15
nrows         50
xllcorner     425403.990666
yllcorner     12743955.311160
cellsize      100.000000
NODATA_value  0.000000
0 0 0 0 0 0 0 0 0 0 0 1600 1987 1542 0 
0 0 0 0 0 0 0 0 0 0 1987 2380 0 1542 0 
0 0 0 0 0 0 0 0 0 1987 1987 4719 75467 27424 1336 
0 0 0 0 0 0 0 0 0 1987 51223 75467 75467 16293 16293 
0 0 0 0 0 0 0 0 1987 45083 51223 75467 39945 16293 27424 
0 0 0 0 0 0 0 0 2380 2380 56995 75467 39945 16293 21596 
0 0 0 0 0 0 0 4719 2962 4719 75467 75467 46257 39945 21596 
0 0 0 0 0 0 0 1987 2962 56995 75290 75467 16293 39945 21596 
0 0 0 0 0 0 2962 2962 56995 51223 75467 75467 39945 39945 16293 
0 0 0 0 0 0 2380 51223 2962 75467 75467 75467 46257 21596 21596 
0 0 0 0 0 0 2962 51223 56995 75467 75467 63146 27424 39945 11674 
0 0 0 0 0 1600 2380 51223 51223 75467 75467 46257 46257 39945 27424 
0 0 0 0 0 2380 51223 4719 75467 75467 67523 46257 46257 21596 39945 
0 0 0 0 0 56995 4719 51223 75467 75467 75467 46257 21596 46257 39945 
0 0 0 0 4719 51223 56995 2962 75467 75467 75467 46257 39945 33603 33603 
0 0 0 0 56995 4719 2962 75467 74862 75467 73573 27424 39945 46257 27424 
0 0 0 0 4719 56995 2962 75467 75467 75467 39945 33603 16293 27424 39945 
0 0 0 56995 1987 51223 56995 75467 75467 75467 46257 39945 46257 46257 21596 
0 0 0 4719 2962 4719 62223 70433 75467 63146 63146 16293 16293 39945 39945 
0 0 0 2962 2962 7404 75467 75467 75467 46257 46257 46257 46257 39945 0 
0 0 0 51223 51223 51223 75290 75467 75467 75467 46257 39945 33603 21596 0 
0 0 4719 1600 51223 74862 75467 75467 75467 33603 46257 46257 39945 39945 0 
0 0 51223 56995 56995 66748 75467 75467 75467 39945 21596 21596 39945 46257 0 
0 0 51223 56995 51223 75467 75467 75467 63146 21596 33603 46257 27424 21596 0 
0 0 51223 51223 66748 75467 75467 75467 39945 39945 46257 39945 46257 46257 0 
0 51223 7404 51223 74862 75467 75467 75467 75467 52349 46257 39945 21596 16293 0 
0 51223 56995 56995 75467 73165 75467 67523 46257 21596 46257 21596 46257 0 0 
0 51223 56995 75467 75467 75467 75467 75467 46257 46257 39945 46257 33603 0 0 
0 51223 56995 73165 73165 75290 75467 75467 11674 39945 39945 39945 46257 0 0 
0 51223 51223 73165 66748 75467 75467 75467 39945 39945 46257 16293 16293 0 0 
0 51223 75467 73165 75467 75467 75467 75467 21596 21596 33603 46257 39945 0 0 
56995 1987 1987 62223 75467 75467 75467 39945 39945 67523 27424 16293 0 0 0 
7404 2380 70433 75467 75467 75467 75467 46257 63146 46257 39945 39945 0 0 0 
2962 62223 66748 75467 75467 75467 75467 67523 39945 39945 39945 39945 0 0 0 
4719 75467 75290 75467 73165 75467 75467 75467 33603 39945 21596 11674 0 0 0 
7404 4719 75467 73165 75467 75467 75467 33603 39945 39945 39945 0 0 0 0 
51223 75467 75467 75467 75467 75467 39945 63146 39945 39945 39945 0 0 0 0 
75467 75467 75467 75467 75467 75467 39945 39945 39945 39945 39945 0 0 0 0 
75467 75467 75467 75467 75467 75467 33603 73573 16293 39945 0 0 0 0 0 
75467 73165 75467 75467 75467 73573 73573 21596 71034 46257 0 0 0 0 0 
75467 75467 75467 75467 75467 75467 39945 39945 39945 39945 0 0 0 0 0 
74862 75467 75467 75467 75467 75467 46257 39945 46257 0 0 0 0 0 0 
75467 75467 75467 75467 67523 75467 33603 39945 46257 0 0 0 0 0 0 
73165 75467 75467 75467 75467 75467 71034 75064 0 0 0 0 0 0 0 
75467 75467 75467 75467 58036 39945 39945 46257 0 0 0 0 0 0 0 
75467 75467 75467 75467 39945 63146 63146 0 0 0 0 0 0 0 0 
75467 75467 75467 75467 75467 46257 39945 0 0 0 0 0 0 0 0 
0 75290 75467 67523 75467 39945 0 0 0 0 0 0 0 0 0 
0 75467 75467 75467 75467 0 0 0 0 0 0 0 0 0 0 
0 0 75467 75467 0 0 0 0 0 0 0 0 0 0 0 
