test/output/constant/M395_S060_A000_WD315.0_WS040.0/M395_S060_A000_WD315.0_WS040.0_intensity.asc
ncols         17
nrows         35
xllcorner     425103.990666
yllcorner     12745455.311160
cellsize      100.000000
NODATA_value  0.000000
0 0 0 0 0 0 0 0 0 0 0 0 0 1951 1951 1951 1557 
0 0 0 0 0 0 0 0 0 0 0 0 2956 1951 2956 0 1440 
0 0 0 0 0 0 0 0 0 0 0 1951 1951 1951 54889 54889 13860 
0 0 0 0 0 0 0 0 0 0 2956 2723 2519 40687 54889 10480 5424 
0 0 0 0 0 0 0 0 0 0 4223 2723 44501 54889 54889 35172 7646 
0 0 0 0 0 0 0 0 0 2519 2956 6060 4223 54889 54728 17693 17693 
0 0 0 0 0 0 0 0 2956 2956 2956 40687 54889 54889 7646 17693 17693 
0 0 0 0 0 0 0 0 2956 2519 44501 44501 54889 35172 10480 10480 10480 
0 0 0 0 0 0 0 2723 2956 2956 40687 54889 54889 26262 10480 17693 13860 
0 0 0 0 0 0 0 44501 6060 40687 44501 54889 54889 7646 13860 13860 5424 
0 0 0 0 0 0 4223 40687 44501 47851 54889 54889 54889 39420 7646 17693 0 
0 0 0 0 0 0 6060 4223 44501 4223 54889 54889 10480 17693 10480 10480 0 
0 0 0 0 0 2956 6060 4223 44501 54889 54889 54889 35172 17693 10480 17693 0 
0 0 0 0 0 6060 6060 40687 44501 54889 54889 52181 26262 21868 10480 10480 0 
0 0 0 0 6060 44501 44501 8497 54889 54889 54889 10480 46865 21868 10480 0 0 
0 0 0 0 2956 6060 47851 47851 54889 54889 54889 17693 21868 13860 13860 0 0 
0 0 0 44501 6060 44501 40687 54889 54889 49837 53828 46865 30741 17693 7646 0 0 
0 0 0 44501 44501 40687 47851 54889 54889 54889 17693 17693 10480 5424 0 0 0 
0 0 4223 44501 4223 44501 54889 54889 54889 49837 10480 10480 21868 13860 0 0 0 
0 0 44501 44501 47851 54189 54189 54889 54728 54889 43358 10480 17693 0 0 0 0 
0 0 6060 47851 54889 54889 54889 54889 54889 17693 21868 10480 21868 0 0 0 0 
0 40687 2519 40687 54889 54889 54889 54889 54889 13860 46865 10480 10480 0 0 0 0 
0 40687 4223 44501 54889 54889 54889 54889 17693 46865 17693 17693 0 0 0 0 0 
0 47851 54889 54889 54889 54889 54889 10480 21868 17693 17693 17693 0 0 0 0 0 
0 44501 44501 54889 54889 54889 17693 49837 13860 17693 17693 0 0 0 0 0 0 
44501 4223 54889 54889 54889 54889 54889 10480 17693 10480 35172 0 0 0 0 0 0 
44501 8497 54889 54889 54889 46865 43358 13860 17693 46865 0 0 0 0 0 0 0 
44501 54889 54889 54889 54889 46865 54889 13860 10480 0 0 0 0 0 0 0 0 
40687 54889 54889 54889 54889 54889 13860 17693 21868 0 0 0 0 0 0 0 0 
54889 54889 54889 54889 54889 53828 17693 5424 0 0 0 0 0 0 0 0 0 
54889 54889 54889 54889 54889 54889 17693 46865 0 0 0 0 0 0 0 0 0 
54889 54889 54889 46865 21868 10480 13860 0 0 0 0 0 0 0 0 0 0 
54889 54889 54889 54728 13860 7646 0 0 0 0 0 0 0 0 0 0 0 
52770 54889 13860 54889 54889 0 0 0 0 0 0 0 0 0 0 0 0 
54889 54889 54889 54889 0 0 0 0 0 0 0 0 0 0 0 0 0 
