test/output/constant/M395_S060_A000_WD315.0_WS040.0/M395_S060_A000_WD315.0_WS040.0_raz.asc
ncols         17
nrows         35
xllcorner     425103.990666
yllcorner     12745455.311160
cellsize      100.000000
NODATA_value  0.000000
0 0 0 0 0 0 0 0 0 0 0 0 0 311 311 311 47 
0 0 0 0 0 0 0 0 0 0 0 0 283 311 283 254 358 
0 0 0 0 0 0 0 0 0 0 0 311 311 311 203 203 176 
0 0 0 0 0 0 0 0 0 0 283 288 293 212 203 171 153 
0 0 0 0 0 0 0 0 0 0 265 288 210 203 203 191 164 
0 0 0 0 0 0 0 0 0 293 283 252 265 203 202 181 181 
0 0 0 0 0 0 0 0 283 283 283 212 203 203 164 181 181 
0 0 0 0 0 0 0 0 283 293 210 210 203 191 171 171 171 
0 0 0 0 0 0 0 288 283 283 212 203 203 187 171 181 176 
0 0 0 0 0 0 0 210 252 212 210 203 203 164 176 176 153 
0 0 0 0 0 0 265 212 210 209 203 203 203 193 164 181 0 
0 0 0 0 0 0 252 265 210 265 203 203 171 181 171 171 0 
0 0 0 0 0 283 252 265 210 203 203 203 191 181 171 181 0 
0 0 0 0 0 252 252 212 210 203 203 199 187 184 171 171 0 
0 0 0 0 252 210 210 242 203 203 203 171 196 184 171 0 0 
0 0 0 0 283 252 209 209 203 203 203 181 184 176 176 0 0 
0 0 0 210 252 210 212 203 203 198 201 196 189 181 164 0 0 
0 0 0 210 210 212 209 203 203 203 181 181 171 153 0 0 0 
0 0 265 210 265 210 203 203 203 198 171 171 184 176 0 0 0 
0 0 210 210 209 204 204 203 202 203 195 171 181 0 0 0 0 
0 0 252 209 203 203 203 203 203 181 184 171 184 0 0 0 0 
0 212 293 212 203 203 203 203 203 176 196 171 171 0 0 0 0 
0 212 265 210 203 203 203 203 181 196 181 181 0 0 0 0 0 
0 209 203 203 203 203 203 171 184 181 181 181 0 0 0 0 0 
0 210 210 203 203 203 181 198 176 181 181 0 0 0 0 0 0 
210 265 203 203 203 203 203 171 181 171 191 0 0 0 0 0 0 
210 242 203 203 203 196 195 176 181 196 0 0 0 0 0 0 0 
210 203 203 203 203 196 203 176 171 0 0 0 0 0 0 0 0 
212 203 203 203 203 203 176 181 184 0 0 0 0 0 0 0 0 
203 203 203 203 203 201 181 153 0 0 0 0 0 0 0 0 0 
203 203 203 203 203 203 181 196 0 0 0 0 0 0 0 0 0 
203 203 203 196 184 171 176 0 0 0 0 0 0 0 0 0 0 
203 203 203 202 176 164 0 0 0 0 0 0 0 0 0 0 0 
206 203 176 203 203 0 0 0 0 0 0 0 0 0 0 0 0 
203 203 203 203 0 0 0 0 0 0 0 0 0 0 0 0 0 
