test/output/constant/M395_S060_A000_WD315.0_WS040.0/M395_S060_A000_WD315.0_WS040.0_ros.asc
ncols         17
nrows         35
xllcorner     425103.990666
yllcorner     12745455.311160
cellsize      100.000000
NODATA_value  0.000000
0.000000 0.000000 0.000000 0.000000 0.000000 0.000000 0.000000 0.000000 0.000000 0.000000 0.000000 0.000000 0.000000 2.125905 2.125905 2.125905 1.696700 
0.000000 0.000000 0.000000 0.000000 0.000000 0.000000 0.000000 0.000000 0.000000 0.000000 0.000000 0.000000 3.219956 2.125905 3.219956 0.000000 1.568732 
0.000000 0.000000 0.000000 0.000000 0.000000 0.000000 0.000000 0.000000 0.000000 0.000000 0.000000 2.125905 2.125905 2.125905 59.780724 59.780724 15.096015 
0.000000 0.000000 0.000000 0.000000 0.000000 0.000000 0.000000 0.000000 0.000000 0.000000 3.219956 2.965964 2.743829 44.313892 59.780724 11.414693 5.908139 
0.000000 0.000000 0.000000 0.000000 0.000000 0.000000 0.000000 0.000000 0.000000 0.000000 4.600219 2.965964 48.467865 59.780724 59.780724 38.306946 8.328027 
0.000000 0.000000 0.000000 0.000000 0.000000 0.000000 0.000000 0.000000 0.000000 2.743829 3.219956 6.600807 4.600219 59.780724 59.605694 19.270815 19.270815 
0.000000 0.000000 0.000000 0.000000 0.000000 0.000000 0.000000 0.000000 3.219956 3.219956 3.219956 44.313892 59.780724 59.780724 8.328027 19.270815 19.270815 
0.000000 0.000000 0.000000 0.000000 0.000000 0.000000 0.000000 0.000000 3.219956 2.743829 48.467865 48.467865 59.780724 38.306946 11.414693 11.414693 11.414693 
0.000000 0.000000 0.000000 0.000000 0.000000 0.000000 0.000000 2.965964 3.219956 3.219956 44.313892 59.780724 59.780724 28.602522 11.414693 19.270815 15.096015 
0.000000 0.000000 0.000000 0.000000 0.000000 0.000000 0.000000 48.467865 6.600807 44.313892 48.467865 59.780724 59.780724 8.328027 15.096015 15.096015 5.908139 
0.000000 0.000000 0.000000 0.000000 0.000000 0.000000 4.600219 44.313892 48.467865 52.116489 59.780724 59.780724 59.780724 42.934086 8.328027 19.270815 0.000000 
0.000000 0.000000 0.000000 0.000000 0.000000 0.000000 6.600807 4.600219 48.467865 4.600219 59.780724 59.780724 11.414693 19.270815 11.414693 11.414693 0.000000 
0.000000 0.000000 0.000000 0.000000 0.000000 3.219956 6.600807 4.600219 48.467865 59.780724 59.780724 59.780724 38.306946 19.270815 11.414693 19.270815 0.000000 
0.000000 0.000000 0.000000 0.000000 0.000000 6.600807 6.600807 44.313892 48.467865 59.780724 59.780724 56.832027 28.602522 23.817945 11.414693 11.414693 0.000000 
0.000000 0.000000 0.000000 0.000000 6.600807 48.467865 48.467865 9.254933 59.780724 59.780724 59.780724 11.414693 51.042660 23.817945 11.414693 0.000000 0.000000 
0.000000 0.000000 0.000000 0.000000 3.219956 6.600807 52.116489 52.116489 59.780724 59.780724 59.780724 19.270815 23.817945 15.096015 15.096015 0.000000 0.000000 
0.000000 0.000000 0.000000 48.467865 6.600807 48.467865 44.313892 59.780724 59.780724 54.278488 58.625881 51.042660 33.481171 19.270815 8.328027 0.000000 0.000000 
0.000000 0.000000 0.000000 48.467865 48.467865 44.313892 52.116489 59.780724 59.780724 59.780724 19.270815 19.270815 11.414693 5.908139 0.000000 0.000000 0.000000 
0.000000 0.000000 4.600219 48.467865 4.600219 48.467865 59.780724 59.780724 59.780724 54.278488 11.414693 11.414693 23.817945 15.096015 0.000000 0.000000 0.000000 
0.000000 0.000000 48.467865 48.467865 52.116489 59.019051 59.019051 59.780724 59.605694 59.780724 47.222610 11.414693 19.270815 0.000000 0.000000 0.000000 0.000000 
0.000000 0.000000 6.600807 52.116489 59.780724 59.780724 59.780724 59.780724 59.780724 19.270815 23.817945 11.414693 23.817945 0.000000 0.000000 0.000000 0.000000 
0.000000 44.313892 2.743829 44.313892 59.780724 59.780724 59.780724 59.780724 59.780724 15.096015 51.042660 11.414693 11.414693 0.000000 0.000000 0.000000 0.000000 
0.000000 44.313892 4.600219 48.467865 59.780724 59.780724 59.780724 59.780724 19.270815 51.042660 19.270815 19.270815 0.000000 0.000000 0.000000 0.000000 0.000000 
0.000000 52.116489 59.780724 59.780724 59.780724 59.780724 59.780724 11.414693 23.817945 19.270815 19.270815 19.270815 0.000000 0.000000 0.000000 0.000000 0.000000 
0.000000 48.467865 48.467865 59.780724 59.780724 59.780724 19.270815 54.278488 15.096015 19.270815 19.270815 0.000000 0.000000 0.000000 0.000000 0.000000 0.000000 
48.467865 4.600219 59.780724 59.780724 59.780724 59.780724 59.780724 11.414693 19.270815 11.414693 38.306946 0.000000 0.000000 0.000000 0.000000 0.000000 0.000000 
48.467865 9.254933 59.780724 59.780724 59.780724 51.042660 47.222610 15.096015 19.270815 51.042660 0.000000 0.000000 0.000000 0.000000 0.000000 0.000000 0.000000 
48.467865 59.780724 59.780724 59.780724 59.780724 51.042660 59.780724 15.096015 11.414693 0.000000 0.000000 0.000000 0.000000 0.000000 0.000000 0.000000 0.000000 
44.313892 59.780724 59.780724 59.780724 59.780724 59.780724 15.096015 19.270815 23.817945 0.000000 0.000000 0.000000 0.000000 0.000000 0.000000 0.000000 0.000000 
59.780724 59.780724 59.780724 59.780724 59.780724 58.625881 19.270815 5.908139 0.000000 0.000000 0.000000 0.000000 0.000000 0.000000 0.000000 0.000000 0.000000 
59.780724 59.780724 59.780724 59.780724 59.780724 59.780724 19.270815 51.042660 0.000000 0.000000 0.000000 0.000000 0.000000 0.000000 0.000000 0.000000 0.000000 
59.780724 59.780724 59.780724 51.042660 23.817945 11.414693 15.096015 0.000000 0.000000 0.000000 0.000000 0.000000 0.000000 0.000000 0.000000 0.000000 0.000000 
59.780724 59.780724 59.780724 59.605694 15.096015 8.328027 0.000000 0.000000 0.000000 0.000000 0.000000 0.000000 0.000000 0.000000 0.000000 0.000000 0.000000 
57.473427 59.780724 15.096015 59.780724 59.780724 0.000000 0.000000 0.000000 0.000000 0.000000 0.000000 0.000000 0.000000 0.000000 0.000000 0.000000 0.000000 
59.780724 59.780724 59.780724 59.780724 0.000000 0.000000 0.000000 0.000000 0.000000 0.000000 0.000000 0.000000 0.000000 0.000000 0.000000 0.000000 0.000000 
