test/output/constant/M490_S060_A180_WD225.0_WS010.0/M490_S060_A180_WD225.0_WS010.0_arrival.asc
ncols         33
nrows         9
xllcorner     426603.990666
yllcorner     12748655.311160
cellsize      100.000000
NODATA_value  0.000000
0.000000 0.000000 0.000000 0.000000 0.000000 0.000000 0.000000 0.000000 0.000000 0.000000 0.000000 0.000000 0.000000 0.000000 0.000000 0.000000 0.000000 0.000000 166.040133 166.039130 166.038628 166.038127 166.037625 166.037625 166.037123 166.037123 166.037625 166.038127 166.038628 166.039130 166.040133 166.041137 166.041638 
0.000000 0.000000 0.000000 0.000000 0.000000 0.000000 0.000000 0.000000 0.000000 0.000000 0.000000 0.000000 0.000000 166.039130 166.036622 166.034615 166.033110 166.032608 166.032107 166.032107 166.031605 166.031605 166.032107 166.032608 166.032608 166.033612 166.034615 166.035117 166.036120 166.037123 166.038127 166.039632 166.040635 
0.000000 0.000000 0.000000 0.000000 0.000000 0.000000 0.000000 0.000000 0.000000 166.038127 166.033612 166.030602 166.028595 166.027090 166.026588 166.026087 166.026087 166.026087 166.026087 166.026588 166.027090 166.028093 166.028595 166.029598 166.030602 166.032107 166.033110 166.034615 166.035618 166.037123 166.038127 166.039632 166.040635 
0.000000 0.000000 0.000000 0.000000 0.000000 0.000000 166.035618 166.029097 166.025083 166.022575 166.021070 166.020568 166.020568 166.020067 166.020067 166.020568 166.021572 166.022073 166.023077 166.024080 166.025585 166.026588 166.028093 166.029097 166.030602 166.031605 166.033110 166.034615 166.035618 166.037123 166.038628 166.040635 0.000000 
0.000000 0.000000 0.000000 166.037123 166.027090 166.020568 166.017057 166.015050 166.014548 166.014548 166.014548 166.015050 166.015552 166.016555 166.017558 166.019063 166.020067 166.021572 166.022575 166.024080 166.025585 166.026588 166.028093 166.029598 166.031103 166.032608 166.034615 166.036120 166.038127 166.039632 166.041638 0.000000 0.000000 
0.000000 166.033612 166.019063 166.011538 166.009030 166.009030 166.009030 166.009030 166.010033 166.011037 166.012542 166.013545 166.015050 166.016555 166.017558 166.019063 166.020568 166.022073 166.023578 166.025083 166.027090 166.029097 166.030602 166.032608 166.034615 166.036120 166.038127 166.040133 0.000000 0.000000 0.000000 0.000000 0.000000 
166.013545 166.003512 166.003010 166.003512 166.004515 166.006020 166.007525 166.008528 166.010033 166.011037 166.012542 166.014047 166.016053 166.018060 166.019565 166.021572 166.023578 166.025585 166.027090 166.029598 166.031605 166.033612 166.035618 166.038127 166.040133 0.000000 0.000000 0.000000 0.000000 0.000000 0.000000 0.000000 0.000000 
166.000000 166.001003 166.002007 166.003512 166.005017 166.006522 166.008528 166.010535 166.013043 166.015050 166.017057 166.019063 166.021572 166.023578 166.026087 166.028093 166.030100 166.032608 166.034615 166.037123 166.039130 166.041137 0.000000 0.000000 0.000000 0.000000 0.000000 0.000000 0.000000 0.000000 0.000000 0.000000 0.000000 
166.033612 166.022073 166.019565 166.019063 166.020568 166.021070 166.023077 166.025585 166.027592 166.030100 166.032107 166.034113 166.036120 166.038127 166.040635 0.000000 0.000000 0.000000 0.000000 0.000000 0.000000 0.000000 0.000000 0.000000 0.000000 0.000000 0.000000 0.000000 0.000000 0.000000 0.000000 0.000000 0.000000 
