test/output/constant/M480_S060_A270_WD180.0_WS015.0/M480_S060_A270_WD180.0_WS015.0_arrival.asc
ncols         7
nrows         36
xllcorner     426303.990666
yllcorner     12748755.311160
cellsize      100.000000
NODATA_value  0.000000
0.000000 0.000000 0.000000 166.041209 0.000000 0.000000 0.000000 
0.000000 0.000000 166.040736 166.039788 166.040736 0.000000 0.000000 
0.000000 0.000000 166.039315 166.038841 166.039315 0.000000 0.000000 
0.000000 166.040736 166.038367 166.037420 166.038367 166.040736 0.000000 
0.000000 166.039788 166.037420 166.036472 166.037420 166.039788 0.000000 
0.000000 166.038841 166.035999 166.035051 166.035999 166.038841 0.000000 
0.000000 166.037420 166.035051 166.034104 166.035051 166.037420 0.000000 
0.000000 166.036472 166.033630 166.032683 166.033630 166.036472 0.000000 
166.041667 166.035525 166.032683 166.031736 166.032683 166.035525 166.041667 
166.040736 166.034578 166.031262 166.030315 166.031262 166.034578 166.040736 
166.039788 166.033157 166.030315 166.029367 166.030315 166.033157 166.039788 
166.039315 166.032209 166.028894 166.027946 166.028894 166.032209 166.039315 
166.038367 166.031262 166.027946 166.026999 166.027946 166.031262 166.038367 
166.037420 166.029841 166.026525 166.025578 166.026525 166.029841 166.037420 
166.036946 166.028894 166.025578 166.024631 166.025578 166.028894 166.036946 
166.035999 166.027946 166.024157 166.023210 166.024157 166.027946 166.035999 
166.035525 166.027473 166.023210 166.022262 166.023210 166.027473 166.035525 
166.035525 166.026525 166.021789 166.020841 166.021789 166.026525 166.035525 
166.035051 166.025578 166.020841 166.019894 166.020841 166.025578 166.035051 
166.035525 166.024631 166.019894 166.018473 166.019894 166.024631 166.035525 
166.035525 166.024157 166.018473 166.017526 166.018473 166.024157 166.035525 
166.035999 166.023210 166.017526 166.016105 166.017526 166.023210 166.035999 
166.036472 166.022262 166.016105 166.015157 166.016105 166.022262 166.036472 
166.036946 166.021789 166.015157 166.013736 166.015157 166.021789 166.036946 
166.038367 166.021315 166.013736 166.012789 166.013736 166.021315 166.038367 
166.039788 166.021315 166.012789 166.011368 166.012789 166.021315 166.039788 
0.000000 166.021315 166.011842 166.010421 166.011842 166.021315 0.000000 
0.000000 166.021789 166.010421 166.009000 166.010421 166.021789 0.000000 
0.000000 166.022262 166.009473 166.008052 166.009473 166.022262 0.000000 
0.000000 166.024157 166.009000 166.006631 166.009000 166.024157 0.000000 
0.000000 166.026052 166.008052 166.005684 166.008052 166.026052 0.000000 
0.000000 166.030315 166.007105 166.004263 166.007105 166.030315 0.000000 
0.000000 166.036946 166.007105 166.003316 166.007105 166.036946 0.000000 
0.000000 0.000000 166.008052 166.001895 166.008052 0.000000 0.000000 
0.000000 0.000000 166.011368 166.000947 166.011368 0.000000 0.000000 
0.000000 0.000000 166.029367 166.000000 166.029367 0.000000 0.000000 
