test/output/constant/M360_S060_A090_WD270.0_WS010.0/M360_S060_A090_WD270.0_WS010.0_intensity.asc
ncols         12
nrows         34
xllcorner     426503.990666
yllcorner     12745455.311160
cellsize      100.000000
NODATA_value  0.000000
593 0 1591 0 0 0 0 0 0 0 0 0 
10126 47369 45944 979 0 0 0 0 0 0 0 0 
10126 47369 44230 32122 979 0 0 0 0 0 0 0 
10126 47369 47369 32122 979 0 0 0 0 0 0 0 
25123 47369 47369 45944 35764 28244 0 0 0 0 0 0 
25123 42478 47369 44230 32122 32122 0 0 0 0 0 0 
7181 39738 47369 47369 39061 32122 28244 0 0 0 0 0 
21112 21112 47369 45944 47369 32122 32122 0 0 0 0 0 
13498 13498 42478 47369 47369 32122 32122 0 0 0 0 0 
25123 10126 47369 47369 47369 47369 32122 35764 0 0 0 0 
0 36529 47369 47369 47369 44230 35764 979 0 0 0 0 
0 17197 44667 47369 47369 47259 45944 35764 35764 0 0 0 
0 25123 10126 32950 47369 47259 45944 32122 32122 0 0 0 
0 39738 44667 47369 47369 47369 47259 47259 32122 0 0 0 
0 25123 47369 21112 47369 45944 47369 39061 47369 757 0 0 
0 21112 39738 47369 47331 47369 47369 47369 47002 32122 0 0 
0 0 39738 39738 47369 47369 47369 47369 47369 35764 0 0 
0 0 21112 46239 39738 47369 47369 47369 47369 44230 0 0 
0 0 13498 42478 47369 47369 47369 45944 44230 47369 32122 0 
0 0 10126 46239 13498 47369 47369 47369 47259 47369 35764 0 
0 0 0 13498 10126 47369 47369 47369 41912 41912 47369 0 
0 0 0 46239 47369 29110 47369 47369 47369 47369 44230 0 
0 0 0 10126 39738 46239 47369 45944 45944 47369 39061 0 
0 0 0 0 46239 13498 47369 47369 47369 47369 757 47259 
0 0 0 0 17197 47369 47369 47369 47369 45944 45944 45944 
0 0 0 0 47331 13498 44667 47369 47369 47369 47259 45944 
0 0 0 0 0 47146 13498 47369 47369 47369 47369 47369 
0 0 0 0 0 47369 47369 47369 47369 47369 47369 47369 
0 0 0 0 0 0 47369 46239 47369 47369 47369 35764 
0 0 0 0 0 0 46239 47369 47369 47369 47259 47002 
0 0 0 0 0 0 0 47369 39738 47369 47369 47369 
0 0 0 0 0 0 0 36529 47369 47369 47369 47369 
0 0 0 0 0 0 0 0 47369 47369 47369 47369 
0 0 0 0 0 0 0 0 0 47369 47369 0 
