test/output/constant/M360_S060_A090_WD270.0_WS010.0/M360_S060_A090_WD270.0_WS010.0_ros.asc
ncols         12
nrows         34
xllcorner     426503.990666
yllcorner     12745455.311160
cellsize      100.000000
NODATA_value  0.000000
0.711490 -1.000000 1.908452 0.000000 0.000000 0.000000 0.000000 0.000000 0.000000 0.000000 0.000000 0.000000 
12.139093 56.785969 55.077778 1.173995 0.000000 0.000000 0.000000 0.000000 0.000000 0.000000 0.000000 0.000000 
12.139093 56.785969 53.022831 38.507648 1.173995 0.000000 0.000000 0.000000 0.000000 0.000000 0.000000 0.000000 
12.139093 56.785969 56.785969 38.507648 1.173995 0.000000 0.000000 0.000000 0.000000 0.000000 0.000000 0.000000 
30.118006 56.785969 56.785969 55.077778 42.874710 33.858704 0.000000 0.000000 0.000000 0.000000 0.000000 0.000000 
30.118006 50.922729 56.785969 53.022831 38.507648 38.507648 0.000000 0.000000 0.000000 0.000000 0.000000 0.000000 
8.609705 47.637669 56.785969 56.785969 46.827038 38.507648 33.858704 0.000000 0.000000 0.000000 0.000000 0.000000 
25.309361 25.309361 56.785969 55.077778 56.785969 38.507648 38.507648 0.000000 0.000000 0.000000 0.000000 0.000000 
16.181953 16.181953 50.922729 56.785969 56.785969 38.507648 38.507648 0.000000 0.000000 0.000000 0.000000 0.000000 
30.118006 12.139093 56.785969 56.785969 56.785969 56.785969 38.507648 42.874710 0.000000 0.000000 0.000000 0.000000 
0.000000 43.791668 56.785969 56.785969 56.785969 53.022831 42.874710 1.173995 0.000000 0.000000 0.000000 0.000000 
0.000000 20.616682 53.547215 56.785969 56.785969 56.654373 55.077778 42.874710 42.874710 0.000000 0.000000 0.000000 
0.000000 30.118006 12.139093 39.501396 56.785969 56.654373 55.077778 38.507648 38.507648 0.000000 0.000000 0.000000 
0.000000 47.637669 53.547215 56.785969 56.785969 56.785969 56.654373 56.654373 38.507648 0.000000 0.000000 0.000000 
0.000000 30.118006 56.785969 25.309361 56.785969 55.077778 56.785969 46.827038 56.785969 0.908425 0.000000 0.000000 
0.000000 25.309361 47.637669 56.785969 56.740608 56.785969 56.785969 56.785969 56.346680 38.507648 0.000000 0.000000 
0.000000 0.000000 47.637669 47.637669 56.785969 56.785969 56.785969 56.785969 56.785969 42.874710 0.000000 0.000000 
0.000000 0.000000 25.309361 55.431534 47.637669 56.785969 56.785969 56.785969 56.785969 53.022831 0.000000 0.000000 
0.000000 0.000000 16.181953 50.922729 56.785969 56.785969 56.785969 55.077778 53.022831 56.785969 38.507648 0.000000 
0.000000 0.000000 12.139093 55.431534 16.181953 56.785969 56.785969 56.785969 56.654373 56.785969 42.874710 0.000000 
0.000000 0.000000 0.000000 16.181953 12.139093 56.785969 56.785969 56.785969 50.244400 50.244400 56.785969 0.000000 
0.000000 0.000000 0.000000 55.431534 56.785969 34.896969 56.785969 56.785969 56.785969 56.785969 53.022831 0.000000 
0.000000 0.000000 0.000000 12.139093 47.637669 55.431534 56.785969 55.077778 55.077778 56.785969 46.827038 0.000000 
0.000000 0.000000 0.000000 0.000000 55.431534 16.181953 56.785969 56.785969 56.785969 56.785969 0.908425 56.654373 
0.000000 0.000000 0.000000 0.000000 20.616682 56.785969 56.785969 56.785969 56.785969 55.077778 55.077778 55.077778 
0.000000 0.000000 0.000000 0.000000 56.740608 16.181953 53.547215 56.785969 56.785969 56.785969 56.654373 55.077778 
0.000000 0.000000 0.000000 0.000000 0.000000 56.518574 16.181953 56.785969 56.785969 56.785969 56.785969 56.785969 
0.000000 0.000000 0.000000 0.000000 0.000000 56.785969 56.785969 56.785969 56.785969 56.785969 56.785969 56.785969 
0.000000 0.000000 0.000000 0.000000 0.000000 0.000000 56.785969 55.431534 56.785969 56.785969 56.785969 42.874710 
0.000000 0.000000 0.000000 0.000000 0.000000 0.000000 55.431534 56.785969 56.785969 56.785969 56.654373 56.346680 
0.000000 0.000000 0.000000 0.000000 0.000000 0.000000 0.000000 56.785969 47.637669 56.785969 56.785969 56.785969 
0.000000 0.000000 0.000000 0.000000 0.000000 0.000000 0.000000 43.791668 56.785969 56.785969 56.785969 56.785969 
0.000000 0.000000 0.000000 0.000000 0.000000 0.000000 0.000000 0.000000 56.785969 56.785969 56.785969 56.785969 
0.000000 0.000000 0.000000 0.000000 0.000000 0.000000 0.000000 0.000000 0.000000 56.785969 56.785969 0.000000 
