test/output/constant/M385_S000_A270_WD135.0_WS015.0/M385_S000_A270_WD135.0_WS015.0_arrival.asc
ncols         17
nrows         17
xllcorner     425303.990666
yllcorner     12748455.311160
cellsize      100.000000
NODATA_value  0.000000
166.041667 166.041154 166.040219 166.039284 166.039284 166.039284 166.040219 0.000000 0.000000 0.000000 0.000000 0.000000 0.000000 0.000000 0.000000 0.000000 0.000000 
166.041154 166.038348 166.037413 166.036478 166.036478 166.036478 166.036478 166.038348 166.040219 0.000000 0.000000 0.000000 0.000000 0.000000 0.000000 0.000000 0.000000 
166.040219 166.037413 166.035542 166.033672 166.033672 166.032736 166.033672 166.033672 166.035542 166.038348 166.041154 0.000000 0.000000 0.000000 0.000000 0.000000 0.000000 
166.039284 166.036478 166.033672 166.031801 166.030866 166.029930 166.029930 166.029930 166.030866 166.033672 166.036478 166.041154 0.000000 0.000000 0.000000 0.000000 0.000000 
166.039284 166.036478 166.033672 166.030866 166.028995 166.028060 166.027124 166.027124 166.027124 166.028995 166.031801 166.035542 166.040219 0.000000 0.000000 0.000000 0.000000 
166.039284 166.036478 166.032736 166.029930 166.028060 166.025254 166.024318 166.023383 166.024318 166.024318 166.026189 166.029930 166.034607 166.041154 0.000000 0.000000 0.000000 
166.040219 166.036478 166.033672 166.029930 166.027124 166.024318 166.021512 166.020577 166.020577 166.020577 166.021512 166.024318 166.028995 166.034607 0.000000 0.000000 0.000000 
0.000000 166.038348 166.033672 166.029930 166.027124 166.023383 166.020577 166.018706 166.017771 166.017771 166.017771 166.019642 166.023383 166.028995 166.037413 0.000000 0.000000 
0.000000 166.040219 166.035542 166.030866 166.027124 166.024318 166.020577 166.017771 166.014965 166.014030 166.014030 166.014965 166.017771 166.023383 166.031801 166.041154 0.000000 
0.000000 0.000000 166.038348 166.033672 166.028995 166.024318 166.020577 166.017771 166.014030 166.012159 166.011224 166.011224 166.013095 166.017771 166.025254 166.035542 0.000000 
0.000000 0.000000 166.041154 166.036478 166.031801 166.026189 166.021512 166.017771 166.014030 166.011224 166.008418 166.008418 166.008418 166.012159 166.019642 166.030866 0.000000 
0.000000 0.000000 0.000000 166.041154 166.035542 166.029930 166.024318 166.019642 166.014965 166.011224 166.008418 166.005612 166.004677 166.006547 166.014030 166.026189 166.040219 
0.000000 0.000000 0.000000 0.000000 166.040219 166.034607 166.028995 166.023383 166.017771 166.013095 166.008418 166.004677 166.001871 166.001871 166.009353 166.022448 166.037413 
0.000000 0.000000 0.000000 0.000000 0.000000 166.041154 166.034607 166.028995 166.023383 166.017771 166.012159 166.006547 166.001871 166.000000 166.007483 166.022448 166.037413 
0.000000 0.000000 0.000000 0.000000 0.000000 0.000000 0.000000 166.037413 166.031801 166.025254 166.019642 166.014030 166.009353 166.007483 166.011224 166.024318 166.039284 
0.000000 0.000000 0.000000 0.000000 0.000000 0.000000 0.000000 0.000000 166.041154 166.035542 166.030866 166.026189 166.022448 166.022448 166.024318 166.031801 0.000000 
0.000000 0.000000 0.000000 0.000000 0.000000 0.000000 0.000000 0.000000 0.000000 0.000000 0.000000 166.040219 166.037413 166.037413 166.039284 0.000000 0.000000 
