test/output/constant/M3M475_S060_A270_WD315.0_WS040.0/M3M475_S060_A270_WD315.0_WS040.0_arrival.asc
ncols         27
nrows         11
xllcorner     426503.990666
yllcorner     12748655.311160
cellsize      100.000000
NODATA_value  0.000000
0.000000 0.000000 0.000000 0.000000 0.000000 0.000000 0.000000 0.000000 0.000000 0.000000 0.000000 0.000000 0.000000 0.000000 0.000000 0.000000 166.041667 166.040017 166.039461 166.038906 166.038906 166.038906 166.038906 166.039461 166.040017 166.041129 0.000000 
0.000000 0.000000 0.000000 0.000000 0.000000 0.000000 0.000000 0.000000 0.000000 0.000000 0.000000 0.000000 0.000000 166.039461 166.037238 166.035571 166.034459 166.034459 166.034459 166.034459 166.035015 166.035015 166.036127 166.037238 166.038350 166.040017 166.041667 
0.000000 0.000000 0.000000 0.000000 0.000000 0.000000 0.000000 0.000000 0.000000 0.000000 166.038906 166.035015 166.032792 166.031124 166.030013 166.030013 166.030013 166.030013 166.030569 166.031124 166.031680 166.033348 166.035015 166.036682 166.038350 166.040017 166.041667 
0.000000 0.000000 0.000000 0.000000 0.000000 0.000000 0.000000 166.041129 166.035571 166.031124 166.028345 166.026122 166.025567 166.025011 166.025011 166.025567 166.026122 166.026678 166.028345 166.029457 166.031680 166.033348 166.035015 166.036682 166.038350 166.040573 0.000000 
0.000000 0.000000 0.000000 0.000000 0.000000 166.040017 166.032792 166.027790 166.023899 166.021676 166.020564 166.020564 166.020564 166.021120 166.021676 166.023343 166.024455 166.026122 166.027790 166.030013 166.031680 166.033348 166.036127 166.038350 166.040573 0.000000 0.000000 
0.000000 0.000000 0.000000 166.041129 166.031124 166.024455 166.020009 166.017230 166.016118 166.016118 166.016118 166.016674 166.017785 166.019453 166.021120 166.022788 166.025011 166.026678 166.028901 166.031124 166.033903 166.036127 166.038906 166.041129 0.000000 0.000000 0.000000 
0.000000 0.000000 166.033348 166.022232 166.016118 166.012783 166.011672 166.011672 166.011672 166.012783 166.014451 166.016118 166.017785 166.020009 166.021676 166.023899 166.026678 166.028901 166.031680 166.034459 166.037794 166.040573 0.000000 0.000000 0.000000 0.000000 0.000000 
0.000000 166.026122 166.013895 166.008337 166.007225 166.007225 166.007781 166.009448 166.011116 166.012783 166.014451 166.016674 166.019453 166.021676 166.025011 166.027790 166.031124 166.033903 166.037238 166.040573 0.000000 0.000000 0.000000 0.000000 0.000000 0.000000 0.000000 
166.035015 166.005002 166.002779 166.002779 166.004446 166.006114 166.007781 166.010004 166.012227 166.015006 166.017785 166.021120 166.024455 166.027790 166.031124 166.035015 166.038350 166.041667 0.000000 0.000000 0.000000 0.000000 0.000000 0.000000 0.000000 0.000000 0.000000 
166.028345 166.000000 166.001112 166.002779 166.005002 166.008337 166.011672 166.015562 166.018897 166.022788 166.026678 166.030013 166.033903 166.037794 166.041667 0.000000 0.000000 0.000000 0.000000 0.000000 0.000000 0.000000 0.000000 0.000000 0.000000 0.000000 0.000000 
166.037238 166.018341 166.017785 166.019453 166.022232 166.025567 166.029457 166.032792 166.036682 166.040573 0.000000 0.000000 0.000000 0.000000 0.000000 0.000000 0.000000 0.000000 0.000000 0.000000 0.000000 0.000000 0.000000 0.000000 0.000000 0.000000 0.000000 
