test/output/constant/M490_S060_A090_WD315.0_WS005.0/M490_S060_A090_WD315.0_WS005.0_arrival.asc
ncols         8
nrows         29
xllcorner     426403.990666
yllcorner     12745955.311160
cellsize      100.000000
NODATA_value  0.000000
0.000000 166.024769 166.000000 166.015333 0.000000 0.000000 0.000000 0.000000 
0.000000 166.013564 166.001179 166.005308 0.000000 0.000000 0.000000 0.000000 
0.000000 166.012384 166.002359 166.004718 166.025359 0.000000 0.000000 0.000000 
0.000000 166.012384 166.004128 166.004718 166.018282 0.000000 0.000000 0.000000 
166.037743 166.012384 166.005308 166.005897 166.014743 166.037743 0.000000 0.000000 
166.036564 166.013564 166.007077 166.007077 166.013564 166.031256 0.000000 0.000000 
166.035384 166.014743 166.008846 166.008256 166.013564 166.027128 0.000000 0.000000 
166.034794 166.015923 166.010026 166.010026 166.013564 166.024179 0.000000 0.000000 
166.034794 166.017692 166.011795 166.011205 166.014154 166.023000 166.039512 0.000000 
166.034794 166.019461 166.013564 166.012974 166.014743 166.022410 166.036564 0.000000 
166.035384 166.021231 166.014743 166.014154 166.015923 166.022410 166.033615 0.000000 
166.036564 166.023000 166.016513 166.015923 166.016513 166.022410 166.032435 0.000000 
166.037743 166.024769 166.018282 166.017102 166.017692 166.022410 166.031256 0.000000 
166.038333 166.026538 166.020051 166.018872 166.018872 166.023000 166.030666 0.000000 
166.039512 166.028307 166.021820 166.020641 166.020641 166.023589 166.030666 166.041667 
166.040692 166.030077 166.023589 166.021820 166.021820 166.024179 166.031256 166.040692 
166.041667 166.031846 166.025359 166.023589 166.023589 166.025359 166.031256 166.039512 
0.000000 166.033615 166.027128 166.024769 166.024769 166.026538 166.031256 166.039512 
0.000000 166.035384 166.028897 166.026538 166.026538 166.027718 166.031846 166.039512 
0.000000 166.037153 166.030666 166.028307 166.027718 166.028897 166.032435 166.039512 
0.000000 166.038923 166.032435 166.029487 166.029487 166.030077 166.033615 166.040102 
0.000000 166.040692 166.034205 166.031256 166.030666 166.031256 166.034205 166.040102 
0.000000 0.000000 166.035974 166.033025 166.032435 166.032435 166.035384 166.040692 
0.000000 0.000000 166.037743 166.034205 166.033615 166.033615 166.036564 166.041282 
0.000000 0.000000 166.039512 166.035974 166.035384 166.035384 166.037153 166.041667 
0.000000 0.000000 166.041282 166.037743 166.036564 166.036564 166.038333 0.000000 
0.000000 0.000000 0.000000 166.039512 166.038333 166.038333 166.039512 0.000000 
0.000000 0.000000 0.000000 166.041282 166.039512 166.039512 166.040692 0.000000 
0.000000 0.000000 0.000000 0.000000 166.041282 166.041282 0.000000 0.000000 
