test/output/constant/M3M470_S060_A090_WD000.0_WS035.0/M3M470_S060_A090_WD000.0_WS035.0_arrival.asc
ncols         7
nrows         48
xllcorner     426303.990666
yllcorner     12744055.311160
cellsize      100.000000
NODATA_value  0.000000
0.000000 0.000000 0.000000 166.000000 0.000000 0.000000 0.000000 
0.000000 0.000000 166.016577 166.000705 166.016577 0.000000 0.000000 
0.000000 0.000000 166.010229 166.001411 166.010229 0.000000 0.000000 
0.000000 0.000000 166.008112 166.002469 166.008112 0.000000 0.000000 
0.000000 0.000000 166.007407 166.003174 166.007407 0.000000 0.000000 
0.000000 166.035623 166.007407 166.004232 166.007407 166.035623 0.000000 
0.000000 166.031038 166.007760 166.004938 166.007760 166.031038 0.000000 
0.000000 166.027864 166.008112 166.005996 166.008112 166.027864 0.000000 
0.000000 166.025748 166.008818 166.006701 166.008818 166.025748 0.000000 
0.000000 166.023984 166.009523 166.007760 166.009523 166.023984 0.000000 
0.000000 166.023279 166.010229 166.008465 166.010229 166.023279 0.000000 
0.000000 166.022221 166.010934 166.009523 166.010934 166.022221 0.000000 
0.000000 166.021868 166.011639 166.010229 166.011639 166.021868 0.000000 
0.000000 166.021868 166.012697 166.011287 166.012697 166.021868 0.000000 
166.041619 166.021515 166.013403 166.011992 166.013403 166.021515 166.041619 
166.039856 166.021515 166.014461 166.013050 166.014461 166.021515 166.039856 
166.039150 166.021868 166.015166 166.013756 166.015166 166.021868 166.039150 
166.038092 166.022221 166.016225 166.014814 166.016225 166.022221 166.038092 
166.037387 166.022926 166.016930 166.015519 166.016930 166.022926 166.037387 
166.036682 166.023631 166.017635 166.016577 166.017635 166.023631 166.036682 
166.036329 166.023984 166.018693 166.017283 166.018693 166.023984 166.036329 
166.035976 166.024690 166.019399 166.018341 166.019399 166.024690 166.035976 
166.035976 166.025395 166.020457 166.019046 166.020457 166.025395 166.035976 
166.035976 166.025748 166.021162 166.020104 166.021162 166.025748 166.035976 
166.035623 166.026453 166.022221 166.020810 166.022221 166.026453 166.035623 
166.035976 166.027158 166.022926 166.021868 166.022926 166.027158 166.035976 
166.035976 166.027864 166.023984 166.022573 166.023984 166.027864 166.035976 
166.036329 166.028569 166.024690 166.023631 166.024690 166.028569 166.036329 
166.037034 166.029275 166.025395 166.024337 166.025395 166.029275 166.037034 
166.037740 166.029980 166.026453 166.025395 166.026453 166.029980 166.037740 
166.038092 166.030686 166.027158 166.026100 166.027158 166.030686 166.038092 
166.038798 166.031391 166.028217 166.027158 166.028217 166.031391 166.038798 
166.039150 166.032096 166.028922 166.027864 166.028922 166.032096 166.039150 
166.039856 166.033154 166.029980 166.028922 166.029980 166.033154 166.039856 
166.040561 166.033860 166.030686 166.029627 166.030686 166.033860 166.040561 
166.041267 166.034565 166.031391 166.030686 166.031391 166.034565 166.041267 
166.041619 166.035623 166.032449 166.031391 166.032449 166.035623 166.041619 
0.000000 166.036329 166.033154 166.032449 166.033154 166.036329 0.000000 
0.000000 166.037034 166.034213 166.033154 166.034213 166.037034 0.000000 
0.000000 166.038092 166.034918 166.034213 166.034918 166.038092 0.000000 
0.000000 166.038798 166.035976 166.034918 166.035976 166.038798 0.000000 
0.000000 166.039503 166.036682 166.035976 166.036682 166.039503 0.000000 
0.000000 166.040209 166.037740 166.036682 166.037740 166.040209 0.000000 
0.000000 166.041267 166.038445 166.037740 166.038445 166.041267 0.000000 
0.000000 0.000000 166.039503 166.038445 166.039503 0.000000 0.000000 
0.000000 0.000000 166.040209 166.039503 166.040209 0.000000 0.000000 
0.000000 0.000000 166.041267 166.040209 166.041267 0.000000 0.000000 
0.000000 0.000000 0.000000 166.041267 0.000000 0.000000 0.000000 
