test/output/constant/M3M480_S060_A090_WD135.0_WS015.0/M3M480_S060_A090_WD135.0_WS015.0_ros.asc
ncols         14
nrows         31
xllcorner     425403.990666
yllcorner     12745855.311160
cellsize      100.000000
NODATA_value  0.000000
0.000000 0.000000 0.000000 0.000000 0.000000 0.000000 0.000000 0.000000 0.000000 0.000000 0.000000 1.591635 2.364709 1.591635 
0.000000 0.000000 0.000000 0.000000 0.000000 0.000000 0.000000 0.000000 0.000000 0.000000 2.364709 1.591635 -1.000000 1.458205 
0.000000 0.000000 0.000000 0.000000 0.000000 0.000000 0.000000 0.000000 0.000000 1.591635 2.364709 51.311966 51.311966 7.493258 
0.000000 0.000000 0.000000 0.000000 0.000000 0.000000 0.000000 0.000000 2.364709 1.795813 32.555641 51.311966 17.456181 13.709682 
0.000000 0.000000 0.000000 0.000000 0.000000 0.000000 0.000000 0.000000 28.378218 4.706640 51.311966 51.311966 13.709682 17.456181 
0.000000 0.000000 0.000000 0.000000 0.000000 0.000000 0.000000 1.795813 1.591635 4.706640 51.311966 51.311966 21.486139 10.356676 
0.000000 0.000000 0.000000 0.000000 0.000000 0.000000 4.706640 36.568016 4.706640 48.681293 51.311966 21.486139 17.456181 7.493258 
0.000000 0.000000 0.000000 0.000000 0.000000 0.000000 1.795813 32.555641 40.293579 51.311966 51.311966 49.350967 10.356676 10.356676 
0.000000 0.000000 0.000000 0.000000 0.000000 3.256451 32.555641 4.706640 51.311966 51.311966 51.311966 21.486139 17.456181 17.456181 
0.000000 0.000000 0.000000 0.000000 0.000000 6.756916 32.555641 43.619171 51.311966 51.311966 41.577682 17.456181 17.456181 17.456181 
0.000000 0.000000 0.000000 0.000000 3.256451 4.706640 36.568016 50.263824 48.681293 51.311966 37.982071 25.679720 17.456181 0.000000 
0.000000 0.000000 0.000000 0.000000 4.706640 36.568016 46.443707 51.311966 51.311966 41.577682 5.196417 25.679720 13.709682 0.000000 
0.000000 0.000000 0.000000 36.568016 4.706640 36.568016 50.263824 51.311966 51.311966 21.486139 7.493258 21.486139 7.493258 0.000000 
0.000000 0.000000 0.000000 32.555641 36.568016 2.220761 50.263824 51.311966 37.982071 13.709682 17.456181 10.356676 10.356676 0.000000 
0.000000 0.000000 0.000000 1.795813 1.795813 43.619171 51.311966 51.311966 17.456181 17.456181 10.356676 17.456181 13.709682 0.000000 
0.000000 0.000000 1.795813 36.568016 43.619171 51.311966 51.311966 51.311966 21.486139 29.911341 17.456181 7.493258 0.000000 0.000000 
0.000000 0.000000 2.100322 36.568016 3.256451 51.311966 51.311966 51.311966 29.911341 21.486139 21.486139 21.486139 0.000000 0.000000 
0.000000 43.619171 3.256451 4.706640 51.311966 51.311966 51.311966 51.311966 25.679720 37.982071 17.456181 17.456181 0.000000 0.000000 
0.000000 3.256451 43.619171 51.311966 51.311966 51.311966 50.676132 34.053753 49.350967 13.709682 17.456181 0.000000 0.000000 0.000000 
0.000000 40.293579 46.443707 51.143074 51.311966 51.311966 37.982071 49.350967 17.456181 34.053753 17.456181 0.000000 0.000000 0.000000 
0.000000 36.568016 48.681293 51.311966 51.311966 51.311966 51.311966 21.486139 21.486139 17.456181 0.000000 0.000000 0.000000 0.000000 
48.681293 40.293579 50.263824 51.311966 51.311966 51.311966 21.486139 47.349396 21.486139 17.456181 0.000000 0.000000 0.000000 0.000000 
36.568016 51.311966 50.263824 51.311966 51.311966 21.486139 34.053753 17.456181 34.053753 0.000000 0.000000 0.000000 0.000000 0.000000 
32.555641 51.143074 51.311966 51.311966 51.311966 13.709682 29.911341 13.709682 5.196417 0.000000 0.000000 0.000000 0.000000 0.000000 
51.311966 51.311966 51.311966 51.311966 51.311966 25.679720 37.982071 7.493258 0.000000 0.000000 0.000000 0.000000 0.000000 0.000000 
48.681293 51.311966 51.311966 51.311966 51.311966 17.456181 17.456181 13.709682 0.000000 0.000000 0.000000 0.000000 0.000000 0.000000 
50.263824 51.311966 51.311966 34.053753 51.311966 13.709682 41.577682 0.000000 0.000000 0.000000 0.000000 0.000000 0.000000 0.000000 
51.311966 46.443707 51.311966 17.456181 41.577682 13.709682 0.000000 0.000000 0.000000 0.000000 0.000000 0.000000 0.000000 0.000000 
51.311966 51.311966 51.311966 51.311966 17.456181 21.486139 0.000000 0.000000 0.000000 0.000000 0.000000 0.000000 0.000000 0.000000 
51.311966 51.311966 51.311966 51.311966 34.053753 0.000000 0.000000 0.000000 0.000000 0.000000 0.000000 0.000000 0.000000 0.000000 
0.000000 51.311966 51.311966 0.000000 0.000000 0.000000 0.000000 0.000000 0.000000 0.000000 0.000000 0.000000 0.000000 0.000000 
