test/output/constant/M3M480_S060_A090_WD135.0_WS015.0/M3M480_S060_A090_WD135.0_WS015.0_raz.asc
ncols         14
nrows         31
xllcorner     425403.990666
yllcorner     12745855.311160
cellsize      100.000000
NODATA_value  0.000000
0 0 0 0 0 0 0 0 0 0 0 354 282 354 
0 0 0 0 0 0 0 0 0 0 282 354 65535 47 
0 0 0 0 0 0 0 0 0 354 282 201 201 160 
0 0 0 0 0 0 0 0 282 309 212 201 178 173 
0 0 0 0 0 0 0 0 214 251 201 201 173 178 
0 0 0 0 0 0 0 309 354 251 201 201 181 168 
0 0 0 0 0 0 251 210 251 204 201 181 178 160 
0 0 0 0 0 0 309 212 209 201 201 197 168 168 
0 0 0 0 0 265 212 251 201 201 201 181 178 178 
0 0 0 0 0 241 212 207 201 201 193 178 178 178 
0 0 0 0 265 251 210 203 204 201 191 184 178 0 
0 0 0 0 251 210 205 201 201 193 150 184 173 0 
0 0 0 210 251 210 203 201 201 181 160 181 160 0 
0 0 0 212 210 286 203 201 191 173 178 168 168 0 
0 0 0 309 309 207 201 201 178 178 168 178 173 0 
0 0 309 210 207 201 201 201 181 187 178 160 0 0 
0 0 291 210 265 201 201 201 187 181 181 181 0 0 
0 207 265 251 201 201 201 201 184 191 178 178 0 0 
0 265 207 201 201 201 199 189 197 173 178 0 0 0 
0 209 205 201 201 201 191 197 178 189 178 0 0 0 
0 210 204 201 201 201 201 181 181 178 0 0 0 0 
204 209 203 201 201 201 181 196 181 178 0 0 0 0 
210 201 203 201 201 181 189 178 189 0 0 0 0 0 
212 201 201 201 201 173 187 173 150 0 0 0 0 0 
201 201 201 201 201 184 191 160 0 0 0 0 0 0 
204 201 201 201 201 178 178 173 0 0 0 0 0 0 
203 201 201 189 201 173 193 0 0 0 0 0 0 0 
201 205 201 178 193 173 0 0 0 0 0 0 0 0 
201 201 201 201 178 181 0 0 0 0 0 0 0 0 
201 201 201 201 189 0 0 0 0 0 0 0 0 0 
0 201 201 0 0 0 0 0 0 0 0 0 0 0 
