test/output/constant/M3M480_S060_A090_WD135.0_WS015.0/M3M480_S060_A090_WD135.0_WS015.0_arrival.asc
ncols         14
nrows         31
xllcorner     425403.990666
yllcorner     12745855.311160
cellsize      100.000000
NODATA_value  0.000000
0.000000 0.000000 0.000000 0.000000 0.000000 0.000000 0.000000 0.000000 0.000000 0.000000 0.000000 166.030160 166.022752 166.034393 
0.000000 0.000000 0.000000 0.000000 0.000000 0.000000 0.000000 0.000000 0.000000 0.000000 166.025398 166.004233 166.000000 166.019049 
0.000000 0.000000 0.000000 0.000000 0.000000 0.000000 0.000000 0.000000 0.000000 166.029631 166.011112 166.002117 166.001058 166.017461 
0.000000 0.000000 0.000000 0.000000 0.000000 0.000000 0.000000 0.000000 166.035451 166.017990 166.005820 166.002646 166.002646 166.019049 
0.000000 0.000000 0.000000 0.000000 0.000000 0.000000 0.000000 0.000000 166.024340 166.011641 166.005291 166.003704 166.005291 166.021165 
0.000000 0.000000 0.000000 0.000000 0.000000 0.000000 0.000000 166.031748 166.017990 166.009524 166.005820 166.005291 166.007937 166.024869 
0.000000 0.000000 0.000000 0.000000 0.000000 0.000000 166.038097 166.024340 166.014286 166.008995 166.006879 166.006879 166.011641 166.028044 
0.000000 0.000000 0.000000 0.000000 0.000000 0.000000 166.031218 166.019578 166.012699 166.008995 166.008466 166.008995 166.015345 166.031748 
0.000000 0.000000 0.000000 0.000000 0.000000 166.037568 166.025398 166.017461 166.012170 166.009524 166.009524 166.011641 166.018519 166.035451 
0.000000 0.000000 0.000000 0.000000 0.000000 166.031748 166.022223 166.015874 166.012699 166.011112 166.011112 166.014816 166.022223 166.039155 
0.000000 0.000000 0.000000 0.000000 166.038626 166.028044 166.020636 166.015874 166.012699 166.012699 166.013228 166.017461 166.025927 0.000000 
0.000000 0.000000 0.000000 0.000000 166.033864 166.025398 166.019578 166.015874 166.014286 166.014286 166.015874 166.020636 166.029631 0.000000 
0.000000 0.000000 0.000000 166.039684 166.030689 166.023811 166.019049 166.016403 166.015345 166.015874 166.018519 166.023811 166.033335 0.000000 
0.000000 0.000000 0.000000 166.035981 166.028573 166.023282 166.019049 166.016932 166.016932 166.017990 166.021165 166.027515 166.037039 0.000000 
0.000000 0.000000 0.000000 166.033864 166.027515 166.022752 166.019578 166.018519 166.018519 166.020107 166.024340 166.030689 166.040743 0.000000 
0.000000 0.000000 166.039155 166.031748 166.026456 166.022752 166.020107 166.020107 166.020107 166.022223 166.026985 166.034393 0.000000 0.000000 
0.000000 0.000000 166.037039 166.030689 166.026456 166.022752 166.021165 166.021165 166.022223 166.024869 166.030160 166.037568 0.000000 0.000000 
0.000000 166.041667 166.035451 166.030160 166.025927 166.023811 166.022752 166.022752 166.024340 166.027515 166.033335 166.041272 0.000000 0.000000 
0.000000 166.040214 166.033864 166.029631 166.026456 166.024340 166.024340 166.024340 166.026456 166.030689 166.036510 0.000000 0.000000 0.000000 
0.000000 166.038626 166.033335 166.029631 166.026985 166.025927 166.025927 166.026456 166.029102 166.033335 166.039684 0.000000 0.000000 0.000000 
0.000000 166.037568 166.033335 166.029631 166.027515 166.026985 166.026985 166.028573 166.031748 166.036510 0.000000 0.000000 0.000000 0.000000 
166.041667 166.037039 166.032806 166.030160 166.028573 166.028573 166.029102 166.030689 166.034393 166.039684 0.000000 0.000000 0.000000 0.000000 
166.040743 166.036510 166.032806 166.030689 166.030160 166.030160 166.030689 166.033335 166.037039 0.000000 0.000000 0.000000 0.000000 0.000000 
166.040214 166.036510 166.033335 166.031748 166.031748 166.031748 166.032806 166.035981 166.040214 0.000000 0.000000 0.000000 0.000000 0.000000 
166.040214 166.036510 166.033864 166.032806 166.032806 166.033335 166.034922 166.038626 0.000000 0.000000 0.000000 0.000000 0.000000 0.000000 
166.039684 166.037039 166.034922 166.034393 166.034393 166.035451 166.037568 166.041272 0.000000 0.000000 0.000000 0.000000 0.000000 0.000000 
166.039684 166.037568 166.035981 166.035981 166.035981 166.037568 166.039684 0.000000 0.000000 0.000000 0.000000 0.000000 0.000000 0.000000 
166.040214 166.038097 166.037568 166.037568 166.037568 166.039684 0.000000 0.000000 0.000000 0.000000 0.000000 0.000000 0.000000 0.000000 
166.040743 166.039155 166.038626 166.038626 166.039684 166.041667 0.000000 0.000000 0.000000 0.000000 0.000000 0.000000 0.000000 0.000000 
166.041272 166.040214 166.040214 166.040214 166.041667 0.000000 0.000000 0.000000 0.000000 0.000000 0.000000 0.000000 0.000000 0.000000 
0.000000 166.041667 166.041667 0.000000 0.000000 0.000000 0.000000 0.000000 0.000000 0.000000 0.000000 0.000000 0.000000 0.000000 
