test/output/constant/M3M4100_S060_A000_WD225.0_WS010.0/M3M4100_S060_A000_WD225.0_WS010.0_arrival.asc
ncols         46
nrows         15
xllcorner     422203.990666
yllcorner     12748555.311160
cellsize      100.000000
NODATA_value  0.000000
0.000000 0.000000 0.000000 0.000000 0.000000 0.000000 166.041667 166.041667 166.041667 166.041667 0.000000 0.000000 0.000000 0.000000 0.000000 0.000000 0.000000 0.000000 0.000000 0.000000 0.000000 0.000000 0.000000 0.000000 0.000000 0.000000 0.000000 0.000000 0.000000 0.000000 0.000000 0.000000 0.000000 0.000000 0.000000 0.000000 0.000000 0.000000 0.000000 0.000000 0.000000 0.000000 0.000000 0.000000 0.000000 0.000000 
0.000000 166.041382 166.040656 166.040293 166.039567 166.039204 166.038841 166.038478 166.038478 166.038115 166.038115 166.038115 166.038115 166.038478 166.038478 166.038841 166.039204 166.039567 166.040293 166.041382 0.000000 0.000000 0.000000 0.000000 0.000000 0.000000 0.000000 0.000000 0.000000 0.000000 0.000000 0.000000 0.000000 0.000000 0.000000 0.000000 0.000000 0.000000 0.000000 0.000000 0.000000 0.000000 0.000000 0.000000 0.000000 0.000000 
166.041019 166.040293 166.039567 166.038841 166.038115 166.037389 166.037026 166.036300 166.035937 166.035574 166.035211 166.034848 166.034485 166.034485 166.034485 166.034485 166.034848 166.034848 166.035211 166.035574 166.036300 166.037026 166.038115 166.039567 166.041019 0.000000 0.000000 0.000000 0.000000 0.000000 0.000000 0.000000 0.000000 0.000000 0.000000 0.000000 0.000000 0.000000 0.000000 0.000000 0.000000 0.000000 0.000000 0.000000 0.000000 0.000000 
166.041019 166.039930 166.039204 166.038115 166.037389 166.036300 166.035574 166.034848 166.034122 166.033396 166.033033 166.032307 166.031944 166.031581 166.031218 166.031218 166.030855 166.030855 166.030855 166.031218 166.031218 166.031581 166.031944 166.032670 166.033759 166.034848 166.036300 166.038478 166.041019 0.000000 0.000000 0.000000 0.000000 0.000000 0.000000 0.000000 0.000000 0.000000 0.000000 0.000000 0.000000 0.000000 0.000000 0.000000 0.000000 0.000000 
166.041019 166.039930 166.039204 166.038115 166.037026 166.036300 166.035211 166.034485 166.033396 166.032670 166.031944 166.030855 166.030129 166.029766 166.029040 166.028314 166.028314 166.027951 166.027588 166.027225 166.027225 166.027225 166.027588 166.027588 166.027951 166.028677 166.029040 166.030492 166.031944 166.033759 166.036663 166.039930 0.000000 0.000000 0.000000 0.000000 0.000000 0.000000 0.000000 0.000000 0.000000 0.000000 0.000000 0.000000 0.000000 0.000000 
166.041667 166.040656 166.039567 166.038478 166.037389 166.036300 166.035211 166.034485 166.033396 166.032670 166.031581 166.030492 166.029766 166.029040 166.027951 166.027225 166.026499 166.025773 166.025047 166.024684 166.024321 166.023958 166.023595 166.023595 166.023595 166.023958 166.023958 166.024321 166.025047 166.026136 166.027588 166.029040 166.031944 166.035211 166.039204 0.000000 0.000000 0.000000 0.000000 0.000000 0.000000 0.000000 0.000000 0.000000 0.000000 0.000000 
0.000000 0.000000 166.040656 166.039567 166.038115 166.037026 166.035937 166.034848 166.033759 166.032670 166.031581 166.030492 166.029766 166.028677 166.027951 166.026862 166.025773 166.025047 166.024321 166.023232 166.022506 166.021780 166.021417 166.020691 166.020328 166.020328 166.019965 166.019965 166.020328 166.020328 166.020691 166.021417 166.022869 166.024684 166.027225 166.030492 166.035211 166.040656 0.000000 0.000000 0.000000 0.000000 0.000000 0.000000 0.000000 0.000000 
0.000000 0.000000 0.000000 166.041382 166.040293 166.038841 166.037389 166.036300 166.034848 166.033759 166.032670 166.031218 166.030129 166.029040 166.027951 166.026862 166.026136 166.025047 166.023958 166.023232 166.022143 166.021417 166.020328 166.019602 166.018513 166.018150 166.017424 166.017061 166.016698 166.016335 166.016335 166.016698 166.016698 166.017424 166.018513 166.019965 166.022869 166.026499 166.031218 166.037752 0.000000 0.000000 0.000000 0.000000 0.000000 0.000000 
0.000000 0.000000 0.000000 0.000000 0.000000 166.041382 166.039930 166.038478 166.037389 166.035937 166.034485 166.033033 166.031944 166.030492 166.029403 166.027951 166.026862 166.025773 166.024321 166.023595 166.022143 166.021417 166.020328 166.019239 166.018513 166.017424 166.016698 166.015609 166.014883 166.014157 166.013431 166.013068 166.012705 166.012705 166.013068 166.013068 166.013794 166.015246 166.018150 166.021780 166.027951 166.036663 0.000000 0.000000 0.000000 0.000000 
0.000000 0.000000 0.000000 0.000000 0.000000 0.000000 0.000000 166.041382 166.039930 166.038478 166.037026 166.035937 166.034485 166.033033 166.031581 166.030129 166.028677 166.027588 166.026136 166.024684 166.023595 166.022143 166.021054 166.019965 166.018876 166.017424 166.016698 166.015609 166.014883 166.013794 166.012705 166.011979 166.010890 166.010164 166.009438 166.009438 166.009075 166.009438 166.009801 166.010890 166.013431 166.018150 166.026499 166.039567 0.000000 0.000000 
0.000000 0.000000 0.000000 0.000000 0.000000 0.000000 0.000000 0.000000 0.000000 0.000000 166.041019 166.039567 166.038115 166.036300 166.034848 166.033396 166.031944 166.030492 166.029040 166.027588 166.026136 166.024684 166.023232 166.021780 166.020328 166.019239 166.017787 166.016335 166.015246 166.014157 166.013068 166.011979 166.010890 166.010164 166.009075 166.007986 166.007260 166.006171 166.005808 166.005445 166.005808 166.006171 166.009075 166.016698 166.030855 0.000000 
0.000000 0.000000 0.000000 0.000000 0.000000 0.000000 0.000000 0.000000 0.000000 0.000000 0.000000 0.000000 0.000000 166.041019 166.039567 166.037752 166.036300 166.034848 166.033033 166.031581 166.030129 166.028314 166.026862 166.025410 166.023958 166.022143 166.020691 166.019239 166.017787 166.016335 166.014883 166.013431 166.011979 166.010527 166.009438 166.008349 166.007260 166.006171 166.005445 166.004356 166.003630 166.002541 166.002178 166.002178 166.005808 166.033396 
0.000000 0.000000 0.000000 0.000000 0.000000 0.000000 0.000000 0.000000 0.000000 0.000000 0.000000 0.000000 0.000000 0.000000 0.000000 0.000000 166.041667 166.039930 166.038478 166.036663 166.035211 166.033396 166.031944 166.030492 166.028677 166.027225 166.025410 166.023958 166.022143 166.020691 166.019239 166.017424 166.015972 166.014157 166.012705 166.011253 166.009438 166.007986 166.006534 166.005082 166.003630 166.002541 166.001452 166.000726 166.000000 166.024684 
0.000000 0.000000 0.000000 0.000000 0.000000 0.000000 0.000000 0.000000 0.000000 0.000000 0.000000 0.000000 0.000000 0.000000 0.000000 0.000000 0.000000 0.000000 0.000000 0.000000 0.000000 0.000000 166.040656 166.038841 166.037389 166.035574 166.034122 166.032307 166.030855 166.029403 166.027588 166.026136 166.024321 166.022869 166.021054 166.019602 166.018150 166.016698 166.014883 166.013794 166.012342 166.011616 166.011253 166.011253 166.014520 166.036300 
0.000000 0.000000 0.000000 0.000000 0.000000 0.000000 0.000000 0.000000 0.000000 0.000000 0.000000 0.000000 0.000000 0.000000 0.000000 0.000000 0.000000 0.000000 0.000000 0.000000 0.000000 0.000000 0.000000 0.000000 0.000000 0.000000 0.000000 0.000000 0.000000 166.040293 166.039204 166.037752 166.035937 166.034848 166.034122 166.033033 166.032307 166.031581 166.031218 166.031581 166.031218 166.032307 166.035937 166.040656 0.000000 0.000000 
