test/output/constant/C3_S000_A090_WD000.0_WS040.0/C3_S000_A090_WD000.0_WS040.0_arrival.asc
ncols         7
nrows         29
xllcorner     426303.990666
yllcorner     12745955.311160
cellsize      100.000000
NODATA_value  0.000000
0.000000 0.000000 166.034584 166.000000 166.034584 0.000000 0.000000 
0.000000 0.000000 166.011329 166.001193 166.011329 0.000000 0.000000 
0.000000 0.000000 166.008348 166.002385 166.008348 0.000000 0.000000 
0.000000 166.035776 166.008348 166.004174 166.008348 166.035776 0.000000 
0.000000 166.030410 166.008348 166.005366 166.008348 166.030410 0.000000 
0.000000 166.027429 166.009540 166.007155 166.009540 166.027429 0.000000 
0.000000 166.025044 166.010733 166.008348 166.010733 166.025044 0.000000 
0.000000 166.024447 166.011925 166.010137 166.011925 166.024447 0.000000 
0.000000 166.023851 166.013118 166.011329 166.013118 166.023851 0.000000 
0.000000 166.023851 166.014311 166.013118 166.014311 166.023851 0.000000 
0.000000 166.023851 166.016099 166.014311 166.016099 166.023851 0.000000 
166.041143 166.024447 166.017292 166.016099 166.017292 166.024447 166.041143 
166.039950 166.025640 166.018485 166.017292 166.018485 166.025640 166.039950 
166.039950 166.026236 166.020273 166.019081 166.020273 166.026236 166.039950 
166.039354 166.027429 166.021466 166.020273 166.021466 166.027429 166.039354 
166.039354 166.028621 166.023255 166.022062 166.023255 166.028621 166.039354 
166.039354 166.029217 166.024447 166.023255 166.024447 166.029217 166.039354 
166.039950 166.030410 166.026236 166.025044 166.026236 166.030410 166.039950 
166.040547 166.031603 166.027429 166.026236 166.027429 166.031603 166.040547 
166.041143 166.032795 166.028621 166.028025 166.028621 166.032795 166.041143 
0.000000 166.033988 166.030410 166.029217 166.030410 166.033988 0.000000 
0.000000 166.035776 166.031603 166.031006 166.031603 166.035776 0.000000 
0.000000 166.036969 166.033391 166.032199 166.033391 166.036969 0.000000 
0.000000 166.038162 166.034584 166.033988 166.034584 166.038162 0.000000 
0.000000 166.039354 166.035776 166.035180 166.035776 166.039354 0.000000 
0.000000 166.041143 166.037565 166.036969 166.037565 166.041143 0.000000 
0.000000 0.000000 166.038758 166.038162 166.038758 0.000000 0.000000 
0.000000 0.000000 166.040547 166.039950 166.040547 0.000000 0.000000 
0.000000 0.000000 166.041667 166.041143 166.041667 0.000000 0.000000 
