test/output/constant/M385_S060_A000_WD270.0_WS015.0/M385_S060_A000_WD270.0_WS015.0_arrival.asc
ncols         31
nrows         11
xllcorner     423803.990666
yllcorner     12748255.311160
cellsize      100.000000
NODATA_value  0.000000
0.000000 0.000000 0.000000 0.000000 0.000000 0.000000 0.000000 0.000000 0.000000 0.000000 0.000000 166.041667 166.041335 166.041335 166.041335 166.041335 166.041667 0.000000 0.000000 0.000000 0.000000 0.000000 0.000000 0.000000 0.000000 0.000000 0.000000 0.000000 0.000000 0.000000 0.000000 
0.000000 0.000000 0.000000 0.000000 0.000000 166.041335 166.040154 166.038973 166.038382 166.037201 166.036020 166.035430 166.034249 166.033658 166.033068 166.032477 166.032477 166.032477 166.032477 166.032477 166.033658 166.034249 166.036611 166.039563 0.000000 0.000000 0.000000 0.000000 0.000000 0.000000 0.000000 
0.000000 0.000000 166.041335 166.040154 166.038973 166.037792 166.036020 166.034839 166.033658 166.032477 166.031296 166.030115 166.028934 166.027753 166.027163 166.025982 166.024801 166.024210 166.023620 166.023029 166.023029 166.023029 166.023620 166.024801 166.026572 166.029525 166.034839 0.000000 0.000000 0.000000 0.000000 
0.000000 166.040744 166.039563 166.037792 166.036611 166.035430 166.033658 166.032477 166.030706 166.029525 166.028344 166.026572 166.025391 166.024210 166.022439 166.021258 166.020077 166.018896 166.017715 166.016534 166.015943 166.014762 166.014172 166.014172 166.014172 166.014762 166.017124 166.021258 166.029525 0.000000 0.000000 
166.041335 166.039563 166.038382 166.036611 166.035430 166.033658 166.032477 166.030706 166.029525 166.027753 166.026572 166.024801 166.023620 166.021848 166.020667 166.018896 166.017715 166.016534 166.014762 166.013581 166.011810 166.010629 166.008857 166.007676 166.006495 166.005314 166.004724 166.004724 166.007676 166.021258 0.000000 
166.040744 166.039563 166.037792 166.036611 166.034839 166.033658 166.031887 166.030706 166.028934 166.027753 166.025982 166.024801 166.023029 166.021848 166.020077 166.018896 166.017124 166.015943 166.014172 166.012991 166.011219 166.010038 166.008267 166.007086 166.005314 166.004133 166.002362 166.001181 166.000000 166.014172 166.041667 
166.041335 166.039563 166.038382 166.036611 166.035430 166.033658 166.032477 166.030706 166.029525 166.027753 166.026572 166.024801 166.023620 166.021848 166.020667 166.018896 166.017715 166.016534 166.014762 166.013581 166.011810 166.010629 166.008857 166.007676 166.006495 166.005314 166.004724 166.004724 166.007676 166.021258 0.000000 
0.000000 166.040744 166.039563 166.037792 166.036611 166.035430 166.033658 166.032477 166.030706 166.029525 166.028344 166.026572 166.025391 166.024210 166.022439 166.021258 166.020077 166.018896 166.017715 166.016534 166.015943 166.014762 166.014172 166.014172 166.014172 166.014762 166.017124 166.021258 166.029525 0.000000 0.000000 
0.000000 0.000000 166.041335 166.040154 166.038973 166.037792 166.036020 166.034839 166.033658 166.032477 166.031296 166.030115 166.028934 166.027753 166.027163 166.025982 166.024801 166.024210 166.023620 166.023029 166.023029 166.023029 166.023620 166.024801 166.026572 166.029525 166.034839 0.000000 0.000000 0.000000 0.000000 
0.000000 0.000000 0.000000 0.000000 0.000000 166.041335 166.040154 166.038973 166.038382 166.037201 166.036020 166.035430 166.034249 166.033658 166.033068 166.032477 166.032477 166.032477 166.032477 166.032477 166.033658 166.034249 166.036611 166.039563 0.000000 0.000000 0.000000 0.000000 0.000000 0.000000 0.000000 
0.000000 0.000000 0.000000 0.000000 0.000000 0.000000 0.000000 0.000000 0.000000 0.000000 0.000000 166.041667 166.041335 166.041335 166.041335 166.041335 166.041667 0.000000 0.000000 0.000000 0.000000 0.000000 0.000000 0.000000 0.000000 0.000000 0.000000 0.000000 0.000000 0.000000 0.000000 
