test/output/constant/M345_S060_A270_WD180.0_WS005.0/M345_S060_A270_WD180.0_WS005.0_arrival.asc
ncols         7
nrows         30
xllcorner     426303.990666
yllcorner     12748755.311160
cellsize      100.000000
NODATA_value  0.000000
0.000000 0.000000 0.000000 166.041667 0.000000 0.000000 0.000000 
0.000000 0.000000 166.040707 166.040126 166.040707 0.000000 0.000000 
0.000000 0.000000 166.039544 166.038963 166.039544 0.000000 0.000000 
0.000000 166.041289 166.037800 166.037218 166.037800 166.041289 0.000000 
0.000000 166.039544 166.036637 166.036055 166.036637 166.039544 0.000000 
0.000000 166.038381 166.034892 166.034310 166.034892 166.038381 0.000000 
0.000000 166.037218 166.033729 166.033147 166.033729 166.037218 0.000000 
0.000000 166.035473 166.032566 166.031403 166.032566 166.035473 0.000000 
166.041667 166.034310 166.030821 166.030240 166.030821 166.034310 166.041667 
166.040707 166.033147 166.029658 166.028495 166.029658 166.033147 166.040707 
166.039544 166.031984 166.027914 166.027332 166.027914 166.031984 166.039544 
166.038963 166.030821 166.026750 166.025587 166.026750 166.030821 166.038963 
166.037800 166.029658 166.025006 166.024424 166.025006 166.029658 166.037800 
166.037800 166.028495 166.023843 166.022680 166.023843 166.028495 166.037800 
166.037800 166.027332 166.022680 166.021517 166.022680 166.027332 166.037800 
166.037800 166.026169 166.020935 166.019772 166.020935 166.026169 166.037800 
166.037800 166.025587 166.019772 166.018609 166.019772 166.025587 166.037800 
166.038381 166.024424 166.018028 166.016864 166.018028 166.024424 166.038381 
166.038963 166.023261 166.016864 166.015701 166.016864 166.023261 166.038963 
166.039544 166.022680 166.015120 166.013957 166.015120 166.022680 166.039544 
166.041289 166.022680 166.013957 166.012794 166.013957 166.022680 166.041289 
0.000000 166.022680 166.012794 166.011049 166.012794 166.022680 0.000000 
0.000000 166.023261 166.011049 166.009886 166.011049 166.023261 0.000000 
0.000000 166.023843 166.009886 166.008141 166.009886 166.023843 0.000000 
0.000000 166.025587 166.009305 166.006978 166.009305 166.025587 0.000000 
0.000000 166.027914 166.008141 166.005234 166.008141 166.027914 0.000000 
0.000000 166.033147 166.007560 166.004071 166.007560 166.033147 0.000000 
0.000000 0.000000 166.008141 166.002326 166.008141 0.000000 0.000000 
0.000000 0.000000 166.010468 166.001163 166.010468 0.000000 0.000000 
0.000000 0.000000 166.022098 166.000000 166.022098 0.000000 0.000000 
