test/output/constant/M3100_S060_A090_WD000.0_WS050.0/M3100_S060_A090_WD000.0_WS050.0_arrival.asc
ncols         9
nrows         69
xllcorner     426203.990666
yllcorner     12741955.311160
cellsize      100.000000
NODATA_value  0.000000
0.000000 0.000000 0.000000 0.000000 166.000000 0.000000 0.000000 0.000000 0.000000 
0.000000 0.000000 0.000000 166.016010 166.000493 166.016010 0.000000 0.000000 0.000000 
0.000000 0.000000 0.000000 166.008621 166.000985 166.008621 0.000000 0.000000 0.000000 
0.000000 0.000000 0.000000 166.006650 166.001724 166.006650 0.000000 0.000000 0.000000 
0.000000 0.000000 166.036946 166.005911 166.002217 166.005911 166.036946 0.000000 0.000000 
0.000000 0.000000 166.030296 166.005665 166.002956 166.005665 166.030296 0.000000 0.000000 
0.000000 0.000000 166.026601 166.005665 166.003448 166.005665 166.026601 0.000000 0.000000 
0.000000 0.000000 166.023399 166.006158 166.004187 166.006158 166.023399 0.000000 0.000000 
0.000000 0.000000 166.021429 166.006404 166.004680 166.006404 166.021429 0.000000 0.000000 
0.000000 0.000000 166.019951 166.006897 166.005419 166.006897 166.019951 0.000000 0.000000 
0.000000 0.000000 166.018966 166.007389 166.005911 166.007389 166.018966 0.000000 0.000000 
0.000000 166.041133 166.017980 166.007882 166.006650 166.007882 166.017980 166.041133 0.000000 
0.000000 166.038670 166.017734 166.008374 166.007143 166.008374 166.017734 166.038670 0.000000 
0.000000 166.036207 166.017241 166.009113 166.007882 166.009113 166.017241 166.036207 0.000000 
0.000000 166.034729 166.016995 166.009606 166.008374 166.009606 166.016995 166.034729 0.000000 
0.000000 166.033251 166.016749 166.010099 166.009113 166.010099 166.016749 166.033251 0.000000 
0.000000 166.032020 166.016749 166.010837 166.009606 166.010837 166.016749 166.032020 0.000000 
0.000000 166.031035 166.016749 166.011330 166.010345 166.011330 166.016749 166.031035 0.000000 
0.000000 166.030296 166.016995 166.012069 166.010837 166.012069 166.016995 166.030296 0.000000 
0.000000 166.029803 166.017488 166.012562 166.011576 166.012562 166.017488 166.029803 0.000000 
0.000000 166.029310 166.017734 166.013054 166.012069 166.013054 166.017734 166.029310 0.000000 
0.000000 166.028818 166.018227 166.013793 166.012808 166.013793 166.018227 166.028818 0.000000 
0.000000 166.028572 166.018719 166.014286 166.013301 166.014286 166.018719 166.028572 0.000000 
0.000000 166.028079 166.018966 166.015025 166.014039 166.015025 166.018966 166.028079 0.000000 
0.000000 166.028079 166.019458 166.015517 166.014532 166.015517 166.019458 166.028079 0.000000 
0.000000 166.027833 166.019951 166.016256 166.015271 166.016256 166.019951 166.027833 0.000000 
0.000000 166.027833 166.020197 166.016749 166.015764 166.016749 166.020197 166.027833 0.000000 
166.041379 166.027833 166.020690 166.017488 166.016503 166.017488 166.020690 166.027833 166.041379 
166.040887 166.027833 166.021182 166.017980 166.016995 166.017980 166.021182 166.027833 166.040887 
166.040394 166.028079 166.021675 166.018473 166.017734 166.018473 166.021675 166.028079 166.040394 
166.039902 166.028325 166.022168 166.019212 166.018227 166.019212 166.022168 166.028325 166.039902 
166.039902 166.028818 166.022660 166.019705 166.018966 166.019705 166.022660 166.028818 166.039902 
166.039409 166.029064 166.023153 166.020443 166.019458 166.020443 166.023153 166.029064 166.039409 
166.039163 166.029557 166.023645 166.020936 166.020197 166.020936 166.023645 166.029557 166.039163 
166.039163 166.029803 166.024384 166.021675 166.020690 166.021675 166.024384 166.029803 166.039163 
166.038916 166.030296 166.024877 166.022168 166.021429 166.022168 166.024877 166.030296 166.038916 
166.038916 166.030788 166.025370 166.022660 166.021921 166.022660 166.025370 166.030788 166.038916 
166.038916 166.031281 166.025862 166.023399 166.022660 166.023399 166.025862 166.031281 166.038916 
166.038916 166.031527 166.026601 166.023892 166.023153 166.023892 166.026601 166.031527 166.038916 
166.038916 166.032020 166.027094 166.024631 166.023892 166.024631 166.027094 166.032020 166.038916 
166.038916 166.032512 166.027586 166.025123 166.024384 166.025123 166.027586 166.032512 166.038916 
166.039409 166.032759 166.028325 166.025862 166.025123 166.025862 166.028325 166.032759 166.039409 
166.039655 166.033251 166.028818 166.026355 166.025616 166.026355 166.028818 166.033251 166.039655 
166.040148 166.033744 166.029310 166.027094 166.026355 166.027094 166.029310 166.033744 166.040148 
166.040394 166.034237 166.030049 166.027586 166.026847 166.027586 166.030049 166.034237 166.040394 
166.040887 166.034483 166.030542 166.028325 166.027586 166.028325 166.030542 166.034483 166.040887 
166.041379 166.034976 166.031281 166.028818 166.028079 166.028818 166.031281 166.034976 166.041379 
166.041626 166.035468 166.031774 166.029557 166.028818 166.029557 166.031774 166.035468 166.041626 
0.000000 166.035961 166.032266 166.030049 166.029310 166.030049 166.032266 166.035961 0.000000 
0.000000 166.036453 166.032759 166.030542 166.030049 166.030542 166.032759 166.036453 0.000000 
0.000000 166.036946 166.033498 166.031281 166.030542 166.031281 166.033498 166.036946 0.000000 
0.000000 166.037439 166.033990 166.031774 166.031281 166.031774 166.033990 166.037439 0.000000 
0.000000 166.037931 166.034729 166.032512 166.031774 166.032512 166.034729 166.037931 0.000000 
0.000000 166.038424 166.035222 166.033005 166.032512 166.033005 166.035222 166.038424 0.000000 
0.000000 166.038916 166.035714 166.033744 166.033005 166.033744 166.035714 166.038916 0.000000 
0.000000 166.039655 166.036207 166.034237 166.033744 166.034237 166.036207 166.039655 0.000000 
0.000000 166.040148 166.036946 166.034729 166.034237 166.034729 166.036946 166.040148 0.000000 
0.000000 166.040641 166.037439 166.035468 166.034976 166.035468 166.037439 166.040641 0.000000 
0.000000 166.041379 166.038177 166.035961 166.035468 166.035961 166.038177 166.041379 0.000000 
0.000000 0.000000 166.038670 166.036700 166.036207 166.036700 166.038670 0.000000 0.000000 
0.000000 0.000000 166.039409 166.037192 166.036700 166.037192 166.039409 0.000000 0.000000 
0.000000 0.000000 166.039902 166.037931 166.037439 166.037931 166.039902 0.000000 0.000000 
0.000000 0.000000 166.040394 166.038424 166.037931 166.038424 166.040394 0.000000 0.000000 
0.000000 0.000000 166.041133 166.038916 166.038670 166.038916 166.041133 0.000000 0.000000 
0.000000 0.000000 166.041626 166.039655 166.039163 166.039655 166.041626 0.000000 0.000000 
0.000000 0.000000 0.000000 166.040148 166.039902 166.040148 0.000000 0.000000 0.000000 
0.000000 0.000000 0.000000 166.040887 166.040394 166.040887 0.000000 0.000000 0.000000 
0.000000 0.000000 0.000000 166.041379 166.041133 166.041379 0.000000 0.000000 0.000000 
0.000000 0.000000 0.000000 0.000000 166.041626 0.000000 0.000000 0.000000 0.000000 
