test/output/constant/M385_S000_A090_WD270.0_WS035.0/M385_S000_A090_WD270.0_WS035.0_arrival.asc
ncols         45
nrows         11
xllcorner     426503.990666
yllcorner     12748255.311160
cellsize      100.000000
NODATA_value  0.000000
0.000000 0.000000 0.000000 0.000000 0.000000 0.000000 0.000000 0.000000 0.000000 0.000000 0.000000 0.000000 0.000000 0.000000 0.000000 0.000000 0.000000 166.041667 166.041377 166.040603 166.040217 166.039830 166.039830 166.039830 166.039830 166.039830 166.039830 166.040217 166.040603 166.040990 166.041667 0.000000 0.000000 0.000000 0.000000 0.000000 0.000000 0.000000 0.000000 0.000000 0.000000 0.000000 0.000000 0.000000 0.000000 
0.000000 0.000000 0.000000 0.000000 0.000000 0.000000 0.000000 0.000000 166.040990 166.038670 166.036350 166.034803 166.033643 166.032869 166.032096 166.031709 166.031323 166.030936 166.030936 166.030936 166.030936 166.031323 166.031323 166.032096 166.032483 166.033256 166.033643 166.034416 166.035189 166.035963 166.036350 166.037123 166.037896 166.038670 166.039056 166.039830 166.040603 166.041377 0.000000 0.000000 0.000000 0.000000 0.000000 0.000000 0.000000 
0.000000 0.000000 0.000000 0.000000 166.039443 166.033643 166.029002 166.026682 166.025135 166.023975 166.023202 166.022428 166.022428 166.022042 166.022428 166.022428 166.022428 166.023202 166.023589 166.024362 166.024749 166.025522 166.026295 166.027069 166.027456 166.028229 166.029002 166.029776 166.030549 166.031323 166.032096 166.032869 166.034029 166.034803 166.035576 166.036736 166.037510 166.038283 166.039443 166.040217 166.040990 0.000000 0.000000 0.000000 0.000000 
0.000000 166.040603 166.028616 166.021655 166.017015 166.015468 166.014308 166.013534 166.013534 166.013534 166.013534 166.013921 166.014695 166.015468 166.015855 166.016628 166.017401 166.018175 166.018948 166.019722 166.020495 166.021655 166.022428 166.023202 166.024362 166.025135 166.025909 166.027069 166.027842 166.028616 166.029776 166.030549 166.031323 166.032483 166.033256 166.034416 166.035189 166.036350 166.037123 166.038283 166.039056 166.039830 166.040990 166.041667 0.000000 
166.040990 166.010441 166.005414 166.004640 166.004640 166.005027 166.005800 166.006574 166.007347 166.008121 166.009281 166.010054 166.011214 166.011988 166.012761 166.013921 166.014695 166.015855 166.016628 166.017401 166.018561 166.019335 166.020495 166.021268 166.022428 166.023202 166.024362 166.025135 166.025909 166.027069 166.027842 166.029002 166.029776 166.030936 166.031709 166.032869 166.033643 166.034803 166.035576 166.036736 166.037510 166.038670 166.039443 166.040603 166.041377 
166.029389 166.000000 166.000773 166.001547 166.002707 166.003480 166.004640 166.005414 166.006574 166.007347 166.008507 166.009281 166.010441 166.011214 166.012374 166.013148 166.014308 166.015081 166.016241 166.017015 166.018175 166.018948 166.020108 166.020882 166.022042 166.022815 166.023975 166.024749 166.025909 166.026682 166.027842 166.028616 166.029776 166.030549 166.031709 166.032483 166.033643 166.034416 166.035576 166.036350 166.037510 166.038283 166.039443 166.040217 166.041377 
166.040990 166.010441 166.005414 166.004640 166.004640 166.005027 166.005800 166.006574 166.007347 166.008121 166.009281 166.010054 166.011214 166.011988 166.012761 166.013921 166.014695 166.015855 166.016628 166.017401 166.018561 166.019335 166.020495 166.021268 166.022428 166.023202 166.024362 166.025135 166.025909 166.027069 166.027842 166.029002 166.029776 166.030936 166.031709 166.032869 166.033643 166.034803 166.035576 166.036736 166.037510 166.038670 166.039443 166.040603 166.041377 
0.000000 166.040603 166.028616 166.021655 166.017015 166.015468 166.014308 166.013534 166.013534 166.013534 166.013534 166.013921 166.014695 166.015468 166.015855 166.016628 166.017401 166.018175 166.018948 166.019722 166.020495 166.021655 166.022428 166.023202 166.024362 166.025135 166.025909 166.027069 166.027842 166.028616 166.029776 166.030549 166.031323 166.032483 166.033256 166.034416 166.035189 166.036350 166.037123 166.038283 166.039056 166.039830 166.040990 166.041667 0.000000 
0.000000 0.000000 0.000000 0.000000 166.039443 166.033643 166.029002 166.026682 166.025135 166.023975 166.023202 166.022428 166.022428 166.022042 166.022428 166.022428 166.022428 166.023202 166.023589 166.024362 166.024749 166.025522 166.026295 166.027069 166.027456 166.028229 166.029002 166.029776 166.030549 166.031323 166.032096 166.032869 166.034029 166.034803 166.035576 166.036736 166.037510 166.038283 166.039443 166.040217 166.040990 0.000000 0.000000 0.000000 0.000000 
0.000000 0.000000 0.000000 0.000000 0.000000 0.000000 0.000000 0.000000 166.040990 166.038670 166.036350 166.034803 166.033643 166.032869 166.032096 166.031709 166.031323 166.030936 166.030936 166.030936 166.030936 166.031323 166.031323 166.032096 166.032483 166.033256 166.033643 166.034416 166.035189 166.035963 166.036350 166.037123 166.037896 166.038670 166.039056 166.039830 166.040603 166.041377 0.000000 0.000000 0.000000 0.000000 0.000000 0.000000 0.000000 
0.000000 0.000000 0.000000 0.000000 0.000000 0.000000 0.000000 0.000000 0.000000 0.000000 0.000000 0.000000 0.000000 0.000000 0.000000 0.000000 0.000000 166.041667 166.041377 166.040603 166.040217 166.039830 166.039830 166.039830 166.039830 166.039830 166.039830 166.040217 166.040603 166.040990 166.041667 0.000000 0.000000 0.000000 0.000000 0.000000 0.000000 0.000000 0.000000 0.000000 0.000000 0.000000 0.000000 0.000000 0.000000 
