test/output/constant/M370_S060_A090_WD180.0_WS010.0/M370_S060_A090_WD180.0_WS010.0_arrival.asc
ncols         9
nrows         29
xllcorner     426203.990666
yllcorner     12746055.311160
cellsize      100.000000
NODATA_value  0.000000
0.000000 0.000000 0.000000 166.031157 166.020771 166.031157 0.000000 0.000000 0.000000 
0.000000 0.000000 166.040932 166.010386 166.000000 166.010386 166.040932 0.000000 0.000000 
0.000000 0.000000 166.029324 166.006109 166.001222 166.006109 166.029324 0.000000 0.000000 
0.000000 0.000000 166.021993 166.006109 166.002444 166.006109 166.021993 0.000000 0.000000 
0.000000 166.039099 166.018328 166.006109 166.004276 166.006109 166.018328 166.039099 0.000000 
0.000000 166.034212 166.017106 166.007331 166.005498 166.007331 166.017106 166.034212 0.000000 
0.000000 166.031157 166.017106 166.008553 166.007331 166.008553 166.017106 166.031157 0.000000 
0.000000 166.029324 166.016495 166.009775 166.008553 166.009775 166.016495 166.029324 0.000000 
0.000000 166.028102 166.016495 166.010997 166.010386 166.010997 166.016495 166.028102 0.000000 
166.041667 166.027492 166.017717 166.012829 166.011608 166.012829 166.017717 166.027492 166.041667 
166.040321 166.027492 166.018328 166.014051 166.013440 166.014051 166.018328 166.027492 166.040321 
166.039099 166.027492 166.019550 166.015273 166.014662 166.015273 166.019550 166.027492 166.039099 
166.038488 166.027492 166.020771 166.017106 166.016495 166.017106 166.020771 166.027492 166.038488 
166.038488 166.028102 166.021993 166.018328 166.017717 166.018328 166.021993 166.028102 166.038488 
166.038488 166.028713 166.023215 166.020160 166.019550 166.020160 166.023215 166.028713 166.038488 
166.038488 166.029935 166.023826 166.021382 166.020771 166.021382 166.023826 166.029935 166.038488 
166.038488 166.030546 166.025659 166.022604 166.022604 166.022604 166.025659 166.030546 166.038488 
166.038488 166.031768 166.026881 166.024437 166.023826 166.024437 166.026881 166.031768 166.038488 
166.039710 166.032990 166.028102 166.025659 166.025659 166.025659 166.028102 166.032990 166.039710 
166.040321 166.034212 166.029935 166.027492 166.026881 166.027492 166.029935 166.034212 166.040321 
166.040932 166.035434 166.031157 166.028713 166.028713 166.028713 166.031157 166.035434 166.040932 
0.000000 166.036655 166.032379 166.030546 166.029935 166.030546 166.032379 166.036655 0.000000 
0.000000 166.037877 166.034212 166.031768 166.031768 166.031768 166.034212 166.037877 0.000000 
0.000000 166.038488 166.035434 166.033601 166.032990 166.033601 166.035434 166.038488 0.000000 
0.000000 166.040321 166.036655 166.034823 166.034823 166.034823 166.036655 166.040321 0.000000 
0.000000 166.041543 166.038488 166.036655 166.036044 166.036655 166.038488 166.041543 0.000000 
0.000000 0.000000 166.039710 166.037877 166.037877 166.037877 166.039710 0.000000 0.000000 
0.000000 0.000000 166.041543 166.039710 166.039099 166.039710 166.041543 0.000000 0.000000 
0.000000 0.000000 0.000000 166.040932 166.040932 166.040932 0.000000 0.000000 0.000000 
