test/output/constant/M485_S060_A180_WD270.0_WS040.0/M485_S060_A180_WD270.0_WS040.0_arrival.asc
ncols         43
nrows         7
xllcorner     426603.990666
yllcorner     12748455.311160
cellsize      100.000000
NODATA_value  0.000000
0.000000 0.000000 0.000000 0.000000 0.000000 0.000000 0.000000 0.000000 0.000000 0.000000 0.000000 0.000000 0.000000 0.000000 0.000000 0.000000 0.000000 0.000000 166.041667 166.041061 166.040666 166.040271 166.039876 166.039876 166.039876 166.039876 166.040271 166.040666 166.041455 0.000000 0.000000 0.000000 0.000000 0.000000 0.000000 0.000000 0.000000 0.000000 0.000000 0.000000 0.000000 0.000000 0.000000 
0.000000 0.000000 0.000000 0.000000 0.000000 166.039876 166.034744 166.030795 166.028821 166.026847 166.025663 166.024873 166.024478 166.024084 166.024084 166.024084 166.024478 166.024873 166.025663 166.026058 166.026847 166.027637 166.028427 166.028821 166.029611 166.030401 166.031190 166.031980 166.032770 166.033559 166.034349 166.035138 166.035928 166.037112 166.037902 166.038692 166.039876 166.040666 166.041455 0.000000 0.000000 0.000000 0.000000 
0.000000 166.018951 166.011450 166.009081 166.008291 166.008291 166.008291 166.009081 166.009870 166.010660 166.011450 166.012239 166.013029 166.014213 166.015003 166.016187 166.016977 166.018161 166.018951 166.019741 166.020925 166.021715 166.022899 166.023689 166.024873 166.025663 166.026847 166.027637 166.028427 166.029611 166.030401 166.031585 166.032375 166.033559 166.034349 166.035138 166.036323 166.037112 166.038297 166.039087 166.040271 166.041061 0.000000 
166.000000 166.000790 166.001579 166.002764 166.003553 166.004738 166.005527 166.006712 166.007501 166.008686 166.009476 166.010660 166.011450 166.012634 166.013424 166.014608 166.015398 166.016582 166.017372 166.018556 166.019346 166.020530 166.021320 166.022504 166.023294 166.024478 166.025268 166.026452 166.027242 166.028427 166.029216 166.030401 166.031190 166.032375 166.033164 166.034349 166.035138 166.036323 166.037112 166.038297 166.039087 166.040271 166.041061 
0.000000 166.018951 166.011450 166.009081 166.008291 166.008291 166.008291 166.009081 166.009870 166.010660 166.011450 166.012239 166.013029 166.014213 166.015003 166.016187 166.016977 166.018161 166.018951 166.019741 166.020925 166.021715 166.022899 166.023689 166.024873 166.025663 166.026847 166.027637 166.028427 166.029611 166.030401 166.031585 166.032375 166.033559 166.034349 166.035138 166.036323 166.037112 166.038297 166.039087 166.040271 166.041061 0.000000 
0.000000 0.000000 0.000000 0.000000 0.000000 166.039876 166.034744 166.030795 166.028821 166.026847 166.025663 166.024873 166.024478 166.024084 166.024084 166.024084 166.024478 166.024873 166.025663 166.026058 166.026847 166.027637 166.028427 166.028821 166.029611 166.030401 166.031190 166.031980 166.032770 166.033559 166.034349 166.035138 166.035928 166.037112 166.037902 166.038692 166.039876 166.040666 166.041455 0.000000 0.000000 0.000000 0.000000 
0.000000 0.000000 0.000000 0.000000 0.000000 0.000000 0.000000 0.000000 0.000000 0.000000 0.000000 0.000000 0.000000 0.000000 0.000000 0.000000 0.000000 0.000000 166.041667 166.041061 166.040666 166.040271 166.039876 166.039876 166.039876 166.039876 166.040271 166.040666 166.041455 0.000000 0.000000 0.000000 0.000000 0.000000 0.000000 0.000000 0.000000 0.000000 0.000000 0.000000 0.000000 0.000000 0.000000 
