test/output/constant/M485_S060_A270_WD090.0_WS010.0/M485_S060_A270_WD090.0_WS010.0_arrival.asc
ncols         10
nrows         23
xllcorner     425803.990666
yllcorner     12748755.311160
cellsize      100.000000
NODATA_value  0.000000
166.041615 166.040228 166.040228 166.041615 0.000000 0.000000 0.000000 0.000000 0.000000 0.000000 
166.040228 166.038147 166.038147 166.039534 0.000000 0.000000 0.000000 0.000000 0.000000 0.000000 
166.039534 166.036760 166.036760 166.036760 166.040228 0.000000 0.000000 0.000000 0.000000 0.000000 
166.039534 166.035373 166.034679 166.034679 166.036760 166.041667 0.000000 0.000000 0.000000 0.000000 
166.039534 166.034679 166.032599 166.032599 166.033986 166.038841 0.000000 0.000000 0.000000 0.000000 
166.040228 166.033986 166.031211 166.031211 166.031905 166.035373 0.000000 0.000000 0.000000 0.000000 
166.040228 166.033986 166.029824 166.029131 166.029131 166.031905 166.038147 0.000000 0.000000 0.000000 
166.041667 166.034679 166.029131 166.027050 166.027050 166.029131 166.034679 0.000000 0.000000 0.000000 
0.000000 166.035373 166.029131 166.025663 166.025663 166.026356 166.031211 166.040228 0.000000 0.000000 
0.000000 166.036066 166.029131 166.024969 166.023582 166.023582 166.027743 166.036066 0.000000 0.000000 
0.000000 166.038147 166.029824 166.023582 166.021501 166.021501 166.024275 166.031905 0.000000 0.000000 
0.000000 166.041615 166.030518 166.023582 166.020114 166.020114 166.021501 166.027743 166.040228 0.000000 
0.000000 0.000000 166.032599 166.024275 166.019420 166.018033 166.018727 166.024275 166.035373 0.000000 
0.000000 0.000000 166.036066 166.024969 166.018727 166.015952 166.016646 166.020114 166.031211 0.000000 
0.000000 0.000000 166.041615 166.027050 166.018727 166.014565 166.014565 166.016646 166.026356 0.000000 
0.000000 0.000000 0.000000 166.031211 166.019420 166.013178 166.012485 166.013872 166.022195 0.000000 
0.000000 0.000000 0.000000 166.037454 166.021501 166.013178 166.010404 166.011097 166.018033 0.000000 
0.000000 0.000000 0.000000 0.000000 166.026356 166.013872 166.009017 166.009017 166.013872 166.039534 
0.000000 0.000000 0.000000 0.000000 166.034679 166.015952 166.008323 166.006936 166.009710 166.035373 
0.000000 0.000000 0.000000 0.000000 0.000000 166.022195 166.008323 166.004855 166.005549 166.031905 
0.000000 0.000000 0.000000 0.000000 0.000000 166.035373 166.010404 166.003468 166.003468 166.029824 
0.000000 0.000000 0.000000 0.000000 0.000000 0.000000 166.022195 166.002774 166.001387 166.029131 
0.000000 0.000000 0.000000 0.000000 0.000000 0.000000 0.000000 166.007629 166.000000 166.036066 
