test/output/constant/M3M460_S060_A090_WD135.0_WS005.0/M3M460_S060_A090_WD135.0_WS005.0_arrival.asc
ncols         8
nrows         29
xllcorner     426103.990666
yllcorner     12746055.311160
cellsize      100.000000
NODATA_value  0.000000
0.000000 0.000000 0.000000 0.000000 0.000000 166.037301 0.000000 0.000000 
0.000000 0.000000 0.000000 0.000000 166.011812 166.000000 166.019272 0.000000 
0.000000 0.000000 0.000000 166.032949 166.004973 166.001243 166.012434 0.000000 
0.000000 0.000000 0.000000 166.021137 166.004352 166.002487 166.011190 0.000000 
0.000000 0.000000 166.040409 166.015542 166.004973 166.004352 166.011812 166.036679 
0.000000 0.000000 166.032949 166.013677 166.006217 166.005595 166.012434 166.034814 
0.000000 0.000000 166.027354 166.013055 166.007460 166.007460 166.013677 166.033571 
0.000000 0.000000 166.024245 166.013055 166.008703 166.009325 166.014920 166.032327 
0.000000 166.038544 166.022380 166.013055 166.010569 166.010569 166.016164 166.032327 
0.000000 166.035436 166.021137 166.013677 166.011812 166.012434 166.018029 166.032949 
0.000000 166.032327 166.021137 166.014920 166.013677 166.014299 166.019894 166.033571 
0.000000 166.031084 166.021759 166.016164 166.014920 166.016164 166.021759 166.034814 
0.000000 166.029841 166.021759 166.017407 166.016785 166.018029 166.023624 166.035436 
166.041652 166.029841 166.022380 166.018650 166.018650 166.019272 166.025489 166.036679 
166.039787 166.029841 166.023002 166.019894 166.019894 166.021137 166.027354 166.037922 
166.038544 166.029841 166.023624 166.021759 166.021759 166.023002 166.029219 166.039166 
166.037922 166.030462 166.024867 166.023002 166.023002 166.024867 166.031084 166.040409 
166.037922 166.030462 166.026110 166.024867 166.024867 166.026732 166.032949 166.041667 
166.038544 166.031084 166.027354 166.026110 166.026110 166.028597 166.034814 0.000000 
166.038544 166.031706 166.028597 166.027975 166.027975 166.030462 166.036679 0.000000 
166.039166 166.032949 166.029841 166.029219 166.029841 166.032327 166.038544 0.000000 
166.039166 166.033571 166.031084 166.031084 166.031706 166.034192 166.040409 0.000000 
166.039787 166.034814 166.032327 166.032327 166.032949 166.036057 0.000000 0.000000 
166.040409 166.036057 166.034192 166.034192 166.034814 166.037922 0.000000 0.000000 
166.041031 166.037301 166.035436 166.035436 166.036679 166.039787 0.000000 0.000000 
166.041652 166.038544 166.037301 166.037301 166.038544 166.041652 0.000000 0.000000 
0.000000 166.039787 166.038544 166.039166 166.040409 0.000000 0.000000 0.000000 
0.000000 166.041031 166.040409 166.040409 166.041652 0.000000 0.000000 0.000000 
0.000000 0.000000 166.041652 0.000000 0.000000 0.000000 0.000000 0.000000 
