test/output/constant/M3M4100_S060_A000_WD315.0_WS015.0/M3M4100_S060_A000_WD315.0_WS015.0_raz.asc
ncols         41
nrows         17
xllcorner     422703.990666
yllcorner     12747255.311160
cellsize      100.000000
NODATA_value  0.000000
0 0 0 0 0 0 0 0 0 0 0 0 0 0 0 0 0 0 0 0 0 0 0 0 0 0 0 273 269 273 278 284 273 284 269 284 284 278 293 46 359 
0 0 0 0 0 0 0 0 0 0 0 0 0 0 0 0 0 0 0 0 0 0 278 273 269 269 269 269 273 273 273 273 278 269 266 269 269 284 250 65535 94 
0 0 0 0 0 0 0 0 0 0 0 0 0 0 0 0 0 0 0 273 278 278 269 269 278 269 278 284 278 269 269 269 269 255 262 250 250 250 250 238 94 
0 0 0 0 0 0 0 0 0 0 0 0 0 0 0 0 284 269 273 269 278 278 273 278 269 269 264 269 269 254 258 258 250 250 250 250 242 207 170 179 0 
0 0 0 0 0 0 0 0 0 0 0 0 0 0 278 278 278 273 266 266 269 278 269 269 269 284 260 269 256 250 250 250 250 250 245 207 195 160 94 0 0 
0 0 0 0 0 0 0 0 0 0 0 0 284 269 266 273 269 266 269 269 266 273 258 255 273 256 250 250 250 250 250 242 245 160 242 170 160 160 0 0 0 
0 0 0 0 0 0 0 0 0 0 273 269 258 264 255 269 262 284 269 260 250 284 256 250 250 250 250 250 250 245 245 207 242 240 179 238 179 0 0 0 0 
0 0 0 0 0 0 0 0 266 266 269 254 264 278 269 273 262 260 278 258 250 250 250 250 250 250 245 246 240 240 240 207 140 240 170 0 0 0 0 0 0 
0 0 0 0 0 0 269 264 262 269 269 269 284 269 273 269 273 250 250 250 250 250 250 250 246 246 245 242 242 170 140 238 170 170 0 0 0 0 0 0 0 
0 0 0 0 256 269 264 266 269 260 266 256 273 273 250 250 250 250 250 250 250 245 246 246 195 240 240 207 242 179 207 240 0 0 0 0 0 0 0 0 0 
0 0 0 278 255 273 266 255 256 264 258 250 250 250 250 250 250 250 246 243 246 245 195 240 240 195 242 207 207 238 0 0 0 0 0 0 0 0 0 0 0 
0 0 258 250 256 258 260 256 250 250 250 250 250 250 250 250 250 245 195 245 245 160 240 240 242 207 179 242 0 0 0 0 0 0 0 0 0 0 0 0 0 
0 256 250 258 256 250 250 250 250 250 250 250 249 247 243 245 246 243 242 207 242 240 170 160 242 0 0 0 0 0 0 0 0 0 0 0 0 0 0 0 0 
258 256 250 250 250 250 250 250 250 250 250 249 243 179 245 240 245 242 242 240 207 140 240 0 0 0 0 0 0 0 0 0 0 0 0 0 0 0 0 0 0 
250 250 250 250 250 250 250 247 250 246 246 179 242 245 246 242 140 242 195 207 0 0 0 0 0 0 0 0 0 0 0 0 0 0 0 0 0 0 0 0 0 
250 250 250 250 247 250 250 250 249 245 246 245 246 242 160 240 0 0 0 0 0 0 0 0 0 0 0 0 0 0 0 0 0 0 0 0 0 0 0 0 0 
0 250 250 250 250 250 246 195 245 207 179 240 0 0 0 0 0 0 0 0 0 0 0 0 0 0 0 0 0 0 0 0 0 0 0 0 0 0 0 0 0 
