test/output/constant/M3M475_S060_A000_WD315.0_WS045.0/M3M475_S060_A000_WD315.0_WS045.0_arrival.asc
ncols         10
nrows         30
xllcorner     425903.990666
yllcorner     12745955.311160
cellsize      100.000000
NODATA_value  0.000000
0.000000 0.000000 0.000000 0.000000 0.000000 0.000000 0.000000 166.034228 0.000000 0.000000 
0.000000 0.000000 0.000000 0.000000 0.000000 166.035235 166.008054 166.000000 166.016107 0.000000 
0.000000 0.000000 0.000000 0.000000 0.000000 166.022148 166.003523 166.001007 166.014094 0.000000 
0.000000 0.000000 0.000000 0.000000 166.036242 166.014597 166.003523 166.002517 166.014094 0.000000 
0.000000 0.000000 0.000000 0.000000 166.027685 166.010570 166.004027 166.004027 166.015101 166.040772 
0.000000 0.000000 0.000000 166.041275 166.022148 166.009564 166.005537 166.005537 166.016107 166.039765 
0.000000 0.000000 0.000000 166.034732 166.018624 166.009564 166.007047 166.007550 166.017617 166.039765 
0.000000 0.000000 0.000000 166.029698 166.016611 166.009564 166.008557 166.009564 166.019631 166.040268 
0.000000 0.000000 0.000000 166.026175 166.015604 166.010570 166.010067 166.011577 166.022148 166.041275 
0.000000 0.000000 166.037752 166.024161 166.015604 166.011577 166.011577 166.013591 166.024161 0.000000 
0.000000 0.000000 166.034228 166.022651 166.016107 166.013087 166.013087 166.015604 166.026175 0.000000 
0.000000 0.000000 166.031711 166.022148 166.016611 166.014597 166.014597 166.017617 166.028188 0.000000 
0.000000 0.000000 166.030201 166.022148 166.017114 166.016107 166.016107 166.020134 166.030201 0.000000 
0.000000 166.039765 166.029195 166.022148 166.018121 166.017617 166.018121 166.022148 166.032718 0.000000 
0.000000 166.037752 166.028188 166.022148 166.019128 166.019128 166.019631 166.024161 166.034732 0.000000 
0.000000 166.036242 166.028188 166.022651 166.020638 166.020134 166.021644 166.026175 166.036745 0.000000 
0.000000 166.035235 166.028188 166.023658 166.021644 166.022148 166.023658 166.028691 166.039262 0.000000 
0.000000 166.034732 166.028188 166.024664 166.023154 166.023658 166.025671 166.030705 166.041275 0.000000 
0.000000 166.034228 166.028691 166.025671 166.024664 166.025168 166.027685 166.032718 0.000000 0.000000 
166.041275 166.034228 166.029698 166.026678 166.026175 166.026678 166.029698 166.035235 0.000000 0.000000 
166.040772 166.034732 166.030201 166.028188 166.027685 166.028691 166.031711 166.037248 0.000000 0.000000 
166.040268 166.034732 166.031208 166.029195 166.029195 166.030201 166.033725 166.039262 0.000000 0.000000 
166.040772 166.035235 166.031711 166.030705 166.030705 166.032215 166.035738 166.041667 0.000000 0.000000 
166.040772 166.036242 166.033221 166.032215 166.032718 166.034228 166.038255 0.000000 0.000000 0.000000 
166.040772 166.036745 166.034228 166.033725 166.034228 166.035738 166.040268 0.000000 0.000000 0.000000 
166.041275 166.037752 166.035738 166.035235 166.035738 166.037752 0.000000 0.000000 0.000000 0.000000 
166.041667 166.038255 166.036745 166.036745 166.037248 166.039765 0.000000 0.000000 0.000000 0.000000 
0.000000 166.039765 166.038255 166.038255 166.039262 166.041667 0.000000 0.000000 0.000000 0.000000 
0.000000 166.040772 166.039765 166.039765 166.040772 0.000000 0.000000 0.000000 0.000000 0.000000 
0.000000 166.041667 166.041275 166.041275 0.000000 0.000000 0.000000 0.000000 0.000000 0.000000 
