test/output/constant/M390_S000_A000_WD045.0_WS020.0/M390_S000_A000_WD045.0_WS020.0_raz.asc
ncols         21
nrows         21
xllcorner     424803.990666
yllcorner     12746955.311160
cellsize      100.000000
NODATA_value  0.000000
0 0 0 0 0 0 0 0 0 0 0 0 0 0 0 277 297 297 315 24 0 
0 0 0 0 0 0 0 0 0 0 0 0 0 315 297 277 297 286 297 24 24 
0 0 0 0 0 0 0 0 0 0 0 286 297 277 286 315 327 230 254 152 135 
0 0 0 0 0 0 0 0 0 0 269 297 315 277 248 239 225 225 215 163 152 
0 0 0 0 0 0 0 0 286 306 306 248 269 297 239 225 223 201 122 152 152 
0 0 0 0 0 0 0 297 297 327 269 286 241 225 226 225 217 210 135 172 172 
0 0 0 0 0 0 286 277 277 241 277 257 232 225 223 223 210 201 163 152 0 
0 0 0 0 0 269 277 241 286 236 257 277 225 225 219 225 152 172 172 135 0 
0 0 0 0 236 306 269 286 239 225 228 225 225 219 217 208 180 135 152 0 0 
0 0 0 0 297 236 239 234 226 225 225 225 223 172 192 163 201 152 163 0 0 
0 0 0 262 297 239 239 286 225 225 221 225 221 192 172 180 143 180 0 0 0 
0 0 269 236 239 225 228 225 225 225 225 180 225 213 208 122 143 0 0 0 0 
0 0 239 236 225 225 225 225 225 225 219 223 210 163 172 152 163 0 0 0 0 
0 262 239 262 277 225 225 225 225 225 163 215 163 208 172 152 0 0 0 0 0 
0 225 286 228 225 225 225 225 221 221 210 210 180 172 163 0 0 0 0 0 0 
0 228 225 225 225 225 225 225 225 225 210 213 143 180 0 0 0 0 0 0 0 
230 225 225 225 225 225 213 172 225 210 152 152 213 0 0 0 0 0 0 0 0 
225 225 225 225 225 225 210 187 213 213 187 0 0 0 0 0 0 0 0 0 0 
225 225 225 225 225 225 163 210 210 180 0 0 0 0 0 0 0 0 0 0 0 
226 225 225 225 221 221 225 187 0 0 0 0 0 0 0 0 0 0 0 0 0 
0 223 225 225 219 0 0 0 0 0 0 0 0 0 0 0 0 0 0 0 0 
