test/output/constant/M3100_S060_A180_WD090.0_WS030.0/M3100_S060_A180_WD090.0_WS030.0_arrival.asc
ncols         21
nrows         13
xllcorner     426203.990666
yllcorner     12748155.311160
cellsize      100.000000
NODATA_value  0.000000
0.000000 0.000000 0.000000 0.000000 0.000000 0.000000 0.000000 166.040549 166.039535 166.038521 166.038521 166.038521 166.038521 166.039535 166.040549 166.041562 0.000000 0.000000 0.000000 0.000000 0.000000 
0.000000 0.000000 0.000000 0.000000 166.039535 166.036494 166.033453 166.032439 166.031425 166.031425 166.031425 166.032439 166.032439 166.034466 166.035480 166.036494 166.038521 166.040549 0.000000 0.000000 0.000000 
0.000000 0.000000 166.039535 166.034466 166.030411 166.027370 166.025343 166.024329 166.024329 166.025343 166.025343 166.026357 166.027370 166.029398 166.031425 166.033453 166.035480 166.037507 166.039535 166.041562 0.000000 
0.000000 166.036494 166.030411 166.025343 166.021288 166.019261 166.018247 166.018247 166.018247 166.019261 166.020274 166.022302 166.024329 166.026357 166.028384 166.030411 166.032439 166.034466 166.037507 166.039535 166.041562 
166.038521 166.030411 166.022302 166.016219 166.012165 166.011151 166.011151 166.011151 166.013178 166.014192 166.016219 166.019261 166.021288 166.023315 166.026357 166.028384 166.030411 166.033453 166.035480 166.038521 166.040549 
166.035480 166.026357 166.016219 166.008110 166.004055 166.004055 166.005069 166.007096 166.010137 166.012165 166.015206 166.017233 166.020274 166.022302 166.025343 166.027370 166.030411 166.032439 166.034466 166.037507 166.039535 
166.034466 166.024329 166.015206 166.005069 166.000000 166.002027 166.004055 166.007096 166.009123 166.012165 166.014192 166.017233 166.019261 166.022302 166.024329 166.027370 166.029398 166.032439 166.034466 166.037507 166.039535 
166.035480 166.026357 166.016219 166.008110 166.004055 166.004055 166.005069 166.007096 166.010137 166.012165 166.015206 166.017233 166.020274 166.022302 166.025343 166.027370 166.030411 166.032439 166.034466 166.037507 166.039535 
166.038521 166.030411 166.022302 166.016219 166.012165 166.011151 166.011151 166.011151 166.013178 166.014192 166.016219 166.019261 166.021288 166.023315 166.026357 166.028384 166.030411 166.033453 166.035480 166.038521 166.040549 
0.000000 166.036494 166.030411 166.025343 166.021288 166.019261 166.018247 166.018247 166.018247 166.019261 166.020274 166.022302 166.024329 166.026357 166.028384 166.030411 166.032439 166.034466 166.037507 166.039535 166.041562 
0.000000 0.000000 166.039535 166.034466 166.030411 166.027370 166.025343 166.024329 166.024329 166.025343 166.025343 166.026357 166.027370 166.029398 166.031425 166.033453 166.035480 166.037507 166.039535 166.041562 0.000000 
0.000000 0.000000 0.000000 0.000000 166.039535 166.036494 166.033453 166.032439 166.031425 166.031425 166.031425 166.032439 166.032439 166.034466 166.035480 166.036494 166.038521 166.040549 0.000000 0.000000 0.000000 
0.000000 0.000000 0.000000 0.000000 0.000000 0.000000 0.000000 166.040549 166.039535 166.038521 166.038521 166.038521 166.038521 166.039535 166.040549 166.041562 0.000000 0.000000 0.000000 0.000000 0.000000 
