test/output/constant/M3M450_S000_A000_WD000.0_WS040.0/M3M450_S000_A000_WD000.0_WS040.0_arrival.asc
ncols         7
nrows         30
xllcorner     426303.990666
yllcorner     12745855.311160
cellsize      100.000000
NODATA_value  0.000000
0.000000 0.000000 166.020970 166.000000 166.020970 0.000000 0.000000 
0.000000 0.000000 166.010202 166.001134 166.010202 0.000000 0.000000 
0.000000 166.041667 166.007935 166.002267 166.007935 166.041667 0.000000 
0.000000 166.032872 166.007935 166.003967 166.007935 166.032872 0.000000 
0.000000 166.027771 166.007935 166.005101 166.007935 166.027771 0.000000 
0.000000 166.025504 166.009068 166.006801 166.009068 166.025504 0.000000 
0.000000 166.023804 166.010202 166.007935 166.010202 166.023804 0.000000 
0.000000 166.022670 166.011335 166.009635 166.011335 166.022670 0.000000 
0.000000 166.022670 166.012469 166.010768 166.012469 166.022670 0.000000 
166.040806 166.022670 166.013602 166.012469 166.013602 166.022670 166.040806 
166.039106 166.022670 166.014736 166.013602 166.014736 166.022670 166.039106 
166.038539 166.023237 166.016436 166.015302 166.016436 166.023237 166.038539 
166.037972 166.023804 166.017569 166.016436 166.017569 166.023804 166.037972 
166.037406 166.024937 166.019270 166.018136 166.019270 166.024937 166.037406 
166.037406 166.026071 166.020403 166.019270 166.020403 166.026071 166.037406 
166.036839 166.027204 166.022103 166.020970 166.022103 166.027204 166.036839 
166.037406 166.027771 166.023237 166.022103 166.023237 166.027771 166.037406 
166.037406 166.028904 166.024937 166.023804 166.024937 166.028904 166.037406 
166.038539 166.030038 166.026071 166.024937 166.026071 166.030038 166.038539 
166.039106 166.031171 166.027204 166.026637 166.027204 166.031171 166.039106 
166.040239 166.032305 166.028904 166.027771 166.028904 166.032305 166.040239 
166.040806 166.033438 166.030038 166.029471 166.030038 166.033438 166.040806 
0.000000 166.035139 166.031738 166.030605 166.031738 166.035139 0.000000 
0.000000 166.036272 166.032872 166.032305 166.032872 166.036272 0.000000 
0.000000 166.037406 166.034005 166.033438 166.034005 166.037406 0.000000 
0.000000 166.039106 166.035705 166.035139 166.035705 166.039106 0.000000 
0.000000 166.040239 166.036839 166.036272 166.036839 166.040239 0.000000 
0.000000 166.041373 166.038539 166.037972 166.038539 166.041373 0.000000 
0.000000 0.000000 166.039673 166.039106 166.039673 0.000000 0.000000 
0.000000 0.000000 166.041373 166.040806 166.041373 0.000000 0.000000 
