test/output/constant/M475_S000_A180_WD090.0_WS045.0/M475_S000_A180_WD090.0_WS045.0_arrival.asc
ncols         34
nrows         7
xllcorner     423303.990666
yllcorner     12748455.311160
cellsize      100.000000
NODATA_value  0.000000
0.000000 0.000000 0.000000 0.000000 0.000000 0.000000 0.000000 0.000000 0.000000 166.041667 166.040874 166.039852 166.039341 166.038319 166.037808 166.037297 166.037297 166.037297 166.037297 166.037808 166.038319 166.039341 166.040363 166.041385 0.000000 0.000000 0.000000 0.000000 0.000000 0.000000 0.000000 0.000000 0.000000 0.000000 
0.000000 0.000000 0.000000 166.041667 166.040363 166.039341 166.038319 166.036786 166.035765 166.034743 166.033210 166.032188 166.031166 166.030144 166.029123 166.028101 166.027590 166.026568 166.025546 166.024524 166.024013 166.022992 166.022481 166.022481 166.022481 166.022992 166.023502 166.025035 166.027079 166.030655 166.036786 0.000000 0.000000 0.000000 
0.000000 166.041385 166.039852 166.038830 166.037297 166.036275 166.034743 166.033721 166.032188 166.031166 166.030144 166.028612 166.027590 166.026057 166.025035 166.023502 166.022481 166.020948 166.019926 166.018904 166.017371 166.016350 166.014817 166.013795 166.012773 166.011240 166.010218 166.009197 166.008686 166.007664 166.007664 166.008175 166.011751 166.029123 
166.041667 166.040363 166.039341 166.037808 166.036786 166.035254 166.034232 166.032699 166.031677 166.030144 166.029123 166.027590 166.026568 166.025035 166.024013 166.022481 166.021459 166.019926 166.018904 166.017371 166.016350 166.014817 166.013795 166.012262 166.011240 166.009708 166.008686 166.007153 166.006131 166.004598 166.003576 166.002044 166.001022 166.000000 
0.000000 166.041385 166.039852 166.038830 166.037297 166.036275 166.034743 166.033721 166.032188 166.031166 166.030144 166.028612 166.027590 166.026057 166.025035 166.023502 166.022481 166.020948 166.019926 166.018904 166.017371 166.016350 166.014817 166.013795 166.012773 166.011240 166.010218 166.009197 166.008686 166.007664 166.007664 166.008175 166.011751 166.029123 
0.000000 0.000000 0.000000 166.041667 166.040363 166.039341 166.038319 166.036786 166.035765 166.034743 166.033210 166.032188 166.031166 166.030144 166.029123 166.028101 166.027590 166.026568 166.025546 166.024524 166.024013 166.022992 166.022481 166.022481 166.022481 166.022992 166.023502 166.025035 166.027079 166.030655 166.036786 0.000000 0.000000 0.000000 
0.000000 0.000000 0.000000 0.000000 0.000000 0.000000 0.000000 0.000000 0.000000 166.041667 166.040874 166.039852 166.039341 166.038319 166.037808 166.037297 166.037297 166.037297 166.037297 166.037808 166.038319 166.039341 166.040363 166.041385 0.000000 0.000000 0.000000 0.000000 0.000000 0.000000 0.000000 0.000000 0.000000 0.000000 
