test/output/constant/M355_S000_A270_WD225.0_WS025.0/M355_S000_A270_WD225.0_WS025.0_arrival.asc
ncols         16
nrows         16
xllcorner     426503.990666
yllcorner     12748655.311160
cellsize      100.000000
NODATA_value  0.000000
0.000000 0.000000 0.000000 0.000000 0.000000 0.000000 0.000000 0.000000 0.000000 0.000000 0.000000 166.041667 166.040298 166.039458 166.039458 166.040298 
0.000000 0.000000 0.000000 0.000000 0.000000 0.000000 0.000000 0.000000 0.000000 0.000000 166.039458 166.036940 166.036940 166.036940 166.037779 166.039458 
0.000000 0.000000 0.000000 0.000000 0.000000 0.000000 0.000000 0.000000 166.041137 166.036940 166.034421 166.033581 166.033581 166.034421 166.036940 166.039458 
0.000000 0.000000 0.000000 0.000000 0.000000 0.000000 0.000000 166.039458 166.034421 166.031902 166.031063 166.031063 166.031902 166.033581 166.036940 166.040298 
0.000000 0.000000 0.000000 0.000000 0.000000 0.000000 166.037779 166.032742 166.029384 166.027705 166.028544 166.028544 166.031063 166.033581 166.036940 166.041667 
0.000000 0.000000 0.000000 0.000000 0.000000 166.036940 166.030223 166.026865 166.025186 166.025186 166.026026 166.028544 166.031063 166.034421 166.039458 0.000000 
0.000000 0.000000 0.000000 0.000000 166.036940 166.029384 166.024347 166.022667 166.022667 166.022667 166.025186 166.027705 166.031902 166.036940 0.000000 0.000000 
0.000000 0.000000 0.000000 166.038619 166.028544 166.021828 166.019309 166.019309 166.019309 166.022667 166.025186 166.029384 166.034421 166.041137 0.000000 0.000000 
0.000000 0.000000 166.041137 166.027705 166.020149 166.016791 166.016791 166.016791 166.019309 166.022667 166.026865 166.032742 166.039458 0.000000 0.000000 0.000000 
0.000000 0.000000 166.030223 166.019309 166.014272 166.013433 166.013433 166.016791 166.019309 166.024347 166.030223 166.037779 0.000000 0.000000 0.000000 0.000000 
0.000000 166.034421 166.019309 166.011753 166.010914 166.010914 166.013433 166.016791 166.021828 166.029384 166.036940 0.000000 0.000000 0.000000 0.000000 0.000000 
0.000000 166.021828 166.010074 166.007556 166.007556 166.010914 166.014272 166.020149 166.028544 166.036940 0.000000 0.000000 0.000000 0.000000 0.000000 0.000000 
166.036100 166.010074 166.005037 166.005037 166.007556 166.011753 166.019309 166.027705 166.038619 0.000000 0.000000 0.000000 0.000000 0.000000 0.000000 0.000000 
166.024347 166.001679 166.001679 166.005037 166.010074 166.019309 166.030223 166.041137 0.000000 0.000000 0.000000 0.000000 0.000000 0.000000 0.000000 0.000000 
166.021828 166.000000 166.001679 166.010074 166.021828 166.034421 0.000000 0.000000 0.000000 0.000000 0.000000 0.000000 0.000000 0.000000 0.000000 0.000000 
166.031902 166.021828 166.024347 166.036100 0.000000 0.000000 0.000000 0.000000 0.000000 0.000000 0.000000 0.000000 0.000000 0.000000 0.000000 0.000000 
