test/output/constant/M365_S060_A090_WD135.0_WS020.0/M365_S060_A090_WD135.0_WS020.0_ros.asc
ncols         15
nrows         22
xllcorner     425303.990666
yllcorner     12746755.311160
cellsize      100.000000
NODATA_value  0.000000
0.000000 0.000000 0.000000 0.000000 0.000000 0.000000 0.000000 0.000000 0.000000 0.000000 0.000000 0.000000 2.494348 3.030417 1.477574 
0.000000 0.000000 0.000000 0.000000 0.000000 0.000000 0.000000 0.000000 0.000000 0.000000 2.145400 2.145400 1.670234 -1.000000 6.491868 
0.000000 0.000000 0.000000 0.000000 0.000000 0.000000 0.000000 0.000000 0.000000 1.888488 2.145400 4.122762 39.385353 39.385353 6.491868 
0.000000 0.000000 0.000000 0.000000 0.000000 0.000000 0.000000 0.000000 1.888488 3.030417 4.122762 37.265427 39.385353 11.259752 11.259752 
0.000000 0.000000 0.000000 0.000000 0.000000 0.000000 0.000000 24.978485 2.494348 24.978485 35.535812 39.385353 26.597775 4.692340 6.491868 
0.000000 0.000000 0.000000 0.000000 0.000000 0.000000 0.000000 2.494348 3.030417 5.654583 39.385353 39.385353 11.259752 6.491868 11.259752 
0.000000 0.000000 0.000000 0.000000 0.000000 0.000000 2.494348 2.145400 28.011505 39.385353 39.385353 32.223156 8.699492 4.692340 0.000000 
0.000000 0.000000 0.000000 0.000000 0.000000 28.011505 1.888488 5.654583 33.371330 39.385353 39.385353 11.259752 11.259752 6.491868 0.000000 
0.000000 0.000000 0.000000 0.000000 5.654583 4.122762 3.030417 39.385353 39.385353 39.385353 11.259752 26.597775 4.692340 4.692340 0.000000 
0.000000 0.000000 0.000000 0.000000 4.122762 33.371330 37.265427 39.385353 39.385353 39.385353 29.538094 6.491868 11.259752 0.000000 0.000000 
0.000000 0.000000 0.000000 24.978485 24.978485 5.654583 5.654583 39.385353 39.384186 39.384186 26.597775 4.692340 8.699492 0.000000 0.000000 
0.000000 0.000000 0.000000 28.011505 37.265427 35.535812 39.385353 39.385353 11.259752 11.259752 11.259752 20.309473 0.000000 0.000000 0.000000 
0.000000 0.000000 28.011505 4.122762 38.507652 39.385353 39.385353 23.490551 37.990585 6.491868 4.692340 8.699492 0.000000 0.000000 0.000000 
0.000000 0.000000 33.371330 4.122762 33.371330 39.385353 39.385353 38.956985 32.223156 11.259752 8.699492 0.000000 0.000000 0.000000 0.000000 
0.000000 28.011505 38.507652 39.385353 39.385353 39.385353 39.385353 8.699492 11.259752 8.699492 4.692340 0.000000 0.000000 0.000000 0.000000 
0.000000 38.507652 37.265427 39.385353 39.385353 39.385353 34.572105 8.699492 11.259752 3.337268 0.000000 0.000000 0.000000 0.000000 0.000000 
0.000000 38.507652 33.371330 39.385353 39.385353 39.385353 11.259752 8.699492 3.337268 0.000000 0.000000 0.000000 0.000000 0.000000 0.000000 
35.535812 38.507652 39.385353 39.385353 39.385353 39.385353 11.259752 11.259752 0.000000 0.000000 0.000000 0.000000 0.000000 0.000000 0.000000 
37.265427 39.385353 39.385353 39.385353 39.384186 29.538094 11.259752 0.000000 0.000000 0.000000 0.000000 0.000000 0.000000 0.000000 0.000000 
39.385353 39.385353 38.956985 39.385353 6.491868 32.223156 11.259752 0.000000 0.000000 0.000000 0.000000 0.000000 0.000000 0.000000 0.000000 
39.385353 39.385353 39.385353 29.538094 14.103189 29.538094 0.000000 0.000000 0.000000 0.000000 0.000000 0.000000 0.000000 0.000000 0.000000 
39.385353 39.385353 39.385353 39.385353 0.000000 0.000000 0.000000 0.000000 0.000000 0.000000 0.000000 0.000000 0.000000 0.000000 0.000000 
