test/output/constant/M460_S060_A270_WD225.0_WS015.0/M460_S060_A270_WD225.0_WS015.0_arrival.asc
ncols         8
nrows         25
xllcorner     426603.990666
yllcorner     12748755.311160
cellsize      100.000000
NODATA_value  0.000000
0.000000 0.000000 0.000000 0.000000 0.000000 0.000000 166.041667 0.000000 
0.000000 0.000000 0.000000 0.000000 0.000000 166.040537 166.039862 166.041213 
0.000000 0.000000 0.000000 0.000000 166.040537 166.038510 166.038510 166.040537 
0.000000 0.000000 0.000000 0.000000 166.037835 166.036484 166.036484 166.040537 
0.000000 0.000000 0.000000 166.039862 166.035132 166.035132 166.035808 166.039862 
0.000000 0.000000 0.000000 166.036484 166.033105 166.033105 166.034457 166.040537 
0.000000 0.000000 166.041213 166.033781 166.031079 166.031079 166.034457 166.041213 
0.000000 0.000000 166.037835 166.031079 166.029727 166.029727 166.033781 0.000000 
0.000000 0.000000 166.033781 166.028376 166.027700 166.028376 166.033781 0.000000 
0.000000 166.041213 166.030403 166.026349 166.025674 166.028376 166.034457 0.000000 
0.000000 166.036484 166.027025 166.024322 166.024322 166.027700 166.035808 0.000000 
0.000000 166.033105 166.024322 166.022296 166.022971 166.027700 166.037835 0.000000 
0.000000 166.029052 166.021620 166.020944 166.022296 166.028376 166.040537 0.000000 
166.039862 166.024998 166.018917 166.018917 166.021620 166.029727 0.000000 0.000000 
166.035132 166.020944 166.016891 166.016891 166.021620 166.032430 0.000000 0.000000 
166.030403 166.017566 166.015539 166.016215 166.022296 166.036484 0.000000 0.000000 
166.025674 166.014864 166.013512 166.015539 166.024322 0.000000 0.000000 0.000000 
166.020944 166.012161 166.012161 166.015539 166.027700 0.000000 0.000000 0.000000 
166.016891 166.010134 166.010134 166.016891 166.035808 0.000000 0.000000 0.000000 
166.012837 166.008107 166.009459 166.019593 0.000000 0.000000 0.000000 0.000000 
166.008783 166.006756 166.009459 166.027025 0.000000 0.000000 0.000000 0.000000 
166.005405 166.004729 166.010810 166.040537 0.000000 0.000000 0.000000 0.000000 
166.002702 166.003378 166.018917 0.000000 0.000000 0.000000 0.000000 0.000000 
166.001351 166.003378 166.040537 0.000000 0.000000 0.000000 0.000000 0.000000 
166.000000 166.016215 0.000000 0.000000 0.000000 0.000000 0.000000 0.000000 
