test/output/constant/M340_S000_A000_WD090.0_WS045.0/M340_S000_A000_WD090.0_WS045.0_arrival.asc
ncols         31
nrows         7
xllcorner     423603.990666
yllcorner     12748455.311160
cellsize      100.000000
NODATA_value  0.000000
0.000000 0.000000 0.000000 0.000000 0.000000 0.000000 0.000000 0.000000 0.000000 0.000000 0.000000 166.041667 166.041127 166.041127 166.041127 166.041127 166.041127 0.000000 0.000000 0.000000 0.000000 0.000000 0.000000 0.000000 0.000000 0.000000 0.000000 0.000000 0.000000 0.000000 0.000000 
0.000000 0.000000 0.000000 0.000000 166.040564 166.039437 166.038310 166.036620 166.035493 166.034366 166.033240 166.032113 166.030986 166.030423 166.029296 166.028169 166.027042 166.026479 166.025352 166.024789 166.024789 166.024789 166.025352 166.025916 166.027042 166.029859 166.033803 166.040000 0.000000 0.000000 0.000000 
0.000000 166.041127 166.040000 166.038874 166.037183 166.036057 166.034366 166.033240 166.031550 166.030423 166.028733 166.027606 166.025916 166.024789 166.023099 166.021972 166.020845 166.019155 166.018028 166.016338 166.015211 166.014085 166.012394 166.011268 166.010141 166.009578 166.008451 166.008451 166.009014 166.012394 166.027606 
166.041667 166.040564 166.038874 166.037747 166.036057 166.034930 166.033240 166.032113 166.030423 166.029296 166.027606 166.026479 166.024789 166.023662 166.021972 166.020845 166.019155 166.018028 166.016338 166.015211 166.013521 166.012394 166.010704 166.009578 166.007887 166.006761 166.005070 166.003944 166.002254 166.001127 166.000000 
0.000000 166.041127 166.040000 166.038874 166.037183 166.036057 166.034366 166.033240 166.031550 166.030423 166.028733 166.027606 166.025916 166.024789 166.023099 166.021972 166.020845 166.019155 166.018028 166.016338 166.015211 166.014085 166.012394 166.011268 166.010141 166.009578 166.008451 166.008451 166.009014 166.012394 166.027606 
0.000000 0.000000 0.000000 0.000000 166.040564 166.039437 166.038310 166.036620 166.035493 166.034366 166.033240 166.032113 166.030986 166.030423 166.029296 166.028169 166.027042 166.026479 166.025352 166.024789 166.024789 166.024789 166.025352 166.025916 166.027042 166.029859 166.033803 166.040000 0.000000 0.000000 0.000000 
0.000000 0.000000 0.000000 0.000000 0.000000 0.000000 0.000000 0.000000 0.000000 0.000000 0.000000 166.041667 166.041127 166.041127 166.041127 166.041127 166.041127 0.000000 0.000000 0.000000 0.000000 0.000000 0.000000 0.000000 0.000000 0.000000 0.000000 0.000000 0.000000 0.000000 0.000000 
