test/output/constant/C4_S060_A090_WD315.0_WS010.0/C4_S060_A090_WD315.0_WS010.0_arrival.asc
ncols         8
nrows         27
xllcorner     426503.990666
yllcorner     12746155.311160
cellsize      100.000000
NODATA_value  0.000000
166.041260 166.000000 166.014600 0.000000 0.000000 0.000000 0.000000 0.000000 
166.026025 166.001270 166.003809 166.039990 0.000000 0.000000 0.000000 0.000000 
166.023486 166.002539 166.003809 166.020312 0.000000 0.000000 0.000000 0.000000 
166.023486 166.004443 166.004443 166.012695 0.000000 0.000000 0.000000 0.000000 
166.024121 166.006348 166.005713 166.010791 166.029834 0.000000 0.000000 0.000000 
166.026025 166.008887 166.007617 166.010791 166.022852 0.000000 0.000000 0.000000 
166.028564 166.010791 166.009521 166.010791 166.019678 166.039990 0.000000 0.000000 
166.031103 166.013965 166.010791 166.011426 166.017773 166.032373 0.000000 0.000000 
166.034277 166.016504 166.012695 166.012695 166.017773 166.028564 0.000000 0.000000 
166.036816 166.019043 166.013965 166.013965 166.017773 166.026025 0.000000 0.000000 
166.039355 166.022217 166.015869 166.015869 166.017773 166.025391 166.038086 0.000000 
0.000000 166.024756 166.018408 166.017773 166.018408 166.024756 166.034912 0.000000 
0.000000 166.027295 166.020312 166.019043 166.019678 166.024121 166.033008 0.000000 
0.000000 166.030469 166.022852 166.020947 166.020947 166.024121 166.032373 0.000000 
0.000000 166.033008 166.025391 166.022217 166.022217 166.024756 166.031738 0.000000 
0.000000 166.036182 166.027930 166.024121 166.024121 166.025391 166.031103 166.039990 
0.000000 166.038721 166.030469 166.026025 166.025391 166.026660 166.031103 166.039355 
0.000000 166.041260 166.033008 166.027930 166.027295 166.027295 166.031103 166.038721 
0.000000 0.000000 166.035547 166.030469 166.028564 166.029199 166.031738 166.038086 
0.000000 0.000000 166.038086 166.032373 166.030469 166.030469 166.032373 166.038086 
0.000000 0.000000 166.040625 166.034912 166.032373 166.032373 166.033643 166.038086 
0.000000 0.000000 0.000000 166.036816 166.034277 166.033643 166.034912 166.038721 
0.000000 0.000000 0.000000 166.039355 166.036182 166.035547 166.035547 166.038721 
0.000000 0.000000 0.000000 0.000000 166.038086 166.036816 166.036816 166.039355 
0.000000 0.000000 0.000000 0.000000 166.039990 166.038721 166.038721 166.040625 
0.000000 0.000000 0.000000 0.000000 0.000000 166.040625 166.039990 166.041260 
0.000000 0.000000 0.000000 0.000000 0.000000 0.000000 166.041667 0.000000 
