test/output/constant/M390_S000_A270_WD000.0_WS020.0/M390_S000_A270_WD000.0_WS020.0_arrival.asc
ncols         11
nrows         27
xllcorner     426103.990666
yllcorner     12746355.311160
cellsize      100.000000
NODATA_value  0.000000
0.000000 0.000000 0.000000 166.041667 166.032170 166.030117 166.032170 166.041667 0.000000 0.000000 0.000000 
0.000000 0.000000 0.000000 166.028748 166.014374 166.010267 166.014374 166.028748 0.000000 0.000000 0.000000 
0.000000 0.000000 166.034223 166.019850 166.005476 166.000000 166.005476 166.019850 166.034223 0.000000 0.000000 
0.000000 0.000000 166.028748 166.015743 166.004791 166.001369 166.004791 166.015743 166.028748 0.000000 0.000000 
0.000000 166.039015 166.025325 166.013689 166.004791 166.002738 166.004791 166.013689 166.025325 166.039015 0.000000 
0.000000 166.034908 166.023272 166.013005 166.005476 166.004791 166.005476 166.013005 166.023272 166.034908 0.000000 
0.000000 166.032854 166.021903 166.013005 166.006845 166.006160 166.006845 166.013005 166.021903 166.032854 0.000000 
0.000000 166.030801 166.021218 166.013005 166.008898 166.008214 166.008898 166.013005 166.021218 166.030801 0.000000 
166.040384 166.030117 166.021218 166.013689 166.010267 166.009583 166.010267 166.013689 166.021218 166.030117 166.040384 
166.039015 166.029432 166.021218 166.015058 166.011636 166.011636 166.011636 166.015058 166.021218 166.029432 166.039015 
166.038330 166.029432 166.021903 166.016427 166.013689 166.013005 166.013689 166.016427 166.021903 166.029432 166.038330 
166.037646 166.029432 166.022587 166.017796 166.015058 166.015058 166.015058 166.017796 166.022587 166.029432 166.037646 
166.037646 166.030117 166.023272 166.019165 166.017112 166.016427 166.017112 166.019165 166.023272 166.030117 166.037646 
166.037646 166.030117 166.024641 166.020534 166.018481 166.018481 166.018481 166.020534 166.024641 166.030117 166.037646 
166.038330 166.030801 166.026010 166.021903 166.020534 166.019850 166.020534 166.021903 166.026010 166.030801 166.038330 
166.038330 166.032170 166.027379 166.023956 166.021903 166.021903 166.021903 166.023956 166.027379 166.032170 166.038330 
166.039015 166.032854 166.028748 166.025325 166.023956 166.023272 166.023956 166.025325 166.028748 166.032854 166.039015 
166.039699 166.034223 166.030117 166.026694 166.025325 166.025325 166.025325 166.026694 166.030117 166.034223 166.039699 
166.040384 166.035592 166.031485 166.028748 166.027379 166.026694 166.027379 166.028748 166.031485 166.035592 166.040384 
166.041068 166.036277 166.032854 166.030117 166.028748 166.028748 166.028748 166.030117 166.032854 166.036277 166.041068 
0.000000 166.037646 166.034223 166.031485 166.030801 166.030117 166.030801 166.031485 166.034223 166.037646 0.000000 
0.000000 166.039015 166.035592 166.033539 166.032170 166.032170 166.032170 166.033539 166.035592 166.039015 0.000000 
0.000000 166.040384 166.036961 166.034908 166.034223 166.033539 166.034223 166.034908 166.036961 166.040384 0.000000 
0.000000 166.041667 166.039015 166.036961 166.035592 166.035592 166.035592 166.036961 166.039015 166.041667 0.000000 
0.000000 0.000000 166.040384 166.038330 166.037646 166.036961 166.037646 166.038330 166.040384 0.000000 0.000000 
0.000000 0.000000 166.041667 166.040384 166.039015 166.039015 166.039015 166.040384 166.041667 0.000000 0.000000 
0.000000 0.000000 0.000000 166.041667 166.041068 166.040384 166.041068 166.041667 0.000000 0.000000 0.000000 
