test/output/constant/M3M445_S060_A180_WD315.0_WS020.0/M3M445_S060_A180_WD315.0_WS020.0_arrival.asc
ncols         30
nrows         10
xllcorner     426603.990666
yllcorner     12747855.311160
cellsize      100.000000
NODATA_value  0.000000
166.000000 166.001077 166.002155 166.004848 166.008618 166.013466 166.018853 166.024239 166.029626 166.035012 166.040399 0.000000 0.000000 0.000000 0.000000 0.000000 0.000000 0.000000 0.000000 0.000000 0.000000 0.000000 0.000000 0.000000 0.000000 0.000000 0.000000 0.000000 0.000000 0.000000 
166.013466 166.002693 166.002693 166.003771 166.005387 166.006464 166.008080 166.010773 166.014005 166.017776 166.021546 166.026394 166.030703 166.035551 166.040399 0.000000 0.000000 0.000000 0.000000 0.000000 0.000000 0.000000 0.000000 0.000000 0.000000 0.000000 0.000000 0.000000 0.000000 0.000000 
0.000000 166.039322 166.016160 166.008080 166.007002 166.007002 166.008080 166.009696 166.010773 166.012389 166.014544 166.016698 166.019930 166.023162 166.026933 166.030703 166.034474 166.038783 0.000000 0.000000 0.000000 0.000000 0.000000 0.000000 0.000000 0.000000 0.000000 0.000000 0.000000 0.000000 
0.000000 0.000000 0.000000 166.036090 166.022085 166.014544 166.012389 166.011850 166.011850 166.012389 166.014005 166.015082 166.016698 166.018314 166.020469 166.022623 166.025855 166.028549 166.032319 166.036090 166.039860 0.000000 0.000000 0.000000 0.000000 0.000000 0.000000 0.000000 0.000000 0.000000 
0.000000 0.000000 0.000000 0.000000 0.000000 166.039860 166.028010 166.021546 166.017776 166.016698 166.016160 166.016160 166.016698 166.018314 166.019391 166.021007 166.022623 166.024239 166.026394 166.029087 166.031780 166.034474 166.037706 166.041476 0.000000 0.000000 0.000000 0.000000 0.000000 0.000000 
0.000000 0.000000 0.000000 0.000000 0.000000 0.000000 0.000000 0.000000 166.035012 166.028010 166.024239 166.022085 166.021007 166.021007 166.021007 166.021007 166.022623 166.023701 166.025317 166.026933 166.028549 166.030165 166.032319 166.035012 166.037706 166.040399 0.000000 0.000000 0.000000 0.000000 
0.000000 0.000000 0.000000 0.000000 0.000000 0.000000 0.000000 0.000000 0.000000 0.000000 166.041476 166.034474 166.030165 166.028010 166.026394 166.025317 166.025317 166.025317 166.025855 166.026933 166.028010 166.029626 166.030703 166.032319 166.034474 166.036090 166.038244 166.040938 0.000000 0.000000 
0.000000 0.000000 0.000000 0.000000 0.000000 0.000000 0.000000 0.000000 0.000000 0.000000 0.000000 0.000000 0.000000 166.040938 166.036628 166.033935 166.031780 166.030703 166.030165 166.030165 166.030165 166.030165 166.031242 166.032319 166.033935 166.035012 166.036628 166.038244 166.039860 0.000000 
0.000000 0.000000 0.000000 0.000000 0.000000 0.000000 0.000000 0.000000 0.000000 0.000000 0.000000 0.000000 0.000000 0.000000 0.000000 0.000000 0.000000 166.039860 166.037706 166.036090 166.035012 166.034474 166.034474 166.034474 166.035012 166.035551 166.036628 166.038244 166.039322 166.040938 
0.000000 0.000000 0.000000 0.000000 0.000000 0.000000 0.000000 0.000000 0.000000 0.000000 0.000000 0.000000 0.000000 0.000000 0.000000 0.000000 0.000000 0.000000 0.000000 0.000000 0.000000 166.041476 166.040399 166.039322 166.039322 166.039322 166.039322 166.039322 166.039860 166.040938 
