test/output/constant/C1_S060_A180_WD180.0_WS045.0/C1_S060_A180_WD180.0_WS045.0_arrival.asc
ncols         10
nrows         32
xllcorner     426503.990666
yllcorner     12748755.311160
cellsize      100.000000
NODATA_value  0.000000
0.000000 0.000000 0.000000 0.000000 0.000000 0.000000 0.000000 166.041545 166.041545 0.000000 
0.000000 0.000000 0.000000 0.000000 0.000000 0.000000 166.041545 166.040190 166.040190 166.041545 
0.000000 0.000000 0.000000 0.000000 0.000000 0.000000 166.039739 166.038836 166.038836 166.040642 
0.000000 0.000000 0.000000 0.000000 0.000000 166.041545 166.037933 166.037481 166.037481 166.040642 
0.000000 0.000000 0.000000 0.000000 0.000000 166.039287 166.036126 166.036126 166.036578 166.040190 
0.000000 0.000000 0.000000 0.000000 0.000000 166.037029 166.034771 166.034771 166.036126 166.040190 
0.000000 0.000000 0.000000 0.000000 166.040190 166.035223 166.033417 166.033417 166.035223 166.040190 
0.000000 0.000000 0.000000 0.000000 166.037481 166.032965 166.032062 166.032062 166.034771 166.040190 
0.000000 0.000000 0.000000 0.000000 166.035223 166.031159 166.030707 166.031159 166.034771 166.040642 
0.000000 0.000000 0.000000 166.039287 166.032514 166.029353 166.029353 166.030256 166.034771 166.041545 
0.000000 0.000000 0.000000 166.036578 166.030256 166.027998 166.027998 166.029804 166.034771 0.000000 
0.000000 0.000000 0.000000 166.033868 166.028449 166.026643 166.026643 166.029804 166.035223 0.000000 
0.000000 0.000000 166.041094 166.031159 166.026192 166.025288 166.025740 166.029353 166.035675 0.000000 
0.000000 0.000000 166.037933 166.028901 166.024385 166.023934 166.024837 166.029804 166.037029 0.000000 
0.000000 0.000000 166.034771 166.026192 166.022579 166.022579 166.024385 166.029804 166.039287 0.000000 
0.000000 0.000000 166.031610 166.023934 166.021224 166.021224 166.024385 166.030256 0.000000 0.000000 
0.000000 0.000000 166.028449 166.021676 166.019869 166.019869 166.024385 166.031610 0.000000 0.000000 
0.000000 166.038836 166.025740 166.019418 166.018515 166.019418 166.024385 166.033868 0.000000 0.000000 
0.000000 166.035223 166.022579 166.017612 166.017160 166.018966 166.024837 166.037029 0.000000 0.000000 
0.000000 166.031610 166.019869 166.015805 166.015805 166.018966 166.026192 166.041094 0.000000 0.000000 
0.000000 166.028449 166.017160 166.014450 166.014450 166.018966 166.028901 0.000000 0.000000 0.000000 
0.000000 166.024837 166.014902 166.013096 166.013999 166.019418 166.032514 0.000000 0.000000 0.000000 
0.000000 166.021676 166.012644 166.011741 166.013547 166.021224 166.037481 0.000000 0.000000 0.000000 
0.000000 166.018063 166.010386 166.010386 166.013547 166.023934 0.000000 0.000000 0.000000 0.000000 
0.000000 166.014902 166.009032 166.009032 166.013999 166.028901 0.000000 0.000000 0.000000 0.000000 
0.000000 166.011741 166.007677 166.008128 166.015805 166.036578 0.000000 0.000000 0.000000 0.000000 
0.000000 166.008580 166.006322 166.008128 166.019869 0.000000 0.000000 0.000000 0.000000 0.000000 
166.041094 166.005871 166.004967 166.008580 166.027546 0.000000 0.000000 0.000000 0.000000 0.000000 
166.037481 166.003613 166.003613 166.011289 166.040642 0.000000 0.000000 0.000000 0.000000 0.000000 
166.041094 166.002258 166.002709 166.019418 0.000000 0.000000 0.000000 0.000000 0.000000 0.000000 
166.040190 166.000903 166.003161 166.040642 0.000000 0.000000 0.000000 0.000000 0.000000 0.000000 
0.000000 166.000000 166.014450 0.000000 0.000000 0.000000 0.000000 0.000000 0.000000 0.000000 
