test/output/constant/M480_S060_A000_WD090.0_WS035.0/M480_S060_A000_WD090.0_WS035.0_arrival.asc
ncols         41
nrows         7
xllcorner     422603.990666
yllcorner     12748455.311160
cellsize      100.000000
NODATA_value  0.000000
0.000000 0.000000 0.000000 0.000000 0.000000 0.000000 0.000000 0.000000 0.000000 0.000000 0.000000 0.000000 0.000000 0.000000 166.041667 166.040884 166.040884 166.040884 166.040884 166.040884 166.040884 166.041305 166.041667 0.000000 0.000000 0.000000 0.000000 0.000000 0.000000 0.000000 0.000000 0.000000 0.000000 0.000000 0.000000 0.000000 0.000000 0.000000 0.000000 0.000000 0.000000 
0.000000 0.000000 0.000000 0.000000 0.000000 166.040884 166.040041 166.039198 166.038355 166.037090 166.036247 166.035404 166.034140 166.033297 166.032454 166.032032 166.031189 166.030347 166.029504 166.028661 166.028239 166.027396 166.026553 166.026132 166.025289 166.024446 166.024446 166.024446 166.024867 166.024867 166.025710 166.026975 166.028239 166.030347 166.033718 166.038776 0.000000 0.000000 0.000000 0.000000 0.000000 
0.000000 166.041667 166.040884 166.039619 166.038776 166.037512 166.036669 166.035404 166.034561 166.033297 166.032454 166.031189 166.030347 166.029082 166.028239 166.027396 166.026132 166.025289 166.024024 166.023181 166.022338 166.021074 166.020231 166.018967 166.018124 166.016859 166.016016 166.015173 166.013909 166.013066 166.011801 166.010958 166.010116 166.009694 166.008851 166.008430 166.008430 166.009273 166.011380 166.017702 0.000000 
166.041667 166.040884 166.039619 166.038776 166.037512 166.036669 166.035404 166.034561 166.033297 166.032454 166.031189 166.030347 166.029082 166.028239 166.026975 166.026132 166.024867 166.024024 166.022760 166.021917 166.020652 166.019810 166.018545 166.017702 166.016438 166.015595 166.014330 166.013487 166.012223 166.011380 166.010116 166.009273 166.008008 166.007165 166.005901 166.005058 166.003793 166.002950 166.001686 166.000843 166.000000 
0.000000 166.041667 166.040884 166.039619 166.038776 166.037512 166.036669 166.035404 166.034561 166.033297 166.032454 166.031189 166.030347 166.029082 166.028239 166.027396 166.026132 166.025289 166.024024 166.023181 166.022338 166.021074 166.020231 166.018967 166.018124 166.016859 166.016016 166.015173 166.013909 166.013066 166.011801 166.010958 166.010116 166.009694 166.008851 166.008430 166.008430 166.009273 166.011380 166.017702 0.000000 
0.000000 0.000000 0.000000 0.000000 0.000000 166.040884 166.040041 166.039198 166.038355 166.037090 166.036247 166.035404 166.034140 166.033297 166.032454 166.032032 166.031189 166.030347 166.029504 166.028661 166.028239 166.027396 166.026553 166.026132 166.025289 166.024446 166.024446 166.024446 166.024867 166.024867 166.025710 166.026975 166.028239 166.030347 166.033718 166.038776 0.000000 0.000000 0.000000 0.000000 0.000000 
0.000000 0.000000 0.000000 0.000000 0.000000 0.000000 0.000000 0.000000 0.000000 0.000000 0.000000 0.000000 0.000000 0.000000 166.041667 166.040884 166.040884 166.040884 166.040884 166.040884 166.040884 166.041305 166.041667 0.000000 0.000000 0.000000 0.000000 0.000000 0.000000 0.000000 0.000000 0.000000 0.000000 0.000000 0.000000 0.000000 0.000000 0.000000 0.000000 0.000000 0.000000 
