test/output/constant/M3M455_S060_A270_WD270.0_WS010.0/M3M455_S060_A270_WD270.0_WS010.0_arrival.asc
ncols         11
nrows         28
xllcorner     426503.990666
yllcorner     12748755.311160
cellsize      100.000000
NODATA_value  0.000000
0.000000 0.000000 0.000000 0.000000 0.000000 0.000000 0.000000 0.000000 166.041524 166.041524 0.000000 
0.000000 0.000000 0.000000 0.000000 0.000000 0.000000 0.000000 166.040354 166.039770 166.039770 0.000000 
0.000000 0.000000 0.000000 0.000000 0.000000 0.000000 166.040354 166.038600 166.038015 166.038600 166.041667 
0.000000 0.000000 0.000000 0.000000 0.000000 166.041667 166.038015 166.036845 166.036845 166.038015 166.041524 
0.000000 0.000000 0.000000 0.000000 0.000000 166.039185 166.035676 166.035091 166.035091 166.037430 166.041524 
0.000000 0.000000 0.000000 0.000000 166.041667 166.036845 166.033921 166.033336 166.033921 166.036845 166.041524 
0.000000 0.000000 0.000000 0.000000 166.038600 166.033921 166.032167 166.032167 166.033336 166.036845 0.000000 
0.000000 0.000000 0.000000 0.000000 166.035676 166.031582 166.030412 166.030412 166.032167 166.036845 0.000000 
0.000000 0.000000 0.000000 166.039770 166.033336 166.029242 166.028657 166.029242 166.032167 166.036845 0.000000 
0.000000 0.000000 0.000000 166.036845 166.030412 166.027488 166.027488 166.028073 166.031582 166.037430 0.000000 
0.000000 0.000000 0.000000 166.033336 166.028073 166.025733 166.025733 166.027488 166.032167 166.038600 0.000000 
0.000000 0.000000 166.039185 166.030412 166.025733 166.023979 166.024564 166.026903 166.032167 166.040354 0.000000 
0.000000 0.000000 166.035091 166.027488 166.023394 166.022809 166.023394 166.026903 166.033336 0.000000 0.000000 
0.000000 0.000000 166.032167 166.024564 166.021639 166.021054 166.022809 166.026903 166.034506 0.000000 0.000000 
0.000000 166.040354 166.028657 166.021639 166.019885 166.019885 166.022224 166.027488 166.036845 0.000000 0.000000 
0.000000 166.036845 166.025148 166.019300 166.018130 166.018130 166.022224 166.029242 166.039770 0.000000 0.000000 
0.000000 166.032751 166.022224 166.016961 166.016376 166.017545 166.022224 166.030997 0.000000 0.000000 0.000000 
0.000000 166.029242 166.019300 166.015206 166.015206 166.017545 166.023394 166.033921 0.000000 0.000000 0.000000 
0.000000 166.025148 166.015791 166.013451 166.013451 166.017545 166.025148 166.039185 0.000000 0.000000 0.000000 
0.000000 166.021639 166.013451 166.011697 166.012867 166.018130 166.028657 0.000000 0.000000 0.000000 0.000000 
0.000000 166.018130 166.010527 166.010527 166.012282 166.019300 166.033921 0.000000 0.000000 0.000000 0.000000 
166.038600 166.014621 166.008773 166.008773 166.012867 166.022809 166.041667 0.000000 0.000000 0.000000 0.000000 
166.035676 166.011112 166.007018 166.007603 166.013451 166.029242 0.000000 0.000000 0.000000 0.000000 0.000000 
166.032167 166.007603 166.005848 166.007603 166.016961 166.038600 0.000000 0.000000 0.000000 0.000000 0.000000 
166.029242 166.004679 166.004094 166.008188 166.024564 0.000000 0.000000 0.000000 0.000000 0.000000 0.000000 
166.028073 166.002339 166.002924 166.011697 166.038600 0.000000 0.000000 0.000000 0.000000 0.000000 0.000000 
166.027488 166.001170 166.002924 166.023979 0.000000 0.000000 0.000000 0.000000 0.000000 0.000000 0.000000 
166.031582 166.000000 166.008773 0.000000 0.000000 0.000000 0.000000 0.000000 0.000000 0.000000 0.000000 
