test/output/constant/M345_S060_A270_WD270.0_WS010.0/M345_S060_A270_WD270.0_WS010.0_arrival.asc
ncols         10
nrows         25
xllcorner     426503.990666
yllcorner     12748755.311160
cellsize      100.000000
NODATA_value  0.000000
0.000000 0.000000 0.000000 0.000000 0.000000 0.000000 0.000000 166.040931 166.040931 166.041667 
0.000000 0.000000 0.000000 0.000000 0.000000 0.000000 166.040281 166.038981 166.038981 166.040931 
0.000000 0.000000 0.000000 0.000000 0.000000 166.040931 166.037682 166.037032 166.037682 166.040281 
0.000000 0.000000 0.000000 0.000000 0.000000 166.038332 166.035733 166.035733 166.036383 166.040281 
0.000000 0.000000 0.000000 0.000000 166.040281 166.035733 166.033784 166.033784 166.035733 166.039631 
0.000000 0.000000 0.000000 0.000000 166.037032 166.033134 166.031835 166.032485 166.035083 166.040281 
0.000000 0.000000 0.000000 166.040931 166.034434 166.031185 166.030535 166.031185 166.034434 166.040931 
0.000000 0.000000 0.000000 166.037682 166.031185 166.028586 166.028586 166.030535 166.034434 166.041580 
0.000000 0.000000 0.000000 166.034434 166.028586 166.027287 166.027287 166.029886 166.035083 0.000000 
0.000000 0.000000 166.039631 166.030535 166.025988 166.025338 166.025338 166.029236 166.035733 0.000000 
0.000000 0.000000 166.035733 166.027937 166.024039 166.023389 166.024688 166.029236 166.037032 0.000000 
0.000000 0.000000 166.032485 166.024688 166.022089 166.022089 166.024039 166.029886 166.038981 0.000000 
0.000000 166.040931 166.028586 166.022089 166.020140 166.020140 166.024039 166.031185 0.000000 0.000000 
0.000000 166.036383 166.024688 166.018841 166.018191 166.019491 166.024688 166.033134 0.000000 0.000000 
0.000000 166.032485 166.021440 166.016892 166.016892 166.018841 166.025338 166.036383 0.000000 0.000000 
0.000000 166.028586 166.018191 166.014943 166.014943 166.018841 166.026637 166.041580 0.000000 0.000000 
0.000000 166.024039 166.014943 166.012994 166.014293 166.019491 166.030535 0.000000 0.000000 0.000000 
0.000000 166.020140 166.012344 166.011694 166.013644 166.020790 166.035733 0.000000 0.000000 0.000000 
0.000000 166.016242 166.009745 166.009745 166.013644 166.024039 0.000000 0.000000 0.000000 0.000000 
166.038332 166.012344 166.007796 166.008446 166.014943 166.030535 0.000000 0.000000 0.000000 0.000000 
166.034434 166.008446 166.006497 166.008446 166.018191 166.040931 0.000000 0.000000 0.000000 0.000000 
166.032485 166.005198 166.004548 166.008446 166.025988 0.000000 0.000000 0.000000 0.000000 0.000000 
166.030535 166.002599 166.003248 166.012344 166.041580 0.000000 0.000000 0.000000 0.000000 0.000000 
166.030535 166.001299 166.003248 166.025988 0.000000 0.000000 0.000000 0.000000 0.000000 0.000000 
166.033784 166.000000 166.009745 0.000000 0.000000 0.000000 0.000000 0.000000 0.000000 0.000000 
