test/output/constant/C6_S060_A000_WD090.0_WS025.0/C6_S060_A000_WD090.0_WS025.0_arrival.asc
ncols         36
nrows         7
xllcorner     423103.990666
yllcorner     12748455.311160
cellsize      100.000000
NODATA_value  0.000000
0.000000 0.000000 0.000000 0.000000 0.000000 0.000000 0.000000 166.041245 166.040766 166.039807 166.038847 166.037888 166.037409 166.036449 166.035490 166.035011 166.034052 166.033572 166.033092 166.033092 166.033092 166.033092 166.033572 166.034052 166.035011 166.035970 166.037888 166.040286 0.000000 0.000000 0.000000 0.000000 0.000000 0.000000 0.000000 0.000000 
0.000000 0.000000 0.000000 166.040766 166.039807 166.038847 166.037888 166.036449 166.035490 166.034531 166.033092 166.032133 166.031174 166.029735 166.028776 166.027817 166.026858 166.025898 166.024939 166.023980 166.023500 166.022541 166.021582 166.021102 166.020143 166.020143 166.020143 166.020143 166.020623 166.021582 166.023500 166.026378 166.033092 0.000000 0.000000 0.000000 
0.000000 166.040766 166.039807 166.038368 166.037409 166.035970 166.035011 166.034052 166.032613 166.031654 166.030215 166.029256 166.027817 166.026858 166.025419 166.024460 166.023500 166.022062 166.021102 166.019664 166.018704 166.017266 166.016306 166.015347 166.013908 166.012949 166.011510 166.010551 166.009592 166.008633 166.007674 166.006714 166.006714 166.007194 166.010072 166.032613 
166.041667 166.040286 166.039327 166.037888 166.036929 166.035490 166.034531 166.033092 166.032133 166.030694 166.029735 166.028296 166.027337 166.025898 166.024939 166.023500 166.022541 166.021102 166.020143 166.018704 166.017745 166.016306 166.015347 166.013908 166.012949 166.011510 166.010551 166.009112 166.008153 166.006714 166.005755 166.004316 166.003357 166.001918 166.000959 166.000000 
0.000000 166.040766 166.039807 166.038368 166.037409 166.035970 166.035011 166.034052 166.032613 166.031654 166.030215 166.029256 166.027817 166.026858 166.025419 166.024460 166.023500 166.022062 166.021102 166.019664 166.018704 166.017266 166.016306 166.015347 166.013908 166.012949 166.011510 166.010551 166.009592 166.008633 166.007674 166.006714 166.006714 166.007194 166.010072 166.032613 
0.000000 0.000000 0.000000 166.040766 166.039807 166.038847 166.037888 166.036449 166.035490 166.034531 166.033092 166.032133 166.031174 166.029735 166.028776 166.027817 166.026858 166.025898 166.024939 166.023980 166.023500 166.022541 166.021582 166.021102 166.020143 166.020143 166.020143 166.020143 166.020623 166.021582 166.023500 166.026378 166.033092 0.000000 0.000000 0.000000 
0.000000 0.000000 0.000000 0.000000 0.000000 0.000000 0.000000 166.041245 166.040766 166.039807 166.038847 166.037888 166.037409 166.036449 166.035490 166.035011 166.034052 166.033572 166.033092 166.033092 166.033092 166.033092 166.033572 166.034052 166.035011 166.035970 166.037888 166.040286 0.000000 0.000000 0.000000 0.000000 0.000000 0.000000 0.000000 0.000000 
