test/output/constant/M490_S060_A180_WD270.0_WS030.0/M490_S060_A180_WD270.0_WS030.0_arrival.asc
ncols         45
nrows         7
xllcorner     426603.990666
yllcorner     12748455.311160
cellsize      100.000000
NODATA_value  0.000000
0.000000 0.000000 0.000000 0.000000 0.000000 0.000000 0.000000 0.000000 0.000000 0.000000 0.000000 0.000000 0.000000 166.040340 166.039198 166.037676 166.036915 166.036534 166.036153 166.035392 166.035392 166.035012 166.035392 166.035392 166.035392 166.036153 166.036534 166.037295 166.038056 166.038437 166.039198 166.039959 166.040720 166.041101 0.000000 0.000000 0.000000 0.000000 0.000000 0.000000 0.000000 0.000000 0.000000 0.000000 0.000000 
0.000000 0.000000 0.000000 0.000000 166.038437 166.031967 166.028162 166.025498 166.023975 166.022834 166.022073 166.021692 166.021312 166.021312 166.021312 166.021692 166.022073 166.022834 166.023595 166.024356 166.024737 166.025498 166.026259 166.027020 166.027401 166.028162 166.028923 166.029684 166.030826 166.031587 166.032348 166.033490 166.034251 166.035012 166.035773 166.036915 166.037676 166.038437 166.039579 166.040340 166.041101 0.000000 0.000000 0.000000 0.000000 
0.000000 166.014461 166.009134 166.007992 166.007231 166.007231 166.007992 166.008372 166.009134 166.009895 166.010656 166.011797 166.012559 166.013320 166.014461 166.015223 166.016364 166.017125 166.017886 166.019028 166.019789 166.020931 166.021692 166.022453 166.023595 166.024356 166.025498 166.026259 166.027401 166.028162 166.029303 166.030064 166.031206 166.031967 166.033109 166.033870 166.035012 166.035773 166.036915 166.037676 166.038817 166.039579 166.040720 166.041481 0.000000 
166.000000 166.000761 166.001522 166.002664 166.003425 166.004567 166.005328 166.006470 166.007231 166.008372 166.009134 166.010275 166.011036 166.012178 166.012939 166.014081 166.014842 166.015984 166.016745 166.017886 166.018648 166.019789 166.020550 166.021692 166.022453 166.023595 166.024356 166.025498 166.026259 166.027401 166.028162 166.029303 166.030064 166.031206 166.031967 166.033109 166.033870 166.035012 166.035773 166.036915 166.037676 166.038817 166.039579 166.040720 166.041481 
0.000000 166.014461 166.009134 166.007992 166.007231 166.007231 166.007992 166.008372 166.009134 166.009895 166.010656 166.011797 166.012559 166.013320 166.014461 166.015223 166.016364 166.017125 166.017886 166.019028 166.019789 166.020931 166.021692 166.022453 166.023595 166.024356 166.025498 166.026259 166.027401 166.028162 166.029303 166.030064 166.031206 166.031967 166.033109 166.033870 166.035012 166.035773 166.036915 166.037676 166.038817 166.039579 166.040720 166.041481 0.000000 
0.000000 0.000000 0.000000 0.000000 166.038437 166.031967 166.028162 166.025498 166.023975 166.022834 166.022073 166.021692 166.021312 166.021312 166.021312 166.021692 166.022073 166.022834 166.023595 166.024356 166.024737 166.025498 166.026259 166.027020 166.027401 166.028162 166.028923 166.029684 166.030826 166.031587 166.032348 166.033490 166.034251 166.035012 166.035773 166.036915 166.037676 166.038437 166.039579 166.040340 166.041101 0.000000 0.000000 0.000000 0.000000 
0.000000 0.000000 0.000000 0.000000 0.000000 0.000000 0.000000 0.000000 0.000000 0.000000 0.000000 0.000000 0.000000 166.040340 166.039198 166.037676 166.036915 166.036534 166.036153 166.035392 166.035392 166.035012 166.035392 166.035392 166.035392 166.036153 166.036534 166.037295 166.038056 166.038437 166.039198 166.039959 166.040720 166.041101 0.000000 0.000000 0.000000 0.000000 0.000000 0.000000 0.000000 0.000000 0.000000 0.000000 0.000000 
