test/output/constant/M3M400_S060_A090_WD180.0_WS035.0/M3M400_S060_A090_WD180.0_WS035.0_arrival.asc
ncols         15
nrows         19
xllcorner     425903.990666
yllcorner     12747555.311160
cellsize      100.000000
NODATA_value  0.000000
0.000000 0.000000 0.000000 0.000000 0.000000 166.040683 166.039327 166.039327 166.039327 166.040683 0.000000 0.000000 0.000000 0.000000 0.000000 
0.000000 0.000000 0.000000 166.041667 166.037971 166.035259 166.032547 166.032547 166.032547 166.035259 166.037971 166.041667 0.000000 0.000000 0.000000 
0.000000 0.000000 0.000000 166.036615 166.032547 166.028478 166.025766 166.024410 166.025766 166.028478 166.032547 166.036615 0.000000 0.000000 0.000000 
0.000000 0.000000 166.037971 166.032547 166.027122 166.021698 166.018986 166.017630 166.018986 166.021698 166.027122 166.032547 166.037971 0.000000 0.000000 
0.000000 166.040683 166.035259 166.028478 166.021698 166.016273 166.012205 166.010849 166.012205 166.016273 166.021698 166.028478 166.035259 166.040683 0.000000 
0.000000 166.037971 166.031191 166.025766 166.018986 166.012205 166.005424 166.004068 166.005424 166.012205 166.018986 166.025766 166.031191 166.037971 0.000000 
0.000000 166.036615 166.029835 166.023054 166.016273 166.009493 166.004068 166.000000 166.004068 166.009493 166.016273 166.023054 166.029835 166.036615 0.000000 
166.041667 166.035259 166.028478 166.021698 166.016273 166.009493 166.004068 166.002712 166.004068 166.009493 166.016273 166.021698 166.028478 166.035259 166.041667 
166.040683 166.033903 166.028478 166.021698 166.016273 166.010849 166.006781 166.005424 166.006781 166.010849 166.016273 166.021698 166.028478 166.033903 166.040683 
166.040683 166.033903 166.028478 166.023054 166.016273 166.012205 166.009493 166.009493 166.009493 166.012205 166.016273 166.023054 166.028478 166.033903 166.040683 
166.040683 166.033903 166.028478 166.023054 166.018986 166.014917 166.013561 166.012205 166.013561 166.014917 166.018986 166.023054 166.028478 166.033903 166.040683 
166.040683 166.035259 166.029835 166.024410 166.020342 166.017630 166.016273 166.016273 166.016273 166.017630 166.020342 166.024410 166.029835 166.035259 166.040683 
166.041667 166.036615 166.031191 166.027122 166.023054 166.020342 166.018986 166.018986 166.018986 166.020342 166.023054 166.027122 166.031191 166.036615 166.041667 
0.000000 166.037971 166.033903 166.029835 166.025766 166.024410 166.023054 166.023054 166.023054 166.024410 166.025766 166.029835 166.033903 166.037971 0.000000 
0.000000 166.039327 166.035259 166.032547 166.029835 166.027122 166.025766 166.025766 166.025766 166.027122 166.029835 166.032547 166.035259 166.039327 0.000000 
0.000000 166.041667 166.037971 166.035259 166.032547 166.031191 166.029835 166.029835 166.029835 166.031191 166.032547 166.035259 166.037971 166.041667 0.000000 
0.000000 0.000000 166.040683 166.037971 166.035259 166.033903 166.032547 166.032547 166.032547 166.033903 166.035259 166.037971 166.040683 0.000000 0.000000 
0.000000 0.000000 0.000000 166.040683 166.039327 166.037971 166.036615 166.036615 166.036615 166.037971 166.039327 166.040683 0.000000 0.000000 0.000000 
0.000000 0.000000 0.000000 0.000000 166.041667 166.040683 166.039327 166.039327 166.039327 166.040683 166.041667 0.000000 0.000000 0.000000 0.000000 
