test/output/constant/M3100_S060_A090_WD090.0_WS005.0/M3100_S060_A090_WD090.0_WS005.0_ros.asc
ncols         14
nrows         60
xllcorner     425603.990666
yllcorner     12742955.311160
cellsize      100.000000
NODATA_value  0.000000
0.000000 0.000000 0.000000 0.000000 0.000000 0.000000 0.000000 0.000000 0.000000 0.000000 1.159449 0.000000 0.000000 0.000000 
0.000000 0.000000 0.000000 0.000000 0.000000 0.000000 0.000000 0.000000 0.000000 2.082940 -1.000000 1.130712 0.000000 0.000000 
0.000000 0.000000 0.000000 0.000000 0.000000 0.000000 0.000000 0.000000 1.159449 66.774544 97.650993 42.958691 0.000000 0.000000 
0.000000 0.000000 0.000000 0.000000 0.000000 0.000000 0.000000 1.578936 1.578936 97.650993 97.650993 27.200777 1.130712 0.000000 
0.000000 0.000000 0.000000 0.000000 0.000000 0.000000 0.000000 1.578936 66.774544 97.478539 97.650993 34.851925 34.851925 0.000000 
0.000000 0.000000 0.000000 0.000000 0.000000 0.000000 0.000000 1.578936 1.578936 97.650993 97.650993 42.958691 34.851925 0.000000 
0.000000 0.000000 0.000000 0.000000 0.000000 0.000000 66.774544 58.761261 66.774544 97.650993 67.526497 34.851925 34.851925 0.000000 
0.000000 0.000000 0.000000 0.000000 0.000000 0.000000 5.237993 5.237993 97.650993 97.650993 74.968361 42.958691 34.851925 0.000000 
0.000000 0.000000 0.000000 0.000000 0.000000 66.774544 2.885011 2.885011 97.650993 97.650993 67.526497 42.958691 27.200777 0.000000 
0.000000 0.000000 0.000000 0.000000 0.000000 66.774544 5.237993 5.237993 97.650993 97.650993 67.526497 51.274872 34.851925 42.958691 
0.000000 0.000000 0.000000 0.000000 0.000000 2.885011 1.578936 5.237993 97.650993 97.650993 74.968361 51.274872 42.958691 34.851925 
0.000000 0.000000 0.000000 0.000000 0.000000 66.774544 5.237993 91.542282 97.650993 97.650993 67.526497 42.958691 42.958691 42.958691 
0.000000 0.000000 0.000000 0.000000 5.237993 2.885011 66.774544 91.542282 97.650993 97.650993 67.526497 51.274872 27.200777 27.200777 
0.000000 0.000000 0.000000 0.000000 66.774544 66.774544 8.863339 97.650993 97.650993 34.851925 74.968361 51.274872 34.851925 27.200777 
0.000000 0.000000 0.000000 0.000000 2.082940 2.082940 66.774544 97.650993 97.650993 97.650993 59.547894 59.547894 42.958691 51.274872 
0.000000 0.000000 0.000000 0.000000 66.774544 74.275513 97.650993 97.650993 97.650993 59.547894 74.968361 34.851925 34.851925 34.851925 
0.000000 0.000000 0.000000 5.237993 66.774544 66.774544 97.650993 94.968483 97.650993 97.650993 67.526497 34.851925 51.274872 34.851925 
0.000000 0.000000 0.000000 5.237993 66.774544 66.774544 97.650993 97.478539 97.650993 97.650993 59.547894 67.526497 42.958691 42.958691 
0.000000 0.000000 0.000000 66.774544 66.774544 74.275513 91.542282 97.650993 97.650993 67.526497 67.526497 51.274872 34.851925 34.851925 
0.000000 0.000000 0.000000 74.275513 5.237993 97.650993 97.650993 97.650993 97.650993 97.650993 74.968361 42.958691 34.851925 42.958691 
0.000000 0.000000 0.000000 66.774544 66.774544 97.650993 97.650993 97.478539 97.650993 67.526497 67.526497 67.526497 27.200777 34.851925 
0.000000 0.000000 66.774544 74.275513 66.774544 97.650993 97.650993 97.650993 74.968361 67.526497 74.968361 51.274872 34.851925 34.851925 
0.000000 0.000000 8.863339 2.885011 66.774544 97.650993 97.650993 97.650993 97.650993 59.547894 67.526497 74.968361 42.958691 67.526497 
0.000000 0.000000 74.275513 5.237993 97.650993 97.024979 97.650993 97.650993 91.935394 67.526497 74.968361 67.526497 59.547894 0.000000 
0.000000 0.000000 5.237993 2.885011 5.237993 97.650993 97.650993 97.650993 67.526497 67.526497 67.526497 74.968361 67.526497 0.000000 
0.000000 0.000000 74.275513 66.774544 5.237993 97.650993 97.650993 97.650993 97.650993 67.526497 74.968361 67.526497 42.958691 0.000000 
0.000000 66.774544 5.237993 5.237993 97.650993 97.650993 97.650993 97.650993 59.547894 42.958691 34.851925 74.968361 27.200777 0.000000 
0.000000 2.885011 66.774544 86.850571 97.650993 97.650993 97.650993 97.650993 67.526497 74.968361 67.526497 74.968361 34.851925 0.000000 
0.000000 66.774544 66.774544 91.542282 97.650993 97.650993 97.650993 97.650993 67.526497 67.526497 51.274872 42.958691 42.958691 0.000000 
0.000000 66.774544 5.237993 94.968483 97.650993 91.542282 97.650993 74.968361 34.851925 34.851925 67.526497 74.968361 59.547894 0.000000 
0.000000 66.774544 66.774544 97.024979 97.650993 97.478539 97.650993 97.650993 34.851925 74.968361 59.547894 42.958691 27.200777 0.000000 
0.000000 66.774544 97.650993 91.542282 97.650993 97.650993 97.650993 97.650993 87.360985 91.935394 67.526497 74.968361 42.958691 0.000000 
0.000000 66.774544 97.650993 81.036049 91.542282 97.650993 97.650993 95.231796 74.968361 51.274872 51.274872 51.274872 42.958691 0.000000 
0.000000 66.774544 97.650993 97.650993 97.650993 97.650993 97.650993 42.958691 67.526497 67.526497 67.526497 74.968361 34.851925 0.000000 
2.885011 97.650993 97.650993 91.542282 97.650993 97.650993 97.650993 97.650993 67.526497 74.968361 74.968361 59.547894 67.526497 0.000000 
5.237993 97.650993 97.650993 97.650993 97.650993 97.650993 97.650993 59.547894 91.935394 67.526497 67.526497 74.968361 0.000000 0.000000 
66.774544 66.774544 97.650993 97.650993 97.650993 97.650993 97.650993 74.968361 59.547894 67.526497 74.968361 67.526497 0.000000 0.000000 
66.774544 8.863339 97.024979 97.650993 97.650993 97.650993 97.650993 81.647469 34.851925 74.968361 67.526497 74.968361 0.000000 0.000000 
97.650993 97.650993 97.650993 97.650993 97.478539 97.650993 97.650993 97.650993 74.968361 74.968361 74.968361 67.526497 0.000000 0.000000 
97.650993 97.650993 94.968483 97.650993 97.650993 97.650993 97.650993 67.526497 74.968361 34.851925 34.851925 74.968361 0.000000 0.000000 
2.885011 97.650993 97.650993 97.024979 91.542282 97.650993 59.547894 97.150124 74.968361 74.968361 67.526497 67.526497 0.000000 0.000000 
97.650993 97.650993 91.542282 97.650993 97.650993 97.650993 91.935394 67.526497 74.968361 74.968361 51.274872 34.851925 0.000000 0.000000 
86.850571 97.650993 97.650993 97.650993 97.650993 97.650993 42.958691 74.968361 67.526497 67.526497 67.526497 0.000000 0.000000 0.000000 
91.542282 74.275513 97.650993 91.542282 97.650993 97.650993 97.650993 67.526497 59.547894 74.968361 51.274872 0.000000 0.000000 0.000000 
97.650993 97.650993 97.650993 97.650993 97.650993 81.647469 67.526497 81.647469 67.526497 59.547894 67.526497 0.000000 0.000000 0.000000 
97.650993 97.650993 81.036049 97.478539 97.650993 81.647469 81.647469 67.526497 74.968361 74.968361 59.547894 0.000000 0.000000 0.000000 
97.650993 94.968483 97.650993 97.650993 97.650993 97.650993 51.274872 51.274872 74.968361 67.526497 0.000000 0.000000 0.000000 0.000000 
97.650993 94.968483 91.542282 97.024979 97.650993 97.650993 95.231796 67.526497 34.851925 59.547894 0.000000 0.000000 0.000000 0.000000 
91.542282 97.650993 97.650993 97.650993 97.650993 97.650993 67.526497 74.968361 34.851925 74.968361 0.000000 0.000000 0.000000 0.000000 
97.650993 91.542282 97.650993 86.850571 97.650993 97.650993 59.547894 74.968361 67.526497 51.274872 0.000000 0.000000 0.000000 0.000000 
97.650993 97.650993 97.650993 97.650993 97.650993 97.150124 74.968361 67.526497 74.968361 0.000000 0.000000 0.000000 0.000000 0.000000 
86.850571 97.650993 91.542282 97.650993 97.650993 67.526497 27.200777 51.274872 74.968361 0.000000 0.000000 0.000000 0.000000 0.000000 
97.650993 97.650993 97.650993 97.650993 97.650993 97.650993 51.274872 67.526497 67.526497 0.000000 0.000000 0.000000 0.000000 0.000000 
91.542282 97.650993 97.650993 97.650993 91.935394 95.231796 87.360985 74.968361 0.000000 0.000000 0.000000 0.000000 0.000000 0.000000 
0.000000 97.650993 97.650993 97.650993 97.650993 97.650993 27.200777 67.526497 0.000000 0.000000 0.000000 0.000000 0.000000 0.000000 
0.000000 97.650993 97.650993 97.650993 97.650993 67.526497 74.968361 0.000000 0.000000 0.000000 0.000000 0.000000 0.000000 0.000000 
0.000000 91.542282 91.542282 97.650993 97.650993 74.968361 51.274872 0.000000 0.000000 0.000000 0.000000 0.000000 0.000000 0.000000 
0.000000 97.650993 97.650993 97.650993 51.274872 67.526497 74.968361 0.000000 0.000000 0.000000 0.000000 0.000000 0.000000 0.000000 
0.000000 0.000000 97.650993 97.650993 97.650993 51.274872 0.000000 0.000000 0.000000 0.000000 0.000000 0.000000 0.000000 0.000000 
0.000000 0.000000 97.650993 97.650993 97.650993 0.000000 0.000000 0.000000 0.000000 0.000000 0.000000 0.000000 0.000000 0.000000 
