test/output/constant/M345_S000_A090_WD270.0_WS040.0/M345_S000_A090_WD270.0_WS040.0_arrival.asc
ncols         30
nrows         7
xllcorner     426603.990666
yllcorner     12748455.311160
cellsize      100.000000
NODATA_value  0.000000
0.000000 0.000000 0.000000 0.000000 0.000000 0.000000 0.000000 0.000000 0.000000 166.040806 166.039106 166.038539 166.037972 166.037406 166.037406 166.036839 166.037406 166.037406 166.038539 166.039106 166.040239 166.040806 0.000000 0.000000 0.000000 0.000000 0.000000 0.000000 0.000000 0.000000 
0.000000 0.000000 166.041667 166.032872 166.027771 166.025504 166.023804 166.022670 166.022670 166.022670 166.022670 166.023237 166.023804 166.024937 166.026071 166.027204 166.027771 166.028904 166.030038 166.031171 166.032305 166.033438 166.035139 166.036272 166.037406 166.039106 166.040239 166.041373 0.000000 0.000000 
166.020970 166.010202 166.007935 166.007935 166.007935 166.009068 166.010202 166.011335 166.012469 166.013602 166.014736 166.016436 166.017569 166.019270 166.020403 166.022103 166.023237 166.024937 166.026071 166.027204 166.028904 166.030038 166.031738 166.032872 166.034005 166.035705 166.036839 166.038539 166.039673 166.041373 
166.000000 166.001134 166.002267 166.003967 166.005101 166.006801 166.007935 166.009635 166.010768 166.012469 166.013602 166.015302 166.016436 166.018136 166.019270 166.020970 166.022103 166.023804 166.024937 166.026637 166.027771 166.029471 166.030605 166.032305 166.033438 166.035139 166.036272 166.037972 166.039106 166.040806 
166.020970 166.010202 166.007935 166.007935 166.007935 166.009068 166.010202 166.011335 166.012469 166.013602 166.014736 166.016436 166.017569 166.019270 166.020403 166.022103 166.023237 166.024937 166.026071 166.027204 166.028904 166.030038 166.031738 166.032872 166.034005 166.035705 166.036839 166.038539 166.039673 166.041373 
0.000000 0.000000 166.041667 166.032872 166.027771 166.025504 166.023804 166.022670 166.022670 166.022670 166.022670 166.023237 166.023804 166.024937 166.026071 166.027204 166.027771 166.028904 166.030038 166.031171 166.032305 166.033438 166.035139 166.036272 166.037406 166.039106 166.040239 166.041373 0.000000 0.000000 
0.000000 0.000000 0.000000 0.000000 0.000000 0.000000 0.000000 0.000000 0.000000 166.040806 166.039106 166.038539 166.037972 166.037406 166.037406 166.036839 166.037406 166.037406 166.038539 166.039106 166.040239 166.040806 0.000000 0.000000 0.000000 0.000000 0.000000 0.000000 0.000000 0.000000 
