test/output/constant/M375_S060_A180_WD270.0_WS050.0/M375_S060_A180_WD270.0_WS050.0_arrival.asc
ncols         54
nrows         7
xllcorner     426603.990666
yllcorner     12748455.311160
cellsize      100.000000
NODATA_value  0.000000
0.000000 0.000000 0.000000 0.000000 0.000000 0.000000 0.000000 0.000000 0.000000 0.000000 0.000000 0.000000 0.000000 0.000000 0.000000 166.040980 166.039729 166.038790 166.037852 166.037226 166.036600 166.036288 166.035975 166.035349 166.035349 166.035036 166.035036 166.034723 166.035036 166.035349 166.035662 166.036288 166.036600 166.037226 166.037852 166.038164 166.038790 166.039416 166.039729 166.040354 166.040980 166.041606 0.000000 0.000000 0.000000 0.000000 0.000000 0.000000 0.000000 0.000000 0.000000 0.000000 0.000000 0.000000 
0.000000 0.000000 0.000000 0.000000 0.000000 166.037852 166.032846 166.029405 166.026590 166.024713 166.023462 166.022836 166.022210 166.021585 166.021272 166.020959 166.020959 166.020959 166.021585 166.021898 166.022523 166.022836 166.023462 166.024087 166.024400 166.025026 166.025652 166.026277 166.026903 166.027216 166.027841 166.028467 166.029405 166.030031 166.030657 166.031282 166.032221 166.032846 166.033472 166.034411 166.035036 166.035662 166.036288 166.037226 166.037852 166.038477 166.039416 166.040041 166.040667 166.041606 0.000000 0.000000 0.000000 0.000000 
0.000000 166.019708 166.010636 166.008446 166.007508 166.007195 166.007195 166.007508 166.008133 166.008759 166.009385 166.010010 166.010636 166.011262 166.012200 166.012826 166.013764 166.014390 166.015328 166.015954 166.016580 166.017518 166.018144 166.019082 166.019708 166.020646 166.021272 166.022210 166.022836 166.023462 166.024400 166.025026 166.025964 166.026590 166.027528 166.028154 166.028780 166.029718 166.030344 166.031282 166.031908 166.032846 166.033472 166.034411 166.035036 166.035662 166.036600 166.037226 166.038164 166.038790 166.039729 166.040354 166.041293 0.000000 
166.000000 166.000626 166.001251 166.002190 166.002815 166.003754 166.004380 166.005318 166.005944 166.006882 166.007508 166.008446 166.009072 166.010010 166.010636 166.011574 166.012200 166.013139 166.013764 166.014703 166.015328 166.016267 166.016892 166.017831 166.018457 166.019395 166.020021 166.020959 166.021585 166.022523 166.023149 166.024087 166.024713 166.025652 166.026277 166.027216 166.027841 166.028780 166.029405 166.030344 166.030970 166.031908 166.032534 166.033472 166.034098 166.035036 166.035662 166.036600 166.037226 166.038164 166.038790 166.039729 166.040354 166.041293 
0.000000 166.019708 166.010636 166.008446 166.007508 166.007195 166.007195 166.007508 166.008133 166.008759 166.009385 166.010010 166.010636 166.011262 166.012200 166.012826 166.013764 166.014390 166.015328 166.015954 166.016580 166.017518 166.018144 166.019082 166.019708 166.020646 166.021272 166.022210 166.022836 166.023462 166.024400 166.025026 166.025964 166.026590 166.027528 166.028154 166.028780 166.029718 166.030344 166.031282 166.031908 166.032846 166.033472 166.034411 166.035036 166.035662 166.036600 166.037226 166.038164 166.038790 166.039729 166.040354 166.041293 0.000000 
0.000000 0.000000 0.000000 0.000000 0.000000 166.037852 166.032846 166.029405 166.026590 166.024713 166.023462 166.022836 166.022210 166.021585 166.021272 166.020959 166.020959 166.020959 166.021585 166.021898 166.022523 166.022836 166.023462 166.024087 166.024400 166.025026 166.025652 166.026277 166.026903 166.027216 166.027841 166.028467 166.029405 166.030031 166.030657 166.031282 166.032221 166.032846 166.033472 166.034411 166.035036 166.035662 166.036288 166.037226 166.037852 166.038477 166.039416 166.040041 166.040667 166.041606 0.000000 0.000000 0.000000 0.000000 
0.000000 0.000000 0.000000 0.000000 0.000000 0.000000 0.000000 0.000000 0.000000 0.000000 0.000000 0.000000 0.000000 0.000000 0.000000 166.040980 166.039729 166.038790 166.037852 166.037226 166.036600 166.036288 166.035975 166.035349 166.035349 166.035036 166.035036 166.034723 166.035036 166.035349 166.035662 166.036288 166.036600 166.037226 166.037852 166.038164 166.038790 166.039416 166.039729 166.040354 166.040980 166.041606 0.000000 0.000000 0.000000 0.000000 0.000000 0.000000 0.000000 0.000000 0.000000 0.000000 0.000000 0.000000 
