test/output/constant/M3M490_S060_A090_WD000.0_WS040.0/M3M490_S060_A090_WD000.0_WS040.0_arrival.asc
ncols         7
nrows         60
xllcorner     426303.990666
yllcorner     12742855.311160
cellsize      100.000000
NODATA_value  0.000000
0.000000 0.000000 0.000000 166.000000 0.000000 0.000000 0.000000 
0.000000 0.000000 166.014146 166.000566 166.014146 0.000000 0.000000 
0.000000 0.000000 166.008771 166.001132 166.008771 0.000000 0.000000 
0.000000 0.000000 166.007073 166.001981 166.007073 0.000000 0.000000 
0.000000 166.038196 166.006224 166.002546 166.006224 166.038196 0.000000 
0.000000 166.031971 166.006224 166.003395 166.006224 166.031971 0.000000 
0.000000 166.027444 166.006224 166.003961 166.006224 166.027444 0.000000 
0.000000 166.024332 166.006790 166.004810 166.006790 166.024332 0.000000 
0.000000 166.022351 166.007356 166.005376 166.007356 166.022351 0.000000 
0.000000 166.020937 166.007639 166.006224 166.007639 166.020937 0.000000 
0.000000 166.020088 166.008205 166.006790 166.008205 166.020088 0.000000 
0.000000 166.019239 166.008771 166.007639 166.008771 166.019239 0.000000 
166.039893 166.018673 166.009620 166.008205 166.009620 166.018673 166.039893 
166.037913 166.018390 166.010185 166.009054 166.010185 166.018390 166.037913 
166.036215 166.018390 166.011034 166.009620 166.011034 166.018390 166.036215 
166.034517 166.018108 166.011600 166.010468 166.011600 166.018108 166.034517 
166.033386 166.018108 166.012166 166.011034 166.012166 166.018108 166.033386 
166.032820 166.018390 166.013015 166.011883 166.013015 166.018390 166.032820 
166.031971 166.018956 166.013581 166.012449 166.013581 166.018956 166.031971 
166.031688 166.019522 166.014429 166.013298 166.014429 166.019522 166.031688 
166.031122 166.019805 166.014995 166.013864 166.014995 166.019805 166.031122 
166.030839 166.020371 166.015844 166.014712 166.015844 166.020371 166.030839 
166.030556 166.020654 166.016410 166.015278 166.016410 166.020654 166.030556 
166.030273 166.021220 166.016976 166.016127 166.016976 166.021220 166.030273 
166.030273 166.021786 166.017825 166.016693 166.017825 166.021786 166.030273 
166.030273 166.022351 166.018390 166.017542 166.018390 166.022351 166.030273 
166.030273 166.022634 166.019239 166.018108 166.019239 166.022634 166.030273 
166.030273 166.023200 166.019805 166.018956 166.019805 166.023200 166.030273 
166.030556 166.023766 166.020654 166.019522 166.020654 166.023766 166.030556 
166.031122 166.024332 166.021220 166.020371 166.021220 166.024332 166.031122 
166.031688 166.024898 166.022069 166.020937 166.022069 166.024898 166.031688 
166.031971 166.025464 166.022634 166.021786 166.022634 166.025464 166.031971 
166.032537 166.026312 166.023200 166.022351 166.023200 166.026312 166.032537 
166.032820 166.026878 166.024049 166.023200 166.024049 166.026878 166.032820 
166.033386 166.027444 166.024615 166.023766 166.024615 166.027444 166.033386 
166.033952 166.028010 166.025464 166.024615 166.025464 166.028010 166.033952 
166.034235 166.028859 166.026030 166.025181 166.026030 166.028859 166.034235 
166.034800 166.029425 166.026878 166.026030 166.026878 166.029425 166.034800 
166.035366 166.029991 166.027444 166.026595 166.027444 166.029991 166.035366 
166.035932 166.030839 166.028293 166.027444 166.028293 166.030839 166.035932 
166.036215 166.031405 166.028859 166.028010 166.028859 166.031405 166.036215 
166.036781 166.031971 166.029708 166.028859 166.029708 166.031971 166.036781 
166.037347 166.032820 166.030273 166.029425 166.030273 166.032820 166.037347 
166.037630 166.033386 166.031122 166.030273 166.031122 166.033386 166.037630 
166.038196 166.033952 166.031688 166.030839 166.031688 166.033952 166.038196 
166.038761 166.034517 166.032254 166.031688 166.032254 166.034517 166.038761 
166.039327 166.035366 166.033103 166.032254 166.033103 166.035366 166.039327 
166.039893 166.035932 166.033669 166.033103 166.033669 166.035932 166.039893 
166.040459 166.036781 166.034517 166.033669 166.034517 166.036781 166.040459 
166.041025 166.037347 166.035083 166.034517 166.035083 166.037347 166.041025 
166.041591 166.037913 166.035932 166.035083 166.035932 166.037913 166.041591 
0.000000 166.038761 166.036498 166.035932 166.036498 166.038761 0.000000 
0.000000 166.039327 166.037347 166.036498 166.037347 166.039327 0.000000 
0.000000 166.040176 166.037913 166.037347 166.037913 166.040176 0.000000 
0.000000 166.040742 166.038478 166.037913 166.038478 166.040742 0.000000 
0.000000 166.041591 166.039327 166.038761 166.039327 166.041591 0.000000 
0.000000 0.000000 166.039893 166.039327 166.039893 0.000000 0.000000 
0.000000 0.000000 166.040742 166.040176 166.040742 0.000000 0.000000 
0.000000 0.000000 166.041308 166.040742 166.041308 0.000000 0.000000 
0.000000 0.000000 0.000000 166.041591 0.000000 0.000000 0.000000 
