test/output/constant/M3100_S060_A000_WD000.0_WS005.0/M3100_S060_A000_WD000.0_WS005.0_intensity.asc
ncols         60
nrows         14
xllcorner     420803.990666
yllcorner     12747755.311160
cellsize      100.000000
NODATA_value  0.000000
0 0 0 0 0 0 0 0 0 0 0 0 0 0 0 0 0 0 0 0 0 0 0 0 0 0 0 0 0 0 0 0 0 0 0 0 0 62811 32418 32418 39959 32418 39959 32418 32418 47694 39959 25301 39959 32418 1468 0 0 0 0 0 0 0 0 0 
0 0 0 0 0 0 0 0 0 0 0 0 0 0 0 0 0 0 0 0 0 0 0 0 0 62811 32418 39959 39959 25301 55389 39959 32418 25301 39959 62811 55389 39959 32418 25301 32418 32418 39959 47694 32418 39959 32418 32418 47694 39959 39959 39959 39959 32418 32418 32418 1468 0 0 0 
0 0 0 0 0 0 0 0 0 0 0 0 0 0 0 0 0 0 32418 62811 69733 62811 69733 62811 69733 55389 69733 47694 69733 39959 69733 39959 69733 69733 62811 69733 62811 69733 47694 62811 39959 47694 62811 32418 32418 55389 47694 47694 39959 47694 47694 39959 39959 32418 39959 47694 39959 1468 1051 0 
0 0 0 0 0 0 0 0 0 0 0 0 0 0 55389 62811 47694 62811 47694 62811 32418 69733 62811 69733 62811 69733 62811 47694 62811 55389 62811 47694 62811 32418 69733 62811 69733 62811 69733 62811 69733 62811 55389 62811 69733 55389 69733 62811 62811 69733 62811 62811 69733 62811 90832 90832 90832 90832 0 1078 
0 0 0 0 0 0 0 0 0 0 47694 69733 55389 62811 69733 55389 69733 62811 69733 69733 32418 69733 69733 62811 62811 69733 62811 47694 85515 69733 32418 62811 69733 39959 62811 62811 62811 55389 62811 62811 90832 62811 90832 90832 55389 90832 62811 90832 90832 90832 90832 90832 90832 90832 90832 90671 62111 62111 1937 0 
0 0 0 0 0 0 0 62811 69733 69733 62811 32418 32418 69733 69733 62811 55389 62811 69733 69733 69733 75946 32418 55389 85515 62811 62811 69733 88582 32418 32418 62811 62811 55389 90832 62811 90832 90832 88582 90832 90832 90832 90832 90832 90832 90832 90832 90832 90832 90832 80786 62111 69089 62111 1468 62111 1468 1078 0 0 
0 0 0 0 0 62811 69733 62811 47694 62811 69733 69733 62811 47694 62811 75946 62811 69733 62811 90832 62811 90832 90366 69733 55389 90832 39959 88582 90832 90832 90832 90832 90832 90832 90832 90832 90832 90832 90832 90832 90832 90832 90832 88337 90832 90832 90832 80786 85150 4872 4872 2683 4872 54658 1468 1468 1468 0 0 0 
0 0 69733 47694 69733 25301 90832 47694 25301 69733 55389 62811 90832 47694 75946 62811 90832 39959 85515 55389 90832 90832 90832 90832 90832 90832 90832 90832 90832 90832 90832 90832 90832 90832 90832 90832 90832 90832 90832 90832 90832 85150 62111 69089 62111 62111 8244 62111 4872 1468 4872 2683 4872 62111 0 0 0 0 0 0 
0 47694 62811 69733 62811 90832 88582 90832 62811 90730 90832 90832 90832 90832 90832 90832 90832 90832 90832 90832 90832 90832 90832 90832 90832 90832 90832 90832 90832 90832 85150 90832 90832 90832 90832 90832 69089 69089 69089 62111 62111 69089 62111 62111 69089 1937 62111 2683 62111 2683 62111 62111 0 0 0 0 0 0 0 0 
90832 90832 47694 90832 90832 90832 90832 90832 90832 90832 90832 90832 90832 90832 90832 90832 90832 90832 90832 90832 90832 90832 90832 90832 90832 90832 90832 90832 90832 90832 90832 88337 62111 4872 4872 4872 8244 62111 62111 62111 4872 62111 62111 62111 62111 1937 62111 4872 0 0 0 0 0 0 0 0 0 0 0 0 
90832 90832 90832 90832 90832 90832 90832 90832 90832 90832 90832 90832 90832 90832 90832 90832 90832 90832 90832 90250 90832 90832 90832 90832 90832 85150 62111 75377 62111 62111 62111 62111 80786 4872 62111 2683 4872 2683 69089 62111 69089 62111 4872 4872 0 0 0 0 0 0 0 0 0 0 0 0 0 0 0 0 
90832 90832 90832 90832 90832 90832 90832 90832 90832 90832 90832 90832 90832 90832 90832 90832 90832 90832 85150 90832 88337 69089 90250 62111 62111 62111 62111 62111 62111 62111 4872 62111 62111 4872 69089 4872 69089 8244 62111 0 0 0 0 0 0 0 0 0 0 0 0 0 0 0 0 0 0 0 0 0 
0 0 90832 90832 90832 90832 90832 90832 90832 90832 90832 90832 88337 88337 90832 90832 69089 80786 62111 62111 62111 69089 8244 62111 62111 62111 62111 62111 62111 62111 62111 62111 2683 62111 0 0 0 0 0 0 0 0 0 0 0 0 0 0 0 0 0 0 0 0 0 0 0 0 0 0 
0 0 0 0 0 0 85150 90832 90832 75377 90832 85150 62111 62111 4872 90832 85150 80786 62111 2683 62111 62111 62111 62111 4872 2683 0 0 0 0 0 0 0 0 0 0 0 0 0 0 0 0 0 0 0 0 0 0 0 0 0 0 0 0 0 0 0 0 0 0 
