test/output/constant/M385_S060_A180_WD045.0_WS045.0/M385_S060_A180_WD045.0_WS045.0_intensity.asc
ncols         12
nrows         35
xllcorner     426403.990666
yllcorner     12745455.311160
cellsize      100.000000
NODATA_value  0.000000
0 1161 1569 1569 0 0 0 0 0 0 0 0 
0 1161 0 1111 2059 0 0 0 0 0 0 0 
0 14688 51126 51126 2059 2448 0 0 0 0 0 0 
1647 14688 51126 49823 39458 2952 0 0 0 0 0 0 
11256 14688 51126 50835 51069 2448 2059 0 0 0 0 0 
11256 14688 51126 51126 42855 39458 35683 0 0 0 0 0 
22541 26728 51126 51126 49823 42855 1569 1569 0 0 0 0 
14688 14688 51126 51126 50835 48117 42855 42855 0 0 0 0 
0 26728 51126 51126 51126 42855 42855 39458 0 0 0 0 
0 18487 38827 51126 51126 51126 42855 1569 42855 0 0 0 
0 34996 26728 51126 51126 51126 48117 42855 42855 0 0 0 
0 22541 18487 51126 51126 50835 48117 39458 45771 0 0 0 
0 42298 51006 45305 51126 49823 42855 2448 2059 39458 0 0 
0 30922 30922 30922 51126 51126 51126 51126 42855 39458 0 0 
0 11256 11256 49576 51126 45771 51126 42855 42855 39458 0 0 
0 34996 47756 11256 51126 51126 45771 45771 51126 42855 2059 0 
0 22541 26728 11256 51126 51126 51126 51126 45771 39458 42855 0 
0 0 51006 22541 49576 51126 51126 51126 48117 42855 49823 0 
0 0 45305 18487 45305 51126 49823 51126 42855 51069 42855 0 
0 0 22541 45305 11256 51126 51126 49823 45771 42855 49823 4328 
0 0 49576 18487 34996 51126 51126 51126 51126 42855 49823 1569 
0 0 26728 22541 45305 51126 51126 51126 51126 48117 45771 50835 
0 0 0 22541 45305 51126 51126 51126 51126 51126 45771 1569 
0 0 0 42298 22541 49576 51126 51126 48117 51126 45771 42855 
0 0 0 34996 22541 42298 51126 45771 51126 51126 39458 51126 
0 0 0 0 34996 22541 51126 51126 51126 49823 48117 42855 
0 0 0 0 34996 51126 51126 51126 51126 51126 45771 48117 
0 0 0 0 51126 14688 51126 51126 51126 49823 51126 42855 
0 0 0 0 0 30922 51126 51126 51126 51069 48117 51126 
0 0 0 0 0 49576 49576 51126 51126 49823 48117 51126 
0 0 0 0 0 0 49576 51126 51126 51126 49823 48117 
0 0 0 0 0 0 22541 51126 51126 51126 49823 51126 
0 0 0 0 0 0 0 51126 51126 51126 51126 45771 
0 0 0 0 0 0 0 51126 51126 51126 51126 51126 
0 0 0 0 0 0 0 0 51126 51069 51126 48117 
