test/output/constant/M3M480_S060_A000_WD225.0_WS005.0/M3M480_S060_A000_WD225.0_WS005.0_arrival.asc
ncols         40
nrows         11
xllcorner     422803.990666
yllcorner     12748455.311160
cellsize      100.000000
NODATA_value  0.000000
0.000000 0.000000 0.000000 0.000000 0.000000 0.000000 0.000000 0.000000 0.000000 0.000000 0.000000 166.041667 166.041417 166.041417 166.041417 166.041417 0.000000 0.000000 0.000000 0.000000 0.000000 0.000000 0.000000 0.000000 0.000000 0.000000 0.000000 0.000000 0.000000 0.000000 0.000000 0.000000 0.000000 0.000000 0.000000 0.000000 0.000000 0.000000 0.000000 0.000000 
0.000000 0.000000 0.000000 166.040981 166.040545 166.039673 166.038801 166.038365 166.037493 166.037057 166.036621 166.036185 166.036185 166.035749 166.035749 166.035313 166.035313 166.035313 166.035313 166.035313 166.036185 166.037057 166.037929 166.039673 166.041417 0.000000 0.000000 0.000000 0.000000 0.000000 0.000000 0.000000 0.000000 0.000000 0.000000 0.000000 0.000000 0.000000 0.000000 0.000000 
0.000000 166.040981 166.040109 166.038801 166.037929 166.037057 166.036185 166.035749 166.034877 166.034006 166.033134 166.032262 166.031826 166.030954 166.030518 166.030082 166.029646 166.029646 166.029210 166.028774 166.028774 166.028774 166.028774 166.029210 166.030082 166.030954 166.033134 166.034877 166.037493 166.040545 0.000000 0.000000 0.000000 0.000000 0.000000 0.000000 0.000000 0.000000 0.000000 0.000000 
166.041417 166.040545 166.039237 166.038365 166.037057 166.036185 166.034877 166.034006 166.032698 166.031826 166.030954 166.030082 166.029210 166.028338 166.027466 166.026594 166.025722 166.025286 166.024414 166.023978 166.023542 166.023106 166.022670 166.022670 166.022670 166.022670 166.022670 166.023106 166.024414 166.026158 166.027902 166.031390 166.036185 0.000000 0.000000 0.000000 0.000000 0.000000 0.000000 0.000000 
166.041417 166.040545 166.039237 166.038365 166.037057 166.035749 166.034877 166.033570 166.032698 166.031390 166.030518 166.029210 166.028338 166.027030 166.026158 166.024850 166.023978 166.023106 166.022234 166.021362 166.020491 166.019619 166.018747 166.017875 166.017439 166.017003 166.016567 166.016131 166.016131 166.016131 166.016567 166.017439 166.019183 166.022234 166.026594 166.034006 0.000000 0.000000 0.000000 0.000000 
0.000000 166.041417 166.040109 166.038801 166.037493 166.036185 166.035313 166.034006 166.033134 166.031826 166.030518 166.029210 166.028338 166.027030 166.026158 166.024850 166.023978 166.022670 166.021798 166.020491 166.019619 166.018311 166.017439 166.016131 166.015259 166.013951 166.013079 166.012207 166.011335 166.010899 166.010463 166.010027 166.009591 166.009591 166.010899 166.012643 166.017439 166.027902 0.000000 0.000000 
0.000000 0.000000 166.041667 166.040545 166.039237 166.037929 166.036621 166.035313 166.034006 166.033134 166.031826 166.030518 166.029210 166.027902 166.026594 166.025722 166.024414 166.023106 166.021798 166.020926 166.019619 166.018311 166.017439 166.016131 166.015259 166.013951 166.012643 166.011771 166.010463 166.009591 166.008283 166.007411 166.006104 166.005232 166.004360 166.003488 166.003488 166.003924 166.010463 0.000000 
0.000000 0.000000 0.000000 0.000000 0.000000 166.040981 166.039673 166.038365 166.037057 166.035749 166.034442 166.033134 166.031826 166.030518 166.029210 166.027902 166.026594 166.025286 166.023978 166.022670 166.021362 166.020055 166.018747 166.017439 166.016131 166.014823 166.013515 166.012207 166.010899 166.010027 166.008719 166.007411 166.006540 166.005232 166.003924 166.003052 166.001744 166.000872 166.000000 166.033570 
0.000000 0.000000 0.000000 0.000000 0.000000 0.000000 0.000000 0.000000 166.041417 166.040109 166.038801 166.037493 166.036185 166.034877 166.033570 166.032698 166.031390 166.029646 166.028338 166.027466 166.026158 166.024850 166.023542 166.022234 166.020926 166.019619 166.018311 166.017003 166.015695 166.014387 166.013079 166.011771 166.010899 166.010027 166.009155 166.008719 166.008719 166.009591 166.016131 0.000000 
0.000000 0.000000 0.000000 0.000000 0.000000 0.000000 0.000000 0.000000 0.000000 0.000000 0.000000 0.000000 0.000000 166.040981 166.039673 166.038365 166.037057 166.035749 166.034877 166.033570 166.032698 166.031390 166.030518 166.029646 166.028774 166.027902 166.027030 166.026594 166.025722 166.025722 166.024850 166.024850 166.025286 166.025722 166.026594 166.029210 166.034877 0.000000 0.000000 0.000000 
0.000000 0.000000 0.000000 0.000000 0.000000 0.000000 0.000000 0.000000 0.000000 0.000000 0.000000 0.000000 0.000000 0.000000 0.000000 0.000000 0.000000 0.000000 0.000000 0.000000 0.000000 0.000000 0.000000 0.000000 166.041667 166.041417 166.040981 166.041417 166.041417 0.000000 0.000000 0.000000 0.000000 0.000000 0.000000 0.000000 0.000000 0.000000 0.000000 0.000000 
