test/output/constant/M3M400_S060_A270_WD315.0_WS010.0/M3M400_S060_A270_WD315.0_WS010.0_arrival.asc
ncols         15
nrows         50
xllcorner     426403.990666
yllcorner     12748655.311160
cellsize      100.000000
NODATA_value  0.000000
0.000000 0.000000 0.000000 0.000000 0.000000 0.000000 0.000000 0.000000 0.000000 0.000000 0.000000 166.041667 166.041667 0.000000 0.000000 
0.000000 0.000000 0.000000 0.000000 0.000000 0.000000 0.000000 0.000000 0.000000 0.000000 166.041118 166.040779 166.040779 166.041458 0.000000 
0.000000 0.000000 0.000000 0.000000 0.000000 0.000000 0.000000 0.000000 0.000000 166.041118 166.040099 166.040099 166.040099 166.040439 0.000000 
0.000000 0.000000 0.000000 0.000000 0.000000 0.000000 0.000000 0.000000 166.041458 166.040099 166.039080 166.039080 166.039080 166.040099 166.041458 
0.000000 0.000000 0.000000 0.000000 0.000000 0.000000 0.000000 0.000000 166.040099 166.039080 166.038400 166.038400 166.038400 166.039419 166.041118 
0.000000 0.000000 0.000000 0.000000 0.000000 0.000000 0.000000 166.041118 166.039080 166.038060 166.037380 166.037380 166.037720 166.039080 166.040779 
0.000000 0.000000 0.000000 0.000000 0.000000 0.000000 0.000000 166.039759 166.037720 166.036701 166.036701 166.036701 166.037041 166.038400 166.040439 
0.000000 0.000000 0.000000 0.000000 0.000000 0.000000 166.041118 166.038740 166.037041 166.035681 166.035681 166.035681 166.036361 166.037720 166.040099 
0.000000 0.000000 0.000000 0.000000 0.000000 0.000000 166.039759 166.037380 166.035681 166.034662 166.034662 166.035002 166.035681 166.037380 166.039759 
0.000000 0.000000 0.000000 0.000000 0.000000 166.041458 166.038400 166.036021 166.034662 166.033982 166.033982 166.033982 166.035341 166.037041 166.039759 
0.000000 0.000000 0.000000 0.000000 0.000000 166.040099 166.037041 166.035002 166.033642 166.032963 166.032963 166.033303 166.034662 166.036701 166.039759 
0.000000 0.000000 0.000000 0.000000 0.000000 166.038740 166.036021 166.033642 166.032623 166.032283 166.032283 166.032623 166.034322 166.036701 166.039759 
0.000000 0.000000 0.000000 0.000000 166.041458 166.037380 166.034662 166.032623 166.031603 166.031264 166.031264 166.032283 166.033982 166.036361 166.039759 
0.000000 0.000000 0.000000 0.000000 166.039759 166.036021 166.033303 166.031264 166.030584 166.030244 166.030584 166.031603 166.033642 166.036361 166.039759 
0.000000 0.000000 0.000000 0.000000 166.038400 166.034662 166.032283 166.030584 166.029565 166.029565 166.029904 166.030924 166.033303 166.036361 166.040099 
0.000000 0.000000 0.000000 166.041458 166.037041 166.033303 166.030924 166.029225 166.028545 166.028545 166.028885 166.030584 166.032963 166.036361 166.040439 
0.000000 0.000000 0.000000 166.039759 166.035341 166.031943 166.029565 166.028205 166.027865 166.027865 166.028545 166.030244 166.032623 166.036361 166.040779 
0.000000 0.000000 0.000000 166.038400 166.033982 166.030584 166.028205 166.027186 166.026846 166.026846 166.027865 166.029904 166.032623 166.036701 166.041118 
0.000000 0.000000 0.000000 166.037041 166.032623 166.029225 166.027186 166.026166 166.026166 166.026166 166.027526 166.029565 166.032963 166.037041 166.041458 
0.000000 0.000000 166.040439 166.035341 166.031264 166.028205 166.026166 166.025147 166.025147 166.025487 166.026846 166.029225 166.032963 166.037041 0.000000 
0.000000 0.000000 166.039080 166.033982 166.029565 166.026846 166.025147 166.024127 166.024127 166.024807 166.026506 166.029225 166.032963 166.037380 0.000000 
0.000000 0.000000 166.037380 166.032623 166.028205 166.025487 166.024127 166.023448 166.023448 166.024127 166.026166 166.029225 166.033303 166.038060 0.000000 
0.000000 0.000000 166.036021 166.030924 166.026846 166.024127 166.022768 166.022428 166.022768 166.023788 166.026166 166.029565 166.033642 166.038740 0.000000 
0.000000 0.000000 166.034322 166.029565 166.025487 166.023108 166.021749 166.021749 166.021749 166.023108 166.025826 166.029565 166.033982 166.039759 0.000000 
0.000000 166.041118 166.032963 166.028205 166.024127 166.021749 166.020729 166.020729 166.021069 166.023108 166.025826 166.029904 166.034662 166.041118 0.000000 
0.000000 166.039419 166.031264 166.026506 166.022768 166.020729 166.020049 166.020049 166.020729 166.022768 166.025826 166.030244 166.035341 0.000000 0.000000 
0.000000 166.038060 166.029904 166.025147 166.021749 166.019710 166.019030 166.019030 166.020049 166.022428 166.026166 166.030584 166.036701 0.000000 0.000000 
0.000000 166.036361 166.028205 166.023788 166.020389 166.018690 166.018011 166.018350 166.019710 166.022428 166.026506 166.031264 166.038060 0.000000 0.000000 
0.000000 166.035002 166.026846 166.022088 166.019030 166.017671 166.017331 166.017671 166.019370 166.022428 166.026846 166.032623 166.039759 0.000000 0.000000 
0.000000 166.033642 166.025487 166.020729 166.017671 166.016311 166.016311 166.016991 166.019030 166.022768 166.027186 166.033642 0.000000 0.000000 0.000000 
0.000000 166.031943 166.023788 166.019370 166.016651 166.015632 166.015632 166.016311 166.019030 166.023108 166.028205 166.035341 0.000000 0.000000 0.000000 
166.041118 166.030584 166.022428 166.018011 166.015292 166.014612 166.014612 166.015972 166.019030 166.023448 166.029565 166.037380 0.000000 0.000000 0.000000 
166.039759 166.028885 166.020729 166.016651 166.014273 166.013593 166.013933 166.015632 166.019370 166.023788 166.030924 166.040099 0.000000 0.000000 0.000000 
166.038060 166.027526 166.019370 166.015292 166.013253 166.012913 166.013253 166.015632 166.019710 166.025147 166.032963 0.000000 0.000000 0.000000 0.000000 
166.037041 166.025826 166.018011 166.013933 166.011894 166.011894 166.012573 166.015632 166.020049 166.026506 166.035681 0.000000 0.000000 0.000000 0.000000 
166.035681 166.024467 166.016311 166.012573 166.011214 166.011214 166.012573 166.015972 166.020729 166.028205 166.038740 0.000000 0.000000 0.000000 0.000000 
166.034662 166.022768 166.014952 166.011214 166.010195 166.010195 166.012234 166.015972 166.022088 166.031264 0.000000 0.000000 0.000000 0.000000 0.000000 
166.033303 166.021409 166.013253 166.009855 166.009515 166.009515 166.012234 166.016651 166.023788 166.034322 0.000000 0.000000 0.000000 0.000000 0.000000 
166.032623 166.019710 166.011894 166.008835 166.008496 166.009175 166.012234 166.017671 166.026846 166.038400 0.000000 0.000000 0.000000 0.000000 0.000000 
166.031603 166.018350 166.010534 166.007816 166.007476 166.008835 166.012573 166.019370 166.029904 0.000000 0.000000 0.000000 0.000000 0.000000 0.000000 
166.030924 166.017331 166.008835 166.006796 166.006796 166.008835 166.013593 166.022088 166.034322 0.000000 0.000000 0.000000 0.000000 0.000000 0.000000 
166.030244 166.015632 166.007476 166.005777 166.006117 166.008835 166.014952 166.025826 166.039759 0.000000 0.000000 0.000000 0.000000 0.000000 0.000000 
166.029904 166.014273 166.006117 166.005097 166.005437 166.009175 166.017671 166.030584 0.000000 0.000000 0.000000 0.000000 0.000000 0.000000 0.000000 
166.030244 166.012913 166.004758 166.004078 166.005437 166.010534 166.021749 166.037041 0.000000 0.000000 0.000000 0.000000 0.000000 0.000000 0.000000 
166.029904 166.011894 166.003398 166.003398 166.005437 166.013253 166.027186 0.000000 0.000000 0.000000 0.000000 0.000000 0.000000 0.000000 0.000000 
166.031943 166.011214 166.002379 166.002379 166.006117 166.017671 166.035681 0.000000 0.000000 0.000000 0.000000 0.000000 0.000000 0.000000 0.000000 
166.034662 166.010874 166.001359 166.002039 166.008835 166.025826 0.000000 0.000000 0.000000 0.000000 0.000000 0.000000 0.000000 0.000000 0.000000 
166.039759 166.010874 166.000680 166.002039 166.015972 166.038400 0.000000 0.000000 0.000000 0.000000 0.000000 0.000000 0.000000 0.000000 0.000000 
0.000000 166.014273 166.000000 166.005777 166.030244 0.000000 0.000000 0.000000 0.000000 0.000000 0.000000 0.000000 0.000000 0.000000 0.000000 
0.000000 166.039080 166.026506 166.034662 0.000000 0.000000 0.000000 0.000000 0.000000 0.000000 0.000000 0.000000 0.000000 0.000000 0.000000 
