test/output/constant/M360_S060_A090_WD135.0_WS040.0/M360_S060_A090_WD135.0_WS040.0_arrival.asc
ncols         23
nrows         9
xllcorner     424503.990666
yllcorner     12748055.311160
cellsize      100.000000
NODATA_value  0.000000
0.000000 0.000000 0.000000 0.000000 0.000000 0.000000 0.000000 0.000000 0.000000 0.000000 0.000000 0.000000 0.000000 166.039423 166.036192 166.032314 166.029083 166.025851 166.022620 166.019389 166.018742 166.019389 166.041667 
0.000000 0.000000 0.000000 0.000000 0.000000 0.000000 0.000000 0.000000 166.040716 166.037485 166.033607 166.029729 166.026498 166.022620 166.018742 166.015511 166.011633 166.008402 166.005170 166.003231 166.001293 166.000000 166.032314 
0.000000 0.000000 0.000000 0.000000 0.000000 166.041667 166.038131 166.034899 166.031668 166.028437 166.025205 166.021974 166.018742 166.016157 166.013572 166.010987 166.009048 166.007109 166.005170 166.003231 166.003231 166.006463 166.039423 
0.000000 0.000000 0.000000 166.041362 166.038131 166.034899 166.031668 166.029083 166.026498 166.023266 166.021327 166.018742 166.016803 166.014865 166.012926 166.010987 166.009694 166.009048 166.009048 166.010987 166.018096 166.031022 0.000000 
0.000000 0.000000 166.039423 166.036838 166.033607 166.031668 166.029083 166.026498 166.024559 166.022620 166.020681 166.018742 166.016803 166.015511 166.014865 166.014865 166.014865 166.016803 166.021327 166.029083 166.040716 0.000000 0.000000 
166.041362 166.039423 166.036838 166.034253 166.032314 166.030375 166.028437 166.026498 166.024559 166.022620 166.021974 166.020681 166.020681 166.020681 166.021327 166.022620 166.026498 166.032314 166.040716 0.000000 0.000000 0.000000 0.000000 
166.040070 166.038131 166.036192 166.034253 166.032314 166.030375 166.029083 166.027790 166.027144 166.026498 166.026498 166.026498 166.027144 166.029083 166.032314 166.036838 0.000000 0.000000 0.000000 0.000000 0.000000 0.000000 0.000000 
166.040070 166.038131 166.036838 166.034899 166.034253 166.032961 166.032314 166.032314 166.032314 166.032314 166.032961 166.034899 166.037485 166.041667 0.000000 0.000000 0.000000 0.000000 0.000000 0.000000 0.000000 0.000000 0.000000 
166.041362 166.040070 166.038777 166.038777 166.038131 166.038131 166.038131 166.038131 166.039423 166.041362 0.000000 0.000000 0.000000 0.000000 0.000000 0.000000 0.000000 0.000000 0.000000 0.000000 0.000000 0.000000 0.000000 
