test/output/constant/C1_S060_A180_WD180.0_WS040.0/C1_S060_A180_WD180.0_WS040.0_arrival.asc
ncols         8
nrows         27
xllcorner     426603.990666
yllcorner     12748755.311160
cellsize      100.000000
NODATA_value  0.000000
0.000000 0.000000 0.000000 0.000000 0.000000 0.000000 166.041263 166.041263 
0.000000 0.000000 0.000000 0.000000 0.000000 166.040191 166.039655 166.039655 
0.000000 0.000000 0.000000 0.000000 166.041667 166.038583 166.038047 166.038583 
0.000000 0.000000 0.000000 0.000000 166.039119 166.036440 166.036440 166.038047 
0.000000 0.000000 0.000000 166.041667 166.036440 166.034832 166.034832 166.037512 
0.000000 0.000000 0.000000 166.038583 166.034296 166.033224 166.033224 166.036976 
0.000000 0.000000 0.000000 166.035368 166.032153 166.031617 166.032689 166.036976 
0.000000 0.000000 166.040191 166.033224 166.030009 166.030009 166.031617 166.036976 
0.000000 0.000000 166.036976 166.030545 166.028402 166.028402 166.031617 166.037512 
0.000000 0.000000 166.033760 166.027866 166.026794 166.027330 166.031081 166.038047 
0.000000 166.040191 166.030545 166.025722 166.025186 166.026794 166.031617 166.039655 
0.000000 166.036440 166.027330 166.023579 166.023579 166.025722 166.031617 166.041667 
0.000000 166.032689 166.024650 166.021971 166.021971 166.025722 166.032689 0.000000 
0.000000 166.028937 166.021971 166.020363 166.020899 166.025722 166.034296 0.000000 
166.039655 166.025186 166.019292 166.018756 166.020363 166.026258 166.036976 0.000000 
166.035368 166.021971 166.017148 166.017148 166.019828 166.027330 166.041263 0.000000 
166.031081 166.018756 166.015540 166.015540 166.020363 166.029473 0.000000 0.000000 
166.026794 166.016076 166.013933 166.015005 166.020363 166.033224 0.000000 0.000000 
166.023043 166.013397 166.012325 166.014469 166.022507 166.039655 0.000000 0.000000 
166.018756 166.010718 166.010718 166.014469 166.025722 0.000000 0.000000 0.000000 
166.015005 166.009110 166.009110 166.015005 166.032153 0.000000 0.000000 0.000000 
166.011253 166.007502 166.008574 166.017684 166.041667 0.000000 0.000000 0.000000 
166.007502 166.005895 166.008574 166.024115 0.000000 0.000000 0.000000 0.000000 
166.004823 166.004287 166.010182 166.035904 0.000000 0.000000 0.000000 0.000000 
166.002679 166.003215 166.017148 0.000000 0.000000 0.000000 0.000000 0.000000 
166.001072 166.003215 166.034296 0.000000 0.000000 0.000000 0.000000 0.000000 
166.000000 166.012861 0.000000 0.000000 0.000000 0.000000 0.000000 0.000000 
