test/output/constant/M385_S060_A000_WD270.0_WS025.0/M385_S060_A000_WD270.0_WS025.0_arrival.asc
ncols         21
nrows         11
xllcorner     424903.990666
yllcorner     12748255.311160
cellsize      100.000000
NODATA_value  0.000000
0.000000 0.000000 0.000000 0.000000 0.000000 0.000000 166.041026 166.040049 166.039072 166.039072 166.039072 166.039072 166.040049 166.041026 0.000000 0.000000 0.000000 0.000000 0.000000 0.000000 0.000000 
0.000000 0.000000 0.000000 166.041026 166.039072 166.037118 166.035165 166.033211 166.032234 166.031258 166.030281 166.030281 166.030281 166.031258 166.032234 166.034188 166.038095 0.000000 0.000000 0.000000 0.000000 
0.000000 166.041667 166.039072 166.037118 166.035165 166.033211 166.031258 166.029304 166.027350 166.025397 166.023443 166.022466 166.022466 166.021490 166.022466 166.023443 166.026374 166.030281 166.037118 0.000000 0.000000 
166.041667 166.040049 166.037118 166.035165 166.032234 166.030281 166.028327 166.025397 166.023443 166.021490 166.019536 166.017582 166.015629 166.013675 166.013675 166.013675 166.014652 166.017582 166.023443 166.033211 0.000000 
166.041026 166.039072 166.036142 166.034188 166.031258 166.029304 166.026374 166.024420 166.021490 166.019536 166.016606 166.014652 166.011722 166.009768 166.007814 166.005861 166.004884 166.004884 166.011722 166.023443 166.037118 
166.041026 166.038095 166.036142 166.033211 166.031258 166.028327 166.026374 166.023443 166.021490 166.018559 166.016606 166.013675 166.011722 166.008791 166.006838 166.003907 166.001954 166.000000 166.007814 166.021490 166.036142 
166.041026 166.039072 166.036142 166.034188 166.031258 166.029304 166.026374 166.024420 166.021490 166.019536 166.016606 166.014652 166.011722 166.009768 166.007814 166.005861 166.004884 166.004884 166.011722 166.023443 166.037118 
166.041667 166.040049 166.037118 166.035165 166.032234 166.030281 166.028327 166.025397 166.023443 166.021490 166.019536 166.017582 166.015629 166.013675 166.013675 166.013675 166.014652 166.017582 166.023443 166.033211 0.000000 
0.000000 166.041667 166.039072 166.037118 166.035165 166.033211 166.031258 166.029304 166.027350 166.025397 166.023443 166.022466 166.022466 166.021490 166.022466 166.023443 166.026374 166.030281 166.037118 0.000000 0.000000 
0.000000 0.000000 0.000000 166.041026 166.039072 166.037118 166.035165 166.033211 166.032234 166.031258 166.030281 166.030281 166.030281 166.031258 166.032234 166.034188 166.038095 0.000000 0.000000 0.000000 0.000000 
0.000000 0.000000 0.000000 0.000000 0.000000 0.000000 166.041026 166.040049 166.039072 166.039072 166.039072 166.039072 166.040049 166.041026 0.000000 0.000000 0.000000 0.000000 0.000000 0.000000 0.000000 
