test/output/constant/M390_S060_A000_WD225.0_WS010.0/M390_S060_A000_WD225.0_WS010.0_raz.asc
ncols         44
nrows         14
xllcorner     422403.990666
yllcorner     12748555.311160
cellsize      100.000000
NODATA_value  0.000000
0 0 0 282 282 282 282 288 285 284 334 289 289 291 289 291 0 0 0 0 0 0 0 0 0 0 0 0 0 0 0 0 0 0 0 0 0 0 0 0 0 0 0 0 
0 282 284 283 285 282 282 282 282 282 285 288 289 288 289 291 291 291 351 289 291 334 0 0 0 0 0 0 0 0 0 0 0 0 0 0 0 0 0 0 0 0 0 0 
283 282 282 282 282 282 282 284 282 282 282 282 282 282 288 288 288 289 351 289 334 291 289 291 291 291 0 0 0 0 0 0 0 0 0 0 0 0 0 0 0 0 0 0 
282 282 282 282 282 282 283 282 288 282 283 282 282 282 282 282 284 285 288 288 289 291 289 289 291 289 291 323 334 1 0 0 0 0 0 0 0 0 0 0 0 0 0 0 
0 271 269 282 282 279 282 282 282 282 282 285 282 282 282 282 282 284 282 282 284 288 288 323 291 291 289 334 291 334 289 351 351 0 0 0 0 0 0 0 0 0 0 0 
0 0 279 269 271 277 282 272 282 271 282 282 282 282 282 282 282 282 282 282 282 282 282 285 287 285 289 291 291 291 289 32 334 351 293 0 0 0 0 0 0 0 0 0 
0 0 0 279 271 282 269 279 278 272 269 275 277 282 282 282 282 282 282 282 282 282 282 282 282 282 283 289 289 288 289 12 291 291 291 291 1 12 0 0 0 0 0 0 
0 0 0 0 0 271 271 271 271 271 271 274 271 275 277 271 271 274 282 282 282 282 282 282 282 282 282 285 282 282 284 288 288 334 289 323 291 334 291 1 0 0 0 0 
0 0 0 0 0 0 0 271 271 269 279 271 271 271 271 269 275 269 269 272 272 271 269 272 282 282 282 282 282 282 283 282 282 282 288 288 291 334 291 351 1 12 0 0 
0 0 0 0 0 0 0 0 0 0 271 269 271 271 271 269 271 271 269 269 271 269 269 269 269 272 274 271 269 282 282 282 282 282 288 282 282 282 291 323 351 12 32 0 
0 0 0 0 0 0 0 0 0 0 0 0 0 269 271 271 271 272 269 269 278 269 269 269 269 271 269 269 269 269 272 269 269 275 282 282 282 282 282 282 287 288 12 32 
0 0 0 0 0 0 0 0 0 0 0 0 0 0 0 0 269 271 269 269 269 271 271 271 269 269 271 271 271 272 271 269 269 269 271 271 271 271 271 272 282 282 254 12 
0 0 0 0 0 0 0 0 0 0 0 0 0 0 0 0 0 0 0 0 0 269 269 271 269 271 271 269 271 269 269 269 269 269 271 269 269 269 269 255 260 263 124 80 
0 0 0 0 0 0 0 0 0 0 0 0 0 0 0 0 0 0 0 0 0 0 0 0 0 0 0 0 269 269 269 269 269 269 269 269 263 260 263 260 255 0 0 0 
