test/output/constant/M3M490_S000_A180_WD270.0_WS045.0/M3M490_S000_A180_WD270.0_WS045.0_arrival.asc
ncols         55
nrows         11
xllcorner     426603.990666
yllcorner     12748255.311160
cellsize      100.000000
NODATA_value  0.000000
0.000000 0.000000 0.000000 0.000000 0.000000 0.000000 0.000000 0.000000 0.000000 0.000000 0.000000 0.000000 0.000000 0.000000 0.000000 0.000000 0.000000 0.000000 0.000000 0.000000 0.000000 0.000000 0.000000 166.041371 166.041062 166.040753 166.040444 166.040444 166.040444 166.040444 166.040444 166.040444 166.040444 166.040444 166.040753 166.041371 166.041667 0.000000 0.000000 0.000000 0.000000 0.000000 0.000000 0.000000 0.000000 0.000000 0.000000 0.000000 0.000000 0.000000 0.000000 0.000000 0.000000 0.000000 0.000000 
0.000000 0.000000 0.000000 0.000000 0.000000 0.000000 0.000000 0.000000 0.000000 0.000000 166.041371 166.039209 166.037357 166.035813 166.034887 166.033961 166.033035 166.032726 166.032108 166.031800 166.031491 166.031491 166.031491 166.031491 166.031491 166.031491 166.031491 166.032108 166.032417 166.033035 166.033343 166.033961 166.034270 166.034887 166.035505 166.036122 166.036431 166.037048 166.037666 166.038283 166.038901 166.039209 166.039827 166.040444 166.041062 166.041667 0.000000 0.000000 0.000000 0.000000 0.000000 0.000000 0.000000 0.000000 0.000000 
0.000000 0.000000 0.000000 0.000000 0.000000 166.037048 166.032726 166.029947 166.027786 166.025934 166.025008 166.024081 166.023464 166.022846 166.022538 166.022538 166.022538 166.022538 166.022538 166.022846 166.023155 166.023773 166.024081 166.024699 166.025316 166.025625 166.026243 166.026860 166.027477 166.027786 166.028404 166.029021 166.029639 166.030256 166.030874 166.031491 166.032108 166.032726 166.033652 166.034270 166.034887 166.035505 166.036431 166.037048 166.037666 166.038592 166.039209 166.039827 166.040444 166.041371 0.000000 0.000000 0.000000 0.000000 0.000000 
0.000000 166.040136 166.029021 166.021920 166.018524 166.016054 166.015128 166.014202 166.013584 166.013584 166.013584 166.013584 166.013893 166.014511 166.014819 166.015437 166.016054 166.016363 166.016980 166.017598 166.018215 166.018833 166.019450 166.020068 166.020994 166.021611 166.022229 166.022846 166.023773 166.024390 166.025008 166.025934 166.026551 166.027477 166.028095 166.028712 166.029330 166.030256 166.030874 166.031800 166.032417 166.033343 166.033961 166.034887 166.035505 166.036122 166.037048 166.037666 166.038592 166.039209 166.040136 166.040753 166.041371 0.000000 0.000000 
166.014819 166.006792 166.004940 166.004631 166.004631 166.005249 166.005557 166.006175 166.006792 166.007718 166.008336 166.008953 166.009880 166.010497 166.011423 166.012041 166.012658 166.013584 166.014202 166.015128 166.015746 166.016672 166.017289 166.018215 166.018833 166.019759 166.020377 166.021303 166.021920 166.022538 166.023464 166.024081 166.025008 166.025625 166.026551 166.027169 166.027786 166.028712 166.029330 166.030256 166.030874 166.031800 166.032417 166.033343 166.033961 166.034578 166.035505 166.036122 166.037048 166.037666 166.038592 166.039209 166.040136 166.040753 166.041667 
166.000000 166.000617 166.001235 166.002161 166.002779 166.003705 166.004322 166.005249 166.005866 166.006792 166.007410 166.008336 166.008953 166.009880 166.010497 166.011423 166.012041 166.012967 166.013584 166.014511 166.015128 166.016054 166.016672 166.017598 166.018215 166.019142 166.019759 166.020685 166.021303 166.022229 166.022846 166.023773 166.024390 166.025316 166.025934 166.026860 166.027477 166.028404 166.029021 166.029947 166.030565 166.031491 166.032108 166.033035 166.033652 166.034578 166.035196 166.036122 166.036740 166.037666 166.038283 166.039209 166.039827 166.040753 166.041371 
166.014819 166.006792 166.004940 166.004631 166.004631 166.005249 166.005557 166.006175 166.006792 166.007718 166.008336 166.008953 166.009880 166.010497 166.011423 166.012041 166.012658 166.013584 166.014202 166.015128 166.015746 166.016672 166.017289 166.018215 166.018833 166.019759 166.020377 166.021303 166.021920 166.022538 166.023464 166.024081 166.025008 166.025625 166.026551 166.027169 166.027786 166.028712 166.029330 166.030256 166.030874 166.031800 166.032417 166.033343 166.033961 166.034578 166.035505 166.036122 166.037048 166.037666 166.038592 166.039209 166.040136 166.040753 166.041667 
0.000000 166.040136 166.029021 166.021920 166.018524 166.016054 166.015128 166.014202 166.013584 166.013584 166.013584 166.013584 166.013893 166.014511 166.014819 166.015437 166.016054 166.016363 166.016980 166.017598 166.018215 166.018833 166.019450 166.020068 166.020994 166.021611 166.022229 166.022846 166.023773 166.024390 166.025008 166.025934 166.026551 166.027477 166.028095 166.028712 166.029330 166.030256 166.030874 166.031800 166.032417 166.033343 166.033961 166.034887 166.035505 166.036122 166.037048 166.037666 166.038592 166.039209 166.040136 166.040753 166.041371 0.000000 0.000000 
0.000000 0.000000 0.000000 0.000000 0.000000 166.037048 166.032726 166.029947 166.027786 166.025934 166.025008 166.024081 166.023464 166.022846 166.022538 166.022538 166.022538 166.022538 166.022538 166.022846 166.023155 166.023773 166.024081 166.024699 166.025316 166.025625 166.026243 166.026860 166.027477 166.027786 166.028404 166.029021 166.029639 166.030256 166.030874 166.031491 166.032108 166.032726 166.033652 166.034270 166.034887 166.035505 166.036431 166.037048 166.037666 166.038592 166.039209 166.039827 166.040444 166.041371 0.000000 0.000000 0.000000 0.000000 0.000000 
0.000000 0.000000 0.000000 0.000000 0.000000 0.000000 0.000000 0.000000 0.000000 0.000000 166.041371 166.039209 166.037357 166.035813 166.034887 166.033961 166.033035 166.032726 166.032108 166.031800 166.031491 166.031491 166.031491 166.031491 166.031491 166.031491 166.031491 166.032108 166.032417 166.033035 166.033343 166.033961 166.034270 166.034887 166.035505 166.036122 166.036431 166.037048 166.037666 166.038283 166.038901 166.039209 166.039827 166.040444 166.041062 166.041667 0.000000 0.000000 0.000000 0.000000 0.000000 0.000000 0.000000 0.000000 0.000000 
0.000000 0.000000 0.000000 0.000000 0.000000 0.000000 0.000000 0.000000 0.000000 0.000000 0.000000 0.000000 0.000000 0.000000 0.000000 0.000000 0.000000 0.000000 0.000000 0.000000 0.000000 0.000000 0.000000 166.041371 166.041062 166.040753 166.040444 166.040444 166.040444 166.040444 166.040444 166.040444 166.040444 166.040444 166.040753 166.041371 166.041667 0.000000 0.000000 0.000000 0.000000 0.000000 0.000000 0.000000 0.000000 0.000000 0.000000 0.000000 0.000000 0.000000 0.000000 0.000000 0.000000 0.000000 0.000000 
