test/output/constant/M385_S000_A180_WD315.0_WS010.0/M385_S000_A180_WD315.0_WS010.0_arrival.asc
ncols         16
nrows         16
xllcorner     426203.990666
yllcorner     12747655.311160
cellsize      100.000000
NODATA_value  0.000000
0.000000 0.000000 166.041667 166.038309 166.037073 166.037073 166.038309 166.040781 0.000000 0.000000 0.000000 0.000000 0.000000 0.000000 0.000000 0.000000 
0.000000 166.038309 166.032130 166.028423 166.027187 166.027187 166.028423 166.032130 166.034602 166.039545 0.000000 0.000000 0.000000 0.000000 0.000000 0.000000 
166.041667 166.032130 166.023480 166.017301 166.016065 166.016065 166.019773 166.023480 166.027187 166.032130 166.037073 166.040781 0.000000 0.000000 0.000000 0.000000 
166.038309 166.028423 166.017301 166.008650 166.006179 166.007415 166.011122 166.016065 166.021008 166.025951 166.030895 166.035838 166.040781 0.000000 0.000000 0.000000 
166.037073 166.027187 166.016065 166.006179 166.000000 166.002472 166.006179 166.011122 166.016065 166.021008 166.025951 166.032130 166.037073 166.041667 0.000000 0.000000 
166.037073 166.027187 166.016065 166.007415 166.002472 166.002472 166.006179 166.009886 166.014829 166.018537 166.023480 166.028423 166.033366 166.038309 0.000000 0.000000 
166.038309 166.028423 166.019773 166.011122 166.006179 166.006179 166.007415 166.009886 166.013594 166.018537 166.022244 166.027187 166.030895 166.035838 166.040781 0.000000 
166.040781 166.032130 166.023480 166.016065 166.011122 166.009886 166.009886 166.011122 166.014829 166.018537 166.022244 166.025951 166.029659 166.034602 166.038309 0.000000 
0.000000 166.034602 166.027187 166.021008 166.016065 166.014829 166.013594 166.014829 166.016065 166.018537 166.022244 166.025951 166.029659 166.033366 166.038309 166.041667 
0.000000 166.039545 166.032130 166.025951 166.021008 166.018537 166.018537 166.018537 166.018537 166.019773 166.023480 166.025951 166.029659 166.033366 166.037073 166.041667 
0.000000 0.000000 166.037073 166.030895 166.025951 166.023480 166.022244 166.022244 166.022244 166.023480 166.024716 166.027187 166.030895 166.033366 166.037073 166.040781 
0.000000 0.000000 166.040781 166.035838 166.032130 166.028423 166.027187 166.025951 166.025951 166.025951 166.027187 166.028423 166.032130 166.034602 166.038309 166.040781 
0.000000 0.000000 0.000000 166.040781 166.037073 166.033366 166.030895 166.029659 166.029659 166.029659 166.030895 166.032130 166.033366 166.035838 166.038309 166.041667 
0.000000 0.000000 0.000000 0.000000 166.041667 166.038309 166.035838 166.034602 166.033366 166.033366 166.033366 166.034602 166.035838 166.038309 166.040781 0.000000 
0.000000 0.000000 0.000000 0.000000 0.000000 0.000000 166.040781 166.038309 166.038309 166.037073 166.037073 166.038309 166.038309 166.040781 166.041667 0.000000 
0.000000 0.000000 0.000000 0.000000 0.000000 0.000000 0.000000 0.000000 166.041667 166.041667 166.040781 166.040781 166.041667 0.000000 0.000000 0.000000 
