test/output/constant/M3M490_S000_A090_WD000.0_WS040.0/M3M490_S000_A090_WD000.0_WS040.0_raz.asc
ncols         11
nrows         52
xllcorner     426103.990666
yllcorner     12743755.311160
cellsize      100.000000
NODATA_value  0.000000
0 0 0 0 0 360 0 0 0 0 0 
0 0 0 0 293 254 66 0 0 0 0 
0 0 0 270 187 180 172 90 0 0 0 
0 0 0 293 187 180 172 66 0 0 0 
0 0 0 189 187 180 173 170 0 0 0 
0 0 293 226 185 180 174 172 66 0 0 
0 0 243 189 182 180 177 170 116 0 0 
0 0 226 187 180 180 179 172 172 0 0 
0 0 226 187 180 180 179 172 173 0 0 
0 0 243 226 185 180 174 172 172 0 0 
0 256 187 187 180 180 177 177 173 172 0 
0 256 243 182 185 180 174 173 173 170 0 
0 243 191 182 180 180 175 170 168 172 0 
0 226 270 182 180 180 177 177 172 172 0 
0 187 187 189 182 180 177 170 172 172 0 
0 189 189 182 180 180 174 177 170 170 0 
0 187 189 180 182 180 177 172 170 173 0 
0 187 181 184 180 180 174 175 173 170 0 
0 226 182 180 180 180 179 178 170 170 0 
186 187 186 180 180 180 175 178 173 172 172 
186 226 186 180 180 180 174 178 173 173 173 
187 187 180 180 189 180 170 178 173 170 172 
243 189 180 185 180 180 179 174 177 170 168 
187 181 185 185 181 180 178 174 174 172 172 
187 184 182 180 180 180 178 178 177 174 172 
187 185 180 180 184 180 175 177 173 174 173 
187 182 184 185 180 180 174 174 175 168 168 
186 181 180 184 180 180 178 175 170 168 170 
191 182 185 180 189 180 170 175 174 177 168 
181 185 182 185 180 180 179 174 177 174 133 
182 186 181 180 185 180 174 178 178 173 172 
186 180 181 180 180 180 178 178 178 177 173 
182 184 182 185 184 180 175 174 177 175 173 
185 181 184 180 180 180 178 172 175 178 174 
186 180 180 180 181 180 178 179 172 172 173 
186 182 180 186 180 180 179 173 179 177 173 
0 187 180 180 180 179 180 179 179 172 0 
0 185 186 180 180 180 174 177 173 174 0 
0 181 180 184 180 179 177 175 179 178 0 
0 185 180 180 180 180 177 175 178 174 0 
0 180 180 185 180 179 178 174 175 175 0 
0 180 182 180 180 180 177 175 177 177 0 
0 180 180 184 180 177 178 175 168 177 0 
0 180 180 187 180 180 178 172 179 177 0 
0 0 181 180 180 179 178 179 178 0 0 
0 0 185 180 180 180 178 179 174 0 0 
0 0 180 180 180 179 178 179 179 0 0 
0 0 180 180 180 180 178 177 177 0 0 
0 0 0 180 180 179 178 179 0 0 0 
0 0 0 185 180 180 178 174 0 0 0 
0 0 0 0 180 177 178 0 0 0 0 
0 0 0 0 0 180 0 0 0 0 0 
