test/output/constant/M190_S060_A180_WD225.0_WS015.0/M190_S060_A180_WD225.0_WS015.0_arrival.asc
ncols         29
nrows         10
xllcorner     426603.990666
yllcorner     12748655.311160
cellsize      100.000000
NODATA_value  0.000000
0.000000 0.000000 0.000000 0.000000 0.000000 0.000000 0.000000 0.000000 0.000000 0.000000 0.000000 0.000000 0.000000 0.000000 0.000000 0.000000 0.000000 0.000000 166.041390 166.039689 166.038555 166.037988 166.037988 166.037988 166.037988 166.038555 166.039122 166.040256 166.041390 
0.000000 0.000000 0.000000 0.000000 0.000000 0.000000 0.000000 0.000000 0.000000 0.000000 0.000000 0.000000 0.000000 0.000000 166.039122 166.036854 166.035153 166.034019 166.033452 166.032885 166.032885 166.033452 166.033452 166.034586 166.035153 166.036854 166.037988 166.039689 166.041390 
0.000000 0.000000 0.000000 0.000000 0.000000 0.000000 0.000000 0.000000 0.000000 0.000000 166.041390 166.035720 166.032318 166.030617 166.028916 166.028349 166.027782 166.027782 166.028349 166.028349 166.029483 166.030617 166.032318 166.034019 166.035153 166.036854 166.038555 166.040256 0.000000 
0.000000 0.000000 0.000000 0.000000 0.000000 0.000000 0.000000 0.000000 166.034586 166.028916 166.026081 166.024380 166.023246 166.023246 166.022679 166.023246 166.023813 166.024947 166.026081 166.027782 166.029483 166.030617 166.032318 166.034019 166.035720 166.037988 166.040256 0.000000 0.000000 
0.000000 0.000000 0.000000 0.000000 0.000000 166.037421 166.027782 166.022112 166.019844 166.018144 166.018144 166.018144 166.018144 166.019277 166.020411 166.022112 166.023246 166.024947 166.026648 166.028349 166.030050 166.032318 166.034586 166.037421 166.039689 0.000000 0.000000 0.000000 0.000000 
0.000000 0.000000 0.000000 166.032318 166.020978 166.015309 166.013608 166.013041 166.013041 166.013041 166.014175 166.015876 166.017577 166.018711 166.020411 166.022112 166.024380 166.026648 166.028916 166.031184 166.034019 166.036854 166.039689 0.000000 0.000000 0.000000 0.000000 0.000000 0.000000 
0.000000 166.032885 166.014742 166.009072 166.007938 166.007938 166.008505 166.010206 166.011340 166.013041 166.014742 166.016443 166.018144 166.020411 166.023246 166.026081 166.028916 166.032318 166.035153 166.038555 0.000000 0.000000 0.000000 0.000000 0.000000 0.000000 0.000000 0.000000 0.000000 
166.012474 166.002835 166.002835 166.003969 166.005670 166.006804 166.008505 166.010206 166.012474 166.015309 166.018144 166.021545 166.024380 166.027782 166.031184 166.035153 166.038555 0.000000 0.000000 0.000000 0.000000 0.000000 0.000000 0.000000 0.000000 0.000000 0.000000 0.000000 0.000000 
166.000000 166.001134 166.002268 166.004536 166.007371 166.010773 166.014175 166.018144 166.022112 166.025514 166.029483 166.033452 166.037421 166.041390 0.000000 0.000000 0.000000 0.000000 0.000000 0.000000 0.000000 0.000000 0.000000 0.000000 0.000000 0.000000 0.000000 0.000000 0.000000 
0.000000 166.035720 166.036287 166.037421 166.039122 0.000000 0.000000 0.000000 0.000000 0.000000 0.000000 0.000000 0.000000 0.000000 0.000000 0.000000 0.000000 0.000000 0.000000 0.000000 0.000000 0.000000 0.000000 0.000000 0.000000 0.000000 0.000000 0.000000 0.000000 
