test/output/constant/M275_S060_A270_WD135.0_WS015.0/M275_S060_A270_WD135.0_WS015.0_arrival.asc
ncols         9
nrows         24
xllcorner     425903.990666
yllcorner     12748755.311160
cellsize      100.000000
NODATA_value  0.000000
0.000000 166.041667 0.000000 0.000000 0.000000 0.000000 0.000000 0.000000 0.000000 
166.041192 166.039796 166.039796 0.000000 0.000000 0.000000 0.000000 0.000000 0.000000 
166.040494 166.037701 166.037701 166.039796 0.000000 0.000000 0.000000 0.000000 0.000000 
166.040494 166.036305 166.036305 166.037003 0.000000 0.000000 0.000000 0.000000 0.000000 
166.040494 166.034909 166.034210 166.034909 166.039098 0.000000 0.000000 0.000000 0.000000 
166.040494 166.034909 166.032116 166.032814 166.035607 0.000000 0.000000 0.000000 0.000000 
166.041192 166.034210 166.030719 166.030719 166.032814 166.039796 0.000000 0.000000 0.000000 
0.000000 166.034210 166.029323 166.028625 166.030021 166.036305 0.000000 0.000000 0.000000 
0.000000 166.034210 166.028625 166.027229 166.027229 166.032116 0.000000 0.000000 0.000000 
0.000000 166.035607 166.027927 166.025134 166.025134 166.028625 166.039098 0.000000 0.000000 
0.000000 166.037003 166.027927 166.023738 166.023040 166.025832 166.034210 0.000000 0.000000 
0.000000 166.039098 166.028625 166.022341 166.021643 166.022341 166.030719 0.000000 0.000000 
0.000000 0.000000 166.029323 166.021643 166.019549 166.020247 166.026530 166.041192 0.000000 
0.000000 0.000000 166.031418 166.021643 166.017454 166.018152 166.022341 166.036305 0.000000 
0.000000 0.000000 166.034909 166.022341 166.016058 166.016058 166.018851 166.031418 0.000000 
0.000000 0.000000 0.000000 166.023738 166.016058 166.013963 166.015360 166.027229 0.000000 
0.000000 0.000000 0.000000 166.026530 166.016058 166.012567 166.012567 166.022341 0.000000 
0.000000 0.000000 0.000000 166.033512 166.016058 166.010473 166.010473 166.017454 0.000000 
0.000000 0.000000 0.000000 0.000000 166.018851 166.009774 166.008378 166.013265 0.000000 
0.000000 0.000000 0.000000 0.000000 166.025134 166.009774 166.006982 166.009076 0.000000 
0.000000 0.000000 0.000000 0.000000 166.038399 166.010473 166.004887 166.005585 0.000000 
0.000000 0.000000 0.000000 0.000000 0.000000 166.018152 166.003491 166.002793 166.041192 
0.000000 0.000000 0.000000 0.000000 0.000000 166.039098 166.003491 166.001396 0.000000 
0.000000 0.000000 0.000000 0.000000 0.000000 0.000000 166.014662 166.000000 0.000000 
