test/output/constant/M1M295_S060_A090_WD315.0_WS010.0/M1M295_S060_A090_WD315.0_WS010.0_arrival.asc
ncols         8
nrows         26
xllcorner     426503.990666
yllcorner     12746255.311160
cellsize      100.000000
NODATA_value  0.000000
166.041667 166.000000 166.015180 0.000000 0.000000 0.000000 0.000000 0.000000 
166.027060 166.001320 166.003960 166.039600 0.000000 0.000000 0.000000 0.000000 
166.024420 166.002640 166.003960 166.021120 0.000000 0.000000 0.000000 0.000000 
166.023760 166.004620 166.004620 166.013200 166.041581 0.000000 0.000000 0.000000 
166.025080 166.006600 166.005940 166.011220 166.030360 0.000000 0.000000 0.000000 
166.027060 166.009240 166.007920 166.011220 166.023100 0.000000 0.000000 0.000000 
166.029700 166.011220 166.009900 166.011220 166.019800 166.040261 0.000000 0.000000 
166.032340 166.014520 166.011220 166.011880 166.018480 166.033660 0.000000 0.000000 
166.035640 166.017160 166.013200 166.013200 166.017820 166.029040 0.000000 0.000000 
166.038280 166.019800 166.014520 166.014520 166.017820 166.027060 0.000000 0.000000 
166.040921 166.023100 166.017160 166.016500 166.018480 166.025740 166.038940 0.000000 
0.000000 166.025740 166.019140 166.018480 166.019140 166.025080 166.036300 0.000000 
0.000000 166.028380 166.021780 166.019800 166.020460 166.025080 166.034320 0.000000 
0.000000 166.031680 166.023760 166.021780 166.021780 166.025080 166.033000 0.000000 
0.000000 166.034320 166.026400 166.023100 166.023100 166.025740 166.032340 0.000000 
0.000000 166.037620 166.029040 166.025080 166.025080 166.026400 166.032340 166.040921 
0.000000 166.040261 166.031680 166.027060 166.026400 166.027720 166.032340 166.040261 
0.000000 0.000000 166.034320 166.029040 166.028380 166.028380 166.032340 166.039600 
0.000000 0.000000 166.036960 166.031680 166.030360 166.030360 166.033000 166.039600 
0.000000 0.000000 166.039600 166.033660 166.031680 166.031680 166.033660 166.038940 
0.000000 0.000000 0.000000 166.036300 166.033660 166.033660 166.034980 166.038940 
0.000000 0.000000 0.000000 166.038940 166.035640 166.034980 166.035640 166.039600 
0.000000 0.000000 0.000000 166.040921 166.037620 166.036960 166.036960 166.040261 
0.000000 0.000000 0.000000 0.000000 166.039600 166.038280 166.038940 166.040921 
0.000000 0.000000 0.000000 0.000000 166.041581 166.040261 166.040261 0.000000 
0.000000 0.000000 0.000000 0.000000 0.000000 166.041667 166.041667 0.000000 
