test/output/constant/M185_S060_A000_WD045.0_WS020.0/M185_S060_A000_WD045.0_WS020.0_ros.asc
ncols         31
nrows         11
xllcorner     423603.990666
yllcorner     12747755.311160
cellsize      100.000000
NODATA_value  0.000000
0.000000 0.000000 0.000000 0.000000 0.000000 0.000000 0.000000 0.000000 0.000000 0.000000 0.000000 0.000000 0.000000 0.000000 0.000000 0.000000 0.000000 0.000000 0.000000 0.000000 7.530398 7.530398 14.690999 4.759984 4.759984 10.873890 14.690999 14.690999 10.873890 52.472164 -1.000000 
0.000000 0.000000 0.000000 0.000000 0.000000 0.000000 0.000000 0.000000 0.000000 0.000000 0.000000 0.000000 0.000000 0.000000 0.000000 0.000000 0.000000 7.530398 14.690999 4.759984 10.873890 23.276047 14.690999 14.690999 36.555267 23.276047 52.472164 52.472164 52.472164 49.115322 0.415701 
0.000000 0.000000 0.000000 0.000000 0.000000 0.000000 0.000000 0.000000 0.000000 0.000000 0.000000 0.000000 0.000000 14.690999 10.873890 10.873890 23.276047 14.690999 7.530398 51.295074 10.873890 52.472164 23.276047 52.472164 52.472164 52.472164 52.472164 4.363911 35.661377 1.159899 0.000000 
0.000000 0.000000 0.000000 0.000000 0.000000 0.000000 0.000000 0.000000 0.000000 0.000000 0.000000 10.873890 7.530398 10.873890 14.690999 7.530398 10.873890 14.690999 14.690999 27.784611 52.472164 52.472164 52.472164 52.472164 43.399368 35.661377 35.661377 31.319494 0.000000 0.000000 0.000000 
0.000000 0.000000 0.000000 0.000000 0.000000 0.000000 0.000000 0.000000 10.873890 44.123531 14.690999 10.873890 14.690999 10.873890 36.555267 23.276047 32.256195 52.472164 52.472164 52.472164 52.472164 52.118958 43.399368 4.363911 4.363911 0.415701 1.159899 0.000000 0.000000 0.000000 0.000000 
0.000000 0.000000 0.000000 0.000000 0.000000 0.000000 14.690999 27.784611 36.555267 14.690999 32.256195 32.256195 40.551449 36.555267 52.472164 52.472164 52.472164 52.472164 52.472164 46.560108 43.399368 39.729244 39.729244 1.159899 0.000000 0.000000 0.000000 0.000000 0.000000 0.000000 0.000000 
0.000000 0.000000 0.000000 0.000000 4.759984 10.873890 32.256195 14.690999 52.472164 51.295074 40.551449 52.472164 52.472164 52.472164 52.365772 52.472164 39.729244 43.399368 43.399368 4.363911 4.363911 4.363911 0.000000 0.000000 0.000000 0.000000 0.000000 0.000000 0.000000 0.000000 0.000000 
0.000000 0.000000 10.873890 14.690999 32.256195 32.256195 52.472164 44.123531 52.472164 52.472164 52.472164 52.472164 52.365772 50.987267 43.399368 43.399368 4.363911 39.729244 39.729244 2.416083 0.000000 0.000000 0.000000 0.000000 0.000000 0.000000 0.000000 0.000000 0.000000 0.000000 0.000000 
0.000000 10.873890 52.437546 52.472164 47.163143 52.472164 52.472164 52.472164 52.472164 52.472164 52.472164 39.729244 39.729244 1.159899 39.729244 4.363911 35.661377 0.000000 0.000000 0.000000 0.000000 0.000000 0.000000 0.000000 0.000000 0.000000 0.000000 0.000000 0.000000 0.000000 0.000000 
52.472164 49.578072 52.472164 52.472164 52.472164 52.472164 52.472164 52.472164 39.729244 2.416083 39.729244 4.363911 1.159899 35.661377 0.000000 0.000000 0.000000 0.000000 0.000000 0.000000 0.000000 0.000000 0.000000 0.000000 0.000000 0.000000 0.000000 0.000000 0.000000 0.000000 0.000000 
52.472164 52.472164 49.115322 50.987267 43.399368 43.399368 43.399368 39.729244 43.399368 35.661377 0.000000 0.000000 0.000000 0.000000 0.000000 0.000000 0.000000 0.000000 0.000000 0.000000 0.000000 0.000000 0.000000 0.000000 0.000000 0.000000 0.000000 0.000000 0.000000 0.000000 0.000000 
