test/output/constant/M3M475_S060_A000_WD225.0_WS015.0/M3M475_S060_A000_WD225.0_WS015.0_ros.asc
ncols         28
nrows         13
xllcorner     424003.990666
yllcorner     12748655.311160
cellsize      100.000000
NODATA_value  0.000000
47.069542 44.643112 47.069542 47.069542 33.544880 46.097897 44.643112 33.544880 3.092819 0.000000 0.000000 0.000000 0.000000 0.000000 0.000000 0.000000 0.000000 0.000000 0.000000 0.000000 0.000000 0.000000 0.000000 0.000000 0.000000 0.000000 0.000000 0.000000 
47.069542 47.069542 47.069542 46.910080 47.069542 44.643112 46.910080 44.643112 42.590057 4.420649 4.420649 33.544880 1.744832 0.000000 0.000000 0.000000 0.000000 0.000000 0.000000 0.000000 0.000000 0.000000 0.000000 0.000000 0.000000 0.000000 0.000000 0.000000 
47.069542 47.069542 47.069542 47.069542 47.069542 44.643112 46.910080 47.069542 40.001213 40.001213 42.590057 33.544880 29.873507 33.544880 4.420649 4.420649 0.000000 0.000000 0.000000 0.000000 0.000000 0.000000 0.000000 0.000000 0.000000 0.000000 0.000000 0.000000 
23.638449 47.069542 43.451385 47.069542 47.069542 47.069542 47.069542 47.069542 47.069542 44.643112 42.590057 4.420649 33.544880 33.544880 29.873507 3.092819 6.294540 1.744832 0.000000 0.000000 0.000000 0.000000 0.000000 0.000000 0.000000 0.000000 0.000000 0.000000 
0.000000 38.175636 38.175636 16.115501 31.296555 47.069542 47.069542 47.069542 47.069542 47.069542 47.069542 47.069542 47.069542 40.001213 4.420649 6.294540 29.873507 4.420649 33.544880 29.873507 0.000000 0.000000 0.000000 0.000000 0.000000 0.000000 0.000000 0.000000 
0.000000 0.000000 19.802536 27.508539 16.115501 19.802536 43.451385 41.059021 47.069542 47.069542 47.069542 47.069542 47.069542 46.097897 47.069542 46.910080 42.590057 2.272677 4.420649 33.544880 2.030194 3.092819 0.000000 0.000000 0.000000 0.000000 0.000000 0.000000 
0.000000 0.000000 0.000000 0.000000 19.802536 41.059021 43.451385 19.802536 16.115501 19.802536 47.069542 47.069542 47.069542 47.069542 47.069542 47.069542 36.955303 47.069542 36.955303 1.744832 33.544880 33.544880 2.272677 0.000000 0.000000 0.000000 0.000000 0.000000 
0.000000 0.000000 0.000000 0.000000 0.000000 16.115501 16.115501 16.115501 16.115501 16.115501 34.888382 34.888382 31.296555 31.296555 47.069542 47.069542 47.069542 47.069542 47.069542 33.544880 42.590057 2.140928 3.092819 3.092819 3.092819 0.000000 0.000000 0.000000 
0.000000 0.000000 0.000000 0.000000 0.000000 0.000000 0.000000 19.802536 19.802536 31.296555 19.802536 16.115501 19.802536 19.802536 16.115501 31.296555 46.490841 47.069542 47.069542 47.069542 47.069542 8.697189 33.544880 3.092819 2.272677 1.744832 0.000000 0.000000 
0.000000 0.000000 0.000000 0.000000 0.000000 0.000000 0.000000 0.000000 0.000000 19.802536 19.802536 16.115501 19.802536 19.802536 19.802536 19.802536 19.802536 16.115501 19.802536 47.069542 47.069542 47.069542 46.097897 40.001213 33.544880 1.744832 2.272677 0.000000 
0.000000 0.000000 0.000000 0.000000 0.000000 0.000000 0.000000 0.000000 0.000000 0.000000 0.000000 16.115501 19.802536 16.115501 16.115501 16.115501 16.115501 19.802536 19.802536 19.802536 34.888382 43.451385 47.069542 47.069542 47.069542 47.069542 2.140928 2.272677 
0.000000 0.000000 0.000000 0.000000 0.000000 0.000000 0.000000 0.000000 0.000000 0.000000 0.000000 0.000000 0.000000 0.000000 16.115501 16.115501 16.115501 16.115501 16.115501 19.802536 19.802536 16.115501 19.802536 16.115501 19.802536 47.069542 0.000000 1.552436 
0.000000 0.000000 0.000000 0.000000 0.000000 0.000000 0.000000 0.000000 0.000000 0.000000 0.000000 0.000000 0.000000 0.000000 0.000000 0.000000 0.000000 0.000000 23.638449 16.115501 16.115501 19.802536 19.802536 6.992877 4.885392 9.616683 1.552436 1.418303 
