test/output/constant/M365_S000_A000_WD225.0_WS020.0/M365_S000_A000_WD225.0_WS020.0_arrival.asc
ncols         16
nrows         16
xllcorner     426403.990666
yllcorner     12748555.311160
cellsize      100.000000
NODATA_value  0.000000
0.000000 0.000000 0.000000 0.000000 0.000000 0.000000 0.000000 0.000000 0.000000 0.000000 0.000000 166.040520 166.039599 166.039599 166.040520 166.041441 
0.000000 0.000000 0.000000 0.000000 0.000000 0.000000 0.000000 0.000000 0.000000 166.039599 166.037758 166.036837 166.036837 166.036837 166.037758 166.040520 
0.000000 0.000000 0.000000 0.000000 0.000000 0.000000 0.000000 166.041441 166.037758 166.034995 166.034074 166.033153 166.034074 166.034995 166.036837 166.039599 
0.000000 0.000000 0.000000 0.000000 0.000000 0.000000 166.040520 166.034995 166.032232 166.030390 166.030390 166.030390 166.031311 166.034074 166.036837 166.039599 
0.000000 0.000000 0.000000 0.000000 0.000000 166.039599 166.034074 166.029469 166.027627 166.027627 166.027627 166.028548 166.030390 166.033153 166.036837 166.040520 
0.000000 0.000000 0.000000 0.000000 166.039599 166.032232 166.027627 166.024865 166.023944 166.023944 166.024865 166.027627 166.030390 166.034074 166.037758 0.000000 
0.000000 0.000000 0.000000 166.040520 166.031311 166.025786 166.022102 166.021181 166.021181 166.021181 166.023944 166.027627 166.030390 166.034995 166.039599 0.000000 
0.000000 0.000000 0.000000 166.032232 166.023944 166.019339 166.017497 166.017497 166.018418 166.021181 166.023944 166.027627 166.032232 166.037758 0.000000 0.000000 
0.000000 0.000000 166.034074 166.023944 166.017497 166.014735 166.014735 166.014735 166.017497 166.021181 166.024865 166.029469 166.034995 166.041441 0.000000 0.000000 
0.000000 166.041441 166.025786 166.016576 166.011972 166.011051 166.011972 166.014735 166.017497 166.022102 166.027627 166.034074 166.040520 0.000000 0.000000 0.000000 
0.000000 166.033153 166.016576 166.009209 166.008288 166.008288 166.011051 166.014735 166.019339 166.025786 166.032232 166.039599 0.000000 0.000000 0.000000 0.000000 
0.000000 166.023944 166.008288 166.005525 166.005525 166.008288 166.011972 166.017497 166.023944 166.031311 166.039599 0.000000 0.000000 0.000000 0.000000 0.000000 
166.041441 166.016576 166.001842 166.001842 166.005525 166.009209 166.016576 166.023944 166.032232 166.040520 0.000000 0.000000 0.000000 0.000000 0.000000 0.000000 
166.040520 166.013814 166.000000 166.001842 166.008288 166.016576 166.025786 166.034074 0.000000 0.000000 0.000000 0.000000 0.000000 0.000000 0.000000 0.000000 
0.000000 166.019339 166.013814 166.016576 166.023944 166.033153 166.041441 0.000000 0.000000 0.000000 0.000000 0.000000 0.000000 0.000000 0.000000 0.000000 
0.000000 0.000000 166.040520 166.041441 0.000000 0.000000 0.000000 0.000000 0.000000 0.000000 0.000000 0.000000 0.000000 0.000000 0.000000 0.000000 
