test/output/constant/M3M480_S060_A090_WD225.0_WS010.0/M3M480_S060_A090_WD225.0_WS010.0_raz.asc
ncols         12
nrows         35
xllcorner     426403.990666
yllcorner     12745455.311160
cellsize      100.000000
NODATA_value  0.000000
0 323 323 77 0 0 0 0 0 0 0 0 
0 323 254 77 77 0 0 0 0 0 0 0 
0 190 167 167 77 0 0 0 0 0 0 0 
0 195 167 163 159 77 0 0 0 0 0 0 
323 181 167 165 157 155 57 0 0 0 0 0 
195 181 167 167 167 159 159 0 0 0 0 0 
195 181 167 167 160 157 10 0 0 0 0 0 
186 190 173 167 164 163 57 57 0 0 0 0 
190 183 183 167 167 167 157 157 0 0 0 0 
201 186 168 167 167 167 164 159 157 0 0 0 
181 176 172 167 167 167 57 159 157 0 0 0 
0 190 183 167 167 167 164 157 159 0 0 0 
0 178 169 167 167 167 162 57 159 157 0 0 
0 181 173 167 167 163 163 166 87 157 0 0 
0 186 186 167 167 167 167 157 164 159 0 0 
0 175 170 167 167 167 167 162 164 163 0 0 
0 183 173 167 167 167 164 167 162 163 159 0 
0 175 169 167 167 167 167 167 167 167 162 0 
0 0 172 167 175 167 164 167 167 163 166 0 
0 0 181 170 167 167 167 167 167 167 165 0 
0 0 170 178 167 167 167 165 167 163 166 159 
0 0 175 186 183 173 167 163 167 164 163 159 
0 0 195 169 175 183 167 167 167 167 167 163 
0 0 0 170 168 167 167 165 167 163 157 163 
0 0 0 181 167 167 167 167 167 164 167 167 
0 0 0 169 167 167 167 167 163 164 167 167 
0 0 0 0 167 172 167 167 164 167 164 167 
0 0 0 0 167 173 167 167 167 167 167 167 
0 0 0 0 178 173 167 167 165 167 167 162 
0 0 0 0 0 167 178 167 167 167 167 164 
0 0 0 0 0 167 167 167 167 164 167 164 
0 0 0 0 0 0 181 175 167 167 167 164 
0 0 0 0 0 0 167 170 167 167 167 167 
0 0 0 0 0 0 0 167 167 166 167 167 
0 0 0 0 0 0 0 0 167 167 167 0 
