test/output/constant/M3M480_S060_A090_WD225.0_WS010.0/M3M480_S060_A090_WD225.0_WS010.0_ros.asc
ncols         12
nrows         35
xllcorner     426403.990666
yllcorner     12745455.311160
cellsize      100.000000
NODATA_value  0.000000
0.000000 1.283037 1.283037 1.863686 0.000000 0.000000 0.000000 0.000000 0.000000 0.000000 0.000000 0.000000 
0.000000 1.283037 0.000000 1.863686 1.863686 0.000000 0.000000 0.000000 0.000000 0.000000 0.000000 0.000000 
0.000000 16.525295 56.851723 56.851723 1.863686 0.000000 0.000000 0.000000 0.000000 0.000000 0.000000 0.000000 
0.000000 12.569800 56.851723 52.956718 42.827206 1.863686 0.000000 0.000000 0.000000 0.000000 0.000000 0.000000 
1.283037 30.222359 56.851723 56.350727 38.499096 33.903820 1.544596 0.000000 0.000000 0.000000 0.000000 0.000000 
12.569800 30.222359 56.851723 56.851723 56.851723 42.827206 42.827206 0.000000 0.000000 0.000000 0.000000 0.000000 
12.569800 30.222359 56.851723 56.851723 46.756561 38.499096 1.353998 0.000000 0.000000 0.000000 0.000000 0.000000 
20.874342 16.525295 47.574848 56.851723 55.038876 52.956718 1.544596 1.544596 0.000000 0.000000 0.000000 0.000000 
16.525295 25.486387 25.486387 56.851723 56.851723 56.851723 38.499096 38.499096 0.000000 0.000000 0.000000 0.000000 
9.125360 20.874342 56.536678 56.851723 56.851723 56.851723 55.038876 42.827206 38.499096 0.000000 0.000000 0.000000 
30.222359 39.493916 50.856094 56.851723 56.851723 56.851723 1.544596 42.827206 38.499096 0.000000 0.000000 0.000000 
0.000000 16.525295 25.486387 56.851723 56.851723 56.851723 55.038876 38.499096 42.827206 0.000000 0.000000 0.000000 
0.000000 34.939117 55.405930 56.851723 56.851723 56.851723 50.167656 1.544596 42.827206 38.499096 0.000000 0.000000 
0.000000 30.222359 47.574848 56.851723 56.851723 52.956718 52.956718 56.702854 2.162027 38.499096 0.000000 0.000000 
0.000000 20.874342 20.874342 56.851723 56.851723 56.851723 56.851723 38.499096 55.038876 42.827206 0.000000 0.000000 
0.000000 43.748802 53.493092 56.851723 56.851723 56.796200 56.851723 50.167656 55.038876 52.956718 0.000000 0.000000 
0.000000 25.486387 47.574848 56.851723 56.796200 56.851723 55.038876 56.851723 50.167656 52.956718 42.827206 0.000000 
0.000000 43.748802 55.405930 56.851723 56.851723 56.851723 56.851723 56.851723 56.851723 56.851723 50.167656 0.000000 
0.000000 0.000000 50.856094 56.851723 43.748802 56.851723 55.038876 56.851723 56.851723 52.956718 56.702854 0.000000 
0.000000 0.000000 30.222359 53.493092 56.851723 56.851723 56.851723 56.851723 56.851723 56.851723 56.350727 0.000000 
0.000000 0.000000 53.493092 34.939117 56.851723 56.851723 56.851723 56.350727 56.851723 52.956718 56.702854 42.827206 
0.000000 0.000000 43.748802 20.874342 25.486387 47.574848 56.851723 52.956718 56.851723 55.038876 52.956718 42.827206 
0.000000 0.000000 12.569800 55.405930 43.748802 25.486387 56.851723 56.851723 56.851723 56.851723 56.851723 52.956718 
0.000000 0.000000 0.000000 53.493092 56.536678 56.851723 56.851723 56.350727 56.851723 52.956718 38.499096 52.956718 
0.000000 0.000000 0.000000 30.222359 56.851723 56.851723 56.851723 56.851723 56.851723 55.038876 56.851723 56.851723 
0.000000 0.000000 0.000000 55.405930 56.851723 56.796200 56.851723 56.851723 52.956718 55.038876 56.851723 56.851723 
0.000000 0.000000 0.000000 0.000000 56.851723 50.856094 56.851723 56.851723 55.038876 56.851723 55.038876 56.851723 
0.000000 0.000000 0.000000 0.000000 56.851723 47.574848 56.851723 56.851723 56.851723 56.851723 56.851723 56.851723 
0.000000 0.000000 0.000000 0.000000 34.939117 47.574848 56.851723 56.851723 56.350727 56.851723 56.851723 50.167656 
0.000000 0.000000 0.000000 0.000000 0.000000 56.851723 34.939117 56.851723 56.851723 56.851723 56.851723 55.038876 
0.000000 0.000000 0.000000 0.000000 0.000000 56.851723 56.851723 56.851723 56.851723 55.038876 56.851723 55.038876 
0.000000 0.000000 0.000000 0.000000 0.000000 0.000000 30.222359 43.748802 56.851723 56.851723 56.851723 55.038876 
0.000000 0.000000 0.000000 0.000000 0.000000 0.000000 56.851723 53.493092 56.851723 56.851723 56.851723 56.851723 
0.000000 0.000000 0.000000 0.000000 0.000000 0.000000 0.000000 56.851723 56.851723 56.702854 56.851723 56.851723 
0.000000 0.000000 0.000000 0.000000 0.000000 0.000000 0.000000 0.000000 56.851723 56.851723 56.851723 0.000000 
