test/output/constant/M370_S000_A090_WD090.0_WS040.0/M370_S000_A090_WD090.0_WS040.0_arrival.asc
ncols         43
nrows         9
xllcorner     422403.990666
yllcorner     12748355.311160
cellsize      100.000000
NODATA_value  0.000000
0.000000 0.000000 0.000000 0.000000 0.000000 0.000000 0.000000 0.000000 0.000000 0.000000 166.041667 166.041156 166.040364 166.039573 166.039177 166.038386 166.037990 166.037198 166.036803 166.036407 166.036407 166.036407 166.036407 166.036407 166.036407 166.036803 166.037198 166.037594 166.038386 166.039573 166.040364 0.000000 0.000000 0.000000 0.000000 0.000000 0.000000 0.000000 0.000000 0.000000 0.000000 0.000000 0.000000 
0.000000 0.000000 0.000000 0.000000 0.000000 166.041156 166.040364 166.039177 166.038386 166.037594 166.036803 166.036011 166.035220 166.034428 166.033637 166.032845 166.032054 166.031263 166.030867 166.030075 166.029284 166.028492 166.028097 166.027305 166.026910 166.026118 166.026118 166.026118 166.026118 166.026118 166.026514 166.026910 166.027305 166.028492 166.029680 166.031658 166.034824 166.038386 0.000000 0.000000 0.000000 0.000000 0.000000 
0.000000 0.000000 166.041156 166.040364 166.039177 166.038386 166.037198 166.036407 166.035616 166.034428 166.033637 166.032845 166.031658 166.030867 166.029680 166.028888 166.028097 166.027305 166.026118 166.025327 166.024535 166.023348 166.022557 166.021765 166.020974 166.020182 166.019391 166.018995 166.018204 166.017412 166.016621 166.016225 166.015829 166.015829 166.015829 166.015829 166.016621 166.017412 166.019391 166.022952 166.029284 166.040364 0.000000 
166.041551 166.040364 166.039573 166.038386 166.037594 166.036407 166.035616 166.034428 166.033637 166.032845 166.031658 166.030867 166.029680 166.028888 166.027701 166.026910 166.025722 166.024931 166.023744 166.022952 166.022161 166.020974 166.020182 166.018995 166.018204 166.017412 166.016225 166.015433 166.014246 166.013455 166.012268 166.011476 166.010289 166.009497 166.008706 166.007915 166.007123 166.006332 166.005540 166.005540 166.005540 166.007123 166.014642 
166.041156 166.040364 166.039177 166.038386 166.037198 166.036407 166.035220 166.034428 166.033241 166.032450 166.031263 166.030471 166.029284 166.028492 166.027305 166.026514 166.025327 166.024535 166.023348 166.022557 166.021369 166.020578 166.019391 166.018599 166.017412 166.016621 166.015433 166.014642 166.013455 166.012663 166.011476 166.010685 166.009497 166.008706 166.007519 166.006727 166.005540 166.004749 166.003562 166.002770 166.001583 166.000791 166.000000 
166.041551 166.040364 166.039573 166.038386 166.037594 166.036407 166.035616 166.034428 166.033637 166.032845 166.031658 166.030867 166.029680 166.028888 166.027701 166.026910 166.025722 166.024931 166.023744 166.022952 166.022161 166.020974 166.020182 166.018995 166.018204 166.017412 166.016225 166.015433 166.014246 166.013455 166.012268 166.011476 166.010289 166.009497 166.008706 166.007915 166.007123 166.006332 166.005540 166.005540 166.005540 166.007123 166.014642 
0.000000 0.000000 166.041156 166.040364 166.039177 166.038386 166.037198 166.036407 166.035616 166.034428 166.033637 166.032845 166.031658 166.030867 166.029680 166.028888 166.028097 166.027305 166.026118 166.025327 166.024535 166.023348 166.022557 166.021765 166.020974 166.020182 166.019391 166.018995 166.018204 166.017412 166.016621 166.016225 166.015829 166.015829 166.015829 166.015829 166.016621 166.017412 166.019391 166.022952 166.029284 166.040364 0.000000 
0.000000 0.000000 0.000000 0.000000 0.000000 166.041156 166.040364 166.039177 166.038386 166.037594 166.036803 166.036011 166.035220 166.034428 166.033637 166.032845 166.032054 166.031263 166.030867 166.030075 166.029284 166.028492 166.028097 166.027305 166.026910 166.026118 166.026118 166.026118 166.026118 166.026118 166.026514 166.026910 166.027305 166.028492 166.029680 166.031658 166.034824 166.038386 0.000000 0.000000 0.000000 0.000000 0.000000 
0.000000 0.000000 0.000000 0.000000 0.000000 0.000000 0.000000 0.000000 0.000000 0.000000 166.041667 166.041156 166.040364 166.039573 166.039177 166.038386 166.037990 166.037198 166.036803 166.036407 166.036407 166.036407 166.036407 166.036407 166.036407 166.036803 166.037198 166.037594 166.038386 166.039573 166.040364 0.000000 0.000000 0.000000 0.000000 0.000000 0.000000 0.000000 0.000000 0.000000 0.000000 0.000000 0.000000 
