test/output/constant/M3M475_S060_A270_WD180.0_WS040.0/M3M475_S060_A270_WD180.0_WS040.0_arrival.asc
ncols         7
nrows         51
xllcorner     426303.990666
yllcorner     12748755.311160
cellsize      100.000000
NODATA_value  0.000000
0.000000 0.000000 0.000000 166.041116 0.000000 0.000000 0.000000 
0.000000 0.000000 166.041116 166.040453 166.041116 0.000000 0.000000 
0.000000 0.000000 166.040453 166.039458 166.040453 0.000000 0.000000 
0.000000 0.000000 166.039458 166.038795 166.039458 0.000000 0.000000 
0.000000 166.041448 166.038795 166.037800 166.038795 166.041448 0.000000 
0.000000 166.040453 166.037800 166.037137 166.037800 166.040453 0.000000 
0.000000 166.039790 166.037137 166.036143 166.037137 166.039790 0.000000 
0.000000 166.039127 166.036474 166.035479 166.036474 166.039127 0.000000 
0.000000 166.038132 166.035479 166.034485 166.035479 166.038132 0.000000 
0.000000 166.037469 166.034816 166.033821 166.034816 166.037469 0.000000 
0.000000 166.036806 166.033821 166.032827 166.033821 166.036806 0.000000 
166.041667 166.036143 166.033158 166.032164 166.033158 166.036143 166.041667 
166.041116 166.035148 166.032164 166.031169 166.032164 166.035148 166.041116 
166.040453 166.034485 166.031500 166.030506 166.031500 166.034485 166.040453 
166.040122 166.033821 166.030506 166.029511 166.030506 166.033821 166.040122 
166.039458 166.032827 166.029842 166.028848 166.029842 166.032827 166.039458 
166.038795 166.032164 166.028848 166.027853 166.028848 166.032164 166.038795 
166.038464 166.031500 166.028185 166.027190 166.028185 166.031500 166.038464 
166.037800 166.030506 166.027190 166.026195 166.027190 166.030506 166.037800 
166.037137 166.029842 166.026527 166.025532 166.026527 166.029842 166.037137 
166.036806 166.029179 166.025863 166.024537 166.025863 166.029179 166.036806 
166.036143 166.028516 166.024869 166.023874 166.024869 166.028516 166.036143 
166.035811 166.027853 166.024206 166.022879 166.024206 166.027853 166.035811 
166.035148 166.027190 166.023211 166.022216 166.023211 166.027190 166.035148 
166.035148 166.026527 166.022548 166.021221 166.022548 166.026527 166.035148 
166.034816 166.025863 166.021553 166.020558 166.021553 166.025863 166.034816 
166.034816 166.025200 166.020890 166.019563 166.020890 166.025200 166.034816 
166.035148 166.024869 166.019895 166.018900 166.019895 166.024869 166.035148 
166.035479 166.024206 166.019232 166.017905 166.019232 166.024206 166.035479 
166.035479 166.023542 166.018237 166.017242 166.018237 166.023542 166.035479 
166.035811 166.023211 166.017574 166.016248 166.017574 166.023211 166.035811 
166.036474 166.022548 166.016911 166.015584 166.016911 166.022548 166.036474 
166.037137 166.021884 166.015916 166.014590 166.015916 166.021884 166.037137 
166.037800 166.021553 166.015253 166.013926 166.015253 166.021553 166.037800 
166.038795 166.021221 166.014258 166.012932 166.014258 166.021221 166.038795 
166.039790 166.020890 166.013595 166.012269 166.013595 166.020890 166.039790 
166.041448 166.021221 166.012600 166.011274 166.012600 166.021221 166.041448 
0.000000 166.021221 166.011937 166.010611 166.011937 166.021221 0.000000 
0.000000 166.021553 166.011274 166.009616 166.011274 166.021553 0.000000 
0.000000 166.022216 166.010279 166.008953 166.010279 166.022216 0.000000 
0.000000 166.022879 166.009616 166.007958 166.009616 166.022879 0.000000 
0.000000 166.023874 166.008953 166.007295 166.008953 166.023874 0.000000 
0.000000 166.025532 166.008290 166.006300 166.008290 166.025532 0.000000 
0.000000 166.027853 166.007958 166.005637 166.007958 166.027853 0.000000 
0.000000 166.030506 166.007295 166.004642 166.007295 166.030506 0.000000 
0.000000 166.035479 166.007295 166.003979 166.007295 166.035479 0.000000 
0.000000 0.000000 166.007295 166.002984 166.007295 0.000000 0.000000 
0.000000 0.000000 166.008290 166.002321 166.008290 0.000000 0.000000 
0.000000 0.000000 166.009947 166.001326 166.009947 0.000000 0.000000 
0.000000 0.000000 166.017574 166.000663 166.017574 0.000000 0.000000 
0.000000 0.000000 0.000000 166.000000 0.000000 0.000000 0.000000 
