test/output/constant/M3M440_S060_A270_WD090.0_WS015.0/M3M440_S060_A270_WD090.0_WS015.0_arrival.asc
ncols         10
nrows         20
xllcorner     425703.990666
yllcorner     12748755.311160
cellsize      100.000000
NODATA_value  0.000000
166.041457 166.041457 0.000000 0.000000 0.000000 0.000000 0.000000 0.000000 0.000000 0.000000 
166.039893 166.039110 166.039110 0.000000 0.000000 0.000000 0.000000 0.000000 0.000000 0.000000 
166.039893 166.037546 166.036764 166.038328 0.000000 0.000000 0.000000 0.000000 0.000000 0.000000 
166.039893 166.035199 166.035199 166.035199 166.039110 0.000000 0.000000 0.000000 0.000000 0.000000 
166.040675 166.035199 166.032853 166.032853 166.034417 166.040675 0.000000 0.000000 0.000000 0.000000 
0.000000 166.035199 166.031288 166.030506 166.031288 166.035982 0.000000 0.000000 0.000000 0.000000 
0.000000 166.035982 166.030506 166.028159 166.028159 166.031288 166.039110 0.000000 0.000000 0.000000 
0.000000 166.038328 166.030506 166.026595 166.025813 166.027377 166.032853 0.000000 0.000000 0.000000 
0.000000 166.041457 166.031288 166.025813 166.023466 166.023466 166.028159 166.038328 0.000000 0.000000 
0.000000 0.000000 166.034417 166.025813 166.021902 166.021902 166.023466 166.032071 0.000000 0.000000 
0.000000 0.000000 166.038328 166.027377 166.021120 166.019555 166.019555 166.025813 166.040675 0.000000 
0.000000 0.000000 0.000000 166.030506 166.021120 166.017209 166.017209 166.020337 166.032853 0.000000 
0.000000 0.000000 0.000000 166.035982 166.022684 166.016426 166.014862 166.015644 166.025031 0.000000 
0.000000 0.000000 0.000000 0.000000 166.027377 166.017209 166.012515 166.012515 166.017991 166.036764 
0.000000 0.000000 0.000000 0.000000 166.035982 166.018773 166.011733 166.010169 166.012515 166.028159 
0.000000 0.000000 0.000000 0.000000 0.000000 166.025031 166.012515 166.007822 166.007822 166.019555 
0.000000 0.000000 0.000000 0.000000 0.000000 166.040675 166.015644 166.007040 166.006258 166.010951 
0.000000 0.000000 0.000000 0.000000 0.000000 0.000000 166.028942 166.007822 166.003911 166.003911 
0.000000 0.000000 0.000000 0.000000 0.000000 0.000000 0.000000 166.017991 166.002347 166.001564 
0.000000 0.000000 0.000000 0.000000 0.000000 0.000000 0.000000 0.000000 166.007040 166.000000 
