test/output/constant/M3M480_S000_A000_WD000.0_WS025.0/M3M480_S000_A000_WD000.0_WS025.0_arrival.asc
ncols         9
nrows         28
xllcorner     426203.990666
yllcorner     12746155.311160
cellsize      100.000000
NODATA_value  0.000000
0.000000 0.000000 0.000000 166.023604 166.016586 166.023604 0.000000 0.000000 0.000000 
0.000000 0.000000 166.029345 166.008293 166.000000 166.008293 166.029345 0.000000 0.000000 
0.000000 0.000000 166.022966 166.005741 166.001276 166.005741 166.022966 0.000000 0.000000 
0.000000 166.037000 166.018500 166.005103 166.002552 166.005103 166.018500 166.037000 0.000000 
0.000000 166.032535 166.016586 166.005741 166.004466 166.005741 166.016586 166.032535 0.000000 
0.000000 166.029345 166.015310 166.007017 166.005741 166.007017 166.015310 166.029345 0.000000 
0.000000 166.026793 166.015310 166.008293 166.007655 166.008293 166.015310 166.026793 0.000000 
166.040190 166.026155 166.015310 166.010207 166.008931 166.010207 166.015310 166.026155 166.040190 
166.037638 166.025517 166.015948 166.011483 166.010845 166.011483 166.015948 166.025517 166.037638 
166.037000 166.025517 166.017224 166.012759 166.012121 166.012759 166.017224 166.025517 166.037000 
166.036362 166.025517 166.018500 166.014672 166.014035 166.014672 166.018500 166.025517 166.036362 
166.035724 166.026155 166.019138 166.015948 166.015310 166.015948 166.019138 166.026155 166.035724 
166.035724 166.026155 166.020414 166.017862 166.017224 166.017862 166.020414 166.026155 166.035724 
166.035724 166.027431 166.021690 166.019138 166.018500 166.019138 166.021690 166.027431 166.035724 
166.035724 166.028069 166.022966 166.020414 166.020414 166.020414 166.022966 166.028069 166.035724 
166.036362 166.029345 166.024879 166.022328 166.021690 166.022328 166.024879 166.029345 166.036362 
166.036362 166.030621 166.026155 166.023604 166.023604 166.023604 166.026155 166.030621 166.036362 
166.037638 166.031897 166.027431 166.025517 166.024879 166.025517 166.027431 166.031897 166.037638 
166.038276 166.033173 166.029345 166.026793 166.026793 166.026793 166.029345 166.033173 166.038276 
166.039552 166.033810 166.030621 166.028707 166.028069 166.028707 166.030621 166.033810 166.039552 
166.040828 166.035086 166.031897 166.029983 166.029983 166.029983 166.031897 166.035086 166.040828 
166.041466 166.036362 166.033810 166.031897 166.031259 166.031897 166.033810 166.036362 166.041466 
0.000000 166.037638 166.035086 166.033173 166.033173 166.033173 166.035086 166.037638 0.000000 
0.000000 166.039552 166.036362 166.035086 166.034448 166.035086 166.036362 166.039552 0.000000 
0.000000 166.040828 166.038276 166.036362 166.036362 166.036362 166.038276 166.040828 0.000000 
0.000000 0.000000 166.039552 166.038276 166.037638 166.038276 166.039552 0.000000 0.000000 
0.000000 0.000000 166.041466 166.039552 166.039552 166.039552 166.041466 0.000000 0.000000 
0.000000 0.000000 0.000000 166.041466 166.040828 166.041466 0.000000 0.000000 0.000000 
