test/output/constant/M395_S060_A090_WD270.0_WS010.0/M395_S060_A090_WD270.0_WS010.0_ros.asc
ncols         17
nrows         55
xllcorner     426503.990666
yllcorner     12743355.311160
cellsize      100.000000
NODATA_value  0.000000
1.043390 -1.000000 1.486592 1.486592 0.000000 0.000000 0.000000 0.000000 0.000000 0.000000 0.000000 0.000000 0.000000 0.000000 0.000000 0.000000 0.000000 
19.632824 93.332703 90.667290 1.486592 0.000000 0.000000 0.000000 0.000000 0.000000 0.000000 0.000000 0.000000 0.000000 0.000000 0.000000 0.000000 0.000000 
19.632824 93.332703 93.332703 1.486592 1.486592 0.000000 0.000000 0.000000 0.000000 0.000000 0.000000 0.000000 0.000000 0.000000 0.000000 0.000000 0.000000 
19.632824 93.332703 92.686142 63.537952 2.712830 1.486592 0.000000 0.000000 0.000000 0.000000 0.000000 0.000000 0.000000 0.000000 0.000000 0.000000 0.000000 
19.632824 91.143028 93.332703 93.332703 63.537952 1.486592 0.000000 0.000000 0.000000 0.000000 0.000000 0.000000 0.000000 0.000000 0.000000 0.000000 0.000000 
13.782166 71.982841 93.332703 93.332703 63.537952 63.537952 55.867615 0.000000 0.000000 0.000000 0.000000 0.000000 0.000000 0.000000 0.000000 0.000000 0.000000 
19.632824 78.326180 93.332703 92.686142 93.332703 63.537952 55.867615 0.000000 0.000000 0.000000 0.000000 0.000000 0.000000 0.000000 0.000000 0.000000 0.000000 
49.393951 71.982841 19.632824 93.332703 63.537952 70.728134 63.537952 55.867615 0.000000 0.000000 0.000000 0.000000 0.000000 0.000000 0.000000 0.000000 0.000000 
49.393951 71.982841 93.332703 93.332703 93.142502 63.537952 63.537952 4.926519 0.000000 0.000000 0.000000 0.000000 0.000000 0.000000 0.000000 0.000000 0.000000 
41.440357 88.053871 92.911713 93.332703 93.332703 87.343010 63.537952 70.728134 0.000000 0.000000 0.000000 0.000000 0.000000 0.000000 0.000000 0.000000 0.000000 
41.440357 19.632824 93.332703 93.332703 93.332703 93.332703 63.537952 63.537952 63.537952 0.000000 0.000000 0.000000 0.000000 0.000000 0.000000 0.000000 0.000000 
19.632824 78.326180 93.332703 93.332703 93.332703 93.332703 93.332703 63.537952 63.537952 0.000000 0.000000 0.000000 0.000000 0.000000 0.000000 0.000000 0.000000 
49.393951 64.900421 93.255630 93.332703 93.332703 93.332703 93.332703 63.537952 63.537952 63.537952 0.000000 0.000000 0.000000 0.000000 0.000000 0.000000 0.000000 
49.393951 26.330971 26.330971 93.332703 93.332703 93.332703 70.728134 87.343010 63.537952 63.537952 0.000000 0.000000 0.000000 0.000000 0.000000 0.000000 0.000000 
41.440357 49.393951 83.737938 93.332703 93.332703 93.332703 93.332703 92.686142 63.537952 70.728134 0.000000 0.000000 0.000000 0.000000 0.000000 0.000000 0.000000 
41.440357 49.393951 26.330971 93.332703 93.332703 93.332703 93.332703 93.332703 63.537952 63.537952 63.537952 0.000000 0.000000 0.000000 0.000000 0.000000 0.000000 
19.632824 49.393951 78.326180 93.332703 93.332703 93.332703 93.332703 93.332703 93.332703 70.728134 63.537952 0.000000 0.000000 0.000000 0.000000 0.000000 0.000000 
0.000000 41.440357 83.737938 88.053871 83.737938 93.332703 93.332703 77.219452 63.537952 63.537952 63.537952 0.000000 0.000000 0.000000 0.000000 0.000000 0.000000 
0.000000 26.330971 78.326180 26.330971 93.255630 93.332703 93.332703 90.667290 63.537952 93.332703 63.537952 63.537952 0.000000 0.000000 0.000000 0.000000 0.000000 
0.000000 49.393951 71.982841 93.332703 93.332703 93.332703 93.332703 90.667290 82.814476 93.332703 90.667290 63.537952 0.000000 0.000000 0.000000 0.000000 0.000000 
0.000000 33.674248 78.326180 78.326180 93.332703 93.332703 93.332703 92.686142 93.332703 92.686142 63.537952 63.537952 0.000000 0.000000 0.000000 0.000000 0.000000 
0.000000 49.393951 41.440357 93.255630 91.143028 93.332703 93.332703 93.332703 93.332703 90.667290 63.537952 70.728134 70.728134 0.000000 0.000000 0.000000 0.000000 
0.000000 41.440357 26.330971 78.326180 93.332703 93.332703 93.332703 93.332703 93.332703 93.332703 92.686142 63.537952 63.537952 0.000000 0.000000 0.000000 0.000000 
0.000000 49.393951 19.632824 91.143028 91.143028 93.332703 93.332703 92.686142 93.332703 87.343010 93.332703 63.537952 63.537952 0.000000 0.000000 0.000000 0.000000 
0.000000 49.393951 83.737938 78.326180 93.332703 93.332703 93.332703 93.332703 93.332703 93.332703 93.142502 93.332703 63.537952 0.000000 0.000000 0.000000 0.000000 
0.000000 0.000000 71.982841 88.053871 91.143028 93.332703 93.332703 93.332703 93.332703 93.332703 90.667290 63.537952 63.537952 70.728134 0.000000 0.000000 0.000000 
0.000000 0.000000 64.900421 33.674248 13.782166 93.332703 93.332703 93.332703 90.667290 90.667290 93.332703 63.537952 63.537952 63.537952 0.000000 0.000000 0.000000 
0.000000 0.000000 33.674248 83.737938 93.332703 93.332703 93.332703 93.332703 93.332703 93.332703 93.332703 93.332703 93.332703 87.343010 0.000000 0.000000 0.000000 
0.000000 0.000000 78.326180 83.737938 78.326180 13.782166 93.332703 93.332703 93.332703 93.332703 77.219452 93.332703 90.667290 63.537952 0.000000 0.000000 0.000000 
0.000000 0.000000 0.000000 83.737938 88.053871 93.332703 93.332703 88.053871 93.332703 93.332703 90.667290 90.667290 90.667290 70.728134 63.537952 0.000000 0.000000 
0.000000 0.000000 0.000000 78.326180 83.737938 93.332703 33.674248 92.911713 93.332703 93.332703 93.332703 93.332703 90.667290 92.686142 93.142502 0.000000 0.000000 
0.000000 0.000000 0.000000 83.737938 88.053871 93.332703 93.332703 93.332703 93.332703 93.332703 93.332703 93.332703 92.686142 93.332703 63.537952 0.000000 0.000000 
0.000000 0.000000 0.000000 71.982841 78.326180 93.255630 91.143028 71.982841 93.332703 93.332703 93.332703 93.332703 93.332703 93.332703 87.343010 0.000000 0.000000 
0.000000 0.000000 0.000000 0.000000 88.053871 83.737938 93.332703 83.737938 93.332703 93.332703 87.343010 90.667290 90.667290 87.343010 63.537952 0.000000 0.000000 
0.000000 0.000000 0.000000 0.000000 26.330971 93.332703 26.330971 93.332703 93.332703 93.255630 93.332703 93.332703 93.332703 93.332703 63.537952 70.728134 0.000000 
0.000000 0.000000 0.000000 0.000000 83.737938 93.332703 93.332703 78.326180 93.332703 93.332703 93.332703 93.332703 77.219452 92.686142 93.332703 93.332703 0.000000 
0.000000 0.000000 0.000000 0.000000 91.143028 19.632824 93.332703 88.053871 91.143028 93.332703 93.332703 93.332703 90.667290 93.332703 93.332703 87.343010 0.000000 
0.000000 0.000000 0.000000 0.000000 0.000000 88.053871 19.632824 93.332703 93.332703 93.332703 93.332703 93.332703 93.332703 70.728134 92.686142 90.667290 0.000000 
0.000000 0.000000 0.000000 0.000000 0.000000 26.330971 93.332703 93.255630 93.332703 93.332703 93.332703 90.667290 93.142502 90.667290 77.219452 87.343010 0.000000 
0.000000 0.000000 0.000000 0.000000 0.000000 93.255630 93.332703 93.332703 93.332703 93.332703 93.332703 93.332703 93.332703 77.219452 90.667290 93.332703 0.000000 
0.000000 0.000000 0.000000 0.000000 0.000000 0.000000 92.911713 26.330971 93.255630 93.255630 93.332703 93.332703 90.667290 90.667290 93.332703 93.332703 0.000000 
0.000000 0.000000 0.000000 0.000000 0.000000 0.000000 26.330971 93.332703 93.332703 93.332703 93.332703 93.142502 93.332703 93.332703 93.332703 93.332703 63.537952 
0.000000 0.000000 0.000000 0.000000 0.000000 0.000000 78.326180 93.332703 88.053871 93.332703 91.143028 93.332703 93.332703 93.332703 90.667290 93.332703 90.667290 
0.000000 0.000000 0.000000 0.000000 0.000000 0.000000 0.000000 88.053871 93.332703 71.982841 93.332703 93.332703 92.686142 93.332703 77.219452 93.332703 93.142502 
0.000000 0.000000 0.000000 0.000000 0.000000 0.000000 0.000000 91.143028 93.255630 93.332703 83.737938 93.332703 93.332703 93.332703 82.814476 93.332703 1.486592 
0.000000 0.000000 0.000000 0.000000 0.000000 0.000000 0.000000 0.000000 93.332703 93.332703 93.332703 93.332703 93.332703 93.332703 93.332703 93.332703 93.332703 
0.000000 0.000000 0.000000 0.000000 0.000000 0.000000 0.000000 0.000000 33.674248 93.332703 93.332703 93.332703 93.332703 87.343010 87.343010 93.332703 70.728134 
0.000000 0.000000 0.000000 0.000000 0.000000 0.000000 0.000000 0.000000 0.000000 93.332703 93.255630 93.332703 93.332703 93.332703 93.332703 93.332703 90.667290 
0.000000 0.000000 0.000000 0.000000 0.000000 0.000000 0.000000 0.000000 0.000000 93.332703 93.332703 93.332703 93.332703 93.332703 93.332703 93.332703 92.686142 
0.000000 0.000000 0.000000 0.000000 0.000000 0.000000 0.000000 0.000000 0.000000 64.900421 83.737938 93.332703 93.332703 93.332703 93.332703 93.332703 90.667290 
0.000000 0.000000 0.000000 0.000000 0.000000 0.000000 0.000000 0.000000 0.000000 0.000000 49.393951 78.326180 93.332703 93.332703 93.332703 93.332703 93.332703 
0.000000 0.000000 0.000000 0.000000 0.000000 0.000000 0.000000 0.000000 0.000000 0.000000 0.000000 93.332703 93.332703 93.332703 90.667290 93.332703 93.332703 
0.000000 0.000000 0.000000 0.000000 0.000000 0.000000 0.000000 0.000000 0.000000 0.000000 0.000000 88.053871 93.332703 93.332703 93.332703 93.332703 93.332703 
0.000000 0.000000 0.000000 0.000000 0.000000 0.000000 0.000000 0.000000 0.000000 0.000000 0.000000 0.000000 93.332703 93.332703 93.332703 93.332703 93.332703 
0.000000 0.000000 0.000000 0.000000 0.000000 0.000000 0.000000 0.000000 0.000000 0.000000 0.000000 0.000000 0.000000 93.332703 93.332703 92.686142 0.000000 
