test/output/constant/M375_S060_A180_WD000.0_WS010.0/M375_S060_A180_WD000.0_WS010.0_intensity.asc
ncols         43
nrows         14
xllcorner     426603.990666
yllcorner     12747555.311160
cellsize      100.000000
NODATA_value  0.000000
1152 9407 13331 9407 13331 27966 17824 33307 27966 13331 27966 17824 27966 0 0 0 0 0 0 0 0 0 0 0 0 0 0 0 0 0 0 0 0 0 0 0 0 0 0 0 0 0 0 
0 62875 62875 62875 59302 61386 22752 59302 52752 48486 22752 17824 27966 17824 13331 27966 9407 27966 17824 27966 0 0 0 0 0 0 0 0 0 0 0 0 0 0 0 0 0 0 0 0 0 0 0 
873 62875 62875 62875 62875 62875 62875 62875 62875 62875 9407 62875 61386 61386 17824 56394 9407 56394 56394 52752 48486 22752 17824 13331 0 0 0 0 0 0 0 0 0 0 0 0 0 0 0 0 0 0 0 
0 1472 42714 58771 62875 62875 62875 62875 62875 62875 62875 62875 62875 13331 62875 9407 62875 61386 13331 62875 22752 62875 17824 56394 62585 52752 52752 38614 0 0 0 0 0 0 0 0 0 0 0 0 0 0 0 
0 0 32238 3448 42714 42714 62875 62875 62875 62875 62875 62875 62875 62875 62875 62875 62875 22752 62875 62585 22752 62875 62875 13331 62875 62585 13331 59302 22752 59302 0 0 0 0 0 0 0 0 0 0 0 0 0 
0 0 0 0 1472 37556 47554 42714 62875 62875 62875 62875 62875 62875 62875 62875 62875 62875 62875 62875 62875 52752 62875 62875 62875 62875 62875 62875 62875 62875 62585 17824 62875 0 0 0 0 0 0 0 0 0 0 
0 0 0 0 0 0 37556 42714 42714 42714 62738 62875 55706 62875 62875 62875 62875 62875 62875 62875 62875 62875 62875 9407 62875 62875 62875 62875 62875 62875 62875 62875 17824 62875 62875 59302 0 0 0 0 0 0 0 
0 0 0 0 0 0 0 0 47554 47554 42714 42714 42714 62875 62875 62413 62875 62875 62875 62875 62413 62875 62875 62875 62875 62875 62875 62875 52752 61386 62875 62875 62875 62875 62875 62875 13331 17824 0 0 0 0 0 
0 0 0 0 0 0 0 0 0 0 42714 47554 42714 42714 42714 62875 62738 62738 62413 62875 62875 62875 62875 62875 62875 62875 62875 62875 62875 62875 62875 13331 62875 62875 62875 62875 62875 62875 62875 0 0 0 0 
0 0 0 0 0 0 0 0 0 0 0 0 0 42714 42714 47554 42714 62875 62413 62738 62738 55706 62875 62875 62875 62875 62875 62875 62875 62875 62875 62824 62875 62875 62875 62875 56394 59302 59302 62875 48486 0 0 
0 0 0 0 0 0 0 0 0 0 0 0 0 0 0 0 42714 42714 42714 42714 62875 42714 42714 62875 62738 62875 62875 62875 62875 62875 62875 62875 62738 62875 62875 62875 62875 62875 62875 56394 62875 62875 0 
0 0 0 0 0 0 0 0 0 0 0 0 0 0 0 0 0 0 0 0 42714 47554 62875 62413 61029 61029 61029 62875 47554 61029 62875 58771 62875 62875 62875 62875 62875 62875 62875 62875 62875 17824 62875 
0 0 0 0 0 0 0 0 0 0 0 0 0 0 0 0 0 0 0 0 0 0 0 0 61029 62875 42714 42714 62875 51929 61029 62413 62875 62875 62413 62875 62875 62875 62875 62875 62875 62875 62875 
0 0 0 0 0 0 0 0 0 0 0 0 0 0 0 0 0 0 0 0 0 0 0 0 0 0 0 0 0 62875 62875 51929 58771 62875 62875 62875 62875 62738 62875 62875 62875 62875 0 
