test/output/constant/M485_S060_A180_WD270.0_WS050.0/M485_S060_A180_WD270.0_WS050.0_arrival.asc
ncols         44
nrows         5
xllcorner     426603.990666
yllcorner     12748555.311160
cellsize      100.000000
NODATA_value  0.000000
0.000000 0.000000 0.000000 0.000000 0.000000 0.000000 166.038791 166.034481 166.031738 166.029779 166.028211 166.027036 166.026252 166.025860 166.025469 166.025469 166.025469 166.025860 166.026252 166.027036 166.027820 166.028211 166.028995 166.029779 166.030170 166.030954 166.031738 166.032521 166.033305 166.033697 166.034872 166.035656 166.036440 166.037223 166.038399 166.039182 166.039966 166.041142 0.000000 0.000000 0.000000 0.000000 0.000000 0.000000 
0.000000 166.023509 166.012538 166.010187 166.009012 166.008620 166.008620 166.009404 166.010187 166.010971 166.011363 166.012538 166.013322 166.014106 166.015281 166.016065 166.017240 166.018024 166.018808 166.019983 166.020767 166.021942 166.022726 166.023509 166.024685 166.025469 166.026644 166.027428 166.028603 166.029387 166.030562 166.031346 166.032521 166.033305 166.034089 166.035264 166.036048 166.037223 166.038007 166.039182 166.039966 166.041142 0.000000 0.000000 
166.000000 166.000784 166.001567 166.002743 166.003526 166.004702 166.005486 166.006661 166.007445 166.008620 166.009404 166.010579 166.011363 166.012538 166.013322 166.014497 166.015281 166.016457 166.017240 166.018416 166.019199 166.020375 166.021159 166.022334 166.023118 166.024293 166.025077 166.026252 166.027036 166.028211 166.028995 166.030170 166.030954 166.032130 166.032913 166.034089 166.034872 166.036048 166.036831 166.038007 166.038791 166.039966 166.040750 166.041667 
0.000000 166.023509 166.012538 166.010187 166.009012 166.008620 166.008620 166.009404 166.010187 166.010971 166.011363 166.012538 166.013322 166.014106 166.015281 166.016065 166.017240 166.018024 166.018808 166.019983 166.020767 166.021942 166.022726 166.023509 166.024685 166.025469 166.026644 166.027428 166.028603 166.029387 166.030562 166.031346 166.032521 166.033305 166.034089 166.035264 166.036048 166.037223 166.038007 166.039182 166.039966 166.041142 0.000000 0.000000 
0.000000 0.000000 0.000000 0.000000 0.000000 0.000000 166.038791 166.034481 166.031738 166.029779 166.028211 166.027036 166.026252 166.025860 166.025469 166.025469 166.025469 166.025860 166.026252 166.027036 166.027820 166.028211 166.028995 166.029779 166.030170 166.030954 166.031738 166.032521 166.033305 166.033697 166.034872 166.035656 166.036440 166.037223 166.038399 166.039182 166.039966 166.041142 0.000000 0.000000 0.000000 0.000000 0.000000 0.000000 
