test/output/constant/C2_S060_A000_WD090.0_WS015.0/C2_S060_A000_WD090.0_WS015.0_arrival.asc
ncols         34
nrows         7
xllcorner     423303.990666
yllcorner     12748455.311160
cellsize      100.000000
NODATA_value  0.000000
0.000000 0.000000 0.000000 0.000000 0.000000 0.000000 0.000000 0.000000 166.041667 166.040805 166.040302 166.039294 166.038287 166.037783 166.036775 166.036272 166.036272 166.036272 166.036775 166.036775 166.037279 166.038287 166.038790 166.040302 0.000000 0.000000 0.000000 0.000000 0.000000 0.000000 0.000000 0.000000 0.000000 0.000000 
0.000000 0.000000 0.000000 166.040805 166.039798 166.038790 166.037279 166.036272 166.035264 166.034256 166.032745 166.031738 166.030730 166.029722 166.028715 166.027707 166.026700 166.025692 166.025189 166.024181 166.023173 166.022670 166.022166 166.022166 166.022166 166.022670 166.023173 166.024181 166.026700 166.030226 166.037783 0.000000 0.000000 0.000000 
166.041667 166.040805 166.039294 166.038287 166.036775 166.035768 166.034256 166.033249 166.031738 166.030730 166.029722 166.028211 166.027204 166.025692 166.024685 166.023173 166.022166 166.020655 166.019647 166.018640 166.017128 166.016121 166.014609 166.013602 166.012091 166.011083 166.010075 166.009068 166.008060 166.007557 166.007557 166.008060 166.011587 166.029722 
166.041309 166.039798 166.038790 166.037279 166.036272 166.034760 166.033753 166.032241 166.031234 166.029722 166.028715 166.027204 166.026196 166.024685 166.023677 166.022166 166.021158 166.019647 166.018640 166.017128 166.016121 166.014609 166.013602 166.012091 166.011083 166.009572 166.008564 166.007053 166.006045 166.004534 166.003526 166.002015 166.001008 166.000000 
166.041667 166.040805 166.039294 166.038287 166.036775 166.035768 166.034256 166.033249 166.031738 166.030730 166.029722 166.028211 166.027204 166.025692 166.024685 166.023173 166.022166 166.020655 166.019647 166.018640 166.017128 166.016121 166.014609 166.013602 166.012091 166.011083 166.010075 166.009068 166.008060 166.007557 166.007557 166.008060 166.011587 166.029722 
0.000000 0.000000 0.000000 166.040805 166.039798 166.038790 166.037279 166.036272 166.035264 166.034256 166.032745 166.031738 166.030730 166.029722 166.028715 166.027707 166.026700 166.025692 166.025189 166.024181 166.023173 166.022670 166.022166 166.022166 166.022166 166.022670 166.023173 166.024181 166.026700 166.030226 166.037783 0.000000 0.000000 0.000000 
0.000000 0.000000 0.000000 0.000000 0.000000 0.000000 0.000000 0.000000 166.041667 166.040805 166.040302 166.039294 166.038287 166.037783 166.036775 166.036272 166.036272 166.036272 166.036775 166.036775 166.037279 166.038287 166.038790 166.040302 0.000000 0.000000 0.000000 0.000000 0.000000 0.000000 0.000000 0.000000 0.000000 0.000000 
