test/output/constant/M3M400_S000_A090_WD045.0_WS020.0/M3M400_S000_A090_WD045.0_WS020.0_arrival.asc
ncols         23
nrows         23
xllcorner     424603.990666
yllcorner     12746755.311160
cellsize      100.000000
NODATA_value  0.000000
0.000000 0.000000 0.000000 0.000000 0.000000 0.000000 0.000000 0.000000 0.000000 0.000000 0.000000 0.000000 0.000000 0.000000 0.000000 0.000000 166.040967 166.035381 166.031036 166.027312 166.026691 166.028553 166.037864 
0.000000 0.000000 0.000000 0.000000 0.000000 0.000000 0.000000 0.000000 0.000000 0.000000 0.000000 0.000000 0.000000 0.000000 166.039726 166.034139 166.027932 166.021725 166.016139 166.010552 166.009311 166.013035 166.028553 
0.000000 0.000000 0.000000 0.000000 0.000000 0.000000 0.000000 0.000000 0.000000 0.000000 0.000000 0.000000 166.040967 166.035381 166.029174 166.022967 166.017380 166.011173 166.005586 166.001241 166.000000 166.009311 166.026691 
0.000000 0.000000 0.000000 0.000000 0.000000 0.000000 0.000000 0.000000 0.000000 0.000000 0.000000 166.039105 166.032898 166.027312 166.021725 166.016139 166.011173 166.006207 166.003724 166.001241 166.001241 166.010552 166.027312 
0.000000 0.000000 0.000000 0.000000 0.000000 0.000000 0.000000 0.000000 0.000000 0.000000 166.037864 166.032277 166.026691 166.021104 166.016139 166.011794 166.008069 166.005586 166.003724 166.003724 166.005586 166.016139 166.031036 
0.000000 0.000000 0.000000 0.000000 0.000000 0.000000 0.000000 0.000000 0.000000 166.037243 166.031657 166.026691 166.021725 166.017380 166.013035 166.009931 166.007449 166.005586 166.005586 166.006207 166.011173 166.021725 166.035381 
0.000000 0.000000 0.000000 0.000000 0.000000 0.000000 0.000000 0.000000 166.037243 166.031657 166.027312 166.022346 166.018622 166.014897 166.011794 166.009931 166.008069 166.007449 166.008069 166.011173 166.017380 166.027932 166.040967 
0.000000 0.000000 0.000000 0.000000 0.000000 0.000000 0.000000 166.037243 166.032898 166.027932 166.024208 166.019863 166.016759 166.014276 166.011794 166.009931 166.009931 166.009931 166.011794 166.016139 166.022967 166.034139 0.000000 
0.000000 0.000000 0.000000 0.000000 0.000000 0.000000 166.037864 166.033519 166.029174 166.025449 166.021725 166.018622 166.016139 166.014276 166.012414 166.011794 166.011794 166.013035 166.016139 166.021725 166.029174 166.039726 0.000000 
0.000000 0.000000 0.000000 0.000000 0.000000 166.039105 166.034760 166.030415 166.026691 166.023587 166.020484 166.018622 166.016139 166.014276 166.014276 166.014276 166.014897 166.017380 166.021104 166.027312 166.035381 0.000000 0.000000 
0.000000 0.000000 0.000000 0.000000 166.040347 166.036002 166.032277 166.028553 166.025449 166.022967 166.020484 166.018622 166.016759 166.016139 166.016139 166.016759 166.018622 166.021725 166.026691 166.032898 166.040967 0.000000 0.000000 
0.000000 0.000000 0.000000 166.041588 166.037243 166.033519 166.030415 166.027312 166.024829 166.022346 166.020484 166.019242 166.018622 166.018622 166.018622 166.019863 166.022346 166.026691 166.032277 166.039105 0.000000 0.000000 0.000000 
0.000000 0.000000 0.000000 166.039105 166.035381 166.032277 166.029174 166.026691 166.024829 166.022967 166.021104 166.020484 166.020484 166.020484 166.021725 166.024208 166.027312 166.031657 166.037864 0.000000 0.000000 0.000000 0.000000 
0.000000 0.000000 166.040347 166.037243 166.034139 166.031657 166.029174 166.026691 166.024829 166.023587 166.022967 166.022346 166.022967 166.023587 166.025449 166.027932 166.031657 166.037243 0.000000 0.000000 0.000000 0.000000 0.000000 
0.000000 0.000000 166.039105 166.036002 166.033519 166.031036 166.029174 166.027312 166.025449 166.024829 166.024829 166.024829 166.025449 166.026691 166.029174 166.032898 166.037243 0.000000 0.000000 0.000000 0.000000 0.000000 0.000000 
0.000000 166.040967 166.037864 166.035381 166.032898 166.031036 166.029174 166.027932 166.027312 166.026691 166.026691 166.027312 166.028553 166.030415 166.033519 166.037243 0.000000 0.000000 0.000000 0.000000 0.000000 0.000000 0.000000 
0.000000 166.040347 166.037243 166.035381 166.033519 166.031657 166.029794 166.029174 166.029174 166.029174 166.029174 166.030415 166.032277 166.034760 166.037864 0.000000 0.000000 0.000000 0.000000 0.000000 0.000000 0.000000 0.000000 
0.000000 166.039726 166.037243 166.035381 166.033519 166.032277 166.031657 166.031036 166.031036 166.031657 166.032277 166.033519 166.036002 166.039105 0.000000 0.000000 0.000000 0.000000 0.000000 0.000000 0.000000 0.000000 0.000000 
166.041588 166.039726 166.037864 166.036002 166.034139 166.033519 166.033519 166.032898 166.033519 166.034139 166.035381 166.037243 166.040347 0.000000 0.000000 0.000000 0.000000 0.000000 0.000000 0.000000 0.000000 0.000000 0.000000 
166.041588 166.039726 166.037864 166.036622 166.036002 166.035381 166.035381 166.035381 166.036002 166.037243 166.039105 166.041588 0.000000 0.000000 0.000000 0.000000 0.000000 0.000000 0.000000 0.000000 0.000000 0.000000 0.000000 
166.041588 166.040347 166.038484 166.037864 166.037864 166.037243 166.037243 166.037864 166.039105 166.040347 0.000000 0.000000 0.000000 0.000000 0.000000 0.000000 0.000000 0.000000 0.000000 0.000000 0.000000 0.000000 0.000000 
0.000000 166.040967 166.040347 166.039726 166.039726 166.039726 166.040347 166.040967 0.000000 0.000000 0.000000 0.000000 0.000000 0.000000 0.000000 0.000000 0.000000 0.000000 0.000000 0.000000 0.000000 0.000000 0.000000 
0.000000 0.000000 166.041588 166.041588 166.041588 0.000000 0.000000 0.000000 0.000000 0.000000 0.000000 0.000000 0.000000 0.000000 0.000000 0.000000 0.000000 0.000000 0.000000 0.000000 0.000000 0.000000 0.000000 
