test/output/constant/M3M480_S000_A180_WD000.0_WS035.0/M3M480_S000_A180_WD000.0_WS035.0_raz.asc
ncols         9
nrows         41
xllcorner     426203.990666
yllcorner     12744855.311160
cellsize      100.000000
NODATA_value  0.000000
0 0 0 0 360 0 0 0 0 
0 0 0 291 65535 68 0 0 0 
0 0 270 188 180 171 90 0 0 
0 0 360 188 180 171 68 0 0 
0 0 231 184 180 174 128 0 0 
0 270 190 187 180 172 169 169 0 
0 270 187 185 180 174 172 172 0 
0 270 188 182 180 177 171 171 0 
0 188 231 180 180 179 169 172 0 
0 247 188 180 180 177 176 171 0 
188 188 185 185 180 174 174 171 171 
247 247 183 180 180 179 176 171 171 
258 188 184 182 180 177 175 167 171 
231 192 182 180 180 178 169 167 169 
247 188 184 180 180 176 175 177 171 
247 182 180 192 180 167 169 172 172 
188 184 185 180 180 179 174 169 172 
247 181 187 185 180 174 172 174 172 
188 185 185 180 180 179 174 174 171 
187 181 180 185 180 174 176 178 169 
188 185 180 180 180 177 176 174 171 
183 190 183 180 180 178 176 169 171 
187 185 180 185 180 174 179 174 172 
184 182 180 180 180 177 177 169 175 
184 185 183 184 180 175 176 174 175 
184 180 180 180 180 178 179 177 175 
187 192 180 181 180 172 176 167 172 
180 180 183 180 180 174 176 169 176 
185 180 180 180 179 176 179 171 174 
182 180 180 180 180 176 176 179 171 
184 180 182 180 176 177 177 178 175 
180 185 180 180 180 179 177 174 167 
0 184 180 180 176 179 176 175 0 
0 180 180 180 180 177 177 177 0 
0 180 180 180 179 179 175 177 0 
0 180 182 180 180 178 177 179 0 
0 180 180 180 179 179 174 180 0 
0 0 183 180 180 178 176 0 0 
0 0 180 180 179 179 176 0 0 
0 0 0 180 180 178 0 0 0 
0 0 0 0 180 0 0 0 0 
