test/output/constant/M3100_S060_A000_WD225.0_WS005.0/M3100_S060_A000_WD225.0_WS005.0_ros.asc
ncols         55
nrows         13
xllcorner     421303.990666
yllcorner     12748455.311160
cellsize      100.000000
NODATA_value  0.000000
0.000000 0.000000 0.000000 0.000000 0.000000 0.000000 0.000000 0.000000 0.000000 0.000000 0.000000 0.000000 0.000000 0.000000 0.000000 74.092545 89.384010 67.917824 61.075283 67.917824 67.917824 0.000000 0.000000 0.000000 0.000000 0.000000 0.000000 0.000000 0.000000 0.000000 0.000000 0.000000 0.000000 0.000000 0.000000 0.000000 0.000000 0.000000 0.000000 0.000000 0.000000 0.000000 0.000000 0.000000 0.000000 0.000000 0.000000 0.000000 0.000000 0.000000 0.000000 0.000000 0.000000 0.000000 0.000000 
0.000000 0.000000 0.000000 0.000000 79.411667 89.384010 89.384010 89.384010 89.384010 67.917824 79.411667 89.384010 89.219231 79.411667 67.917824 74.092545 61.075283 74.092545 67.917824 74.092545 61.075283 61.075283 67.917824 74.092545 67.917824 5.186055 61.075283 61.075283 61.075283 61.075283 61.075283 0.000000 0.000000 0.000000 0.000000 0.000000 0.000000 0.000000 0.000000 0.000000 0.000000 0.000000 0.000000 0.000000 0.000000 0.000000 0.000000 0.000000 0.000000 0.000000 0.000000 0.000000 0.000000 0.000000 0.000000 
0.000000 89.384010 89.384010 88.776695 86.867111 89.384010 88.776695 89.384010 89.384010 86.867111 89.384010 89.384010 67.917824 67.917824 67.917824 83.713463 88.776695 89.219231 79.411667 74.092545 83.713463 61.075283 79.411667 67.917824 79.411667 61.075283 67.917824 61.075283 3.047624 61.075283 8.464705 5.186055 61.075283 5.186055 67.917824 61.075283 61.075283 61.075283 0.000000 0.000000 0.000000 0.000000 0.000000 0.000000 0.000000 0.000000 0.000000 0.000000 0.000000 0.000000 0.000000 0.000000 0.000000 0.000000 0.000000 
83.713463 89.384010 74.092545 89.384010 89.384010 89.384010 74.092545 89.384010 88.776695 89.384010 89.384010 89.384010 89.384010 89.384010 89.384010 89.219231 74.092545 89.219231 83.713463 74.092545 79.411667 86.867111 88.776695 74.092545 61.075283 67.917824 74.092545 67.917824 61.075283 83.713463 67.917824 61.075283 61.075283 61.075283 61.075283 61.075283 67.917824 61.075283 5.186055 61.075283 61.075283 61.075283 61.075283 0.000000 0.000000 0.000000 0.000000 0.000000 0.000000 0.000000 0.000000 0.000000 0.000000 0.000000 0.000000 
89.384010 89.384010 89.384010 89.384010 89.384010 89.384010 89.219231 89.384010 89.384010 83.713463 89.384010 89.384010 86.867111 89.384010 89.384010 89.384010 89.384010 89.384010 89.384010 79.411667 89.384010 89.384010 79.411667 89.384010 86.867111 86.867111 86.867111 79.411667 83.713463 67.917824 79.411667 67.917824 61.075283 61.075283 79.411667 61.075283 5.186055 61.075283 67.917824 3.047624 67.917824 61.075283 67.917824 61.075283 1.428064 61.075283 0.000000 0.000000 0.000000 0.000000 0.000000 0.000000 0.000000 0.000000 0.000000 
79.810570 89.384010 89.384010 89.384010 88.877823 89.384010 89.384010 89.384010 89.384010 89.384010 89.384010 83.713463 89.384010 89.384010 89.384010 89.384010 89.384010 89.384010 89.384010 89.384010 89.384010 89.384010 89.384010 89.384010 89.384010 89.384010 89.384010 89.384010 89.384010 89.384010 89.384010 89.384010 89.384010 86.867111 67.917824 83.713463 83.713463 61.075283 8.464705 8.464705 61.075283 2.327386 61.075283 61.075283 1.428064 67.917824 61.075283 61.075283 3.047624 0.000000 0.000000 0.000000 0.000000 0.000000 0.000000 
0.000000 74.569107 87.075218 87.075218 89.384010 74.569107 89.269966 89.384010 89.384010 89.384010 74.569107 89.384010 74.569107 89.384010 89.384010 89.384010 87.075218 89.384010 89.384010 89.384010 89.384010 89.384010 89.384010 89.384010 89.384010 89.384010 89.219231 89.384010 89.384010 89.219231 79.411667 89.384010 86.867111 89.384010 79.411667 89.384010 79.411667 89.384010 79.411667 79.411667 86.867111 74.092545 67.917824 61.075283 61.075283 61.075283 5.186055 61.075283 5.186055 1.428064 3.047624 2.327386 0.000000 0.000000 0.000000 
0.000000 0.000000 74.569107 74.569107 79.810570 74.569107 74.569107 74.569107 74.569107 74.569107 88.877823 74.569107 74.569107 74.569107 79.810570 84.021904 74.569107 84.021904 74.569107 88.877823 84.021904 89.384010 74.569107 89.269966 89.384010 89.384010 89.384010 89.384010 89.384010 89.384010 89.384010 89.384010 89.384010 89.384010 89.384010 89.384010 89.384010 89.384010 89.384010 89.384010 89.384010 89.384010 83.713463 61.075283 83.713463 74.092545 74.092545 61.075283 5.186055 61.075283 61.075283 2.327386 1.856424 1.856424 0.000000 
0.000000 0.000000 0.000000 0.000000 74.569107 74.569107 74.569107 79.810570 74.569107 74.569107 74.569107 74.569107 74.569107 74.569107 79.810570 74.569107 74.569107 79.810570 74.569107 74.569107 84.021904 74.569107 74.569107 74.569107 74.569107 74.569107 74.569107 74.569107 79.810570 89.384010 74.569107 79.810570 74.569107 74.569107 84.021904 89.384010 89.384010 87.075218 89.384010 89.384010 89.384010 89.384010 89.384010 89.384010 89.384010 89.384010 89.384010 89.384010 86.867111 89.384010 74.092545 74.092545 3.047624 2.327386 0.000000 
0.000000 0.000000 0.000000 0.000000 0.000000 0.000000 0.000000 74.569107 74.569107 74.569107 74.569107 74.569107 79.810570 74.569107 74.569107 74.569107 74.569107 74.569107 74.569107 74.569107 74.569107 79.810570 74.569107 74.569107 74.569107 79.810570 74.569107 74.569107 74.569107 74.569107 74.569107 74.569107 74.569107 74.569107 74.569107 74.569107 74.569107 79.810570 74.569107 74.569107 74.569107 74.569107 74.569107 84.021904 84.021904 74.569107 74.569107 89.384010 89.384010 89.384010 89.384010 89.384010 89.384010 0.000000 1.856424 
0.000000 0.000000 0.000000 0.000000 0.000000 0.000000 0.000000 0.000000 0.000000 0.000000 74.569107 79.810570 74.569107 74.569107 74.569107 79.810570 74.569107 74.569107 74.569107 74.569107 74.569107 74.569107 74.569107 74.569107 74.569107 74.569107 74.569107 74.569107 79.810570 74.569107 74.569107 74.569107 74.569107 74.569107 74.569107 74.569107 74.569107 74.569107 74.569107 74.569107 74.569107 79.810570 74.569107 74.569107 74.569107 74.569107 74.569107 74.569107 74.569107 31.921850 46.847988 54.382401 54.382401 1.402116 0.000000 
0.000000 0.000000 0.000000 0.000000 0.000000 0.000000 0.000000 0.000000 0.000000 0.000000 0.000000 0.000000 0.000000 0.000000 0.000000 74.569107 74.569107 74.569107 74.569107 74.569107 79.810570 74.569107 74.569107 74.569107 74.569107 74.569107 74.569107 74.569107 74.569107 68.456696 74.569107 74.569107 68.456696 74.569107 74.569107 74.569107 74.569107 74.569107 74.569107 39.284569 74.569107 74.569107 74.569107 74.569107 46.847988 61.658970 31.921850 3.107546 5.332222 31.921850 39.284569 1.402116 1.402116 0.000000 0.000000 
0.000000 0.000000 0.000000 0.000000 0.000000 0.000000 0.000000 0.000000 0.000000 0.000000 0.000000 0.000000 0.000000 0.000000 0.000000 0.000000 0.000000 0.000000 0.000000 0.000000 0.000000 74.569107 68.456696 74.569107 74.569107 74.569107 74.569107 74.569107 74.569107 31.921850 74.569107 74.569107 74.569107 39.284569 74.569107 31.921850 74.569107 74.569107 74.569107 46.847988 61.658970 54.382401 61.658970 54.382401 31.921850 24.983395 61.658970 39.284569 46.847988 0.000000 0.000000 0.000000 0.000000 0.000000 0.000000 
