test/output/constant/M3M485_S060_A090_WD225.0_WS015.0/M3M485_S060_A090_WD225.0_WS015.0_intensity.asc
ncols         15
nrows         33
xllcorner     426503.990666
yllcorner     12745655.311160
cellsize      100.000000
NODATA_value  0.000000
1325 1919 1633 0 0 0 0 0 0 0 0 0 0 0 0 
1325 0 2171 2171 0 0 0 0 0 0 0 0 0 0 0 
9782 48945 48787 31048 2171 0 0 0 0 0 0 0 0 0 0 
24427 48945 48945 47954 27054 2171 0 0 0 0 0 0 0 0 0 
12985 36190 48945 48945 34883 2171 3020 0 0 0 0 0 0 0 0 
12985 32434 48945 48945 47954 34883 1633 0 0 0 0 0 0 0 0 
24427 4859 48945 48945 48787 34883 34883 1633 0 0 0 0 0 0 0 
24427 28473 48945 48945 48945 46447 34883 34883 0 0 0 0 0 0 0 
24427 20417 48945 48945 48945 48945 48945 34883 2171 0 0 0 0 0 0 
24427 24427 42646 48945 48945 48945 46447 34883 34883 0 0 0 0 0 0 
24427 39629 39629 48945 48945 48945 44313 34883 31048 31048 0 0 0 0 0 
0 9782 48918 48945 48945 48945 48945 44313 46447 34883 0 0 0 0 0 
0 16565 36190 36190 12985 48945 48945 47954 1443 31048 34883 0 0 0 0 
0 16565 32434 36190 36190 48945 48945 48945 48945 47954 34883 0 0 0 0 
0 24427 9782 48945 48945 48945 48945 48945 48945 48787 34883 31048 0 0 0 
0 24427 32434 9782 47066 48945 48945 48945 48945 48787 34883 34883 0 0 0 
0 0 7049 12985 47066 48918 48945 48945 48945 48945 48787 47954 0 0 0 
0 0 32434 28473 45150 48945 48945 48945 48945 47954 47954 2033 34883 0 0 
0 0 20417 12985 45150 48945 48945 48945 48945 47954 47954 34883 47954 0 0 
0 0 0 28473 47066 42646 39629 48945 48945 48945 48945 47954 47954 0 0 
0 0 0 39629 45150 36190 48945 48945 48945 48945 48945 48945 48945 34883 0 
0 0 0 0 47066 36190 48945 36190 48945 48945 47954 48945 47954 47954 0 
0 0 0 0 48918 32434 48945 48945 48945 48945 46447 48945 48945 34883 0 
0 0 0 0 0 9782 48945 9782 48945 48945 48945 48945 47954 48787 0 
0 0 0 0 0 36190 12985 12985 9782 48945 48945 48787 47954 48945 0 
0 0 0 0 0 0 48334 48945 48945 48945 48945 47954 48945 48945 48945 
0 0 0 0 0 0 45150 48918 48945 48945 48945 48945 48945 48945 48945 
0 0 0 0 0 0 0 48945 48945 48945 48945 48945 48945 48945 48945 
0 0 0 0 0 0 0 39629 48945 36190 48945 48945 48945 48945 46447 
0 0 0 0 0 0 0 0 48945 48945 48945 48945 48945 48945 48945 
0 0 0 0 0 0 0 0 0 48945 48945 48945 48945 48945 48945 
0 0 0 0 0 0 0 0 0 0 42646 48945 48945 48945 48945 
0 0 0 0 0 0 0 0 0 0 0 48945 48945 48945 0 
