test/output/constant/M385_S060_A000_WD315.0_WS040.0/M385_S060_A000_WD315.0_WS040.0_ros.asc
ncols         15
nrows         32
xllcorner     425303.990666
yllcorner     12745755.311160
cellsize      100.000000
NODATA_value  0.000000
0.000000 0.000000 0.000000 0.000000 0.000000 0.000000 0.000000 0.000000 0.000000 0.000000 0.000000 0.000000 2.953609 2.953609 1.560870 
0.000000 0.000000 0.000000 0.000000 0.000000 0.000000 0.000000 0.000000 0.000000 0.000000 4.177400 4.177400 2.953609 -1.000000 1.449707 
0.000000 0.000000 0.000000 0.000000 0.000000 0.000000 0.000000 0.000000 0.000000 0.000000 2.953609 2.953609 53.077087 53.077087 5.360840 
0.000000 0.000000 0.000000 0.000000 0.000000 0.000000 0.000000 0.000000 0.000000 2.953609 2.953609 39.328926 53.077087 45.354515 13.514544 
0.000000 0.000000 0.000000 0.000000 0.000000 0.000000 0.000000 0.000000 4.177400 4.177400 4.177400 53.077087 53.077087 21.245102 10.249849 
0.000000 0.000000 0.000000 0.000000 0.000000 0.000000 0.000000 0.000000 43.013077 5.945276 39.328926 53.077087 53.077087 21.245102 17.215378 
0.000000 0.000000 0.000000 0.000000 0.000000 0.000000 0.000000 5.945276 39.328926 39.328926 53.077087 53.077087 21.245102 17.215378 17.215378 
0.000000 0.000000 0.000000 0.000000 0.000000 0.000000 2.953609 2.953609 4.177400 39.328926 53.077087 53.077087 13.514544 21.245102 10.249849 
0.000000 0.000000 0.000000 0.000000 0.000000 0.000000 2.953609 4.177400 5.945276 53.077087 53.077087 53.077087 7.510775 10.249849 10.249849 
0.000000 0.000000 0.000000 0.000000 0.000000 4.177400 43.013077 39.328926 4.177400 53.077087 53.077087 38.177044 21.245102 7.510775 13.514544 
0.000000 0.000000 0.000000 0.000000 0.000000 39.328926 4.177400 43.013077 53.077087 53.077087 34.079830 17.215378 17.215378 25.484262 0.000000 
0.000000 0.000000 0.000000 0.000000 39.328926 1.449707 4.177400 43.013077 53.077087 53.077087 34.079830 21.245102 34.079830 10.249849 0.000000 
0.000000 0.000000 0.000000 0.000000 4.177400 1.449707 1.971088 53.077087 52.388950 53.077087 13.514544 29.805882 21.245102 17.215378 0.000000 
0.000000 0.000000 0.000000 0.000000 2.953609 43.013077 43.013077 53.077087 53.077087 53.077087 21.245102 5.360840 21.245102 13.514544 0.000000 
0.000000 0.000000 0.000000 39.328926 4.177400 2.530750 52.388950 53.077087 53.077087 53.077087 41.973591 21.245102 17.215378 0.000000 0.000000 
0.000000 0.000000 0.000000 5.945276 5.945276 43.013077 53.077087 53.077087 53.077087 29.805882 10.249849 17.215378 17.215378 0.000000 0.000000 
0.000000 0.000000 0.000000 46.250923 4.177400 53.077087 53.077087 53.077087 34.079830 17.215378 21.245102 21.245102 21.245102 0.000000 0.000000 
0.000000 0.000000 4.177400 5.945276 4.177400 53.077087 53.077087 53.077087 38.177044 29.805882 38.177044 7.510775 0.000000 0.000000 0.000000 
0.000000 0.000000 39.328926 2.530750 53.077087 53.077087 52.388950 53.077087 38.177044 48.217396 13.514544 17.215378 0.000000 0.000000 0.000000 
0.000000 0.000000 46.250923 4.177400 53.077087 53.077087 53.077087 53.077087 17.215378 34.079830 21.245102 10.249849 0.000000 0.000000 0.000000 
0.000000 43.013077 46.250923 53.077087 53.077087 53.077087 53.077087 21.245102 13.514544 41.973591 17.215378 0.000000 0.000000 0.000000 0.000000 
0.000000 4.177400 43.013077 53.077087 53.035740 53.077087 53.077087 21.245102 7.510775 21.245102 17.215378 0.000000 0.000000 0.000000 0.000000 
0.000000 46.250923 53.077087 48.944206 48.944206 53.077087 17.215378 29.805882 17.215378 21.245102 0.000000 0.000000 0.000000 0.000000 0.000000 
0.000000 43.013077 53.077087 53.077087 53.077087 53.077087 53.077087 50.475471 21.245102 17.215378 0.000000 0.000000 0.000000 0.000000 0.000000 
0.000000 11.192993 53.077087 53.077087 53.077087 21.245102 38.177044 21.245102 17.215378 0.000000 0.000000 0.000000 0.000000 0.000000 0.000000 
43.013077 53.077087 53.077087 52.388950 53.077087 53.077087 21.245102 45.354515 41.973591 0.000000 0.000000 0.000000 0.000000 0.000000 0.000000 
53.077087 53.077087 53.077087 53.077087 38.177044 45.354515 41.973591 45.354515 0.000000 0.000000 0.000000 0.000000 0.000000 0.000000 0.000000 
53.077087 53.077087 53.077087 53.077087 53.077087 17.215378 17.215378 0.000000 0.000000 0.000000 0.000000 0.000000 0.000000 0.000000 0.000000 
53.077087 53.077087 53.077087 53.077087 53.077087 53.077087 41.973591 0.000000 0.000000 0.000000 0.000000 0.000000 0.000000 0.000000 0.000000 
52.388950 53.077087 53.077087 53.077087 34.079830 17.215378 0.000000 0.000000 0.000000 0.000000 0.000000 0.000000 0.000000 0.000000 0.000000 
0.000000 53.077087 53.077087 53.077087 34.079830 0.000000 0.000000 0.000000 0.000000 0.000000 0.000000 0.000000 0.000000 0.000000 0.000000 
0.000000 53.077087 52.923893 0.000000 0.000000 0.000000 0.000000 0.000000 0.000000 0.000000 0.000000 0.000000 0.000000 0.000000 0.000000 
