test/output/constant/M290_S060_A180_WD270.0_WS015.0/M290_S060_A180_WD270.0_WS015.0_arrival.asc
ncols         33
nrows         7
xllcorner     426603.990666
yllcorner     12748455.311160
cellsize      100.000000
NODATA_value  0.000000
0.000000 0.000000 0.000000 0.000000 0.000000 0.000000 0.000000 0.000000 0.000000 0.000000 0.000000 166.039825 166.038777 166.038253 166.038253 166.037729 166.037729 166.037729 166.037729 166.038253 166.038777 166.039825 166.040873 166.041397 0.000000 0.000000 0.000000 0.000000 0.000000 0.000000 0.000000 0.000000 0.000000 
0.000000 0.000000 0.000000 166.038253 166.031441 166.027249 166.025153 166.023581 166.023057 166.023057 166.022533 166.022533 166.023581 166.024105 166.025153 166.026201 166.026725 166.027773 166.028821 166.029869 166.030917 166.031965 166.033013 166.034061 166.035633 166.036681 166.037729 166.038777 166.040349 166.041397 0.000000 0.000000 0.000000 
166.031441 166.011528 166.008384 166.007860 166.007860 166.008384 166.009432 166.010480 166.011528 166.012576 166.014148 166.015196 166.016768 166.017816 166.019388 166.020437 166.021485 166.023057 166.024105 166.025677 166.026725 166.028297 166.029345 166.030917 166.031965 166.033013 166.034585 166.035633 166.037205 166.038253 166.039825 166.040873 0.000000 
166.000000 166.001048 166.002096 166.003668 166.004716 166.006288 166.007336 166.008908 166.009956 166.011528 166.012576 166.014148 166.015196 166.016768 166.017816 166.019388 166.020437 166.022009 166.023057 166.024629 166.025677 166.027249 166.028297 166.029869 166.030917 166.032489 166.033537 166.035109 166.036157 166.037729 166.038777 166.040349 166.041397 
166.031441 166.011528 166.008384 166.007860 166.007860 166.008384 166.009432 166.010480 166.011528 166.012576 166.014148 166.015196 166.016768 166.017816 166.019388 166.020437 166.021485 166.023057 166.024105 166.025677 166.026725 166.028297 166.029345 166.030917 166.031965 166.033013 166.034585 166.035633 166.037205 166.038253 166.039825 166.040873 0.000000 
0.000000 0.000000 0.000000 166.038253 166.031441 166.027249 166.025153 166.023581 166.023057 166.023057 166.022533 166.022533 166.023581 166.024105 166.025153 166.026201 166.026725 166.027773 166.028821 166.029869 166.030917 166.031965 166.033013 166.034061 166.035633 166.036681 166.037729 166.038777 166.040349 166.041397 0.000000 0.000000 0.000000 
0.000000 0.000000 0.000000 0.000000 0.000000 0.000000 0.000000 0.000000 0.000000 0.000000 0.000000 166.039825 166.038777 166.038253 166.038253 166.037729 166.037729 166.037729 166.037729 166.038253 166.038777 166.039825 166.040873 166.041397 0.000000 0.000000 0.000000 0.000000 0.000000 0.000000 0.000000 0.000000 0.000000 
