test/output/constant/M295_S060_A270_WD135.0_WS015.0/M295_S060_A270_WD135.0_WS015.0_arrival.asc
ncols         11
nrows         30
xllcorner     425703.990666
yllcorner     12748755.311160
cellsize      100.000000
NODATA_value  0.000000
0.000000 166.040984 166.040984 0.000000 0.000000 0.000000 0.000000 0.000000 0.000000 0.000000 0.000000 
0.000000 166.039891 166.039891 166.040438 0.000000 0.000000 0.000000 0.000000 0.000000 0.000000 0.000000 
166.041667 166.038798 166.038252 166.038798 166.040984 0.000000 0.000000 0.000000 0.000000 0.000000 0.000000 
166.041531 166.037705 166.036612 166.037159 166.038798 0.000000 0.000000 0.000000 0.000000 0.000000 0.000000 
166.041531 166.037159 166.035520 166.035520 166.036612 166.040984 0.000000 0.000000 0.000000 0.000000 0.000000 
166.041531 166.037159 166.033880 166.033880 166.034427 166.038252 0.000000 0.000000 0.000000 0.000000 0.000000 
0.000000 166.036612 166.033334 166.032787 166.032787 166.035520 166.041531 0.000000 0.000000 0.000000 0.000000 
0.000000 166.036612 166.032241 166.031148 166.031148 166.033334 166.038252 0.000000 0.000000 0.000000 0.000000 
0.000000 166.037159 166.032241 166.029509 166.029509 166.031148 166.035520 0.000000 0.000000 0.000000 0.000000 
0.000000 166.037705 166.031694 166.028416 166.028416 166.028962 166.032787 166.040438 0.000000 0.000000 0.000000 
0.000000 166.038798 166.031694 166.027869 166.026776 166.027323 166.030055 166.037159 0.000000 0.000000 0.000000 
0.000000 166.039891 166.032241 166.027323 166.025137 166.025683 166.027869 166.033880 0.000000 0.000000 0.000000 
0.000000 166.041531 166.032787 166.026776 166.024044 166.024044 166.025683 166.031148 166.040984 0.000000 0.000000 
0.000000 0.000000 166.033880 166.027323 166.022951 166.022405 166.022951 166.027869 166.037159 0.000000 0.000000 
0.000000 0.000000 166.035520 166.027323 166.022405 166.021312 166.021312 166.025137 166.033334 0.000000 0.000000 
0.000000 0.000000 166.037705 166.027869 166.022405 166.019672 166.019672 166.022405 166.030055 0.000000 0.000000 
0.000000 0.000000 166.041531 166.029509 166.022405 166.018579 166.018033 166.019672 166.026776 166.039891 0.000000 
0.000000 0.000000 0.000000 166.031148 166.022405 166.017487 166.016940 166.017487 166.023498 166.036066 0.000000 
0.000000 0.000000 0.000000 166.034973 166.023498 166.017487 166.015301 166.015847 166.020765 166.032241 0.000000 
0.000000 0.000000 0.000000 166.040438 166.025137 166.017487 166.013661 166.014208 166.017487 166.028416 0.000000 
0.000000 0.000000 0.000000 0.000000 166.028416 166.017487 166.012568 166.012568 166.014754 166.024590 0.000000 
0.000000 0.000000 0.000000 0.000000 166.033334 166.019126 166.012568 166.010929 166.012022 166.020765 0.000000 
0.000000 0.000000 0.000000 0.000000 166.041531 166.021858 166.012568 166.009836 166.009836 166.017487 0.000000 
0.000000 0.000000 0.000000 0.000000 0.000000 166.026776 166.013115 166.008197 166.008197 166.013661 0.000000 
0.000000 0.000000 0.000000 0.000000 0.000000 166.036612 166.014754 166.007650 166.006557 166.010383 166.040984 
0.000000 0.000000 0.000000 0.000000 0.000000 0.000000 166.020765 166.007650 166.005465 166.007104 166.037705 
0.000000 0.000000 0.000000 0.000000 0.000000 0.000000 166.031148 166.008743 166.003825 166.004372 166.036066 
0.000000 0.000000 0.000000 0.000000 0.000000 0.000000 0.000000 166.014754 166.002732 166.002186 166.034973 
0.000000 0.000000 0.000000 0.000000 0.000000 0.000000 0.000000 166.031694 166.002732 166.001093 166.034427 
0.000000 0.000000 0.000000 0.000000 0.000000 0.000000 0.000000 0.000000 166.012022 166.000000 0.000000 
