test/output/constant/M3M490_S060_A180_WD090.0_WS010.0/M3M490_S060_A180_WD090.0_WS010.0_arrival.asc
ncols         37
nrows         11
xllcorner     426503.990666
yllcorner     12748255.311160
cellsize      100.000000
NODATA_value  0.000000
0.000000 0.000000 0.000000 0.000000 0.000000 0.000000 0.000000 0.000000 0.000000 0.000000 0.000000 0.000000 0.000000 0.000000 0.000000 0.000000 0.000000 166.041480 166.041003 166.041003 166.041003 166.041003 166.041003 166.041480 0.000000 0.000000 0.000000 0.000000 0.000000 0.000000 0.000000 0.000000 0.000000 0.000000 0.000000 0.000000 0.000000 
0.000000 0.000000 0.000000 0.000000 0.000000 0.000000 0.000000 166.041480 166.038143 166.035759 166.034328 166.033375 166.032898 166.032421 166.031944 166.031944 166.031944 166.031944 166.032421 166.032898 166.033375 166.034328 166.034805 166.035759 166.036712 166.037189 166.038143 166.039096 166.040050 166.041003 166.041480 0.000000 0.000000 0.000000 0.000000 0.000000 0.000000 
0.000000 0.000000 0.000000 0.000000 166.035282 166.030514 166.027177 166.025270 166.023839 166.023362 166.022886 166.022886 166.022886 166.022886 166.023362 166.024316 166.024793 166.025746 166.026700 166.027177 166.028130 166.029084 166.030037 166.030991 166.031944 166.032898 166.033852 166.034805 166.035759 166.037189 166.038143 166.039096 166.040527 166.041480 0.000000 0.000000 0.000000 
0.000000 166.036712 166.026223 166.019548 166.016211 166.014780 166.014303 166.013827 166.013827 166.014303 166.014780 166.015734 166.016687 166.017641 166.018118 166.019071 166.020025 166.021455 166.022409 166.023362 166.024316 166.025746 166.026700 166.027653 166.029084 166.030037 166.031468 166.032421 166.033852 166.034805 166.035759 166.037189 166.038143 166.039096 166.040527 166.041480 0.000000 
166.029084 166.009536 166.005245 166.004768 166.004768 166.005721 166.006675 166.007629 166.008582 166.010012 166.010966 166.012396 166.013350 166.014303 166.015734 166.016687 166.018118 166.019071 166.020502 166.021455 166.022409 166.023839 166.024793 166.026223 166.027177 166.028607 166.029561 166.030991 166.031944 166.033375 166.034328 166.035759 166.036712 166.038143 166.039096 166.040527 166.041480 
166.019548 166.000000 166.000954 166.001907 166.003337 166.004291 166.005721 166.006675 166.008105 166.009059 166.010489 166.011443 166.012873 166.013827 166.015257 166.016211 166.017641 166.018595 166.020025 166.020978 166.022409 166.023362 166.024793 166.025746 166.027177 166.028130 166.029561 166.030514 166.031944 166.032898 166.034328 166.035282 166.036712 166.037666 166.039096 166.040050 166.041480 
166.029084 166.009536 166.005245 166.004768 166.004768 166.005721 166.006675 166.007629 166.008582 166.010012 166.010966 166.012396 166.013350 166.014303 166.015734 166.016687 166.018118 166.019071 166.020502 166.021455 166.022409 166.023839 166.024793 166.026223 166.027177 166.028607 166.029561 166.030991 166.031944 166.033375 166.034328 166.035759 166.036712 166.038143 166.039096 166.040527 166.041480 
0.000000 166.036712 166.026223 166.019548 166.016211 166.014780 166.014303 166.013827 166.013827 166.014303 166.014780 166.015734 166.016687 166.017641 166.018118 166.019071 166.020025 166.021455 166.022409 166.023362 166.024316 166.025746 166.026700 166.027653 166.029084 166.030037 166.031468 166.032421 166.033852 166.034805 166.035759 166.037189 166.038143 166.039096 166.040527 166.041480 0.000000 
0.000000 0.000000 0.000000 0.000000 166.035282 166.030514 166.027177 166.025270 166.023839 166.023362 166.022886 166.022886 166.022886 166.022886 166.023362 166.024316 166.024793 166.025746 166.026700 166.027177 166.028130 166.029084 166.030037 166.030991 166.031944 166.032898 166.033852 166.034805 166.035759 166.037189 166.038143 166.039096 166.040527 166.041480 0.000000 0.000000 0.000000 
0.000000 0.000000 0.000000 0.000000 0.000000 0.000000 0.000000 166.041480 166.038143 166.035759 166.034328 166.033375 166.032898 166.032421 166.031944 166.031944 166.031944 166.031944 166.032421 166.032898 166.033375 166.034328 166.034805 166.035759 166.036712 166.037189 166.038143 166.039096 166.040050 166.041003 166.041480 0.000000 0.000000 0.000000 0.000000 0.000000 0.000000 
0.000000 0.000000 0.000000 0.000000 0.000000 0.000000 0.000000 0.000000 0.000000 0.000000 0.000000 0.000000 0.000000 0.000000 0.000000 0.000000 0.000000 166.041480 166.041003 166.041003 166.041003 166.041003 166.041003 166.041480 0.000000 0.000000 0.000000 0.000000 0.000000 0.000000 0.000000 0.000000 0.000000 0.000000 0.000000 0.000000 0.000000 
