test/output/constant/S3_S000_A270_WD000.0_WS050.0/S3_S000_A270_WD000.0_WS050.0_arrival.asc
ncols         7
nrows         38
xllcorner     426303.990666
yllcorner     12745055.311160
cellsize      100.000000
NODATA_value  0.000000
0.000000 0.000000 0.000000 166.000000 0.000000 0.000000 0.000000 
0.000000 0.000000 166.012297 166.000911 166.012297 0.000000 0.000000 
0.000000 0.000000 166.008653 166.001822 166.008653 0.000000 0.000000 
0.000000 166.040989 166.007742 166.003188 166.007742 166.040989 0.000000 
0.000000 166.033702 166.007287 166.004099 166.007287 166.033702 0.000000 
0.000000 166.028237 166.007742 166.005465 166.007742 166.028237 0.000000 
0.000000 166.025504 166.008653 166.006376 166.008653 166.025504 0.000000 
0.000000 166.024138 166.009564 166.007742 166.009564 166.024138 0.000000 
0.000000 166.023227 166.010475 166.008653 166.010475 166.023227 0.000000 
0.000000 166.022316 166.011386 166.010019 166.011386 166.022316 0.000000 
0.000000 166.021861 166.012297 166.010930 166.012297 166.021861 0.000000 
166.040989 166.021861 166.013663 166.012297 166.013663 166.021861 166.040989 
166.039622 166.021861 166.014574 166.013207 166.014574 166.021861 166.039622 
166.038711 166.022316 166.015485 166.014574 166.015485 166.022316 166.038711 
166.037801 166.023227 166.016851 166.015485 166.016851 166.023227 166.037801 
166.036890 166.023682 166.017762 166.016851 166.017762 166.023682 166.036890 
166.036434 166.024593 166.018673 166.017762 166.018673 166.024593 166.036434 
166.036434 166.025504 166.020039 166.019128 166.020039 166.025504 166.036434 
166.036434 166.025959 166.020950 166.020039 166.020950 166.025959 166.036434 
166.036434 166.026870 166.022316 166.021405 166.022316 166.026870 166.036434 
166.036434 166.027781 166.023227 166.022316 166.023227 166.027781 166.036434 
166.036890 166.028692 166.024138 166.023682 166.024138 166.028692 166.036890 
166.037345 166.029603 166.025504 166.024593 166.025504 166.029603 166.037345 
166.038256 166.030514 166.026415 166.025959 166.026415 166.030514 166.038256 
166.038711 166.031425 166.027781 166.026870 166.027781 166.031425 166.038711 
166.039622 166.032335 166.028692 166.028237 166.028692 166.032335 166.039622 
166.040533 166.033702 166.030058 166.029147 166.030058 166.033702 166.040533 
166.041444 166.034613 166.030969 166.030514 166.030969 166.034613 166.041444 
0.000000 166.035523 166.032335 166.031425 166.032335 166.035523 0.000000 
0.000000 166.036890 166.033246 166.032791 166.033246 166.036890 0.000000 
0.000000 166.037801 166.034613 166.033702 166.034613 166.037801 0.000000 
0.000000 166.038711 166.035523 166.035068 166.035523 166.038711 0.000000 
0.000000 166.039622 166.036890 166.035979 166.036890 166.039622 0.000000 
0.000000 166.040989 166.037801 166.037345 166.037801 166.040989 0.000000 
0.000000 0.000000 166.039167 166.038256 166.039167 0.000000 0.000000 
0.000000 0.000000 166.040078 166.039622 166.040078 0.000000 0.000000 
0.000000 0.000000 166.041444 166.040533 166.041444 0.000000 0.000000 
0.000000 0.000000 0.000000 166.041667 0.000000 0.000000 0.000000 
