test/output/constant/M350_S060_A000_WD090.0_WS035.0/M350_S060_A000_WD090.0_WS035.0_arrival.asc
ncols         40
nrows         5
xllcorner     422703.990666
yllcorner     12748555.311160
cellsize      100.000000
NODATA_value  0.000000
0.000000 0.000000 0.000000 0.000000 0.000000 166.041456 166.040592 166.039297 166.038433 166.037570 166.036274 166.035842 166.034979 166.034115 166.033251 166.032388 166.031524 166.030660 166.029797 166.029365 166.028501 166.027637 166.027206 166.026342 166.025910 166.025910 166.026342 166.026342 166.027206 166.028069 166.028933 166.030660 166.033251 166.036274 0.000000 0.000000 0.000000 0.000000 0.000000 0.000000 
0.000000 166.041667 166.040592 166.039729 166.038433 166.037570 166.036274 166.035410 166.034547 166.033251 166.032388 166.031092 166.030228 166.028933 166.028069 166.027206 166.025910 166.025046 166.023751 166.022887 166.021592 166.020728 166.019433 166.018569 166.017705 166.016410 166.015546 166.014251 166.013387 166.012523 166.011660 166.010796 166.009932 166.009069 166.009069 166.009069 166.009932 166.012091 166.020296 0.000000 
166.041667 166.040592 166.039729 166.038433 166.037570 166.036274 166.035410 166.034115 166.033251 166.031956 166.031092 166.029797 166.028933 166.027637 166.026774 166.025478 166.024615 166.023319 166.022455 166.021160 166.020296 166.019001 166.018137 166.016842 166.015978 166.014682 166.013819 166.012523 166.011660 166.010364 166.009500 166.008205 166.007341 166.006046 166.005182 166.003887 166.003023 166.001727 166.000864 166.000000 
0.000000 166.041667 166.040592 166.039729 166.038433 166.037570 166.036274 166.035410 166.034547 166.033251 166.032388 166.031092 166.030228 166.028933 166.028069 166.027206 166.025910 166.025046 166.023751 166.022887 166.021592 166.020728 166.019433 166.018569 166.017705 166.016410 166.015546 166.014251 166.013387 166.012523 166.011660 166.010796 166.009932 166.009069 166.009069 166.009069 166.009932 166.012091 166.020296 0.000000 
0.000000 0.000000 0.000000 0.000000 0.000000 166.041456 166.040592 166.039297 166.038433 166.037570 166.036274 166.035842 166.034979 166.034115 166.033251 166.032388 166.031524 166.030660 166.029797 166.029365 166.028501 166.027637 166.027206 166.026342 166.025910 166.025910 166.026342 166.026342 166.027206 166.028069 166.028933 166.030660 166.033251 166.036274 0.000000 0.000000 0.000000 0.000000 0.000000 0.000000 
