test/output/constant/C2_S060_A000_WD090.0_WS010.0/C2_S060_A000_WD090.0_WS010.0_arrival.asc
ncols         29
nrows         7
xllcorner     423803.990666
yllcorner     12748455.311160
cellsize      100.000000
NODATA_value  0.000000
0.000000 0.000000 0.000000 0.000000 0.000000 0.000000 0.000000 0.000000 0.000000 166.041664 166.040457 166.039853 166.039249 166.039249 166.039249 166.039249 166.039853 166.040457 166.041060 0.000000 0.000000 0.000000 0.000000 0.000000 0.000000 0.000000 0.000000 0.000000 0.000000 
0.000000 0.000000 0.000000 166.041060 166.039853 166.038645 166.036834 166.035626 166.034418 166.033211 166.032003 166.030795 166.029588 166.028380 166.027776 166.026569 166.025361 166.024153 166.023549 166.023549 166.023549 166.024153 166.024757 166.026569 166.029588 166.035022 0.000000 0.000000 0.000000 
0.000000 166.041060 166.039249 166.038041 166.036230 166.035022 166.033815 166.032003 166.030795 166.028984 166.027776 166.025965 166.024757 166.023549 166.021738 166.020530 166.018719 166.017511 166.015700 166.014492 166.013284 166.011473 166.010265 166.009661 166.008454 166.007850 166.008454 166.010869 166.028984 
166.041664 166.040457 166.038645 166.037437 166.035626 166.034418 166.032607 166.031399 166.029588 166.028380 166.026569 166.025361 166.023549 166.022342 166.020530 166.019323 166.017511 166.016303 166.014492 166.013284 166.011473 166.010265 166.008454 166.007246 166.005434 166.004227 166.002415 166.001208 166.000000 
0.000000 166.041060 166.039249 166.038041 166.036230 166.035022 166.033815 166.032003 166.030795 166.028984 166.027776 166.025965 166.024757 166.023549 166.021738 166.020530 166.018719 166.017511 166.015700 166.014492 166.013284 166.011473 166.010265 166.009661 166.008454 166.007850 166.008454 166.010869 166.028984 
0.000000 0.000000 0.000000 166.041060 166.039853 166.038645 166.036834 166.035626 166.034418 166.033211 166.032003 166.030795 166.029588 166.028380 166.027776 166.026569 166.025361 166.024153 166.023549 166.023549 166.023549 166.024153 166.024757 166.026569 166.029588 166.035022 0.000000 0.000000 0.000000 
0.000000 0.000000 0.000000 0.000000 0.000000 0.000000 0.000000 0.000000 0.000000 166.041664 166.040457 166.039853 166.039249 166.039249 166.039249 166.039249 166.039853 166.040457 166.041060 0.000000 0.000000 0.000000 0.000000 0.000000 0.000000 0.000000 0.000000 0.000000 0.000000 
