test/output/constant/M465_S060_A000_WD045.0_WS015.0/M465_S060_A000_WD045.0_WS015.0_arrival.asc
ncols         27
nrows         9
xllcorner     424003.990666
yllcorner     12748055.311160
cellsize      100.000000
NODATA_value  0.000000
0.000000 0.000000 0.000000 0.000000 0.000000 0.000000 0.000000 0.000000 0.000000 0.000000 0.000000 0.000000 0.000000 0.000000 0.000000 0.000000 0.000000 0.000000 0.000000 0.000000 0.000000 0.000000 0.000000 166.039779 166.038535 0.000000 0.000000 
0.000000 0.000000 0.000000 0.000000 0.000000 0.000000 0.000000 0.000000 0.000000 0.000000 0.000000 0.000000 0.000000 0.000000 166.040400 166.036049 166.032320 166.027969 166.023619 166.019268 166.015538 166.011188 166.008080 166.004972 166.002486 166.001243 166.000000 
0.000000 0.000000 0.000000 0.000000 0.000000 0.000000 0.000000 0.000000 0.000000 0.000000 166.041643 166.037292 166.033563 166.029834 166.026726 166.022997 166.019268 166.016160 166.013674 166.011188 166.009323 166.007458 166.006215 166.004351 166.003108 166.003108 166.014917 
0.000000 0.000000 0.000000 0.000000 0.000000 0.000000 0.000000 166.041643 166.037914 166.034185 166.031077 166.027969 166.024862 166.022375 166.019889 166.017403 166.015538 166.014295 166.012431 166.011188 166.009323 166.008702 166.008702 166.010566 166.018025 166.038535 0.000000 
0.000000 0.000000 0.000000 0.000000 0.000000 166.039779 166.036671 166.033563 166.031077 166.028591 166.026105 166.024240 166.022375 166.020511 166.019268 166.017403 166.015538 166.014917 166.014295 166.014295 166.015538 166.018025 166.024862 166.037914 0.000000 0.000000 0.000000 
0.000000 0.000000 0.000000 166.039779 166.037292 166.034806 166.032320 166.030455 166.028591 166.027348 166.025483 166.023619 166.022375 166.021132 166.020511 166.019889 166.020511 166.021132 166.022375 166.026105 166.032942 0.000000 0.000000 0.000000 0.000000 0.000000 0.000000 
0.000000 166.041022 166.039157 166.037292 166.035428 166.033563 166.032320 166.030455 166.028591 166.027348 166.026105 166.026105 166.026105 166.026105 166.026726 166.027969 166.030455 166.034185 166.041022 0.000000 0.000000 0.000000 0.000000 0.000000 0.000000 0.000000 0.000000 
166.041643 166.040400 166.038535 166.036671 166.035428 166.033563 166.032942 166.031699 166.031699 166.031699 166.031699 166.032320 166.033563 166.034806 166.037914 0.000000 0.000000 0.000000 0.000000 0.000000 0.000000 0.000000 0.000000 0.000000 0.000000 0.000000 0.000000 
166.041643 166.040400 166.039157 166.037914 166.037914 166.037292 166.037292 166.037292 166.037914 166.039157 166.040400 0.000000 0.000000 0.000000 0.000000 0.000000 0.000000 0.000000 0.000000 0.000000 0.000000 0.000000 0.000000 0.000000 0.000000 0.000000 0.000000 
