test/output/constant/M365_S060_A270_WD135.0_WS015.0/M365_S060_A270_WD135.0_WS015.0_intensity.asc
ncols         13
nrows         44
xllcorner     425503.990666
yllcorner     12748755.311160
cellsize      100.000000
NODATA_value  0.000000
0 62308 27608 0 0 0 0 0 0 0 0 0 0 
0 62308 62308 62308 0 0 0 0 0 0 0 0 0 
0 62308 62308 62308 22379 0 0 0 0 0 0 0 0 
62308 62308 62308 27608 22379 0 0 0 0 0 0 0 0 
62308 62308 62308 62308 48116 55975 0 0 0 0 0 0 0 
62308 62308 62308 62308 62308 27608 0 0 0 0 0 0 0 
62308 62308 62308 62257 62308 17430 48116 0 0 0 0 0 0 
55487 62308 62308 62308 62308 22379 27608 0 0 0 0 0 0 
47448 62308 60647 62308 60894 62050 48116 0 0 0 0 0 0 
0 62308 62308 62308 52361 60894 12910 38265 0 0 0 0 0 
0 62308 62308 62308 62308 62257 58848 22379 0 0 0 0 0 
0 47448 62308 62308 62308 62308 22379 60894 0 0 0 0 0 
0 42642 60647 62308 62308 22379 17430 43369 27608 0 0 0 0 
0 47448 62308 62308 62308 62308 32957 22379 17430 0 0 0 0 
0 42642 51773 60647 62308 62308 62308 55975 27608 0 0 0 0 
0 3075 47448 62308 62308 60894 27608 22379 27608 17430 0 0 0 
0 47448 47448 62308 62308 62308 27608 22379 8955 22379 0 0 0 
0 0 47448 62308 62308 62308 22379 22379 32957 27608 0 0 0 
0 0 42642 51773 62308 62308 62308 22379 43369 32957 0 0 0 
0 0 5372 51773 60647 62308 62308 38265 8955 8955 8955 0 0 
0 0 47448 47448 62201 62308 62308 27608 55975 22379 27608 0 0 
0 0 47448 42642 51773 62308 62308 58848 48116 27608 22379 0 0 
0 0 0 5372 51773 62308 62308 62050 27608 22379 17430 0 0 
0 0 0 42642 42642 62308 62308 62308 27608 27608 22379 0 0 
0 0 0 42642 47448 62308 62308 62308 32957 27608 22379 8955 0 
0 0 0 1576 3075 47448 62308 62308 58848 27608 17430 22379 0 
0 0 0 0 42642 3075 62308 62308 58848 58848 22379 17430 0 
0 0 0 0 1576 47448 58475 62308 62308 48116 27608 8955 0 
0 0 0 0 42642 1576 60647 62308 62308 22379 22379 22379 0 
0 0 0 0 37501 47448 3075 62308 62308 12910 22379 22379 0 
0 0 0 0 0 42642 47448 62308 62308 58848 27608 17430 0 
0 0 0 0 0 42642 3075 62308 62308 55975 38265 22379 0 
0 0 0 0 0 42642 42642 5372 62308 62308 58848 22379 0 
0 0 0 0 0 0 42642 1576 62308 62308 48116 22379 0 
0 0 0 0 0 0 3075 5372 62308 62308 22379 27608 22379 
0 0 0 0 0 0 42642 3075 48116 62308 58848 27608 22379 
0 0 0 0 0 0 0 1576 3075 62308 58848 17430 22379 
0 0 0 0 0 0 0 3075 42642 62308 62308 22379 12910 
0 0 0 0 0 0 0 3075 1576 47448 62308 12910 17430 
0 0 0 0 0 0 0 0 782 42642 62308 48116 22379 
0 0 0 0 0 0 0 0 1576 42642 62308 55975 22379 
0 0 0 0 0 0 0 0 0 782 62308 62308 8955 
0 0 0 0 0 0 0 0 0 782 47448 62308 8955 
0 0 0 0 0 0 0 0 0 0 782 0 396 
