test/output/constant/M3M495_S060_A000_WD270.0_WS010.0/M3M495_S060_A000_WD270.0_WS010.0_raz.asc
ncols         40
nrows         11
xllcorner     422803.990666
yllcorner     12748255.311160
cellsize      100.000000
NODATA_value  0.000000
0 0 0 0 0 0 0 0 0 0 0 0 276 279 276 274 281 281 333 333 350 279 333 281 279 350 0 0 0 0 0 0 0 0 0 0 0 0 0 0 
0 0 0 0 0 0 277 277 279 272 273 277 272 276 281 274 279 276 276 276 281 281 279 281 279 350 333 279 350 333 355 350 281 0 0 0 0 0 0 0 
0 0 0 270 272 277 270 279 272 274 270 274 272 273 272 273 274 276 279 273 277 273 277 273 274 283 281 281 279 281 279 355 279 350 360 18 18 0 0 0 
0 0 272 273 273 270 274 272 270 272 276 276 270 279 272 273 276 273 274 273 276 272 277 270 272 272 274 279 274 277 283 283 333 279 279 350 360 18 18 0 
0 272 272 272 273 273 273 273 273 273 273 273 273 273 273 274 276 274 279 272 270 274 270 281 273 274 276 273 273 270 279 274 272 279 281 277 279 281 18 18 
270 270 270 270 270 270 270 270 270 270 270 270 270 270 270 270 270 272 270 270 270 270 270 270 270 270 270 270 270 270 270 270 270 270 270 270 270 270 254 90 
0 270 270 270 270 270 270 270 270 270 270 270 270 270 270 270 270 270 270 270 270 270 270 270 270 270 263 270 270 270 270 270 270 270 270 262 260 258 90 161 
0 0 270 270 270 270 270 270 270 270 270 263 270 270 270 270 270 270 270 270 263 270 270 270 270 270 270 270 265 270 256 256 206 260 260 189 180 90 115 0 
0 0 0 270 270 262 270 270 270 265 270 270 270 270 270 270 270 263 270 270 270 270 262 270 265 270 258 258 260 258 260 184 260 189 180 90 90 0 0 0 
0 0 0 0 0 0 270 270 270 270 266 262 270 270 270 265 270 270 263 270 270 258 260 258 260 189 206 260 189 206 184 189 258 0 0 0 0 0 0 0 
0 0 0 0 0 0 0 0 0 0 0 0 270 270 270 265 258 258 206 206 189 260 206 258 260 189 0 0 0 0 0 0 0 0 0 0 0 0 0 0 
