test/output/constant/M390_S060_A180_WD090.0_WS025.0/M390_S060_A180_WD090.0_WS025.0_arrival.asc
ncols         22
nrows         11
xllcorner     426303.990666
yllcorner     12748255.311160
cellsize      100.000000
NODATA_value  0.000000
0.000000 0.000000 0.000000 0.000000 0.000000 0.000000 166.041667 166.039662 166.037859 166.037859 166.036958 166.036958 166.036958 166.037859 166.038760 166.039662 166.040563 0.000000 0.000000 0.000000 0.000000 0.000000 
0.000000 0.000000 0.000000 0.000000 166.036958 166.033352 166.030648 166.029746 166.028845 166.028845 166.028845 166.029746 166.030648 166.031549 166.033352 166.034253 166.036056 166.037859 166.039662 166.041465 0.000000 0.000000 
0.000000 0.000000 166.036056 166.029746 166.025239 166.022535 166.020732 166.020732 166.020732 166.021634 166.022535 166.023437 166.025239 166.027042 166.028845 166.030648 166.032451 166.034253 166.036958 166.038760 166.040563 0.000000 
0.000000 166.032451 166.023437 166.017127 166.013521 166.012620 166.012620 166.013521 166.014422 166.016225 166.018028 166.019831 166.021634 166.023437 166.026141 166.027944 166.029746 166.032451 166.034253 166.036958 166.038760 166.041465 
166.036056 166.023437 166.010817 166.005408 166.004507 166.005408 166.007211 166.009014 166.010817 166.013521 166.015324 166.018028 166.019831 166.022535 166.024338 166.027042 166.028845 166.031549 166.033352 166.036056 166.037859 166.040563 
166.035155 166.020732 166.007211 166.000000 166.001803 166.003606 166.006310 166.008113 166.010817 166.012620 166.015324 166.017127 166.019831 166.021634 166.024338 166.026141 166.028845 166.030648 166.033352 166.035155 166.037859 166.039662 
166.036056 166.023437 166.010817 166.005408 166.004507 166.005408 166.007211 166.009014 166.010817 166.013521 166.015324 166.018028 166.019831 166.022535 166.024338 166.027042 166.028845 166.031549 166.033352 166.036056 166.037859 166.040563 
0.000000 166.032451 166.023437 166.017127 166.013521 166.012620 166.012620 166.013521 166.014422 166.016225 166.018028 166.019831 166.021634 166.023437 166.026141 166.027944 166.029746 166.032451 166.034253 166.036958 166.038760 166.041465 
0.000000 0.000000 166.036056 166.029746 166.025239 166.022535 166.020732 166.020732 166.020732 166.021634 166.022535 166.023437 166.025239 166.027042 166.028845 166.030648 166.032451 166.034253 166.036958 166.038760 166.040563 0.000000 
0.000000 0.000000 0.000000 0.000000 166.036958 166.033352 166.030648 166.029746 166.028845 166.028845 166.028845 166.029746 166.030648 166.031549 166.033352 166.034253 166.036056 166.037859 166.039662 166.041465 0.000000 0.000000 
0.000000 0.000000 0.000000 0.000000 0.000000 0.000000 166.041667 166.039662 166.037859 166.037859 166.036958 166.036958 166.036958 166.037859 166.038760 166.039662 166.040563 0.000000 0.000000 0.000000 0.000000 0.000000 
