test/output/constant/M3M470_S060_A270_WD045.0_WS010.0/M3M470_S060_A270_WD045.0_WS010.0_arrival.asc
ncols         10
nrows         30
xllcorner     425803.990666
yllcorner     12748655.311160
cellsize      100.000000
NODATA_value  0.000000
0.000000 166.041219 166.041219 166.041667 0.000000 0.000000 0.000000 0.000000 0.000000 0.000000 
166.041219 166.040074 166.039502 166.040074 166.041667 0.000000 0.000000 0.000000 0.000000 0.000000 
166.040647 166.038357 166.038357 166.038357 166.039502 0.000000 0.000000 0.000000 0.000000 0.000000 
166.040074 166.037784 166.036639 166.036639 166.037784 166.040647 0.000000 0.000000 0.000000 0.000000 
166.039502 166.036639 166.035494 166.035494 166.036067 166.038357 0.000000 0.000000 0.000000 0.000000 
166.038929 166.035494 166.033777 166.033777 166.033777 166.036067 166.040074 0.000000 0.000000 0.000000 
166.038929 166.034922 166.032632 166.032060 166.032632 166.034349 166.037784 0.000000 0.000000 0.000000 
166.038929 166.034349 166.031487 166.030915 166.030915 166.032060 166.035494 166.041219 0.000000 0.000000 
166.038929 166.033777 166.030342 166.029197 166.029197 166.030342 166.033205 166.038357 0.000000 0.000000 
166.039502 166.033777 166.029770 166.028052 166.028052 166.028052 166.030915 166.036067 0.000000 0.000000 
166.040074 166.033777 166.029197 166.026907 166.026335 166.026335 166.029197 166.033777 166.040647 0.000000 
166.040647 166.033777 166.028625 166.025762 166.024617 166.025190 166.026907 166.031487 166.037784 0.000000 
166.041667 166.034349 166.028625 166.024617 166.023472 166.023472 166.024617 166.028625 166.035494 0.000000 
0.000000 166.034922 166.028625 166.024045 166.021755 166.021755 166.022900 166.026335 166.033205 0.000000 
0.000000 166.036067 166.029197 166.023472 166.020610 166.020610 166.020610 166.024045 166.030342 0.000000 
0.000000 166.037784 166.029197 166.023472 166.019465 166.018892 166.018892 166.021755 166.028052 166.039502 
0.000000 166.040074 166.030342 166.023472 166.018892 166.017175 166.017175 166.019465 166.025762 166.037212 
0.000000 0.000000 166.032060 166.024045 166.018320 166.016030 166.016030 166.017175 166.022900 166.034349 
0.000000 0.000000 166.034349 166.024617 166.018320 166.014885 166.014312 166.015457 166.020610 166.032060 
0.000000 0.000000 166.037784 166.025762 166.018320 166.013740 166.013167 166.013167 166.017747 166.029197 
0.000000 0.000000 0.000000 166.028625 166.018892 166.013167 166.011450 166.011450 166.015457 166.027480 
0.000000 0.000000 0.000000 166.032632 166.020037 166.013167 166.009732 166.009732 166.013167 166.024617 
0.000000 0.000000 0.000000 166.038357 166.022327 166.013167 166.008587 166.008587 166.010877 166.022327 
0.000000 0.000000 0.000000 0.000000 166.026907 166.014312 166.008015 166.006870 166.008587 166.019465 
0.000000 0.000000 0.000000 0.000000 166.033777 166.016602 166.008015 166.005725 166.005725 166.018320 
0.000000 0.000000 0.000000 0.000000 0.000000 166.022327 166.008587 166.004007 166.004007 166.016602 
0.000000 0.000000 0.000000 0.000000 0.000000 166.031487 166.010877 166.002862 166.002290 166.014885 
0.000000 0.000000 0.000000 0.000000 0.000000 0.000000 166.019465 166.002862 166.001145 166.015457 
0.000000 0.000000 0.000000 0.000000 0.000000 0.000000 166.036639 166.006870 166.000000 166.018892 
0.000000 0.000000 0.000000 0.000000 0.000000 0.000000 0.000000 166.038929 166.028625 0.000000 
