test/output/constant/S3_S060_A270_WD180.0_WS025.0/S3_S060_A270_WD180.0_WS025.0_arrival.asc
ncols         7
nrows         34
xllcorner     426303.990666
yllcorner     12748755.311160
cellsize      100.000000
NODATA_value  0.000000
0.000000 0.000000 0.000000 166.041667 0.000000 0.000000 0.000000 
0.000000 0.000000 166.041510 166.040485 166.041510 0.000000 0.000000 
0.000000 0.000000 166.039972 166.039460 166.039972 0.000000 0.000000 
0.000000 166.040997 166.038947 166.037923 166.038947 166.040997 0.000000 
0.000000 166.039972 166.037410 166.036898 166.037410 166.039972 0.000000 
0.000000 166.038947 166.036385 166.035360 166.036385 166.038947 0.000000 
0.000000 166.037923 166.034848 166.034335 166.034848 166.037923 0.000000 
0.000000 166.036385 166.033823 166.032798 166.033823 166.036385 0.000000 
166.040997 166.035360 166.032285 166.031773 166.032285 166.035360 166.040997 
166.039972 166.034335 166.031260 166.030236 166.031260 166.034335 166.039972 
166.039460 166.032798 166.029723 166.029211 166.029723 166.032798 166.039460 
166.038435 166.031773 166.028698 166.027673 166.028698 166.031773 166.038435 
166.037410 166.030748 166.027161 166.026648 166.027161 166.030748 166.037410 
166.036898 166.029723 166.026136 166.025111 166.026136 166.029723 166.036898 
166.035873 166.028186 166.025111 166.024086 166.025111 166.028186 166.035873 
166.035360 166.027673 166.023573 166.022549 166.023573 166.027673 166.035360 
166.034848 166.026648 166.022549 166.021524 166.022549 166.026648 166.034848 
166.034848 166.025623 166.021011 166.019986 166.021011 166.025623 166.034848 
166.034848 166.024598 166.019986 166.018961 166.019986 166.024598 166.034848 
166.034848 166.023573 166.018449 166.017424 166.018449 166.023573 166.034848 
166.034848 166.023061 166.017424 166.016399 166.017424 166.023061 166.034848 
166.035360 166.022036 166.015886 166.014862 166.015886 166.022036 166.035360 
166.036385 166.021011 166.014862 166.013837 166.014862 166.021011 166.036385 
166.037410 166.021011 166.013837 166.012299 166.013837 166.021011 166.037410 
166.038947 166.021011 166.012299 166.011274 166.012299 166.021011 166.038947 
0.000000 166.021011 166.011274 166.009737 166.011274 166.021011 0.000000 
0.000000 166.021524 166.010249 166.008712 166.010249 166.021524 0.000000 
0.000000 166.022549 166.009224 166.007175 166.009224 166.022549 0.000000 
0.000000 166.024598 166.008199 166.006150 166.008199 166.024598 0.000000 
0.000000 166.027161 166.007175 166.004612 166.007175 166.027161 0.000000 
0.000000 166.032798 166.007175 166.003587 166.007175 166.032798 0.000000 
0.000000 0.000000 166.007687 166.002050 166.007687 0.000000 0.000000 
0.000000 0.000000 166.009737 166.001025 166.009737 0.000000 0.000000 
0.000000 0.000000 166.033823 166.000000 166.033823 0.000000 0.000000 
