test/output/constant/C4_S060_A270_WD225.0_WS015.0/C4_S060_A270_WD225.0_WS015.0_arrival.asc
ncols         11
nrows         31
xllcorner     426503.990666
yllcorner     12748755.311160
cellsize      100.000000
NODATA_value  0.000000
0.000000 0.000000 0.000000 0.000000 0.000000 0.000000 0.000000 0.000000 166.040936 166.040936 166.041667 
0.000000 0.000000 0.000000 0.000000 0.000000 0.000000 0.000000 166.040412 166.039362 166.039362 166.040936 
0.000000 0.000000 0.000000 0.000000 0.000000 0.000000 166.041461 166.038837 166.038312 166.038312 166.040936 
0.000000 0.000000 0.000000 0.000000 0.000000 0.000000 166.039362 166.036738 166.036738 166.037263 166.040412 
0.000000 0.000000 0.000000 0.000000 0.000000 166.041461 166.037263 166.035688 166.035163 166.036213 166.040412 
0.000000 0.000000 0.000000 0.000000 0.000000 166.038837 166.035163 166.034114 166.034114 166.036213 166.040412 
0.000000 0.000000 0.000000 0.000000 0.000000 166.036213 166.033064 166.032539 166.033064 166.035688 166.040412 
0.000000 0.000000 0.000000 0.000000 166.039362 166.034114 166.031489 166.030965 166.032014 166.035688 166.040936 
0.000000 0.000000 0.000000 0.000000 166.036738 166.032014 166.029915 166.029915 166.031489 166.035688 0.000000 
0.000000 0.000000 0.000000 166.041461 166.034114 166.029915 166.028341 166.028341 166.030965 166.035688 0.000000 
0.000000 0.000000 0.000000 166.038837 166.031489 166.027816 166.027291 166.027291 166.030965 166.036213 0.000000 
0.000000 0.000000 0.000000 166.035688 166.028865 166.025716 166.025716 166.026766 166.030965 166.037263 0.000000 
0.000000 0.000000 0.000000 166.032539 166.026241 166.024667 166.024142 166.026241 166.030965 166.038837 0.000000 
0.000000 0.000000 166.038837 166.029390 166.024142 166.023092 166.023092 166.026241 166.032014 166.040412 0.000000 
0.000000 0.000000 166.035688 166.026766 166.022043 166.021518 166.022043 166.026241 166.033064 0.000000 0.000000 
0.000000 0.000000 166.032014 166.024142 166.020468 166.020468 166.021518 166.026241 166.034638 0.000000 0.000000 
0.000000 166.041667 166.028865 166.021518 166.018894 166.018894 166.021518 166.027291 166.037263 0.000000 0.000000 
0.000000 166.038312 166.025716 166.018894 166.017319 166.017844 166.021518 166.028865 166.040412 0.000000 0.000000 
0.000000 166.034638 166.022567 166.016794 166.016270 166.016794 166.022043 166.030440 0.000000 0.000000 0.000000 
0.000000 166.030965 166.019419 166.014695 166.014695 166.016794 166.023092 166.034114 0.000000 0.000000 0.000000 
0.000000 166.027291 166.016794 166.013645 166.013121 166.016794 166.024667 166.039362 0.000000 0.000000 0.000000 
0.000000 166.023617 166.014170 166.012071 166.012071 166.017319 166.027291 0.000000 0.000000 0.000000 0.000000 
0.000000 166.019943 166.011546 166.010496 166.012071 166.018369 166.033064 0.000000 0.000000 0.000000 0.000000 
0.000000 166.016794 166.009447 166.009447 166.012071 166.020993 166.040412 0.000000 0.000000 0.000000 0.000000 
0.000000 166.013121 166.007872 166.007872 166.012596 166.026766 0.000000 0.000000 0.000000 0.000000 0.000000 
166.039887 166.009972 166.006298 166.007348 166.014695 166.035163 0.000000 0.000000 0.000000 0.000000 0.000000 
166.036213 166.006823 166.005248 166.007348 166.020468 0.000000 0.000000 0.000000 0.000000 0.000000 0.000000 
166.033589 166.004199 166.003674 166.008397 166.030440 0.000000 0.000000 0.000000 0.000000 0.000000 0.000000 
166.032539 166.002099 166.002624 166.014170 0.000000 0.000000 0.000000 0.000000 0.000000 0.000000 0.000000 
166.035688 166.001050 166.002624 166.030965 0.000000 0.000000 0.000000 0.000000 0.000000 0.000000 0.000000 
0.000000 166.000000 166.012071 0.000000 0.000000 0.000000 0.000000 0.000000 0.000000 0.000000 0.000000 
