test/output/constant/M4100_S000_A090_WD270.0_WS045.0/M4100_S000_A090_WD270.0_WS045.0_arrival.asc
ncols         44
nrows         9
xllcorner     426603.990666
yllcorner     12748355.311160
cellsize      100.000000
NODATA_value  0.000000
0.000000 0.000000 0.000000 0.000000 0.000000 0.000000 0.000000 0.000000 0.000000 0.000000 0.000000 0.000000 0.000000 0.000000 0.000000 0.000000 0.000000 166.041504 166.040728 166.040340 166.039952 166.039564 166.039564 166.039564 166.039564 166.039564 166.039952 166.040340 166.040728 166.041504 0.000000 0.000000 0.000000 0.000000 0.000000 0.000000 0.000000 0.000000 0.000000 0.000000 0.000000 0.000000 0.000000 0.000000 
0.000000 0.000000 0.000000 0.000000 0.000000 0.000000 0.000000 166.038401 166.035298 166.032970 166.031419 166.030643 166.029867 166.029091 166.028703 166.028316 166.028316 166.028316 166.028316 166.028703 166.029091 166.029867 166.030255 166.031031 166.031807 166.032194 166.032970 166.033746 166.034522 166.034910 166.035685 166.036461 166.037237 166.038013 166.038788 166.039564 166.040340 166.041116 0.000000 0.000000 0.000000 0.000000 0.000000 0.000000 
0.000000 0.000000 166.038013 166.027928 166.023273 166.020558 166.019006 166.017843 166.017455 166.017067 166.017067 166.017067 166.017455 166.018231 166.018618 166.019394 166.020170 166.020946 166.021334 166.022109 166.022885 166.023661 166.024437 166.025213 166.026376 166.027152 166.027928 166.029091 166.029867 166.030643 166.031419 166.032582 166.033358 166.034522 166.035298 166.036073 166.037237 166.038013 166.038788 166.039952 166.040728 166.041667 0.000000 0.000000 
166.021722 166.008533 166.006206 166.005818 166.005818 166.006594 166.006982 166.007758 166.008533 166.009697 166.010473 166.011249 166.012412 166.013188 166.014352 166.015128 166.015903 166.017067 166.017843 166.019006 166.019782 166.020946 166.021722 166.022885 166.023661 166.024437 166.025600 166.026376 166.027540 166.028316 166.029479 166.030255 166.031419 166.032194 166.033358 166.034134 166.034910 166.036073 166.036849 166.038013 166.038788 166.039952 166.040728 166.041667 
166.000000 166.000776 166.001552 166.002715 166.003491 166.004655 166.005430 166.006594 166.007370 166.008533 166.009309 166.010473 166.011249 166.012412 166.013188 166.014352 166.015128 166.016291 166.017067 166.018231 166.019006 166.020170 166.020946 166.022109 166.022885 166.024049 166.024825 166.025988 166.026764 166.027928 166.028703 166.029867 166.030643 166.031807 166.032582 166.033746 166.034522 166.035685 166.036461 166.037625 166.038401 166.039564 166.040340 166.041504 
166.021722 166.008533 166.006206 166.005818 166.005818 166.006594 166.006982 166.007758 166.008533 166.009697 166.010473 166.011249 166.012412 166.013188 166.014352 166.015128 166.015903 166.017067 166.017843 166.019006 166.019782 166.020946 166.021722 166.022885 166.023661 166.024437 166.025600 166.026376 166.027540 166.028316 166.029479 166.030255 166.031419 166.032194 166.033358 166.034134 166.034910 166.036073 166.036849 166.038013 166.038788 166.039952 166.040728 166.041667 
0.000000 0.000000 166.038013 166.027928 166.023273 166.020558 166.019006 166.017843 166.017455 166.017067 166.017067 166.017067 166.017455 166.018231 166.018618 166.019394 166.020170 166.020946 166.021334 166.022109 166.022885 166.023661 166.024437 166.025213 166.026376 166.027152 166.027928 166.029091 166.029867 166.030643 166.031419 166.032582 166.033358 166.034522 166.035298 166.036073 166.037237 166.038013 166.038788 166.039952 166.040728 166.041667 0.000000 0.000000 
0.000000 0.000000 0.000000 0.000000 0.000000 0.000000 0.000000 166.038401 166.035298 166.032970 166.031419 166.030643 166.029867 166.029091 166.028703 166.028316 166.028316 166.028316 166.028316 166.028703 166.029091 166.029867 166.030255 166.031031 166.031807 166.032194 166.032970 166.033746 166.034522 166.034910 166.035685 166.036461 166.037237 166.038013 166.038788 166.039564 166.040340 166.041116 0.000000 0.000000 0.000000 0.000000 0.000000 0.000000 
0.000000 0.000000 0.000000 0.000000 0.000000 0.000000 0.000000 0.000000 0.000000 0.000000 0.000000 0.000000 0.000000 0.000000 0.000000 0.000000 0.000000 166.041504 166.040728 166.040340 166.039952 166.039564 166.039564 166.039564 166.039564 166.039564 166.039952 166.040340 166.040728 166.041504 0.000000 0.000000 0.000000 0.000000 0.000000 0.000000 0.000000 0.000000 0.000000 0.000000 0.000000 0.000000 0.000000 0.000000 
