test/output/constant/M3M460_S060_A180_WD045.0_WS020.0/M3M460_S060_A180_WD045.0_WS020.0_ros.asc
ncols         18
nrows         13
xllcorner     426503.990666
yllcorner     12747655.311160
cellsize      100.000000
NODATA_value  0.000000
1.352561 5.551585 2.952454 4.073574 5.551585 0.000000 0.000000 0.000000 0.000000 0.000000 0.000000 0.000000 0.000000 0.000000 0.000000 0.000000 0.000000 0.000000 
1.734036 -1.000000 32.282715 24.304272 24.304272 4.073574 24.304272 7.357119 0.000000 0.000000 0.000000 0.000000 0.000000 0.000000 0.000000 0.000000 0.000000 0.000000 
1.954543 22.975515 32.282715 32.282715 32.282715 7.357119 5.551585 21.917126 4.073574 9.445663 0.000000 0.000000 0.000000 0.000000 0.000000 0.000000 0.000000 0.000000 
0.000000 2.682719 32.282715 32.143471 32.282715 32.282715 32.282715 32.282715 5.551585 16.808786 21.917126 21.917126 0.000000 0.000000 0.000000 0.000000 0.000000 0.000000 
0.000000 1.954543 17.948416 20.507814 32.282715 32.282715 32.282715 32.282715 28.388880 5.551585 32.282715 31.159595 7.357119 0.000000 0.000000 0.000000 0.000000 0.000000 
0.000000 0.000000 3.574539 2.682719 1.734036 32.282715 32.284969 32.282715 32.284969 32.282715 29.963444 31.941282 16.808786 31.941282 0.000000 0.000000 0.000000 0.000000 
0.000000 0.000000 0.000000 1.538319 22.975515 22.975515 31.547974 32.143471 32.282715 32.282715 32.282715 32.282715 32.282715 32.282715 32.284969 0.000000 0.000000 0.000000 
0.000000 0.000000 0.000000 0.000000 3.574539 2.682719 20.507814 32.282715 32.282715 32.284969 32.282715 32.282715 32.282715 32.282715 29.963444 24.304272 0.000000 0.000000 
0.000000 0.000000 0.000000 0.000000 0.000000 0.000000 1.734036 32.282715 32.282715 32.282715 32.282715 32.282715 32.282715 31.941282 32.282715 26.483362 29.963444 0.000000 
0.000000 0.000000 0.000000 0.000000 0.000000 0.000000 0.000000 22.975515 22.975515 27.343039 31.547974 32.282715 32.282715 32.282715 32.282715 32.282715 32.282715 32.282715 
0.000000 0.000000 0.000000 0.000000 0.000000 0.000000 0.000000 0.000000 0.000000 32.282715 32.282715 32.282715 32.282715 32.282715 32.282715 32.282715 32.282715 32.282715 
0.000000 0.000000 0.000000 0.000000 0.000000 0.000000 0.000000 0.000000 0.000000 0.000000 0.000000 32.282715 31.547974 32.282715 30.526733 32.282715 32.282715 32.282715 
0.000000 0.000000 0.000000 0.000000 0.000000 0.000000 0.000000 0.000000 0.000000 0.000000 0.000000 0.000000 0.000000 32.282715 32.282715 32.282715 32.282715 32.282715 
