test/output/constant/M3M460_S060_A180_WD045.0_WS020.0/M3M460_S060_A180_WD045.0_WS020.0_arrival.asc
ncols         18
nrows         13
xllcorner     426503.990666
yllcorner     12747655.311160
cellsize      100.000000
NODATA_value  0.000000
166.036763 166.023692 166.024509 166.030227 166.038397 0.000000 0.000000 0.000000 0.000000 0.000000 0.000000 0.000000 0.000000 0.000000 0.000000 0.000000 0.000000 0.000000 
166.022875 166.000000 166.001634 166.005719 166.013071 166.021241 166.029410 166.037580 0.000000 0.000000 0.000000 0.000000 0.000000 0.000000 0.000000 0.000000 0.000000 0.000000 
166.030227 166.002451 166.002451 166.004085 166.006536 166.011437 166.017156 166.023692 166.031044 166.038397 0.000000 0.000000 0.000000 0.000000 0.000000 0.000000 0.000000 0.000000 
0.000000 166.019607 166.007353 166.005719 166.006536 166.008986 166.012254 166.016339 166.022058 166.027776 166.034312 166.041665 0.000000 0.000000 0.000000 0.000000 0.000000 0.000000 
0.000000 166.039214 166.020424 166.011437 166.009803 166.009803 166.012254 166.014705 166.017156 166.022058 166.026959 166.032678 166.039214 0.000000 0.000000 0.000000 0.000000 0.000000 
0.000000 0.000000 166.037580 166.023692 166.016339 166.013888 166.013888 166.014705 166.017156 166.019607 166.022875 166.026959 166.031861 166.037580 0.000000 0.000000 0.000000 0.000000 
0.000000 0.000000 0.000000 166.039214 166.026959 166.020424 166.017973 166.017156 166.017973 166.019607 166.022058 166.024509 166.028593 166.032678 166.037580 0.000000 0.000000 0.000000 
0.000000 0.000000 0.000000 0.000000 166.040848 166.031044 166.024509 166.022058 166.021241 166.021241 166.022058 166.024509 166.026959 166.030227 166.033495 166.037580 0.000000 0.000000 
0.000000 0.000000 0.000000 0.000000 0.000000 0.000000 166.035129 166.029410 166.026142 166.025326 166.025326 166.025326 166.026959 166.029410 166.032678 166.035129 166.039214 0.000000 
0.000000 0.000000 0.000000 0.000000 0.000000 0.000000 0.000000 166.039214 166.033495 166.030227 166.028593 166.028593 166.028593 166.030227 166.032678 166.035129 166.037580 166.040848 
0.000000 0.000000 0.000000 0.000000 0.000000 0.000000 0.000000 0.000000 0.000000 166.038397 166.035129 166.032678 166.032678 166.032678 166.033495 166.035129 166.037580 166.040031 
0.000000 0.000000 0.000000 0.000000 0.000000 0.000000 0.000000 0.000000 0.000000 0.000000 0.000000 166.039214 166.036763 166.036763 166.035946 166.036763 166.037580 166.040031 
0.000000 0.000000 0.000000 0.000000 0.000000 0.000000 0.000000 0.000000 0.000000 0.000000 0.000000 0.000000 0.000000 166.041665 166.040031 166.040031 166.040031 166.040848 
