test/output/constant/M3M475_S000_A090_WD180.0_WS025.0/M3M475_S000_A090_WD180.0_WS025.0_arrival.asc
ncols         9
nrows         27
xllcorner     426203.990666
yllcorner     12748655.311160
cellsize      100.000000
NODATA_value  0.000000
0.000000 0.000000 0.000000 0.000000 166.041667 0.000000 0.000000 0.000000 0.000000 
0.000000 0.000000 0.000000 166.040721 166.040042 166.040721 0.000000 0.000000 0.000000 
0.000000 0.000000 166.040721 166.038685 166.038685 166.038685 166.040721 0.000000 0.000000 
0.000000 166.041667 166.038685 166.037327 166.036649 166.037327 166.038685 166.041667 0.000000 
0.000000 166.040042 166.037327 166.035291 166.035291 166.035291 166.037327 166.040042 0.000000 
0.000000 166.038685 166.035970 166.033934 166.033255 166.033934 166.035970 166.038685 0.000000 
0.000000 166.037327 166.033934 166.031898 166.031898 166.031898 166.033934 166.037327 0.000000 
0.000000 166.035970 166.032576 166.030540 166.029862 166.030540 166.032576 166.035970 0.000000 
166.040721 166.035291 166.031219 166.028504 166.028504 166.028504 166.031219 166.035291 166.040721 
166.040042 166.033934 166.029183 166.027147 166.026468 166.027147 166.029183 166.033934 166.040042 
166.038685 166.032576 166.027826 166.025111 166.025111 166.025111 166.027826 166.032576 166.038685 
166.038685 166.031219 166.026468 166.023754 166.023075 166.023754 166.026468 166.031219 166.038685 
166.038006 166.029862 166.024432 166.021718 166.021718 166.021718 166.024432 166.029862 166.038006 
166.038006 166.029183 166.023075 166.020360 166.019682 166.020360 166.023075 166.029183 166.038006 
166.038006 166.027826 166.021718 166.019003 166.018324 166.019003 166.021718 166.027826 166.038006 
166.038006 166.027826 166.020360 166.016967 166.016288 166.016967 166.020360 166.027826 166.038006 
166.038685 166.027147 166.019682 166.015610 166.014931 166.015610 166.019682 166.027147 166.038685 
166.039363 166.027147 166.018324 166.013574 166.012895 166.013574 166.018324 166.027147 166.039363 
166.040042 166.027147 166.016967 166.012216 166.011538 166.012216 166.016967 166.027147 166.040042 
0.000000 166.027826 166.016288 166.010859 166.009501 166.010859 166.016288 166.027826 0.000000 
0.000000 166.028504 166.016288 166.008823 166.008144 166.008823 166.016288 166.028504 0.000000 
0.000000 166.031219 166.016288 166.007465 166.006108 166.007465 166.016288 166.031219 0.000000 
0.000000 166.033934 166.017646 166.006108 166.004751 166.006108 166.017646 166.033934 0.000000 
0.000000 166.039363 166.019682 166.005429 166.002715 166.005429 166.019682 166.039363 0.000000 
0.000000 0.000000 166.023754 166.006108 166.001357 166.006108 166.023754 0.000000 0.000000 
0.000000 0.000000 166.031219 166.008823 166.000000 166.008823 166.031219 0.000000 0.000000 
0.000000 0.000000 0.000000 166.025111 166.017646 166.025111 0.000000 0.000000 0.000000 
