test/output/constant/M495_S060_A270_WD270.0_WS010.0/M495_S060_A270_WD270.0_WS010.0_arrival.asc
ncols         11
nrows         27
xllcorner     426503.990666
yllcorner     12748755.311160
cellsize      100.000000
NODATA_value  0.000000
0.000000 0.000000 0.000000 0.000000 0.000000 0.000000 0.000000 0.000000 166.041667 166.041400 0.000000 
0.000000 0.000000 0.000000 0.000000 0.000000 0.000000 0.000000 166.041400 166.040183 166.040183 166.041400 
0.000000 0.000000 0.000000 0.000000 0.000000 0.000000 166.041400 166.038965 166.038356 166.038965 166.040791 
0.000000 0.000000 0.000000 0.000000 0.000000 0.000000 166.038965 166.037138 166.036530 166.037138 166.040183 
0.000000 0.000000 0.000000 0.000000 0.000000 166.040183 166.036530 166.035312 166.035312 166.036530 166.039574 
0.000000 0.000000 0.000000 0.000000 0.000000 166.037138 166.034094 166.033486 166.034094 166.035921 166.039574 
0.000000 0.000000 0.000000 0.000000 166.039574 166.034703 166.032268 166.031659 166.032268 166.035312 166.040183 
0.000000 0.000000 0.000000 0.000000 166.036530 166.032268 166.030441 166.030441 166.031659 166.035312 166.040791 
0.000000 0.000000 0.000000 166.040183 166.033486 166.029833 166.028615 166.028615 166.031050 166.035312 166.041400 
0.000000 0.000000 0.000000 166.037138 166.030441 166.028006 166.026788 166.027397 166.030441 166.035921 0.000000 
0.000000 0.000000 0.000000 166.033486 166.028006 166.025571 166.025571 166.026788 166.030441 166.036530 0.000000 
0.000000 0.000000 166.038356 166.030441 166.025571 166.023744 166.023744 166.026180 166.031050 166.037747 0.000000 
0.000000 0.000000 166.034703 166.026788 166.023135 166.021918 166.022527 166.025571 166.031050 166.039574 0.000000 
0.000000 0.000000 166.031050 166.024353 166.020700 166.020700 166.021918 166.026180 166.032877 0.000000 0.000000 
0.000000 166.038965 166.028006 166.021309 166.018874 166.018874 166.021309 166.026180 166.034094 0.000000 0.000000 
0.000000 166.035312 166.024353 166.018265 166.017047 166.017656 166.021309 166.027397 166.037747 0.000000 0.000000 
0.000000 166.031050 166.020700 166.016438 166.015830 166.017047 166.021309 166.029224 0.000000 0.000000 0.000000 
0.000000 166.027397 166.017656 166.014003 166.014003 166.016438 166.022527 166.032877 0.000000 0.000000 0.000000 
0.000000 166.023135 166.014612 166.012177 166.012785 166.016438 166.024353 166.038356 0.000000 0.000000 0.000000 
0.000000 166.019482 166.011568 166.010959 166.012177 166.017656 166.028006 0.000000 0.000000 0.000000 0.000000 
166.038965 166.015830 166.009741 166.009132 166.012177 166.019482 166.034703 0.000000 0.000000 0.000000 0.000000 
166.034703 166.012177 166.007306 166.007915 166.012177 166.023744 0.000000 0.000000 0.000000 0.000000 0.000000 
166.031659 166.008524 166.006088 166.007306 166.014612 166.031659 0.000000 0.000000 0.000000 0.000000 0.000000 
166.028615 166.004871 166.004262 166.007306 166.020700 0.000000 0.000000 0.000000 0.000000 0.000000 0.000000 
166.027397 166.002435 166.003044 166.009741 166.032877 0.000000 0.000000 0.000000 0.000000 0.000000 0.000000 
166.026180 166.001218 166.002435 166.020700 0.000000 0.000000 0.000000 0.000000 0.000000 0.000000 0.000000 
166.032877 166.000000 166.007306 0.000000 0.000000 0.000000 0.000000 0.000000 0.000000 0.000000 0.000000 
