test/output/constant/M385_S060_A000_WD225.0_WS015.0/M385_S060_A000_WD225.0_WS015.0_ros.asc
ncols         36
nrows         16
xllcorner     423203.990666
yllcorner     12748655.311160
cellsize      100.000000
NODATA_value  0.000000
0.000000 0.000000 0.000000 60.001633 58.798725 5.284089 47.135551 0.000000 0.000000 0.000000 0.000000 0.000000 0.000000 0.000000 0.000000 0.000000 0.000000 0.000000 0.000000 0.000000 0.000000 0.000000 0.000000 0.000000 0.000000 0.000000 0.000000 0.000000 0.000000 0.000000 0.000000 0.000000 0.000000 0.000000 0.000000 0.000000 
60.001633 60.001633 60.001633 60.001633 60.001633 59.814091 51.033878 54.340740 56.955555 5.284089 3.582564 42.764286 42.764286 0.000000 0.000000 0.000000 0.000000 0.000000 0.000000 0.000000 0.000000 0.000000 0.000000 0.000000 0.000000 0.000000 0.000000 0.000000 0.000000 0.000000 0.000000 0.000000 0.000000 0.000000 0.000000 0.000000 
60.001633 60.001633 60.001633 60.001633 59.814091 56.955555 60.001633 60.001633 60.001633 56.955555 58.798725 54.340740 42.764286 3.582564 42.764286 42.764286 42.764286 0.000000 0.000000 0.000000 0.000000 0.000000 0.000000 0.000000 0.000000 0.000000 0.000000 0.000000 0.000000 0.000000 0.000000 0.000000 0.000000 0.000000 0.000000 0.000000 
29.853981 34.827164 60.001633 60.001633 60.001633 60.001633 54.340740 60.001633 60.001633 60.001633 60.001633 54.340740 47.135551 56.955555 42.764286 42.764286 42.764286 1.892515 5.284089 5.284089 0.000000 0.000000 0.000000 0.000000 0.000000 0.000000 0.000000 0.000000 0.000000 0.000000 0.000000 0.000000 0.000000 0.000000 0.000000 0.000000 
0.000000 59.966927 20.193432 48.543190 48.543190 60.001633 60.001633 60.001633 60.001633 60.001633 60.001633 60.001633 60.001633 54.340740 54.340740 54.340740 42.764286 42.764286 42.764286 3.582564 3.582564 42.764286 0.000000 0.000000 0.000000 0.000000 0.000000 0.000000 0.000000 0.000000 0.000000 0.000000 0.000000 0.000000 0.000000 0.000000 
0.000000 0.000000 34.827164 24.926769 39.696518 24.926769 60.001633 60.001633 60.001633 60.001633 60.001633 60.001633 60.001633 60.001633 60.001633 56.955555 56.955555 47.135551 42.764286 42.764286 42.764286 1.892515 5.284089 2.544417 0.000000 0.000000 0.000000 0.000000 0.000000 0.000000 0.000000 0.000000 0.000000 0.000000 0.000000 0.000000 
0.000000 0.000000 0.000000 55.332321 39.696518 34.827164 39.696518 20.193432 48.543190 60.001633 60.001633 60.001633 60.001633 60.001633 60.001633 60.001633 60.001633 60.001633 58.798725 2.544417 3.582564 7.697083 5.284089 3.582564 5.284089 42.764286 0.000000 0.000000 0.000000 0.000000 0.000000 0.000000 0.000000 0.000000 0.000000 0.000000 
0.000000 0.000000 0.000000 0.000000 24.926769 20.193432 24.926769 55.332321 59.248463 24.926769 24.926769 59.248463 60.001633 60.001633 60.001633 60.001633 60.001633 60.001633 60.001633 56.955555 56.955555 5.284089 2.544417 7.697083 2.375498 5.284089 1.892515 42.764286 0.000000 0.000000 0.000000 0.000000 0.000000 0.000000 0.000000 0.000000 
0.000000 0.000000 0.000000 0.000000 0.000000 0.000000 24.926769 20.193432 39.696518 24.926769 55.332321 24.926769 29.853981 55.332321 34.827164 60.001633 60.001633 60.001633 60.001633 60.001633 60.001633 60.001633 54.340740 54.340740 42.764286 42.764286 3.582564 42.764286 5.284089 2.544417 0.000000 0.000000 0.000000 0.000000 0.000000 0.000000 
0.000000 0.000000 0.000000 0.000000 0.000000 0.000000 0.000000 29.853981 24.926769 24.926769 20.193432 20.193432 24.926769 57.687881 24.926769 52.253033 24.926769 20.193432 24.926769 60.001633 60.001633 60.001633 58.798725 60.001633 33.144489 56.955555 42.764286 42.764286 42.764286 1.892515 3.582564 1.892515 0.000000 0.000000 0.000000 0.000000 
0.000000 0.000000 0.000000 0.000000 0.000000 0.000000 0.000000 0.000000 0.000000 24.926769 24.926769 20.193432 24.926769 20.193432 24.926769 20.193432 52.253033 57.687881 29.853981 55.332321 52.253033 59.966927 60.001633 60.001633 59.966927 60.001633 60.001633 54.340740 42.764286 5.284089 3.582564 3.582564 1.892515 0.000000 0.000000 0.000000 
0.000000 0.000000 0.000000 0.000000 0.000000 0.000000 0.000000 0.000000 0.000000 0.000000 0.000000 24.926769 34.827164 24.926769 24.926769 24.926769 24.926769 29.853981 34.827164 24.926769 39.696518 24.926769 24.926769 44.315056 60.001633 60.001633 60.001633 60.001633 56.955555 3.582564 3.582564 1.892515 2.544417 2.544417 0.000000 0.000000 
0.000000 0.000000 0.000000 0.000000 0.000000 0.000000 0.000000 0.000000 0.000000 0.000000 0.000000 0.000000 0.000000 0.000000 24.926769 24.926769 24.926769 24.926769 20.193432 24.926769 20.193432 24.926769 24.926769 20.193432 55.332321 59.248463 39.696518 60.001633 60.001633 60.001633 60.001633 42.764286 42.764286 1.892515 3.582564 0.000000 
0.000000 0.000000 0.000000 0.000000 0.000000 0.000000 0.000000 0.000000 0.000000 0.000000 0.000000 0.000000 0.000000 0.000000 0.000000 0.000000 20.193432 24.926769 20.193432 20.193432 24.926769 20.193432 24.926769 20.193432 24.926769 20.193432 24.926769 24.926769 24.926769 34.827164 60.001633 60.001633 60.001633 60.001633 2.375498 2.544417 
0.000000 0.000000 0.000000 0.000000 0.000000 0.000000 0.000000 0.000000 0.000000 0.000000 0.000000 0.000000 0.000000 0.000000 0.000000 0.000000 0.000000 0.000000 0.000000 20.193432 24.926769 24.926769 20.193432 20.193432 20.193432 20.193432 24.926769 24.926769 24.926769 20.193432 24.926769 29.853981 24.926769 60.001633 0.000000 1.664691 
0.000000 0.000000 0.000000 0.000000 0.000000 0.000000 0.000000 0.000000 0.000000 0.000000 0.000000 0.000000 0.000000 0.000000 0.000000 0.000000 0.000000 0.000000 0.000000 0.000000 0.000000 0.000000 0.000000 0.000000 20.193432 20.193432 24.926769 24.926769 20.193432 20.193432 20.193432 11.861938 20.193432 11.861938 1.664691 1.532870 
