test/output/constant/M385_S060_A000_WD225.0_WS015.0/M385_S060_A000_WD225.0_WS015.0_intensity.asc
ncols         36
nrows         16
xllcorner     423203.990666
yllcorner     12748655.311160
cellsize      100.000000
NODATA_value  0.000000
0 0 0 53651 52576 4724 42147 0 0 0 0 0 0 0 0 0 0 0 0 0 0 0 0 0 0 0 0 0 0 0 0 0 0 0 0 0 
53651 53651 53651 53651 53651 53484 45633 48590 50928 4724 3203 38238 38238 0 0 0 0 0 0 0 0 0 0 0 0 0 0 0 0 0 0 0 0 0 0 0 
53651 53651 53651 53651 53484 50928 53651 53651 53651 50928 52576 48590 38238 3203 38238 38238 38238 0 0 0 0 0 0 0 0 0 0 0 0 0 0 0 0 0 0 0 
26694 31141 53651 53651 53651 53651 48590 53651 53651 53651 53651 48590 42147 50928 38238 38238 38238 1692 4724 4724 0 0 0 0 0 0 0 0 0 0 0 0 0 0 0 0 
0 53620 18056 43406 43406 53651 53651 53651 53651 53651 53651 53651 53651 48590 48590 48590 38238 38238 38238 3203 3203 38238 0 0 0 0 0 0 0 0 0 0 0 0 0 0 
0 0 31141 22288 35495 22288 53651 53651 53651 53651 53651 53651 53651 53651 53651 50928 50928 42147 38238 38238 38238 1692 4724 2275 0 0 0 0 0 0 0 0 0 0 0 0 
0 0 0 49476 35495 31141 35495 18056 43406 53651 53651 53651 53651 53651 53651 53651 53651 53651 52576 2275 3203 6882 4724 3203 4724 38238 0 0 0 0 0 0 0 0 0 0 
0 0 0 0 22288 18056 22288 49476 52978 22288 22288 52978 53651 53651 53651 53651 53651 53651 53651 50928 50928 4724 2275 6882 2124 4724 1692 38238 0 0 0 0 0 0 0 0 
0 0 0 0 0 0 22288 18056 35495 22288 49476 22288 26694 49476 31141 53651 53651 53651 53651 53651 53651 53651 48590 48590 38238 38238 3203 38238 4724 2275 0 0 0 0 0 0 
0 0 0 0 0 0 0 26694 22288 22288 18056 18056 22288 51582 22288 46723 22288 18056 22288 53651 53651 53651 52576 53651 29636 50928 38238 38238 38238 1692 3203 1692 0 0 0 0 
0 0 0 0 0 0 0 0 0 22288 22288 18056 22288 18056 22288 18056 46723 51582 26694 49476 46723 53620 53651 53651 53620 53651 53651 48590 38238 4724 3203 3203 1692 0 0 0 
0 0 0 0 0 0 0 0 0 0 0 22288 31141 22288 22288 22288 22288 26694 31141 22288 35495 22288 22288 39625 53651 53651 53651 53651 50928 3203 3203 1692 2275 2275 0 0 
0 0 0 0 0 0 0 0 0 0 0 0 0 0 22288 22288 22288 22288 18056 22288 18056 22288 22288 18056 49476 52978 35495 53651 53651 53651 53651 38238 38238 1692 3203 0 
0 0 0 0 0 0 0 0 0 0 0 0 0 0 0 0 18056 22288 18056 18056 22288 18056 22288 18056 22288 18056 22288 22288 22288 31141 53651 53651 53651 53651 2124 2275 
0 0 0 0 0 0 0 0 0 0 0 0 0 0 0 0 0 0 0 18056 22288 22288 18056 18056 18056 18056 22288 22288 22288 18056 22288 26694 22288 53651 0 1488 
0 0 0 0 0 0 0 0 0 0 0 0 0 0 0 0 0 0 0 0 0 0 0 0 18056 18056 22288 22288 18056 18056 18056 10606 18056 10606 1488 1370 
