test/output/constant/M385_S060_A000_WD225.0_WS015.0/M385_S060_A000_WD225.0_WS015.0_raz.asc
ncols         36
nrows         16
xllcorner     423203.990666
yllcorner     12748655.311160
cellsize      100.000000
NODATA_value  0.000000
0 0 0 290 292 339 297 0 0 0 0 0 0 0 0 0 0 0 0 0 0 0 0 0 0 0 0 0 0 0 0 0 0 0 0 0 
290 290 290 290 290 290 296 294 293 339 353 299 299 0 0 0 0 0 0 0 0 0 0 0 0 0 0 0 0 0 0 0 0 0 0 0 
290 290 290 290 290 293 290 290 290 293 292 294 299 353 299 299 299 0 0 0 0 0 0 0 0 0 0 0 0 0 0 0 0 0 0 0 
274 277 290 290 290 290 294 290 290 290 290 294 297 293 299 299 299 39 339 339 0 0 0 0 0 0 0 0 0 0 0 0 0 0 0 0 
0 289 268 282 282 290 290 290 290 290 290 290 290 294 294 294 299 299 299 353 353 299 0 0 0 0 0 0 0 0 0 0 0 0 0 0 
0 0 277 271 279 271 290 290 290 290 290 290 290 290 290 293 293 297 299 299 299 39 339 10 0 0 0 0 0 0 0 0 0 0 0 0 
0 0 0 285 279 277 279 268 282 290 290 290 290 290 290 290 290 290 292 10 353 329 339 353 339 299 0 0 0 0 0 0 0 0 0 0 
0 0 0 0 271 268 271 285 288 271 271 288 290 290 290 290 290 290 290 293 293 339 10 329 15 339 39 299 0 0 0 0 0 0 0 0 
0 0 0 0 0 0 271 268 279 271 285 271 274 285 277 290 290 290 290 290 290 290 294 294 299 299 353 299 339 10 0 0 0 0 0 0 
0 0 0 0 0 0 0 274 271 271 268 268 271 287 271 284 271 268 271 290 290 290 292 290 303 293 299 299 299 39 353 39 0 0 0 0 
0 0 0 0 0 0 0 0 0 271 271 268 271 268 271 268 284 287 274 285 284 289 290 290 289 290 290 294 299 339 353 353 39 0 0 0 
0 0 0 0 0 0 0 0 0 0 0 271 277 271 271 271 271 274 277 271 279 271 271 281 290 290 290 290 293 353 353 39 10 10 0 0 
0 0 0 0 0 0 0 0 0 0 0 0 0 0 271 271 271 271 268 271 268 271 271 268 285 288 279 290 290 290 290 299 299 39 353 0 
0 0 0 0 0 0 0 0 0 0 0 0 0 0 0 0 268 271 268 268 271 268 271 268 271 268 271 271 271 277 290 290 290 290 15 10 
0 0 0 0 0 0 0 0 0 0 0 0 0 0 0 0 0 0 0 268 271 271 268 268 268 268 271 271 271 268 271 274 271 290 65535 85 
0 0 0 0 0 0 0 0 0 0 0 0 0 0 0 0 0 0 0 0 0 0 0 0 268 268 271 271 268 268 268 258 268 258 85 135 
