test/output/constant/M385_S060_A270_WD180.0_WS025.0/M385_S060_A270_WD180.0_WS025.0_arrival.asc
ncols         9
nrows         59
xllcorner     426203.990666
yllcorner     12748755.311160
cellsize      100.000000
NODATA_value  0.000000
0.000000 0.000000 0.000000 166.041667 166.041148 166.041667 0.000000 0.000000 0.000000 
0.000000 0.000000 0.000000 166.041148 166.040576 166.041148 0.000000 0.000000 0.000000 
0.000000 0.000000 0.000000 166.040291 166.039719 166.040291 0.000000 0.000000 0.000000 
0.000000 0.000000 166.041434 166.039719 166.039148 166.039719 166.041434 0.000000 0.000000 
0.000000 0.000000 166.040576 166.038862 166.038290 166.038862 166.040576 0.000000 0.000000 
0.000000 0.000000 166.040005 166.038290 166.037719 166.038290 166.040005 0.000000 0.000000 
0.000000 0.000000 166.039433 166.037433 166.036862 166.037433 166.039433 0.000000 0.000000 
0.000000 166.041434 166.038576 166.036862 166.036290 166.036862 166.038576 166.041434 0.000000 
0.000000 166.040862 166.038005 166.036004 166.035433 166.036004 166.038005 166.040862 0.000000 
0.000000 166.040291 166.037147 166.035433 166.034861 166.035433 166.037147 166.040291 0.000000 
0.000000 166.039719 166.036576 166.034576 166.034004 166.034576 166.036576 166.039719 0.000000 
0.000000 166.038862 166.036004 166.034004 166.033433 166.034004 166.036004 166.038862 0.000000 
0.000000 166.038290 166.035147 166.033147 166.032575 166.033147 166.035147 166.038290 0.000000 
0.000000 166.037719 166.034576 166.032575 166.032004 166.032575 166.034576 166.037719 0.000000 
0.000000 166.037147 166.033718 166.032004 166.031147 166.032004 166.033718 166.037147 0.000000 
0.000000 166.036576 166.033147 166.031147 166.030575 166.031147 166.033147 166.036576 0.000000 
0.000000 166.036004 166.032290 166.030575 166.029718 166.030575 166.032290 166.036004 0.000000 
166.041434 166.035433 166.031718 166.029718 166.029146 166.029718 166.031718 166.035433 166.041434 
166.040862 166.034861 166.031147 166.029146 166.028289 166.029146 166.031147 166.034861 166.040862 
166.040291 166.034290 166.030289 166.028289 166.027718 166.028289 166.030289 166.034290 166.040291 
166.040005 166.033718 166.029718 166.027718 166.026860 166.027718 166.029718 166.033718 166.040005 
166.039433 166.033433 166.029146 166.026860 166.026289 166.026860 166.029146 166.033433 166.039433 
166.039148 166.032861 166.028289 166.026289 166.025432 166.026289 166.028289 166.032861 166.039148 
166.038576 166.032290 166.027718 166.025432 166.024860 166.025432 166.027718 166.032290 166.038576 
166.038290 166.031718 166.027146 166.024860 166.024003 166.024860 166.027146 166.031718 166.038290 
166.038005 166.031432 166.026289 166.024003 166.023431 166.024003 166.026289 166.031432 166.038005 
166.038005 166.030861 166.025717 166.023431 166.022574 166.023431 166.025717 166.030861 166.038005 
166.038005 166.030289 166.025146 166.022574 166.022003 166.022574 166.025146 166.030289 166.038005 
166.038005 166.030004 166.024574 166.022003 166.021145 166.022003 166.024574 166.030004 166.038005 
166.038005 166.029432 166.023717 166.021145 166.020574 166.021145 166.023717 166.029432 166.038005 
166.038290 166.028861 166.023146 166.020574 166.019717 166.020574 166.023146 166.028861 166.038290 
166.038576 166.028575 166.022574 166.019717 166.019145 166.019717 166.022574 166.028575 166.038576 
166.038576 166.028003 166.022003 166.019145 166.018288 166.019145 166.022003 166.028003 166.038576 
166.039148 166.027718 166.021431 166.018288 166.017716 166.018288 166.021431 166.027718 166.039148 
166.039433 166.027146 166.020860 166.017716 166.016859 166.017716 166.020860 166.027146 166.039433 
166.039719 166.027146 166.020288 166.016859 166.016288 166.016859 166.020288 166.027146 166.039719 
166.040291 166.027146 166.020002 166.016288 166.015430 166.016288 166.020002 166.027146 166.040291 
166.041148 166.027146 166.019431 166.015716 166.014859 166.015716 166.019431 166.027146 166.041148 
0.000000 166.027432 166.018859 166.014859 166.014002 166.014859 166.018859 166.027432 0.000000 
0.000000 166.027718 166.018288 166.014287 166.013430 166.014287 166.018288 166.027718 0.000000 
0.000000 166.027718 166.018002 166.013716 166.012573 166.013716 166.018002 166.027718 0.000000 
0.000000 166.028289 166.017431 166.012859 166.012001 166.012859 166.017431 166.028289 0.000000 
0.000000 166.028575 166.016859 166.012287 166.011144 166.012287 166.016859 166.028575 0.000000 
0.000000 166.029432 166.016573 166.011430 166.010573 166.011430 166.016573 166.029432 0.000000 
0.000000 166.030575 166.016288 166.010858 166.009715 166.010858 166.016288 166.030575 0.000000 
0.000000 166.031432 166.016288 166.010001 166.009144 166.010001 166.016288 166.031432 0.000000 
0.000000 166.032861 166.016573 166.009430 166.008287 166.009430 166.016573 166.032861 0.000000 
0.000000 166.034861 166.016573 166.008858 166.007715 166.008858 166.016573 166.034861 0.000000 
0.000000 166.036862 166.017145 166.008001 166.006858 166.008001 166.017145 166.036862 0.000000 
0.000000 166.040291 166.017716 166.007429 166.006286 166.007429 166.017716 166.040291 0.000000 
0.000000 0.000000 166.018859 166.006858 166.005429 166.006858 166.018859 0.000000 0.000000 
0.000000 0.000000 166.020002 166.006572 166.004858 166.006572 166.020002 0.000000 0.000000 
0.000000 0.000000 166.022003 166.006001 166.004000 166.006001 166.022003 0.000000 0.000000 
0.000000 0.000000 166.025432 166.005429 166.003429 166.005429 166.025432 0.000000 0.000000 
0.000000 0.000000 166.030004 166.005715 166.002572 166.005715 166.030004 0.000000 0.000000 
0.000000 0.000000 166.038576 166.006001 166.002000 166.006001 166.038576 0.000000 0.000000 
0.000000 0.000000 0.000000 166.007144 166.001143 166.007144 0.000000 0.000000 0.000000 
0.000000 0.000000 0.000000 166.011716 166.000571 166.011716 0.000000 0.000000 0.000000 
0.000000 0.000000 0.000000 166.031147 166.000000 166.031147 0.000000 0.000000 0.000000 
