test/output/constant/M490_S060_A000_WD090.0_WS025.0/M490_S060_A000_WD090.0_WS025.0_arrival.asc
ncols         44
nrows         7
xllcorner     422303.990666
yllcorner     12748455.311160
cellsize      100.000000
NODATA_value  0.000000
0.000000 0.000000 0.000000 0.000000 0.000000 0.000000 0.000000 0.000000 0.000000 166.041447 166.040672 166.040285 166.039510 166.038735 166.037961 166.037573 166.036799 166.036024 166.035637 166.034862 166.034475 166.034087 166.033700 166.033700 166.034087 166.034087 166.034475 166.034862 166.035249 166.036411 166.037186 166.038735 166.040672 0.000000 0.000000 0.000000 0.000000 0.000000 0.000000 0.000000 0.000000 0.000000 0.000000 0.000000 
0.000000 0.000000 0.000000 166.041447 166.040672 166.039897 166.038735 166.037961 166.037186 166.036024 166.035249 166.034475 166.033700 166.032538 166.031763 166.030988 166.030214 166.029052 166.028277 166.027502 166.026727 166.025953 166.025178 166.024791 166.024016 166.023241 166.022467 166.022079 166.021304 166.020530 166.020530 166.020530 166.020530 166.020917 166.021304 166.022079 166.023629 166.025565 166.028277 166.034475 0.000000 0.000000 0.000000 0.000000 
0.000000 166.041060 166.040285 166.039123 166.038348 166.037186 166.036411 166.035249 166.034475 166.033312 166.032538 166.031376 166.030601 166.029439 166.028664 166.027889 166.026727 166.025953 166.024791 166.024016 166.022854 166.022079 166.021304 166.020142 166.019368 166.018206 166.017431 166.016269 166.015494 166.014332 166.013557 166.012783 166.011621 166.010846 166.010071 166.009296 166.008522 166.007747 166.006972 166.006972 166.007360 166.008522 166.012783 166.037961 
166.041447 166.040285 166.039510 166.038348 166.037573 166.036411 166.035637 166.034475 166.033700 166.032538 166.031763 166.030601 166.029826 166.028664 166.027889 166.026727 166.025953 166.024791 166.024016 166.022854 166.022079 166.020917 166.020142 166.018980 166.018206 166.017044 166.016269 166.015107 166.014332 166.013170 166.012395 166.011233 166.010459 166.009296 166.008522 166.007360 166.006585 166.005423 166.004648 166.003486 166.002711 166.001549 166.000775 166.000000 
0.000000 166.041060 166.040285 166.039123 166.038348 166.037186 166.036411 166.035249 166.034475 166.033312 166.032538 166.031376 166.030601 166.029439 166.028664 166.027889 166.026727 166.025953 166.024791 166.024016 166.022854 166.022079 166.021304 166.020142 166.019368 166.018206 166.017431 166.016269 166.015494 166.014332 166.013557 166.012783 166.011621 166.010846 166.010071 166.009296 166.008522 166.007747 166.006972 166.006972 166.007360 166.008522 166.012783 166.037961 
0.000000 0.000000 0.000000 166.041447 166.040672 166.039897 166.038735 166.037961 166.037186 166.036024 166.035249 166.034475 166.033700 166.032538 166.031763 166.030988 166.030214 166.029052 166.028277 166.027502 166.026727 166.025953 166.025178 166.024791 166.024016 166.023241 166.022467 166.022079 166.021304 166.020530 166.020530 166.020530 166.020530 166.020917 166.021304 166.022079 166.023629 166.025565 166.028277 166.034475 0.000000 0.000000 0.000000 0.000000 
0.000000 0.000000 0.000000 0.000000 0.000000 0.000000 0.000000 0.000000 0.000000 166.041447 166.040672 166.040285 166.039510 166.038735 166.037961 166.037573 166.036799 166.036024 166.035637 166.034862 166.034475 166.034087 166.033700 166.033700 166.034087 166.034087 166.034475 166.034862 166.035249 166.036411 166.037186 166.038735 166.040672 0.000000 0.000000 0.000000 0.000000 0.000000 0.000000 0.000000 0.000000 0.000000 0.000000 0.000000 
