test/output/constant/M380_S060_A000_WD090.0_WS045.0/M380_S060_A000_WD090.0_WS045.0_arrival.asc
ncols         57
nrows         7
xllcorner     421003.990666
yllcorner     12748455.311160
cellsize      100.000000
NODATA_value  0.000000
0.000000 0.000000 0.000000 0.000000 0.000000 0.000000 0.000000 0.000000 0.000000 0.000000 166.041589 166.040995 166.040698 166.040104 166.039509 166.038915 166.038618 166.038024 166.037430 166.037133 166.036539 166.035945 166.035351 166.035054 166.034459 166.034162 166.033568 166.032974 166.032677 166.032380 166.032380 166.032380 166.032677 166.032677 166.032974 166.033271 166.033568 166.034162 166.034756 166.035648 166.036539 166.037727 166.039509 166.041589 0.000000 0.000000 0.000000 0.000000 0.000000 0.000000 0.000000 0.000000 0.000000 0.000000 0.000000 0.000000 0.000000 
0.000000 0.000000 0.000000 0.000000 166.041589 166.040698 166.040104 166.039509 166.038618 166.038024 166.037430 166.036539 166.035945 166.035351 166.034459 166.033865 166.033271 166.032380 166.031786 166.031192 166.030598 166.029706 166.029112 166.028518 166.027627 166.027033 166.026439 166.025845 166.025250 166.024656 166.024062 166.023468 166.023171 166.022577 166.021983 166.021686 166.021092 166.020497 166.020200 166.019606 166.019606 166.019606 166.019606 166.019903 166.020200 166.020794 166.021686 166.022577 166.024656 166.026736 166.030301 166.034756 0.000000 0.000000 0.000000 0.000000 0.000000 
0.000000 166.041292 166.040698 166.039807 166.039212 166.038321 166.037727 166.036836 166.036242 166.035351 166.034756 166.033865 166.033271 166.032677 166.031786 166.031192 166.030301 166.029706 166.028815 166.028221 166.027330 166.026736 166.026142 166.025250 166.024656 166.023765 166.023171 166.022280 166.021686 166.020794 166.020200 166.019606 166.018715 166.018121 166.017230 166.016636 166.015744 166.015150 166.014259 166.013665 166.013071 166.012180 166.011585 166.010694 166.010100 166.009506 166.008912 166.008318 166.007724 166.007130 166.006832 166.006535 166.006832 166.007724 166.010100 166.017824 0.000000 
166.041292 166.040698 166.039807 166.039212 166.038321 166.037727 166.036836 166.036242 166.035351 166.034756 166.033865 166.033271 166.032380 166.031786 166.030895 166.030301 166.029409 166.028815 166.027924 166.027330 166.026439 166.025845 166.024953 166.024359 166.023468 166.022874 166.021983 166.021389 166.020497 166.019903 166.019012 166.018418 166.017527 166.016933 166.016041 166.015447 166.014556 166.013962 166.013071 166.012477 166.011585 166.010991 166.010100 166.009506 166.008615 166.008021 166.007130 166.006535 166.005644 166.005050 166.004159 166.003565 166.002674 166.002079 166.001188 166.000594 166.000000 
0.000000 166.041292 166.040698 166.039807 166.039212 166.038321 166.037727 166.036836 166.036242 166.035351 166.034756 166.033865 166.033271 166.032677 166.031786 166.031192 166.030301 166.029706 166.028815 166.028221 166.027330 166.026736 166.026142 166.025250 166.024656 166.023765 166.023171 166.022280 166.021686 166.020794 166.020200 166.019606 166.018715 166.018121 166.017230 166.016636 166.015744 166.015150 166.014259 166.013665 166.013071 166.012180 166.011585 166.010694 166.010100 166.009506 166.008912 166.008318 166.007724 166.007130 166.006832 166.006535 166.006832 166.007724 166.010100 166.017824 0.000000 
0.000000 0.000000 0.000000 0.000000 166.041589 166.040698 166.040104 166.039509 166.038618 166.038024 166.037430 166.036539 166.035945 166.035351 166.034459 166.033865 166.033271 166.032380 166.031786 166.031192 166.030598 166.029706 166.029112 166.028518 166.027627 166.027033 166.026439 166.025845 166.025250 166.024656 166.024062 166.023468 166.023171 166.022577 166.021983 166.021686 166.021092 166.020497 166.020200 166.019606 166.019606 166.019606 166.019606 166.019903 166.020200 166.020794 166.021686 166.022577 166.024656 166.026736 166.030301 166.034756 0.000000 0.000000 0.000000 0.000000 0.000000 
0.000000 0.000000 0.000000 0.000000 0.000000 0.000000 0.000000 0.000000 0.000000 0.000000 166.041589 166.040995 166.040698 166.040104 166.039509 166.038915 166.038618 166.038024 166.037430 166.037133 166.036539 166.035945 166.035351 166.035054 166.034459 166.034162 166.033568 166.032974 166.032677 166.032380 166.032380 166.032380 166.032677 166.032677 166.032974 166.033271 166.033568 166.034162 166.034756 166.035648 166.036539 166.037727 166.039509 166.041589 0.000000 0.000000 0.000000 0.000000 0.000000 0.000000 0.000000 0.000000 0.000000 0.000000 0.000000 0.000000 0.000000 
