test/output/constant/M360_S060_A000_WD090.0_WS045.0/M360_S060_A000_WD090.0_WS045.0_arrival.asc
ncols         46
nrows         7
xllcorner     422103.990666
yllcorner     12748455.311160
cellsize      100.000000
NODATA_value  0.000000
0.000000 0.000000 0.000000 0.000000 0.000000 0.000000 0.000000 0.000000 0.000000 0.000000 0.000000 0.000000 0.000000 0.000000 0.000000 0.000000 166.041491 166.040743 166.040370 166.040370 166.040370 166.040370 166.040743 166.041117 166.041117 0.000000 0.000000 0.000000 0.000000 0.000000 0.000000 0.000000 0.000000 0.000000 0.000000 0.000000 0.000000 0.000000 0.000000 0.000000 0.000000 0.000000 0.000000 0.000000 0.000000 0.000000 
0.000000 0.000000 0.000000 0.000000 0.000000 166.041667 166.040743 166.039996 166.039248 166.038127 166.037379 166.036632 166.035510 166.034763 166.034015 166.033268 166.032520 166.031772 166.031025 166.030277 166.029530 166.028782 166.028408 166.027661 166.026913 166.026166 166.025792 166.025044 166.024670 166.024297 166.024297 166.024297 166.024670 166.025044 166.025792 166.026539 166.028034 166.030277 166.032894 166.036258 0.000000 0.000000 0.000000 0.000000 0.000000 0.000000 
0.000000 0.000000 166.041117 166.039996 166.039248 166.038127 166.037379 166.036258 166.035510 166.034389 166.033641 166.032520 166.031772 166.030651 166.029903 166.029156 166.028034 166.027287 166.026166 166.025418 166.024297 166.023549 166.022428 166.021680 166.020932 166.019811 166.019063 166.017942 166.017194 166.016447 166.015326 166.014578 166.013457 166.012709 166.011961 166.010840 166.010466 166.009719 166.008971 166.008223 166.008223 166.008597 166.009719 166.011961 166.022054 0.000000 
166.041667 166.040743 166.039996 166.038874 166.038127 166.037006 166.036258 166.035137 166.034389 166.033268 166.032520 166.031399 166.030651 166.029530 166.028782 166.027661 166.026913 166.025792 166.025044 166.023923 166.023175 166.022054 166.021306 166.020185 166.019437 166.018316 166.017568 166.016447 166.015699 166.014578 166.013830 166.012709 166.011961 166.010840 166.010092 166.008971 166.008223 166.007102 166.006354 166.005233 166.004486 166.003364 166.002617 166.001495 166.000748 166.000000 
0.000000 0.000000 166.041117 166.039996 166.039248 166.038127 166.037379 166.036258 166.035510 166.034389 166.033641 166.032520 166.031772 166.030651 166.029903 166.029156 166.028034 166.027287 166.026166 166.025418 166.024297 166.023549 166.022428 166.021680 166.020932 166.019811 166.019063 166.017942 166.017194 166.016447 166.015326 166.014578 166.013457 166.012709 166.011961 166.010840 166.010466 166.009719 166.008971 166.008223 166.008223 166.008597 166.009719 166.011961 166.022054 0.000000 
0.000000 0.000000 0.000000 0.000000 0.000000 166.041667 166.040743 166.039996 166.039248 166.038127 166.037379 166.036632 166.035510 166.034763 166.034015 166.033268 166.032520 166.031772 166.031025 166.030277 166.029530 166.028782 166.028408 166.027661 166.026913 166.026166 166.025792 166.025044 166.024670 166.024297 166.024297 166.024297 166.024670 166.025044 166.025792 166.026539 166.028034 166.030277 166.032894 166.036258 0.000000 0.000000 0.000000 0.000000 0.000000 0.000000 
0.000000 0.000000 0.000000 0.000000 0.000000 0.000000 0.000000 0.000000 0.000000 0.000000 0.000000 0.000000 0.000000 0.000000 0.000000 0.000000 166.041491 166.040743 166.040370 166.040370 166.040370 166.040370 166.040743 166.041117 166.041117 0.000000 0.000000 0.000000 0.000000 0.000000 0.000000 0.000000 0.000000 0.000000 0.000000 0.000000 0.000000 0.000000 0.000000 0.000000 0.000000 0.000000 0.000000 0.000000 0.000000 0.000000 
