test/output/constant/M390_S060_A000_WD180.0_WS010.0/M390_S060_A000_WD180.0_WS010.0_intensity.asc
ncols         52
nrows         16
xllcorner     421503.990666
yllcorner     12748655.311160
cellsize      100.000000
NODATA_value  0.000000
0 79716 77423 79716 74577 60378 74577 60378 70705 70705 65923 65923 65923 4248 54238 54238 0 0 0 0 0 0 0 0 0 0 0 0 0 0 0 0 0 0 0 0 0 0 0 0 0 0 0 0 0 0 0 0 0 0 0 0 
79716 79716 79716 79716 79716 79716 79716 79716 65923 79716 65923 79716 65923 65923 65923 54238 54238 54238 60378 54238 54238 54238 0 0 0 0 0 0 0 0 0 0 0 0 0 0 0 0 0 0 0 0 0 0 0 0 0 0 0 0 0 0 
77841 79716 79155 79716 79716 79716 79716 79550 79716 79716 79716 74577 65923 77423 60378 79716 65923 65923 60378 54238 4248 4248 60378 2363 54238 54238 54238 0 0 0 0 0 0 0 0 0 0 0 0 0 0 0 0 0 0 0 0 0 0 0 0 0 
42196 79716 79716 79650 61477 79716 79716 79716 79550 79716 79716 74577 79716 79155 79716 65923 79716 60378 77423 60378 2363 65923 2363 4248 4248 60378 60378 7163 54238 1721 0 0 0 0 0 0 0 0 0 0 0 0 0 0 0 0 0 0 0 0 0 0 
0 79650 75201 79716 79716 71514 55431 48938 79716 79716 79716 79716 79716 79716 79716 74577 79716 79716 79716 60378 79550 70705 65923 54238 65923 54238 54238 7163 54238 54238 54238 2363 2363 54238 0 0 0 0 0 0 0 0 0 0 0 0 0 0 0 0 0 0 
0 0 0 28781 28781 79354 35408 35408 28781 35408 79716 79716 66893 79716 79716 79716 79716 79716 79716 79716 79716 79716 65923 79716 65923 79155 65923 54238 60378 60378 4248 4248 7163 4248 54238 54238 54238 0 0 0 0 0 0 0 0 0 0 0 0 0 0 0 
0 0 0 0 0 28781 48938 79716 35408 71514 35408 28781 79716 77841 79716 79716 79716 79716 79716 79716 79716 79716 79716 79716 79716 79716 65923 79716 60378 4248 1721 60378 54238 60378 7163 4248 60378 54238 54238 7163 0 0 0 0 0 0 0 0 0 0 0 0 
0 0 0 0 0 0 0 61477 28781 66893 35408 35408 35408 66893 35408 35408 71514 66893 79716 79650 75201 79716 79716 79716 79716 79716 74577 79716 79716 65923 70705 65923 54238 54238 54238 60378 4248 7163 54238 60378 2363 54238 0 0 0 0 0 0 0 0 0 0 
0 0 0 0 0 0 0 0 0 28781 42196 28781 28781 71514 35408 35408 35408 28781 35408 35408 79716 79716 77841 28781 61477 79716 79716 79716 79550 79716 79716 79716 79155 60378 60378 65923 60378 60378 54238 54238 54238 4248 54238 1318 47690 0 0 0 0 0 0 0 
0 0 0 0 0 0 0 0 0 0 0 35408 28781 28781 35408 35408 42196 71514 28781 71514 35408 35408 79716 28781 35408 71514 48938 79650 79716 79716 79716 79716 79716 79716 79716 79716 65923 79716 65923 2363 54238 4248 1721 54238 2363 47690 1721 0 0 0 0 0 
0 0 0 0 0 0 0 0 0 0 0 0 0 0 28781 35408 28781 28781 35408 35408 35408 28781 35408 66893 28781 35408 35408 42196 66893 66893 79716 77841 48938 79716 79716 79716 79716 79716 79716 74577 60378 60378 7163 60378 2363 2363 54238 1318 1721 0 0 0 
0 0 0 0 0 0 0 0 0 0 0 0 0 0 0 0 0 75201 28781 35408 28781 28781 35408 28781 35408 35408 28781 28781 28781 28781 35408 35408 28781 28781 35408 66893 77841 79716 79716 79716 79716 79716 79716 65923 65923 60378 4248 54238 47690 1318 0 0 
0 0 0 0 0 0 0 0 0 0 0 0 0 0 0 0 0 0 0 0 28781 28781 28781 35408 28781 35408 35408 35408 28781 35408 28781 35408 55431 28781 28781 35408 35408 28781 35408 55431 35408 79716 79716 79716 79716 79716 74577 4248 4248 54238 1318 1721 
0 0 0 0 0 0 0 0 0 0 0 0 0 0 0 0 0 0 0 0 0 0 0 0 28781 35408 28781 35408 28781 35408 28781 28781 35408 35408 28781 35408 35408 48938 28781 48938 35408 35408 61477 79716 28781 79716 79716 79716 79716 74577 65923 2363 
0 0 0 0 0 0 0 0 0 0 0 0 0 0 0 0 0 0 0 0 0 0 0 0 0 0 0 0 28781 28781 35408 28781 28781 28781 28781 28781 28781 28781 28781 35408 28781 28781 35408 28781 28781 35408 48938 35408 35408 79716 79716 0 
0 0 0 0 0 0 0 0 0 0 0 0 0 0 0 0 0 0 0 0 0 0 0 0 0 0 0 0 0 0 0 0 0 0 0 0 28781 35408 35408 28781 28781 28781 28781 35408 28781 28781 35408 28781 35408 11809 11809 931 
