test/output/constant/M3M495_S000_A180_WD270.0_WS015.0/M3M495_S000_A180_WD270.0_WS015.0_arrival.asc
ncols         23
nrows         11
xllcorner     426303.990666
yllcorner     12748255.311160
cellsize      100.000000
NODATA_value  0.000000
0.000000 0.000000 0.000000 0.000000 0.000000 166.040799 166.038138 166.036364 166.036364 166.035477 166.035477 166.035477 166.036364 166.036364 166.037251 166.039025 166.039912 166.041667 0.000000 0.000000 0.000000 0.000000 0.000000 
0.000000 0.000000 0.000000 166.037251 166.032816 166.030156 166.028382 166.027495 166.027495 166.027495 166.028382 166.028382 166.029269 166.031042 166.031929 166.033703 166.035477 166.037251 166.039025 166.040799 0.000000 0.000000 0.000000 
0.000000 166.039912 166.031929 166.025721 166.023060 166.020399 166.019512 166.020399 166.020399 166.020399 166.022173 166.023060 166.024834 166.026608 166.028382 166.030156 166.031929 166.033703 166.036364 166.038138 166.039912 166.041667 0.000000 
166.041667 166.030156 166.021286 166.015078 166.012417 166.012417 166.012417 166.012417 166.014191 166.015965 166.017739 166.019512 166.021286 166.023060 166.025721 166.027495 166.029269 166.031929 166.033703 166.036364 166.038138 166.040799 0.000000 
166.036364 166.023060 166.010643 166.004435 166.004435 166.005322 166.007095 166.008869 166.010643 166.013304 166.015078 166.017739 166.019512 166.022173 166.023947 166.026608 166.028382 166.031042 166.032816 166.035477 166.037251 166.039912 166.041667 
166.035477 166.021286 166.007095 166.000000 166.001774 166.003548 166.006208 166.007982 166.010643 166.012417 166.015078 166.016852 166.019512 166.021286 166.023947 166.025721 166.028382 166.030156 166.032816 166.034590 166.037251 166.039025 166.041667 
166.036364 166.023060 166.010643 166.004435 166.004435 166.005322 166.007095 166.008869 166.010643 166.013304 166.015078 166.017739 166.019512 166.022173 166.023947 166.026608 166.028382 166.031042 166.032816 166.035477 166.037251 166.039912 166.041667 
166.041667 166.030156 166.021286 166.015078 166.012417 166.012417 166.012417 166.012417 166.014191 166.015965 166.017739 166.019512 166.021286 166.023060 166.025721 166.027495 166.029269 166.031929 166.033703 166.036364 166.038138 166.040799 0.000000 
0.000000 166.039912 166.031929 166.025721 166.023060 166.020399 166.019512 166.020399 166.020399 166.020399 166.022173 166.023060 166.024834 166.026608 166.028382 166.030156 166.031929 166.033703 166.036364 166.038138 166.039912 166.041667 0.000000 
0.000000 0.000000 0.000000 166.037251 166.032816 166.030156 166.028382 166.027495 166.027495 166.027495 166.028382 166.028382 166.029269 166.031042 166.031929 166.033703 166.035477 166.037251 166.039025 166.040799 0.000000 0.000000 0.000000 
0.000000 0.000000 0.000000 0.000000 0.000000 166.040799 166.038138 166.036364 166.036364 166.035477 166.035477 166.035477 166.036364 166.036364 166.037251 166.039025 166.039912 166.041667 0.000000 0.000000 0.000000 0.000000 0.000000 
