test/output/constant/M360_S060_A000_WD225.0_WS020.0/M360_S060_A000_WD225.0_WS020.0_arrival.asc
ncols         20
nrows         14
xllcorner     424803.990666
yllcorner     12748655.311160
cellsize      100.000000
NODATA_value  0.000000
166.041287 166.040550 166.040550 166.040550 166.041287 0.000000 0.000000 0.000000 0.000000 0.000000 0.000000 0.000000 0.000000 0.000000 0.000000 0.000000 0.000000 0.000000 0.000000 0.000000 
166.040550 166.038338 166.036863 166.036863 166.036863 166.036863 166.038338 166.041287 0.000000 0.000000 0.000000 0.000000 0.000000 0.000000 0.000000 0.000000 0.000000 0.000000 0.000000 0.000000 
166.040550 166.037601 166.036126 166.034651 166.033177 166.033177 166.033914 166.034651 166.036863 166.040550 0.000000 0.000000 0.000000 0.000000 0.000000 0.000000 0.000000 0.000000 0.000000 0.000000 
166.041287 166.038338 166.035389 166.033177 166.030965 166.030228 166.029491 166.030228 166.030965 166.032440 166.036126 166.041287 0.000000 0.000000 0.000000 0.000000 0.000000 0.000000 0.000000 0.000000 
0.000000 166.039075 166.036126 166.033177 166.030965 166.028753 166.027279 166.026542 166.026542 166.026542 166.028753 166.032440 166.037601 0.000000 0.000000 0.000000 0.000000 0.000000 0.000000 0.000000 
0.000000 0.000000 166.038338 166.034651 166.031702 166.028753 166.026542 166.024330 166.022855 166.022855 166.022855 166.024330 166.028016 166.033914 0.000000 0.000000 0.000000 0.000000 0.000000 0.000000 
0.000000 0.000000 0.000000 166.037601 166.033177 166.029491 166.026542 166.024330 166.022118 166.019906 166.019169 166.019169 166.020643 166.023592 166.029491 166.040550 0.000000 0.000000 0.000000 0.000000 
0.000000 0.000000 0.000000 0.000000 166.037601 166.033177 166.028753 166.025067 166.022118 166.019906 166.017694 166.016220 166.016220 166.016220 166.019169 166.025804 166.038338 0.000000 0.000000 0.000000 
0.000000 0.000000 0.000000 0.000000 0.000000 166.038338 166.033177 166.028016 166.023592 166.019906 166.017694 166.015483 166.013271 166.012534 166.012534 166.015483 166.022855 166.036863 0.000000 0.000000 
0.000000 0.000000 0.000000 0.000000 0.000000 0.000000 166.040550 166.034651 166.028753 166.023592 166.019169 166.015483 166.012534 166.010322 166.008847 166.008847 166.011059 166.019906 166.038338 0.000000 
0.000000 0.000000 0.000000 0.000000 0.000000 0.000000 0.000000 0.000000 166.036863 166.030965 166.025067 166.019169 166.014745 166.011059 166.008110 166.005898 166.005898 166.006635 166.018432 0.000000 
0.000000 0.000000 0.000000 0.000000 0.000000 0.000000 0.000000 0.000000 0.000000 166.041667 166.034651 166.028016 166.021381 166.014745 166.009584 166.005898 166.003686 166.002212 166.002212 166.029491 
0.000000 0.000000 0.000000 0.000000 0.000000 0.000000 0.000000 0.000000 0.000000 0.000000 0.000000 166.041287 166.033914 166.026542 166.019169 166.011796 166.005161 166.001475 166.000000 166.022118 
0.000000 0.000000 0.000000 0.000000 0.000000 0.000000 0.000000 0.000000 0.000000 0.000000 0.000000 0.000000 0.000000 0.000000 0.000000 166.036126 166.029491 166.023592 166.022118 166.035389 
