test/output/constant/M360_S060_A000_WD225.0_WS020.0/M360_S060_A000_WD225.0_WS020.0_ros.asc
ncols         20
nrows         14
xllcorner     424803.990666
yllcorner     12748655.311160
cellsize      100.000000
NODATA_value  0.000000
35.845551 35.845551 28.065496 35.695560 5.236369 0.000000 0.000000 0.000000 0.000000 0.000000 0.000000 0.000000 0.000000 0.000000 0.000000 0.000000 0.000000 0.000000 0.000000 0.000000 
35.845551 35.845551 35.845551 33.906715 35.695560 32.333241 30.366285 2.367687 0.000000 0.000000 0.000000 0.000000 0.000000 0.000000 0.000000 0.000000 0.000000 0.000000 0.000000 0.000000 
35.845551 35.845551 35.845551 35.845551 35.845551 28.065496 3.847389 28.065496 32.333241 3.847389 0.000000 0.000000 0.000000 0.000000 0.000000 0.000000 0.000000 0.000000 0.000000 0.000000 
21.448029 10.354317 35.845551 35.845551 35.845551 35.845551 35.038960 32.333241 1.809448 28.065496 22.749060 22.749060 0.000000 0.000000 0.000000 0.000000 0.000000 0.000000 0.000000 0.000000 
0.000000 29.362400 35.845551 35.460567 35.845551 35.845551 35.845551 35.845551 32.333241 25.500561 25.500561 5.236369 2.367687 0.000000 0.000000 0.000000 0.000000 0.000000 0.000000 0.000000 
0.000000 0.000000 8.029019 33.249416 10.354317 35.845551 35.845551 35.845551 35.845551 25.500561 35.845551 30.366285 3.847389 2.048186 0.000000 0.000000 0.000000 0.000000 0.000000 0.000000 
0.000000 0.000000 0.000000 10.354317 21.448029 31.490461 24.264572 35.845551 35.845551 35.845551 35.038960 35.695560 5.236369 25.500561 5.236369 2.855023 0.000000 0.000000 0.000000 0.000000 
0.000000 0.000000 0.000000 0.000000 21.448029 10.354317 10.354317 33.249416 34.586224 35.845551 35.845551 33.906715 30.366285 32.333241 25.500561 25.500561 2.855023 0.000000 0.000000 0.000000 
0.000000 0.000000 0.000000 0.000000 0.000000 10.354317 10.354317 21.448029 26.929363 31.490461 29.362400 35.845551 35.845551 35.845551 35.845551 5.236369 2.048186 2.855023 0.000000 0.000000 
0.000000 0.000000 0.000000 0.000000 0.000000 0.000000 10.354317 8.029019 10.354317 21.448029 8.029019 26.929363 35.845551 35.845551 35.845551 35.845551 3.847389 1.809448 2.855023 0.000000 
0.000000 0.000000 0.000000 0.000000 0.000000 0.000000 0.000000 0.000000 8.029019 10.354317 10.354317 8.029019 10.354317 10.354317 35.845551 35.845551 28.065496 25.500561 2.048186 0.000000 
0.000000 0.000000 0.000000 0.000000 0.000000 0.000000 0.000000 0.000000 0.000000 10.354317 8.029019 8.029019 8.029019 18.563978 10.354317 35.460567 35.845551 35.845551 22.749060 2.367687 
0.000000 0.000000 0.000000 0.000000 0.000000 0.000000 0.000000 0.000000 0.000000 0.000000 0.000000 10.354317 10.354317 8.029019 10.354317 8.029019 10.354317 35.845551 0.000000 2.048186 
0.000000 0.000000 0.000000 0.000000 0.000000 0.000000 0.000000 0.000000 0.000000 0.000000 0.000000 0.000000 0.000000 0.000000 0.000000 8.029019 8.029019 6.021672 3.143650 1.602370 
