test/output/constant/M395_S060_A180_WD045.0_WS045.0/M395_S060_A180_WD045.0_WS045.0_ros.asc
ncols         15
nrows         39
xllcorner     426403.990666
yllcorner     12745055.311160
cellsize      100.000000
NODATA_value  0.000000
0.000000 1.331028 1.352881 2.512607 0.000000 0.000000 0.000000 0.000000 0.000000 0.000000 0.000000 0.000000 0.000000 0.000000 0.000000 
0.000000 2.012437 0.000000 44.705090 2.512607 0.000000 0.000000 0.000000 0.000000 0.000000 0.000000 0.000000 0.000000 0.000000 0.000000 
2.012437 13.995973 63.982632 53.678879 3.002312 1.905247 0.000000 0.000000 0.000000 0.000000 0.000000 0.000000 0.000000 0.000000 0.000000 
13.995973 13.995973 63.982632 63.916599 53.678879 5.372298 3.639341 0.000000 0.000000 0.000000 0.000000 0.000000 0.000000 0.000000 0.000000 
10.284856 18.292742 59.743343 63.982632 49.429874 49.429874 3.002312 0.000000 0.000000 0.000000 0.000000 0.000000 0.000000 0.000000 0.000000 
18.292742 13.995973 28.129547 63.982632 53.678879 49.429874 44.705090 3.002312 0.000000 0.000000 0.000000 0.000000 0.000000 0.000000 0.000000 
10.284856 18.292742 56.667336 63.982632 63.982632 49.429874 49.429874 49.429874 0.000000 0.000000 0.000000 0.000000 0.000000 0.000000 0.000000 
33.376003 18.292742 23.051001 63.982632 63.982632 63.982632 49.429874 3.002312 2.512607 0.000000 0.000000 0.000000 0.000000 0.000000 0.000000 
0.000000 38.632141 28.129547 63.982632 63.982632 57.323116 53.678879 49.429874 7.818912 0.000000 0.000000 0.000000 0.000000 0.000000 0.000000 
0.000000 33.376003 18.292742 63.982632 63.982632 62.376366 53.678879 1.905247 49.429874 0.000000 0.000000 0.000000 0.000000 0.000000 0.000000 
0.000000 18.292742 18.292742 63.982632 63.982632 63.982632 63.982632 53.678879 53.678879 44.705090 0.000000 0.000000 0.000000 0.000000 0.000000 
0.000000 38.632141 18.292742 56.667336 63.982632 63.982632 63.982632 63.982632 1.905247 53.678879 0.000000 0.000000 0.000000 0.000000 0.000000 
0.000000 38.632141 38.632141 59.743343 63.982632 63.982632 63.982632 62.376366 60.251934 1.905247 49.429874 0.000000 0.000000 0.000000 0.000000 
0.000000 38.632141 38.632141 23.051001 63.982632 63.982632 63.982632 63.982632 53.678879 49.429874 49.429874 0.000000 0.000000 0.000000 0.000000 
0.000000 23.051001 38.632141 63.982632 63.982632 63.982632 63.982632 60.251934 63.631866 63.916599 49.429874 0.000000 0.000000 0.000000 0.000000 
0.000000 38.632141 23.051001 38.632141 63.982632 63.982632 63.982632 62.376366 53.678879 53.678879 49.429874 2.512607 0.000000 0.000000 0.000000 
0.000000 0.000000 48.541954 48.541954 62.030106 63.982632 63.631866 63.982632 60.251934 62.376366 49.429874 49.429874 0.000000 0.000000 0.000000 
0.000000 0.000000 38.632141 52.895401 23.051001 63.982632 63.982632 63.982632 53.678879 62.376366 49.429874 49.429874 0.000000 0.000000 0.000000 
0.000000 0.000000 38.632141 10.284856 56.667336 63.982632 63.982632 63.982632 63.982632 63.982632 53.678879 53.678879 0.000000 0.000000 0.000000 
0.000000 0.000000 33.376003 18.292742 56.667336 63.458256 63.982632 63.982632 63.982632 53.678879 63.916599 2.512607 49.429874 0.000000 0.000000 
0.000000 0.000000 18.292742 13.995973 48.541954 63.982632 63.982632 63.982632 62.376366 62.376366 63.982632 63.982632 53.678879 0.000000 0.000000 
0.000000 0.000000 38.632141 10.284856 13.995973 63.982632 63.982632 63.982632 63.982632 63.982632 52.895401 53.678879 63.631866 0.000000 0.000000 
0.000000 0.000000 0.000000 63.982632 48.541954 63.982632 63.982632 63.982632 63.982632 63.982632 53.678879 63.982632 53.678879 0.000000 0.000000 
0.000000 0.000000 0.000000 63.982632 23.051001 63.458256 63.982632 63.982632 63.982632 63.982632 63.982632 60.251934 62.376366 49.429874 0.000000 
0.000000 0.000000 0.000000 63.829483 48.541954 63.982632 62.030106 63.982632 63.982632 63.982632 63.982632 62.376366 63.982632 53.678879 0.000000 
0.000000 0.000000 0.000000 0.000000 63.982632 28.129547 18.292742 63.982632 63.982632 63.982632 63.982632 57.323116 63.916599 62.376366 0.000000 
0.000000 0.000000 0.000000 0.000000 43.739006 63.829483 59.743343 63.829483 63.982632 63.982632 63.916599 63.982632 63.982632 63.982632 0.000000 
0.000000 0.000000 0.000000 0.000000 48.541954 56.667336 63.982632 63.982632 63.982632 63.982632 63.982632 63.982632 49.429874 63.916599 0.000000 
0.000000 0.000000 0.000000 0.000000 0.000000 52.895401 23.051001 63.982632 43.739006 63.982632 63.982632 63.982632 57.323116 63.982632 0.000000 
0.000000 0.000000 0.000000 0.000000 0.000000 63.982632 23.051001 63.982632 63.982632 63.982632 63.982632 63.982632 53.678879 57.323116 0.000000 
0.000000 0.000000 0.000000 0.000000 0.000000 0.000000 52.895401 18.292742 62.030106 63.982632 60.251934 63.982632 60.251934 53.678879 0.000000 
0.000000 0.000000 0.000000 0.000000 0.000000 0.000000 52.895401 63.982632 13.995973 63.982632 63.982632 63.982632 63.982632 63.982632 57.323116 
0.000000 0.000000 0.000000 0.000000 0.000000 0.000000 62.030106 18.292742 18.292742 59.743343 63.982632 63.982632 63.982632 53.678879 63.916599 
0.000000 0.000000 0.000000 0.000000 0.000000 0.000000 0.000000 63.982632 63.982632 63.982632 63.982632 63.982632 63.982632 63.631866 0.000000 
0.000000 0.000000 0.000000 0.000000 0.000000 0.000000 0.000000 63.982632 63.982632 63.982632 63.982632 63.982632 63.916599 57.323116 0.000000 
0.000000 0.000000 0.000000 0.000000 0.000000 0.000000 0.000000 0.000000 48.541954 63.982632 63.982632 63.982632 63.982632 60.251934 0.000000 
0.000000 0.000000 0.000000 0.000000 0.000000 0.000000 0.000000 0.000000 0.000000 63.982632 63.982632 63.982632 63.982632 63.982632 0.000000 
0.000000 0.000000 0.000000 0.000000 0.000000 0.000000 0.000000 0.000000 0.000000 0.000000 63.982632 63.982632 63.982632 63.982632 0.000000 
0.000000 0.000000 0.000000 0.000000 0.000000 0.000000 0.000000 0.000000 0.000000 0.000000 63.982632 63.982632 63.982632 63.982632 0.000000 
