test/output/constant/M395_S060_A180_WD045.0_WS045.0/M395_S060_A180_WD045.0_WS045.0_raz.asc
ncols         15
nrows         39
xllcorner     426403.990666
yllcorner     12745055.311160
cellsize      100.000000
NODATA_value  0.000000
0 345 7 75 0 0 0 0 0 0 0 0 0 0 0 
0 275 254 155 75 0 0 0 0 0 0 0 0 0 0 
275 192 165 158 85 54 0 0 0 0 0 0 0 0 0 
192 192 165 164 158 111 95 0 0 0 0 0 0 0 0 
198 187 168 165 157 157 85 0 0 0 0 0 0 0 0 
187 192 180 165 158 157 155 85 0 0 0 0 0 0 0 
198 187 169 165 165 157 157 157 0 0 0 0 0 0 0 
178 187 183 165 165 165 157 85 75 0 0 0 0 0 0 
0 176 180 165 165 160 158 157 123 0 0 0 0 0 0 
0 178 187 165 165 162 158 54 157 0 0 0 0 0 0 
0 187 187 165 165 165 165 158 158 155 0 0 0 0 0 
0 176 187 169 165 165 165 165 54 158 0 0 0 0 0 
0 176 176 168 165 165 165 162 161 54 157 0 0 0 0 
0 176 176 183 165 165 165 165 158 157 157 0 0 0 0 
0 183 176 165 165 165 165 161 163 164 157 0 0 0 0 
0 176 183 176 165 165 165 162 158 158 157 75 0 0 0 
0 0 172 172 167 165 163 165 161 162 157 157 0 0 0 
0 0 176 171 183 165 165 165 158 162 157 157 0 0 0 
0 0 176 198 169 165 165 165 165 165 158 158 0 0 0 
0 0 178 187 169 166 165 165 165 158 164 75 157 0 0 
0 0 187 192 172 165 165 165 162 162 165 165 158 0 0 
0 0 176 198 192 165 165 165 165 165 171 158 163 0 0 
0 0 0 165 172 165 165 165 165 165 158 165 158 0 0 
0 0 0 165 183 166 165 165 165 165 165 161 162 157 0 
0 0 0 165 172 165 167 165 165 165 165 162 165 158 0 
0 0 0 0 165 180 187 165 165 165 165 160 164 162 0 
0 0 0 0 174 165 168 165 165 165 164 165 165 165 0 
0 0 0 0 172 169 165 165 165 165 165 165 157 164 0 
0 0 0 0 0 171 183 165 174 165 165 165 160 165 0 
0 0 0 0 0 165 183 165 165 165 165 165 158 160 0 
0 0 0 0 0 0 171 187 167 165 161 165 161 158 0 
0 0 0 0 0 0 171 165 192 165 165 165 165 165 160 
0 0 0 0 0 0 167 187 187 168 165 165 165 158 164 
0 0 0 0 0 0 0 165 165 165 165 165 165 163 0 
0 0 0 0 0 0 0 165 165 165 165 165 164 160 0 
0 0 0 0 0 0 0 0 172 165 165 165 165 161 0 
0 0 0 0 0 0 0 0 0 165 165 165 165 165 0 
0 0 0 0 0 0 0 0 0 0 165 165 165 165 0 
0 0 0 0 0 0 0 0 0 0 165 165 165 165 0 
