test/output/constant/M380_S060_A180_WD045.0_WS010.0/M380_S060_A180_WD045.0_WS010.0_ros.asc
ncols         38
nrows         13
xllcorner     426503.990666
yllcorner     12747755.311160
cellsize      100.000000
NODATA_value  0.000000
0.000000 0.000000 0.000000 1.526114 22.541719 17.822725 17.822725 17.822725 17.822725 13.530532 13.530532 37.800072 37.800072 0.000000 0.000000 0.000000 0.000000 0.000000 0.000000 0.000000 0.000000 0.000000 0.000000 0.000000 0.000000 0.000000 0.000000 0.000000 0.000000 0.000000 0.000000 0.000000 0.000000 0.000000 0.000000 0.000000 0.000000 0.000000 
1.526114 1.526114 22.541719 17.822725 37.800072 32.683582 37.800072 32.683582 17.822725 37.800072 37.800072 17.822725 42.740234 32.683582 32.683582 17.822725 47.354401 37.800072 51.502728 27.545675 0.000000 0.000000 0.000000 0.000000 0.000000 0.000000 0.000000 0.000000 0.000000 0.000000 0.000000 0.000000 0.000000 0.000000 0.000000 0.000000 0.000000 0.000000 
1.382559 -1.000000 61.548916 61.548916 32.683582 61.548916 61.548916 61.488415 47.354401 17.822725 61.488415 51.502728 13.530532 55.059452 27.545675 57.916759 47.354401 27.545675 51.502728 27.545675 55.059452 37.800072 22.541719 47.354401 22.541719 0.000000 0.000000 0.000000 0.000000 0.000000 0.000000 0.000000 0.000000 0.000000 0.000000 0.000000 0.000000 0.000000 
1.382559 1.923069 61.017784 61.391647 61.548916 61.548916 61.548916 61.548916 61.548916 61.548916 61.548916 22.541719 61.548916 61.548916 32.683582 32.683582 59.988045 27.545675 22.541719 61.548916 61.210567 22.541719 17.822725 61.548916 51.502728 22.541719 57.916759 32.683582 0.000000 0.000000 0.000000 0.000000 0.000000 0.000000 0.000000 0.000000 0.000000 0.000000 
0.000000 1.382559 2.710317 36.716808 46.390957 61.548916 61.548916 61.548916 61.548916 61.548916 61.548916 61.548916 32.683582 61.548916 61.548916 61.548916 55.059452 22.541719 42.740234 61.488415 17.822725 61.548916 61.548916 61.548916 61.548916 61.548916 22.541719 61.548916 61.548916 61.548916 57.916759 0.000000 0.000000 0.000000 0.000000 0.000000 0.000000 0.000000 
0.000000 0.000000 0.000000 31.593527 46.390957 41.699776 46.390957 59.605724 61.017784 57.357159 61.548916 61.548916 61.548916 61.548916 61.548916 61.548916 57.916759 61.548916 61.548916 61.548916 61.548916 61.548916 61.488415 61.548916 37.800072 61.548916 61.488415 61.548916 61.548916 17.822725 27.545675 59.988045 61.548916 0.000000 0.000000 0.000000 0.000000 0.000000 
0.000000 0.000000 0.000000 0.000000 2.710317 36.716808 41.699776 41.699776 57.357159 46.390957 61.017784 61.548916 61.548916 61.548916 61.548916 61.548916 61.548916 61.548916 61.548916 61.548916 61.548916 61.548916 32.683582 59.988045 61.548916 61.548916 47.354401 61.548916 61.488415 61.548916 61.548916 61.548916 32.683582 61.548916 61.548916 0.000000 0.000000 0.000000 
0.000000 0.000000 0.000000 0.000000 0.000000 0.000000 2.245645 36.716808 46.390957 41.699776 41.699776 41.699776 61.548916 54.340553 59.605724 59.605724 61.548916 61.548916 61.548916 61.548916 61.548916 61.548916 61.548916 61.548916 61.548916 61.548916 61.548916 61.548916 59.988045 61.548916 61.548916 61.548916 55.059452 61.548916 61.210567 61.548916 0.000000 0.000000 
0.000000 0.000000 0.000000 0.000000 0.000000 0.000000 0.000000 0.000000 0.000000 41.699776 46.390957 41.699776 41.699776 59.605724 59.605724 61.548916 59.605724 61.548916 61.548916 61.548916 61.548916 61.548916 61.548916 61.548916 61.391647 61.548916 61.548916 61.548916 61.548916 61.548916 61.548916 61.548916 61.548916 61.548916 61.548916 61.548916 61.548916 0.000000 
0.000000 0.000000 0.000000 0.000000 0.000000 0.000000 0.000000 0.000000 0.000000 0.000000 0.000000 0.000000 41.699776 41.699776 46.390957 46.390957 59.605724 57.357159 61.017784 61.548916 57.357159 59.605724 59.605724 61.548916 61.548916 61.548916 61.548916 61.548916 61.548916 61.548916 61.548916 61.548916 61.548916 61.548916 57.916759 61.548916 61.548916 32.683582 
0.000000 0.000000 0.000000 0.000000 0.000000 0.000000 0.000000 0.000000 0.000000 0.000000 0.000000 0.000000 0.000000 0.000000 0.000000 46.390957 46.390957 41.699776 50.647705 57.357159 59.605724 54.340553 57.357159 61.548916 61.548916 61.548916 61.548916 61.548916 61.548916 61.391647 61.548916 61.548916 61.548916 61.548916 61.548916 61.548916 61.548916 61.548916 
0.000000 0.000000 0.000000 0.000000 0.000000 0.000000 0.000000 0.000000 0.000000 0.000000 0.000000 0.000000 0.000000 0.000000 0.000000 0.000000 0.000000 0.000000 0.000000 59.605724 41.699776 41.699776 61.548916 61.548916 59.605724 61.548916 59.605724 61.017784 61.017784 61.548916 61.548916 61.548916 61.548916 61.548916 61.548916 61.548916 61.548916 61.548916 
0.000000 0.000000 0.000000 0.000000 0.000000 0.000000 0.000000 0.000000 0.000000 0.000000 0.000000 0.000000 0.000000 0.000000 0.000000 0.000000 0.000000 0.000000 0.000000 0.000000 0.000000 0.000000 0.000000 0.000000 0.000000 59.605724 59.605724 41.699776 59.605724 61.548916 61.548916 61.548916 61.391647 61.548916 61.548916 0.000000 0.000000 0.000000 
