test/output/constant/M380_S060_A180_WD045.0_WS010.0/M380_S060_A180_WD045.0_WS010.0_raz.asc
ncols         38
nrows         13
xllcorner     426503.990666
yllcorner     12747755.311160
cellsize      100.000000
NODATA_value  0.000000
0 0 0 352 83 79 79 79 79 75 75 91 91 0 0 0 0 0 0 0 0 0 0 0 0 0 0 0 0 0 0 0 0 0 0 0 0 0 
352 352 83 79 91 89 91 89 79 91 91 79 93 89 89 79 94 91 96 86 0 0 0 0 0 0 0 0 0 0 0 0 0 0 0 0 0 0 
259 65535 102 102 89 102 102 102 94 79 102 96 75 97 86 98 94 86 96 86 97 91 83 94 83 0 0 0 0 0 0 0 0 0 0 0 0 0 
259 192 103 103 102 102 102 102 102 102 102 83 102 102 89 89 100 86 83 102 101 83 79 102 96 83 98 89 0 0 0 0 0 0 0 0 0 0 
0 259 172 114 110 102 102 102 102 102 102 102 89 102 102 102 97 83 93 102 79 102 102 102 102 102 83 102 102 102 98 0 0 0 0 0 0 0 
0 0 0 116 110 112 110 105 103 106 102 102 102 102 102 102 98 102 102 102 102 102 102 102 91 102 102 102 102 79 86 100 102 0 0 0 0 0 
0 0 0 0 172 114 112 112 106 110 103 102 102 102 102 102 102 102 102 102 102 102 89 100 102 102 94 102 102 102 102 102 89 102 102 0 0 0 
0 0 0 0 0 0 182 114 110 112 112 112 102 107 105 105 102 102 102 102 102 102 102 102 102 102 102 102 100 102 102 102 97 102 101 102 0 0 
0 0 0 0 0 0 0 0 0 112 110 112 112 105 105 102 105 102 102 102 102 102 102 102 103 102 102 102 102 102 102 102 102 102 102 102 102 0 
0 0 0 0 0 0 0 0 0 0 0 0 112 112 110 110 105 106 103 102 106 105 105 102 102 102 102 102 102 102 102 102 102 102 98 102 102 89 
0 0 0 0 0 0 0 0 0 0 0 0 0 0 0 110 110 112 109 106 105 107 106 102 102 102 102 102 102 103 102 102 102 102 102 102 102 102 
0 0 0 0 0 0 0 0 0 0 0 0 0 0 0 0 0 0 0 105 112 112 102 102 105 102 105 103 103 102 102 102 102 102 102 102 102 102 
0 0 0 0 0 0 0 0 0 0 0 0 0 0 0 0 0 0 0 0 0 0 0 0 0 105 105 112 105 102 102 102 103 102 102 0 0 0 
