test/output/constant/M3M495_S000_A270_WD090.0_WS025.0/M3M495_S000_A270_WD090.0_WS025.0_arrival.asc
ncols         34
nrows         11
xllcorner     423503.990666
yllcorner     12748255.311160
cellsize      100.000000
NODATA_value  0.000000
0.000000 0.000000 0.000000 0.000000 0.000000 0.000000 0.000000 0.000000 0.000000 0.000000 166.041084 166.040543 166.039462 166.039462 166.038921 166.038921 166.038381 166.038381 166.038381 166.038921 166.039462 166.040543 166.041084 0.000000 0.000000 0.000000 0.000000 0.000000 0.000000 0.000000 0.000000 0.000000 0.000000 0.000000 
0.000000 0.000000 0.000000 0.000000 0.000000 166.041624 166.040543 166.039462 166.038381 166.037300 166.036218 166.035137 166.034597 166.033516 166.032434 166.031894 166.030813 166.030813 166.030272 166.030272 166.030272 166.030272 166.030272 166.031353 166.031894 166.033516 166.036218 166.038921 0.000000 0.000000 0.000000 0.000000 0.000000 0.000000 
0.000000 0.000000 0.000000 166.040543 166.039462 166.038381 166.037300 166.035678 166.034597 166.033516 166.031894 166.030813 166.029732 166.028650 166.028110 166.027029 166.025948 166.024866 166.023785 166.023245 166.022164 166.022164 166.021623 166.021623 166.021623 166.022164 166.022704 166.024326 166.027029 166.030813 166.036759 0.000000 0.000000 0.000000 
0.000000 166.041624 166.040002 166.038921 166.037300 166.036218 166.035137 166.033516 166.032434 166.030813 166.029732 166.028650 166.027029 166.025948 166.024326 166.023245 166.022164 166.021082 166.019461 166.018380 166.017298 166.016217 166.015677 166.014596 166.013514 166.012974 166.012974 166.012974 166.013514 166.015136 166.018920 166.024866 166.038921 0.000000 
166.041624 166.040543 166.038921 166.037840 166.036218 166.035137 166.033516 166.032434 166.030813 166.029732 166.028110 166.027029 166.025407 166.024326 166.022704 166.021623 166.020001 166.018920 166.017298 166.016217 166.015136 166.013514 166.012433 166.010811 166.009730 166.008649 166.007027 166.005946 166.004865 166.004325 166.004865 166.007027 166.019461 0.000000 
166.041624 166.040002 166.038921 166.037300 166.036218 166.034597 166.033516 166.031894 166.030813 166.029191 166.028110 166.026488 166.025407 166.023785 166.022704 166.021082 166.020001 166.018380 166.017298 166.015677 166.014596 166.012974 166.011893 166.010271 166.009190 166.007568 166.006487 166.004865 166.003784 166.002162 166.001081 166.000000 166.014055 166.041624 
166.041624 166.040543 166.038921 166.037840 166.036218 166.035137 166.033516 166.032434 166.030813 166.029732 166.028110 166.027029 166.025407 166.024326 166.022704 166.021623 166.020001 166.018920 166.017298 166.016217 166.015136 166.013514 166.012433 166.010811 166.009730 166.008649 166.007027 166.005946 166.004865 166.004325 166.004865 166.007027 166.019461 0.000000 
0.000000 166.041624 166.040002 166.038921 166.037300 166.036218 166.035137 166.033516 166.032434 166.030813 166.029732 166.028650 166.027029 166.025948 166.024326 166.023245 166.022164 166.021082 166.019461 166.018380 166.017298 166.016217 166.015677 166.014596 166.013514 166.012974 166.012974 166.012974 166.013514 166.015136 166.018920 166.024866 166.038921 0.000000 
0.000000 0.000000 0.000000 166.040543 166.039462 166.038381 166.037300 166.035678 166.034597 166.033516 166.031894 166.030813 166.029732 166.028650 166.028110 166.027029 166.025948 166.024866 166.023785 166.023245 166.022164 166.022164 166.021623 166.021623 166.021623 166.022164 166.022704 166.024326 166.027029 166.030813 166.036759 0.000000 0.000000 0.000000 
0.000000 0.000000 0.000000 0.000000 0.000000 166.041624 166.040543 166.039462 166.038381 166.037300 166.036218 166.035137 166.034597 166.033516 166.032434 166.031894 166.030813 166.030813 166.030272 166.030272 166.030272 166.030272 166.030272 166.031353 166.031894 166.033516 166.036218 166.038921 0.000000 0.000000 0.000000 0.000000 0.000000 0.000000 
0.000000 0.000000 0.000000 0.000000 0.000000 0.000000 0.000000 0.000000 0.000000 0.000000 166.041084 166.040543 166.039462 166.039462 166.038921 166.038921 166.038381 166.038381 166.038381 166.038921 166.039462 166.040543 166.041084 0.000000 0.000000 0.000000 0.000000 0.000000 0.000000 0.000000 0.000000 0.000000 0.000000 0.000000 
