test/output/constant/M395_S000_A180_WD000.0_WS040.0/M395_S000_A180_WD000.0_WS040.0_arrival.asc
ncols         11
nrows         57
xllcorner     426103.990666
yllcorner     12743255.311160
cellsize      100.000000
NODATA_value  0.000000
0.000000 0.000000 0.000000 0.000000 0.000000 166.037087 0.000000 0.000000 0.000000 0.000000 0.000000 
0.000000 0.000000 0.000000 0.000000 166.010944 166.000000 166.010944 0.000000 0.000000 0.000000 0.000000 
0.000000 0.000000 0.000000 166.030704 166.005472 166.000608 166.005472 166.030704 0.000000 0.000000 0.000000 
0.000000 0.000000 0.000000 166.022496 166.004256 166.001216 166.004256 166.022496 0.000000 0.000000 0.000000 
0.000000 0.000000 166.040431 166.017328 166.004256 166.002128 166.004256 166.017328 166.040431 0.000000 0.000000 
0.000000 0.000000 166.034351 166.014896 166.004256 166.002736 166.004256 166.014896 166.034351 0.000000 0.000000 
0.000000 0.000000 166.029488 166.013376 166.004864 166.003648 166.004864 166.013376 166.029488 0.000000 0.000000 
0.000000 0.000000 166.026448 166.012464 166.005472 166.004256 166.005472 166.012464 166.026448 0.000000 0.000000 
0.000000 166.041343 166.024320 166.012160 166.006080 166.005168 166.006080 166.012160 166.024320 166.041343 0.000000 
0.000000 166.038607 166.023104 166.012160 166.006688 166.005776 166.006688 166.012160 166.023104 166.038607 0.000000 
0.000000 166.035871 166.021888 166.012160 166.007296 166.006688 166.007296 166.012160 166.021888 166.035871 0.000000 
0.000000 166.033743 166.020976 166.012160 166.007904 166.007296 166.007904 166.012160 166.020976 166.033743 0.000000 
0.000000 166.032223 166.020672 166.012464 166.008816 166.008208 166.008816 166.012464 166.020672 166.032223 0.000000 
0.000000 166.031007 166.020064 166.012768 166.009424 166.008816 166.009424 166.012768 166.020064 166.031007 0.000000 
0.000000 166.030400 166.020064 166.013376 166.010336 166.009728 166.010336 166.013376 166.020064 166.030400 0.000000 
0.000000 166.029184 166.019760 166.013984 166.010944 166.010336 166.010944 166.013984 166.019760 166.029184 0.000000 
166.040735 166.028880 166.019760 166.014592 166.011856 166.011248 166.011856 166.014592 166.019760 166.028880 166.040735 
166.039519 166.028576 166.020064 166.014896 166.012464 166.011856 166.012464 166.014896 166.020064 166.028576 166.039519 
166.038607 166.028272 166.020064 166.015504 166.013376 166.012768 166.013376 166.015504 166.020064 166.028272 166.038607 
166.037695 166.027968 166.020368 166.016112 166.013984 166.013376 166.013984 166.016112 166.020368 166.027968 166.037695 
166.037087 166.027968 166.020976 166.016720 166.014592 166.014288 166.014592 166.016720 166.020976 166.027968 166.037087 
166.036783 166.027664 166.021584 166.017328 166.015504 166.014896 166.015504 166.017328 166.021584 166.027664 166.036783 
166.036479 166.027664 166.021888 166.017936 166.016112 166.015808 166.016112 166.017936 166.021888 166.027664 166.036479 
166.036175 166.027664 166.022496 166.018848 166.017024 166.016416 166.017024 166.018848 166.022496 166.027664 166.036175 
166.035871 166.027968 166.023104 166.019456 166.017632 166.017328 166.017632 166.019456 166.023104 166.027968 166.035871 
166.035871 166.028272 166.023408 166.020064 166.018240 166.017936 166.018240 166.020064 166.023408 166.028272 166.035871 
166.035871 166.028576 166.024016 166.020672 166.019152 166.018848 166.019152 166.020672 166.024016 166.028576 166.035871 
166.035567 166.029184 166.024624 166.021584 166.019760 166.019456 166.019760 166.021584 166.024624 166.029184 166.035567 
166.035567 166.029488 166.025232 166.022192 166.020672 166.020368 166.020672 166.022192 166.025232 166.029488 166.035567 
166.035567 166.030096 166.025840 166.022800 166.021280 166.020976 166.021280 166.022800 166.025840 166.030096 166.035567 
166.035871 166.030704 166.026448 166.023712 166.022192 166.021888 166.022192 166.023712 166.026448 166.030704 166.035871 
166.035871 166.031007 166.027056 166.024320 166.022800 166.022496 166.022800 166.024320 166.027056 166.031007 166.035871 
166.036479 166.031615 166.027664 166.024928 166.023712 166.023408 166.023712 166.024928 166.027664 166.031615 166.036479 
166.036783 166.032223 166.028272 166.025840 166.024320 166.024016 166.024320 166.025840 166.028272 166.032223 166.036783 
166.037087 166.032831 166.028880 166.026448 166.025232 166.024928 166.025232 166.026448 166.028880 166.032831 166.037087 
166.037695 166.033135 166.029488 166.027360 166.025840 166.025536 166.025840 166.027360 166.029488 166.033135 166.037695 
166.038303 166.033743 166.030400 166.027968 166.026448 166.026448 166.026448 166.027968 166.030400 166.033743 166.038303 
166.038607 166.034351 166.031007 166.028576 166.027360 166.027056 166.027360 166.028576 166.031007 166.034351 166.038607 
166.039215 166.034959 166.031615 166.029488 166.027968 166.027968 166.027968 166.029488 166.031615 166.034959 166.039215 
166.039823 166.035263 166.032223 166.030096 166.028880 166.028576 166.028880 166.030096 166.032223 166.035263 166.039823 
166.040127 166.035871 166.032831 166.031007 166.029488 166.029488 166.029488 166.031007 166.032831 166.035871 166.040127 
166.040735 166.036479 166.033743 166.031615 166.030400 166.030096 166.030400 166.031615 166.033743 166.036479 166.040735 
166.041343 166.037087 166.034351 166.032223 166.031007 166.031007 166.031007 166.032223 166.034351 166.037087 166.041343 
166.041667 166.037695 166.034959 166.033135 166.031919 166.031615 166.031919 166.033135 166.034959 166.037695 166.041667 
0.000000 166.038303 166.035871 166.033743 166.032527 166.032527 166.032527 166.033743 166.035871 166.038303 0.000000 
0.000000 166.038911 166.036479 166.034655 166.033439 166.033135 166.033439 166.034655 166.036479 166.038911 0.000000 
0.000000 166.039519 166.037087 166.035263 166.034047 166.034047 166.034047 166.035263 166.037087 166.039519 0.000000 
0.000000 166.040431 166.037695 166.036175 166.034959 166.034655 166.034959 166.036175 166.037695 166.040431 0.000000 
0.000000 166.041039 166.038607 166.036783 166.035567 166.035567 166.035567 166.036783 166.038607 166.041039 0.000000 
0.000000 166.041647 166.039215 166.037695 166.036479 166.036175 166.036479 166.037695 166.039215 166.041647 0.000000 
0.000000 0.000000 166.040127 166.038303 166.037087 166.037087 166.037087 166.038303 166.040127 0.000000 0.000000 
0.000000 0.000000 166.040735 166.038911 166.037999 166.037695 166.037999 166.038911 166.040735 0.000000 0.000000 
0.000000 0.000000 166.041343 166.039823 166.038607 166.038607 166.038607 166.039823 166.041343 0.000000 0.000000 
0.000000 0.000000 0.000000 166.040431 166.039519 166.039215 166.039519 166.040431 0.000000 0.000000 0.000000 
0.000000 0.000000 0.000000 166.041343 166.040127 166.040127 166.040127 166.041343 0.000000 0.000000 0.000000 
0.000000 0.000000 0.000000 0.000000 166.041039 166.040735 166.041039 0.000000 0.000000 0.000000 0.000000 
0.000000 0.000000 0.000000 0.000000 166.041647 166.041647 166.041647 0.000000 0.000000 0.000000 0.000000 
