test/output/constant/M395_S000_A090_WD180.0_WS035.0/M395_S000_A090_WD180.0_WS035.0_raz.asc
ncols         11
nrows         50
xllcorner     426103.990666
yllcorner     12748655.311160
cellsize      100.000000
NODATA_value  0.000000
0 0 0 0 0 360 0 0 0 0 0 
0 0 0 0 360 3 0 0 0 0 0 
0 0 0 360 360 360 3 3 0 0 0 
0 0 0 360 360 3 0 2 0 0 0 
0 0 360 360 360 360 3 2 4 0 0 
0 0 360 360 360 3 0 0 0 0 0 
0 0 360 360 360 360 3 0 2 0 0 
0 360 360 360 360 3 0 8 2 1 0 
0 360 360 360 360 360 3 0 4 3 0 
0 360 360 360 360 3 0 5 1 0 0 
0 360 360 360 360 360 1 0 3 10 0 
0 360 360 360 360 0 0 3 0 2 0 
360 360 360 360 360 360 1 0 0 3 2 
352 356 360 360 360 0 0 0 5 3 7 
360 354 360 360 360 360 1 2 0 5 3 
360 352 360 360 360 0 0 0 2 7 5 
355 360 360 360 360 360 2 0 2 3 4 
360 360 360 360 360 3 0 3 3 5 2 
360 360 354 360 360 360 0 2 5 10 7 
360 354 360 360 360 3 2 1 0 5 1 
356 360 360 360 360 360 3 1 8 2 10 
360 360 360 360 360 0 3 2 5 4 3 
357 360 360 360 360 360 5 3 8 3 3 
352 352 360 360 360 360 0 3 1 7 12 
355 360 360 360 360 360 1 0 2 4 4 
354 355 355 360 360 360 3 2 4 4 5 
352 360 360 360 360 360 2 2 2 3 7 
349 352 360 360 360 360 4 0 3 7 10 
352 358 360 360 360 360 1 2 10 1 7 
355 352 352 360 360 360 2 3 7 7 7 
351 352 360 360 354 360 5 3 2 8 8 
351 351 360 360 360 360 0 5 7 10 8 
351 355 360 360 360 360 4 5 1 7 8 
352 351 356 360 360 360 0 5 10 8 8 
351 308 359 360 360 360 8 10 2 8 8 
351 351 357 355 360 360 3 4 2 10 8 
347 281 356 360 360 360 1 1 3 10 12 
0 308 351 360 360 360 2 4 7 12 0 
0 308 349 356 360 360 0 3 10 8 0 
0 270 351 356 360 360 5 4 7 8 0 
0 308 308 356 360 360 2 3 8 51 0 
0 292 292 354 360 360 0 7 7 8 0 
0 270 351 351 360 360 2 8 8 8 0 
0 0 281 292 360 360 4 7 78 0 0 
0 0 349 270 360 360 5 10 10 0 0 
0 0 270 270 355 360 5 8 90 0 0 
0 0 0 270 351 360 8 90 0 0 0 
0 0 0 270 351 360 8 90 0 0 0 
0 0 0 270 270 65535 90 90 0 0 0 
0 0 0 0 270 180 90 0 0 0 0 
