test/output/constant/M3M480_S000_A180_WD180.0_WS040.0/M3M480_S000_A180_WD180.0_WS040.0_arrival.asc
ncols         9
nrows         46
xllcorner     426203.990666
yllcorner     12748755.311160
cellsize      100.000000
NODATA_value  0.000000
0.000000 0.000000 0.000000 0.000000 166.041667 0.000000 0.000000 0.000000 0.000000 
0.000000 0.000000 0.000000 166.041053 166.040679 166.041053 0.000000 0.000000 0.000000 
0.000000 0.000000 166.041426 166.039933 166.039933 166.039933 166.041426 0.000000 0.000000 
0.000000 0.000000 166.040679 166.039187 166.038813 166.039187 166.040679 0.000000 0.000000 
0.000000 0.000000 166.039560 166.038067 166.038067 166.038067 166.039560 0.000000 0.000000 
0.000000 166.041426 166.038813 166.037320 166.036947 166.037320 166.038813 166.041426 0.000000 
0.000000 166.040306 166.038067 166.036201 166.036201 166.036201 166.038067 166.040306 0.000000 
0.000000 166.039560 166.036947 166.035454 166.035081 166.035454 166.036947 166.039560 0.000000 
0.000000 166.038813 166.036201 166.034335 166.034335 166.034335 166.036201 166.038813 0.000000 
0.000000 166.038067 166.035081 166.033588 166.033215 166.033588 166.035081 166.038067 0.000000 
166.041426 166.037320 166.034335 166.032469 166.032469 166.032469 166.034335 166.037320 166.041426 
166.040679 166.036201 166.033588 166.031722 166.031349 166.031722 166.033588 166.036201 166.040679 
166.040306 166.035454 166.032469 166.030976 166.030603 166.030976 166.032469 166.035454 166.040306 
166.039560 166.034708 166.031722 166.029856 166.029483 166.029856 166.031722 166.034708 166.039560 
166.038813 166.033962 166.030976 166.029110 166.028737 166.029110 166.030976 166.033962 166.038813 
166.038067 166.033215 166.029856 166.027990 166.027617 166.027990 166.029856 166.033215 166.038067 
166.037320 166.032469 166.029110 166.027244 166.026871 166.027244 166.029110 166.032469 166.037320 
166.036947 166.031722 166.027990 166.026124 166.025751 166.026124 166.027990 166.031722 166.036947 
166.036201 166.030976 166.027244 166.025378 166.025005 166.025378 166.027244 166.030976 166.036201 
166.035828 166.030230 166.026498 166.024258 166.023885 166.024258 166.026498 166.030230 166.035828 
166.035081 166.029483 166.025378 166.023512 166.023139 166.023512 166.025378 166.029483 166.035081 
166.034708 166.029110 166.024632 166.022392 166.022019 166.022392 166.024632 166.029110 166.034708 
166.034335 166.028364 166.023885 166.021646 166.021273 166.021646 166.023885 166.028364 166.034335 
166.034335 166.027617 166.023139 166.020899 166.020153 166.020899 166.023139 166.027617 166.034335 
166.034335 166.026871 166.022019 166.019780 166.019407 166.019780 166.022019 166.026871 166.034335 
166.034335 166.026498 166.021273 166.019033 166.018287 166.019033 166.021273 166.026498 166.034335 
166.034335 166.025751 166.020526 166.017914 166.017541 166.017914 166.020526 166.025751 166.034335 
166.034708 166.025378 166.019780 166.017167 166.016421 166.017167 166.019780 166.025378 166.034708 
166.034708 166.024632 166.019033 166.016421 166.015675 166.016421 166.019033 166.024632 166.034708 
166.035081 166.024632 166.018287 166.015301 166.014555 166.015301 166.018287 166.024632 166.035081 
166.035454 166.024632 166.017914 166.014555 166.013809 166.014555 166.017914 166.024632 166.035454 
166.036201 166.024632 166.017167 166.013435 166.012689 166.013435 166.017167 166.024632 166.036201 
166.036947 166.024632 166.016421 166.012689 166.011943 166.012689 166.016421 166.024632 166.036947 
166.038067 166.025005 166.015675 166.011569 166.010823 166.011569 166.015675 166.025005 166.038067 
166.039933 166.025005 166.015301 166.010823 166.010077 166.010823 166.015301 166.025005 166.039933 
0.000000 166.025751 166.014928 166.009703 166.008957 166.009703 166.014928 166.025751 0.000000 
0.000000 166.026871 166.014928 166.008957 166.008211 166.008957 166.014928 166.026871 0.000000 
0.000000 166.028364 166.014928 166.008211 166.007091 166.008211 166.014928 166.028364 0.000000 
0.000000 166.029856 166.014928 166.007464 166.006344 166.007464 166.014928 166.029856 0.000000 
0.000000 166.032469 166.015301 166.006718 166.005225 166.006718 166.015301 166.032469 0.000000 
0.000000 166.036201 166.016421 166.005971 166.004478 166.005971 166.016421 166.036201 0.000000 
0.000000 0.000000 166.018287 166.005225 166.003359 166.005225 166.018287 0.000000 0.000000 
0.000000 0.000000 166.021646 166.005225 166.002612 166.005225 166.021646 0.000000 0.000000 
0.000000 0.000000 166.027244 166.005225 166.001493 166.005225 166.027244 0.000000 0.000000 
0.000000 0.000000 166.037320 166.006718 166.000746 166.006718 166.037320 0.000000 0.000000 
0.000000 0.000000 0.000000 166.013809 166.000000 166.013809 0.000000 0.000000 0.000000 
