test/output/constant/M1M275_S060_A180_WD315.0_WS015.0/M1M275_S060_A180_WD315.0_WS015.0_arrival.asc
ncols         25
nrows         9
xllcorner     426603.990666
yllcorner     12748055.311160
cellsize      100.000000
NODATA_value  0.000000
0.000000 166.040997 166.041658 0.000000 0.000000 0.000000 0.000000 0.000000 0.000000 0.000000 0.000000 0.000000 0.000000 0.000000 0.000000 0.000000 0.000000 0.000000 0.000000 0.000000 0.000000 0.000000 0.000000 0.000000 0.000000 
166.000000 166.001322 166.002645 166.005290 166.008596 166.012564 166.016531 166.021160 166.025788 166.029756 166.034384 166.039013 0.000000 0.000000 0.000000 0.000000 0.000000 0.000000 0.000000 0.000000 0.000000 0.000000 0.000000 0.000000 0.000000 
166.013886 166.003306 166.003306 166.004629 166.006612 166.007935 166.009919 166.011902 166.014547 166.017853 166.021160 166.025127 166.029095 166.032401 166.037029 166.040997 0.000000 0.000000 0.000000 0.000000 0.000000 0.000000 0.000000 0.000000 0.000000 
0.000000 166.037691 166.017192 166.009919 166.009257 166.009257 166.009919 166.011902 166.013225 166.015209 166.017192 166.019176 166.021160 166.024466 166.027111 166.030417 166.034384 166.037691 166.041658 0.000000 0.000000 0.000000 0.000000 0.000000 0.000000 
0.000000 0.000000 0.000000 166.035707 166.024466 166.017853 166.015209 166.015209 166.015209 166.015209 166.016531 166.018515 166.020498 166.021821 166.023805 166.025788 166.028433 166.031078 166.033723 166.037029 166.040336 0.000000 0.000000 0.000000 0.000000 
0.000000 0.000000 0.000000 0.000000 0.000000 0.000000 166.031739 166.025127 166.022482 166.021160 166.020498 166.020498 166.021160 166.022482 166.023805 166.025788 166.027111 166.029095 166.031078 166.033062 166.035046 166.037691 166.040997 0.000000 0.000000 
0.000000 0.000000 0.000000 0.000000 0.000000 0.000000 0.000000 0.000000 166.039674 166.033062 166.029756 166.027772 166.027111 166.026450 166.026450 166.027111 166.027772 166.029095 166.030417 166.032401 166.034384 166.035707 166.037691 166.040336 0.000000 
0.000000 0.000000 0.000000 0.000000 0.000000 0.000000 0.000000 0.000000 0.000000 0.000000 0.000000 166.040997 166.037029 166.035046 166.033723 166.032401 166.032401 166.032401 166.033062 166.033062 166.034384 166.035707 166.037691 166.039674 166.040997 
0.000000 0.000000 0.000000 0.000000 0.000000 0.000000 0.000000 0.000000 0.000000 0.000000 0.000000 0.000000 0.000000 0.000000 0.000000 0.000000 166.040336 166.039013 166.038352 166.038352 166.038352 166.038352 166.039013 166.039674 166.041658 
