test/output/constant/C1_S060_A180_WD180.0_WS050.0/C1_S060_A180_WD180.0_WS050.0_arrival.asc
ncols         10
nrows         35
xllcorner     426503.990666
yllcorner     12748755.311160
cellsize      100.000000
NODATA_value  0.000000
0.000000 0.000000 0.000000 0.000000 0.000000 0.000000 0.000000 166.041667 166.041632 0.000000 
0.000000 0.000000 0.000000 0.000000 0.000000 0.000000 0.000000 166.040383 166.040383 0.000000 
0.000000 0.000000 0.000000 0.000000 0.000000 0.000000 166.040383 166.039134 166.039134 166.041216 
0.000000 0.000000 0.000000 0.000000 0.000000 0.000000 166.038718 166.037885 166.038301 166.040799 
0.000000 0.000000 0.000000 0.000000 0.000000 166.039967 166.037052 166.036636 166.037469 166.040799 
0.000000 0.000000 0.000000 0.000000 0.000000 166.038301 166.035803 166.035387 166.036636 166.040799 
0.000000 0.000000 0.000000 0.000000 166.041632 166.036220 166.034138 166.034554 166.036220 166.040799 
0.000000 0.000000 0.000000 0.000000 166.039134 166.034554 166.032889 166.033305 166.035803 166.040799 
0.000000 0.000000 0.000000 0.000000 166.037052 166.032473 166.032057 166.032057 166.035387 166.041216 
0.000000 0.000000 0.000000 166.041632 166.034554 166.031224 166.030808 166.031224 166.035387 166.041632 
0.000000 0.000000 0.000000 166.039134 166.032473 166.029559 166.029559 166.030808 166.035387 0.000000 
0.000000 0.000000 0.000000 166.036636 166.030391 166.028310 166.028310 166.030391 166.035387 0.000000 
0.000000 0.000000 0.000000 166.034138 166.028310 166.027061 166.027061 166.029975 166.035803 0.000000 
0.000000 0.000000 166.041216 166.031640 166.026644 166.025812 166.026228 166.029975 166.036220 0.000000 
0.000000 0.000000 166.038301 166.029559 166.024979 166.024563 166.025395 166.029975 166.037469 0.000000 
0.000000 0.000000 166.035387 166.027061 166.023314 166.023314 166.024979 166.030391 166.039550 0.000000 
0.000000 0.000000 166.032473 166.024979 166.022065 166.022065 166.024563 166.030808 166.041632 0.000000 
0.000000 0.000000 166.029975 166.022481 166.020816 166.020816 166.024563 166.031640 0.000000 0.000000 
0.000000 166.040383 166.027061 166.020816 166.019567 166.019983 166.024563 166.033305 0.000000 0.000000 
0.000000 166.037052 166.024563 166.019151 166.018318 166.019567 166.024979 166.035803 0.000000 0.000000 
0.000000 166.034138 166.022065 166.017069 166.017069 166.019151 166.025812 166.039134 0.000000 0.000000 
0.000000 166.030808 166.019567 166.015820 166.015820 166.019151 166.027477 0.000000 0.000000 0.000000 
0.000000 166.027893 166.017069 166.014571 166.014571 166.019151 166.029975 0.000000 0.000000 0.000000 
0.000000 166.024979 166.014987 166.013322 166.014155 166.019567 166.033722 0.000000 0.000000 0.000000 
0.000000 166.021649 166.012906 166.012073 166.013739 166.021232 166.038718 0.000000 0.000000 0.000000 
0.000000 166.018734 166.011241 166.010824 166.013739 166.024146 0.000000 0.000000 0.000000 0.000000 
0.000000 166.015820 166.009575 166.009575 166.014155 166.028726 0.000000 0.000000 0.000000 0.000000 
0.000000 166.012906 166.008326 166.008743 166.015404 166.034971 0.000000 0.000000 0.000000 0.000000 
0.000000 166.009992 166.007077 166.008326 166.018318 0.000000 0.000000 0.000000 0.000000 0.000000 
0.000000 166.007494 166.005828 166.008326 166.024146 0.000000 0.000000 0.000000 0.000000 0.000000 
166.039550 166.004996 166.004580 166.009159 166.033305 0.000000 0.000000 0.000000 0.000000 0.000000 
166.036220 166.003331 166.003331 166.013322 0.000000 0.000000 0.000000 0.000000 0.000000 0.000000 
166.038718 166.002082 166.002914 166.023314 0.000000 0.000000 0.000000 0.000000 0.000000 0.000000 
0.000000 166.000833 166.003331 0.000000 0.000000 0.000000 0.000000 0.000000 0.000000 0.000000 
0.000000 166.000000 166.019567 0.000000 0.000000 0.000000 0.000000 0.000000 0.000000 0.000000 
