test/output/constant/M285_S060_A090_WD315.0_WS015.0/M285_S060_A090_WD315.0_WS015.0_arrival.asc
ncols         10
nrows         27
xllcorner     426503.990666
yllcorner     12746155.311160
cellsize      100.000000
NODATA_value  0.000000
0.000000 166.000000 166.013473 0.000000 0.000000 0.000000 0.000000 0.000000 0.000000 0.000000 
166.039195 166.001225 166.003062 166.034908 0.000000 0.000000 0.000000 0.000000 0.000000 0.000000 
166.037358 166.002450 166.003062 166.015923 0.000000 0.000000 0.000000 0.000000 0.000000 0.000000 
166.038583 166.004899 166.004287 166.009799 166.034296 0.000000 0.000000 0.000000 0.000000 0.000000 
0.000000 166.007962 166.006124 166.008574 166.022660 0.000000 0.000000 0.000000 0.000000 0.000000 
0.000000 166.011636 166.007349 166.008574 166.016535 166.039195 0.000000 0.000000 0.000000 0.000000 
0.000000 166.015311 166.009186 166.009186 166.014698 166.030009 0.000000 0.000000 0.000000 0.000000 
0.000000 166.019598 166.011024 166.011024 166.014086 166.023885 0.000000 0.000000 0.000000 0.000000 
0.000000 166.023885 166.013473 166.012248 166.014086 166.020822 166.037358 0.000000 0.000000 0.000000 
0.000000 166.027559 166.016535 166.014086 166.014086 166.019598 166.031234 0.000000 0.000000 0.000000 
0.000000 166.031846 166.019598 166.015923 166.015311 166.019598 166.027559 0.000000 0.000000 0.000000 
0.000000 166.036133 166.023272 166.017760 166.017148 166.019598 166.026334 166.038583 0.000000 0.000000 
0.000000 166.040420 166.026334 166.019598 166.018985 166.019598 166.025109 166.034908 0.000000 0.000000 
0.000000 0.000000 166.030009 166.022047 166.020210 166.020822 166.024497 166.032458 0.000000 0.000000 
0.000000 0.000000 166.033683 166.025109 166.022047 166.022047 166.024497 166.031234 166.041667 0.000000 
0.000000 0.000000 166.037970 166.028172 166.023885 166.023885 166.025109 166.030621 166.039195 0.000000 
0.000000 0.000000 166.041645 166.031234 166.026334 166.025109 166.025722 166.030009 166.037970 0.000000 
0.000000 0.000000 0.000000 166.034908 166.028784 166.026947 166.026947 166.030009 166.036133 0.000000 
0.000000 0.000000 0.000000 166.038583 166.031234 166.028784 166.028172 166.030621 166.035521 0.000000 
0.000000 0.000000 0.000000 166.041645 166.034296 166.030621 166.030009 166.030621 166.035521 0.000000 
0.000000 0.000000 0.000000 0.000000 166.037358 166.032458 166.031846 166.031846 166.035521 166.041645 
0.000000 0.000000 0.000000 0.000000 166.039808 166.034908 166.033071 166.033683 166.035521 166.041032 
0.000000 0.000000 0.000000 0.000000 0.000000 166.037358 166.034908 166.034908 166.036133 166.041032 
0.000000 0.000000 0.000000 0.000000 0.000000 166.039808 166.036745 166.036745 166.037358 166.041032 
0.000000 0.000000 0.000000 0.000000 0.000000 0.000000 166.039195 166.037970 166.037970 166.041032 
0.000000 0.000000 0.000000 0.000000 0.000000 0.000000 166.041032 166.039808 166.039808 166.041645 
0.000000 0.000000 0.000000 0.000000 0.000000 0.000000 0.000000 166.041645 166.041032 0.000000 
