test/output/constant/M480_S060_A180_WD180.0_WS010.0/M480_S060_A180_WD180.0_WS010.0_arrival.asc
ncols         22
nrows         10
xllcorner     426603.990666
yllcorner     12748655.311160
cellsize      100.000000
NODATA_value  0.000000
0.000000 0.000000 0.000000 0.000000 0.000000 0.000000 0.000000 0.000000 0.000000 0.000000 0.000000 0.000000 0.000000 0.000000 0.000000 0.000000 0.000000 0.000000 166.041667 166.041667 0.000000 0.000000 
0.000000 0.000000 0.000000 0.000000 0.000000 0.000000 0.000000 0.000000 0.000000 0.000000 0.000000 0.000000 166.040075 166.038591 166.037107 166.036364 166.036364 166.036364 166.037107 166.037849 166.039333 166.040817 
0.000000 0.000000 0.000000 0.000000 0.000000 0.000000 0.000000 0.000000 0.000000 166.037849 166.034138 166.032654 166.031170 166.031170 166.031170 166.031170 166.031912 166.033396 166.034880 166.037107 166.039333 166.040817 
0.000000 0.000000 0.000000 0.000000 0.000000 0.000000 166.039333 166.032654 166.028201 166.026717 166.025232 166.025232 166.025232 166.026717 166.027459 166.028943 166.031170 166.033396 166.034880 166.037107 166.039333 0.000000 
0.000000 0.000000 0.000000 0.000000 166.036364 166.027459 166.022264 166.020780 166.020038 166.020038 166.020038 166.021522 166.023006 166.025232 166.027459 166.028943 166.031170 166.034138 166.036364 166.039333 0.000000 0.000000 
0.000000 0.000000 166.037107 166.023748 166.017069 166.014843 166.014100 166.014100 166.015585 166.017069 166.019295 166.021522 166.023748 166.025232 166.028201 166.031170 166.034138 166.037849 166.041559 0.000000 0.000000 0.000000 
0.000000 166.023006 166.011132 166.008906 166.008906 166.009648 166.011132 166.013358 166.015585 166.017811 166.020038 166.023006 166.025975 166.029685 166.033396 166.037107 166.041559 0.000000 0.000000 0.000000 0.000000 0.000000 
166.008906 166.002969 166.003711 166.005195 166.007421 166.009648 166.011874 166.014843 166.017811 166.021522 166.025975 166.029685 166.034138 166.038591 0.000000 0.000000 0.000000 0.000000 0.000000 0.000000 0.000000 0.000000 
166.000000 166.001484 166.003711 166.006679 166.010390 166.014843 166.019295 166.023748 166.028201 166.033396 166.037849 0.000000 0.000000 0.000000 0.000000 0.000000 0.000000 0.000000 0.000000 0.000000 0.000000 0.000000 
166.037849 166.029685 166.031170 166.035622 166.038591 0.000000 0.000000 0.000000 0.000000 0.000000 0.000000 0.000000 0.000000 0.000000 0.000000 0.000000 0.000000 0.000000 0.000000 0.000000 0.000000 0.000000 
