test/output/constant/M3M490_S060_A090_WD135.0_WS005.0/M3M490_S060_A090_WD135.0_WS005.0_arrival.asc
ncols         11
nrows         46
xllcorner     425903.990666
yllcorner     12744355.311160
cellsize      100.000000
NODATA_value  0.000000
0.000000 0.000000 0.000000 0.000000 0.000000 0.000000 0.000000 166.032424 0.000000 0.000000 0.000000 
0.000000 0.000000 0.000000 0.000000 0.000000 0.000000 166.009803 166.000000 166.014704 0.000000 0.000000 
0.000000 0.000000 0.000000 0.000000 0.000000 166.026015 166.003393 166.000754 166.009049 166.039965 0.000000 
0.000000 0.000000 0.000000 0.000000 0.000000 166.016212 166.003016 166.001508 166.007918 166.032424 0.000000 
0.000000 0.000000 0.000000 0.000000 166.031293 166.011688 166.003016 166.002639 166.007918 166.026769 0.000000 
0.000000 0.000000 0.000000 0.000000 166.024884 166.009803 166.003770 166.003393 166.007918 166.024507 0.000000 
0.000000 0.000000 0.000000 166.039211 166.020359 166.008672 166.004524 166.004524 166.008672 166.022999 0.000000 
0.000000 0.000000 0.000000 166.033555 166.017720 166.008672 166.005278 166.005278 166.009426 166.022244 0.000000 
0.000000 0.000000 0.000000 166.029031 166.015835 166.008672 166.006409 166.006409 166.010180 166.022244 166.040342 
0.000000 0.000000 0.000000 166.026015 166.014704 166.009049 166.007163 166.007541 166.011311 166.022622 166.038834 
0.000000 0.000000 166.037703 166.023376 166.014327 166.009426 166.008295 166.008672 166.012442 166.022622 166.037703 
0.000000 0.000000 166.034309 166.022244 166.014327 166.010180 166.009049 166.009426 166.013573 166.022999 166.036948 
0.000000 0.000000 166.032047 166.021113 166.014327 166.010557 166.010180 166.010557 166.014704 166.023376 166.036948 
0.000000 0.000000 166.029785 166.020359 166.014704 166.011311 166.010934 166.011688 166.015835 166.023753 166.036571 
0.000000 166.039965 166.028277 166.019982 166.015081 166.012065 166.012065 166.012819 166.016966 166.024507 166.036948 
0.000000 166.037703 166.027146 166.019982 166.015081 166.013196 166.012819 166.013950 166.018097 166.025261 166.036948 
0.000000 166.036194 166.026392 166.019982 166.015835 166.013950 166.013950 166.015081 166.019228 166.026015 166.037325 
0.000000 166.034686 166.026015 166.020359 166.016212 166.015081 166.015081 166.016212 166.020359 166.026769 166.037703 
0.000000 166.033555 166.025638 166.020359 166.016966 166.015835 166.015835 166.017343 166.021490 166.027523 166.038080 
0.000000 166.032801 166.025638 166.020736 166.017720 166.016966 166.016966 166.018474 166.022622 166.028654 166.038834 
166.040719 166.032047 166.025638 166.021113 166.018474 166.017720 166.017720 166.019605 166.023753 166.029408 166.039211 
166.039588 166.031293 166.026015 166.021490 166.019228 166.018851 166.018851 166.020736 166.024884 166.030539 166.039965 
166.038834 166.031293 166.026015 166.021867 166.019982 166.019605 166.019982 166.021867 166.026015 166.031293 166.040719 
166.038080 166.031293 166.026392 166.022622 166.020736 166.020736 166.021113 166.022999 166.027146 166.032424 166.041096 
166.037325 166.031293 166.026769 166.023376 166.021867 166.021490 166.021867 166.024130 166.028277 166.033555 166.041667 
166.036948 166.031670 166.026769 166.024130 166.022622 166.022622 166.022999 166.025261 166.029408 166.034686 0.000000 
166.036948 166.031670 166.027146 166.024507 166.023376 166.023376 166.024130 166.026392 166.030539 166.035440 0.000000 
166.036948 166.032047 166.027900 166.025638 166.024507 166.024507 166.025261 166.027523 166.031670 166.036571 0.000000 
166.036948 166.032047 166.028277 166.026392 166.025261 166.025261 166.026392 166.028654 166.032801 166.037703 0.000000 
166.037325 166.032424 166.029031 166.027146 166.026392 166.026392 166.027146 166.029785 166.033932 166.038834 0.000000 
166.037325 166.032801 166.029785 166.027900 166.027146 166.027523 166.028277 166.030916 166.035063 166.039965 0.000000 
166.037703 166.033178 166.030162 166.028654 166.028277 166.028277 166.029408 166.032047 166.036194 166.041096 0.000000 
166.037703 166.033555 166.030916 166.029408 166.029031 166.029408 166.030539 166.033178 166.037325 0.000000 0.000000 
166.038080 166.033932 166.031670 166.030162 166.030162 166.030539 166.031670 166.034309 166.038080 0.000000 0.000000 
166.038080 166.034686 166.032424 166.031293 166.030916 166.031293 166.032801 166.035440 166.039211 0.000000 0.000000 
166.038457 166.035440 166.033178 166.032047 166.032047 166.032424 166.033932 166.036571 166.040342 0.000000 0.000000 
166.038834 166.036194 166.033932 166.032801 166.032801 166.033555 166.035063 166.037703 166.041473 0.000000 0.000000 
166.039588 166.036571 166.034686 166.033932 166.033932 166.034309 166.036194 166.038834 0.000000 0.000000 0.000000 
166.039965 166.037325 166.035440 166.035063 166.035063 166.035440 166.037325 166.039965 0.000000 0.000000 0.000000 
166.040342 166.038080 166.036194 166.035817 166.035817 166.036571 166.038457 166.041096 0.000000 0.000000 0.000000 
166.041096 166.038834 166.036948 166.036948 166.036948 166.037703 166.039588 0.000000 0.000000 0.000000 0.000000 
166.041667 166.039211 166.038080 166.037703 166.037703 166.038457 166.040342 0.000000 0.000000 0.000000 0.000000 
0.000000 166.040342 166.038834 166.038834 166.038834 166.039588 166.041473 0.000000 0.000000 0.000000 0.000000 
0.000000 166.041096 166.039965 166.039588 166.039965 166.040719 0.000000 0.000000 0.000000 0.000000 0.000000 
0.000000 166.041667 166.040719 166.040719 166.040719 166.041667 0.000000 0.000000 0.000000 0.000000 0.000000 
0.000000 0.000000 166.041473 166.041473 166.041667 0.000000 0.000000 0.000000 0.000000 0.000000 0.000000 
