test/output/constant/C1_S000_A180_WD270.0_WS050.0/C1_S000_A180_WD270.0_WS050.0_arrival.asc
ncols         41
nrows         7
xllcorner     426603.990666
yllcorner     12748455.311160
cellsize      100.000000
NODATA_value  0.000000
0.000000 0.000000 0.000000 0.000000 0.000000 0.000000 0.000000 0.000000 0.000000 0.000000 166.039628 166.037942 166.036677 166.035412 166.034991 166.034147 166.033726 166.033726 166.033726 166.033726 166.033726 166.034147 166.034569 166.035412 166.035834 166.036677 166.037520 166.038363 166.038785 166.039628 166.040471 166.041314 0.000000 0.000000 0.000000 0.000000 0.000000 0.000000 0.000000 0.000000 0.000000 
0.000000 0.000000 0.000000 166.037520 166.030775 166.026138 166.023608 166.022343 166.021500 166.020657 166.020235 166.020235 166.020235 166.020657 166.021500 166.021922 166.022765 166.023608 166.024030 166.024873 166.025716 166.026559 166.027402 166.028245 166.029089 166.029932 166.031196 166.032040 166.032883 166.034147 166.034991 166.035834 166.036677 166.037942 166.038785 166.039628 166.040893 166.041667 0.000000 0.000000 0.000000 
0.000000 166.011382 166.008010 166.007167 166.006745 166.007167 166.008010 166.008853 166.009696 166.010539 166.011382 166.012647 166.013490 166.014333 166.015598 166.016441 166.017284 166.018549 166.019392 166.020657 166.021500 166.022343 166.023608 166.024451 166.025716 166.026559 166.027824 166.028667 166.029932 166.030775 166.032040 166.032883 166.034147 166.034991 166.036255 166.037098 166.038363 166.039206 166.040471 166.041314 0.000000 
166.000000 166.000843 166.001686 166.002951 166.003794 166.005059 166.005902 166.007167 166.008010 166.009275 166.010118 166.011382 166.012226 166.013490 166.014333 166.015598 166.016441 166.017706 166.018549 166.019814 166.020657 166.021922 166.022765 166.024030 166.024873 166.026138 166.026981 166.028245 166.029089 166.030353 166.031196 166.032461 166.033304 166.034569 166.035412 166.036677 166.037520 166.038785 166.039628 166.040893 166.041667 
0.000000 166.011382 166.008010 166.007167 166.006745 166.007167 166.008010 166.008853 166.009696 166.010539 166.011382 166.012647 166.013490 166.014333 166.015598 166.016441 166.017284 166.018549 166.019392 166.020657 166.021500 166.022343 166.023608 166.024451 166.025716 166.026559 166.027824 166.028667 166.029932 166.030775 166.032040 166.032883 166.034147 166.034991 166.036255 166.037098 166.038363 166.039206 166.040471 166.041314 0.000000 
0.000000 0.000000 0.000000 166.037520 166.030775 166.026138 166.023608 166.022343 166.021500 166.020657 166.020235 166.020235 166.020235 166.020657 166.021500 166.021922 166.022765 166.023608 166.024030 166.024873 166.025716 166.026559 166.027402 166.028245 166.029089 166.029932 166.031196 166.032040 166.032883 166.034147 166.034991 166.035834 166.036677 166.037942 166.038785 166.039628 166.040893 166.041667 0.000000 0.000000 0.000000 
0.000000 0.000000 0.000000 0.000000 0.000000 0.000000 0.000000 0.000000 0.000000 0.000000 166.039628 166.037942 166.036677 166.035412 166.034991 166.034147 166.033726 166.033726 166.033726 166.033726 166.033726 166.034147 166.034569 166.035412 166.035834 166.036677 166.037520 166.038363 166.038785 166.039628 166.040471 166.041314 0.000000 0.000000 0.000000 0.000000 0.000000 0.000000 0.000000 0.000000 0.000000 
