test/output/constant/M195_S060_A000_WD135.0_WS010.0/M195_S060_A000_WD135.0_WS010.0_arrival.asc
ncols         26
nrows         8
xllcorner     424103.990666
yllcorner     12748655.311160
cellsize      100.000000
NODATA_value  0.000000
0.000000 0.000000 166.040921 166.040261 166.039600 166.038940 166.038940 166.039600 166.039600 166.040261 166.040921 0.000000 0.000000 0.000000 0.000000 0.000000 0.000000 0.000000 0.000000 0.000000 0.000000 0.000000 0.000000 0.000000 0.000000 0.000000 
166.041667 166.040261 166.038940 166.036960 166.035640 166.034980 166.033660 166.033000 166.032340 166.032340 166.032340 166.032340 166.033000 166.034320 166.036300 166.038940 0.000000 0.000000 0.000000 0.000000 0.000000 0.000000 0.000000 0.000000 0.000000 0.000000 
166.041667 166.040261 166.038280 166.036960 166.034980 166.033660 166.031680 166.030360 166.028380 166.027720 166.026400 166.025740 166.025080 166.025080 166.025080 166.025740 166.027060 166.029040 166.033660 166.040261 0.000000 0.000000 0.000000 0.000000 0.000000 0.000000 
0.000000 166.041581 166.039600 166.037620 166.035640 166.033660 166.031680 166.030360 166.028380 166.026400 166.025080 166.023100 166.021780 166.020460 166.019140 166.018480 166.017820 166.017820 166.018480 166.019800 166.023100 166.030360 166.041581 0.000000 0.000000 0.000000 
0.000000 0.000000 0.000000 166.040921 166.038940 166.036300 166.033660 166.031680 166.029040 166.027060 166.025080 166.023100 166.021780 166.019800 166.018480 166.016500 166.014520 166.013200 166.011880 166.011220 166.011220 166.011220 166.013200 166.021120 166.039600 0.000000 
0.000000 0.000000 0.000000 0.000000 0.000000 0.000000 166.039600 166.036960 166.034320 166.031680 166.029040 166.026400 166.023760 166.021780 166.019140 166.017160 166.014520 166.013200 166.011220 166.009900 166.007920 166.005940 166.004620 166.003960 166.003960 166.015180 
0.000000 0.000000 0.000000 0.000000 0.000000 0.000000 0.000000 0.000000 0.000000 166.040261 166.037620 166.034320 166.031680 166.028380 166.025740 166.023100 166.019800 166.017160 166.014520 166.011220 166.009240 166.006600 166.004620 166.002640 166.001320 166.000000 
0.000000 0.000000 0.000000 0.000000 0.000000 0.000000 0.000000 0.000000 0.000000 0.000000 0.000000 0.000000 0.000000 0.000000 0.000000 166.040921 166.038280 166.035640 166.032340 166.029700 166.027060 166.025080 166.023760 166.024420 166.027060 166.041667 
