test/output/constant/M360_S060_A090_WD225.0_WS040.0/M360_S060_A090_WD225.0_WS040.0_ros.asc
ncols         23
nrows         9
xllcorner     426503.990666
yllcorner     12748055.311160
cellsize      100.000000
NODATA_value  0.000000
1.946752 1.620020 7.412194 7.412194 15.094832 12.281994 5.492035 15.094832 15.094832 21.063488 0.000000 0.000000 0.000000 0.000000 0.000000 0.000000 0.000000 0.000000 0.000000 0.000000 0.000000 0.000000 0.000000 
1.537162 -1.000000 37.216232 35.430672 33.866982 35.430672 21.063488 12.281994 26.891703 29.531832 18.051491 26.891703 7.412194 15.094832 29.531832 0.000000 0.000000 0.000000 0.000000 0.000000 0.000000 0.000000 0.000000 
1.119597 21.768009 37.177540 37.216232 37.216232 37.216232 37.216232 37.216232 9.696218 15.094832 37.216232 37.216232 15.094832 9.696218 37.216232 26.891703 26.891703 35.430672 0.000000 0.000000 0.000000 0.000000 0.000000 
0.000000 3.090600 30.106579 30.106579 37.216232 37.216232 37.216232 37.216232 37.216232 37.216232 37.216232 37.216232 12.281994 37.216232 37.216232 37.216232 35.430672 36.524323 33.866982 29.531832 0.000000 0.000000 0.000000 
0.000000 0.000000 2.240920 24.720812 30.106579 32.376316 30.106579 37.177540 37.216232 37.216232 37.216232 37.216232 37.216232 37.216232 31.880640 37.216232 37.114799 37.216232 31.880640 37.216232 37.216232 0.000000 0.000000 
0.000000 0.000000 0.000000 0.000000 2.240920 1.537162 32.376316 30.106579 37.216232 36.706665 37.216232 37.216232 37.216232 37.216232 37.216232 37.216232 37.216232 37.216232 35.430672 35.430672 12.281994 15.094832 37.216232 
0.000000 0.000000 0.000000 0.000000 0.000000 0.000000 0.000000 32.376316 32.376316 30.106579 32.376316 36.706665 37.216232 37.216232 37.216232 37.216232 37.216232 36.706665 37.216232 37.216232 37.216232 37.216232 37.216232 
0.000000 0.000000 0.000000 0.000000 0.000000 0.000000 0.000000 0.000000 0.000000 4.310643 30.106579 30.106579 30.106579 37.177540 37.216232 37.216232 37.216232 37.216232 37.216232 37.177540 37.216232 37.216232 37.216232 
0.000000 0.000000 0.000000 0.000000 0.000000 0.000000 0.000000 0.000000 0.000000 0.000000 0.000000 0.000000 0.000000 32.376316 34.269020 30.106579 36.706665 37.216232 37.216232 37.216232 37.177540 37.216232 37.216232 
