test/output/constant/M360_S060_A270_WD045.0_WS050.0/M360_S060_A270_WD045.0_WS050.0_ros.asc
ncols         29
nrows         7
xllcorner     423803.990666
yllcorner     12748455.311160
cellsize      100.000000
NODATA_value  0.000000
0.000000 0.000000 0.000000 0.000000 44.766342 43.190117 46.005665 41.033195 45.713997 41.033195 38.361073 44.766342 38.361073 31.808905 38.361073 31.808905 35.254879 2.246351 38.361073 38.361073 24.322968 38.361073 31.808905 1.816607 0.000000 0.000000 0.000000 0.000000 0.000000 
0.000000 41.033195 45.713997 41.033195 43.190117 44.766342 31.808905 38.361073 46.005665 46.005665 41.033195 41.033195 46.005665 46.005665 41.033195 41.033195 45.933979 24.322968 43.190117 38.361073 31.808905 38.361073 31.808905 38.361073 38.361073 28.127718 1.113486 1.495525 0.000000 
46.005665 46.005665 46.005665 46.005665 46.005665 46.005665 46.005665 46.005665 46.005665 46.005665 46.005665 46.005665 46.005665 45.933979 38.361073 43.190117 41.033195 46.005665 38.361073 46.005665 46.005665 46.005665 43.190117 46.005665 43.190117 41.033195 3.426528 38.361073 1.495525 
0.000000 46.005665 46.005665 46.005665 46.005665 46.005665 46.005665 46.005665 46.005665 46.005665 46.005665 45.928562 45.703194 46.005665 46.005665 46.005665 46.005665 46.005665 46.005665 46.005665 46.005665 46.005665 46.005665 46.005665 46.005665 46.005665 46.005665 46.005665 -1.000000 
0.000000 0.000000 44.744419 44.744419 44.744419 44.744419 44.744419 45.703194 44.744419 45.703194 45.703194 45.703194 40.991318 45.928562 44.744419 45.928562 44.744419 45.703194 44.744419 45.703194 45.928562 45.703194 45.703194 45.703194 28.062555 44.744419 28.062555 35.198002 1.119812 
0.000000 0.000000 0.000000 0.000000 46.005665 44.744419 45.703194 45.703194 45.703194 45.703194 38.310947 44.744419 43.157734 45.703194 44.744419 44.744419 24.256504 44.744419 44.744419 31.746965 38.310947 24.256504 38.310947 1.810419 28.062555 35.198002 1.119812 0.000000 0.000000 
0.000000 0.000000 0.000000 0.000000 0.000000 0.000000 0.000000 0.000000 0.000000 0.000000 0.000000 0.000000 20.444120 24.256504 35.198002 45.703194 31.746965 28.062555 35.198002 0.000000 0.000000 0.000000 0.000000 0.000000 0.000000 0.000000 0.000000 0.000000 0.000000 
