test/output/constant/M285_S000_A090_WD180.0_WS050.0/M285_S000_A090_WD180.0_WS050.0_arrival.asc
ncols         7
nrows         35
xllcorner     426303.990666
yllcorner     12748755.311160
cellsize      100.000000
NODATA_value  0.000000
0.000000 0.000000 0.000000 166.041479 0.000000 0.000000 0.000000 
0.000000 0.000000 166.040985 166.040491 166.040985 0.000000 0.000000 
0.000000 0.000000 166.039998 166.039010 166.039998 0.000000 0.000000 
0.000000 0.000000 166.039010 166.038022 166.039010 0.000000 0.000000 
0.000000 166.040985 166.037529 166.036541 166.037529 166.040985 0.000000 
0.000000 166.039504 166.036541 166.035553 166.036541 166.039504 0.000000 
0.000000 166.038516 166.035060 166.034072 166.035060 166.038516 0.000000 
0.000000 166.037529 166.034072 166.033085 166.034072 166.037529 0.000000 
0.000000 166.036541 166.032591 166.031603 166.032591 166.036541 0.000000 
0.000000 166.035060 166.031603 166.030616 166.031603 166.035060 0.000000 
0.000000 166.034072 166.030122 166.029134 166.030122 166.034072 0.000000 
166.041479 166.033085 166.029134 166.028147 166.029134 166.033085 166.041479 
166.040491 166.032097 166.027653 166.026665 166.027653 166.032097 166.040491 
166.039998 166.031109 166.026665 166.025678 166.026665 166.031109 166.039998 
166.039504 166.030122 166.025184 166.024196 166.025184 166.030122 166.039504 
166.039504 166.029134 166.024196 166.023209 166.024196 166.029134 166.039504 
166.039504 166.028147 166.022715 166.021727 166.022715 166.028147 166.039504 
166.039504 166.027653 166.021727 166.020740 166.021727 166.027653 166.039504 
166.039504 166.026665 166.020246 166.019258 166.020246 166.026665 166.039504 
166.039998 166.025678 166.019258 166.018271 166.019258 166.025678 166.039998 
166.040985 166.025184 166.018271 166.016789 166.018271 166.025184 166.040985 
166.041479 166.024196 166.016789 166.015802 166.016789 166.024196 166.041479 
0.000000 166.023702 166.015802 166.014320 166.015802 166.023702 0.000000 
0.000000 166.023702 166.014814 166.013333 166.014814 166.023702 0.000000 
0.000000 166.023702 166.013333 166.011851 166.013333 166.023702 0.000000 
0.000000 166.024196 166.012345 166.010864 166.012345 166.024196 0.000000 
0.000000 166.024690 166.011357 166.009382 166.011357 166.024690 0.000000 
0.000000 166.025678 166.010370 166.008395 166.010370 166.025678 0.000000 
0.000000 166.027653 166.009382 166.006913 166.009382 166.027653 0.000000 
0.000000 166.030616 166.008395 166.005926 166.008395 166.030616 0.000000 
0.000000 166.035060 166.007901 166.004444 166.007901 166.035060 0.000000 
0.000000 0.000000 166.008395 166.003457 166.008395 0.000000 0.000000 
0.000000 0.000000 166.008888 166.001975 166.008888 0.000000 0.000000 
0.000000 0.000000 166.013333 166.000988 166.013333 0.000000 0.000000 
0.000000 0.000000 166.036047 166.000000 166.036047 0.000000 0.000000 
