test/output/constant/M3M495_S060_A180_WD090.0_WS030.0/M3M495_S060_A180_WD090.0_WS030.0_arrival.asc
ncols         19
nrows         13
xllcorner     426203.990666
yllcorner     12748155.311160
cellsize      100.000000
NODATA_value  0.000000
0.000000 0.000000 0.000000 0.000000 0.000000 0.000000 0.000000 0.000000 166.041667 166.041667 166.041667 166.041667 0.000000 0.000000 0.000000 0.000000 0.000000 0.000000 0.000000 
0.000000 0.000000 0.000000 0.000000 166.040521 166.036946 166.035754 166.034562 166.034562 166.034562 166.034562 166.035754 166.036946 166.038137 166.039329 166.041667 0.000000 0.000000 0.000000 
0.000000 0.000000 166.040521 166.035754 166.030987 166.028603 166.027411 166.026219 166.026219 166.027411 166.028603 166.029795 166.030987 166.033370 166.035754 166.038137 166.040521 0.000000 0.000000 
0.000000 166.038137 166.030987 166.026219 166.022644 166.020260 166.019069 166.019069 166.020260 166.021452 166.022644 166.025028 166.027411 166.029795 166.032178 166.035754 166.038137 166.040521 0.000000 
166.039329 166.030987 166.022644 166.016685 166.013110 166.011918 166.011918 166.013110 166.014302 166.016685 166.019069 166.021452 166.025028 166.027411 166.029795 166.033370 166.035754 166.039329 166.041667 
166.036946 166.027411 166.016685 166.008343 166.004767 166.004767 166.005959 166.008343 166.011918 166.014302 166.017877 166.020260 166.022644 166.026219 166.028603 166.032178 166.034562 166.038137 166.040521 
166.035754 166.025028 166.015493 166.005959 166.000000 166.002384 166.004767 166.008343 166.010726 166.014302 166.016685 166.020260 166.022644 166.026219 166.028603 166.032178 166.034562 166.038137 166.040521 
166.036946 166.027411 166.016685 166.008343 166.004767 166.004767 166.005959 166.008343 166.011918 166.014302 166.017877 166.020260 166.022644 166.026219 166.028603 166.032178 166.034562 166.038137 166.040521 
166.039329 166.030987 166.022644 166.016685 166.013110 166.011918 166.011918 166.013110 166.014302 166.016685 166.019069 166.021452 166.025028 166.027411 166.029795 166.033370 166.035754 166.039329 166.041667 
0.000000 166.038137 166.030987 166.026219 166.022644 166.020260 166.019069 166.019069 166.020260 166.021452 166.022644 166.025028 166.027411 166.029795 166.032178 166.035754 166.038137 166.040521 0.000000 
0.000000 0.000000 166.040521 166.035754 166.030987 166.028603 166.027411 166.026219 166.026219 166.027411 166.028603 166.029795 166.030987 166.033370 166.035754 166.038137 166.040521 0.000000 0.000000 
0.000000 0.000000 0.000000 0.000000 166.040521 166.036946 166.035754 166.034562 166.034562 166.034562 166.034562 166.035754 166.036946 166.038137 166.039329 166.041667 0.000000 0.000000 0.000000 
0.000000 0.000000 0.000000 0.000000 0.000000 0.000000 0.000000 0.000000 166.041667 166.041667 166.041667 166.041667 0.000000 0.000000 0.000000 0.000000 0.000000 0.000000 0.000000 
