test/output/constant/M380_S000_A270_WD180.0_WS020.0/M380_S000_A270_WD180.0_WS020.0_arrival.asc
ncols         9
nrows         25
xllcorner     426203.990666
yllcorner     12748555.311160
cellsize      100.000000
NODATA_value  0.000000
0.000000 0.000000 0.000000 166.041667 166.041192 166.041667 0.000000 0.000000 0.000000 
0.000000 0.000000 166.041192 166.039666 166.039666 166.039666 166.041192 0.000000 0.000000 
0.000000 166.041192 166.038903 166.038140 166.037378 166.038140 166.038903 166.041192 0.000000 
0.000000 166.039666 166.037378 166.035852 166.035852 166.035852 166.037378 166.039666 0.000000 
0.000000 166.038140 166.035089 166.034326 166.033564 166.034326 166.035089 166.038140 0.000000 
166.040429 166.036615 166.033564 166.032038 166.032038 166.032038 166.033564 166.036615 166.040429 
166.039666 166.035089 166.032038 166.030512 166.029750 166.030512 166.032038 166.035089 166.039666 
166.038140 166.033564 166.029750 166.028224 166.028224 166.028224 166.029750 166.033564 166.038140 
166.036615 166.032038 166.028224 166.026698 166.025935 166.026698 166.028224 166.032038 166.036615 
166.035852 166.030512 166.026698 166.024410 166.024410 166.024410 166.026698 166.030512 166.035852 
166.034326 166.028987 166.024410 166.022884 166.022121 166.022884 166.024410 166.028987 166.034326 
166.033564 166.027461 166.022884 166.020596 166.020596 166.020596 166.022884 166.027461 166.033564 
166.033564 166.025935 166.021359 166.019070 166.018307 166.019070 166.021359 166.025935 166.033564 
166.032801 166.025173 166.019833 166.016782 166.016782 166.016782 166.019833 166.025173 166.032801 
166.032801 166.024410 166.018307 166.015256 166.014493 166.015256 166.018307 166.024410 166.032801 
166.032801 166.023647 166.016782 166.012968 166.012968 166.012968 166.016782 166.023647 166.032801 
166.033564 166.023647 166.015256 166.011442 166.010679 166.011442 166.015256 166.023647 166.033564 
166.034326 166.023647 166.014493 166.009917 166.009154 166.009917 166.014493 166.023647 166.034326 
166.036615 166.024410 166.014493 166.007628 166.006865 166.007628 166.014493 166.024410 166.036615 
166.038903 166.025935 166.014493 166.006102 166.005340 166.006102 166.014493 166.025935 166.038903 
0.000000 166.028224 166.015256 166.005340 166.003051 166.005340 166.015256 166.028224 0.000000 
0.000000 166.032038 166.017545 166.005340 166.001526 166.005340 166.017545 166.032038 0.000000 
0.000000 166.038903 166.022121 166.006102 166.000000 166.006102 166.022121 166.038903 0.000000 
0.000000 0.000000 166.032038 166.016019 166.011442 166.016019 166.032038 0.000000 0.000000 
0.000000 0.000000 0.000000 166.035852 166.033564 166.035852 0.000000 0.000000 0.000000 
