test/output/constant/M3M460_S060_A000_WD225.0_WS025.0/M3M460_S060_A000_WD225.0_WS025.0_ros.asc
ncols         15
nrows         15
xllcorner     425303.990666
yllcorner     12748655.311160
cellsize      100.000000
NODATA_value  0.000000
30.625006 30.625006 30.625006 3.602244 0.000000 0.000000 0.000000 0.000000 0.000000 0.000000 0.000000 0.000000 0.000000 0.000000 0.000000 
30.625006 30.625006 30.625006 6.274138 25.952620 24.007818 0.000000 0.000000 0.000000 0.000000 0.000000 0.000000 0.000000 0.000000 0.000000 
30.625006 30.625006 30.625006 30.625006 12.337625 27.618362 3.602244 0.000000 0.000000 0.000000 0.000000 0.000000 0.000000 0.000000 0.000000 
30.625006 30.625006 30.625006 30.625006 19.522415 10.105380 27.618362 6.274138 0.000000 0.000000 0.000000 0.000000 0.000000 0.000000 0.000000 
9.241110 30.625006 30.625006 30.625006 30.625006 24.007818 30.625006 4.776576 4.776576 0.000000 0.000000 0.000000 0.000000 0.000000 0.000000 
0.000000 26.992836 23.169043 30.625006 30.625006 30.625006 27.618362 3.602244 2.341940 3.602244 0.000000 0.000000 0.000000 0.000000 0.000000 
0.000000 0.000000 26.992836 28.465679 30.625006 30.625006 30.625006 30.625006 29.921240 25.952620 1.838678 0.000000 0.000000 0.000000 0.000000 
0.000000 0.000000 5.570325 25.209364 5.570325 18.569117 30.625006 30.625006 30.625006 27.618362 3.602244 3.602244 0.000000 0.000000 0.000000 
0.000000 0.000000 0.000000 5.570325 5.570325 25.209364 16.147131 30.625006 30.625006 10.105380 25.952620 6.274138 2.758265 0.000000 0.000000 
0.000000 0.000000 0.000000 0.000000 7.276509 7.276509 7.276509 29.583427 30.625006 30.625006 14.697906 4.776576 17.116819 4.776576 0.000000 
0.000000 0.000000 0.000000 0.000000 0.000000 7.276509 16.147131 7.276509 30.625006 30.625006 30.625006 19.522415 2.758265 2.758265 0.000000 
0.000000 0.000000 0.000000 0.000000 0.000000 0.000000 16.147131 5.570325 18.569117 5.570325 30.625006 30.625006 24.007818 2.341940 4.776576 
0.000000 0.000000 0.000000 0.000000 0.000000 0.000000 0.000000 5.570325 5.570325 5.570325 23.169043 30.625006 30.625006 28.954706 3.602244 
0.000000 0.000000 0.000000 0.000000 0.000000 0.000000 0.000000 0.000000 0.000000 5.570325 5.570325 5.570325 30.625006 0.000000 2.062216 
0.000000 0.000000 0.000000 0.000000 0.000000 0.000000 0.000000 0.000000 0.000000 0.000000 0.000000 5.570325 3.068885 4.159741 1.577726 
