test/output/constant/M380_S060_A000_WD315.0_WS050.0/M380_S060_A000_WD315.0_WS050.0_ros.asc
ncols         9
nrows         37
xllcorner     426003.990666
yllcorner     12745255.311160
cellsize      100.000000
NODATA_value  0.000000
0.000000 0.000000 0.000000 0.000000 0.000000 0.000000 0.935281 0.000000 0.000000 
0.000000 0.000000 0.000000 0.000000 1.422659 2.346387 -1.000000 1.921978 0.000000 
0.000000 0.000000 0.000000 0.000000 1.422659 2.346387 59.397575 26.279125 1.453702 
0.000000 0.000000 0.000000 0.000000 1.921978 53.059025 59.397575 36.119247 26.279125 
0.000000 0.000000 0.000000 41.185978 1.921978 59.397575 59.397575 21.500380 1.453702 
0.000000 0.000000 0.000000 2.346387 49.624451 59.397575 59.397575 36.119247 31.201696 
0.000000 0.000000 0.000000 49.624451 4.460089 59.397575 45.347935 26.279125 36.119247 
0.000000 0.000000 2.346387 41.185978 49.624451 59.397575 55.667328 49.379150 31.201696 
0.000000 0.000000 45.626308 2.913930 59.397575 59.397575 49.379150 26.279125 26.279125 
0.000000 0.000000 45.626308 45.626308 57.840569 59.397575 57.733391 40.882809 21.500380 
0.000000 0.000000 4.460089 2.913930 59.397575 59.397575 52.854111 26.279125 36.119247 
0.000000 4.460089 53.059025 4.460089 59.397575 59.397575 49.379150 31.201696 26.279125 
0.000000 2.346387 49.624451 59.397575 59.397575 59.397575 52.854111 31.201696 21.500380 
0.000000 1.422659 4.460089 57.840569 55.825741 59.397575 49.379150 21.500380 49.379150 
0.000000 49.624451 45.626308 49.624451 59.397575 59.397575 52.854111 52.854111 17.009430 
0.000000 53.059025 49.624451 59.397575 59.397575 59.397575 52.854111 40.882809 31.201696 
0.000000 4.460089 45.626308 59.397575 57.840569 59.397575 49.379150 52.854111 21.500380 
0.000000 49.624451 49.624451 59.397575 59.397575 59.397575 52.854111 49.379150 49.379150 
0.000000 49.624451 59.042316 59.397575 59.397575 59.397575 40.882809 31.201696 49.379150 
49.624451 49.624451 55.825741 59.397575 59.397575 59.397575 49.379150 49.379150 52.854111 
49.624451 53.059025 59.397575 57.840569 59.397575 52.854111 49.379150 31.201696 31.201696 
4.460089 59.397575 57.840569 59.397575 59.397575 52.854111 49.379150 49.379150 31.201696 
4.460089 55.825741 57.840569 59.397575 59.397575 49.379150 49.379150 45.347935 31.201696 
45.626308 49.624451 59.397575 59.397575 59.397575 36.119247 45.347935 52.854111 36.119247 
49.624451 59.397575 59.397575 59.397575 59.397575 49.379150 49.379150 52.854111 31.201696 
57.840569 57.840569 57.840569 59.397575 57.733391 52.854111 49.379150 36.119247 0.000000 
59.397575 59.042316 59.397575 59.397575 21.500380 52.854111 31.201696 49.379150 0.000000 
59.397575 55.825741 59.397575 59.397575 52.854111 31.201696 49.379150 45.347935 0.000000 
59.397575 59.397575 59.397575 59.397575 40.882809 49.379150 45.347935 49.379150 0.000000 
59.397575 57.840569 59.397575 59.397575 49.379150 52.854111 52.854111 45.347935 0.000000 
53.059025 59.397575 59.397575 59.397575 59.397575 49.379150 52.854111 0.000000 0.000000 
53.059025 59.397575 49.624451 59.397575 59.288776 49.379150 36.119247 0.000000 0.000000 
0.000000 59.397575 59.397575 59.397575 49.379150 45.347935 49.379150 0.000000 0.000000 
0.000000 59.397575 59.397575 59.397575 55.667328 49.379150 45.347935 0.000000 0.000000 
0.000000 59.397575 53.059025 59.397575 52.854111 49.379150 0.000000 0.000000 0.000000 
0.000000 59.397575 59.397575 55.667328 58.989578 49.379150 0.000000 0.000000 0.000000 
0.000000 0.000000 59.397575 59.397575 45.347935 0.000000 0.000000 0.000000 0.000000 
