test/output/constant/M395_S060_A090_WD225.0_WS045.0/M395_S060_A090_WD225.0_WS045.0_arrival.asc
ncols         39
nrows         15
xllcorner     426503.990666
yllcorner     12747555.311160
cellsize      100.000000
NODATA_value  0.000000
0.000000 0.000000 166.040940 166.039438 166.038686 166.039062 166.039438 166.040564 0.000000 0.000000 0.000000 0.000000 0.000000 0.000000 0.000000 0.000000 0.000000 0.000000 0.000000 0.000000 0.000000 0.000000 0.000000 0.000000 0.000000 0.000000 0.000000 0.000000 0.000000 0.000000 0.000000 0.000000 0.000000 0.000000 0.000000 0.000000 0.000000 0.000000 0.000000 
166.034555 166.014648 166.013897 166.013897 166.016151 166.018029 166.019907 166.022160 166.024414 166.026667 166.028921 166.031174 166.033428 166.035682 166.038311 166.040564 0.000000 0.000000 0.000000 0.000000 0.000000 0.000000 0.000000 0.000000 0.000000 0.000000 0.000000 0.000000 0.000000 0.000000 0.000000 0.000000 0.000000 0.000000 0.000000 0.000000 0.000000 0.000000 0.000000 
166.026292 166.000000 166.000751 166.001878 166.003005 166.005258 166.007136 166.009390 166.011643 166.013897 166.016151 166.018404 166.020658 166.022911 166.025165 166.027794 166.030048 166.032301 166.034555 166.036808 166.039438 166.041667 0.000000 0.000000 0.000000 0.000000 0.000000 0.000000 0.000000 0.000000 0.000000 0.000000 0.000000 0.000000 0.000000 0.000000 0.000000 0.000000 0.000000 
166.032301 166.004883 166.001878 166.001878 166.003005 166.004132 166.005258 166.006385 166.007512 166.009014 166.010892 166.012770 166.014648 166.016902 166.018780 166.020658 166.022911 166.025165 166.027418 166.029672 166.031926 166.034179 166.036433 166.038686 166.040940 0.000000 0.000000 0.000000 0.000000 0.000000 0.000000 0.000000 0.000000 0.000000 0.000000 0.000000 0.000000 0.000000 0.000000 
0.000000 166.024414 166.013521 166.007888 166.005634 166.005634 166.005634 166.006385 166.007512 166.008639 166.009765 166.010892 166.012019 166.013521 166.015024 166.016902 166.018404 166.020658 166.022536 166.024414 166.026292 166.028545 166.030423 166.032677 166.034555 166.036808 166.038686 166.040940 0.000000 0.000000 0.000000 0.000000 0.000000 0.000000 0.000000 0.000000 0.000000 0.000000 0.000000 
0.000000 0.000000 166.031174 166.021785 166.015399 166.011643 166.009765 166.009390 166.009390 166.009390 166.010141 166.010892 166.012019 166.013146 166.014273 166.015399 166.016526 166.018029 166.019531 166.021033 166.022911 166.024414 166.026292 166.028170 166.030048 166.032301 166.034179 166.036057 166.037935 166.040189 0.000000 0.000000 0.000000 0.000000 0.000000 0.000000 0.000000 0.000000 0.000000 
0.000000 0.000000 0.000000 166.039062 166.030048 166.023287 166.018780 166.015775 166.013897 166.012770 166.012770 166.012770 166.013146 166.013521 166.014273 166.015399 166.016526 166.017653 166.018780 166.019907 166.021033 166.022536 166.024038 166.025541 166.027043 166.028921 166.030423 166.032301 166.034179 166.036057 166.037935 166.039813 166.041667 0.000000 0.000000 0.000000 0.000000 0.000000 0.000000 
0.000000 0.000000 0.000000 0.000000 0.000000 166.038311 166.031550 166.026667 166.022536 166.019907 166.018029 166.016902 166.016526 166.016526 166.016526 166.016902 166.017277 166.018029 166.018780 166.019907 166.021033 166.022160 166.023287 166.024414 166.025541 166.027043 166.028170 166.030048 166.031550 166.033052 166.034930 166.036433 166.038311 166.039813 166.041667 0.000000 0.000000 0.000000 0.000000 
0.000000 0.000000 0.000000 0.000000 0.000000 0.000000 0.000000 166.039813 166.034179 166.030048 166.026292 166.024038 166.022160 166.020658 166.020282 166.019907 166.019907 166.020282 166.020282 166.021033 166.021409 166.022160 166.023287 166.024414 166.025541 166.026667 166.027794 166.028921 166.030048 166.031550 166.032677 166.034555 166.036057 166.037560 166.039062 166.040564 0.000000 0.000000 0.000000 
0.000000 0.000000 0.000000 0.000000 0.000000 0.000000 0.000000 0.000000 0.000000 0.000000 166.037560 166.033428 166.030423 166.027794 166.026292 166.024789 166.024038 166.023663 166.023663 166.023663 166.023663 166.024038 166.024414 166.025165 166.025916 166.026667 166.027794 166.028921 166.030048 166.031174 166.032301 166.033428 166.034555 166.036057 166.037184 166.038686 166.040189 0.000000 0.000000 
0.000000 0.000000 0.000000 0.000000 0.000000 0.000000 0.000000 0.000000 0.000000 0.000000 0.000000 0.000000 166.040940 166.037184 166.034179 166.031926 166.030048 166.028921 166.027794 166.027418 166.027418 166.027418 166.027418 166.027418 166.027794 166.028170 166.028545 166.029296 166.030048 166.031174 166.032301 166.033428 166.034555 166.035682 166.036808 166.037935 166.039062 166.040564 166.041667 
0.000000 0.000000 0.000000 0.000000 0.000000 0.000000 0.000000 0.000000 0.000000 0.000000 0.000000 0.000000 0.000000 0.000000 0.000000 166.041316 166.038311 166.036057 166.034179 166.033052 166.031926 166.031174 166.031174 166.030799 166.030799 166.031174 166.031174 166.031550 166.031926 166.032301 166.033052 166.033804 166.034555 166.035682 166.036808 166.037935 166.039062 166.040189 166.041316 
0.000000 0.000000 0.000000 0.000000 0.000000 0.000000 0.000000 0.000000 0.000000 0.000000 0.000000 0.000000 0.000000 0.000000 0.000000 0.000000 0.000000 0.000000 0.000000 166.040189 166.038311 166.037184 166.035682 166.035306 166.034930 166.034555 166.034555 166.034555 166.034555 166.034930 166.034930 166.035682 166.036057 166.036808 166.037184 166.038311 166.039062 166.040189 166.041316 
0.000000 0.000000 0.000000 0.000000 0.000000 0.000000 0.000000 0.000000 0.000000 0.000000 0.000000 0.000000 0.000000 0.000000 0.000000 0.000000 0.000000 0.000000 0.000000 0.000000 0.000000 0.000000 0.000000 166.040940 166.039813 166.039062 166.038686 166.038311 166.038311 166.038311 166.038311 166.038311 166.038686 166.038686 166.039062 166.039813 166.040189 166.040940 166.041667 
0.000000 0.000000 0.000000 0.000000 0.000000 0.000000 0.000000 0.000000 0.000000 0.000000 0.000000 0.000000 0.000000 0.000000 0.000000 0.000000 0.000000 0.000000 0.000000 0.000000 0.000000 0.000000 0.000000 0.000000 0.000000 0.000000 0.000000 0.000000 0.000000 0.000000 0.000000 166.041667 166.041667 0.000000 0.000000 0.000000 0.000000 0.000000 0.000000 
