test/output/constant/M395_S060_A090_WD225.0_WS045.0/M395_S060_A090_WD225.0_WS045.0_intensity.asc
ncols         39
nrows         15
xllcorner     426503.990666
yllcorner     12747555.311160
cellsize      100.000000
NODATA_value  0.000000
0 0 1847 12850 9443 16795 9443 12850 0 0 0 0 0 0 0 0 0 0 0 0 0 0 0 0 0 0 0 0 0 0 0 0 0 0 0 0 0 0 0 
1222 1847 12850 12850 21164 16795 16795 21164 16795 30644 21164 35470 35470 35470 21164 9443 0 0 0 0 0 0 0 0 0 0 0 0 0 0 0 0 0 0 0 0 0 0 0 
1242 0 58747 58747 54854 21164 52030 21164 16795 16795 25827 21164 16795 35470 35470 21164 21164 6664 35470 30644 25827 16795 0 0 0 0 0 0 0 0 0 0 0 0 0 0 0 0 0 
2307 41047 58747 58686 58747 58747 58747 58747 58747 58747 58747 52030 54854 21164 58747 35470 44569 48567 21164 21164 21164 21164 16795 12850 9443 0 0 0 0 0 0 0 0 0 0 0 0 0 0 
0 2756 3341 49286 45385 58686 58747 58747 58747 58747 58747 58747 58747 58747 58747 58747 56954 21164 12850 52030 44569 21164 44569 21164 44569 16795 40159 44569 0 0 0 0 0 0 0 0 0 0 0 
0 0 2756 4932 45385 45385 45385 58686 58747 58747 58747 58747 58747 58747 58747 58747 58747 58747 58747 58265 16795 58747 58747 58265 58747 16795 16795 52030 48567 12850 0 0 0 0 0 0 0 0 0 
0 0 0 3341 41047 41047 45385 45385 49286 49286 55321 58747 58747 58747 58747 58747 58747 58747 58747 58747 58747 58747 58747 58747 56954 25827 54854 16795 21164 21164 48567 48567 56954 0 0 0 0 0 0 
0 0 0 0 0 41047 45385 49286 45385 49286 49286 58747 57272 58747 58747 58747 58747 58747 58747 58747 58747 58747 58747 58747 58747 58747 58606 16795 58747 58747 25827 58747 25827 58747 58747 0 0 0 0 
0 0 0 0 0 0 0 41047 7179 45385 49286 1749 55321 49286 58425 49286 52632 58747 58747 58747 57272 58747 58747 58747 58747 58747 58747 58747 40159 21164 56954 21164 21164 58747 58747 44569 0 0 0 
0 0 0 0 0 0 0 0 0 0 41047 49286 45385 45385 58686 49286 57272 57272 58747 58747 57272 58747 58747 58747 58747 58747 58747 58747 58747 58747 56954 58747 54854 25827 58747 58747 58747 0 0 
0 0 0 0 0 0 0 0 0 0 0 0 45385 45385 45385 45385 45385 45385 49286 58686 58747 58747 58747 58747 58747 58747 58686 58747 58747 58747 58747 58747 58747 58747 58747 58747 58747 58747 58747 
0 0 0 0 0 0 0 0 0 0 0 0 0 0 0 2756 45385 45385 49286 45385 58747 49286 58747 55321 58686 58747 58747 58747 58747 58747 58747 58747 58747 58747 58747 58747 58747 58747 58747 
0 0 0 0 0 0 0 0 0 0 0 0 0 0 0 0 0 0 0 45385 49286 58425 49286 57272 58747 58425 58747 58747 58747 58747 55321 58747 58747 58747 58686 58747 58747 58747 58747 
0 0 0 0 0 0 0 0 0 0 0 0 0 0 0 0 0 0 0 0 0 0 0 45385 49286 57272 58747 58686 58747 58747 58747 58747 58747 58747 52632 58747 58747 58747 58747 
0 0 0 0 0 0 0 0 0 0 0 0 0 0 0 0 0 0 0 0 0 0 0 0 0 0 0 0 0 0 0 58425 57272 0 0 0 0 0 0 
