test/output/constant/M395_S060_A090_WD225.0_WS045.0/M395_S060_A090_WD225.0_WS045.0_ros.asc
ncols         39
nrows         15
xllcorner     426503.990666
yllcorner     12747555.311160
cellsize      100.000000
NODATA_value  0.000000
0.000000 0.000000 2.012437 13.995973 10.284856 18.292742 10.284856 13.995973 0.000000 0.000000 0.000000 0.000000 0.000000 0.000000 0.000000 0.000000 0.000000 0.000000 0.000000 0.000000 0.000000 0.000000 0.000000 0.000000 0.000000 0.000000 0.000000 0.000000 0.000000 0.000000 0.000000 0.000000 0.000000 0.000000 0.000000 0.000000 0.000000 0.000000 0.000000 
1.331028 2.012437 13.995973 13.995973 23.051001 18.292742 18.292742 23.051001 18.292742 33.376003 23.051001 38.632141 38.632141 38.632141 23.051001 10.284856 0.000000 0.000000 0.000000 0.000000 0.000000 0.000000 0.000000 0.000000 0.000000 0.000000 0.000000 0.000000 0.000000 0.000000 0.000000 0.000000 0.000000 0.000000 0.000000 0.000000 0.000000 0.000000 0.000000 
1.352881 -1.000000 63.982632 63.982632 59.743343 23.051001 56.667336 23.051001 18.292742 18.292742 28.129547 23.051001 18.292742 38.632141 38.632141 23.051001 23.051001 7.258893 38.632141 33.376003 28.129547 18.292742 0.000000 0.000000 0.000000 0.000000 0.000000 0.000000 0.000000 0.000000 0.000000 0.000000 0.000000 0.000000 0.000000 0.000000 0.000000 0.000000 0.000000 
2.512607 44.705090 63.982632 63.916599 63.982632 63.982632 63.982632 63.982632 63.982632 63.982632 63.982632 56.667336 59.743343 23.051001 63.982632 38.632141 48.541954 52.895401 23.051001 23.051001 23.051001 23.051001 18.292742 13.995973 10.284856 0.000000 0.000000 0.000000 0.000000 0.000000 0.000000 0.000000 0.000000 0.000000 0.000000 0.000000 0.000000 0.000000 0.000000 
0.000000 3.002312 3.639341 53.678879 49.429874 63.916599 63.982632 63.982632 63.982632 63.982632 63.982632 63.982632 63.982632 63.982632 63.982632 63.982632 62.030106 23.051001 13.995973 56.667336 48.541954 23.051001 48.541954 23.051001 48.541954 18.292742 43.739006 48.541954 0.000000 0.000000 0.000000 0.000000 0.000000 0.000000 0.000000 0.000000 0.000000 0.000000 0.000000 
0.000000 0.000000 3.002312 5.372298 49.429874 49.429874 49.429874 63.916599 63.982632 63.982632 63.982632 63.982632 63.982632 63.982632 63.982632 63.982632 63.982632 63.982632 63.982632 63.458256 18.292742 63.982632 63.982632 63.458256 63.982632 18.292742 18.292742 56.667336 52.895401 13.995973 0.000000 0.000000 0.000000 0.000000 0.000000 0.000000 0.000000 0.000000 0.000000 
0.000000 0.000000 0.000000 3.639341 44.705090 44.705090 49.429874 49.429874 53.678879 53.678879 60.251934 63.982632 63.982632 63.982632 63.982632 63.982632 63.982632 63.982632 63.982632 63.982632 63.982632 63.982632 63.982632 63.982632 62.030106 28.129547 59.743343 18.292742 23.051001 23.051001 52.895401 52.895401 62.030106 0.000000 0.000000 0.000000 0.000000 0.000000 0.000000 
0.000000 0.000000 0.000000 0.000000 0.000000 44.705090 49.429874 53.678879 49.429874 53.678879 53.678879 63.982632 62.376366 63.982632 63.982632 63.982632 63.982632 63.982632 63.982632 63.982632 63.982632 63.982632 63.982632 63.982632 63.982632 63.982632 63.829483 18.292742 63.982632 63.982632 28.129547 63.982632 28.129547 63.982632 63.982632 0.000000 0.000000 0.000000 0.000000 
0.000000 0.000000 0.000000 0.000000 0.000000 0.000000 0.000000 44.705090 7.818912 49.429874 53.678879 1.905247 60.251934 53.678879 63.631866 53.678879 57.323116 63.982632 63.982632 63.982632 62.376366 63.982632 63.982632 63.982632 63.982632 63.982632 63.982632 63.982632 43.739006 23.051001 62.030106 23.051001 23.051001 63.982632 63.982632 48.541954 0.000000 0.000000 0.000000 
0.000000 0.000000 0.000000 0.000000 0.000000 0.000000 0.000000 0.000000 0.000000 0.000000 44.705090 53.678879 49.429874 49.429874 63.916599 53.678879 62.376366 62.376366 63.982632 63.982632 62.376366 63.982632 63.982632 63.982632 63.982632 63.982632 63.982632 63.982632 63.982632 63.982632 62.030106 63.982632 59.743343 28.129547 63.982632 63.982632 63.982632 0.000000 0.000000 
0.000000 0.000000 0.000000 0.000000 0.000000 0.000000 0.000000 0.000000 0.000000 0.000000 0.000000 0.000000 49.429874 49.429874 49.429874 49.429874 49.429874 49.429874 53.678879 63.916599 63.982632 63.982632 63.982632 63.982632 63.982632 63.982632 63.916599 63.982632 63.982632 63.982632 63.982632 63.982632 63.982632 63.982632 63.982632 63.982632 63.982632 63.982632 63.982632 
0.000000 0.000000 0.000000 0.000000 0.000000 0.000000 0.000000 0.000000 0.000000 0.000000 0.000000 0.000000 0.000000 0.000000 0.000000 3.002312 49.429874 49.429874 53.678879 49.429874 63.982632 53.678879 63.982632 60.251934 63.916599 63.982632 63.982632 63.982632 63.982632 63.982632 63.982632 63.982632 63.982632 63.982632 63.982632 63.982632 63.982632 63.982632 63.982632 
0.000000 0.000000 0.000000 0.000000 0.000000 0.000000 0.000000 0.000000 0.000000 0.000000 0.000000 0.000000 0.000000 0.000000 0.000000 0.000000 0.000000 0.000000 0.000000 49.429874 53.678879 63.631866 53.678879 62.376366 63.982632 63.631866 63.982632 63.982632 63.982632 63.982632 60.251934 63.982632 63.982632 63.982632 63.916599 63.982632 63.982632 63.982632 63.982632 
0.000000 0.000000 0.000000 0.000000 0.000000 0.000000 0.000000 0.000000 0.000000 0.000000 0.000000 0.000000 0.000000 0.000000 0.000000 0.000000 0.000000 0.000000 0.000000 0.000000 0.000000 0.000000 0.000000 49.429874 53.678879 62.376366 63.982632 63.916599 63.982632 63.982632 63.982632 63.982632 63.982632 63.982632 57.323116 63.982632 63.982632 63.982632 63.982632 
0.000000 0.000000 0.000000 0.000000 0.000000 0.000000 0.000000 0.000000 0.000000 0.000000 0.000000 0.000000 0.000000 0.000000 0.000000 0.000000 0.000000 0.000000 0.000000 0.000000 0.000000 0.000000 0.000000 0.000000 0.000000 0.000000 0.000000 0.000000 0.000000 0.000000 0.000000 63.631866 62.376366 0.000000 0.000000 0.000000 0.000000 0.000000 0.000000 
