test/output/constant/M390_S000_A270_WD180.0_WS045.0/M390_S000_A270_WD180.0_WS045.0_arrival.asc
ncols         11
nrows         58
xllcorner     426103.990666
yllcorner     12748755.311160
cellsize      100.000000
NODATA_value  0.000000
0.000000 0.000000 0.000000 0.000000 0.000000 166.041667 0.000000 0.000000 0.000000 0.000000 0.000000 
0.000000 0.000000 0.000000 0.000000 166.041156 166.040862 166.041156 0.000000 0.000000 0.000000 0.000000 
0.000000 0.000000 0.000000 166.041450 166.040274 166.040274 166.040274 166.041450 0.000000 0.000000 0.000000 
0.000000 0.000000 0.000000 166.040862 166.039686 166.039392 166.039686 166.040862 0.000000 0.000000 0.000000 
0.000000 0.000000 0.000000 166.040274 166.038804 166.038804 166.038804 166.040274 0.000000 0.000000 0.000000 
0.000000 0.000000 166.041450 166.039392 166.038216 166.037922 166.038216 166.039392 166.041450 0.000000 0.000000 
0.000000 0.000000 166.040568 166.038804 166.037334 166.037334 166.037334 166.038804 166.040568 0.000000 0.000000 
0.000000 0.000000 166.039980 166.038216 166.036746 166.036452 166.036746 166.038216 166.039980 0.000000 0.000000 
0.000000 0.000000 166.039392 166.037334 166.035865 166.035865 166.035865 166.037334 166.039392 0.000000 0.000000 
0.000000 166.041450 166.038510 166.036746 166.035277 166.034983 166.035277 166.036746 166.038510 166.041450 0.000000 
0.000000 166.040862 166.037922 166.035865 166.034395 166.034395 166.034395 166.035865 166.037922 166.040862 0.000000 
0.000000 166.040274 166.037334 166.035277 166.033807 166.033513 166.033807 166.035277 166.037334 166.040274 0.000000 
0.000000 166.039686 166.036746 166.034395 166.032925 166.032925 166.032925 166.034395 166.036746 166.039686 0.000000 
0.000000 166.039098 166.035865 166.033807 166.032337 166.032043 166.032337 166.033807 166.035865 166.039098 0.000000 
0.000000 166.038510 166.035277 166.033219 166.031749 166.031455 166.031749 166.033219 166.035277 166.038510 0.000000 
0.000000 166.037922 166.034689 166.032337 166.030867 166.030573 166.030867 166.032337 166.034689 166.037922 0.000000 
0.000000 166.037334 166.033807 166.031749 166.030279 166.029985 166.030279 166.031749 166.033807 166.037334 0.000000 
166.041667 166.036746 166.033219 166.030867 166.029397 166.029103 166.029397 166.030867 166.033219 166.036746 166.041667 
166.041156 166.036452 166.032631 166.030279 166.028809 166.028515 166.028809 166.030279 166.032631 166.036452 166.041156 
166.040568 166.035865 166.032043 166.029397 166.027927 166.027633 166.027927 166.029397 166.032043 166.035865 166.040568 
166.040274 166.035277 166.031161 166.028809 166.027339 166.027045 166.027339 166.028809 166.031161 166.035277 166.040274 
166.039686 166.034689 166.030573 166.027927 166.026457 166.026163 166.026457 166.027927 166.030573 166.034689 166.039686 
166.039392 166.034395 166.029985 166.027339 166.025869 166.025576 166.025869 166.027339 166.029985 166.034395 166.039392 
166.038804 166.033807 166.029397 166.026751 166.025282 166.024694 166.025282 166.026751 166.029397 166.033807 166.038804 
166.038510 166.033219 166.028809 166.025869 166.024400 166.024106 166.024400 166.025869 166.028809 166.033219 166.038510 
166.038510 166.032631 166.028221 166.025282 166.023812 166.023224 166.023812 166.025282 166.028221 166.032631 166.038510 
166.038510 166.032337 166.027633 166.024694 166.022930 166.022636 166.022930 166.024694 166.027633 166.032337 166.038510 
166.038510 166.031749 166.027045 166.023812 166.022342 166.021754 166.022342 166.023812 166.027045 166.031749 166.038510 
166.038510 166.031455 166.026457 166.023224 166.021460 166.021166 166.021460 166.023224 166.026457 166.031455 166.038510 
166.038510 166.030867 166.026163 166.022636 166.020872 166.020284 166.020872 166.022636 166.026163 166.030867 166.038510 
166.038510 166.030573 166.025576 166.021754 166.020284 166.019696 166.020284 166.021754 166.025576 166.030573 166.038510 
166.038510 166.029985 166.024988 166.021166 166.019402 166.018814 166.019402 166.021166 166.024988 166.029985 166.038510 
166.038804 166.029985 166.024400 166.020578 166.018814 166.018226 166.018814 166.020578 166.024400 166.029985 166.038804 
166.039098 166.029985 166.024106 166.019990 166.017932 166.017344 166.017932 166.019990 166.024106 166.029985 166.039098 
166.039392 166.029985 166.023518 166.019108 166.017344 166.016756 166.017344 166.019108 166.023518 166.029985 166.039392 
166.039980 166.029985 166.022930 166.018520 166.016462 166.015874 166.016462 166.018520 166.022930 166.029985 166.039980 
166.040274 166.029985 166.022636 166.017932 166.015874 166.015287 166.015874 166.017932 166.022636 166.029985 166.040274 
166.040862 166.029985 166.022048 166.017344 166.014993 166.014405 166.014993 166.017344 166.022048 166.029985 166.040862 
166.041450 166.030279 166.021754 166.016756 166.014405 166.013817 166.014405 166.016756 166.021754 166.030279 166.041450 
0.000000 166.030573 166.021460 166.016168 166.013523 166.012935 166.013523 166.016168 166.021460 166.030573 0.000000 
0.000000 166.031161 166.021460 166.015580 166.012935 166.012347 166.012935 166.015580 166.021460 166.031161 0.000000 
0.000000 166.031749 166.021460 166.015287 166.012053 166.011465 166.012053 166.015287 166.021460 166.031749 0.000000 
0.000000 166.032043 166.021460 166.014699 166.011465 166.010877 166.011465 166.014699 166.021460 166.032043 0.000000 
0.000000 166.033219 166.021460 166.014111 166.010877 166.009995 166.010877 166.014111 166.021460 166.033219 0.000000 
0.000000 166.034101 166.021754 166.013817 166.009995 166.009407 166.009995 166.013817 166.021754 166.034101 0.000000 
0.000000 166.035571 166.022342 166.013229 166.009407 166.008525 166.009407 166.013229 166.022342 166.035571 0.000000 
0.000000 166.037040 166.022930 166.012935 166.008525 166.007937 166.008525 166.012935 166.022930 166.037040 0.000000 
0.000000 166.039686 166.023812 166.012935 166.007937 166.007055 166.007937 166.012935 166.023812 166.039686 0.000000 
0.000000 0.000000 166.024694 166.012935 166.007349 166.006467 166.007349 166.012935 166.024694 0.000000 0.000000 
0.000000 0.000000 166.026163 166.012935 166.006467 166.005585 166.006467 166.012935 166.026163 0.000000 0.000000 
0.000000 0.000000 166.028221 166.013523 166.005879 166.004998 166.005879 166.013523 166.028221 0.000000 0.000000 
0.000000 0.000000 166.031161 166.014405 166.005291 166.004116 166.005291 166.014405 166.031161 0.000000 0.000000 
0.000000 0.000000 166.035277 166.015287 166.004998 166.003528 166.004998 166.015287 166.035277 0.000000 0.000000 
0.000000 0.000000 166.040862 166.017638 166.004410 166.002646 166.004410 166.017638 166.040862 0.000000 0.000000 
0.000000 0.000000 0.000000 166.020872 166.004410 166.002058 166.004410 166.020872 0.000000 0.000000 0.000000 
0.000000 0.000000 0.000000 166.027339 166.004704 166.001176 166.004704 166.027339 0.000000 0.000000 0.000000 
0.000000 0.000000 0.000000 166.038216 166.006467 166.000588 166.006467 166.038216 0.000000 0.000000 0.000000 
0.000000 0.000000 0.000000 0.000000 166.014111 166.000000 166.014111 0.000000 0.000000 0.000000 0.000000 
