test/output/constant/M455_S060_A090_WD315.0_WS020.0/M455_S060_A090_WD315.0_WS020.0_arrival.asc
ncols         9
nrows         24
xllcorner     426603.990666
yllcorner     12746455.311160
cellsize      100.000000
NODATA_value  0.000000
166.000000 166.014173 0.000000 0.000000 0.000000 0.000000 0.000000 0.000000 0.000000 
166.001350 166.002700 166.039819 0.000000 0.000000 0.000000 0.000000 0.000000 0.000000 
166.003374 166.003374 166.015522 0.000000 0.000000 0.000000 0.000000 0.000000 0.000000 
166.006749 166.004724 166.008774 166.035094 0.000000 0.000000 0.000000 0.000000 0.000000 
166.012148 166.006749 166.008099 166.020922 0.000000 0.000000 0.000000 0.000000 0.000000 
166.018222 166.008774 166.008774 166.015522 166.039144 0.000000 0.000000 0.000000 0.000000 
166.024971 166.010798 166.010123 166.013498 166.027671 0.000000 0.000000 0.000000 0.000000 
166.031720 166.014848 166.012148 166.013498 166.022271 0.000000 0.000000 0.000000 0.000000 
166.038469 166.018897 166.014173 166.014173 166.019572 166.034419 0.000000 0.000000 0.000000 
0.000000 166.024296 166.016197 166.015522 166.018897 166.029020 0.000000 0.000000 0.000000 
0.000000 166.029695 166.018897 166.017547 166.018897 166.026321 166.041168 0.000000 0.000000 
0.000000 166.035769 166.022946 166.019572 166.019572 166.024296 166.035769 0.000000 0.000000 
0.000000 166.041667 166.026996 166.021596 166.020922 166.024296 166.032395 0.000000 0.000000 
0.000000 0.000000 166.031720 166.023621 166.022946 166.024296 166.030370 0.000000 0.000000 
0.000000 0.000000 166.036444 166.026996 166.024971 166.024971 166.029695 166.039144 0.000000 
0.000000 0.000000 166.041667 166.031045 166.026996 166.026321 166.029695 166.036444 0.000000 
0.000000 0.000000 0.000000 166.035094 166.029020 166.028345 166.029695 166.035094 0.000000 
0.000000 0.000000 0.000000 166.039144 166.031720 166.030370 166.030370 166.034419 0.000000 
0.000000 0.000000 0.000000 0.000000 166.035094 166.031720 166.031720 166.035094 166.041168 
0.000000 0.000000 0.000000 0.000000 166.039144 166.034419 166.033745 166.035094 166.040493 
0.000000 0.000000 0.000000 0.000000 0.000000 166.037119 166.035769 166.035769 166.039819 
0.000000 0.000000 0.000000 0.000000 0.000000 166.039819 166.037119 166.037119 166.040493 
0.000000 0.000000 0.000000 0.000000 0.000000 0.000000 166.039819 166.039144 166.040493 
0.000000 0.000000 0.000000 0.000000 0.000000 0.000000 0.000000 166.041168 166.041168 
