test/output/constant/M185_S060_A090_WD000.0_WS045.0/M185_S060_A090_WD000.0_WS045.0_arrival.asc
ncols         5
nrows         40
xllcorner     426403.990666
yllcorner     12744855.311160
cellsize      100.000000
NODATA_value  0.000000
0.000000 0.000000 166.000000 0.000000 0.000000 
0.000000 166.020922 166.000854 166.020922 0.000000 
0.000000 166.012809 166.001708 166.012809 0.000000 
0.000000 166.009820 166.002989 166.009820 0.000000 
0.000000 166.008967 166.003843 166.008967 0.000000 
0.000000 166.008967 166.005124 166.008967 0.000000 
166.038855 166.009393 166.005978 166.009393 166.038855 
166.035012 166.009820 166.007259 166.009820 166.035012 
166.032023 166.010674 166.008113 166.010674 166.032023 
166.029888 166.011528 166.009393 166.011528 166.029888 
166.028180 166.012382 166.010247 166.012382 166.028180 
166.027327 166.013236 166.011528 166.013236 166.027327 
166.026900 166.014517 166.012382 166.014517 166.026900 
166.026473 166.015371 166.013663 166.015371 166.026473 
166.026473 166.016225 166.014517 166.016225 166.026473 
166.026473 166.017506 166.015798 166.017506 166.026473 
166.026473 166.018360 166.016652 166.018360 166.026473 
166.027327 166.019641 166.017933 166.019641 166.027327 
166.027754 166.020495 166.018787 166.020495 166.027754 
166.028607 166.021349 166.020068 166.021349 166.028607 
166.029461 166.022630 166.020922 166.022630 166.029461 
166.029888 166.023484 166.022203 166.023484 166.029888 
166.030742 166.024765 166.023057 166.024765 166.030742 
166.031596 166.025619 166.024338 166.025619 166.031596 
166.032450 166.026900 166.025192 166.026900 166.032450 
166.033304 166.027754 166.026473 166.027754 166.033304 
166.033731 166.029034 166.027327 166.029034 166.033731 
166.034585 166.029888 166.028607 166.029888 166.034585 
166.035439 166.030742 166.029461 166.030742 166.035439 
166.036293 166.032023 166.030742 166.032023 166.036293 
166.037147 166.032877 166.031596 166.032877 166.037147 
166.038428 166.034158 166.032877 166.034158 166.038428 
166.039282 166.035012 166.033731 166.035012 166.039282 
166.040136 166.036293 166.035012 166.036293 166.040136 
166.040990 166.037147 166.035866 166.037147 166.040990 
0.000000 166.038428 166.037147 166.038428 0.000000 
0.000000 166.039282 166.038001 166.039282 0.000000 
0.000000 166.040563 166.039282 166.040563 0.000000 
0.000000 166.041417 166.040136 166.041417 0.000000 
0.000000 0.000000 166.041417 0.000000 0.000000 
