test/output/constant/M1M275_S000_A090_WD270.0_WS045.0/M1M275_S000_A090_WD270.0_WS045.0_arrival.asc
ncols         30
nrows         7
xllcorner     426603.990666
yllcorner     12748455.311160
cellsize      100.000000
NODATA_value  0.000000
0.000000 0.000000 0.000000 0.000000 0.000000 0.000000 0.000000 0.000000 0.000000 0.000000 0.000000 0.000000 0.000000 0.000000 0.000000 0.000000 166.041667 166.041667 166.041667 0.000000 0.000000 0.000000 0.000000 0.000000 0.000000 0.000000 0.000000 0.000000 0.000000 0.000000 
0.000000 0.000000 0.000000 166.041193 166.034327 166.030895 166.027462 166.026318 166.025746 166.025173 166.025173 166.025173 166.025746 166.026890 166.027462 166.028606 166.029750 166.030895 166.031467 166.032611 166.033755 166.034900 166.036044 166.037188 166.038904 166.040049 166.041193 0.000000 0.000000 0.000000 
166.030323 166.012587 166.009154 166.008582 166.008582 166.009726 166.010298 166.011442 166.012587 166.014303 166.015447 166.016592 166.018308 166.019452 166.021169 166.022313 166.023457 166.025173 166.026318 166.028034 166.029178 166.030895 166.032039 166.033755 166.034900 166.036616 166.037760 166.038904 166.040621 0.000000 
166.000000 166.001144 166.002288 166.004005 166.005149 166.006865 166.008010 166.009726 166.010870 166.012587 166.013731 166.015447 166.016592 166.018308 166.019452 166.021169 166.022313 166.024029 166.025173 166.026890 166.028034 166.029750 166.030895 166.032611 166.033755 166.035472 166.036616 166.038332 166.039476 166.041193 
166.030323 166.012587 166.009154 166.008582 166.008582 166.009726 166.010298 166.011442 166.012587 166.014303 166.015447 166.016592 166.018308 166.019452 166.021169 166.022313 166.023457 166.025173 166.026318 166.028034 166.029178 166.030895 166.032039 166.033755 166.034900 166.036616 166.037760 166.038904 166.040621 0.000000 
0.000000 0.000000 0.000000 166.041193 166.034327 166.030895 166.027462 166.026318 166.025746 166.025173 166.025173 166.025173 166.025746 166.026890 166.027462 166.028606 166.029750 166.030895 166.031467 166.032611 166.033755 166.034900 166.036044 166.037188 166.038904 166.040049 166.041193 0.000000 0.000000 0.000000 
0.000000 0.000000 0.000000 0.000000 0.000000 0.000000 0.000000 0.000000 0.000000 0.000000 0.000000 0.000000 0.000000 0.000000 0.000000 0.000000 166.041667 166.041667 166.041667 0.000000 0.000000 0.000000 0.000000 0.000000 0.000000 0.000000 0.000000 0.000000 0.000000 0.000000 
