test/output/constant/M3100_S060_A180_WD270.0_WS030.0/M3100_S060_A180_WD270.0_WS030.0_arrival.asc
ncols         68
nrows         9
xllcorner     426603.990666
yllcorner     12748355.311160
cellsize      100.000000
NODATA_value  0.000000
0.000000 0.000000 0.000000 0.000000 0.000000 0.000000 0.000000 0.000000 0.000000 0.000000 0.000000 0.000000 0.000000 0.000000 0.000000 0.000000 0.000000 0.000000 0.000000 166.040881 166.039395 166.038651 166.038156 166.037412 166.036917 166.036421 166.036174 166.035926 166.035678 166.035430 166.035183 166.034935 166.034935 166.034935 166.034935 166.034935 166.035183 166.035430 166.035678 166.036174 166.036669 166.036917 166.037412 166.037908 166.038156 166.038651 166.039147 166.039395 166.039890 166.040386 166.040633 166.041129 166.041624 0.000000 0.000000 0.000000 0.000000 0.000000 0.000000 0.000000 0.000000 0.000000 0.000000 0.000000 0.000000 0.000000 0.000000 0.000000 
0.000000 0.000000 0.000000 0.000000 0.000000 0.000000 0.000000 0.000000 0.000000 166.038899 166.035926 166.033696 166.031466 166.029979 166.028741 166.027750 166.027254 166.026511 166.026015 166.025767 166.025520 166.025272 166.025024 166.025024 166.025024 166.025024 166.025272 166.025520 166.026015 166.026263 166.026759 166.027254 166.027502 166.027997 166.028493 166.028741 166.029236 166.029732 166.029979 166.030475 166.030971 166.031466 166.031962 166.032457 166.032705 166.033200 166.033696 166.034191 166.034935 166.035430 166.035926 166.036421 166.037165 166.037660 166.038156 166.038651 166.039395 166.039890 166.040386 166.041129 166.041624 0.000000 0.000000 0.000000 0.000000 0.000000 0.000000 0.000000 
0.000000 0.000000 0.000000 166.037908 166.029484 166.024776 166.021555 166.019326 166.017839 166.016600 166.016105 166.015609 166.015361 166.015114 166.015114 166.015114 166.015114 166.015609 166.016105 166.016352 166.016848 166.017344 166.017839 166.018087 166.018582 166.019078 166.019573 166.020069 166.020564 166.021060 166.021555 166.022051 166.022547 166.023290 166.023785 166.024281 166.025024 166.025520 166.026015 166.026759 166.027254 166.027750 166.028493 166.028988 166.029484 166.029979 166.030723 166.031218 166.031962 166.032457 166.033200 166.033696 166.034191 166.034935 166.035430 166.036174 166.036669 166.037165 166.037660 166.038403 166.038899 166.039642 166.040138 166.040881 166.041377 0.000000 0.000000 0.000000 
166.032457 166.011149 166.007185 166.005699 166.005203 166.005203 166.005203 166.005699 166.006194 166.006690 166.007185 166.007681 166.008176 166.008920 166.009415 166.010158 166.010654 166.011149 166.011893 166.012388 166.013132 166.013627 166.014370 166.014866 166.015609 166.016105 166.016600 166.017344 166.017839 166.018582 166.019078 166.019821 166.020317 166.021060 166.021555 166.022051 166.022794 166.023290 166.024033 166.024529 166.025272 166.025767 166.026511 166.027006 166.027750 166.028245 166.028988 166.029484 166.029979 166.030723 166.031218 166.031962 166.032457 166.033200 166.033696 166.034439 166.034935 166.035678 166.036174 166.036917 166.037412 166.038156 166.038651 166.039147 166.039890 166.040386 166.041129 166.041624 
166.000000 166.000496 166.000991 166.001734 166.002230 166.002973 166.003469 166.004212 166.004708 166.005451 166.005946 166.006690 166.007185 166.007928 166.008424 166.009167 166.009663 166.010406 166.010902 166.011645 166.012140 166.012884 166.013379 166.014123 166.014618 166.015361 166.015857 166.016600 166.017096 166.017839 166.018335 166.019078 166.019573 166.020317 166.020812 166.021555 166.022051 166.022794 166.023290 166.024033 166.024529 166.025272 166.025767 166.026511 166.027006 166.027750 166.028245 166.028988 166.029484 166.030227 166.030723 166.031466 166.031962 166.032705 166.033200 166.033944 166.034439 166.035183 166.035678 166.036421 166.036917 166.037660 166.038156 166.038899 166.039395 166.040138 166.040633 166.041377 
166.032457 166.011149 166.007185 166.005699 166.005203 166.005203 166.005203 166.005699 166.006194 166.006690 166.007185 166.007681 166.008176 166.008920 166.009415 166.010158 166.010654 166.011149 166.011893 166.012388 166.013132 166.013627 166.014370 166.014866 166.015609 166.016105 166.016600 166.017344 166.017839 166.018582 166.019078 166.019821 166.020317 166.021060 166.021555 166.022051 166.022794 166.023290 166.024033 166.024529 166.025272 166.025767 166.026511 166.027006 166.027750 166.028245 166.028988 166.029484 166.029979 166.030723 166.031218 166.031962 166.032457 166.033200 166.033696 166.034439 166.034935 166.035678 166.036174 166.036917 166.037412 166.038156 166.038651 166.039147 166.039890 166.040386 166.041129 166.041624 
0.000000 0.000000 0.000000 166.037908 166.029484 166.024776 166.021555 166.019326 166.017839 166.016600 166.016105 166.015609 166.015361 166.015114 166.015114 166.015114 166.015114 166.015609 166.016105 166.016352 166.016848 166.017344 166.017839 166.018087 166.018582 166.019078 166.019573 166.020069 166.020564 166.021060 166.021555 166.022051 166.022547 166.023290 166.023785 166.024281 166.025024 166.025520 166.026015 166.026759 166.027254 166.027750 166.028493 166.028988 166.029484 166.029979 166.030723 166.031218 166.031962 166.032457 166.033200 166.033696 166.034191 166.034935 166.035430 166.036174 166.036669 166.037165 166.037660 166.038403 166.038899 166.039642 166.040138 166.040881 166.041377 0.000000 0.000000 0.000000 
0.000000 0.000000 0.000000 0.000000 0.000000 0.000000 0.000000 0.000000 0.000000 166.038899 166.035926 166.033696 166.031466 166.029979 166.028741 166.027750 166.027254 166.026511 166.026015 166.025767 166.025520 166.025272 166.025024 166.025024 166.025024 166.025024 166.025272 166.025520 166.026015 166.026263 166.026759 166.027254 166.027502 166.027997 166.028493 166.028741 166.029236 166.029732 166.029979 166.030475 166.030971 166.031466 166.031962 166.032457 166.032705 166.033200 166.033696 166.034191 166.034935 166.035430 166.035926 166.036421 166.037165 166.037660 166.038156 166.038651 166.039395 166.039890 166.040386 166.041129 166.041624 0.000000 0.000000 0.000000 0.000000 0.000000 0.000000 0.000000 
0.000000 0.000000 0.000000 0.000000 0.000000 0.000000 0.000000 0.000000 0.000000 0.000000 0.000000 0.000000 0.000000 0.000000 0.000000 0.000000 0.000000 0.000000 0.000000 166.040881 166.039395 166.038651 166.038156 166.037412 166.036917 166.036421 166.036174 166.035926 166.035678 166.035430 166.035183 166.034935 166.034935 166.034935 166.034935 166.034935 166.035183 166.035430 166.035678 166.036174 166.036669 166.036917 166.037412 166.037908 166.038156 166.038651 166.039147 166.039395 166.039890 166.040386 166.040633 166.041129 166.041624 0.000000 0.000000 0.000000 0.000000 0.000000 0.000000 0.000000 0.000000 0.000000 0.000000 0.000000 0.000000 0.000000 0.000000 0.000000 
