test/output/constant/M380_S060_A090_WD180.0_WS005.0/M380_S060_A090_WD180.0_WS005.0_raz.asc
ncols         9
nrows         41
xllcorner     426203.990666
yllcorner     12744855.311160
cellsize      100.000000
NODATA_value  0.000000
0 0 0 338 290 69 0 0 0 
0 0 0 290 65535 69 0 0 0 
0 0 270 193 180 166 90 0 0 
0 0 290 220 180 166 69 0 0 
0 0 270 182 180 172 170 0 0 
0 338 187 184 180 175 172 69 0 
0 187 248 182 180 177 172 172 0 
0 220 187 186 180 173 168 139 0 
0 189 232 180 180 170 173 170 0 
189 259 182 180 180 179 170 170 170 
232 248 187 183 180 176 172 173 170 
232 191 181 180 180 179 173 168 170 
232 232 180 180 180 175 166 166 170 
187 189 186 180 180 178 173 176 172 
248 182 182 180 180 177 177 170 170 
189 186 180 183 180 176 170 168 170 
189 184 187 180 180 179 172 175 168 
187 186 180 183 180 176 173 173 172 
181 186 180 180 180 176 176 173 176 
182 180 182 180 180 176 177 172 172 
186 183 180 180 180 168 179 176 170 
187 191 180 180 180 178 178 168 172 
182 184 180 184 180 175 172 175 172 
191 182 186 180 180 177 173 177 168 
182 180 180 183 180 176 177 173 170 
183 180 183 180 180 177 176 175 176 
186 180 180 184 180 175 177 168 173 
183 180 180 180 180 175 177 177 170 
184 180 187 180 176 177 172 177 175 
180 180 180 180 180 177 179 177 178 
187 186 186 180 179 177 173 173 172 
183 186 184 180 180 177 175 173 176 
181 180 180 180 176 177 178 176 172 
0 180 180 180 180 177 175 177 0 
0 184 180 180 179 177 179 175 0 
0 180 180 180 180 177 173 179 0 
0 180 180 180 179 177 178 178 0 
0 0 180 180 180 177 178 0 0 
0 0 183 180 179 177 176 0 0 
0 0 0 180 180 177 0 0 0 
0 0 0 180 179 177 0 0 0 
