test/output/constant/M4100_S060_A000_WD135.0_WS015.0/M4100_S060_A000_WD135.0_WS015.0_ros.asc
ncols         41
nrows         13
xllcorner     422603.990666
yllcorner     12748655.311160
cellsize      100.000000
NODATA_value  0.000000
69.347885 69.347885 67.403915 68.888481 52.574951 67.403915 57.412952 57.412952 57.412952 52.574951 5.893227 3.315706 0.000000 0.000000 0.000000 0.000000 0.000000 0.000000 0.000000 0.000000 0.000000 0.000000 0.000000 0.000000 0.000000 0.000000 0.000000 0.000000 0.000000 0.000000 0.000000 0.000000 0.000000 0.000000 0.000000 0.000000 0.000000 0.000000 0.000000 0.000000 0.000000 
69.347885 69.347885 67.403915 69.347885 69.347885 69.347885 69.347885 57.412952 68.888481 52.574951 57.412952 57.412952 47.210678 47.210678 47.210678 47.210678 47.210678 1.067661 0.000000 0.000000 0.000000 0.000000 0.000000 0.000000 0.000000 0.000000 0.000000 0.000000 0.000000 0.000000 0.000000 0.000000 0.000000 0.000000 0.000000 0.000000 0.000000 0.000000 0.000000 0.000000 0.000000 
69.347885 58.198383 69.347885 69.347885 69.347885 69.347885 69.347885 69.347885 69.347885 69.347885 67.403915 57.412952 64.941956 52.574951 57.412952 47.210678 5.893227 5.893227 47.210678 47.210678 47.210678 3.315706 0.000000 0.000000 0.000000 0.000000 0.000000 0.000000 0.000000 0.000000 0.000000 0.000000 0.000000 0.000000 0.000000 0.000000 0.000000 0.000000 0.000000 0.000000 0.000000 
0.000000 58.198383 53.466095 69.347885 69.347885 69.347885 69.347885 69.347885 69.347885 69.347885 69.347885 69.347885 68.888481 69.347885 64.941956 57.412952 52.574951 57.412952 5.893227 47.210678 47.210678 3.315706 52.574951 47.210678 47.210678 47.210678 0.000000 0.000000 0.000000 0.000000 0.000000 0.000000 0.000000 0.000000 0.000000 0.000000 0.000000 0.000000 0.000000 0.000000 0.000000 
0.000000 0.000000 30.646467 24.836933 24.836933 62.232109 65.444862 58.198383 69.347885 58.198383 69.347885 69.347885 64.941956 69.347885 69.347885 69.347885 67.403915 69.347885 69.347885 47.210678 52.574951 47.210678 47.210678 5.893227 47.210678 47.210678 52.574951 3.315706 3.315706 0.000000 0.000000 0.000000 0.000000 0.000000 0.000000 0.000000 0.000000 0.000000 0.000000 0.000000 0.000000 
0.000000 0.000000 0.000000 0.000000 24.836933 24.836933 30.646467 62.232109 69.291878 53.466095 24.836933 24.836933 69.347885 36.593307 69.347885 69.347885 69.347885 69.347885 69.347885 69.347885 67.403915 69.347885 64.941956 52.574951 5.893227 52.574951 47.210678 1.652824 52.574951 47.210678 52.574951 41.483292 0.000000 0.000000 0.000000 0.000000 0.000000 0.000000 0.000000 0.000000 0.000000 
0.000000 0.000000 0.000000 0.000000 0.000000 0.000000 30.646467 30.646467 24.836933 24.836933 24.836933 42.497135 58.198383 24.836933 30.646467 67.739174 48.178864 65.444862 69.347885 69.347885 69.347885 69.347885 69.347885 69.347885 69.347885 69.347885 52.574951 47.210678 47.210678 47.210678 47.210678 47.210678 47.210678 52.574951 0.000000 0.000000 0.000000 0.000000 0.000000 0.000000 0.000000 
0.000000 0.000000 0.000000 0.000000 0.000000 0.000000 0.000000 0.000000 0.000000 30.646467 24.836933 30.646467 62.232109 24.836933 24.836933 65.444862 30.646467 30.646467 24.836933 69.347885 69.347885 48.178864 69.347885 69.347885 69.347885 69.213165 69.347885 69.347885 57.412952 52.574951 52.574951 47.210678 47.210678 47.210678 47.210678 47.210678 0.000000 0.000000 0.000000 0.000000 0.000000 
0.000000 0.000000 0.000000 0.000000 0.000000 0.000000 0.000000 0.000000 0.000000 0.000000 0.000000 58.198383 30.646467 30.646467 53.466095 30.646467 24.836933 30.646467 24.836933 30.646467 58.198383 58.198383 24.836933 24.836933 53.466095 69.347885 69.347885 69.347885 69.347885 69.347885 69.347885 69.347885 57.412952 47.210678 5.893227 3.315706 47.210678 1.067661 0.000000 0.000000 0.000000 
0.000000 0.000000 0.000000 0.000000 0.000000 0.000000 0.000000 0.000000 0.000000 0.000000 0.000000 0.000000 0.000000 0.000000 0.000000 24.836933 24.836933 24.836933 24.836933 24.836933 42.497135 30.646467 24.836933 30.646467 24.836933 30.646467 48.178864 24.836933 42.497135 30.646467 69.347885 69.347885 69.347885 69.347885 69.347885 57.412952 52.574951 47.210678 3.315706 1.067661 0.000000 
0.000000 0.000000 0.000000 0.000000 0.000000 0.000000 0.000000 0.000000 0.000000 0.000000 0.000000 0.000000 0.000000 0.000000 0.000000 0.000000 0.000000 0.000000 24.836933 24.836933 24.836933 30.646467 24.836933 30.646467 24.836933 24.836933 24.836933 24.836933 48.178864 30.646467 58.198383 30.646467 65.444862 24.836933 69.347885 69.347885 69.347885 69.347885 69.347885 57.412952 0.708780 
0.000000 0.000000 0.000000 0.000000 0.000000 0.000000 0.000000 0.000000 0.000000 0.000000 0.000000 0.000000 0.000000 0.000000 0.000000 0.000000 0.000000 0.000000 0.000000 0.000000 0.000000 0.000000 24.836933 24.836933 24.836933 24.836933 24.836933 24.836933 24.836933 24.836933 24.836933 24.836933 24.836933 24.836933 30.646467 24.836933 48.178864 58.198383 69.347885 69.347885 0.000000 
0.000000 0.000000 0.000000 0.000000 0.000000 0.000000 0.000000 0.000000 0.000000 0.000000 0.000000 0.000000 0.000000 0.000000 0.000000 0.000000 0.000000 0.000000 0.000000 0.000000 0.000000 0.000000 0.000000 0.000000 0.000000 0.000000 0.000000 0.000000 0.000000 0.000000 0.000000 24.836933 24.836933 24.836933 24.836933 24.836933 14.324251 24.836933 9.939009 6.316782 0.281814 
