test/output/constant/M4100_S060_A000_WD135.0_WS015.0/M4100_S060_A000_WD135.0_WS015.0_arrival.asc
ncols         41
nrows         13
xllcorner     422603.990666
yllcorner     12748655.311160
cellsize      100.000000
NODATA_value  0.000000
166.041622 166.040830 166.040433 166.040037 166.040037 166.039640 166.039640 166.039640 166.039640 166.040037 166.040830 166.041622 0.000000 0.000000 0.000000 0.000000 0.000000 0.000000 0.000000 0.000000 0.000000 0.000000 0.000000 0.000000 0.000000 0.000000 0.000000 0.000000 0.000000 0.000000 0.000000 0.000000 0.000000 0.000000 0.000000 0.000000 0.000000 0.000000 0.000000 0.000000 0.000000 
166.040830 166.040037 166.038848 166.038055 166.037658 166.036866 166.036469 166.036469 166.036073 166.036073 166.036073 166.036073 166.036469 166.036866 166.037658 166.038451 166.039640 166.041226 0.000000 0.000000 0.000000 0.000000 0.000000 0.000000 0.000000 0.000000 0.000000 0.000000 0.000000 0.000000 0.000000 0.000000 0.000000 0.000000 0.000000 0.000000 0.000000 0.000000 0.000000 0.000000 0.000000 
166.041226 166.040037 166.038848 166.038055 166.036866 166.035676 166.034884 166.034091 166.033298 166.032902 166.032505 166.032505 166.032109 166.032109 166.032109 166.032505 166.033298 166.034091 166.034884 166.036073 166.037658 166.040433 0.000000 0.000000 0.000000 0.000000 0.000000 0.000000 0.000000 0.000000 0.000000 0.000000 0.000000 0.000000 0.000000 0.000000 0.000000 0.000000 0.000000 0.000000 0.000000 
0.000000 166.040433 166.039244 166.038055 166.036866 166.035676 166.034884 166.033694 166.032902 166.031712 166.030920 166.030127 166.029334 166.028938 166.028541 166.028541 166.028541 166.028541 166.028938 166.029334 166.030127 166.031316 166.032505 166.034884 166.037658 166.041226 0.000000 0.000000 0.000000 0.000000 0.000000 0.000000 0.000000 0.000000 0.000000 0.000000 0.000000 0.000000 0.000000 0.000000 0.000000 
0.000000 0.000000 166.041226 166.039640 166.038055 166.036469 166.035280 166.034091 166.032902 166.031712 166.030523 166.029730 166.028541 166.027748 166.026559 166.026163 166.025370 166.024973 166.024577 166.024577 166.024577 166.024973 166.025370 166.026559 166.027352 166.029334 166.032109 166.035676 166.041226 0.000000 0.000000 0.000000 0.000000 0.000000 0.000000 0.000000 0.000000 0.000000 0.000000 0.000000 0.000000 
0.000000 0.000000 0.000000 0.000000 166.040830 166.039244 166.037262 166.035676 166.034091 166.032505 166.031316 166.030127 166.028541 166.027748 166.026559 166.025370 166.024577 166.023388 166.022595 166.021802 166.021406 166.021009 166.021009 166.021009 166.021406 166.021802 166.022595 166.024181 166.026559 166.029730 166.035280 166.041226 0.000000 0.000000 0.000000 0.000000 0.000000 0.000000 0.000000 0.000000 0.000000 
0.000000 0.000000 0.000000 0.000000 0.000000 0.000000 166.041226 166.039244 166.037262 166.035676 166.033694 166.031712 166.030523 166.028938 166.027352 166.025766 166.024577 166.023388 166.022199 166.021406 166.020217 166.019424 166.018235 166.017838 166.017442 166.017045 166.017045 166.017442 166.017838 166.019027 166.021009 166.024181 166.029334 166.036469 0.000000 0.000000 0.000000 0.000000 0.000000 0.000000 0.000000 
0.000000 0.000000 0.000000 0.000000 0.000000 0.000000 0.000000 0.000000 0.000000 166.040037 166.037658 166.035676 166.033694 166.032109 166.030127 166.028145 166.026559 166.024973 166.023388 166.021802 166.020613 166.019424 166.018235 166.017045 166.016253 166.015063 166.014271 166.013478 166.013478 166.013478 166.013478 166.014271 166.015460 166.018235 166.023784 166.031316 0.000000 0.000000 0.000000 0.000000 0.000000 
0.000000 0.000000 0.000000 0.000000 0.000000 0.000000 0.000000 0.000000 0.000000 0.000000 0.000000 166.041667 166.039640 166.037262 166.034884 166.032902 166.030523 166.028541 166.026559 166.024577 166.022595 166.021009 166.019424 166.017838 166.016253 166.015063 166.014271 166.013081 166.011892 166.011099 166.010307 166.009514 166.009514 166.009910 166.010703 166.012685 166.018235 166.027748 0.000000 0.000000 0.000000 
0.000000 0.000000 0.000000 0.000000 0.000000 0.000000 0.000000 0.000000 0.000000 0.000000 0.000000 0.000000 0.000000 0.000000 0.000000 166.039640 166.037262 166.034884 166.032505 166.030127 166.027748 166.025766 166.023388 166.021406 166.019424 166.017442 166.015460 166.013874 166.012289 166.011099 166.009910 166.009117 166.007928 166.006739 166.005946 166.005946 166.005946 166.007135 166.012289 166.027748 0.000000 
0.000000 0.000000 0.000000 0.000000 0.000000 0.000000 0.000000 0.000000 0.000000 0.000000 0.000000 0.000000 0.000000 0.000000 0.000000 0.000000 0.000000 0.000000 166.041226 166.038451 166.036073 166.033298 166.030920 166.028145 166.025766 166.023388 166.021009 166.018631 166.016253 166.014271 166.011892 166.010307 166.008324 166.007135 166.005946 166.004757 166.003964 166.002775 166.001982 166.001982 166.009910 
0.000000 0.000000 0.000000 0.000000 0.000000 0.000000 0.000000 0.000000 0.000000 0.000000 0.000000 0.000000 0.000000 0.000000 0.000000 0.000000 0.000000 0.000000 0.000000 0.000000 0.000000 0.000000 166.041622 166.039244 166.036469 166.033694 166.030920 166.028145 166.025370 166.022595 166.020217 166.017442 166.014667 166.012289 166.009514 166.007135 166.004757 166.002775 166.001586 166.000793 166.000000 
0.000000 0.000000 0.000000 0.000000 0.000000 0.000000 0.000000 0.000000 0.000000 0.000000 0.000000 0.000000 0.000000 0.000000 0.000000 0.000000 0.000000 0.000000 0.000000 0.000000 0.000000 0.000000 0.000000 0.000000 0.000000 0.000000 0.000000 0.000000 0.000000 0.000000 0.000000 166.041226 166.038848 166.036073 166.033298 166.030523 166.028541 166.026559 166.025766 166.027748 166.040433 
