test/output/constant/M3M485_S060_A180_WD045.0_WS010.0/M3M485_S060_A180_WD045.0_WS010.0_intensity.asc
ncols         38
nrows         13
xllcorner     426503.990666
yllcorner     12747755.311160
cellsize      100.000000
NODATA_value  0.000000
0 0 0 1346 19885 15722 15722 15722 15722 11936 11936 33346 33346 0 0 0 0 0 0 0 0 0 0 0 0 0 0 0 0 0 0 0 0 0 0 0 0 0 
1346 1346 19885 15722 33346 28832 33346 28832 15722 33346 33346 15722 37704 28832 28832 15722 41774 33346 45434 24300 0 0 0 0 0 0 0 0 0 0 0 0 0 0 0 0 0 0 
1219 0 54296 54296 28832 54296 54296 54243 41774 15722 54243 45434 11936 48571 24300 51092 41774 24300 45434 24300 48571 33346 19885 41774 19885 0 0 0 0 0 0 0 0 0 0 0 0 0 
1219 1696 53828 54158 54296 54296 54296 54296 54296 54296 54296 19885 54296 54296 28832 28832 52919 24300 19885 54296 53998 19885 15722 54296 45434 19885 51092 28832 0 0 0 0 0 0 0 0 0 0 
0 1219 2390 32390 40924 54296 54296 54296 54296 54296 54296 54296 28832 54296 54296 54296 48571 19885 37704 54243 15722 54296 54296 54296 54296 54296 19885 54296 54296 54296 51092 0 0 0 0 0 0 0 
0 0 0 27870 40924 36786 40924 52582 53828 50598 54296 54296 54296 54296 54296 54296 51092 54296 54296 54296 54296 54296 54243 54296 33346 54296 54243 54296 54296 15722 24300 52919 54296 0 0 0 0 0 
0 0 0 0 2390 32390 36786 36786 50598 40924 53828 54296 54296 54296 54296 54296 54296 54296 54296 54296 54296 54296 28832 52919 54296 54296 41774 54296 54243 54296 54296 54296 28832 54296 54296 0 0 0 
0 0 0 0 0 0 1981 32390 40924 36786 36786 36786 54296 47937 52582 52582 54296 54296 54296 54296 54296 54296 54296 54296 54296 54296 54296 54296 52919 54296 54296 54296 48571 54296 53998 54296 0 0 
0 0 0 0 0 0 0 0 0 36786 40924 36786 36786 52582 52582 54296 52582 54296 54296 54296 54296 54296 54296 54296 54158 54296 54296 54296 54296 54296 54296 54296 54296 54296 54296 54296 54296 0 
0 0 0 0 0 0 0 0 0 0 0 0 36786 36786 40924 40924 52582 50598 53828 54296 50598 52582 52582 54296 54296 54296 54296 54296 54296 54296 54296 54296 54296 54296 51092 54296 54296 28832 
0 0 0 0 0 0 0 0 0 0 0 0 0 0 0 40924 40924 36786 44680 50598 52582 47937 50598 54296 54296 54296 54296 54296 54296 54158 54296 54296 54296 54296 54296 54296 54296 54296 
0 0 0 0 0 0 0 0 0 0 0 0 0 0 0 0 0 0 0 52582 36786 36786 54296 54296 52582 54296 52582 53828 53828 54296 54296 54296 54296 54296 54296 54296 54296 54296 
0 0 0 0 0 0 0 0 0 0 0 0 0 0 0 0 0 0 0 0 0 0 0 0 0 52582 52582 36786 52582 54296 54296 54296 54158 54296 54296 0 0 0 
