test/output/constant/M3M485_S060_A180_WD045.0_WS010.0/M3M485_S060_A180_WD045.0_WS010.0_arrival.asc
ncols         38
nrows         13
xllcorner     426503.990666
yllcorner     12747755.311160
cellsize      100.000000
NODATA_value  0.000000
0.000000 0.000000 0.000000 166.040273 166.037141 166.036246 166.035799 166.036246 166.036694 166.038036 166.039378 166.040273 166.041616 0.000000 0.000000 0.000000 0.000000 0.000000 0.000000 0.000000 0.000000 0.000000 0.000000 0.000000 0.000000 0.000000 0.000000 0.000000 0.000000 0.000000 0.000000 0.000000 0.000000 0.000000 0.000000 0.000000 0.000000 0.000000 
166.038931 166.016109 166.012529 166.012977 166.013424 166.014767 166.016109 166.017899 166.020137 166.021927 166.023717 166.025954 166.027744 166.029534 166.031324 166.033561 166.035351 166.037141 166.039378 166.041616 0.000000 0.000000 0.000000 0.000000 0.000000 0.000000 0.000000 0.000000 0.000000 0.000000 0.000000 0.000000 0.000000 0.000000 0.000000 0.000000 0.000000 0.000000 
166.025954 166.000000 166.000895 166.001790 166.003132 166.004475 166.006265 166.008055 166.009845 166.012082 166.013872 166.015662 166.017899 166.019689 166.021927 166.023717 166.025506 166.027744 166.029534 166.031771 166.033561 166.035351 166.037588 166.039378 166.041616 0.000000 0.000000 0.000000 0.000000 0.000000 0.000000 0.000000 0.000000 0.000000 0.000000 0.000000 0.000000 0.000000 
166.035351 166.006712 166.002237 166.002237 166.003132 166.004475 166.005370 166.006712 166.007607 166.008950 166.010292 166.012082 166.013424 166.015214 166.017004 166.018794 166.020137 166.022374 166.024164 166.025954 166.027744 166.029981 166.031771 166.033561 166.035351 166.037588 166.039378 166.041168 0.000000 0.000000 0.000000 0.000000 0.000000 0.000000 0.000000 0.000000 0.000000 0.000000 
0.000000 166.033561 166.017452 166.009845 166.007160 166.006712 166.006712 166.007160 166.007607 166.008950 166.009845 166.011187 166.012529 166.013424 166.014767 166.016109 166.017452 166.019242 166.020584 166.022374 166.024164 166.025506 166.027296 166.029086 166.030876 166.032666 166.034456 166.036246 166.038036 166.039826 166.041616 0.000000 0.000000 0.000000 0.000000 0.000000 0.000000 0.000000 
0.000000 0.000000 0.000000 166.028639 166.020137 166.014767 166.012082 166.011187 166.010740 166.010740 166.011187 166.011635 166.012529 166.013424 166.014767 166.015662 166.017004 166.018347 166.019242 166.020584 166.021927 166.023269 166.024611 166.026401 166.027744 166.029534 166.030876 166.032666 166.034456 166.036246 166.038036 166.039378 166.041168 0.000000 0.000000 0.000000 0.000000 0.000000 
0.000000 0.000000 0.000000 0.000000 166.039826 166.030429 166.024164 166.020137 166.017452 166.015662 166.015214 166.015214 166.015214 166.015214 166.015662 166.016557 166.017004 166.018347 166.019242 166.020584 166.021479 166.022822 166.024164 166.025059 166.026401 166.027744 166.029086 166.030429 166.031771 166.033561 166.034904 166.036694 166.038483 166.039826 166.041616 0.000000 0.000000 0.000000 
0.000000 0.000000 0.000000 0.000000 0.000000 0.000000 166.040721 166.034009 166.029086 166.025059 166.022374 166.020584 166.020137 166.019689 166.019242 166.019242 166.019689 166.020137 166.020584 166.021032 166.021927 166.022822 166.024164 166.025059 166.026401 166.027296 166.028639 166.029981 166.030876 166.032219 166.033561 166.034904 166.036246 166.037588 166.038931 166.040721 0.000000 0.000000 
0.000000 0.000000 0.000000 0.000000 0.000000 0.000000 0.000000 0.000000 0.000000 166.038483 166.034009 166.030429 166.027296 166.025954 166.024611 166.024164 166.023717 166.023717 166.023717 166.023717 166.024164 166.024611 166.025059 166.025954 166.026401 166.027744 166.028639 166.029981 166.030876 166.032219 166.033114 166.034456 166.035799 166.036694 166.038036 166.039378 166.040721 0.000000 
0.000000 0.000000 0.000000 0.000000 0.000000 0.000000 0.000000 0.000000 0.000000 0.000000 0.000000 0.000000 166.038483 166.035351 166.032666 166.030876 166.029534 166.028639 166.028191 166.028191 166.027744 166.027744 166.027744 166.028191 166.028639 166.029086 166.029981 166.030429 166.031324 166.032219 166.033561 166.034456 166.035799 166.036694 166.038036 166.038931 166.040273 166.041616 
0.000000 0.000000 0.000000 0.000000 0.000000 0.000000 0.000000 0.000000 0.000000 0.000000 0.000000 0.000000 0.000000 0.000000 0.000000 166.040721 166.037588 166.035799 166.034456 166.033561 166.033114 166.032666 166.032219 166.032219 166.032219 166.032219 166.032666 166.033114 166.033114 166.033561 166.034456 166.035351 166.036246 166.037141 166.038036 166.038931 166.040273 166.041168 
0.000000 0.000000 0.000000 0.000000 0.000000 0.000000 0.000000 0.000000 0.000000 0.000000 0.000000 0.000000 0.000000 0.000000 0.000000 0.000000 0.000000 0.000000 0.000000 166.041168 166.039378 166.038036 166.037588 166.037141 166.036694 166.036694 166.036246 166.036246 166.036246 166.036694 166.037141 166.037588 166.038036 166.038483 166.039378 166.039826 166.040721 166.041616 
0.000000 0.000000 0.000000 0.000000 0.000000 0.000000 0.000000 0.000000 0.000000 0.000000 0.000000 0.000000 0.000000 0.000000 0.000000 0.000000 0.000000 0.000000 0.000000 0.000000 0.000000 0.000000 0.000000 0.000000 0.000000 166.041616 166.041168 166.040721 166.040721 166.040721 166.040721 166.040721 166.040721 166.041168 166.041616 0.000000 0.000000 0.000000 
