test/output/constant/M3M455_S060_A180_WD270.0_WS040.0/M3M455_S060_A180_WD270.0_WS040.0_arrival.asc
ncols         40
nrows         5
xllcorner     426603.990666
yllcorner     12748555.311160
cellsize      100.000000
NODATA_value  0.000000
0.000000 0.000000 0.000000 0.000000 0.000000 0.000000 166.039154 166.035282 166.032700 166.030119 166.028828 166.027967 166.027537 166.027107 166.027107 166.026677 166.027107 166.027537 166.028398 166.028828 166.029689 166.030549 166.030979 166.031840 166.032700 166.033561 166.033991 166.034852 166.035712 166.036573 166.037864 166.038724 166.039585 166.040445 166.041306 0.000000 0.000000 0.000000 0.000000 0.000000 
0.000000 166.020653 166.012908 166.010326 166.009466 166.009036 166.009466 166.009896 166.010757 166.011617 166.012478 166.013338 166.014629 166.015490 166.016350 166.017641 166.018502 166.019792 166.020653 166.021944 166.022804 166.023665 166.024956 166.025816 166.027107 166.027967 166.029258 166.030119 166.031410 166.032270 166.033131 166.034421 166.035282 166.036573 166.037433 166.038724 166.039585 166.040875 166.041667 0.000000 
166.000000 166.000861 166.001721 166.003012 166.003872 166.005163 166.006024 166.007315 166.008175 166.009466 166.010326 166.011617 166.012478 166.013769 166.014629 166.015920 166.016780 166.018071 166.018932 166.020223 166.021083 166.022374 166.023234 166.024525 166.025386 166.026677 166.027537 166.028828 166.029689 166.030979 166.031840 166.033131 166.033991 166.035282 166.036143 166.037433 166.038294 166.039585 166.040445 166.041667 
0.000000 166.020653 166.012908 166.010326 166.009466 166.009036 166.009466 166.009896 166.010757 166.011617 166.012478 166.013338 166.014629 166.015490 166.016350 166.017641 166.018502 166.019792 166.020653 166.021944 166.022804 166.023665 166.024956 166.025816 166.027107 166.027967 166.029258 166.030119 166.031410 166.032270 166.033131 166.034421 166.035282 166.036573 166.037433 166.038724 166.039585 166.040875 166.041667 0.000000 
0.000000 0.000000 0.000000 0.000000 0.000000 0.000000 166.039154 166.035282 166.032700 166.030119 166.028828 166.027967 166.027537 166.027107 166.027107 166.026677 166.027107 166.027537 166.028398 166.028828 166.029689 166.030549 166.030979 166.031840 166.032700 166.033561 166.033991 166.034852 166.035712 166.036573 166.037864 166.038724 166.039585 166.040445 166.041306 0.000000 0.000000 0.000000 0.000000 0.000000 
