test/output/constant/M370_S060_A000_WD000.0_WS010.0/M370_S060_A000_WD000.0_WS010.0_ros.asc
ncols         40
nrows         14
xllcorner     422703.990666
yllcorner     12747555.311160
cellsize      100.000000
NODATA_value  0.000000
0.000000 0.000000 0.000000 0.000000 0.000000 0.000000 0.000000 0.000000 0.000000 0.000000 0.000000 0.000000 0.000000 0.000000 0.000000 0.000000 0.000000 0.000000 0.000000 0.000000 0.000000 0.000000 0.000000 0.000000 0.000000 0.000000 0.000000 0.000000 24.269518 10.066038 29.819010 10.066038 29.819010 24.269518 10.066038 14.241717 24.269518 6.621767 10.066038 0.927283 
0.000000 0.000000 0.000000 0.000000 0.000000 0.000000 0.000000 0.000000 0.000000 0.000000 0.000000 0.000000 0.000000 0.000000 0.000000 0.000000 0.000000 0.000000 0.000000 0.000000 0.000000 24.269518 24.269518 24.269518 14.241717 24.269518 14.241717 24.269518 24.269518 24.269518 24.269518 24.269518 29.819010 14.241717 29.819010 35.504711 19.024240 66.999519 66.999519 0.000000 
0.000000 0.000000 0.000000 0.000000 0.000000 0.000000 0.000000 0.000000 0.000000 0.000000 0.000000 0.000000 0.000000 0.000000 0.000000 0.000000 0.000000 24.269518 29.819010 24.269518 24.269518 14.241717 19.024240 29.819010 14.241717 24.269518 24.269518 29.819010 35.504711 29.819010 66.687996 24.269518 29.819010 56.209938 66.999519 66.999519 66.999519 66.999519 50.645092 1.619182 
0.000000 0.000000 0.000000 0.000000 0.000000 0.000000 0.000000 0.000000 0.000000 0.000000 0.000000 0.000000 0.000000 0.000000 29.819010 29.819010 24.269518 29.819010 19.024240 29.819010 14.241717 29.819010 29.819010 14.241717 29.819010 41.154327 24.269518 24.269518 60.089424 66.999519 66.999519 66.999519 66.999519 66.999519 66.999519 55.307735 45.489067 3.717815 1.619182 0.000000 
0.000000 0.000000 0.000000 0.000000 0.000000 0.000000 0.000000 0.000000 0.000000 0.000000 0.000000 24.269518 24.269518 29.819010 24.269518 14.241717 29.819010 66.687996 14.241717 29.819010 63.187138 35.504711 24.269518 60.089424 66.999519 66.999519 66.999519 66.999519 66.999519 66.999519 66.999519 62.604836 56.209938 0.758786 45.489067 45.489067 0.975196 1.619182 0.000000 0.000000 
0.000000 0.000000 0.000000 0.000000 0.000000 0.000000 0.000000 0.000000 0.000000 29.819010 29.819010 24.269518 41.154327 10.066038 35.504711 10.066038 41.154327 46.596569 29.819010 6.621767 60.089424 66.999519 66.999519 66.999519 66.999519 66.999519 66.999519 66.999519 62.604836 55.307735 55.307735 50.645092 50.645092 50.645092 1.277826 1.277826 0.000000 0.000000 0.000000 0.000000 
0.000000 0.000000 0.000000 0.000000 0.000000 0.000000 24.269518 63.187138 29.819010 41.154327 24.269518 41.154327 56.209938 60.089424 56.209938 66.999519 29.819010 66.999519 66.999519 66.999519 66.999519 66.999519 66.999519 66.999519 66.850471 65.017281 55.307735 3.717815 45.489067 45.489067 45.489067 45.489067 39.996498 2.148614 0.000000 0.000000 0.000000 0.000000 0.000000 0.000000 
0.000000 0.000000 0.000000 0.000000 60.089424 24.269518 65.409111 60.089424 46.596569 24.269518 24.269518 24.269518 56.209938 66.999519 66.999519 66.999519 66.999519 66.999519 66.999519 66.999519 66.850471 66.999519 66.499054 55.307735 55.307735 45.489067 3.717815 45.489067 3.717815 50.645092 45.489067 45.489067 0.000000 0.000000 0.000000 0.000000 0.000000 0.000000 0.000000 0.000000 
0.000000 0.000000 0.000000 19.024240 24.269518 24.269518 41.154327 41.154327 24.269518 66.999519 66.999519 66.999519 66.999519 66.999519 66.999519 66.999519 66.999519 65.017281 66.999519 66.999519 50.645092 55.307735 55.307735 50.645092 45.489067 6.138686 45.489067 50.645092 3.717815 0.000000 0.000000 0.000000 0.000000 0.000000 0.000000 0.000000 0.000000 0.000000 0.000000 0.000000 
0.000000 66.999519 24.269518 19.024240 65.409111 66.999519 56.209938 66.999519 66.999519 66.999519 66.999519 66.999519 66.999519 66.999519 62.604836 66.999519 50.645092 55.307735 45.489067 50.645092 50.645092 45.489067 50.645092 6.138686 6.138686 2.148614 0.000000 0.000000 0.000000 0.000000 0.000000 0.000000 0.000000 0.000000 0.000000 0.000000 0.000000 0.000000 0.000000 0.000000 
66.999519 66.999519 56.209938 66.999519 66.999519 66.999519 66.999519 66.999519 66.999519 66.999519 66.999519 66.999519 66.999519 55.307735 3.717815 3.717815 55.307735 2.148614 3.717815 6.138686 3.717815 45.489067 6.138686 0.000000 0.000000 0.000000 0.000000 0.000000 0.000000 0.000000 0.000000 0.000000 0.000000 0.000000 0.000000 0.000000 0.000000 0.000000 0.000000 0.000000 
66.999519 66.999519 66.999519 66.999519 66.999519 66.999519 66.999519 66.999519 66.999519 66.999519 66.850471 55.307735 55.307735 55.307735 55.307735 50.645092 45.489067 45.489067 45.489067 3.717815 0.000000 0.000000 0.000000 0.000000 0.000000 0.000000 0.000000 0.000000 0.000000 0.000000 0.000000 0.000000 0.000000 0.000000 0.000000 0.000000 0.000000 0.000000 0.000000 0.000000 
66.999519 66.999519 66.999519 66.999519 66.999519 66.999519 66.999519 66.999519 50.645092 55.307735 55.307735 55.307735 45.489067 45.489067 45.489067 0.000000 0.000000 0.000000 0.000000 0.000000 0.000000 0.000000 0.000000 0.000000 0.000000 0.000000 0.000000 0.000000 0.000000 0.000000 0.000000 0.000000 0.000000 0.000000 0.000000 0.000000 0.000000 0.000000 0.000000 0.000000 
0.000000 0.000000 0.000000 0.000000 65.017281 66.999519 66.999519 0.000000 0.000000 0.000000 0.000000 0.000000 0.000000 0.000000 0.000000 0.000000 0.000000 0.000000 0.000000 0.000000 0.000000 0.000000 0.000000 0.000000 0.000000 0.000000 0.000000 0.000000 0.000000 0.000000 0.000000 0.000000 0.000000 0.000000 0.000000 0.000000 0.000000 0.000000 0.000000 0.000000 
