test/output/constant/M280_S060_A180_WD225.0_WS015.0/M280_S060_A180_WD225.0_WS015.0_arrival.asc
ncols         25
nrows         9
xllcorner     426603.990666
yllcorner     12748655.311160
cellsize      100.000000
NODATA_value  0.000000
0.000000 0.000000 0.000000 0.000000 0.000000 0.000000 0.000000 0.000000 0.000000 0.000000 0.000000 0.000000 0.000000 0.000000 0.000000 166.041667 166.039732 166.038429 166.037778 166.037778 166.037778 166.037778 166.038429 166.039732 166.040384 
0.000000 0.000000 0.000000 0.000000 0.000000 0.000000 0.000000 0.000000 0.000000 0.000000 0.000000 166.040384 166.036475 166.034521 166.033219 166.031916 166.031916 166.031916 166.032567 166.032567 166.033870 166.035173 166.037127 166.039081 166.040384 
0.000000 0.000000 0.000000 0.000000 0.000000 0.000000 0.000000 0.000000 166.039081 166.033219 166.029311 166.027357 166.026705 166.026054 166.026054 166.026705 166.027357 166.028659 166.029962 166.031916 166.033870 166.035173 166.037127 166.039081 166.041667 
0.000000 0.000000 0.000000 0.000000 0.000000 166.041667 166.031265 166.025403 166.022146 166.020843 166.020192 166.020192 166.020843 166.022146 166.023448 166.025403 166.026705 166.028659 166.030613 166.032567 166.034521 166.037127 166.039732 0.000000 0.000000 
0.000000 0.000000 0.000000 166.035824 166.024100 166.017586 166.015632 166.014981 166.014981 166.014981 166.016284 166.018238 166.020192 166.021494 166.023448 166.025403 166.028008 166.030613 166.033219 166.036475 166.039732 0.000000 0.000000 0.000000 0.000000 
0.000000 166.035824 166.016935 166.009770 166.009119 166.009119 166.009770 166.011724 166.013027 166.014981 166.016935 166.018889 166.020843 166.024100 166.026705 166.029962 166.033219 166.037127 166.041035 0.000000 0.000000 0.000000 0.000000 0.000000 0.000000 
166.013678 166.003257 166.003257 166.004559 166.006513 166.007816 166.009770 166.011724 166.014330 166.017586 166.020843 166.024751 166.028659 166.031916 166.036475 166.040384 0.000000 0.000000 0.000000 0.000000 0.000000 0.000000 0.000000 0.000000 0.000000 
166.000000 166.001303 166.002605 166.005211 166.008468 166.012376 166.016284 166.020843 166.025403 166.029962 166.033870 166.039081 0.000000 0.000000 0.000000 0.000000 0.000000 0.000000 0.000000 0.000000 0.000000 0.000000 0.000000 0.000000 0.000000 
0.000000 166.041035 166.039732 166.041035 0.000000 0.000000 0.000000 0.000000 0.000000 0.000000 0.000000 0.000000 0.000000 0.000000 0.000000 0.000000 0.000000 0.000000 0.000000 0.000000 0.000000 0.000000 0.000000 0.000000 0.000000 
