test/output/constant/M3M480_S060_A180_WD135.0_WS040.0/M3M480_S060_A180_WD135.0_WS040.0_ros.asc
ncols         12
nrows         28
xllcorner     426503.990666
yllcorner     12748655.311160
cellsize      100.000000
NODATA_value  0.000000
0.000000 0.000000 0.000000 0.000000 0.000000 0.000000 0.000000 0.000000 46.579735 46.579735 46.579735 46.579735 
0.000000 0.000000 0.000000 0.000000 0.000000 0.000000 0.000000 46.579735 46.579735 46.579735 46.579735 46.579735 
0.000000 0.000000 0.000000 0.000000 0.000000 0.000000 0.000000 46.579735 45.696449 46.579735 46.579735 46.579735 
0.000000 0.000000 0.000000 0.000000 0.000000 0.000000 46.579735 46.579735 46.579735 46.579735 46.579735 46.579735 
0.000000 0.000000 0.000000 0.000000 0.000000 46.579735 44.313484 46.579735 46.579735 46.579735 46.579735 46.579735 
0.000000 0.000000 0.000000 0.000000 0.000000 39.838062 46.579735 46.579735 46.579735 46.579735 46.579735 46.579735 
0.000000 0.000000 0.000000 0.000000 46.447758 46.579735 46.579735 46.579735 46.579735 46.579735 46.579735 44.748962 
0.000000 0.000000 0.000000 0.000000 39.838062 46.579735 46.579735 46.579735 46.579735 46.579735 46.579735 45.963848 
0.000000 0.000000 0.000000 36.881222 44.313484 46.579735 46.579735 46.579735 46.579735 46.579735 44.748962 40.566460 
0.000000 0.000000 0.000000 44.313484 44.313484 44.313484 46.579735 46.579735 46.579735 46.579735 45.963848 40.566460 
0.000000 0.000000 0.000000 29.974394 46.579735 46.579735 46.579735 46.579735 46.579735 46.579735 34.495838 0.000000 
0.000000 0.000000 26.233397 39.838062 46.579735 46.579735 46.579735 46.579735 44.748962 42.931431 34.495838 0.000000 
0.000000 0.000000 33.559814 39.838062 46.579735 46.579735 46.579735 46.579735 44.748962 45.963848 37.725861 0.000000 
0.000000 36.881222 44.313484 39.838062 46.579735 46.579735 46.579735 46.579735 46.579735 42.931431 40.566460 0.000000 
0.000000 26.233397 39.838062 39.838062 46.579735 46.579735 46.579735 46.579735 46.579735 37.725861 0.000000 0.000000 
0.000000 26.233397 36.881222 46.579735 46.579735 46.579735 46.579735 45.963848 40.566460 37.725861 0.000000 0.000000 
0.000000 26.233397 45.696449 46.579735 46.579735 46.579735 46.579735 46.579735 37.725861 34.495838 0.000000 0.000000 
0.000000 18.737436 36.881222 46.579735 46.579735 46.579735 42.931431 44.748962 37.725861 0.000000 0.000000 0.000000 
26.233397 26.233397 46.579735 46.579735 46.579735 46.579735 46.539158 40.566460 37.725861 0.000000 0.000000 0.000000 
26.233397 26.233397 46.579735 46.579735 46.579735 46.579735 37.725861 37.725861 0.000000 0.000000 0.000000 0.000000 
29.974394 26.233397 46.579735 46.579735 46.579735 37.725861 37.725861 37.725861 0.000000 0.000000 0.000000 0.000000 
22.449778 42.340759 46.579735 46.579735 46.579735 34.495838 37.725861 0.000000 0.000000 0.000000 0.000000 0.000000 
22.449778 39.838062 46.579735 44.748962 37.725861 37.725861 30.974348 0.000000 0.000000 0.000000 0.000000 0.000000 
6.699553 39.838062 46.579735 37.725861 34.495838 3.747885 0.000000 0.000000 0.000000 0.000000 0.000000 0.000000 
22.449778 46.579735 46.579735 37.725861 34.495838 27.268084 0.000000 0.000000 0.000000 0.000000 0.000000 0.000000 
9.102548 46.579735 44.748962 30.974348 3.747885 0.000000 0.000000 0.000000 0.000000 0.000000 0.000000 0.000000 
1.417339 -1.000000 2.676759 2.676759 0.000000 0.000000 0.000000 0.000000 0.000000 0.000000 0.000000 0.000000 
1.922851 1.805855 2.676759 0.000000 0.000000 0.000000 0.000000 0.000000 0.000000 0.000000 0.000000 0.000000 
