test/output/constant/M380_S060_A090_WD135.0_WS015.0/M380_S060_A090_WD135.0_WS015.0_intensity.asc
ncols         15
nrows         33
xllcorner     425303.990666
yllcorner     12745655.311160
cellsize      100.000000
NODATA_value  0.000000
0 0 0 0 0 0 0 0 0 0 0 0 1443 1919 1443 
0 0 0 0 0 0 0 0 0 0 0 1919 2171 0 1325 
0 0 0 0 0 0 0 0 0 0 2171 2171 48945 48945 9782 
0 0 0 0 0 0 0 0 0 2171 3020 3020 48945 16565 9782 
0 0 0 0 0 0 0 0 3020 2033 4405 48945 48945 24427 12985 
0 0 0 0 0 0 0 0 1633 4405 38442 48945 48945 16565 12985 
0 0 0 0 0 0 0 1633 4405 4405 48945 48945 24427 4859 16565 
0 0 0 0 0 0 0 34883 34883 3020 48945 48945 16565 16565 16565 
0 0 0 0 0 0 2171 4405 6367 47954 48945 45150 4859 16565 16565 
0 0 0 0 0 0 34883 6367 31048 48945 48945 28473 20417 9782 16565 
0 0 0 0 0 31048 31048 34883 44313 48945 48945 20417 16565 9782 12985 
0 0 0 0 0 3020 4405 38442 48945 48945 48945 42646 9782 9782 0 
0 0 0 0 4405 31048 1443 41618 48945 48945 12985 28473 16565 16565 0 
0 0 0 0 34883 34883 2171 48945 48945 39629 20417 20417 20417 16565 0 
0 0 0 31048 3020 34883 46447 48945 48945 16565 36190 20417 9782 16565 0 
0 0 0 3020 34883 41618 48945 48945 48945 20417 20417 9782 20417 16565 0 
0 0 0 3020 3020 3020 48945 48945 48945 39629 12985 12985 7049 0 0 
0 0 34883 2033 38442 48945 48945 48945 48945 28473 20417 20417 20417 0 0 
0 0 34883 34883 48945 47954 48945 48945 28473 12985 20417 12985 16565 0 0 
0 0 34883 3020 47954 48945 48945 48945 39629 20417 12985 20417 0 0 0 
0 34883 34883 44313 48945 48945 48945 48945 20417 20417 20417 12985 0 0 0 
0 4405 44313 3020 48945 48945 32434 36190 24427 28473 20417 0 0 0 0 
0 34883 48945 48945 48945 48945 48945 20417 45150 20417 20417 0 0 0 0 
0 44313 46447 48945 48945 48945 48945 9782 20417 9782 0 0 0 0 0 
0 48945 48945 48787 48945 48945 9782 12985 12985 24427 0 0 0 0 0 
3020 47954 48945 47954 48945 16565 24427 16565 16565 0 0 0 0 0 0 
48945 48945 48945 48945 48945 12985 39629 32434 20417 0 0 0 0 0 0 
44313 48945 48945 48945 48945 16565 39629 39629 0 0 0 0 0 0 0 
48945 48945 48945 48945 20417 36190 20417 20417 0 0 0 0 0 0 0 
48945 48945 48945 48945 48945 42646 32434 0 0 0 0 0 0 0 0 
48945 48945 48945 48945 24427 32434 0 0 0 0 0 0 0 0 0 
48945 48945 48945 48945 36190 0 0 0 0 0 0 0 0 0 0 
0 48918 48945 48945 0 0 0 0 0 0 0 0 0 0 0 
