test/output/constant/M390_S060_A270_WD045.0_WS005.0/M390_S060_A270_WD045.0_WS005.0_arrival.asc
ncols         12
nrows         49
xllcorner     425803.990666
yllcorner     12748655.311160
cellsize      100.000000
NODATA_value  0.000000
0.000000 0.000000 0.000000 166.041650 166.041650 0.000000 0.000000 0.000000 0.000000 0.000000 0.000000 0.000000 
0.000000 0.000000 166.041297 166.040591 166.040591 166.040944 0.000000 0.000000 0.000000 0.000000 0.000000 0.000000 
0.000000 0.000000 166.040591 166.039885 166.039885 166.040238 166.041297 0.000000 0.000000 0.000000 0.000000 0.000000 
0.000000 166.041650 166.039885 166.038826 166.038826 166.039179 166.040238 0.000000 0.000000 0.000000 0.000000 0.000000 
0.000000 166.040944 166.039179 166.038120 166.038120 166.038473 166.039179 166.040944 0.000000 0.000000 0.000000 0.000000 
0.000000 166.040591 166.038473 166.037414 166.037061 166.037414 166.038120 166.039885 0.000000 0.000000 0.000000 0.000000 
0.000000 166.039885 166.037767 166.036355 166.036355 166.036355 166.037061 166.038826 166.041297 0.000000 0.000000 0.000000 
0.000000 166.039179 166.037061 166.035649 166.035296 166.035296 166.036355 166.037767 166.040238 0.000000 0.000000 0.000000 
0.000000 166.038473 166.036355 166.034943 166.034590 166.034590 166.035296 166.036708 166.039179 0.000000 0.000000 0.000000 
166.041650 166.038120 166.035649 166.034237 166.033531 166.033531 166.034237 166.035649 166.038120 0.000000 0.000000 0.000000 
166.041650 166.037767 166.035296 166.033531 166.032826 166.032826 166.033178 166.034590 166.037061 166.041297 0.000000 0.000000 
166.041297 166.037061 166.034590 166.032826 166.031767 166.031767 166.032120 166.033531 166.036002 166.040238 0.000000 0.000000 
166.040944 166.036708 166.033884 166.032120 166.031061 166.030708 166.031414 166.032826 166.034943 166.039179 0.000000 0.000000 
166.040944 166.036355 166.033178 166.031414 166.030002 166.030002 166.030355 166.031767 166.033884 166.038120 0.000000 0.000000 
166.040944 166.036355 166.032826 166.030355 166.029296 166.028943 166.029296 166.030708 166.032826 166.037061 166.041650 0.000000 
166.040591 166.036002 166.032120 166.029649 166.028237 166.028237 166.028237 166.029649 166.031767 166.036002 166.040591 0.000000 
166.040591 166.035649 166.031767 166.029296 166.027531 166.027178 166.027531 166.028590 166.031061 166.034943 166.039532 0.000000 
166.040591 166.035649 166.031414 166.028590 166.026825 166.026472 166.026472 166.027531 166.030002 166.033884 166.038473 0.000000 
166.040591 166.035296 166.031061 166.027884 166.026119 166.025413 166.025766 166.026472 166.028943 166.032826 166.037414 0.000000 
166.040591 166.035296 166.030708 166.027178 166.025413 166.024707 166.024707 166.025413 166.027884 166.031767 166.036355 0.000000 
166.040944 166.035296 166.030355 166.026825 166.024707 166.023649 166.023649 166.024707 166.026825 166.030708 166.035296 0.000000 
166.041650 166.035296 166.030355 166.026119 166.024001 166.022943 166.022943 166.023649 166.025766 166.029649 166.034237 166.041650 
0.000000 166.035296 166.030002 166.025766 166.023296 166.021884 166.021884 166.022590 166.024707 166.028590 166.033531 166.040944 
0.000000 166.035296 166.030002 166.025413 166.022590 166.021178 166.021178 166.021531 166.023649 166.027531 166.032473 166.040238 
0.000000 166.035649 166.030002 166.025060 166.021884 166.020472 166.020119 166.020472 166.022590 166.026472 166.031414 166.039532 
0.000000 166.036355 166.029649 166.025060 166.021531 166.019413 166.019413 166.019766 166.021531 166.025413 166.030355 166.038826 
0.000000 166.037061 166.029649 166.024707 166.020825 166.018707 166.018354 166.018707 166.020472 166.024354 166.029649 166.038473 
0.000000 166.038120 166.030002 166.024707 166.020472 166.018001 166.017648 166.017648 166.019413 166.023296 166.028590 166.037767 
0.000000 166.039179 166.030355 166.024354 166.019766 166.017295 166.016589 166.016589 166.018354 166.022237 166.027884 166.037061 
0.000000 166.040591 166.031061 166.024354 166.019766 166.016589 166.015883 166.015883 166.017295 166.021178 166.026825 166.036708 
0.000000 0.000000 166.032120 166.024354 166.019413 166.015883 166.014824 166.014824 166.016236 166.020119 166.026119 166.036002 
0.000000 0.000000 166.033178 166.024707 166.019060 166.015530 166.014119 166.014119 166.015177 166.019060 166.025413 166.035649 
0.000000 0.000000 166.034590 166.025413 166.019060 166.014824 166.013060 166.013060 166.014119 166.018001 166.024707 166.035296 
0.000000 0.000000 166.036355 166.026119 166.019060 166.014471 166.012354 166.012001 166.013060 166.016942 166.024001 166.035296 
0.000000 0.000000 166.038473 166.027178 166.019060 166.014119 166.011648 166.011295 166.012001 166.015883 166.023296 166.034943 
0.000000 0.000000 166.041297 166.028590 166.019413 166.013766 166.010942 166.010236 166.010942 166.014824 166.022590 166.034943 
0.000000 0.000000 0.000000 166.030708 166.020119 166.013766 166.009883 166.009530 166.009883 166.013766 166.022237 166.034943 
0.000000 0.000000 0.000000 166.032826 166.021178 166.013766 166.009530 166.008471 166.008824 166.012707 166.021884 166.035296 
0.000000 0.000000 0.000000 166.036002 166.022943 166.013766 166.008824 166.007765 166.008118 166.011648 166.021531 166.036355 
0.000000 0.000000 0.000000 166.040591 166.025060 166.014119 166.008471 166.006706 166.007059 166.010589 166.021178 166.037061 
0.000000 0.000000 0.000000 0.000000 166.027884 166.015177 166.008471 166.006000 166.006000 166.009883 166.021178 166.038120 
0.000000 0.000000 0.000000 0.000000 166.032120 166.016942 166.008118 166.004941 166.004941 166.008824 166.021178 166.040238 
0.000000 0.000000 0.000000 0.000000 166.037767 166.019766 166.008471 166.004236 166.004236 166.008118 166.022237 0.000000 
0.000000 0.000000 0.000000 0.000000 0.000000 166.024001 166.009177 166.003530 166.003177 166.007765 166.023296 0.000000 
0.000000 0.000000 0.000000 0.000000 0.000000 166.030002 166.011295 166.003177 166.002471 166.007412 166.025766 0.000000 
0.000000 0.000000 0.000000 0.000000 0.000000 166.040944 166.015883 166.002824 166.001412 166.007412 166.030355 0.000000 
0.000000 0.000000 0.000000 0.000000 0.000000 0.000000 166.025060 166.003177 166.000706 166.008471 166.038473 0.000000 
0.000000 0.000000 0.000000 0.000000 0.000000 0.000000 166.041650 166.009530 166.000000 166.014471 0.000000 0.000000 
0.000000 0.000000 0.000000 0.000000 0.000000 0.000000 0.000000 0.000000 166.031414 0.000000 0.000000 0.000000 
