test/output/constant/M395_S000_A270_WD270.0_WS050.0/M395_S000_A270_WD270.0_WS050.0_arrival.asc
ncols         63
nrows         11
xllcorner     426603.990666
yllcorner     12748255.311160
cellsize      100.000000
NODATA_value  0.000000
0.000000 0.000000 0.000000 0.000000 0.000000 0.000000 0.000000 0.000000 0.000000 0.000000 0.000000 0.000000 0.000000 0.000000 0.000000 0.000000 0.000000 0.000000 0.000000 0.000000 0.000000 0.000000 166.041071 166.040261 166.039990 166.039450 166.039450 166.039180 166.038910 166.038639 166.038639 166.038369 166.038369 166.038369 166.038369 166.038639 166.038639 166.038910 166.039450 166.039720 166.040261 166.040531 166.041071 166.041341 0.000000 0.000000 0.000000 0.000000 0.000000 0.000000 0.000000 0.000000 0.000000 0.000000 0.000000 0.000000 0.000000 0.000000 0.000000 0.000000 0.000000 0.000000 0.000000 
0.000000 0.000000 0.000000 0.000000 0.000000 0.000000 0.000000 0.000000 0.000000 0.000000 0.000000 166.040261 166.038369 166.036748 166.034857 166.033776 166.032965 166.032154 166.031344 166.031074 166.030803 166.030533 166.030263 166.029993 166.029993 166.029993 166.029993 166.029993 166.029993 166.030263 166.030803 166.031074 166.031614 166.032154 166.032425 166.032965 166.033506 166.033776 166.034316 166.034857 166.035397 166.035667 166.036208 166.036748 166.037288 166.037559 166.038099 166.038639 166.039180 166.039720 166.040261 166.040801 166.041341 0.000000 0.000000 0.000000 0.000000 0.000000 0.000000 0.000000 0.000000 0.000000 0.000000 
0.000000 0.000000 0.000000 0.000000 0.000000 166.038910 166.034316 166.031074 166.028372 166.026750 166.024859 166.023778 166.022967 166.022427 166.021887 166.021616 166.021616 166.021346 166.021346 166.021346 166.021616 166.021887 166.022157 166.022697 166.022967 166.023508 166.024048 166.024319 166.024859 166.025399 166.025940 166.026480 166.026750 166.027291 166.027831 166.028372 166.028912 166.029452 166.029993 166.030533 166.031074 166.031884 166.032425 166.032965 166.033776 166.034316 166.034857 166.035397 166.036208 166.036748 166.037288 166.037829 166.038639 166.039180 166.039720 166.040531 166.041071 166.041612 0.000000 0.000000 0.000000 0.000000 0.000000 
0.000000 0.000000 166.030803 166.022427 166.018914 166.016483 166.014861 166.014051 166.013510 166.012970 166.012970 166.012970 166.012970 166.013240 166.013780 166.014051 166.014591 166.015132 166.015402 166.015942 166.016483 166.017023 166.017563 166.018104 166.018644 166.019185 166.019995 166.020536 166.021076 166.021616 166.022427 166.022967 166.023508 166.024319 166.024859 166.025399 166.026210 166.026750 166.027291 166.027831 166.028642 166.029182 166.029993 166.030533 166.031344 166.031884 166.032695 166.033235 166.033776 166.034586 166.035127 166.035667 166.036478 166.037018 166.037829 166.038369 166.039180 166.039720 166.040261 166.041071 166.041612 0.000000 0.000000 
166.015672 166.006755 166.004864 166.004323 166.004323 166.004593 166.005134 166.005674 166.006215 166.006755 166.007296 166.008106 166.008647 166.009187 166.009998 166.010538 166.011078 166.011889 166.012429 166.013240 166.013780 166.014591 166.015132 166.015942 166.016483 166.017293 166.017834 166.018644 166.019185 166.019995 166.020536 166.021346 166.021887 166.022697 166.023238 166.024048 166.024589 166.025399 166.025940 166.026480 166.027291 166.027831 166.028642 166.029182 166.029993 166.030533 166.031344 166.031884 166.032695 166.033235 166.033776 166.034586 166.035127 166.035937 166.036478 166.037288 166.037829 166.038639 166.039180 166.039990 166.040531 166.041341 0.000000 
166.000000 166.000540 166.001081 166.001891 166.002432 166.003242 166.003783 166.004593 166.005134 166.005945 166.006485 166.007296 166.007836 166.008647 166.009187 166.009998 166.010538 166.011349 166.011889 166.012700 166.013240 166.014051 166.014591 166.015402 166.015942 166.016753 166.017293 166.018104 166.018644 166.019455 166.019995 166.020806 166.021346 166.022157 166.022697 166.023508 166.024048 166.024859 166.025399 166.026210 166.026750 166.027561 166.028101 166.028912 166.029452 166.030263 166.030803 166.031614 166.032154 166.032965 166.033506 166.034316 166.034857 166.035667 166.036208 166.037018 166.037559 166.038369 166.038910 166.039720 166.040261 166.041071 166.041612 
166.015672 166.006755 166.004864 166.004323 166.004323 166.004593 166.005134 166.005674 166.006215 166.006755 166.007296 166.008106 166.008647 166.009187 166.009998 166.010538 166.011078 166.011889 166.012429 166.013240 166.013780 166.014591 166.015132 166.015942 166.016483 166.017293 166.017834 166.018644 166.019185 166.019995 166.020536 166.021346 166.021887 166.022697 166.023238 166.024048 166.024589 166.025399 166.025940 166.026480 166.027291 166.027831 166.028642 166.029182 166.029993 166.030533 166.031344 166.031884 166.032695 166.033235 166.033776 166.034586 166.035127 166.035937 166.036478 166.037288 166.037829 166.038639 166.039180 166.039990 166.040531 166.041341 0.000000 
0.000000 0.000000 166.030803 166.022427 166.018914 166.016483 166.014861 166.014051 166.013510 166.012970 166.012970 166.012970 166.012970 166.013240 166.013780 166.014051 166.014591 166.015132 166.015402 166.015942 166.016483 166.017023 166.017563 166.018104 166.018644 166.019185 166.019995 166.020536 166.021076 166.021616 166.022427 166.022967 166.023508 166.024319 166.024859 166.025399 166.026210 166.026750 166.027291 166.027831 166.028642 166.029182 166.029993 166.030533 166.031344 166.031884 166.032695 166.033235 166.033776 166.034586 166.035127 166.035667 166.036478 166.037018 166.037829 166.038369 166.039180 166.039720 166.040261 166.041071 166.041612 0.000000 0.000000 
0.000000 0.000000 0.000000 0.000000 0.000000 166.038910 166.034316 166.031074 166.028372 166.026750 166.024859 166.023778 166.022967 166.022427 166.021887 166.021616 166.021616 166.021346 166.021346 166.021346 166.021616 166.021887 166.022157 166.022697 166.022967 166.023508 166.024048 166.024319 166.024859 166.025399 166.025940 166.026480 166.026750 166.027291 166.027831 166.028372 166.028912 166.029452 166.029993 166.030533 166.031074 166.031884 166.032425 166.032965 166.033776 166.034316 166.034857 166.035397 166.036208 166.036748 166.037288 166.037829 166.038639 166.039180 166.039720 166.040531 166.041071 166.041612 0.000000 0.000000 0.000000 0.000000 0.000000 
0.000000 0.000000 0.000000 0.000000 0.000000 0.000000 0.000000 0.000000 0.000000 0.000000 0.000000 166.040261 166.038369 166.036748 166.034857 166.033776 166.032965 166.032154 166.031344 166.031074 166.030803 166.030533 166.030263 166.029993 166.029993 166.029993 166.029993 166.029993 166.029993 166.030263 166.030803 166.031074 166.031614 166.032154 166.032425 166.032965 166.033506 166.033776 166.034316 166.034857 166.035397 166.035667 166.036208 166.036748 166.037288 166.037559 166.038099 166.038639 166.039180 166.039720 166.040261 166.040801 166.041341 0.000000 0.000000 0.000000 0.000000 0.000000 0.000000 0.000000 0.000000 0.000000 0.000000 
0.000000 0.000000 0.000000 0.000000 0.000000 0.000000 0.000000 0.000000 0.000000 0.000000 0.000000 0.000000 0.000000 0.000000 0.000000 0.000000 0.000000 0.000000 0.000000 0.000000 0.000000 0.000000 166.041071 166.040261 166.039990 166.039450 166.039450 166.039180 166.038910 166.038639 166.038639 166.038369 166.038369 166.038369 166.038369 166.038639 166.038639 166.038910 166.039450 166.039720 166.040261 166.040531 166.041071 166.041341 0.000000 0.000000 0.000000 0.000000 0.000000 0.000000 0.000000 0.000000 0.000000 0.000000 0.000000 0.000000 0.000000 0.000000 0.000000 0.000000 0.000000 0.000000 0.000000 
