test/output/constant/M3M445_S060_A090_WD000.0_WS010.0/M3M445_S060_A090_WD000.0_WS010.0_arrival.asc
ncols         7
nrows         30
xllcorner     426303.990666
yllcorner     12745855.311160
cellsize      100.000000
NODATA_value  0.000000
0.000000 0.000000 166.029410 166.000000 166.029410 0.000000 0.000000 
0.000000 0.000000 166.012110 166.001153 166.012110 0.000000 0.000000 
0.000000 0.000000 166.008650 166.002307 166.008650 0.000000 0.000000 
0.000000 166.039790 166.008650 166.004037 166.008650 166.039790 0.000000 
0.000000 166.033446 166.008650 166.005190 166.008650 166.033446 0.000000 
0.000000 166.029986 166.009227 166.006920 166.009227 166.029986 0.000000 
0.000000 166.026526 166.010380 166.008073 166.010380 166.026526 0.000000 
0.000000 166.025373 166.011533 166.009803 166.011533 166.025373 0.000000 
0.000000 166.024796 166.012687 166.010957 166.012687 166.024796 0.000000 
0.000000 166.024796 166.013840 166.012687 166.013840 166.024796 0.000000 
0.000000 166.024796 166.015570 166.013840 166.015570 166.024796 0.000000 
0.000000 166.024796 166.016723 166.015570 166.016723 166.024796 0.000000 
0.000000 166.025373 166.018453 166.016723 166.018453 166.025373 0.000000 
166.041520 166.026526 166.019607 166.018453 166.019607 166.026526 166.041520 
166.041520 166.027680 166.021337 166.019607 166.021337 166.027680 166.041520 
166.040943 166.028256 166.022490 166.021337 166.022490 166.028256 166.040943 
166.040943 166.029410 166.023643 166.022490 166.023643 166.029410 166.040943 
166.040943 166.030563 166.025373 166.024220 166.025373 166.030563 166.040943 
166.040943 166.031716 166.026526 166.025373 166.026526 166.031716 166.040943 
166.041520 166.032870 166.028256 166.027103 166.028256 166.032870 166.041520 
0.000000 166.034023 166.029410 166.028256 166.029410 166.034023 0.000000 
0.000000 166.035176 166.031140 166.029986 166.031140 166.035176 0.000000 
0.000000 166.036330 166.032293 166.031140 166.032293 166.036330 0.000000 
0.000000 166.037483 166.033446 166.032870 166.033446 166.037483 0.000000 
0.000000 166.038636 166.035176 166.034023 166.035176 166.038636 0.000000 
0.000000 166.040366 166.036330 166.035753 166.036330 166.040366 0.000000 
0.000000 166.041520 166.038060 166.036906 166.038060 166.041520 0.000000 
0.000000 0.000000 166.039213 166.038636 166.039213 0.000000 0.000000 
0.000000 0.000000 166.040943 166.039790 166.040943 0.000000 0.000000 
0.000000 0.000000 0.000000 166.041520 0.000000 0.000000 0.000000 
