test/output/constant/M3M400_S060_A000_WD270.0_WS025.0/M3M400_S060_A000_WD270.0_WS025.0_arrival.asc
ncols         26
nrows         13
xllcorner     424403.990666
yllcorner     12748155.311160
cellsize      100.000000
NODATA_value  0.000000
0.000000 0.000000 0.000000 0.000000 0.000000 0.000000 0.000000 0.000000 0.000000 0.000000 166.041587 166.041587 166.041587 166.041587 166.041587 0.000000 0.000000 0.000000 0.000000 0.000000 0.000000 0.000000 0.000000 0.000000 0.000000 0.000000 
0.000000 0.000000 0.000000 0.000000 0.000000 166.041587 166.040046 166.038506 166.037736 166.036196 166.035426 166.034656 166.033885 166.033885 166.033885 166.033885 166.034656 166.035426 166.037736 166.040046 0.000000 0.000000 0.000000 0.000000 0.000000 0.000000 
0.000000 0.000000 0.000000 166.041587 166.039276 166.037736 166.036196 166.034656 166.033115 166.031575 166.030805 166.029265 166.028495 166.027724 166.026954 166.026954 166.026954 166.026954 166.027724 166.029265 166.031575 166.035426 166.040817 0.000000 0.000000 0.000000 
0.000000 0.000000 166.040817 166.038506 166.036966 166.035426 166.033115 166.031575 166.030035 166.028495 166.026954 166.025414 166.023874 166.022334 166.020793 166.020023 166.019253 166.019253 166.019253 166.019253 166.020793 166.023874 166.028495 166.034656 0.000000 0.000000 
0.000000 166.040817 166.039276 166.036966 166.035426 166.033115 166.031575 166.029265 166.027724 166.026184 166.023874 166.022334 166.020793 166.019253 166.016943 166.015402 166.013862 166.013092 166.011552 166.011552 166.011552 166.013092 166.016173 166.022334 166.031575 166.041667 
166.041667 166.040046 166.038506 166.036196 166.034656 166.032345 166.030805 166.028495 166.026954 166.024644 166.023104 166.020793 166.019253 166.016943 166.015402 166.013092 166.011552 166.009241 166.007701 166.006161 166.004621 166.003851 166.004621 166.010782 166.023104 166.036196 
166.041587 166.040046 166.037736 166.036196 166.033885 166.032345 166.030035 166.028495 166.026184 166.024644 166.022334 166.020793 166.018483 166.016943 166.014632 166.013092 166.010782 166.009241 166.006931 166.005391 166.003080 166.001540 166.000000 166.006931 166.020793 166.033885 
166.041667 166.040046 166.038506 166.036196 166.034656 166.032345 166.030805 166.028495 166.026954 166.024644 166.023104 166.020793 166.019253 166.016943 166.015402 166.013092 166.011552 166.009241 166.007701 166.006161 166.004621 166.003851 166.004621 166.010782 166.023104 166.036196 
0.000000 166.040817 166.039276 166.036966 166.035426 166.033115 166.031575 166.029265 166.027724 166.026184 166.023874 166.022334 166.020793 166.019253 166.016943 166.015402 166.013862 166.013092 166.011552 166.011552 166.011552 166.013092 166.016173 166.022334 166.031575 166.041667 
0.000000 0.000000 166.040817 166.038506 166.036966 166.035426 166.033115 166.031575 166.030035 166.028495 166.026954 166.025414 166.023874 166.022334 166.020793 166.020023 166.019253 166.019253 166.019253 166.019253 166.020793 166.023874 166.028495 166.034656 0.000000 0.000000 
0.000000 0.000000 0.000000 166.041587 166.039276 166.037736 166.036196 166.034656 166.033115 166.031575 166.030805 166.029265 166.028495 166.027724 166.026954 166.026954 166.026954 166.026954 166.027724 166.029265 166.031575 166.035426 166.040817 0.000000 0.000000 0.000000 
0.000000 0.000000 0.000000 0.000000 0.000000 166.041587 166.040046 166.038506 166.037736 166.036196 166.035426 166.034656 166.033885 166.033885 166.033885 166.033885 166.034656 166.035426 166.037736 166.040046 0.000000 0.000000 0.000000 0.000000 0.000000 0.000000 
0.000000 0.000000 0.000000 0.000000 0.000000 0.000000 0.000000 0.000000 0.000000 0.000000 166.041587 166.041587 166.041587 166.041587 166.041587 0.000000 0.000000 0.000000 0.000000 0.000000 0.000000 0.000000 0.000000 0.000000 0.000000 0.000000 
