test/output/constant/M3M470_S060_A180_WD045.0_WS015.0/M3M470_S060_A180_WD045.0_WS015.0_intensity.asc
ncols         26
nrows         13
xllcorner     426503.990666
yllcorner     12747655.311160
cellsize      100.000000
NODATA_value  0.000000
1154 1342 7541 7541 7541 9919 18395 21390 7541 0 0 0 0 0 0 0 0 0 0 0 0 0 0 0 0 0 
1266 0 36514 7541 7541 9919 24320 9919 9919 15427 18395 18395 7541 0 0 0 0 0 0 0 0 0 0 0 0 0 
1833 4948 36514 36514 36514 36069 35134 33720 9919 29641 27098 29641 27098 12573 24320 12573 0 0 0 0 0 0 0 0 0 0 
0 1833 23180 36514 36387 36514 36514 36514 36514 36514 36514 29641 9919 31870 9919 24320 27098 27098 0 0 0 0 0 0 0 0 
0 0 2471 26021 26021 36514 34622 36514 36514 36514 36514 36514 27098 36497 9919 27098 27098 9919 31870 24320 0 0 0 0 0 0 
0 0 0 3499 1266 23180 36387 36514 35753 36514 36514 36514 36514 36514 36514 36514 7541 36514 12573 33720 29641 7541 0 0 0 0 
0 0 0 0 0 20223 26021 26021 36514 36387 36514 36514 36514 36514 36514 36514 36514 36514 31870 36514 36514 7541 33720 0 0 0 
0 0 0 0 0 0 23180 26021 26021 26021 36387 33029 36514 36514 36514 36514 36514 36514 36514 36514 35134 7541 7541 36514 0 0 
0 0 0 0 0 0 0 0 26021 23180 1731 36514 36514 36514 35753 35753 36514 36514 36514 36514 36514 36514 36514 9919 36514 0 
0 0 0 0 0 0 0 0 0 0 26021 26021 1420 36514 36514 36387 36514 36514 36514 36514 36514 36514 36514 36514 36514 36514 
0 0 0 0 0 0 0 0 0 0 0 0 0 26021 26021 35753 36387 34622 36514 36514 36514 36514 36514 36514 36514 7541 
0 0 0 0 0 0 0 0 0 0 0 0 0 0 0 0 36514 35753 36387 36514 36514 36514 36514 36514 36514 36514 
0 0 0 0 0 0 0 0 0 0 0 0 0 0 0 0 0 0 0 0 0 0 36514 36514 0 0 
