test/output/constant/M3M470_S060_A180_WD045.0_WS015.0/M3M470_S060_A180_WD045.0_WS015.0_ros.asc
ncols         26
nrows         13
xllcorner     426503.990666
yllcorner     12747655.311160
cellsize      100.000000
NODATA_value  0.000000
1.364166 1.586962 8.912408 8.912408 8.912408 11.722764 21.740488 25.279099 8.912408 0.000000 0.000000 0.000000 0.000000 0.000000 0.000000 0.000000 0.000000 0.000000 0.000000 0.000000 0.000000 0.000000 0.000000 0.000000 0.000000 0.000000 
1.497183 0.000000 43.153049 8.912408 8.912408 11.722764 28.742180 11.722764 11.722764 18.232540 21.740488 21.740488 8.912408 0.000000 0.000000 0.000000 0.000000 0.000000 0.000000 0.000000 0.000000 0.000000 0.000000 0.000000 0.000000 0.000000 
2.167112 5.848135 43.153049 43.153049 43.153049 42.626820 41.521694 39.850948 11.722764 35.030018 32.025494 35.030018 32.025494 14.860007 28.742180 14.860007 0.000000 0.000000 0.000000 0.000000 0.000000 0.000000 0.000000 0.000000 0.000000 0.000000 
0.000000 2.167112 27.394585 43.153049 43.003033 43.153049 43.153049 43.153049 43.153049 43.153049 43.153049 35.030018 11.722764 37.665039 11.722764 28.742180 32.025494 32.025494 0.000000 0.000000 0.000000 0.000000 0.000000 0.000000 0.000000 0.000000 
0.000000 0.000000 2.920569 30.752998 30.752998 43.153049 40.917255 43.153049 43.153049 43.153049 43.153049 43.153049 32.025494 43.132992 11.722764 32.025494 32.025494 11.722764 37.665039 28.742180 0.000000 0.000000 0.000000 0.000000 0.000000 0.000000 
0.000000 0.000000 0.000000 4.135805 1.497183 27.394585 43.003033 43.153049 42.253677 43.153049 43.153049 43.153049 43.153049 43.153049 43.153049 43.153049 8.912408 43.153049 14.860007 39.850948 35.030018 8.912408 0.000000 0.000000 0.000000 0.000000 
0.000000 0.000000 0.000000 0.000000 0.000000 23.900541 30.752998 30.752998 43.153049 43.003033 43.153049 43.153049 43.153049 43.153049 43.153049 43.153049 43.153049 43.153049 37.665039 43.153049 43.153049 8.912408 39.850948 0.000000 0.000000 0.000000 
0.000000 0.000000 0.000000 0.000000 0.000000 0.000000 27.394585 30.752998 30.752998 30.752998 43.003033 39.034496 43.153049 43.153049 43.153049 43.153049 43.153049 43.153049 43.153049 43.153049 41.521694 8.912408 8.912408 43.153049 0.000000 0.000000 
0.000000 0.000000 0.000000 0.000000 0.000000 0.000000 0.000000 0.000000 30.752998 27.394585 2.046596 43.153049 43.153049 43.153049 42.253677 42.253677 43.153049 43.153049 43.153049 43.153049 43.153049 43.153049 43.153049 11.722764 43.153049 0.000000 
0.000000 0.000000 0.000000 0.000000 0.000000 0.000000 0.000000 0.000000 0.000000 0.000000 30.752998 30.752998 1.678470 43.153049 43.153049 43.003033 43.153049 43.153049 43.153049 43.153049 43.153049 43.153049 43.153049 43.153049 43.153049 43.153049 
0.000000 0.000000 0.000000 0.000000 0.000000 0.000000 0.000000 0.000000 0.000000 0.000000 0.000000 0.000000 0.000000 30.752998 30.752998 42.253677 43.003033 40.917255 43.153049 43.153049 43.153049 43.153049 43.153049 43.153049 43.153049 8.912408 
0.000000 0.000000 0.000000 0.000000 0.000000 0.000000 0.000000 0.000000 0.000000 0.000000 0.000000 0.000000 0.000000 0.000000 0.000000 0.000000 43.153049 42.253677 43.003033 43.153049 43.153049 43.153049 43.153049 43.153049 43.153049 43.153049 
0.000000 0.000000 0.000000 0.000000 0.000000 0.000000 0.000000 0.000000 0.000000 0.000000 0.000000 0.000000 0.000000 0.000000 0.000000 0.000000 0.000000 0.000000 0.000000 0.000000 0.000000 0.000000 43.153049 43.153049 0.000000 0.000000 
