test/output/constant/C2_S060_A180_WD270.0_WS035.0/C2_S060_A180_WD270.0_WS035.0_arrival.asc
ncols         41
nrows         7
xllcorner     426603.990666
yllcorner     12748455.311160
cellsize      100.000000
NODATA_value  0.000000
0.000000 0.000000 0.000000 0.000000 0.000000 0.000000 0.000000 0.000000 0.000000 0.000000 0.000000 0.000000 0.000000 0.000000 0.000000 0.000000 166.041273 166.040861 166.040035 166.039622 166.039622 166.039210 166.039210 166.039210 166.039210 166.040035 166.040448 166.041273 166.041667 0.000000 0.000000 0.000000 0.000000 0.000000 0.000000 0.000000 0.000000 0.000000 0.000000 0.000000 0.000000 
0.000000 0.000000 0.000000 0.000000 0.000000 166.036733 166.031780 166.029304 166.026828 166.025589 166.024764 166.024351 166.023939 166.023526 166.023526 166.023939 166.024351 166.025177 166.026002 166.026415 166.027240 166.028066 166.028891 166.029304 166.030130 166.030955 166.031780 166.032606 166.033431 166.034257 166.035495 166.036321 166.037146 166.037971 166.039210 166.040035 166.040861 0.000000 0.000000 0.000000 0.000000 
0.000000 166.017335 166.010731 166.008667 166.008255 166.007842 166.008667 166.009493 166.009906 166.010731 166.011557 166.012795 166.013620 166.014446 166.015684 166.016509 166.017748 166.018573 166.019811 166.020637 166.021462 166.022700 166.023526 166.024351 166.025589 166.026415 166.027653 166.028479 166.029717 166.030542 166.031780 166.032606 166.033844 166.034670 166.035908 166.036733 166.037971 166.038797 166.040035 166.040861 0.000000 
166.000000 166.000825 166.001651 166.002889 166.003715 166.004953 166.005778 166.007016 166.007842 166.009080 166.009906 166.011144 166.011969 166.013207 166.014033 166.015271 166.016097 166.017335 166.018160 166.019398 166.020224 166.021462 166.022288 166.023526 166.024351 166.025589 166.026415 166.027653 166.028479 166.029717 166.030542 166.031780 166.032606 166.033844 166.034670 166.035908 166.036733 166.037971 166.038797 166.040035 166.040861 
0.000000 166.017335 166.010731 166.008667 166.008255 166.007842 166.008667 166.009493 166.009906 166.010731 166.011557 166.012795 166.013620 166.014446 166.015684 166.016509 166.017748 166.018573 166.019811 166.020637 166.021462 166.022700 166.023526 166.024351 166.025589 166.026415 166.027653 166.028479 166.029717 166.030542 166.031780 166.032606 166.033844 166.034670 166.035908 166.036733 166.037971 166.038797 166.040035 166.040861 0.000000 
0.000000 0.000000 0.000000 0.000000 0.000000 166.036733 166.031780 166.029304 166.026828 166.025589 166.024764 166.024351 166.023939 166.023526 166.023526 166.023939 166.024351 166.025177 166.026002 166.026415 166.027240 166.028066 166.028891 166.029304 166.030130 166.030955 166.031780 166.032606 166.033431 166.034257 166.035495 166.036321 166.037146 166.037971 166.039210 166.040035 166.040861 0.000000 0.000000 0.000000 0.000000 
0.000000 0.000000 0.000000 0.000000 0.000000 0.000000 0.000000 0.000000 0.000000 0.000000 0.000000 0.000000 0.000000 0.000000 0.000000 0.000000 166.041273 166.040861 166.040035 166.039622 166.039622 166.039210 166.039210 166.039210 166.039210 166.040035 166.040448 166.041273 166.041667 0.000000 0.000000 0.000000 0.000000 0.000000 0.000000 0.000000 0.000000 0.000000 0.000000 0.000000 0.000000 
