test/output/constant/M3M490_S060_A090_WD135.0_WS040.0/M3M490_S060_A090_WD135.0_WS040.0_raz.asc
ncols         32
nrows         15
xllcorner     423603.990666
yllcorner     12747455.311160
cellsize      100.000000
NODATA_value  0.000000
0 0 0 0 0 0 0 0 0 0 0 0 0 0 0 0 0 0 0 0 0 0 275 280 280 270 270 280 275 298 357 43 
0 0 0 0 0 0 0 0 0 0 0 0 0 0 0 0 0 0 275 270 280 264 288 280 267 270 267 267 254 248 254 168 
0 0 0 0 0 0 0 0 0 0 0 0 0 0 0 267 270 270 267 267 260 270 267 288 275 267 248 248 248 248 168 168 
0 0 0 0 0 0 0 0 0 0 0 0 280 270 288 267 270 267 298 262 267 270 258 248 248 248 248 248 239 168 185 0 
0 0 0 0 0 0 0 0 0 0 270 270 267 275 258 267 280 256 267 275 260 248 248 248 248 216 239 185 168 168 185 0 
0 0 0 0 0 0 0 0 270 267 267 256 260 253 262 270 262 248 248 248 248 248 246 242 239 239 199 185 168 0 0 0 
0 0 0 0 0 0 256 270 267 270 288 275 270 258 258 260 248 248 248 244 248 248 185 199 185 239 241 185 0 0 0 0 
0 0 0 0 0 254 254 267 252 262 267 267 248 248 248 248 248 248 248 244 241 241 239 185 168 199 0 0 0 0 0 0 
0 0 0 256 270 256 267 258 248 270 248 248 248 248 248 245 248 246 241 140 185 185 241 168 168 0 0 0 0 0 0 0 
0 0 270 248 270 254 248 267 248 248 248 248 248 248 230 242 241 158 241 94 94 239 185 0 0 0 0 0 0 0 0 0 
0 260 260 248 248 248 248 248 248 248 248 248 241 242 185 185 199 185 168 185 239 0 0 0 0 0 0 0 0 0 0 0 
0 248 248 248 248 248 246 248 248 244 241 241 185 158 199 242 199 239 0 0 0 0 0 0 0 0 0 0 0 0 0 0 
248 248 248 248 248 246 248 245 248 241 241 242 242 239 185 0 0 0 0 0 0 0 0 0 0 0 0 0 0 0 0 0 
248 248 248 248 248 241 242 216 241 242 185 241 0 0 0 0 0 0 0 0 0 0 0 0 0 0 0 0 0 0 0 0 
0 0 246 241 241 216 241 0 0 0 0 0 0 0 0 0 0 0 0 0 0 0 0 0 0 0 0 0 0 0 0 0 
