test/output/constant/M280_S060_A270_WD180.0_WS020.0/M280_S060_A270_WD180.0_WS020.0_arrival.asc
ncols         7
nrows         32
xllcorner     426303.990666
yllcorner     12748755.311160
cellsize      100.000000
NODATA_value  0.000000
0.000000 0.000000 0.000000 166.041100 0.000000 0.000000 0.000000 
0.000000 0.000000 166.040567 166.039499 166.040567 0.000000 0.000000 
0.000000 0.000000 166.039499 166.038432 166.039499 0.000000 0.000000 
0.000000 166.041634 166.037898 166.036830 166.037898 166.041634 0.000000 
0.000000 166.040033 166.036830 166.035763 166.036830 166.040033 0.000000 
0.000000 166.038965 166.035229 166.034161 166.035229 166.038965 0.000000 
0.000000 166.037898 166.034161 166.033094 166.034161 166.037898 0.000000 
0.000000 166.036830 166.032560 166.031493 166.032560 166.036830 0.000000 
0.000000 166.035229 166.031493 166.030425 166.031493 166.035229 0.000000 
0.000000 166.034161 166.029891 166.028824 166.029891 166.034161 0.000000 
0.000000 166.033094 166.028824 166.027756 166.028824 166.033094 0.000000 
166.041634 166.032560 166.027222 166.026155 166.027222 166.032560 166.041634 
166.041634 166.031493 166.026155 166.025087 166.026155 166.031493 166.041634 
166.041634 166.030425 166.024554 166.023486 166.024554 166.030425 166.041634 
166.041634 166.029357 166.023486 166.022418 166.023486 166.029357 166.041634 
0.000000 166.028290 166.021885 166.020817 166.021885 166.028290 0.000000 
0.000000 166.027756 166.020817 166.019750 166.020817 166.027756 0.000000 
0.000000 166.026689 166.019216 166.018148 166.019216 166.026689 0.000000 
0.000000 166.025621 166.018148 166.017081 166.018148 166.025621 0.000000 
0.000000 166.025087 166.017081 166.015479 166.017081 166.025087 0.000000 
0.000000 166.025087 166.015479 166.014412 166.015479 166.025087 0.000000 
0.000000 166.025087 166.014412 166.012811 166.014412 166.025087 0.000000 
0.000000 166.025621 166.013344 166.011743 166.013344 166.025621 0.000000 
0.000000 166.026155 166.012277 166.010142 166.012277 166.026155 0.000000 
0.000000 166.027222 166.011209 166.009074 166.011209 166.027222 0.000000 
0.000000 166.029357 166.010142 166.007473 166.010142 166.029357 0.000000 
0.000000 166.032560 166.009074 166.006405 166.009074 166.032560 0.000000 
0.000000 166.037898 166.008540 166.004804 166.008540 166.037898 0.000000 
0.000000 0.000000 166.008540 166.003736 166.008540 0.000000 0.000000 
0.000000 0.000000 166.009608 166.002135 166.009608 0.000000 0.000000 
0.000000 0.000000 166.014946 166.001068 166.014946 0.000000 0.000000 
0.000000 0.000000 166.037898 166.000000 166.037898 0.000000 0.000000 
