test/output/constant/M390_S060_A180_WD000.0_WS010.0/M390_S060_A180_WD000.0_WS010.0_raz.asc
ncols         52
nrows         16
xllcorner     426603.990666
yllcorner     12747355.311160
cellsize      100.000000
NODATA_value  0.000000
349 76 76 91 76 91 81 91 91 81 93 88 81 91 81 93 0 0 0 0 0 0 0 0 0 0 0 0 0 0 0 0 0 0 0 0 0 0 0 0 0 0 0 0 0 0 0 0 0 0 0 0 
254 104 104 81 101 97 99 96 88 88 85 76 91 81 93 88 81 91 85 93 88 81 91 85 0 0 0 0 0 0 0 0 0 0 0 0 0 0 0 0 0 0 0 0 0 0 0 0 0 0 0 0 
167 104 104 104 104 104 104 104 104 101 104 104 99 81 99 69 85 97 97 88 85 81 76 97 85 88 88 81 0 0 0 0 0 0 0 0 0 0 0 0 0 0 0 0 0 0 0 0 0 0 0 0 
180 114 111 110 104 106 104 104 104 104 103 104 104 104 104 88 104 104 104 99 76 102 85 99 102 88 100 81 88 85 85 81 0 0 0 0 0 0 0 0 0 0 0 0 0 0 0 0 0 0 0 0 
0 0 114 113 194 111 110 104 104 104 104 104 104 104 104 101 100 104 101 104 103 85 104 104 81 104 101 104 101 81 100 85 100 81 101 0 0 0 0 0 0 0 0 0 0 0 0 0 0 0 0 0 
0 0 0 194 111 111 111 111 110 104 108 104 104 104 104 104 104 104 100 104 104 104 100 102 104 104 104 85 103 104 88 104 104 101 81 104 93 81 0 0 0 0 0 0 0 0 0 0 0 0 0 0 
0 0 0 0 0 113 113 111 111 111 106 104 104 106 104 104 104 104 104 104 104 103 104 104 104 96 101 104 100 104 104 85 104 104 103 104 85 81 104 104 102 0 0 0 0 0 0 0 0 0 0 0 
0 0 0 0 0 0 0 113 111 111 111 111 111 111 104 104 105 104 104 104 104 104 104 104 104 104 99 104 85 104 104 104 101 104 104 104 104 104 103 104 81 102 85 0 0 0 0 0 0 0 0 0 
0 0 0 0 0 0 0 0 0 0 111 111 110 111 111 105 106 104 105 106 104 104 104 104 104 104 104 104 104 104 104 104 104 104 100 99 104 102 100 104 104 97 102 104 103 0 0 0 0 0 0 0 
0 0 0 0 0 0 0 0 0 0 0 0 139 111 111 110 110 111 104 106 105 105 106 104 104 104 104 104 104 104 104 104 104 104 104 103 104 104 104 104 104 85 102 100 104 104 88 0 0 0 0 0 
0 0 0 0 0 0 0 0 0 0 0 0 0 0 0 111 111 111 111 110 105 104 110 110 104 105 104 104 104 104 104 104 104 104 104 104 104 104 104 104 104 104 85 104 104 88 104 104 104 0 0 0 
0 0 0 0 0 0 0 0 0 0 0 0 0 0 0 0 0 0 111 110 111 111 111 111 105 111 111 104 105 104 104 104 104 104 104 104 106 104 104 104 104 104 104 104 104 104 99 104 104 101 104 0 
0 0 0 0 0 0 0 0 0 0 0 0 0 0 0 0 0 0 0 0 0 0 111 111 110 110 104 105 104 104 109 105 104 104 104 104 104 104 104 103 104 104 104 104 104 104 99 104 103 104 104 81 
0 0 0 0 0 0 0 0 0 0 0 0 0 0 0 0 0 0 0 0 0 0 0 0 0 111 111 111 104 104 105 105 106 104 104 104 104 104 104 104 104 104 104 104 104 104 104 104 104 104 88 99 
0 0 0 0 0 0 0 0 0 0 0 0 0 0 0 0 0 0 0 0 0 0 0 0 0 0 0 0 0 0 111 111 104 104 104 108 105 105 104 104 104 104 104 104 104 104 104 104 104 104 104 104 
0 0 0 0 0 0 0 0 0 0 0 0 0 0 0 0 0 0 0 0 0 0 0 0 0 0 0 0 0 0 0 0 0 0 0 0 104 104 106 109 104 104 104 104 104 104 104 104 104 104 104 0 
