test/output/constant/M390_S060_A180_WD000.0_WS010.0/M390_S060_A180_WD000.0_WS010.0_arrival.asc
ncols         52
nrows         16
xllcorner     426603.990666
yllcorner     12747355.311160
cellsize      100.000000
NODATA_value  0.000000
166.021870 166.018121 166.016559 166.017184 166.018434 166.020308 166.022495 166.024057 166.025932 166.028119 166.029994 166.032181 166.034055 166.035930 166.038117 166.039992 0.000000 0.000000 0.000000 0.000000 0.000000 0.000000 0.000000 0.000000 0.000000 0.000000 0.000000 0.000000 0.000000 0.000000 0.000000 0.000000 0.000000 0.000000 0.000000 0.000000 0.000000 0.000000 0.000000 0.000000 0.000000 0.000000 0.000000 0.000000 0.000000 0.000000 0.000000 0.000000 0.000000 0.000000 0.000000 0.000000 
166.000000 166.000625 166.001250 166.002499 166.003749 166.005311 166.007186 166.009061 166.010935 166.013122 166.014997 166.016871 166.018746 166.020933 166.022808 166.024995 166.026869 166.028744 166.030931 166.032806 166.034993 166.036867 166.038742 166.040929 0.000000 0.000000 0.000000 0.000000 0.000000 0.000000 0.000000 0.000000 0.000000 0.000000 0.000000 0.000000 0.000000 0.000000 0.000000 0.000000 0.000000 0.000000 0.000000 0.000000 0.000000 0.000000 0.000000 0.000000 0.000000 0.000000 0.000000 0.000000 
166.006561 166.001562 166.001562 166.002187 166.003124 166.003749 166.004687 166.005624 166.006561 166.007811 166.009373 166.010935 166.012497 166.014372 166.015934 166.017809 166.019683 166.021246 166.023120 166.025307 166.027182 166.029056 166.030931 166.032806 166.034993 166.036867 166.038742 166.040617 0.000000 0.000000 0.000000 0.000000 0.000000 0.000000 0.000000 0.000000 0.000000 0.000000 0.000000 0.000000 0.000000 0.000000 0.000000 0.000000 0.000000 0.000000 0.000000 0.000000 0.000000 0.000000 0.000000 0.000000 
166.038429 166.018434 166.008748 166.005311 166.004687 166.004374 166.004687 166.005311 166.006249 166.007186 166.007811 166.008748 166.009685 166.010935 166.012185 166.013747 166.014997 166.016559 166.018121 166.019683 166.021558 166.023120 166.024995 166.026557 166.028432 166.030306 166.031868 166.033743 166.035618 166.037492 166.039367 166.041241 0.000000 0.000000 0.000000 0.000000 0.000000 0.000000 0.000000 0.000000 0.000000 0.000000 0.000000 0.000000 0.000000 0.000000 0.000000 0.000000 0.000000 0.000000 0.000000 0.000000 
0.000000 0.000000 166.029681 166.018746 166.012810 166.009373 166.007811 166.007498 166.007498 166.007498 166.007811 166.008748 166.009373 166.010310 166.011248 166.011873 166.012810 166.014060 166.015309 166.016559 166.017809 166.019371 166.020621 166.022183 166.023745 166.025307 166.026869 166.028744 166.030306 166.032181 166.033743 166.035618 166.037180 166.039054 166.040617 0.000000 0.000000 0.000000 0.000000 0.000000 0.000000 0.000000 0.000000 0.000000 0.000000 0.000000 0.000000 0.000000 0.000000 0.000000 0.000000 0.000000 
0.000000 0.000000 0.000000 166.041241 166.029369 166.021870 166.016871 166.013435 166.011560 166.010935 166.010310 166.010310 166.010310 166.010623 166.011248 166.011873 166.012810 166.013747 166.014372 166.015309 166.016247 166.017184 166.018121 166.019371 166.020933 166.022183 166.023433 166.024995 166.026245 166.027807 166.029369 166.030931 166.032493 166.034055 166.035930 166.037492 166.039054 166.040929 0.000000 0.000000 0.000000 0.000000 0.000000 0.000000 0.000000 0.000000 0.000000 0.000000 0.000000 0.000000 0.000000 0.000000 
0.000000 0.000000 0.000000 0.000000 0.000000 166.040304 166.031243 166.025307 166.020621 166.017496 166.015622 166.014372 166.013747 166.013435 166.013122 166.013435 166.013435 166.014060 166.014372 166.015309 166.015934 166.016871 166.017809 166.018434 166.019371 166.020308 166.021246 166.022495 166.023745 166.024995 166.026245 166.027807 166.029056 166.030619 166.031868 166.033431 166.034993 166.036555 166.038117 166.039679 166.041241 0.000000 0.000000 0.000000 0.000000 0.000000 0.000000 0.000000 0.000000 0.000000 0.000000 0.000000 
0.000000 0.000000 0.000000 0.000000 0.000000 0.000000 0.000000 166.041554 166.034680 166.029056 166.024995 166.021558 166.019371 166.017809 166.017184 166.016559 166.016247 166.016247 166.016247 166.016247 166.016559 166.017184 166.017809 166.018434 166.019371 166.019996 166.020933 166.021870 166.022808 166.023433 166.024682 166.025620 166.026869 166.028119 166.029369 166.030619 166.032181 166.033431 166.034680 166.036242 166.037805 166.039054 166.040617 0.000000 0.000000 0.000000 0.000000 0.000000 0.000000 0.000000 0.000000 0.000000 
0.000000 0.000000 0.000000 0.000000 0.000000 0.000000 0.000000 0.000000 0.000000 0.000000 166.038117 166.033118 166.029056 166.025620 166.023433 166.021870 166.020621 166.019996 166.019371 166.019059 166.019059 166.019059 166.019371 166.019371 166.019996 166.020308 166.020933 166.021870 166.022495 166.023433 166.024057 166.024995 166.025932 166.026869 166.027807 166.028744 166.029994 166.031243 166.032181 166.033743 166.034993 166.036242 166.037492 166.039054 166.040304 0.000000 0.000000 0.000000 0.000000 0.000000 0.000000 0.000000 
0.000000 0.000000 0.000000 0.000000 0.000000 0.000000 0.000000 0.000000 0.000000 0.000000 0.000000 0.000000 166.041554 166.036867 166.033118 166.029681 166.027494 166.025620 166.024370 166.023433 166.022808 166.022495 166.022183 166.021870 166.021870 166.022183 166.022183 166.022495 166.023120 166.023433 166.024370 166.024995 166.025932 166.026557 166.027494 166.028119 166.029056 166.030306 166.030931 166.032181 166.033118 166.034368 166.035305 166.036555 166.037805 166.039367 166.040617 0.000000 0.000000 0.000000 0.000000 0.000000 
0.000000 0.000000 0.000000 0.000000 0.000000 0.000000 0.000000 0.000000 0.000000 0.000000 0.000000 0.000000 0.000000 0.000000 0.000000 166.041241 166.037180 166.033743 166.031556 166.029681 166.028119 166.027182 166.026245 166.025620 166.025307 166.024995 166.024682 166.024995 166.024995 166.025307 166.025307 166.025620 166.026245 166.026869 166.027494 166.028432 166.029056 166.029994 166.030619 166.031556 166.032493 166.033431 166.034368 166.035305 166.036242 166.037492 166.038429 166.039679 166.040929 0.000000 0.000000 0.000000 
0.000000 0.000000 0.000000 0.000000 0.000000 0.000000 0.000000 0.000000 0.000000 0.000000 0.000000 0.000000 0.000000 0.000000 0.000000 0.000000 0.000000 0.000000 166.041554 166.038117 166.035618 166.033431 166.031868 166.030619 166.029994 166.029056 166.028432 166.028119 166.027807 166.027807 166.027807 166.027807 166.028119 166.028119 166.028432 166.029056 166.029369 166.029994 166.030619 166.031556 166.032181 166.033118 166.034055 166.034680 166.035618 166.036555 166.037492 166.038429 166.039679 166.040304 166.041554 0.000000 
0.000000 0.000000 0.000000 0.000000 0.000000 0.000000 0.000000 0.000000 0.000000 0.000000 0.000000 0.000000 0.000000 0.000000 0.000000 0.000000 0.000000 0.000000 0.000000 0.000000 0.000000 0.000000 166.039679 166.037492 166.035930 166.034368 166.033431 166.032806 166.032181 166.031556 166.030931 166.030931 166.030619 166.030619 166.030931 166.030931 166.031243 166.031243 166.031556 166.032181 166.032806 166.033431 166.034055 166.034680 166.035618 166.036555 166.037180 166.038117 166.038742 166.039679 166.040617 166.041667 
0.000000 0.000000 0.000000 0.000000 0.000000 0.000000 0.000000 0.000000 0.000000 0.000000 0.000000 0.000000 0.000000 0.000000 0.000000 0.000000 0.000000 0.000000 0.000000 0.000000 0.000000 0.000000 0.000000 0.000000 0.000000 166.041554 166.039679 166.038117 166.037180 166.036242 166.035618 166.034993 166.034368 166.034055 166.033743 166.033431 166.033431 166.033743 166.033743 166.034055 166.034055 166.034368 166.034993 166.035618 166.035930 166.036555 166.037180 166.038117 166.038742 166.039679 166.040617 166.041241 
0.000000 0.000000 0.000000 0.000000 0.000000 0.000000 0.000000 0.000000 0.000000 0.000000 0.000000 0.000000 0.000000 0.000000 0.000000 0.000000 0.000000 0.000000 0.000000 0.000000 0.000000 0.000000 0.000000 0.000000 0.000000 0.000000 0.000000 0.000000 0.000000 0.000000 166.040617 166.039679 166.039054 166.038429 166.037805 166.037180 166.036867 166.036555 166.036555 166.036555 166.036555 166.036867 166.036867 166.037180 166.037180 166.037805 166.038117 166.038742 166.039054 166.039992 166.040617 166.041241 
0.000000 0.000000 0.000000 0.000000 0.000000 0.000000 0.000000 0.000000 0.000000 0.000000 0.000000 0.000000 0.000000 0.000000 0.000000 0.000000 0.000000 0.000000 0.000000 0.000000 0.000000 0.000000 0.000000 0.000000 0.000000 0.000000 0.000000 0.000000 0.000000 0.000000 0.000000 0.000000 0.000000 0.000000 0.000000 0.000000 166.041241 166.040617 166.040304 166.039679 166.039679 166.039367 166.039367 166.039367 166.039679 166.039679 166.039992 166.039992 166.040304 166.040929 166.041554 0.000000 
