test/output/constant/M390_S060_A180_WD000.0_WS010.0/M390_S060_A180_WD000.0_WS010.0_intensity.asc
ncols         52
nrows         16
xllcorner     426603.990666
yllcorner     12747355.311160
cellsize      100.000000
NODATA_value  0.000000
931 11809 11809 35408 11809 35408 16800 35408 35408 16800 42196 28781 16800 35408 16800 42196 0 0 0 0 0 0 0 0 0 0 0 0 0 0 0 0 0 0 0 0 0 0 0 0 0 0 0 0 0 0 0 0 0 0 0 0 
0 79716 79716 16800 75201 61477 66893 55431 28781 28781 22515 11809 35408 16800 42196 28781 16800 35408 22515 42196 28781 16800 35408 22515 0 0 0 0 0 0 0 0 0 0 0 0 0 0 0 0 0 0 0 0 0 0 0 0 0 0 0 0 
2363 79550 79716 79716 79716 79716 79716 79716 79716 75201 79716 79716 66893 16800 66893 7691 22515 61477 61477 28781 22515 16800 11809 61477 22515 28781 28781 16800 0 0 0 0 0 0 0 0 0 0 0 0 0 0 0 0 0 0 0 0 0 0 0 0 
1721 40933 54238 60378 79716 74577 79716 79716 79716 79716 79650 79716 79716 79716 79716 28781 79716 79716 79716 66893 11809 77841 22515 66893 77841 28781 71514 16800 28781 22515 22515 16800 0 0 0 0 0 0 0 0 0 0 0 0 0 0 0 0 0 0 0 0 
0 0 40933 47690 1318 54238 60378 79716 79716 79716 79716 79716 79716 79716 79716 75201 71514 79716 75201 79716 79354 22515 79716 79716 16800 79716 75201 79716 75201 16800 71514 22515 71514 16800 75201 0 0 0 0 0 0 0 0 0 0 0 0 0 0 0 0 0 
0 0 0 1318 54238 54238 54238 54238 60378 79550 70705 79550 79716 79716 79716 79716 79716 79716 71514 79716 79716 79716 71514 77841 79716 79716 79716 22515 79354 79716 28781 79716 79716 75201 16800 79716 42196 16800 0 0 0 0 0 0 0 0 0 0 0 0 0 0 
0 0 0 0 0 47690 47690 54238 54238 54238 74577 79716 79155 74577 79716 79716 79716 79716 79716 79716 79716 79650 79716 79716 79716 55431 75201 79716 71514 79716 79716 22515 79716 79716 79354 79716 22515 16800 79716 79716 77841 0 0 0 0 0 0 0 0 0 0 0 
0 0 0 0 0 0 0 47690 54238 54238 54238 54238 54238 54238 79716 79716 77423 79716 79716 79550 79716 79716 79716 79716 79716 79716 66893 79716 22515 79716 79716 79716 75201 79716 79716 79716 79716 79716 79650 79716 16800 77841 22515 0 0 0 0 0 0 0 0 0 
0 0 0 0 0 0 0 0 0 0 54238 54238 60378 54238 54238 77423 74577 79716 77423 74577 79716 79716 79716 79716 79716 79716 79716 79716 79716 79716 79716 79716 79716 79716 71514 66893 79716 77841 71514 79716 79716 61477 77841 79716 79354 0 0 0 0 0 0 0 
0 0 0 0 0 0 0 0 0 0 0 0 7163 54238 54238 60378 60378 54238 79716 74577 77423 77423 74577 79716 79716 79716 79716 79716 79716 79716 79716 79716 79716 79716 79716 79650 79716 79716 79716 79716 79716 22515 77841 71514 79716 79716 28781 0 0 0 0 0 
0 0 0 0 0 0 0 0 0 0 0 0 0 0 0 54238 54238 54238 54238 60378 77423 79716 60378 60378 79716 77423 79155 79716 79716 79716 79716 79716 79716 79716 79716 79716 79716 79716 79716 79716 79716 79716 22515 79716 79716 28781 79716 79716 79716 0 0 0 
0 0 0 0 0 0 0 0 0 0 0 0 0 0 0 0 0 0 54238 60378 54238 54238 54238 54238 77423 54238 54238 79716 77423 79550 79716 79716 79716 79716 79716 79716 74577 79716 79716 79716 79716 79716 79716 79716 79716 79716 66893 79716 79716 75201 79716 0 
0 0 0 0 0 0 0 0 0 0 0 0 0 0 0 0 0 0 0 0 0 0 54238 54238 60378 60378 79716 77423 79716 79550 65923 77423 79716 79716 79716 79716 79716 79716 79155 79650 79716 79716 79716 79716 79716 79716 66893 79716 79354 79716 79716 16800 
0 0 0 0 0 0 0 0 0 0 0 0 0 0 0 0 0 0 0 0 0 0 0 0 0 54238 54238 54238 79716 79716 77423 77423 74577 79716 79550 79716 79716 79716 79716 79716 79716 79716 79716 79716 79716 79716 79716 79716 79716 79716 28781 66893 
0 0 0 0 0 0 0 0 0 0 0 0 0 0 0 0 0 0 0 0 0 0 0 0 0 0 0 0 0 0 54238 54238 79716 79716 79716 70705 77423 77423 79716 79716 79716 79716 79716 79716 79716 79716 79716 79716 79716 79716 79716 79716 
0 0 0 0 0 0 0 0 0 0 0 0 0 0 0 0 0 0 0 0 0 0 0 0 0 0 0 0 0 0 0 0 0 0 0 0 79716 79716 74577 65923 79550 79716 79716 79716 79716 79716 79716 79716 79716 79716 79716 0 
