test/output/constant/M1M295_S060_A090_WD000.0_WS025.0/M1M295_S060_A090_WD000.0_WS025.0_arrival.asc
ncols         7
nrows         40
xllcorner     426303.990666
yllcorner     12744855.311160
cellsize      100.000000
NODATA_value  0.000000
0.000000 0.000000 166.039752 166.000000 166.039752 0.000000 0.000000 
0.000000 0.000000 166.013533 166.000846 166.013533 0.000000 0.000000 
0.000000 0.000000 166.008881 166.001692 166.008881 0.000000 0.000000 
0.000000 0.000000 166.007612 166.002960 166.007612 0.000000 0.000000 
0.000000 166.035101 166.007189 166.003806 166.007189 166.035101 0.000000 
0.000000 166.030449 166.007612 166.005075 166.007612 166.030449 0.000000 
0.000000 166.026643 166.008458 166.005921 166.008458 166.026643 0.000000 
0.000000 166.024528 166.008881 166.007189 166.008881 166.024528 0.000000 
0.000000 166.023259 166.009727 166.008035 166.009727 166.023259 0.000000 
0.000000 166.022414 166.010572 166.009304 166.010572 166.022414 0.000000 
0.000000 166.021991 166.011841 166.010150 166.011841 166.021991 0.000000 
0.000000 166.021568 166.012687 166.011418 166.012687 166.021568 0.000000 
166.040175 166.021568 166.013533 166.012264 166.013533 166.021568 166.040175 
166.039330 166.021568 166.014801 166.013533 166.014801 166.021568 166.039330 
166.038061 166.021991 166.015647 166.014379 166.015647 166.021991 166.038061 
166.037215 166.022836 166.016916 166.015647 166.016916 166.022836 166.037215 
166.036369 166.023682 166.017762 166.016493 166.017762 166.023682 166.036369 
166.036369 166.024105 166.019030 166.017762 166.019030 166.024105 166.036369 
166.035946 166.024951 166.019876 166.018608 166.019876 166.024951 166.035946 
166.035946 166.025797 166.020722 166.019876 166.020722 166.025797 166.035946 
166.035946 166.026643 166.021991 166.020722 166.021991 166.026643 166.035946 
166.035946 166.027065 166.022836 166.021991 166.022836 166.027065 166.035946 
166.035946 166.027911 166.024105 166.022836 166.024105 166.027911 166.035946 
166.036792 166.028757 166.024951 166.024105 166.024951 166.028757 166.036792 
166.037638 166.029603 166.026220 166.024951 166.026220 166.029603 166.037638 
166.038061 166.030449 166.027065 166.026220 166.027065 166.030449 166.038061 
166.038907 166.031717 166.028334 166.027065 166.028334 166.031717 166.038907 
166.039330 166.032563 166.029180 166.028334 166.029180 166.032563 166.039330 
166.040175 166.033409 166.030026 166.029180 166.030026 166.033409 166.040175 
166.041021 166.034678 166.031294 166.030449 166.031294 166.034678 166.041021 
166.041444 166.035523 166.032140 166.031294 166.032140 166.035523 166.041444 
0.000000 166.036369 166.033409 166.032563 166.033409 166.036369 0.000000 
0.000000 166.037215 166.034255 166.033409 166.034255 166.037215 0.000000 
0.000000 166.038484 166.035523 166.034678 166.035523 166.038484 0.000000 
0.000000 166.039330 166.036369 166.035523 166.036369 166.039330 0.000000 
0.000000 166.040175 166.037638 166.036792 166.037638 166.040175 0.000000 
0.000000 166.041444 166.038484 166.037638 166.038484 166.041444 0.000000 
0.000000 0.000000 166.039330 166.038907 166.039330 0.000000 0.000000 
0.000000 0.000000 166.040598 166.039752 166.040598 0.000000 0.000000 
0.000000 0.000000 166.041444 166.041021 166.041444 0.000000 0.000000 
