test/output/constant/M375_S060_A180_WD270.0_WS045.0/M375_S060_A180_WD270.0_WS045.0_arrival.asc
ncols         54
nrows         7
xllcorner     426603.990666
yllcorner     12748455.311160
cellsize      100.000000
NODATA_value  0.000000
0.000000 0.000000 0.000000 0.000000 0.000000 0.000000 0.000000 0.000000 0.000000 0.000000 0.000000 0.000000 0.000000 0.000000 166.041647 166.039768 166.038515 166.037263 166.036637 166.035697 166.035384 166.035071 166.034758 166.034445 166.034132 166.034132 166.034132 166.034132 166.034445 166.034758 166.035384 166.035697 166.036323 166.036950 166.037263 166.037889 166.038515 166.038829 166.039455 166.040081 166.040394 166.041020 166.041647 0.000000 0.000000 0.000000 0.000000 0.000000 0.000000 0.000000 0.000000 0.000000 0.000000 0.000000 
0.000000 0.000000 0.000000 0.000000 0.000000 166.036637 166.031000 166.028182 166.025677 166.023798 166.022859 166.021919 166.021293 166.020980 166.020667 166.020667 166.020667 166.020667 166.021293 166.021606 166.022232 166.022546 166.023172 166.023798 166.024424 166.024738 166.025364 166.025990 166.026616 166.027243 166.027869 166.028495 166.029121 166.030061 166.030687 166.031313 166.032253 166.032879 166.033505 166.034132 166.035071 166.035697 166.036323 166.036950 166.037889 166.038515 166.039142 166.040081 166.040707 166.041334 0.000000 0.000000 0.000000 0.000000 
0.000000 166.016596 166.010020 166.008141 166.007202 166.006889 166.006889 166.007515 166.008141 166.008768 166.009394 166.010020 166.010647 166.011273 166.012212 166.012838 166.013778 166.014404 166.015030 166.015970 166.016596 166.017535 166.018162 166.019101 166.019727 166.020354 166.021293 166.021919 166.022859 166.023485 166.024111 166.025051 166.025677 166.026616 166.027243 166.028182 166.028808 166.029748 166.030374 166.031313 166.031940 166.032879 166.033505 166.034445 166.035071 166.035697 166.036637 166.037263 166.038202 166.038829 166.039768 166.040394 166.041334 0.000000 
166.000000 166.000626 166.001253 166.002192 166.002818 166.003758 166.004384 166.005323 166.005950 166.006889 166.007515 166.008455 166.009081 166.010020 166.010647 166.011586 166.012212 166.013152 166.013778 166.014717 166.015344 166.016283 166.016909 166.017849 166.018475 166.019414 166.020041 166.020980 166.021606 166.022546 166.023172 166.024111 166.024738 166.025677 166.026303 166.027243 166.027869 166.028808 166.029435 166.030374 166.031000 166.031940 166.032566 166.033505 166.034132 166.035071 166.035697 166.036637 166.037263 166.038202 166.038829 166.039768 166.040394 166.041334 
0.000000 166.016596 166.010020 166.008141 166.007202 166.006889 166.006889 166.007515 166.008141 166.008768 166.009394 166.010020 166.010647 166.011273 166.012212 166.012838 166.013778 166.014404 166.015030 166.015970 166.016596 166.017535 166.018162 166.019101 166.019727 166.020354 166.021293 166.021919 166.022859 166.023485 166.024111 166.025051 166.025677 166.026616 166.027243 166.028182 166.028808 166.029748 166.030374 166.031313 166.031940 166.032879 166.033505 166.034445 166.035071 166.035697 166.036637 166.037263 166.038202 166.038829 166.039768 166.040394 166.041334 0.000000 
0.000000 0.000000 0.000000 0.000000 0.000000 166.036637 166.031000 166.028182 166.025677 166.023798 166.022859 166.021919 166.021293 166.020980 166.020667 166.020667 166.020667 166.020667 166.021293 166.021606 166.022232 166.022546 166.023172 166.023798 166.024424 166.024738 166.025364 166.025990 166.026616 166.027243 166.027869 166.028495 166.029121 166.030061 166.030687 166.031313 166.032253 166.032879 166.033505 166.034132 166.035071 166.035697 166.036323 166.036950 166.037889 166.038515 166.039142 166.040081 166.040707 166.041334 0.000000 0.000000 0.000000 0.000000 
0.000000 0.000000 0.000000 0.000000 0.000000 0.000000 0.000000 0.000000 0.000000 0.000000 0.000000 0.000000 0.000000 0.000000 166.041647 166.039768 166.038515 166.037263 166.036637 166.035697 166.035384 166.035071 166.034758 166.034445 166.034132 166.034132 166.034132 166.034132 166.034445 166.034758 166.035384 166.035697 166.036323 166.036950 166.037263 166.037889 166.038515 166.038829 166.039455 166.040081 166.040394 166.041020 166.041647 0.000000 0.000000 0.000000 0.000000 0.000000 0.000000 0.000000 0.000000 0.000000 0.000000 0.000000 
