test/output/constant/M3M4100_S060_A090_WD225.0_WS010.0/M3M4100_S060_A090_WD225.0_WS010.0_raz.asc
ncols         15
nrows         46
xllcorner     426403.990666
yllcorner     12744355.311160
cellsize      100.000000
NODATA_value  0.000000
0 326 57 77 0 0 0 0 0 0 0 0 0 0 0 
0 257 65535 89 77 0 0 0 0 0 0 0 0 0 0 
257 189 167 167 89 89 0 0 0 0 0 0 0 0 0 
326 186 167 167 158 77 0 0 0 0 0 0 0 0 0 
189 186 167 164 158 158 77 0 0 0 0 0 0 0 0 
194 194 167 167 166 158 9 0 0 0 0 0 0 0 0 
186 186 167 167 163 77 115 77 0 0 0 0 0 0 0 
189 180 167 167 167 77 160 158 0 0 0 0 0 0 0 
186 194 169 167 167 167 158 9 158 0 0 0 0 0 0 
194 189 172 167 167 164 158 158 77 0 0 0 0 0 0 
189 178 169 167 167 163 158 158 158 0 0 0 0 0 0 
194 180 172 167 167 164 167 163 158 158 0 0 0 0 0 
180 186 177 171 167 167 163 163 160 158 0 0 0 0 0 
180 178 194 168 167 167 165 160 158 158 0 0 0 0 0 
177 172 174 167 167 167 165 167 158 158 158 0 0 0 0 
194 177 183 167 167 167 167 166 160 77 160 0 0 0 0 
194 183 172 167 167 167 167 167 158 77 158 0 0 0 0 
0 175 175 167 167 167 167 167 167 167 158 158 0 0 0 
0 178 171 167 172 167 165 165 160 158 158 160 0 0 0 
0 174 174 167 177 167 167 163 167 160 158 158 0 0 0 
0 178 189 174 186 167 167 167 165 167 167 158 0 0 0 
0 194 172 189 167 167 167 167 166 163 164 57 160 0 0 
0 177 180 167 167 167 167 167 167 167 164 165 163 0 0 
0 174 174 172 167 167 167 167 167 167 167 160 163 0 0 
0 0 178 177 167 167 167 167 167 167 163 164 167 0 0 
0 0 172 200 186 186 167 163 167 167 167 166 165 0 0 
0 0 177 172 186 167 189 167 167 167 167 167 164 165 0 
0 0 189 180 180 167 175 167 161 167 167 164 164 158 0 
0 0 177 183 183 194 167 167 167 167 167 167 164 160 0 
0 0 186 172 194 171 167 167 167 167 161 164 167 165 0 
0 0 0 177 167 167 167 167 164 167 163 167 164 165 0 
0 0 0 171 170 167 186 167 167 167 167 163 167 164 0 
0 0 0 174 175 167 167 178 167 166 167 167 167 167 0 
0 0 0 0 186 194 189 167 167 167 167 167 167 165 0 
0 0 0 0 167 183 170 167 170 167 167 167 165 167 0 
0 0 0 0 174 171 167 183 167 167 167 167 167 167 0 
0 0 0 0 0 170 186 167 167 167 167 167 164 164 164 
0 0 0 0 0 170 194 170 167 167 167 167 165 160 167 
0 0 0 0 0 170 167 167 167 167 167 167 167 165 167 
0 0 0 0 0 0 167 167 175 167 167 167 167 167 167 
0 0 0 0 0 0 167 167 169 167 167 167 164 167 0 
0 0 0 0 0 0 0 180 170 167 167 167 167 167 0 
0 0 0 0 0 0 0 167 167 167 167 167 167 167 0 
0 0 0 0 0 0 0 0 170 168 167 167 167 167 0 
0 0 0 0 0 0 0 0 0 167 167 167 167 167 0 
0 0 0 0 0 0 0 0 0 178 167 167 167 0 0 
