test/output/constant/M3M4100_S060_A090_WD225.0_WS010.0/M3M4100_S060_A090_WD225.0_WS010.0_intensity.asc
ncols         15
nrows         46
xllcorner     426403.990666
yllcorner     12744355.311160
cellsize      100.000000
NODATA_value  0.000000
0 1280 1558 1922 0 0 0 0 0 0 0 0 0 0 0 
0 1922 0 2286 1922 0 0 0 0 0 0 0 0 0 0 
1922 20009 69719 69719 2286 2286 0 0 0 0 0 0 0 0 0 
1280 25383 69719 69719 47298 1922 0 0 0 0 0 0 0 0 0 
20009 25383 69719 65043 47298 47298 1922 0 0 0 0 0 0 0 0 
15119 15119 69719 69719 69149 47298 1342 0 0 0 0 0 0 0 0 
25383 25383 69719 69719 61635 1922 4439 1922 0 0 0 0 0 0 0 
20009 36930 69719 69719 69719 1922 52626 47298 0 0 0 0 0 0 0 
25383 15119 69344 69719 69719 69719 47298 1342 47298 0 0 0 0 0 0 
15119 20009 62375 69719 69719 65043 47298 47298 1922 0 0 0 0 0 0 
20009 42753 69344 69719 69719 61635 47298 47298 47298 0 0 0 0 0 0 
15119 36930 62375 69719 69719 65043 69719 61635 47298 47298 0 0 0 0 0 
36930 25383 48373 65618 69719 69719 61635 61635 52626 47298 0 0 0 0 0 
36930 42753 15119 69649 69719 69719 67573 52626 47298 47298 0 0 0 0 0 
48373 62375 58335 69719 69719 69719 67573 69719 47298 47298 47298 0 0 0 0 
15119 48373 31081 69719 69719 69719 69719 69149 52626 1922 52626 0 0 0 0 
15119 31081 62375 69719 69719 69719 69719 69552 47298 1922 47298 0 0 0 0 
0 53620 53620 69719 69719 69719 69719 69552 69719 69719 47298 47298 0 0 0 
0 42753 65618 69719 62375 69719 67573 67573 52626 47298 47298 52626 0 0 0 
0 58335 58335 69719 48373 69719 69719 61635 69719 52626 47298 47298 0 0 0 
0 42753 20009 58335 25383 69719 69552 69719 67573 69719 69719 47298 0 0 0 
0 15119 62375 20009 69719 69719 69719 69719 69149 61635 65043 1558 52626 0 0 
0 48373 36930 69719 69719 69719 69719 69719 69719 69552 65043 67573 61635 0 0 
0 58335 58335 62375 69719 69719 69719 69719 69719 69719 69719 52626 61635 0 0 
0 0 42753 48373 69719 69719 69719 69719 69719 69719 61635 65043 69719 0 0 
0 0 62375 10861 25383 25383 69719 61635 69719 69719 69719 69149 67573 0 0 
0 0 48373 62375 25383 69719 20009 69719 69719 69719 69719 69719 65043 67573 0 
0 0 20009 36930 36930 69719 53620 69719 57454 69719 69719 65043 65043 47298 0 
0 0 48373 31081 31081 15119 69719 69719 69719 69552 69719 69719 65043 52626 0 
0 0 25383 62375 15119 65618 69719 69719 69719 69719 57454 65043 69719 67573 0 
0 0 0 48373 69719 69719 69719 69719 65043 69719 61635 69719 65043 67573 0 
0 0 0 65618 67964 69719 25383 69719 69719 69719 69719 61635 69719 65043 0 
0 0 0 58335 53620 69719 69719 42753 69719 69149 69719 69719 69719 69719 0 
0 0 0 0 25383 15119 20009 69719 69719 69719 69719 69719 69719 67573 0 
0 0 0 0 69719 31081 67964 69719 67964 69719 69719 69719 67573 69719 0 
0 0 0 0 58335 65618 69719 31081 69719 69719 69719 69552 69719 69719 0 
0 0 0 0 0 67964 25383 69719 69719 69719 69719 69719 65043 65043 65043 
0 0 0 0 0 67964 15119 67964 69719 69719 69719 69719 67573 52626 69552 
0 0 0 0 0 67964 69719 69719 69719 69719 69719 69719 69719 67573 69719 
0 0 0 0 0 0 69719 69719 53620 69719 69719 69719 69719 69719 69719 
0 0 0 0 0 0 69719 69719 69344 69719 69719 69719 65043 69552 0 
0 0 0 0 0 0 0 36930 67964 69719 69719 69719 69719 69719 0 
0 0 0 0 0 0 0 69719 69719 69719 69719 69719 69719 69719 0 
0 0 0 0 0 0 0 0 67964 69649 69719 69719 69719 69719 0 
0 0 0 0 0 0 0 0 0 69719 69719 69719 69719 69719 0 
0 0 0 0 0 0 0 0 0 42753 69719 69719 69719 0 0 
