test/output/constant/M3M4100_S060_A090_WD225.0_WS010.0/M3M4100_S060_A090_WD225.0_WS010.0_ros.asc
ncols         15
nrows         46
xllcorner     426403.990666
yllcorner     12744355.311160
cellsize      100.000000
NODATA_value  0.000000
0.000000 1.394188 1.697356 2.093911 0.000000 0.000000 0.000000 0.000000 0.000000 0.000000 0.000000 0.000000 0.000000 0.000000 0.000000 
0.000000 2.093911 -1.000000 2.490350 2.093911 0.000000 0.000000 0.000000 0.000000 0.000000 0.000000 0.000000 0.000000 0.000000 0.000000 
2.093911 21.792444 75.932625 75.932625 2.490350 2.490350 0.000000 0.000000 0.000000 0.000000 0.000000 0.000000 0.000000 0.000000 0.000000 
1.394188 27.646082 75.932625 75.932625 51.513775 2.093911 0.000000 0.000000 0.000000 0.000000 0.000000 0.000000 0.000000 0.000000 0.000000 
21.792444 27.646082 75.932625 70.840225 51.513775 51.513775 2.093911 0.000000 0.000000 0.000000 0.000000 0.000000 0.000000 0.000000 0.000000 
16.467266 16.467266 75.932625 75.932625 75.311874 51.513775 1.462050 0.000000 0.000000 0.000000 0.000000 0.000000 0.000000 0.000000 0.000000 
27.646082 27.646082 75.932625 75.932625 67.128883 2.093911 4.835650 2.093911 0.000000 0.000000 0.000000 0.000000 0.000000 0.000000 0.000000 
21.792444 40.221790 75.932625 75.932625 75.932625 2.093911 57.316418 51.513775 0.000000 0.000000 0.000000 0.000000 0.000000 0.000000 0.000000 
27.646082 16.467266 75.523964 75.932625 75.932625 75.932625 51.513775 1.462050 51.513775 0.000000 0.000000 0.000000 0.000000 0.000000 0.000000 
16.467266 21.792444 67.934540 75.932625 75.932625 70.840225 51.513775 51.513775 2.093911 0.000000 0.000000 0.000000 0.000000 0.000000 0.000000 
21.792444 46.563389 75.523964 75.932625 75.932625 67.128883 51.513775 51.513775 51.513775 0.000000 0.000000 0.000000 0.000000 0.000000 0.000000 
16.467266 40.221790 67.934540 75.932625 75.932625 70.840225 75.932625 67.128883 51.513775 51.513775 0.000000 0.000000 0.000000 0.000000 0.000000 
40.221790 27.646082 52.684368 71.465935 75.932625 75.932625 67.128883 67.128883 57.316418 51.513775 0.000000 0.000000 0.000000 0.000000 0.000000 
40.221790 46.563389 16.467266 75.856941 75.932625 75.932625 73.595856 57.316418 51.513775 51.513775 0.000000 0.000000 0.000000 0.000000 0.000000 
52.684368 67.934540 63.534470 75.932625 75.932625 75.932625 73.595856 75.932625 51.513775 51.513775 51.513775 0.000000 0.000000 0.000000 0.000000 
16.467266 52.684368 33.851734 75.932625 75.932625 75.932625 75.932625 75.311874 57.316418 2.093911 57.316418 0.000000 0.000000 0.000000 0.000000 
16.467266 33.851734 67.934540 75.932625 75.932625 75.932625 75.932625 75.750504 51.513775 2.093911 51.513775 0.000000 0.000000 0.000000 0.000000 
0.000000 58.399162 58.399162 75.932625 75.932625 75.932625 75.932625 75.750504 75.932625 75.932625 51.513775 51.513775 0.000000 0.000000 0.000000 
0.000000 46.563389 71.465935 75.932625 67.934540 75.932625 73.595856 73.595856 57.316418 51.513775 51.513775 57.316418 0.000000 0.000000 0.000000 
0.000000 63.534470 63.534470 75.932625 52.684368 75.932625 75.932625 67.128883 75.932625 57.316418 51.513775 51.513775 0.000000 0.000000 0.000000 
0.000000 46.563389 21.792444 63.534470 27.646082 75.932625 75.750504 75.932625 73.595856 75.932625 75.932625 51.513775 0.000000 0.000000 0.000000 
0.000000 16.467266 67.934540 21.792444 75.932625 75.932625 75.932625 75.932625 75.311874 67.128883 70.840225 1.697356 57.316418 0.000000 0.000000 
0.000000 52.684368 40.221790 75.932625 75.932625 75.932625 75.932625 75.932625 75.932625 75.750504 70.840225 73.595856 67.128883 0.000000 0.000000 
0.000000 63.534470 63.534470 67.934540 75.932625 75.932625 75.932625 75.932625 75.932625 75.932625 75.932625 57.316418 67.128883 0.000000 0.000000 
0.000000 0.000000 46.563389 52.684368 75.932625 75.932625 75.932625 75.932625 75.932625 75.932625 67.128883 70.840225 75.932625 0.000000 0.000000 
0.000000 0.000000 67.934540 11.829915 27.646082 27.646082 75.932625 67.128883 75.932625 75.932625 75.932625 75.311874 73.595856 0.000000 0.000000 
0.000000 0.000000 52.684368 67.934540 27.646082 75.932625 21.792444 75.932625 75.932625 75.932625 75.932625 75.932625 70.840225 73.595856 0.000000 
0.000000 0.000000 21.792444 40.221790 40.221790 75.932625 58.399162 75.932625 62.574772 75.932625 75.932625 70.840225 70.840225 51.513775 0.000000 
0.000000 0.000000 52.684368 33.851734 33.851734 16.467266 75.932625 75.932625 75.932625 75.750504 75.932625 75.932625 70.840225 57.316418 0.000000 
0.000000 0.000000 27.646082 67.934540 16.467266 71.465935 75.932625 75.932625 75.932625 75.932625 62.574772 70.840225 75.932625 73.595856 0.000000 
0.000000 0.000000 0.000000 52.684368 75.932625 75.932625 75.932625 75.932625 70.840225 75.932625 67.128883 75.932625 70.840225 73.595856 0.000000 
0.000000 0.000000 0.000000 71.465935 74.021561 75.932625 27.646082 75.932625 75.932625 75.932625 75.932625 67.128883 75.932625 70.840225 0.000000 
0.000000 0.000000 0.000000 63.534470 58.399162 75.932625 75.932625 46.563389 75.932625 75.311874 75.932625 75.932625 75.932625 75.932625 0.000000 
0.000000 0.000000 0.000000 0.000000 27.646082 16.467266 21.792444 75.932625 75.932625 75.932625 75.932625 75.932625 75.932625 73.595856 0.000000 
0.000000 0.000000 0.000000 0.000000 75.932625 33.851734 74.021561 75.932625 74.021561 75.932625 75.932625 75.932625 73.595856 75.932625 0.000000 
0.000000 0.000000 0.000000 0.000000 63.534470 71.465935 75.932625 33.851734 75.932625 75.932625 75.932625 75.750504 75.932625 75.932625 0.000000 
0.000000 0.000000 0.000000 0.000000 0.000000 74.021561 27.646082 75.932625 75.932625 75.932625 75.932625 75.932625 70.840225 70.840225 70.840225 
0.000000 0.000000 0.000000 0.000000 0.000000 74.021561 16.467266 74.021561 75.932625 75.932625 75.932625 75.932625 73.595856 57.316418 75.750504 
0.000000 0.000000 0.000000 0.000000 0.000000 74.021561 75.932625 75.932625 75.932625 75.932625 75.932625 75.932625 75.932625 73.595856 75.932625 
0.000000 0.000000 0.000000 0.000000 0.000000 0.000000 75.932625 75.932625 58.399162 75.932625 75.932625 75.932625 75.932625 75.932625 75.932625 
0.000000 0.000000 0.000000 0.000000 0.000000 0.000000 75.932625 75.932625 75.523964 75.932625 75.932625 75.932625 70.840225 75.750504 0.000000 
0.000000 0.000000 0.000000 0.000000 0.000000 0.000000 0.000000 40.221790 74.021561 75.932625 75.932625 75.932625 75.932625 75.932625 0.000000 
0.000000 0.000000 0.000000 0.000000 0.000000 0.000000 0.000000 75.932625 75.932625 75.932625 75.932625 75.932625 75.932625 75.932625 0.000000 
0.000000 0.000000 0.000000 0.000000 0.000000 0.000000 0.000000 0.000000 74.021561 75.856941 75.932625 75.932625 75.932625 75.932625 0.000000 
0.000000 0.000000 0.000000 0.000000 0.000000 0.000000 0.000000 0.000000 0.000000 75.932625 75.932625 75.932625 75.932625 75.932625 0.000000 
0.000000 0.000000 0.000000 0.000000 0.000000 0.000000 0.000000 0.000000 0.000000 46.563389 75.932625 75.932625 75.932625 0.000000 0.000000 
