test/output/constant/M290_S000_A270_WD090.0_WS045.0/M290_S000_A270_WD090.0_WS045.0_arrival.asc
ncols         34
nrows         7
xllcorner     423303.990666
yllcorner     12748455.311160
cellsize      100.000000
NODATA_value  0.000000
0.000000 0.000000 0.000000 0.000000 0.000000 0.000000 0.000000 0.000000 0.000000 166.041667 166.040716 166.039698 166.039189 166.038171 166.037662 166.037153 166.037153 166.037153 166.037153 166.037662 166.038171 166.038680 166.040207 166.041225 0.000000 0.000000 0.000000 0.000000 0.000000 0.000000 0.000000 0.000000 0.000000 0.000000 
0.000000 0.000000 0.000000 166.041225 166.040207 166.039189 166.038171 166.036644 166.035626 166.034608 166.033082 166.032064 166.031046 166.030028 166.029010 166.027992 166.027483 166.026465 166.025447 166.024430 166.023921 166.022903 166.022394 166.022394 166.022394 166.022903 166.023412 166.024938 166.026974 166.030537 166.037153 0.000000 0.000000 0.000000 
0.000000 166.041225 166.039698 166.038680 166.037153 166.036135 166.034608 166.033591 166.032573 166.031046 166.030028 166.028501 166.027483 166.025956 166.024938 166.023412 166.022394 166.020867 166.019849 166.018831 166.017304 166.016286 166.014759 166.013742 166.012724 166.011197 166.010179 166.009161 166.008652 166.007634 166.007634 166.008143 166.011706 166.028501 
166.041667 166.040207 166.039189 166.037662 166.036644 166.035117 166.034100 166.032573 166.031555 166.030028 166.029010 166.027483 166.026465 166.024938 166.023921 166.022394 166.021376 166.019849 166.018831 166.017304 166.016286 166.014759 166.013742 166.012215 166.011197 166.009670 166.008652 166.007125 166.006107 166.004581 166.003563 166.002036 166.001018 166.000000 
0.000000 166.041225 166.039698 166.038680 166.037153 166.036135 166.034608 166.033591 166.032573 166.031046 166.030028 166.028501 166.027483 166.025956 166.024938 166.023412 166.022394 166.020867 166.019849 166.018831 166.017304 166.016286 166.014759 166.013742 166.012724 166.011197 166.010179 166.009161 166.008652 166.007634 166.007634 166.008143 166.011706 166.028501 
0.000000 0.000000 0.000000 166.041225 166.040207 166.039189 166.038171 166.036644 166.035626 166.034608 166.033082 166.032064 166.031046 166.030028 166.029010 166.027992 166.027483 166.026465 166.025447 166.024430 166.023921 166.022903 166.022394 166.022394 166.022394 166.022903 166.023412 166.024938 166.026974 166.030537 166.037153 0.000000 0.000000 0.000000 
0.000000 0.000000 0.000000 0.000000 0.000000 0.000000 0.000000 0.000000 0.000000 166.041667 166.040716 166.039698 166.039189 166.038171 166.037662 166.037153 166.037153 166.037153 166.037153 166.037662 166.038171 166.038680 166.040207 166.041225 0.000000 0.000000 0.000000 0.000000 0.000000 0.000000 0.000000 0.000000 0.000000 0.000000 
