test/output/constant/M3M4100_S060_A000_WD315.0_WS010.0/M3M4100_S060_A000_WD315.0_WS010.0_raz.asc
ncols         46
nrows         15
xllcorner     422203.990666
yllcorner     12747555.311160
cellsize      100.000000
NODATA_value  0.000000
0 0 0 0 0 0 0 0 0 0 0 0 0 0 0 0 0 0 0 0 0 0 0 0 0 0 0 0 0 284 284 276 270 270 284 279 284 276 279 276 284 279 56 347 0 0 
0 0 0 0 0 0 0 0 0 0 0 0 0 0 0 0 0 0 0 0 0 0 276 270 284 268 279 268 270 273 270 273 270 276 270 270 279 284 270 276 284 276 279 279 347 56 
0 0 0 0 0 0 0 0 0 0 0 0 0 0 0 0 276 268 279 270 276 270 270 270 268 279 270 276 270 270 273 268 284 268 270 273 270 268 270 270 270 267 257 257 254 147 
0 0 0 0 0 0 0 0 0 0 0 0 0 270 270 268 268 273 270 270 290 267 268 268 279 268 268 279 276 268 268 268 268 262 264 261 257 257 257 257 257 257 257 179 179 167 
0 0 0 0 0 0 0 0 0 0 270 268 276 268 268 270 284 273 270 276 276 268 268 267 264 276 268 268 261 276 273 257 257 257 257 257 257 257 257 253 205 248 179 167 167 0 
0 0 0 0 0 0 0 261 264 262 261 273 284 270 270 270 270 284 270 264 276 257 268 270 262 257 257 257 276 257 257 257 257 257 254 257 256 205 167 167 248 248 167 179 0 0 
0 0 0 0 0 268 268 268 284 276 268 268 279 268 276 265 279 290 265 279 257 257 261 257 257 257 257 257 257 257 257 255 255 251 205 248 248 248 189 205 99 167 0 0 0 0 
0 0 0 270 270 268 270 273 261 268 273 257 260 268 268 257 279 257 257 257 257 257 257 257 257 257 257 257 257 257 251 205 250 217 179 205 189 99 205 147 0 0 0 0 0 0 
0 0 268 267 262 265 268 257 270 268 257 260 257 257 270 257 257 257 257 257 257 257 257 257 256 257 257 250 250 248 250 248 248 250 248 248 167 248 0 0 0 0 0 0 0 0 
268 257 264 270 268 257 257 257 257 257 257 257 257 257 257 257 257 257 257 257 257 257 257 250 251 217 250 248 217 167 167 248 205 248 205 0 0 0 0 0 0 0 0 0 0 0 
257 257 257 261 257 257 257 257 257 257 257 257 257 257 257 253 257 257 257 257 251 253 205 248 250 205 248 189 189 248 179 205 0 0 0 0 0 0 0 0 0 0 0 0 0 0 
257 257 257 257 257 257 257 257 257 257 257 257 257 257 253 257 254 251 248 205 248 250 250 248 147 248 248 250 248 0 0 0 0 0 0 0 0 0 0 0 0 0 0 0 0 0 
257 257 257 257 257 254 257 257 257 257 257 255 257 251 248 251 217 248 250 248 205 205 189 179 217 0 0 0 0 0 0 0 0 0 0 0 0 0 0 0 0 0 0 0 0 0 
0 257 257 257 257 257 257 255 257 254 251 251 248 205 248 248 250 250 248 205 0 0 0 0 0 0 0 0 0 0 0 0 0 0 0 0 0 0 0 0 0 0 0 0 0 0 
0 0 0 0 0 0 257 254 257 255 0 0 0 0 0 0 0 0 0 0 0 0 0 0 0 0 0 0 0 0 0 0 0 0 0 0 0 0 0 0 0 0 0 0 0 0 
