test/output/constant/M3M4100_S060_A000_WD315.0_WS010.0/M3M4100_S060_A000_WD315.0_WS010.0_ros.asc
ncols         46
nrows         15
xllcorner     422203.990666
yllcorner     12747555.311160
cellsize      100.000000
NODATA_value  0.000000
0.000000 0.000000 0.000000 0.000000 0.000000 0.000000 0.000000 0.000000 0.000000 0.000000 0.000000 0.000000 0.000000 0.000000 0.000000 0.000000 0.000000 0.000000 0.000000 0.000000 0.000000 0.000000 0.000000 0.000000 0.000000 0.000000 0.000000 0.000000 0.000000 16.467266 16.467266 27.646082 40.221790 40.221790 16.467266 21.792444 16.467266 27.646082 21.792444 27.646082 16.467266 21.792444 1.394188 2.093911 0.000000 0.000000 
0.000000 0.000000 0.000000 0.000000 0.000000 0.000000 0.000000 0.000000 0.000000 0.000000 0.000000 0.000000 0.000000 0.000000 0.000000 0.000000 0.000000 0.000000 0.000000 0.000000 0.000000 0.000000 27.646082 40.221790 16.467266 46.563389 21.792444 46.563389 40.221790 33.851734 40.221790 33.851734 40.221790 27.646082 40.221790 40.221790 21.792444 16.467266 40.221790 27.646082 16.467266 27.646082 21.792444 21.792444 2.093911 1.394188 
0.000000 0.000000 0.000000 0.000000 0.000000 0.000000 0.000000 0.000000 0.000000 0.000000 0.000000 0.000000 0.000000 0.000000 0.000000 0.000000 27.646082 46.563389 21.792444 40.221790 27.646082 40.221790 40.221790 40.221790 46.563389 21.792444 40.221790 27.646082 40.221790 40.221790 33.851734 46.563389 16.467266 46.563389 40.221790 33.851734 40.221790 46.563389 40.221790 40.221790 40.221790 52.684368 75.932625 75.932625 0.000000 1.697356 
0.000000 0.000000 0.000000 0.000000 0.000000 0.000000 0.000000 0.000000 0.000000 0.000000 0.000000 0.000000 0.000000 40.221790 40.221790 46.563389 46.563389 33.851734 40.221790 40.221790 11.829915 52.684368 46.563389 46.563389 21.792444 46.563389 46.563389 21.792444 27.646082 46.563389 46.563389 46.563389 46.563389 67.934540 63.534470 71.465935 75.932625 75.932625 75.932625 75.932625 75.932625 75.932625 75.932625 2.490350 2.490350 2.093911 
0.000000 0.000000 0.000000 0.000000 0.000000 0.000000 0.000000 0.000000 0.000000 0.000000 40.221790 46.563389 27.646082 46.563389 46.563389 40.221790 16.467266 33.851734 40.221790 27.646082 27.646082 46.563389 46.563389 52.684368 63.534470 27.646082 46.563389 46.563389 71.465935 27.646082 33.851734 75.932625 75.932625 75.932625 75.932625 75.932625 75.932625 75.932625 75.932625 67.128883 4.835650 51.513775 2.490350 2.093911 2.093911 0.000000 
0.000000 0.000000 0.000000 0.000000 0.000000 0.000000 0.000000 71.465935 63.534470 67.934540 71.465935 33.851734 16.467266 40.221790 40.221790 40.221790 40.221790 16.467266 40.221790 63.534470 27.646082 75.932625 46.563389 40.221790 67.934540 75.932625 75.932625 75.932625 27.646082 75.932625 75.932625 75.932625 75.932625 75.932625 70.840225 75.932625 75.311874 4.835650 2.093911 2.093911 51.513775 51.513775 2.093911 2.490350 0.000000 0.000000 
0.000000 0.000000 0.000000 0.000000 0.000000 46.563389 46.563389 46.563389 16.467266 27.646082 46.563389 46.563389 21.792444 46.563389 27.646082 58.399162 21.792444 11.829915 58.399162 21.792444 75.932625 75.932625 71.465935 75.932625 75.932625 75.932625 75.932625 75.932625 75.932625 75.932625 75.932625 73.595856 73.595856 62.574772 4.835650 51.513775 51.513775 51.513775 3.072759 4.835650 1.462050 2.093911 0.000000 0.000000 0.000000 0.000000 
0.000000 0.000000 0.000000 40.221790 40.221790 46.563389 40.221790 33.851734 71.465935 46.563389 33.851734 75.932625 74.021561 46.563389 46.563389 75.932625 21.792444 75.932625 75.932625 75.932625 75.932625 75.932625 75.932625 75.932625 75.932625 75.932625 75.932625 75.932625 75.750504 75.750504 62.574772 4.835650 57.316418 7.528205 2.490350 4.835650 3.072759 1.462050 4.835650 1.697356 0.000000 0.000000 0.000000 0.000000 0.000000 0.000000 
0.000000 0.000000 46.563389 52.684368 67.934540 58.399162 46.563389 75.932625 40.221790 46.563389 75.932625 74.021561 75.932625 75.932625 40.221790 75.932625 75.932625 75.932625 75.932625 75.932625 75.932625 75.932625 75.932625 75.932625 75.311874 75.932625 75.932625 57.316418 57.316418 51.513775 57.316418 51.513775 51.513775 57.316418 51.513775 51.513775 2.093911 51.513775 0.000000 0.000000 0.000000 0.000000 0.000000 0.000000 0.000000 0.000000 
46.563389 75.932625 63.534470 40.221790 46.563389 75.932625 75.932625 75.932625 75.932625 75.932625 75.932625 75.932625 75.932625 75.932625 75.932625 75.932625 75.932625 75.932625 75.932625 75.932625 75.932625 75.932625 75.932625 57.316418 62.574772 7.528205 57.316418 51.513775 7.528205 2.093911 2.093911 51.513775 4.835650 51.513775 4.835650 0.000000 0.000000 0.000000 0.000000 0.000000 0.000000 0.000000 0.000000 0.000000 0.000000 0.000000 
75.932625 75.932625 75.932625 71.465935 75.932625 75.932625 75.932625 75.932625 75.932625 75.932625 75.932625 75.932625 75.932625 75.932625 75.932625 67.128883 75.932625 75.932625 75.932625 75.932625 62.574772 67.128883 4.835650 51.513775 57.316418 4.835650 51.513775 3.072759 3.072759 51.513775 2.490350 4.835650 0.000000 0.000000 0.000000 0.000000 0.000000 0.000000 0.000000 0.000000 0.000000 0.000000 0.000000 0.000000 0.000000 0.000000 
75.932625 75.932625 75.932625 75.932625 75.932625 75.932625 75.932625 75.932625 75.932625 75.932625 75.932625 75.932625 75.932625 75.932625 67.128883 75.932625 70.840225 62.574772 51.513775 4.835650 51.513775 57.316418 57.316418 51.513775 1.697356 51.513775 51.513775 57.316418 51.513775 0.000000 0.000000 0.000000 0.000000 0.000000 0.000000 0.000000 0.000000 0.000000 0.000000 0.000000 0.000000 0.000000 0.000000 0.000000 0.000000 0.000000 
75.932625 75.932625 75.932625 75.932625 75.932625 70.840225 75.932625 75.932625 75.932625 75.932625 75.932625 73.595856 75.932625 62.574772 51.513775 62.574772 7.528205 51.513775 57.316418 51.513775 4.835650 4.835650 3.072759 2.490350 7.528205 0.000000 0.000000 0.000000 0.000000 0.000000 0.000000 0.000000 0.000000 0.000000 0.000000 0.000000 0.000000 0.000000 0.000000 0.000000 0.000000 0.000000 0.000000 0.000000 0.000000 0.000000 
0.000000 75.932625 75.932625 75.932625 75.932625 75.750504 75.932625 73.595856 75.932625 70.840225 62.574772 62.574772 51.513775 4.835650 51.513775 51.513775 57.316418 57.316418 51.513775 4.835650 0.000000 0.000000 0.000000 0.000000 0.000000 0.000000 0.000000 0.000000 0.000000 0.000000 0.000000 0.000000 0.000000 0.000000 0.000000 0.000000 0.000000 0.000000 0.000000 0.000000 0.000000 0.000000 0.000000 0.000000 0.000000 0.000000 
0.000000 0.000000 0.000000 0.000000 0.000000 0.000000 75.932625 70.840225 75.932625 73.595856 0.000000 0.000000 0.000000 0.000000 0.000000 0.000000 0.000000 0.000000 0.000000 0.000000 0.000000 0.000000 0.000000 0.000000 0.000000 0.000000 0.000000 0.000000 0.000000 0.000000 0.000000 0.000000 0.000000 0.000000 0.000000 0.000000 0.000000 0.000000 0.000000 0.000000 0.000000 0.000000 0.000000 0.000000 0.000000 0.000000 
