test/output/constant/M375_S060_A090_WD090.0_WS010.0/M375_S060_A090_WD090.0_WS010.0_raz.asc
ncols         14
nrows         43
xllcorner     425403.990666
yllcorner     12744555.311160
cellsize      100.000000
NODATA_value  0.000000
0 0 0 0 0 0 0 0 0 0 0 308 254 104 
0 0 0 0 0 0 0 0 0 0 271 201 194 166 
0 0 0 0 0 0 0 0 0 271 308 194 194 166 
0 0 0 0 0 0 0 0 0 242 242 194 181 166 
0 0 0 0 0 0 0 0 271 230 199 194 181 171 
0 0 0 0 0 0 0 0 204 202 194 194 181 178 
0 0 0 0 0 0 0 204 271 201 194 191 166 175 
0 0 0 0 0 0 0 202 242 199 194 188 178 178 
0 0 0 0 0 0 259 259 242 194 194 183 181 181 
0 0 0 0 0 0 201 242 242 194 194 178 178 171 
0 0 0 0 0 259 259 242 199 194 190 166 178 181 
0 0 0 0 0 271 202 201 194 194 191 181 175 171 
0 0 0 0 0 202 202 199 194 194 178 192 178 178 
0 0 0 0 202 202 230 194 194 194 171 181 175 0 
0 0 0 0 202 202 284 194 194 178 181 175 171 0 
0 0 0 0 259 259 202 194 194 178 166 181 181 0 
0 0 0 202 202 202 194 194 194 194 194 166 166 0 
0 0 0 202 259 199 194 194 190 178 178 181 181 0 
0 0 0 202 202 202 195 194 194 181 171 178 166 0 
0 0 0 202 259 242 194 194 194 181 181 178 181 0 
0 0 202 242 201 194 195 194 188 171 171 178 0 0 
0 0 242 202 201 194 194 194 178 190 181 178 0 0 
0 0 259 202 242 194 194 194 178 181 178 175 0 0 
0 0 202 201 194 194 194 166 181 171 178 171 0 0 
0 202 202 202 194 194 194 181 178 181 178 0 0 0 
0 230 230 271 194 194 194 192 181 181 186 0 0 0 
0 202 242 194 194 194 194 181 181 171 178 0 0 0 
0 202 202 194 194 194 181 181 181 181 181 0 0 0 
0 259 201 194 194 194 189 181 190 178 0 0 0 0 
201 199 196 194 194 194 188 194 178 181 0 0 0 0 
201 242 194 194 194 194 181 178 181 0 0 0 0 0 
199 199 197 194 194 175 178 189 175 0 0 0 0 0 
202 195 194 195 194 178 181 175 178 0 0 0 0 0 
259 194 194 194 194 194 181 192 0 0 0 0 0 0 
199 195 194 194 194 193 188 178 0 0 0 0 0 0 
194 194 194 194 181 178 181 190 0 0 0 0 0 0 
194 194 194 194 190 178 171 0 0 0 0 0 0 0 
195 194 194 192 188 178 175 0 0 0 0 0 0 0 
194 194 194 194 190 178 0 0 0 0 0 0 0 0 
194 194 194 190 181 0 0 0 0 0 0 0 0 0 
194 194 194 178 178 0 0 0 0 0 0 0 0 0 
194 194 175 194 0 0 0 0 0 0 0 0 0 0 
0 194 194 0 0 0 0 0 0 0 0 0 0 0 
