test/output/constant/S3_S060_A000_WD045.0_WS020.0/S3_S060_A000_WD045.0_WS020.0_arrival.asc
ncols         22
nrows         11
xllcorner     424503.990666
yllcorner     12747755.311160
cellsize      100.000000
NODATA_value  0.000000
0.000000 0.000000 0.000000 0.000000 0.000000 0.000000 0.000000 0.000000 0.000000 0.000000 0.000000 0.000000 0.000000 0.000000 166.040355 166.032567 166.024779 166.016992 166.009912 166.004248 166.001416 166.000000 
0.000000 0.000000 0.000000 0.000000 0.000000 0.000000 0.000000 0.000000 0.000000 0.000000 0.000000 0.000000 166.035399 166.028319 166.021947 166.016284 166.011328 166.007788 166.005664 166.003540 166.002124 166.004956 
0.000000 0.000000 0.000000 0.000000 0.000000 0.000000 0.000000 0.000000 0.000000 166.041063 166.034691 166.029027 166.023363 166.018407 166.014160 166.011328 166.009204 166.007788 166.006372 166.007080 166.014160 0.000000 
0.000000 0.000000 0.000000 0.000000 0.000000 0.000000 0.000000 166.041063 166.035399 166.030443 166.025487 166.021239 166.018407 166.015576 166.013452 166.011328 166.010620 166.010620 166.012744 166.023363 0.000000 0.000000 
0.000000 0.000000 0.000000 0.000000 0.000000 0.000000 166.037523 166.032567 166.028319 166.024779 166.021947 166.019823 166.017699 166.015576 166.014868 166.014868 166.016284 166.020531 166.031859 0.000000 0.000000 0.000000 
0.000000 0.000000 0.000000 0.000000 166.039647 166.035399 166.031859 166.028319 166.025487 166.023363 166.021239 166.019823 166.019115 166.018407 166.019823 166.022655 166.028319 166.041063 0.000000 0.000000 0.000000 0.000000 
0.000000 0.000000 0.000000 166.038939 166.035399 166.032567 166.029735 166.027611 166.025487 166.024071 166.022655 166.022655 166.023363 166.025487 166.029027 166.036815 0.000000 0.000000 0.000000 0.000000 0.000000 0.000000 
0.000000 0.000000 166.038939 166.036107 166.033983 166.031859 166.029735 166.027611 166.026903 166.026903 166.027611 166.029027 166.031859 166.036815 0.000000 0.000000 0.000000 0.000000 0.000000 0.000000 0.000000 0.000000 
0.000000 166.039647 166.037523 166.035399 166.033983 166.031859 166.031151 166.031151 166.031151 166.032567 166.034691 166.038231 0.000000 0.000000 0.000000 0.000000 0.000000 0.000000 0.000000 0.000000 0.000000 0.000000 
166.041667 166.039647 166.037523 166.036107 166.035399 166.035399 166.035399 166.036107 166.038231 166.041063 0.000000 0.000000 0.000000 0.000000 0.000000 0.000000 0.000000 0.000000 0.000000 0.000000 0.000000 0.000000 
166.041667 166.040355 166.039647 166.038939 166.039647 166.039647 166.041063 0.000000 0.000000 0.000000 0.000000 0.000000 0.000000 0.000000 0.000000 0.000000 0.000000 0.000000 0.000000 0.000000 0.000000 0.000000 
