test/output/constant/M3M4100_S060_A270_WD045.0_WS040.0/M3M4100_S060_A270_WD045.0_WS040.0_raz.asc
ncols         35
nrows         17
xllcorner     423303.990666
yllcorner     12748655.311160
cellsize      100.000000
NODATA_value  0.000000
293 296 293 293 293 300 302 300 300 300 0 0 0 0 0 0 0 0 0 0 0 0 0 0 0 0 0 0 0 0 0 0 0 0 0 
293 293 293 293 293 293 300 297 332 355 300 299 302 302 0 0 0 0 0 0 0 0 0 0 0 0 0 0 0 0 0 0 0 0 0 
293 293 293 293 293 293 294 299 293 299 300 293 355 23 342 300 355 0 0 0 0 0 0 0 0 0 0 0 0 0 0 0 0 0 0 
293 293 292 286 293 293 296 293 293 293 293 299 300 302 299 300 300 300 300 0 0 0 0 0 0 0 0 0 0 0 0 0 0 0 0 
0 293 271 274 293 293 293 293 293 293 293 293 293 299 293 299 355 300 342 13 342 0 0 0 0 0 0 0 0 0 0 0 0 0 0 
0 0 271 271 293 291 293 286 293 293 293 293 296 296 300 294 300 302 300 342 300 342 13 0 0 0 0 0 0 0 0 0 0 0 0 
0 0 0 266 271 271 271 293 285 293 293 293 293 293 293 294 300 299 302 299 300 342 342 342 355 0 0 0 0 0 0 0 0 0 0 
0 0 0 0 286 274 271 271 271 266 288 271 293 293 293 293 294 293 294 299 332 302 355 355 302 300 18 0 0 0 0 0 0 0 0 
0 0 0 0 0 0 274 271 271 271 266 274 271 293 293 292 293 293 293 293 293 300 300 300 300 342 13 13 13 0 0 0 0 0 0 
0 0 0 0 0 0 0 0 286 271 271 271 286 271 271 293 289 293 293 293 293 293 300 355 299 302 13 23 13 23 0 0 0 0 0 
0 0 0 0 0 0 0 0 0 281 271 271 271 286 274 285 266 271 291 293 293 293 293 293 300 300 302 300 13 23 355 13 0 0 0 
0 0 0 0 0 0 0 0 0 0 0 271 271 271 271 271 271 271 286 271 271 289 293 293 293 293 293 300 302 342 18 13 13 0 0 
0 0 0 0 0 0 0 0 0 0 0 0 0 271 274 271 274 271 279 274 286 277 281 266 293 293 293 293 296 355 300 23 41 13 0 
0 0 0 0 0 0 0 0 0 0 0 0 0 0 0 0 266 266 271 271 274 274 271 271 283 266 277 293 293 293 299 302 355 41 41 
0 0 0 0 0 0 0 0 0 0 0 0 0 0 0 0 0 0 271 266 266 271 266 266 271 271 271 271 266 292 293 293 293 13 23 
0 0 0 0 0 0 0 0 0 0 0 0 0 0 0 0 0 0 0 0 0 266 271 271 271 271 271 266 271 271 281 266 293 65535 41 
0 0 0 0 0 0 0 0 0 0 0 0 0 0 0 0 0 0 0 0 0 0 0 0 0 271 266 266 271 271 271 243 266 88 137 
