test/output/constant/M3M4100_S060_A270_WD045.0_WS040.0/M3M4100_S060_A270_WD045.0_WS040.0_ros.asc
ncols         35
nrows         17
xllcorner     423303.990666
yllcorner     12748655.311160
cellsize      100.000000
NODATA_value  0.000000
59.780724 57.473427 59.780724 59.780724 59.780724 48.467865 44.313892 48.467865 48.467865 48.467865 0.000000 0.000000 0.000000 0.000000 0.000000 0.000000 0.000000 0.000000 0.000000 0.000000 0.000000 0.000000 0.000000 0.000000 0.000000 0.000000 0.000000 0.000000 0.000000 0.000000 0.000000 0.000000 0.000000 0.000000 0.000000 
59.738930 59.780724 59.780724 59.780724 59.780724 59.738930 48.467865 55.149036 9.254933 4.600219 48.467865 52.116489 44.313892 44.313892 0.000000 0.000000 0.000000 0.000000 0.000000 0.000000 0.000000 0.000000 0.000000 0.000000 0.000000 0.000000 0.000000 0.000000 0.000000 0.000000 0.000000 0.000000 0.000000 0.000000 0.000000 
59.780724 59.780724 59.780724 59.780724 59.780724 59.780724 59.019051 52.116489 59.780724 52.116489 48.467865 59.780724 4.600219 2.743829 6.600807 48.467865 4.600219 0.000000 0.000000 0.000000 0.000000 0.000000 0.000000 0.000000 0.000000 0.000000 0.000000 0.000000 0.000000 0.000000 0.000000 0.000000 0.000000 0.000000 0.000000 
59.780724 59.780724 59.605694 51.042660 59.780724 59.780724 57.473427 59.780724 59.780724 59.780724 59.780724 52.116489 48.467865 44.313892 52.116489 48.467865 48.467865 48.467865 48.467865 0.000000 0.000000 0.000000 0.000000 0.000000 0.000000 0.000000 0.000000 0.000000 0.000000 0.000000 0.000000 0.000000 0.000000 0.000000 0.000000 
0.000000 59.780724 19.270815 23.817945 59.780724 59.780724 59.780724 59.780724 59.780724 59.780724 59.780724 59.738930 59.780724 52.116489 59.780724 52.116489 4.600219 48.467865 6.600807 3.219956 6.600807 0.000000 0.000000 0.000000 0.000000 0.000000 0.000000 0.000000 0.000000 0.000000 0.000000 0.000000 0.000000 0.000000 0.000000 
0.000000 0.000000 19.270815 19.270815 59.780724 58.625881 59.780724 51.042660 59.780724 59.780724 59.780724 59.780724 57.473427 57.473427 48.467865 59.019051 48.467865 44.313892 48.467865 6.600807 48.467865 6.600807 3.219956 0.000000 0.000000 0.000000 0.000000 0.000000 0.000000 0.000000 0.000000 0.000000 0.000000 0.000000 0.000000 
0.000000 0.000000 0.000000 15.096015 19.270815 19.270815 19.270815 59.780724 47.222610 59.780724 59.780724 59.780724 59.780724 59.780724 59.780724 59.019051 48.467865 52.116489 44.313892 52.116489 48.467865 6.600807 6.600807 6.600807 4.600219 0.000000 0.000000 0.000000 0.000000 0.000000 0.000000 0.000000 0.000000 0.000000 0.000000 
0.000000 0.000000 0.000000 0.000000 51.042660 23.817945 19.270815 19.270815 19.270815 15.096015 54.278488 19.270815 59.780724 59.780724 59.780724 59.780724 59.019051 59.780724 59.019051 52.116489 9.254933 44.313892 4.600219 4.600219 44.313892 48.467865 2.965964 0.000000 0.000000 0.000000 0.000000 0.000000 0.000000 0.000000 0.000000 
0.000000 0.000000 0.000000 0.000000 0.000000 0.000000 23.817945 19.270815 19.270815 19.270815 15.096015 23.817945 19.270815 59.780724 59.780724 59.605694 59.780724 59.780724 59.780724 59.780724 59.780724 48.467865 48.467865 48.467865 48.467865 6.600807 3.219956 3.219956 3.219956 0.000000 0.000000 0.000000 0.000000 0.000000 0.000000 
0.000000 0.000000 0.000000 0.000000 0.000000 0.000000 0.000000 0.000000 51.042660 19.270815 19.270815 19.270815 51.042660 19.270815 19.270815 59.780724 56.832027 59.780724 59.780724 59.780724 59.780724 59.780724 48.467865 4.600219 52.116489 44.313892 3.219956 2.743829 3.219956 2.743829 0.000000 0.000000 0.000000 0.000000 0.000000 
0.000000 0.000000 0.000000 0.000000 0.000000 0.000000 0.000000 0.000000 0.000000 38.306946 19.270815 19.270815 19.270815 51.042660 23.817945 47.222610 15.096015 19.270815 58.625881 59.780724 59.780724 59.780724 59.780724 59.780724 48.467865 48.467865 44.313892 48.467865 3.219956 2.743829 4.600219 3.219956 0.000000 0.000000 0.000000 
0.000000 0.000000 0.000000 0.000000 0.000000 0.000000 0.000000 0.000000 0.000000 0.000000 0.000000 19.270815 19.270815 19.270815 19.270815 19.270815 19.270815 19.270815 51.042660 19.270815 19.270815 56.832027 59.780724 59.780724 59.780724 59.780724 59.780724 48.467865 44.313892 6.600807 2.965964 3.219956 3.219956 0.000000 0.000000 
0.000000 0.000000 0.000000 0.000000 0.000000 0.000000 0.000000 0.000000 0.000000 0.000000 0.000000 0.000000 0.000000 19.270815 23.817945 19.270815 23.817945 19.270815 33.481171 23.817945 51.042660 28.602522 38.306946 15.096015 59.780724 59.780724 59.780724 59.780724 57.473427 4.600219 48.467865 2.743829 2.125905 3.219956 0.000000 
0.000000 0.000000 0.000000 0.000000 0.000000 0.000000 0.000000 0.000000 0.000000 0.000000 0.000000 0.000000 0.000000 0.000000 0.000000 0.000000 15.096015 15.096015 19.270815 19.270815 23.817945 23.817945 19.270815 19.270815 42.934086 15.096015 28.602522 59.780724 59.780724 59.780724 52.116489 44.313892 4.600219 2.125905 2.125905 
0.000000 0.000000 0.000000 0.000000 0.000000 0.000000 0.000000 0.000000 0.000000 0.000000 0.000000 0.000000 0.000000 0.000000 0.000000 0.000000 0.000000 0.000000 19.270815 15.096015 15.096015 19.270815 15.096015 15.096015 19.270815 19.270815 19.270815 19.270815 15.096015 59.605694 59.780724 59.780724 59.780724 3.219956 2.743829 
0.000000 0.000000 0.000000 0.000000 0.000000 0.000000 0.000000 0.000000 0.000000 0.000000 0.000000 0.000000 0.000000 0.000000 0.000000 0.000000 0.000000 0.000000 0.000000 0.000000 0.000000 15.096015 19.270815 19.270815 19.270815 19.270815 19.270815 15.096015 19.270815 19.270815 38.306946 15.096015 59.780724 0.000000 2.125905 
0.000000 0.000000 0.000000 0.000000 0.000000 0.000000 0.000000 0.000000 0.000000 0.000000 0.000000 0.000000 0.000000 0.000000 0.000000 0.000000 0.000000 0.000000 0.000000 0.000000 0.000000 0.000000 0.000000 0.000000 0.000000 19.270815 15.096015 15.096015 19.270815 19.270815 19.270815 5.908139 15.096015 1.568732 1.696700 
