test/output/constant/M375_S060_A000_WD090.0_WS020.0/M375_S060_A000_WD090.0_WS020.0_arrival.asc
ncols         53
nrows         9
xllcorner     421403.990666
yllcorner     12748355.311160
cellsize      100.000000
NODATA_value  0.000000
0.000000 0.000000 0.000000 0.000000 0.000000 0.000000 0.000000 0.000000 0.000000 0.000000 0.000000 0.000000 0.000000 0.000000 0.000000 0.000000 0.000000 166.041624 166.040983 166.040663 166.040023 166.040023 166.039703 166.039703 166.040023 166.040023 166.040023 166.040343 166.040663 166.040983 166.041304 166.041624 0.000000 0.000000 0.000000 0.000000 0.000000 0.000000 0.000000 0.000000 0.000000 0.000000 0.000000 0.000000 0.000000 0.000000 0.000000 0.000000 0.000000 0.000000 0.000000 0.000000 0.000000 
0.000000 0.000000 0.000000 0.000000 0.000000 0.000000 0.000000 166.041624 166.040983 166.040023 166.039383 166.038742 166.038102 166.037461 166.036821 166.036181 166.035861 166.035220 166.034580 166.033939 166.033299 166.032979 166.032339 166.031698 166.031378 166.030738 166.030097 166.029777 166.029137 166.028816 166.028496 166.028496 166.028496 166.028496 166.028816 166.029137 166.029457 166.029777 166.030738 166.031698 166.032659 166.034580 166.036501 166.039383 0.000000 0.000000 0.000000 0.000000 0.000000 0.000000 0.000000 0.000000 0.000000 
0.000000 0.000000 0.000000 166.041304 166.040663 166.039703 166.039062 166.038422 166.037461 166.036821 166.036181 166.035220 166.034580 166.033939 166.032979 166.032339 166.031698 166.030738 166.030097 166.029457 166.028496 166.027856 166.027216 166.026255 166.025615 166.024974 166.024334 166.023373 166.022733 166.022093 166.021772 166.021132 166.020492 166.019851 166.019531 166.018891 166.018250 166.017610 166.017290 166.017290 166.017290 166.017290 166.017610 166.017930 166.018891 166.019851 166.021772 166.024974 166.029457 166.036821 0.000000 0.000000 0.000000 
0.000000 166.041304 166.040343 166.039703 166.038742 166.038102 166.037141 166.036501 166.035540 166.034900 166.033939 166.033299 166.032339 166.031698 166.030738 166.030097 166.029137 166.028496 166.027536 166.026895 166.025935 166.025294 166.024334 166.023694 166.022733 166.022093 166.021132 166.020492 166.019531 166.018891 166.017930 166.017290 166.016650 166.015689 166.015049 166.014408 166.013448 166.012807 166.012167 166.011206 166.010566 166.009605 166.008965 166.008325 166.007684 166.007044 166.006404 166.005763 166.005763 166.006083 166.007044 166.010886 166.028496 
166.041304 166.040663 166.039703 166.039062 166.038102 166.037461 166.036501 166.035861 166.034900 166.034260 166.033299 166.032659 166.031698 166.031058 166.030097 166.029457 166.028496 166.027856 166.026895 166.026255 166.025294 166.024654 166.023694 166.023053 166.022093 166.021452 166.020492 166.019851 166.018891 166.018250 166.017290 166.016650 166.015689 166.015049 166.014088 166.013448 166.012487 166.011847 166.010886 166.010246 166.009285 166.008645 166.007684 166.007044 166.006083 166.005443 166.004483 166.003842 166.002882 166.002241 166.001281 166.000640 166.000000 
0.000000 166.041304 166.040343 166.039703 166.038742 166.038102 166.037141 166.036501 166.035540 166.034900 166.033939 166.033299 166.032339 166.031698 166.030738 166.030097 166.029137 166.028496 166.027536 166.026895 166.025935 166.025294 166.024334 166.023694 166.022733 166.022093 166.021132 166.020492 166.019531 166.018891 166.017930 166.017290 166.016650 166.015689 166.015049 166.014408 166.013448 166.012807 166.012167 166.011206 166.010566 166.009605 166.008965 166.008325 166.007684 166.007044 166.006404 166.005763 166.005763 166.006083 166.007044 166.010886 166.028496 
0.000000 0.000000 0.000000 166.041304 166.040663 166.039703 166.039062 166.038422 166.037461 166.036821 166.036181 166.035220 166.034580 166.033939 166.032979 166.032339 166.031698 166.030738 166.030097 166.029457 166.028496 166.027856 166.027216 166.026255 166.025615 166.024974 166.024334 166.023373 166.022733 166.022093 166.021772 166.021132 166.020492 166.019851 166.019531 166.018891 166.018250 166.017610 166.017290 166.017290 166.017290 166.017290 166.017610 166.017930 166.018891 166.019851 166.021772 166.024974 166.029457 166.036821 0.000000 0.000000 0.000000 
0.000000 0.000000 0.000000 0.000000 0.000000 0.000000 0.000000 166.041624 166.040983 166.040023 166.039383 166.038742 166.038102 166.037461 166.036821 166.036181 166.035861 166.035220 166.034580 166.033939 166.033299 166.032979 166.032339 166.031698 166.031378 166.030738 166.030097 166.029777 166.029137 166.028816 166.028496 166.028496 166.028496 166.028496 166.028816 166.029137 166.029457 166.029777 166.030738 166.031698 166.032659 166.034580 166.036501 166.039383 0.000000 0.000000 0.000000 0.000000 0.000000 0.000000 0.000000 0.000000 0.000000 
0.000000 0.000000 0.000000 0.000000 0.000000 0.000000 0.000000 0.000000 0.000000 0.000000 0.000000 0.000000 0.000000 0.000000 0.000000 0.000000 0.000000 166.041624 166.040983 166.040663 166.040023 166.040023 166.039703 166.039703 166.040023 166.040023 166.040023 166.040343 166.040663 166.040983 166.041304 166.041624 0.000000 0.000000 0.000000 0.000000 0.000000 0.000000 0.000000 0.000000 0.000000 0.000000 0.000000 0.000000 0.000000 0.000000 0.000000 0.000000 0.000000 0.000000 0.000000 0.000000 0.000000 
