test/output/constant/M3M400_S000_A180_WD180.0_WS030.0/M3M400_S000_A180_WD180.0_WS030.0_raz.asc
ncols         11
nrows         44
xllcorner     426103.990666
yllcorner     12748655.311160
cellsize      100.000000
NODATA_value  0.000000
0 0 0 0 360 360 3 0 0 0 0 
0 0 0 360 360 0 1 1 0 0 0 
0 0 0 360 360 360 1 1 0 0 0 
0 0 360 360 360 0 1 1 1 0 0 
0 0 360 360 360 360 1 1 0 0 0 
0 360 360 360 360 0 1 3 7 0 0 
0 355 360 360 360 360 1 4 1 4 0 
0 360 360 360 360 4 1 1 0 1 0 
0 360 360 360 360 360 1 4 1 1 0 
0 360 360 360 360 4 1 1 1 13 0 
360 360 360 360 360 360 3 3 1 9 3 
360 360 360 360 360 0 3 1 3 13 6 
360 360 360 360 360 360 3 3 3 3 15 
353 360 353 360 360 0 3 6 6 3 6 
360 355 360 360 360 360 3 3 0 4 3 
360 360 360 360 360 4 3 1 7 0 9 
352 360 360 360 360 360 3 0 1 3 7 
358 360 355 360 360 3 3 6 4 4 7 
360 360 360 352 360 360 3 7 4 11 3 
353 355 352 360 360 3 3 1 7 4 6 
350 350 360 360 360 360 6 6 1 9 9 
356 360 353 360 360 1 6 1 6 4 4 
358 353 360 360 360 360 11 3 1 6 6 
360 360 360 360 360 360 0 4 3 7 1 
346 360 360 352 360 360 0 7 6 4 13 
352 358 360 360 360 360 4 0 11 3 7 
350 344 353 360 360 360 0 7 6 15 11 
352 352 360 360 360 360 11 4 3 7 7 
279 344 355 360 360 360 4 1 4 15 11 
348 356 359 360 360 360 4 3 4 4 11 
274 350 353 360 360 360 1 4 6 9 7 
279 296 355 360 360 360 1 9 4 9 11 
296 350 353 360 360 360 3 3 7 15 11 
346 344 346 360 360 360 0 0 13 15 13 
0 348 348 355 360 360 7 13 7 11 0 
0 270 310 358 353 360 6 6 9 11 0 
0 350 279 355 360 360 0 4 9 9 0 
0 270 274 350 360 360 9 9 85 11 0 
0 346 270 296 360 360 13 9 9 13 0 
0 0 270 350 352 360 7 9 90 0 0 
0 0 270 270 346 360 13 11 90 0 0 
0 0 270 270 350 360 9 90 90 0 0 
0 0 0 270 270 254 90 90 0 0 0 
0 0 0 0 205 108 154 0 0 0 0 
