test/output/constant/M3M460_S000_A270_WD270.0_WS035.0/M3M460_S000_A270_WD270.0_WS035.0_arrival.asc
ncols         31
nrows         7
xllcorner     426603.990666
yllcorner     12748455.311160
cellsize      100.000000
NODATA_value  0.000000
0.000000 0.000000 0.000000 0.000000 0.000000 0.000000 166.038822 166.036571 166.034883 166.033758 166.033195 166.032633 166.032633 166.032633 166.032633 166.032633 166.033758 166.034321 166.035446 166.036009 166.037134 166.038259 166.039384 166.039947 166.041072 0.000000 0.000000 0.000000 0.000000 0.000000 0.000000 
0.000000 166.041635 166.032070 166.025319 166.022505 166.020818 166.020255 166.019692 166.019692 166.019692 166.020255 166.021380 166.022505 166.023068 166.024193 166.025319 166.026444 166.027569 166.028694 166.029820 166.031508 166.032633 166.033758 166.035446 166.036571 166.037697 166.039384 166.040510 166.041635 0.000000 0.000000 
166.015191 166.007877 166.006752 166.006752 166.007314 166.008440 166.009565 166.010690 166.011815 166.013503 166.014629 166.016316 166.017442 166.018567 166.020255 166.021380 166.023068 166.024193 166.025319 166.027006 166.028132 166.029820 166.030945 166.032633 166.033758 166.035446 166.036571 166.037697 166.039384 166.040510 0.000000 
166.000000 166.001125 166.002251 166.003938 166.005064 166.006752 166.007877 166.009565 166.010690 166.012378 166.013503 166.015191 166.016316 166.018004 166.019130 166.020818 166.021943 166.023631 166.024756 166.026444 166.027569 166.029257 166.030382 166.032070 166.033195 166.034883 166.036009 166.037697 166.038822 166.040510 166.041635 
166.015191 166.007877 166.006752 166.006752 166.007314 166.008440 166.009565 166.010690 166.011815 166.013503 166.014629 166.016316 166.017442 166.018567 166.020255 166.021380 166.023068 166.024193 166.025319 166.027006 166.028132 166.029820 166.030945 166.032633 166.033758 166.035446 166.036571 166.037697 166.039384 166.040510 0.000000 
0.000000 166.041635 166.032070 166.025319 166.022505 166.020818 166.020255 166.019692 166.019692 166.019692 166.020255 166.021380 166.022505 166.023068 166.024193 166.025319 166.026444 166.027569 166.028694 166.029820 166.031508 166.032633 166.033758 166.035446 166.036571 166.037697 166.039384 166.040510 166.041635 0.000000 0.000000 
0.000000 0.000000 0.000000 0.000000 0.000000 0.000000 166.038822 166.036571 166.034883 166.033758 166.033195 166.032633 166.032633 166.032633 166.032633 166.032633 166.033758 166.034321 166.035446 166.036009 166.037134 166.038259 166.039384 166.039947 166.041072 0.000000 0.000000 0.000000 0.000000 0.000000 0.000000 
