test/output/constant/M390_S060_A270_WD000.0_WS020.0/M390_S060_A270_WD000.0_WS020.0_arrival.asc
ncols         11
nrows         27
xllcorner     426103.990666
yllcorner     12748555.311160
cellsize      100.000000
NODATA_value  0.000000
0.000000 0.000000 0.000000 0.000000 166.041667 166.040991 166.041667 0.000000 0.000000 0.000000 0.000000 
0.000000 0.000000 0.000000 166.040991 166.039602 166.039602 166.039602 166.040991 0.000000 0.000000 0.000000 
0.000000 0.000000 166.040991 166.038907 166.038212 166.037517 166.038212 166.038907 166.040991 0.000000 0.000000 
0.000000 0.000000 166.039602 166.037517 166.036128 166.036128 166.036128 166.037517 166.039602 0.000000 0.000000 
0.000000 166.040991 166.037517 166.035433 166.034738 166.034044 166.034738 166.035433 166.037517 166.040991 0.000000 
0.000000 166.039602 166.036128 166.034044 166.032654 166.032654 166.032654 166.034044 166.036128 166.039602 0.000000 
0.000000 166.038212 166.034738 166.031959 166.031265 166.030570 166.031265 166.031959 166.034738 166.038212 0.000000 
166.041667 166.036823 166.033349 166.030570 166.029180 166.029180 166.029180 166.030570 166.033349 166.036823 166.041667 
166.040991 166.035433 166.031959 166.029180 166.027791 166.027096 166.027791 166.029180 166.031959 166.035433 166.040991 
166.040296 166.034738 166.030570 166.027096 166.025706 166.025706 166.025706 166.027096 166.030570 166.034738 166.040296 
166.039602 166.033349 166.029180 166.025706 166.024317 166.023622 166.024317 166.025706 166.029180 166.033349 166.039602 
166.038907 166.032654 166.027791 166.024317 166.022233 166.022233 166.022233 166.024317 166.027791 166.032654 166.038907 
166.038907 166.031265 166.026401 166.022233 166.020843 166.020148 166.020843 166.022233 166.026401 166.031265 166.038907 
166.038907 166.030570 166.025012 166.020843 166.018759 166.018759 166.018759 166.020843 166.025012 166.030570 166.038907 
166.038907 166.030570 166.023622 166.019453 166.017369 166.016674 166.017369 166.019453 166.023622 166.030570 166.038907 
166.038907 166.030570 166.022927 166.018064 166.015285 166.015285 166.015285 166.018064 166.022927 166.030570 166.038907 
166.040296 166.030570 166.022233 166.016674 166.013895 166.013201 166.013895 166.016674 166.022233 166.030570 166.040296 
166.040991 166.030570 166.021538 166.015285 166.011811 166.011811 166.011811 166.015285 166.021538 166.030570 166.040991 
0.000000 166.031265 166.021538 166.013895 166.010422 166.009727 166.010422 166.013895 166.021538 166.031265 0.000000 
0.000000 166.032654 166.022233 166.013201 166.009032 166.008337 166.009032 166.013201 166.022233 166.032654 0.000000 
0.000000 166.034044 166.022927 166.013201 166.006948 166.006253 166.006948 166.013201 166.022927 166.034044 0.000000 
0.000000 166.038212 166.024317 166.013201 166.005558 166.004863 166.005558 166.013201 166.024317 166.038212 0.000000 
0.000000 0.000000 166.027791 166.013895 166.004863 166.002779 166.004863 166.013895 166.027791 0.000000 0.000000 
0.000000 0.000000 166.032654 166.016674 166.004863 166.001390 166.004863 166.016674 166.032654 0.000000 0.000000 
0.000000 0.000000 166.038907 166.022233 166.006253 166.000000 166.006253 166.022233 166.038907 0.000000 0.000000 
0.000000 0.000000 0.000000 166.031959 166.015285 166.009727 166.015285 166.031959 0.000000 0.000000 0.000000 
0.000000 0.000000 0.000000 0.000000 166.031959 166.029180 166.031959 0.000000 0.000000 0.000000 0.000000 
