test/output/constant/S3_S060_A180_WD315.0_WS020.0/S3_S060_A180_WD315.0_WS020.0_arrival.asc
ncols         22
nrows         11
xllcorner     426603.990666
yllcorner     12747755.311160
cellsize      100.000000
NODATA_value  0.000000
166.000000 166.001416 166.004248 166.009912 166.016992 166.024779 166.032567 166.040355 0.000000 0.000000 0.000000 0.000000 0.000000 0.000000 0.000000 0.000000 0.000000 0.000000 0.000000 0.000000 0.000000 0.000000 
166.004956 166.002124 166.003540 166.005664 166.007788 166.011328 166.016284 166.021947 166.028319 166.035399 0.000000 0.000000 0.000000 0.000000 0.000000 0.000000 0.000000 0.000000 0.000000 0.000000 0.000000 0.000000 
0.000000 166.014160 166.007080 166.006372 166.007788 166.009204 166.011328 166.014160 166.018407 166.023363 166.029027 166.034691 166.041063 0.000000 0.000000 0.000000 0.000000 0.000000 0.000000 0.000000 0.000000 0.000000 
0.000000 0.000000 166.023363 166.012744 166.010620 166.010620 166.011328 166.013452 166.015576 166.018407 166.021239 166.025487 166.030443 166.035399 166.041063 0.000000 0.000000 0.000000 0.000000 0.000000 0.000000 0.000000 
0.000000 0.000000 0.000000 166.031859 166.020531 166.016284 166.014868 166.014868 166.015576 166.017699 166.019823 166.021947 166.024779 166.028319 166.032567 166.037523 0.000000 0.000000 0.000000 0.000000 0.000000 0.000000 
0.000000 0.000000 0.000000 0.000000 166.041063 166.028319 166.022655 166.019823 166.018407 166.019115 166.019823 166.021239 166.023363 166.025487 166.028319 166.031859 166.035399 166.039647 0.000000 0.000000 0.000000 0.000000 
0.000000 0.000000 0.000000 0.000000 0.000000 0.000000 166.036815 166.029027 166.025487 166.023363 166.022655 166.022655 166.024071 166.025487 166.027611 166.029735 166.032567 166.035399 166.038939 0.000000 0.000000 0.000000 
0.000000 0.000000 0.000000 0.000000 0.000000 0.000000 0.000000 0.000000 166.036815 166.031859 166.029027 166.027611 166.026903 166.026903 166.027611 166.029735 166.031859 166.033983 166.036107 166.038939 0.000000 0.000000 
0.000000 0.000000 0.000000 0.000000 0.000000 0.000000 0.000000 0.000000 0.000000 0.000000 166.038231 166.034691 166.032567 166.031151 166.031151 166.031151 166.031859 166.033983 166.035399 166.037523 166.039647 0.000000 
0.000000 0.000000 0.000000 0.000000 0.000000 0.000000 0.000000 0.000000 0.000000 0.000000 0.000000 0.000000 166.041063 166.038231 166.036107 166.035399 166.035399 166.035399 166.036107 166.037523 166.039647 166.041667 
0.000000 0.000000 0.000000 0.000000 0.000000 0.000000 0.000000 0.000000 0.000000 0.000000 0.000000 0.000000 0.000000 0.000000 0.000000 166.041063 166.039647 166.039647 166.038939 166.039647 166.040355 166.041667 
