test/output/constant/M3100_S000_A090_WD180.0_WS015.0/M3100_S000_A090_WD180.0_WS015.0_arrival.asc
ncols         13
nrows         25
xllcorner     426003.990666
yllcorner     12748455.311160
cellsize      100.000000
NODATA_value  0.000000
0.000000 0.000000 0.000000 0.000000 0.000000 166.041667 166.041667 166.041667 0.000000 0.000000 0.000000 0.000000 0.000000 
0.000000 0.000000 0.000000 166.041667 166.040188 166.040188 166.039384 166.040188 166.040188 166.041667 0.000000 0.000000 0.000000 
0.000000 0.000000 0.000000 166.040188 166.038580 166.037776 166.037776 166.037776 166.038580 166.040188 0.000000 0.000000 0.000000 
0.000000 0.000000 166.040188 166.037776 166.036973 166.036169 166.035365 166.036169 166.036973 166.037776 166.040188 0.000000 0.000000 
0.000000 166.041667 166.038580 166.036169 166.034561 166.033758 166.033758 166.033758 166.034561 166.036169 166.038580 166.041667 0.000000 
0.000000 166.040188 166.036973 166.034561 166.032954 166.032150 166.031346 166.032150 166.032954 166.034561 166.036973 166.040188 0.000000 
0.000000 166.038580 166.035365 166.032954 166.030543 166.029739 166.029739 166.029739 166.030543 166.032954 166.035365 166.038580 0.000000 
0.000000 166.037776 166.033758 166.030543 166.028935 166.028131 166.027328 166.028131 166.028935 166.030543 166.033758 166.037776 0.000000 
166.040991 166.036169 166.032150 166.028935 166.026524 166.025720 166.025720 166.025720 166.026524 166.028935 166.032150 166.036169 166.040991 
166.040188 166.035365 166.030543 166.027328 166.024916 166.024113 166.023309 166.024113 166.024916 166.027328 166.030543 166.035365 166.040188 
166.039384 166.033758 166.028935 166.025720 166.023309 166.021701 166.021701 166.021701 166.023309 166.025720 166.028935 166.033758 166.039384 
166.039384 166.032954 166.028131 166.024113 166.020898 166.020094 166.019290 166.020094 166.020898 166.024113 166.028131 166.032954 166.039384 
166.039384 166.032954 166.026524 166.022505 166.019290 166.017683 166.017683 166.017683 166.019290 166.022505 166.026524 166.032954 166.039384 
166.039384 166.032150 166.025720 166.020898 166.017683 166.016075 166.015271 166.016075 166.017683 166.020898 166.025720 166.032150 166.039384 
166.039384 166.032150 166.025720 166.020094 166.016075 166.013664 166.013664 166.013664 166.016075 166.020094 166.025720 166.032150 166.039384 
166.039384 166.032150 166.024916 166.018486 166.014468 166.012056 166.011253 166.012056 166.014468 166.018486 166.024916 166.032150 166.039384 
166.040188 166.032150 166.024916 166.018486 166.012860 166.009645 166.009645 166.009645 166.012860 166.018486 166.024916 166.032150 166.040188 
166.041667 166.032954 166.024916 166.017683 166.011253 166.008038 166.007234 166.008038 166.011253 166.017683 166.024916 166.032954 166.041667 
0.000000 166.034561 166.025720 166.017683 166.011253 166.006430 166.005626 166.006430 166.011253 166.017683 166.025720 166.034561 0.000000 
0.000000 166.036973 166.027328 166.018486 166.011253 166.004823 166.003215 166.004823 166.011253 166.018486 166.027328 166.036973 0.000000 
0.000000 166.039384 166.029739 166.020898 166.011253 166.004019 166.001608 166.004019 166.011253 166.020898 166.029739 166.039384 0.000000 
0.000000 0.000000 166.033758 166.023309 166.013664 166.004019 166.000000 166.004019 166.013664 166.023309 166.033758 0.000000 0.000000 
0.000000 0.000000 166.038580 166.028935 166.019290 166.009645 166.006430 166.009645 166.019290 166.028935 166.038580 0.000000 0.000000 
0.000000 0.000000 0.000000 166.036169 166.027328 166.020898 166.019290 166.020898 166.027328 166.036169 0.000000 0.000000 0.000000 
0.000000 0.000000 0.000000 0.000000 166.037776 166.032954 166.032150 166.032954 166.037776 0.000000 0.000000 0.000000 0.000000 
