test/output/constant/M3M490_S060_A270_WD000.0_WS015.0/M3M490_S060_A270_WD000.0_WS015.0_arrival.asc
ncols         11
nrows         31
xllcorner     426103.990666
yllcorner     12748555.311160
cellsize      100.000000
NODATA_value  0.000000
0.000000 0.000000 0.000000 0.000000 166.041335 166.040744 166.041335 0.000000 0.000000 0.000000 0.000000 
0.000000 0.000000 0.000000 166.040744 166.039563 166.039563 166.039563 166.040744 0.000000 0.000000 0.000000 
0.000000 0.000000 166.041335 166.039563 166.038382 166.037792 166.038382 166.039563 166.041335 0.000000 0.000000 
0.000000 0.000000 166.040154 166.037792 166.036611 166.036611 166.036611 166.037792 166.040154 0.000000 0.000000 
0.000000 0.000000 166.038973 166.036611 166.035430 166.034839 166.035430 166.036611 166.038973 0.000000 0.000000 
0.000000 166.041335 166.037792 166.035430 166.033658 166.033658 166.033658 166.035430 166.037792 166.041335 0.000000 
0.000000 166.040154 166.036020 166.033658 166.032477 166.031887 166.032477 166.033658 166.036020 166.040154 0.000000 
0.000000 166.038973 166.034839 166.032477 166.030706 166.030706 166.030706 166.032477 166.034839 166.038973 0.000000 
0.000000 166.038382 166.033658 166.030706 166.029525 166.028934 166.029525 166.030706 166.033658 166.038382 0.000000 
0.000000 166.037201 166.032477 166.029525 166.027753 166.027753 166.027753 166.029525 166.032477 166.037201 0.000000 
0.000000 166.036020 166.031296 166.028344 166.026572 166.025982 166.026572 166.028344 166.031296 166.036020 0.000000 
166.041667 166.035430 166.030115 166.026572 166.024801 166.024801 166.024801 166.026572 166.030115 166.035430 166.041667 
166.041335 166.034249 166.028934 166.025391 166.023620 166.023029 166.023620 166.025391 166.028934 166.034249 166.041335 
166.041335 166.033658 166.027753 166.024210 166.021848 166.021848 166.021848 166.024210 166.027753 166.033658 166.041335 
166.041335 166.033068 166.027163 166.022439 166.020667 166.020077 166.020667 166.022439 166.027163 166.033068 166.041335 
166.041335 166.032477 166.025982 166.021258 166.018896 166.018896 166.018896 166.021258 166.025982 166.032477 166.041335 
166.041667 166.032477 166.024801 166.020077 166.017715 166.017124 166.017715 166.020077 166.024801 166.032477 166.041667 
0.000000 166.032477 166.024210 166.018896 166.016534 166.015943 166.016534 166.018896 166.024210 166.032477 0.000000 
0.000000 166.032477 166.023620 166.017715 166.014762 166.014172 166.014762 166.017715 166.023620 166.032477 0.000000 
0.000000 166.032477 166.023029 166.016534 166.013581 166.012991 166.013581 166.016534 166.023029 166.032477 0.000000 
0.000000 166.033658 166.023029 166.015943 166.011810 166.011219 166.011810 166.015943 166.023029 166.033658 0.000000 
0.000000 166.034249 166.023029 166.014762 166.010629 166.010038 166.010629 166.014762 166.023029 166.034249 0.000000 
0.000000 166.036611 166.023620 166.014172 166.008857 166.008267 166.008857 166.014172 166.023620 166.036611 0.000000 
0.000000 166.039563 166.024801 166.014172 166.007676 166.007086 166.007676 166.014172 166.024801 166.039563 0.000000 
0.000000 0.000000 166.026572 166.014172 166.006495 166.005314 166.006495 166.014172 166.026572 0.000000 0.000000 
0.000000 0.000000 166.029525 166.014762 166.005314 166.004133 166.005314 166.014762 166.029525 0.000000 0.000000 
0.000000 0.000000 166.034839 166.017124 166.004724 166.002362 166.004724 166.017124 166.034839 0.000000 0.000000 
0.000000 0.000000 0.000000 166.021258 166.004724 166.001181 166.004724 166.021258 0.000000 0.000000 0.000000 
0.000000 0.000000 0.000000 166.029525 166.007676 166.000000 166.007676 166.029525 0.000000 0.000000 0.000000 
0.000000 0.000000 0.000000 0.000000 166.021258 166.014172 166.021258 0.000000 0.000000 0.000000 0.000000 
0.000000 0.000000 0.000000 0.000000 0.000000 166.041667 0.000000 0.000000 0.000000 0.000000 0.000000 
