test/output/constant/M3M4100_S060_A000_WD090.0_WS025.0/M3M4100_S060_A000_WD090.0_WS025.0_arrival.asc
ncols         65
nrows         9
xllcorner     420203.990666
yllcorner     12748355.311160
cellsize      100.000000
NODATA_value  0.000000
0.000000 0.000000 0.000000 0.000000 0.000000 0.000000 0.000000 0.000000 0.000000 0.000000 0.000000 0.000000 0.000000 0.000000 0.000000 166.041333 166.040813 166.040553 166.040033 166.039513 166.039253 166.038733 166.038213 166.037954 166.037434 166.036914 166.036654 166.036134 166.035614 166.035354 166.035094 166.035094 166.034834 166.034834 166.034834 166.035094 166.035094 166.035354 166.035614 166.036134 166.036394 166.036914 166.037434 166.037954 166.038733 166.039773 166.040813 0.000000 0.000000 0.000000 0.000000 0.000000 0.000000 0.000000 0.000000 0.000000 0.000000 0.000000 0.000000 0.000000 0.000000 0.000000 0.000000 0.000000 0.000000 
0.000000 0.000000 0.000000 0.000000 0.000000 0.000000 0.000000 166.041593 166.040813 166.040293 166.039773 166.038993 166.038473 166.037954 166.037174 166.036654 166.036134 166.035614 166.034834 166.034314 166.033794 166.033274 166.032754 166.032235 166.031975 166.031455 166.030935 166.030415 166.029895 166.029635 166.029115 166.028595 166.028075 166.027815 166.027295 166.027035 166.026515 166.025996 166.025736 166.025216 166.024956 166.024956 166.024956 166.024956 166.025216 166.025216 166.025736 166.026256 166.026515 166.027295 166.028075 166.029115 166.030155 166.032235 166.034054 166.036914 166.040293 0.000000 0.000000 0.000000 0.000000 0.000000 0.000000 0.000000 0.000000 
0.000000 0.000000 0.000000 166.041593 166.040813 166.040293 166.039513 166.038993 166.038213 166.037694 166.037174 166.036394 166.035874 166.035094 166.034574 166.033794 166.033274 166.032754 166.031975 166.031455 166.030935 166.030155 166.029635 166.028855 166.028335 166.027555 166.027035 166.026515 166.025996 166.025216 166.024696 166.024176 166.023396 166.022876 166.022356 166.021836 166.021056 166.020537 166.020017 166.019497 166.019237 166.018717 166.018197 166.017677 166.017157 166.016897 166.016377 166.015857 166.015597 166.015077 166.015077 166.015077 166.015077 166.015337 166.015857 166.016377 166.017417 166.018457 166.020277 166.023136 166.027555 166.035614 0.000000 0.000000 0.000000 
166.041667 166.041073 166.040553 166.039773 166.039253 166.038473 166.037954 166.037174 166.036654 166.036134 166.035354 166.034834 166.034054 166.033534 166.032754 166.032235 166.031455 166.030935 166.030155 166.029635 166.028855 166.028335 166.027555 166.027035 166.026515 166.025736 166.025216 166.024436 166.023916 166.023136 166.022616 166.021836 166.021316 166.020537 166.020017 166.019237 166.018717 166.017937 166.017417 166.016897 166.016117 166.015597 166.014817 166.014298 166.013778 166.012998 166.012478 166.011698 166.011178 166.010398 166.009878 166.009358 166.008579 166.008059 166.007279 166.006759 166.006239 166.005979 166.005459 166.005199 166.005199 166.005459 166.006499 166.010918 166.030935 
166.041333 166.040813 166.040033 166.039513 166.038733 166.038213 166.037434 166.036914 166.036134 166.035614 166.034834 166.034314 166.033534 166.033014 166.032235 166.031715 166.030935 166.030415 166.029635 166.029115 166.028335 166.027815 166.027035 166.026515 166.025736 166.025216 166.024436 166.023916 166.023136 166.022616 166.021836 166.021316 166.020537 166.020017 166.019237 166.018717 166.017937 166.017417 166.016637 166.016117 166.015337 166.014817 166.014038 166.013518 166.012738 166.012218 166.011438 166.010918 166.010138 166.009618 166.008838 166.008319 166.007539 166.007019 166.006239 166.005719 166.004939 166.004419 166.003639 166.003119 166.002340 166.001820 166.001040 166.000520 166.000000 
166.041667 166.041073 166.040553 166.039773 166.039253 166.038473 166.037954 166.037174 166.036654 166.036134 166.035354 166.034834 166.034054 166.033534 166.032754 166.032235 166.031455 166.030935 166.030155 166.029635 166.028855 166.028335 166.027555 166.027035 166.026515 166.025736 166.025216 166.024436 166.023916 166.023136 166.022616 166.021836 166.021316 166.020537 166.020017 166.019237 166.018717 166.017937 166.017417 166.016897 166.016117 166.015597 166.014817 166.014298 166.013778 166.012998 166.012478 166.011698 166.011178 166.010398 166.009878 166.009358 166.008579 166.008059 166.007279 166.006759 166.006239 166.005979 166.005459 166.005199 166.005199 166.005459 166.006499 166.010918 166.030935 
0.000000 0.000000 0.000000 166.041593 166.040813 166.040293 166.039513 166.038993 166.038213 166.037694 166.037174 166.036394 166.035874 166.035094 166.034574 166.033794 166.033274 166.032754 166.031975 166.031455 166.030935 166.030155 166.029635 166.028855 166.028335 166.027555 166.027035 166.026515 166.025996 166.025216 166.024696 166.024176 166.023396 166.022876 166.022356 166.021836 166.021056 166.020537 166.020017 166.019497 166.019237 166.018717 166.018197 166.017677 166.017157 166.016897 166.016377 166.015857 166.015597 166.015077 166.015077 166.015077 166.015077 166.015337 166.015857 166.016377 166.017417 166.018457 166.020277 166.023136 166.027555 166.035614 0.000000 0.000000 0.000000 
0.000000 0.000000 0.000000 0.000000 0.000000 0.000000 0.000000 166.041593 166.040813 166.040293 166.039773 166.038993 166.038473 166.037954 166.037174 166.036654 166.036134 166.035614 166.034834 166.034314 166.033794 166.033274 166.032754 166.032235 166.031975 166.031455 166.030935 166.030415 166.029895 166.029635 166.029115 166.028595 166.028075 166.027815 166.027295 166.027035 166.026515 166.025996 166.025736 166.025216 166.024956 166.024956 166.024956 166.024956 166.025216 166.025216 166.025736 166.026256 166.026515 166.027295 166.028075 166.029115 166.030155 166.032235 166.034054 166.036914 166.040293 0.000000 0.000000 0.000000 0.000000 0.000000 0.000000 0.000000 0.000000 
0.000000 0.000000 0.000000 0.000000 0.000000 0.000000 0.000000 0.000000 0.000000 0.000000 0.000000 0.000000 0.000000 0.000000 0.000000 166.041333 166.040813 166.040553 166.040033 166.039513 166.039253 166.038733 166.038213 166.037954 166.037434 166.036914 166.036654 166.036134 166.035614 166.035354 166.035094 166.035094 166.034834 166.034834 166.034834 166.035094 166.035094 166.035354 166.035614 166.036134 166.036394 166.036914 166.037434 166.037954 166.038733 166.039773 166.040813 0.000000 0.000000 0.000000 0.000000 0.000000 0.000000 0.000000 0.000000 0.000000 0.000000 0.000000 0.000000 0.000000 0.000000 0.000000 0.000000 0.000000 0.000000 
