test/output/constant/M470_S060_A090_WD045.0_WS015.0/M470_S060_A090_WD045.0_WS015.0_arrival.asc
ncols         10
nrows         29
xllcorner     425803.990666
yllcorner     12745955.311160
cellsize      100.000000
NODATA_value  0.000000
0.000000 0.000000 0.000000 0.000000 0.000000 0.000000 0.000000 166.014412 166.000000 0.000000 
0.000000 0.000000 0.000000 0.000000 0.000000 0.000000 166.036317 166.002882 166.001153 166.037470 
0.000000 0.000000 0.000000 0.000000 0.000000 0.000000 166.016717 166.002882 166.002306 166.035164 
0.000000 0.000000 0.000000 0.000000 0.000000 166.036317 166.009800 166.004035 166.004612 166.036317 
0.000000 0.000000 0.000000 0.000000 0.000000 166.023635 166.008070 166.005765 166.007494 166.039200 
0.000000 0.000000 0.000000 0.000000 166.041505 166.017294 166.008070 166.006918 166.010376 0.000000 
0.000000 0.000000 0.000000 0.000000 166.031129 166.014412 166.008647 166.008647 166.014412 0.000000 
0.000000 0.000000 0.000000 0.000000 166.024211 166.013835 166.010376 166.010376 166.017870 0.000000 
0.000000 0.000000 0.000000 166.039200 166.021329 166.013259 166.011529 166.012682 166.021906 0.000000 
0.000000 0.000000 0.000000 166.032282 166.019600 166.013835 166.013259 166.014988 166.025941 0.000000 
0.000000 0.000000 0.000000 166.028247 166.019023 166.014412 166.014412 166.017870 166.029400 0.000000 
0.000000 0.000000 166.039776 166.025941 166.019023 166.016141 166.016141 166.021329 166.033435 0.000000 
0.000000 0.000000 166.035741 166.024788 166.019023 166.017870 166.018447 166.024211 166.037470 0.000000 
0.000000 0.000000 166.032858 166.024211 166.019600 166.019023 166.020753 166.027670 166.041505 0.000000 
0.000000 0.000000 166.031129 166.024211 166.020753 166.020753 166.023059 166.031129 0.000000 0.000000 
0.000000 166.039776 166.029976 166.024211 166.021906 166.022482 166.025941 166.034588 0.000000 0.000000 
0.000000 166.038047 166.029400 166.024788 166.023635 166.024211 166.028823 166.038047 0.000000 0.000000 
0.000000 166.036317 166.029400 166.025364 166.025364 166.026517 166.031706 0.000000 0.000000 0.000000 
0.000000 166.035164 166.029400 166.026517 166.026517 166.028823 166.035164 0.000000 0.000000 0.000000 
0.000000 166.035164 166.029976 166.028247 166.028247 166.031129 166.038047 0.000000 0.000000 0.000000 
166.041505 166.034588 166.030553 166.029976 166.029976 166.034011 166.041505 0.000000 0.000000 0.000000 
166.040929 166.034588 166.031129 166.031129 166.032282 166.036894 0.000000 0.000000 0.000000 0.000000 
166.040352 166.035164 166.032858 166.032858 166.034588 166.039200 0.000000 0.000000 0.000000 0.000000 
166.039776 166.035164 166.034011 166.034011 166.036894 0.000000 0.000000 0.000000 0.000000 0.000000 
166.039776 166.036317 166.035741 166.036317 166.039200 0.000000 0.000000 0.000000 0.000000 0.000000 
166.040352 166.037470 166.037470 166.038047 0.000000 0.000000 0.000000 0.000000 0.000000 0.000000 
166.040352 166.038623 166.038623 166.040352 0.000000 0.000000 0.000000 0.000000 0.000000 0.000000 
166.041505 166.040352 166.040352 0.000000 0.000000 0.000000 0.000000 0.000000 0.000000 0.000000 
0.000000 166.041505 0.000000 0.000000 0.000000 0.000000 0.000000 0.000000 0.000000 0.000000 
