test/output/constant/M390_S000_A090_WD090.0_WS020.0/M390_S000_A090_WD090.0_WS020.0_arrival.asc
ncols         27
nrows         11
xllcorner     424203.990666
yllcorner     12748255.311160
cellsize      100.000000
NODATA_value  0.000000
0.000000 0.000000 0.000000 0.000000 0.000000 0.000000 0.000000 166.041068 166.040384 166.039699 166.039015 166.038330 166.038330 166.037646 166.037646 166.037646 166.038330 166.039015 166.040384 0.000000 0.000000 0.000000 0.000000 0.000000 0.000000 0.000000 0.000000 
0.000000 0.000000 0.000000 166.041667 166.040384 166.039015 166.037646 166.036277 166.035592 166.034223 166.032854 166.032170 166.030801 166.030117 166.030117 166.029432 166.029432 166.029432 166.030117 166.030801 166.032854 166.034908 166.039015 0.000000 0.000000 0.000000 0.000000 
0.000000 166.041667 166.040384 166.039015 166.036961 166.035592 166.034223 166.032854 166.031485 166.030117 166.028748 166.027379 166.026010 166.024641 166.023272 166.022587 166.021903 166.021218 166.021218 166.021218 166.021903 166.023272 166.025325 166.028748 166.034223 0.000000 0.000000 
166.041667 166.040384 166.038330 166.036961 166.034908 166.033539 166.031485 166.030117 166.028748 166.026694 166.025325 166.023956 166.021903 166.020534 166.019165 166.017796 166.016427 166.015058 166.013689 166.013005 166.013005 166.013005 166.013689 166.015743 166.019850 166.028748 166.041667 
166.041068 166.039015 166.037646 166.035592 166.034223 166.032170 166.030801 166.028748 166.027379 166.025325 166.023956 166.021903 166.020534 166.018481 166.017112 166.015058 166.013689 166.011636 166.010267 166.008898 166.006845 166.005476 166.004791 166.004791 166.005476 166.014374 166.032170 
166.040384 166.039015 166.036961 166.035592 166.033539 166.032170 166.030117 166.028748 166.026694 166.025325 166.023272 166.021903 166.019850 166.018481 166.016427 166.015058 166.013005 166.011636 166.009583 166.008214 166.006160 166.004791 166.002738 166.001369 166.000000 166.010267 166.030117 
166.041068 166.039015 166.037646 166.035592 166.034223 166.032170 166.030801 166.028748 166.027379 166.025325 166.023956 166.021903 166.020534 166.018481 166.017112 166.015058 166.013689 166.011636 166.010267 166.008898 166.006845 166.005476 166.004791 166.004791 166.005476 166.014374 166.032170 
166.041667 166.040384 166.038330 166.036961 166.034908 166.033539 166.031485 166.030117 166.028748 166.026694 166.025325 166.023956 166.021903 166.020534 166.019165 166.017796 166.016427 166.015058 166.013689 166.013005 166.013005 166.013005 166.013689 166.015743 166.019850 166.028748 166.041667 
0.000000 166.041667 166.040384 166.039015 166.036961 166.035592 166.034223 166.032854 166.031485 166.030117 166.028748 166.027379 166.026010 166.024641 166.023272 166.022587 166.021903 166.021218 166.021218 166.021218 166.021903 166.023272 166.025325 166.028748 166.034223 0.000000 0.000000 
0.000000 0.000000 0.000000 166.041667 166.040384 166.039015 166.037646 166.036277 166.035592 166.034223 166.032854 166.032170 166.030801 166.030117 166.030117 166.029432 166.029432 166.029432 166.030117 166.030801 166.032854 166.034908 166.039015 0.000000 0.000000 0.000000 0.000000 
0.000000 0.000000 0.000000 0.000000 0.000000 0.000000 0.000000 166.041068 166.040384 166.039699 166.039015 166.038330 166.038330 166.037646 166.037646 166.037646 166.038330 166.039015 166.040384 0.000000 0.000000 0.000000 0.000000 0.000000 0.000000 0.000000 0.000000 
