test/output/constant/M355_S060_A000_WD135.0_WS015.0/M355_S060_A000_WD135.0_WS015.0_arrival.asc
ncols         38
nrows         11
xllcorner     422903.990666
yllcorner     12748655.311160
cellsize      100.000000
NODATA_value  0.000000
166.041007 166.040143 166.039712 166.038848 166.038417 166.037985 166.037985 166.037553 166.037553 166.037553 166.037985 166.038417 166.039712 166.040575 166.041667 0.000000 0.000000 0.000000 0.000000 0.000000 0.000000 0.000000 0.000000 0.000000 0.000000 0.000000 0.000000 0.000000 0.000000 0.000000 0.000000 0.000000 0.000000 0.000000 0.000000 0.000000 0.000000 0.000000 
166.041007 166.039712 166.038848 166.037553 166.036690 166.035827 166.034963 166.034532 166.033669 166.033669 166.033237 166.033237 166.033237 166.033669 166.034100 166.034963 166.035827 166.037122 166.039280 0.000000 0.000000 0.000000 0.000000 0.000000 0.000000 0.000000 0.000000 0.000000 0.000000 0.000000 0.000000 0.000000 0.000000 0.000000 0.000000 0.000000 0.000000 0.000000 
166.041438 166.040143 166.039280 166.037553 166.036690 166.035395 166.034532 166.033237 166.031942 166.031079 166.030215 166.029784 166.028920 166.028920 166.028920 166.028920 166.028920 166.029352 166.030215 166.031510 166.032805 166.034963 166.037985 0.000000 0.000000 0.000000 0.000000 0.000000 0.000000 0.000000 0.000000 0.000000 0.000000 0.000000 0.000000 0.000000 0.000000 0.000000 
0.000000 0.000000 166.040575 166.038848 166.037553 166.035827 166.034532 166.033237 166.031942 166.031079 166.029784 166.028920 166.027625 166.026762 166.025899 166.025036 166.024604 166.024604 166.024604 166.024604 166.025036 166.025899 166.026762 166.028489 166.031079 166.034963 166.039712 0.000000 0.000000 0.000000 0.000000 0.000000 0.000000 0.000000 0.000000 0.000000 0.000000 0.000000 
0.000000 0.000000 0.000000 0.000000 166.040575 166.038417 166.036690 166.034963 166.033237 166.031510 166.030215 166.028920 166.027625 166.026330 166.025467 166.024172 166.023309 166.022014 166.021151 166.020719 166.020287 166.019856 166.019856 166.020287 166.021151 166.022014 166.024172 166.027194 166.031942 166.039712 0.000000 0.000000 0.000000 0.000000 0.000000 0.000000 0.000000 0.000000 
0.000000 0.000000 0.000000 0.000000 0.000000 0.000000 166.041007 166.038848 166.037122 166.034963 166.032805 166.031079 166.029352 166.027625 166.025899 166.024604 166.023309 166.022014 166.020719 166.019856 166.018561 166.017698 166.016403 166.015971 166.015539 166.015539 166.015539 166.016403 166.017698 166.020287 166.024604 166.031510 0.000000 0.000000 0.000000 0.000000 0.000000 0.000000 
0.000000 0.000000 0.000000 0.000000 0.000000 0.000000 0.000000 0.000000 0.000000 166.040575 166.038417 166.035827 166.033669 166.031510 166.029352 166.027625 166.025467 166.023741 166.022014 166.020287 166.018992 166.017698 166.016403 166.015108 166.014244 166.012949 166.012086 166.011223 166.011223 166.011223 166.011654 166.013381 166.016834 166.024172 166.037122 0.000000 0.000000 0.000000 
0.000000 0.000000 0.000000 0.000000 0.000000 0.000000 0.000000 0.000000 0.000000 0.000000 0.000000 0.000000 166.041007 166.038417 166.035827 166.033669 166.031079 166.028920 166.026330 166.024172 166.022014 166.019856 166.018129 166.015971 166.014676 166.012949 166.012086 166.010791 166.009928 166.008633 166.007338 166.006906 166.006906 166.007338 166.009496 166.016834 166.035395 0.000000 
0.000000 0.000000 0.000000 0.000000 0.000000 0.000000 0.000000 0.000000 0.000000 0.000000 0.000000 0.000000 0.000000 0.000000 0.000000 0.000000 166.040143 166.037553 166.034532 166.031942 166.029352 166.026762 166.024172 166.021582 166.019424 166.016834 166.014676 166.012518 166.010360 166.008633 166.007338 166.006475 166.005180 166.004316 166.003022 166.002590 166.002590 166.012949 
0.000000 0.000000 0.000000 0.000000 0.000000 0.000000 0.000000 0.000000 0.000000 0.000000 0.000000 0.000000 0.000000 0.000000 0.000000 0.000000 0.000000 0.000000 0.000000 0.000000 166.041438 166.038417 166.035395 166.032374 166.029784 166.026762 166.023741 166.020719 166.018129 166.015539 166.012518 166.009928 166.007338 166.005180 166.003022 166.001727 166.000863 166.000000 
0.000000 0.000000 0.000000 0.000000 0.000000 0.000000 0.000000 0.000000 0.000000 0.000000 0.000000 0.000000 0.000000 0.000000 0.000000 0.000000 0.000000 0.000000 0.000000 0.000000 0.000000 0.000000 0.000000 0.000000 0.000000 0.000000 0.000000 0.000000 0.000000 0.000000 166.039712 166.037122 166.034532 166.031510 166.030647 166.029784 166.031942 0.000000 
