test/output/constant/M360_S000_A270_WD090.0_WS040.0/M360_S000_A270_WD090.0_WS040.0_arrival.asc
ncols         38
nrows         9
xllcorner     422903.990666
yllcorner     12748355.311160
cellsize      100.000000
NODATA_value  0.000000
0.000000 0.000000 0.000000 0.000000 0.000000 0.000000 0.000000 0.000000 0.000000 0.000000 0.000000 0.000000 0.000000 166.041667 166.041405 166.041405 166.040955 166.040955 166.041405 166.041405 166.041667 0.000000 0.000000 0.000000 0.000000 0.000000 0.000000 0.000000 0.000000 0.000000 0.000000 0.000000 0.000000 0.000000 0.000000 0.000000 0.000000 0.000000 
0.000000 0.000000 0.000000 0.000000 0.000000 166.041667 166.040955 166.040055 166.039154 166.038254 166.037354 166.036454 166.035554 166.034654 166.034204 166.033304 166.032404 166.031954 166.031054 166.030603 166.029703 166.029703 166.029253 166.029703 166.029703 166.030153 166.030603 166.031054 166.032404 166.033754 166.036454 166.039605 0.000000 0.000000 0.000000 0.000000 0.000000 0.000000 
0.000000 0.000000 166.041405 166.040505 166.039154 166.038254 166.037354 166.036004 166.035104 166.033754 166.032854 166.031954 166.030603 166.029703 166.028803 166.027903 166.026553 166.025653 166.024753 166.023853 166.022953 166.022053 166.021602 166.020702 166.019802 166.018902 166.018452 166.018002 166.018002 166.018002 166.018002 166.018902 166.019802 166.022503 166.025653 166.033754 0.000000 0.000000 
166.041405 166.040505 166.039154 166.038254 166.037354 166.036004 166.035104 166.033754 166.032854 166.031504 166.030603 166.029253 166.028353 166.027003 166.026103 166.025203 166.023853 166.022953 166.021602 166.020702 166.019802 166.018452 166.017552 166.016202 166.015302 166.013952 166.013051 166.011701 166.010801 166.009901 166.009001 166.008101 166.007201 166.006301 166.006301 166.006301 166.008101 166.016652 
166.041405 166.040055 166.039154 166.037804 166.036904 166.035554 166.034654 166.033304 166.032404 166.031054 166.030153 166.028803 166.027903 166.026553 166.025653 166.024303 166.023403 166.022053 166.021152 166.019802 166.018902 166.017552 166.016652 166.015302 166.014402 166.013051 166.012151 166.010801 166.009901 166.008551 166.007651 166.006301 166.005401 166.004050 166.003150 166.001800 166.000900 166.000000 
166.041405 166.040505 166.039154 166.038254 166.037354 166.036004 166.035104 166.033754 166.032854 166.031504 166.030603 166.029253 166.028353 166.027003 166.026103 166.025203 166.023853 166.022953 166.021602 166.020702 166.019802 166.018452 166.017552 166.016202 166.015302 166.013952 166.013051 166.011701 166.010801 166.009901 166.009001 166.008101 166.007201 166.006301 166.006301 166.006301 166.008101 166.016652 
0.000000 0.000000 166.041405 166.040505 166.039154 166.038254 166.037354 166.036004 166.035104 166.033754 166.032854 166.031954 166.030603 166.029703 166.028803 166.027903 166.026553 166.025653 166.024753 166.023853 166.022953 166.022053 166.021602 166.020702 166.019802 166.018902 166.018452 166.018002 166.018002 166.018002 166.018002 166.018902 166.019802 166.022503 166.025653 166.033754 0.000000 0.000000 
0.000000 0.000000 0.000000 0.000000 0.000000 166.041667 166.040955 166.040055 166.039154 166.038254 166.037354 166.036454 166.035554 166.034654 166.034204 166.033304 166.032404 166.031954 166.031054 166.030603 166.029703 166.029703 166.029253 166.029703 166.029703 166.030153 166.030603 166.031054 166.032404 166.033754 166.036454 166.039605 0.000000 0.000000 0.000000 0.000000 0.000000 0.000000 
0.000000 0.000000 0.000000 0.000000 0.000000 0.000000 0.000000 0.000000 0.000000 0.000000 0.000000 0.000000 0.000000 166.041667 166.041405 166.041405 166.040955 166.040955 166.041405 166.041405 166.041667 0.000000 0.000000 0.000000 0.000000 0.000000 0.000000 0.000000 0.000000 0.000000 0.000000 0.000000 0.000000 0.000000 0.000000 0.000000 0.000000 0.000000 
