test/output/constant/M365_S060_A000_WD000.0_WS005.0/M365_S060_A000_WD000.0_WS005.0_ros.asc
ncols         37
nrows         10
xllcorner     423003.990666
yllcorner     12748055.311160
cellsize      100.000000
NODATA_value  0.000000
0.000000 0.000000 0.000000 0.000000 0.000000 0.000000 0.000000 0.000000 0.000000 0.000000 0.000000 0.000000 0.000000 0.000000 0.000000 0.000000 0.000000 0.000000 0.000000 0.000000 17.009136 21.715654 36.935448 21.715654 21.715654 21.715654 21.715654 21.715654 17.009136 31.832331 36.935448 26.707211 1.274853 1.274853 0.000000 0.000000 0.000000 
0.000000 0.000000 0.000000 0.000000 0.000000 0.000000 0.000000 0.000000 0.000000 0.000000 0.000000 0.000000 41.861637 46.461334 46.461334 41.861637 46.461334 41.861637 46.461334 36.935448 41.861637 26.707211 21.715654 21.715654 41.861637 26.707211 21.715654 31.832331 26.707211 21.715654 31.832331 26.707211 21.715654 17.009136 26.707211 21.715654 1.274853 
0.000000 0.000000 0.000000 0.000000 0.000000 0.000000 0.000000 0.000000 41.861637 36.935448 41.861637 36.935448 41.861637 31.832331 46.461334 21.715654 46.461334 26.707211 41.861637 46.461334 41.861637 46.461334 41.861637 41.861637 26.707211 41.861637 46.461334 26.707211 41.861637 41.861637 46.461334 46.461334 60.577709 60.577709 60.577709 60.577709 -1.000000 
0.000000 0.000000 0.000000 0.000000 0.000000 41.861637 31.832331 46.461334 41.861637 41.861637 46.461334 41.861637 36.935448 41.861637 50.594883 21.715654 46.461334 46.461334 41.861637 46.461334 60.507042 46.461334 46.461334 60.577709 36.935448 60.577709 41.861637 60.577709 60.577709 60.577709 60.577709 60.577709 60.577709 60.577709 56.680252 41.296032 0.982576 
0.000000 0.000000 0.000000 26.707211 31.832331 50.594883 41.861637 46.461334 46.461334 41.861637 41.861637 46.461334 46.461334 60.577709 56.979500 54.136784 41.861637 60.577709 36.935448 60.577709 60.577709 60.577709 60.577709 60.577709 60.577709 60.577709 60.577709 60.577709 60.577709 53.749939 2.074482 2.074482 41.296032 1.591893 3.511146 0.796816 0.000000 
0.000000 41.861637 26.707211 41.861637 60.577709 60.246090 60.577709 41.861637 60.577709 36.935448 60.577709 60.577709 60.577709 60.577709 60.577709 60.577709 60.577709 60.577709 60.577709 60.577709 60.577709 60.577709 60.577709 60.577709 60.577709 58.834663 45.939049 41.296032 45.939049 3.511146 2.074482 45.939049 1.591893 1.591893 0.000000 0.000000 0.000000 
60.577709 31.832331 60.577709 60.577709 60.577709 60.577709 60.577709 60.577709 60.577709 60.577709 60.577709 60.577709 60.577709 60.457645 58.834663 58.834663 60.577709 60.457645 60.577709 60.577709 60.577709 50.132870 58.834663 45.939049 3.511146 41.296032 5.716253 41.296032 45.939049 41.296032 0.982576 0.000000 0.000000 0.000000 0.000000 0.000000 0.000000 
60.577709 60.577709 60.577709 60.577709 60.577709 60.577709 60.577709 60.577709 60.577709 60.577709 56.680252 60.577709 60.147633 60.577709 60.577709 60.577709 50.132870 41.296032 45.939049 41.296032 41.296032 41.296032 2.074482 41.296032 3.511146 3.511146 41.296032 41.296032 0.000000 0.000000 0.000000 0.000000 0.000000 0.000000 0.000000 0.000000 0.000000 
0.000000 60.577709 60.577709 60.577709 60.577709 56.680252 60.577709 60.147633 60.577709 60.577709 53.749939 60.577709 58.834663 45.939049 45.939049 41.296032 41.296032 41.296032 41.296032 3.511146 45.939049 5.716253 1.591893 0.000000 0.000000 0.000000 0.000000 0.000000 0.000000 0.000000 0.000000 0.000000 0.000000 0.000000 0.000000 0.000000 0.000000 
0.000000 0.000000 0.000000 0.000000 60.577709 56.680252 60.577709 60.577709 60.577709 53.749939 56.680252 45.939049 3.511146 3.511146 45.939049 41.296032 41.296032 0.000000 0.000000 0.000000 0.000000 0.000000 0.000000 0.000000 0.000000 0.000000 0.000000 0.000000 0.000000 0.000000 0.000000 0.000000 0.000000 0.000000 0.000000 0.000000 0.000000 
