test/output/constant/M370_S060_A000_WD090.0_WS025.0/M370_S060_A000_WD090.0_WS025.0_arrival.asc
ncols         51
nrows         7
xllcorner     421603.990666
yllcorner     12748455.311160
cellsize      100.000000
NODATA_value  0.000000
0.000000 0.000000 0.000000 0.000000 0.000000 0.000000 0.000000 0.000000 0.000000 166.041301 166.040630 166.039958 166.039286 166.038951 166.038279 166.037608 166.036936 166.036600 166.035929 166.035257 166.034921 166.034250 166.033578 166.033242 166.032571 166.031899 166.031563 166.031228 166.031228 166.031228 166.031563 166.031563 166.031899 166.032571 166.032907 166.033242 166.034585 166.035929 166.037608 166.039286 166.041637 0.000000 0.000000 0.000000 0.000000 0.000000 0.000000 0.000000 0.000000 0.000000 0.000000 
0.000000 0.000000 0.000000 0.000000 166.041301 166.040294 166.039622 166.038615 166.037943 166.037272 166.036600 166.035593 166.034921 166.033914 166.033242 166.032571 166.031899 166.030892 166.030220 166.029549 166.028541 166.027870 166.027198 166.026527 166.025519 166.024848 166.024512 166.023840 166.023169 166.022497 166.022162 166.021490 166.020818 166.020147 166.019811 166.019140 166.018804 166.018804 166.018804 166.019140 166.019475 166.020147 166.021490 166.022833 166.025184 166.028541 166.033914 0.000000 0.000000 0.000000 0.000000 
0.000000 166.041637 166.040630 166.039958 166.038951 166.038279 166.037608 166.036600 166.035929 166.034921 166.034250 166.033242 166.032571 166.031563 166.030892 166.029885 166.029213 166.028206 166.027534 166.026527 166.025855 166.024848 166.024176 166.023169 166.022497 166.021490 166.020818 166.019811 166.019140 166.018468 166.017461 166.016789 166.016118 166.015110 166.014439 166.013431 166.012760 166.011752 166.011081 166.010409 166.009402 166.008730 166.008059 166.007387 166.007051 166.006380 166.006380 166.006716 166.008395 166.013767 166.036936 
166.041637 166.040965 166.039958 166.039286 166.038279 166.037608 166.036600 166.035929 166.034921 166.034250 166.033242 166.032571 166.031563 166.030892 166.029885 166.029213 166.028206 166.027534 166.026527 166.025855 166.024848 166.024176 166.023169 166.022497 166.021490 166.020818 166.019811 166.019140 166.018132 166.017461 166.016453 166.015782 166.014774 166.014103 166.013095 166.012424 166.011417 166.010745 166.009738 166.009066 166.008059 166.007387 166.006380 166.005708 166.004701 166.004029 166.003022 166.002350 166.001343 166.000672 166.000000 
0.000000 166.041637 166.040630 166.039958 166.038951 166.038279 166.037608 166.036600 166.035929 166.034921 166.034250 166.033242 166.032571 166.031563 166.030892 166.029885 166.029213 166.028206 166.027534 166.026527 166.025855 166.024848 166.024176 166.023169 166.022497 166.021490 166.020818 166.019811 166.019140 166.018468 166.017461 166.016789 166.016118 166.015110 166.014439 166.013431 166.012760 166.011752 166.011081 166.010409 166.009402 166.008730 166.008059 166.007387 166.007051 166.006380 166.006380 166.006716 166.008395 166.013767 166.036936 
0.000000 0.000000 0.000000 0.000000 166.041301 166.040294 166.039622 166.038615 166.037943 166.037272 166.036600 166.035593 166.034921 166.033914 166.033242 166.032571 166.031899 166.030892 166.030220 166.029549 166.028541 166.027870 166.027198 166.026527 166.025519 166.024848 166.024512 166.023840 166.023169 166.022497 166.022162 166.021490 166.020818 166.020147 166.019811 166.019140 166.018804 166.018804 166.018804 166.019140 166.019475 166.020147 166.021490 166.022833 166.025184 166.028541 166.033914 0.000000 0.000000 0.000000 0.000000 
0.000000 0.000000 0.000000 0.000000 0.000000 0.000000 0.000000 0.000000 0.000000 166.041301 166.040630 166.039958 166.039286 166.038951 166.038279 166.037608 166.036936 166.036600 166.035929 166.035257 166.034921 166.034250 166.033578 166.033242 166.032571 166.031899 166.031563 166.031228 166.031228 166.031228 166.031563 166.031563 166.031899 166.032571 166.032907 166.033242 166.034585 166.035929 166.037608 166.039286 166.041637 0.000000 0.000000 0.000000 0.000000 0.000000 0.000000 0.000000 0.000000 0.000000 0.000000 
