test/output/constant/M495_S060_A090_WD045.0_WS005.0/M495_S060_A090_WD045.0_WS005.0_arrival.asc
ncols         8
nrows         31
xllcorner     426103.990666
yllcorner     12745755.311160
cellsize      100.000000
NODATA_value  0.000000
0.000000 0.000000 0.000000 0.000000 166.014920 166.000000 166.023761 0.000000 
0.000000 0.000000 0.000000 166.039233 166.004973 166.001105 166.013262 0.000000 
0.000000 0.000000 0.000000 166.023761 166.004421 166.002210 166.011604 0.000000 
0.000000 0.000000 0.000000 166.017130 166.004421 166.003868 166.011604 166.040338 
0.000000 0.000000 166.036470 166.013814 166.005526 166.004973 166.012157 166.036470 
0.000000 0.000000 166.029287 166.012709 166.006631 166.006631 166.012709 166.034260 
0.000000 0.000000 166.025419 166.012709 166.007736 166.007736 166.013814 166.033155 
0.000000 0.000000 166.023208 166.012709 166.009394 166.009394 166.015472 166.032602 
0.000000 166.038128 166.021550 166.013262 166.010499 166.011052 166.016577 166.032602 
0.000000 166.034812 166.020998 166.013814 166.012157 166.012709 166.018235 166.033155 
0.000000 166.032049 166.020998 166.014920 166.013262 166.013814 166.019893 166.033707 
0.000000 166.030392 166.020998 166.015472 166.014920 166.015472 166.021550 166.034260 
0.000000 166.029839 166.020998 166.016577 166.016577 166.017130 166.023208 166.035365 
166.040891 166.029287 166.021550 166.017682 166.017682 166.018788 166.024866 166.035917 
166.039785 166.029287 166.022103 166.019340 166.019340 166.020445 166.026524 166.037023 
166.038680 166.029287 166.022656 166.020445 166.020445 166.022103 166.028181 166.038128 
166.037575 166.029287 166.023761 166.022103 166.022103 166.023761 166.029839 166.039233 
166.037575 166.029839 166.024866 166.023208 166.023208 166.025419 166.031497 166.040891 
166.037575 166.030392 166.025971 166.024866 166.024866 166.027076 166.033155 166.041667 
166.037575 166.030392 166.027076 166.025971 166.026524 166.028734 166.034812 0.000000 
166.037575 166.031497 166.028181 166.027629 166.027629 166.030392 166.036470 0.000000 
166.038128 166.032049 166.029287 166.028734 166.029287 166.032049 166.038128 0.000000 
166.038128 166.033155 166.030392 166.030392 166.030944 166.033707 166.039785 0.000000 
166.038680 166.034260 166.031497 166.031497 166.032049 166.035365 166.041443 0.000000 
166.039233 166.034812 166.033155 166.033155 166.033707 166.037023 0.000000 0.000000 
166.039785 166.036470 166.034260 166.034260 166.035365 166.038680 0.000000 0.000000 
166.040338 166.037023 166.035917 166.035917 166.037023 166.040338 0.000000 0.000000 
166.041443 166.038128 166.037023 166.037023 166.038680 166.041667 0.000000 0.000000 
0.000000 166.039785 166.038680 166.038680 166.040338 0.000000 0.000000 0.000000 
0.000000 166.040891 166.039785 166.040338 166.041667 0.000000 0.000000 0.000000 
0.000000 0.000000 166.041443 166.041443 0.000000 0.000000 0.000000 0.000000 
