test/output/constant/C1_S060_A270_WD270.0_WS050.0/C1_S060_A270_WD270.0_WS050.0_arrival.asc
ncols         35
nrows         10
xllcorner     426603.990666
yllcorner     12748655.311160
cellsize      100.000000
NODATA_value  0.000000
0.000000 0.000000 0.000000 0.000000 0.000000 0.000000 0.000000 0.000000 0.000000 0.000000 0.000000 0.000000 0.000000 0.000000 0.000000 0.000000 0.000000 0.000000 0.000000 0.000000 0.000000 0.000000 0.000000 0.000000 0.000000 166.041632 166.041216 166.040799 166.040799 166.040799 166.040799 166.040799 166.041216 0.000000 0.000000 
0.000000 0.000000 0.000000 0.000000 0.000000 0.000000 0.000000 0.000000 0.000000 0.000000 0.000000 0.000000 0.000000 0.000000 0.000000 0.000000 0.000000 0.000000 166.041632 166.039550 166.037469 166.036220 166.035803 166.035387 166.035387 166.035387 166.035387 166.035803 166.036220 166.036636 166.037469 166.038301 166.039134 166.040383 166.041632 
0.000000 0.000000 0.000000 0.000000 0.000000 0.000000 0.000000 0.000000 0.000000 0.000000 0.000000 0.000000 0.000000 0.000000 166.039134 166.035803 166.033305 166.031640 166.030808 166.030391 166.029975 166.029975 166.029975 166.030391 166.030808 166.031224 166.032057 166.033305 166.034554 166.035387 166.036636 166.037885 166.039134 166.040383 166.041667 
0.000000 0.000000 0.000000 0.000000 0.000000 0.000000 0.000000 0.000000 0.000000 0.000000 166.038718 166.033722 166.029975 166.027477 166.025812 166.024979 166.024563 166.024563 166.024563 166.024979 166.025395 166.026228 166.027061 166.028310 166.029559 166.030808 166.032057 166.032889 166.034138 166.035803 166.037052 166.038718 166.040383 0.000000 0.000000 
0.000000 0.000000 0.000000 0.000000 0.000000 0.000000 0.000000 166.034971 166.028726 166.024146 166.021232 166.019567 166.019151 166.019151 166.019151 166.019567 166.019983 166.020816 166.022065 166.023314 166.024563 166.025812 166.027061 166.028310 166.029559 166.031224 166.032473 166.034554 166.036220 166.038301 166.039967 0.000000 0.000000 0.000000 0.000000 
0.000000 0.000000 0.000000 0.000000 166.033305 166.024146 166.018318 166.015404 166.014155 166.013739 166.013739 166.014155 166.014571 166.015820 166.017069 166.018318 166.019567 166.020816 166.022065 166.023314 166.024979 166.026644 166.028310 166.030391 166.032473 166.034554 166.037052 166.039134 166.041632 0.000000 0.000000 0.000000 0.000000 0.000000 0.000000 
0.000000 0.000000 166.023314 166.013322 166.009159 166.008326 166.008326 166.008743 166.009575 166.010824 166.012073 166.013322 166.014571 166.015820 166.017069 166.019151 166.020816 166.022481 166.024979 166.027061 166.029559 166.031640 166.034138 166.036636 166.039134 166.041632 0.000000 0.000000 0.000000 0.000000 0.000000 0.000000 0.000000 0.000000 0.000000 
166.019567 166.003331 166.002914 166.003331 166.004580 166.005828 166.007077 166.008326 166.009575 166.011241 166.012906 166.014987 166.017069 166.019567 166.022065 166.024563 166.027061 166.029975 166.032473 166.035387 166.038301 166.041216 0.000000 0.000000 0.000000 0.000000 0.000000 0.000000 0.000000 0.000000 0.000000 0.000000 0.000000 0.000000 0.000000 
166.000000 166.000833 166.002082 166.003331 166.004996 166.007494 166.009992 166.012906 166.015820 166.018734 166.021649 166.024979 166.027893 166.030808 166.034138 166.037052 166.040383 0.000000 0.000000 0.000000 0.000000 0.000000 0.000000 0.000000 0.000000 0.000000 0.000000 0.000000 0.000000 0.000000 0.000000 0.000000 0.000000 0.000000 0.000000 
0.000000 0.000000 166.038718 166.036220 166.039550 0.000000 0.000000 0.000000 0.000000 0.000000 0.000000 0.000000 0.000000 0.000000 0.000000 0.000000 0.000000 0.000000 0.000000 0.000000 0.000000 0.000000 0.000000 0.000000 0.000000 0.000000 0.000000 0.000000 0.000000 0.000000 0.000000 0.000000 0.000000 0.000000 0.000000 
