test/output/constant/M495_S060_A180_WD270.0_WS025.0/M495_S060_A180_WD270.0_WS025.0_arrival.asc
ncols         46
nrows         7
xllcorner     426603.990666
yllcorner     12748455.311160
cellsize      100.000000
NODATA_value  0.000000
0.000000 0.000000 0.000000 0.000000 0.000000 0.000000 0.000000 0.000000 0.000000 0.000000 166.040791 166.038586 166.036748 166.035646 166.034544 166.033809 166.033074 166.032706 166.032339 166.032339 166.032339 166.032339 166.032339 166.032706 166.033074 166.033809 166.034176 166.034911 166.035646 166.036381 166.036748 166.037483 166.038218 166.038953 166.039321 166.040056 166.040791 166.041526 0.000000 0.000000 0.000000 0.000000 0.000000 0.000000 0.000000 0.000000 
0.000000 0.000000 0.000000 166.040423 166.032706 166.027194 166.024254 166.022417 166.021314 166.020212 166.019844 166.019477 166.019477 166.019477 166.019844 166.020212 166.020947 166.021314 166.022049 166.022784 166.023519 166.023887 166.024621 166.025356 166.026091 166.026826 166.027561 166.028664 166.029399 166.030134 166.030869 166.031971 166.032706 166.033441 166.034176 166.035279 166.036014 166.036748 166.037851 166.038586 166.039688 166.040423 166.041158 0.000000 0.000000 0.000000 
166.036748 166.012862 166.008085 166.006982 166.006615 166.006615 166.007350 166.008085 166.008820 166.009555 166.010290 166.011025 166.012127 166.012862 166.013597 166.014699 166.015434 166.016537 166.017272 166.018374 166.019109 166.019844 166.020947 166.021682 166.022784 166.023519 166.024621 166.025356 166.026459 166.027194 166.027929 166.029031 166.029766 166.030869 166.031604 166.032706 166.033441 166.034544 166.035279 166.036381 166.037116 166.038218 166.038953 166.039688 166.040791 166.041526 
166.000000 166.000735 166.001470 166.002572 166.003307 166.004410 166.005145 166.006247 166.006982 166.008085 166.008820 166.009922 166.010657 166.011760 166.012494 166.013597 166.014332 166.015434 166.016169 166.017272 166.018007 166.019109 166.019844 166.020947 166.021682 166.022784 166.023519 166.024621 166.025356 166.026459 166.027194 166.028296 166.029031 166.030134 166.030869 166.031971 166.032706 166.033809 166.034544 166.035646 166.036381 166.037483 166.038218 166.039321 166.040056 166.041158 
166.036748 166.012862 166.008085 166.006982 166.006615 166.006615 166.007350 166.008085 166.008820 166.009555 166.010290 166.011025 166.012127 166.012862 166.013597 166.014699 166.015434 166.016537 166.017272 166.018374 166.019109 166.019844 166.020947 166.021682 166.022784 166.023519 166.024621 166.025356 166.026459 166.027194 166.027929 166.029031 166.029766 166.030869 166.031604 166.032706 166.033441 166.034544 166.035279 166.036381 166.037116 166.038218 166.038953 166.039688 166.040791 166.041526 
0.000000 0.000000 0.000000 166.040423 166.032706 166.027194 166.024254 166.022417 166.021314 166.020212 166.019844 166.019477 166.019477 166.019477 166.019844 166.020212 166.020947 166.021314 166.022049 166.022784 166.023519 166.023887 166.024621 166.025356 166.026091 166.026826 166.027561 166.028664 166.029399 166.030134 166.030869 166.031971 166.032706 166.033441 166.034176 166.035279 166.036014 166.036748 166.037851 166.038586 166.039688 166.040423 166.041158 0.000000 0.000000 0.000000 
0.000000 0.000000 0.000000 0.000000 0.000000 0.000000 0.000000 0.000000 0.000000 0.000000 166.040791 166.038586 166.036748 166.035646 166.034544 166.033809 166.033074 166.032706 166.032339 166.032339 166.032339 166.032339 166.032339 166.032706 166.033074 166.033809 166.034176 166.034911 166.035646 166.036381 166.036748 166.037483 166.038218 166.038953 166.039321 166.040056 166.040791 166.041526 0.000000 0.000000 0.000000 0.000000 0.000000 0.000000 0.000000 0.000000 
