test/output/constant/M3M455_S060_A180_WD315.0_WS015.0/M3M455_S060_A180_WD315.0_WS015.0_arrival.asc
ncols         35
nrows         11
xllcorner     426603.990666
yllcorner     12747855.311160
cellsize      100.000000
NODATA_value  0.000000
0.000000 166.035054 166.030380 166.031315 166.033652 166.036924 166.040195 0.000000 0.000000 0.000000 0.000000 0.000000 0.000000 0.000000 0.000000 0.000000 0.000000 0.000000 0.000000 0.000000 0.000000 0.000000 0.000000 0.000000 0.000000 0.000000 0.000000 0.000000 0.000000 0.000000 0.000000 0.000000 0.000000 0.000000 0.000000 
166.000000 166.000935 166.001870 166.003272 166.005609 166.007946 166.010750 166.014022 166.016826 166.019630 166.022902 166.026174 166.028978 166.032250 166.035522 166.038793 166.041598 0.000000 0.000000 0.000000 0.000000 0.000000 0.000000 0.000000 0.000000 0.000000 0.000000 0.000000 0.000000 0.000000 0.000000 0.000000 0.000000 0.000000 0.000000 
166.014489 166.002804 166.002804 166.003272 166.004674 166.005609 166.007011 166.007946 166.009815 166.011685 166.013554 166.015891 166.018696 166.021033 166.023837 166.026641 166.029446 166.031782 166.035054 166.037859 166.041130 0.000000 0.000000 0.000000 0.000000 0.000000 0.000000 0.000000 0.000000 0.000000 0.000000 0.000000 0.000000 0.000000 0.000000 
0.000000 166.037859 166.017761 166.009815 166.007478 166.007478 166.007478 166.007946 166.009348 166.010750 166.011685 166.013087 166.014489 166.015891 166.017761 166.019630 166.021967 166.023837 166.026174 166.028978 166.031315 166.034119 166.036924 166.039261 0.000000 0.000000 0.000000 0.000000 0.000000 0.000000 0.000000 0.000000 0.000000 0.000000 0.000000 
0.000000 0.000000 0.000000 166.037859 166.025239 166.017761 166.014022 166.012620 166.012152 166.012152 166.012152 166.013087 166.014022 166.015424 166.016826 166.017761 166.019163 166.020565 166.021967 166.023837 166.025706 166.028043 166.029913 166.032250 166.034587 166.036924 166.039261 166.041667 0.000000 0.000000 0.000000 0.000000 0.000000 0.000000 0.000000 
0.000000 0.000000 0.000000 0.000000 0.000000 0.000000 166.033185 166.025706 166.021033 166.018696 166.017293 166.016826 166.016826 166.016826 166.017293 166.017761 166.019163 166.020098 166.021500 166.022902 166.023837 166.025239 166.026641 166.028511 166.029913 166.032250 166.034119 166.035989 166.038326 166.040195 0.000000 0.000000 0.000000 0.000000 0.000000 
0.000000 0.000000 0.000000 0.000000 0.000000 0.000000 0.000000 0.000000 166.040663 166.033652 166.028511 166.025239 166.023369 166.022435 166.021500 166.021500 166.021500 166.021500 166.022435 166.022902 166.023837 166.025239 166.026174 166.027576 166.028978 166.029913 166.031315 166.032717 166.034587 166.036456 166.038326 166.040195 0.000000 0.000000 0.000000 
0.000000 0.000000 0.000000 0.000000 0.000000 0.000000 0.000000 0.000000 0.000000 0.000000 0.000000 166.041598 166.036456 166.032717 166.029913 166.028511 166.027109 166.026641 166.026174 166.026174 166.026174 166.026641 166.027109 166.027576 166.028978 166.029913 166.031315 166.032250 166.033652 166.035054 166.035989 166.037391 166.039261 166.040663 0.000000 
0.000000 0.000000 0.000000 0.000000 0.000000 0.000000 0.000000 0.000000 0.000000 0.000000 0.000000 0.000000 0.000000 0.000000 0.000000 166.039728 166.036924 166.034587 166.033185 166.032250 166.031315 166.030848 166.030848 166.030848 166.030848 166.031315 166.031782 166.032717 166.033652 166.035054 166.035989 166.037391 166.038326 166.039728 166.041130 
0.000000 0.000000 0.000000 0.000000 0.000000 0.000000 0.000000 0.000000 0.000000 0.000000 0.000000 0.000000 0.000000 0.000000 0.000000 0.000000 0.000000 0.000000 0.000000 166.041130 166.039261 166.037859 166.036924 166.035989 166.035522 166.035522 166.035522 166.035522 166.035989 166.036456 166.036924 166.037391 166.038793 166.039728 166.041130 
0.000000 0.000000 0.000000 0.000000 0.000000 0.000000 0.000000 0.000000 0.000000 0.000000 0.000000 0.000000 0.000000 0.000000 0.000000 0.000000 0.000000 0.000000 0.000000 0.000000 0.000000 0.000000 0.000000 0.000000 0.000000 0.000000 166.041130 166.040663 166.040195 166.040195 166.040195 166.040663 166.040663 166.041130 166.041598 
