test/output/constant/M3M4100_S060_A180_WD045.0_WS010.0/M3M4100_S060_A180_WD045.0_WS010.0_ros.asc
ncols         46
nrows         15
xllcorner     426503.990666
yllcorner     12747555.311160
cellsize      100.000000
NODATA_value  0.000000
0.000000 0.000000 2.093911 16.467266 21.792444 16.467266 27.646082 16.467266 16.467266 16.467266 21.792444 16.467266 40.221790 40.221790 27.646082 16.467266 16.467266 0.000000 0.000000 0.000000 0.000000 0.000000 0.000000 0.000000 0.000000 0.000000 0.000000 0.000000 0.000000 0.000000 0.000000 0.000000 0.000000 0.000000 0.000000 0.000000 0.000000 0.000000 0.000000 0.000000 0.000000 0.000000 0.000000 0.000000 0.000000 0.000000 
1.394188 2.093911 21.792444 21.792444 21.792444 16.467266 27.646082 40.221790 21.792444 21.792444 46.563389 40.221790 27.646082 46.563389 33.851734 52.684368 33.851734 58.399162 46.563389 21.792444 46.563389 27.646082 52.684368 27.646082 0.000000 0.000000 0.000000 0.000000 0.000000 0.000000 0.000000 0.000000 0.000000 0.000000 0.000000 0.000000 0.000000 0.000000 0.000000 0.000000 0.000000 0.000000 0.000000 0.000000 0.000000 0.000000 
1.697356 -1.000000 75.932625 75.932625 75.932625 75.932625 75.932625 75.932625 75.523964 67.934540 33.851734 67.934540 52.684368 27.646082 63.534470 27.646082 67.934540 58.399162 27.646082 63.534470 40.221790 67.934540 27.646082 63.534470 46.563389 27.646082 52.684368 33.851734 52.684368 40.221790 0.000000 0.000000 0.000000 0.000000 0.000000 0.000000 0.000000 0.000000 0.000000 0.000000 0.000000 0.000000 0.000000 0.000000 0.000000 0.000000 
2.093911 2.490350 75.932625 75.932625 75.932625 75.932625 75.932625 75.932625 75.856941 75.932625 75.932625 75.932625 71.465935 75.856941 75.932625 75.932625 75.932625 27.646082 21.792444 75.932625 63.534470 33.851734 75.932625 67.934540 52.684368 16.467266 67.934540 40.221790 27.646082 67.934540 52.684368 71.465935 63.534470 0.000000 0.000000 0.000000 0.000000 0.000000 0.000000 0.000000 0.000000 0.000000 0.000000 0.000000 0.000000 0.000000 
0.000000 2.490350 2.093911 51.513775 51.513775 73.595856 70.840225 75.932625 75.932625 75.932625 75.932625 75.932625 75.932625 75.932625 75.932625 33.851734 27.646082 75.932625 67.934540 52.684368 40.221790 75.932625 75.932625 75.932625 75.932625 27.646082 27.646082 40.221790 33.851734 33.851734 75.932625 74.021561 58.399162 27.646082 75.932625 63.534470 0.000000 0.000000 0.000000 0.000000 0.000000 0.000000 0.000000 0.000000 0.000000 0.000000 
0.000000 0.000000 2.490350 2.490350 51.513775 51.513775 57.316418 75.932625 75.932625 70.840225 75.932625 70.840225 75.932625 75.932625 75.932625 75.932625 75.932625 27.646082 75.932625 75.932625 75.932625 75.932625 40.221790 75.932625 75.932625 33.851734 75.932625 75.932625 27.646082 71.465935 75.932625 75.932625 75.932625 21.792444 33.851734 71.465935 74.021561 74.021561 74.021561 0.000000 0.000000 0.000000 0.000000 0.000000 0.000000 0.000000 
0.000000 0.000000 0.000000 0.000000 2.490350 1.462050 4.835650 57.316418 51.513775 51.513775 51.513775 73.595856 67.128883 73.595856 75.932625 75.932625 75.932625 75.932625 75.856941 75.932625 75.932625 71.465935 75.932625 75.932625 75.932625 75.932625 40.221790 58.399162 11.829915 21.792444 75.932625 40.221790 75.932625 33.851734 74.021561 75.932625 33.851734 33.851734 75.932625 75.932625 75.932625 0.000000 0.000000 0.000000 0.000000 0.000000 
0.000000 0.000000 0.000000 0.000000 0.000000 0.000000 1.697356 51.513775 1.462050 51.513775 51.513775 67.128883 67.128883 57.316418 73.595856 75.311874 75.311874 75.932625 75.932625 75.932625 75.932625 75.932625 75.932625 75.932625 75.932625 75.932625 74.021561 75.932625 75.932625 21.792444 75.932625 75.932625 46.563389 71.465935 75.932625 33.851734 75.932625 74.021561 33.851734 75.932625 75.932625 27.646082 75.932625 0.000000 0.000000 0.000000 
0.000000 0.000000 0.000000 0.000000 0.000000 0.000000 0.000000 0.000000 51.513775 2.093911 51.513775 51.513775 57.316418 51.513775 51.513775 57.316418 51.513775 75.311874 62.574772 73.595856 75.932625 75.311874 75.932625 75.932625 75.932625 75.932625 75.932625 75.932625 75.932625 75.932625 75.932625 40.221790 75.932625 75.932625 74.021561 75.932625 75.932625 75.932625 75.932625 58.399162 75.523964 74.021561 75.932625 74.021561 0.000000 0.000000 
0.000000 0.000000 0.000000 0.000000 0.000000 0.000000 0.000000 0.000000 0.000000 0.000000 0.000000 51.513775 51.513775 51.513775 51.513775 2.093911 73.595856 75.932625 51.513775 57.316418 73.595856 70.840225 75.311874 75.932625 75.932625 75.932625 75.932625 75.932625 75.932625 75.932625 75.932625 75.932625 75.932625 75.932625 75.932625 75.932625 75.932625 75.932625 75.932625 75.932625 75.932625 75.932625 40.221790 75.856941 75.932625 46.563389 
0.000000 0.000000 0.000000 0.000000 0.000000 0.000000 0.000000 0.000000 0.000000 0.000000 0.000000 0.000000 0.000000 0.000000 51.513775 57.316418 51.513775 51.513775 51.513775 51.513775 75.932625 70.840225 70.840225 75.932625 67.128883 75.932625 75.932625 75.932625 75.932625 75.932625 67.128883 75.932625 75.932625 75.932625 75.932625 75.932625 75.932625 75.932625 75.932625 75.932625 75.932625 75.932625 75.932625 75.932625 75.932625 75.932625 
0.000000 0.000000 0.000000 0.000000 0.000000 0.000000 0.000000 0.000000 0.000000 0.000000 0.000000 0.000000 0.000000 0.000000 0.000000 0.000000 0.000000 51.513775 57.316418 51.513775 51.513775 75.311874 73.595856 57.316418 70.840225 75.311874 75.750504 70.840225 75.750504 75.932625 75.932625 75.932625 75.932625 75.932625 75.932625 75.932625 75.932625 75.932625 75.932625 75.932625 75.932625 75.932625 75.932625 75.932625 75.932625 75.932625 
0.000000 0.000000 0.000000 0.000000 0.000000 0.000000 0.000000 0.000000 0.000000 0.000000 0.000000 0.000000 0.000000 0.000000 0.000000 0.000000 0.000000 0.000000 0.000000 0.000000 0.000000 57.316418 67.128883 67.128883 75.932625 73.595856 70.840225 70.840225 70.840225 75.932625 70.840225 75.932625 75.932625 75.932625 75.932625 75.932625 75.932625 75.932625 75.932625 75.932625 75.932625 75.932625 75.932625 75.932625 75.932625 75.932625 
0.000000 0.000000 0.000000 0.000000 0.000000 0.000000 0.000000 0.000000 0.000000 0.000000 0.000000 0.000000 0.000000 0.000000 0.000000 0.000000 0.000000 0.000000 0.000000 0.000000 0.000000 0.000000 0.000000 0.000000 0.000000 0.000000 73.595856 51.513775 57.316418 73.595856 73.595856 70.840225 75.932625 70.840225 75.932625 75.932625 75.932625 75.932625 73.595856 75.932625 75.750504 75.932625 75.932625 75.932625 75.932625 0.000000 
0.000000 0.000000 0.000000 0.000000 0.000000 0.000000 0.000000 0.000000 0.000000 0.000000 0.000000 0.000000 0.000000 0.000000 0.000000 0.000000 0.000000 0.000000 0.000000 0.000000 0.000000 0.000000 0.000000 0.000000 0.000000 0.000000 0.000000 0.000000 0.000000 0.000000 0.000000 0.000000 0.000000 0.000000 0.000000 0.000000 70.840225 75.750504 75.932625 75.932625 0.000000 0.000000 0.000000 0.000000 0.000000 0.000000 
