test/output/constant/M3M4100_S060_A180_WD045.0_WS010.0/M3M4100_S060_A180_WD045.0_WS010.0_arrival.asc
ncols         46
nrows         15
xllcorner     426503.990666
yllcorner     12747555.311160
cellsize      100.000000
NODATA_value  0.000000
0.000000 0.000000 166.040656 166.035937 166.032307 166.031218 166.031581 166.031218 166.031581 166.032307 166.033033 166.034122 166.034848 166.035937 166.037752 166.039204 166.040293 0.000000 0.000000 0.000000 0.000000 0.000000 0.000000 0.000000 0.000000 0.000000 0.000000 0.000000 0.000000 0.000000 0.000000 0.000000 0.000000 0.000000 0.000000 0.000000 0.000000 0.000000 0.000000 0.000000 0.000000 0.000000 0.000000 0.000000 0.000000 0.000000 
166.036300 166.014520 166.011253 166.011253 166.011616 166.012342 166.013794 166.014883 166.016698 166.018150 166.019602 166.021054 166.022869 166.024321 166.026136 166.027588 166.029403 166.030855 166.032307 166.034122 166.035574 166.037389 166.038841 166.040656 0.000000 0.000000 0.000000 0.000000 0.000000 0.000000 0.000000 0.000000 0.000000 0.000000 0.000000 0.000000 0.000000 0.000000 0.000000 0.000000 0.000000 0.000000 0.000000 0.000000 0.000000 0.000000 
166.024684 166.000000 166.000726 166.001452 166.002541 166.003630 166.005082 166.006534 166.007986 166.009438 166.011253 166.012705 166.014157 166.015972 166.017424 166.019239 166.020691 166.022143 166.023958 166.025410 166.027225 166.028677 166.030492 166.031944 166.033396 166.035211 166.036663 166.038478 166.039930 166.041667 0.000000 0.000000 0.000000 0.000000 0.000000 0.000000 0.000000 0.000000 0.000000 0.000000 0.000000 0.000000 0.000000 0.000000 0.000000 0.000000 
166.033396 166.005808 166.002178 166.002178 166.002541 166.003630 166.004356 166.005445 166.006171 166.007260 166.008349 166.009438 166.010527 166.011979 166.013431 166.014883 166.016335 166.017787 166.019239 166.020691 166.022143 166.023958 166.025410 166.026862 166.028314 166.030129 166.031581 166.033033 166.034848 166.036300 166.037752 166.039567 166.041019 0.000000 0.000000 0.000000 0.000000 0.000000 0.000000 0.000000 0.000000 0.000000 0.000000 0.000000 0.000000 0.000000 
0.000000 166.030855 166.016698 166.009075 166.006171 166.005808 166.005445 166.005808 166.006171 166.007260 166.007986 166.009075 166.010164 166.010890 166.011979 166.013068 166.014157 166.015246 166.016335 166.017787 166.019239 166.020328 166.021780 166.023232 166.024684 166.026136 166.027588 166.029040 166.030492 166.031944 166.033396 166.034848 166.036300 166.038115 166.039567 166.041019 0.000000 0.000000 0.000000 0.000000 0.000000 0.000000 0.000000 0.000000 0.000000 0.000000 
0.000000 0.000000 166.039567 166.026499 166.018150 166.013431 166.010890 166.009801 166.009438 166.009075 166.009438 166.009438 166.010164 166.010890 166.011979 166.012705 166.013794 166.014883 166.015609 166.016698 166.017424 166.018876 166.019965 166.021054 166.022143 166.023595 166.024684 166.026136 166.027588 166.028677 166.030129 166.031581 166.033033 166.034485 166.035937 166.037026 166.038478 166.039930 166.041382 0.000000 0.000000 0.000000 0.000000 0.000000 0.000000 0.000000 
0.000000 0.000000 0.000000 0.000000 166.036663 166.027951 166.021780 166.018150 166.015246 166.013794 166.013068 166.013068 166.012705 166.012705 166.013068 166.013431 166.014157 166.014883 166.015609 166.016698 166.017424 166.018513 166.019239 166.020328 166.021417 166.022143 166.023595 166.024321 166.025773 166.026862 166.027951 166.029403 166.030492 166.031944 166.033033 166.034485 166.035937 166.037389 166.038478 166.039930 166.041382 0.000000 0.000000 0.000000 0.000000 0.000000 
0.000000 0.000000 0.000000 0.000000 0.000000 0.000000 166.037752 166.031218 166.026499 166.022869 166.019965 166.018513 166.017424 166.016698 166.016698 166.016335 166.016335 166.016698 166.017061 166.017424 166.018150 166.018513 166.019602 166.020328 166.021417 166.022143 166.023232 166.023958 166.025047 166.026136 166.026862 166.027951 166.029040 166.030129 166.031218 166.032670 166.033759 166.034848 166.036300 166.037389 166.038841 166.040293 166.041382 0.000000 0.000000 0.000000 
0.000000 0.000000 0.000000 0.000000 0.000000 0.000000 0.000000 0.000000 166.040656 166.035211 166.030492 166.027225 166.024684 166.022869 166.021417 166.020691 166.020328 166.020328 166.019965 166.019965 166.020328 166.020328 166.020691 166.021417 166.021780 166.022506 166.023232 166.024321 166.025047 166.025773 166.026862 166.027951 166.028677 166.029766 166.030492 166.031581 166.032670 166.033759 166.034848 166.035937 166.037026 166.038115 166.039567 166.040656 0.000000 0.000000 
0.000000 0.000000 0.000000 0.000000 0.000000 0.000000 0.000000 0.000000 0.000000 0.000000 0.000000 166.039204 166.035211 166.031944 166.029040 166.027588 166.026136 166.025047 166.024321 166.023958 166.023958 166.023595 166.023595 166.023595 166.023958 166.024321 166.024684 166.025047 166.025773 166.026499 166.027225 166.027951 166.029040 166.029766 166.030492 166.031581 166.032670 166.033396 166.034485 166.035211 166.036300 166.037389 166.038478 166.039567 166.040656 166.041667 
0.000000 0.000000 0.000000 0.000000 0.000000 0.000000 0.000000 0.000000 0.000000 0.000000 0.000000 0.000000 0.000000 0.000000 166.039930 166.036663 166.033759 166.031944 166.030492 166.029040 166.028677 166.027951 166.027588 166.027588 166.027225 166.027225 166.027225 166.027588 166.027951 166.028314 166.028314 166.029040 166.029766 166.030129 166.030855 166.031944 166.032670 166.033396 166.034485 166.035211 166.036300 166.037026 166.038115 166.039204 166.039930 166.041019 
0.000000 0.000000 0.000000 0.000000 0.000000 0.000000 0.000000 0.000000 0.000000 0.000000 0.000000 0.000000 0.000000 0.000000 0.000000 0.000000 0.000000 166.041019 166.038478 166.036300 166.034848 166.033759 166.032670 166.031944 166.031581 166.031218 166.031218 166.030855 166.030855 166.030855 166.031218 166.031218 166.031581 166.031944 166.032307 166.033033 166.033396 166.034122 166.034848 166.035574 166.036300 166.037389 166.038115 166.039204 166.039930 166.041019 
0.000000 0.000000 0.000000 0.000000 0.000000 0.000000 0.000000 0.000000 0.000000 0.000000 0.000000 0.000000 0.000000 0.000000 0.000000 0.000000 0.000000 0.000000 0.000000 0.000000 0.000000 166.041019 166.039567 166.038115 166.037026 166.036300 166.035574 166.035211 166.034848 166.034848 166.034485 166.034485 166.034485 166.034485 166.034848 166.035211 166.035574 166.035937 166.036300 166.037026 166.037389 166.038115 166.038841 166.039567 166.040293 166.041019 
0.000000 0.000000 0.000000 0.000000 0.000000 0.000000 0.000000 0.000000 0.000000 0.000000 0.000000 0.000000 0.000000 0.000000 0.000000 0.000000 0.000000 0.000000 0.000000 0.000000 0.000000 0.000000 0.000000 0.000000 0.000000 0.000000 166.041382 166.040293 166.039567 166.039204 166.038841 166.038478 166.038478 166.038115 166.038115 166.038115 166.038115 166.038478 166.038478 166.038841 166.039204 166.039567 166.040293 166.040656 166.041382 0.000000 
0.000000 0.000000 0.000000 0.000000 0.000000 0.000000 0.000000 0.000000 0.000000 0.000000 0.000000 0.000000 0.000000 0.000000 0.000000 0.000000 0.000000 0.000000 0.000000 0.000000 0.000000 0.000000 0.000000 0.000000 0.000000 0.000000 0.000000 0.000000 0.000000 0.000000 0.000000 0.000000 0.000000 0.000000 0.000000 0.000000 166.041667 166.041667 166.041667 166.041667 0.000000 0.000000 0.000000 0.000000 0.000000 0.000000 
