test/output/constant/C4_S060_A090_WD315.0_WS020.0/C4_S060_A090_WD315.0_WS020.0_arrival.asc
ncols         12
nrows         34
xllcorner     426603.990666
yllcorner     12745455.311160
cellsize      100.000000
NODATA_value  0.000000
166.000000 166.009764 0.000000 0.000000 0.000000 0.000000 0.000000 0.000000 0.000000 0.000000 0.000000 0.000000 
166.000930 166.001860 166.027432 0.000000 0.000000 0.000000 0.000000 0.000000 0.000000 0.000000 0.000000 0.000000 
166.002325 166.002325 166.010229 0.000000 0.000000 0.000000 0.000000 0.000000 0.000000 0.000000 0.000000 0.000000 
166.004650 166.003255 166.006044 166.023713 0.000000 0.000000 0.000000 0.000000 0.000000 0.000000 0.000000 0.000000 
166.008369 166.004650 166.005579 166.014413 166.039056 0.000000 0.000000 0.000000 0.000000 0.000000 0.000000 0.000000 
166.012554 166.006044 166.006044 166.010694 166.026502 0.000000 0.000000 0.000000 0.000000 0.000000 0.000000 0.000000 
166.017203 166.007439 166.006974 166.009299 166.018598 166.039986 0.000000 0.000000 0.000000 0.000000 0.000000 0.000000 
166.022318 166.010229 166.008369 166.009299 166.014878 166.029757 0.000000 0.000000 0.000000 0.000000 0.000000 0.000000 
166.026967 166.013484 166.009764 166.009764 166.013484 166.023248 0.000000 0.000000 0.000000 0.000000 0.000000 0.000000 
166.031617 166.016738 166.011159 166.010694 166.013019 166.019528 166.033476 0.000000 0.000000 0.000000 0.000000 0.000000 
166.036266 166.020458 166.013019 166.012089 166.013019 166.017668 166.027897 0.000000 0.000000 0.000000 0.000000 0.000000 
166.041381 166.024642 166.015808 166.013484 166.013484 166.016738 166.024177 166.037661 0.000000 0.000000 0.000000 0.000000 
0.000000 166.028827 166.018598 166.014878 166.014413 166.016738 166.021853 166.032547 0.000000 0.000000 0.000000 0.000000 
0.000000 166.033476 166.021853 166.016738 166.015808 166.016738 166.020923 166.028827 0.000000 0.000000 0.000000 0.000000 
0.000000 166.038126 166.025572 166.018598 166.017203 166.017203 166.020458 166.026502 166.037196 0.000000 0.000000 0.000000 
0.000000 0.000000 166.028827 166.021388 166.018598 166.018133 166.019993 166.025107 166.033476 0.000000 0.000000 0.000000 
0.000000 0.000000 166.033012 166.024177 166.019993 166.019528 166.020458 166.024177 166.031152 166.041667 0.000000 0.000000 
0.000000 0.000000 166.036731 166.027432 166.021853 166.020923 166.020923 166.023713 166.029292 166.038126 0.000000 0.000000 
0.000000 0.000000 166.040916 166.030687 166.024642 166.022318 166.021853 166.023713 166.028362 166.035336 0.000000 0.000000 
0.000000 0.000000 0.000000 166.033941 166.026967 166.023713 166.023248 166.024177 166.027432 166.033476 0.000000 0.000000 
0.000000 0.000000 0.000000 166.037661 166.029757 166.025572 166.024642 166.024642 166.027432 166.032547 166.039986 0.000000 
0.000000 0.000000 0.000000 166.040916 166.033012 166.027432 166.026037 166.025572 166.027432 166.031617 166.038126 0.000000 
0.000000 0.000000 0.000000 0.000000 166.035801 166.030222 166.027432 166.026967 166.027897 166.031152 166.036731 0.000000 
0.000000 0.000000 0.000000 0.000000 166.039056 166.032547 166.029292 166.028362 166.028362 166.031152 166.035336 0.000000 
0.000000 0.000000 0.000000 0.000000 0.000000 166.035336 166.031152 166.029757 166.029757 166.031152 166.034871 166.040916 
0.000000 0.000000 0.000000 0.000000 0.000000 166.038126 166.033012 166.031152 166.030687 166.031617 166.034871 166.039521 
0.000000 0.000000 0.000000 0.000000 0.000000 166.041381 166.035801 166.032547 166.032082 166.032082 166.034871 166.038591 
0.000000 0.000000 0.000000 0.000000 0.000000 0.000000 166.038126 166.034406 166.033476 166.033476 166.034871 166.038591 
0.000000 0.000000 0.000000 0.000000 0.000000 0.000000 166.040916 166.036731 166.034871 166.034406 166.035336 166.038591 
0.000000 0.000000 0.000000 0.000000 0.000000 0.000000 0.000000 166.039056 166.036266 166.035801 166.035801 166.038591 
0.000000 0.000000 0.000000 0.000000 0.000000 0.000000 0.000000 166.041381 166.038126 166.037196 166.037196 166.038591 
0.000000 0.000000 0.000000 0.000000 0.000000 0.000000 0.000000 0.000000 166.039986 166.038126 166.038126 166.039056 
0.000000 0.000000 0.000000 0.000000 0.000000 0.000000 0.000000 0.000000 0.000000 166.039986 166.039521 166.039521 
0.000000 0.000000 0.000000 0.000000 0.000000 0.000000 0.000000 0.000000 0.000000 0.000000 166.040916 166.040916 
