test/output/constant/M395_S000_A090_WD090.0_WS015.0/M395_S000_A090_WD090.0_WS015.0_arrival.asc
ncols         24
nrows         13
xllcorner     424603.990666
yllcorner     12748155.311160
cellsize      100.000000
NODATA_value  0.000000
0.000000 0.000000 0.000000 0.000000 0.000000 0.000000 0.000000 0.000000 0.000000 166.041667 166.041321 166.041321 166.041321 166.041321 166.041321 0.000000 0.000000 0.000000 0.000000 0.000000 0.000000 0.000000 0.000000 0.000000 
0.000000 0.000000 0.000000 0.000000 0.000000 166.040478 166.039635 166.037948 166.037105 166.035418 166.034575 166.034575 166.033732 166.033732 166.033732 166.033732 166.034575 166.036262 166.038792 166.041321 0.000000 0.000000 0.000000 0.000000 
0.000000 0.000000 0.000000 166.040478 166.038792 166.037105 166.035418 166.033732 166.032045 166.030359 166.029515 166.027829 166.026985 166.026985 166.026142 166.026142 166.026985 166.026985 166.028672 166.031202 166.035418 166.041321 0.000000 0.000000 
0.000000 166.041667 166.039635 166.037948 166.036262 166.034575 166.032045 166.030359 166.028672 166.026985 166.025299 166.023612 166.021926 166.021082 166.019396 166.019396 166.018552 166.019396 166.019396 166.021926 166.024456 166.030359 166.037948 0.000000 
0.000000 166.040478 166.038792 166.036262 166.034575 166.032045 166.030359 166.027829 166.026142 166.024456 166.021926 166.020239 166.018552 166.016866 166.015179 166.013493 166.011806 166.011806 166.011806 166.011806 166.014336 166.020239 166.028672 166.039635 
166.041667 166.039635 166.037948 166.035418 166.033732 166.031202 166.029515 166.026985 166.025299 166.022769 166.021082 166.018552 166.016866 166.014336 166.012649 166.010120 166.008433 166.006746 166.005060 166.004216 166.004216 166.010120 166.021926 166.034575 
166.041321 166.039635 166.037105 166.035418 166.032888 166.031202 166.028672 166.026985 166.024456 166.022769 166.020239 166.018552 166.016023 166.014336 166.011806 166.010120 166.007590 166.005903 166.003373 166.001687 166.000000 166.006746 166.020239 166.033732 
166.041667 166.039635 166.037948 166.035418 166.033732 166.031202 166.029515 166.026985 166.025299 166.022769 166.021082 166.018552 166.016866 166.014336 166.012649 166.010120 166.008433 166.006746 166.005060 166.004216 166.004216 166.010120 166.021926 166.034575 
0.000000 166.040478 166.038792 166.036262 166.034575 166.032045 166.030359 166.027829 166.026142 166.024456 166.021926 166.020239 166.018552 166.016866 166.015179 166.013493 166.011806 166.011806 166.011806 166.011806 166.014336 166.020239 166.028672 166.039635 
0.000000 166.041667 166.039635 166.037948 166.036262 166.034575 166.032045 166.030359 166.028672 166.026985 166.025299 166.023612 166.021926 166.021082 166.019396 166.019396 166.018552 166.019396 166.019396 166.021926 166.024456 166.030359 166.037948 0.000000 
0.000000 0.000000 0.000000 166.040478 166.038792 166.037105 166.035418 166.033732 166.032045 166.030359 166.029515 166.027829 166.026985 166.026985 166.026142 166.026142 166.026985 166.026985 166.028672 166.031202 166.035418 166.041321 0.000000 0.000000 
0.000000 0.000000 0.000000 0.000000 0.000000 166.040478 166.039635 166.037948 166.037105 166.035418 166.034575 166.034575 166.033732 166.033732 166.033732 166.033732 166.034575 166.036262 166.038792 166.041321 0.000000 0.000000 0.000000 0.000000 
0.000000 0.000000 0.000000 0.000000 0.000000 0.000000 0.000000 0.000000 0.000000 166.041667 166.041321 166.041321 166.041321 166.041321 166.041321 0.000000 0.000000 0.000000 0.000000 0.000000 0.000000 0.000000 0.000000 0.000000 
