test/output/constant/M1M290_S000_A270_WD270.0_WS045.0/M1M290_S000_A270_WD270.0_WS045.0_arrival.asc
ncols         34
nrows         7
xllcorner     426603.990666
yllcorner     12748455.311160
cellsize      100.000000
NODATA_value  0.000000
0.000000 0.000000 0.000000 0.000000 0.000000 0.000000 0.000000 0.000000 0.000000 0.000000 166.039946 166.038947 166.037948 166.037449 166.036950 166.036450 166.036450 166.036450 166.036450 166.036950 166.037449 166.038448 166.038947 166.039946 166.040944 166.041444 0.000000 0.000000 0.000000 0.000000 0.000000 0.000000 0.000000 0.000000 
0.000000 0.000000 0.000000 166.036950 166.029959 166.026963 166.023967 166.022969 166.022469 166.021970 166.021970 166.021970 166.022469 166.023468 166.023967 166.024966 166.025965 166.026963 166.027463 166.028461 166.029460 166.030458 166.031457 166.032456 166.033954 166.034952 166.035951 166.037449 166.038448 166.039446 166.040445 166.041667 0.000000 0.000000 
166.028461 166.011484 166.007989 166.007490 166.007490 166.008488 166.008988 166.009986 166.010985 166.012483 166.013482 166.014480 166.015978 166.016977 166.018475 166.019473 166.020472 166.021970 166.022969 166.024467 166.025465 166.026963 166.027962 166.029460 166.030458 166.031956 166.032955 166.033954 166.035452 166.036450 166.037948 166.038947 166.040445 166.041444 
166.000000 166.000999 166.001997 166.003495 166.004494 166.005992 166.006990 166.008488 166.009487 166.010985 166.011984 166.013482 166.014480 166.015978 166.016977 166.018475 166.019473 166.020971 166.021970 166.023468 166.024467 166.025965 166.026963 166.028461 166.029460 166.030958 166.031956 166.033454 166.034453 166.035951 166.036950 166.038448 166.039446 166.040944 
166.028461 166.011484 166.007989 166.007490 166.007490 166.008488 166.008988 166.009986 166.010985 166.012483 166.013482 166.014480 166.015978 166.016977 166.018475 166.019473 166.020472 166.021970 166.022969 166.024467 166.025465 166.026963 166.027962 166.029460 166.030458 166.031956 166.032955 166.033954 166.035452 166.036450 166.037948 166.038947 166.040445 166.041444 
0.000000 0.000000 0.000000 166.036950 166.029959 166.026963 166.023967 166.022969 166.022469 166.021970 166.021970 166.021970 166.022469 166.023468 166.023967 166.024966 166.025965 166.026963 166.027463 166.028461 166.029460 166.030458 166.031457 166.032456 166.033954 166.034952 166.035951 166.037449 166.038448 166.039446 166.040445 166.041667 0.000000 0.000000 
0.000000 0.000000 0.000000 0.000000 0.000000 0.000000 0.000000 0.000000 0.000000 0.000000 166.039946 166.038947 166.037948 166.037449 166.036950 166.036450 166.036450 166.036450 166.036450 166.036950 166.037449 166.038448 166.038947 166.039946 166.040944 166.041444 0.000000 0.000000 0.000000 0.000000 0.000000 0.000000 0.000000 0.000000 
