test/output/constant/M3M480_S060_A090_WD315.0_WS015.0/M3M480_S060_A090_WD315.0_WS015.0_ros.asc
ncols         14
nrows         50
xllcorner     426503.990666
yllcorner     12743855.311160
cellsize      100.000000
NODATA_value  0.000000
0.375328 -1.000000 43.150463 0.000000 0.000000 0.000000 0.000000 0.000000 0.000000 0.000000 0.000000 0.000000 0.000000 0.000000 
11.967994 83.450340 57.164406 1.030323 0.000000 0.000000 0.000000 0.000000 0.000000 0.000000 0.000000 0.000000 0.000000 0.000000 
11.967994 83.450340 82.964607 50.278042 0.000000 0.000000 0.000000 0.000000 0.000000 0.000000 0.000000 0.000000 0.000000 0.000000 
11.967994 83.450340 83.450340 57.164406 0.520095 0.000000 0.000000 0.000000 0.000000 0.000000 0.000000 0.000000 0.000000 0.000000 
17.271166 81.565216 83.450340 81.248894 50.278042 0.000000 0.000000 0.000000 0.000000 0.000000 0.000000 0.000000 0.000000 0.000000 
36.977039 23.332409 83.450340 83.450340 57.164406 57.164406 0.000000 0.000000 0.000000 0.000000 0.000000 0.000000 0.000000 0.000000 
29.968102 58.098843 83.450340 78.350143 63.600132 57.164406 0.000000 0.000000 0.000000 0.000000 0.000000 0.000000 0.000000 0.000000 
36.977039 58.098843 83.450340 81.248894 83.450340 57.164406 0.000000 0.000000 0.000000 0.000000 0.000000 0.000000 0.000000 0.000000 
36.977039 17.271166 83.450340 83.450340 83.450340 57.164406 2.114046 0.000000 0.000000 0.000000 0.000000 0.000000 0.000000 0.000000 
23.332409 64.458000 83.450340 83.450340 82.964607 57.164406 57.164406 0.000000 0.000000 0.000000 0.000000 0.000000 0.000000 0.000000 
36.977039 51.259155 83.450340 83.450340 81.248894 57.164406 57.164406 57.164406 0.000000 0.000000 0.000000 0.000000 0.000000 0.000000 
36.977039 58.098843 23.332409 83.450340 83.450340 83.450340 57.164406 57.164406 0.000000 0.000000 0.000000 0.000000 0.000000 0.000000 
29.968102 64.458000 23.332409 83.450340 82.964607 74.356537 57.164406 63.600132 0.000000 0.000000 0.000000 0.000000 0.000000 0.000000 
0.000000 36.977039 78.829002 83.450340 81.248894 83.450340 83.450340 57.164406 57.164406 0.000000 0.000000 0.000000 0.000000 0.000000 
0.000000 44.146584 83.382812 83.450340 83.450340 83.450340 57.164406 57.164406 57.164406 0.000000 0.000000 0.000000 0.000000 0.000000 
0.000000 29.968102 64.458000 70.143547 83.450340 83.450340 83.450340 57.164406 63.600132 0.000000 0.000000 0.000000 0.000000 0.000000 
0.000000 36.977039 70.143547 83.450340 83.450340 83.450340 78.350143 57.164406 57.164406 0.000000 0.000000 0.000000 0.000000 0.000000 
0.000000 36.977039 74.982857 78.829002 83.450340 82.964607 83.450340 83.450340 57.164406 63.600132 0.000000 0.000000 0.000000 0.000000 
0.000000 36.977039 17.271166 83.450340 83.450340 83.450340 83.450340 83.450340 81.248894 57.164406 0.000000 0.000000 0.000000 0.000000 
0.000000 36.977039 70.143547 83.450340 83.450340 83.450340 82.964607 78.350143 82.964607 63.600132 0.000000 0.000000 0.000000 0.000000 
0.000000 7.649545 64.458000 83.382812 64.458000 83.450340 83.450340 63.600132 83.450340 63.600132 0.000000 0.000000 0.000000 0.000000 
0.000000 29.968102 58.098843 29.968102 64.458000 83.450340 83.450340 82.964607 83.450340 57.164406 57.164406 0.000000 0.000000 0.000000 
0.000000 0.000000 17.271166 70.143547 11.967994 83.450340 82.964607 83.450340 83.450340 57.164406 57.164406 0.000000 0.000000 0.000000 
0.000000 0.000000 64.458000 83.108459 83.450340 83.450340 83.450340 83.450340 83.450340 83.450340 57.164406 0.000000 0.000000 0.000000 
0.000000 0.000000 51.259155 58.098843 83.450340 83.450340 83.450340 83.450340 83.450340 83.450340 83.310699 0.000000 0.000000 0.000000 
0.000000 0.000000 11.967994 74.982857 81.565216 83.450340 83.450340 83.450340 83.310699 81.248894 63.600132 57.164406 0.000000 0.000000 
0.000000 0.000000 58.098843 17.271166 83.450340 83.450340 83.450340 83.450340 82.964607 83.450340 83.450340 57.164406 0.000000 0.000000 
0.000000 0.000000 0.000000 17.271166 81.565216 83.450340 83.450340 81.248894 83.450340 83.450340 83.450340 57.164406 0.000000 0.000000 
0.000000 0.000000 0.000000 58.098843 74.982857 70.143547 83.450340 83.450340 81.248894 83.450340 83.450340 81.248894 0.000000 0.000000 
0.000000 0.000000 0.000000 64.458000 83.382812 83.450340 83.450340 83.450340 83.450340 83.450340 81.248894 82.964607 0.000000 0.000000 
0.000000 0.000000 0.000000 70.143547 58.098843 11.967994 74.982857 83.450340 83.450340 83.450340 81.248894 83.450340 81.248894 0.000000 
0.000000 0.000000 0.000000 0.000000 74.982857 83.450340 51.259155 83.450340 74.356537 83.450340 81.248894 81.248894 57.164406 0.000000 
0.000000 0.000000 0.000000 0.000000 78.829002 11.967994 83.450340 83.450340 81.248894 83.450340 83.450340 83.450340 83.450340 0.000000 
0.000000 0.000000 0.000000 0.000000 23.332409 78.829002 83.450340 83.450340 83.450340 83.450340 83.450340 83.450340 83.450340 0.000000 
0.000000 0.000000 0.000000 0.000000 70.143547 78.829002 81.565216 83.450340 83.450340 83.450340 83.450340 83.450340 83.450340 0.000000 
0.000000 0.000000 0.000000 0.000000 0.000000 17.271166 83.450340 74.982857 83.450340 83.450340 81.248894 63.600132 82.964607 0.000000 
0.000000 0.000000 0.000000 0.000000 0.000000 83.450340 83.382812 83.450340 78.829002 83.450340 83.450340 81.248894 78.350143 0.000000 
0.000000 0.000000 0.000000 0.000000 0.000000 74.982857 83.450340 11.967994 83.450340 82.964607 82.964607 83.450340 83.450340 0.000000 
0.000000 0.000000 0.000000 0.000000 0.000000 0.000000 78.829002 17.271166 83.450340 83.450340 83.450340 83.450340 83.450340 82.964607 
0.000000 0.000000 0.000000 0.000000 0.000000 0.000000 83.450340 83.450340 83.450340 83.450340 83.450340 83.450340 83.450340 81.248894 
0.000000 0.000000 0.000000 0.000000 0.000000 0.000000 83.450340 83.450340 78.829002 83.450340 83.450340 83.450340 63.600132 69.389526 
0.000000 0.000000 0.000000 0.000000 0.000000 0.000000 0.000000 78.829002 83.450340 17.271166 83.450340 83.450340 78.350143 81.248894 
0.000000 0.000000 0.000000 0.000000 0.000000 0.000000 0.000000 83.450340 17.271166 83.382812 83.450340 82.964607 83.450340 82.964607 
0.000000 0.000000 0.000000 0.000000 0.000000 0.000000 0.000000 17.271166 83.450340 83.450340 83.450340 83.450340 83.450340 83.450340 
0.000000 0.000000 0.000000 0.000000 0.000000 0.000000 0.000000 0.000000 78.829002 83.450340 83.450340 83.450340 74.356537 83.450340 
0.000000 0.000000 0.000000 0.000000 0.000000 0.000000 0.000000 0.000000 11.967994 83.450340 83.450340 83.450340 83.450340 81.248894 
0.000000 0.000000 0.000000 0.000000 0.000000 0.000000 0.000000 0.000000 0.000000 83.450340 83.450340 83.450340 83.450340 83.450340 
0.000000 0.000000 0.000000 0.000000 0.000000 0.000000 0.000000 0.000000 0.000000 83.450340 83.450340 81.248894 83.450340 83.450340 
0.000000 0.000000 0.000000 0.000000 0.000000 0.000000 0.000000 0.000000 0.000000 0.000000 83.450340 83.450340 83.450340 0.000000 
0.000000 0.000000 0.000000 0.000000 0.000000 0.000000 0.000000 0.000000 0.000000 0.000000 0.000000 83.450340 83.450340 0.000000 
