test/output/constant/M3M485_S060_A000_WD000.0_WS005.0/M3M485_S060_A000_WD000.0_WS005.0_raz.asc
ncols         46
nrows         11
xllcorner     422103.990666
yllcorner     12747955.311160
cellsize      100.000000
NODATA_value  0.000000
0 0 0 0 0 0 0 0 0 0 0 0 0 0 0 0 0 0 0 0 0 0 276 276 278 276 281 273 272 278 276 273 276 278 273 278 272 276 278 278 281 278 82 15 0 0 
0 0 0 0 0 0 0 0 0 0 0 0 0 0 0 270 272 270 273 269 278 269 278 269 269 270 278 270 276 273 270 273 270 276 273 273 272 273 281 273 276 273 276 273 278 15 
0 0 0 0 0 0 0 0 0 0 269 272 270 272 270 272 270 276 270 281 270 278 269 269 270 269 270 269 272 270 270 269 270 270 269 270 270 269 269 270 272 262 262 262 262 65535 
0 0 0 0 0 0 0 276 270 269 276 270 269 272 270 269 272 270 270 272 269 270 273 269 265 270 269 281 281 263 267 272 262 262 262 262 262 262 262 262 262 261 262 258 256 185 
0 0 0 0 269 276 270 270 269 273 263 269 270 270 273 263 262 267 267 266 278 273 270 270 262 265 262 270 262 262 262 262 262 262 262 262 262 257 257 258 214 256 254 197 149 0 
0 0 267 269 270 264 270 269 269 262 270 267 264 272 272 262 262 262 262 262 270 262 262 262 262 262 262 262 262 262 262 262 262 262 256 254 214 197 254 214 197 254 197 0 0 0 
0 269 262 273 266 270 264 262 273 262 270 262 262 262 262 262 262 262 262 262 262 262 262 262 258 262 262 262 261 256 254 256 256 256 256 214 214 197 254 253 185 0 0 0 0 0 
262 263 262 262 262 272 262 262 262 262 262 262 262 262 262 262 262 262 262 262 257 258 261 259 262 257 254 256 254 256 214 256 256 197 256 214 172 214 0 0 0 0 0 0 0 0 
262 262 262 262 262 262 262 262 257 262 262 262 262 262 262 262 262 262 260 262 259 254 254 254 254 214 254 254 214 197 214 256 185 254 0 0 0 0 0 0 0 0 0 0 0 0 
262 262 262 262 257 262 262 262 262 262 262 262 258 259 262 262 258 256 254 256 256 185 254 254 256 254 256 254 254 0 0 0 0 0 0 0 0 0 0 0 0 0 0 0 0 0 
0 0 0 262 258 262 262 262 262 262 261 258 256 254 256 254 254 185 256 214 254 214 254 0 0 0 0 0 0 0 0 0 0 0 0 0 0 0 0 0 0 0 0 0 0 0 
