test/output/constant/M3M400_S000_A270_WD180.0_WS030.0/M3M400_S000_A270_WD180.0_WS030.0_arrival.asc
ncols         11
nrows         44
xllcorner     426103.990666
yllcorner     12748655.311160
cellsize      100.000000
NODATA_value  0.000000
0.000000 0.000000 0.000000 0.000000 166.041667 166.041464 166.041667 0.000000 0.000000 0.000000 0.000000 
0.000000 0.000000 0.000000 166.041464 166.040666 166.040666 166.040666 166.041464 0.000000 0.000000 0.000000 
0.000000 0.000000 0.000000 166.040666 166.039869 166.039470 166.039869 166.040666 0.000000 0.000000 0.000000 
0.000000 0.000000 166.041464 166.039869 166.038673 166.038673 166.038673 166.039869 166.041464 0.000000 0.000000 
0.000000 0.000000 166.040268 166.038673 166.037876 166.037477 166.037876 166.038673 166.040268 0.000000 0.000000 
0.000000 166.041667 166.039470 166.037876 166.036680 166.036680 166.036680 166.037876 166.039470 166.041667 0.000000 
0.000000 166.040666 166.038673 166.036680 166.035882 166.035483 166.035882 166.036680 166.038673 166.040666 0.000000 
0.000000 166.039869 166.037477 166.035882 166.034686 166.034686 166.034686 166.035882 166.037477 166.039869 0.000000 
0.000000 166.039072 166.036680 166.034686 166.033889 166.033490 166.033889 166.034686 166.036680 166.039072 0.000000 
0.000000 166.038274 166.035882 166.033889 166.032693 166.032693 166.032693 166.033889 166.035882 166.038274 0.000000 
166.041464 166.037477 166.034686 166.033091 166.031895 166.031497 166.031895 166.033091 166.034686 166.037477 166.041464 
166.040666 166.036680 166.033889 166.031895 166.030699 166.030699 166.030699 166.031895 166.033889 166.036680 166.040666 
166.039869 166.035882 166.033091 166.031098 166.029902 166.029503 166.029902 166.031098 166.033091 166.035882 166.039869 
166.039072 166.035085 166.031895 166.029902 166.028706 166.028706 166.028706 166.029902 166.031895 166.035085 166.039072 
166.038673 166.034287 166.031098 166.029104 166.027908 166.027510 166.027908 166.029104 166.031098 166.034287 166.038673 
166.037876 166.033889 166.030301 166.028307 166.026712 166.026712 166.026712 166.028307 166.030301 166.033889 166.037876 
166.037078 166.033091 166.029503 166.027111 166.025915 166.025516 166.025915 166.027111 166.029503 166.033091 166.037078 
166.036680 166.032294 166.028307 166.026314 166.024719 166.024719 166.024719 166.026314 166.028307 166.032294 166.036680 
166.036281 166.031497 166.027510 166.025118 166.023921 166.023523 166.023921 166.025118 166.027510 166.031497 166.036281 
166.035483 166.030699 166.026712 166.024320 166.022725 166.022725 166.022725 166.024320 166.026712 166.030699 166.035483 
166.035085 166.029902 166.026314 166.023523 166.021928 166.021529 166.021928 166.023523 166.026314 166.029902 166.035085 
166.035085 166.029503 166.025118 166.022327 166.020732 166.020732 166.020732 166.022327 166.025118 166.029503 166.035085 
166.035085 166.028706 166.024719 166.021529 166.019935 166.019536 166.019935 166.021529 166.024719 166.028706 166.035085 
166.035085 166.028307 166.023921 166.020732 166.019137 166.018738 166.019137 166.020732 166.023921 166.028307 166.035085 
166.034686 166.027908 166.023124 166.019536 166.017941 166.017542 166.017941 166.019536 166.023124 166.027908 166.034686 
166.035085 166.027510 166.022327 166.018738 166.017144 166.016745 166.017144 166.018738 166.022327 166.027510 166.035085 
166.035085 166.027111 166.021529 166.017941 166.015948 166.015549 166.015948 166.017941 166.021529 166.027111 166.035085 
166.035483 166.027111 166.021131 166.017144 166.015150 166.014752 166.015150 166.017144 166.021131 166.027111 166.035483 
166.035882 166.027111 166.020333 166.016346 166.013954 166.013555 166.013954 166.016346 166.020333 166.027111 166.035882 
166.036281 166.027510 166.019935 166.015549 166.013157 166.012758 166.013157 166.015549 166.019935 166.027510 166.036281 
166.037477 166.027510 166.019536 166.014752 166.012359 166.011562 166.012359 166.014752 166.019536 166.027510 166.037477 
166.038274 166.027908 166.019536 166.013954 166.011163 166.010765 166.011163 166.013954 166.019536 166.027908 166.038274 
166.039470 166.028307 166.019536 166.013157 166.010366 166.009569 166.010366 166.013157 166.019536 166.028307 166.039470 
166.041464 166.029104 166.019536 166.012758 166.009170 166.008771 166.009170 166.012758 166.019536 166.029104 166.041464 
0.000000 166.030301 166.019935 166.011961 166.008373 166.007575 166.008373 166.011961 166.019935 166.030301 0.000000 
0.000000 166.032294 166.020333 166.011961 166.007176 166.006778 166.007176 166.011961 166.020333 166.032294 0.000000 
0.000000 166.034686 166.021529 166.011961 166.006379 166.005582 166.006379 166.011961 166.021529 166.034686 0.000000 
0.000000 166.037876 166.022725 166.011961 166.005582 166.004784 166.005582 166.011961 166.022725 166.037876 0.000000 
0.000000 166.041464 166.025516 166.012359 166.004784 166.003588 166.004784 166.012359 166.025516 166.041464 0.000000 
0.000000 0.000000 166.028706 166.013555 166.003987 166.002791 166.003987 166.013555 166.028706 0.000000 0.000000 
0.000000 0.000000 166.033889 166.016346 166.003987 166.001595 166.003987 166.016346 166.033889 0.000000 0.000000 
0.000000 0.000000 166.041065 166.020732 166.004386 166.000797 166.004386 166.020732 166.041065 0.000000 0.000000 
0.000000 0.000000 0.000000 166.028307 166.007176 166.000000 166.007176 166.028307 0.000000 0.000000 0.000000 
0.000000 0.000000 0.000000 0.000000 166.024320 166.017941 166.024320 0.000000 0.000000 0.000000 0.000000 
