test/output/constant/M385_S060_A090_WD135.0_WS010.0/M385_S060_A090_WD135.0_WS010.0_arrival.asc
ncols         13
nrows         41
xllcorner     425603.990666
yllcorner     12744855.311160
cellsize      100.000000
NODATA_value  0.000000
0.000000 0.000000 0.000000 0.000000 0.000000 0.000000 0.000000 0.000000 0.000000 166.034862 166.025731 166.037767 0.000000 
0.000000 0.000000 0.000000 0.000000 0.000000 0.000000 0.000000 0.000000 166.032372 166.006225 166.000000 166.015771 0.000000 
0.000000 0.000000 0.000000 0.000000 0.000000 0.000000 0.000000 166.041087 166.017016 166.002075 166.000830 166.012451 0.000000 
0.000000 0.000000 0.000000 0.000000 0.000000 0.000000 0.000000 166.027806 166.009961 166.002075 166.001660 166.012451 166.039012 
0.000000 0.000000 0.000000 0.000000 0.000000 0.000000 166.038597 166.019091 166.006640 166.002905 166.002905 166.012866 166.035277 
0.000000 0.000000 0.000000 0.000000 0.000000 0.000000 166.029467 166.014526 166.006225 166.004150 166.004150 166.013696 166.034862 
0.000000 0.000000 0.000000 0.000000 0.000000 166.039842 166.023241 166.011621 166.006225 166.004980 166.005810 166.014941 166.034862 
0.000000 0.000000 0.000000 0.000000 0.000000 166.032787 166.019091 166.010376 166.006640 166.006225 166.007470 166.017016 166.034447 
0.000000 0.000000 0.000000 0.000000 0.000000 166.027806 166.016601 166.010376 166.007055 166.007055 166.009130 166.018676 166.035277 
0.000000 0.000000 0.000000 0.000000 166.036937 166.024071 166.014941 166.010376 166.008300 166.008300 166.011206 166.020336 166.035692 
0.000000 0.000000 0.000000 0.000000 166.032372 166.021581 166.014526 166.010376 166.009130 166.009545 166.012866 166.022411 166.036522 
0.000000 0.000000 0.000000 166.041502 166.029051 166.019921 166.014111 166.010791 166.010376 166.010791 166.014526 166.024071 166.037352 
0.000000 0.000000 0.000000 166.037352 166.026146 166.019091 166.014111 166.011621 166.011621 166.012451 166.016601 166.026146 166.039012 
0.000000 0.000000 0.000000 166.034032 166.024486 166.018676 166.014526 166.012451 166.012451 166.014111 166.018261 166.027806 166.039842 
0.000000 0.000000 0.000000 166.031127 166.023656 166.018261 166.014941 166.013696 166.013696 166.015356 166.019921 166.029467 166.041667 
0.000000 0.000000 166.039012 166.029467 166.022826 166.018261 166.015356 166.014526 166.014941 166.017016 166.021996 166.031127 0.000000 
0.000000 0.000000 166.036107 166.028221 166.022411 166.018261 166.016186 166.015771 166.016186 166.018676 166.023656 166.033202 0.000000 
0.000000 0.000000 166.034447 166.027391 166.022411 166.018676 166.017016 166.017016 166.017431 166.020336 166.025731 166.034862 0.000000 
0.000000 166.041087 166.032787 166.026976 166.022411 166.019091 166.017846 166.017846 166.019091 166.022411 166.027391 166.036937 0.000000 
0.000000 166.039427 166.031957 166.026561 166.022411 166.019506 166.019091 166.019091 166.020336 166.024071 166.029467 166.038597 0.000000 
0.000000 166.037767 166.031127 166.026146 166.022411 166.020751 166.019921 166.020336 166.021996 166.025731 166.031127 166.040672 0.000000 
0.000000 166.036522 166.030712 166.026146 166.022826 166.021166 166.021166 166.021581 166.023656 166.027391 166.032787 0.000000 0.000000 
0.000000 166.035692 166.030297 166.026146 166.023241 166.022411 166.022411 166.022826 166.025316 166.029467 166.034862 0.000000 0.000000 
166.041087 166.035277 166.030297 166.026561 166.024071 166.023241 166.023241 166.024071 166.026976 166.031127 166.036522 0.000000 0.000000 
166.040257 166.034862 166.030297 166.026976 166.024901 166.024486 166.024486 166.025731 166.028636 166.032787 166.038597 0.000000 0.000000 
166.039427 166.034447 166.030297 166.027391 166.025731 166.025316 166.025731 166.026976 166.029882 166.034862 166.040257 0.000000 0.000000 
166.039012 166.034447 166.030297 166.027806 166.026561 166.026561 166.026976 166.028636 166.031542 166.036522 0.000000 0.000000 0.000000 
166.038597 166.034447 166.030712 166.028636 166.027391 166.027391 166.028221 166.030297 166.033202 166.038182 0.000000 0.000000 0.000000 
166.038597 166.034447 166.031127 166.029467 166.028636 166.028636 166.029467 166.031957 166.035277 166.040257 0.000000 0.000000 0.000000 
166.038182 166.034447 166.031542 166.029882 166.029882 166.029882 166.030712 166.033202 166.036937 166.041667 0.000000 0.000000 0.000000 
166.038182 166.034862 166.032372 166.031127 166.030712 166.031127 166.032372 166.034862 166.038597 0.000000 0.000000 0.000000 0.000000 
166.038182 166.035277 166.032787 166.031957 166.031957 166.032372 166.033617 166.036522 166.040257 0.000000 0.000000 0.000000 0.000000 
166.038182 166.035692 166.033617 166.032787 166.032787 166.033617 166.035277 166.038182 0.000000 0.000000 0.000000 0.000000 0.000000 
166.038597 166.036107 166.034447 166.034032 166.034032 166.034862 166.036937 166.039842 0.000000 0.000000 0.000000 0.000000 0.000000 
166.039012 166.036522 166.035277 166.035277 166.035277 166.036107 166.038182 166.041502 0.000000 0.000000 0.000000 0.000000 0.000000 
166.039427 166.037352 166.036522 166.036107 166.036107 166.037352 166.039842 0.000000 0.000000 0.000000 0.000000 0.000000 0.000000 
166.039842 166.038182 166.037352 166.037352 166.037767 166.039012 166.041502 0.000000 0.000000 0.000000 0.000000 0.000000 0.000000 
166.040257 166.039012 166.038182 166.038182 166.039012 166.040257 0.000000 0.000000 0.000000 0.000000 0.000000 0.000000 0.000000 
166.041087 166.039842 166.039427 166.039427 166.040257 166.041667 0.000000 0.000000 0.000000 0.000000 0.000000 0.000000 0.000000 
166.041502 166.040672 166.040257 166.040672 166.041502 0.000000 0.000000 0.000000 0.000000 0.000000 0.000000 0.000000 0.000000 
0.000000 166.041502 166.041502 166.041502 0.000000 0.000000 0.000000 0.000000 0.000000 0.000000 0.000000 0.000000 0.000000 
