test/output/constant/M385_S060_A090_WD135.0_WS010.0/M385_S060_A090_WD135.0_WS010.0_intensity.asc
ncols         13
nrows         41
xllcorner     425603.990666
yllcorner     12744855.311160
cellsize      100.000000
NODATA_value  0.000000
0 0 0 0 0 0 0 0 0 1448 1448 1195 0 
0 0 0 0 0 0 0 0 1768 2079 0 1395 0 
0 0 0 0 0 0 0 2079 2530 48870 59356 17127 0 
0 0 0 0 0 0 0 1768 1768 57500 59356 17127 17127 
0 0 0 0 0 0 1448 2530 44762 59356 31488 31488 17127 
0 0 0 0 0 0 2079 1257 48870 59356 36431 31488 21688 
0 0 0 0 0 1768 35420 40233 59356 59356 36431 31488 21688 
0 0 0 0 0 2530 44762 44762 59356 59356 36431 17127 12978 
0 0 0 0 0 2079 2530 5993 59356 59356 31488 31488 31488 
0 0 0 0 3902 3902 40233 59356 59356 59356 21688 31488 17127 
0 0 0 0 40233 1448 44762 57500 59356 41204 31488 17127 31488 
0 0 0 2079 40233 5993 55337 59356 59356 41204 31488 36431 31488 
0 0 0 3902 40233 2079 58854 59356 59032 36431 21688 26523 31488 
0 0 0 40233 40233 2530 59356 59356 59032 21688 36431 36431 31488 
0 0 0 40233 3902 48870 59356 59356 59356 45660 36431 31488 31488 
0 0 40233 40233 44762 59356 59356 59356 53100 31488 17127 31488 0 
0 0 44762 3902 40233 59208 59356 59356 45660 36431 36431 17127 0 
0 0 5993 5993 5993 59356 59356 59356 57855 36431 17127 36431 0 
0 3902 40233 3902 59356 59356 59356 55858 31488 26523 36431 21688 0 
0 3902 2530 44762 59356 59356 59356 59356 55858 17127 26523 31488 0 
0 40233 40233 55337 58854 59356 59356 26523 31488 36431 31488 31488 0 
0 5993 44762 59356 59356 59356 53100 36431 31488 31488 36431 0 0 
0 40233 40233 57500 59356 59356 31488 41204 17127 21688 12978 0 0 
40233 44762 59356 59356 59356 59356 59356 49666 12978 17127 31488 0 0 
5993 40233 59356 59356 59356 59356 59356 31488 26523 31488 21688 0 0 
40233 44762 59356 59356 59356 59356 31488 41204 41204 31488 31488 0 0 
40233 59356 55337 52431 59356 59356 21688 36431 36431 9366 0 0 0 
40233 59356 59356 59356 59356 59356 41204 17127 36431 36431 0 0 0 
3902 59356 59356 59356 59356 59356 41204 21688 21688 21688 0 0 0 
55337 59356 55337 59356 59356 59356 49666 31488 36431 41204 0 0 0 
59356 59356 59356 59356 59356 31488 36431 31488 36431 0 0 0 0 
58854 59356 59356 59356 26523 31488 59356 31488 31488 0 0 0 0 
55337 59356 59356 59356 57855 26523 36431 31488 0 0 0 0 0 
55337 59356 59356 59356 59356 41204 12978 17127 0 0 0 0 0 
59208 59356 59356 45660 59356 41204 36431 17127 0 0 0 0 0 
59208 59356 59356 59356 59032 53100 36431 0 0 0 0 0 0 
59356 59356 59356 53100 45660 36431 36431 0 0 0 0 0 0 
59356 59356 59356 59032 31488 36431 0 0 0 0 0 0 0 
59356 59356 59356 59356 26523 36431 0 0 0 0 0 0 0 
59356 59356 59356 59356 31488 0 0 0 0 0 0 0 0 
0 59356 59356 57855 0 0 0 0 0 0 0 0 0 
