test/output/constant/M385_S060_A090_WD135.0_WS010.0/M385_S060_A090_WD135.0_WS010.0_raz.asc
ncols         13
nrows         41
xllcorner     425603.990666
yllcorner     12744855.311160
cellsize      100.000000
NODATA_value  0.000000
0 0 0 0 0 0 0 0 0 302 302 35 0 
0 0 0 0 0 0 0 0 282 271 254 82 0 
0 0 0 0 0 0 0 271 261 198 192 170 0 
0 0 0 0 0 0 0 282 282 194 192 170 170 
0 0 0 0 0 0 302 261 200 192 179 179 170 
0 0 0 0 0 0 271 349 198 192 181 179 173 
0 0 0 0 0 282 203 201 192 192 181 179 173 
0 0 0 0 0 261 200 200 192 192 181 170 165 
0 0 0 0 0 271 261 233 192 192 179 179 179 
0 0 0 0 245 245 201 192 192 192 173 179 170 
0 0 0 0 201 302 200 194 192 182 179 170 179 
0 0 0 271 201 233 196 192 192 182 179 181 179 
0 0 0 245 201 271 193 192 191 181 173 176 179 
0 0 0 201 201 261 192 192 191 173 181 181 179 
0 0 0 201 245 198 192 192 192 184 181 179 179 
0 0 201 201 200 192 192 192 187 179 170 179 0 
0 0 200 245 201 192 192 192 184 181 181 170 0 
0 0 233 233 233 192 192 192 190 181 170 181 0 
0 245 201 245 192 192 192 188 179 176 181 173 0 
0 245 261 200 192 192 192 192 188 170 176 179 0 
0 201 201 196 193 192 192 176 179 181 179 179 0 
0 233 200 192 192 192 187 181 179 179 181 0 0 
0 201 201 194 192 192 179 182 170 173 165 0 0 
201 200 192 192 192 192 192 186 165 170 179 0 0 
233 201 192 192 192 192 192 179 176 179 173 0 0 
201 200 192 192 192 192 179 182 182 179 179 0 0 
201 192 196 197 192 192 173 181 181 159 0 0 0 
201 192 192 192 192 192 182 170 181 181 0 0 0 
245 192 192 192 192 192 182 173 173 173 0 0 0 
196 192 196 192 192 192 186 179 181 182 0 0 0 
192 192 192 192 192 179 181 179 181 0 0 0 0 
193 192 192 192 176 179 192 179 179 0 0 0 0 
196 192 192 192 190 176 181 179 0 0 0 0 0 
196 192 192 192 192 182 165 170 0 0 0 0 0 
192 192 192 184 192 182 181 170 0 0 0 0 0 
192 192 192 192 191 187 181 0 0 0 0 0 0 
192 192 192 187 184 181 181 0 0 0 0 0 0 
192 192 192 191 179 181 0 0 0 0 0 0 0 
192 192 192 192 176 181 0 0 0 0 0 0 0 
192 192 192 192 179 0 0 0 0 0 0 0 0 
0 192 192 190 0 0 0 0 0 0 0 0 0 
