test/output/constant/M3M490_S060_A000_WD000.0_WS010.0/M3M490_S060_A000_WD000.0_WS010.0_ros.asc
ncols         49
nrows         16
xllcorner     421803.990666
yllcorner     12747355.311160
cellsize      100.000000
NODATA_value  0.000000
0.000000 0.000000 0.000000 0.000000 0.000000 0.000000 0.000000 0.000000 0.000000 0.000000 0.000000 0.000000 0.000000 0.000000 0.000000 0.000000 0.000000 0.000000 0.000000 0.000000 0.000000 0.000000 0.000000 0.000000 0.000000 0.000000 0.000000 0.000000 0.000000 0.000000 0.000000 0.000000 0.000000 0.000000 29.907772 17.477211 29.907772 17.477211 36.784561 17.477211 29.907772 17.477211 36.784561 12.299114 12.299114 12.299114 12.299114 12.299114 1.412490 
0.000000 0.000000 0.000000 0.000000 0.000000 0.000000 0.000000 0.000000 0.000000 0.000000 0.000000 0.000000 0.000000 0.000000 0.000000 0.000000 0.000000 0.000000 0.000000 0.000000 0.000000 0.000000 0.000000 0.000000 0.000000 0.000000 17.477211 29.907772 29.907772 29.907772 29.907772 17.477211 36.784561 12.299114 36.784561 29.907772 17.477211 29.907772 29.907772 17.477211 23.406418 36.784561 29.907772 29.907772 29.907772 29.907772 82.782509 82.782509 0.000000 
0.000000 0.000000 0.000000 0.000000 0.000000 0.000000 0.000000 0.000000 0.000000 0.000000 0.000000 0.000000 0.000000 0.000000 0.000000 0.000000 0.000000 0.000000 0.000000 0.000000 0.000000 0.000000 23.406418 29.907772 23.406418 12.299114 17.477211 23.406418 29.907772 36.784561 17.477211 17.477211 36.784561 57.564724 17.477211 36.784561 23.406418 36.784561 74.260559 17.477211 23.406418 69.462555 82.782509 82.782509 82.782509 82.782509 77.425819 68.432205 42.487385 
0.000000 0.000000 0.000000 0.000000 0.000000 0.000000 0.000000 0.000000 0.000000 0.000000 0.000000 0.000000 0.000000 0.000000 0.000000 0.000000 0.000000 0.000000 0.000000 69.462555 36.784561 57.564724 36.784561 36.784561 23.406418 29.907772 29.907772 23.406418 69.462555 36.784561 17.477211 80.831230 74.260559 36.784561 69.462555 82.404587 50.825928 57.564724 82.782509 82.782509 82.782509 82.782509 82.782509 73.400200 68.432205 62.672966 56.297661 1.412490 1.832315 
0.000000 0.000000 0.000000 0.000000 0.000000 0.000000 0.000000 0.000000 0.000000 0.000000 0.000000 0.000000 0.000000 0.000000 0.000000 29.907772 36.784561 57.564724 36.784561 36.784561 36.784561 63.840412 29.907772 23.406418 69.462555 69.462555 12.299114 36.784561 23.406418 36.784561 29.907772 29.907772 29.907772 82.714539 57.564724 82.782509 82.782509 82.782509 82.782509 82.782509 77.425819 1.832315 7.467910 4.449419 1.412490 1.832315 1.832315 0.000000 0.000000 
0.000000 0.000000 0.000000 0.000000 0.000000 0.000000 0.000000 0.000000 0.000000 0.000000 0.000000 0.000000 0.000000 36.784561 17.477211 74.260559 36.784561 12.299114 23.406418 17.477211 29.907772 78.088837 12.299114 29.907772 17.477211 29.907772 29.907772 82.404587 80.831230 74.260559 78.088837 82.782509 82.782509 82.782509 82.782509 82.782509 82.782509 68.432205 56.297661 56.297661 56.297661 56.297661 56.297661 56.297661 49.500214 1.832315 0.000000 0.000000 0.000000 
0.000000 0.000000 0.000000 0.000000 0.000000 0.000000 0.000000 0.000000 0.000000 0.000000 17.477211 23.406418 74.260559 36.784561 36.784561 17.477211 36.784561 63.840412 36.784561 17.477211 74.260559 23.406418 36.784561 78.088837 69.462555 82.782509 29.907772 82.782509 82.782509 82.782509 82.782509 82.782509 82.782509 80.386597 68.432205 56.297661 56.297661 62.672966 62.672966 4.449419 56.297661 56.297661 2.495597 2.495597 0.000000 0.000000 0.000000 0.000000 0.000000 
0.000000 0.000000 0.000000 0.000000 0.000000 0.000000 0.000000 0.000000 63.840412 36.784561 50.825928 17.477211 29.907772 29.907772 43.828465 57.564724 23.406418 17.477211 82.782509 82.782509 80.831230 80.831230 63.840412 82.782509 82.782509 82.782509 82.782509 82.782509 82.782509 82.782509 82.782509 68.432205 56.297661 56.297661 7.467910 56.297661 62.672966 4.449419 4.449419 7.467910 56.297661 0.000000 0.000000 0.000000 0.000000 0.000000 0.000000 0.000000 0.000000 
0.000000 0.000000 0.000000 0.000000 0.000000 36.784561 69.462555 36.784561 23.406418 23.406418 36.784561 78.088837 63.840412 17.477211 69.462555 78.088837 82.782509 82.782509 23.406418 82.782509 82.782509 82.782509 82.782509 82.782509 82.782509 80.386597 77.425819 82.192398 82.782509 4.449419 68.432205 7.467910 62.672966 4.449419 4.449419 56.297661 4.449419 56.297661 1.832315 0.000000 0.000000 0.000000 0.000000 0.000000 0.000000 0.000000 0.000000 0.000000 0.000000 
0.000000 0.000000 0.000000 0.000000 36.784561 36.784561 36.784561 82.714539 74.260559 82.782509 29.907772 29.907772 29.907772 82.782509 50.825928 82.782509 82.782509 82.782509 82.782509 82.608109 82.782509 82.782509 82.782509 82.782509 82.782509 82.608109 2.495597 1.412490 4.449419 7.467910 56.297661 7.467910 56.297661 56.297661 56.297661 56.297661 0.000000 0.000000 0.000000 0.000000 0.000000 0.000000 0.000000 0.000000 0.000000 0.000000 0.000000 0.000000 0.000000 
0.000000 0.000000 36.784561 43.828465 69.462555 78.088837 63.840412 82.782509 82.782509 82.782509 78.088837 82.782509 82.782509 82.782509 82.782509 82.782509 82.782509 82.782509 82.782509 82.782509 77.425819 82.782509 73.400200 7.467910 1.055815 4.449419 7.467910 4.449419 4.449419 62.672966 2.495597 56.297661 1.055815 0.000000 0.000000 0.000000 0.000000 0.000000 0.000000 0.000000 0.000000 0.000000 0.000000 0.000000 0.000000 0.000000 0.000000 0.000000 0.000000 
0.000000 36.784561 12.299114 74.260559 74.260559 82.782509 43.828465 82.782509 82.782509 82.782509 82.782509 82.782509 82.782509 82.782509 82.782509 80.386597 68.432205 80.386597 68.432205 68.432205 56.297661 62.672966 4.449419 2.495597 7.467910 56.297661 56.297661 4.449419 56.297661 4.449419 0.000000 0.000000 0.000000 0.000000 0.000000 0.000000 0.000000 0.000000 0.000000 0.000000 0.000000 0.000000 0.000000 0.000000 0.000000 0.000000 0.000000 0.000000 0.000000 
36.784561 82.782509 69.462555 82.782509 82.782509 82.782509 82.782509 82.782509 82.782509 82.782509 82.782509 82.782509 82.782509 82.782509 80.386597 82.782509 68.432205 68.432205 56.297661 56.297661 7.467910 7.467910 4.449419 2.495597 0.813354 4.449419 7.467910 0.000000 0.000000 0.000000 0.000000 0.000000 0.000000 0.000000 0.000000 0.000000 0.000000 0.000000 0.000000 0.000000 0.000000 0.000000 0.000000 0.000000 0.000000 0.000000 0.000000 0.000000 0.000000 
82.782509 82.782509 82.782509 82.782509 82.782509 82.782509 80.386597 82.782509 82.192398 82.782509 80.386597 82.782509 82.782509 68.432205 77.425819 56.297661 68.432205 62.672966 7.467910 7.467910 56.297661 62.672966 4.449419 0.000000 0.000000 0.000000 0.000000 0.000000 0.000000 0.000000 0.000000 0.000000 0.000000 0.000000 0.000000 0.000000 0.000000 0.000000 0.000000 0.000000 0.000000 0.000000 0.000000 0.000000 0.000000 0.000000 0.000000 0.000000 0.000000 
82.782509 80.386597 82.782509 82.782509 82.782509 80.386597 82.782509 77.425819 82.782509 77.425819 68.432205 4.449419 62.672966 56.297661 1.412490 62.672966 7.467910 4.449419 0.000000 0.000000 0.000000 0.000000 0.000000 0.000000 0.000000 0.000000 0.000000 0.000000 0.000000 0.000000 0.000000 0.000000 0.000000 0.000000 0.000000 0.000000 0.000000 0.000000 0.000000 0.000000 0.000000 0.000000 0.000000 0.000000 0.000000 0.000000 0.000000 0.000000 0.000000 
0.000000 0.000000 0.000000 0.000000 82.782509 82.782509 82.782509 82.782509 7.467910 62.672966 0.000000 0.000000 0.000000 0.000000 0.000000 0.000000 0.000000 0.000000 0.000000 0.000000 0.000000 0.000000 0.000000 0.000000 0.000000 0.000000 0.000000 0.000000 0.000000 0.000000 0.000000 0.000000 0.000000 0.000000 0.000000 0.000000 0.000000 0.000000 0.000000 0.000000 0.000000 0.000000 0.000000 0.000000 0.000000 0.000000 0.000000 0.000000 0.000000 
