test/output/constant/C6_S060_A000_WD090.0_WS035.0/C6_S060_A000_WD090.0_WS035.0_arrival.asc
ncols         39
nrows         7
xllcorner     422803.990666
yllcorner     12748455.311160
cellsize      100.000000
NODATA_value  0.000000
0.000000 0.000000 0.000000 0.000000 0.000000 0.000000 0.000000 0.000000 0.000000 0.000000 166.041417 166.040536 166.039655 166.039214 166.038333 166.037452 166.037011 166.036571 166.036130 166.036130 166.036571 166.036571 166.036571 166.037011 166.037893 166.038774 166.040096 166.041667 0.000000 0.000000 0.000000 0.000000 0.000000 0.000000 0.000000 0.000000 0.000000 0.000000 0.000000 
0.000000 0.000000 0.000000 166.041667 166.040536 166.039655 166.038774 166.037893 166.036571 166.035690 166.034368 166.033486 166.032605 166.031724 166.030402 166.029962 166.029080 166.028199 166.027318 166.026437 166.025555 166.025115 166.024234 166.023352 166.022912 166.022031 166.022031 166.022031 166.022031 166.022471 166.023352 166.024234 166.026437 166.029521 166.034808 0.000000 0.000000 0.000000 0.000000 
0.000000 166.040977 166.040096 166.038774 166.037893 166.036571 166.035690 166.034808 166.033486 166.032605 166.031283 166.030402 166.029080 166.028199 166.026877 166.025996 166.025115 166.023793 166.022912 166.021590 166.020709 166.019387 166.018506 166.017624 166.016303 166.015421 166.014100 166.013218 166.011897 166.011015 166.010134 166.009253 166.008372 166.007931 166.007490 166.007931 166.008812 166.013218 0.000000 
166.041417 166.040536 166.039214 166.038333 166.037011 166.036130 166.034808 166.033927 166.032605 166.031724 166.030402 166.029521 166.028199 166.027318 166.025996 166.025115 166.023793 166.022912 166.021590 166.020709 166.019387 166.018506 166.017184 166.016303 166.014981 166.014100 166.012778 166.011897 166.010575 166.009693 166.008372 166.007490 166.006169 166.005287 166.003966 166.003084 166.001762 166.000881 166.000000 
0.000000 166.040977 166.040096 166.038774 166.037893 166.036571 166.035690 166.034808 166.033486 166.032605 166.031283 166.030402 166.029080 166.028199 166.026877 166.025996 166.025115 166.023793 166.022912 166.021590 166.020709 166.019387 166.018506 166.017624 166.016303 166.015421 166.014100 166.013218 166.011897 166.011015 166.010134 166.009253 166.008372 166.007931 166.007490 166.007931 166.008812 166.013218 0.000000 
0.000000 0.000000 0.000000 166.041667 166.040536 166.039655 166.038774 166.037893 166.036571 166.035690 166.034368 166.033486 166.032605 166.031724 166.030402 166.029962 166.029080 166.028199 166.027318 166.026437 166.025555 166.025115 166.024234 166.023352 166.022912 166.022031 166.022031 166.022031 166.022031 166.022471 166.023352 166.024234 166.026437 166.029521 166.034808 0.000000 0.000000 0.000000 0.000000 
0.000000 0.000000 0.000000 0.000000 0.000000 0.000000 0.000000 0.000000 0.000000 0.000000 166.041417 166.040536 166.039655 166.039214 166.038333 166.037452 166.037011 166.036571 166.036130 166.036130 166.036571 166.036571 166.036571 166.037011 166.037893 166.038774 166.040096 166.041667 0.000000 0.000000 0.000000 0.000000 0.000000 0.000000 0.000000 0.000000 0.000000 0.000000 0.000000 
