test/output/constant/M190_S060_A270_WD135.0_WS015.0/M190_S060_A270_WD135.0_WS015.0_arrival.asc
ncols         10
nrows         29
xllcorner     425803.990666
yllcorner     12748755.311160
cellsize      100.000000
NODATA_value  0.000000
166.041390 166.041390 0.000000 0.000000 0.000000 0.000000 0.000000 0.000000 0.000000 0.000000 
166.040256 166.039689 166.040256 0.000000 0.000000 0.000000 0.000000 0.000000 0.000000 0.000000 
166.039122 166.037988 166.038555 166.040256 0.000000 0.000000 0.000000 0.000000 0.000000 0.000000 
166.038555 166.036854 166.036854 166.037988 0.000000 0.000000 0.000000 0.000000 0.000000 0.000000 
166.037988 166.035153 166.035153 166.035720 166.039689 0.000000 0.000000 0.000000 0.000000 0.000000 
166.037988 166.034586 166.034019 166.034019 166.037421 0.000000 0.000000 0.000000 0.000000 0.000000 
166.037988 166.033452 166.032318 166.032318 166.034586 166.039689 0.000000 0.000000 0.000000 0.000000 
166.037988 166.033452 166.030617 166.030617 166.032318 166.036854 0.000000 0.000000 0.000000 0.000000 
166.038555 166.032885 166.029483 166.029483 166.030050 166.034019 0.000000 0.000000 0.000000 0.000000 
166.039689 166.032885 166.028349 166.027782 166.028349 166.031184 166.038555 0.000000 0.000000 0.000000 
166.041390 166.033452 166.028349 166.026081 166.026648 166.028916 166.035153 0.000000 0.000000 0.000000 
0.000000 166.034019 166.027782 166.024947 166.024947 166.026648 166.032318 0.000000 0.000000 0.000000 
0.000000 166.035153 166.027782 166.023813 166.023246 166.024380 166.028916 166.038555 0.000000 0.000000 
0.000000 166.036854 166.028349 166.023246 166.022112 166.022112 166.026081 166.035153 0.000000 0.000000 
0.000000 166.039122 166.028916 166.022679 166.020411 166.020411 166.023246 166.031184 0.000000 0.000000 
0.000000 0.000000 166.030617 166.023246 166.019277 166.018711 166.020411 166.027782 166.041390 0.000000 
0.000000 0.000000 166.032318 166.023246 166.018144 166.017577 166.018144 166.024380 166.037421 0.000000 
0.000000 0.000000 166.035720 166.024380 166.018144 166.015876 166.016443 166.021545 166.033452 0.000000 
0.000000 0.000000 166.041390 166.026081 166.018144 166.014175 166.014742 166.018144 166.029483 0.000000 
0.000000 0.000000 0.000000 166.028916 166.018144 166.013041 166.013041 166.015309 166.025514 0.000000 
0.000000 0.000000 0.000000 166.034586 166.019844 166.013041 166.011340 166.012474 166.022112 0.000000 
0.000000 0.000000 0.000000 0.000000 166.022112 166.013041 166.010206 166.010206 166.018144 0.000000 
0.000000 0.000000 0.000000 0.000000 166.027782 166.013608 166.008505 166.008505 166.014175 0.000000 
0.000000 0.000000 0.000000 0.000000 166.037421 166.015309 166.007938 166.006804 166.010773 0.000000 
0.000000 0.000000 0.000000 0.000000 0.000000 166.020978 166.007938 166.005670 166.007371 166.039122 
0.000000 0.000000 0.000000 0.000000 0.000000 166.032318 166.009072 166.003969 166.004536 166.037421 
0.000000 0.000000 0.000000 0.000000 0.000000 0.000000 166.014742 166.002835 166.002268 166.036287 
0.000000 0.000000 0.000000 0.000000 0.000000 0.000000 166.032885 166.002835 166.001134 166.035720 
0.000000 0.000000 0.000000 0.000000 0.000000 0.000000 0.000000 166.012474 166.000000 0.000000 
