test/output/constant/M395_S060_A180_WD135.0_WS015.0/M395_S060_A180_WD135.0_WS015.0_arrival.asc
ncols         41
nrows         17
xllcorner     426503.990666
yllcorner     12748655.311160
cellsize      100.000000
NODATA_value  0.000000
0.000000 0.000000 0.000000 0.000000 0.000000 0.000000 0.000000 0.000000 0.000000 0.000000 0.000000 0.000000 0.000000 0.000000 0.000000 0.000000 0.000000 0.000000 0.000000 0.000000 0.000000 0.000000 0.000000 0.000000 0.000000 0.000000 0.000000 0.000000 0.000000 166.041460 166.041065 166.040670 166.040275 166.040275 166.039880 166.039880 166.040275 166.040670 166.041065 166.041460 0.000000 
0.000000 0.000000 0.000000 0.000000 0.000000 0.000000 0.000000 0.000000 0.000000 0.000000 0.000000 0.000000 0.000000 0.000000 0.000000 0.000000 0.000000 0.000000 0.000000 0.000000 0.000000 0.000000 0.000000 0.000000 0.000000 166.040670 166.039880 166.038696 166.037906 166.037511 166.037511 166.037511 166.037116 166.037511 166.037511 166.037906 166.038301 166.039091 166.039880 166.040275 166.041460 
0.000000 0.000000 0.000000 0.000000 0.000000 0.000000 0.000000 0.000000 0.000000 0.000000 0.000000 0.000000 0.000000 0.000000 0.000000 0.000000 0.000000 0.000000 0.000000 0.000000 0.000000 166.041460 166.039485 166.037906 166.037116 166.035932 166.035142 166.034747 166.034747 166.034747 166.034352 166.034747 166.034747 166.035142 166.035932 166.036721 166.037511 166.038301 166.039091 166.040275 166.041460 
0.000000 0.000000 0.000000 0.000000 0.000000 0.000000 0.000000 0.000000 0.000000 0.000000 0.000000 0.000000 0.000000 0.000000 0.000000 0.000000 0.000000 0.000000 166.041460 166.039091 166.036721 166.035142 166.033958 166.033168 166.032378 166.031983 166.031983 166.031983 166.031983 166.031983 166.032378 166.032773 166.033563 166.034352 166.035142 166.035932 166.037116 166.038301 166.039091 166.040275 166.041460 
0.000000 0.000000 0.000000 0.000000 0.000000 0.000000 0.000000 0.000000 0.000000 0.000000 0.000000 0.000000 0.000000 0.000000 0.000000 0.000000 166.039091 166.036721 166.034352 166.032378 166.031194 166.030404 166.029614 166.029219 166.029219 166.029219 166.029219 166.029219 166.029614 166.030404 166.031194 166.031983 166.032773 166.033958 166.034747 166.035932 166.037116 166.038301 166.039880 166.041065 0.000000 
0.000000 0.000000 0.000000 0.000000 0.000000 0.000000 0.000000 0.000000 0.000000 0.000000 0.000000 0.000000 0.000000 166.041460 166.037511 166.034352 166.031588 166.029614 166.028430 166.027640 166.026850 166.026455 166.026455 166.026455 166.026455 166.026850 166.027245 166.028035 166.028824 166.029614 166.030799 166.031588 166.032773 166.033958 166.035142 166.036721 166.037906 166.039485 166.041065 0.000000 0.000000 
0.000000 0.000000 0.000000 0.000000 0.000000 0.000000 0.000000 0.000000 0.000000 0.000000 0.000000 166.040670 166.035932 166.031983 166.029219 166.027245 166.025666 166.024481 166.024086 166.023691 166.023691 166.023691 166.023691 166.024086 166.024876 166.025666 166.026455 166.027245 166.028430 166.029614 166.030799 166.031983 166.033168 166.034747 166.036327 166.037906 166.039091 166.041065 0.000000 0.000000 0.000000 
0.000000 0.000000 0.000000 0.000000 0.000000 0.000000 0.000000 0.000000 0.000000 166.040275 166.034747 166.030404 166.026850 166.024481 166.022902 166.021717 166.021322 166.020927 166.020927 166.020927 166.020927 166.021717 166.022507 166.023296 166.024086 166.025271 166.026455 166.027640 166.028824 166.030009 166.031588 166.033168 166.034747 166.036327 166.037906 166.039880 166.041460 0.000000 0.000000 0.000000 0.000000 
0.000000 0.000000 0.000000 0.000000 0.000000 0.000000 0.000000 166.041065 166.034352 166.028824 166.024876 166.022112 166.020138 166.018953 166.018163 166.018163 166.018163 166.018163 166.018558 166.019348 166.020138 166.020927 166.022112 166.023296 166.024481 166.025666 166.027245 166.028430 166.030009 166.031588 166.033168 166.035142 166.036721 166.038696 166.040670 0.000000 0.000000 0.000000 0.000000 0.000000 0.000000 
0.000000 0.000000 0.000000 0.000000 0.000000 0.000000 166.034747 166.028035 166.023296 166.019743 166.017374 166.016189 166.015399 166.015399 166.015399 166.015399 166.016189 166.016979 166.017768 166.018953 166.020138 166.020927 166.022507 166.023691 166.025271 166.026850 166.028430 166.030404 166.031983 166.033958 166.035932 166.037906 166.039880 0.000000 0.000000 0.000000 0.000000 0.000000 0.000000 0.000000 0.000000 
0.000000 0.000000 0.000000 0.000000 166.037906 166.028430 166.022112 166.017374 166.014610 166.013425 166.012635 166.012635 166.012635 166.013030 166.013820 166.014610 166.015794 166.016584 166.017768 166.019348 166.020532 166.022112 166.023691 166.025666 166.027245 166.029219 166.031194 166.033168 166.035142 166.037511 166.039880 0.000000 0.000000 0.000000 0.000000 0.000000 0.000000 0.000000 0.000000 0.000000 0.000000 
0.000000 0.000000 0.000000 166.032378 166.022507 166.016189 166.012240 166.010661 166.009871 166.009871 166.009871 166.010661 166.011451 166.012635 166.013425 166.014610 166.016189 166.017374 166.018953 166.020927 166.022507 166.024481 166.026455 166.028430 166.030799 166.033168 166.035142 166.037511 166.039880 0.000000 0.000000 0.000000 0.000000 0.000000 0.000000 0.000000 0.000000 0.000000 0.000000 0.000000 0.000000 
0.000000 0.000000 166.027245 166.016584 166.010266 166.007897 166.007107 166.007107 166.007502 166.008292 166.009082 166.010266 166.011451 166.013030 166.014215 166.016189 166.017768 166.019743 166.021717 166.024086 166.026060 166.028430 166.030799 166.033168 166.035537 166.037906 166.040275 0.000000 0.000000 0.000000 0.000000 0.000000 0.000000 0.000000 0.000000 0.000000 0.000000 0.000000 0.000000 0.000000 0.000000 
0.000000 166.022507 166.010266 166.005133 166.004343 166.004343 166.005133 166.005923 166.007107 166.008292 166.009477 166.011056 166.013030 166.015004 166.016979 166.019348 166.021717 166.024086 166.026455 166.028824 166.031194 166.033563 166.036327 166.038696 166.041460 0.000000 0.000000 0.000000 0.000000 0.000000 0.000000 0.000000 0.000000 0.000000 0.000000 0.000000 0.000000 0.000000 0.000000 0.000000 0.000000 
166.027640 166.003554 166.001579 166.001974 166.002764 166.003949 166.005133 166.006318 166.008292 166.010266 166.012635 166.015004 166.017374 166.019743 166.022507 166.024876 166.027640 166.030009 166.032773 166.035537 166.038301 166.041065 0.000000 0.000000 0.000000 0.000000 0.000000 0.000000 0.000000 0.000000 0.000000 0.000000 0.000000 0.000000 0.000000 0.000000 0.000000 0.000000 0.000000 0.000000 0.000000 
166.020532 166.000000 166.000790 166.001974 166.003554 166.005923 166.008292 166.011056 166.013820 166.016584 166.019348 166.022112 166.024876 166.027245 166.030009 166.032773 166.035537 166.038301 166.041065 0.000000 0.000000 0.000000 0.000000 0.000000 0.000000 0.000000 0.000000 0.000000 0.000000 0.000000 0.000000 0.000000 0.000000 0.000000 0.000000 0.000000 0.000000 0.000000 0.000000 0.000000 0.000000 
166.031194 166.016584 166.015004 166.015794 166.017768 166.019743 166.022507 166.025271 166.028035 166.030799 166.033563 166.036327 166.038696 166.041460 0.000000 0.000000 0.000000 0.000000 0.000000 0.000000 0.000000 0.000000 0.000000 0.000000 0.000000 0.000000 0.000000 0.000000 0.000000 0.000000 0.000000 0.000000 0.000000 0.000000 0.000000 0.000000 0.000000 0.000000 0.000000 0.000000 0.000000 
