test/output/constant/M395_S060_A180_WD135.0_WS015.0/M395_S060_A180_WD135.0_WS015.0_ros.asc
ncols         41
nrows         17
xllcorner     426503.990666
yllcorner     12748655.311160
cellsize      100.000000
NODATA_value  0.000000
0.000000 0.000000 0.000000 0.000000 0.000000 0.000000 0.000000 0.000000 0.000000 0.000000 0.000000 0.000000 0.000000 0.000000 0.000000 0.000000 0.000000 0.000000 0.000000 0.000000 0.000000 0.000000 0.000000 0.000000 0.000000 0.000000 0.000000 0.000000 0.000000 46.487667 64.098396 68.959648 68.959648 68.959648 68.959648 68.959648 68.959648 68.959648 68.959648 68.959648 0.000000 
0.000000 0.000000 0.000000 0.000000 0.000000 0.000000 0.000000 0.000000 0.000000 0.000000 0.000000 0.000000 0.000000 0.000000 0.000000 0.000000 0.000000 0.000000 0.000000 0.000000 0.000000 0.000000 0.000000 0.000000 0.000000 46.487667 64.098396 51.742046 64.098396 60.683357 64.098396 68.959648 68.300797 68.959648 68.959648 68.959648 68.959648 68.959648 68.959648 68.916946 68.959648 
0.000000 0.000000 0.000000 0.000000 0.000000 0.000000 0.000000 0.000000 0.000000 0.000000 0.000000 0.000000 0.000000 0.000000 0.000000 0.000000 0.000000 0.000000 0.000000 0.000000 0.000000 51.742046 68.753731 51.742046 68.959648 68.300797 68.300797 60.683357 68.959648 68.959648 64.098396 68.959648 68.959648 66.663582 68.959648 68.959648 68.959648 68.959648 68.959648 68.959648 68.959648 
0.000000 0.000000 0.000000 0.000000 0.000000 0.000000 0.000000 0.000000 0.000000 0.000000 0.000000 0.000000 0.000000 0.000000 0.000000 0.000000 0.000000 0.000000 46.487667 51.742046 51.742046 46.487667 51.742046 68.959648 68.300797 68.753731 68.959648 68.959648 68.959648 68.959648 68.959648 68.959648 68.959648 68.959648 68.959648 68.959648 68.959648 68.959648 68.959648 68.959648 61.885052 
0.000000 0.000000 0.000000 0.000000 0.000000 0.000000 0.000000 0.000000 0.000000 0.000000 0.000000 0.000000 0.000000 0.000000 0.000000 0.000000 51.742046 46.487667 68.753731 46.487667 66.663582 68.959648 68.959648 68.753731 68.959648 68.959648 68.959648 68.959648 68.300797 68.959648 68.959648 68.959648 68.959648 68.959648 68.959648 68.959648 68.959648 68.959648 68.959648 65.034599 0.000000 
0.000000 0.000000 0.000000 0.000000 0.000000 0.000000 0.000000 0.000000 0.000000 0.000000 0.000000 0.000000 0.000000 51.742046 46.487667 46.487667 51.742046 46.487667 66.663582 66.663582 68.959648 68.959648 68.959648 68.959648 68.959648 68.959648 68.959648 68.959648 68.959648 68.959648 68.959648 68.959648 68.959648 68.959648 68.959648 68.959648 68.959648 68.959648 68.959648 0.000000 0.000000 
0.000000 0.000000 0.000000 0.000000 0.000000 0.000000 0.000000 0.000000 0.000000 0.000000 0.000000 40.918919 51.742046 46.487667 51.742046 68.959648 66.663582 46.487667 68.959648 68.753731 68.959648 68.959648 68.959648 68.959648 68.959648 68.959648 68.959648 68.959648 68.959648 68.959648 68.959648 68.959648 61.885052 68.959648 68.959648 68.959648 61.885052 68.959648 0.000000 0.000000 0.000000 
0.000000 0.000000 0.000000 0.000000 0.000000 0.000000 0.000000 0.000000 0.000000 46.487667 40.918919 46.487667 51.742046 51.742046 66.663582 46.487667 68.300797 68.959648 68.959648 68.959648 68.959648 68.959648 68.959648 68.959648 68.959648 68.959648 68.959648 68.959648 68.959648 57.951141 68.959648 68.959648 68.959648 68.959648 53.351974 68.959648 57.951141 0.000000 0.000000 0.000000 0.000000 
0.000000 0.000000 0.000000 0.000000 0.000000 0.000000 0.000000 35.204926 46.487667 40.918919 51.742046 51.742046 64.098396 51.742046 60.683357 68.753731 68.959648 68.959648 68.959648 68.959648 68.959648 68.959648 68.959648 68.959648 68.959648 68.959648 68.959648 68.959648 68.959648 68.959648 48.226772 68.959648 42.730614 48.226772 48.226772 0.000000 0.000000 0.000000 0.000000 0.000000 0.000000 
0.000000 0.000000 0.000000 0.000000 0.000000 0.000000 3.225289 46.487667 46.487667 51.742046 46.487667 68.753731 68.753731 68.959648 68.959648 68.959648 68.959648 68.959648 68.959648 68.959648 68.959648 61.885052 68.959648 53.351974 68.959648 68.959648 48.226772 67.304451 48.226772 68.916946 37.029655 42.730614 48.226772 0.000000 0.000000 0.000000 0.000000 0.000000 0.000000 0.000000 0.000000 
0.000000 0.000000 0.000000 0.000000 3.225289 40.918919 46.487667 46.487667 51.742046 68.959648 68.753731 68.959648 68.959648 68.959648 68.959648 68.959648 68.959648 68.959648 68.959648 68.959648 68.916946 68.959648 68.959648 68.959648 53.351974 42.730614 61.885052 48.226772 53.351974 65.034599 67.304451 0.000000 0.000000 0.000000 0.000000 0.000000 0.000000 0.000000 0.000000 0.000000 0.000000 
0.000000 0.000000 0.000000 3.225289 3.225289 40.918919 51.742046 68.959648 68.959648 68.959648 68.959648 68.959648 68.959648 68.959648 68.959648 68.959648 68.959648 68.959648 61.885052 68.959648 53.351974 37.029655 53.351974 37.029655 68.959648 68.959648 67.304451 68.959648 61.885052 0.000000 0.000000 0.000000 0.000000 0.000000 0.000000 0.000000 0.000000 0.000000 0.000000 0.000000 0.000000 
0.000000 0.000000 3.225289 40.918919 46.487667 68.959648 68.959648 68.959648 68.959648 68.959648 68.959648 68.959648 68.959648 68.959648 68.959648 68.916946 68.959648 53.351974 42.730614 67.304451 48.226772 68.959648 68.959648 57.951141 65.034599 61.885052 68.916946 0.000000 0.000000 0.000000 0.000000 0.000000 0.000000 0.000000 0.000000 0.000000 0.000000 0.000000 0.000000 0.000000 0.000000 
0.000000 3.225289 40.918919 46.487667 68.959648 68.959648 68.959648 68.959648 68.959648 68.959648 53.351974 65.034599 48.226772 53.351974 48.226772 53.351974 68.625938 57.951141 68.959648 68.959648 53.351974 42.730614 67.304451 42.730614 48.226772 0.000000 0.000000 0.000000 0.000000 0.000000 0.000000 0.000000 0.000000 0.000000 0.000000 0.000000 0.000000 0.000000 0.000000 0.000000 0.000000 
1.981816 40.918919 68.959648 68.959648 68.959648 68.959648 68.959648 61.885052 53.351974 53.351974 68.625938 57.951141 57.951141 48.226772 53.351974 42.730614 67.304451 37.029655 31.296021 37.029655 48.226772 53.351974 0.000000 0.000000 0.000000 0.000000 0.000000 0.000000 0.000000 0.000000 0.000000 0.000000 0.000000 0.000000 0.000000 0.000000 0.000000 0.000000 0.000000 0.000000 0.000000 
1.730434 -1.000000 68.959648 68.959648 65.034599 67.304451 42.730614 42.730614 53.351974 48.226772 53.351974 37.029655 61.885052 31.296021 37.029655 31.296021 37.029655 37.029655 37.029655 0.000000 0.000000 0.000000 0.000000 0.000000 0.000000 0.000000 0.000000 0.000000 0.000000 0.000000 0.000000 0.000000 0.000000 0.000000 0.000000 0.000000 0.000000 0.000000 0.000000 0.000000 0.000000 
1.600555 1.600555 7.897511 31.296021 31.296021 11.383249 37.029655 37.029655 37.029655 53.351974 53.351974 53.351974 25.702415 37.029655 0.000000 0.000000 0.000000 0.000000 0.000000 0.000000 0.000000 0.000000 0.000000 0.000000 0.000000 0.000000 0.000000 0.000000 0.000000 0.000000 0.000000 0.000000 0.000000 0.000000 0.000000 0.000000 0.000000 0.000000 0.000000 0.000000 0.000000 
