test/output/constant/S3_S000_A090_WD090.0_WS040.0/S3_S000_A090_WD090.0_WS040.0_arrival.asc
ncols         33
nrows         7
xllcorner     423403.990666
yllcorner     12748455.311160
cellsize      100.000000
NODATA_value  0.000000
0.000000 0.000000 0.000000 0.000000 0.000000 0.000000 0.000000 166.041667 166.040792 166.039746 166.038700 166.038177 166.037131 166.036085 166.035562 166.035039 166.034516 166.034516 166.034516 166.035039 166.035039 166.036085 166.037131 166.038700 166.040792 0.000000 0.000000 0.000000 0.000000 0.000000 0.000000 0.000000 0.000000 
0.000000 0.000000 0.000000 166.040792 166.039223 166.038177 166.037131 166.036085 166.034516 166.033470 166.032424 166.031378 166.029810 166.028764 166.027718 166.026672 166.025626 166.025103 166.024057 166.023011 166.022488 166.021442 166.020919 166.020919 166.020919 166.021442 166.021965 166.024057 166.026149 166.031378 0.000000 0.000000 0.000000 
166.041667 166.040792 166.039223 166.038177 166.036608 166.035562 166.033993 166.032947 166.031378 166.030332 166.029287 166.027718 166.026672 166.025103 166.024057 166.023011 166.021442 166.020396 166.018827 166.017781 166.016212 166.015166 166.014120 166.012551 166.011505 166.010459 166.009414 166.008368 166.007322 166.007322 166.007322 166.009937 166.028241 
166.041315 166.040269 166.038700 166.037654 166.036085 166.035039 166.033470 166.032424 166.030855 166.029810 166.028241 166.027195 166.025626 166.024580 166.023011 166.021965 166.020396 166.019350 166.017781 166.016735 166.015166 166.014120 166.012551 166.011505 166.009937 166.008891 166.007322 166.006276 166.004707 166.003661 166.002092 166.001046 166.000000 
166.041667 166.040792 166.039223 166.038177 166.036608 166.035562 166.033993 166.032947 166.031378 166.030332 166.029287 166.027718 166.026672 166.025103 166.024057 166.023011 166.021442 166.020396 166.018827 166.017781 166.016212 166.015166 166.014120 166.012551 166.011505 166.010459 166.009414 166.008368 166.007322 166.007322 166.007322 166.009937 166.028241 
0.000000 0.000000 0.000000 166.040792 166.039223 166.038177 166.037131 166.036085 166.034516 166.033470 166.032424 166.031378 166.029810 166.028764 166.027718 166.026672 166.025626 166.025103 166.024057 166.023011 166.022488 166.021442 166.020919 166.020919 166.020919 166.021442 166.021965 166.024057 166.026149 166.031378 0.000000 0.000000 0.000000 
0.000000 0.000000 0.000000 0.000000 0.000000 0.000000 0.000000 166.041667 166.040792 166.039746 166.038700 166.038177 166.037131 166.036085 166.035562 166.035039 166.034516 166.034516 166.034516 166.035039 166.035039 166.036085 166.037131 166.038700 166.040792 0.000000 0.000000 0.000000 0.000000 0.000000 0.000000 0.000000 0.000000 
