test/output/constant/M3M470_S060_A090_WD225.0_WS020.0/M3M470_S060_A090_WD225.0_WS020.0_ros.asc
ncols         15
nrows         22
xllcorner     426503.990666
yllcorner     12746755.311160
cellsize      100.000000
NODATA_value  0.000000
1.477574 3.030417 3.030417 0.000000 0.000000 0.000000 0.000000 0.000000 0.000000 0.000000 0.000000 0.000000 0.000000 0.000000 0.000000 
6.491868 0.000000 1.670234 2.145400 2.494348 0.000000 0.000000 0.000000 0.000000 0.000000 0.000000 0.000000 0.000000 0.000000 0.000000 
6.491868 39.385353 39.385353 30.837633 2.145400 1.888488 0.000000 0.000000 0.000000 0.000000 0.000000 0.000000 0.000000 0.000000 0.000000 
17.149267 36.514111 39.385353 39.385353 39.224720 3.030417 1.888488 0.000000 0.000000 0.000000 0.000000 0.000000 0.000000 0.000000 0.000000 
14.103189 4.692340 39.385353 39.385353 39.385353 24.978485 3.030417 24.978485 0.000000 0.000000 0.000000 0.000000 0.000000 0.000000 0.000000 
17.149267 6.491868 39.384186 39.385353 39.385353 38.507652 3.030417 2.494348 0.000000 0.000000 0.000000 0.000000 0.000000 0.000000 0.000000 
0.000000 4.692340 39.384186 32.223156 39.385353 39.385353 38.507652 2.145400 2.145400 0.000000 0.000000 0.000000 0.000000 0.000000 0.000000 
0.000000 6.491868 29.538094 39.385353 39.385353 39.385353 39.385353 39.385353 1.888488 28.011505 0.000000 0.000000 0.000000 0.000000 0.000000 
0.000000 23.490551 26.597775 36.514111 39.384186 39.384186 39.385353 39.385353 39.385353 39.224720 28.011505 0.000000 0.000000 0.000000 0.000000 
0.000000 0.000000 23.490551 37.990585 38.956985 39.385353 39.385353 37.265427 39.385353 33.371330 39.224720 0.000000 0.000000 0.000000 0.000000 
0.000000 0.000000 20.309473 4.692340 36.514111 39.385353 39.384186 39.385353 39.385353 39.385353 24.978485 24.978485 0.000000 0.000000 0.000000 
0.000000 0.000000 0.000000 26.597775 37.990585 39.385353 39.385353 39.385353 39.385353 39.385353 39.385353 28.011505 0.000000 0.000000 0.000000 
0.000000 0.000000 0.000000 26.597775 4.692340 6.491868 37.990585 39.385353 39.385353 39.385353 39.224720 39.385353 28.011505 0.000000 0.000000 
0.000000 0.000000 0.000000 0.000000 8.699492 38.956985 32.223156 39.385353 39.385353 39.385353 39.385353 39.385353 33.371330 0.000000 0.000000 
0.000000 0.000000 0.000000 0.000000 4.692340 38.956985 39.385353 39.385353 39.384186 39.385353 39.385353 39.385353 39.385353 28.011505 0.000000 
0.000000 0.000000 0.000000 0.000000 0.000000 3.337268 38.956985 8.699492 39.385353 39.385353 38.507652 39.385353 39.385353 38.507652 0.000000 
0.000000 0.000000 0.000000 0.000000 0.000000 0.000000 39.385353 39.385353 32.223156 39.385353 39.385353 39.385353 39.385353 39.385353 0.000000 
0.000000 0.000000 0.000000 0.000000 0.000000 0.000000 0.000000 38.956985 39.385353 39.385353 39.385353 39.385353 38.507652 39.385353 39.385353 
0.000000 0.000000 0.000000 0.000000 0.000000 0.000000 0.000000 0.000000 39.385353 29.538094 39.385353 39.385353 39.385353 33.371330 39.385353 
0.000000 0.000000 0.000000 0.000000 0.000000 0.000000 0.000000 0.000000 26.597775 32.223156 39.385353 39.385353 39.384186 38.507652 39.224720 
0.000000 0.000000 0.000000 0.000000 0.000000 0.000000 0.000000 0.000000 0.000000 38.956985 36.514111 39.385353 39.385353 39.385353 39.385353 
0.000000 0.000000 0.000000 0.000000 0.000000 0.000000 0.000000 0.000000 0.000000 0.000000 0.000000 39.385353 39.385353 39.385353 39.385353 
