test/output/constant/M3M400_S000_A270_WD000.0_WS030.0/M3M400_S000_A270_WD000.0_WS030.0_raz.asc
ncols         11
nrows         44
xllcorner     426103.990666
yllcorner     12744555.311160
cellsize      100.000000
NODATA_value  0.000000
0 0 0 0 334 288 25 0 0 0 0 
0 0 0 270 270 65535 90 90 0 0 0 
0 0 288 288 189 180 170 71 71 0 0 
0 0 288 360 189 180 168 71 71 0 0 
0 0 288 189 187 180 172 170 71 0 0 
0 193 270 243 180 180 166 170 170 166 0 
0 288 265 189 191 180 168 170 94 71 0 
0 189 260 288 180 180 179 71 170 170 0 
0 270 229 181 186 180 173 168 170 168 0 
0 191 191 184 189 180 170 166 172 168 0 
193 195 191 181 180 180 179 172 168 164 166 
243 189 191 180 184 180 175 176 172 164 168 
260 288 186 195 180 180 178 164 170 71 168 
288 189 187 186 180 180 179 173 172 168 71 
191 189 186 184 180 180 175 175 173 175 168 
260 189 184 183 180 180 175 176 175 166 168 
260 187 183 184 180 180 168 175 168 170 170 
189 195 186 189 180 180 179 170 173 164 168 
184 183 180 180 186 180 173 179 168 172 170 
193 181 187 187 180 180 179 172 172 172 166 
180 189 184 184 181 180 178 175 175 170 176 
183 186 181 180 180 180 168 176 178 173 168 
186 186 186 180 180 178 173 178 173 173 168 
189 189 180 187 180 180 173 172 172 170 170 
186 184 187 180 180 176 176 178 172 175 173 
183 180 180 187 180 180 176 172 175 168 172 
189 186 184 187 180 176 176 172 175 173 170 
187 183 183 180 180 180 176 179 176 176 172 
191 180 189 180 180 175 176 179 170 168 168 
183 184 180 180 180 180 176 176 179 175 176 
186 180 186 180 180 179 176 173 173 176 173 
180 180 184 180 180 180 176 176 175 176 164 
187 180 180 180 180 179 176 178 176 166 172 
183 195 180 183 180 180 176 176 178 164 176 
0 180 183 180 180 175 178 178 176 166 0 
0 180 180 180 180 180 178 175 178 178 0 
0 180 180 180 180 175 178 178 179 178 0 
0 184 181 180 180 180 178 175 178 175 0 
0 181 191 180 180 179 178 176 168 178 0 
0 0 180 180 180 180 178 178 179 0 0 
0 0 183 181 180 179 178 178 176 0 0 
0 0 0 180 180 180 178 178 0 0 0 
0 0 0 180 180 179 178 178 0 0 0 
0 0 0 0 180 180 176 0 0 0 0 
