test/output/constant/M385_S060_A180_WD045.0_WS015.0/M385_S060_A180_WD045.0_WS015.0_raz.asc
ncols         36
nrows         16
xllcorner     426503.990666
yllcorner     12747355.311160
cellsize      100.000000
NODATA_value  0.000000
315 1 78 71 78 78 91 94 78 84 84 84 0 0 0 0 0 0 0 0 0 0 0 0 0 0 0 0 0 0 0 0 0 0 0 0 
265 65535 110 110 101 99 88 101 78 78 78 84 88 84 91 91 94 0 0 0 0 0 0 0 0 0 0 0 0 0 0 0 0 0 0 0 
219 173 113 110 110 110 110 71 84 110 84 84 78 78 78 78 71 99 78 84 0 0 0 0 0 0 0 0 0 0 0 0 0 0 0 0 
0 173 173 119 110 110 110 110 107 110 110 110 104 105 84 101 102 110 108 107 99 88 0 0 0 0 0 0 0 0 0 0 0 0 0 0 
0 0 195 190 119 110 112 113 110 110 110 110 108 110 110 107 101 101 101 109 88 88 97 99 99 0 0 0 0 0 0 0 0 0 0 0 
0 0 0 123 173 119 119 119 110 110 110 109 110 110 109 104 110 110 110 104 88 84 78 105 84 101 102 0 0 0 0 0 0 0 0 0 
0 0 0 0 190 123 119 190 119 112 110 110 110 110 110 110 110 88 110 104 107 110 107 110 108 110 102 101 101 0 0 0 0 0 0 0 
0 0 0 0 0 0 190 119 119 119 119 110 110 110 110 110 110 110 110 110 110 110 105 110 110 107 84 110 101 99 0 0 0 0 0 0 
0 0 0 0 0 0 0 0 119 119 219 119 112 110 110 113 110 110 110 110 110 110 110 110 108 84 110 110 110 78 110 71 0 0 0 0 
0 0 0 0 0 0 0 0 0 0 119 121 119 119 110 110 113 110 110 110 109 110 110 110 110 110 110 102 110 99 102 108 107 0 0 0 
0 0 0 0 0 0 0 0 0 0 0 0 119 265 117 119 119 119 117 110 110 110 110 110 110 110 110 110 110 109 88 107 84 101 0 0 
0 0 0 0 0 0 0 0 0 0 0 0 0 0 119 119 112 110 113 112 110 110 110 110 110 110 110 110 110 110 110 110 110 110 110 0 
0 0 0 0 0 0 0 0 0 0 0 0 0 0 0 0 117 219 112 119 110 110 110 110 112 110 110 110 110 110 110 110 110 109 110 110 
0 0 0 0 0 0 0 0 0 0 0 0 0 0 0 0 0 0 0 119 119 112 113 112 110 113 113 110 110 110 110 110 110 110 110 110 
0 0 0 0 0 0 0 0 0 0 0 0 0 0 0 0 0 0 0 0 0 0 0 110 119 110 110 110 110 110 110 110 110 110 110 110 
0 0 0 0 0 0 0 0 0 0 0 0 0 0 0 0 0 0 0 0 0 0 0 0 0 0 0 0 0 110 110 112 110 0 0 0 
