test/output/constant/M375_S060_A000_WD000.0_WS005.0/M375_S060_A000_WD000.0_WS005.0_intensity.asc
ncols         43
nrows         11
xllcorner     422403.990666
yllcorner     12747955.311160
cellsize      100.000000
NODATA_value  0.000000
0 0 0 0 0 0 0 0 0 0 0 0 0 0 0 0 0 0 0 0 0 27178 17274 22081 22081 17274 42643 32409 17274 22081 22081 32409 27178 27178 17274 27178 17274 17274 22081 17274 0 0 0 
0 0 0 0 0 0 0 0 0 0 0 0 0 0 42643 47334 42643 47334 42643 37617 47334 32409 42643 22081 47334 27178 32409 32409 42643 22081 27178 22081 37617 42643 22081 22081 27178 27178 17274 32409 17274 17274 886 
0 0 0 0 0 0 0 0 0 42643 27178 42643 32409 42643 22081 47334 42643 47334 47334 42643 47334 37617 47334 42643 42643 37617 42643 27178 42643 42643 37617 47334 42643 42643 47334 42643 42643 32409 61700 61700 61700 61700 0 
0 0 0 0 0 0 47334 42643 37617 47334 42643 42643 47334 42643 42643 47334 42643 32409 47334 42643 22081 47334 42643 42643 42643 47334 58051 42643 42643 61700 61700 61700 61700 61700 61700 61700 61700 61700 61700 61700 59950 46834 731 
0 0 0 0 22081 47334 47334 22081 27178 47334 42643 22081 55157 32409 60143 32409 32409 51548 47334 32409 61700 61700 61700 61700 61700 61700 61700 61700 61700 61700 61700 61700 61700 61700 61700 61276 46834 42101 42101 42101 37051 909 0 
0 0 47334 55157 32409 51548 51548 22081 42643 61700 42643 42643 61700 42643 61700 61700 61700 37617 61700 61700 61700 61700 61700 61700 61700 61700 61700 61700 61700 51106 61582 46834 42101 46834 3484 42101 1518 37051 3484 1518 0 0 0 
42643 60143 42643 61700 61700 42643 61700 61700 61700 61700 61700 61700 61700 61700 61700 61700 61700 61700 61700 61700 61700 61700 61700 61700 61700 61700 57765 42101 46834 46834 42101 3484 42101 3484 42101 42101 42101 37051 0 0 0 0 0 
61700 61700 61700 61700 61700 61700 61700 61700 61700 61700 61700 61700 59950 61700 61700 61700 59950 59950 61700 61700 61700 57765 46834 46834 1518 3484 5744 42101 3484 42101 42101 2014 1518 46834 0 0 0 0 0 0 0 0 0 
61700 61700 61700 61700 61700 61700 61700 61700 61700 61700 61700 61700 61700 61700 61276 61582 59950 61700 51106 54787 42101 42101 2014 46834 42101 2014 2014 42101 3484 42101 5744 0 0 0 0 0 0 0 0 0 0 0 0 
0 61700 61700 61700 61700 61700 54787 61700 57765 61582 61276 59950 61700 57765 42101 42101 42101 46834 42101 5744 42101 46834 2014 3484 1196 0 0 0 0 0 0 0 0 0 0 0 0 0 0 0 0 0 0 
0 0 0 0 0 54787 61700 61700 54787 42101 46834 46834 42101 42101 42101 42101 5744 42101 0 0 0 0 0 0 0 0 0 0 0 0 0 0 0 0 0 0 0 0 0 0 0 0 0 
