test/output/constant/M375_S060_A000_WD000.0_WS005.0/M375_S060_A000_WD000.0_WS005.0_ros.asc
ncols         43
nrows         11
xllcorner     422403.990666
yllcorner     12747955.311160
cellsize      100.000000
NODATA_value  0.000000
0.000000 0.000000 0.000000 0.000000 0.000000 0.000000 0.000000 0.000000 0.000000 0.000000 0.000000 0.000000 0.000000 0.000000 0.000000 0.000000 0.000000 0.000000 0.000000 0.000000 0.000000 31.233044 19.851433 25.375818 25.375818 19.851433 49.005630 37.245312 19.851433 25.375818 25.375818 37.245312 31.233044 31.233044 19.851433 31.233044 19.851433 19.851433 25.375818 19.851433 0.000000 0.000000 0.000000 
0.000000 0.000000 0.000000 0.000000 0.000000 0.000000 0.000000 0.000000 0.000000 0.000000 0.000000 0.000000 0.000000 0.000000 49.005630 54.396591 49.005630 54.396591 49.005630 43.230080 54.396591 37.245312 49.005630 25.375818 54.396591 31.233044 37.245312 37.245312 49.005630 25.375818 31.233044 25.375818 43.230080 49.005630 25.375818 25.375818 31.233044 31.233044 19.851433 37.245312 19.851433 19.851433 1.019112 
0.000000 0.000000 0.000000 0.000000 0.000000 0.000000 0.000000 0.000000 0.000000 49.005630 31.233044 49.005630 37.245312 49.005630 25.375818 54.396591 49.005630 54.396591 54.396591 49.005630 54.396591 43.230080 54.396591 49.005630 49.005630 43.230080 49.005630 31.233044 49.005630 49.005630 43.230080 54.396591 49.005630 49.005630 54.396591 49.005630 49.005630 37.245312 70.905609 70.905609 70.905609 70.905609 -1.000000 
0.000000 0.000000 0.000000 0.000000 0.000000 0.000000 54.396591 49.005630 43.230080 54.396591 49.005630 49.005630 54.396591 49.005630 49.005630 54.396591 49.005630 37.245312 54.396591 49.005630 25.375818 54.396591 49.005630 49.005630 49.005630 54.396591 66.712677 49.005630 49.005630 70.905609 70.905609 70.905609 70.905609 70.905609 70.905609 70.905609 70.905609 70.905609 70.905609 70.905609 68.895264 53.821476 0.840831 
0.000000 0.000000 0.000000 0.000000 25.375818 54.396591 54.396591 25.375818 31.233044 54.396591 49.005630 25.375818 63.386600 37.245312 69.116516 37.245312 37.245312 59.239262 54.396591 37.245312 70.905609 70.905609 70.905609 70.905609 70.905609 70.905609 70.905609 70.905609 70.905609 70.905609 70.905609 70.905609 70.905609 70.905609 70.905609 70.418198 53.821476 48.382374 48.382374 48.382374 42.579025 1.045601 0.000000 
0.000000 0.000000 54.396591 63.386600 37.245312 59.239262 59.239262 25.375818 49.005630 70.905609 49.005630 49.005630 70.905609 49.005630 70.905609 70.905609 70.905609 43.230080 70.905609 70.905609 70.905609 70.905609 70.905609 70.905609 70.905609 70.905609 70.905609 70.905609 70.905609 58.730907 70.770126 53.821476 48.382374 53.821476 4.004903 48.382374 1.745064 42.579025 4.004903 1.745064 0.000000 0.000000 0.000000 
49.005630 69.116516 49.005630 70.905609 70.905609 49.005630 70.905609 70.905609 70.905609 70.905609 70.905609 70.905609 70.905609 70.905609 70.905609 70.905609 70.905609 70.905609 70.905609 70.905609 70.905609 70.905609 70.905609 70.905609 70.905609 70.905609 66.384186 48.382374 53.821476 53.821476 48.382374 4.004903 48.382374 4.004903 48.382374 48.382374 48.382374 42.579025 0.000000 0.000000 0.000000 0.000000 0.000000 
70.905609 70.905609 70.905609 70.905609 70.905609 70.905609 70.905609 70.905609 70.905609 70.905609 70.905609 70.905609 68.895264 70.905609 70.905609 70.905609 68.895264 68.895264 70.905609 70.905609 70.905609 66.384186 53.821476 53.821476 1.745064 4.004903 6.602116 48.382374 4.004903 48.382374 48.382374 2.315320 1.745064 53.821476 0.000000 0.000000 0.000000 0.000000 0.000000 0.000000 0.000000 0.000000 0.000000 
70.905609 70.905609 70.905609 70.905609 70.905609 70.905609 70.905609 70.905609 70.905609 70.905609 70.905609 70.905609 70.905609 70.905609 70.418198 70.770126 68.895264 70.905609 58.730907 62.961365 48.382374 48.382374 2.315320 53.821476 48.382374 2.315320 2.315320 48.382374 4.004903 48.382374 6.602116 0.000000 0.000000 0.000000 0.000000 0.000000 0.000000 0.000000 0.000000 0.000000 0.000000 0.000000 0.000000 
0.000000 70.905609 70.905609 70.905609 70.905609 70.905609 62.961365 70.905609 66.384186 70.770126 70.418198 68.895264 70.905609 66.384186 48.382374 48.382374 48.382374 53.821476 48.382374 6.602116 48.382374 53.821476 2.315320 4.004903 1.375559 0.000000 0.000000 0.000000 0.000000 0.000000 0.000000 0.000000 0.000000 0.000000 0.000000 0.000000 0.000000 0.000000 0.000000 0.000000 0.000000 0.000000 0.000000 
0.000000 0.000000 0.000000 0.000000 0.000000 62.961365 70.905609 70.905609 62.961365 48.382374 53.821476 53.821476 48.382374 48.382374 48.382374 48.382374 6.602116 48.382374 0.000000 0.000000 0.000000 0.000000 0.000000 0.000000 0.000000 0.000000 0.000000 0.000000 0.000000 0.000000 0.000000 0.000000 0.000000 0.000000 0.000000 0.000000 0.000000 0.000000 0.000000 0.000000 0.000000 0.000000 0.000000 
