test/output/constant/M3M465_S060_A270_WD315.0_WS045.0/M3M465_S060_A270_WD315.0_WS045.0_arrival.asc
ncols         26
nrows         8
xllcorner     426503.990666
yllcorner     12748555.311160
cellsize      100.000000
NODATA_value  0.000000
0.000000 0.000000 0.000000 0.000000 0.000000 0.000000 0.000000 0.000000 0.000000 0.000000 0.000000 0.000000 166.040562 166.039403 166.037665 166.037085 166.036506 166.036506 166.037085 166.037665 166.038244 166.038824 166.039403 166.040562 166.041667 0.000000 
0.000000 0.000000 0.000000 0.000000 0.000000 0.000000 0.000000 166.039983 166.035347 166.032450 166.030711 166.029552 166.028973 166.028393 166.028973 166.028973 166.029552 166.030711 166.031291 166.032450 166.033609 166.034768 166.035926 166.037665 166.039403 166.040562 
0.000000 0.000000 0.000000 0.000000 166.035926 166.029552 166.024917 166.022599 166.021440 166.020861 166.020281 166.020861 166.021440 166.022599 166.023178 166.024337 166.025496 166.027235 166.028973 166.030132 166.031870 166.033609 166.035347 166.037085 166.038824 166.040562 
0.000000 0.000000 166.027814 166.019122 166.014486 166.012748 166.012169 166.012748 166.013328 166.013907 166.015066 166.016804 166.018543 166.019702 166.021440 166.023178 166.024917 166.026655 166.028393 166.030132 166.031870 166.033609 166.035347 166.037665 166.039403 166.041142 
0.000000 166.009851 166.004636 166.004056 166.005215 166.006374 166.008112 166.009851 166.011589 166.013328 166.015066 166.016804 166.018543 166.020281 166.022019 166.023758 166.025496 166.027235 166.029552 166.031291 166.033609 166.035347 166.037665 166.039403 166.041667 0.000000 
166.039403 166.000000 166.001159 166.002897 166.004636 166.006374 166.008112 166.009851 166.012169 166.013907 166.016225 166.018543 166.020281 166.022599 166.024917 166.027235 166.028973 166.031291 166.033609 166.035926 166.037665 166.039983 0.000000 0.000000 0.000000 0.000000 
0.000000 166.018543 166.014486 166.013907 166.014486 166.015645 166.017384 166.019122 166.020861 166.022599 166.024917 166.027235 166.028973 166.031291 166.033609 166.035347 166.037665 166.039983 0.000000 0.000000 0.000000 0.000000 0.000000 0.000000 0.000000 0.000000 
0.000000 0.000000 0.000000 0.000000 166.041142 166.039983 166.039403 166.039403 166.039983 166.041142 166.041667 0.000000 0.000000 0.000000 0.000000 0.000000 0.000000 0.000000 0.000000 0.000000 0.000000 0.000000 0.000000 0.000000 0.000000 0.000000 
