test/output/constant/M1M295_S060_A090_WD045.0_WS010.0/M1M295_S060_A090_WD045.0_WS010.0_arrival.asc
ncols         8
nrows         26
xllcorner     426003.990666
yllcorner     12746255.311160
cellsize      100.000000
NODATA_value  0.000000
0.000000 0.000000 0.000000 0.000000 0.000000 166.015180 166.000000 166.041667 
0.000000 0.000000 0.000000 0.000000 166.039600 166.003960 166.001320 166.027060 
0.000000 0.000000 0.000000 0.000000 166.021120 166.003960 166.002640 166.024420 
0.000000 0.000000 0.000000 166.041581 166.013200 166.004620 166.004620 166.023760 
0.000000 0.000000 0.000000 166.030360 166.011220 166.005940 166.006600 166.025080 
0.000000 0.000000 0.000000 166.023100 166.011220 166.007920 166.009240 166.027060 
0.000000 0.000000 166.040261 166.019800 166.011220 166.009900 166.011220 166.029700 
0.000000 0.000000 166.033660 166.018480 166.011880 166.011220 166.014520 166.032340 
0.000000 0.000000 166.029040 166.017820 166.013200 166.013200 166.017160 166.035640 
0.000000 0.000000 166.027060 166.017820 166.014520 166.014520 166.019800 166.038280 
0.000000 166.038940 166.025740 166.018480 166.016500 166.017160 166.023100 166.040921 
0.000000 166.036300 166.025080 166.019140 166.018480 166.019140 166.025740 0.000000 
0.000000 166.034320 166.025080 166.020460 166.019800 166.021780 166.028380 0.000000 
0.000000 166.033000 166.025080 166.021780 166.021780 166.023760 166.031680 0.000000 
0.000000 166.032340 166.025740 166.023100 166.023100 166.026400 166.034320 0.000000 
166.040921 166.032340 166.026400 166.025080 166.025080 166.029040 166.037620 0.000000 
166.040261 166.032340 166.027720 166.026400 166.027060 166.031680 166.040261 0.000000 
166.039600 166.032340 166.028380 166.028380 166.029040 166.034320 0.000000 0.000000 
166.039600 166.033000 166.030360 166.030360 166.031680 166.036960 0.000000 0.000000 
166.038940 166.033660 166.031680 166.031680 166.033660 166.039600 0.000000 0.000000 
166.038940 166.034980 166.033660 166.033660 166.036300 0.000000 0.000000 0.000000 
166.039600 166.035640 166.034980 166.035640 166.038940 0.000000 0.000000 0.000000 
166.040261 166.036960 166.036960 166.037620 166.040921 0.000000 0.000000 0.000000 
166.040921 166.038940 166.038280 166.039600 0.000000 0.000000 0.000000 0.000000 
0.000000 166.040261 166.040261 166.041581 0.000000 0.000000 0.000000 0.000000 
0.000000 166.041667 166.041667 0.000000 0.000000 0.000000 0.000000 0.000000 
