test/output/constant/M370_S060_A000_WD270.0_WS015.0/M370_S060_A000_WD270.0_WS015.0_arrival.asc
ncols         24
nrows         9
xllcorner     424403.990666
yllcorner     12748355.311160
cellsize      100.000000
NODATA_value  0.000000
0.000000 0.000000 0.000000 0.000000 0.000000 0.000000 0.000000 166.041358 166.039826 166.039060 166.039060 166.038295 166.038295 166.039060 166.039060 166.039826 166.041667 0.000000 0.000000 0.000000 0.000000 0.000000 0.000000 0.000000 
0.000000 0.000000 0.000000 166.041358 166.039826 166.038295 166.036763 166.035231 166.033699 166.032167 166.030636 166.029870 166.028338 166.028338 166.027572 166.027572 166.027572 166.028338 166.030636 166.032933 166.038295 0.000000 0.000000 0.000000 
0.000000 166.041358 166.039826 166.038295 166.035997 166.034465 166.032167 166.030636 166.029104 166.027572 166.025274 166.023743 166.022211 166.020679 166.019913 166.018381 166.016850 166.016850 166.016850 166.017615 166.019147 166.023743 166.032167 0.000000 
166.041667 166.039826 166.038295 166.035997 166.034465 166.032167 166.030636 166.028338 166.026806 166.024508 166.022977 166.020679 166.019147 166.017615 166.015318 166.013786 166.011488 166.009957 166.008425 166.006893 166.006127 166.006127 166.008425 166.022977 
166.041358 166.039826 166.037529 166.035997 166.033699 166.032167 166.029870 166.028338 166.026040 166.024508 166.022211 166.020679 166.018381 166.016850 166.014552 166.013020 166.010722 166.009191 166.006893 166.005361 166.003064 166.001532 166.000000 166.015318 
166.041667 166.039826 166.038295 166.035997 166.034465 166.032167 166.030636 166.028338 166.026806 166.024508 166.022977 166.020679 166.019147 166.017615 166.015318 166.013786 166.011488 166.009957 166.008425 166.006893 166.006127 166.006127 166.008425 166.022977 
0.000000 166.041358 166.039826 166.038295 166.035997 166.034465 166.032167 166.030636 166.029104 166.027572 166.025274 166.023743 166.022211 166.020679 166.019913 166.018381 166.016850 166.016850 166.016850 166.017615 166.019147 166.023743 166.032167 0.000000 
0.000000 0.000000 0.000000 166.041358 166.039826 166.038295 166.036763 166.035231 166.033699 166.032167 166.030636 166.029870 166.028338 166.028338 166.027572 166.027572 166.027572 166.028338 166.030636 166.032933 166.038295 0.000000 0.000000 0.000000 
0.000000 0.000000 0.000000 0.000000 0.000000 0.000000 0.000000 166.041358 166.039826 166.039060 166.039060 166.038295 166.038295 166.039060 166.039060 166.039826 166.041667 0.000000 0.000000 0.000000 0.000000 0.000000 0.000000 0.000000 
