test/output/constant/M3M485_S060_A000_WD135.0_WS015.0/M3M485_S060_A000_WD135.0_WS015.0_arrival.asc
ncols         53
nrows         14
xllcorner     421403.990666
yllcorner     12748655.311160
cellsize      100.000000
NODATA_value  0.000000
0.000000 166.041192 166.040879 166.040567 166.039943 166.039631 166.039319 166.039007 166.039007 166.039007 166.039007 166.039007 166.039007 166.039319 166.039631 166.040255 166.040879 166.041504 0.000000 0.000000 0.000000 0.000000 0.000000 0.000000 0.000000 0.000000 0.000000 0.000000 0.000000 0.000000 0.000000 0.000000 0.000000 0.000000 0.000000 0.000000 0.000000 0.000000 0.000000 0.000000 0.000000 0.000000 0.000000 0.000000 0.000000 0.000000 0.000000 0.000000 0.000000 0.000000 0.000000 0.000000 0.000000 
166.041667 166.040879 166.039943 166.039319 166.038695 166.038071 166.037447 166.037135 166.036511 166.036199 166.035887 166.035575 166.035575 166.035575 166.035575 166.035575 166.035887 166.036199 166.036823 166.037135 166.038071 166.038695 166.039631 166.040879 0.000000 0.000000 0.000000 0.000000 0.000000 0.000000 0.000000 0.000000 0.000000 0.000000 0.000000 0.000000 0.000000 0.000000 0.000000 0.000000 0.000000 0.000000 0.000000 0.000000 0.000000 0.000000 0.000000 0.000000 0.000000 0.000000 0.000000 0.000000 0.000000 
0.000000 166.040879 166.039943 166.039319 166.038383 166.037759 166.036823 166.036199 166.035262 166.034638 166.034014 166.033702 166.033078 166.032766 166.032454 166.032454 166.032142 166.032142 166.032142 166.032454 166.032766 166.033078 166.033702 166.034326 166.034950 166.035887 166.037447 166.039007 166.041192 0.000000 0.000000 0.000000 0.000000 0.000000 0.000000 0.000000 0.000000 0.000000 0.000000 0.000000 0.000000 0.000000 0.000000 0.000000 0.000000 0.000000 0.000000 0.000000 0.000000 0.000000 0.000000 0.000000 0.000000 
0.000000 0.000000 166.040879 166.039631 166.038695 166.037759 166.036823 166.035887 166.035262 166.034326 166.033702 166.032766 166.032142 166.031206 166.030582 166.030270 166.029957 166.029333 166.029021 166.029021 166.028709 166.028709 166.028709 166.029021 166.029333 166.029957 166.030582 166.031518 166.032454 166.034014 166.035575 166.038071 166.040879 0.000000 0.000000 0.000000 0.000000 0.000000 0.000000 0.000000 0.000000 0.000000 0.000000 0.000000 0.000000 0.000000 0.000000 0.000000 0.000000 0.000000 0.000000 0.000000 0.000000 
0.000000 0.000000 0.000000 166.041192 166.039943 166.039007 166.037759 166.036511 166.035575 166.034638 166.033702 166.032766 166.032142 166.031206 166.030270 166.029645 166.028709 166.028085 166.027149 166.026837 166.026525 166.025901 166.025589 166.025589 166.025277 166.025277 166.025589 166.025901 166.026213 166.026837 166.027773 166.028709 166.030270 166.032142 166.034950 166.038383 0.000000 0.000000 0.000000 0.000000 0.000000 0.000000 0.000000 0.000000 0.000000 0.000000 0.000000 0.000000 0.000000 0.000000 0.000000 0.000000 0.000000 
0.000000 0.000000 0.000000 0.000000 0.000000 166.041192 166.039943 166.038695 166.037135 166.035887 166.034950 166.033702 166.032454 166.031518 166.030582 166.029645 166.028709 166.028085 166.027149 166.026213 166.025589 166.024653 166.024028 166.023404 166.023092 166.022468 166.022156 166.022156 166.022156 166.022156 166.022156 166.022780 166.023404 166.024028 166.025277 166.026837 166.029021 166.031830 166.035887 166.040567 0.000000 0.000000 0.000000 0.000000 0.000000 0.000000 0.000000 0.000000 0.000000 0.000000 0.000000 0.000000 0.000000 
0.000000 0.000000 0.000000 0.000000 0.000000 0.000000 0.000000 166.041667 166.040255 166.039007 166.037447 166.036199 166.034638 166.033390 166.032142 166.030894 166.029645 166.028709 166.027461 166.026525 166.025589 166.024653 166.024028 166.023092 166.022468 166.021532 166.020908 166.019972 166.019660 166.019035 166.018723 166.018723 166.018723 166.018723 166.019035 166.019660 166.020284 166.021532 166.023404 166.025901 166.029333 166.034014 166.039943 0.000000 0.000000 0.000000 0.000000 0.000000 0.000000 0.000000 0.000000 0.000000 0.000000 
0.000000 0.000000 0.000000 0.000000 0.000000 0.000000 0.000000 0.000000 0.000000 0.000000 166.040879 166.039631 166.038071 166.036511 166.035262 166.033702 166.032142 166.030894 166.029333 166.028085 166.026837 166.025589 166.024653 166.023404 166.022468 166.021532 166.020596 166.019972 166.019035 166.018411 166.017475 166.016851 166.016227 166.015603 166.015291 166.015291 166.015291 166.015603 166.015915 166.016851 166.017787 166.019972 166.023092 166.027461 166.033390 166.041192 0.000000 0.000000 0.000000 0.000000 0.000000 0.000000 0.000000 
0.000000 0.000000 0.000000 0.000000 0.000000 0.000000 0.000000 0.000000 0.000000 0.000000 0.000000 0.000000 0.000000 166.041192 166.039631 166.037759 166.036199 166.034326 166.032766 166.031518 166.029957 166.028397 166.027149 166.025589 166.024340 166.022780 166.021844 166.020596 166.019348 166.018411 166.017475 166.016539 166.015915 166.014979 166.014355 166.013418 166.012794 166.012170 166.011858 166.011858 166.011858 166.012170 166.013106 166.014355 166.016851 166.020908 166.027149 166.035262 0.000000 0.000000 0.000000 0.000000 0.000000 
0.000000 0.000000 0.000000 0.000000 0.000000 0.000000 0.000000 0.000000 0.000000 0.000000 0.000000 0.000000 0.000000 0.000000 0.000000 0.000000 0.000000 166.040255 166.038383 166.036511 166.034950 166.033078 166.031518 166.029645 166.028085 166.026213 166.024965 166.023404 166.021844 166.020596 166.019035 166.017787 166.016539 166.015291 166.014355 166.013418 166.012794 166.011858 166.010922 166.010298 166.009362 166.009050 166.008738 166.008426 166.008738 166.009362 166.010922 166.014355 166.020908 166.030582 0.000000 0.000000 0.000000 
0.000000 0.000000 0.000000 0.000000 0.000000 0.000000 0.000000 0.000000 0.000000 0.000000 0.000000 0.000000 0.000000 0.000000 0.000000 0.000000 0.000000 0.000000 0.000000 0.000000 166.041192 166.039319 166.037447 166.035575 166.033702 166.032142 166.030270 166.028397 166.026837 166.024965 166.023092 166.021532 166.019972 166.018099 166.016851 166.015291 166.014043 166.012482 166.011546 166.010298 166.009362 166.008738 166.007801 166.006865 166.006241 166.005617 166.005305 166.005305 166.005617 166.007801 166.014979 166.030270 0.000000 
0.000000 0.000000 0.000000 0.000000 0.000000 0.000000 0.000000 0.000000 0.000000 0.000000 0.000000 0.000000 0.000000 0.000000 0.000000 0.000000 0.000000 0.000000 0.000000 0.000000 0.000000 0.000000 0.000000 0.000000 0.000000 166.039943 166.037759 166.035887 166.034014 166.031830 166.029957 166.028085 166.025901 166.024028 166.022156 166.020284 166.018411 166.016851 166.014979 166.013418 166.011546 166.009986 166.008738 166.007177 166.006241 166.005305 166.004681 166.003745 166.003121 166.002184 166.001872 166.001872 166.011546 
0.000000 0.000000 0.000000 0.000000 0.000000 0.000000 0.000000 0.000000 0.000000 0.000000 0.000000 0.000000 0.000000 0.000000 0.000000 0.000000 0.000000 0.000000 0.000000 0.000000 0.000000 0.000000 0.000000 0.000000 0.000000 0.000000 0.000000 0.000000 0.000000 166.041504 166.039319 166.037447 166.035262 166.033078 166.031206 166.029021 166.027149 166.024965 166.022780 166.020908 166.018723 166.016851 166.014667 166.012794 166.010922 166.008738 166.006865 166.004993 166.003433 166.002184 166.001248 166.000624 166.000000 
0.000000 0.000000 0.000000 0.000000 0.000000 0.000000 0.000000 0.000000 0.000000 0.000000 0.000000 0.000000 0.000000 0.000000 0.000000 0.000000 0.000000 0.000000 0.000000 0.000000 0.000000 0.000000 0.000000 0.000000 0.000000 0.000000 0.000000 0.000000 0.000000 0.000000 0.000000 0.000000 0.000000 0.000000 0.000000 0.000000 0.000000 0.000000 0.000000 166.041504 166.039319 166.037135 166.035262 166.033078 166.031206 166.029021 166.027773 166.025589 166.024653 166.023092 166.023716 166.025277 166.035262 
