test/output/constant/C1_S060_A270_WD180.0_WS040.0/C1_S060_A270_WD180.0_WS040.0_arrival.asc
ncols         7
nrows         41
xllcorner     426303.990666
yllcorner     12748755.311160
cellsize      100.000000
NODATA_value  0.000000
0.000000 0.000000 0.000000 166.041667 0.000000 0.000000 0.000000 
0.000000 0.000000 166.041259 166.040838 166.041259 0.000000 0.000000 
0.000000 0.000000 166.040417 166.039575 166.040417 0.000000 0.000000 
0.000000 166.041667 166.039154 166.038733 166.039154 166.041667 0.000000 
0.000000 166.040838 166.038312 166.037470 166.038312 166.040838 0.000000 
0.000000 166.039575 166.037049 166.036628 166.037049 166.039575 0.000000 
0.000000 166.038733 166.036207 166.035365 166.036207 166.038733 0.000000 
0.000000 166.037891 166.035365 166.034523 166.035365 166.037891 0.000000 
0.000000 166.036628 166.034102 166.033260 166.034102 166.036628 0.000000 
166.041259 166.035786 166.033260 166.032418 166.033260 166.035786 166.041259 
166.040417 166.034944 166.031997 166.031155 166.031997 166.034944 166.040417 
166.039996 166.033681 166.031155 166.030313 166.031155 166.033681 166.039996 
166.039154 166.032839 166.029892 166.029050 166.029892 166.032839 166.039154 
166.038312 166.031997 166.029050 166.028208 166.029050 166.031997 166.038312 
166.037470 166.031155 166.027787 166.026945 166.027787 166.031155 166.037470 
166.036628 166.030313 166.026945 166.026103 166.026945 166.030313 166.036628 
166.036207 166.029050 166.025682 166.024840 166.025682 166.029050 166.036207 
166.035365 166.028208 166.024840 166.023998 166.024840 166.028208 166.035365 
166.034944 166.027366 166.023577 166.022735 166.023577 166.027366 166.034944 
166.034102 166.026524 166.022735 166.021893 166.022735 166.026524 166.034102 
166.034102 166.025682 166.021472 166.020630 166.021472 166.025682 166.034102 
166.033681 166.024840 166.020630 166.019788 166.020630 166.024840 166.033681 
166.033681 166.024419 166.019367 166.018525 166.019367 166.024419 166.033681 
166.034102 166.023577 166.018525 166.017683 166.018525 166.023577 166.034102 
166.034102 166.022735 166.017262 166.016420 166.017262 166.022735 166.034102 
166.034523 166.022314 166.016420 166.015577 166.016420 166.022314 166.034523 
166.034944 166.021472 166.015577 166.014314 166.015577 166.021472 166.034944 
166.035786 166.020630 166.014314 166.013472 166.014314 166.020630 166.035786 
166.036628 166.020630 166.013472 166.012209 166.013472 166.020630 166.036628 
166.037891 166.020209 166.012630 166.011367 166.012630 166.020209 166.037891 
166.039996 166.020630 166.011367 166.010104 166.011367 166.020630 166.039996 
0.000000 166.020630 166.010525 166.009262 166.010525 166.020630 0.000000 
0.000000 166.021472 166.009683 166.007999 166.009683 166.021472 0.000000 
0.000000 166.022314 166.008841 166.007157 166.008841 166.022314 0.000000 
0.000000 166.023998 166.007999 166.005894 166.007999 166.023998 0.000000 
0.000000 166.026945 166.007157 166.005052 166.007157 166.026945 0.000000 
0.000000 166.031576 166.007157 166.003789 166.007157 166.031576 0.000000 
0.000000 166.039154 166.007157 166.002947 166.007157 166.039154 0.000000 
0.000000 0.000000 166.007999 166.001684 166.007999 0.000000 0.000000 
0.000000 0.000000 166.012209 166.000842 166.012209 0.000000 0.000000 
0.000000 0.000000 0.000000 166.000000 0.000000 0.000000 0.000000 
