test/output/constant/M3M460_S060_A090_WD270.0_WS010.0/M3M460_S060_A090_WD270.0_WS010.0_arrival.asc
ncols         11
nrows         31
xllcorner     426503.990666
yllcorner     12745755.311160
cellsize      100.000000
NODATA_value  0.000000
166.030676 166.000000 166.008991 0.000000 0.000000 0.000000 0.000000 0.000000 0.000000 0.000000 0.000000 
166.025387 166.001058 166.002644 166.022742 0.000000 0.000000 0.000000 0.000000 0.000000 0.000000 0.000000 
166.025916 166.002116 166.002644 166.011107 166.036493 0.000000 0.000000 0.000000 0.000000 0.000000 0.000000 
166.027502 166.004231 166.003702 166.007404 166.023271 0.000000 0.000000 0.000000 0.000000 0.000000 0.000000 
166.029089 166.006876 166.005289 166.006876 166.015867 166.037022 0.000000 0.000000 0.000000 0.000000 0.000000 
166.032791 166.009520 166.006347 166.006876 166.012693 166.027502 0.000000 0.000000 0.000000 0.000000 0.000000 
166.035436 166.012693 166.007933 166.007933 166.011636 166.021684 166.039667 0.000000 0.000000 0.000000 0.000000 
166.038609 166.016396 166.009520 166.009520 166.011636 166.017982 166.032262 0.000000 0.000000 0.000000 0.000000 
0.000000 166.019569 166.011636 166.010578 166.011636 166.016396 166.026973 0.000000 0.000000 0.000000 0.000000 
0.000000 166.022742 166.014280 166.012164 166.012164 166.015867 166.023800 166.037022 0.000000 0.000000 0.000000 
0.000000 166.025916 166.016924 166.013751 166.013751 166.015867 166.021684 166.032262 0.000000 0.000000 0.000000 
0.000000 166.029618 166.020098 166.015338 166.014809 166.016396 166.020627 166.029089 0.000000 0.000000 0.000000 
0.000000 166.032791 166.022742 166.017453 166.016396 166.016924 166.020098 166.026973 166.037551 0.000000 0.000000 
0.000000 166.036493 166.025916 166.019569 166.017982 166.017982 166.020098 166.025916 166.034378 0.000000 0.000000 
0.000000 166.039667 166.028560 166.022213 166.019040 166.019040 166.020627 166.024858 166.032262 0.000000 0.000000 
0.000000 0.000000 166.031733 166.024329 166.020627 166.020627 166.021156 166.024858 166.030676 166.039667 0.000000 
0.000000 0.000000 166.034907 166.026973 166.022742 166.021684 166.022213 166.024858 166.029618 166.037551 0.000000 
0.000000 0.000000 166.038080 166.030147 166.024858 166.023271 166.023271 166.024858 166.029618 166.035964 0.000000 
0.000000 0.000000 166.041253 166.032791 166.026973 166.024858 166.024858 166.025916 166.029089 166.034907 0.000000 
0.000000 0.000000 0.000000 166.035964 166.029618 166.026444 166.025916 166.026444 166.029089 166.034378 166.041253 
0.000000 0.000000 0.000000 166.038609 166.032262 166.028560 166.027502 166.027502 166.029618 166.033849 166.040196 
0.000000 0.000000 0.000000 166.041667 166.034907 166.030676 166.029089 166.029089 166.030147 166.033849 166.039138 
0.000000 0.000000 0.000000 0.000000 166.037551 166.032791 166.030676 166.030147 166.030676 166.033849 166.038609 
0.000000 0.000000 0.000000 0.000000 166.040196 166.034907 166.032262 166.031733 166.031733 166.034378 166.038080 
0.000000 0.000000 0.000000 0.000000 0.000000 166.037551 166.033849 166.032791 166.033320 166.034907 166.038080 
0.000000 0.000000 0.000000 0.000000 0.000000 166.039667 166.035964 166.034378 166.034378 166.035436 166.038080 
0.000000 0.000000 0.000000 0.000000 0.000000 0.000000 166.038609 166.035964 166.035964 166.035964 166.038609 
0.000000 0.000000 0.000000 0.000000 0.000000 0.000000 166.040196 166.037551 166.037022 166.037022 166.039138 
0.000000 0.000000 0.000000 0.000000 0.000000 0.000000 0.000000 166.039667 166.038609 166.038609 166.039667 
0.000000 0.000000 0.000000 0.000000 0.000000 0.000000 0.000000 166.041667 166.040196 166.040196 166.040724 
0.000000 0.000000 0.000000 0.000000 0.000000 0.000000 0.000000 0.000000 166.041667 166.041253 166.041667 
