test/output/constant/M3100_S060_A270_WD180.0_WS045.0/M3100_S060_A270_WD180.0_WS045.0_arrival.asc
ncols         9
nrows         69
xllcorner     426203.990666
yllcorner     12748755.311160
cellsize      100.000000
NODATA_value  0.000000
0.000000 0.000000 0.000000 0.000000 166.041655 0.000000 0.000000 0.000000 0.000000 
0.000000 0.000000 0.000000 166.041655 166.041162 166.041655 0.000000 0.000000 0.000000 
0.000000 0.000000 0.000000 166.040915 166.040422 166.040915 0.000000 0.000000 0.000000 
0.000000 0.000000 0.000000 166.040422 166.039929 166.040422 0.000000 0.000000 0.000000 
0.000000 0.000000 166.041408 166.039683 166.039190 166.039683 166.041408 0.000000 0.000000 
0.000000 0.000000 166.040915 166.039190 166.038697 166.039190 166.040915 0.000000 0.000000 
0.000000 0.000000 166.040422 166.038451 166.037958 166.038451 166.040422 0.000000 0.000000 
0.000000 0.000000 166.039683 166.037958 166.037465 166.037958 166.039683 0.000000 0.000000 
0.000000 0.000000 166.039190 166.037218 166.036725 166.037218 166.039190 0.000000 0.000000 
0.000000 166.041655 166.038451 166.036725 166.036232 166.036725 166.038451 166.041655 0.000000 
0.000000 166.040915 166.037958 166.035986 166.035493 166.035986 166.037958 166.040915 0.000000 
0.000000 166.040422 166.037465 166.035493 166.035000 166.035493 166.037465 166.040422 0.000000 
0.000000 166.039929 166.036972 166.035000 166.034260 166.035000 166.036972 166.039929 0.000000 
0.000000 166.039437 166.036232 166.034260 166.033768 166.034260 166.036232 166.039437 0.000000 
0.000000 166.038944 166.035739 166.033768 166.033028 166.033768 166.035739 166.038944 0.000000 
0.000000 166.038204 166.035000 166.033028 166.032535 166.033028 166.035000 166.038204 0.000000 
0.000000 166.037711 166.034507 166.032535 166.031796 166.032535 166.034507 166.037711 0.000000 
0.000000 166.037218 166.034014 166.031796 166.031303 166.031796 166.034014 166.037218 0.000000 
0.000000 166.036725 166.033275 166.031303 166.030563 166.031303 166.033275 166.036725 0.000000 
0.000000 166.036232 166.032782 166.030563 166.030070 166.030563 166.032782 166.036232 0.000000 
166.041655 166.035739 166.032289 166.030070 166.029331 166.030070 166.032289 166.035739 166.041655 
166.041162 166.035246 166.031549 166.029577 166.028838 166.029577 166.031549 166.035246 166.041162 
166.040915 166.034753 166.031056 166.028838 166.028099 166.028838 166.031056 166.034753 166.040915 
166.040422 166.034260 166.030317 166.028345 166.027606 166.028345 166.030317 166.034260 166.040422 
166.039929 166.033768 166.029824 166.027606 166.026866 166.027606 166.029824 166.033768 166.039929 
166.039683 166.033275 166.029084 166.027113 166.026373 166.027113 166.029084 166.033275 166.039683 
166.039190 166.033028 166.028591 166.026373 166.025634 166.026373 166.028591 166.033028 166.039190 
166.038944 166.032535 166.028099 166.025880 166.025141 166.025880 166.028099 166.032535 166.038944 
166.038451 166.032042 166.027606 166.025141 166.024401 166.025141 166.027606 166.032042 166.038451 
166.038204 166.031796 166.026866 166.024648 166.023908 166.024648 166.026866 166.031796 166.038204 
166.037958 166.031303 166.026373 166.023908 166.023169 166.023908 166.026373 166.031303 166.037958 
166.037958 166.030810 166.025880 166.023415 166.022676 166.023415 166.025880 166.030810 166.037958 
166.037958 166.030563 166.025387 166.022676 166.021937 166.022676 166.025387 166.030563 166.037958 
166.038204 166.030070 166.024648 166.022183 166.021444 166.022183 166.024648 166.030070 166.038204 
166.038204 166.029577 166.024155 166.021444 166.020704 166.021444 166.024155 166.029577 166.038204 
166.038451 166.029331 166.023662 166.020951 166.020211 166.020951 166.023662 166.029331 166.038451 
166.038697 166.028838 166.023169 166.020458 166.019472 166.020458 166.023169 166.028838 166.038697 
166.038944 166.028345 166.022430 166.019718 166.018979 166.019718 166.022430 166.028345 166.038944 
166.038944 166.028099 166.021937 166.019225 166.018239 166.019225 166.021937 166.028099 166.038944 
166.039437 166.027606 166.021444 166.018486 166.017746 166.018486 166.021444 166.027606 166.039437 
166.039683 166.027359 166.020951 166.017993 166.017007 166.017993 166.020951 166.027359 166.039683 
166.040176 166.027359 166.020458 166.017253 166.016514 166.017253 166.020458 166.027359 166.040176 
166.040422 166.027113 166.020211 166.016761 166.015775 166.016761 166.020211 166.027113 166.040422 
166.041162 166.027359 166.019718 166.016021 166.015282 166.016021 166.019718 166.027359 166.041162 
166.041655 166.027359 166.019225 166.015528 166.014542 166.015528 166.019225 166.027359 166.041655 
0.000000 166.027606 166.018732 166.015035 166.014049 166.015035 166.018732 166.027606 0.000000 
0.000000 166.027852 166.018486 166.014296 166.013310 166.014296 166.018486 166.027852 0.000000 
0.000000 166.028345 166.017993 166.013803 166.012817 166.013803 166.017993 166.028345 0.000000 
0.000000 166.028591 166.017500 166.013063 166.012077 166.013063 166.017500 166.028591 0.000000 
0.000000 166.028838 166.017253 166.012570 166.011584 166.012570 166.017253 166.028838 0.000000 
0.000000 166.029331 166.016761 166.011831 166.010845 166.011831 166.016761 166.029331 0.000000 
0.000000 166.030070 166.016514 166.011338 166.010352 166.011338 166.016514 166.030070 0.000000 
0.000000 166.030810 166.016514 166.010845 166.009613 166.010845 166.016514 166.030810 0.000000 
0.000000 166.032042 166.016514 166.010106 166.009120 166.010106 166.016514 166.032042 0.000000 
0.000000 166.033768 166.016514 166.009613 166.008380 166.009613 166.016514 166.033768 0.000000 
0.000000 166.035493 166.016761 166.008873 166.007887 166.008873 166.016761 166.035493 0.000000 
0.000000 166.037465 166.017253 166.008380 166.007148 166.008380 166.017253 166.037465 0.000000 
0.000000 166.039929 166.017500 166.007887 166.006655 166.007887 166.017500 166.039929 0.000000 
0.000000 0.000000 166.018239 166.007394 166.005915 166.007394 166.018239 0.000000 0.000000 
0.000000 0.000000 166.019225 166.006901 166.005423 166.006901 166.019225 0.000000 0.000000 
0.000000 0.000000 166.020951 166.006408 166.004683 166.006408 166.020951 0.000000 0.000000 
0.000000 0.000000 166.022922 166.005915 166.004190 166.005915 166.022922 0.000000 0.000000 
0.000000 0.000000 166.025141 166.005669 166.003451 166.005669 166.025141 0.000000 0.000000 
0.000000 0.000000 166.030070 166.005669 166.002958 166.005669 166.030070 0.000000 0.000000 
0.000000 0.000000 166.035986 166.005915 166.002218 166.005915 166.035986 0.000000 0.000000 
0.000000 0.000000 0.000000 166.006655 166.001725 166.006655 0.000000 0.000000 0.000000 
0.000000 0.000000 0.000000 166.008380 166.000986 166.008380 0.000000 0.000000 0.000000 
0.000000 0.000000 0.000000 166.015035 166.000493 166.015035 0.000000 0.000000 0.000000 
0.000000 0.000000 0.000000 0.000000 166.000000 0.000000 0.000000 0.000000 0.000000 
