test/output/constant/M3M495_S060_A000_WD090.0_WS015.0/M3M495_S060_A000_WD090.0_WS015.0_arrival.asc
ncols         61
nrows         9
xllcorner     420603.990666
yllcorner     12748355.311160
cellsize      100.000000
NODATA_value  0.000000
0.000000 0.000000 0.000000 0.000000 0.000000 0.000000 0.000000 0.000000 0.000000 0.000000 0.000000 0.000000 166.041357 166.040802 166.040524 166.039969 166.039414 166.038859 166.038582 166.038026 166.037471 166.036916 166.036639 166.036083 166.035528 166.035251 166.034696 166.034418 166.033863 166.033585 166.033308 166.033030 166.033030 166.033030 166.033308 166.033308 166.033308 166.033863 166.034140 166.034418 166.034973 166.035251 166.036083 166.036916 166.038304 166.039692 166.041080 0.000000 0.000000 0.000000 0.000000 0.000000 0.000000 0.000000 0.000000 0.000000 0.000000 0.000000 0.000000 0.000000 0.000000 
0.000000 0.000000 0.000000 0.000000 0.000000 0.000000 166.041357 166.040802 166.040247 166.039414 166.038859 166.038304 166.037471 166.036916 166.036361 166.035806 166.034973 166.034418 166.033863 166.033308 166.032475 166.031920 166.031365 166.030810 166.030532 166.029977 166.029422 166.028867 166.028589 166.028034 166.027479 166.026924 166.026646 166.026091 166.025536 166.024981 166.024703 166.024148 166.023871 166.023871 166.023593 166.023593 166.023871 166.023871 166.024426 166.024703 166.024981 166.025536 166.026646 166.027756 166.029422 166.031642 166.034418 166.037194 0.000000 0.000000 0.000000 0.000000 0.000000 0.000000 0.000000 
0.000000 0.000000 0.000000 166.041080 166.040524 166.039692 166.039137 166.038304 166.037749 166.037194 166.036361 166.035806 166.034973 166.034418 166.033585 166.033030 166.032475 166.031642 166.031087 166.030532 166.029699 166.029144 166.028312 166.027756 166.027201 166.026369 166.025814 166.025258 166.024426 166.023871 166.023315 166.022483 166.021928 166.021372 166.020817 166.019985 166.019430 166.018874 166.018319 166.018042 166.017487 166.016931 166.016376 166.016099 166.015544 166.014989 166.014711 166.014433 166.014156 166.014433 166.014433 166.014711 166.015266 166.016099 166.017487 166.019707 166.023038 166.028867 166.040247 0.000000 0.000000 
166.041635 166.041080 166.040247 166.039692 166.038859 166.038304 166.037471 166.036916 166.036083 166.035528 166.034973 166.034140 166.033585 166.032753 166.032198 166.031365 166.030810 166.029977 166.029422 166.028589 166.028034 166.027201 166.026646 166.026091 166.025258 166.024703 166.023871 166.023315 166.022483 166.021928 166.021095 166.020540 166.019707 166.019152 166.018597 166.017764 166.017209 166.016376 166.015821 166.014989 166.014433 166.013878 166.013046 166.012490 166.011658 166.011103 166.010270 166.009715 166.008882 166.008327 166.007772 166.006939 166.006384 166.005829 166.005551 166.004996 166.004996 166.004996 166.005829 166.008882 166.023315 
166.041357 166.040802 166.039969 166.039414 166.038582 166.038026 166.037194 166.036639 166.035806 166.035251 166.034418 166.033863 166.033030 166.032475 166.031642 166.031087 166.030255 166.029699 166.028867 166.028312 166.027479 166.026924 166.026091 166.025536 166.024703 166.024148 166.023315 166.022760 166.021928 166.021372 166.020540 166.019985 166.019152 166.018597 166.017764 166.017209 166.016376 166.015821 166.014989 166.014433 166.013601 166.013046 166.012213 166.011658 166.010825 166.010270 166.009437 166.008882 166.008049 166.007494 166.006662 166.006106 166.005274 166.004719 166.003886 166.003331 166.002498 166.001943 166.001110 166.000555 166.000000 
166.041635 166.041080 166.040247 166.039692 166.038859 166.038304 166.037471 166.036916 166.036083 166.035528 166.034973 166.034140 166.033585 166.032753 166.032198 166.031365 166.030810 166.029977 166.029422 166.028589 166.028034 166.027201 166.026646 166.026091 166.025258 166.024703 166.023871 166.023315 166.022483 166.021928 166.021095 166.020540 166.019707 166.019152 166.018597 166.017764 166.017209 166.016376 166.015821 166.014989 166.014433 166.013878 166.013046 166.012490 166.011658 166.011103 166.010270 166.009715 166.008882 166.008327 166.007772 166.006939 166.006384 166.005829 166.005551 166.004996 166.004996 166.004996 166.005829 166.008882 166.023315 
0.000000 0.000000 0.000000 166.041080 166.040524 166.039692 166.039137 166.038304 166.037749 166.037194 166.036361 166.035806 166.034973 166.034418 166.033585 166.033030 166.032475 166.031642 166.031087 166.030532 166.029699 166.029144 166.028312 166.027756 166.027201 166.026369 166.025814 166.025258 166.024426 166.023871 166.023315 166.022483 166.021928 166.021372 166.020817 166.019985 166.019430 166.018874 166.018319 166.018042 166.017487 166.016931 166.016376 166.016099 166.015544 166.014989 166.014711 166.014433 166.014156 166.014433 166.014433 166.014711 166.015266 166.016099 166.017487 166.019707 166.023038 166.028867 166.040247 0.000000 0.000000 
0.000000 0.000000 0.000000 0.000000 0.000000 0.000000 166.041357 166.040802 166.040247 166.039414 166.038859 166.038304 166.037471 166.036916 166.036361 166.035806 166.034973 166.034418 166.033863 166.033308 166.032475 166.031920 166.031365 166.030810 166.030532 166.029977 166.029422 166.028867 166.028589 166.028034 166.027479 166.026924 166.026646 166.026091 166.025536 166.024981 166.024703 166.024148 166.023871 166.023871 166.023593 166.023593 166.023871 166.023871 166.024426 166.024703 166.024981 166.025536 166.026646 166.027756 166.029422 166.031642 166.034418 166.037194 0.000000 0.000000 0.000000 0.000000 0.000000 0.000000 0.000000 
0.000000 0.000000 0.000000 0.000000 0.000000 0.000000 0.000000 0.000000 0.000000 0.000000 0.000000 0.000000 166.041357 166.040802 166.040524 166.039969 166.039414 166.038859 166.038582 166.038026 166.037471 166.036916 166.036639 166.036083 166.035528 166.035251 166.034696 166.034418 166.033863 166.033585 166.033308 166.033030 166.033030 166.033030 166.033308 166.033308 166.033308 166.033863 166.034140 166.034418 166.034973 166.035251 166.036083 166.036916 166.038304 166.039692 166.041080 0.000000 0.000000 0.000000 0.000000 0.000000 0.000000 0.000000 0.000000 0.000000 0.000000 0.000000 0.000000 0.000000 0.000000 
