test/output/constant/M3M485_S000_A000_WD045.0_WS020.0/M3M485_S000_A000_WD045.0_WS020.0_arrival.asc
ncols         19
nrows         19
xllcorner     425003.990666
yllcorner     12747155.311160
cellsize      100.000000
NODATA_value  0.000000
0.000000 0.000000 0.000000 0.000000 0.000000 0.000000 0.000000 0.000000 0.000000 0.000000 0.000000 0.000000 0.000000 0.000000 166.038140 166.033564 166.033564 166.035852 0.000000 
0.000000 0.000000 0.000000 0.000000 0.000000 0.000000 0.000000 0.000000 0.000000 0.000000 0.000000 166.041667 166.034326 166.027461 166.019833 166.013731 166.011442 166.016019 166.035852 
0.000000 0.000000 0.000000 0.000000 0.000000 0.000000 0.000000 0.000000 0.000000 0.000000 166.035852 166.028224 166.021359 166.013731 166.006865 166.001526 166.000000 166.011442 166.033564 
0.000000 0.000000 0.000000 0.000000 0.000000 0.000000 0.000000 0.000000 166.041192 166.033564 166.026698 166.019833 166.012968 166.007628 166.004577 166.001526 166.001526 166.013731 166.033564 
0.000000 0.000000 0.000000 0.000000 0.000000 0.000000 0.000000 166.039666 166.032801 166.025935 166.019833 166.014493 166.009917 166.006865 166.004577 166.004577 166.006865 166.019833 166.038140 
0.000000 0.000000 0.000000 0.000000 0.000000 0.000000 166.038903 166.032801 166.026698 166.021359 166.016019 166.012205 166.009154 166.006865 166.006865 166.007628 166.013731 166.027461 0.000000 
0.000000 0.000000 0.000000 0.000000 0.000000 166.038903 166.033564 166.027461 166.022884 166.018307 166.014493 166.012205 166.009917 166.009154 166.009917 166.012968 166.021359 166.034326 0.000000 
0.000000 0.000000 0.000000 0.000000 166.039666 166.034326 166.029750 166.024410 166.020596 166.017545 166.014493 166.012205 166.012205 166.012205 166.014493 166.019833 166.028224 166.041667 0.000000 
0.000000 0.000000 0.000000 166.041192 166.035852 166.031275 166.026698 166.022884 166.019833 166.017545 166.015256 166.014493 166.014493 166.016019 166.019833 166.026698 166.035852 0.000000 0.000000 
0.000000 0.000000 0.000000 166.037378 166.032801 166.028987 166.025173 166.022884 166.019833 166.017545 166.017545 166.017545 166.018307 166.021359 166.025935 166.033564 0.000000 0.000000 0.000000 
0.000000 0.000000 166.039666 166.035089 166.031275 166.028224 166.025173 166.022884 166.020596 166.019833 166.019833 166.020596 166.022884 166.026698 166.032801 166.041192 0.000000 0.000000 0.000000 
0.000000 166.041192 166.037378 166.033564 166.030512 166.027461 166.025173 166.023647 166.022884 166.022884 166.022884 166.024410 166.027461 166.032801 166.039666 0.000000 0.000000 0.000000 0.000000 
0.000000 166.039666 166.035852 166.032801 166.030512 166.028224 166.025935 166.025173 166.025173 166.025173 166.026698 166.029750 166.033564 166.038903 0.000000 0.000000 0.000000 0.000000 0.000000 
166.041667 166.038903 166.035852 166.032801 166.030512 166.028987 166.028224 166.027461 166.028224 166.028987 166.031275 166.034326 166.038903 0.000000 0.000000 0.000000 0.000000 0.000000 0.000000 
166.041192 166.038140 166.035852 166.033564 166.031275 166.030512 166.030512 166.030512 166.031275 166.032801 166.035852 166.039666 0.000000 0.000000 0.000000 0.000000 0.000000 0.000000 0.000000 
166.040429 166.038140 166.035852 166.034326 166.033564 166.032801 166.032801 166.033564 166.035089 166.037378 166.041192 0.000000 0.000000 0.000000 0.000000 0.000000 0.000000 0.000000 0.000000 
166.041192 166.038903 166.036615 166.035852 166.035852 166.035852 166.035852 166.037378 166.039666 0.000000 0.000000 0.000000 0.000000 0.000000 0.000000 0.000000 0.000000 0.000000 0.000000 
166.041192 166.039666 166.038903 166.038140 166.038140 166.038903 166.039666 166.041192 0.000000 0.000000 0.000000 0.000000 0.000000 0.000000 0.000000 0.000000 0.000000 0.000000 0.000000 
0.000000 166.041192 166.041192 166.040429 166.041192 166.041667 0.000000 0.000000 0.000000 0.000000 0.000000 0.000000 0.000000 0.000000 0.000000 0.000000 0.000000 0.000000 0.000000 
