test/output/constant/M4100_S060_A000_WD090.0_WS035.0/M4100_S060_A000_WD090.0_WS035.0_arrival.asc
ncols         50
nrows         7
xllcorner     421703.990666
yllcorner     12748455.311160
cellsize      100.000000
NODATA_value  0.000000
0.000000 0.000000 0.000000 0.000000 0.000000 0.000000 0.000000 0.000000 0.000000 0.000000 166.041479 166.040799 166.040119 166.039439 166.038759 166.038419 166.037739 166.037059 166.036719 166.036039 166.035359 166.035019 166.034339 166.033659 166.033319 166.033319 166.033319 166.033319 166.033319 166.033659 166.033999 166.034339 166.035019 166.035699 166.036379 166.037399 166.039099 166.041139 0.000000 0.000000 0.000000 0.000000 0.000000 0.000000 0.000000 0.000000 0.000000 0.000000 0.000000 0.000000 
0.000000 0.000000 0.000000 0.000000 166.041139 166.040459 166.039439 166.038759 166.037739 166.037059 166.036379 166.035699 166.034679 166.033999 166.033319 166.032299 166.031619 166.030939 166.029919 166.029239 166.028559 166.027879 166.026859 166.026519 166.025839 166.025159 166.024479 166.023799 166.023459 166.022779 166.022099 166.021419 166.021079 166.020400 166.020060 166.020060 166.020060 166.020060 166.020400 166.021079 166.021759 166.023119 166.025499 166.027879 166.031619 166.038079 0.000000 0.000000 0.000000 0.000000 
0.000000 166.041139 166.040459 166.039439 166.038759 166.037739 166.037059 166.036379 166.035359 166.034679 166.033659 166.032979 166.031959 166.031279 166.030259 166.029579 166.028559 166.027879 166.026859 166.026179 166.025499 166.024479 166.023799 166.022779 166.022099 166.021079 166.020400 166.019380 166.018700 166.018020 166.017000 166.016320 166.015300 166.014620 166.013940 166.012920 166.012240 166.011220 166.010540 166.009520 166.008840 166.008500 166.007820 166.007140 166.006800 166.006800 166.007480 166.009520 166.015640 0.000000 
166.041479 166.040459 166.039779 166.038759 166.038079 166.037059 166.036379 166.035359 166.034679 166.033659 166.032979 166.031959 166.031279 166.030259 166.029579 166.028559 166.027879 166.026859 166.026179 166.025159 166.024479 166.023459 166.022779 166.021759 166.021079 166.020060 166.019380 166.018360 166.017680 166.016660 166.015980 166.014960 166.014280 166.013260 166.012580 166.011560 166.010880 166.009860 166.009180 166.008160 166.007480 166.006460 166.005780 166.004760 166.004080 166.003060 166.002380 166.001360 166.000680 166.000000 
0.000000 166.041139 166.040459 166.039439 166.038759 166.037739 166.037059 166.036379 166.035359 166.034679 166.033659 166.032979 166.031959 166.031279 166.030259 166.029579 166.028559 166.027879 166.026859 166.026179 166.025499 166.024479 166.023799 166.022779 166.022099 166.021079 166.020400 166.019380 166.018700 166.018020 166.017000 166.016320 166.015300 166.014620 166.013940 166.012920 166.012240 166.011220 166.010540 166.009520 166.008840 166.008500 166.007820 166.007140 166.006800 166.006800 166.007480 166.009520 166.015640 0.000000 
0.000000 0.000000 0.000000 0.000000 166.041139 166.040459 166.039439 166.038759 166.037739 166.037059 166.036379 166.035699 166.034679 166.033999 166.033319 166.032299 166.031619 166.030939 166.029919 166.029239 166.028559 166.027879 166.026859 166.026519 166.025839 166.025159 166.024479 166.023799 166.023459 166.022779 166.022099 166.021419 166.021079 166.020400 166.020060 166.020060 166.020060 166.020060 166.020400 166.021079 166.021759 166.023119 166.025499 166.027879 166.031619 166.038079 0.000000 0.000000 0.000000 0.000000 
0.000000 0.000000 0.000000 0.000000 0.000000 0.000000 0.000000 0.000000 0.000000 0.000000 166.041479 166.040799 166.040119 166.039439 166.038759 166.038419 166.037739 166.037059 166.036719 166.036039 166.035359 166.035019 166.034339 166.033659 166.033319 166.033319 166.033319 166.033319 166.033319 166.033659 166.033999 166.034339 166.035019 166.035699 166.036379 166.037399 166.039099 166.041139 0.000000 0.000000 0.000000 0.000000 0.000000 0.000000 0.000000 0.000000 0.000000 0.000000 0.000000 0.000000 
