test/output/constant/M380_S060_A180_WD090.0_WS005.0/M380_S060_A180_WD090.0_WS005.0_arrival.asc
ncols         41
nrows         9
xllcorner     426503.990666
yllcorner     12748355.311160
cellsize      100.000000
NODATA_value  0.000000
0.000000 0.000000 0.000000 0.000000 0.000000 0.000000 0.000000 0.000000 0.000000 166.041037 166.038900 166.036763 166.035908 166.035053 166.034198 166.033770 166.033343 166.033343 166.033343 166.033343 166.033343 166.033343 166.034198 166.034625 166.035480 166.035908 166.036763 166.037617 166.038045 166.038900 166.039755 166.040610 166.041465 0.000000 0.000000 0.000000 0.000000 0.000000 0.000000 0.000000 0.000000 
0.000000 0.000000 0.000000 0.000000 0.000000 166.036335 166.031633 166.028213 166.026503 166.025648 166.024793 166.023938 166.023938 166.023938 166.023938 166.023938 166.024366 166.024793 166.025648 166.026503 166.026931 166.027786 166.028641 166.029496 166.030350 166.030778 166.031633 166.032488 166.033343 166.034198 166.035053 166.036335 166.037190 166.038045 166.039327 166.040182 166.041037 0.000000 0.000000 0.000000 0.000000 
0.000000 0.000000 166.031633 166.023511 166.018809 166.016244 166.015389 166.014534 166.014534 166.014534 166.014534 166.015389 166.015816 166.016671 166.017526 166.018381 166.018809 166.019664 166.020519 166.021801 166.022656 166.023511 166.024366 166.025648 166.026503 166.027786 166.028641 166.029496 166.030778 166.031633 166.032488 166.033770 166.034625 166.035480 166.036763 166.037617 166.038900 166.039755 166.041037 0.000000 0.000000 
166.040610 166.011542 166.005557 166.005130 166.005130 166.005557 166.006412 166.006840 166.008122 166.008977 166.010259 166.011114 166.011969 166.013252 166.014107 166.015389 166.016244 166.017526 166.018381 166.019236 166.020519 166.021374 166.022656 166.023511 166.024793 166.025648 166.026503 166.027786 166.028641 166.029923 166.030778 166.032060 166.032915 166.034198 166.035053 166.036335 166.037190 166.038472 166.039327 166.040610 166.041465 
166.028213 166.000000 166.000855 166.001710 166.002992 166.003847 166.005130 166.005985 166.007267 166.008122 166.009404 166.010259 166.011542 166.012397 166.013679 166.014534 166.015816 166.016671 166.017954 166.018809 166.020091 166.020946 166.022229 166.023083 166.024366 166.025221 166.026503 166.027358 166.028641 166.029496 166.030778 166.031633 166.032915 166.033770 166.035053 166.035908 166.037190 166.038045 166.039327 166.040182 166.041465 
166.040610 166.011542 166.005557 166.005130 166.005130 166.005557 166.006412 166.006840 166.008122 166.008977 166.010259 166.011114 166.011969 166.013252 166.014107 166.015389 166.016244 166.017526 166.018381 166.019236 166.020519 166.021374 166.022656 166.023511 166.024793 166.025648 166.026503 166.027786 166.028641 166.029923 166.030778 166.032060 166.032915 166.034198 166.035053 166.036335 166.037190 166.038472 166.039327 166.040610 166.041465 
0.000000 0.000000 166.031633 166.023511 166.018809 166.016244 166.015389 166.014534 166.014534 166.014534 166.014534 166.015389 166.015816 166.016671 166.017526 166.018381 166.018809 166.019664 166.020519 166.021801 166.022656 166.023511 166.024366 166.025648 166.026503 166.027786 166.028641 166.029496 166.030778 166.031633 166.032488 166.033770 166.034625 166.035480 166.036763 166.037617 166.038900 166.039755 166.041037 0.000000 0.000000 
0.000000 0.000000 0.000000 0.000000 0.000000 166.036335 166.031633 166.028213 166.026503 166.025648 166.024793 166.023938 166.023938 166.023938 166.023938 166.023938 166.024366 166.024793 166.025648 166.026503 166.026931 166.027786 166.028641 166.029496 166.030350 166.030778 166.031633 166.032488 166.033343 166.034198 166.035053 166.036335 166.037190 166.038045 166.039327 166.040182 166.041037 0.000000 0.000000 0.000000 0.000000 
0.000000 0.000000 0.000000 0.000000 0.000000 0.000000 0.000000 0.000000 0.000000 166.041037 166.038900 166.036763 166.035908 166.035053 166.034198 166.033770 166.033343 166.033343 166.033343 166.033343 166.033343 166.033343 166.034198 166.034625 166.035480 166.035908 166.036763 166.037617 166.038045 166.038900 166.039755 166.040610 166.041465 0.000000 0.000000 0.000000 0.000000 0.000000 0.000000 0.000000 0.000000 
