test/output/constant/M395_S060_A180_WD045.0_WS015.0/M395_S060_A180_WD045.0_WS015.0_ros.asc
ncols         41
nrows         17
xllcorner     426503.990666
yllcorner     12747255.311160
cellsize      100.000000
NODATA_value  0.000000
1.874879 11.383249 7.897511 11.383249 7.897511 11.383249 37.029655 11.383249 20.416683 20.416683 20.416683 20.416683 25.702415 37.029655 0.000000 0.000000 0.000000 0.000000 0.000000 0.000000 0.000000 0.000000 0.000000 0.000000 0.000000 0.000000 0.000000 0.000000 0.000000 0.000000 0.000000 0.000000 0.000000 0.000000 0.000000 0.000000 0.000000 0.000000 0.000000 0.000000 0.000000 
1.730434 -1.000000 68.959648 11.383249 65.034599 67.304451 42.730614 42.730614 15.596363 20.416683 20.416683 20.416683 20.416683 31.296021 37.029655 31.296021 37.029655 37.029655 15.596363 0.000000 0.000000 0.000000 0.000000 0.000000 0.000000 0.000000 0.000000 0.000000 0.000000 0.000000 0.000000 0.000000 0.000000 0.000000 0.000000 0.000000 0.000000 0.000000 0.000000 0.000000 0.000000 
1.730434 40.918919 68.959648 68.959648 68.959648 68.959648 68.959648 61.885052 53.351974 53.351974 68.625938 57.951141 15.596363 11.383249 15.596363 42.730614 15.596363 37.029655 31.296021 15.596363 15.596363 20.416683 0.000000 0.000000 0.000000 0.000000 0.000000 0.000000 0.000000 0.000000 0.000000 0.000000 0.000000 0.000000 0.000000 0.000000 0.000000 0.000000 0.000000 0.000000 0.000000 
0.000000 3.225289 2.717909 46.487667 68.959648 68.959648 68.959648 68.959648 68.959648 68.959648 53.351974 65.034599 48.226772 53.351974 48.226772 53.351974 68.625938 15.596363 20.416683 15.596363 15.596363 42.730614 11.383249 42.730614 20.416683 0.000000 0.000000 0.000000 0.000000 0.000000 0.000000 0.000000 0.000000 0.000000 0.000000 0.000000 0.000000 0.000000 0.000000 0.000000 0.000000 
0.000000 0.000000 1.730434 2.362908 46.487667 68.959648 68.959648 68.959648 68.959648 68.959648 68.959648 68.959648 68.959648 68.959648 68.959648 11.383249 68.959648 53.351974 42.730614 15.596363 48.226772 68.959648 68.959648 20.416683 15.596363 15.596363 15.596363 0.000000 0.000000 0.000000 0.000000 0.000000 0.000000 0.000000 0.000000 0.000000 0.000000 0.000000 0.000000 0.000000 0.000000 
0.000000 0.000000 0.000000 3.225289 3.225289 40.918919 51.742046 68.959648 68.959648 68.959648 68.959648 68.959648 68.959648 68.959648 68.959648 68.959648 20.416683 68.959648 61.885052 20.416683 53.351974 37.029655 53.351974 37.029655 68.959648 20.416683 67.304451 68.959648 20.416683 0.000000 0.000000 0.000000 0.000000 0.000000 0.000000 0.000000 0.000000 0.000000 0.000000 0.000000 0.000000 
0.000000 0.000000 0.000000 0.000000 3.225289 40.918919 46.487667 46.487667 51.742046 68.959648 68.753731 68.959648 68.959648 68.959648 68.959648 68.959648 68.959648 68.959648 68.959648 11.383249 68.916946 68.959648 68.959648 20.416683 53.351974 42.730614 61.885052 48.226772 53.351974 65.034599 20.416683 0.000000 0.000000 0.000000 0.000000 0.000000 0.000000 0.000000 0.000000 0.000000 0.000000 
0.000000 0.000000 0.000000 0.000000 0.000000 0.000000 3.225289 46.487667 1.981816 51.742046 46.487667 68.753731 68.753731 68.959648 68.959648 68.959648 68.959648 68.959648 68.959648 68.959648 68.959648 61.885052 15.596363 53.351974 68.959648 20.416683 48.226772 15.596363 48.226772 68.916946 37.029655 42.730614 48.226772 0.000000 0.000000 0.000000 0.000000 0.000000 0.000000 0.000000 0.000000 
0.000000 0.000000 0.000000 0.000000 0.000000 0.000000 0.000000 35.204926 46.487667 40.918919 51.742046 51.742046 64.098396 51.742046 60.683357 68.753731 68.959648 68.959648 68.959648 68.959648 68.959648 68.959648 68.959648 68.959648 20.416683 68.959648 15.596363 68.959648 11.383249 68.959648 48.226772 68.959648 42.730614 48.226772 48.226772 0.000000 0.000000 0.000000 0.000000 0.000000 0.000000 
0.000000 0.000000 0.000000 0.000000 0.000000 0.000000 0.000000 0.000000 0.000000 46.487667 40.918919 46.487667 51.742046 51.742046 66.663582 46.487667 68.300797 68.959648 68.959648 68.959648 68.959648 68.959648 68.959648 68.959648 68.959648 68.959648 68.959648 20.416683 20.416683 57.951141 68.959648 68.959648 68.959648 68.959648 53.351974 68.959648 57.951141 0.000000 0.000000 0.000000 0.000000 
0.000000 0.000000 0.000000 0.000000 0.000000 0.000000 0.000000 0.000000 0.000000 0.000000 0.000000 40.918919 51.742046 46.487667 51.742046 68.959648 66.663582 46.487667 68.959648 68.753731 68.959648 68.959648 68.959648 68.959648 68.959648 68.959648 68.959648 68.959648 68.959648 68.959648 68.959648 68.959648 61.885052 68.959648 68.959648 20.416683 61.885052 15.596363 0.000000 0.000000 0.000000 
0.000000 0.000000 0.000000 0.000000 0.000000 0.000000 0.000000 0.000000 0.000000 0.000000 0.000000 0.000000 0.000000 51.742046 46.487667 46.487667 51.742046 46.487667 66.663582 66.663582 68.959648 68.959648 68.959648 68.959648 68.959648 68.959648 68.959648 68.959648 68.959648 68.959648 68.959648 68.959648 68.959648 68.959648 68.959648 68.959648 68.959648 68.959648 68.959648 0.000000 0.000000 
0.000000 0.000000 0.000000 0.000000 0.000000 0.000000 0.000000 0.000000 0.000000 0.000000 0.000000 0.000000 0.000000 0.000000 0.000000 0.000000 51.742046 2.362908 2.717909 46.487667 66.663582 68.959648 68.959648 68.753731 68.959648 68.959648 68.959648 68.959648 68.300797 68.959648 68.959648 68.959648 68.959648 68.959648 68.959648 68.959648 68.959648 68.959648 68.959648 65.034599 0.000000 
0.000000 0.000000 0.000000 0.000000 0.000000 0.000000 0.000000 0.000000 0.000000 0.000000 0.000000 0.000000 0.000000 0.000000 0.000000 0.000000 0.000000 0.000000 46.487667 51.742046 51.742046 46.487667 51.742046 68.959648 68.300797 68.753731 68.959648 68.959648 68.959648 68.959648 68.959648 68.959648 68.959648 68.959648 68.959648 68.959648 68.959648 68.959648 68.959648 68.959648 61.885052 
0.000000 0.000000 0.000000 0.000000 0.000000 0.000000 0.000000 0.000000 0.000000 0.000000 0.000000 0.000000 0.000000 0.000000 0.000000 0.000000 0.000000 0.000000 0.000000 0.000000 0.000000 51.742046 68.753731 51.742046 1.981816 68.300797 68.300797 60.683357 68.959648 68.959648 64.098396 68.959648 68.959648 66.663582 68.959648 68.959648 68.959648 68.959648 68.959648 68.959648 68.959648 
0.000000 0.000000 0.000000 0.000000 0.000000 0.000000 0.000000 0.000000 0.000000 0.000000 0.000000 0.000000 0.000000 0.000000 0.000000 0.000000 0.000000 0.000000 0.000000 0.000000 0.000000 0.000000 0.000000 0.000000 0.000000 46.487667 64.098396 51.742046 64.098396 60.683357 64.098396 68.959648 68.300797 68.959648 68.959648 68.959648 68.959648 68.959648 68.959648 68.916946 68.959648 
0.000000 0.000000 0.000000 0.000000 0.000000 0.000000 0.000000 0.000000 0.000000 0.000000 0.000000 0.000000 0.000000 0.000000 0.000000 0.000000 0.000000 0.000000 0.000000 0.000000 0.000000 0.000000 0.000000 0.000000 0.000000 0.000000 0.000000 0.000000 0.000000 46.487667 64.098396 68.959648 68.959648 68.959648 68.959648 68.959648 68.959648 68.959648 68.959648 68.959648 0.000000 
