test/output/constant/M3M485_S060_A000_WD090.0_WS015.0/M3M485_S060_A000_WD090.0_WS015.0_arrival.asc
ncols         55
nrows         9
xllcorner     421203.990666
yllcorner     12748355.311160
cellsize      100.000000
NODATA_value  0.000000
0.000000 0.000000 0.000000 0.000000 0.000000 0.000000 0.000000 0.000000 0.000000 0.000000 0.000000 0.000000 0.000000 166.041667 166.041208 166.040593 166.040286 166.039671 166.039056 166.038748 166.038133 166.037825 166.037210 166.036903 166.036288 166.036288 166.036288 166.036288 166.036288 166.036288 166.036288 166.036595 166.037210 166.037518 166.037825 166.038748 166.039363 166.039978 166.041208 0.000000 0.000000 0.000000 0.000000 0.000000 0.000000 0.000000 0.000000 0.000000 0.000000 0.000000 0.000000 0.000000 0.000000 0.000000 0.000000 
0.000000 0.000000 0.000000 0.000000 0.000000 0.000000 166.041516 166.040901 166.040286 166.039363 166.038748 166.038133 166.037210 166.036595 166.035980 166.035365 166.034750 166.034135 166.033520 166.032905 166.032290 166.031983 166.031367 166.030752 166.030137 166.029522 166.029215 166.028600 166.027985 166.027677 166.027062 166.026755 166.026140 166.025832 166.025832 166.025832 166.026140 166.026140 166.026447 166.026755 166.027370 166.027985 166.028907 166.030137 166.031675 166.033828 166.036903 166.039978 0.000000 0.000000 0.000000 0.000000 0.000000 0.000000 0.000000 
0.000000 0.000000 166.041667 166.041208 166.040286 166.039671 166.038748 166.038133 166.037210 166.036595 166.035980 166.035058 166.034443 166.033520 166.032905 166.032290 166.031367 166.030752 166.029830 166.029215 166.028600 166.027677 166.027062 166.026447 166.025832 166.024909 166.024294 166.023679 166.023064 166.022142 166.021527 166.020912 166.020297 166.019682 166.019067 166.018759 166.018144 166.017529 166.016914 166.016606 166.015991 166.015684 166.015684 166.015684 166.015684 166.016299 166.016606 166.017529 166.019067 166.021219 166.024602 166.031060 0.000000 0.000000 0.000000 
166.041516 166.040901 166.039978 166.039363 166.038441 166.037825 166.037210 166.036288 166.035673 166.034750 166.034135 166.033213 166.032598 166.031675 166.031060 166.030137 166.029522 166.028600 166.027985 166.027370 166.026447 166.025832 166.024909 166.024294 166.023372 166.022757 166.021834 166.021219 166.020297 166.019682 166.019067 166.018144 166.017529 166.016606 166.015991 166.015069 166.014454 166.013839 166.012916 166.012301 166.011378 166.010763 166.009841 166.009226 166.008611 166.007688 166.007073 166.006458 166.006150 166.005535 166.005228 166.005535 166.006150 166.009533 166.025217 
166.041208 166.040593 166.039671 166.039056 166.038133 166.037518 166.036595 166.035980 166.035058 166.034443 166.033520 166.032905 166.031983 166.031367 166.030445 166.029830 166.028907 166.028292 166.027370 166.026755 166.025832 166.025217 166.024294 166.023679 166.022757 166.022142 166.021219 166.020604 166.019682 166.019067 166.018144 166.017529 166.016606 166.015991 166.015069 166.014454 166.013531 166.012916 166.011993 166.011378 166.010456 166.009841 166.008918 166.008303 166.007381 166.006766 166.005843 166.005228 166.004305 166.003690 166.002768 166.002153 166.001230 166.000615 166.000000 
166.041516 166.040901 166.039978 166.039363 166.038441 166.037825 166.037210 166.036288 166.035673 166.034750 166.034135 166.033213 166.032598 166.031675 166.031060 166.030137 166.029522 166.028600 166.027985 166.027370 166.026447 166.025832 166.024909 166.024294 166.023372 166.022757 166.021834 166.021219 166.020297 166.019682 166.019067 166.018144 166.017529 166.016606 166.015991 166.015069 166.014454 166.013839 166.012916 166.012301 166.011378 166.010763 166.009841 166.009226 166.008611 166.007688 166.007073 166.006458 166.006150 166.005535 166.005228 166.005535 166.006150 166.009533 166.025217 
0.000000 0.000000 166.041667 166.041208 166.040286 166.039671 166.038748 166.038133 166.037210 166.036595 166.035980 166.035058 166.034443 166.033520 166.032905 166.032290 166.031367 166.030752 166.029830 166.029215 166.028600 166.027677 166.027062 166.026447 166.025832 166.024909 166.024294 166.023679 166.023064 166.022142 166.021527 166.020912 166.020297 166.019682 166.019067 166.018759 166.018144 166.017529 166.016914 166.016606 166.015991 166.015684 166.015684 166.015684 166.015684 166.016299 166.016606 166.017529 166.019067 166.021219 166.024602 166.031060 0.000000 0.000000 0.000000 
0.000000 0.000000 0.000000 0.000000 0.000000 0.000000 166.041516 166.040901 166.040286 166.039363 166.038748 166.038133 166.037210 166.036595 166.035980 166.035365 166.034750 166.034135 166.033520 166.032905 166.032290 166.031983 166.031367 166.030752 166.030137 166.029522 166.029215 166.028600 166.027985 166.027677 166.027062 166.026755 166.026140 166.025832 166.025832 166.025832 166.026140 166.026140 166.026447 166.026755 166.027370 166.027985 166.028907 166.030137 166.031675 166.033828 166.036903 166.039978 0.000000 0.000000 0.000000 0.000000 0.000000 0.000000 0.000000 
0.000000 0.000000 0.000000 0.000000 0.000000 0.000000 0.000000 0.000000 0.000000 0.000000 0.000000 0.000000 0.000000 166.041667 166.041208 166.040593 166.040286 166.039671 166.039056 166.038748 166.038133 166.037825 166.037210 166.036903 166.036288 166.036288 166.036288 166.036288 166.036288 166.036288 166.036288 166.036595 166.037210 166.037518 166.037825 166.038748 166.039363 166.039978 166.041208 0.000000 0.000000 0.000000 0.000000 0.000000 0.000000 0.000000 0.000000 0.000000 0.000000 0.000000 0.000000 0.000000 0.000000 0.000000 0.000000 
