test/output/constant/M380_S060_A000_WD090.0_WS005.0/M380_S060_A000_WD090.0_WS005.0_arrival.asc
ncols         51
nrows         9
xllcorner     421603.990666
yllcorner     12748355.311160
cellsize      100.000000
NODATA_value  0.000000
0.000000 0.000000 0.000000 0.000000 0.000000 0.000000 0.000000 0.000000 0.000000 166.041656 166.040994 166.040333 166.040003 166.039341 166.038680 166.038019 166.037688 166.037027 166.036366 166.036035 166.035374 166.034713 166.034382 166.033721 166.033391 166.033060 166.032729 166.032729 166.032729 166.033060 166.033060 166.033391 166.033721 166.034052 166.034382 166.035044 166.036035 166.037358 166.039341 166.040994 0.000000 0.000000 0.000000 0.000000 0.000000 0.000000 0.000000 0.000000 0.000000 0.000000 0.000000 
0.000000 0.000000 0.000000 0.000000 166.041656 166.040994 166.040333 166.039341 166.038680 166.038019 166.037027 166.036366 166.035705 166.035044 166.034382 166.033391 166.032729 166.032068 166.031407 166.030746 166.030085 166.029754 166.029093 166.028432 166.027770 166.027109 166.026779 166.026117 166.025456 166.025126 166.024464 166.024134 166.023473 166.023473 166.023473 166.023473 166.023803 166.024134 166.024134 166.024795 166.025787 166.027109 166.029093 166.031407 166.034713 166.039341 0.000000 0.000000 0.000000 0.000000 0.000000 
0.000000 0.000000 166.040994 166.040333 166.039672 166.038680 166.038019 166.037027 166.036366 166.035374 166.034713 166.034052 166.033060 166.032399 166.031407 166.030746 166.029754 166.029093 166.028432 166.027440 166.026779 166.026117 166.025456 166.024464 166.023803 166.023142 166.022150 166.021489 166.020828 166.020167 166.019505 166.018844 166.018183 166.017522 166.016861 166.016199 166.015869 166.015208 166.014546 166.014216 166.014216 166.014216 166.014546 166.014546 166.015208 166.017191 166.019175 166.022811 166.030746 0.000000 0.000000 
166.041325 166.040664 166.039672 166.039011 166.038019 166.037358 166.036366 166.035705 166.034713 166.034052 166.033060 166.032399 166.031407 166.030746 166.029754 166.029093 166.028101 166.027440 166.026779 166.025787 166.025126 166.024134 166.023473 166.022481 166.021820 166.020828 166.020167 166.019175 166.018514 166.017852 166.016861 166.016199 166.015208 166.014546 166.013555 166.012893 166.012232 166.011240 166.010579 166.009587 166.008926 166.007934 166.007273 166.006612 166.005951 166.005290 166.004959 166.004959 166.004959 166.007273 166.016199 
166.040994 166.040333 166.039341 166.038680 166.037688 166.037027 166.036035 166.035374 166.034382 166.033721 166.032729 166.032068 166.031076 166.030415 166.029423 166.028762 166.027770 166.027109 166.026117 166.025456 166.024464 166.023803 166.022811 166.022150 166.021158 166.020497 166.019505 166.018844 166.017852 166.017191 166.016199 166.015538 166.014546 166.013885 166.012893 166.012232 166.011240 166.010579 166.009587 166.008926 166.007934 166.007273 166.006281 166.005620 166.004628 166.003967 166.002975 166.002314 166.001322 166.000661 166.000000 
166.041325 166.040664 166.039672 166.039011 166.038019 166.037358 166.036366 166.035705 166.034713 166.034052 166.033060 166.032399 166.031407 166.030746 166.029754 166.029093 166.028101 166.027440 166.026779 166.025787 166.025126 166.024134 166.023473 166.022481 166.021820 166.020828 166.020167 166.019175 166.018514 166.017852 166.016861 166.016199 166.015208 166.014546 166.013555 166.012893 166.012232 166.011240 166.010579 166.009587 166.008926 166.007934 166.007273 166.006612 166.005951 166.005290 166.004959 166.004959 166.004959 166.007273 166.016199 
0.000000 0.000000 166.040994 166.040333 166.039672 166.038680 166.038019 166.037027 166.036366 166.035374 166.034713 166.034052 166.033060 166.032399 166.031407 166.030746 166.029754 166.029093 166.028432 166.027440 166.026779 166.026117 166.025456 166.024464 166.023803 166.023142 166.022150 166.021489 166.020828 166.020167 166.019505 166.018844 166.018183 166.017522 166.016861 166.016199 166.015869 166.015208 166.014546 166.014216 166.014216 166.014216 166.014546 166.014546 166.015208 166.017191 166.019175 166.022811 166.030746 0.000000 0.000000 
0.000000 0.000000 0.000000 0.000000 166.041656 166.040994 166.040333 166.039341 166.038680 166.038019 166.037027 166.036366 166.035705 166.035044 166.034382 166.033391 166.032729 166.032068 166.031407 166.030746 166.030085 166.029754 166.029093 166.028432 166.027770 166.027109 166.026779 166.026117 166.025456 166.025126 166.024464 166.024134 166.023473 166.023473 166.023473 166.023473 166.023803 166.024134 166.024134 166.024795 166.025787 166.027109 166.029093 166.031407 166.034713 166.039341 0.000000 0.000000 0.000000 0.000000 0.000000 
0.000000 0.000000 0.000000 0.000000 0.000000 0.000000 0.000000 0.000000 0.000000 166.041656 166.040994 166.040333 166.040003 166.039341 166.038680 166.038019 166.037688 166.037027 166.036366 166.036035 166.035374 166.034713 166.034382 166.033721 166.033391 166.033060 166.032729 166.032729 166.032729 166.033060 166.033060 166.033391 166.033721 166.034052 166.034382 166.035044 166.036035 166.037358 166.039341 166.040994 0.000000 0.000000 0.000000 0.000000 0.000000 0.000000 0.000000 0.000000 0.000000 0.000000 0.000000 
