test/output/constant/M3100_S060_A180_WD315.0_WS010.0/M3100_S060_A180_WD315.0_WS010.0_ros.asc
ncols         64
nrows         15
xllcorner     426603.990666
yllcorner     12747555.311160
cellsize      100.000000
NODATA_value  0.000000
0.000000 0.000000 0.000000 0.000000 29.479622 29.479622 29.479622 37.885113 37.885113 29.479622 29.479622 37.885113 55.873440 55.873440 29.479622 64.910019 55.873440 29.479622 64.910019 55.873440 21.811775 55.873440 0.000000 0.000000 0.000000 0.000000 0.000000 0.000000 0.000000 0.000000 0.000000 0.000000 0.000000 0.000000 0.000000 0.000000 0.000000 0.000000 0.000000 0.000000 0.000000 0.000000 0.000000 0.000000 0.000000 0.000000 0.000000 0.000000 0.000000 0.000000 0.000000 0.000000 0.000000 0.000000 0.000000 0.000000 0.000000 0.000000 0.000000 0.000000 0.000000 0.000000 0.000000 0.000000 
0.714105 21.811775 29.479622 55.873440 29.479622 55.873440 29.479622 81.704193 64.910019 64.910019 29.479622 64.910019 21.811775 64.910019 55.873440 64.910019 37.885113 64.910019 46.773018 37.885113 64.910019 29.479622 29.479622 55.873440 21.811775 64.910019 64.910019 37.885113 64.910019 64.910019 37.885113 64.910019 0.000000 0.000000 0.000000 0.000000 0.000000 0.000000 0.000000 0.000000 0.000000 0.000000 0.000000 0.000000 0.000000 0.000000 0.000000 0.000000 0.000000 0.000000 0.000000 0.000000 0.000000 0.000000 0.000000 0.000000 0.000000 0.000000 0.000000 0.000000 0.000000 0.000000 0.000000 0.000000 
-1.000000 106.047592 106.047592 106.047592 106.047592 100.053856 105.576347 106.047592 55.873440 46.773018 100.053856 73.608330 81.704193 37.885113 21.811775 81.704193 55.873440 21.811775 81.704193 55.873440 37.885113 21.811775 55.873440 55.873440 29.479622 55.873440 46.773018 88.951729 73.608330 64.910019 21.811775 73.608330 64.910019 46.773018 64.910019 64.910019 37.885113 64.910019 37.885113 29.479622 0.000000 0.000000 0.000000 0.000000 0.000000 0.000000 0.000000 0.000000 0.000000 0.000000 0.000000 0.000000 0.000000 0.000000 0.000000 0.000000 0.000000 0.000000 0.000000 0.000000 0.000000 0.000000 0.000000 0.000000 
1.359657 72.758850 94.560356 106.047592 106.047592 106.047592 106.047592 106.047592 106.047592 106.047592 106.047592 106.047592 106.047592 106.047592 88.951729 106.047592 81.704193 100.053856 106.047592 55.873440 81.704193 95.130836 100.053856 103.571281 100.053856 81.704193 81.704193 37.885113 37.885113 88.951729 88.951729 64.910019 29.479622 29.479622 73.608330 64.910019 29.479622 37.885113 73.608330 64.910019 37.885113 88.951729 64.910019 29.479622 29.479622 0.000000 0.000000 0.000000 0.000000 0.000000 0.000000 0.000000 0.000000 0.000000 0.000000 0.000000 0.000000 0.000000 0.000000 0.000000 0.000000 0.000000 0.000000 0.000000 
0.000000 1.359657 1.226365 64.018661 72.758850 80.923859 103.282295 106.047592 106.047592 106.047592 106.047592 106.047592 106.047592 106.047592 106.047592 106.047592 106.047592 106.047592 106.047592 29.479622 37.885113 37.885113 106.047592 106.047592 106.047592 88.951729 105.576347 100.053856 88.951729 106.047592 37.885113 81.704193 95.130836 105.576347 106.047592 46.773018 88.951729 88.951729 95.130836 95.130836 64.910019 46.773018 37.885113 88.951729 88.951729 88.951729 81.704193 46.773018 88.951729 0.000000 0.000000 0.000000 0.000000 0.000000 0.000000 0.000000 0.000000 0.000000 0.000000 0.000000 0.000000 0.000000 0.000000 0.000000 
0.000000 0.000000 0.000000 64.018661 64.018661 80.923859 72.758850 72.758850 72.758850 106.047592 106.047592 99.617233 106.047592 106.047592 106.047592 106.047592 99.617233 106.047592 106.047592 106.047592 106.047592 106.047592 106.047592 55.873440 106.047592 106.047592 106.047592 106.047592 106.047592 106.047592 106.047592 55.873440 106.047592 103.571281 106.047592 37.885113 81.704193 103.571281 55.873440 81.704193 106.047592 37.885113 73.608330 95.130836 103.571281 106.047592 46.773018 81.704193 100.053856 103.571281 106.047592 37.885113 55.873440 0.000000 0.000000 0.000000 0.000000 0.000000 0.000000 0.000000 0.000000 0.000000 0.000000 0.000000 
0.000000 0.000000 0.000000 0.000000 0.000000 0.738174 64.018661 64.018661 72.758850 0.738174 72.758850 72.758850 72.758850 106.047592 99.617233 103.282295 106.047592 105.444092 106.047592 99.617233 106.047592 106.047592 106.047592 106.047592 106.047592 106.047592 106.047592 106.047592 106.047592 106.047592 106.047592 106.047592 106.047592 106.047592 88.951729 106.047592 95.130836 106.047592 106.047592 64.910019 95.130836 106.047592 73.608330 106.047592 29.479622 100.053856 106.047592 88.951729 106.047592 46.773018 88.951729 106.047592 21.811775 55.873440 88.951729 100.053856 0.000000 0.000000 0.000000 0.000000 0.000000 0.000000 0.000000 0.000000 
0.000000 0.000000 0.000000 0.000000 0.000000 0.000000 0.000000 0.000000 64.018661 72.758850 72.758850 64.018661 72.758850 72.758850 72.758850 72.758850 103.282295 105.444092 94.560356 94.560356 99.617233 106.047592 103.282295 106.047592 106.047592 106.047592 106.047592 106.047592 106.047592 105.444092 106.047592 106.047592 106.047592 106.047592 106.047592 106.047592 106.047592 106.047592 106.047592 106.047592 106.047592 37.885113 55.873440 106.047592 106.047592 106.047592 46.773018 106.047592 106.047592 46.773018 46.773018 95.130836 55.873440 100.053856 106.047592 55.873440 106.047592 106.047592 0.000000 0.000000 0.000000 0.000000 0.000000 0.000000 
0.000000 0.000000 0.000000 0.000000 0.000000 0.000000 0.000000 0.000000 0.000000 0.000000 0.000000 72.758850 72.758850 72.758850 72.758850 72.758850 80.923859 80.923859 72.758850 72.758850 103.282295 94.560356 94.560356 106.047592 99.617233 106.047592 106.047592 106.047592 106.047592 106.047592 106.047592 105.879921 106.047592 106.047592 106.047592 106.047592 106.047592 106.047592 106.047592 106.047592 106.047592 106.047592 106.047592 55.873440 106.047592 106.047592 106.047592 106.047592 106.047592 106.047592 106.047592 106.047592 106.047592 37.885113 106.047592 106.047592 46.773018 95.130836 106.047592 105.946228 106.047592 0.000000 0.000000 0.000000 
0.000000 0.000000 0.000000 0.000000 0.000000 0.000000 0.000000 0.000000 0.000000 0.000000 0.000000 0.000000 0.000000 0.000000 0.000000 64.018661 72.758850 72.758850 72.758850 72.758850 72.758850 72.758850 94.560356 105.444092 72.758850 103.282295 106.047592 105.879921 105.444092 106.047592 106.047592 106.047592 106.047592 106.047592 106.047592 106.047592 94.560356 106.047592 105.444092 106.047592 106.047592 106.047592 106.047592 106.047592 106.047592 106.047592 106.047592 106.047592 106.047592 106.047592 106.047592 106.047592 106.047592 106.047592 106.047592 100.053856 81.704193 106.047592 106.047592 106.047592 64.910019 106.047592 106.047592 0.000000 
0.000000 0.000000 0.000000 0.000000 0.000000 0.000000 0.000000 0.000000 0.000000 0.000000 0.000000 0.000000 0.000000 0.000000 0.000000 0.000000 0.000000 0.000000 0.000000 72.758850 80.923859 72.758850 80.923859 80.923859 72.758850 72.758850 72.758850 99.617233 72.758850 72.758850 103.282295 99.617233 94.560356 103.282295 99.617233 106.047592 106.047592 106.047592 106.047592 106.047592 88.265434 106.047592 106.047592 106.047592 106.047592 103.282295 106.047592 106.047592 106.047592 106.047592 106.047592 106.047592 106.047592 106.047592 106.047592 106.047592 88.951729 106.047592 106.047592 106.047592 106.047592 106.047592 55.873440 46.773018 
0.000000 0.000000 0.000000 0.000000 0.000000 0.000000 0.000000 0.000000 0.000000 0.000000 0.000000 0.000000 0.000000 0.000000 0.000000 0.000000 0.000000 0.000000 0.000000 0.000000 0.000000 0.000000 0.000000 0.000000 72.758850 72.758850 72.758850 72.758850 72.758850 72.758850 106.047592 103.282295 99.617233 105.444092 105.444092 105.879921 106.047592 105.444092 72.758850 99.617233 106.047592 106.047592 106.047592 106.047592 106.047592 106.047592 106.047592 106.047592 105.879921 106.047592 106.047592 106.047592 106.047592 106.047592 106.047592 106.047592 106.047592 106.047592 106.047592 106.047592 106.047592 106.047592 106.047592 106.047592 
0.000000 0.000000 0.000000 0.000000 0.000000 0.000000 0.000000 0.000000 0.000000 0.000000 0.000000 0.000000 0.000000 0.000000 0.000000 0.000000 0.000000 0.000000 0.000000 0.000000 0.000000 0.000000 0.000000 0.000000 0.000000 0.000000 0.000000 0.000000 0.000000 80.923859 80.923859 72.758850 80.923859 88.265434 80.923859 106.047592 106.047592 88.265434 103.282295 88.265434 103.282295 94.560356 106.047592 88.265434 106.047592 106.047592 106.047592 106.047592 106.047592 106.047592 103.282295 106.047592 106.047592 106.047592 106.047592 106.047592 106.047592 106.047592 106.047592 106.047592 106.047592 106.047592 106.047592 106.047592 
0.000000 0.000000 0.000000 0.000000 0.000000 0.000000 0.000000 0.000000 0.000000 0.000000 0.000000 0.000000 0.000000 0.000000 0.000000 0.000000 0.000000 0.000000 0.000000 0.000000 0.000000 0.000000 0.000000 0.000000 0.000000 0.000000 0.000000 0.000000 0.000000 0.000000 0.000000 0.000000 0.000000 0.000000 0.000000 0.000000 72.758850 72.758850 72.758850 88.265434 99.617233 105.444092 99.617233 105.879921 99.617233 103.282295 106.047592 103.282295 106.047592 106.047592 106.047592 103.282295 106.047592 106.047592 106.047592 106.047592 106.047592 106.047592 105.444092 106.047592 106.047592 106.047592 0.000000 0.000000 
0.000000 0.000000 0.000000 0.000000 0.000000 0.000000 0.000000 0.000000 0.000000 0.000000 0.000000 0.000000 0.000000 0.000000 0.000000 0.000000 0.000000 0.000000 0.000000 0.000000 0.000000 0.000000 0.000000 0.000000 0.000000 0.000000 0.000000 0.000000 0.000000 0.000000 0.000000 0.000000 0.000000 0.000000 0.000000 0.000000 0.000000 0.000000 0.000000 0.000000 0.000000 0.000000 0.000000 0.000000 0.000000 0.000000 0.000000 0.000000 0.000000 0.000000 0.000000 0.000000 103.282295 106.047592 0.000000 0.000000 0.000000 0.000000 0.000000 0.000000 0.000000 0.000000 0.000000 0.000000 
