test/output/constant/C4_S060_A000_WD135.0_WS020.0/C4_S060_A000_WD135.0_WS020.0_arrival.asc
ncols         34
nrows         12
xllcorner     423303.990666
yllcorner     12748755.311160
cellsize      100.000000
NODATA_value  0.000000
166.040916 166.039521 166.039056 166.038591 166.038591 166.038591 166.038591 166.038591 166.039521 166.040916 0.000000 0.000000 0.000000 0.000000 0.000000 0.000000 0.000000 0.000000 0.000000 0.000000 0.000000 0.000000 0.000000 0.000000 0.000000 0.000000 0.000000 0.000000 0.000000 0.000000 0.000000 0.000000 0.000000 0.000000 
166.040916 166.039521 166.038126 166.037196 166.035801 166.035336 166.034871 166.034871 166.034871 166.034871 166.035336 166.036731 166.038126 166.039986 0.000000 0.000000 0.000000 0.000000 0.000000 0.000000 0.000000 0.000000 0.000000 0.000000 0.000000 0.000000 0.000000 0.000000 0.000000 0.000000 0.000000 0.000000 0.000000 0.000000 
0.000000 166.039986 166.038126 166.037196 166.035801 166.034406 166.033476 166.032082 166.031617 166.031152 166.031152 166.031152 166.031617 166.032547 166.033476 166.035336 166.038126 166.041667 0.000000 0.000000 0.000000 0.000000 0.000000 0.000000 0.000000 0.000000 0.000000 0.000000 0.000000 0.000000 0.000000 0.000000 0.000000 0.000000 
0.000000 0.000000 166.039986 166.038126 166.036266 166.034871 166.033476 166.032082 166.030687 166.029757 166.028362 166.027897 166.027432 166.027432 166.027432 166.028362 166.029292 166.031152 166.033476 166.037196 0.000000 0.000000 0.000000 0.000000 0.000000 0.000000 0.000000 0.000000 0.000000 0.000000 0.000000 0.000000 0.000000 0.000000 
0.000000 0.000000 0.000000 166.041381 166.039056 166.036731 166.034406 166.032547 166.031152 166.029757 166.028362 166.026967 166.025572 166.024642 166.024177 166.023713 166.023713 166.024177 166.025107 166.026502 166.028827 166.032547 166.037661 0.000000 0.000000 0.000000 0.000000 0.000000 0.000000 0.000000 0.000000 0.000000 0.000000 0.000000 
0.000000 0.000000 0.000000 0.000000 0.000000 166.040916 166.038126 166.035801 166.033012 166.031152 166.029292 166.027432 166.026037 166.024642 166.023248 166.021853 166.020923 166.020458 166.019993 166.020458 166.020923 166.021853 166.024177 166.027897 166.033476 0.000000 0.000000 0.000000 0.000000 0.000000 0.000000 0.000000 0.000000 0.000000 
0.000000 0.000000 0.000000 0.000000 0.000000 0.000000 0.000000 166.041381 166.038126 166.035336 166.032547 166.030222 166.027432 166.025572 166.023713 166.022318 166.020923 166.019528 166.018133 166.017203 166.016738 166.016738 166.016738 166.017668 166.019528 166.023248 166.029757 166.039986 0.000000 0.000000 0.000000 0.000000 0.000000 0.000000 
0.000000 0.000000 0.000000 0.000000 0.000000 0.000000 0.000000 0.000000 0.000000 0.000000 166.039056 166.035801 166.033012 166.029757 166.026967 166.024642 166.021853 166.019993 166.018598 166.017203 166.015808 166.014413 166.013484 166.013019 166.013019 166.013484 166.014878 166.018598 166.026502 166.039056 0.000000 0.000000 0.000000 0.000000 
0.000000 0.000000 0.000000 0.000000 0.000000 0.000000 0.000000 0.000000 0.000000 0.000000 0.000000 0.000000 166.040916 166.037661 166.033941 166.030687 166.027432 166.024177 166.021388 166.018598 166.016738 166.014878 166.013484 166.012089 166.010694 166.009764 166.009299 166.009299 166.010694 166.014413 166.023713 0.000000 0.000000 0.000000 
0.000000 0.000000 0.000000 0.000000 0.000000 0.000000 0.000000 0.000000 0.000000 0.000000 0.000000 0.000000 0.000000 0.000000 0.000000 166.040916 166.036731 166.033012 166.028827 166.025572 166.021853 166.018598 166.015808 166.013019 166.011159 166.009764 166.008369 166.006974 166.006044 166.005579 166.006044 166.010229 166.027432 0.000000 
0.000000 0.000000 0.000000 0.000000 0.000000 0.000000 0.000000 0.000000 0.000000 0.000000 0.000000 0.000000 0.000000 0.000000 0.000000 0.000000 0.000000 0.000000 0.000000 166.038126 166.033476 166.028827 166.024642 166.020458 166.016738 166.013484 166.010229 166.007439 166.006044 166.004650 166.003255 166.002325 166.001860 166.009764 
0.000000 0.000000 0.000000 0.000000 0.000000 0.000000 0.000000 0.000000 0.000000 0.000000 0.000000 0.000000 0.000000 0.000000 0.000000 0.000000 0.000000 0.000000 0.000000 0.000000 0.000000 0.000000 166.041381 166.036266 166.031617 166.026967 166.022318 166.017203 166.012554 166.008369 166.004650 166.002325 166.000930 166.000000 
