test/output/constant/M350_S060_A000_WD090.0_WS030.0/M350_S060_A000_WD090.0_WS030.0_arrival.asc
ncols         39
nrows         7
xllcorner     422803.990666
yllcorner     12748455.311160
cellsize      100.000000
NODATA_value  0.000000
0.000000 0.000000 0.000000 0.000000 0.000000 0.000000 0.000000 0.000000 0.000000 0.000000 0.000000 0.000000 0.000000 0.000000 166.041667 166.041667 166.041667 166.041667 166.041667 0.000000 0.000000 0.000000 0.000000 0.000000 0.000000 0.000000 0.000000 0.000000 0.000000 0.000000 0.000000 0.000000 0.000000 0.000000 0.000000 0.000000 0.000000 0.000000 0.000000 
0.000000 0.000000 0.000000 0.000000 166.041257 166.040388 166.039086 166.038217 166.037348 166.036480 166.035177 166.034308 166.033440 166.032571 166.031703 166.031268 166.030400 166.029531 166.028663 166.028228 166.027360 166.026491 166.026057 166.025189 166.025189 166.025189 166.025189 166.025189 166.026057 166.027360 166.028663 166.030400 166.033006 166.039086 0.000000 0.000000 0.000000 0.000000 0.000000 
0.000000 166.040823 166.039954 166.038651 166.037783 166.036480 166.035611 166.034308 166.033440 166.032137 166.031268 166.029966 166.029097 166.028228 166.026926 166.026057 166.024754 166.023886 166.022583 166.021714 166.020846 166.019543 166.018674 166.017371 166.016503 166.015200 166.014331 166.013463 166.012160 166.011291 166.010423 166.009989 166.009120 166.008686 166.008686 166.009120 166.011291 166.017806 0.000000 
166.040823 166.039954 166.038651 166.037783 166.036480 166.035611 166.034308 166.033440 166.032137 166.031268 166.029966 166.029097 166.027794 166.026926 166.025623 166.024754 166.023451 166.022583 166.021280 166.020411 166.019109 166.018240 166.016937 166.016069 166.014766 166.013897 166.012594 166.011726 166.010423 166.009554 166.008251 166.007383 166.006080 166.005211 166.003909 166.003040 166.001737 166.000869 166.000000 
0.000000 166.040823 166.039954 166.038651 166.037783 166.036480 166.035611 166.034308 166.033440 166.032137 166.031268 166.029966 166.029097 166.028228 166.026926 166.026057 166.024754 166.023886 166.022583 166.021714 166.020846 166.019543 166.018674 166.017371 166.016503 166.015200 166.014331 166.013463 166.012160 166.011291 166.010423 166.009989 166.009120 166.008686 166.008686 166.009120 166.011291 166.017806 0.000000 
0.000000 0.000000 0.000000 0.000000 166.041257 166.040388 166.039086 166.038217 166.037348 166.036480 166.035177 166.034308 166.033440 166.032571 166.031703 166.031268 166.030400 166.029531 166.028663 166.028228 166.027360 166.026491 166.026057 166.025189 166.025189 166.025189 166.025189 166.025189 166.026057 166.027360 166.028663 166.030400 166.033006 166.039086 0.000000 0.000000 0.000000 0.000000 0.000000 
0.000000 0.000000 0.000000 0.000000 0.000000 0.000000 0.000000 0.000000 0.000000 0.000000 0.000000 0.000000 0.000000 0.000000 166.041667 166.041667 166.041667 166.041667 166.041667 0.000000 0.000000 0.000000 0.000000 0.000000 0.000000 0.000000 0.000000 0.000000 0.000000 0.000000 0.000000 0.000000 0.000000 0.000000 0.000000 0.000000 0.000000 0.000000 0.000000 
