test/output/constant/M3100_S060_A090_WD225.0_WS045.0/M3100_S060_A090_WD225.0_WS045.0_raz.asc
ncols         41
nrows         16
xllcorner     426503.990666
yllcorner     12747455.311160
cellsize      100.000000
NODATA_value  0.000000
0 0 355 72 83 72 64 83 0 0 0 0 0 0 0 0 0 0 0 0 0 0 0 0 0 0 0 0 0 0 0 0 0 0 0 0 0 0 0 0 0 
355 355 72 72 87 64 83 64 83 92 92 87 92 72 87 92 0 0 0 0 0 0 0 0 0 0 0 0 0 0 0 0 0 0 0 0 0 0 0 0 0 
195 254 105 102 105 105 98 96 87 92 79 92 94 83 87 94 79 92 92 83 87 0 0 0 0 0 0 0 0 0 0 0 0 0 0 0 0 0 0 0 0 
216 216 109 105 105 105 105 105 105 103 99 72 103 105 99 98 96 83 98 87 98 94 83 87 0 0 0 0 0 0 0 0 0 0 0 0 0 0 0 0 0 
0 185 185 113 112 110 105 105 105 105 105 105 105 102 105 83 99 87 98 83 98 105 105 98 98 94 87 98 0 0 0 0 0 0 0 0 0 0 0 0 0 
0 0 263 113 112 113 112 110 105 105 105 105 105 102 105 105 105 105 105 100 104 94 79 100 72 94 105 87 103 105 0 0 0 0 0 0 0 0 0 0 0 
0 0 0 263 175 113 112 112 112 105 105 105 105 105 105 105 105 105 105 100 105 72 105 105 105 79 87 103 99 105 99 98 0 0 0 0 0 0 0 0 0 
0 0 0 0 0 115 115 115 113 113 110 112 108 105 105 105 105 105 105 105 105 105 105 105 105 103 105 100 105 99 105 105 105 79 102 0 0 0 0 0 0 
0 0 0 0 0 0 0 115 112 113 112 112 112 112 109 106 105 105 105 105 105 105 105 105 105 105 104 105 72 83 105 105 105 103 87 83 0 0 0 0 0 
0 0 0 0 0 0 0 0 0 115 112 112 112 113 113 112 105 109 108 108 105 105 105 105 105 105 105 105 105 105 100 105 105 105 105 105 83 92 0 0 0 
0 0 0 0 0 0 0 0 0 0 0 216 112 112 112 109 112 112 112 107 109 105 105 106 105 105 105 105 105 105 105 105 105 105 105 105 105 105 105 0 0 
0 0 0 0 0 0 0 0 0 0 0 0 0 0 113 113 112 112 113 112 112 107 105 105 105 105 105 105 105 105 105 105 105 105 105 105 105 105 105 105 0 
0 0 0 0 0 0 0 0 0 0 0 0 0 0 0 0 0 112 113 113 110 112 108 105 109 105 105 105 105 105 105 105 105 105 105 105 105 105 105 105 105 
0 0 0 0 0 0 0 0 0 0 0 0 0 0 0 0 0 0 0 0 112 112 112 113 108 112 106 109 105 105 107 105 105 105 105 105 105 105 105 105 105 
0 0 0 0 0 0 0 0 0 0 0 0 0 0 0 0 0 0 0 0 0 0 0 0 113 113 108 109 105 105 108 105 110 105 107 108 105 105 105 105 105 
0 0 0 0 0 0 0 0 0 0 0 0 0 0 0 0 0 0 0 0 0 0 0 0 0 0 0 0 0 0 106 108 105 109 105 105 105 105 0 0 0 
