test/output/constant/M3100_S060_A090_WD225.0_WS045.0/M3100_S060_A090_WD225.0_WS045.0_intensity.asc
ncols         41
nrows         16
xllcorner     426503.990666
yllcorner     12747455.311160
cellsize      100.000000
NODATA_value  0.000000
0 0 1954 10030 17867 10030 7069 17867 0 0 0 0 0 0 0 0 0 0 0 0 0 0 0 0 0 0 0 0 0 0 0 0 0 0 0 0 0 0 0 0 0 
1954 1954 10030 10030 22525 7069 17867 7069 17867 32636 32636 22525 32636 10030 22525 32636 0 0 0 0 0 0 0 0 0 0 0 0 0 0 0 0 0 0 0 0 0 0 0 0 0 
2437 0 62630 58468 62630 62630 47491 42786 22525 32636 13661 32636 37783 17867 22525 37783 13661 32636 32636 17867 22525 0 0 0 0 0 0 0 0 0 0 0 0 0 0 0 0 0 0 0 0 
1844 1844 58994 62630 62630 62630 62630 62630 62630 60711 51756 10030 60711 62478 51756 47491 42786 17867 47491 22525 47491 37783 17867 22525 0 0 0 0 0 0 0 0 0 0 0 0 0 0 0 0 0 
0 2917 2917 48410 52567 56131 62630 62630 62630 62630 62630 62630 62630 58468 62630 17867 51756 22525 47491 17867 47491 62630 62630 47491 47491 37783 22525 47491 0 0 0 0 0 0 0 0 0 0 0 0 0 
0 0 1312 48410 52567 48410 52567 56131 62630 62630 62630 62630 62630 58468 62630 62630 62630 62630 62630 55453 62113 37783 13661 55453 10030 37783 62630 22525 60711 62630 0 0 0 0 0 0 0 0 0 0 0 
0 0 0 1312 3544 48410 52567 52567 52567 62630 62630 62630 62630 62630 62630 62630 62630 62630 62630 55453 62630 10030 62630 62630 62630 13661 22525 60711 51756 62630 51756 47491 0 0 0 0 0 0 0 0 0 
0 0 0 0 0 43785 43785 43785 48410 48410 56131 52567 61069 62630 62630 62630 62630 62630 62630 62630 62630 62630 62630 62630 62630 60711 62630 55453 62630 51756 62630 62630 62630 13661 58468 0 0 0 0 0 0 
0 0 0 0 0 0 0 43785 52567 48410 52567 52567 52567 52567 58994 62568 62630 62630 62630 62630 62630 62630 62630 62630 62630 62630 62113 62630 10030 17867 62630 62630 62630 60711 22525 17867 0 0 0 0 0 
0 0 0 0 0 0 0 0 0 43785 52567 52567 52567 48410 48410 52567 62630 58994 61069 61069 62630 62630 62630 62630 62630 62630 62630 62630 62630 62630 55453 62630 62630 62630 62630 62630 17867 32636 0 0 0 
0 0 0 0 0 0 0 0 0 0 0 1844 52567 52567 52567 58994 52567 52567 52567 62293 58994 62630 62630 62568 62630 62630 62630 62630 62630 62630 62630 62630 62630 62630 62630 62630 62630 62630 62630 0 0 
0 0 0 0 0 0 0 0 0 0 0 0 0 0 48410 48410 52567 52567 48410 52567 52567 62293 62630 62630 62630 62630 62630 62630 62630 62630 62630 62630 62630 62630 62630 62630 62630 62630 62630 62630 0 
0 0 0 0 0 0 0 0 0 0 0 0 0 0 0 0 0 52567 48410 48410 56131 52567 61069 62630 58994 62630 62630 62630 62630 62630 62630 62630 62630 62630 62630 62630 62630 62630 62630 62630 62630 
0 0 0 0 0 0 0 0 0 0 0 0 0 0 0 0 0 0 0 0 52567 52567 52567 48410 61069 52567 62568 58994 62630 62630 62293 62630 62630 62630 62630 62630 62630 62630 62630 62630 62630 
0 0 0 0 0 0 0 0 0 0 0 0 0 0 0 0 0 0 0 0 0 0 0 0 48410 48410 61069 58994 62630 62630 61069 62630 56131 62630 62293 61069 62630 62630 62630 62630 62630 
0 0 0 0 0 0 0 0 0 0 0 0 0 0 0 0 0 0 0 0 0 0 0 0 0 0 0 0 0 0 62568 61069 62630 58994 62630 62630 62630 62630 0 0 0 
