test/output/constant/M370_S060_A000_WD090.0_WS010.0/M370_S060_A000_WD090.0_WS010.0_arrival.asc
ncols         48
nrows         9
xllcorner     421903.990666
yllcorner     12748355.311160
cellsize      100.000000
NODATA_value  0.000000
0.000000 0.000000 0.000000 0.000000 0.000000 0.000000 0.000000 0.000000 0.000000 0.000000 0.000000 0.000000 0.000000 0.000000 166.041215 166.040860 166.040149 166.039439 166.039083 166.038373 166.038018 166.038018 166.038018 166.038018 166.038018 166.038018 166.038373 166.038728 166.039083 166.039794 166.040149 166.041215 0.000000 0.000000 0.000000 0.000000 0.000000 0.000000 0.000000 0.000000 0.000000 0.000000 0.000000 0.000000 0.000000 0.000000 0.000000 0.000000 
0.000000 0.000000 0.000000 0.000000 0.000000 0.000000 166.041571 166.040505 166.039794 166.039083 166.038373 166.037662 166.036596 166.035886 166.035175 166.034820 166.034109 166.033399 166.032688 166.032333 166.031622 166.030911 166.030201 166.029846 166.029135 166.028424 166.028069 166.027358 166.027358 166.027358 166.027003 166.027358 166.027358 166.027714 166.028424 166.028780 166.029846 166.031267 166.033399 166.035175 166.038728 0.000000 0.000000 0.000000 0.000000 0.000000 0.000000 0.000000 
0.000000 0.000000 166.041571 166.040860 166.039794 166.039083 166.038373 166.037307 166.036596 166.035886 166.034820 166.034109 166.033399 166.032333 166.031622 166.030911 166.029846 166.029135 166.028424 166.027714 166.026648 166.025937 166.025227 166.024161 166.023450 166.022739 166.022029 166.021318 166.020608 166.019897 166.019542 166.018831 166.018121 166.017765 166.017055 166.016344 166.016344 166.016344 166.016699 166.017055 166.017410 166.018831 166.020608 166.023805 166.028780 166.039083 0.000000 0.000000 
0.000000 166.040860 166.040149 166.039083 166.038373 166.037662 166.036596 166.035886 166.034820 166.034109 166.033043 166.032333 166.031622 166.030556 166.029846 166.028780 166.028069 166.027003 166.026293 166.025227 166.024516 166.023450 166.022739 166.021674 166.020963 166.019897 166.019186 166.018121 166.017410 166.016344 166.015633 166.014567 166.013857 166.012791 166.012080 166.011370 166.010304 166.009593 166.008883 166.008172 166.007461 166.006751 166.006040 166.005685 166.005685 166.006040 166.008883 166.020608 
166.041571 166.040505 166.039794 166.038728 166.038018 166.036952 166.036241 166.035175 166.034465 166.033399 166.032688 166.031622 166.030911 166.029846 166.029135 166.028069 166.027358 166.026293 166.025582 166.024516 166.023805 166.022739 166.022029 166.020963 166.020252 166.019186 166.018476 166.017410 166.016699 166.015633 166.014923 166.013857 166.013146 166.012080 166.011370 166.010304 166.009593 166.008527 166.007817 166.006751 166.006040 166.004974 166.004264 166.003198 166.002487 166.001421 166.000711 166.000000 
0.000000 166.040860 166.040149 166.039083 166.038373 166.037662 166.036596 166.035886 166.034820 166.034109 166.033043 166.032333 166.031622 166.030556 166.029846 166.028780 166.028069 166.027003 166.026293 166.025227 166.024516 166.023450 166.022739 166.021674 166.020963 166.019897 166.019186 166.018121 166.017410 166.016344 166.015633 166.014567 166.013857 166.012791 166.012080 166.011370 166.010304 166.009593 166.008883 166.008172 166.007461 166.006751 166.006040 166.005685 166.005685 166.006040 166.008883 166.020608 
0.000000 0.000000 166.041571 166.040860 166.039794 166.039083 166.038373 166.037307 166.036596 166.035886 166.034820 166.034109 166.033399 166.032333 166.031622 166.030911 166.029846 166.029135 166.028424 166.027714 166.026648 166.025937 166.025227 166.024161 166.023450 166.022739 166.022029 166.021318 166.020608 166.019897 166.019542 166.018831 166.018121 166.017765 166.017055 166.016344 166.016344 166.016344 166.016699 166.017055 166.017410 166.018831 166.020608 166.023805 166.028780 166.039083 0.000000 0.000000 
0.000000 0.000000 0.000000 0.000000 0.000000 0.000000 166.041571 166.040505 166.039794 166.039083 166.038373 166.037662 166.036596 166.035886 166.035175 166.034820 166.034109 166.033399 166.032688 166.032333 166.031622 166.030911 166.030201 166.029846 166.029135 166.028424 166.028069 166.027358 166.027358 166.027358 166.027003 166.027358 166.027358 166.027714 166.028424 166.028780 166.029846 166.031267 166.033399 166.035175 166.038728 0.000000 0.000000 0.000000 0.000000 0.000000 0.000000 0.000000 
0.000000 0.000000 0.000000 0.000000 0.000000 0.000000 0.000000 0.000000 0.000000 0.000000 0.000000 0.000000 0.000000 0.000000 166.041215 166.040860 166.040149 166.039439 166.039083 166.038373 166.038018 166.038018 166.038018 166.038018 166.038018 166.038018 166.038373 166.038728 166.039083 166.039794 166.040149 166.041215 0.000000 0.000000 0.000000 0.000000 0.000000 0.000000 0.000000 0.000000 0.000000 0.000000 0.000000 0.000000 0.000000 0.000000 0.000000 0.000000 
