test/output/constant/M3100_S000_A090_WD090.0_WS035.0/M3100_S000_A090_WD090.0_WS035.0_raz.asc
ncols         52
nrows         11
xllcorner     421603.990666
yllcorner     12748255.311160
cellsize      100.000000
NODATA_value  0.000000
0 0 0 0 0 0 0 0 0 0 0 275 282 274 273 277 272 275 274 278 277 275 280 278 277 280 278 278 278 278 337 278 278 278 321 321 321 280 321 348 0 0 0 0 0 0 0 0 0 0 0 0 
0 0 0 0 0 0 273 271 270 271 272 270 280 272 272 273 275 277 282 275 280 275 282 275 282 277 274 274 274 277 278 278 278 277 337 278 337 278 337 278 278 337 337 360 348 0 0 0 0 0 0 0 
0 0 0 270 275 271 275 271 272 272 274 271 272 271 270 275 270 272 272 274 275 270 282 277 278 271 272 274 278 274 280 277 280 277 275 280 278 348 321 278 278 337 321 337 278 337 21 21 21 0 0 0 
0 270 275 270 274 272 272 270 270 278 270 277 271 273 273 270 272 270 270 273 272 272 271 272 273 273 270 273 272 270 273 273 273 275 277 278 280 274 278 274 273 274 321 321 278 278 360 282 360 21 360 0 
270 270 270 270 270 270 270 270 270 270 270 270 270 270 270 270 270 270 270 270 270 272 273 273 275 277 271 274 272 275 271 272 275 270 275 270 282 273 271 272 270 275 272 270 272 275 277 274 278 278 21 360 
270 270 270 270 270 270 270 270 270 270 270 270 270 270 270 270 270 270 270 270 270 270 270 270 270 270 270 270 270 270 270 270 270 270 270 270 270 270 270 270 270 270 270 270 270 270 270 270 270 270 254 21 
270 270 270 270 270 270 270 270 270 270 270 270 270 270 270 270 270 270 270 270 270 270 270 270 270 270 270 270 270 270 270 270 264 270 270 270 270 270 270 270 270 270 270 270 270 270 270 265 261 261 90 158 
0 270 270 270 270 270 270 270 270 270 270 270 270 270 270 270 270 270 270 270 270 270 270 270 270 270 270 270 270 270 270 270 270 270 270 270 270 265 270 270 266 265 218 218 261 261 180 257 180 158 158 0 
0 0 0 270 270 270 270 270 270 270 270 270 270 270 270 270 270 270 270 270 264 270 270 270 270 270 270 265 270 270 270 262 270 270 270 259 261 191 218 261 261 202 218 202 261 202 90 158 158 0 0 0 
0 0 0 0 0 0 270 270 270 270 270 270 270 270 270 270 264 262 270 270 270 264 270 270 270 262 270 265 270 262 261 261 261 262 202 261 202 261 202 261 261 202 202 180 191 0 0 0 0 0 0 0 
0 0 0 0 0 0 0 0 0 0 0 264 270 270 270 262 270 270 265 270 270 270 259 270 262 259 261 261 261 261 202 261 261 261 218 218 218 259 218 191 0 0 0 0 0 0 0 0 0 0 0 0 
