test/output/constant/M3M440_S060_A270_WD225.0_WS020.0/M3M440_S060_A270_WD225.0_WS020.0_arrival.asc
ncols         9
nrows         27
xllcorner     426603.990666
yllcorner     12748755.311160
cellsize      100.000000
NODATA_value  0.000000
0.000000 0.000000 0.000000 0.000000 0.000000 0.000000 0.000000 166.040470 166.040470 
0.000000 0.000000 0.000000 0.000000 0.000000 0.000000 166.040470 166.039280 166.039280 
0.000000 0.000000 0.000000 0.000000 0.000000 0.000000 166.038090 166.037495 166.038090 
0.000000 0.000000 0.000000 0.000000 0.000000 166.039280 166.036304 166.035709 166.038090 
0.000000 0.000000 0.000000 0.000000 0.000000 166.036304 166.034519 166.034519 166.037495 
0.000000 0.000000 0.000000 0.000000 166.038685 166.033924 166.032733 166.033329 166.037495 
0.000000 0.000000 0.000000 0.000000 166.035709 166.031543 166.030948 166.032733 166.037495 
0.000000 0.000000 0.000000 166.040470 166.032138 166.029758 166.029758 166.032733 166.038685 
0.000000 0.000000 0.000000 166.036304 166.029163 166.027972 166.027972 166.032733 166.040470 
0.000000 0.000000 0.000000 166.032138 166.026782 166.026187 166.027972 166.032733 0.000000 
0.000000 0.000000 166.038685 166.028567 166.024996 166.024996 166.027377 166.034519 0.000000 
0.000000 0.000000 166.034519 166.025592 166.023211 166.023211 166.027377 166.036304 0.000000 
0.000000 0.000000 166.030353 166.022616 166.021426 166.022616 166.027972 166.039280 0.000000 
0.000000 166.039875 166.026187 166.020235 166.020235 166.022616 166.029758 0.000000 0.000000 
0.000000 166.034519 166.022021 166.018450 166.018450 166.022616 166.032733 0.000000 0.000000 
0.000000 166.029163 166.019045 166.016664 166.017855 166.023806 166.036899 0.000000 0.000000 
0.000000 166.024401 166.016069 166.015474 166.017855 166.025592 0.000000 0.000000 0.000000 
166.038685 166.019640 166.013689 166.013689 166.017855 166.029758 0.000000 0.000000 0.000000 
166.032733 166.015474 166.011903 166.012498 166.019640 166.036899 0.000000 0.000000 0.000000 
166.026782 166.011903 166.010713 166.012498 166.022616 0.000000 0.000000 0.000000 0.000000 
166.020830 166.008927 166.008927 166.013093 166.029758 0.000000 0.000000 0.000000 0.000000 
166.015474 166.007142 166.007737 166.015474 166.041661 0.000000 0.000000 0.000000 0.000000 
166.010118 166.005952 166.007737 166.022616 0.000000 0.000000 0.000000 0.000000 0.000000 
166.005356 166.004166 166.008927 166.037495 0.000000 0.000000 0.000000 0.000000 0.000000 
166.002381 166.002976 166.016664 0.000000 0.000000 0.000000 0.000000 0.000000 0.000000 
166.001190 166.002976 166.041066 0.000000 0.000000 0.000000 0.000000 0.000000 0.000000 
166.000000 166.016664 0.000000 0.000000 0.000000 0.000000 0.000000 0.000000 0.000000 
