test/output/constant/M360_S060_A180_WD135.0_WS010.0/M360_S060_A180_WD135.0_WS010.0_arrival.asc
ncols         27
nrows         9
xllcorner     426503.990666
yllcorner     12748655.311160
cellsize      100.000000
NODATA_value  0.000000
0.000000 0.000000 0.000000 0.000000 0.000000 0.000000 0.000000 0.000000 0.000000 0.000000 0.000000 0.000000 0.000000 0.000000 166.039743 166.038481 166.037219 166.037219 166.036588 166.036588 166.036588 166.036588 166.037219 166.037850 166.039112 166.039743 166.041635 
0.000000 0.000000 0.000000 0.000000 0.000000 0.000000 0.000000 0.000000 0.000000 0.000000 166.039743 166.036588 166.033434 166.032173 166.031542 166.031542 166.030911 166.030911 166.030911 166.031542 166.032803 166.033434 166.034696 166.035958 166.037219 166.039112 166.040373 
0.000000 0.000000 0.000000 0.000000 0.000000 0.000000 0.000000 166.039743 166.034065 166.030280 166.027757 166.026495 166.025864 166.025233 166.025233 166.025864 166.025864 166.027126 166.027757 166.029018 166.030911 166.032173 166.034065 166.035327 166.037219 166.039112 166.040373 
0.000000 0.000000 0.000000 0.000000 0.000000 166.035327 166.028388 166.023972 166.021448 166.020187 166.020187 166.019556 166.020187 166.020818 166.021448 166.022710 166.023972 166.025864 166.027126 166.029018 166.030911 166.032173 166.034065 166.035958 166.037850 166.039743 166.041635 
0.000000 0.000000 0.000000 166.032803 166.023341 166.017663 166.015140 166.014509 166.014509 166.014509 166.015140 166.016402 166.017663 166.018925 166.020818 166.022710 166.023972 166.025864 166.027757 166.029649 166.031542 166.033434 166.035958 166.037850 166.040373 0.000000 0.000000 
0.000000 166.038481 166.020187 166.011355 166.008832 166.008832 166.008832 166.009463 166.010724 166.012617 166.014509 166.015771 166.017663 166.018925 166.020818 166.023341 166.025233 166.027757 166.029649 166.032173 166.034696 166.037219 166.039743 166.041667 0.000000 0.000000 0.000000 
166.039743 166.007570 166.003154 166.003154 166.004416 166.006308 166.007570 166.009463 166.010724 166.012617 166.015140 166.017033 166.019556 166.022079 166.024603 166.027126 166.029649 166.032173 166.034696 166.037219 166.039743 0.000000 0.000000 0.000000 0.000000 0.000000 0.000000 
166.029649 166.000000 166.001262 166.002523 166.004416 166.006939 166.009463 166.011986 166.014509 166.017033 166.020187 166.022710 166.025233 166.027757 166.030911 166.033434 166.036588 166.039112 166.041635 0.000000 0.000000 0.000000 0.000000 0.000000 0.000000 0.000000 0.000000 
0.000000 166.019556 166.015771 166.016402 166.017663 166.019556 166.021448 166.023972 166.027126 166.029649 166.032173 166.034696 166.037850 166.040373 0.000000 0.000000 0.000000 0.000000 0.000000 0.000000 0.000000 0.000000 0.000000 0.000000 0.000000 0.000000 0.000000 
