test/output/constant/M350_S000_A090_WD090.0_WS050.0/M350_S000_A090_WD090.0_WS050.0_arrival.asc
ncols         38
nrows         7
xllcorner     422903.990666
yllcorner     12748455.311160
cellsize      100.000000
NODATA_value  0.000000
0.000000 0.000000 0.000000 0.000000 0.000000 0.000000 0.000000 0.000000 0.000000 0.000000 166.040981 166.040526 166.039615 166.038704 166.038249 166.037338 166.036883 166.036428 166.035972 166.035972 166.036428 166.036428 166.036883 166.037338 166.037794 166.039160 166.040526 0.000000 0.000000 0.000000 0.000000 0.000000 0.000000 0.000000 0.000000 0.000000 0.000000 0.000000 
0.000000 0.000000 0.000000 166.041667 166.040526 166.039615 166.038704 166.037794 166.036428 166.035517 166.034606 166.033696 166.032330 166.031419 166.030508 166.029597 166.028687 166.027776 166.026865 166.025955 166.025499 166.024589 166.023678 166.023223 166.022312 166.021857 166.021857 166.021857 166.022312 166.022767 166.023678 166.025499 166.027776 166.032330 166.039160 0.000000 0.000000 0.000000 
0.000000 166.041436 166.040526 166.039160 166.038249 166.036883 166.035972 166.034606 166.033696 166.032330 166.031419 166.030053 166.029142 166.027776 166.026865 166.025499 166.024589 166.023223 166.022312 166.020946 166.020035 166.018669 166.017758 166.016848 166.015482 166.014571 166.013660 166.012294 166.011384 166.010473 166.009562 166.008652 166.007741 166.007286 166.007741 166.008652 166.011839 166.026865 
166.041667 166.040526 166.039615 166.038249 166.037338 166.035972 166.035062 166.033696 166.032785 166.031419 166.030508 166.029142 166.028231 166.026865 166.025955 166.024589 166.023678 166.022312 166.021401 166.020035 166.019125 166.017758 166.016848 166.015482 166.014571 166.013205 166.012294 166.010928 166.010018 166.008652 166.007741 166.006375 166.005464 166.004098 166.003187 166.001821 166.000911 166.000000 
0.000000 166.041436 166.040526 166.039160 166.038249 166.036883 166.035972 166.034606 166.033696 166.032330 166.031419 166.030053 166.029142 166.027776 166.026865 166.025499 166.024589 166.023223 166.022312 166.020946 166.020035 166.018669 166.017758 166.016848 166.015482 166.014571 166.013660 166.012294 166.011384 166.010473 166.009562 166.008652 166.007741 166.007286 166.007741 166.008652 166.011839 166.026865 
0.000000 0.000000 0.000000 166.041667 166.040526 166.039615 166.038704 166.037794 166.036428 166.035517 166.034606 166.033696 166.032330 166.031419 166.030508 166.029597 166.028687 166.027776 166.026865 166.025955 166.025499 166.024589 166.023678 166.023223 166.022312 166.021857 166.021857 166.021857 166.022312 166.022767 166.023678 166.025499 166.027776 166.032330 166.039160 0.000000 0.000000 0.000000 
0.000000 0.000000 0.000000 0.000000 0.000000 0.000000 0.000000 0.000000 0.000000 0.000000 166.040981 166.040526 166.039615 166.038704 166.038249 166.037338 166.036883 166.036428 166.035972 166.035972 166.036428 166.036428 166.036883 166.037338 166.037794 166.039160 166.040526 0.000000 0.000000 0.000000 0.000000 0.000000 0.000000 0.000000 0.000000 0.000000 0.000000 0.000000 
