test/output/constant/M3M485_S000_A000_WD180.0_WS040.0/M3M485_S000_A000_WD180.0_WS040.0_arrival.asc
ncols         11
nrows         48
xllcorner     426103.990666
yllcorner     12748755.311160
cellsize      100.000000
NODATA_value  0.000000
0.000000 0.000000 0.000000 0.000000 166.041314 166.041314 166.041314 0.000000 0.000000 0.000000 0.000000 
0.000000 0.000000 0.000000 0.000000 166.040607 166.040254 166.040607 0.000000 0.000000 0.000000 0.000000 
0.000000 0.000000 0.000000 166.040960 166.039548 166.039548 166.039548 166.040960 0.000000 0.000000 0.000000 
0.000000 0.000000 0.000000 166.040254 166.038842 166.038489 166.038842 166.040254 0.000000 0.000000 0.000000 
0.000000 0.000000 166.041667 166.039195 166.037782 166.037782 166.037782 166.039195 166.041667 0.000000 0.000000 
0.000000 0.000000 166.040607 166.038489 166.037076 166.036723 166.037076 166.038489 166.040607 0.000000 0.000000 
0.000000 0.000000 166.039901 166.037429 166.036017 166.036017 166.036017 166.037429 166.039901 0.000000 0.000000 
0.000000 0.000000 166.039195 166.036723 166.035311 166.034958 166.035311 166.036723 166.039195 0.000000 0.000000 
0.000000 166.041667 166.038136 166.036017 166.034251 166.034251 166.034251 166.036017 166.038136 166.041667 0.000000 
0.000000 166.040960 166.037429 166.034958 166.033545 166.033192 166.033545 166.034958 166.037429 166.040960 0.000000 
0.000000 166.040607 166.036723 166.034251 166.032486 166.032486 166.032486 166.034251 166.036723 166.040607 0.000000 
0.000000 166.039901 166.036017 166.033192 166.031780 166.031427 166.031780 166.033192 166.036017 166.039901 0.000000 
0.000000 166.039195 166.035311 166.032486 166.030720 166.030720 166.030720 166.032486 166.035311 166.039195 0.000000 
0.000000 166.038489 166.034251 166.031780 166.030014 166.029661 166.030014 166.031780 166.034251 166.038489 0.000000 
0.000000 166.038136 166.033545 166.030720 166.029308 166.028955 166.029308 166.030720 166.033545 166.038136 0.000000 
0.000000 166.037429 166.032839 166.030014 166.028249 166.027895 166.028249 166.030014 166.032839 166.037429 0.000000 
0.000000 166.036723 166.032133 166.028955 166.027542 166.027189 166.027542 166.028955 166.032133 166.036723 0.000000 
166.041667 166.036017 166.031427 166.028249 166.026483 166.026130 166.026483 166.028249 166.031427 166.036017 166.041667 
166.041667 166.035311 166.030720 166.027542 166.025777 166.025424 166.025777 166.027542 166.030720 166.035311 166.041667 
166.041667 166.034958 166.030014 166.026483 166.024717 166.024364 166.024717 166.026483 166.030014 166.034958 166.041667 
166.041314 166.034251 166.029308 166.025777 166.024011 166.023658 166.024011 166.025777 166.029308 166.034251 166.041314 
166.041314 166.033898 166.028602 166.025071 166.022952 166.022599 166.022952 166.025071 166.028602 166.033898 166.041314 
166.041314 166.033192 166.027895 166.024011 166.022246 166.021893 166.022246 166.024011 166.027895 166.033192 166.041314 
166.041667 166.032839 166.027542 166.023305 166.021186 166.020833 166.021186 166.023305 166.027542 166.032839 166.041667 
166.041667 166.032486 166.026836 166.022599 166.020480 166.020127 166.020480 166.022599 166.026836 166.032486 166.041667 
0.000000 166.032486 166.026130 166.021893 166.019774 166.019068 166.019774 166.021893 166.026130 166.032486 0.000000 
0.000000 166.032133 166.025424 166.020833 166.018715 166.018362 166.018715 166.020833 166.025424 166.032133 0.000000 
0.000000 166.032133 166.025071 166.020127 166.018008 166.017302 166.018008 166.020127 166.025071 166.032133 0.000000 
0.000000 166.032486 166.024364 166.019421 166.016949 166.016596 166.016949 166.019421 166.024364 166.032486 0.000000 
0.000000 166.032486 166.023658 166.018715 166.016243 166.015537 166.016243 166.018715 166.023658 166.032486 0.000000 
0.000000 166.032839 166.023305 166.018008 166.015537 166.014830 166.015537 166.018008 166.023305 166.032839 0.000000 
0.000000 166.033192 166.023305 166.017302 166.014477 166.013771 166.014477 166.017302 166.023305 166.033192 0.000000 
0.000000 166.033545 166.022952 166.016949 166.013771 166.013065 166.013771 166.016949 166.022952 166.033545 0.000000 
0.000000 166.034251 166.022952 166.016243 166.012712 166.012006 166.012712 166.016243 166.022952 166.034251 0.000000 
0.000000 166.034958 166.023305 166.015537 166.012006 166.011299 166.012006 166.015537 166.023305 166.034958 0.000000 
0.000000 166.036017 166.023658 166.014830 166.010946 166.010240 166.010946 166.014830 166.023658 166.036017 0.000000 
0.000000 166.037429 166.024011 166.014477 166.010240 166.009534 166.010240 166.014477 166.024011 166.037429 0.000000 
0.000000 166.038842 166.024364 166.014124 166.009181 166.008475 166.009181 166.014124 166.024364 166.038842 0.000000 
0.000000 0.000000 166.025424 166.014124 166.008475 166.007768 166.008475 166.014124 166.025424 0.000000 0.000000 
0.000000 0.000000 166.026483 166.014124 166.007768 166.006709 166.007768 166.014124 166.026483 0.000000 0.000000 
0.000000 0.000000 166.028249 166.014124 166.007062 166.006003 166.007062 166.014124 166.028249 0.000000 0.000000 
0.000000 0.000000 166.031073 166.014477 166.006356 166.004943 166.006356 166.014477 166.031073 0.000000 0.000000 
0.000000 0.000000 166.034604 166.015537 166.005650 166.004237 166.005650 166.015537 166.034604 0.000000 0.000000 
0.000000 0.000000 166.039548 166.017302 166.004943 166.003178 166.004943 166.017302 166.039548 0.000000 0.000000 
0.000000 0.000000 0.000000 166.020127 166.004943 166.002472 166.004943 166.020127 0.000000 0.000000 0.000000 
0.000000 0.000000 0.000000 166.026130 166.004943 166.001412 166.004943 166.026130 0.000000 0.000000 0.000000 
0.000000 0.000000 0.000000 166.034958 166.006356 166.000706 166.006356 166.034958 0.000000 0.000000 0.000000 
0.000000 0.000000 0.000000 0.000000 166.013065 166.000000 166.013065 0.000000 0.000000 0.000000 0.000000 
