test/output/constant/M485_S060_A000_WD090.0_WS005.0/M485_S060_A000_WD090.0_WS005.0_arrival.asc
ncols         29
nrows         7
xllcorner     423803.990666
yllcorner     12748455.311160
cellsize      100.000000
NODATA_value  0.000000
0.000000 0.000000 0.000000 0.000000 0.000000 0.000000 0.000000 166.041037 166.039848 166.039253 166.038063 166.037469 166.036279 166.035684 166.035684 166.035684 166.036279 166.036279 166.036874 166.038063 166.039848 166.041632 0.000000 0.000000 0.000000 0.000000 0.000000 0.000000 0.000000 
0.000000 0.000000 166.041632 166.040442 166.038658 166.037469 166.036279 166.034495 166.033306 166.032116 166.030927 166.029142 166.028548 166.027358 166.026169 166.024979 166.023790 166.023195 166.022005 166.021411 166.021411 166.022005 166.022600 166.023195 166.025574 166.029737 166.040442 0.000000 0.000000 
166.041632 166.040442 166.038658 166.037469 166.035684 166.034495 166.032711 166.031521 166.029737 166.028548 166.027358 166.025574 166.024384 166.022600 166.021411 166.020221 166.018437 166.017247 166.015463 166.014274 166.012490 166.011300 166.010111 166.008921 166.007732 166.007732 166.007732 166.009516 166.022005 
166.041037 166.039848 166.038063 166.036874 166.035090 166.033900 166.032116 166.030927 166.029142 166.027953 166.026169 166.024979 166.023195 166.022005 166.020221 166.019032 166.017247 166.016058 166.014274 166.013084 166.011300 166.010111 166.008326 166.007137 166.005353 166.004163 166.002379 166.001189 166.000000 
166.041632 166.040442 166.038658 166.037469 166.035684 166.034495 166.032711 166.031521 166.029737 166.028548 166.027358 166.025574 166.024384 166.022600 166.021411 166.020221 166.018437 166.017247 166.015463 166.014274 166.012490 166.011300 166.010111 166.008921 166.007732 166.007732 166.007732 166.009516 166.022005 
0.000000 0.000000 166.041632 166.040442 166.038658 166.037469 166.036279 166.034495 166.033306 166.032116 166.030927 166.029142 166.028548 166.027358 166.026169 166.024979 166.023790 166.023195 166.022005 166.021411 166.021411 166.022005 166.022600 166.023195 166.025574 166.029737 166.040442 0.000000 0.000000 
0.000000 0.000000 0.000000 0.000000 0.000000 0.000000 0.000000 166.041037 166.039848 166.039253 166.038063 166.037469 166.036279 166.035684 166.035684 166.035684 166.036279 166.036279 166.036874 166.038063 166.039848 166.041632 0.000000 0.000000 0.000000 0.000000 0.000000 0.000000 0.000000 
