test/output/constant/M3M475_S060_A270_WD225.0_WS010.0/M3M475_S060_A270_WD225.0_WS010.0_arrival.asc
ncols         11
nrows         46
xllcorner     426503.990666
yllcorner     12748755.311160
cellsize      100.000000
NODATA_value  0.000000
0.000000 0.000000 0.000000 0.000000 0.000000 0.000000 0.000000 166.041439 166.041439 166.041667 0.000000 
0.000000 0.000000 0.000000 0.000000 0.000000 0.000000 166.041667 166.040712 166.040349 166.041076 0.000000 
0.000000 0.000000 0.000000 0.000000 0.000000 0.000000 166.040712 166.039622 166.039622 166.040349 0.000000 
0.000000 0.000000 0.000000 0.000000 0.000000 166.041439 166.039258 166.038531 166.038531 166.039622 0.000000 
0.000000 0.000000 0.000000 0.000000 0.000000 166.040349 166.038168 166.037804 166.037804 166.038895 166.041439 
0.000000 0.000000 0.000000 0.000000 0.000000 166.038895 166.037077 166.036714 166.037077 166.038531 166.041076 
0.000000 0.000000 0.000000 0.000000 166.040712 166.037804 166.035987 166.035987 166.035987 166.037804 166.040712 
0.000000 0.000000 0.000000 0.000000 166.039258 166.036350 166.034896 166.034896 166.035260 166.037441 166.040349 
0.000000 0.000000 0.000000 0.000000 166.038168 166.035260 166.034169 166.034169 166.034896 166.037077 166.040349 
0.000000 0.000000 0.000000 166.040349 166.036714 166.033806 166.033079 166.033079 166.034169 166.036350 166.040349 
0.000000 0.000000 0.000000 166.038895 166.035260 166.033079 166.031988 166.032352 166.033442 166.035987 166.040349 
0.000000 0.000000 0.000000 166.037441 166.033806 166.031625 166.031261 166.031261 166.033079 166.035987 166.040349 
0.000000 0.000000 166.041667 166.035987 166.032715 166.030534 166.030171 166.030534 166.032352 166.035623 166.040712 
0.000000 0.000000 166.039985 166.034533 166.031261 166.029444 166.029444 166.029807 166.031988 166.035623 166.041076 
0.000000 0.000000 166.038531 166.033442 166.030171 166.028353 166.028353 166.029080 166.031625 166.035623 166.041439 
0.000000 0.000000 166.037077 166.031988 166.028717 166.027626 166.027626 166.028717 166.031261 166.035623 166.041667 
0.000000 0.000000 166.035260 166.030534 166.027626 166.026536 166.026536 166.027990 166.030898 166.035987 0.000000 
0.000000 166.040349 166.033806 166.029080 166.026172 166.025809 166.025809 166.027626 166.030898 166.036350 0.000000 
0.000000 166.038531 166.032352 166.027990 166.025082 166.024718 166.024718 166.026899 166.030898 166.036714 0.000000 
0.000000 166.037077 166.030898 166.026536 166.023991 166.023991 166.024355 166.026536 166.030898 166.037077 0.000000 
0.000000 166.035623 166.029080 166.025082 166.022901 166.022901 166.023628 166.026172 166.031261 166.037441 0.000000 
0.000000 166.033806 166.027626 166.023628 166.021810 166.021810 166.023264 166.026172 166.031625 166.038168 0.000000 
0.000000 166.032352 166.026172 166.022537 166.021083 166.021083 166.022537 166.026172 166.031988 166.039622 0.000000 
0.000000 166.030898 166.024718 166.021083 166.019993 166.019993 166.022174 166.026172 166.032352 166.041076 0.000000 
166.041076 166.029080 166.022901 166.019993 166.019266 166.019266 166.021810 166.026536 166.033079 0.000000 0.000000 
166.039622 166.027626 166.021810 166.018539 166.018175 166.018539 166.021447 166.026899 166.034169 0.000000 0.000000 
166.037804 166.026172 166.020356 166.017448 166.017448 166.018175 166.021447 166.027263 166.035623 0.000000 0.000000 
166.036350 166.024355 166.018902 166.016358 166.016358 166.017448 166.021447 166.027626 166.037804 0.000000 0.000000 
166.034896 166.022901 166.017448 166.015631 166.015631 166.017085 166.021810 166.028717 166.039985 0.000000 0.000000 
166.033079 166.021447 166.016358 166.014540 166.014540 166.016721 166.022174 166.030171 0.000000 0.000000 0.000000 
166.031625 166.019629 166.014904 166.013450 166.013813 166.016721 166.022537 166.032352 0.000000 0.000000 0.000000 
166.030171 166.018175 166.013450 166.012723 166.013086 166.016721 166.023264 166.034896 0.000000 0.000000 0.000000 
166.028353 166.016721 166.012359 166.011632 166.012723 166.017085 166.024718 166.038531 0.000000 0.000000 0.000000 
166.026899 166.014904 166.011269 166.010905 166.011996 166.017448 166.026899 0.000000 0.000000 0.000000 0.000000 
166.025082 166.013450 166.009815 166.009815 166.011996 166.017812 166.029807 0.000000 0.000000 0.000000 0.000000 
166.023628 166.011996 166.009088 166.009088 166.011996 166.019266 166.033442 0.000000 0.000000 0.000000 0.000000 
166.022174 166.010178 166.007997 166.008361 166.012359 166.021447 166.038531 0.000000 0.000000 0.000000 0.000000 
166.020720 166.008724 166.007270 166.007634 166.012723 166.024718 0.000000 0.000000 0.000000 0.000000 0.000000 
166.018902 166.007270 166.006180 166.007270 166.013813 166.029444 0.000000 0.000000 0.000000 0.000000 0.000000 
166.017812 166.005816 166.005453 166.007270 166.016358 166.035987 0.000000 0.000000 0.000000 0.000000 0.000000 
166.016721 166.004726 166.004362 166.007634 166.020720 0.000000 0.000000 0.000000 0.000000 0.000000 0.000000 
166.015994 166.003272 166.003272 166.008361 166.027263 0.000000 0.000000 0.000000 0.000000 0.000000 0.000000 
166.015631 166.002545 166.002545 166.011632 166.037441 0.000000 0.000000 0.000000 0.000000 0.000000 0.000000 
166.015994 166.001454 166.002545 166.018175 0.000000 0.000000 0.000000 0.000000 0.000000 0.000000 0.000000 
166.017812 166.000727 166.002908 166.034533 0.000000 0.000000 0.000000 0.000000 0.000000 0.000000 0.000000 
166.027626 166.000000 166.013086 0.000000 0.000000 0.000000 0.000000 0.000000 0.000000 0.000000 0.000000 
