test/output/constant/M4100_S060_A090_WD000.0_WS050.0/M4100_S060_A090_WD000.0_WS050.0_arrival.asc
ncols         7
nrows         51
xllcorner     426303.990666
yllcorner     12743755.311160
cellsize      100.000000
NODATA_value  0.000000
0.000000 0.000000 0.000000 166.000000 0.000000 0.000000 0.000000 
0.000000 0.000000 166.019785 166.000671 166.019785 0.000000 0.000000 
0.000000 0.000000 166.010731 166.001341 166.010731 0.000000 0.000000 
0.000000 0.000000 166.008719 166.002347 166.008719 0.000000 0.000000 
0.000000 0.000000 166.007713 166.003018 166.007713 0.000000 0.000000 
0.000000 166.038899 166.007377 166.004024 166.007377 166.038899 0.000000 
0.000000 166.032863 166.007377 166.004695 166.007377 166.032863 0.000000 
0.000000 166.029510 166.008048 166.005701 166.008048 166.029510 0.000000 
0.000000 166.027498 166.008719 166.006371 166.008719 166.027498 0.000000 
0.000000 166.025486 166.009390 166.007377 166.009390 166.025486 0.000000 
0.000000 166.024144 166.010060 166.008048 166.010060 166.024144 0.000000 
0.000000 166.023138 166.010731 166.009054 166.010731 166.023138 0.000000 
0.000000 166.022468 166.011402 166.009725 166.011402 166.022468 0.000000 
0.000000 166.022132 166.012072 166.010731 166.012072 166.022132 0.000000 
0.000000 166.021797 166.013078 166.011402 166.013078 166.021797 0.000000 
0.000000 166.021797 166.013749 166.012408 166.013749 166.021797 0.000000 
166.040911 166.021797 166.014755 166.013078 166.014755 166.021797 166.040911 
166.039570 166.022132 166.015426 166.014084 166.015426 166.022132 166.039570 
166.038899 166.022468 166.016096 166.014755 166.016096 166.022468 166.038899 
166.038229 166.023138 166.017102 166.015761 166.017102 166.023138 166.038229 
166.037558 166.023809 166.017773 166.016432 166.017773 166.023809 166.037558 
166.037223 166.024144 166.018779 166.017438 166.018779 166.024144 166.037223 
166.036887 166.024815 166.019450 166.018108 166.019450 166.024815 166.036887 
166.036552 166.025486 166.020456 166.019114 166.020456 166.025486 166.036552 
166.036552 166.025821 166.021126 166.019785 166.021126 166.025821 166.036552 
166.036217 166.026492 166.021797 166.020791 166.021797 166.026492 166.036217 
166.036217 166.027163 166.022803 166.021462 166.022803 166.027163 166.036217 
166.036217 166.027833 166.023474 166.022468 166.023474 166.027833 166.036217 
166.036552 166.028504 166.024480 166.023138 166.024480 166.028504 166.036552 
166.037223 166.029175 166.025151 166.024144 166.025151 166.029175 166.037223 
166.037558 166.029845 166.026157 166.024815 166.026157 166.029845 166.037558 
166.038229 166.030516 166.026827 166.025821 166.026827 166.030516 166.038229 
166.038899 166.031187 166.027498 166.026492 166.027498 166.031187 166.038899 
166.039235 166.031857 166.028504 166.027498 166.028504 166.031857 166.039235 
166.039905 166.032863 166.029175 166.028169 166.029175 166.032863 166.039905 
166.040576 166.033534 166.030181 166.029175 166.030181 166.033534 166.040576 
166.040911 166.034205 166.030851 166.029845 166.030851 166.034205 166.040911 
166.041582 166.035211 166.031857 166.030851 166.031857 166.035211 166.041582 
0.000000 166.035881 166.032528 166.031522 166.032528 166.035881 0.000000 
0.000000 166.036552 166.033534 166.032528 166.033534 166.036552 0.000000 
0.000000 166.037223 166.034205 166.033199 166.034205 166.037223 0.000000 
0.000000 166.038229 166.035211 166.034205 166.035211 166.038229 0.000000 
0.000000 166.038899 166.035881 166.034875 166.035881 166.038899 0.000000 
0.000000 166.039570 166.036887 166.035881 166.036887 166.039570 0.000000 
0.000000 166.040576 166.037558 166.036552 166.037558 166.040576 0.000000 
0.000000 166.041247 166.038229 166.037558 166.038229 166.041247 0.000000 
0.000000 0.000000 166.039235 166.038229 166.039235 0.000000 0.000000 
0.000000 0.000000 166.039905 166.039235 166.039905 0.000000 0.000000 
0.000000 0.000000 166.040911 166.039905 166.040911 0.000000 0.000000 
0.000000 0.000000 166.041582 166.040911 166.041582 0.000000 0.000000 
0.000000 0.000000 0.000000 166.041582 0.000000 0.000000 0.000000 
