test/output/constant/M395_S060_A090_WD000.0_WS020.0/M395_S060_A090_WD000.0_WS020.0_arrival.asc
ncols         9
nrows         65
xllcorner     426203.990666
yllcorner     12742355.311160
cellsize      100.000000
NODATA_value  0.000000
0.000000 0.000000 0.000000 166.026694 166.000000 166.026694 0.000000 0.000000 0.000000 
0.000000 0.000000 0.000000 166.009683 166.000523 166.009683 0.000000 0.000000 0.000000 
0.000000 0.000000 0.000000 166.006281 166.001047 166.006281 0.000000 0.000000 0.000000 
0.000000 0.000000 166.032190 166.005234 166.001832 166.005234 166.032190 0.000000 0.000000 
0.000000 0.000000 166.025124 166.004972 166.002355 166.004972 166.025124 0.000000 0.000000 
0.000000 0.000000 166.021198 166.004972 166.003141 166.004972 166.021198 0.000000 0.000000 
0.000000 0.000000 166.018581 166.005234 166.003664 166.005234 166.018581 0.000000 0.000000 
0.000000 166.040565 166.017011 166.005758 166.004449 166.005758 166.017011 166.040565 0.000000 
0.000000 166.036639 166.015964 166.006281 166.004972 166.006281 166.015964 166.036639 0.000000 
0.000000 166.033499 166.015441 166.006804 166.005758 166.006804 166.015441 166.033499 0.000000 
0.000000 166.031405 166.014917 166.007328 166.006281 166.007328 166.014917 166.031405 0.000000 
0.000000 166.029573 166.014656 166.007851 166.007066 166.007851 166.014656 166.029573 0.000000 
0.000000 166.028003 166.014394 166.008636 166.007590 166.008636 166.014394 166.028003 0.000000 
0.000000 166.026956 166.014394 166.009160 166.008375 166.009160 166.014394 166.026956 0.000000 
0.000000 166.026171 166.014394 166.009945 166.008898 166.009945 166.014394 166.026171 0.000000 
0.000000 166.025648 166.014656 166.010468 166.009683 166.010468 166.014656 166.025648 0.000000 
166.040565 166.024862 166.015179 166.011254 166.010207 166.011254 166.015179 166.024862 166.040565 
166.038733 166.024601 166.015703 166.011777 166.010992 166.011777 166.015703 166.024601 166.038733 
166.037948 166.024339 166.015964 166.012300 166.011515 166.012300 166.015964 166.024339 166.037948 
166.036901 166.024077 166.016488 166.013085 166.012300 166.013085 166.016488 166.024077 166.036901 
166.036378 166.024077 166.017011 166.013609 166.012824 166.013609 166.017011 166.024077 166.036378 
166.035592 166.023816 166.017535 166.014394 166.013609 166.014394 166.017535 166.023816 166.035592 
166.035069 166.023816 166.017796 166.014917 166.014132 166.014917 166.017796 166.023816 166.035069 
166.034546 166.023816 166.018320 166.015441 166.014917 166.015441 166.018320 166.023816 166.034546 
166.034284 166.024339 166.018843 166.016226 166.015441 166.016226 166.018843 166.024339 166.034284 
166.034022 166.024601 166.019367 166.016749 166.016226 166.016749 166.019367 166.024601 166.034022 
166.033761 166.025124 166.019890 166.017535 166.016749 166.017535 166.019890 166.025124 166.033761 
166.033761 166.025386 166.020413 166.018058 166.017535 166.018058 166.020413 166.025386 166.033761 
166.033499 166.025909 166.020937 166.018843 166.018058 166.018843 166.020937 166.025909 166.033499 
166.033499 166.026433 166.021722 166.019367 166.018843 166.019367 166.021722 166.026433 166.033499 
166.033499 166.026694 166.022245 166.020152 166.019367 166.020152 166.022245 166.026694 166.033499 
166.033499 166.027218 166.022769 166.020675 166.020152 166.020675 166.022769 166.027218 166.033499 
166.033499 166.027741 166.023554 166.021460 166.020675 166.021460 166.023554 166.027741 166.033499 
166.033761 166.028265 166.024077 166.021984 166.021460 166.021984 166.024077 166.028265 166.033761 
166.034022 166.028526 166.024601 166.022769 166.021984 166.022769 166.024601 166.028526 166.034022 
166.034546 166.029050 166.025386 166.023292 166.022769 166.023292 166.025386 166.029050 166.034546 
166.034807 166.029573 166.025909 166.024077 166.023292 166.024077 166.025909 166.029573 166.034807 
166.035331 166.030097 166.026433 166.024601 166.024077 166.024601 166.026433 166.030097 166.035331 
166.035854 166.030358 166.026956 166.025386 166.024601 166.025386 166.026956 166.030358 166.035854 
166.036116 166.030882 166.027741 166.025909 166.025386 166.025909 166.027741 166.030882 166.036116 
166.036639 166.031405 166.028265 166.026694 166.025909 166.026694 166.028265 166.031405 166.036639 
166.037163 166.031929 166.029050 166.027218 166.026694 166.027218 166.029050 166.031929 166.037163 
166.037424 166.032452 166.029573 166.027741 166.027218 166.027741 166.029573 166.032452 166.037424 
166.037948 166.032975 166.030097 166.028526 166.028003 166.028526 166.030097 166.032975 166.037948 
166.038471 166.033761 166.030882 166.029050 166.028526 166.029050 166.030882 166.033761 166.038471 
166.038995 166.034284 166.031405 166.029835 166.029311 166.029835 166.031405 166.034284 166.038995 
166.039256 166.034807 166.032190 166.030358 166.029835 166.030358 166.032190 166.034807 166.039256 
166.039780 166.035331 166.032714 166.031143 166.030620 166.031143 166.032714 166.035331 166.039780 
166.040303 166.035854 166.033237 166.031667 166.031143 166.031667 166.033237 166.035854 166.040303 
166.040827 166.036639 166.034022 166.032452 166.031929 166.032452 166.034022 166.036639 166.040827 
166.041088 166.037163 166.034546 166.032975 166.032452 166.032975 166.034546 166.037163 166.041088 
166.041612 166.037686 166.035069 166.033761 166.033237 166.033761 166.035069 166.037686 166.041612 
0.000000 166.038210 166.035854 166.034284 166.033761 166.034284 166.035854 166.038210 0.000000 
0.000000 166.038995 166.036378 166.034807 166.034546 166.034807 166.036378 166.038995 0.000000 
0.000000 166.039518 166.037163 166.035592 166.035069 166.035592 166.037163 166.039518 0.000000 
0.000000 166.040042 166.037686 166.036116 166.035854 166.036116 166.037686 166.040042 0.000000 
0.000000 166.040827 166.038471 166.036901 166.036378 166.036901 166.038471 166.040827 0.000000 
0.000000 166.041350 166.038995 166.037424 166.037163 166.037424 166.038995 166.041350 0.000000 
0.000000 0.000000 166.039780 166.038210 166.037686 166.038210 166.039780 0.000000 0.000000 
0.000000 0.000000 166.040303 166.038733 166.038471 166.038733 166.040303 0.000000 0.000000 
0.000000 0.000000 166.040827 166.039518 166.038995 166.039518 166.040827 0.000000 0.000000 
0.000000 0.000000 166.041612 166.040042 166.039780 166.040042 166.041612 0.000000 0.000000 
0.000000 0.000000 0.000000 166.040827 166.040303 166.040827 0.000000 0.000000 0.000000 
0.000000 0.000000 0.000000 166.041350 166.041088 166.041350 0.000000 0.000000 0.000000 
0.000000 0.000000 0.000000 0.000000 166.041612 0.000000 0.000000 0.000000 0.000000 
