test/output/constant/M370_S060_A180_WD090.0_WS005.0/M370_S060_A180_WD090.0_WS005.0_arrival.asc
ncols         35
nrows         9
xllcorner     426503.990666
yllcorner     12748355.311160
cellsize      100.000000
NODATA_value  0.000000
0.000000 0.000000 0.000000 0.000000 0.000000 0.000000 0.000000 0.000000 0.000000 0.000000 0.000000 166.041125 166.040122 166.038618 166.038116 166.037615 166.037615 166.037615 166.037615 166.037615 166.037615 166.038618 166.039119 166.039621 166.040624 166.041627 0.000000 0.000000 0.000000 0.000000 0.000000 0.000000 0.000000 0.000000 0.000000 
0.000000 0.000000 0.000000 0.000000 0.000000 166.039119 166.034605 166.031596 166.029590 166.028587 166.027584 166.027082 166.027082 166.027082 166.027082 166.027082 166.028086 166.028587 166.029590 166.030593 166.031095 166.032098 166.033101 166.034104 166.034605 166.035608 166.036611 166.037615 166.038618 166.040122 166.041125 0.000000 0.000000 0.000000 0.000000 
0.000000 0.000000 166.034104 166.025076 166.020563 166.018055 166.017052 166.016049 166.016049 166.016550 166.016550 166.017553 166.018557 166.019058 166.020061 166.021064 166.022067 166.023070 166.024073 166.025076 166.026581 166.027584 166.028587 166.029590 166.031095 166.032098 166.033602 166.034605 166.035608 166.037113 166.038116 166.039119 166.040624 166.041627 0.000000 
0.000000 166.012538 166.006520 166.005517 166.005517 166.006520 166.007021 166.008024 166.009529 166.010532 166.011535 166.013040 166.014043 166.015547 166.016550 166.018055 166.019058 166.020061 166.021566 166.022569 166.024073 166.025076 166.026581 166.027584 166.028587 166.030092 166.031095 166.032599 166.033602 166.035107 166.036110 166.037615 166.038618 166.040122 166.041125 
166.029590 166.000000 166.001003 166.002006 166.003511 166.004514 166.006018 166.007021 166.008526 166.009529 166.011034 166.012037 166.013541 166.014544 166.016049 166.017052 166.018557 166.019560 166.021064 166.022067 166.023572 166.024575 166.026079 166.027082 166.028587 166.029590 166.031095 166.032098 166.033602 166.034605 166.036110 166.037113 166.038618 166.039621 166.041125 
0.000000 166.012538 166.006520 166.005517 166.005517 166.006520 166.007021 166.008024 166.009529 166.010532 166.011535 166.013040 166.014043 166.015547 166.016550 166.018055 166.019058 166.020061 166.021566 166.022569 166.024073 166.025076 166.026581 166.027584 166.028587 166.030092 166.031095 166.032599 166.033602 166.035107 166.036110 166.037615 166.038618 166.040122 166.041125 
0.000000 0.000000 166.034104 166.025076 166.020563 166.018055 166.017052 166.016049 166.016049 166.016550 166.016550 166.017553 166.018557 166.019058 166.020061 166.021064 166.022067 166.023070 166.024073 166.025076 166.026581 166.027584 166.028587 166.029590 166.031095 166.032098 166.033602 166.034605 166.035608 166.037113 166.038116 166.039119 166.040624 166.041627 0.000000 
0.000000 0.000000 0.000000 0.000000 0.000000 166.039119 166.034605 166.031596 166.029590 166.028587 166.027584 166.027082 166.027082 166.027082 166.027082 166.027082 166.028086 166.028587 166.029590 166.030593 166.031095 166.032098 166.033101 166.034104 166.034605 166.035608 166.036611 166.037615 166.038618 166.040122 166.041125 0.000000 0.000000 0.000000 0.000000 
0.000000 0.000000 0.000000 0.000000 0.000000 0.000000 0.000000 0.000000 0.000000 0.000000 0.000000 166.041125 166.040122 166.038618 166.038116 166.037615 166.037615 166.037615 166.037615 166.037615 166.037615 166.038618 166.039119 166.039621 166.040624 166.041627 0.000000 0.000000 0.000000 0.000000 0.000000 0.000000 0.000000 0.000000 0.000000 
