test/output/constant/M370_S060_A270_WD045.0_WS040.0/M370_S060_A270_WD045.0_WS040.0_ros.asc
ncols         27
nrows         11
xllcorner     424103.990666
yllcorner     12748655.311160
cellsize      100.000000
NODATA_value  0.000000
0.000000 43.407501 43.407501 42.827286 43.367439 37.791363 37.791363 37.791363 4.963792 35.144371 37.791363 0.000000 0.000000 0.000000 0.000000 0.000000 0.000000 0.000000 0.000000 0.000000 0.000000 0.000000 0.000000 0.000000 0.000000 0.000000 0.000000 
43.407501 43.407501 43.407501 43.407501 43.407501 43.407501 21.888401 43.407501 37.791363 35.144371 35.144371 35.144371 4.963792 4.963792 0.000000 0.000000 0.000000 0.000000 0.000000 0.000000 0.000000 0.000000 0.000000 0.000000 0.000000 0.000000 0.000000 
20.963417 37.143379 43.407501 43.407501 43.407501 43.407501 42.827286 41.692047 43.407501 43.407501 9.221865 3.530537 37.791363 2.534286 3.530537 35.144371 4.963792 0.000000 0.000000 0.000000 0.000000 0.000000 0.000000 0.000000 0.000000 0.000000 0.000000 
0.000000 39.470737 34.392994 43.407501 31.302893 43.407501 43.407501 43.407501 43.407501 43.367439 41.692047 41.692047 41.692047 37.791363 4.963792 35.144371 2.534286 35.144371 3.530537 32.135593 0.000000 0.000000 0.000000 0.000000 0.000000 0.000000 0.000000 
0.000000 0.000000 20.963417 17.507582 43.407501 39.470737 37.143379 17.507582 43.407501 43.407501 43.407501 43.407501 42.827286 43.407501 43.407501 35.144371 35.144371 35.144371 37.791363 2.189485 3.530537 2.351275 0.000000 0.000000 0.000000 0.000000 0.000000 
0.000000 0.000000 0.000000 37.143379 17.507582 20.963417 34.392994 20.963417 17.507582 24.485102 17.507582 43.407501 43.407501 43.407501 41.692047 43.407501 41.692047 35.144371 35.144371 35.144371 1.719172 2.351275 1.719172 1.719172 0.000000 0.000000 0.000000 
0.000000 0.000000 0.000000 0.000000 0.000000 17.507582 20.963417 37.143379 20.963417 24.485102 27.966631 17.507582 43.407501 41.304550 43.407501 43.407501 43.407501 43.407501 43.407501 37.791363 35.144371 3.530537 3.530537 2.534286 2.534286 0.000000 0.000000 
0.000000 0.000000 0.000000 0.000000 0.000000 0.000000 0.000000 17.507582 20.963417 24.485102 17.507582 17.507582 20.963417 39.470737 17.507582 43.407501 41.304550 43.407501 43.407501 43.407501 43.407501 43.407501 39.996235 2.189485 2.534286 1.719172 0.000000 
0.000000 0.000000 0.000000 0.000000 0.000000 0.000000 0.000000 0.000000 0.000000 20.963417 17.507582 17.507582 17.507582 20.963417 17.507582 17.507582 37.143379 17.507582 20.963417 17.507582 41.304550 43.407501 43.407501 43.407501 25.405752 3.530537 2.534286 
0.000000 0.000000 0.000000 0.000000 0.000000 0.000000 0.000000 0.000000 0.000000 0.000000 0.000000 0.000000 17.507582 17.507582 17.507582 17.507582 17.507582 17.507582 17.507582 17.507582 17.507582 17.507582 34.392994 37.143379 43.407501 -1.000000 1.257483 
0.000000 0.000000 0.000000 0.000000 0.000000 0.000000 0.000000 0.000000 0.000000 0.000000 0.000000 0.000000 0.000000 0.000000 0.000000 0.000000 0.000000 17.507582 17.507582 17.507582 17.507582 17.507582 17.507582 17.507582 8.535202 1.342592 1.257483 
