test/output/constant/M385_S060_A090_WD270.0_WS010.0/M385_S060_A090_WD270.0_WS010.0_raz.asc
ncols         16
nrows         49
xllcorner     426503.990666
yllcorner     12743955.311160
cellsize      100.000000
NODATA_value  0.000000
279 254 154 89 0 0 0 0 0 0 0 0 0 0 0 0 
193 165 165 75 0 0 0 0 0 0 0 0 0 0 0 0 
193 165 162 158 89 0 0 0 0 0 0 0 0 0 0 0 
178 165 165 159 89 154 0 0 0 0 0 0 0 0 0 0 
178 166 165 162 75 156 0 0 0 0 0 0 0 0 0 0 
178 181 165 161 159 158 156 0 0 0 0 0 0 0 0 0 
178 170 165 161 165 158 158 0 0 0 0 0 0 0 0 0 
188 172 165 165 165 158 158 0 0 0 0 0 0 0 0 0 
176 184 165 165 162 158 158 158 0 0 0 0 0 0 0 0 
178 170 188 165 165 165 158 158 0 0 0 0 0 0 0 0 
178 172 165 165 165 165 159 158 158 0 0 0 0 0 0 0 
188 176 168 165 165 165 165 158 158 0 0 0 0 0 0 0 
176 188 165 165 165 165 163 159 158 0 0 0 0 0 0 0 
188 176 169 165 165 165 163 158 158 158 0 0 0 0 0 0 
176 178 166 166 165 165 165 162 158 158 0 0 0 0 0 0 
0 176 170 165 165 165 163 163 158 158 0 0 0 0 0 0 
0 178 168 167 165 165 165 165 165 158 51 0 0 0 0 0 
0 188 168 166 167 165 163 164 164 159 158 0 0 0 0 0 
0 178 169 188 165 165 165 165 165 158 158 0 0 0 0 0 
0 181 170 165 165 165 165 165 165 162 159 159 0 0 0 0 
0 176 172 167 165 165 165 165 165 165 165 158 0 0 0 0 
0 173 184 165 165 165 165 165 164 75 165 159 0 0 0 0 
0 174 188 170 165 165 165 165 162 165 164 158 159 0 0 0 
0 0 193 168 167 165 165 162 163 165 165 158 158 0 0 0 
0 0 170 184 168 165 167 165 165 165 51 163 345 0 0 0 
0 0 178 169 165 165 168 165 165 165 165 165 165 0 0 0 
0 0 184 166 166 165 169 165 165 165 161 165 165 158 0 0 
0 0 0 170 170 165 168 165 165 165 165 165 165 159 0 0 
0 0 0 170 168 165 169 165 165 165 162 165 165 161 0 0 
0 0 0 170 170 188 188 165 165 165 165 165 163 163 0 0 
0 0 0 0 168 184 165 165 165 165 165 165 162 165 0 0 
0 0 0 0 170 193 170 188 165 165 165 163 162 159 165 0 
0 0 0 0 169 165 165 184 165 165 165 160 165 165 165 0 
0 0 0 0 170 167 188 170 165 165 165 163 165 164 159 0 
0 0 0 0 0 188 165 165 166 165 165 165 163 162 75 0 
0 0 0 0 0 169 165 165 165 165 165 165 165 165 163 0 
0 0 0 0 0 0 167 165 172 165 165 165 165 165 163 0 
0 0 0 0 0 0 184 165 165 165 165 165 165 165 165 0 
0 0 0 0 0 0 165 165 172 165 167 165 164 163 162 0 
0 0 0 0 0 0 0 165 165 165 165 165 165 165 162 159 
0 0 0 0 0 0 0 167 184 166 165 165 162 164 164 165 
0 0 0 0 0 0 0 0 165 165 165 165 165 165 162 164 
0 0 0 0 0 0 0 0 169 170 167 165 165 163 165 165 
0 0 0 0 0 0 0 0 172 165 165 165 165 165 163 165 
0 0 0 0 0 0 0 0 0 165 168 169 165 165 165 165 
0 0 0 0 0 0 0 0 0 0 172 167 165 165 165 0 
0 0 0 0 0 0 0 0 0 0 169 165 168 165 165 0 
0 0 0 0 0 0 0 0 0 0 0 165 165 165 163 0 
0 0 0 0 0 0 0 0 0 0 0 0 165 165 165 0 
