test/output/constant/C6_S000_A270_WD270.0_WS045.0/C6_S000_A270_WD270.0_WS045.0_arrival.asc
ncols         37
nrows         7
xllcorner     426603.990666
yllcorner     12748455.311160
cellsize      100.000000
NODATA_value  0.000000
0.000000 0.000000 0.000000 0.000000 0.000000 0.000000 0.000000 0.000000 0.000000 166.039533 166.037695 166.036315 166.035396 166.034477 166.034017 166.034017 166.033557 166.033557 166.033557 166.034017 166.034477 166.035396 166.036315 166.036775 166.037695 166.038614 166.039074 166.039993 166.040912 166.041667 0.000000 0.000000 0.000000 0.000000 0.000000 0.000000 0.000000 
0.000000 0.000000 0.000000 166.034017 166.028041 166.024823 166.022525 166.021605 166.020686 166.020226 166.020226 166.020226 166.020686 166.021605 166.022065 166.022984 166.023904 166.024823 166.025283 166.026202 166.027122 166.028041 166.028960 166.030340 166.031259 166.032178 166.033098 166.034477 166.035396 166.036315 166.037235 166.038614 166.039533 166.040453 166.041667 0.000000 0.000000 
166.032638 166.010573 166.007355 166.006895 166.006895 166.007815 166.008274 166.009194 166.010113 166.011492 166.012412 166.013331 166.014710 166.015629 166.017009 166.017928 166.018847 166.020226 166.021146 166.022525 166.023444 166.024823 166.025743 166.027122 166.028041 166.029420 166.030340 166.031259 166.032638 166.033557 166.034936 166.035856 166.037235 166.038154 166.039533 166.040453 166.041372 
166.000000 166.000919 166.001839 166.003218 166.004137 166.005516 166.006436 166.007815 166.008734 166.010113 166.011033 166.012412 166.013331 166.014710 166.015629 166.017009 166.017928 166.019307 166.020226 166.021605 166.022525 166.023904 166.024823 166.026202 166.027122 166.028501 166.029420 166.030799 166.031719 166.033098 166.034017 166.035396 166.036315 166.037695 166.038614 166.039993 166.040912 
166.032638 166.010573 166.007355 166.006895 166.006895 166.007815 166.008274 166.009194 166.010113 166.011492 166.012412 166.013331 166.014710 166.015629 166.017009 166.017928 166.018847 166.020226 166.021146 166.022525 166.023444 166.024823 166.025743 166.027122 166.028041 166.029420 166.030340 166.031259 166.032638 166.033557 166.034936 166.035856 166.037235 166.038154 166.039533 166.040453 166.041372 
0.000000 0.000000 0.000000 166.034017 166.028041 166.024823 166.022525 166.021605 166.020686 166.020226 166.020226 166.020226 166.020686 166.021605 166.022065 166.022984 166.023904 166.024823 166.025283 166.026202 166.027122 166.028041 166.028960 166.030340 166.031259 166.032178 166.033098 166.034477 166.035396 166.036315 166.037235 166.038614 166.039533 166.040453 166.041667 0.000000 0.000000 
0.000000 0.000000 0.000000 0.000000 0.000000 0.000000 0.000000 0.000000 0.000000 166.039533 166.037695 166.036315 166.035396 166.034477 166.034017 166.034017 166.033557 166.033557 166.033557 166.034017 166.034477 166.035396 166.036315 166.036775 166.037695 166.038614 166.039074 166.039993 166.040912 166.041667 0.000000 0.000000 0.000000 0.000000 0.000000 0.000000 0.000000 
