test/output/constant/M3100_S060_A090_WD045.0_WS015.0/M3100_S060_A090_WD045.0_WS015.0_arrival.asc
ncols         17
nrows         64
xllcorner     425103.990666
yllcorner     12742455.311160
cellsize      100.000000
NODATA_value  0.000000
0.000000 0.000000 0.000000 0.000000 0.000000 0.000000 0.000000 0.000000 0.000000 0.000000 0.000000 0.000000 0.000000 0.000000 166.009970 166.000000 166.031698 
0.000000 0.000000 0.000000 0.000000 0.000000 0.000000 0.000000 0.000000 0.000000 0.000000 0.000000 0.000000 0.000000 166.027608 166.001789 166.000511 166.020195 
0.000000 0.000000 0.000000 0.000000 0.000000 0.000000 0.000000 0.000000 0.000000 0.000000 0.000000 0.000000 0.000000 166.013548 166.001534 166.001023 166.020195 
0.000000 0.000000 0.000000 0.000000 0.000000 0.000000 0.000000 0.000000 0.000000 0.000000 0.000000 0.000000 166.028886 166.007158 166.001789 166.001789 166.019939 
0.000000 0.000000 0.000000 0.000000 0.000000 0.000000 0.000000 0.000000 0.000000 0.000000 0.000000 0.000000 166.018916 166.004857 166.002301 166.002812 166.020962 
0.000000 0.000000 0.000000 0.000000 0.000000 0.000000 0.000000 0.000000 0.000000 0.000000 0.000000 166.032976 166.013293 166.004601 166.003068 166.004090 166.021728 
0.000000 0.000000 0.000000 0.000000 0.000000 0.000000 0.000000 0.000000 0.000000 0.000000 0.000000 166.024796 166.009970 166.004346 166.003834 166.005368 166.022751 
0.000000 0.000000 0.000000 0.000000 0.000000 0.000000 0.000000 0.000000 0.000000 0.000000 166.038089 166.019172 166.008180 166.004601 166.004346 166.006902 166.024285 
0.000000 0.000000 0.000000 0.000000 0.000000 0.000000 0.000000 0.000000 0.000000 0.000000 166.030675 166.015338 166.007669 166.005113 166.005113 166.008691 166.025818 
0.000000 0.000000 0.000000 0.000000 0.000000 0.000000 0.000000 0.000000 0.000000 0.000000 166.025052 166.012781 166.007413 166.005624 166.005879 166.010225 166.027608 
0.000000 0.000000 0.000000 0.000000 0.000000 0.000000 0.000000 0.000000 0.000000 166.036810 166.021217 166.011503 166.007158 166.006391 166.006902 166.011759 166.029142 
0.000000 0.000000 0.000000 0.000000 0.000000 0.000000 0.000000 0.000000 0.000000 166.031187 166.018150 166.010736 166.007413 166.007158 166.008180 166.013548 166.030931 
0.000000 0.000000 0.000000 0.000000 0.000000 0.000000 0.000000 0.000000 0.000000 166.026841 166.016105 166.010225 166.007669 166.007669 166.009203 166.015082 166.032465 
0.000000 0.000000 0.000000 0.000000 0.000000 0.000000 0.000000 0.000000 166.037066 166.023518 166.014571 166.010225 166.008436 166.008436 166.010481 166.016616 166.034254 
0.000000 0.000000 0.000000 0.000000 0.000000 0.000000 0.000000 0.000000 166.032720 166.020962 166.014060 166.010225 166.008947 166.009203 166.012015 166.018405 166.036044 
0.000000 0.000000 0.000000 0.000000 0.000000 0.000000 0.000000 0.000000 166.029142 166.019172 166.013548 166.010225 166.009714 166.010225 166.013293 166.019939 166.037577 
0.000000 0.000000 0.000000 0.000000 0.000000 0.000000 0.000000 166.038856 166.026330 166.017894 166.013037 166.010481 166.010225 166.010992 166.014826 166.021728 166.039367 
0.000000 0.000000 0.000000 0.000000 0.000000 0.000000 0.000000 166.035021 166.024029 166.017127 166.013037 166.010992 166.010992 166.012270 166.016105 166.023262 166.040901 
0.000000 0.000000 0.000000 0.000000 0.000000 0.000000 0.000000 166.031698 166.022495 166.016616 166.013037 166.011759 166.011759 166.013293 166.017638 166.025052 0.000000 
0.000000 0.000000 0.000000 0.000000 0.000000 0.000000 166.040645 166.029142 166.021217 166.016105 166.013293 166.012270 166.012526 166.014571 166.019172 166.026841 0.000000 
0.000000 0.000000 0.000000 0.000000 0.000000 0.000000 166.037322 166.027097 166.020450 166.015849 166.013548 166.013037 166.013293 166.015593 166.020706 166.028375 0.000000 
0.000000 0.000000 0.000000 0.000000 0.000000 0.000000 166.034510 166.025563 166.019683 166.015849 166.013804 166.013548 166.014315 166.017127 166.022240 166.030164 0.000000 
0.000000 0.000000 0.000000 0.000000 0.000000 0.000000 166.032209 166.024285 166.019428 166.015849 166.014315 166.014315 166.015338 166.018405 166.023773 166.031698 0.000000 
0.000000 0.000000 0.000000 0.000000 0.000000 166.040134 166.030420 166.023518 166.018916 166.016105 166.014826 166.014826 166.016360 166.019939 166.025307 166.033487 0.000000 
0.000000 0.000000 0.000000 0.000000 0.000000 166.037577 166.028886 166.023007 166.018661 166.016360 166.015593 166.015593 166.017383 166.021217 166.027097 166.035021 0.000000 
0.000000 0.000000 0.000000 0.000000 0.000000 166.035277 166.027608 166.022495 166.018661 166.016616 166.016360 166.016616 166.018661 166.022751 166.028630 166.036810 0.000000 
0.000000 0.000000 0.000000 0.000000 0.000000 166.033487 166.026841 166.021984 166.018916 166.017127 166.016871 166.017383 166.019683 166.024029 166.030164 166.038344 0.000000 
0.000000 0.000000 0.000000 0.000000 166.040389 166.031954 166.026074 166.021728 166.018916 166.017638 166.017638 166.018405 166.020962 166.025563 166.031954 166.040134 0.000000 
0.000000 0.000000 0.000000 0.000000 166.038344 166.030675 166.025563 166.021728 166.019172 166.018150 166.018150 166.019428 166.022240 166.027097 166.033487 0.000000 0.000000 
0.000000 0.000000 0.000000 0.000000 166.036555 166.029909 166.025307 166.021728 166.019428 166.018916 166.018916 166.020450 166.023518 166.028375 166.035021 0.000000 0.000000 
0.000000 0.000000 0.000000 0.000000 166.035277 166.029397 166.024796 166.021728 166.019939 166.019683 166.019939 166.021728 166.024796 166.029909 166.036810 0.000000 0.000000 
0.000000 0.000000 0.000000 166.041412 166.033999 166.028886 166.024540 166.021984 166.020450 166.020195 166.020706 166.022751 166.026330 166.031442 166.038344 0.000000 0.000000 
0.000000 0.000000 0.000000 166.039878 166.033232 166.028375 166.024540 166.021984 166.020962 166.020962 166.021728 166.024029 166.027608 166.032720 166.040134 0.000000 0.000000 
0.000000 0.000000 0.000000 166.038344 166.032465 166.027863 166.024540 166.022240 166.021473 166.021473 166.022495 166.025052 166.029142 166.034254 166.041667 0.000000 0.000000 
0.000000 0.000000 0.000000 166.037322 166.031954 166.027608 166.024540 166.022751 166.022240 166.022240 166.023518 166.026330 166.030675 166.036044 0.000000 0.000000 0.000000 
0.000000 0.000000 0.000000 166.036299 166.031442 166.027352 166.024796 166.023007 166.022751 166.023007 166.024540 166.027352 166.031954 166.037577 0.000000 0.000000 0.000000 
0.000000 0.000000 166.041667 166.035788 166.031187 166.027352 166.024796 166.023518 166.023518 166.023773 166.025818 166.028630 166.033487 166.039111 0.000000 0.000000 0.000000 
0.000000 0.000000 166.040389 166.035021 166.030675 166.027352 166.025307 166.024285 166.024285 166.024796 166.026841 166.029909 166.034765 166.040645 0.000000 0.000000 0.000000 
0.000000 0.000000 166.039622 166.034765 166.030420 166.027608 166.025563 166.024796 166.024796 166.025818 166.028119 166.031442 166.036299 0.000000 0.000000 0.000000 0.000000 
0.000000 0.000000 166.038856 166.034254 166.030164 166.027608 166.025818 166.025563 166.025563 166.026585 166.029142 166.032720 166.037577 0.000000 0.000000 0.000000 0.000000 
0.000000 0.000000 166.038344 166.033743 166.030164 166.027863 166.026330 166.026074 166.026330 166.027608 166.030420 166.034254 166.039111 0.000000 0.000000 0.000000 0.000000 
0.000000 0.000000 166.037833 166.033487 166.030164 166.028119 166.026841 166.026841 166.027097 166.028886 166.031442 166.035532 166.040645 0.000000 0.000000 0.000000 0.000000 
0.000000 0.000000 166.037322 166.033232 166.030420 166.028375 166.027608 166.027352 166.028119 166.029909 166.032720 166.037066 0.000000 0.000000 0.000000 0.000000 0.000000 
0.000000 166.041667 166.036810 166.032976 166.030420 166.028886 166.028119 166.028119 166.028886 166.030931 166.033999 166.038344 0.000000 0.000000 0.000000 0.000000 0.000000 
0.000000 166.040901 166.036555 166.032976 166.030675 166.029142 166.028886 166.028886 166.029909 166.032209 166.035021 166.039878 0.000000 0.000000 0.000000 0.000000 0.000000 
0.000000 166.040645 166.036299 166.033232 166.030931 166.029653 166.029397 166.029653 166.030931 166.033232 166.036555 166.041156 0.000000 0.000000 0.000000 0.000000 0.000000 
0.000000 166.040134 166.036044 166.033232 166.031187 166.030164 166.030164 166.030420 166.031954 166.034510 166.037833 0.000000 0.000000 0.000000 0.000000 0.000000 0.000000 
0.000000 166.039622 166.036044 166.033487 166.031698 166.030675 166.030675 166.031442 166.032976 166.035532 166.039111 0.000000 0.000000 0.000000 0.000000 0.000000 0.000000 
0.000000 166.039367 166.036044 166.033487 166.031954 166.031442 166.031442 166.032209 166.033999 166.036810 166.040645 0.000000 0.000000 0.000000 0.000000 0.000000 0.000000 
0.000000 166.039111 166.036044 166.033743 166.032209 166.032209 166.032209 166.033232 166.035277 166.038089 0.000000 0.000000 0.000000 0.000000 0.000000 0.000000 0.000000 
0.000000 166.038856 166.036299 166.033999 166.032976 166.032720 166.032976 166.033999 166.036299 166.039111 0.000000 0.000000 0.000000 0.000000 0.000000 0.000000 0.000000 
0.000000 166.038856 166.036299 166.034510 166.033487 166.033487 166.033743 166.035021 166.037322 166.040389 0.000000 0.000000 0.000000 0.000000 0.000000 0.000000 0.000000 
0.000000 166.038856 166.036555 166.034765 166.033999 166.033999 166.034510 166.036044 166.038600 166.041667 0.000000 0.000000 0.000000 0.000000 0.000000 0.000000 0.000000 
0.000000 166.038856 166.036810 166.035277 166.034765 166.034765 166.035532 166.037066 166.039878 0.000000 0.000000 0.000000 0.000000 0.000000 0.000000 0.000000 0.000000 
166.041667 166.039111 166.037066 166.035532 166.035277 166.035277 166.036299 166.038089 166.040901 0.000000 0.000000 0.000000 0.000000 0.000000 0.000000 0.000000 0.000000 
166.041667 166.039111 166.037322 166.036299 166.036044 166.036044 166.037322 166.039367 0.000000 0.000000 0.000000 0.000000 0.000000 0.000000 0.000000 0.000000 0.000000 
166.041667 166.039367 166.037577 166.036810 166.036810 166.037066 166.038089 166.040389 0.000000 0.000000 0.000000 0.000000 0.000000 0.000000 0.000000 0.000000 0.000000 
0.000000 166.039622 166.038089 166.037322 166.037322 166.037833 166.039111 166.041667 0.000000 0.000000 0.000000 0.000000 0.000000 0.000000 0.000000 0.000000 0.000000 
0.000000 166.039878 166.038344 166.038089 166.038089 166.038600 166.040134 0.000000 0.000000 0.000000 0.000000 0.000000 0.000000 0.000000 0.000000 0.000000 0.000000 
0.000000 166.040134 166.038856 166.038600 166.038600 166.039622 166.041412 0.000000 0.000000 0.000000 0.000000 0.000000 0.000000 0.000000 0.000000 0.000000 0.000000 
0.000000 166.040389 166.039367 166.039367 166.039367 166.040389 0.000000 0.000000 0.000000 0.000000 0.000000 0.000000 0.000000 0.000000 0.000000 0.000000 0.000000 
0.000000 166.040901 166.040134 166.039878 166.040389 166.041412 0.000000 0.000000 0.000000 0.000000 0.000000 0.000000 0.000000 0.000000 0.000000 0.000000 0.000000 
0.000000 166.041156 166.040645 166.040645 166.041156 0.000000 0.000000 0.000000 0.000000 0.000000 0.000000 0.000000 0.000000 0.000000 0.000000 0.000000 0.000000 
0.000000 166.041667 166.041412 166.041412 0.000000 0.000000 0.000000 0.000000 0.000000 0.000000 0.000000 0.000000 0.000000 0.000000 0.000000 0.000000 0.000000 
