test/output/constant/M355_S060_A000_WD000.0_WS010.0/M355_S060_A000_WD000.0_WS010.0_intensity.asc
ncols         31
nrows         11
xllcorner     423603.990666
yllcorner     12747855.311160
cellsize      100.000000
NODATA_value  0.000000
0 0 0 0 0 0 0 0 0 0 0 0 0 0 0 0 0 0 0 0 0 0 0 19012 9139 9139 6494 12170 6494 9139 561 
0 0 0 0 0 0 0 0 0 0 0 0 0 0 0 0 15494 9139 15494 9139 19012 15494 12170 6494 19012 32870 19012 15494 42622 42622 0 
0 0 0 0 0 0 0 0 0 0 0 0 19012 19012 9139 9139 15494 6494 19012 12170 19012 15494 32870 35755 42622 42622 42622 42622 42622 35127 917 
0 0 0 0 0 0 0 0 0 19012 19012 6494 15494 6494 41603 22617 19012 15494 19012 42622 42622 42622 42622 42622 42622 42622 35127 32161 1467 714 0 
0 0 0 0 0 0 0 6494 6494 4312 19012 19012 41603 29653 42622 38219 42622 42622 42622 42622 42622 42622 42622 32161 35127 32161 32161 28884 917 0 0 
0 0 0 0 0 41603 12170 19012 15494 6494 6494 41603 38219 41603 42622 42622 42622 42622 42622 42622 42622 37694 28884 28884 32161 1135 917 0 0 0 0 
0 0 0 32870 15494 42622 40189 19012 12170 15494 42622 42622 42622 42622 42622 42622 42622 42521 35127 35127 28884 917 1467 714 28884 0 0 0 0 0 0 
0 22617 19012 32870 42622 42622 42622 42622 42622 42622 42622 42622 42622 42622 41329 35127 35127 32161 32161 2457 3981 28884 0 0 0 0 0 0 0 0 0 
42622 42622 42588 42622 42622 42622 42622 42622 42622 42622 42622 42622 32161 2457 35127 32161 32161 32161 28884 0 0 0 0 0 0 0 0 0 0 0 0 
42622 42622 42622 42622 39782 42622 42622 42622 42622 32870 35127 3981 32161 32161 3981 28884 0 0 0 0 0 0 0 0 0 0 0 0 0 0 0 
42622 42622 42622 39782 42622 42622 32161 35127 35127 32161 3981 28884 0 0 0 0 0 0 0 0 0 0 0 0 0 0 0 0 0 0 0 
