test/output/constant/M355_S060_A000_WD000.0_WS010.0/M355_S060_A000_WD000.0_WS010.0_arrival.asc
ncols         31
nrows         11
xllcorner     423603.990666
yllcorner     12747855.311160
cellsize      100.000000
NODATA_value  0.000000
0.000000 0.000000 0.000000 0.000000 0.000000 0.000000 0.000000 0.000000 0.000000 0.000000 0.000000 0.000000 0.000000 0.000000 0.000000 0.000000 0.000000 0.000000 0.000000 0.000000 0.000000 0.000000 0.000000 166.038609 166.035436 166.032791 166.029089 166.027502 166.025916 166.025387 166.030676 
0.000000 0.000000 0.000000 0.000000 0.000000 0.000000 0.000000 0.000000 0.000000 0.000000 0.000000 0.000000 0.000000 0.000000 0.000000 0.000000 166.039667 166.036493 166.032791 166.029618 166.025916 166.022742 166.019569 166.016396 166.012693 166.009520 166.006876 166.004231 166.002116 166.001058 166.000000 
0.000000 0.000000 0.000000 0.000000 0.000000 0.000000 0.000000 0.000000 0.000000 0.000000 0.000000 0.000000 166.041253 166.038080 166.034907 166.031733 166.028560 166.025916 166.022742 166.020098 166.016924 166.014280 166.011636 166.009520 166.007933 166.006347 166.005289 166.003702 166.002644 166.002644 166.008991 
0.000000 0.000000 0.000000 0.000000 0.000000 0.000000 0.000000 0.000000 0.000000 166.041667 166.038609 166.035964 166.032791 166.030147 166.026973 166.024329 166.022213 166.019569 166.017453 166.015338 166.013751 166.012164 166.010578 166.009520 166.007933 166.006876 166.006876 166.007404 166.011107 166.022742 0.000000 
0.000000 0.000000 0.000000 0.000000 0.000000 0.000000 0.000000 166.040196 166.037551 166.034907 166.032262 166.029618 166.026973 166.024858 166.022742 166.020627 166.019040 166.017982 166.016396 166.014809 166.013751 166.012164 166.011636 166.011636 166.011636 166.012693 166.015867 166.023271 166.036493 0.000000 0.000000 
0.000000 0.000000 0.000000 0.000000 0.000000 166.039667 166.037551 166.034907 166.032791 166.030676 166.028560 166.026444 166.024858 166.023271 166.021684 166.020627 166.019040 166.017982 166.016924 166.016396 166.015867 166.015867 166.016396 166.017982 166.021684 166.027502 166.037022 0.000000 0.000000 0.000000 0.000000 
0.000000 0.000000 0.000000 166.040196 166.038609 166.035964 166.033849 166.032262 166.030676 166.029089 166.027502 166.025916 166.024858 166.023271 166.022213 166.021156 166.020627 166.020098 166.020098 166.020627 166.021684 166.023800 166.026973 166.032262 166.039667 0.000000 0.000000 0.000000 0.000000 0.000000 0.000000 
0.000000 166.041667 166.039667 166.037551 166.035964 166.034378 166.032791 166.031733 166.030147 166.029089 166.027502 166.026444 166.025916 166.024858 166.024858 166.024858 166.024858 166.025916 166.026973 166.029089 166.032262 166.037022 0.000000 0.000000 0.000000 0.000000 0.000000 0.000000 0.000000 0.000000 0.000000 
166.041667 166.040196 166.038609 166.037022 166.035964 166.034378 166.033320 166.031733 166.030676 166.030147 166.029618 166.029089 166.029089 166.029618 166.029618 166.030676 166.032262 166.034378 166.037551 0.000000 0.000000 0.000000 0.000000 0.000000 0.000000 0.000000 0.000000 0.000000 0.000000 0.000000 0.000000 
166.041253 166.040196 166.038609 166.037022 166.035964 166.035436 166.034907 166.034378 166.033849 166.033849 166.033849 166.034378 166.034907 166.035964 166.037551 166.039667 0.000000 0.000000 0.000000 0.000000 0.000000 0.000000 0.000000 0.000000 0.000000 0.000000 0.000000 0.000000 0.000000 0.000000 0.000000 
166.041667 166.040724 166.039667 166.039138 166.038609 166.038080 166.038080 166.038080 166.038609 166.039138 166.040196 166.041253 0.000000 0.000000 0.000000 0.000000 0.000000 0.000000 0.000000 0.000000 0.000000 0.000000 0.000000 0.000000 0.000000 0.000000 0.000000 0.000000 0.000000 0.000000 0.000000 
