test/output/constant/M295_S060_A000_WD090.0_WS050.0/M295_S060_A000_WD090.0_WS050.0_arrival.asc
ncols         43
nrows         5
xllcorner     422403.990666
yllcorner     12748555.311160
cellsize      100.000000
NODATA_value  0.000000
0.000000 0.000000 0.000000 0.000000 0.000000 166.040993 166.040205 166.039416 166.038234 166.037446 166.036657 166.035475 166.034686 166.033898 166.033110 166.032321 166.031533 166.031139 166.030351 166.029562 166.028774 166.028380 166.027591 166.026803 166.026409 166.025621 166.025226 166.025226 166.025226 166.025621 166.026015 166.026803 166.027197 166.029168 166.030745 166.033898 166.037446 0.000000 0.000000 0.000000 0.000000 0.000000 0.000000 
0.000000 166.041387 166.040205 166.039416 166.038234 166.037446 166.036263 166.035475 166.034292 166.033504 166.032321 166.031533 166.030745 166.029562 166.028774 166.027591 166.026803 166.025621 166.024832 166.023650 166.022861 166.022073 166.020891 166.020102 166.018920 166.018132 166.016949 166.016161 166.015372 166.014190 166.013402 166.012219 166.011431 166.010642 166.010248 166.009460 166.008672 166.008672 166.008672 166.009854 166.012219 166.020496 0.000000 
166.040993 166.040205 166.039022 166.038234 166.037051 166.036263 166.035081 166.034292 166.033110 166.032321 166.031139 166.030351 166.029168 166.028380 166.027197 166.026409 166.025226 166.024438 166.023256 166.022467 166.021285 166.020496 166.019314 166.018526 166.017343 166.016555 166.015372 166.014584 166.013402 166.012613 166.011431 166.010642 166.009460 166.008672 166.007489 166.006701 166.005518 166.004730 166.003547 166.002759 166.001577 166.000788 166.000000 
0.000000 166.041387 166.040205 166.039416 166.038234 166.037446 166.036263 166.035475 166.034292 166.033504 166.032321 166.031533 166.030745 166.029562 166.028774 166.027591 166.026803 166.025621 166.024832 166.023650 166.022861 166.022073 166.020891 166.020102 166.018920 166.018132 166.016949 166.016161 166.015372 166.014190 166.013402 166.012219 166.011431 166.010642 166.010248 166.009460 166.008672 166.008672 166.008672 166.009854 166.012219 166.020496 0.000000 
0.000000 0.000000 0.000000 0.000000 0.000000 166.040993 166.040205 166.039416 166.038234 166.037446 166.036657 166.035475 166.034686 166.033898 166.033110 166.032321 166.031533 166.031139 166.030351 166.029562 166.028774 166.028380 166.027591 166.026803 166.026409 166.025621 166.025226 166.025226 166.025226 166.025621 166.026015 166.026803 166.027197 166.029168 166.030745 166.033898 166.037446 0.000000 0.000000 0.000000 0.000000 0.000000 0.000000 
