test/output/constant/M475_S000_A000_WD090.0_WS040.0/M475_S000_A000_WD090.0_WS040.0_arrival.asc
ncols         30
nrows         7
xllcorner     423703.990666
yllcorner     12748455.311160
cellsize      100.000000
NODATA_value  0.000000
0.000000 0.000000 0.000000 0.000000 0.000000 0.000000 0.000000 0.000000 166.041613 166.041035 166.039879 166.039301 166.038145 166.038145 166.038145 166.038145 166.038145 166.038723 166.039301 166.039879 166.041613 0.000000 0.000000 0.000000 0.000000 0.000000 0.000000 0.000000 0.000000 0.000000 
0.000000 0.000000 0.000000 166.041035 166.039879 166.038145 166.036989 166.035833 166.034677 166.032944 166.031788 166.030632 166.029476 166.028320 166.027742 166.026586 166.025430 166.024274 166.023696 166.023118 166.023118 166.023118 166.023118 166.024274 166.025430 166.028898 166.034099 0.000000 0.000000 0.000000 
0.000000 166.040457 166.039301 166.037567 166.036411 166.035255 166.033521 166.032366 166.030632 166.029476 166.027742 166.026586 166.025430 166.023696 166.022540 166.020806 166.019651 166.017917 166.016761 166.015605 166.013871 166.012715 166.011559 166.009825 166.009247 166.008091 166.008091 166.008091 166.010981 166.023118 
166.041613 166.039879 166.038723 166.036989 166.035833 166.034099 166.032944 166.031210 166.030054 166.028320 166.027164 166.025430 166.024274 166.022540 166.021384 166.019651 166.018495 166.016761 166.015605 166.013871 166.012715 166.010981 166.009825 166.008091 166.006935 166.005202 166.004046 166.002312 166.001156 166.000000 
0.000000 166.040457 166.039301 166.037567 166.036411 166.035255 166.033521 166.032366 166.030632 166.029476 166.027742 166.026586 166.025430 166.023696 166.022540 166.020806 166.019651 166.017917 166.016761 166.015605 166.013871 166.012715 166.011559 166.009825 166.009247 166.008091 166.008091 166.008091 166.010981 166.023118 
0.000000 0.000000 0.000000 166.041035 166.039879 166.038145 166.036989 166.035833 166.034677 166.032944 166.031788 166.030632 166.029476 166.028320 166.027742 166.026586 166.025430 166.024274 166.023696 166.023118 166.023118 166.023118 166.023118 166.024274 166.025430 166.028898 166.034099 0.000000 0.000000 0.000000 
0.000000 0.000000 0.000000 0.000000 0.000000 0.000000 0.000000 0.000000 166.041613 166.041035 166.039879 166.039301 166.038145 166.038145 166.038145 166.038145 166.038145 166.038723 166.039301 166.039879 166.041613 0.000000 0.000000 0.000000 0.000000 0.000000 0.000000 0.000000 0.000000 0.000000 
