test/output/constant/M3M475_S060_A180_WD315.0_WS015.0/M3M475_S060_A180_WD315.0_WS015.0_arrival.asc
ncols         47
nrows         13
xllcorner     426603.990666
yllcorner     12747655.311160
cellsize      100.000000
NODATA_value  0.000000
166.038933 166.026306 166.023500 166.024202 166.025605 166.028060 166.030515 166.032620 166.035075 166.037180 166.039635 0.000000 0.000000 0.000000 0.000000 0.000000 0.000000 0.000000 0.000000 0.000000 0.000000 0.000000 0.000000 0.000000 0.000000 0.000000 0.000000 0.000000 0.000000 0.000000 0.000000 0.000000 0.000000 0.000000 0.000000 0.000000 0.000000 0.000000 0.000000 0.000000 0.000000 0.000000 0.000000 0.000000 0.000000 0.000000 0.000000 
166.000000 166.000702 166.001403 166.002455 166.003858 166.005963 166.007717 166.010172 166.012276 166.014381 166.016836 166.018941 166.021396 166.023851 166.025956 166.028411 166.030866 166.032971 166.035426 166.037881 166.039986 0.000000 0.000000 0.000000 0.000000 0.000000 0.000000 0.000000 0.000000 0.000000 0.000000 0.000000 0.000000 0.000000 0.000000 0.000000 0.000000 0.000000 0.000000 0.000000 0.000000 0.000000 0.000000 0.000000 0.000000 0.000000 0.000000 
166.012276 166.002105 166.002105 166.002455 166.003508 166.004209 166.005261 166.005963 166.007015 166.008418 166.009821 166.011575 166.013329 166.015082 166.017187 166.019291 166.021045 166.023150 166.025254 166.027359 166.029814 166.031918 166.034023 166.036478 166.038583 166.041038 0.000000 0.000000 0.000000 0.000000 0.000000 0.000000 0.000000 0.000000 0.000000 0.000000 0.000000 0.000000 0.000000 0.000000 0.000000 0.000000 0.000000 0.000000 0.000000 0.000000 0.000000 
0.000000 166.031568 166.015433 166.008418 166.006314 166.005612 166.005612 166.005963 166.007015 166.007717 166.008769 166.009821 166.010523 166.011575 166.012978 166.014381 166.015784 166.017538 166.018941 166.020694 166.022799 166.024553 166.026657 166.028411 166.030515 166.032620 166.034724 166.036478 166.038583 166.040687 0.000000 0.000000 0.000000 0.000000 0.000000 0.000000 0.000000 0.000000 0.000000 0.000000 0.000000 0.000000 0.000000 0.000000 0.000000 0.000000 0.000000 
0.000000 0.000000 0.000000 166.032620 166.021747 166.015433 166.011575 166.010172 166.009470 166.009470 166.009470 166.009821 166.010523 166.011575 166.012276 166.013329 166.014381 166.015082 166.016135 166.017538 166.018941 166.020344 166.021747 166.023500 166.024903 166.026657 166.028411 166.030165 166.031918 166.034023 166.036127 166.037881 166.039986 0.000000 0.000000 0.000000 0.000000 0.000000 0.000000 0.000000 0.000000 0.000000 0.000000 0.000000 0.000000 0.000000 0.000000 
0.000000 0.000000 0.000000 0.000000 0.000000 166.037881 166.028762 166.022097 166.017888 166.015433 166.014381 166.013329 166.013329 166.013329 166.013329 166.013679 166.014381 166.015082 166.016135 166.016836 166.017888 166.018941 166.019642 166.020694 166.022097 166.023150 166.024553 166.026306 166.027709 166.029463 166.030866 166.032620 166.034023 166.035777 166.037530 166.039635 166.041389 0.000000 0.000000 0.000000 0.000000 0.000000 0.000000 0.000000 0.000000 0.000000 0.000000 
0.000000 0.000000 0.000000 0.000000 0.000000 0.000000 0.000000 0.000000 166.035426 166.029112 166.024553 166.021396 166.019291 166.018239 166.017538 166.016836 166.016836 166.016836 166.017187 166.017538 166.017888 166.018941 166.019642 166.020694 166.021396 166.022448 166.023500 166.024202 166.025254 166.026657 166.028060 166.029112 166.030515 166.032269 166.033672 166.035075 166.036829 166.038583 166.039986 166.041667 0.000000 0.000000 0.000000 0.000000 0.000000 0.000000 0.000000 
0.000000 0.000000 0.000000 0.000000 0.000000 0.000000 0.000000 0.000000 0.000000 0.000000 0.000000 166.035777 166.031217 166.027709 166.024903 166.023150 166.022097 166.021396 166.020694 166.020694 166.020694 166.020694 166.020694 166.021396 166.021747 166.022448 166.023150 166.024202 166.025254 166.025956 166.027008 166.028060 166.028762 166.030165 166.031217 166.032620 166.033672 166.035075 166.036478 166.037881 166.039635 166.041038 0.000000 0.000000 0.000000 0.000000 0.000000 
0.000000 0.000000 0.000000 0.000000 0.000000 0.000000 0.000000 0.000000 0.000000 0.000000 0.000000 0.000000 0.000000 0.000000 166.037881 166.034023 166.030866 166.028762 166.027008 166.025956 166.025254 166.024553 166.024202 166.024202 166.024202 166.024553 166.024553 166.024903 166.025605 166.026306 166.027008 166.027709 166.028762 166.029814 166.030515 166.031568 166.032620 166.033672 166.034724 166.035777 166.037180 166.038232 166.039635 166.041038 0.000000 0.000000 0.000000 
0.000000 0.000000 0.000000 0.000000 0.000000 0.000000 0.000000 0.000000 0.000000 0.000000 0.000000 0.000000 0.000000 0.000000 0.000000 0.000000 0.000000 166.040687 166.037180 166.034724 166.032620 166.030866 166.030165 166.029463 166.028762 166.028060 166.028060 166.028060 166.028060 166.028060 166.028411 166.028762 166.029112 166.029814 166.030866 166.031568 166.032269 166.033321 166.034023 166.035075 166.036127 166.037180 166.038232 166.039284 166.040336 166.041667 0.000000 
0.000000 0.000000 0.000000 0.000000 0.000000 0.000000 0.000000 0.000000 0.000000 0.000000 0.000000 0.000000 0.000000 0.000000 0.000000 0.000000 0.000000 0.000000 0.000000 0.000000 0.000000 166.040687 166.038232 166.036478 166.035075 166.034023 166.033321 166.032620 166.032269 166.031918 166.031568 166.031568 166.031918 166.031918 166.032269 166.032620 166.032971 166.033672 166.034374 166.035075 166.036127 166.036829 166.037881 166.038583 166.039635 166.040687 166.041667 
0.000000 0.000000 0.000000 0.000000 0.000000 0.000000 0.000000 0.000000 0.000000 0.000000 0.000000 0.000000 0.000000 0.000000 0.000000 0.000000 0.000000 0.000000 0.000000 0.000000 0.000000 0.000000 0.000000 0.000000 0.000000 0.000000 166.040336 166.038933 166.038232 166.037180 166.036478 166.036127 166.035426 166.035426 166.035426 166.035426 166.035426 166.035777 166.036127 166.036478 166.036829 166.037530 166.037881 166.038933 166.039635 166.040687 166.041389 
0.000000 0.000000 0.000000 0.000000 0.000000 0.000000 0.000000 0.000000 0.000000 0.000000 0.000000 0.000000 0.000000 0.000000 0.000000 0.000000 0.000000 0.000000 0.000000 0.000000 0.000000 0.000000 0.000000 0.000000 0.000000 0.000000 0.000000 0.000000 0.000000 0.000000 0.000000 0.000000 166.041038 166.040336 166.039986 166.039635 166.039284 166.038933 166.038933 166.039284 166.039284 166.039635 166.039635 166.040336 166.040687 166.041038 166.041667 
