test/output/constant/M3M475_S060_A270_WD180.0_WS015.0/M3M475_S060_A270_WD180.0_WS015.0_arrival.asc
ncols         9
nrows         49
xllcorner     426203.990666
yllcorner     12748755.311160
cellsize      100.000000
NODATA_value  0.000000
0.000000 0.000000 0.000000 166.041384 166.041039 166.041384 0.000000 0.000000 0.000000 
0.000000 0.000000 0.000000 166.040694 166.040349 166.040694 0.000000 0.000000 0.000000 
0.000000 0.000000 166.041667 166.040005 166.039315 166.040005 166.041667 0.000000 0.000000 
0.000000 0.000000 166.041039 166.038970 166.038625 166.038970 166.041039 0.000000 0.000000 
0.000000 0.000000 166.040005 166.038280 166.037591 166.038280 166.040005 0.000000 0.000000 
0.000000 0.000000 166.039315 166.037246 166.036901 166.037246 166.039315 0.000000 0.000000 
0.000000 166.041667 166.038625 166.036556 166.035866 166.036556 166.038625 166.041667 0.000000 
0.000000 166.041039 166.037591 166.035521 166.035176 166.035521 166.037591 166.041039 0.000000 
0.000000 166.040349 166.036901 166.034832 166.034142 166.034832 166.036901 166.040349 0.000000 
0.000000 166.039315 166.035866 166.033797 166.033452 166.033797 166.035866 166.039315 0.000000 
0.000000 166.038625 166.035176 166.033107 166.032418 166.033107 166.035176 166.038625 0.000000 
0.000000 166.037935 166.034487 166.032073 166.031728 166.032073 166.034487 166.037935 0.000000 
0.000000 166.037246 166.033452 166.031383 166.030693 166.031383 166.033452 166.037246 0.000000 
0.000000 166.036556 166.032762 166.030693 166.030003 166.030693 166.032762 166.036556 0.000000 
0.000000 166.036211 166.032073 166.029659 166.028969 166.029659 166.032073 166.036211 0.000000 
0.000000 166.035521 166.031038 166.028969 166.028279 166.028969 166.031038 166.035521 0.000000 
166.041384 166.034832 166.030348 166.027934 166.027245 166.027934 166.030348 166.034832 166.041384 
166.040694 166.034142 166.029659 166.027245 166.026555 166.027245 166.029659 166.034142 166.040694 
166.040349 166.033797 166.028969 166.026210 166.025520 166.026210 166.028969 166.033797 166.040349 
166.040005 166.033107 166.027934 166.025520 166.024830 166.025520 166.027934 166.033107 166.040005 
166.040005 166.032418 166.027245 166.024486 166.023796 166.024486 166.027245 166.032418 166.040005 
166.040005 166.031728 166.026210 166.023796 166.023106 166.023796 166.026210 166.031728 166.040005 
166.040005 166.031383 166.025520 166.022761 166.022071 166.022761 166.025520 166.031383 166.040005 
166.040005 166.030693 166.024830 166.022071 166.021382 166.022071 166.024830 166.030693 166.040005 
166.040005 166.030003 166.024141 166.021037 166.020347 166.021037 166.024141 166.030003 166.040005 
166.040349 166.029659 166.023451 166.020347 166.019657 166.020347 166.023451 166.029659 166.040349 
166.040349 166.028969 166.022761 166.019657 166.018623 166.019657 166.022761 166.028969 166.040349 
166.041039 166.028624 166.022071 166.018623 166.017933 166.018623 166.022071 166.028624 166.041039 
166.041384 166.028624 166.021382 166.017933 166.016898 166.017933 166.021382 166.028624 166.041384 
0.000000 166.028624 166.020692 166.016898 166.016209 166.016898 166.020692 166.028624 0.000000 
0.000000 166.028624 166.020002 166.016209 166.015174 166.016209 166.020002 166.028624 0.000000 
0.000000 166.028624 166.019657 166.015174 166.014484 166.015174 166.019657 166.028624 0.000000 
0.000000 166.028969 166.018968 166.014484 166.013450 166.014484 166.018968 166.028969 0.000000 
0.000000 166.029314 166.018278 166.013795 166.012760 166.013795 166.018278 166.029314 0.000000 
0.000000 166.030003 166.017933 166.012760 166.011725 166.012760 166.017933 166.030003 0.000000 
0.000000 166.030693 166.017243 166.012070 166.011036 166.012070 166.017243 166.030693 0.000000 
0.000000 166.031728 166.017243 166.011036 166.010001 166.011036 166.017243 166.031728 0.000000 
0.000000 166.032762 166.017243 166.010346 166.009311 166.010346 166.017243 166.032762 0.000000 
0.000000 166.034832 166.017243 166.009656 166.008277 166.009656 166.017243 166.034832 0.000000 
0.000000 166.036556 166.017588 166.008622 166.007587 166.008622 166.017588 166.036556 0.000000 
0.000000 166.039315 166.018278 166.007932 166.006552 166.007932 166.018278 166.039315 0.000000 
0.000000 0.000000 166.019313 166.007242 166.005863 166.007242 166.019313 0.000000 0.000000 
0.000000 0.000000 166.021037 166.006552 166.004828 166.006552 166.021037 0.000000 0.000000 
0.000000 0.000000 166.022416 166.006208 166.004138 166.006208 166.022416 0.000000 0.000000 
0.000000 0.000000 166.027245 166.005863 166.003104 166.005863 166.027245 0.000000 0.000000 
0.000000 0.000000 166.032762 166.005863 166.002414 166.005863 166.032762 0.000000 0.000000 
0.000000 0.000000 0.000000 166.006897 166.001379 166.006897 0.000000 0.000000 0.000000 
0.000000 0.000000 0.000000 166.010001 166.000690 166.010001 0.000000 0.000000 0.000000 
0.000000 0.000000 0.000000 166.026555 166.000000 166.026555 0.000000 0.000000 0.000000 
