test/output/constant/M3M495_S060_A090_WD225.0_WS045.0/M3M495_S060_A090_WD225.0_WS045.0_raz.asc
ncols         37
nrows         13
xllcorner     426503.990666
yllcorner     12747755.311160
cellsize      100.000000
NODATA_value  0.000000
0 0 0 70 76 76 85 76 0 0 0 0 0 0 0 0 0 0 0 0 0 0 0 0 0 0 0 0 0 0 0 0 0 0 0 0 0 
353 14 70 81 76 92 88 92 92 97 70 92 76 85 88 92 0 0 0 0 0 0 0 0 0 0 0 0 0 0 0 0 0 0 0 0 0 
261 254 104 104 104 70 104 97 81 96 76 90 100 76 88 90 92 85 88 92 92 70 0 0 0 0 0 0 0 0 0 0 0 0 0 0 0 
194 173 104 104 104 104 104 104 88 104 104 101 96 96 104 94 81 104 96 76 101 76 101 85 92 0 0 0 0 0 0 0 0 0 0 0 0 
0 261 183 110 110 105 104 104 104 104 104 104 88 104 104 101 88 104 85 96 88 88 85 101 99 104 94 85 0 0 0 0 0 0 0 0 0 
0 0 183 115 113 111 110 104 104 104 104 104 104 104 104 104 104 104 104 104 85 104 100 88 103 101 99 100 99 96 0 0 0 0 0 0 0 
0 0 0 0 214 111 110 110 110 110 108 104 104 104 104 104 104 104 104 104 88 104 104 101 104 101 81 81 104 101 85 88 0 0 0 0 0 
0 0 0 0 0 0 173 113 110 110 108 104 104 104 104 104 104 104 104 104 104 104 101 88 104 104 104 76 88 104 102 104 104 97 0 0 0 
0 0 0 0 0 0 0 0 111 111 110 111 110 110 104 107 104 104 107 104 104 104 104 104 104 104 104 88 104 104 104 85 104 101 81 104 0 
0 0 0 0 0 0 0 0 0 0 0 110 111 110 110 110 104 108 104 104 104 104 104 104 104 104 104 104 104 104 104 88 104 104 104 104 104 
0 0 0 0 0 0 0 0 0 0 0 0 0 0 111 110 110 108 110 106 105 104 104 105 104 104 104 104 104 104 104 104 104 104 104 88 104 
0 0 0 0 0 0 0 0 0 0 0 0 0 0 0 0 0 110 110 110 110 106 104 106 104 104 104 104 104 104 104 104 104 104 104 104 104 
0 0 0 0 0 0 0 0 0 0 0 0 0 0 0 0 0 0 0 0 0 107 107 110 111 107 107 104 105 104 104 104 104 104 104 104 104 
