test/output/constant/M3M495_S060_A090_WD225.0_WS045.0/M3M495_S060_A090_WD225.0_WS045.0_ros.asc
ncols         37
nrows         13
xllcorner     426503.990666
yllcorner     12747755.311160
cellsize      100.000000
NODATA_value  0.000000
0.000000 0.000000 0.000000 9.768748 13.273836 13.273836 21.824097 13.273836 0.000000 0.000000 0.000000 0.000000 0.000000 0.000000 0.000000 0.000000 0.000000 0.000000 0.000000 0.000000 0.000000 0.000000 0.000000 0.000000 0.000000 0.000000 0.000000 0.000000 0.000000 0.000000 0.000000 0.000000 0.000000 0.000000 0.000000 0.000000 0.000000 
1.933906 2.414649 9.768748 17.331339 13.273836 36.533379 26.618837 36.533379 36.533379 49.995502 9.768748 36.533379 13.273836 21.824097 26.618837 36.533379 0.000000 0.000000 0.000000 0.000000 0.000000 0.000000 0.000000 0.000000 0.000000 0.000000 0.000000 0.000000 0.000000 0.000000 0.000000 0.000000 0.000000 0.000000 0.000000 0.000000 0.000000 
1.303040 0.000000 60.453560 60.453560 60.453560 9.768748 60.453560 49.995502 17.331339 45.886955 13.273836 31.571718 56.456993 13.273836 26.618837 31.571718 36.533379 21.824097 26.618837 36.533379 36.533379 9.768748 0.000000 0.000000 0.000000 0.000000 0.000000 0.000000 0.000000 0.000000 0.000000 0.000000 0.000000 0.000000 0.000000 0.000000 0.000000 
2.414649 3.475337 60.388554 60.453560 60.453560 60.453560 60.453560 60.453560 26.618837 60.453560 60.453560 58.613930 45.886955 45.886955 60.453560 41.353783 17.331339 60.453560 45.886955 13.273836 58.613930 13.273836 58.613930 21.824097 36.533379 0.000000 0.000000 0.000000 0.000000 0.000000 0.000000 0.000000 0.000000 0.000000 0.000000 0.000000 0.000000 
0.000000 1.303040 2.876397 50.696407 50.696407 60.115902 60.453560 60.453560 60.453560 60.453560 60.453560 60.453560 26.618837 60.453560 60.453560 58.613930 26.618837 60.453560 21.824097 45.886955 26.618837 26.618837 21.824097 58.613930 53.554836 60.453560 41.353783 21.824097 0.000000 0.000000 0.000000 0.000000 0.000000 0.000000 0.000000 0.000000 0.000000 
0.000000 0.000000 2.876397 37.441971 42.217953 46.681236 50.696407 60.453560 60.453560 60.453560 60.453560 60.453560 60.453560 60.453560 60.453560 60.453560 60.453560 60.453560 60.453560 60.453560 21.824097 60.453560 56.456993 26.618837 60.310432 58.613930 53.554836 56.456993 53.554836 45.886955 0.000000 0.000000 0.000000 0.000000 0.000000 0.000000 0.000000 
0.000000 0.000000 0.000000 0.000000 1.836849 46.681236 50.696407 50.696407 50.696407 50.696407 54.141582 60.453560 60.453560 60.453560 60.453560 60.453560 60.453560 60.453560 60.453560 60.453560 26.618837 60.453560 60.453560 58.613930 60.453560 58.613930 17.331339 17.331339 60.453560 58.613930 21.824097 26.618837 0.000000 0.000000 0.000000 0.000000 0.000000 
0.000000 0.000000 0.000000 0.000000 0.000000 0.000000 3.475337 42.217953 50.696407 50.696407 54.141582 60.388554 60.388554 60.453560 60.453560 60.453560 60.453560 60.453560 60.453560 60.453560 60.453560 60.453560 58.613930 26.618837 60.453560 60.453560 60.453560 13.273836 26.618837 60.453560 59.960217 60.453560 60.453560 49.995502 0.000000 0.000000 0.000000 
0.000000 0.000000 0.000000 0.000000 0.000000 0.000000 0.000000 0.000000 46.681236 46.681236 50.696407 46.681236 50.696407 50.696407 60.453560 56.912155 60.453560 60.453560 56.912155 60.453560 60.453560 60.453560 60.453560 60.453560 60.453560 60.453560 60.453560 26.618837 60.453560 60.453560 60.453560 21.824097 60.453560 58.613930 17.331339 60.453560 0.000000 
0.000000 0.000000 0.000000 0.000000 0.000000 0.000000 0.000000 0.000000 0.000000 0.000000 0.000000 50.696407 46.681236 50.696407 50.696407 50.696407 60.388554 54.141582 60.453560 60.453560 60.453560 60.453560 60.453560 60.453560 60.453560 60.453560 60.453560 60.453560 60.453560 60.453560 60.453560 26.618837 60.453560 60.453560 60.453560 60.453560 60.453560 
0.000000 0.000000 0.000000 0.000000 0.000000 0.000000 0.000000 0.000000 0.000000 0.000000 0.000000 0.000000 0.000000 0.000000 46.681236 50.696407 50.696407 54.141582 50.696407 58.923969 60.115902 60.453560 60.453560 60.115902 60.453560 60.453560 60.453560 60.453560 60.453560 60.453560 60.453560 60.453560 60.453560 60.453560 60.453560 26.618837 60.453560 
0.000000 0.000000 0.000000 0.000000 0.000000 0.000000 0.000000 0.000000 0.000000 0.000000 0.000000 0.000000 0.000000 0.000000 0.000000 0.000000 0.000000 50.696407 50.696407 50.696407 50.696407 58.923969 60.453560 58.923969 60.453560 60.388554 60.453560 60.453560 60.453560 60.453560 60.453560 60.453560 60.453560 60.453560 60.453560 60.453560 60.453560 
0.000000 0.000000 0.000000 0.000000 0.000000 0.000000 0.000000 0.000000 0.000000 0.000000 0.000000 0.000000 0.000000 0.000000 0.000000 0.000000 0.000000 0.000000 0.000000 0.000000 0.000000 56.912155 56.912155 50.696407 46.681236 56.912155 56.912155 60.453560 60.115902 60.453560 60.453560 60.453560 60.453560 60.453560 60.453560 60.453560 60.453560 
