test/output/constant/M380_S060_A090_WD000.0_WS020.0/M380_S060_A090_WD000.0_WS020.0_arrival.asc
ncols         9
nrows         56
xllcorner     426203.990666
yllcorner     12743255.311160
cellsize      100.000000
NODATA_value  0.000000
0.000000 0.000000 0.000000 166.028504 166.000000 166.028504 0.000000 0.000000 0.000000 
0.000000 0.000000 0.000000 166.010613 166.000606 166.010613 0.000000 0.000000 0.000000 
0.000000 0.000000 0.000000 166.006974 166.001213 166.006974 0.000000 0.000000 0.000000 
0.000000 0.000000 166.034871 166.005761 166.002123 166.005761 166.034871 0.000000 0.000000 
0.000000 0.000000 166.027594 166.005458 166.002729 166.005458 166.027594 0.000000 0.000000 
0.000000 0.000000 166.023955 166.005458 166.003639 166.005458 166.023955 0.000000 0.000000 
0.000000 0.000000 166.020923 166.006065 166.004245 166.006065 166.020923 0.000000 0.000000 
0.000000 0.000000 166.019103 166.006671 166.005155 166.006671 166.019103 0.000000 0.000000 
0.000000 166.040633 166.018194 166.007278 166.005761 166.007278 166.018194 166.040633 0.000000 
0.000000 166.038207 166.017284 166.007884 166.006671 166.007884 166.017284 166.038207 0.000000 
0.000000 166.034871 166.016678 166.008490 166.007278 166.008490 166.016678 166.034871 0.000000 
0.000000 166.033052 166.016374 166.009097 166.008187 166.009097 166.016374 166.033052 0.000000 
0.000000 166.031536 166.016374 166.010007 166.008794 166.010007 166.016374 166.031536 0.000000 
0.000000 166.030323 166.016374 166.010613 166.009703 166.010613 166.016374 166.030323 0.000000 
0.000000 166.029413 166.016374 166.011523 166.010310 166.011523 166.016374 166.029413 0.000000 
0.000000 166.028807 166.016981 166.012129 166.011219 166.012129 166.016981 166.028807 0.000000 
0.000000 166.028200 166.017284 166.012736 166.011826 166.012736 166.017284 166.028200 0.000000 
0.000000 166.027594 166.017891 166.013645 166.012736 166.013645 166.017891 166.027594 0.000000 
0.000000 166.027594 166.018497 166.014252 166.013342 166.014252 166.018497 166.027594 0.000000 
166.041542 166.027291 166.019103 166.015161 166.014252 166.015161 166.019103 166.027291 166.041542 
166.040936 166.027291 166.019407 166.015768 166.014858 166.015768 166.019407 166.027291 166.040936 
166.040026 166.027291 166.020013 166.016678 166.015768 166.016678 166.020013 166.027291 166.040026 
166.039420 166.027291 166.020620 166.017284 166.016374 166.017284 166.020620 166.027291 166.039420 
166.039117 166.027291 166.021226 166.017891 166.017284 166.017891 166.021226 166.027291 166.039117 
166.038813 166.027897 166.021833 166.018800 166.017891 166.018800 166.021833 166.027897 166.038813 
166.038510 166.028200 166.022439 166.019407 166.018800 166.019407 166.022439 166.028200 166.038510 
166.038207 166.028807 166.023045 166.020316 166.019407 166.020316 166.023045 166.028807 166.038207 
166.038207 166.029110 166.023652 166.020923 166.020316 166.020923 166.023652 166.029110 166.038207 
166.037904 166.029716 166.024258 166.021833 166.020923 166.021833 166.024258 166.029716 166.037904 
166.037904 166.030323 166.025168 166.022439 166.021833 166.022439 166.025168 166.030323 166.037904 
166.037904 166.030626 166.025774 166.023349 166.022439 166.023349 166.025774 166.030626 166.037904 
166.037904 166.031233 166.026381 166.023955 166.023349 166.023955 166.026381 166.031233 166.037904 
166.038207 166.031839 166.027291 166.024865 166.023955 166.024865 166.027291 166.031839 166.038207 
166.038510 166.032446 166.027897 166.025471 166.024865 166.025471 166.027897 166.032446 166.038510 
166.039117 166.033052 166.028504 166.026381 166.025471 166.026381 166.028504 166.033052 166.039117 
166.039420 166.033355 166.029110 166.026987 166.026381 166.026987 166.029110 166.033355 166.039420 
166.040026 166.033962 166.030020 166.027897 166.026987 166.027897 166.030020 166.033962 166.040026 
166.040633 166.034568 166.030626 166.028504 166.027897 166.028504 166.030626 166.034568 166.040633 
166.040936 166.035175 166.031233 166.029413 166.028504 166.029413 166.031233 166.035175 166.040936 
166.041542 166.035478 166.032142 166.030020 166.029413 166.030020 166.032142 166.035478 166.041542 
0.000000 166.036084 166.032749 166.030626 166.030020 166.030626 166.032749 166.036084 0.000000 
0.000000 166.036994 166.033355 166.031536 166.030929 166.031536 166.033355 166.036994 0.000000 
0.000000 166.037600 166.034265 166.032142 166.031536 166.032142 166.034265 166.037600 0.000000 
0.000000 166.038207 166.034871 166.033052 166.032446 166.033052 166.034871 166.038207 0.000000 
0.000000 166.038813 166.035781 166.033658 166.033052 166.033658 166.035781 166.038813 0.000000 
0.000000 166.039420 166.036388 166.034568 166.033962 166.034568 166.036388 166.039420 0.000000 
0.000000 166.040026 166.037297 166.035175 166.034568 166.035175 166.037297 166.040026 0.000000 
0.000000 166.040936 166.037904 166.036084 166.035478 166.036084 166.037904 166.040936 0.000000 
0.000000 166.041542 166.038510 166.036691 166.036084 166.036691 166.038510 166.041542 0.000000 
0.000000 0.000000 166.039420 166.037600 166.036994 166.037600 166.039420 0.000000 0.000000 
0.000000 0.000000 166.040026 166.038207 166.037600 166.038207 166.040026 0.000000 0.000000 
0.000000 0.000000 166.040633 166.038813 166.038510 166.038813 166.040633 0.000000 0.000000 
0.000000 0.000000 166.041542 166.039723 166.039117 166.039723 166.041542 0.000000 0.000000 
0.000000 0.000000 0.000000 166.040330 166.040026 166.040330 0.000000 0.000000 0.000000 
0.000000 0.000000 0.000000 166.041239 166.040633 166.041239 0.000000 0.000000 0.000000 
0.000000 0.000000 0.000000 0.000000 166.041542 0.000000 0.000000 0.000000 0.000000 
