test/output/constant/M3M450_S060_A090_WD000.0_WS010.0/M3M450_S060_A090_WD000.0_WS010.0_arrival.asc
ncols         7
nrows         33
xllcorner     426303.990666
yllcorner     12745555.311160
cellsize      100.000000
NODATA_value  0.000000
0.000000 0.000000 166.027684 166.000000 166.027684 0.000000 0.000000 
0.000000 0.000000 166.011492 166.001045 166.011492 0.000000 0.000000 
0.000000 0.000000 166.008358 166.002089 166.008358 0.000000 0.000000 
0.000000 166.037086 166.007835 166.003656 166.007835 166.037086 0.000000 
0.000000 166.030818 166.007835 166.004701 166.007835 166.030818 0.000000 
0.000000 166.027162 166.008880 166.006268 166.008880 166.027162 0.000000 
0.000000 166.025073 166.009402 166.007313 166.009402 166.025073 0.000000 
0.000000 166.023505 166.010447 166.008880 166.010447 166.023505 0.000000 
0.000000 166.022983 166.011492 166.009925 166.011492 166.022983 0.000000 
0.000000 166.022983 166.012536 166.011492 166.012536 166.022983 0.000000 
166.041667 166.022461 166.014103 166.012536 166.014103 166.022461 166.041667 
166.040220 166.022983 166.015148 166.014103 166.015148 166.022983 166.040220 
166.039176 166.023505 166.016715 166.015148 166.016715 166.023505 166.039176 
166.038653 166.024028 166.017760 166.016715 166.017760 166.024028 166.038653 
166.038131 166.025073 166.019327 166.017760 166.019327 166.025073 166.038131 
166.037609 166.026117 166.020371 166.019327 166.020371 166.026117 166.037609 
166.037609 166.026640 166.021416 166.020371 166.021416 166.026640 166.037609 
166.037609 166.027684 166.022983 166.021938 166.022983 166.027684 166.037609 
166.037609 166.028729 166.024028 166.022983 166.024028 166.028729 166.037609 
166.038131 166.029774 166.025595 166.024550 166.025595 166.029774 166.038131 
166.039176 166.030818 166.026640 166.025595 166.026640 166.030818 166.039176 
166.039698 166.031863 166.028207 166.027162 166.028207 166.031863 166.039698 
166.040743 166.032908 166.029251 166.028207 166.029251 166.032908 166.040743 
166.041265 166.033952 166.030818 166.029774 166.030818 166.033952 166.041265 
0.000000 166.035519 166.031863 166.030818 166.031863 166.035519 0.000000 
0.000000 166.036564 166.032908 166.032385 166.032908 166.036564 0.000000 
0.000000 166.037609 166.034475 166.033430 166.034475 166.037609 0.000000 
0.000000 166.038653 166.035519 166.034997 166.035519 166.038653 0.000000 
0.000000 166.040220 166.037086 166.036042 166.037086 166.040220 0.000000 
0.000000 166.041265 166.038131 166.037609 166.038131 166.041265 0.000000 
0.000000 0.000000 166.039698 166.038653 166.039698 0.000000 0.000000 
0.000000 0.000000 166.040743 166.040220 166.040743 0.000000 0.000000 
0.000000 0.000000 0.000000 166.041265 0.000000 0.000000 0.000000 
