test/output/constant/M395_S060_A090_WD315.0_WS010.0/M395_S060_A090_WD315.0_WS010.0_intensity.asc
ncols         14
nrows         61
xllcorner     426403.990666
yllcorner     12742755.311160
cellsize      100.000000
NODATA_value  0.000000
0 496 0 666 0 0 0 0 0 0 0 0 0 0 
0 19102 92828 63666 666 0 0 0 0 0 0 0 0 0 
0 33164 92828 90397 63666 0 0 0 0 0 0 0 0 0 
0 25810 92828 87184 63666 999 0 0 0 0 0 0 0 0 
496 48904 92828 87184 63666 63666 0 0 0 0 0 0 0 0 
33164 25810 83264 92828 63666 1200 1200 0 0 0 0 0 0 0 
25810 48904 90656 92828 90397 56016 63666 0 0 0 0 0 0 0 
25810 48904 92828 92828 92680 70814 63666 0 0 0 0 0 0 0 
19102 56812 19102 92828 92828 63666 63666 2383 0 0 0 0 0 0 
25810 56812 77854 92828 92828 82754 63666 56016 0 0 0 0 0 0 
56812 48904 83264 92828 92828 90397 63666 63666 0 0 0 0 0 0 
19102 48904 56812 92828 92828 92828 63666 63666 63666 0 0 0 0 0 
25810 19102 71510 92828 92828 90397 63666 70814 63666 0 0 0 0 0 
25810 25810 83264 19102 92828 92828 90397 63666 63666 0 0 0 0 0 
48904 56812 64425 92413 92828 92828 87184 63666 63666 0 0 0 0 0 
25810 19102 71510 92828 92828 92828 92828 90397 666 56016 0 0 0 0 
48904 71510 40941 48904 92828 92828 70814 87184 70814 70814 0 0 0 0 
56812 56812 77854 92828 92828 92828 92828 87184 70814 63666 0 0 0 0 
48904 77854 48904 92828 92828 92295 92828 87184 63666 63666 0 0 0 0 
25810 56812 33164 92828 92828 92828 82754 92828 90397 63666 63666 0 0 0 
0 48904 71510 25810 92828 92828 82754 82754 82754 63666 63666 0 0 0 
0 71510 77854 77854 90656 92828 92828 92295 87184 63666 63666 0 0 0 
0 56812 56812 87575 92828 92828 87184 92828 90397 63666 63666 0 0 0 
0 56812 77854 83264 64425 92828 92828 92828 92828 63666 70814 0 0 0 
0 71510 56812 71510 92828 92828 92828 92828 77241 87184 63666 70814 0 0 
0 56812 33164 40941 92828 92828 92828 92828 70814 90397 63666 63666 0 0 
0 33164 77854 25810 92828 92828 87184 92828 92295 90397 70814 63666 0 0 
0 64425 56812 71510 92828 92828 92828 92828 92828 92828 90397 63666 0 0 
0 48904 19102 77854 83264 92828 92828 92828 92828 92680 87184 70814 0 0 
0 33164 19102 56812 87575 92413 92828 92828 92828 92828 82754 63666 0 0 
0 0 64425 83264 92828 92828 92828 92828 92680 82754 90397 82754 63666 0 
0 0 56812 87575 92828 92828 92828 92828 92828 90397 92828 92680 63666 0 
0 0 77854 64425 40941 83264 92828 92828 92828 90397 92680 82754 87184 0 
0 0 56812 64425 83264 92828 92828 92828 92828 92828 92828 87184 92828 0 
0 0 40941 33164 83264 33164 92828 92828 92828 92828 82754 90397 63666 0 
0 0 64425 71510 92739 92828 92828 92828 92828 90397 77241 92828 87184 0 
0 0 48904 71510 92828 92828 64425 92828 87184 92828 87184 90397 87184 0 
0 0 33164 40941 48904 87575 92828 92828 92828 92680 82754 77241 87184 0 
0 0 0 25810 33164 92828 92828 92828 92828 92828 92828 87184 90397 82754 
0 0 0 71510 77854 40941 33164 92828 92828 90397 92295 82754 92828 82754 
0 0 0 56812 83264 77854 92828 92828 92828 92828 82754 87184 90397 92295 
0 0 0 19102 71510 90656 92828 92828 92828 92828 82754 92828 82754 87184 
0 0 0 87575 40941 92828 92828 92828 92828 92828 92828 92828 92680 90397 
0 0 0 0 33164 92828 64425 92828 92828 92828 92828 92295 92828 92828 
0 0 0 0 87575 71510 92828 92828 92828 92828 92828 90397 92828 90397 
0 0 0 0 64425 83264 92828 92828 92828 92828 92828 92828 92828 77241 
0 0 0 0 71510 90656 92739 77854 92828 92828 92828 92828 70814 92828 
0 0 0 0 0 92828 92828 92828 92828 90397 92295 82754 90397 92828 
0 0 0 0 0 92828 40941 40941 90656 92828 92828 92828 90397 70814 
0 0 0 0 0 71510 92828 71510 92828 92828 92828 92828 92828 92828 
0 0 0 0 0 77854 92739 92413 92828 92828 92828 92828 92828 92828 
0 0 0 0 0 0 90656 92828 92828 92828 82754 92828 92828 70814 
0 0 0 0 0 0 87575 87575 40941 92413 92828 92828 87184 82754 
0 0 0 0 0 0 92828 92828 90656 92828 92828 87184 90397 77241 
0 0 0 0 0 0 0 77854 92828 92828 92828 87184 87184 92828 
0 0 0 0 0 0 0 92413 92828 92828 92828 92828 92295 82754 
0 0 0 0 0 0 0 0 92739 92828 87184 92828 92828 92828 
0 0 0 0 0 0 0 0 92828 92828 92828 92828 92828 0 
0 0 0 0 0 0 0 0 71510 92828 92828 92828 92828 0 
0 0 0 0 0 0 0 0 0 92828 92828 92295 92828 0 
0 0 0 0 0 0 0 0 0 0 92828 92828 0 0 
