test/output/constant/M3M485_S060_A000_WD315.0_WS015.0/M3M485_S060_A000_WD315.0_WS015.0_raz.asc
ncols         33
nrows         15
xllcorner     423503.990666
yllcorner     12747455.311160
cellsize      100.000000
NODATA_value  0.000000
0 0 0 0 0 0 0 0 0 0 0 0 0 0 0 0 0 0 0 0 0 0 276 271 271 271 271 276 276 281 281 43 357 
0 0 0 0 0 0 0 0 0 0 0 0 0 0 0 0 0 271 271 271 271 281 281 281 271 271 299 271 265 271 249 65535 159 
0 0 0 0 0 0 0 0 0 0 0 0 0 0 271 268 289 268 281 268 271 281 271 268 299 271 265 249 249 249 249 168 94 
0 0 0 0 0 0 0 0 0 0 0 0 276 268 276 268 276 281 268 268 262 255 268 262 249 249 249 249 241 185 168 159 0 
0 0 0 0 0 0 0 0 0 0 268 268 268 276 268 268 276 268 258 268 276 249 249 249 249 249 244 241 199 185 168 0 0 
0 0 0 0 0 0 0 0 265 281 268 262 268 268 276 262 257 268 271 249 249 249 249 249 247 185 199 199 163 168 0 0 0 
0 0 0 0 0 0 268 271 276 268 254 265 268 257 262 249 249 249 249 249 249 249 244 237 209 239 199 140 185 0 0 0 0 
0 0 0 0 268 257 260 271 276 281 268 258 249 249 249 249 249 249 249 243 243 241 239 209 199 239 140 0 0 0 0 0 0 
0 0 0 260 268 257 257 265 281 249 249 249 249 249 249 249 249 245 245 168 94 199 237 239 168 0 0 0 0 0 0 0 0 
0 0 260 255 258 271 276 271 249 249 249 249 249 249 247 244 185 243 239 239 237 185 237 0 0 0 0 0 0 0 0 0 0 
0 258 265 249 268 249 249 249 249 249 249 249 249 247 239 241 185 239 185 239 199 0 0 0 0 0 0 0 0 0 0 0 0 
249 249 249 249 249 249 249 247 248 249 241 185 244 185 239 163 185 185 237 0 0 0 0 0 0 0 0 0 0 0 0 0 0 
249 249 249 249 249 249 249 249 244 245 241 244 239 239 239 239 0 0 0 0 0 0 0 0 0 0 0 0 0 0 0 0 0 
249 249 249 249 249 249 244 247 249 244 239 199 239 0 0 0 0 0 0 0 0 0 0 0 0 0 0 0 0 0 0 0 0 
0 249 249 249 245 244 241 185 0 0 0 0 0 0 0 0 0 0 0 0 0 0 0 0 0 0 0 0 0 0 0 0 0 
