test/output/constant/M3M485_S060_A000_WD315.0_WS015.0/M3M485_S060_A000_WD315.0_WS015.0_arrival.asc
ncols         33
nrows         15
xllcorner     423503.990666
yllcorner     12747455.311160
cellsize      100.000000
NODATA_value  0.000000
0.000000 0.000000 0.000000 0.000000 0.000000 0.000000 0.000000 0.000000 0.000000 0.000000 0.000000 0.000000 0.000000 0.000000 0.000000 0.000000 0.000000 0.000000 0.000000 0.000000 0.000000 0.000000 166.039669 166.036241 166.032813 166.029385 166.026446 166.023508 166.020569 166.017631 166.016651 166.018610 166.033303 
0.000000 0.000000 0.000000 0.000000 0.000000 0.000000 0.000000 0.000000 0.000000 0.000000 0.000000 0.000000 0.000000 0.000000 0.000000 0.000000 0.000000 166.040649 166.037221 166.034282 166.030854 166.027426 166.023997 166.020569 166.017141 166.013713 166.010774 166.007346 166.004408 166.002449 166.000979 166.000000 166.022038 
0.000000 0.000000 0.000000 0.000000 0.000000 0.000000 0.000000 0.000000 0.000000 0.000000 0.000000 0.000000 0.000000 0.000000 166.041139 166.037710 166.034772 166.031344 166.028405 166.024977 166.022038 166.019100 166.016162 166.013223 166.010774 166.008326 166.006367 166.004897 166.003428 166.002449 166.001959 166.003918 166.029385 
0.000000 0.000000 0.000000 0.000000 0.000000 0.000000 0.000000 0.000000 0.000000 0.000000 0.000000 0.000000 166.039669 166.036241 166.033792 166.030364 166.027915 166.024977 166.022038 166.019100 166.016651 166.014203 166.012244 166.010285 166.008815 166.007836 166.006367 166.005387 166.005387 166.005877 166.010774 166.024487 0.000000 
0.000000 0.000000 0.000000 0.000000 0.000000 0.000000 0.000000 0.000000 0.000000 0.000000 166.039180 166.036241 166.033303 166.030854 166.027915 166.025467 166.023018 166.020569 166.018121 166.016162 166.014692 166.012733 166.011754 166.010285 166.008815 166.008326 166.008326 166.008815 166.011264 166.017141 166.028895 0.000000 0.000000 
0.000000 0.000000 0.000000 0.000000 0.000000 0.000000 0.000000 0.000000 166.039180 166.036731 166.033792 166.031344 166.028895 166.026446 166.024487 166.022038 166.020080 166.018610 166.017141 166.015672 166.014203 166.013223 166.012244 166.011754 166.011754 166.012244 166.013713 166.017141 166.023997 166.034282 0.000000 0.000000 0.000000 
0.000000 0.000000 0.000000 0.000000 0.000000 0.000000 166.040159 166.037710 166.035262 166.032813 166.030364 166.028405 166.026446 166.023997 166.022528 166.021059 166.019590 166.018121 166.017141 166.015672 166.015182 166.015182 166.014692 166.015182 166.016651 166.019100 166.023508 166.030364 166.040649 0.000000 0.000000 0.000000 0.000000 
0.000000 0.000000 0.000000 0.000000 166.041139 166.038690 166.036241 166.034282 166.032323 166.030364 166.028405 166.026446 166.024977 166.023508 166.022528 166.021059 166.019590 166.019100 166.018121 166.018121 166.018121 166.018610 166.019590 166.021549 166.024977 166.029874 166.037221 0.000000 0.000000 0.000000 0.000000 0.000000 0.000000 
0.000000 0.000000 0.000000 166.040159 166.038200 166.036241 166.034282 166.032323 166.030854 166.028895 166.027426 166.026446 166.024977 166.023508 166.022528 166.022038 166.021549 166.021549 166.021549 166.022038 166.023018 166.024487 166.026936 166.030854 166.036731 0.000000 0.000000 0.000000 0.000000 0.000000 0.000000 0.000000 0.000000 
0.000000 0.000000 166.040159 166.038200 166.036241 166.034772 166.033303 166.031833 166.030364 166.028895 166.027915 166.026446 166.025956 166.024977 166.024487 166.024487 166.024977 166.024977 166.025956 166.027426 166.029385 166.032813 166.037221 0.000000 0.000000 0.000000 0.000000 0.000000 0.000000 0.000000 0.000000 0.000000 0.000000 
0.000000 166.040159 166.038690 166.037221 166.035751 166.034282 166.032813 166.031833 166.030364 166.029385 166.028895 166.028405 166.027915 166.027915 166.027915 166.028405 166.029385 166.030364 166.032323 166.034772 166.038690 0.000000 0.000000 0.000000 0.000000 0.000000 0.000000 0.000000 0.000000 0.000000 0.000000 0.000000 0.000000 
166.041139 166.039669 166.038200 166.037221 166.035751 166.034772 166.033303 166.032323 166.031833 166.031344 166.031344 166.031344 166.031344 166.031833 166.032323 166.033792 166.035262 166.037710 166.040649 0.000000 0.000000 0.000000 0.000000 0.000000 0.000000 0.000000 0.000000 0.000000 0.000000 0.000000 0.000000 0.000000 0.000000 
166.041139 166.039669 166.038690 166.037221 166.036241 166.035262 166.034772 166.034282 166.034282 166.034282 166.034772 166.034772 166.035751 166.036731 166.038200 166.040159 0.000000 0.000000 0.000000 0.000000 0.000000 0.000000 0.000000 0.000000 0.000000 0.000000 0.000000 0.000000 0.000000 0.000000 0.000000 0.000000 0.000000 
166.041139 166.040159 166.039180 166.038690 166.038200 166.037710 166.037710 166.037710 166.037710 166.038200 166.038690 166.040159 166.041139 0.000000 0.000000 0.000000 0.000000 0.000000 0.000000 0.000000 0.000000 0.000000 0.000000 0.000000 0.000000 0.000000 0.000000 0.000000 0.000000 0.000000 0.000000 0.000000 0.000000 
0.000000 166.041628 166.041628 166.041139 166.040649 166.041139 166.041139 166.041628 0.000000 0.000000 0.000000 0.000000 0.000000 0.000000 0.000000 0.000000 0.000000 0.000000 0.000000 0.000000 0.000000 0.000000 0.000000 0.000000 0.000000 0.000000 0.000000 0.000000 0.000000 0.000000 0.000000 0.000000 0.000000 
