test/output/constant/M380_S060_A180_WD045.0_WS015.0/M380_S060_A180_WD045.0_WS015.0_arrival.asc
ncols         33
nrows         15
xllcorner     426503.990666
yllcorner     12747455.311160
cellsize      100.000000
NODATA_value  0.000000
166.033303 166.018610 166.016651 166.017631 166.020569 166.023508 166.026446 166.029385 166.032813 166.036241 166.039669 0.000000 0.000000 0.000000 0.000000 0.000000 0.000000 0.000000 0.000000 0.000000 0.000000 0.000000 0.000000 0.000000 0.000000 0.000000 0.000000 0.000000 0.000000 0.000000 0.000000 0.000000 0.000000 
166.022038 166.000000 166.000979 166.002449 166.004408 166.007346 166.010774 166.013713 166.017141 166.020569 166.023997 166.027426 166.030854 166.034282 166.037221 166.040649 0.000000 0.000000 0.000000 0.000000 0.000000 0.000000 0.000000 0.000000 0.000000 0.000000 0.000000 0.000000 0.000000 0.000000 0.000000 0.000000 0.000000 
166.029385 166.003918 166.001959 166.002449 166.003428 166.004897 166.006367 166.008326 166.010774 166.013223 166.016162 166.019100 166.022038 166.024977 166.028405 166.031344 166.034772 166.037710 166.041139 0.000000 0.000000 0.000000 0.000000 0.000000 0.000000 0.000000 0.000000 0.000000 0.000000 0.000000 0.000000 0.000000 0.000000 
0.000000 166.024487 166.010774 166.005877 166.005387 166.005387 166.006367 166.007836 166.008815 166.010285 166.012244 166.014203 166.016651 166.019100 166.022038 166.024977 166.027915 166.030364 166.033792 166.036241 166.039669 0.000000 0.000000 0.000000 0.000000 0.000000 0.000000 0.000000 0.000000 0.000000 0.000000 0.000000 0.000000 
0.000000 0.000000 166.028895 166.017141 166.011264 166.008815 166.008326 166.008326 166.008815 166.010285 166.011754 166.012733 166.014692 166.016162 166.018121 166.020569 166.023018 166.025467 166.027915 166.030854 166.033303 166.036241 166.039180 0.000000 0.000000 0.000000 0.000000 0.000000 0.000000 0.000000 0.000000 0.000000 0.000000 
0.000000 0.000000 0.000000 166.034282 166.023997 166.017141 166.013713 166.012244 166.011754 166.011754 166.012244 166.013223 166.014203 166.015672 166.017141 166.018610 166.020080 166.022038 166.024487 166.026446 166.028895 166.031344 166.033792 166.036731 166.039180 0.000000 0.000000 0.000000 0.000000 0.000000 0.000000 0.000000 0.000000 
0.000000 0.000000 0.000000 0.000000 166.040649 166.030364 166.023508 166.019100 166.016651 166.015182 166.014692 166.015182 166.015182 166.015672 166.017141 166.018121 166.019590 166.021059 166.022528 166.023997 166.026446 166.028405 166.030364 166.032813 166.035262 166.037710 166.040159 0.000000 0.000000 0.000000 0.000000 0.000000 0.000000 
0.000000 0.000000 0.000000 0.000000 0.000000 0.000000 166.037221 166.029874 166.024977 166.021549 166.019590 166.018610 166.018121 166.018121 166.018121 166.019100 166.019590 166.021059 166.022528 166.023508 166.024977 166.026446 166.028405 166.030364 166.032323 166.034282 166.036241 166.038690 166.041139 0.000000 0.000000 0.000000 0.000000 
0.000000 0.000000 0.000000 0.000000 0.000000 0.000000 0.000000 0.000000 166.036731 166.030854 166.026936 166.024487 166.023018 166.022038 166.021549 166.021549 166.021549 166.022038 166.022528 166.023508 166.024977 166.026446 166.027426 166.028895 166.030854 166.032323 166.034282 166.036241 166.038200 166.040159 0.000000 0.000000 0.000000 
0.000000 0.000000 0.000000 0.000000 0.000000 0.000000 0.000000 0.000000 0.000000 0.000000 166.037221 166.032813 166.029385 166.027426 166.025956 166.024977 166.024977 166.024487 166.024487 166.024977 166.025956 166.026446 166.027915 166.028895 166.030364 166.031833 166.033303 166.034772 166.036241 166.038200 166.040159 0.000000 0.000000 
0.000000 0.000000 0.000000 0.000000 0.000000 0.000000 0.000000 0.000000 0.000000 0.000000 0.000000 0.000000 166.038690 166.034772 166.032323 166.030364 166.029385 166.028405 166.027915 166.027915 166.027915 166.028405 166.028895 166.029385 166.030364 166.031833 166.032813 166.034282 166.035751 166.037221 166.038690 166.040159 0.000000 
0.000000 0.000000 0.000000 0.000000 0.000000 0.000000 0.000000 0.000000 0.000000 0.000000 0.000000 0.000000 0.000000 0.000000 166.040649 166.037710 166.035262 166.033792 166.032323 166.031833 166.031344 166.031344 166.031344 166.031344 166.031833 166.032323 166.033303 166.034772 166.035751 166.037221 166.038200 166.039669 166.041139 
0.000000 0.000000 0.000000 0.000000 0.000000 0.000000 0.000000 0.000000 0.000000 0.000000 0.000000 0.000000 0.000000 0.000000 0.000000 0.000000 0.000000 166.040159 166.038200 166.036731 166.035751 166.034772 166.034772 166.034282 166.034282 166.034282 166.034772 166.035262 166.036241 166.037221 166.038690 166.039669 166.041139 
0.000000 0.000000 0.000000 0.000000 0.000000 0.000000 0.000000 0.000000 0.000000 0.000000 0.000000 0.000000 0.000000 0.000000 0.000000 0.000000 0.000000 0.000000 0.000000 0.000000 166.041139 166.040159 166.038690 166.038200 166.037710 166.037710 166.037710 166.037710 166.038200 166.038690 166.039180 166.040159 166.041139 
0.000000 0.000000 0.000000 0.000000 0.000000 0.000000 0.000000 0.000000 0.000000 0.000000 0.000000 0.000000 0.000000 0.000000 0.000000 0.000000 0.000000 0.000000 0.000000 0.000000 0.000000 0.000000 0.000000 0.000000 0.000000 166.041628 166.041139 166.041139 166.040649 166.041139 166.041628 166.041628 0.000000 
