test/output/constant/M380_S060_A180_WD045.0_WS015.0/M380_S060_A180_WD045.0_WS015.0_intensity.asc
ncols         33
nrows         15
xllcorner     426503.990666
yllcorner     12747455.311160
cellsize      100.000000
NODATA_value  0.000000
1545 9782 9782 9782 9782 9782 24427 24427 24427 24427 12985 0 0 0 0 0 0 0 0 0 0 0 0 0 0 0 0 0 0 0 0 0 0 
1919 0 48945 48945 36190 32434 12985 28473 20417 9782 9782 12985 16565 16565 24427 24427 0 0 0 0 0 0 0 0 0 0 0 0 0 0 0 0 0 
1443 2171 48787 48945 48945 48945 48945 48945 4859 42646 39629 9782 36190 32434 16565 32434 12985 32434 20417 0 0 0 0 0 0 0 0 0 0 0 0 0 0 
0 1919 31048 47954 46447 48945 48945 48945 48945 48945 48945 48945 36190 36190 48945 16565 12985 28473 12985 28473 12985 0 0 0 0 0 0 0 0 0 0 0 0 
0 0 3020 27054 34883 47954 48945 48945 48945 48945 48945 48945 12985 36190 48945 47066 12985 45150 45150 12985 45150 47066 48918 0 0 0 0 0 0 0 0 0 0 
0 0 0 2171 2033 34883 34883 46447 46447 48945 48945 48945 48945 48945 16565 48945 48918 48945 12985 42646 36190 36190 32434 9782 36190 0 0 0 0 0 0 0 0 
0 0 0 0 3020 3020 34883 34883 48945 46447 44313 48945 48945 48945 48945 48945 48945 48945 48945 39629 48945 48945 48945 48945 9782 48334 45150 0 0 0 0 0 0 
0 0 0 0 0 0 34883 34883 34883 34883 34883 44313 47954 48945 48945 48945 48945 48945 48945 48945 48945 36190 48945 12985 12985 48945 48918 48945 39629 0 0 0 0 
0 0 0 0 0 0 0 0 2171 34883 31048 46447 1443 48945 48945 48945 48945 48945 48945 48945 48945 48945 48945 48945 9782 48945 48945 48945 48945 48945 0 0 0 
0 0 0 0 0 0 0 0 0 0 31048 34883 31048 47954 48787 48787 48945 48787 48945 48945 48945 48945 48945 48945 48945 16565 12985 48945 36190 48945 48945 0 0 
0 0 0 0 0 0 0 0 0 0 0 0 34883 34883 34883 34883 48787 47954 44313 48945 48945 48945 48945 48945 48945 48945 48945 48945 48945 48945 48945 42646 0 
0 0 0 0 0 0 0 0 0 0 0 0 0 0 31048 34883 47954 48945 34883 47954 48945 48945 48945 48945 48945 47954 48945 48945 48945 48945 48945 48945 48945 
0 0 0 0 0 0 0 0 0 0 0 0 0 0 0 0 0 34883 47954 47954 48945 47954 48945 48787 48945 48945 48945 48945 48945 48945 48945 48945 48945 
0 0 0 0 0 0 0 0 0 0 0 0 0 0 0 0 0 0 0 0 34883 47954 34883 48787 48945 47954 48945 48945 48945 48945 48945 48945 48918 
0 0 0 0 0 0 0 0 0 0 0 0 0 0 0 0 0 0 0 0 0 0 0 0 0 48945 48945 48945 48945 48945 48918 48945 0 
