test/output/constant/M380_S060_A180_WD045.0_WS015.0/M380_S060_A180_WD045.0_WS015.0_ros.asc
ncols         33
nrows         15
xllcorner     426503.990666
yllcorner     12747455.311160
cellsize      100.000000
NODATA_value  0.000000
1.751518 11.089570 11.089570 11.089570 11.089570 11.089570 27.689636 27.689636 27.689636 27.689636 14.720275 0.000000 0.000000 0.000000 0.000000 0.000000 0.000000 0.000000 0.000000 0.000000 0.000000 0.000000 0.000000 0.000000 0.000000 0.000000 0.000000 0.000000 0.000000 0.000000 0.000000 0.000000 0.000000 
2.175420 0.000000 55.482475 55.482475 41.024742 36.766205 14.720275 32.276020 23.145082 11.089570 11.089570 14.720275 18.778608 18.778608 27.689636 27.689636 0.000000 0.000000 0.000000 0.000000 0.000000 0.000000 0.000000 0.000000 0.000000 0.000000 0.000000 0.000000 0.000000 0.000000 0.000000 0.000000 0.000000 
1.636182 2.461314 55.304253 55.482475 55.482475 55.482475 55.482475 55.482475 5.508160 48.343056 44.922977 11.089570 41.024742 36.766205 18.778608 36.766205 14.720275 36.766205 23.145082 0.000000 0.000000 0.000000 0.000000 0.000000 0.000000 0.000000 0.000000 0.000000 0.000000 0.000000 0.000000 0.000000 0.000000 
0.000000 2.175420 35.195263 54.359196 52.651333 55.482475 55.482475 55.482475 55.482475 55.482475 55.482475 55.482475 41.024742 41.024742 55.482475 18.778608 14.720275 32.276020 14.720275 32.276020 14.720275 0.000000 0.000000 0.000000 0.000000 0.000000 0.000000 0.000000 0.000000 0.000000 0.000000 0.000000 0.000000 
0.000000 0.000000 3.423633 30.668091 39.542206 54.359196 55.482475 55.482475 55.482475 55.482475 55.482475 55.482475 14.720275 41.024742 55.482475 53.352524 14.720275 51.181526 51.181526 14.720275 51.181526 53.352524 55.451752 0.000000 0.000000 0.000000 0.000000 0.000000 0.000000 0.000000 0.000000 0.000000 0.000000 
0.000000 0.000000 0.000000 2.461314 2.305389 39.542206 39.542206 52.651333 52.651333 55.482475 55.482475 55.482475 55.482475 55.482475 18.778608 55.482475 55.451752 55.482475 14.720275 48.343056 41.024742 41.024742 36.766205 11.089570 41.024742 0.000000 0.000000 0.000000 0.000000 0.000000 0.000000 0.000000 0.000000 
0.000000 0.000000 0.000000 0.000000 3.423633 3.423633 39.542206 39.542206 55.482475 52.651333 50.232704 55.482475 55.482475 55.482475 55.482475 55.482475 55.482475 55.482475 55.482475 44.922977 55.482475 55.482475 55.482475 55.482475 11.089570 54.790405 51.181526 0.000000 0.000000 0.000000 0.000000 0.000000 0.000000 
0.000000 0.000000 0.000000 0.000000 0.000000 0.000000 39.542206 39.542206 39.542206 39.542206 39.542206 50.232704 54.359196 55.482475 55.482475 55.482475 55.482475 55.482475 55.482475 55.482475 55.482475 41.024742 55.482475 14.720275 14.720275 55.482475 55.451752 55.482475 44.922977 0.000000 0.000000 0.000000 0.000000 
0.000000 0.000000 0.000000 0.000000 0.000000 0.000000 0.000000 0.000000 2.461314 39.542206 35.195263 52.651333 1.636182 55.482475 55.482475 55.482475 55.482475 55.482475 55.482475 55.482475 55.482475 55.482475 55.482475 55.482475 11.089570 55.482475 55.482475 55.482475 55.482475 55.482475 0.000000 0.000000 0.000000 
0.000000 0.000000 0.000000 0.000000 0.000000 0.000000 0.000000 0.000000 0.000000 0.000000 35.195263 39.542206 35.195263 54.359196 55.304253 55.304253 55.482475 55.304253 55.482475 55.482475 55.482475 55.482475 55.482475 55.482475 55.482475 18.778608 14.720275 55.482475 41.024742 55.482475 55.482475 0.000000 0.000000 
0.000000 0.000000 0.000000 0.000000 0.000000 0.000000 0.000000 0.000000 0.000000 0.000000 0.000000 0.000000 39.542206 39.542206 39.542206 39.542206 55.304253 54.359196 50.232704 55.482475 55.482475 55.482475 55.482475 55.482475 55.482475 55.482475 55.482475 55.482475 55.482475 55.482475 55.482475 48.343056 0.000000 
0.000000 0.000000 0.000000 0.000000 0.000000 0.000000 0.000000 0.000000 0.000000 0.000000 0.000000 0.000000 0.000000 0.000000 35.195263 39.542206 54.359196 55.482475 39.542206 54.359196 55.482475 55.482475 55.482475 55.482475 55.482475 54.359196 55.482475 55.482475 55.482475 55.482475 55.482475 55.482475 55.482475 
0.000000 0.000000 0.000000 0.000000 0.000000 0.000000 0.000000 0.000000 0.000000 0.000000 0.000000 0.000000 0.000000 0.000000 0.000000 0.000000 0.000000 39.542206 54.359196 54.359196 55.482475 54.359196 55.482475 55.304253 55.482475 55.482475 55.482475 55.482475 55.482475 55.482475 55.482475 55.482475 55.482475 
0.000000 0.000000 0.000000 0.000000 0.000000 0.000000 0.000000 0.000000 0.000000 0.000000 0.000000 0.000000 0.000000 0.000000 0.000000 0.000000 0.000000 0.000000 0.000000 0.000000 39.542206 54.359196 39.542206 55.304253 55.482475 54.359196 55.482475 55.482475 55.482475 55.482475 55.482475 55.482475 55.451752 
0.000000 0.000000 0.000000 0.000000 0.000000 0.000000 0.000000 0.000000 0.000000 0.000000 0.000000 0.000000 0.000000 0.000000 0.000000 0.000000 0.000000 0.000000 0.000000 0.000000 0.000000 0.000000 0.000000 0.000000 0.000000 55.482475 55.482475 55.482475 55.482475 55.482475 55.451752 55.482475 0.000000 
