test/output/constant/M380_S060_A180_WD045.0_WS015.0/M380_S060_A180_WD045.0_WS015.0_raz.asc
ncols         33
nrows         15
xllcorner     426503.990666
yllcorner     12747455.311160
cellsize      100.000000
NODATA_value  0.000000
2 78 78 78 78 78 94 94 94 94 83 0 0 0 0 0 0 0 0 0 0 0 0 0 0 0 0 0 0 0 0 0 0 
200 254 110 110 101 99 83 97 91 78 78 83 88 88 94 94 0 0 0 0 0 0 0 0 0 0 0 0 0 0 0 0 0 
265 191 111 110 110 110 110 110 60 104 102 78 101 99 88 99 83 99 91 0 0 0 0 0 0 0 0 0 0 0 0 0 0 
0 200 122 112 114 110 110 110 110 110 110 110 101 101 110 88 83 97 83 97 83 0 0 0 0 0 0 0 0 0 0 0 0 
0 0 174 124 120 112 110 110 110 110 110 110 83 101 110 107 83 105 105 83 105 107 110 0 0 0 0 0 0 0 0 0 0 
0 0 0 191 196 120 120 114 114 110 110 110 110 110 88 110 110 110 83 104 101 101 99 78 101 0 0 0 0 0 0 0 0 
0 0 0 0 174 174 120 120 110 114 115 110 110 110 110 110 110 110 110 102 110 110 110 110 78 108 105 0 0 0 0 0 0 
0 0 0 0 0 0 120 120 120 120 120 115 112 110 110 110 110 110 110 110 110 101 110 83 83 110 110 110 102 0 0 0 0 
0 0 0 0 0 0 0 0 191 120 122 114 265 110 110 110 110 110 110 110 110 110 110 110 78 110 110 110 110 110 0 0 0 
0 0 0 0 0 0 0 0 0 0 122 120 122 112 111 111 110 111 110 110 110 110 110 110 110 88 83 110 101 110 110 0 0 
0 0 0 0 0 0 0 0 0 0 0 0 120 120 120 120 111 112 115 110 110 110 110 110 110 110 110 110 110 110 110 104 0 
0 0 0 0 0 0 0 0 0 0 0 0 0 0 122 120 112 110 120 112 110 110 110 110 110 112 110 110 110 110 110 110 110 
0 0 0 0 0 0 0 0 0 0 0 0 0 0 0 0 0 120 112 112 110 112 110 111 110 110 110 110 110 110 110 110 110 
0 0 0 0 0 0 0 0 0 0 0 0 0 0 0 0 0 0 0 0 120 112 120 111 110 112 110 110 110 110 110 110 110 
0 0 0 0 0 0 0 0 0 0 0 0 0 0 0 0 0 0 0 0 0 0 0 0 0 110 110 110 110 110 110 110 0 
