test/output/constant/C1_S060_A000_WD000.0_WS050.0/C1_S060_A000_WD000.0_WS050.0_arrival.asc
ncols         10
nrows         35
xllcorner     425803.990666
yllcorner     12745355.311160
cellsize      100.000000
NODATA_value  0.000000
0.000000 0.000000 0.000000 0.000000 0.000000 0.000000 0.000000 166.019567 166.000000 0.000000 
0.000000 0.000000 0.000000 0.000000 0.000000 0.000000 0.000000 166.003331 166.000833 0.000000 
0.000000 0.000000 0.000000 0.000000 0.000000 0.000000 166.023314 166.002914 166.002082 166.038718 
0.000000 0.000000 0.000000 0.000000 0.000000 0.000000 166.013322 166.003331 166.003331 166.036220 
0.000000 0.000000 0.000000 0.000000 0.000000 166.033305 166.009159 166.004580 166.004996 166.039550 
0.000000 0.000000 0.000000 0.000000 0.000000 166.024146 166.008326 166.005828 166.007494 0.000000 
0.000000 0.000000 0.000000 0.000000 0.000000 166.018318 166.008326 166.007077 166.009992 0.000000 
0.000000 0.000000 0.000000 0.000000 166.034971 166.015404 166.008743 166.008326 166.012906 0.000000 
0.000000 0.000000 0.000000 0.000000 166.028726 166.014155 166.009575 166.009575 166.015820 0.000000 
0.000000 0.000000 0.000000 0.000000 166.024146 166.013739 166.010824 166.011241 166.018734 0.000000 
0.000000 0.000000 0.000000 166.038718 166.021232 166.013739 166.012073 166.012906 166.021649 0.000000 
0.000000 0.000000 0.000000 166.033722 166.019567 166.014155 166.013322 166.014987 166.024979 0.000000 
0.000000 0.000000 0.000000 166.029975 166.019151 166.014571 166.014571 166.017069 166.027893 0.000000 
0.000000 0.000000 0.000000 166.027477 166.019151 166.015820 166.015820 166.019567 166.030808 0.000000 
0.000000 0.000000 166.039134 166.025812 166.019151 166.017069 166.017069 166.022065 166.034138 0.000000 
0.000000 0.000000 166.035803 166.024979 166.019567 166.018318 166.019151 166.024563 166.037052 0.000000 
0.000000 0.000000 166.033305 166.024563 166.019983 166.019567 166.020816 166.027061 166.040383 0.000000 
0.000000 0.000000 166.031640 166.024563 166.020816 166.020816 166.022481 166.029975 0.000000 0.000000 
0.000000 166.041632 166.030808 166.024563 166.022065 166.022065 166.024979 166.032473 0.000000 0.000000 
0.000000 166.039550 166.030391 166.024979 166.023314 166.023314 166.027061 166.035387 0.000000 0.000000 
0.000000 166.037469 166.029975 166.025395 166.024563 166.024979 166.029559 166.038301 0.000000 0.000000 
0.000000 166.036220 166.029975 166.026228 166.025812 166.026644 166.031640 166.041216 0.000000 0.000000 
0.000000 166.035803 166.029975 166.027061 166.027061 166.028310 166.034138 0.000000 0.000000 0.000000 
0.000000 166.035387 166.030391 166.028310 166.028310 166.030391 166.036636 0.000000 0.000000 0.000000 
0.000000 166.035387 166.030808 166.029559 166.029559 166.032473 166.039134 0.000000 0.000000 0.000000 
166.041632 166.035387 166.031224 166.030808 166.031224 166.034554 166.041632 0.000000 0.000000 0.000000 
166.041216 166.035387 166.032057 166.032057 166.032473 166.037052 0.000000 0.000000 0.000000 0.000000 
166.040799 166.035803 166.033305 166.032889 166.034554 166.039134 0.000000 0.000000 0.000000 0.000000 
166.040799 166.036220 166.034554 166.034138 166.036220 166.041632 0.000000 0.000000 0.000000 0.000000 
166.040799 166.036636 166.035387 166.035803 166.038301 0.000000 0.000000 0.000000 0.000000 0.000000 
166.040799 166.037469 166.036636 166.037052 166.039967 0.000000 0.000000 0.000000 0.000000 0.000000 
166.040799 166.038301 166.037885 166.038718 0.000000 0.000000 0.000000 0.000000 0.000000 0.000000 
166.041216 166.039134 166.039134 166.040383 0.000000 0.000000 0.000000 0.000000 0.000000 0.000000 
0.000000 166.040383 166.040383 0.000000 0.000000 0.000000 0.000000 0.000000 0.000000 0.000000 
0.000000 166.041632 166.041667 0.000000 0.000000 0.000000 0.000000 0.000000 0.000000 0.000000 
