test/output/constant/M395_S000_A000_WD270.0_WS015.0/M395_S000_A000_WD270.0_WS015.0_arrival.asc
ncols         24
nrows         13
xllcorner     426303.990666
yllcorner     12748155.311160
cellsize      100.000000
NODATA_value  0.000000
0.000000 0.000000 0.000000 0.000000 0.000000 0.000000 0.000000 0.000000 0.000000 166.041321 166.041321 166.041321 166.041321 166.041321 166.041667 0.000000 0.000000 0.000000 0.000000 0.000000 0.000000 0.000000 0.000000 0.000000 
0.000000 0.000000 0.000000 0.000000 166.041321 166.038792 166.036262 166.034575 166.033732 166.033732 166.033732 166.033732 166.034575 166.034575 166.035418 166.037105 166.037948 166.039635 166.040478 0.000000 0.000000 0.000000 0.000000 0.000000 
0.000000 0.000000 166.041321 166.035418 166.031202 166.028672 166.026985 166.026985 166.026142 166.026142 166.026985 166.026985 166.027829 166.029515 166.030359 166.032045 166.033732 166.035418 166.037105 166.038792 166.040478 0.000000 0.000000 0.000000 
0.000000 166.037948 166.030359 166.024456 166.021926 166.019396 166.019396 166.018552 166.019396 166.019396 166.021082 166.021926 166.023612 166.025299 166.026985 166.028672 166.030359 166.032045 166.034575 166.036262 166.037948 166.039635 166.041667 0.000000 
166.039635 166.028672 166.020239 166.014336 166.011806 166.011806 166.011806 166.011806 166.013493 166.015179 166.016866 166.018552 166.020239 166.021926 166.024456 166.026142 166.027829 166.030359 166.032045 166.034575 166.036262 166.038792 166.040478 0.000000 
166.034575 166.021926 166.010120 166.004216 166.004216 166.005060 166.006746 166.008433 166.010120 166.012649 166.014336 166.016866 166.018552 166.021082 166.022769 166.025299 166.026985 166.029515 166.031202 166.033732 166.035418 166.037948 166.039635 166.041667 
166.033732 166.020239 166.006746 166.000000 166.001687 166.003373 166.005903 166.007590 166.010120 166.011806 166.014336 166.016023 166.018552 166.020239 166.022769 166.024456 166.026985 166.028672 166.031202 166.032888 166.035418 166.037105 166.039635 166.041321 
166.034575 166.021926 166.010120 166.004216 166.004216 166.005060 166.006746 166.008433 166.010120 166.012649 166.014336 166.016866 166.018552 166.021082 166.022769 166.025299 166.026985 166.029515 166.031202 166.033732 166.035418 166.037948 166.039635 166.041667 
166.039635 166.028672 166.020239 166.014336 166.011806 166.011806 166.011806 166.011806 166.013493 166.015179 166.016866 166.018552 166.020239 166.021926 166.024456 166.026142 166.027829 166.030359 166.032045 166.034575 166.036262 166.038792 166.040478 0.000000 
0.000000 166.037948 166.030359 166.024456 166.021926 166.019396 166.019396 166.018552 166.019396 166.019396 166.021082 166.021926 166.023612 166.025299 166.026985 166.028672 166.030359 166.032045 166.034575 166.036262 166.037948 166.039635 166.041667 0.000000 
0.000000 0.000000 166.041321 166.035418 166.031202 166.028672 166.026985 166.026985 166.026142 166.026142 166.026985 166.026985 166.027829 166.029515 166.030359 166.032045 166.033732 166.035418 166.037105 166.038792 166.040478 0.000000 0.000000 0.000000 
0.000000 0.000000 0.000000 0.000000 166.041321 166.038792 166.036262 166.034575 166.033732 166.033732 166.033732 166.033732 166.034575 166.034575 166.035418 166.037105 166.037948 166.039635 166.040478 0.000000 0.000000 0.000000 0.000000 0.000000 
0.000000 0.000000 0.000000 0.000000 0.000000 0.000000 0.000000 0.000000 0.000000 166.041321 166.041321 166.041321 166.041321 166.041321 166.041667 0.000000 0.000000 0.000000 0.000000 0.000000 0.000000 0.000000 0.000000 0.000000 
