test/output/constant/M195_S060_A180_WD270.0_WS050.0/M195_S060_A180_WD270.0_WS050.0_arrival.asc
ncols         44
nrows         7
xllcorner     426603.990666
yllcorner     12748455.311160
cellsize      100.000000
NODATA_value  0.000000
0.000000 0.000000 0.000000 0.000000 0.000000 0.000000 0.000000 0.000000 0.000000 0.000000 0.000000 0.000000 0.000000 0.000000 0.000000 0.000000 0.000000 0.000000 0.000000 0.000000 0.000000 0.000000 0.000000 166.041667 166.041667 166.041385 166.041667 166.041667 0.000000 0.000000 0.000000 0.000000 0.000000 0.000000 0.000000 0.000000 0.000000 0.000000 0.000000 0.000000 0.000000 0.000000 0.000000 0.000000 
0.000000 0.000000 0.000000 0.000000 0.000000 0.000000 166.037091 166.033577 166.030453 166.028892 166.026939 166.026549 166.025768 166.025378 166.024987 166.024987 166.024987 166.025378 166.026159 166.026549 166.027330 166.028111 166.028501 166.029282 166.030063 166.030844 166.031234 166.032015 166.032796 166.033577 166.034358 166.035138 166.036310 166.037091 166.037871 166.039043 166.039824 166.040604 166.041667 0.000000 0.000000 0.000000 0.000000 0.000000 
0.000000 166.020302 166.012103 166.009761 166.008589 166.008589 166.008589 166.009370 166.010151 166.010542 166.011322 166.012103 166.013275 166.014055 166.015227 166.016008 166.016788 166.017960 166.018741 166.019912 166.020693 166.021864 166.022645 166.023426 166.024597 166.025378 166.026549 166.027330 166.028501 166.029282 166.030453 166.031234 166.032015 166.033186 166.033967 166.035138 166.035919 166.037091 166.037871 166.039043 166.039824 166.040995 166.041667 0.000000 
166.000000 166.000781 166.001562 166.002733 166.003514 166.004685 166.005466 166.006637 166.007418 166.008589 166.009370 166.010542 166.011322 166.012494 166.013275 166.014446 166.015227 166.016398 166.017179 166.018350 166.019131 166.020302 166.021083 166.022254 166.023035 166.024206 166.024987 166.026159 166.026939 166.028111 166.028892 166.030063 166.030844 166.032015 166.032796 166.033967 166.034748 166.035919 166.036700 166.037871 166.038652 166.039824 166.040604 166.041667 
0.000000 166.020302 166.012103 166.009761 166.008589 166.008589 166.008589 166.009370 166.010151 166.010542 166.011322 166.012103 166.013275 166.014055 166.015227 166.016008 166.016788 166.017960 166.018741 166.019912 166.020693 166.021864 166.022645 166.023426 166.024597 166.025378 166.026549 166.027330 166.028501 166.029282 166.030453 166.031234 166.032015 166.033186 166.033967 166.035138 166.035919 166.037091 166.037871 166.039043 166.039824 166.040995 166.041667 0.000000 
0.000000 0.000000 0.000000 0.000000 0.000000 0.000000 166.037091 166.033577 166.030453 166.028892 166.026939 166.026549 166.025768 166.025378 166.024987 166.024987 166.024987 166.025378 166.026159 166.026549 166.027330 166.028111 166.028501 166.029282 166.030063 166.030844 166.031234 166.032015 166.032796 166.033577 166.034358 166.035138 166.036310 166.037091 166.037871 166.039043 166.039824 166.040604 166.041667 0.000000 0.000000 0.000000 0.000000 0.000000 
0.000000 0.000000 0.000000 0.000000 0.000000 0.000000 0.000000 0.000000 0.000000 0.000000 0.000000 0.000000 0.000000 0.000000 0.000000 0.000000 0.000000 0.000000 0.000000 0.000000 0.000000 0.000000 0.000000 166.041667 166.041667 166.041385 166.041667 166.041667 0.000000 0.000000 0.000000 0.000000 0.000000 0.000000 0.000000 0.000000 0.000000 0.000000 0.000000 0.000000 0.000000 0.000000 0.000000 0.000000 
