test/output/constant/M3M460_S060_A180_WD270.0_WS030.0/M3M460_S060_A180_WD270.0_WS030.0_arrival.asc
ncols         42
nrows         7
xllcorner     426603.990666
yllcorner     12748455.311160
cellsize      100.000000
NODATA_value  0.000000
0.000000 0.000000 0.000000 0.000000 0.000000 0.000000 0.000000 0.000000 0.000000 0.000000 0.000000 0.000000 0.000000 0.000000 0.000000 0.000000 166.041595 166.040787 166.039980 166.039576 166.039172 166.038768 166.038768 166.038768 166.039172 166.039172 166.039980 166.040384 166.041191 0.000000 0.000000 0.000000 0.000000 0.000000 0.000000 0.000000 0.000000 0.000000 0.000000 0.000000 0.000000 0.000000 
0.000000 0.000000 0.000000 0.000000 0.000000 166.036345 166.031903 166.028672 166.027057 166.025442 166.024634 166.023826 166.023422 166.023422 166.023422 166.023422 166.024230 166.025038 166.025442 166.026249 166.026653 166.027461 166.028268 166.029076 166.029884 166.030288 166.031095 166.031903 166.032711 166.033922 166.034730 166.035538 166.036749 166.037557 166.038364 166.039172 166.040384 166.041191 0.000000 0.000000 0.000000 0.000000 
0.000000 166.016557 166.010500 166.008481 166.008077 166.008077 166.008481 166.009288 166.009692 166.010500 166.011307 166.012519 166.013327 166.014538 166.015346 166.016153 166.017365 166.018173 166.019384 166.020192 166.021403 166.022211 166.023019 166.024230 166.025038 166.026249 166.027057 166.027865 166.029076 166.029884 166.031095 166.031903 166.033115 166.033922 166.035134 166.035941 166.037153 166.037961 166.039172 166.039980 166.041191 0.000000 
166.000000 166.000808 166.001615 166.002827 166.003635 166.004846 166.005654 166.006865 166.007673 166.008884 166.009692 166.010904 166.011711 166.012923 166.013730 166.014942 166.015750 166.016961 166.017769 166.018980 166.019788 166.020999 166.021807 166.023019 166.023826 166.025038 166.025845 166.027057 166.027865 166.029076 166.029884 166.031095 166.031903 166.033115 166.033922 166.035134 166.035941 166.037153 166.037961 166.039172 166.039980 166.041191 
0.000000 166.016557 166.010500 166.008481 166.008077 166.008077 166.008481 166.009288 166.009692 166.010500 166.011307 166.012519 166.013327 166.014538 166.015346 166.016153 166.017365 166.018173 166.019384 166.020192 166.021403 166.022211 166.023019 166.024230 166.025038 166.026249 166.027057 166.027865 166.029076 166.029884 166.031095 166.031903 166.033115 166.033922 166.035134 166.035941 166.037153 166.037961 166.039172 166.039980 166.041191 0.000000 
0.000000 0.000000 0.000000 0.000000 0.000000 166.036345 166.031903 166.028672 166.027057 166.025442 166.024634 166.023826 166.023422 166.023422 166.023422 166.023422 166.024230 166.025038 166.025442 166.026249 166.026653 166.027461 166.028268 166.029076 166.029884 166.030288 166.031095 166.031903 166.032711 166.033922 166.034730 166.035538 166.036749 166.037557 166.038364 166.039172 166.040384 166.041191 0.000000 0.000000 0.000000 0.000000 
0.000000 0.000000 0.000000 0.000000 0.000000 0.000000 0.000000 0.000000 0.000000 0.000000 0.000000 0.000000 0.000000 0.000000 0.000000 0.000000 166.041595 166.040787 166.039980 166.039576 166.039172 166.038768 166.038768 166.038768 166.039172 166.039172 166.039980 166.040384 166.041191 0.000000 0.000000 0.000000 0.000000 0.000000 0.000000 0.000000 0.000000 0.000000 0.000000 0.000000 0.000000 0.000000 
