test/output/constant/M3M485_S060_A090_WD315.0_WS015.0/M3M485_S060_A090_WD315.0_WS015.0_arrival.asc
ncols         14
nrows         53
xllcorner     426503.990666
yllcorner     12743555.311160
cellsize      100.000000
NODATA_value  0.000000
166.035262 166.000000 166.011546 0.000000 0.000000 0.000000 0.000000 0.000000 0.000000 0.000000 0.000000 0.000000 0.000000 0.000000 
166.025277 166.000624 166.001872 166.030270 0.000000 0.000000 0.000000 0.000000 0.000000 0.000000 0.000000 0.000000 0.000000 0.000000 
166.023716 166.001248 166.001872 166.014979 0.000000 0.000000 0.000000 0.000000 0.000000 0.000000 0.000000 0.000000 0.000000 0.000000 
166.023092 166.002184 166.002184 166.007801 166.030582 0.000000 0.000000 0.000000 0.000000 0.000000 0.000000 0.000000 0.000000 0.000000 
166.024653 166.003433 166.003121 166.005617 166.020908 0.000000 0.000000 0.000000 0.000000 0.000000 0.000000 0.000000 0.000000 0.000000 
166.025589 166.004993 166.003745 166.005305 166.014355 166.035262 0.000000 0.000000 0.000000 0.000000 0.000000 0.000000 0.000000 0.000000 
166.027773 166.006865 166.004681 166.005305 166.010922 166.027149 0.000000 0.000000 0.000000 0.000000 0.000000 0.000000 0.000000 0.000000 
166.029021 166.008738 166.005305 166.005617 166.009362 166.020908 166.041192 0.000000 0.000000 0.000000 0.000000 0.000000 0.000000 0.000000 
166.031206 166.010922 166.006241 166.006241 166.008738 166.016851 166.033390 0.000000 0.000000 0.000000 0.000000 0.000000 0.000000 0.000000 
166.033078 166.012794 166.007177 166.006865 166.008426 166.014355 166.027461 0.000000 0.000000 0.000000 0.000000 0.000000 0.000000 0.000000 
166.035262 166.014667 166.008738 166.007801 166.008738 166.013106 166.023092 166.039943 0.000000 0.000000 0.000000 0.000000 0.000000 0.000000 
166.037135 166.016851 166.009986 166.008738 166.009050 166.012170 166.019972 166.034014 0.000000 0.000000 0.000000 0.000000 0.000000 0.000000 
166.039319 166.018723 166.011546 166.009362 166.009362 166.011858 166.017787 166.029333 0.000000 0.000000 0.000000 0.000000 0.000000 0.000000 
166.041504 166.020908 166.013418 166.010298 166.010298 166.011858 166.016851 166.025901 166.040567 0.000000 0.000000 0.000000 0.000000 0.000000 
0.000000 166.022780 166.014979 166.011546 166.010922 166.011858 166.015915 166.023404 166.035887 0.000000 0.000000 0.000000 0.000000 0.000000 
0.000000 166.024965 166.016851 166.012482 166.011858 166.012170 166.015603 166.021532 166.031830 0.000000 0.000000 0.000000 0.000000 0.000000 
0.000000 166.027149 166.018411 166.014043 166.012794 166.012794 166.015291 166.020284 166.029021 0.000000 0.000000 0.000000 0.000000 0.000000 
0.000000 166.029021 166.020284 166.015291 166.013418 166.013418 166.015291 166.019660 166.026837 166.038383 0.000000 0.000000 0.000000 0.000000 
0.000000 166.031206 166.022156 166.016851 166.014355 166.014355 166.015291 166.019035 166.025277 166.034950 0.000000 0.000000 0.000000 0.000000 
0.000000 166.033078 166.024028 166.018099 166.015291 166.014979 166.015603 166.018723 166.024028 166.032142 0.000000 0.000000 0.000000 0.000000 
0.000000 166.035262 166.025901 166.019972 166.016539 166.015915 166.016227 166.018723 166.023404 166.030270 166.040879 0.000000 0.000000 0.000000 
0.000000 166.037447 166.028085 166.021532 166.017787 166.016539 166.016851 166.018723 166.022780 166.028709 166.038071 0.000000 0.000000 0.000000 
0.000000 166.039319 166.029957 166.023092 166.019035 166.017475 166.017475 166.018723 166.022156 166.027773 166.035575 0.000000 0.000000 0.000000 
0.000000 166.041504 166.031830 166.024965 166.020596 166.018411 166.018411 166.019035 166.022156 166.026837 166.034014 0.000000 0.000000 0.000000 
0.000000 0.000000 166.034014 166.026837 166.021844 166.019348 166.019035 166.019660 166.022156 166.026213 166.032454 166.041192 0.000000 0.000000 
0.000000 0.000000 166.035887 166.028397 166.023404 166.020596 166.019972 166.019972 166.022156 166.025901 166.031518 166.039007 0.000000 0.000000 
0.000000 0.000000 166.037759 166.030270 166.024965 166.021844 166.020596 166.020908 166.022156 166.025589 166.030582 166.037447 0.000000 0.000000 
0.000000 0.000000 166.039943 166.032142 166.026213 166.022780 166.021532 166.021532 166.022468 166.025277 166.029957 166.035887 0.000000 0.000000 
0.000000 0.000000 0.000000 166.033702 166.028085 166.024340 166.022468 166.022468 166.023092 166.025277 166.029333 166.034950 0.000000 0.000000 
0.000000 0.000000 0.000000 166.035575 166.029645 166.025589 166.023404 166.023092 166.023404 166.025589 166.029021 166.034326 166.040879 0.000000 
0.000000 0.000000 0.000000 166.037447 166.031518 166.027149 166.024653 166.024028 166.024028 166.025589 166.028709 166.033702 166.039631 0.000000 
0.000000 0.000000 0.000000 166.039319 166.033078 166.028397 166.025589 166.024653 166.024653 166.025901 166.028709 166.033078 166.038695 0.000000 
0.000000 0.000000 0.000000 166.041192 166.034950 166.029957 166.026837 166.025589 166.025589 166.026525 166.028709 166.032766 166.038071 0.000000 
0.000000 0.000000 0.000000 0.000000 166.036511 166.031518 166.028085 166.026525 166.026213 166.026837 166.029021 166.032454 166.037135 0.000000 
0.000000 0.000000 0.000000 0.000000 166.038383 166.032766 166.029333 166.027461 166.027149 166.027149 166.029021 166.032142 166.036823 0.000000 
0.000000 0.000000 0.000000 0.000000 166.040255 166.034326 166.030894 166.028709 166.028085 166.028085 166.029333 166.032142 166.036199 166.041504 
0.000000 0.000000 0.000000 0.000000 0.000000 166.036199 166.032142 166.029645 166.028709 166.028709 166.029957 166.032142 166.035887 166.040879 
0.000000 0.000000 0.000000 0.000000 0.000000 166.037759 166.033702 166.030894 166.029645 166.029645 166.030270 166.032454 166.035575 166.040255 
0.000000 0.000000 0.000000 0.000000 0.000000 166.039631 166.035262 166.032142 166.030582 166.030270 166.030582 166.032454 166.035575 166.039631 
0.000000 0.000000 0.000000 0.000000 0.000000 166.041192 166.036511 166.033390 166.031518 166.031206 166.031206 166.032766 166.035575 166.039319 
0.000000 0.000000 0.000000 0.000000 0.000000 0.000000 166.038071 166.034638 166.032454 166.032142 166.032142 166.033078 166.035575 166.039007 
0.000000 0.000000 0.000000 0.000000 0.000000 0.000000 166.039631 166.036199 166.033702 166.032766 166.032766 166.033702 166.035575 166.039007 
0.000000 0.000000 0.000000 0.000000 0.000000 0.000000 166.040879 166.037447 166.034950 166.033702 166.033702 166.034014 166.035887 166.039007 
0.000000 0.000000 0.000000 0.000000 0.000000 0.000000 0.000000 166.039007 166.035887 166.034638 166.034326 166.034638 166.036199 166.039007 
0.000000 0.000000 0.000000 0.000000 0.000000 0.000000 0.000000 166.040255 166.037135 166.035575 166.035262 166.035262 166.036511 166.039007 
0.000000 0.000000 0.000000 0.000000 0.000000 0.000000 0.000000 166.041667 166.038695 166.036511 166.035887 166.036199 166.037135 166.039007 
0.000000 0.000000 0.000000 0.000000 0.000000 0.000000 0.000000 0.000000 166.039943 166.037759 166.036823 166.036823 166.037447 166.039319 
0.000000 0.000000 0.000000 0.000000 0.000000 0.000000 0.000000 0.000000 166.041192 166.039007 166.037759 166.037759 166.038071 166.039631 
0.000000 0.000000 0.000000 0.000000 0.000000 0.000000 0.000000 0.000000 0.000000 166.039943 166.038695 166.038383 166.038695 166.039943 
0.000000 0.000000 0.000000 0.000000 0.000000 0.000000 0.000000 0.000000 0.000000 166.041192 166.039631 166.039319 166.039319 166.040567 
0.000000 0.000000 0.000000 0.000000 0.000000 0.000000 0.000000 0.000000 0.000000 0.000000 166.040879 166.039943 166.039943 166.040879 
0.000000 0.000000 0.000000 0.000000 0.000000 0.000000 0.000000 0.000000 0.000000 0.000000 0.000000 166.040879 166.040879 166.041192 
0.000000 0.000000 0.000000 0.000000 0.000000 0.000000 0.000000 0.000000 0.000000 0.000000 0.000000 0.000000 166.041667 0.000000 
