test/output/constant/M3M485_S060_A090_WD315.0_WS015.0/M3M485_S060_A090_WD315.0_WS015.0_ros.asc
ncols         14
nrows         53
xllcorner     426503.990666
yllcorner     12743555.311160
cellsize      100.000000
NODATA_value  0.000000
0.385796 -1.000000 0.832743 0.000000 0.000000 0.000000 0.000000 0.000000 0.000000 0.000000 0.000000 0.000000 0.000000 0.000000 
12.654147 88.313255 60.518654 0.945029 0.000000 0.000000 0.000000 0.000000 0.000000 0.000000 0.000000 0.000000 0.000000 0.000000 
12.654147 88.313255 82.930420 60.518654 0.000000 0.000000 0.000000 0.000000 0.000000 0.000000 0.000000 0.000000 0.000000 0.000000 
12.654147 88.313255 78.707733 60.518654 53.230450 0.000000 0.000000 0.000000 0.000000 0.000000 0.000000 0.000000 0.000000 0.000000 
18.269329 88.313255 88.313255 60.518654 60.518654 0.000000 0.000000 0.000000 0.000000 0.000000 0.000000 0.000000 0.000000 0.000000 
39.131756 61.489635 88.313255 88.167130 60.518654 60.518654 0.000000 0.000000 0.000000 0.000000 0.000000 0.000000 0.000000 0.000000 
12.654147 68.220123 88.313255 88.313255 60.518654 60.518654 0.000000 0.000000 0.000000 0.000000 0.000000 0.000000 0.000000 0.000000 
12.654147 68.220123 88.313255 88.313255 85.993607 60.518654 60.518654 0.000000 0.000000 0.000000 0.000000 0.000000 0.000000 0.000000 
31.711861 31.711861 88.313255 88.313255 85.993607 67.328850 60.518654 0.000000 0.000000 0.000000 0.000000 0.000000 0.000000 0.000000 
39.131756 74.237206 88.313255 88.313255 85.993607 67.328850 60.518654 0.000000 0.000000 0.000000 0.000000 0.000000 0.000000 0.000000 
12.654147 61.489635 88.313255 88.313255 88.313255 88.313255 60.518654 60.518654 0.000000 0.000000 0.000000 0.000000 0.000000 0.000000 
39.131756 61.489635 79.358177 88.313255 88.313255 67.328850 60.518654 60.518654 0.000000 0.000000 0.000000 0.000000 0.000000 0.000000 
39.131756 39.131756 79.358177 88.313255 88.313255 67.328850 60.518654 60.518654 0.000000 0.000000 0.000000 0.000000 0.000000 0.000000 
24.686708 24.686708 18.269329 88.313255 88.313255 73.453964 88.313255 60.518654 60.518654 0.000000 0.000000 0.000000 0.000000 0.000000 
0.000000 39.131756 61.489635 18.269329 88.313255 85.993607 82.930420 67.328850 0.832743 0.000000 0.000000 0.000000 0.000000 0.000000 
0.000000 39.131756 79.358177 88.313255 88.313255 88.167130 88.313255 60.518654 60.518654 0.000000 0.000000 0.000000 0.000000 0.000000 
0.000000 46.721275 61.489635 31.711861 88.313255 88.313255 88.313255 60.518654 60.518654 0.000000 0.000000 0.000000 0.000000 0.000000 
0.000000 39.131756 68.220123 88.313255 88.313255 88.313255 85.993607 88.313255 60.518654 60.518654 0.000000 0.000000 0.000000 0.000000 
0.000000 12.654147 79.358177 24.686708 88.313255 85.993607 82.930420 88.313255 85.993607 60.518654 0.000000 0.000000 0.000000 0.000000 
0.000000 39.131756 74.237206 86.321793 88.313255 88.313255 88.313255 88.313255 85.993607 60.518654 0.000000 0.000000 0.000000 0.000000 
0.000000 39.131756 61.489635 24.686708 88.313255 88.313255 88.313255 88.313255 85.993607 60.518654 60.518654 0.000000 0.000000 0.000000 
0.000000 39.131756 24.686708 88.313255 88.313255 88.313255 88.313255 88.313255 88.313255 60.518654 60.518654 0.000000 0.000000 0.000000 
0.000000 39.131756 74.237206 61.489635 88.241783 88.313255 88.313255 88.313255 82.930420 88.313255 60.518654 0.000000 0.000000 0.000000 
0.000000 39.131756 61.489635 83.427551 88.313255 88.313255 88.313255 88.313255 88.313255 60.518654 82.930420 0.000000 0.000000 0.000000 
0.000000 0.000000 74.237206 18.269329 86.321793 88.313255 88.313255 88.313255 88.313255 85.993607 82.930420 67.328850 0.000000 0.000000 
0.000000 0.000000 68.220123 68.220123 88.313255 88.313255 88.313255 82.930420 88.313255 88.313255 88.313255 60.518654 0.000000 0.000000 
0.000000 0.000000 61.489635 79.358177 24.686708 88.313255 88.313255 88.313255 88.313255 88.167130 85.993607 60.518654 0.000000 0.000000 
0.000000 0.000000 18.269329 12.654147 83.427551 79.358177 88.313255 88.313255 88.313255 88.167130 88.313255 60.518654 0.000000 0.000000 
0.000000 0.000000 0.000000 61.489635 83.427551 88.313255 88.313255 88.313255 88.313255 88.313255 85.993607 60.518654 0.000000 0.000000 
0.000000 0.000000 0.000000 74.237206 87.953049 86.321793 88.313255 88.313255 88.313255 88.313255 85.993607 88.313255 60.518654 0.000000 
0.000000 0.000000 0.000000 79.358177 24.686708 88.313255 88.313255 88.313255 88.313255 88.313255 85.993607 82.930420 60.518654 0.000000 
0.000000 0.000000 0.000000 74.237206 68.220123 83.427551 88.241783 88.313255 88.313255 88.313255 73.453964 87.804123 60.518654 0.000000 
0.000000 0.000000 0.000000 74.237206 79.358177 88.313255 79.358177 88.313255 88.313255 88.313255 85.993607 88.313255 85.993607 0.000000 
0.000000 0.000000 0.000000 0.000000 61.489635 12.654147 79.358177 88.313255 88.313255 88.313255 88.313255 88.313255 67.328850 0.000000 
0.000000 0.000000 0.000000 0.000000 86.321793 74.237206 79.358177 88.313255 88.313255 85.993607 88.313255 88.313255 88.313255 0.000000 
0.000000 0.000000 0.000000 0.000000 18.269329 79.358177 88.313255 24.686708 88.313255 88.313255 88.313255 88.167130 88.313255 60.518654 
0.000000 0.000000 0.000000 0.000000 0.000000 86.321793 83.427551 88.313255 88.313255 88.313255 88.313255 85.993607 88.313255 60.518654 
0.000000 0.000000 0.000000 0.000000 0.000000 83.427551 88.313255 88.313255 88.313255 82.930420 88.313255 88.313255 82.930420 88.313255 
0.000000 0.000000 0.000000 0.000000 0.000000 83.427551 18.269329 88.313255 88.313255 88.313255 88.313255 88.313255 88.313255 85.993607 
0.000000 0.000000 0.000000 0.000000 0.000000 79.358177 86.321793 86.321793 88.313255 88.313255 88.313255 88.313255 88.313255 85.993607 
0.000000 0.000000 0.000000 0.000000 0.000000 0.000000 88.313255 79.358177 86.321793 88.313255 88.313255 88.313255 88.313255 88.313255 
0.000000 0.000000 0.000000 0.000000 0.000000 0.000000 24.686708 18.269329 88.313255 88.313255 88.313255 88.313255 82.930420 88.313255 
0.000000 0.000000 0.000000 0.000000 0.000000 0.000000 74.237206 87.953049 88.313255 88.313255 88.313255 88.313255 88.313255 88.313255 
0.000000 0.000000 0.000000 0.000000 0.000000 0.000000 0.000000 24.686708 86.321793 88.313255 88.313255 88.313255 88.313255 88.313255 
0.000000 0.000000 0.000000 0.000000 0.000000 0.000000 0.000000 88.313255 74.237206 88.313255 88.313255 88.313255 88.313255 67.328850 
0.000000 0.000000 0.000000 0.000000 0.000000 0.000000 0.000000 46.721275 88.313255 88.313255 88.313255 88.313255 88.313255 85.993607 
0.000000 0.000000 0.000000 0.000000 0.000000 0.000000 0.000000 0.000000 88.313255 88.313255 88.313255 85.993607 88.313255 88.313255 
0.000000 0.000000 0.000000 0.000000 0.000000 0.000000 0.000000 0.000000 83.427551 88.313255 88.313255 85.993607 88.313255 88.313255 
0.000000 0.000000 0.000000 0.000000 0.000000 0.000000 0.000000 0.000000 0.000000 54.250084 88.313255 88.313255 88.313255 88.313255 
0.000000 0.000000 0.000000 0.000000 0.000000 0.000000 0.000000 0.000000 0.000000 88.313255 88.313255 88.313255 88.313255 88.313255 
0.000000 0.000000 0.000000 0.000000 0.000000 0.000000 0.000000 0.000000 0.000000 0.000000 88.313255 88.313255 88.313255 88.313255 
0.000000 0.000000 0.000000 0.000000 0.000000 0.000000 0.000000 0.000000 0.000000 0.000000 0.000000 88.313255 88.313255 85.993607 
0.000000 0.000000 0.000000 0.000000 0.000000 0.000000 0.000000 0.000000 0.000000 0.000000 0.000000 0.000000 88.313255 0.000000 
