test/output/constant/M3M485_S060_A000_WD270.0_WS025.0/M3M485_S060_A000_WD270.0_WS025.0_arrival.asc
ncols         20
nrows         11
xllcorner     425003.990666
yllcorner     12748255.311160
cellsize      100.000000
NODATA_value  0.000000
0.000000 0.000000 0.000000 0.000000 0.000000 0.000000 0.000000 166.041644 166.040576 166.040576 166.040576 166.041644 0.000000 0.000000 0.000000 0.000000 0.000000 0.000000 0.000000 0.000000 
0.000000 0.000000 0.000000 166.041644 166.039509 166.037373 166.036305 166.034170 166.033102 166.032034 166.032034 166.032034 166.032034 166.033102 166.035237 166.039509 0.000000 0.000000 0.000000 0.000000 
0.000000 0.000000 166.040576 166.038441 166.036305 166.033102 166.030966 166.028831 166.026695 166.025627 166.023492 166.023492 166.022424 166.023492 166.024559 166.026695 166.030966 166.037373 0.000000 0.000000 
0.000000 166.040576 166.038441 166.035237 166.033102 166.029898 166.027763 166.025627 166.023492 166.020288 166.018153 166.017085 166.014949 166.013881 166.013881 166.014949 166.018153 166.024559 166.033102 0.000000 
166.041667 166.039509 166.037373 166.034170 166.032034 166.028831 166.026695 166.023492 166.021356 166.018153 166.016017 166.012814 166.010678 166.008542 166.006407 166.005339 166.005339 166.011746 166.023492 166.038441 
166.041644 166.039509 166.036305 166.034170 166.030966 166.028831 166.025627 166.023492 166.020288 166.018153 166.014949 166.012814 166.009610 166.007475 166.004271 166.002136 166.000000 166.007475 166.022424 166.036305 
166.041667 166.039509 166.037373 166.034170 166.032034 166.028831 166.026695 166.023492 166.021356 166.018153 166.016017 166.012814 166.010678 166.008542 166.006407 166.005339 166.005339 166.011746 166.023492 166.038441 
0.000000 166.040576 166.038441 166.035237 166.033102 166.029898 166.027763 166.025627 166.023492 166.020288 166.018153 166.017085 166.014949 166.013881 166.013881 166.014949 166.018153 166.024559 166.033102 0.000000 
0.000000 0.000000 166.040576 166.038441 166.036305 166.033102 166.030966 166.028831 166.026695 166.025627 166.023492 166.023492 166.022424 166.023492 166.024559 166.026695 166.030966 166.037373 0.000000 0.000000 
0.000000 0.000000 0.000000 166.041644 166.039509 166.037373 166.036305 166.034170 166.033102 166.032034 166.032034 166.032034 166.032034 166.033102 166.035237 166.039509 0.000000 0.000000 0.000000 0.000000 
0.000000 0.000000 0.000000 0.000000 0.000000 0.000000 0.000000 166.041644 166.040576 166.040576 166.040576 166.041644 0.000000 0.000000 0.000000 0.000000 0.000000 0.000000 0.000000 0.000000 
