test/output/constant/M380_S060_A090_WD045.0_WS010.0/M380_S060_A090_WD045.0_WS010.0_raz.asc
ncols         13
nrows         52
xllcorner     425603.990666
yllcorner     12743655.311160
cellsize      100.000000
NODATA_value  0.000000
0 0 0 0 0 0 0 0 0 198 254 72 0 
0 0 0 0 0 0 0 0 278 278 188 172 0 
0 0 0 0 0 0 0 0 305 188 188 168 0 
0 0 0 0 0 0 0 305 194 189 188 179 0 
0 0 0 0 0 0 0 305 194 188 186 172 0 
0 0 0 0 0 0 0 195 195 188 177 168 172 
0 0 0 0 0 0 262 305 193 188 180 179 175 
0 0 0 0 0 0 196 194 192 188 179 179 168 
0 0 0 0 0 0 247 195 188 188 180 180 175 
0 0 0 0 0 247 231 220 188 188 179 172 172 
0 0 0 0 0 195 247 195 188 180 183 172 175 
0 0 0 0 0 195 231 188 188 188 175 180 168 
0 0 0 0 247 195 194 189 188 172 179 175 172 
0 0 0 0 195 195 195 188 188 186 180 180 179 
0 0 0 0 231 195 190 188 188 179 172 177 0 
0 0 0 0 231 195 188 188 188 177 172 180 0 
0 0 0 195 195 195 188 188 184 180 180 180 0 
0 0 0 231 195 262 188 188 188 180 180 175 0 
0 0 0 195 195 195 190 188 183 180 175 180 0 
0 0 0 247 194 189 190 188 179 179 179 175 0 
0 0 0 195 195 191 188 188 172 179 180 180 0 
0 0 195 247 195 188 188 188 184 180 175 180 0 
0 0 195 194 188 192 188 188 180 180 180 177 0 
0 0 195 194 231 188 188 177 180 180 172 180 0 
0 0 195 195 188 188 188 188 185 180 172 180 0 
0 0 194 195 188 193 188 188 180 177 179 0 0 
0 191 195 231 192 188 188 179 179 168 175 0 0 
0 231 195 194 188 188 188 188 179 180 179 0 0 
0 195 195 188 188 188 177 179 175 180 180 0 0 
0 231 195 188 191 188 188 185 181 179 179 0 0 
0 195 188 188 188 188 180 183 179 175 172 0 0 
0 195 231 188 188 188 188 180 179 180 180 0 0 
0 195 188 188 190 188 185 180 172 180 172 0 0 
0 195 188 189 188 188 183 186 181 175 0 0 0 
0 231 188 188 188 188 179 183 180 180 0 0 0 
0 188 191 191 188 188 188 180 179 180 0 0 0 
220 231 188 190 188 185 179 179 180 177 0 0 0 
195 192 188 188 188 172 188 172 179 0 0 0 0 
188 188 188 188 188 188 175 181 183 0 0 0 0 
231 189 188 188 188 184 175 179 179 0 0 0 0 
188 188 188 188 188 185 188 179 180 0 0 0 0 
188 188 188 188 188 181 175 175 0 0 0 0 0 
188 188 188 190 188 180 179 184 0 0 0 0 0 
189 188 188 188 188 179 184 183 0 0 0 0 0 
188 190 188 188 179 179 183 181 0 0 0 0 0 
188 188 188 188 188 188 179 0 0 0 0 0 0 
188 188 188 188 175 180 180 0 0 0 0 0 0 
0 188 188 188 184 185 0 0 0 0 0 0 0 
0 188 188 188 175 179 0 0 0 0 0 0 0 
0 188 188 184 188 0 0 0 0 0 0 0 0 
0 188 188 184 179 0 0 0 0 0 0 0 0 
0 0 188 188 0 0 0 0 0 0 0 0 0 
