test/output/constant/M3M445_S000_A270_WD180.0_WS045.0/M3M445_S000_A270_WD180.0_WS045.0_arrival.asc
ncols         7
nrows         31
xllcorner     426303.990666
yllcorner     12748755.311160
cellsize      100.000000
NODATA_value  0.000000
0.000000 0.000000 0.000000 166.041667 0.000000 0.000000 0.000000 
0.000000 0.000000 166.041127 166.040564 166.041127 0.000000 0.000000 
0.000000 0.000000 166.040000 166.038874 166.040000 0.000000 0.000000 
0.000000 0.000000 166.038874 166.037747 166.038874 0.000000 0.000000 
0.000000 166.040564 166.037183 166.036057 166.037183 166.040564 0.000000 
0.000000 166.039437 166.036057 166.034930 166.036057 166.039437 0.000000 
0.000000 166.038310 166.034366 166.033240 166.034366 166.038310 0.000000 
0.000000 166.036620 166.033240 166.032113 166.033240 166.036620 0.000000 
0.000000 166.035493 166.031550 166.030423 166.031550 166.035493 0.000000 
0.000000 166.034366 166.030423 166.029296 166.030423 166.034366 0.000000 
0.000000 166.033240 166.028733 166.027606 166.028733 166.033240 0.000000 
166.041667 166.032113 166.027606 166.026479 166.027606 166.032113 166.041667 
166.041127 166.030986 166.025916 166.024789 166.025916 166.030986 166.041127 
166.041127 166.030423 166.024789 166.023662 166.024789 166.030423 166.041127 
166.041127 166.029296 166.023099 166.021972 166.023099 166.029296 166.041127 
166.041127 166.028169 166.021972 166.020845 166.021972 166.028169 166.041127 
166.041127 166.027042 166.020845 166.019155 166.020845 166.027042 166.041127 
0.000000 166.026479 166.019155 166.018028 166.019155 166.026479 0.000000 
0.000000 166.025352 166.018028 166.016338 166.018028 166.025352 0.000000 
0.000000 166.024789 166.016338 166.015211 166.016338 166.024789 0.000000 
0.000000 166.024789 166.015211 166.013521 166.015211 166.024789 0.000000 
0.000000 166.024789 166.014085 166.012394 166.014085 166.024789 0.000000 
0.000000 166.025352 166.012394 166.010704 166.012394 166.025352 0.000000 
0.000000 166.025916 166.011268 166.009578 166.011268 166.025916 0.000000 
0.000000 166.027042 166.010141 166.007887 166.010141 166.027042 0.000000 
0.000000 166.029859 166.009578 166.006761 166.009578 166.029859 0.000000 
0.000000 166.033803 166.008451 166.005070 166.008451 166.033803 0.000000 
0.000000 166.040000 166.008451 166.003944 166.008451 166.040000 0.000000 
0.000000 0.000000 166.009014 166.002254 166.009014 0.000000 0.000000 
0.000000 0.000000 166.012394 166.001127 166.012394 0.000000 0.000000 
0.000000 0.000000 166.027606 166.000000 166.027606 0.000000 0.000000 
