test/output/constant/M3M465_S060_A180_WD270.0_WS030.0/M3M465_S060_A180_WD270.0_WS030.0_arrival.asc
ncols         45
nrows         7
xllcorner     426603.990666
yllcorner     12748455.311160
cellsize      100.000000
NODATA_value  0.000000
0.000000 0.000000 0.000000 0.000000 0.000000 0.000000 0.000000 0.000000 0.000000 0.000000 0.000000 0.000000 0.000000 0.000000 166.041134 166.040002 166.038870 166.038115 166.037738 166.037360 166.036983 166.036605 166.036605 166.036605 166.036605 166.036983 166.037360 166.038115 166.038492 166.039247 166.040002 166.040379 166.041134 166.041667 0.000000 0.000000 0.000000 0.000000 0.000000 0.000000 0.000000 0.000000 0.000000 0.000000 0.000000 
0.000000 0.000000 0.000000 0.000000 166.040757 166.034719 166.030190 166.027171 166.025284 166.024152 166.023020 166.022643 166.022265 166.022265 166.022265 166.022265 166.022643 166.023397 166.023775 166.024529 166.025284 166.025662 166.026416 166.027171 166.027926 166.028681 166.029058 166.029813 166.030567 166.031700 166.032454 166.033209 166.033964 166.035096 166.035851 166.036983 166.037738 166.038492 166.039247 166.040379 166.041134 0.000000 0.000000 0.000000 0.000000 
0.000000 166.016227 166.009812 166.008302 166.007548 166.007548 166.007925 166.008680 166.009057 166.009812 166.010567 166.011699 166.012453 166.013586 166.014340 166.015095 166.016227 166.016982 166.018114 166.018869 166.020001 166.020756 166.021510 166.022643 166.023397 166.024529 166.025284 166.026416 166.027171 166.027926 166.029058 166.029813 166.030945 166.031700 166.032832 166.033586 166.034719 166.035473 166.036605 166.037360 166.038492 166.039247 166.040002 166.041134 0.000000 
166.000000 166.000755 166.001510 166.002642 166.003396 166.004529 166.005283 166.006415 166.007170 166.008302 166.009057 166.010189 166.010944 166.012076 166.012831 166.013963 166.014718 166.015850 166.016605 166.017737 166.018491 166.019624 166.020378 166.021510 166.022265 166.023397 166.024152 166.025284 166.026039 166.027171 166.027926 166.029058 166.029813 166.030945 166.031700 166.032832 166.033586 166.034719 166.035473 166.036605 166.037360 166.038492 166.039247 166.040379 166.041134 
0.000000 166.016227 166.009812 166.008302 166.007548 166.007548 166.007925 166.008680 166.009057 166.009812 166.010567 166.011699 166.012453 166.013586 166.014340 166.015095 166.016227 166.016982 166.018114 166.018869 166.020001 166.020756 166.021510 166.022643 166.023397 166.024529 166.025284 166.026416 166.027171 166.027926 166.029058 166.029813 166.030945 166.031700 166.032832 166.033586 166.034719 166.035473 166.036605 166.037360 166.038492 166.039247 166.040002 166.041134 0.000000 
0.000000 0.000000 0.000000 0.000000 166.040757 166.034719 166.030190 166.027171 166.025284 166.024152 166.023020 166.022643 166.022265 166.022265 166.022265 166.022265 166.022643 166.023397 166.023775 166.024529 166.025284 166.025662 166.026416 166.027171 166.027926 166.028681 166.029058 166.029813 166.030567 166.031700 166.032454 166.033209 166.033964 166.035096 166.035851 166.036983 166.037738 166.038492 166.039247 166.040379 166.041134 0.000000 0.000000 0.000000 0.000000 
0.000000 0.000000 0.000000 0.000000 0.000000 0.000000 0.000000 0.000000 0.000000 0.000000 0.000000 0.000000 0.000000 0.000000 166.041134 166.040002 166.038870 166.038115 166.037738 166.037360 166.036983 166.036605 166.036605 166.036605 166.036605 166.036983 166.037360 166.038115 166.038492 166.039247 166.040002 166.040379 166.041134 166.041667 0.000000 0.000000 0.000000 0.000000 0.000000 0.000000 0.000000 0.000000 0.000000 0.000000 0.000000 
