test/output/constant/M385_S000_A090_WD270.0_WS010.0/M385_S000_A090_WD270.0_WS010.0_arrival.asc
ncols         18
nrows         13
xllcorner     426203.990666
yllcorner     12748155.311160
cellsize      100.000000
NODATA_value  0.000000
0.000000 0.000000 0.000000 0.000000 0.000000 0.000000 166.041667 166.040781 166.040781 166.039545 166.040781 166.040781 166.041667 0.000000 0.000000 0.000000 0.000000 0.000000 
0.000000 0.000000 0.000000 166.040781 166.037073 166.034602 166.033366 166.033366 166.033366 166.033366 166.033366 166.034602 166.037073 166.038309 166.040781 0.000000 0.000000 0.000000 
0.000000 0.000000 166.038309 166.032130 166.028423 166.027187 166.025951 166.025951 166.025951 166.027187 166.028423 166.029659 166.032130 166.034602 166.037073 166.039545 166.041667 0.000000 
0.000000 166.037073 166.030895 166.024716 166.021008 166.018537 166.018537 166.018537 166.019773 166.021008 166.023480 166.025951 166.028423 166.030895 166.033366 166.035838 166.039545 166.041667 
166.041667 166.032130 166.022244 166.016065 166.012358 166.011122 166.011122 166.012358 166.014829 166.017301 166.019773 166.022244 166.025951 166.028423 166.030895 166.034602 166.037073 166.040781 
166.039545 166.028423 166.017301 166.008650 166.003707 166.003707 166.006179 166.008650 166.012358 166.014829 166.017301 166.021008 166.023480 166.027187 166.029659 166.033366 166.035838 166.039545 
166.038309 166.027187 166.016065 166.006179 166.000000 166.002472 166.004943 166.008650 166.011122 166.014829 166.017301 166.021008 166.023480 166.027187 166.029659 166.033366 166.035838 166.039545 
166.039545 166.028423 166.017301 166.008650 166.003707 166.003707 166.006179 166.008650 166.012358 166.014829 166.017301 166.021008 166.023480 166.027187 166.029659 166.033366 166.035838 166.039545 
166.041667 166.032130 166.022244 166.016065 166.012358 166.011122 166.011122 166.012358 166.014829 166.017301 166.019773 166.022244 166.025951 166.028423 166.030895 166.034602 166.037073 166.040781 
0.000000 166.037073 166.030895 166.024716 166.021008 166.018537 166.018537 166.018537 166.019773 166.021008 166.023480 166.025951 166.028423 166.030895 166.033366 166.035838 166.039545 166.041667 
0.000000 0.000000 166.038309 166.032130 166.028423 166.027187 166.025951 166.025951 166.025951 166.027187 166.028423 166.029659 166.032130 166.034602 166.037073 166.039545 166.041667 0.000000 
0.000000 0.000000 0.000000 166.040781 166.037073 166.034602 166.033366 166.033366 166.033366 166.033366 166.033366 166.034602 166.037073 166.038309 166.040781 0.000000 0.000000 0.000000 
0.000000 0.000000 0.000000 0.000000 0.000000 0.000000 166.041667 166.040781 166.040781 166.039545 166.040781 166.040781 166.041667 0.000000 0.000000 0.000000 0.000000 0.000000 
