test/output/constant/M3M465_S060_A090_WD135.0_WS020.0/M3M465_S060_A090_WD135.0_WS020.0_ros.asc
ncols         14
nrows         20
xllcorner     425403.990666
yllcorner     12746955.311160
cellsize      100.000000
NODATA_value  0.000000
0.000000 0.000000 0.000000 0.000000 0.000000 0.000000 0.000000 0.000000 0.000000 0.000000 0.000000 2.855023 2.048186 1.413439 
0.000000 0.000000 0.000000 0.000000 0.000000 0.000000 0.000000 0.000000 0.000000 2.855023 2.048186 22.749060 -1.000000 3.143650 
0.000000 0.000000 0.000000 0.000000 0.000000 0.000000 0.000000 0.000000 1.809448 1.809448 25.500561 35.845551 35.845551 6.021672 
0.000000 0.000000 0.000000 0.000000 0.000000 0.000000 0.000000 2.367687 2.367687 3.847389 35.845551 35.845551 10.354317 6.021672 
0.000000 0.000000 0.000000 0.000000 0.000000 0.000000 2.855023 25.500561 2.048186 35.845551 35.845551 35.460567 6.021672 4.382262 
0.000000 0.000000 0.000000 0.000000 0.000000 0.000000 5.236369 25.500561 35.845551 35.845551 35.845551 10.354317 3.143650 0.000000 
0.000000 0.000000 0.000000 0.000000 0.000000 2.367687 25.500561 32.333241 35.845551 35.845551 6.021672 18.563978 6.021672 0.000000 
0.000000 0.000000 0.000000 0.000000 2.367687 3.847389 5.236369 35.845551 35.845551 35.845551 6.021672 3.143650 4.382262 0.000000 
0.000000 0.000000 0.000000 22.749060 2.855023 30.366285 35.695560 35.845551 35.845551 26.929363 8.029019 6.021672 10.354317 0.000000 
0.000000 0.000000 0.000000 22.749060 25.500561 35.845551 35.038960 35.845551 29.362400 8.029019 8.029019 8.029019 0.000000 0.000000 
0.000000 0.000000 3.847389 28.065496 25.500561 35.845551 35.845551 35.460567 31.490461 21.448029 8.029019 10.354317 0.000000 0.000000 
0.000000 0.000000 32.333241 1.809448 32.333241 35.845551 35.845551 34.586224 26.929363 10.354317 8.029019 0.000000 0.000000 0.000000 
0.000000 2.367687 28.065496 32.333241 35.845551 35.845551 35.845551 33.249416 21.448029 3.143650 0.000000 0.000000 0.000000 0.000000 
0.000000 30.366285 3.847389 35.038960 35.845551 35.845551 24.264572 10.354317 10.354317 6.021672 0.000000 0.000000 0.000000 0.000000 
0.000000 32.333241 35.845551 35.845551 35.845551 31.490461 31.490461 6.021672 10.354317 0.000000 0.000000 0.000000 0.000000 0.000000 
5.236369 35.695560 35.845551 35.845551 35.460567 10.354317 21.448029 21.448029 0.000000 0.000000 0.000000 0.000000 0.000000 0.000000 
35.695560 35.845551 35.845551 35.845551 35.460567 33.249416 10.354317 0.000000 0.000000 0.000000 0.000000 0.000000 0.000000 0.000000 
35.845551 35.845551 35.845551 35.845551 35.845551 8.029019 0.000000 0.000000 0.000000 0.000000 0.000000 0.000000 0.000000 0.000000 
35.845551 35.845551 35.846107 6.021672 29.362400 0.000000 0.000000 0.000000 0.000000 0.000000 0.000000 0.000000 0.000000 0.000000 
35.845551 35.845551 8.029019 21.448029 0.000000 0.000000 0.000000 0.000000 0.000000 0.000000 0.000000 0.000000 0.000000 0.000000 
