test/output/constant/M3M495_S060_A000_WD315.0_WS045.0/M3M495_S060_A000_WD315.0_WS045.0_intensity.asc
ncols         13
nrows         37
xllcorner     425603.990666
yllcorner     12745255.311160
cellsize      100.000000
NODATA_value  0.000000
0 0 0 0 0 0 0 0 0 2188 1180 1159 0 
0 0 0 0 0 0 0 0 1180 3149 0 1752 0 
0 0 0 0 0 0 0 2606 2606 3149 54781 8852 0 
0 0 0 0 0 0 0 33928 4628 54781 54781 19776 8852 
0 0 0 0 0 0 1664 2188 45939 54781 48529 19776 12028 
0 0 0 0 0 0 3149 42301 54781 54781 8852 28609 8852 
0 0 0 0 0 2606 4628 4628 54781 54781 28609 19776 12028 
0 0 0 0 0 38256 1664 4628 54781 54781 28609 28609 12028 
0 0 0 0 2606 45939 45939 54781 54781 24121 24121 28609 0 
0 0 0 0 42301 45939 45939 54781 54781 28609 28609 24121 0 
0 0 0 0 4628 4628 54781 54781 54781 28609 15705 8852 0 
0 0 0 4628 4628 4628 54781 54781 51159 41581 28609 28609 0 
0 0 0 4628 45939 45939 54781 54781 24121 28609 28609 12028 0 
0 0 0 45939 45939 54781 54722 54781 54781 28609 12028 15705 0 
0 0 42301 1664 4628 54781 51572 54781 48529 24121 24121 24121 0 
0 0 45939 45939 45939 54781 54781 48529 28609 28609 28609 28609 0 
0 0 45939 4628 54781 54781 54781 41581 8852 15705 28609 0 0 
0 1664 45939 45939 54781 54781 54781 33105 28609 28609 8852 0 0 
0 2606 45939 45939 51572 54781 54781 41581 19776 28609 19776 0 0 
0 45939 45939 54781 54781 54781 41581 28609 41581 19776 24121 0 0 
0 45939 42301 54781 54781 54781 24121 12028 19776 28609 28609 0 0 
4628 45939 54781 54781 54781 54781 54781 28609 15705 24121 8852 0 0 
3149 2606 54781 54781 54781 53114 54781 45304 12028 28609 0 0 0 
45939 54781 53395 54781 54781 24121 28609 24121 24121 8852 0 0 0 
42301 54781 54781 54781 54781 37473 54781 45304 28609 28609 0 0 0 
51572 54781 54781 54781 54781 54781 37473 28609 28609 0 0 0 0 
42301 54781 54781 54781 53114 54781 19776 28609 28609 0 0 0 0 
54781 54781 54781 54781 24121 12028 15705 28609 24121 0 0 0 0 
54475 54781 54781 54781 41581 24121 28609 28609 0 0 0 0 0 
54781 54781 54781 54781 54781 51159 41581 28609 0 0 0 0 0 
54781 54781 54781 41581 41581 51159 19776 0 0 0 0 0 0 
54781 54781 54781 24121 24121 24121 15705 0 0 0 0 0 0 
54781 54781 54781 37473 28609 24121 0 0 0 0 0 0 0 
54781 54781 54781 54781 28609 37473 0 0 0 0 0 0 0 
54781 54781 28609 45304 15705 0 0 0 0 0 0 0 0 
54781 54781 24121 54781 28609 0 0 0 0 0 0 0 0 
54781 54781 33105 54781 0 0 0 0 0 0 0 0 0 
