test/output/constant/M3M495_S060_A000_WD315.0_WS045.0/M3M495_S060_A000_WD315.0_WS045.0_ros.asc
ncols         13
nrows         37
xllcorner     425603.990666
yllcorner     12745255.311160
cellsize      100.000000
NODATA_value  0.000000
0.000000 0.000000 0.000000 0.000000 0.000000 0.000000 0.000000 0.000000 0.000000 2.414649 1.303040 1.279551 0.000000 
0.000000 0.000000 0.000000 0.000000 0.000000 0.000000 0.000000 0.000000 1.303040 3.475337 -1.000000 1.933906 0.000000 
0.000000 0.000000 0.000000 0.000000 0.000000 0.000000 0.000000 2.876397 2.876397 3.475337 60.453560 9.768748 0.000000 
0.000000 0.000000 0.000000 0.000000 0.000000 0.000000 0.000000 37.441971 5.107330 60.453560 60.453560 21.824097 9.768748 
0.000000 0.000000 0.000000 0.000000 0.000000 0.000000 1.836849 2.414649 50.696407 60.453560 53.554836 21.824097 13.273836 
0.000000 0.000000 0.000000 0.000000 0.000000 0.000000 3.475337 46.681236 60.453560 60.453560 9.768748 31.571718 9.768748 
0.000000 0.000000 0.000000 0.000000 0.000000 2.876397 5.107330 5.107330 60.453560 60.453560 31.571718 21.824097 13.273836 
0.000000 0.000000 0.000000 0.000000 0.000000 42.217953 1.836849 5.107330 60.453560 60.453560 31.571718 31.571718 13.273836 
0.000000 0.000000 0.000000 0.000000 2.876397 50.696407 50.696407 60.453560 60.453560 26.618837 26.618837 31.571718 0.000000 
0.000000 0.000000 0.000000 0.000000 46.681236 50.696407 50.696407 60.453560 60.453560 31.571718 31.571718 26.618837 0.000000 
0.000000 0.000000 0.000000 0.000000 5.107330 5.107330 60.453560 60.453560 60.453560 31.571718 17.331339 9.768748 0.000000 
0.000000 0.000000 0.000000 5.107330 5.107330 5.107330 60.453560 60.453560 56.456993 45.886955 31.571718 31.571718 0.000000 
0.000000 0.000000 0.000000 5.107330 50.696407 50.696407 60.453560 60.453560 26.618837 31.571718 31.571718 13.273836 0.000000 
0.000000 0.000000 0.000000 50.696407 50.696407 60.453560 60.388554 60.453560 60.453560 31.571718 13.273836 17.331339 0.000000 
0.000000 0.000000 46.681236 1.836849 5.107330 60.453560 56.912155 60.453560 53.554836 26.618837 26.618837 26.618837 0.000000 
0.000000 0.000000 50.696407 50.696407 50.696407 60.453560 60.453560 53.554836 31.571718 31.571718 31.571718 31.571718 0.000000 
0.000000 0.000000 50.696407 5.107330 60.453560 60.453560 60.453560 45.886955 9.768748 17.331339 31.571718 0.000000 0.000000 
0.000000 1.836849 50.696407 50.696407 60.453560 60.453560 60.453560 36.533379 31.571718 31.571718 9.768748 0.000000 0.000000 
0.000000 2.876397 50.696407 50.696407 56.912155 60.453560 60.453560 45.886955 21.824097 31.571718 21.824097 0.000000 0.000000 
0.000000 50.696407 50.696407 60.453560 60.453560 60.453560 45.886955 31.571718 45.886955 21.824097 26.618837 0.000000 0.000000 
0.000000 50.696407 46.681236 60.453560 60.453560 60.453560 26.618837 13.273836 21.824097 31.571718 31.571718 0.000000 0.000000 
5.107330 50.696407 60.453560 60.453560 60.453560 60.453560 60.453560 31.571718 17.331339 26.618837 9.768748 0.000000 0.000000 
3.475337 2.876397 60.453560 60.453560 60.453560 58.613930 60.453560 49.995502 13.273836 31.571718 0.000000 0.000000 0.000000 
50.696407 60.453560 58.923969 60.453560 60.453560 26.618837 31.571718 26.618837 26.618837 9.768748 0.000000 0.000000 0.000000 
46.681236 60.453560 60.453560 60.453560 60.453560 41.353783 60.453560 49.995502 31.571718 31.571718 0.000000 0.000000 0.000000 
56.912155 60.453560 60.453560 60.453560 60.453560 60.453560 41.353783 31.571718 31.571718 0.000000 0.000000 0.000000 0.000000 
46.681236 60.453560 60.453560 60.453560 58.613930 60.453560 21.824097 31.571718 31.571718 0.000000 0.000000 0.000000 0.000000 
60.453560 60.453560 60.453560 60.453560 26.618837 13.273836 17.331339 31.571718 26.618837 0.000000 0.000000 0.000000 0.000000 
60.115902 60.453560 60.453560 60.453560 45.886955 26.618837 31.571718 31.571718 0.000000 0.000000 0.000000 0.000000 0.000000 
60.453560 60.453560 60.453560 60.453560 60.453560 56.456993 45.886955 31.571718 0.000000 0.000000 0.000000 0.000000 0.000000 
60.453560 60.453560 60.453560 45.886955 45.886955 56.456993 21.824097 0.000000 0.000000 0.000000 0.000000 0.000000 0.000000 
60.453560 60.453560 60.453560 26.618837 26.618837 26.618837 17.331339 0.000000 0.000000 0.000000 0.000000 0.000000 0.000000 
60.453560 60.453560 60.453560 41.353783 31.571718 26.618837 0.000000 0.000000 0.000000 0.000000 0.000000 0.000000 0.000000 
60.453560 60.453560 60.453560 60.453560 31.571718 41.353783 0.000000 0.000000 0.000000 0.000000 0.000000 0.000000 0.000000 
60.453560 60.453560 31.571718 49.995502 17.331339 0.000000 0.000000 0.000000 0.000000 0.000000 0.000000 0.000000 0.000000 
60.453560 60.453560 26.618837 60.453560 31.571718 0.000000 0.000000 0.000000 0.000000 0.000000 0.000000 0.000000 0.000000 
60.453560 60.453560 36.533379 60.453560 0.000000 0.000000 0.000000 0.000000 0.000000 0.000000 0.000000 0.000000 0.000000 
