test/output/constant/M3M495_S060_A000_WD315.0_WS045.0/M3M495_S060_A000_WD315.0_WS045.0_raz.asc
ncols         13
nrows         37
xllcorner     425603.990666
yllcorner     12745255.311160
cellsize      100.000000
NODATA_value  0.000000
0 0 0 0 0 0 0 0 0 284 351 14 0 
0 0 0 0 0 0 0 0 351 263 65535 83 0 
0 0 0 0 0 0 0 273 273 263 194 160 0 
0 0 0 0 0 0 0 205 247 194 194 175 160 
0 0 0 0 0 0 304 284 200 194 189 175 166 
0 0 0 0 0 0 263 201 194 194 160 180 160 
0 0 0 0 0 273 247 247 194 194 180 175 166 
0 0 0 0 0 203 304 247 194 194 180 180 166 
0 0 0 0 273 200 200 194 194 178 178 180 0 
0 0 0 0 201 200 200 194 194 180 180 178 0 
0 0 0 0 247 247 194 194 194 180 171 160 0 
0 0 0 247 247 247 194 194 190 186 180 180 0 
0 0 0 247 200 200 194 194 178 180 180 166 0 
0 0 0 200 200 194 194 194 194 180 166 171 0 
0 0 201 304 247 194 197 194 189 178 178 178 0 
0 0 200 200 200 194 194 189 180 180 180 180 0 
0 0 200 247 194 194 194 186 160 171 180 0 0 
0 304 200 200 194 194 194 182 180 180 160 0 0 
0 273 200 200 197 194 194 186 175 180 175 0 0 
0 200 200 194 194 194 186 180 186 175 178 0 0 
0 200 201 194 194 194 178 166 175 180 180 0 0 
247 200 194 194 194 194 194 180 171 178 160 0 0 
263 273 194 194 194 191 194 187 166 180 0 0 0 
200 194 196 194 194 178 180 178 178 160 0 0 0 
201 194 194 194 194 184 194 187 180 180 0 0 0 
197 194 194 194 194 194 184 180 180 0 0 0 0 
201 194 194 194 191 194 175 180 180 0 0 0 0 
194 194 194 194 178 166 171 180 178 0 0 0 0 
195 194 194 194 186 178 180 180 0 0 0 0 0 
194 194 194 194 194 190 186 180 0 0 0 0 0 
194 194 194 186 186 190 175 0 0 0 0 0 0 
194 194 194 178 178 178 171 0 0 0 0 0 0 
194 194 194 184 180 178 0 0 0 0 0 0 0 
194 194 194 194 180 184 0 0 0 0 0 0 0 
194 194 180 187 171 0 0 0 0 0 0 0 0 
194 194 178 194 180 0 0 0 0 0 0 0 0 
194 194 182 194 0 0 0 0 0 0 0 0 0 
