test/output/constant/M3M475_S060_A270_WD315.0_WS005.0/M3M475_S060_A270_WD315.0_WS005.0_arrival.asc
ncols         9
nrows         37
xllcorner     426403.990666
yllcorner     12748655.311160
cellsize      100.000000
NODATA_value  0.000000
0.000000 0.000000 0.000000 0.000000 0.000000 166.041570 166.041570 0.000000 0.000000 
0.000000 0.000000 0.000000 0.000000 166.040625 166.040153 166.040153 166.041097 0.000000 
0.000000 0.000000 0.000000 166.041097 166.039208 166.038736 166.039208 166.040153 0.000000 
0.000000 0.000000 0.000000 166.039680 166.038263 166.037791 166.037791 166.039208 166.041667 
0.000000 0.000000 166.041570 166.038263 166.036846 166.036374 166.036846 166.038263 166.041097 
0.000000 0.000000 166.040153 166.037318 166.035429 166.035429 166.035429 166.037318 166.040625 
0.000000 0.000000 166.038736 166.035901 166.034484 166.034012 166.034484 166.036846 166.039680 
0.000000 0.000000 166.037318 166.034484 166.033067 166.033067 166.033539 166.035901 166.039208 
0.000000 166.040625 166.035901 166.033067 166.031650 166.031650 166.032595 166.034956 166.038736 
0.000000 166.039208 166.034484 166.031650 166.030705 166.030705 166.031650 166.034012 166.038736 
0.000000 166.037791 166.033067 166.030233 166.029288 166.029288 166.030705 166.033539 166.038263 
0.000000 166.036374 166.031650 166.028815 166.028343 166.028343 166.029760 166.032595 166.037791 
166.041097 166.034956 166.030233 166.027871 166.026926 166.026926 166.028815 166.032122 166.037791 
166.040153 166.033539 166.028815 166.026454 166.025981 166.025981 166.027871 166.031650 166.037791 
166.038736 166.032122 166.027398 166.025036 166.024564 166.025036 166.026926 166.031650 166.037318 
166.037318 166.030705 166.025981 166.023619 166.023619 166.024092 166.026454 166.031177 166.037318 
166.036374 166.029288 166.024564 166.022674 166.022202 166.023147 166.025509 166.031177 166.037791 
166.034956 166.027871 166.023147 166.021257 166.021257 166.021730 166.025036 166.030705 166.038263 
166.034012 166.026454 166.021730 166.019840 166.019840 166.021257 166.024564 166.030705 166.039208 
166.033067 166.025036 166.020313 166.018895 166.018895 166.020313 166.024564 166.030705 166.040153 
166.031650 166.023619 166.018895 166.017478 166.017478 166.019368 166.024092 166.031177 166.041570 
166.030705 166.022674 166.017478 166.016533 166.016533 166.018423 166.024092 166.031650 0.000000 
166.029760 166.021257 166.016061 166.015116 166.015116 166.017951 166.024092 166.033067 0.000000 
166.028815 166.019368 166.014644 166.013699 166.014172 166.017478 166.024092 166.034484 0.000000 
166.028343 166.018423 166.013227 166.012754 166.013227 166.017478 166.024564 166.036374 0.000000 
166.027398 166.017006 166.012282 166.011337 166.012282 166.017006 166.025509 166.039208 0.000000 
166.026926 166.015589 166.010865 166.010392 166.011337 166.017006 166.027398 0.000000 0.000000 
166.026454 166.014172 166.009448 166.008975 166.010865 166.017478 166.029760 0.000000 0.000000 
166.026454 166.012754 166.008031 166.008031 166.010392 166.018423 166.033067 0.000000 0.000000 
166.026454 166.011810 166.006613 166.006613 166.010392 166.020313 166.037791 0.000000 0.000000 
166.027398 166.010865 166.005669 166.005669 166.010392 166.023147 0.000000 0.000000 0.000000 
166.028815 166.009920 166.004251 166.004724 166.011337 166.027871 0.000000 0.000000 0.000000 
166.030705 166.009448 166.003307 166.003779 166.013227 166.035429 0.000000 0.000000 0.000000 
166.035429 166.008975 166.001890 166.003779 166.018423 0.000000 0.000000 0.000000 0.000000 
0.000000 166.010392 166.000945 166.003779 166.029288 0.000000 0.000000 0.000000 0.000000 
0.000000 166.017006 166.000000 166.010865 0.000000 0.000000 0.000000 0.000000 0.000000 
0.000000 0.000000 166.034484 0.000000 0.000000 0.000000 0.000000 0.000000 0.000000 
