test/output/constant/M3M490_S000_A180_WD270.0_WS015.0/M3M490_S000_A180_WD270.0_WS015.0_arrival.asc
ncols         22
nrows         11
xllcorner     426303.990666
yllcorner     12748255.311160
cellsize      100.000000
NODATA_value  0.000000
0.000000 0.000000 0.000000 0.000000 0.000000 0.000000 166.040219 166.038348 166.038348 166.037413 166.037413 166.037413 166.038348 166.038348 166.039284 166.041154 0.000000 0.000000 0.000000 0.000000 0.000000 0.000000 
0.000000 0.000000 0.000000 166.039284 166.034607 166.031801 166.029930 166.028995 166.028995 166.028995 166.029930 166.029930 166.030866 166.032736 166.033672 166.035542 166.037413 166.039284 166.041154 0.000000 0.000000 0.000000 
0.000000 0.000000 166.033672 166.027124 166.023383 166.021512 166.020577 166.021512 166.021512 166.021512 166.023383 166.024318 166.026189 166.028060 166.029930 166.031801 166.033672 166.035542 166.038348 166.040219 0.000000 0.000000 
0.000000 166.031801 166.022448 166.015900 166.013095 166.013095 166.013095 166.013095 166.014965 166.016836 166.018706 166.020577 166.022448 166.024318 166.027124 166.028995 166.030866 166.033672 166.035542 166.038348 166.040219 0.000000 
166.039284 166.024318 166.011224 166.004677 166.004677 166.005612 166.007483 166.009353 166.011224 166.014030 166.015900 166.018706 166.020577 166.023383 166.025254 166.028060 166.029930 166.032736 166.034607 166.037413 166.039284 166.041667 
166.037413 166.022448 166.007483 166.000000 166.001871 166.003741 166.006547 166.008418 166.011224 166.013095 166.015900 166.017771 166.020577 166.022448 166.025254 166.027124 166.029930 166.031801 166.034607 166.036478 166.039284 166.041154 
166.039284 166.024318 166.011224 166.004677 166.004677 166.005612 166.007483 166.009353 166.011224 166.014030 166.015900 166.018706 166.020577 166.023383 166.025254 166.028060 166.029930 166.032736 166.034607 166.037413 166.039284 166.041667 
0.000000 166.031801 166.022448 166.015900 166.013095 166.013095 166.013095 166.013095 166.014965 166.016836 166.018706 166.020577 166.022448 166.024318 166.027124 166.028995 166.030866 166.033672 166.035542 166.038348 166.040219 0.000000 
0.000000 0.000000 166.033672 166.027124 166.023383 166.021512 166.020577 166.021512 166.021512 166.021512 166.023383 166.024318 166.026189 166.028060 166.029930 166.031801 166.033672 166.035542 166.038348 166.040219 0.000000 0.000000 
0.000000 0.000000 0.000000 166.039284 166.034607 166.031801 166.029930 166.028995 166.028995 166.028995 166.029930 166.029930 166.030866 166.032736 166.033672 166.035542 166.037413 166.039284 166.041154 0.000000 0.000000 0.000000 
0.000000 0.000000 0.000000 0.000000 0.000000 0.000000 166.040219 166.038348 166.038348 166.037413 166.037413 166.037413 166.038348 166.038348 166.039284 166.041154 0.000000 0.000000 0.000000 0.000000 0.000000 0.000000 
