test/output/constant/M3M480_S060_A270_WD045.0_WS005.0/M3M480_S060_A270_WD045.0_WS005.0_arrival.asc
ncols         11
nrows         40
xllcorner     425903.990666
yllcorner     12748655.311160
cellsize      100.000000
NODATA_value  0.000000
0.000000 0.000000 0.000000 166.041417 166.041417 0.000000 0.000000 0.000000 0.000000 0.000000 0.000000 
0.000000 0.000000 166.040981 166.040545 166.040545 166.041417 0.000000 0.000000 0.000000 0.000000 0.000000 
0.000000 0.000000 166.040109 166.039237 166.039237 166.040109 166.041667 0.000000 0.000000 0.000000 0.000000 
0.000000 166.040981 166.038801 166.038365 166.038365 166.038801 166.040545 0.000000 0.000000 0.000000 0.000000 
0.000000 166.040545 166.037929 166.037057 166.037057 166.037493 166.039237 0.000000 0.000000 0.000000 0.000000 
0.000000 166.039673 166.037057 166.036185 166.035749 166.036185 166.037929 166.040981 0.000000 0.000000 0.000000 
0.000000 166.038801 166.036185 166.034877 166.034877 166.035313 166.036621 166.039673 0.000000 0.000000 0.000000 
0.000000 166.038365 166.035749 166.034006 166.033570 166.034006 166.035313 166.038365 0.000000 0.000000 0.000000 
0.000000 166.037493 166.034877 166.032698 166.032698 166.033134 166.034006 166.037057 166.041417 0.000000 0.000000 
0.000000 166.037057 166.034006 166.031826 166.031390 166.031826 166.033134 166.035749 166.040109 0.000000 0.000000 
0.000000 166.036621 166.033134 166.030954 166.030518 166.030518 166.031826 166.034442 166.038801 0.000000 0.000000 
166.041667 166.036185 166.032262 166.030082 166.029210 166.029210 166.030518 166.033134 166.037493 0.000000 0.000000 
166.041417 166.036185 166.031826 166.029210 166.028338 166.028338 166.029210 166.031826 166.036185 0.000000 0.000000 
166.041417 166.035749 166.030954 166.028338 166.027030 166.027030 166.027902 166.030518 166.034877 166.040981 0.000000 
166.041417 166.035749 166.030518 166.027466 166.026158 166.026158 166.026594 166.029210 166.033570 166.039673 0.000000 
166.041417 166.035313 166.030082 166.026594 166.024850 166.024850 166.025722 166.027902 166.032698 166.038365 0.000000 
0.000000 166.035313 166.029646 166.025722 166.023978 166.023978 166.024414 166.026594 166.031390 166.037057 0.000000 
0.000000 166.035313 166.029646 166.025286 166.023106 166.022670 166.023106 166.025286 166.029646 166.035749 0.000000 
0.000000 166.035313 166.029210 166.024414 166.022234 166.021798 166.021798 166.023978 166.028338 166.034877 0.000000 
0.000000 166.035313 166.028774 166.023978 166.021362 166.020491 166.020926 166.022670 166.027466 166.033570 0.000000 
0.000000 166.036185 166.028774 166.023542 166.020491 166.019619 166.019619 166.021362 166.026158 166.032698 0.000000 
0.000000 166.037057 166.028774 166.023106 166.019619 166.018311 166.018311 166.020055 166.024850 166.031390 0.000000 
0.000000 166.037929 166.028774 166.022670 166.018747 166.017439 166.017439 166.018747 166.023542 166.030518 0.000000 
0.000000 166.039673 166.029210 166.022670 166.017875 166.016131 166.016131 166.017439 166.022234 166.029646 0.000000 
0.000000 166.041417 166.030082 166.022670 166.017439 166.015259 166.015259 166.016131 166.020926 166.028774 166.041667 
0.000000 0.000000 166.030954 166.022670 166.017003 166.013951 166.013951 166.014823 166.019619 166.027902 166.041417 
0.000000 0.000000 166.033134 166.022670 166.016567 166.013079 166.012643 166.013515 166.018311 166.027030 166.040981 
0.000000 0.000000 166.034877 166.023106 166.016131 166.012207 166.011771 166.012207 166.017003 166.026594 166.041417 
0.000000 0.000000 166.037493 166.024414 166.016131 166.011335 166.010463 166.010899 166.015695 166.025722 166.041417 
0.000000 0.000000 166.040545 166.026158 166.016131 166.010899 166.009591 166.010027 166.014387 166.025722 0.000000 
0.000000 0.000000 0.000000 166.027902 166.016567 166.010463 166.008283 166.008719 166.013079 166.024850 0.000000 
0.000000 0.000000 0.000000 166.031390 166.017439 166.010027 166.007411 166.007411 166.011771 166.024850 0.000000 
0.000000 0.000000 0.000000 166.036185 166.019183 166.009591 166.006104 166.006540 166.010899 166.025286 0.000000 
0.000000 0.000000 0.000000 0.000000 166.022234 166.009591 166.005232 166.005232 166.010027 166.025722 0.000000 
0.000000 0.000000 0.000000 0.000000 166.026594 166.010899 166.004360 166.003924 166.009155 166.026594 0.000000 
0.000000 0.000000 0.000000 0.000000 166.034006 166.012643 166.003488 166.003052 166.008719 166.029210 0.000000 
0.000000 0.000000 0.000000 0.000000 0.000000 166.017439 166.003488 166.001744 166.008719 166.034877 0.000000 
0.000000 0.000000 0.000000 0.000000 0.000000 166.027902 166.003924 166.000872 166.009591 0.000000 0.000000 
0.000000 0.000000 0.000000 0.000000 0.000000 0.000000 166.010463 166.000000 166.016131 0.000000 0.000000 
0.000000 0.000000 0.000000 0.000000 0.000000 0.000000 0.000000 166.033570 0.000000 0.000000 0.000000 
