test/output/constant/M3M490_S060_A180_WD270.0_WS010.0/M3M490_S060_A180_WD270.0_WS010.0_arrival.asc
ncols         57
nrows         9
xllcorner     426603.990666
yllcorner     12748355.311160
cellsize      100.000000
NODATA_value  0.000000
0.000000 0.000000 0.000000 0.000000 0.000000 0.000000 0.000000 0.000000 0.000000 0.000000 0.000000 0.000000 0.000000 166.039987 166.038794 166.037003 166.036108 166.035213 166.034914 166.034318 166.033721 166.033422 166.033124 166.033124 166.032826 166.032826 166.032826 166.032826 166.033124 166.033422 166.033721 166.034318 166.034616 166.035213 166.035810 166.036108 166.036705 166.037302 166.037600 166.038197 166.038794 166.039391 166.039689 166.040286 166.040883 166.041480 0.000000 0.000000 0.000000 0.000000 0.000000 0.000000 0.000000 0.000000 0.000000 0.000000 0.000000 
0.000000 0.000000 0.000000 0.000000 0.000000 0.000000 166.038495 166.034318 166.031333 166.028946 166.027454 166.026260 166.025365 166.024768 166.024172 166.023873 166.023575 166.023575 166.023575 166.023575 166.023575 166.023873 166.024470 166.024768 166.025365 166.025962 166.026260 166.026857 166.027454 166.028051 166.028349 166.028946 166.029543 166.030140 166.030737 166.031035 166.031632 166.032229 166.033124 166.033721 166.034318 166.034914 166.035810 166.036407 166.037003 166.037600 166.038495 166.039092 166.039689 166.040286 166.041181 0.000000 0.000000 0.000000 0.000000 0.000000 0.000000 
0.000000 0.000000 166.035511 166.026260 166.020889 166.018502 166.016413 166.015518 166.014921 166.014324 166.014324 166.014324 166.014324 166.014622 166.014921 166.015518 166.016114 166.016413 166.017010 166.017606 166.018203 166.018800 166.019397 166.019994 166.020591 166.021187 166.021784 166.022679 166.023276 166.023873 166.024768 166.025365 166.025962 166.026559 166.027454 166.028051 166.028648 166.029543 166.030140 166.030737 166.031632 166.032229 166.033124 166.033721 166.034318 166.035213 166.035810 166.036407 166.037302 166.037899 166.038794 166.039391 166.040286 166.040883 166.041480 0.000000 0.000000 
166.018800 166.008057 166.005371 166.004775 166.004775 166.005073 166.005670 166.006267 166.006864 166.007460 166.008057 166.008952 166.009549 166.010146 166.011041 166.011638 166.012235 166.013130 166.013727 166.014622 166.015219 166.016114 166.016711 166.017606 166.018203 166.019099 166.019695 166.020591 166.021187 166.022083 166.022679 166.023575 166.024172 166.025067 166.025664 166.026559 166.027156 166.028051 166.028648 166.029245 166.030140 166.030737 166.031632 166.032229 166.033124 166.033721 166.034616 166.035213 166.035810 166.036705 166.037302 166.038197 166.038794 166.039689 166.040286 166.041181 166.041667 
166.000000 166.000597 166.001194 166.002089 166.002686 166.003581 166.004178 166.005073 166.005670 166.006565 166.007162 166.008057 166.008654 166.009549 166.010146 166.011041 166.011638 166.012533 166.013130 166.014025 166.014622 166.015518 166.016114 166.017010 166.017606 166.018502 166.019099 166.019994 166.020591 166.021486 166.022083 166.022978 166.023575 166.024470 166.025067 166.025962 166.026559 166.027454 166.028051 166.028946 166.029543 166.030438 166.031035 166.031930 166.032527 166.033422 166.034019 166.034914 166.035511 166.036407 166.037003 166.037899 166.038495 166.039391 166.039987 166.040883 166.041480 
166.018800 166.008057 166.005371 166.004775 166.004775 166.005073 166.005670 166.006267 166.006864 166.007460 166.008057 166.008952 166.009549 166.010146 166.011041 166.011638 166.012235 166.013130 166.013727 166.014622 166.015219 166.016114 166.016711 166.017606 166.018203 166.019099 166.019695 166.020591 166.021187 166.022083 166.022679 166.023575 166.024172 166.025067 166.025664 166.026559 166.027156 166.028051 166.028648 166.029245 166.030140 166.030737 166.031632 166.032229 166.033124 166.033721 166.034616 166.035213 166.035810 166.036705 166.037302 166.038197 166.038794 166.039689 166.040286 166.041181 166.041667 
0.000000 0.000000 166.035511 166.026260 166.020889 166.018502 166.016413 166.015518 166.014921 166.014324 166.014324 166.014324 166.014324 166.014622 166.014921 166.015518 166.016114 166.016413 166.017010 166.017606 166.018203 166.018800 166.019397 166.019994 166.020591 166.021187 166.021784 166.022679 166.023276 166.023873 166.024768 166.025365 166.025962 166.026559 166.027454 166.028051 166.028648 166.029543 166.030140 166.030737 166.031632 166.032229 166.033124 166.033721 166.034318 166.035213 166.035810 166.036407 166.037302 166.037899 166.038794 166.039391 166.040286 166.040883 166.041480 0.000000 0.000000 
0.000000 0.000000 0.000000 0.000000 0.000000 0.000000 166.038495 166.034318 166.031333 166.028946 166.027454 166.026260 166.025365 166.024768 166.024172 166.023873 166.023575 166.023575 166.023575 166.023575 166.023575 166.023873 166.024470 166.024768 166.025365 166.025962 166.026260 166.026857 166.027454 166.028051 166.028349 166.028946 166.029543 166.030140 166.030737 166.031035 166.031632 166.032229 166.033124 166.033721 166.034318 166.034914 166.035810 166.036407 166.037003 166.037600 166.038495 166.039092 166.039689 166.040286 166.041181 0.000000 0.000000 0.000000 0.000000 0.000000 0.000000 
0.000000 0.000000 0.000000 0.000000 0.000000 0.000000 0.000000 0.000000 0.000000 0.000000 0.000000 0.000000 0.000000 166.039987 166.038794 166.037003 166.036108 166.035213 166.034914 166.034318 166.033721 166.033422 166.033124 166.033124 166.032826 166.032826 166.032826 166.032826 166.033124 166.033422 166.033721 166.034318 166.034616 166.035213 166.035810 166.036108 166.036705 166.037302 166.037600 166.038197 166.038794 166.039391 166.039689 166.040286 166.040883 166.041480 0.000000 0.000000 0.000000 0.000000 0.000000 0.000000 0.000000 0.000000 0.000000 0.000000 0.000000 
