test/output/constant/M375_S060_A090_WD135.0_WS010.0/M375_S060_A090_WD135.0_WS010.0_raz.asc
ncols         12
nrows         35
xllcorner     425703.990666
yllcorner     12745455.311160
cellsize      100.000000
NODATA_value  0.000000
0 0 0 0 0 0 0 0 302 349 36 0 
0 0 0 0 0 0 0 302 302 254 36 0 
0 0 0 0 0 0 0 282 199 192 169 0 
0 0 0 0 0 0 349 200 196 192 164 0 
0 0 0 0 0 302 204 202 192 183 178 36 
0 0 0 0 0 263 263 247 192 183 178 164 
0 0 0 0 0 349 202 192 192 178 178 164 
0 0 0 0 302 302 202 195 192 178 169 173 
0 0 0 0 263 202 192 192 192 176 176 169 
0 0 0 263 200 263 192 192 192 173 173 158 
0 0 0 202 200 302 192 192 178 178 169 178 
0 0 0 247 202 192 192 192 173 176 169 0 
0 0 263 200 302 192 192 176 181 173 178 0 
0 0 247 272 199 192 192 192 181 178 178 0 
0 0 200 263 192 192 192 192 181 173 173 0 
0 0 235 200 192 192 192 178 173 181 178 0 
0 200 200 202 192 192 192 190 173 181 176 0 
0 235 202 192 192 192 178 178 169 173 178 0 
0 263 202 192 192 192 191 183 181 178 0 0 
0 200 263 192 192 192 192 181 181 178 0 0 
200 202 192 192 192 192 178 178 181 169 0 0 
200 200 192 192 192 192 184 176 173 181 0 0 
202 200 192 192 192 178 176 183 178 164 0 0 
202 192 192 192 192 190 178 191 178 0 0 0 
263 192 195 192 187 192 183 178 178 0 0 0 
202 192 192 196 192 181 181 178 169 0 0 0 
192 192 192 192 192 192 169 178 0 0 0 0 
192 192 192 192 178 169 186 181 0 0 0 0 
193 192 192 192 190 181 181 181 0 0 0 0 
192 192 192 192 192 181 178 0 0 0 0 0 
192 192 192 192 181 158 181 0 0 0 0 0 
192 192 192 187 181 178 0 0 0 0 0 0 
192 192 189 181 186 181 0 0 0 0 0 0 
192 192 192 190 178 0 0 0 0 0 0 0 
0 192 189 192 0 0 0 0 0 0 0 0 
