test/output/constant/M3M475_S060_A000_WD090.0_WS005.0/M3M475_S060_A000_WD090.0_WS005.0_arrival.asc
ncols         45
nrows         9
xllcorner     422203.990666
yllcorner     12748355.311160
cellsize      100.000000
NODATA_value  0.000000
0.000000 0.000000 0.000000 0.000000 0.000000 0.000000 0.000000 0.000000 0.000000 0.000000 0.000000 166.041667 166.041058 166.040305 166.039928 166.039175 166.038422 166.038045 166.037292 166.036915 166.036538 166.036538 166.036538 166.036538 166.036915 166.036915 166.037292 166.037668 166.038045 166.038798 166.039552 166.041058 0.000000 0.000000 0.000000 0.000000 0.000000 0.000000 0.000000 0.000000 0.000000 0.000000 0.000000 0.000000 0.000000 
0.000000 0.000000 0.000000 0.000000 0.000000 166.041435 166.040305 166.039552 166.038798 166.038045 166.036915 166.036161 166.035408 166.034655 166.033901 166.033525 166.032771 166.032018 166.031265 166.030511 166.030135 166.029381 166.028628 166.028251 166.027498 166.027121 166.026368 166.026368 166.026368 166.026368 166.026368 166.026744 166.026744 166.027498 166.028251 166.029758 166.031641 166.034278 166.037668 0.000000 0.000000 0.000000 0.000000 0.000000 0.000000 
0.000000 0.000000 166.041435 166.040305 166.039552 166.038422 166.037668 166.036538 166.035785 166.035031 166.033901 166.033148 166.032395 166.031265 166.030511 166.029758 166.028628 166.027874 166.026744 166.025991 166.025238 166.024484 166.023354 166.022601 166.021848 166.021094 166.020341 166.019587 166.019211 166.018457 166.017704 166.016951 166.016574 166.015821 166.015821 166.015821 166.016197 166.016197 166.016951 166.018457 166.020718 166.025238 166.032771 0.000000 0.000000 
166.041435 166.040305 166.039552 166.038422 166.037668 166.036915 166.035785 166.035031 166.033901 166.033148 166.032018 166.031265 166.030135 166.029381 166.028251 166.027498 166.026744 166.025614 166.024861 166.023731 166.022978 166.021848 166.021094 166.019964 166.019211 166.018457 166.017327 166.016574 166.015444 166.014691 166.013561 166.012807 166.012054 166.010924 166.010170 166.009040 166.008287 166.007534 166.006780 166.006027 166.005274 166.005274 166.005650 166.007910 166.017327 
166.041058 166.040305 166.039175 166.038422 166.037292 166.036538 166.035408 166.034655 166.033525 166.032771 166.031641 166.030888 166.029758 166.029005 166.027874 166.027121 166.025991 166.025238 166.024108 166.023354 166.022224 166.021471 166.020341 166.019587 166.018457 166.017704 166.016574 166.015821 166.014691 166.013937 166.012807 166.012054 166.010924 166.010170 166.009040 166.008287 166.007157 166.006404 166.005274 166.004520 166.003390 166.002637 166.001507 166.000753 166.000000 
166.041435 166.040305 166.039552 166.038422 166.037668 166.036915 166.035785 166.035031 166.033901 166.033148 166.032018 166.031265 166.030135 166.029381 166.028251 166.027498 166.026744 166.025614 166.024861 166.023731 166.022978 166.021848 166.021094 166.019964 166.019211 166.018457 166.017327 166.016574 166.015444 166.014691 166.013561 166.012807 166.012054 166.010924 166.010170 166.009040 166.008287 166.007534 166.006780 166.006027 166.005274 166.005274 166.005650 166.007910 166.017327 
0.000000 0.000000 166.041435 166.040305 166.039552 166.038422 166.037668 166.036538 166.035785 166.035031 166.033901 166.033148 166.032395 166.031265 166.030511 166.029758 166.028628 166.027874 166.026744 166.025991 166.025238 166.024484 166.023354 166.022601 166.021848 166.021094 166.020341 166.019587 166.019211 166.018457 166.017704 166.016951 166.016574 166.015821 166.015821 166.015821 166.016197 166.016197 166.016951 166.018457 166.020718 166.025238 166.032771 0.000000 0.000000 
0.000000 0.000000 0.000000 0.000000 0.000000 166.041435 166.040305 166.039552 166.038798 166.038045 166.036915 166.036161 166.035408 166.034655 166.033901 166.033525 166.032771 166.032018 166.031265 166.030511 166.030135 166.029381 166.028628 166.028251 166.027498 166.027121 166.026368 166.026368 166.026368 166.026368 166.026368 166.026744 166.026744 166.027498 166.028251 166.029758 166.031641 166.034278 166.037668 0.000000 0.000000 0.000000 0.000000 0.000000 0.000000 
0.000000 0.000000 0.000000 0.000000 0.000000 0.000000 0.000000 0.000000 0.000000 0.000000 0.000000 166.041667 166.041058 166.040305 166.039928 166.039175 166.038422 166.038045 166.037292 166.036915 166.036538 166.036538 166.036538 166.036538 166.036915 166.036915 166.037292 166.037668 166.038045 166.038798 166.039552 166.041058 0.000000 0.000000 0.000000 0.000000 0.000000 0.000000 0.000000 0.000000 0.000000 0.000000 0.000000 0.000000 0.000000 
