test/output/constant/M3M440_S060_A270_WD225.0_WS015.0/M3M440_S060_A270_WD225.0_WS015.0_arrival.asc
ncols         9
nrows         27
xllcorner     426503.990666
yllcorner     12748755.311160
cellsize      100.000000
NODATA_value  0.000000
0.000000 0.000000 0.000000 0.000000 0.000000 0.000000 0.000000 166.041667 0.000000 
0.000000 0.000000 0.000000 0.000000 0.000000 0.000000 166.040597 166.039973 166.041222 
0.000000 0.000000 0.000000 0.000000 0.000000 166.041222 166.038723 166.038723 166.039973 
0.000000 0.000000 0.000000 0.000000 0.000000 166.038723 166.036850 166.036850 166.039973 
0.000000 0.000000 0.000000 0.000000 166.041222 166.036225 166.034976 166.035601 166.039348 
0.000000 0.000000 0.000000 0.000000 166.038099 166.034351 166.033727 166.034351 166.039348 
0.000000 0.000000 0.000000 0.000000 166.035601 166.031853 166.031853 166.033727 166.039348 
0.000000 0.000000 0.000000 166.039973 166.033102 166.030604 166.030604 166.033727 166.039973 
0.000000 0.000000 0.000000 166.036850 166.029979 166.028730 166.028730 166.033102 166.041222 
0.000000 0.000000 0.000000 166.033102 166.027481 166.026857 166.028106 166.033727 0.000000 
0.000000 0.000000 166.039973 166.029979 166.025607 166.025607 166.027481 166.034351 0.000000 
0.000000 0.000000 166.036225 166.027481 166.023734 166.023734 166.027481 166.034976 0.000000 
0.000000 0.000000 166.032478 166.024358 166.022485 166.022485 166.027481 166.036850 0.000000 
0.000000 0.000000 166.029355 166.021860 166.020611 166.021860 166.028106 166.039348 0.000000 
0.000000 166.039973 166.025607 166.019362 166.018737 166.021235 166.029355 0.000000 0.000000 
0.000000 166.035601 166.021860 166.017488 166.017488 166.021235 166.030604 0.000000 0.000000 
0.000000 166.031229 166.018737 166.015614 166.016239 166.021860 166.034351 0.000000 0.000000 
0.000000 166.026857 166.015614 166.014365 166.015614 166.023109 166.039348 0.000000 0.000000 
0.000000 166.023109 166.013116 166.012491 166.015614 166.025607 0.000000 0.000000 0.000000 
0.000000 166.018737 166.010618 166.010618 166.015614 166.029979 0.000000 0.000000 0.000000 
0.000000 166.014990 166.009369 166.009369 166.016863 166.038723 0.000000 0.000000 0.000000 
0.000000 166.011242 166.007495 166.009369 166.020611 0.000000 0.000000 0.000000 0.000000 
0.000000 166.007495 166.006246 166.009369 166.029979 0.000000 0.000000 0.000000 0.000000 
166.041667 166.004372 166.004372 166.011867 0.000000 0.000000 0.000000 0.000000 0.000000 
166.040597 166.002498 166.003123 166.020611 0.000000 0.000000 0.000000 0.000000 0.000000 
0.000000 166.001249 166.003123 0.000000 0.000000 0.000000 0.000000 0.000000 0.000000 
0.000000 166.000000 166.017488 0.000000 0.000000 0.000000 0.000000 0.000000 0.000000 
