test/output/constant/M280_S000_A000_WD000.0_WS050.0/M280_S000_A000_WD000.0_WS050.0_arrival.asc
ncols         7
nrows         33
xllcorner     426303.990666
yllcorner     12745555.311160
cellsize      100.000000
NODATA_value  0.000000
0.000000 0.000000 166.038177 166.000000 166.038177 0.000000 0.000000 
0.000000 0.000000 166.014120 166.001046 166.014120 0.000000 0.000000 
0.000000 0.000000 166.009413 166.002092 166.009413 0.000000 0.000000 
0.000000 0.000000 166.008890 166.003661 166.008890 0.000000 0.000000 
0.000000 166.037131 166.008368 166.004707 166.008368 166.037131 0.000000 
0.000000 166.032424 166.008890 166.006276 166.008890 166.032424 0.000000 
0.000000 166.029286 166.009936 166.007322 166.009936 166.029286 0.000000 
0.000000 166.027194 166.010982 166.008890 166.010982 166.027194 0.000000 
0.000000 166.026148 166.012028 166.009936 166.012028 166.026148 0.000000 
0.000000 166.025625 166.013074 166.011505 166.013074 166.025625 0.000000 
0.000000 166.025103 166.014120 166.012551 166.014120 166.025103 0.000000 
0.000000 166.025103 166.015689 166.014120 166.015689 166.025103 0.000000 
0.000000 166.025103 166.016735 166.015166 166.016735 166.025103 0.000000 
0.000000 166.025625 166.017781 166.016735 166.017781 166.025625 0.000000 
0.000000 166.026671 166.019350 166.017781 166.019350 166.026671 0.000000 
0.000000 166.027194 166.020396 166.019350 166.020396 166.027194 0.000000 
0.000000 166.028240 166.021442 166.020396 166.021442 166.028240 0.000000 
166.041667 166.029286 166.023011 166.021965 166.023011 166.029286 166.041667 
166.041667 166.029809 166.024057 166.023011 166.024057 166.029809 166.041667 
166.041667 166.030855 166.025625 166.024580 166.025625 166.030855 166.041667 
166.041667 166.031901 166.026671 166.025625 166.026671 166.031901 166.041667 
0.000000 166.032947 166.028240 166.027194 166.028240 166.032947 0.000000 
0.000000 166.033993 166.029286 166.028240 166.029286 166.033993 0.000000 
0.000000 166.035039 166.030855 166.029809 166.030855 166.035039 0.000000 
0.000000 166.036085 166.031901 166.030855 166.031901 166.036085 0.000000 
0.000000 166.037131 166.033470 166.032424 166.033470 166.037131 0.000000 
0.000000 166.038700 166.034516 166.033470 166.034516 166.038700 0.000000 
0.000000 166.039746 166.036085 166.035039 166.036085 166.039746 0.000000 
0.000000 166.040792 166.037131 166.036085 166.037131 166.040792 0.000000 
0.000000 0.000000 166.038700 166.037654 166.038700 0.000000 0.000000 
0.000000 0.000000 166.039746 166.038700 166.039746 0.000000 0.000000 
0.000000 0.000000 166.041315 166.040269 166.041315 0.000000 0.000000 
0.000000 0.000000 0.000000 166.041315 0.000000 0.000000 0.000000 
