test/output/constant/M3M490_S060_A000_WD270.0_WS020.0/M3M490_S060_A000_WD270.0_WS020.0_arrival.asc
ncols         25
nrows         11
xllcorner     424403.990666
yllcorner     12748255.311160
cellsize      100.000000
NODATA_value  0.000000
0.000000 0.000000 0.000000 0.000000 0.000000 0.000000 0.000000 0.000000 166.041667 166.041307 166.040555 166.040555 166.040555 166.041307 166.041307 0.000000 0.000000 0.000000 0.000000 0.000000 0.000000 0.000000 0.000000 0.000000 0.000000 
0.000000 0.000000 0.000000 0.000000 166.041307 166.039804 166.038302 166.036800 166.035298 166.034547 166.033796 166.032294 166.032294 166.031543 166.031543 166.032294 166.032294 166.033796 166.036049 166.039053 0.000000 0.000000 0.000000 0.000000 0.000000 
0.000000 0.000000 166.040555 166.039053 166.037551 166.035298 166.033796 166.032294 166.030792 166.029290 166.027788 166.027037 166.025535 166.024033 166.023282 166.023282 166.022531 166.023282 166.023282 166.024784 166.028539 166.033045 166.039804 0.000000 0.000000 
0.000000 166.040555 166.038302 166.036800 166.034547 166.033045 166.031543 166.029290 166.027788 166.025535 166.024033 166.022531 166.021029 166.019527 166.018025 166.016523 166.015021 166.014270 166.013518 166.013518 166.014270 166.017274 166.022531 166.033045 0.000000 
166.041307 166.039053 166.037551 166.035298 166.033796 166.031543 166.030041 166.027788 166.026286 166.024033 166.022531 166.020278 166.018776 166.016523 166.015021 166.012767 166.011265 166.009763 166.007510 166.006008 166.005257 166.005257 166.006008 166.015772 166.032294 
166.040555 166.039053 166.036800 166.035298 166.033045 166.031543 166.029290 166.027788 166.025535 166.024033 166.021780 166.020278 166.018025 166.016523 166.014270 166.012767 166.010514 166.009012 166.006759 166.005257 166.003004 166.001502 166.000000 166.010514 166.030041 
166.041307 166.039053 166.037551 166.035298 166.033796 166.031543 166.030041 166.027788 166.026286 166.024033 166.022531 166.020278 166.018776 166.016523 166.015021 166.012767 166.011265 166.009763 166.007510 166.006008 166.005257 166.005257 166.006008 166.015772 166.032294 
0.000000 166.040555 166.038302 166.036800 166.034547 166.033045 166.031543 166.029290 166.027788 166.025535 166.024033 166.022531 166.021029 166.019527 166.018025 166.016523 166.015021 166.014270 166.013518 166.013518 166.014270 166.017274 166.022531 166.033045 0.000000 
0.000000 0.000000 166.040555 166.039053 166.037551 166.035298 166.033796 166.032294 166.030792 166.029290 166.027788 166.027037 166.025535 166.024033 166.023282 166.023282 166.022531 166.023282 166.023282 166.024784 166.028539 166.033045 166.039804 0.000000 0.000000 
0.000000 0.000000 0.000000 0.000000 166.041307 166.039804 166.038302 166.036800 166.035298 166.034547 166.033796 166.032294 166.032294 166.031543 166.031543 166.032294 166.032294 166.033796 166.036049 166.039053 0.000000 0.000000 0.000000 0.000000 0.000000 
0.000000 0.000000 0.000000 0.000000 0.000000 0.000000 0.000000 0.000000 166.041667 166.041307 166.040555 166.040555 166.040555 166.041307 166.041307 0.000000 0.000000 0.000000 0.000000 0.000000 0.000000 0.000000 0.000000 0.000000 0.000000 
