test/output/constant/M380_S060_A000_WD225.0_WS015.0/M380_S060_A000_WD225.0_WS015.0_ros.asc
ncols         33
nrows         15
xllcorner     423503.990666
yllcorner     12748655.311160
cellsize      100.000000
NODATA_value  0.000000
0.000000 55.482475 54.359196 55.482475 52.651333 50.232704 43.576954 3.423633 0.000000 0.000000 0.000000 0.000000 0.000000 0.000000 0.000000 0.000000 0.000000 0.000000 0.000000 0.000000 0.000000 0.000000 0.000000 0.000000 0.000000 0.000000 0.000000 0.000000 0.000000 0.000000 0.000000 0.000000 0.000000 
55.482475 55.482475 55.482475 55.482475 55.482475 55.482475 50.232704 54.359196 55.482475 50.232704 39.542206 4.994241 39.542206 0.000000 0.000000 0.000000 0.000000 0.000000 0.000000 0.000000 0.000000 0.000000 0.000000 0.000000 0.000000 0.000000 0.000000 0.000000 0.000000 0.000000 0.000000 0.000000 0.000000 
55.482475 55.482475 55.482475 55.482475 55.482475 55.482475 55.482475 55.482475 50.232704 52.651333 43.576954 50.232704 39.542206 39.542206 39.542206 39.542206 0.000000 0.000000 0.000000 0.000000 0.000000 0.000000 0.000000 0.000000 0.000000 0.000000 0.000000 0.000000 0.000000 0.000000 0.000000 0.000000 0.000000 
55.482475 55.482475 55.482475 55.482475 55.482475 55.482475 55.482475 54.359196 55.304253 55.482475 43.576954 3.423633 50.232704 3.423633 39.542206 2.305389 3.423633 3.423633 35.195263 0.000000 0.000000 0.000000 0.000000 0.000000 0.000000 0.000000 0.000000 0.000000 0.000000 0.000000 0.000000 0.000000 0.000000 
0.000000 41.024742 27.689636 55.482475 23.145082 55.482475 55.482475 55.482475 55.482475 55.482475 52.651333 54.359196 55.482475 54.359196 39.542206 43.576954 3.423633 39.542206 3.423633 39.542206 4.994241 0.000000 0.000000 0.000000 0.000000 0.000000 0.000000 0.000000 0.000000 0.000000 0.000000 0.000000 0.000000 
0.000000 0.000000 36.766205 48.343056 41.024742 18.778608 23.145082 18.778608 55.482475 55.482475 55.482475 55.482475 55.482475 55.482475 54.359196 50.232704 3.423633 47.176933 39.542206 39.542206 35.195263 3.423633 35.195263 0.000000 0.000000 0.000000 0.000000 0.000000 0.000000 0.000000 0.000000 0.000000 0.000000 
0.000000 0.000000 0.000000 36.766205 23.145082 44.922977 44.922977 27.689636 18.778608 55.482475 55.482475 55.482475 55.482475 55.482475 55.482475 55.482475 55.482475 52.651333 52.651333 2.461314 4.994241 4.994241 35.195263 39.542206 2.461314 0.000000 0.000000 0.000000 0.000000 0.000000 0.000000 0.000000 0.000000 
0.000000 0.000000 0.000000 0.000000 23.145082 44.922977 36.766205 18.778608 23.145082 18.778608 23.145082 41.024742 55.482475 55.482475 55.482475 55.482475 55.482475 55.482475 55.482475 47.176933 47.176933 43.576954 39.542206 7.217914 4.994241 39.542206 1.851866 0.000000 0.000000 0.000000 0.000000 0.000000 0.000000 
0.000000 0.000000 0.000000 0.000000 0.000000 0.000000 23.145082 18.778608 18.778608 23.145082 51.181526 27.689636 23.145082 44.922977 32.276020 55.482475 55.482475 55.482475 55.482475 55.482475 55.482475 52.651333 50.232704 35.195263 7.217914 39.542206 4.994241 1.851866 3.423633 0.000000 0.000000 0.000000 0.000000 
0.000000 0.000000 0.000000 0.000000 0.000000 0.000000 0.000000 0.000000 27.689636 18.778608 23.145082 32.276020 23.145082 23.145082 18.778608 32.276020 44.922977 23.145082 23.145082 55.482475 55.482475 55.482475 55.482475 55.482475 54.359196 3.423633 4.994241 4.994241 2.461314 2.461314 0.000000 0.000000 0.000000 
0.000000 0.000000 0.000000 0.000000 0.000000 0.000000 0.000000 0.000000 0.000000 0.000000 23.145082 23.145082 23.145082 23.145082 23.145082 23.145082 23.145082 23.145082 41.024742 23.145082 23.145082 55.482475 55.482475 55.482475 55.482475 55.482475 50.232704 43.576954 4.994241 3.423633 2.461314 0.000000 0.000000 
0.000000 0.000000 0.000000 0.000000 0.000000 0.000000 0.000000 0.000000 0.000000 0.000000 0.000000 0.000000 18.778608 23.145082 18.778608 23.145082 23.145082 18.778608 23.145082 23.145082 32.276020 48.343056 23.145082 32.276020 55.482475 55.482475 55.482475 55.482475 43.576954 3.423633 2.461314 2.461314 0.000000 
0.000000 0.000000 0.000000 0.000000 0.000000 0.000000 0.000000 0.000000 0.000000 0.000000 0.000000 0.000000 0.000000 0.000000 18.778608 23.145082 23.145082 23.145082 23.145082 23.145082 18.778608 23.145082 18.778608 23.145082 23.145082 18.778608 27.689636 55.482475 55.482475 55.482475 55.482475 2.461314 1.851866 
0.000000 0.000000 0.000000 0.000000 0.000000 0.000000 0.000000 0.000000 0.000000 0.000000 0.000000 0.000000 0.000000 0.000000 0.000000 0.000000 0.000000 18.778608 18.778608 18.778608 18.778608 18.778608 23.145082 23.145082 18.778608 18.778608 18.778608 18.778608 27.689636 18.778608 55.482475 -1.000000 2.175420 
0.000000 0.000000 0.000000 0.000000 0.000000 0.000000 0.000000 0.000000 0.000000 0.000000 0.000000 0.000000 0.000000 0.000000 0.000000 0.000000 0.000000 0.000000 0.000000 0.000000 0.000000 0.000000 18.778608 18.778608 18.778608 18.778608 18.778608 23.145082 23.145082 23.145082 11.089570 1.502713 1.636182 
