test/output/constant/M380_S060_A000_WD225.0_WS015.0/M380_S060_A000_WD225.0_WS015.0_raz.asc
ncols         33
nrows         15
xllcorner     423503.990666
yllcorner     12748655.311160
cellsize      100.000000
NODATA_value  0.000000
0 290 292 290 294 295 298 354 0 0 0 0 0 0 0 0 0 0 0 0 0 0 0 0 0 0 0 0 0 0 0 0 0 
290 290 290 290 290 290 295 292 290 295 300 340 300 0 0 0 0 0 0 0 0 0 0 0 0 0 0 0 0 0 0 0 0 
290 290 290 290 290 290 290 290 295 294 298 295 300 300 300 300 0 0 0 0 0 0 0 0 0 0 0 0 0 0 0 0 0 
290 290 290 290 290 290 290 292 291 290 298 354 295 354 300 16 354 354 302 0 0 0 0 0 0 0 0 0 0 0 0 0 0 
0 281 274 290 271 290 290 290 290 290 294 292 290 292 300 298 354 300 354 300 340 0 0 0 0 0 0 0 0 0 0 0 0 
0 0 279 284 281 268 271 268 290 290 290 290 290 290 292 295 354 296 300 300 302 354 302 0 0 0 0 0 0 0 0 0 0 
0 0 0 279 271 282 282 274 268 290 290 290 290 290 290 290 290 294 294 11 340 340 302 300 11 0 0 0 0 0 0 0 0 
0 0 0 0 271 282 279 268 271 268 271 281 290 290 290 290 290 290 290 296 296 298 300 330 340 300 39 0 0 0 0 0 0 
0 0 0 0 0 0 271 268 268 271 285 274 271 282 277 290 290 290 290 290 290 294 295 302 330 300 340 39 354 0 0 0 0 
0 0 0 0 0 0 0 0 274 268 271 277 271 271 268 277 282 271 271 290 290 290 290 290 292 354 340 340 11 11 0 0 0 
0 0 0 0 0 0 0 0 0 0 271 271 271 271 271 271 271 271 281 271 271 290 290 290 290 290 295 298 340 354 11 0 0 
0 0 0 0 0 0 0 0 0 0 0 0 268 271 268 271 271 268 271 271 277 284 271 277 290 290 290 290 298 354 11 11 0 
0 0 0 0 0 0 0 0 0 0 0 0 0 0 268 271 271 271 271 271 268 271 268 271 271 268 274 290 290 290 290 11 39 
0 0 0 0 0 0 0 0 0 0 0 0 0 0 0 0 0 268 268 268 268 268 271 271 268 268 268 268 274 268 290 254 20 
0 0 0 0 0 0 0 0 0 0 0 0 0 0 0 0 0 0 0 0 0 0 268 268 268 268 268 271 271 271 258 136 85 
