test/output/constant/M3M495_S060_A000_WD180.0_WS005.0/M3M495_S060_A000_WD180.0_WS005.0_ros.asc
ncols         54
nrows         12
xllcorner     421403.990666
yllcorner     12748555.311160
cellsize      100.000000
NODATA_value  0.000000
0.000000 0.000000 0.000000 0.000000 0.000000 86.738083 86.738083 84.480309 86.896217 81.420494 86.896217 84.480309 72.059364 66.042717 59.370827 7.958926 66.042717 66.042717 66.042717 59.370827 59.370827 1.956727 59.370827 59.370827 59.370827 0.000000 0.000000 0.000000 0.000000 0.000000 0.000000 0.000000 0.000000 0.000000 0.000000 0.000000 0.000000 0.000000 0.000000 0.000000 0.000000 0.000000 0.000000 0.000000 0.000000 0.000000 0.000000 0.000000 0.000000 0.000000 0.000000 0.000000 0.000000 0.000000 
0.000000 86.896217 86.896217 77.237778 86.324135 86.896217 86.896217 86.896217 86.896217 84.480309 86.324135 86.896217 86.738083 81.420494 77.237778 84.480309 72.059364 59.370827 81.420494 66.042717 66.042717 59.370827 59.370827 4.749319 59.370827 59.370827 4.749319 59.370827 59.370827 59.370827 2.664682 66.042717 0.000000 0.000000 0.000000 0.000000 0.000000 0.000000 0.000000 0.000000 0.000000 0.000000 0.000000 0.000000 0.000000 0.000000 0.000000 0.000000 0.000000 0.000000 0.000000 0.000000 0.000000 0.000000 
86.896217 86.896217 86.896217 86.896217 86.896217 86.896217 86.896217 86.896217 86.896217 84.480309 86.896217 84.480309 86.896217 86.896217 81.420494 86.896217 84.480309 86.896217 86.896217 86.896217 86.324135 86.324135 66.042717 59.370827 59.370827 66.042717 66.042717 66.042717 59.370827 59.370827 59.370827 59.370827 66.042717 59.370827 2.664682 2.664682 4.749319 0.000000 0.000000 0.000000 0.000000 0.000000 0.000000 0.000000 0.000000 0.000000 0.000000 0.000000 0.000000 0.000000 0.000000 0.000000 0.000000 0.000000 
66.691994 86.896217 86.896217 86.896217 84.480309 86.896217 86.896217 86.896217 86.896217 86.896217 86.896217 86.896217 86.896217 86.896217 86.896217 86.896217 84.480309 86.324135 86.896217 86.896217 77.237778 86.896217 86.896217 84.480309 86.896217 81.420494 66.042717 59.370827 66.042717 1.956727 4.749319 4.749319 59.370827 59.370827 59.370827 59.370827 59.370827 2.664682 59.370827 66.042717 59.370827 2.664682 0.000000 0.000000 0.000000 0.000000 0.000000 0.000000 0.000000 0.000000 0.000000 0.000000 0.000000 0.000000 
0.000000 86.896217 86.896217 84.728203 86.896217 86.896217 86.896217 86.896217 86.896217 86.896217 86.896217 86.896217 86.896217 86.896217 86.896217 86.896217 86.896217 81.420494 86.896217 86.896217 86.896217 86.896217 84.480309 84.480309 86.324135 86.324135 86.738083 86.896217 86.896217 77.237778 72.059364 81.420494 66.042717 59.370827 59.370827 59.370827 59.370827 66.042717 59.370827 66.042717 59.370827 59.370827 4.749319 1.506570 59.370827 0.000000 0.000000 0.000000 0.000000 0.000000 0.000000 0.000000 0.000000 0.000000 
0.000000 0.000000 60.075089 60.075089 77.716751 81.789810 86.896217 86.797562 60.075089 60.075089 86.896217 60.075089 72.632683 60.075089 86.896217 86.896217 84.728203 86.896217 86.896217 86.896217 86.896217 86.896217 86.896217 86.896217 86.896217 86.896217 86.896217 86.896217 84.480309 77.237778 84.480309 84.480309 86.896217 86.896217 86.738083 86.896217 66.042717 66.042717 66.042717 59.370827 4.749319 59.370827 59.370827 2.664682 59.370827 59.370827 59.370827 2.664682 0.000000 0.000000 0.000000 0.000000 0.000000 0.000000 
0.000000 0.000000 0.000000 0.000000 60.075089 81.789810 66.691994 60.075089 60.075089 77.716751 60.075089 77.716751 84.728203 60.075089 66.691994 60.075089 60.075089 86.896217 66.691994 86.896217 86.442719 72.632683 86.896217 86.896217 66.691994 86.896217 86.896217 86.896217 86.896217 86.896217 86.896217 86.896217 84.480309 86.896217 77.237778 86.738083 81.420494 72.059364 86.896217 81.420494 66.042717 72.059364 72.059364 4.749319 59.370827 59.370827 59.370827 59.370827 59.370827 1.956727 0.000000 0.000000 0.000000 0.000000 
0.000000 0.000000 0.000000 0.000000 0.000000 0.000000 66.691994 60.075089 66.691994 60.075089 66.691994 66.691994 60.075089 60.075089 66.691994 66.691994 60.075089 66.691994 60.075089 66.691994 72.632683 66.691994 60.075089 66.691994 60.075089 60.075089 60.075089 86.896217 60.075089 77.716751 84.728203 86.896217 86.896217 86.896217 86.896217 86.896217 86.896217 86.896217 86.896217 86.896217 86.896217 84.480309 81.420494 77.237778 86.896217 86.738083 59.370827 59.370827 59.370827 59.370827 1.956727 1.121602 0.000000 0.000000 
0.000000 0.000000 0.000000 0.000000 0.000000 0.000000 0.000000 0.000000 0.000000 60.075089 66.691994 66.691994 60.075089 66.691994 60.075089 60.075089 66.691994 60.075089 60.075089 66.691994 66.691994 60.075089 60.075089 60.075089 66.691994 60.075089 60.075089 66.691994 60.075089 60.075089 66.691994 60.075089 60.075089 84.728203 86.797562 66.691994 86.442719 60.075089 60.075089 60.075089 86.896217 86.896217 86.896217 86.896217 86.896217 86.896217 86.896217 86.896217 84.480309 86.896217 66.042717 7.958926 1.956727 0.000000 
0.000000 0.000000 0.000000 0.000000 0.000000 0.000000 0.000000 0.000000 0.000000 0.000000 0.000000 0.000000 60.075089 60.075089 60.075089 60.075089 66.691994 60.075089 66.691994 60.075089 66.691994 60.075089 66.691994 66.691994 60.075089 66.691994 60.075089 66.691994 66.691994 60.075089 66.691994 60.075089 66.691994 60.075089 66.691994 60.075089 60.075089 60.075089 66.691994 60.075089 60.075089 60.075089 60.075089 66.691994 60.075089 66.691994 60.075089 60.075089 86.896217 86.896217 86.896217 86.896217 -1.000000 0.890900 
0.000000 0.000000 0.000000 0.000000 0.000000 0.000000 0.000000 0.000000 0.000000 0.000000 0.000000 0.000000 0.000000 0.000000 0.000000 0.000000 0.000000 60.075089 66.691994 66.691994 60.075089 66.691994 60.075089 66.691994 60.075089 60.075089 60.075089 60.075089 60.075089 60.075089 66.691994 60.075089 66.691994 66.691994 66.691994 60.075089 60.075089 60.075089 66.691994 60.075089 66.691994 66.691994 60.075089 60.075089 60.075089 24.246853 66.691994 60.075089 60.075089 31.041319 24.246853 24.246853 0.890900 0.000000 
0.000000 0.000000 0.000000 0.000000 0.000000 0.000000 0.000000 0.000000 0.000000 0.000000 0.000000 0.000000 0.000000 0.000000 0.000000 0.000000 0.000000 0.000000 0.000000 0.000000 0.000000 0.000000 0.000000 0.000000 66.691994 24.246853 66.691994 31.041319 60.075089 60.075089 60.075089 60.075089 66.691994 66.691994 60.075089 60.075089 60.075089 60.075089 60.075089 66.691994 66.691994 60.075089 38.242210 60.075089 31.041319 60.075089 24.246853 24.246853 45.630875 1.506570 1.093542 0.000000 0.000000 0.000000 
