test/output/constant/M3M495_S060_A000_WD180.0_WS005.0/M3M495_S060_A000_WD180.0_WS005.0_raz.asc
ncols         54
nrows         12
xllcorner     421403.990666
yllcorner     12748555.311160
cellsize      100.000000
NODATA_value  0.000000
0 0 0 0 0 277 277 279 277 280 277 279 282 283 284 312 283 283 283 284 284 353 284 284 284 0 0 0 0 0 0 0 0 0 0 0 0 0 0 0 0 0 0 0 0 0 0 0 0 0 0 0 0 0 
0 277 277 281 278 277 277 277 277 279 278 277 277 280 281 279 282 284 280 283 283 284 284 324 284 284 324 284 284 284 341 283 0 0 0 0 0 0 0 0 0 0 0 0 0 0 0 0 0 0 0 0 0 0 
277 277 277 277 277 277 277 277 277 279 277 279 277 277 280 277 279 277 277 277 278 278 283 284 284 283 283 283 284 284 284 284 283 284 341 341 324 0 0 0 0 0 0 0 0 0 0 0 0 0 0 0 0 0 
270 277 277 277 279 277 277 277 277 277 277 277 277 277 277 277 279 278 277 277 281 277 277 279 277 280 283 284 283 353 324 324 284 284 284 284 284 341 284 283 284 341 0 0 0 0 0 0 0 0 0 0 0 0 
0 277 277 275 277 277 277 277 277 277 277 277 277 277 277 277 277 280 277 277 277 277 279 279 278 278 277 277 277 281 282 280 283 284 284 284 284 283 284 283 284 284 324 7 284 0 0 0 0 0 0 0 0 0 
0 0 269 269 273 274 277 276 269 269 277 269 272 269 277 277 275 277 277 277 277 277 277 277 277 277 277 277 279 281 279 279 277 277 277 277 283 283 283 284 324 284 284 341 284 284 284 341 0 0 0 0 0 0 
0 0 0 0 269 274 270 269 269 273 269 273 275 269 270 269 269 277 270 277 276 272 277 277 270 277 277 277 277 277 277 277 279 277 281 277 280 282 277 280 283 282 282 324 284 284 284 284 284 353 0 0 0 0 
0 0 0 0 0 0 270 269 270 269 270 270 269 269 270 270 269 270 269 270 272 270 269 270 269 269 269 277 269 273 275 277 277 277 277 277 277 277 277 277 277 279 280 281 277 277 284 284 284 284 353 30 0 0 
0 0 0 0 0 0 0 0 0 269 270 270 269 270 269 269 270 269 269 270 270 269 269 269 270 269 269 270 269 269 270 269 269 275 276 270 276 269 269 269 277 277 277 277 277 277 277 277 279 277 283 312 353 0 
0 0 0 0 0 0 0 0 0 0 0 0 269 269 269 269 270 269 270 269 270 269 270 270 269 270 269 270 270 269 270 269 270 269 270 269 269 269 270 269 269 269 269 270 269 270 269 269 277 277 277 277 65535 97 
0 0 0 0 0 0 0 0 0 0 0 0 0 0 0 0 0 269 270 270 269 270 269 270 269 269 269 269 269 269 270 269 270 270 270 269 269 269 270 269 270 270 269 269 269 258 270 269 269 261 258 258 97 0 
0 0 0 0 0 0 0 0 0 0 0 0 0 0 0 0 0 0 0 0 0 0 0 0 270 258 270 261 269 269 269 269 270 270 269 269 269 269 269 270 270 269 264 269 261 269 258 258 266 187 163 0 0 0 
