test/output/constant/S3_S060_A270_WD180.0_WS035.0/S3_S060_A270_WD180.0_WS035.0_arrival.asc
ncols         7
nrows         38
xllcorner     426303.990666
yllcorner     12748755.311160
cellsize      100.000000
NODATA_value  0.000000
0.000000 0.000000 0.000000 166.041667 0.000000 0.000000 0.000000 
0.000000 0.000000 166.041295 166.040387 166.041295 0.000000 0.000000 
0.000000 0.000000 166.039933 166.039479 166.039933 0.000000 0.000000 
0.000000 166.041667 166.039026 166.038118 166.039026 166.041667 0.000000 
0.000000 166.040841 166.038118 166.037211 166.038118 166.040841 0.000000 
0.000000 166.039933 166.036757 166.035849 166.036757 166.039933 0.000000 
0.000000 166.038572 166.035849 166.034942 166.035849 166.038572 0.000000 
0.000000 166.037664 166.034488 166.033580 166.034488 166.037664 0.000000 
0.000000 166.036757 166.033580 166.032673 166.033580 166.036757 0.000000 
0.000000 166.035395 166.032219 166.031311 166.032219 166.035395 0.000000 
166.041295 166.034488 166.031311 166.030404 166.031311 166.034488 166.041295 
166.040841 166.033580 166.029950 166.029042 166.029950 166.033580 166.040841 
166.039933 166.032673 166.029042 166.028135 166.029042 166.032673 166.039933 
166.039026 166.031311 166.027681 166.026773 166.027681 166.031311 166.039026 
166.038572 166.030404 166.026773 166.025866 166.026773 166.030404 166.038572 
166.037664 166.029496 166.025412 166.024505 166.025412 166.029496 166.037664 
166.037211 166.028589 166.024505 166.023597 166.024505 166.028589 166.037211 
166.036757 166.028135 166.023143 166.022236 166.023143 166.028135 166.036757 
166.036757 166.027227 166.022236 166.021328 166.022236 166.027227 166.036757 
166.036757 166.026320 166.020874 166.019967 166.020874 166.026320 166.036757 
166.037211 166.025412 166.019967 166.019059 166.019967 166.025412 166.037211 
166.037211 166.024505 166.019059 166.017698 166.019059 166.024505 166.037211 
166.037664 166.024051 166.017698 166.016790 166.017698 166.024051 166.037664 
166.038118 166.023143 166.016790 166.015429 166.016790 166.023143 166.038118 
166.039026 166.022689 166.015429 166.014521 166.015429 166.022689 166.039026 
166.040387 166.022236 166.014521 166.013160 166.014521 166.022236 166.040387 
0.000000 166.022236 166.013614 166.012252 166.013614 166.022236 0.000000 
0.000000 166.022236 166.012252 166.010891 166.012252 166.022236 0.000000 
0.000000 166.022689 166.011345 166.009983 166.011345 166.022689 0.000000 
0.000000 166.023143 166.010437 166.008622 166.010437 166.023143 0.000000 
0.000000 166.024505 166.009530 166.007714 166.009530 166.024505 0.000000 
0.000000 166.026320 166.008622 166.006353 166.008622 166.026320 0.000000 
0.000000 166.029950 166.008168 166.005445 166.008168 166.029950 0.000000 
0.000000 166.034942 166.007714 166.004084 166.007714 166.034942 0.000000 
0.000000 0.000000 166.007714 166.003177 166.007714 0.000000 0.000000 
0.000000 0.000000 166.008622 166.001815 166.008622 0.000000 0.000000 
0.000000 0.000000 166.013160 166.000908 166.013160 0.000000 0.000000 
0.000000 0.000000 0.000000 166.000000 0.000000 0.000000 0.000000 
