test/output/constant/S1_S000_A270_WD090.0_WS045.0/S1_S000_A270_WD090.0_WS045.0_arrival.asc
ncols         32
nrows         7
xllcorner     423503.990666
yllcorner     12748455.311160
cellsize      100.000000
NODATA_value  0.000000
0.000000 0.000000 0.000000 0.000000 0.000000 0.000000 0.000000 0.000000 0.000000 0.000000 166.041667 166.040878 166.040333 166.039788 166.039788 166.039788 166.039788 166.039788 166.040878 166.041423 0.000000 0.000000 0.000000 0.000000 0.000000 0.000000 0.000000 0.000000 0.000000 0.000000 0.000000 0.000000 
0.000000 0.000000 0.000000 166.041667 166.040878 166.039243 166.038153 166.037063 166.035428 166.034338 166.033248 166.032158 166.031067 166.029977 166.028887 166.028342 166.027252 166.026162 166.025617 166.024527 166.023982 166.023982 166.023982 166.024527 166.025072 166.026162 166.028887 166.032158 166.038698 0.000000 0.000000 0.000000 
0.000000 166.041423 166.039788 166.038698 166.037608 166.035973 166.034883 166.033248 166.032158 166.030522 166.029432 166.027797 166.026707 166.025072 166.023982 166.022347 166.021257 166.020167 166.018531 166.017441 166.015806 166.014716 166.013626 166.011991 166.010901 166.009811 166.009266 166.008176 166.008176 166.008721 166.011991 166.026162 
166.041667 166.040333 166.039243 166.037608 166.036518 166.034883 166.033793 166.032158 166.031067 166.029432 166.028342 166.026707 166.025617 166.023982 166.022892 166.021257 166.020167 166.018531 166.017441 166.015806 166.014716 166.013081 166.011991 166.010356 166.009266 166.007631 166.006541 166.004905 166.003815 166.002180 166.001090 166.000000 
0.000000 166.041423 166.039788 166.038698 166.037608 166.035973 166.034883 166.033248 166.032158 166.030522 166.029432 166.027797 166.026707 166.025072 166.023982 166.022347 166.021257 166.020167 166.018531 166.017441 166.015806 166.014716 166.013626 166.011991 166.010901 166.009811 166.009266 166.008176 166.008176 166.008721 166.011991 166.026162 
0.000000 0.000000 0.000000 166.041667 166.040878 166.039243 166.038153 166.037063 166.035428 166.034338 166.033248 166.032158 166.031067 166.029977 166.028887 166.028342 166.027252 166.026162 166.025617 166.024527 166.023982 166.023982 166.023982 166.024527 166.025072 166.026162 166.028887 166.032158 166.038698 0.000000 0.000000 0.000000 
0.000000 0.000000 0.000000 0.000000 0.000000 0.000000 0.000000 0.000000 0.000000 0.000000 166.041667 166.040878 166.040333 166.039788 166.039788 166.039788 166.039788 166.039788 166.040878 166.041423 0.000000 0.000000 0.000000 0.000000 0.000000 0.000000 0.000000 0.000000 0.000000 0.000000 0.000000 0.000000 
