test/output/constant/M3M485_S060_A270_WD045.0_WS010.0/M3M485_S060_A270_WD045.0_WS010.0_ros.asc
ncols         13
nrows         38
xllcorner     425603.990666
yllcorner     12748655.311160
cellsize      100.000000
NODATA_value  0.000000
0.000000 61.548916 61.548916 32.683582 0.000000 0.000000 0.000000 0.000000 0.000000 0.000000 0.000000 0.000000 0.000000 
0.000000 61.548916 61.548916 61.548916 32.683582 0.000000 0.000000 0.000000 0.000000 0.000000 0.000000 0.000000 0.000000 
0.000000 61.548916 61.548916 61.548916 42.740234 37.800072 0.000000 0.000000 0.000000 0.000000 0.000000 0.000000 0.000000 
61.548916 61.548916 61.548916 57.916759 61.548916 55.059452 32.683582 0.000000 0.000000 0.000000 0.000000 0.000000 0.000000 
61.548916 61.548916 61.548916 61.548916 61.548916 59.988045 37.800072 0.000000 0.000000 0.000000 0.000000 0.000000 0.000000 
61.391647 61.548916 61.548916 61.548916 61.548916 42.740234 32.683582 37.800072 0.000000 0.000000 0.000000 0.000000 0.000000 
61.548916 61.548916 61.548916 61.548916 51.502728 32.683582 32.683582 59.988045 0.000000 0.000000 0.000000 0.000000 0.000000 
61.548916 61.548916 61.548916 61.548916 61.548916 37.800072 61.210567 27.545675 37.800072 0.000000 0.000000 0.000000 0.000000 
61.548916 61.548916 61.391647 61.548916 61.548916 61.548916 37.800072 17.822725 32.683582 0.000000 0.000000 0.000000 0.000000 
61.548916 61.017784 61.548916 61.548916 61.548916 59.988045 47.354401 32.683582 37.800072 0.000000 0.000000 0.000000 0.000000 
41.699776 61.017784 61.548916 61.548916 61.548916 32.683582 61.548916 37.800072 32.683582 32.683582 0.000000 0.000000 0.000000 
41.699776 59.605724 61.548916 61.548916 61.548916 61.548916 32.683582 37.800072 22.541719 32.683582 0.000000 0.000000 0.000000 
41.699776 61.548916 61.548916 61.548916 61.548916 61.548916 37.800072 37.800072 37.800072 22.541719 0.000000 0.000000 0.000000 
0.000000 46.390957 61.548916 61.548916 61.391647 61.548916 61.548916 32.683582 37.800072 37.800072 22.541719 0.000000 0.000000 
0.000000 41.699776 61.548916 61.548916 61.548916 61.548916 59.988045 42.740234 37.800072 32.683582 32.683582 0.000000 0.000000 
0.000000 46.390957 57.357159 59.605724 61.548916 61.548916 32.683582 42.740234 32.683582 17.822725 22.541719 0.000000 0.000000 
0.000000 41.699776 61.391647 61.017784 61.548916 61.548916 55.059452 32.683582 37.800072 22.541719 37.800072 0.000000 0.000000 
0.000000 41.699776 59.605724 61.391647 61.548916 61.548916 61.548916 37.800072 17.822725 37.800072 32.683582 0.000000 0.000000 
0.000000 4.130371 6.290513 61.548916 61.548916 61.548916 61.548916 61.548916 37.800072 32.683582 27.545675 27.545675 0.000000 
0.000000 0.000000 6.290513 41.699776 61.548916 61.548916 61.548916 61.548916 32.683582 22.541719 37.800072 37.800072 0.000000 
0.000000 0.000000 41.699776 41.699776 61.548916 61.548916 61.548916 61.548916 22.541719 27.545675 27.545675 37.800072 0.000000 
0.000000 0.000000 46.390957 4.130371 46.390957 61.548916 61.548916 57.916759 37.800072 47.354401 32.683582 37.800072 0.000000 
0.000000 0.000000 2.710317 6.290513 41.699776 61.391647 61.548916 61.548916 47.354401 32.683582 37.800072 17.822725 0.000000 
0.000000 0.000000 0.000000 2.710317 41.699776 59.605724 61.548916 61.548916 61.548916 32.683582 27.545675 32.683582 0.000000 
0.000000 0.000000 0.000000 4.130371 2.710317 61.548916 61.548916 61.548916 61.548916 37.800072 32.683582 32.683582 0.000000 
0.000000 0.000000 0.000000 6.290513 41.699776 4.130371 61.548916 61.548916 32.683582 37.800072 13.530532 32.683582 32.683582 
0.000000 0.000000 0.000000 0.000000 41.699776 41.699776 61.548916 61.548916 61.548916 22.541719 37.800072 17.822725 32.683582 
0.000000 0.000000 0.000000 0.000000 4.130371 4.130371 41.699776 61.548916 61.548916 37.800072 37.800072 37.800072 32.683582 
0.000000 0.000000 0.000000 0.000000 41.699776 4.130371 46.390957 61.391647 61.548916 37.800072 17.822725 32.683582 32.683582 
0.000000 0.000000 0.000000 0.000000 0.000000 2.710317 6.290513 61.017784 61.548916 61.548916 42.740234 17.822725 17.822725 
0.000000 0.000000 0.000000 0.000000 0.000000 2.710317 41.699776 41.699776 61.548916 61.548916 32.683582 32.683582 32.683582 
0.000000 0.000000 0.000000 0.000000 0.000000 2.245645 2.710317 46.390957 61.548916 61.548916 32.683582 32.683582 17.822725 
0.000000 0.000000 0.000000 0.000000 0.000000 0.000000 2.710317 41.699776 61.548916 61.548916 47.354401 32.683582 13.530532 
0.000000 0.000000 0.000000 0.000000 0.000000 0.000000 2.710317 4.130371 46.390957 61.548916 32.683582 32.683582 22.541719 
0.000000 0.000000 0.000000 0.000000 0.000000 0.000000 0.000000 31.593527 36.716808 61.391647 61.548916 32.683582 1.526114 
0.000000 0.000000 0.000000 0.000000 0.000000 0.000000 0.000000 0.000000 2.710317 50.647705 61.548916 22.541719 0.000000 
0.000000 0.000000 0.000000 0.000000 0.000000 0.000000 0.000000 0.000000 2.245645 2.245645 0.000000 1.526114 0.000000 
0.000000 0.000000 0.000000 0.000000 0.000000 0.000000 0.000000 0.000000 0.000000 1.382559 1.382559 1.526114 0.000000 
