test/output/constant/M3100_S060_A000_WD135.0_WS005.0/M3100_S060_A000_WD135.0_WS005.0_intensity.asc
ncols         62
nrows         12
xllcorner     420503.990666
yllcorner     12748455.311160
cellsize      100.000000
NODATA_value  0.000000
0 0 0 0 0 0 93165 85299 95675 85299 95675 95675 89858 89858 85299 73018 73018 65668 85299 65668 79629 65668 73018 65668 65668 65668 65668 73018 65668 73018 4899 65668 4899 2574 0 0 0 0 0 0 0 0 0 0 0 0 0 0 0 0 0 0 0 0 0 0 0 0 0 0 0 0 
0 0 95675 89858 95675 95675 95675 85299 95527 95121 95675 79629 95675 89858 95121 95675 85299 95675 95675 95675 73018 85299 89858 73018 73018 73018 89858 73018 65668 65668 65668 65668 65668 4899 65668 4899 73018 1747 65668 870 1747 65668 0 0 0 0 0 0 0 0 0 0 0 0 0 0 0 0 0 0 0 0 
95527 95675 95675 95675 95527 95675 95675 95675 95675 95675 79629 95675 95675 85299 85299 95121 95675 95675 89858 95675 95675 95675 95675 79629 95675 95675 93165 93165 65668 65668 73018 65668 85299 65668 65668 65668 65668 73018 4899 65668 4899 65668 2574 65668 4899 4899 65668 65668 0 0 0 0 0 0 0 0 0 0 0 0 0 0 
95675 95675 89858 95675 95675 85299 95121 95675 95675 95675 95675 95675 95675 95121 95675 95675 95675 95675 95675 79629 95675 95675 93165 95675 93165 95675 95675 95675 95675 95675 85299 73018 79629 85299 73018 89858 65668 89858 65668 65668 2574 4899 2574 65668 73018 8518 65668 73018 65668 73018 4899 1747 0 0 0 0 0 0 0 0 0 0 
95675 79995 95675 95675 95675 95675 95675 95675 95675 95675 95675 95121 95675 95675 95675 95675 95675 93165 73018 95675 95675 85299 95675 95675 95675 79629 95675 95675 95675 95121 95675 95675 95675 93165 95675 95675 95675 89858 85299 85299 65668 85299 73018 79629 65668 65668 65668 65668 4899 65668 65668 65668 65668 65668 65668 2574 0 0 0 0 0 0 
95675 79995 95675 79995 95675 95675 79995 95675 95675 79995 90092 95675 95675 95675 95675 79995 95675 95675 95675 95675 95675 95675 95675 95675 95675 95675 95675 95675 95675 95675 95675 95675 95675 95675 93165 95675 95675 95675 95675 95675 93165 95675 95675 73018 95121 73018 65668 85299 65668 65668 73018 65668 73018 65668 2574 1747 65668 1747 870 0 0 0 
0 0 79995 79995 79995 79995 79995 85605 79995 79995 79995 95675 79995 79995 85605 85605 95675 79995 79995 79995 95675 79995 79995 95675 79995 79995 95675 95675 95675 95563 95675 95675 95675 95675 95675 95675 95675 95675 95675 95675 95675 95675 85299 95675 95121 95675 95675 95675 95675 85299 95675 93165 73018 73018 73018 73018 4899 65668 65668 1747 870 0 
0 0 0 0 0 79995 79995 79995 85605 79995 79995 85605 79995 79995 79995 79995 85605 79995 79995 79995 85605 79995 79995 79995 79995 79995 79995 79995 85605 95675 79995 79995 79995 79995 79995 95675 95675 79995 85605 85605 95675 79995 95675 95675 95675 95675 95675 95675 95675 95675 95675 95675 95675 95675 95675 95675 93165 95675 89858 65668 1747 1248 
0 0 0 0 0 0 0 85605 79995 79995 79995 79995 85605 79995 79995 85605 79995 79995 79995 79995 79995 79995 79995 79995 79995 79995 79995 79995 79995 79995 79995 79995 79995 79995 79995 79995 79995 79995 79995 79995 79995 85605 79995 79995 85605 79995 85605 79995 79995 79995 79995 79995 79995 95675 93321 95675 95675 95675 95675 95675 95675 0 
0 0 0 0 0 0 0 0 0 0 0 0 79995 85605 79995 79995 79995 79995 79995 79995 79995 79995 79995 85605 79995 79995 85605 79995 79995 79995 79995 79995 79995 79995 79995 79995 79995 79995 79995 85605 79995 79995 79995 79995 79995 79995 79995 79995 79995 79995 79995 85605 79995 79995 79995 79995 33984 50141 50141 41960 41960 672 
0 0 0 0 0 0 0 0 0 0 0 0 0 0 0 0 0 79995 85605 79995 79995 79995 79995 79995 79995 79995 79995 79995 79995 79995 79995 79995 79995 79995 79995 79995 73434 79995 79995 79995 79995 79995 79995 79995 41960 33984 79995 79995 79995 50141 41960 58277 58277 58277 66121 41960 41960 1767 672 672 0 0 
0 0 0 0 0 0 0 0 0 0 0 0 0 0 0 0 0 0 0 0 0 0 0 0 79995 79995 79995 79995 79995 79995 79995 79995 79995 79995 50141 79995 79995 79995 79995 50141 79995 33984 79995 79995 50141 66121 50141 58277 41960 41960 58277 33984 41960 41960 855 0 0 0 0 0 0 0 
