test/output/constant/M385_S000_A090_WD090.0_WS040.0/M385_S000_A090_WD090.0_WS040.0_arrival.asc
ncols         52
nrows         11
xllcorner     421603.990666
yllcorner     12748255.311160
cellsize      100.000000
NODATA_value  0.000000
0.000000 0.000000 0.000000 0.000000 0.000000 0.000000 0.000000 0.000000 0.000000 0.000000 0.000000 0.000000 0.000000 0.000000 0.000000 0.000000 166.041548 166.040878 166.040543 166.040208 166.039537 166.039537 166.039537 166.039202 166.039202 166.039202 166.039537 166.039537 166.039873 166.040208 166.040543 166.040878 166.041548 0.000000 0.000000 0.000000 0.000000 0.000000 0.000000 0.000000 0.000000 0.000000 0.000000 0.000000 0.000000 0.000000 0.000000 0.000000 0.000000 0.000000 0.000000 0.000000 
0.000000 0.000000 0.000000 0.000000 0.000000 0.000000 0.000000 0.000000 166.041548 166.040878 166.040208 166.039537 166.038867 166.038532 166.037862 166.037192 166.036522 166.036187 166.035517 166.034847 166.034176 166.033506 166.033171 166.032501 166.032166 166.031496 166.031161 166.030826 166.030826 166.030491 166.030491 166.030826 166.030826 166.031161 166.031496 166.031831 166.032166 166.033171 166.034176 166.035852 166.037192 166.039873 0.000000 0.000000 0.000000 0.000000 0.000000 0.000000 0.000000 0.000000 0.000000 0.000000 
0.000000 0.000000 0.000000 0.000000 166.041548 166.040878 166.040208 166.039537 166.038532 166.037862 166.037192 166.036187 166.035517 166.034847 166.034176 166.033506 166.032501 166.031831 166.031161 166.030491 166.029821 166.029151 166.028480 166.027810 166.027140 166.026470 166.026135 166.025465 166.024795 166.024125 166.023789 166.023119 166.022449 166.022114 166.022114 166.021779 166.021779 166.022114 166.022449 166.022449 166.023119 166.024125 166.025465 166.026805 166.029151 166.032166 166.037862 0.000000 0.000000 0.000000 0.000000 0.000000 
0.000000 0.000000 166.041548 166.040543 166.039873 166.038867 166.038197 166.037192 166.036522 166.035517 166.034847 166.034176 166.033171 166.032501 166.031496 166.030826 166.030156 166.029151 166.028480 166.027475 166.026805 166.026135 166.025130 166.024460 166.023789 166.022784 166.022114 166.021444 166.020774 166.019769 166.019099 166.018428 166.017758 166.017088 166.016418 166.016083 166.015413 166.014743 166.014073 166.013738 166.013403 166.013403 166.013403 166.013403 166.013738 166.014743 166.016418 166.019099 166.024795 166.032836 0.000000 0.000000 
0.000000 166.040878 166.040208 166.039202 166.038532 166.037527 166.036857 166.035852 166.035182 166.034176 166.033506 166.032501 166.031831 166.030826 166.030156 166.029151 166.028480 166.027810 166.026805 166.026135 166.025130 166.024460 166.023454 166.022784 166.021779 166.021109 166.020104 166.019434 166.018764 166.017758 166.017088 166.016083 166.015413 166.014743 166.013738 166.013067 166.012062 166.011392 166.010387 166.009717 166.008712 166.008042 166.007371 166.006701 166.006031 166.005361 166.004691 166.004691 166.004691 166.006031 166.012062 0.000000 
166.041548 166.040878 166.039873 166.039202 166.038197 166.037527 166.036522 166.035852 166.034847 166.034176 166.033171 166.032501 166.031496 166.030826 166.029821 166.029151 166.028145 166.027475 166.026470 166.025800 166.024795 166.024125 166.023119 166.022449 166.021444 166.020774 166.019769 166.019099 166.018093 166.017423 166.016418 166.015748 166.014743 166.014073 166.013067 166.012397 166.011392 166.010722 166.009717 166.009047 166.008042 166.007371 166.006366 166.005696 166.004691 166.004021 166.003016 166.002345 166.001340 166.000670 166.000000 166.041213 
0.000000 166.040878 166.040208 166.039202 166.038532 166.037527 166.036857 166.035852 166.035182 166.034176 166.033506 166.032501 166.031831 166.030826 166.030156 166.029151 166.028480 166.027810 166.026805 166.026135 166.025130 166.024460 166.023454 166.022784 166.021779 166.021109 166.020104 166.019434 166.018764 166.017758 166.017088 166.016083 166.015413 166.014743 166.013738 166.013067 166.012062 166.011392 166.010387 166.009717 166.008712 166.008042 166.007371 166.006701 166.006031 166.005361 166.004691 166.004691 166.004691 166.006031 166.012062 0.000000 
0.000000 0.000000 166.041548 166.040543 166.039873 166.038867 166.038197 166.037192 166.036522 166.035517 166.034847 166.034176 166.033171 166.032501 166.031496 166.030826 166.030156 166.029151 166.028480 166.027475 166.026805 166.026135 166.025130 166.024460 166.023789 166.022784 166.022114 166.021444 166.020774 166.019769 166.019099 166.018428 166.017758 166.017088 166.016418 166.016083 166.015413 166.014743 166.014073 166.013738 166.013403 166.013403 166.013403 166.013403 166.013738 166.014743 166.016418 166.019099 166.024795 166.032836 0.000000 0.000000 
0.000000 0.000000 0.000000 0.000000 166.041548 166.040878 166.040208 166.039537 166.038532 166.037862 166.037192 166.036187 166.035517 166.034847 166.034176 166.033506 166.032501 166.031831 166.031161 166.030491 166.029821 166.029151 166.028480 166.027810 166.027140 166.026470 166.026135 166.025465 166.024795 166.024125 166.023789 166.023119 166.022449 166.022114 166.022114 166.021779 166.021779 166.022114 166.022449 166.022449 166.023119 166.024125 166.025465 166.026805 166.029151 166.032166 166.037862 0.000000 0.000000 0.000000 0.000000 0.000000 
0.000000 0.000000 0.000000 0.000000 0.000000 0.000000 0.000000 0.000000 166.041548 166.040878 166.040208 166.039537 166.038867 166.038532 166.037862 166.037192 166.036522 166.036187 166.035517 166.034847 166.034176 166.033506 166.033171 166.032501 166.032166 166.031496 166.031161 166.030826 166.030826 166.030491 166.030491 166.030826 166.030826 166.031161 166.031496 166.031831 166.032166 166.033171 166.034176 166.035852 166.037192 166.039873 0.000000 0.000000 0.000000 0.000000 0.000000 0.000000 0.000000 0.000000 0.000000 0.000000 
0.000000 0.000000 0.000000 0.000000 0.000000 0.000000 0.000000 0.000000 0.000000 0.000000 0.000000 0.000000 0.000000 0.000000 0.000000 0.000000 166.041548 166.040878 166.040543 166.040208 166.039537 166.039537 166.039537 166.039202 166.039202 166.039202 166.039537 166.039537 166.039873 166.040208 166.040543 166.040878 166.041548 0.000000 0.000000 0.000000 0.000000 0.000000 0.000000 0.000000 0.000000 0.000000 0.000000 0.000000 0.000000 0.000000 0.000000 0.000000 0.000000 0.000000 0.000000 0.000000 
