test/output/constant/M380_S060_A090_WD045.0_WS005.0/M380_S060_A090_WD045.0_WS005.0_ros.asc
ncols         11
nrows         50
xllcorner     425903.990666
yllcorner     12743855.311160
cellsize      100.000000
NODATA_value  0.000000
0.000000 0.000000 0.000000 0.000000 0.000000 0.000000 0.870057 -1.000000 0.854849 0.000000 0.000000 
0.000000 0.000000 0.000000 0.000000 0.000000 1.215079 56.409836 82.309311 36.091572 0.000000 0.000000 
0.000000 0.000000 0.000000 0.000000 0.000000 49.651096 77.242210 82.309311 36.091572 0.854849 0.000000 
0.000000 0.000000 0.000000 0.000000 0.870057 56.409836 73.307365 82.309311 29.248583 0.854849 0.000000 
0.000000 0.000000 0.000000 0.000000 0.870057 2.327723 82.175491 82.309311 43.112816 0.854849 0.000000 
0.000000 0.000000 0.000000 0.000000 62.730385 2.327723 82.309311 77.465286 36.091572 0.854849 0.000000 
0.000000 0.000000 0.000000 0.000000 56.409836 56.409836 82.309311 77.465286 29.248583 43.112816 0.000000 
0.000000 0.000000 0.000000 1.215079 56.409836 82.309311 82.309311 77.465286 29.248583 36.091572 0.000000 
0.000000 0.000000 0.000000 4.332109 56.409836 80.105476 82.309311 81.880463 43.112816 29.248583 0.000000 
0.000000 0.000000 0.000000 1.215079 2.327723 82.309311 82.309311 63.124500 68.768166 29.248583 0.000000 
0.000000 0.000000 0.000000 56.409836 56.409836 82.309311 82.309311 68.768166 68.768166 29.248583 36.091572 
0.000000 0.000000 56.409836 4.332109 62.730385 73.307365 82.309311 77.465286 68.768166 43.112816 36.091572 
0.000000 0.000000 1.215079 56.409836 82.309311 81.810089 82.309311 43.112816 36.091572 43.112816 29.248583 
0.000000 0.000000 56.409836 56.409836 82.309311 82.309311 82.309311 56.837772 29.248583 29.248583 43.112816 
0.000000 0.000000 2.327723 56.409836 62.730385 81.810089 82.309311 73.597321 36.091572 43.112816 29.248583 
0.000000 0.000000 62.730385 62.730385 82.309311 82.309311 82.309311 63.124500 43.112816 43.112816 50.098969 
0.000000 56.409836 56.409836 82.175491 82.309311 82.309311 68.768166 63.124500 43.112816 36.091572 50.098969 
0.000000 62.730385 56.409836 77.242210 80.105476 82.309311 68.768166 63.124500 43.112816 36.091572 29.248583 
0.000000 62.730385 4.332109 82.309311 82.309311 82.309311 77.465286 68.768166 36.091572 36.091572 29.248583 
0.000000 56.409836 56.409836 82.175491 82.309311 82.309311 82.309311 68.768166 43.112816 29.248583 22.791819 
0.000000 7.418560 82.309311 82.309311 82.309311 82.309311 56.837772 68.768166 43.112816 43.112816 36.091572 
0.000000 56.409836 82.309311 77.242210 82.309311 82.309311 82.309311 68.768166 43.112816 63.124500 50.098969 
0.000000 56.409836 82.309311 81.810089 82.309311 82.309311 63.124500 68.768166 50.098969 50.098969 36.091572 
0.000000 62.730385 68.420563 82.309311 82.309311 82.309311 50.098969 68.768166 29.248583 36.091572 29.248583 
56.409836 77.242210 82.309311 68.420563 82.309311 82.309311 56.837772 68.768166 56.837772 63.124500 0.000000 
2.327723 77.242210 73.307365 82.309311 82.309311 82.309311 82.309311 68.768166 56.837772 63.124500 0.000000 
56.409836 68.420563 82.309311 81.810089 82.309311 82.309311 77.465286 68.768166 56.837772 36.091572 0.000000 
1.641284 82.309311 62.730385 82.309311 82.309311 82.309311 80.254570 68.768166 63.124500 43.112816 0.000000 
56.409836 82.175491 68.420563 82.309311 82.309311 63.124500 63.124500 68.768166 63.124500 50.098969 0.000000 
82.309311 82.309311 73.307365 82.309311 82.309311 82.309311 68.768166 68.768166 63.124500 63.124500 0.000000 
82.309311 82.175491 82.309311 73.307365 82.309311 82.309311 68.768166 68.768166 63.124500 63.124500 0.000000 
82.309311 68.420563 82.309311 82.309311 82.309311 82.309311 73.597321 68.768166 68.768166 63.124500 0.000000 
68.420563 82.175491 82.309311 82.309311 82.309311 77.465286 68.768166 73.597321 63.124500 63.124500 0.000000 
82.309311 82.309311 77.242210 82.309311 82.309311 81.880463 80.254570 68.768166 63.124500 63.124500 0.000000 
77.242210 77.242210 82.309311 82.309311 82.309311 68.768166 63.124500 68.768166 63.124500 0.000000 0.000000 
82.309311 82.309311 82.309311 82.309311 82.309311 82.309311 68.768166 68.768166 68.768166 0.000000 0.000000 
77.242210 82.175491 82.309311 82.309311 82.309311 73.597321 68.768166 68.768166 68.768166 0.000000 0.000000 
82.309311 56.409836 62.730385 82.309311 82.309311 63.124500 63.124500 43.112816 63.124500 0.000000 0.000000 
80.105476 82.309311 82.309311 82.175491 82.309311 36.091572 68.768166 43.112816 63.124500 0.000000 0.000000 
82.309311 73.307365 80.105476 82.309311 82.309311 73.597321 68.768166 50.098969 63.124500 0.000000 0.000000 
82.309311 82.309311 80.105476 82.309311 63.124500 68.768166 68.768166 50.098969 0.000000 0.000000 0.000000 
82.309311 82.309311 82.309311 82.309311 82.309311 68.768166 68.768166 43.112816 0.000000 0.000000 0.000000 
73.307365 68.420563 82.309311 82.309311 82.309311 77.465286 43.112816 43.112816 0.000000 0.000000 0.000000 
82.309311 77.242210 82.309311 82.309311 63.124500 68.768166 50.098969 50.098969 0.000000 0.000000 0.000000 
0.000000 82.309311 80.105476 82.309311 63.124500 63.124500 50.098969 0.000000 0.000000 0.000000 0.000000 
0.000000 77.242210 82.309311 82.309311 68.768166 77.465286 68.768166 0.000000 0.000000 0.000000 0.000000 
0.000000 82.309311 82.309311 82.309311 80.254570 82.210785 68.768166 0.000000 0.000000 0.000000 0.000000 
0.000000 82.309311 82.309311 82.309311 63.124500 63.124500 0.000000 0.000000 0.000000 0.000000 0.000000 
0.000000 0.000000 82.309311 82.309311 68.768166 63.124500 0.000000 0.000000 0.000000 0.000000 0.000000 
0.000000 0.000000 82.309311 73.597321 82.309311 0.000000 0.000000 0.000000 0.000000 0.000000 0.000000 
