test/output/constant/M3M465_S060_A000_WD045.0_WS010.0/M3M465_S060_A000_WD045.0_WS010.0_arrival.asc
ncols         40
nrows         10
xllcorner     422703.990666
yllcorner     12747955.311160
cellsize      100.000000
NODATA_value  0.000000
0.000000 0.000000 0.000000 0.000000 0.000000 0.000000 0.000000 0.000000 0.000000 0.000000 0.000000 0.000000 0.000000 0.000000 0.000000 0.000000 0.000000 0.000000 0.000000 0.000000 0.000000 166.041667 166.039766 166.038092 166.035999 166.034324 166.032650 166.030976 166.028883 166.027208 166.025534 166.023860 166.021767 166.020092 166.019255 166.017999 166.017581 166.017999 166.020930 166.030976 
0.000000 0.000000 0.000000 0.000000 0.000000 0.000000 0.000000 0.000000 0.000000 0.000000 0.000000 0.000000 0.000000 0.000000 166.041022 166.039348 166.037255 166.035580 166.033906 166.031813 166.030139 166.028464 166.026371 166.024697 166.023023 166.020930 166.019255 166.017581 166.015488 166.013814 166.012139 166.010465 166.008372 166.007116 166.005442 166.003767 166.002930 166.001674 166.000837 166.000000 
0.000000 0.000000 0.000000 0.000000 0.000000 0.000000 0.000000 0.000000 0.000000 0.000000 166.041022 166.039348 166.037673 166.035999 166.033906 166.032232 166.030557 166.028464 166.026790 166.025115 166.023441 166.022185 166.020511 166.018837 166.017162 166.015488 166.014232 166.012976 166.011721 166.010465 166.009209 166.008372 166.007116 166.006279 166.005023 166.003767 166.002930 166.002930 166.003349 166.014232 
0.000000 0.000000 0.000000 0.000000 0.000000 0.000000 166.041667 166.040185 166.038510 166.037255 166.035580 166.033906 166.032232 166.030557 166.029301 166.027627 166.025953 166.024697 166.023023 166.021767 166.020511 166.019255 166.017999 166.016744 166.015488 166.014651 166.013395 166.012558 166.011302 166.010465 166.009209 166.008790 166.008372 166.007953 166.008372 166.009209 166.012558 166.019674 166.037255 0.000000 
0.000000 0.000000 0.000000 0.000000 166.041022 166.039348 166.037673 166.036417 166.034743 166.033487 166.031813 166.030557 166.029301 166.028046 166.026790 166.025534 166.024278 166.023023 166.022185 166.020930 166.020092 166.018837 166.017999 166.016744 166.015906 166.015069 166.014232 166.013814 166.013395 166.013395 166.013814 166.013814 166.015069 166.017999 166.021767 166.028883 166.041022 0.000000 0.000000 0.000000 
0.000000 0.000000 166.040603 166.039348 166.038092 166.036836 166.035580 166.034324 166.033069 166.031813 166.030557 166.029720 166.028464 166.027627 166.026371 166.025115 166.024278 166.023023 166.022185 166.021348 166.020511 166.020092 166.019255 166.018837 166.018837 166.018837 166.018837 166.019255 166.019674 166.021348 166.023441 166.026790 166.031813 166.038929 0.000000 0.000000 0.000000 0.000000 0.000000 0.000000 
166.041667 166.040603 166.039348 166.038092 166.037255 166.035999 166.034743 166.033906 166.032650 166.031813 166.030557 166.029720 166.028464 166.027627 166.026790 166.026371 166.025534 166.025115 166.024697 166.024278 166.023860 166.023860 166.024278 166.024697 166.025115 166.025953 166.027208 166.029301 166.032232 166.036417 166.041441 0.000000 0.000000 0.000000 0.000000 0.000000 0.000000 0.000000 0.000000 0.000000 
166.041441 166.040185 166.039348 166.038092 166.036836 166.035999 166.035162 166.033906 166.033069 166.032650 166.031813 166.031394 166.030557 166.030139 166.029720 166.029301 166.029301 166.029301 166.029720 166.029720 166.030139 166.030557 166.031813 166.033069 166.035162 166.038092 166.041441 0.000000 0.000000 0.000000 0.000000 0.000000 0.000000 0.000000 0.000000 0.000000 0.000000 0.000000 0.000000 0.000000 
166.041441 166.040603 166.039766 166.038929 166.038092 166.037673 166.036836 166.036417 166.035580 166.035162 166.035162 166.034743 166.034743 166.034743 166.034743 166.035162 166.035580 166.035999 166.036417 166.037673 166.038929 166.041022 0.000000 0.000000 0.000000 0.000000 0.000000 0.000000 0.000000 0.000000 0.000000 0.000000 0.000000 0.000000 0.000000 0.000000 0.000000 0.000000 0.000000 0.000000 
0.000000 0.000000 0.000000 166.041441 166.041022 166.040603 166.040185 166.040185 166.039766 166.039766 166.040185 166.040603 166.041022 166.041022 166.041441 0.000000 0.000000 0.000000 0.000000 0.000000 0.000000 0.000000 0.000000 0.000000 0.000000 0.000000 0.000000 0.000000 0.000000 0.000000 0.000000 0.000000 0.000000 0.000000 0.000000 0.000000 0.000000 0.000000 0.000000 0.000000 
