test/output/constant/M385_S060_A180_WD315.0_WS010.0/M385_S060_A180_WD315.0_WS010.0_intensity.asc
ncols         55
nrows         13
xllcorner     426603.990666
yllcorner     12747755.311160
cellsize      100.000000
NODATA_value  0.000000
0 0 0 0 0 16789 35939 16789 22670 16789 42924 16789 49862 29119 16789 0 0 0 0 0 0 0 0 0 0 0 0 0 0 0 0 0 0 0 0 0 0 0 0 0 0 0 0 0 0 0 0 0 0 0 0 0 0 0 0 
1004 16789 16789 29119 29119 42924 22670 42924 42924 42924 22670 49862 35939 56542 42924 29119 49862 42924 49862 29119 49862 35939 16789 49862 42924 62761 42924 0 0 0 0 0 0 0 0 0 0 0 0 0 0 0 0 0 0 0 0 0 0 0 0 0 0 0 0 
0 81495 81495 81495 81495 35939 76868 81495 76868 73081 62761 29119 22670 62761 42924 35939 62761 49862 22670 62761 49862 42924 68331 56542 16789 16789 42924 42924 62761 49862 35939 56542 49862 29119 49862 0 0 0 0 0 0 0 0 0 0 0 0 0 0 0 0 0 0 0 0 
927 55849 81495 76510 81495 81495 81495 81495 81495 81495 73081 81495 22670 81495 29119 68331 81126 62761 35939 76868 79577 81495 22670 81126 73081 68331 16789 35939 76868 56542 62761 22670 62761 56542 42924 22670 73081 49862 42924 0 0 0 0 0 0 0 0 0 0 0 0 0 0 0 0 
0 1081 49135 49135 55849 72614 81495 81495 81495 81495 81495 81495 81495 81495 81495 81495 81495 81495 81495 81495 68331 81495 81495 81495 81126 73081 29119 62761 73081 81126 81495 29119 62761 79577 81495 81495 35939 29119 29119 68331 68331 56542 35939 0 0 0 0 0 0 0 0 0 0 0 0 
0 0 0 2106 55849 49135 55849 55849 55849 81016 81495 72614 81495 81495 81495 81495 81495 81495 81495 81495 81495 81495 81495 81495 81495 81495 81495 81495 81126 81495 35939 76868 81495 81495 81495 81495 76868 76868 81495 29119 29119 73081 79577 81126 42924 68331 76868 0 0 0 0 0 0 0 0 
0 0 0 0 0 1081 55849 55849 55849 62124 62124 55849 81361 72614 72614 81495 81495 81495 81495 81495 81495 81495 81495 81495 81495 81495 81495 81495 81495 81416 81495 81495 81495 76868 81495 81495 16789 81495 79577 81495 22670 79577 29119 35939 81495 35939 62761 81495 29119 0 0 0 0 0 0 
0 0 0 0 0 0 0 0 55849 4070 55849 55849 55849 62124 55849 62124 55849 67769 79340 81495 81495 81495 81495 81495 81495 81495 81495 81495 81495 81495 81495 81495 81495 81495 81495 81495 42924 81495 81495 81495 81495 62761 81495 81495 81495 81495 68331 81495 68331 81495 79577 81495 0 0 0 
0 0 0 0 0 0 0 0 0 0 0 0 55849 55849 55849 55849 55849 55849 55849 55849 79340 79340 62124 76510 79340 79340 81495 81495 81495 72614 81495 81495 81495 81495 81495 81495 81495 81495 81495 81495 81495 81495 81495 81495 81495 81495 81495 81495 56542 81495 81495 81495 81495 81495 0 
0 0 0 0 0 0 0 0 0 0 0 0 0 0 0 0 55849 62124 55849 55849 55849 76510 62124 79340 81016 81495 76510 67769 76510 81495 81495 81495 81495 81495 81495 81495 81495 81495 81495 81495 81495 81495 81495 81495 81495 81495 81495 81495 81495 81495 81495 81495 81495 81495 81495 
0 0 0 0 0 0 0 0 0 0 0 0 0 0 0 0 0 0 0 0 55849 62124 55849 55849 55849 55849 76510 76510 79340 72614 79340 76510 81495 76510 81495 81495 81495 81495 81495 81495 79340 81495 81495 81495 81495 81495 81495 81495 81495 81495 81495 81495 81495 81495 81495 
0 0 0 0 0 0 0 0 0 0 0 0 0 0 0 0 0 0 0 0 0 0 0 0 0 55849 55849 55849 55849 72614 79340 81495 72614 81016 72614 79340 67769 81495 81495 81495 81495 81495 81495 81495 81495 81495 81495 81495 76510 81495 81495 81495 81495 81495 81495 
0 0 0 0 0 0 0 0 0 0 0 0 0 0 0 0 0 0 0 0 0 0 0 0 0 0 0 0 0 0 0 0 62124 79340 55849 55849 76510 81361 76510 76510 79340 79340 81361 81495 81495 81495 81495 79340 81495 81495 81495 81495 0 0 0 
