test/output/constant/M3100_S060_A180_WD270.0_WS040.0/M3100_S060_A180_WD270.0_WS040.0_arrival.asc
ncols         69
nrows         9
xllcorner     426603.990666
yllcorner     12748355.311160
cellsize      100.000000
NODATA_value  0.000000
0.000000 0.000000 0.000000 0.000000 0.000000 0.000000 0.000000 0.000000 0.000000 0.000000 0.000000 0.000000 0.000000 0.000000 0.000000 0.000000 0.000000 0.000000 0.000000 0.000000 0.000000 0.000000 0.000000 166.040959 166.040219 166.039725 166.039232 166.038738 166.038491 166.038245 166.037751 166.037751 166.037505 166.037258 166.037258 166.037011 166.037011 166.037011 166.037258 166.037505 166.037998 166.038245 166.038738 166.038985 166.039478 166.039972 166.040219 166.040712 166.041206 166.041452 0.000000 0.000000 0.000000 0.000000 0.000000 0.000000 0.000000 0.000000 0.000000 0.000000 0.000000 0.000000 0.000000 0.000000 0.000000 0.000000 0.000000 0.000000 0.000000 
0.000000 0.000000 0.000000 0.000000 0.000000 0.000000 0.000000 0.000000 0.000000 0.000000 166.040219 166.037505 166.035531 166.033557 166.032076 166.030843 166.029609 166.028869 166.028375 166.027882 166.027388 166.027141 166.026895 166.026648 166.026648 166.026401 166.026401 166.026648 166.026895 166.027141 166.027635 166.028128 166.028375 166.028869 166.029362 166.029609 166.030102 166.030596 166.030843 166.031336 166.031829 166.032076 166.032570 166.033063 166.033557 166.034050 166.034544 166.034790 166.035284 166.036024 166.036518 166.037011 166.037505 166.037998 166.038491 166.039232 166.039725 166.040219 166.040959 166.041452 0.000000 0.000000 0.000000 0.000000 0.000000 0.000000 0.000000 0.000000 0.000000 
0.000000 0.000000 0.000000 0.000000 166.033557 166.027882 166.023687 166.021713 166.019986 166.018506 166.017519 166.017025 166.016532 166.016285 166.016038 166.016038 166.016038 166.016285 166.016532 166.017025 166.017272 166.017765 166.018259 166.018752 166.018999 166.019492 166.019986 166.020479 166.020726 166.021220 166.021960 166.022453 166.022947 166.023440 166.023934 166.024674 166.025168 166.025661 166.026401 166.026895 166.027635 166.028128 166.028622 166.029362 166.029856 166.030349 166.031089 166.031583 166.032076 166.032816 166.033310 166.033803 166.034544 166.035037 166.035531 166.036271 166.036764 166.037258 166.037998 166.038491 166.039232 166.039725 166.040465 166.040959 166.041452 0.000000 0.000000 0.000000 0.000000 
0.000000 166.013571 166.007896 166.006169 166.005675 166.005428 166.005428 166.005922 166.006415 166.006662 166.007155 166.007896 166.008389 166.008883 166.009623 166.010116 166.010610 166.011350 166.011844 166.012584 166.013077 166.013817 166.014311 166.014804 166.015545 166.016038 166.016778 166.017272 166.018012 166.018506 166.019246 166.019739 166.020479 166.020973 166.021466 166.022207 166.022700 166.023440 166.023934 166.024674 166.025168 166.025908 166.026401 166.027141 166.027635 166.028128 166.028869 166.029362 166.030102 166.030596 166.031336 166.031829 166.032570 166.033063 166.033803 166.034297 166.034790 166.035531 166.036024 166.036764 166.037258 166.037998 166.038491 166.039232 166.039725 166.040465 166.040959 166.041667 0.000000 
166.000000 166.000493 166.000987 166.001727 166.002221 166.002961 166.003454 166.004195 166.004688 166.005428 166.005922 166.006662 166.007155 166.007896 166.008389 166.009129 166.009623 166.010363 166.010857 166.011597 166.012090 166.012830 166.013324 166.014064 166.014558 166.015298 166.015791 166.016532 166.017025 166.017765 166.018259 166.018999 166.019492 166.020233 166.020726 166.021466 166.021960 166.022700 166.023194 166.023934 166.024427 166.025168 166.025661 166.026401 166.026895 166.027635 166.028128 166.028869 166.029362 166.030102 166.030596 166.031336 166.031829 166.032570 166.033063 166.033803 166.034297 166.035037 166.035531 166.036271 166.036764 166.037505 166.037998 166.038738 166.039232 166.039972 166.040465 166.041206 166.041667 
0.000000 166.013571 166.007896 166.006169 166.005675 166.005428 166.005428 166.005922 166.006415 166.006662 166.007155 166.007896 166.008389 166.008883 166.009623 166.010116 166.010610 166.011350 166.011844 166.012584 166.013077 166.013817 166.014311 166.014804 166.015545 166.016038 166.016778 166.017272 166.018012 166.018506 166.019246 166.019739 166.020479 166.020973 166.021466 166.022207 166.022700 166.023440 166.023934 166.024674 166.025168 166.025908 166.026401 166.027141 166.027635 166.028128 166.028869 166.029362 166.030102 166.030596 166.031336 166.031829 166.032570 166.033063 166.033803 166.034297 166.034790 166.035531 166.036024 166.036764 166.037258 166.037998 166.038491 166.039232 166.039725 166.040465 166.040959 166.041667 0.000000 
0.000000 0.000000 0.000000 0.000000 166.033557 166.027882 166.023687 166.021713 166.019986 166.018506 166.017519 166.017025 166.016532 166.016285 166.016038 166.016038 166.016038 166.016285 166.016532 166.017025 166.017272 166.017765 166.018259 166.018752 166.018999 166.019492 166.019986 166.020479 166.020726 166.021220 166.021960 166.022453 166.022947 166.023440 166.023934 166.024674 166.025168 166.025661 166.026401 166.026895 166.027635 166.028128 166.028622 166.029362 166.029856 166.030349 166.031089 166.031583 166.032076 166.032816 166.033310 166.033803 166.034544 166.035037 166.035531 166.036271 166.036764 166.037258 166.037998 166.038491 166.039232 166.039725 166.040465 166.040959 166.041452 0.000000 0.000000 0.000000 0.000000 
0.000000 0.000000 0.000000 0.000000 0.000000 0.000000 0.000000 0.000000 0.000000 0.000000 166.040219 166.037505 166.035531 166.033557 166.032076 166.030843 166.029609 166.028869 166.028375 166.027882 166.027388 166.027141 166.026895 166.026648 166.026648 166.026401 166.026401 166.026648 166.026895 166.027141 166.027635 166.028128 166.028375 166.028869 166.029362 166.029609 166.030102 166.030596 166.030843 166.031336 166.031829 166.032076 166.032570 166.033063 166.033557 166.034050 166.034544 166.034790 166.035284 166.036024 166.036518 166.037011 166.037505 166.037998 166.038491 166.039232 166.039725 166.040219 166.040959 166.041452 0.000000 0.000000 0.000000 0.000000 0.000000 0.000000 0.000000 0.000000 0.000000 
0.000000 0.000000 0.000000 0.000000 0.000000 0.000000 0.000000 0.000000 0.000000 0.000000 0.000000 0.000000 0.000000 0.000000 0.000000 0.000000 0.000000 0.000000 0.000000 0.000000 0.000000 0.000000 0.000000 166.040959 166.040219 166.039725 166.039232 166.038738 166.038491 166.038245 166.037751 166.037751 166.037505 166.037258 166.037258 166.037011 166.037011 166.037011 166.037258 166.037505 166.037998 166.038245 166.038738 166.038985 166.039478 166.039972 166.040219 166.040712 166.041206 166.041452 0.000000 0.000000 0.000000 0.000000 0.000000 0.000000 0.000000 0.000000 0.000000 0.000000 0.000000 0.000000 0.000000 0.000000 0.000000 0.000000 0.000000 0.000000 0.000000 
