test/output/constant/M295_S000_A270_WD090.0_WS040.0/M295_S000_A270_WD090.0_WS040.0_arrival.asc
ncols         30
nrows         7
xllcorner     423703.990666
yllcorner     12748455.311160
cellsize      100.000000
NODATA_value  0.000000
0.000000 0.000000 0.000000 0.000000 0.000000 0.000000 0.000000 0.000000 166.041435 166.040300 166.039165 166.038597 166.037462 166.037462 166.037462 166.037462 166.037462 166.038030 166.038597 166.039165 166.040868 0.000000 0.000000 0.000000 0.000000 0.000000 0.000000 0.000000 0.000000 0.000000 
0.000000 0.000000 166.041435 166.040300 166.039165 166.037462 166.036327 166.035192 166.034056 166.032354 166.031218 166.030083 166.028948 166.027813 166.027245 166.026110 166.024975 166.023839 166.023272 166.022704 166.022704 166.022704 166.023272 166.023839 166.025542 166.028380 166.033489 0.000000 0.000000 0.000000 
166.041435 166.039732 166.038597 166.036894 166.035759 166.034624 166.032921 166.031786 166.030083 166.028948 166.027245 166.026110 166.024975 166.023272 166.022137 166.020434 166.019299 166.017596 166.016461 166.015325 166.013623 166.012487 166.011352 166.010217 166.009082 166.007946 166.007946 166.007946 166.010217 166.023839 
166.040868 166.039165 166.038030 166.036327 166.035192 166.033489 166.032354 166.030651 166.029516 166.027813 166.026677 166.024975 166.023839 166.022137 166.021001 166.019299 166.018163 166.016461 166.015325 166.013623 166.012487 166.010785 166.009649 166.007946 166.006811 166.005108 166.003973 166.002270 166.001135 166.000000 
166.041435 166.039732 166.038597 166.036894 166.035759 166.034624 166.032921 166.031786 166.030083 166.028948 166.027245 166.026110 166.024975 166.023272 166.022137 166.020434 166.019299 166.017596 166.016461 166.015325 166.013623 166.012487 166.011352 166.010217 166.009082 166.007946 166.007946 166.007946 166.010217 166.023839 
0.000000 0.000000 166.041435 166.040300 166.039165 166.037462 166.036327 166.035192 166.034056 166.032354 166.031218 166.030083 166.028948 166.027813 166.027245 166.026110 166.024975 166.023839 166.023272 166.022704 166.022704 166.022704 166.023272 166.023839 166.025542 166.028380 166.033489 0.000000 0.000000 0.000000 
0.000000 0.000000 0.000000 0.000000 0.000000 0.000000 0.000000 0.000000 166.041435 166.040300 166.039165 166.038597 166.037462 166.037462 166.037462 166.037462 166.037462 166.038030 166.038597 166.039165 166.040868 0.000000 0.000000 0.000000 0.000000 0.000000 0.000000 0.000000 0.000000 0.000000 
