test/output/constant/M365_S060_A000_WD315.0_WS040.0/M365_S060_A000_WD315.0_WS040.0_arrival.asc
ncols         10
nrows         25
xllcorner     425803.990666
yllcorner     12746455.311160
cellsize      100.000000
NODATA_value  0.000000
0.000000 0.000000 0.000000 0.000000 0.000000 0.000000 0.000000 166.037072 166.030495 166.039464 
0.000000 0.000000 0.000000 0.000000 0.000000 0.000000 166.028701 166.005979 166.000000 166.019134 
0.000000 0.000000 0.000000 0.000000 0.000000 166.037072 166.015546 166.002990 166.001196 166.017938 
0.000000 0.000000 0.000000 0.000000 0.000000 166.025711 166.009567 166.002990 166.002990 166.019134 
0.000000 0.000000 0.000000 0.000000 166.035278 166.018536 166.007773 166.004783 166.005381 166.022124 
0.000000 0.000000 0.000000 0.000000 166.028103 166.014350 166.007773 166.006577 166.008371 166.025711 
0.000000 0.000000 0.000000 166.037670 166.022721 166.013155 166.008371 166.008371 166.011959 166.029299 
0.000000 0.000000 0.000000 166.031691 166.019732 166.013155 166.010165 166.010165 166.015546 166.032886 
0.000000 0.000000 166.040660 166.027505 166.018536 166.013155 166.011959 166.012557 166.019134 166.036474 
0.000000 0.000000 166.035876 166.025113 166.017938 166.014350 166.013752 166.015546 166.022721 166.040062 
0.000000 0.000000 166.032886 166.023917 166.018536 166.015546 166.015546 166.018536 166.026309 0.000000 
0.000000 166.040660 166.030495 166.023319 166.018536 166.017340 166.017340 166.021526 166.029897 0.000000 
0.000000 166.037670 166.028701 166.023319 166.019732 166.019134 166.019732 166.024515 166.033484 0.000000 
0.000000 166.035278 166.028701 166.023319 166.020928 166.020928 166.022721 166.028103 166.037072 0.000000 
0.000000 166.034082 166.028103 166.023917 166.022721 166.022721 166.025113 166.031093 166.041257 0.000000 
166.040660 166.033484 166.028701 166.025113 166.024515 166.025113 166.028103 166.034680 0.000000 0.000000 
166.039464 166.033484 166.028701 166.026309 166.026309 166.027505 166.031093 166.038268 0.000000 0.000000 
166.038866 166.033484 166.029897 166.028103 166.028103 166.029897 166.034680 166.041667 0.000000 0.000000 
166.038866 166.034082 166.030495 166.029897 166.030495 166.032886 166.037670 0.000000 0.000000 0.000000 
166.038268 166.034082 166.032288 166.031691 166.032886 166.035278 166.040660 0.000000 0.000000 0.000000 
166.038866 166.035278 166.033484 166.033484 166.034680 166.038268 0.000000 0.000000 0.000000 0.000000 
166.039464 166.036474 166.035278 166.035278 166.037072 166.041257 0.000000 0.000000 0.000000 0.000000 
166.039464 166.037670 166.037072 166.037670 166.040062 0.000000 0.000000 0.000000 0.000000 0.000000 
166.040660 166.039464 166.038866 166.040062 0.000000 0.000000 0.000000 0.000000 0.000000 0.000000 
166.041667 166.040660 166.040660 0.000000 0.000000 0.000000 0.000000 0.000000 0.000000 0.000000 
