test/output/constant/M365_S060_A000_WD315.0_WS040.0/M365_S060_A000_WD315.0_WS040.0_ros.asc
ncols         10
nrows         25
xllcorner     425803.990666
yllcorner     12746455.311160
cellsize      100.000000
NODATA_value  0.000000
0.000000 0.000000 0.000000 0.000000 0.000000 0.000000 0.000000 1.629644 2.389027 1.172271 
0.000000 0.000000 0.000000 0.000000 0.000000 0.000000 1.629644 1.189554 -1.000000 1.265843 
0.000000 0.000000 0.000000 0.000000 0.000000 2.389027 2.389027 40.286331 40.286331 7.971821 
0.000000 0.000000 0.000000 0.000000 0.000000 1.189554 3.311443 40.286331 38.343643 10.445084 
0.000000 0.000000 0.000000 0.000000 1.629644 1.629644 35.061268 40.286331 19.497402 7.971821 
0.000000 0.000000 0.000000 0.000000 1.629644 32.604561 39.741535 40.286331 19.497402 16.293461 
0.000000 0.000000 0.000000 2.389027 32.604561 35.061268 40.286331 38.343643 10.445084 7.971821 
0.000000 0.000000 0.000000 2.389027 32.604561 40.286331 40.286331 36.646187 16.293461 13.245949 
0.000000 0.000000 29.813152 3.311443 2.389027 40.286331 40.286331 40.174915 10.445084 10.445084 
0.000000 0.000000 35.061268 4.637072 40.246891 40.286331 40.286331 7.971821 13.245949 19.497402 
0.000000 0.000000 2.389027 2.389027 40.286331 40.286331 31.943256 7.971821 7.971821 0.000000 
0.000000 3.311443 3.311443 35.061268 40.286331 40.286331 36.646187 19.497402 7.971821 0.000000 
0.000000 3.311443 32.604561 40.286331 40.286331 40.286331 36.646187 19.497402 16.293461 0.000000 
0.000000 32.604561 3.311443 37.108727 40.286331 40.286331 5.893536 7.971821 19.497402 0.000000 
0.000000 35.061268 40.246891 40.286331 40.286331 40.286331 29.080257 19.497402 13.245949 0.000000 
35.061268 32.604561 40.286331 40.286331 40.286331 7.971821 19.497402 19.497402 0.000000 0.000000 
32.604561 32.604561 39.741535 40.286331 39.531883 19.497402 22.761877 16.293461 0.000000 0.000000 
35.061268 40.286331 40.286331 40.286331 29.080257 19.497402 13.245949 19.497402 0.000000 0.000000 
3.311443 40.286331 40.286331 40.286331 16.293461 10.445084 19.497402 0.000000 0.000000 0.000000 
39.741535 37.108727 40.286331 40.286331 13.245949 34.490955 29.080257 0.000000 0.000000 0.000000 
40.286331 40.286331 40.286331 39.531883 16.293461 19.497402 0.000000 0.000000 0.000000 0.000000 
40.286331 35.061268 40.286331 40.286331 34.490955 19.497402 0.000000 0.000000 0.000000 0.000000 
40.286331 40.286331 40.286331 19.497402 19.497402 0.000000 0.000000 0.000000 0.000000 0.000000 
40.286331 40.286331 40.286331 5.893536 0.000000 0.000000 0.000000 0.000000 0.000000 0.000000 
40.286331 40.286331 39.531883 0.000000 0.000000 0.000000 0.000000 0.000000 0.000000 0.000000 
