test/output/constant/M3M465_S060_A090_WD135.0_WS010.0/M3M465_S060_A090_WD135.0_WS010.0_arrival.asc
ncols         9
nrows         27
xllcorner     425903.990666
yllcorner     12746255.311160
cellsize      100.000000
NODATA_value  0.000000
0.000000 0.000000 0.000000 0.000000 0.000000 0.000000 166.039743 166.029649 0.000000 
0.000000 0.000000 0.000000 0.000000 0.000000 166.038481 166.007570 166.000000 166.019556 
0.000000 0.000000 0.000000 0.000000 0.000000 166.020187 166.003154 166.001262 166.015771 
0.000000 0.000000 0.000000 0.000000 166.032803 166.011355 166.003154 166.002523 166.016402 
0.000000 0.000000 0.000000 0.000000 166.023341 166.008832 166.004416 166.004416 166.017663 
0.000000 0.000000 0.000000 166.035327 166.017663 166.008832 166.006308 166.006939 166.019556 
0.000000 0.000000 0.000000 166.028388 166.015140 166.008832 166.007570 166.009463 166.021448 
0.000000 0.000000 166.039743 166.023972 166.014509 166.009463 166.009463 166.011986 166.023972 
0.000000 0.000000 166.034065 166.021448 166.014509 166.010724 166.010724 166.014509 166.027126 
0.000000 0.000000 166.030280 166.020187 166.014509 166.012617 166.012617 166.017033 166.029649 
0.000000 166.039743 166.027757 166.020187 166.015140 166.014509 166.015140 166.020187 166.032173 
0.000000 166.036588 166.026495 166.019556 166.016402 166.015771 166.017033 166.022710 166.034696 
0.000000 166.033434 166.025864 166.020187 166.017663 166.017663 166.019556 166.025233 166.037850 
0.000000 166.032173 166.025233 166.020818 166.018925 166.018925 166.022079 166.027757 166.040373 
166.039743 166.031542 166.025233 166.021448 166.020818 166.020818 166.024603 166.030911 0.000000 
166.038481 166.031542 166.025864 166.022710 166.022710 166.023341 166.027126 166.033434 0.000000 
166.037219 166.030911 166.025864 166.023972 166.023972 166.025233 166.029649 166.036588 0.000000 
166.037219 166.030911 166.027126 166.025864 166.025864 166.027757 166.032173 166.039112 0.000000 
166.036588 166.030911 166.027757 166.027126 166.027757 166.029649 166.034696 166.041635 0.000000 
166.036588 166.031542 166.029018 166.029018 166.029649 166.032173 166.037219 0.000000 0.000000 
166.036588 166.032803 166.030911 166.030911 166.031542 166.034696 166.039743 0.000000 0.000000 
166.036588 166.033434 166.032173 166.032173 166.033434 166.037219 0.000000 0.000000 0.000000 
166.037219 166.034696 166.034065 166.034065 166.035958 166.039743 0.000000 0.000000 0.000000 
166.037850 166.035958 166.035327 166.035958 166.037850 166.041667 0.000000 0.000000 0.000000 
166.039112 166.037219 166.037219 166.037850 166.040373 0.000000 0.000000 0.000000 0.000000 
166.039743 166.039112 166.039112 166.039743 0.000000 0.000000 0.000000 0.000000 0.000000 
166.041635 166.040373 166.040373 166.041635 0.000000 0.000000 0.000000 0.000000 0.000000 
