test/output/constant/C4_S000_A000_WD270.0_WS050.0/C4_S000_A000_WD270.0_WS050.0_arrival.asc
ncols         39
nrows         7
xllcorner     426603.990666
yllcorner     12748455.311160
cellsize      100.000000
NODATA_value  0.000000
0.000000 0.000000 0.000000 0.000000 0.000000 0.000000 0.000000 0.000000 0.000000 0.000000 166.040336 166.038601 166.036866 166.036433 166.035565 166.035131 166.034698 166.034698 166.034698 166.034698 166.034698 166.035131 166.035565 166.036433 166.037300 166.037734 166.038601 166.039469 166.039902 166.040770 166.041637 0.000000 0.000000 0.000000 0.000000 0.000000 0.000000 0.000000 0.000000 
0.000000 0.000000 0.000000 166.037734 166.031228 166.026891 166.024288 166.022553 166.021686 166.021252 166.020819 166.020819 166.020819 166.021252 166.022120 166.022553 166.023421 166.024288 166.024722 166.025589 166.026457 166.027324 166.028192 166.029059 166.029927 166.030794 166.032095 166.032963 166.033830 166.034698 166.035999 166.036866 166.037734 166.039035 166.039902 166.041203 0.000000 0.000000 0.000000 
166.034264 166.011710 166.007807 166.007373 166.006940 166.007373 166.008241 166.009108 166.009976 166.010843 166.011710 166.013012 166.013879 166.014746 166.016048 166.016915 166.017783 166.019084 166.019951 166.021252 166.022120 166.023421 166.024288 166.025589 166.026457 166.027758 166.028626 166.029927 166.030794 166.032095 166.032963 166.034264 166.035131 166.035999 166.037300 166.038167 166.039469 166.040336 166.041637 
166.000000 166.000867 166.001735 166.003036 166.003903 166.005205 166.006072 166.007373 166.008241 166.009542 166.010409 166.011710 166.012578 166.013879 166.014746 166.016048 166.016915 166.018216 166.019084 166.020385 166.021252 166.022553 166.023421 166.024722 166.025589 166.026891 166.027758 166.029059 166.029927 166.031228 166.032095 166.033396 166.034264 166.035565 166.036433 166.037734 166.038601 166.039902 166.040770 
166.034264 166.011710 166.007807 166.007373 166.006940 166.007373 166.008241 166.009108 166.009976 166.010843 166.011710 166.013012 166.013879 166.014746 166.016048 166.016915 166.017783 166.019084 166.019951 166.021252 166.022120 166.023421 166.024288 166.025589 166.026457 166.027758 166.028626 166.029927 166.030794 166.032095 166.032963 166.034264 166.035131 166.035999 166.037300 166.038167 166.039469 166.040336 166.041637 
0.000000 0.000000 0.000000 166.037734 166.031228 166.026891 166.024288 166.022553 166.021686 166.021252 166.020819 166.020819 166.020819 166.021252 166.022120 166.022553 166.023421 166.024288 166.024722 166.025589 166.026457 166.027324 166.028192 166.029059 166.029927 166.030794 166.032095 166.032963 166.033830 166.034698 166.035999 166.036866 166.037734 166.039035 166.039902 166.041203 0.000000 0.000000 0.000000 
0.000000 0.000000 0.000000 0.000000 0.000000 0.000000 0.000000 0.000000 0.000000 0.000000 166.040336 166.038601 166.036866 166.036433 166.035565 166.035131 166.034698 166.034698 166.034698 166.034698 166.034698 166.035131 166.035565 166.036433 166.037300 166.037734 166.038601 166.039469 166.039902 166.040770 166.041637 0.000000 0.000000 0.000000 0.000000 0.000000 0.000000 0.000000 0.000000 
