test/output/constant/M3M455_S060_A090_WD000.0_WS050.0/M3M455_S060_A090_WD000.0_WS050.0_arrival.asc
ncols         5
nrows         40
xllcorner     426403.990666
yllcorner     12744855.311160
cellsize      100.000000
NODATA_value  0.000000
0.000000 0.000000 166.000000 0.000000 0.000000 
0.000000 166.024430 166.000857 166.024430 0.000000 
0.000000 166.014572 166.001714 166.014572 0.000000 
0.000000 166.011572 166.003000 166.011572 0.000000 
0.000000 166.009858 166.003857 166.009858 0.000000 
0.000000 166.009429 166.005143 166.009429 0.000000 
0.000000 166.009858 166.006000 166.009858 0.000000 
166.039002 166.010286 166.007286 166.010286 166.039002 
166.035573 166.011143 166.008143 166.011143 166.035573 
166.033430 166.012001 166.009429 166.012001 166.033430 
166.031287 166.012858 166.010286 166.012858 166.031287 
166.030430 166.013715 166.011572 166.013715 166.030430 
166.029573 166.014572 166.012429 166.014572 166.029573 
166.029144 166.015429 166.013715 166.015429 166.029144 
166.028716 166.016715 166.014572 166.016715 166.028716 
166.028287 166.017572 166.015858 166.017572 166.028287 
166.028287 166.018858 166.016715 166.018858 166.028287 
166.028287 166.019715 166.018001 166.019715 166.028287 
166.029144 166.020572 166.018858 166.020572 166.029144 
166.030002 166.021858 166.020144 166.021858 166.030002 
166.030430 166.022715 166.021001 166.022715 166.030430 
166.031287 166.024001 166.022287 166.024001 166.031287 
166.032145 166.024858 166.023144 166.024858 166.032145 
166.032573 166.026144 166.024430 166.026144 166.032573 
166.033430 166.027001 166.025287 166.027001 166.033430 
166.034287 166.028287 166.026573 166.028287 166.034287 
166.034716 166.029144 166.027430 166.029144 166.034716 
166.035573 166.030002 166.028716 166.030002 166.035573 
166.036430 166.031287 166.029573 166.031287 166.036430 
166.037288 166.032145 166.030859 166.032145 166.037288 
166.038145 166.033430 166.031716 166.033430 166.038145 
166.039002 166.034287 166.033002 166.034287 166.039002 
166.039859 166.035573 166.033859 166.035573 166.039859 
166.041145 166.036430 166.035145 166.036430 166.041145 
0.000000 166.037716 166.036002 166.037716 0.000000 
0.000000 166.038573 166.037288 166.038573 0.000000 
0.000000 166.039431 166.038145 166.039431 0.000000 
0.000000 166.040716 166.039431 166.040716 0.000000 
0.000000 166.041574 166.040288 166.041574 0.000000 
0.000000 0.000000 166.041574 0.000000 0.000000 
