test/output/constant/S1_S060_A270_WD225.0_WS015.0/S1_S060_A270_WD225.0_WS015.0_arrival.asc
ncols         10
nrows         31
xllcorner     426503.990666
yllcorner     12748755.311160
cellsize      100.000000
NODATA_value  0.000000
0.000000 0.000000 0.000000 0.000000 0.000000 0.000000 0.000000 166.040839 166.040839 0.000000 
0.000000 0.000000 0.000000 0.000000 0.000000 0.000000 166.041369 166.039778 166.039778 166.040839 
0.000000 0.000000 0.000000 0.000000 0.000000 0.000000 166.039248 166.038187 166.038187 166.040839 
0.000000 0.000000 0.000000 0.000000 0.000000 166.040839 166.037657 166.036596 166.037126 166.040308 
0.000000 0.000000 0.000000 0.000000 0.000000 166.038717 166.035535 166.035535 166.036596 166.040308 
0.000000 0.000000 0.000000 0.000000 166.041667 166.036596 166.033944 166.033944 166.035535 166.040308 
0.000000 0.000000 0.000000 0.000000 166.039248 166.034474 166.032883 166.032883 166.035005 166.040308 
0.000000 0.000000 0.000000 0.000000 166.036596 166.032353 166.031292 166.031292 166.035005 166.040839 
0.000000 0.000000 0.000000 166.041667 166.033944 166.030231 166.029701 166.030762 166.035005 0.000000 
0.000000 0.000000 0.000000 166.038717 166.031822 166.028640 166.028640 166.029701 166.035005 0.000000 
0.000000 0.000000 0.000000 166.035535 166.029171 166.027049 166.027049 166.029701 166.035535 0.000000 
0.000000 0.000000 0.000000 166.032883 166.027049 166.025988 166.025988 166.029701 166.036596 0.000000 
0.000000 0.000000 166.039778 166.029701 166.024928 166.024397 166.024928 166.029701 166.037657 0.000000 
0.000000 0.000000 166.036065 166.027049 166.023336 166.022806 166.024397 166.029701 166.039248 0.000000 
0.000000 0.000000 166.033414 166.024928 166.021745 166.021745 166.024397 166.030762 166.041369 0.000000 
0.000000 0.000000 166.030231 166.022276 166.020154 166.020154 166.024397 166.031822 0.000000 0.000000 
0.000000 166.040308 166.027049 166.020154 166.019093 166.019624 166.024397 166.033944 0.000000 0.000000 
0.000000 166.036596 166.023867 166.018033 166.017502 166.019093 166.025458 166.036596 0.000000 0.000000 
0.000000 166.032883 166.021215 166.016442 166.015911 166.019093 166.026519 166.040839 0.000000 0.000000 
0.000000 166.029701 166.018033 166.014850 166.014850 166.019093 166.028640 0.000000 0.000000 0.000000 
0.000000 166.025988 166.015381 166.013259 166.013790 166.019624 166.032353 0.000000 0.000000 0.000000 
0.000000 166.022276 166.013259 166.012199 166.013790 166.021215 166.037657 0.000000 0.000000 0.000000 
0.000000 166.019093 166.011138 166.010607 166.013790 166.023867 0.000000 0.000000 0.000000 0.000000 
0.000000 166.015911 166.009016 166.009016 166.014320 166.029171 0.000000 0.000000 0.000000 0.000000 
0.000000 166.012199 166.007956 166.008486 166.015911 166.037657 0.000000 0.000000 0.000000 0.000000 
166.040839 166.009016 166.006364 166.008486 166.020154 0.000000 0.000000 0.000000 0.000000 0.000000 
166.038717 166.006364 166.005304 166.008486 166.028640 0.000000 0.000000 0.000000 0.000000 0.000000 
166.037657 166.003713 166.003713 166.011138 0.000000 0.000000 0.000000 0.000000 0.000000 0.000000 
166.036596 166.002121 166.003182 166.020154 0.000000 0.000000 0.000000 0.000000 0.000000 0.000000 
166.039778 166.001061 166.003182 166.041667 0.000000 0.000000 0.000000 0.000000 0.000000 0.000000 
0.000000 166.000000 166.016442 0.000000 0.000000 0.000000 0.000000 0.000000 0.000000 0.000000 
