test/output/constant/M485_S060_A270_WD180.0_WS015.0/M485_S060_A270_WD180.0_WS015.0_arrival.asc
ncols         7
nrows         38
xllcorner     426303.990666
yllcorner     12748755.311160
cellsize      100.000000
NODATA_value  0.000000
0.000000 0.000000 166.041391 166.040946 166.041391 0.000000 0.000000 
0.000000 0.000000 166.040501 166.039611 166.040501 0.000000 0.000000 
0.000000 166.041391 166.039166 166.038721 166.039166 166.041391 0.000000 
0.000000 166.040501 166.038276 166.037386 166.038276 166.040501 0.000000 
0.000000 166.039611 166.036941 166.036495 166.036941 166.039611 0.000000 
0.000000 166.038276 166.036050 166.035160 166.036050 166.038276 0.000000 
0.000000 166.037386 166.034715 166.034270 166.034715 166.037386 0.000000 
166.041391 166.036495 166.033825 166.032935 166.033825 166.036495 166.041391 
166.040501 166.035160 166.032935 166.032045 166.032935 166.035160 166.040501 
166.040056 166.034270 166.031600 166.030710 166.031600 166.034270 166.040056 
166.039166 166.033380 166.030710 166.029819 166.030710 166.033380 166.039166 
166.038276 166.032045 166.029374 166.028484 166.029374 166.032045 166.038276 
166.037831 166.031155 166.028484 166.027594 166.028484 166.031155 166.037831 
166.036941 166.030265 166.027149 166.026259 166.027149 166.030265 166.036941 
166.036050 166.029374 166.026259 166.025369 166.026259 166.029374 166.036050 
166.035160 166.028484 166.024924 166.024034 166.024924 166.028484 166.035160 
166.034715 166.027149 166.024034 166.023143 166.024034 166.027149 166.034715 
166.033825 166.026704 166.022698 166.021808 166.022698 166.026704 166.033825 
166.033380 166.025814 166.021808 166.020918 166.021808 166.025814 166.033380 
166.033380 166.024924 166.020473 166.019583 166.020473 166.024924 166.033380 
166.033380 166.024034 166.019583 166.018693 166.019583 166.024034 166.033380 
166.033380 166.023143 166.018248 166.017358 166.018248 166.023143 166.033380 
166.033825 166.022698 166.017358 166.016467 166.017358 166.022698 166.033825 
166.033825 166.021808 166.016022 166.015132 166.016022 166.021808 166.033825 
166.034270 166.020918 166.015132 166.014242 166.015132 166.020918 166.034270 
166.035160 166.020473 166.014242 166.012907 166.014242 166.020473 166.035160 
166.036495 166.020028 166.012907 166.012017 166.012907 166.020028 166.036495 
166.037831 166.020028 166.012017 166.010682 166.012017 166.020028 166.037831 
166.040056 166.020028 166.011127 166.009791 166.011127 166.020028 166.040056 
0.000000 166.020473 166.009791 166.008456 166.009791 166.020473 0.000000 
0.000000 166.021363 166.008901 166.007566 166.008901 166.021363 0.000000 
0.000000 166.022698 166.008456 166.006231 166.008456 166.022698 0.000000 
0.000000 166.025369 166.007566 166.005341 166.007566 166.025369 0.000000 
0.000000 166.028929 166.006676 166.004006 166.006676 166.028929 0.000000 
0.000000 166.035605 166.007121 166.003115 166.007121 166.035605 0.000000 
0.000000 0.000000 166.007566 166.001780 166.007566 0.000000 0.000000 
0.000000 0.000000 166.010682 166.000890 166.010682 0.000000 0.000000 
0.000000 0.000000 166.028484 166.000000 166.028484 0.000000 0.000000 
