test/output/constant/M4100_S060_A000_WD090.0_WS005.0/M4100_S060_A000_WD090.0_WS005.0_arrival.asc
ncols         35
nrows         7
xllcorner     423203.990666
yllcorner     12748455.311160
cellsize      100.000000
NODATA_value  0.000000
0.000000 0.000000 0.000000 0.000000 0.000000 166.041667 166.041000 166.040012 166.039024 166.038036 166.037048 166.036060 166.035566 166.034578 166.033590 166.032602 166.032108 166.031120 166.030626 166.030132 166.030132 166.030132 166.030626 166.031120 166.031614 166.032602 166.034084 166.036060 166.039024 0.000000 0.000000 0.000000 0.000000 0.000000 0.000000 
0.000000 0.000000 166.041494 166.040506 166.039024 166.038036 166.037048 166.035566 166.034578 166.033590 166.032108 166.031120 166.030132 166.029144 166.027662 166.026674 166.025686 166.024699 166.023711 166.022723 166.021735 166.020747 166.020253 166.019265 166.018771 166.018277 166.018277 166.018277 166.018771 166.019759 166.021735 166.025686 166.034578 0.000000 0.000000 
0.000000 166.040506 166.039518 166.038036 166.037048 166.036060 166.034578 166.033590 166.032108 166.031120 166.029638 166.028650 166.027168 166.026180 166.024699 166.023711 166.022723 166.021241 166.020253 166.018771 166.017783 166.016795 166.015313 166.014325 166.012843 166.011855 166.010373 166.009385 166.008398 166.007410 166.006422 166.006422 166.006422 166.007904 166.019265 
166.041494 166.040506 166.039024 166.038036 166.036554 166.035566 166.034084 166.033096 166.031614 166.030626 166.029144 166.028156 166.026674 166.025686 166.024205 166.023217 166.021735 166.020747 166.019265 166.018277 166.016795 166.015807 166.014325 166.013337 166.011855 166.010867 166.009385 166.008398 166.006916 166.005928 166.004446 166.003458 166.001976 166.000988 166.000000 
0.000000 166.040506 166.039518 166.038036 166.037048 166.036060 166.034578 166.033590 166.032108 166.031120 166.029638 166.028650 166.027168 166.026180 166.024699 166.023711 166.022723 166.021241 166.020253 166.018771 166.017783 166.016795 166.015313 166.014325 166.012843 166.011855 166.010373 166.009385 166.008398 166.007410 166.006422 166.006422 166.006422 166.007904 166.019265 
0.000000 0.000000 166.041494 166.040506 166.039024 166.038036 166.037048 166.035566 166.034578 166.033590 166.032108 166.031120 166.030132 166.029144 166.027662 166.026674 166.025686 166.024699 166.023711 166.022723 166.021735 166.020747 166.020253 166.019265 166.018771 166.018277 166.018277 166.018277 166.018771 166.019759 166.021735 166.025686 166.034578 0.000000 0.000000 
0.000000 0.000000 0.000000 0.000000 0.000000 166.041667 166.041000 166.040012 166.039024 166.038036 166.037048 166.036060 166.035566 166.034578 166.033590 166.032602 166.032108 166.031120 166.030626 166.030132 166.030132 166.030132 166.030626 166.031120 166.031614 166.032602 166.034084 166.036060 166.039024 0.000000 0.000000 0.000000 0.000000 0.000000 0.000000 
