test/output/constant/M4100_S060_A180_WD315.0_WS005.0/M4100_S060_A180_WD315.0_WS005.0_arrival.asc
ncols         33
nrows         8
xllcorner     426603.990666
yllcorner     12748255.311160
cellsize      100.000000
NODATA_value  0.000000
0.000000 0.000000 0.000000 166.037539 166.034411 166.032846 166.031282 166.031282 166.031282 166.031282 166.031804 166.032325 166.033368 166.034411 166.035453 166.035975 166.037017 166.038582 166.039624 166.040667 0.000000 0.000000 0.000000 0.000000 0.000000 0.000000 0.000000 0.000000 0.000000 0.000000 0.000000 0.000000 0.000000 
166.022419 166.012513 166.010949 166.010949 166.011470 166.011992 166.013034 166.014598 166.015641 166.017205 166.018769 166.020334 166.021898 166.023462 166.025026 166.026590 166.028154 166.029718 166.031282 166.032846 166.034411 166.035975 166.037539 166.039103 166.040667 0.000000 0.000000 0.000000 0.000000 0.000000 0.000000 0.000000 0.000000 
166.000000 166.001043 166.002085 166.003650 166.004692 166.006256 166.007299 166.008863 166.010427 166.011992 166.013034 166.014598 166.016163 166.017727 166.019291 166.020855 166.022419 166.023983 166.025547 166.027111 166.028675 166.030240 166.031804 166.033368 166.034932 166.036496 166.038060 166.039624 166.041188 0.000000 0.000000 0.000000 0.000000 
166.014598 166.004692 166.004171 166.004692 166.005214 166.006256 166.007299 166.008863 166.009906 166.011470 166.012513 166.014077 166.015120 166.016684 166.018248 166.019291 166.020855 166.021898 166.023462 166.024505 166.026069 166.027633 166.029197 166.030761 166.031804 166.033368 166.034932 166.036496 166.038060 166.039103 166.040667 0.000000 0.000000 
0.000000 166.038582 166.022940 166.016163 166.013556 166.011992 166.011992 166.011992 166.012513 166.013034 166.014077 166.014598 166.015641 166.016684 166.018248 166.019291 166.020855 166.021898 166.023462 166.024505 166.026069 166.027111 166.028675 166.029718 166.031282 166.032325 166.033889 166.034932 166.036496 166.038060 166.039103 166.040667 0.000000 
0.000000 0.000000 0.000000 0.000000 166.034932 166.028154 166.024505 166.021898 166.020334 166.019812 166.019812 166.019812 166.020334 166.020334 166.020855 166.021898 166.022419 166.023462 166.024505 166.025547 166.026590 166.027633 166.028675 166.030240 166.031282 166.032325 166.033889 166.034932 166.036496 166.037539 166.039103 166.040146 166.041667 
0.000000 0.000000 0.000000 0.000000 0.000000 0.000000 0.000000 166.040146 166.035975 166.032846 166.030761 166.029197 166.028154 166.027633 166.027633 166.027633 166.028154 166.028154 166.028675 166.029197 166.029718 166.030240 166.031282 166.032325 166.033368 166.034411 166.035453 166.035975 166.037539 166.038582 166.039624 166.040667 166.041667 
0.000000 0.000000 0.000000 0.000000 0.000000 0.000000 0.000000 0.000000 0.000000 0.000000 0.000000 0.000000 166.041188 166.039103 166.037539 166.036496 166.035453 166.035453 166.035453 166.035453 166.035975 166.035975 166.036496 166.036496 166.037017 166.037539 166.038582 166.039103 166.040146 166.041188 166.041667 0.000000 0.000000 
