test/output/constant/M3M475_S060_A090_WD000.0_WS020.0/M3M475_S060_A090_WD000.0_WS020.0_arrival.asc
ncols         7
nrows         50
xllcorner     426303.990666
yllcorner     12743855.311160
cellsize      100.000000
NODATA_value  0.000000
0.000000 0.000000 166.030184 166.000000 166.030184 0.000000 0.000000 
0.000000 0.000000 166.011870 166.000678 166.011870 0.000000 0.000000 
0.000000 0.000000 166.007461 166.001357 166.007461 0.000000 0.000000 
0.000000 166.038323 166.006444 166.002374 166.006444 166.038323 0.000000 
0.000000 166.031201 166.006105 166.003052 166.006105 166.031201 0.000000 
0.000000 166.025775 166.006105 166.004070 166.006105 166.025775 0.000000 
0.000000 166.022723 166.006783 166.004748 166.006783 166.022723 0.000000 
0.000000 166.021027 166.007461 166.005765 166.007461 166.021027 0.000000 
0.000000 166.019670 166.008139 166.006444 166.008139 166.019670 0.000000 
166.040697 166.018992 166.008818 166.007461 166.008818 166.018992 166.040697 
166.037984 166.018314 166.009496 166.008139 166.009496 166.018314 166.037984 
166.035949 166.018314 166.010174 166.009157 166.010174 166.018314 166.035949 
166.034254 166.017975 166.011192 166.009835 166.011192 166.017975 166.034254 
166.033236 166.017975 166.011870 166.010853 166.011870 166.017975 166.033236 
166.031880 166.018314 166.012887 166.011531 166.012887 166.018314 166.031880 
166.031540 166.018653 166.013566 166.012548 166.013566 166.018653 166.031540 
166.030862 166.019331 166.014244 166.013227 166.014244 166.019331 166.030862 
166.030523 166.020009 166.014922 166.014244 166.014922 166.020009 166.030523 
166.030184 166.020349 166.015940 166.014922 166.015940 166.020349 166.030184 
166.030184 166.021027 166.016618 166.015940 166.016618 166.021027 166.030184 
166.029845 166.021705 166.017296 166.016618 166.017296 166.021705 166.029845 
166.029845 166.022384 166.018314 166.017635 166.018314 166.022384 166.029845 
166.030184 166.022723 166.018992 166.018314 166.018992 166.022723 166.030184 
166.030184 166.023401 166.020009 166.019331 166.020009 166.023401 166.030184 
166.030862 166.024079 166.020688 166.020009 166.020688 166.024079 166.030862 
166.031201 166.024758 166.021705 166.021027 166.021705 166.024758 166.031201 
166.031880 166.025436 166.022384 166.021705 166.022384 166.025436 166.031880 
166.032558 166.026453 166.023401 166.022723 166.023401 166.026453 166.032558 
166.032897 166.027132 166.024079 166.023401 166.024079 166.027132 166.032897 
166.033575 166.027810 166.025097 166.024418 166.025097 166.027810 166.033575 
166.034254 166.028827 166.025775 166.025097 166.025775 166.028827 166.034254 
166.034593 166.029506 166.026792 166.026114 166.026792 166.029506 166.034593 
166.035271 166.030184 166.027471 166.026792 166.027471 166.030184 166.035271 
166.035949 166.030862 166.028488 166.027810 166.028488 166.030862 166.035949 
166.036628 166.031880 166.029166 166.028488 166.029166 166.031880 166.036628 
166.037306 166.032558 166.030184 166.029506 166.030184 166.032558 166.037306 
166.037645 166.033236 166.030862 166.030184 166.030862 166.033236 166.037645 
166.038323 166.033914 166.031880 166.031201 166.031880 166.033914 166.038323 
166.039002 166.034932 166.032558 166.031880 166.032558 166.034932 166.039002 
166.039680 166.035610 166.033575 166.032897 166.033575 166.035610 166.039680 
166.040358 166.036628 166.034254 166.033575 166.034254 166.036628 166.040358 
166.041036 166.037306 166.035271 166.034593 166.035271 166.037306 166.041036 
166.041667 166.037984 166.035949 166.035271 166.035949 166.037984 166.041667 
0.000000 166.039002 166.036967 166.036288 166.036967 166.039002 0.000000 
0.000000 166.039680 166.037645 166.036967 166.037645 166.039680 0.000000 
0.000000 166.040697 166.038662 166.037984 166.038662 166.040697 0.000000 
0.000000 166.041376 166.039341 166.038662 166.039341 166.041376 0.000000 
0.000000 0.000000 166.040358 166.039680 166.040358 0.000000 0.000000 
0.000000 0.000000 166.041036 166.040358 166.041036 0.000000 0.000000 
0.000000 0.000000 0.000000 166.041376 0.000000 0.000000 0.000000 
