test/output/constant/M280_S000_A000_WD180.0_WS045.0/M280_S000_A000_WD180.0_WS045.0_arrival.asc
ncols         7
nrows         30
xllcorner     426303.990666
yllcorner     12748755.311160
cellsize      100.000000
NODATA_value  0.000000
0.000000 0.000000 166.041547 166.040978 166.041547 0.000000 0.000000 
0.000000 0.000000 166.040409 166.039270 166.040409 0.000000 0.000000 
0.000000 0.000000 166.038701 166.038132 166.038701 0.000000 0.000000 
0.000000 166.040978 166.037563 166.036425 166.037563 166.040978 0.000000 
0.000000 166.039840 166.036425 166.035286 166.036425 166.039840 0.000000 
0.000000 166.038701 166.034717 166.033579 166.034717 166.038701 0.000000 
0.000000 166.036994 166.033579 166.032441 166.033579 166.036994 0.000000 
0.000000 166.035856 166.031872 166.030733 166.031872 166.035856 0.000000 
0.000000 166.034717 166.030733 166.029595 166.030733 166.034717 0.000000 
0.000000 166.033579 166.029026 166.027888 166.029026 166.033579 0.000000 
0.000000 166.032441 166.027888 166.026749 166.027888 166.032441 0.000000 
166.041547 166.031303 166.026180 166.025042 166.026180 166.031303 166.041547 
166.041547 166.030733 166.025042 166.023904 166.025042 166.030733 166.041547 
166.041547 166.029595 166.023335 166.022196 166.023335 166.029595 166.041547 
166.041547 166.028457 166.022196 166.021058 166.022196 166.028457 166.041547 
0.000000 166.027319 166.021058 166.019351 166.021058 166.027319 0.000000 
0.000000 166.026749 166.019351 166.018212 166.019351 166.026749 0.000000 
0.000000 166.025611 166.018212 166.016505 166.018212 166.025611 0.000000 
0.000000 166.025042 166.016505 166.015367 166.016505 166.025042 0.000000 
0.000000 166.025042 166.015367 166.013659 166.015367 166.025042 0.000000 
0.000000 166.025042 166.014228 166.012521 166.014228 166.025042 0.000000 
0.000000 166.025611 166.012521 166.010814 166.012521 166.025611 0.000000 
0.000000 166.026180 166.011383 166.009675 166.011383 166.026180 0.000000 
0.000000 166.027319 166.010244 166.007968 166.010244 166.027319 0.000000 
0.000000 166.030733 166.009675 166.006830 166.009675 166.030733 0.000000 
0.000000 166.034148 166.008537 166.005122 166.008537 166.034148 0.000000 
0.000000 166.041547 166.008537 166.003984 166.008537 166.041547 0.000000 
0.000000 0.000000 166.009106 166.002277 166.009106 0.000000 0.000000 
0.000000 0.000000 166.013090 166.001138 166.013090 0.000000 0.000000 
0.000000 0.000000 166.032441 166.000000 166.032441 0.000000 0.000000 
