test/output/constant/M480_S060_A000_WD090.0_WS045.0/M480_S060_A000_WD090.0_WS045.0_arrival.asc
ncols         41
nrows         5
xllcorner     422603.990666
yllcorner     12748555.311160
cellsize      100.000000
NODATA_value  0.000000
0.000000 0.000000 0.000000 0.000000 0.000000 166.041226 166.039976 166.039143 166.038311 166.037478 166.036228 166.035396 166.034563 166.034146 166.033314 166.032481 166.031648 166.030815 166.030399 166.029566 166.028733 166.028317 166.027484 166.026651 166.026234 166.026234 166.026234 166.026651 166.026651 166.027484 166.028317 166.029566 166.032064 166.034563 166.038727 0.000000 0.000000 0.000000 0.000000 0.000000 0.000000 
0.000000 166.041226 166.040393 166.039143 166.038311 166.037478 166.036228 166.035396 166.034146 166.033314 166.032064 166.031231 166.029982 166.029149 166.028317 166.027067 166.026234 166.024985 166.024152 166.022903 166.022070 166.021237 166.019988 166.019155 166.017906 166.017073 166.015824 166.014991 166.014158 166.012909 166.012076 166.011243 166.010410 166.009994 166.009161 166.008745 166.009161 166.009994 166.012909 166.022070 0.000000 
166.041226 166.040393 166.039143 166.038311 166.037061 166.036228 166.034979 166.034146 166.032897 166.032064 166.030815 166.029982 166.028733 166.027900 166.026651 166.025818 166.024569 166.023736 166.022487 166.021654 166.020405 166.019572 166.018322 166.017490 166.016240 166.015408 166.014158 166.013325 166.012076 166.011243 166.009994 166.009161 166.007912 166.007079 166.005830 166.004997 166.003748 166.002915 166.001666 166.000833 166.000000 
0.000000 166.041226 166.040393 166.039143 166.038311 166.037478 166.036228 166.035396 166.034146 166.033314 166.032064 166.031231 166.029982 166.029149 166.028317 166.027067 166.026234 166.024985 166.024152 166.022903 166.022070 166.021237 166.019988 166.019155 166.017906 166.017073 166.015824 166.014991 166.014158 166.012909 166.012076 166.011243 166.010410 166.009994 166.009161 166.008745 166.009161 166.009994 166.012909 166.022070 0.000000 
0.000000 0.000000 0.000000 0.000000 0.000000 166.041226 166.039976 166.039143 166.038311 166.037478 166.036228 166.035396 166.034563 166.034146 166.033314 166.032481 166.031648 166.030815 166.030399 166.029566 166.028733 166.028317 166.027484 166.026651 166.026234 166.026234 166.026234 166.026651 166.026651 166.027484 166.028317 166.029566 166.032064 166.034563 166.038727 0.000000 0.000000 0.000000 0.000000 0.000000 0.000000 
