test/output/constant/M290_S000_A180_WD000.0_WS045.0/M290_S000_A180_WD000.0_WS045.0_arrival.asc
ncols         7
nrows         34
xllcorner     426303.990666
yllcorner     12745455.311160
cellsize      100.000000
NODATA_value  0.000000
0.000000 0.000000 166.028501 166.000000 166.028501 0.000000 0.000000 
0.000000 0.000000 166.011706 166.001018 166.011706 0.000000 0.000000 
0.000000 0.000000 166.008143 166.002036 166.008143 0.000000 0.000000 
0.000000 166.037153 166.007634 166.003563 166.007634 166.037153 0.000000 
0.000000 166.030537 166.007634 166.004581 166.007634 166.030537 0.000000 
0.000000 166.026974 166.008652 166.006107 166.008652 166.026974 0.000000 
0.000000 166.024938 166.009161 166.007125 166.009161 166.024938 0.000000 
0.000000 166.023412 166.010179 166.008652 166.010179 166.023412 0.000000 
0.000000 166.022903 166.011197 166.009670 166.011197 166.022903 0.000000 
0.000000 166.022394 166.012724 166.011197 166.012724 166.022394 0.000000 
166.041225 166.022394 166.013742 166.012215 166.013742 166.022394 166.041225 
166.040207 166.022394 166.014759 166.013742 166.014759 166.022394 166.040207 
166.038680 166.022903 166.016286 166.014759 166.016286 166.022903 166.038680 
166.038171 166.023921 166.017304 166.016286 166.017304 166.023921 166.038171 
166.037662 166.024430 166.018831 166.017304 166.018831 166.024430 166.037662 
166.037153 166.025447 166.019849 166.018831 166.019849 166.025447 166.037153 
166.037153 166.026465 166.020867 166.019849 166.020867 166.026465 166.037153 
166.037153 166.027483 166.022394 166.021376 166.022394 166.027483 166.037153 
166.037153 166.027992 166.023412 166.022394 166.023412 166.027992 166.037153 
166.037662 166.029010 166.024938 166.023921 166.024938 166.029010 166.037662 
166.038171 166.030028 166.025956 166.024938 166.025956 166.030028 166.038171 
166.039189 166.031046 166.027483 166.026465 166.027483 166.031046 166.039189 
166.039698 166.032064 166.028501 166.027483 166.028501 166.032064 166.039698 
166.040716 166.033082 166.030028 166.029010 166.030028 166.033082 166.040716 
166.041667 166.034608 166.031046 166.030028 166.031046 166.034608 166.041667 
0.000000 166.035626 166.032573 166.031555 166.032573 166.035626 0.000000 
0.000000 166.036644 166.033591 166.032573 166.033591 166.036644 0.000000 
0.000000 166.038171 166.034608 166.034100 166.034608 166.038171 0.000000 
0.000000 166.039189 166.036135 166.035117 166.036135 166.039189 0.000000 
0.000000 166.040207 166.037153 166.036644 166.037153 166.040207 0.000000 
0.000000 166.041225 166.038680 166.037662 166.038680 166.041225 0.000000 
0.000000 0.000000 166.039698 166.039189 166.039698 0.000000 0.000000 
0.000000 0.000000 166.041225 166.040207 166.041225 0.000000 0.000000 
0.000000 0.000000 0.000000 166.041667 0.000000 0.000000 0.000000 
