test/output/constant/M360_S060_A090_WD135.0_WS005.0/M360_S060_A090_WD135.0_WS005.0_ros.asc
ncols         8
nrows         31
xllcorner     426103.990666
yllcorner     12745855.311160
cellsize      100.000000
NODATA_value  0.000000
0.000000 0.000000 0.000000 0.000000 0.000000 1.164435 0.000000 0.000000 
0.000000 0.000000 0.000000 0.000000 1.164435 -1.000000 0.982390 0.000000 
0.000000 0.000000 0.000000 1.438379 37.174755 49.085949 29.892569 0.000000 
0.000000 0.000000 0.000000 1.008217 40.556477 49.085949 29.892569 1.142622 
0.000000 0.000000 1.164435 33.438438 48.980919 49.085949 13.945708 33.852970 
0.000000 0.000000 1.164435 33.438438 49.085949 49.085949 25.797659 29.892569 
0.000000 0.000000 1.438379 47.617920 49.085949 29.892569 29.892569 29.892569 
0.000000 3.238035 2.082228 45.858685 49.085949 33.852970 25.797659 25.797659 
0.000000 33.438438 3.238035 49.085949 49.085949 46.081512 37.558670 17.701540 
0.000000 33.438438 33.438438 49.085949 49.085949 43.767170 40.897182 17.701540 
0.000000 37.174755 49.085949 49.085949 49.085949 37.558670 40.897182 17.701540 
0.000000 37.174755 47.617920 40.556477 49.085949 25.797659 40.897182 13.945708 
37.174755 33.438438 49.085949 49.085949 49.085949 46.081512 40.897182 17.701540 
1.701710 49.085949 43.480762 49.085949 37.558670 37.558670 40.897182 17.701540 
2.082228 49.085949 48.980919 49.085949 37.558670 37.558670 40.897182 21.692486 
37.174755 48.980919 49.085949 49.085949 48.781322 37.558670 40.897182 29.892569 
3.238035 49.085949 48.980919 49.085949 33.852970 40.897182 40.897182 25.797659 
49.085949 40.556477 49.085949 49.085949 40.897182 40.897182 40.897182 25.797659 
49.085949 48.980919 49.085949 49.085949 46.081512 40.897182 43.767170 37.558670 
48.980919 47.617920 49.085949 49.085949 43.767170 40.897182 40.897182 29.892569 
40.556477 48.704937 49.085949 49.085949 37.558670 40.897182 37.558670 0.000000 
45.858685 48.704937 49.085949 47.769974 29.892569 37.558670 40.897182 0.000000 
49.085949 49.085949 49.085949 49.019260 40.897182 37.558670 40.897182 0.000000 
49.085949 47.617920 49.085949 49.085949 37.558670 37.558670 40.897182 0.000000 
49.085949 49.085949 49.085949 49.085949 21.692486 40.897182 43.767170 0.000000 
47.617920 49.085949 49.085949 43.767170 47.769974 37.558670 0.000000 0.000000 
48.704937 49.085949 49.085949 33.852970 37.558670 37.558670 0.000000 0.000000 
49.085949 49.085949 49.085949 49.085949 46.081512 40.897182 0.000000 0.000000 
45.858685 43.480762 49.085949 37.558670 40.897182 0.000000 0.000000 0.000000 
0.000000 47.617920 49.085949 37.558670 40.897182 0.000000 0.000000 0.000000 
0.000000 49.085949 40.897182 40.897182 0.000000 0.000000 0.000000 0.000000 
