test/output/constant/M480_S060_A090_WD000.0_WS050.0/M480_S060_A090_WD000.0_WS050.0_arrival.asc
ncols         5
nrows         41
xllcorner     426403.990666
yllcorner     12744755.311160
cellsize      100.000000
NODATA_value  0.000000
0.000000 0.000000 166.000000 0.000000 0.000000 
0.000000 166.023248 166.000830 166.023248 0.000000 
0.000000 166.013284 166.001661 166.013284 0.000000 
0.000000 166.010378 166.002906 166.010378 0.000000 
0.000000 166.009548 166.003736 166.009548 0.000000 
0.000000 166.009133 166.004982 166.009133 0.000000 
166.040683 166.009133 166.005812 166.009133 166.040683 
166.036532 166.009963 166.007057 166.009963 166.036532 
166.033626 166.010794 166.007888 166.010794 166.033626 
166.031135 166.011209 166.009133 166.011209 166.031135 
166.029475 166.012039 166.009963 166.012039 166.029475 
166.028644 166.012869 166.011209 166.012869 166.028644 
166.027814 166.014115 166.012039 166.014115 166.027814 
166.027399 166.014945 166.013284 166.014945 166.027399 
166.026984 166.016190 166.014115 166.016190 166.026984 
166.026984 166.017021 166.015360 166.017021 166.026984 
166.026984 166.018266 166.016190 166.018266 166.026984 
166.027399 166.019096 166.017436 166.019096 166.027399 
166.027814 166.019927 166.018266 166.019927 166.027814 
166.028644 166.021172 166.019511 166.021172 166.028644 
166.029475 166.022002 166.020342 166.022002 166.029475 
166.029890 166.023248 166.021587 166.023248 166.029890 
166.030720 166.024078 166.022417 166.024078 166.030720 
166.031550 166.024908 166.023663 166.024908 166.031550 
166.031966 166.026154 166.024493 166.026154 166.031966 
166.032796 166.026984 166.025739 166.026984 166.032796 
166.033626 166.028229 166.026569 166.028229 166.033626 
166.034456 166.029060 166.027814 166.029060 166.034456 
166.034872 166.030305 166.028644 166.030305 166.034872 
166.035702 166.031135 166.029890 166.031135 166.035702 
166.036532 166.032381 166.030720 166.032381 166.036532 
166.037778 166.033211 166.031966 166.033211 166.037778 
166.038608 166.034456 166.032796 166.034456 166.038608 
166.039438 166.035287 166.034041 166.035287 166.039438 
166.040268 166.036117 166.034872 166.036117 166.040268 
166.041514 166.037362 166.036117 166.037362 166.041514 
0.000000 166.038193 166.036947 166.038193 0.000000 
0.000000 166.039438 166.038193 166.039438 0.000000 
0.000000 166.040268 166.039023 166.040268 0.000000 
0.000000 166.041514 166.040268 166.041514 0.000000 
0.000000 0.000000 166.041099 0.000000 0.000000 
