test/output/constant/S1_S060_A270_WD135.0_WS015.0/S1_S060_A270_WD135.0_WS015.0_arrival.asc
ncols         10
nrows         31
xllcorner     425803.990666
yllcorner     12748755.311160
cellsize      100.000000
NODATA_value  0.000000
0.000000 166.040839 166.040839 0.000000 0.000000 0.000000 0.000000 0.000000 0.000000 0.000000 
166.040839 166.039778 166.039778 166.041369 0.000000 0.000000 0.000000 0.000000 0.000000 0.000000 
166.040839 166.038187 166.038187 166.039248 0.000000 0.000000 0.000000 0.000000 0.000000 0.000000 
166.040308 166.037126 166.036596 166.037657 166.040839 0.000000 0.000000 0.000000 0.000000 0.000000 
166.040308 166.036596 166.035535 166.035535 166.038717 0.000000 0.000000 0.000000 0.000000 0.000000 
166.040308 166.035535 166.033944 166.033944 166.036596 166.041667 0.000000 0.000000 0.000000 0.000000 
166.040308 166.035005 166.032883 166.032883 166.034474 166.039248 0.000000 0.000000 0.000000 0.000000 
166.040839 166.035005 166.031292 166.031292 166.032353 166.036596 0.000000 0.000000 0.000000 0.000000 
0.000000 166.035005 166.030762 166.029701 166.030231 166.033944 166.041667 0.000000 0.000000 0.000000 
0.000000 166.035005 166.029701 166.028640 166.028640 166.031822 166.038717 0.000000 0.000000 0.000000 
0.000000 166.035535 166.029701 166.027049 166.027049 166.029171 166.035535 0.000000 0.000000 0.000000 
0.000000 166.036596 166.029701 166.025988 166.025988 166.027049 166.032883 0.000000 0.000000 0.000000 
0.000000 166.037657 166.029701 166.024928 166.024397 166.024928 166.029701 166.039778 0.000000 0.000000 
0.000000 166.039248 166.029701 166.024397 166.022806 166.023336 166.027049 166.036065 0.000000 0.000000 
0.000000 166.041369 166.030762 166.024397 166.021745 166.021745 166.024928 166.033414 0.000000 0.000000 
0.000000 0.000000 166.031822 166.024397 166.020154 166.020154 166.022276 166.030231 0.000000 0.000000 
0.000000 0.000000 166.033944 166.024397 166.019624 166.019093 166.020154 166.027049 166.040308 0.000000 
0.000000 0.000000 166.036596 166.025458 166.019093 166.017502 166.018033 166.023867 166.036596 0.000000 
0.000000 0.000000 166.040839 166.026519 166.019093 166.015911 166.016442 166.021215 166.032883 0.000000 
0.000000 0.000000 0.000000 166.028640 166.019093 166.014850 166.014850 166.018033 166.029701 0.000000 
0.000000 0.000000 0.000000 166.032353 166.019624 166.013790 166.013259 166.015381 166.025988 0.000000 
0.000000 0.000000 0.000000 166.037657 166.021215 166.013790 166.012199 166.013259 166.022276 0.000000 
0.000000 0.000000 0.000000 0.000000 166.023867 166.013790 166.010607 166.011138 166.019093 0.000000 
0.000000 0.000000 0.000000 0.000000 166.029171 166.014320 166.009016 166.009016 166.015911 0.000000 
0.000000 0.000000 0.000000 0.000000 166.037657 166.015911 166.008486 166.007956 166.012199 0.000000 
0.000000 0.000000 0.000000 0.000000 0.000000 166.020154 166.008486 166.006364 166.009016 166.040839 
0.000000 0.000000 0.000000 0.000000 0.000000 166.028640 166.008486 166.005304 166.006364 166.038717 
0.000000 0.000000 0.000000 0.000000 0.000000 0.000000 166.011138 166.003713 166.003713 166.037657 
0.000000 0.000000 0.000000 0.000000 0.000000 0.000000 166.020154 166.003182 166.002121 166.036596 
0.000000 0.000000 0.000000 0.000000 0.000000 0.000000 166.041667 166.003182 166.001061 166.039778 
0.000000 0.000000 0.000000 0.000000 0.000000 0.000000 0.000000 166.016442 166.000000 0.000000 
