test/output/constant/M3M475_S060_A180_WD045.0_WS040.0/M3M475_S060_A180_WD045.0_WS040.0_ros.asc
ncols         11
nrows         27
xllcorner     426503.990666
yllcorner     12746255.311160
cellsize      100.000000
NODATA_value  0.000000
1.342592 1.257483 2.534286 0.000000 0.000000 0.000000 0.000000 0.000000 0.000000 0.000000 0.000000 
1.342592 -1.000000 28.856270 1.719172 0.000000 0.000000 0.000000 0.000000 0.000000 0.000000 0.000000 
8.535202 43.407501 39.996235 2.534286 2.534286 0.000000 0.000000 0.000000 0.000000 0.000000 0.000000 
8.535202 43.407501 43.407501 2.189485 25.405752 1.719172 0.000000 0.000000 0.000000 0.000000 0.000000 
14.221048 42.589241 43.407501 43.407501 35.144371 1.719172 0.000000 0.000000 0.000000 0.000000 0.000000 
8.535202 39.470737 43.407501 43.407501 37.791363 2.351275 2.351275 0.000000 0.000000 0.000000 0.000000 
6.295978 31.302893 43.407501 43.407501 43.407501 1.719172 35.144371 0.000000 0.000000 0.000000 0.000000 
20.963417 14.221048 43.407501 43.407501 37.791363 35.144371 2.189485 32.135593 0.000000 0.000000 0.000000 
11.201139 24.485102 43.407501 43.407501 43.407501 35.144371 37.791363 35.144371 0.000000 0.000000 0.000000 
14.221048 11.201139 43.407501 43.407501 43.407501 35.144371 35.144371 35.144371 0.000000 0.000000 0.000000 
0.000000 14.221048 37.143379 43.407501 41.692047 41.692047 35.144371 2.534286 35.144371 0.000000 0.000000 
0.000000 24.485102 34.392994 43.407501 43.407501 43.407501 42.827286 35.144371 35.144371 0.000000 0.000000 
0.000000 24.485102 34.392994 43.407501 43.407501 41.692047 43.407501 43.407501 37.791363 0.000000 0.000000 
0.000000 8.535202 37.143379 42.589241 43.407501 43.407501 43.407501 37.791363 43.407501 35.144371 0.000000 
0.000000 14.221048 31.302893 8.535202 43.407501 43.407501 42.827286 41.692047 43.407501 35.144371 0.000000 
0.000000 0.000000 14.221048 42.589241 43.407501 43.407501 43.407501 41.692047 43.407501 43.367439 0.000000 
0.000000 0.000000 34.392994 11.201139 43.407501 43.407501 43.407501 41.692047 9.221865 35.144371 37.791363 
0.000000 0.000000 27.966631 31.302893 41.304550 43.407501 43.407501 43.367439 41.692047 43.407501 35.144371 
0.000000 0.000000 0.000000 31.302893 43.407501 43.407501 43.407501 43.407501 43.407501 43.407501 43.407501 
0.000000 0.000000 0.000000 41.304550 43.407501 43.407501 43.407501 43.407501 41.692047 43.407501 42.827286 
0.000000 0.000000 0.000000 0.000000 14.221048 43.407501 43.407501 43.407501 42.827286 21.888401 43.407501 
0.000000 0.000000 0.000000 0.000000 37.143379 43.407501 39.470737 43.407501 43.407501 43.407501 37.791363 
0.000000 0.000000 0.000000 0.000000 0.000000 43.407501 43.407501 43.407501 43.407501 43.407501 43.367439 
0.000000 0.000000 0.000000 0.000000 0.000000 37.143379 14.221048 43.407501 43.407501 43.407501 42.827286 
0.000000 0.000000 0.000000 0.000000 0.000000 0.000000 39.470737 34.392994 43.407501 43.407501 43.407501 
0.000000 0.000000 0.000000 0.000000 0.000000 0.000000 0.000000 43.407501 43.407501 43.407501 43.407501 
0.000000 0.000000 0.000000 0.000000 0.000000 0.000000 0.000000 0.000000 43.407501 43.407501 0.000000 
