test/output/constant/M485_S060_A000_WD000.0_WS010.0/M485_S060_A000_WD000.0_WS010.0_arrival.asc
ncols         23
nrows         10
xllcorner     424403.990666
yllcorner     12747955.311160
cellsize      100.000000
NODATA_value  0.000000
0.000000 0.000000 0.000000 0.000000 0.000000 0.000000 0.000000 0.000000 0.000000 0.000000 0.000000 0.000000 0.000000 0.000000 0.000000 0.000000 0.000000 166.039534 166.035373 166.031905 166.029824 166.029131 166.036066 
0.000000 0.000000 0.000000 0.000000 0.000000 0.000000 0.000000 0.000000 0.000000 0.000000 0.000000 166.040228 166.035373 166.031211 166.026356 166.022195 166.018033 166.013872 166.009710 166.005549 166.003468 166.001387 166.000000 
0.000000 0.000000 0.000000 0.000000 0.000000 0.000000 0.000000 0.000000 166.040228 166.036066 166.031905 166.027743 166.024275 166.020114 166.016646 166.013872 166.011097 166.009017 166.006936 166.004855 166.003468 166.002774 166.007629 
0.000000 0.000000 0.000000 0.000000 0.000000 0.000000 166.038147 166.034679 166.031211 166.027743 166.024275 166.021501 166.018727 166.016646 166.014565 166.012485 166.010404 166.009017 166.008323 166.008323 166.010404 166.022195 0.000000 
0.000000 0.000000 0.000000 166.041667 166.038841 166.035373 166.031905 166.029131 166.026356 166.023582 166.021501 166.020114 166.018033 166.015952 166.014565 166.013178 166.013178 166.013872 166.015952 166.022195 166.035373 0.000000 0.000000 
0.000000 0.000000 166.040228 166.036760 166.033986 166.031905 166.029131 166.027050 166.025663 166.023582 166.021501 166.020114 166.019420 166.018727 166.018727 166.019420 166.021501 166.026356 166.034679 0.000000 0.000000 0.000000 0.000000 
166.041615 166.039534 166.036760 166.034679 166.032599 166.031211 166.029131 166.027050 166.025663 166.024969 166.023582 166.023582 166.024275 166.024969 166.027050 166.031211 166.037454 0.000000 0.000000 0.000000 0.000000 0.000000 0.000000 
166.040228 166.038147 166.036760 166.034679 166.032599 166.031211 166.029824 166.029131 166.029131 166.029131 166.029824 166.030518 166.032599 166.036066 166.041615 0.000000 0.000000 0.000000 0.000000 0.000000 0.000000 0.000000 0.000000 
166.040228 166.038147 166.036760 166.035373 166.034679 166.033986 166.033986 166.034679 166.035373 166.036066 166.038147 166.041615 0.000000 0.000000 0.000000 0.000000 0.000000 0.000000 0.000000 0.000000 0.000000 0.000000 0.000000 
166.041615 166.040228 166.039534 166.039534 166.039534 166.040228 166.040228 166.041667 0.000000 0.000000 0.000000 0.000000 0.000000 0.000000 0.000000 0.000000 0.000000 0.000000 0.000000 0.000000 0.000000 0.000000 0.000000 
