test/output/constant/M3M400_S000_A000_WD270.0_WS030.0/M3M400_S000_A000_WD270.0_WS030.0_arrival.asc
ncols         44
nrows         11
xllcorner     426503.990666
yllcorner     12748255.311160
cellsize      100.000000
NODATA_value  0.000000
0.000000 0.000000 0.000000 0.000000 0.000000 0.000000 0.000000 0.000000 0.000000 0.000000 166.041464 166.039470 166.038274 166.037477 166.036281 166.035882 166.035483 166.035085 166.035085 166.034686 166.035085 166.035085 166.035085 166.035085 166.035483 166.036281 166.036680 166.037078 166.037876 166.038673 166.039072 166.039869 166.040666 166.041464 0.000000 0.000000 0.000000 0.000000 0.000000 0.000000 0.000000 0.000000 0.000000 0.000000 
0.000000 0.000000 0.000000 0.000000 0.000000 166.041464 166.037876 166.034686 166.032294 166.030301 166.029104 166.028307 166.027908 166.027510 166.027510 166.027111 166.027111 166.027111 166.027510 166.027908 166.028307 166.028706 166.029503 166.029902 166.030699 166.031497 166.032294 166.033091 166.033889 166.034287 166.035085 166.035882 166.036680 166.037477 166.038274 166.039072 166.039869 166.040666 166.041667 0.000000 0.000000 0.000000 0.000000 0.000000 
0.000000 0.000000 166.041065 166.033889 166.028706 166.025516 166.022725 166.021529 166.020333 166.019935 166.019536 166.019536 166.019536 166.019536 166.019935 166.020333 166.021131 166.021529 166.022327 166.023124 166.023921 166.024719 166.025118 166.026314 166.026712 166.027510 166.028307 166.029503 166.030301 166.031098 166.031895 166.033091 166.033889 166.034686 166.035882 166.036680 166.037477 166.038673 166.039470 166.040268 166.041464 0.000000 0.000000 0.000000 
0.000000 166.028307 166.020732 166.016346 166.013555 166.012359 166.011961 166.011961 166.011961 166.011961 166.012758 166.013157 166.013954 166.014752 166.015549 166.016346 166.017144 166.017941 166.018738 166.019536 166.020732 166.021529 166.022327 166.023523 166.024320 166.025118 166.026314 166.027111 166.028307 166.029104 166.029902 166.031098 166.031895 166.033091 166.033889 166.034686 166.035882 166.036680 166.037876 166.038673 166.039869 166.040666 166.041464 0.000000 
166.024320 166.007176 166.004386 166.003987 166.003987 166.004784 166.005582 166.006379 166.007176 166.008373 166.009170 166.010366 166.011163 166.012359 166.013157 166.013954 166.015150 166.015948 166.017144 166.017941 166.019137 166.019935 166.020732 166.021928 166.022725 166.023921 166.024719 166.025915 166.026712 166.027908 166.028706 166.029902 166.030699 166.031895 166.032693 166.033889 166.034686 166.035882 166.036680 166.037876 166.038673 166.039869 166.040666 166.041667 
166.017941 166.000000 166.000797 166.001595 166.002791 166.003588 166.004784 166.005582 166.006778 166.007575 166.008771 166.009569 166.010765 166.011562 166.012758 166.013555 166.014752 166.015549 166.016745 166.017542 166.018738 166.019536 166.020732 166.021529 166.022725 166.023523 166.024719 166.025516 166.026712 166.027510 166.028706 166.029503 166.030699 166.031497 166.032693 166.033490 166.034686 166.035483 166.036680 166.037477 166.038673 166.039470 166.040666 166.041464 
166.024320 166.007176 166.004386 166.003987 166.003987 166.004784 166.005582 166.006379 166.007176 166.008373 166.009170 166.010366 166.011163 166.012359 166.013157 166.013954 166.015150 166.015948 166.017144 166.017941 166.019137 166.019935 166.020732 166.021928 166.022725 166.023921 166.024719 166.025915 166.026712 166.027908 166.028706 166.029902 166.030699 166.031895 166.032693 166.033889 166.034686 166.035882 166.036680 166.037876 166.038673 166.039869 166.040666 166.041667 
0.000000 166.028307 166.020732 166.016346 166.013555 166.012359 166.011961 166.011961 166.011961 166.011961 166.012758 166.013157 166.013954 166.014752 166.015549 166.016346 166.017144 166.017941 166.018738 166.019536 166.020732 166.021529 166.022327 166.023523 166.024320 166.025118 166.026314 166.027111 166.028307 166.029104 166.029902 166.031098 166.031895 166.033091 166.033889 166.034686 166.035882 166.036680 166.037876 166.038673 166.039869 166.040666 166.041464 0.000000 
0.000000 0.000000 166.041065 166.033889 166.028706 166.025516 166.022725 166.021529 166.020333 166.019935 166.019536 166.019536 166.019536 166.019536 166.019935 166.020333 166.021131 166.021529 166.022327 166.023124 166.023921 166.024719 166.025118 166.026314 166.026712 166.027510 166.028307 166.029503 166.030301 166.031098 166.031895 166.033091 166.033889 166.034686 166.035882 166.036680 166.037477 166.038673 166.039470 166.040268 166.041464 0.000000 0.000000 0.000000 
0.000000 0.000000 0.000000 0.000000 0.000000 166.041464 166.037876 166.034686 166.032294 166.030301 166.029104 166.028307 166.027908 166.027510 166.027510 166.027111 166.027111 166.027111 166.027510 166.027908 166.028307 166.028706 166.029503 166.029902 166.030699 166.031497 166.032294 166.033091 166.033889 166.034287 166.035085 166.035882 166.036680 166.037477 166.038274 166.039072 166.039869 166.040666 166.041667 0.000000 0.000000 0.000000 0.000000 0.000000 
0.000000 0.000000 0.000000 0.000000 0.000000 0.000000 0.000000 0.000000 0.000000 0.000000 166.041464 166.039470 166.038274 166.037477 166.036281 166.035882 166.035483 166.035085 166.035085 166.034686 166.035085 166.035085 166.035085 166.035085 166.035483 166.036281 166.036680 166.037078 166.037876 166.038673 166.039072 166.039869 166.040666 166.041464 0.000000 0.000000 0.000000 0.000000 0.000000 0.000000 0.000000 0.000000 0.000000 0.000000 
