test/output/constant/M3100_S060_A270_WD045.0_WS045.0/M3100_S060_A270_WD045.0_WS045.0_raz.asc
ncols         41
nrows         16
xllcorner     422703.990666
yllcorner     12748555.311160
cellsize      100.000000
NODATA_value  0.000000
0 0 0 287 285 292 292 286 290 292 285 0 0 0 0 0 0 0 0 0 0 0 0 0 0 0 0 0 0 0 0 0 0 0 0 0 0 0 0 0 0 
285 285 290 289 285 288 287 293 289 286 292 338 292 292 292 293 338 0 0 0 0 0 0 0 0 0 0 0 0 0 0 0 0 0 0 0 0 0 0 0 0 
288 285 285 285 285 290 285 285 289 290 286 293 293 293 355 292 292 293 355 292 292 0 0 0 0 0 0 0 0 0 0 0 0 0 0 0 0 0 0 0 0 
285 285 285 285 285 285 288 285 285 285 285 285 290 286 292 292 292 292 292 292 15 293 338 15 0 0 0 0 0 0 0 0 0 0 0 0 0 0 0 0 0 
0 285 285 285 285 282 285 285 285 285 285 285 285 288 286 285 292 290 290 292 292 292 293 355 355 327 293 0 0 0 0 0 0 0 0 0 0 0 0 0 0 
0 0 285 267 274 285 270 279 285 285 285 285 285 287 285 285 285 286 292 318 289 338 292 292 292 355 292 5 15 355 0 0 0 0 0 0 0 0 0 0 0 
0 0 0 270 267 279 285 270 270 270 280 285 283 285 285 285 290 285 285 285 285 288 285 293 292 292 293 293 292 5 355 295 0 0 0 0 0 0 0 0 0 
0 0 0 0 0 270 270 279 270 279 270 270 270 270 280 285 285 285 285 285 285 285 285 285 288 292 292 292 338 292 15 293 36 5 0 0 0 0 0 0 0 
0 0 0 0 0 0 278 272 274 270 270 276 270 278 270 283 283 272 285 283 285 285 285 286 290 287 285 292 292 292 338 338 293 295 5 5 0 0 0 0 0 
0 0 0 0 0 0 0 0 0 272 276 270 276 270 270 270 274 285 270 270 285 280 285 285 285 285 285 289 285 285 318 292 292 355 338 355 355 5 0 0 0 
0 0 0 0 0 0 0 0 0 0 0 270 272 272 270 272 270 270 270 272 279 278 270 280 280 283 285 285 285 285 289 286 293 290 292 338 355 5 5 0 0 
0 0 0 0 0 0 0 0 0 0 0 0 0 274 270 270 270 270 270 270 272 270 270 270 270 270 270 274 267 280 285 285 285 285 288 288 292 293 36 5 0 
0 0 0 0 0 0 0 0 0 0 0 0 0 0 0 0 0 270 270 270 270 270 270 270 270 270 270 270 276 270 276 274 270 285 285 285 285 289 290 15 36 
0 0 0 0 0 0 0 0 0 0 0 0 0 0 0 0 0 0 0 0 270 270 270 270 270 270 270 270 270 270 270 270 270 270 270 270 270 285 285 254 15 
0 0 0 0 0 0 0 0 0 0 0 0 0 0 0 0 0 0 0 0 0 0 0 0 0 270 270 270 270 267 267 270 270 267 270 270 270 252 263 175 83 
0 0 0 0 0 0 0 0 0 0 0 0 0 0 0 0 0 0 0 0 0 0 0 0 0 0 0 0 0 0 0 0 0 267 259 252 263 252 128 0 0 
