test/output/constant/M495_S060_A000_WD090.0_WS015.0/M495_S060_A000_WD090.0_WS015.0_arrival.asc
ncols         43
nrows         7
xllcorner     422403.990666
yllcorner     12748455.311160
cellsize      100.000000
NODATA_value  0.000000
0.000000 0.000000 0.000000 0.000000 0.000000 0.000000 166.041667 166.040977 166.040181 166.039386 166.038590 166.037794 166.037396 166.036601 166.035805 166.035009 166.034612 166.033816 166.033020 166.032225 166.031827 166.031031 166.030633 166.030235 166.030235 166.030235 166.030235 166.030235 166.030633 166.031031 166.031827 166.032622 166.034214 166.036601 166.038988 0.000000 0.000000 0.000000 0.000000 0.000000 0.000000 0.000000 0.000000 
0.000000 0.000000 166.041667 166.040977 166.039783 166.038988 166.038192 166.036999 166.036203 166.035407 166.034612 166.033418 166.032622 166.031827 166.031031 166.029838 166.029042 166.027848 166.027053 166.026257 166.025461 166.024666 166.023870 166.023074 166.022279 166.021483 166.021085 166.020290 166.019494 166.019096 166.018300 166.018300 166.018300 166.018300 166.018698 166.019096 166.020687 166.022677 166.026257 166.032225 0.000000 0.000000 0.000000 
0.000000 166.040977 166.040181 166.038988 166.038192 166.036999 166.036203 166.035009 166.034214 166.033020 166.032225 166.031429 166.030235 166.029440 166.028246 166.027451 166.026257 166.025461 166.024268 166.023472 166.022279 166.021483 166.020290 166.019494 166.018300 166.017505 166.016311 166.015516 166.014322 166.013526 166.012731 166.011537 166.010742 166.009946 166.008752 166.007957 166.007559 166.006763 166.006365 166.006365 166.006763 166.009548 166.025859 
166.041375 166.040579 166.039386 166.038590 166.037396 166.036601 166.035407 166.034612 166.033418 166.032622 166.031429 166.030633 166.029440 166.028644 166.027451 166.026655 166.025461 166.024666 166.023472 166.022677 166.021483 166.020687 166.019494 166.018698 166.017505 166.016709 166.015516 166.014720 166.013526 166.012731 166.011537 166.010742 166.009548 166.008752 166.007559 166.006763 166.005570 166.004774 166.003581 166.002785 166.001591 166.000796 166.000000 
0.000000 166.040977 166.040181 166.038988 166.038192 166.036999 166.036203 166.035009 166.034214 166.033020 166.032225 166.031429 166.030235 166.029440 166.028246 166.027451 166.026257 166.025461 166.024268 166.023472 166.022279 166.021483 166.020290 166.019494 166.018300 166.017505 166.016311 166.015516 166.014322 166.013526 166.012731 166.011537 166.010742 166.009946 166.008752 166.007957 166.007559 166.006763 166.006365 166.006365 166.006763 166.009548 166.025859 
0.000000 0.000000 166.041667 166.040977 166.039783 166.038988 166.038192 166.036999 166.036203 166.035407 166.034612 166.033418 166.032622 166.031827 166.031031 166.029838 166.029042 166.027848 166.027053 166.026257 166.025461 166.024666 166.023870 166.023074 166.022279 166.021483 166.021085 166.020290 166.019494 166.019096 166.018300 166.018300 166.018300 166.018300 166.018698 166.019096 166.020687 166.022677 166.026257 166.032225 0.000000 0.000000 0.000000 
0.000000 0.000000 0.000000 0.000000 0.000000 0.000000 166.041667 166.040977 166.040181 166.039386 166.038590 166.037794 166.037396 166.036601 166.035805 166.035009 166.034612 166.033816 166.033020 166.032225 166.031827 166.031031 166.030633 166.030235 166.030235 166.030235 166.030235 166.030235 166.030633 166.031031 166.031827 166.032622 166.034214 166.036601 166.038988 0.000000 0.000000 0.000000 0.000000 0.000000 0.000000 0.000000 0.000000 
