test/output/constant/M3M475_S000_A000_WD000.0_WS040.0/M3M475_S000_A000_WD000.0_WS040.0_arrival.asc
ncols         9
nrows         43
xllcorner     426203.990666
yllcorner     12744555.311160
cellsize      100.000000
NODATA_value  0.000000
0.000000 0.000000 0.000000 166.014642 166.000000 166.014642 0.000000 0.000000 0.000000 
0.000000 0.000000 166.040364 166.007123 166.000791 166.007123 166.040364 0.000000 0.000000 
0.000000 0.000000 166.029284 166.005540 166.001583 166.005540 166.029284 0.000000 0.000000 
0.000000 0.000000 166.022952 166.005540 166.002770 166.005540 166.022952 0.000000 0.000000 
0.000000 0.000000 166.019391 166.005540 166.003562 166.005540 166.019391 0.000000 0.000000 
0.000000 166.038386 166.017412 166.006332 166.004749 166.006332 166.017412 166.038386 0.000000 
0.000000 166.034824 166.016621 166.007123 166.005540 166.007123 166.016621 166.034824 0.000000 
0.000000 166.031658 166.015829 166.007915 166.006727 166.007915 166.015829 166.031658 0.000000 
0.000000 166.029680 166.015829 166.008706 166.007519 166.008706 166.015829 166.029680 0.000000 
0.000000 166.028492 166.015829 166.009497 166.008706 166.009497 166.015829 166.028492 0.000000 
0.000000 166.027305 166.015829 166.010289 166.009497 166.010289 166.015829 166.027305 0.000000 
0.000000 166.026910 166.016225 166.011476 166.010685 166.011476 166.016225 166.026910 0.000000 
166.040364 166.026514 166.016621 166.012268 166.011476 166.012268 166.016621 166.026514 166.040364 
166.039573 166.026118 166.017412 166.013455 166.012663 166.013455 166.017412 166.026118 166.039573 
166.038386 166.026118 166.018204 166.014246 166.013455 166.014246 166.018204 166.026118 166.038386 
166.037594 166.026118 166.018995 166.015433 166.014642 166.015433 166.018995 166.026118 166.037594 
166.037198 166.026118 166.019391 166.016225 166.015433 166.016225 166.019391 166.026118 166.037198 
166.036803 166.026118 166.020182 166.017412 166.016621 166.017412 166.020182 166.026118 166.036803 
166.036407 166.026910 166.020974 166.018204 166.017412 166.018204 166.020974 166.026910 166.036407 
166.036407 166.027305 166.021765 166.018995 166.018599 166.018995 166.021765 166.027305 166.036407 
166.036407 166.028097 166.022557 166.020182 166.019391 166.020182 166.022557 166.028097 166.036407 
166.036407 166.028492 166.023348 166.020974 166.020578 166.020974 166.023348 166.028492 166.036407 
166.036407 166.029284 166.024535 166.022161 166.021369 166.022161 166.024535 166.029284 166.036407 
166.036407 166.030075 166.025327 166.022952 166.022557 166.022952 166.025327 166.030075 166.036407 
166.036803 166.030867 166.026118 166.023744 166.023348 166.023744 166.026118 166.030867 166.036803 
166.037198 166.031263 166.027305 166.024931 166.024535 166.024931 166.027305 166.031263 166.037198 
166.037990 166.032054 166.028097 166.025722 166.025327 166.025722 166.028097 166.032054 166.037990 
166.038386 166.032845 166.028888 166.026910 166.026514 166.026910 166.028888 166.032845 166.038386 
166.039177 166.033637 166.029680 166.027701 166.027305 166.027701 166.029680 166.033637 166.039177 
166.039573 166.034428 166.030867 166.028888 166.028492 166.028888 166.030867 166.034428 166.039573 
166.040364 166.035220 166.031658 166.029680 166.029284 166.029680 166.031658 166.035220 166.040364 
166.041156 166.036011 166.032845 166.030867 166.030471 166.030867 166.032845 166.036011 166.041156 
166.041667 166.036803 166.033637 166.031658 166.031263 166.031658 166.033637 166.036803 166.041667 
0.000000 166.037594 166.034428 166.032845 166.032450 166.032845 166.034428 166.037594 0.000000 
0.000000 166.038386 166.035616 166.033637 166.033241 166.033637 166.035616 166.038386 0.000000 
0.000000 166.039177 166.036407 166.034428 166.034428 166.034428 166.036407 166.039177 0.000000 
0.000000 166.040364 166.037198 166.035616 166.035220 166.035616 166.037198 166.040364 0.000000 
0.000000 166.041156 166.038386 166.036407 166.036407 166.036407 166.038386 166.041156 0.000000 
0.000000 0.000000 166.039177 166.037594 166.037198 166.037594 166.039177 0.000000 0.000000 
0.000000 0.000000 166.040364 166.038386 166.038386 166.038386 166.040364 0.000000 0.000000 
0.000000 0.000000 166.041156 166.039573 166.039177 166.039573 166.041156 0.000000 0.000000 
0.000000 0.000000 0.000000 166.040364 166.040364 166.040364 0.000000 0.000000 0.000000 
0.000000 0.000000 0.000000 166.041551 166.041156 166.041551 0.000000 0.000000 0.000000 
