test/output/constant/M475_S060_A000_WD045.0_WS020.0/M475_S060_A000_WD045.0_WS020.0_arrival.asc
ncols         32
nrows         11
xllcorner     423503.990666
yllcorner     12747755.311160
cellsize      100.000000
NODATA_value  0.000000
0.000000 0.000000 0.000000 0.000000 0.000000 0.000000 0.000000 0.000000 0.000000 0.000000 0.000000 0.000000 0.000000 0.000000 0.000000 0.000000 0.000000 0.000000 0.000000 0.000000 0.000000 166.038198 166.033237 166.028276 166.023316 166.018355 166.013394 166.008929 166.004961 166.001984 166.000992 166.000000 
0.000000 0.000000 0.000000 0.000000 0.000000 0.000000 0.000000 0.000000 0.000000 0.000000 0.000000 0.000000 0.000000 0.000000 0.000000 0.000000 0.000000 166.039686 166.034725 166.029764 166.025796 166.021331 166.017363 166.013890 166.010418 166.007937 166.006449 166.004961 166.003473 166.002480 166.002480 166.011906 
0.000000 0.000000 0.000000 0.000000 0.000000 0.000000 0.000000 0.000000 0.000000 0.000000 0.000000 0.000000 0.000000 0.000000 166.038198 166.033733 166.029764 166.026292 166.022819 166.019347 166.016370 166.013394 166.011410 166.010418 166.008929 166.007441 166.006449 166.006449 166.006945 166.012402 166.031253 0.000000 
0.000000 0.000000 0.000000 0.000000 0.000000 0.000000 0.000000 0.000000 0.000000 0.000000 0.000000 166.038694 166.035221 166.031749 166.028276 166.024804 166.022323 166.019347 166.017363 166.015378 166.014386 166.012898 166.011410 166.010418 166.010418 166.010418 166.011906 166.016867 166.027780 0.000000 0.000000 0.000000 
0.000000 0.000000 0.000000 0.000000 0.000000 0.000000 0.000000 0.000000 166.040678 166.037206 166.033733 166.030757 166.028276 166.025300 166.022819 166.021331 166.019347 166.018355 166.016867 166.015378 166.014386 166.014386 166.014386 166.014882 166.016867 166.021827 166.030757 0.000000 0.000000 0.000000 0.000000 0.000000 
0.000000 0.000000 0.000000 0.000000 0.000000 0.000000 166.039686 166.036710 166.033733 166.031253 166.028772 166.026788 166.024804 166.023316 166.022323 166.020835 166.019347 166.018355 166.018355 166.018355 166.018355 166.019843 166.022323 166.027284 166.035221 0.000000 0.000000 0.000000 0.000000 0.000000 0.000000 0.000000 
0.000000 0.000000 0.000000 0.000000 166.039686 166.037206 166.034725 166.032245 166.030757 166.028772 166.027284 166.026292 166.024804 166.023316 166.022323 166.022323 166.022323 166.022323 166.023316 166.024804 166.027780 166.032245 166.039686 0.000000 0.000000 0.000000 0.000000 0.000000 0.000000 0.000000 0.000000 0.000000 
0.000000 0.000000 166.040678 166.038198 166.036213 166.034229 166.032741 166.031253 166.030261 166.028772 166.027284 166.026788 166.026292 166.026292 166.026292 166.026788 166.028276 166.030261 166.032741 166.037702 0.000000 0.000000 0.000000 0.000000 0.000000 0.000000 0.000000 0.000000 0.000000 0.000000 0.000000 0.000000 
166.041667 166.039686 166.038198 166.036710 166.035221 166.034229 166.032741 166.031749 166.030757 166.030261 166.030261 166.030261 166.030261 166.031253 166.033237 166.035221 166.038198 0.000000 0.000000 0.000000 0.000000 0.000000 0.000000 0.000000 0.000000 0.000000 0.000000 0.000000 0.000000 0.000000 0.000000 0.000000 
166.040678 166.039190 166.038198 166.036710 166.035717 166.034725 166.034229 166.034229 166.034229 166.034229 166.035221 166.036213 166.038198 166.040182 0.000000 0.000000 0.000000 0.000000 0.000000 0.000000 0.000000 0.000000 0.000000 0.000000 0.000000 0.000000 0.000000 0.000000 0.000000 0.000000 0.000000 0.000000 
166.040678 166.039686 166.038694 166.038198 166.038198 166.038198 166.038198 166.038694 166.039686 166.041174 0.000000 0.000000 0.000000 0.000000 0.000000 0.000000 0.000000 0.000000 0.000000 0.000000 0.000000 0.000000 0.000000 0.000000 0.000000 0.000000 0.000000 0.000000 0.000000 0.000000 0.000000 0.000000 
