test/output/constant/C6_S060_A180_WD270.0_WS020.0/C6_S060_A180_WD270.0_WS020.0_arrival.asc
ncols         32
nrows         7
xllcorner     426603.990666
yllcorner     12748455.311160
cellsize      100.000000
NODATA_value  0.000000
0.000000 0.000000 0.000000 0.000000 0.000000 0.000000 0.000000 166.040656 166.037945 166.035777 166.034693 166.034151 166.033609 166.033609 166.033067 166.033609 166.033609 166.034151 166.035235 166.036319 166.036861 166.037945 166.039029 166.039572 166.040656 166.041667 0.000000 0.000000 0.000000 0.000000 0.000000 0.000000 
0.000000 0.000000 166.041667 166.029814 166.024936 166.022225 166.020599 166.020057 166.020057 166.020057 166.020599 166.021141 166.022225 166.023309 166.023851 166.024936 166.026020 166.027104 166.028188 166.029272 166.030356 166.031983 166.033067 166.034151 166.035235 166.036861 166.037945 166.039029 166.040656 166.041667 0.000000 0.000000 
166.031440 166.008673 166.007047 166.007047 166.007047 166.008131 166.009215 166.010299 166.011384 166.013010 166.014094 166.015720 166.016804 166.018431 166.019515 166.020599 166.022225 166.023309 166.024936 166.026020 166.027104 166.028730 166.029814 166.031440 166.032525 166.034151 166.035235 166.036861 166.037945 166.039572 166.040656 0.000000 
166.000000 166.001084 166.002168 166.003795 166.004879 166.006505 166.007589 166.009215 166.010299 166.011926 166.013010 166.014636 166.015720 166.017346 166.018431 166.020057 166.021141 166.022767 166.023851 166.025478 166.026562 166.028188 166.029272 166.030898 166.031983 166.033609 166.034693 166.036319 166.037403 166.039029 166.040114 166.041667 
166.031440 166.008673 166.007047 166.007047 166.007047 166.008131 166.009215 166.010299 166.011384 166.013010 166.014094 166.015720 166.016804 166.018431 166.019515 166.020599 166.022225 166.023309 166.024936 166.026020 166.027104 166.028730 166.029814 166.031440 166.032525 166.034151 166.035235 166.036861 166.037945 166.039572 166.040656 0.000000 
0.000000 0.000000 166.041667 166.029814 166.024936 166.022225 166.020599 166.020057 166.020057 166.020057 166.020599 166.021141 166.022225 166.023309 166.023851 166.024936 166.026020 166.027104 166.028188 166.029272 166.030356 166.031983 166.033067 166.034151 166.035235 166.036861 166.037945 166.039029 166.040656 166.041667 0.000000 0.000000 
0.000000 0.000000 0.000000 0.000000 0.000000 0.000000 0.000000 166.040656 166.037945 166.035777 166.034693 166.034151 166.033609 166.033609 166.033067 166.033609 166.033609 166.034151 166.035235 166.036319 166.036861 166.037945 166.039029 166.039572 166.040656 166.041667 0.000000 0.000000 0.000000 0.000000 0.000000 0.000000 
