test/output/constant/M190_S060_A270_WD180.0_WS050.0/M190_S060_A270_WD180.0_WS050.0_arrival.asc
ncols         5
nrows         42
xllcorner     426403.990666
yllcorner     12748755.311160
cellsize      100.000000
NODATA_value  0.000000
0.000000 0.000000 166.041493 0.000000 0.000000 
0.000000 166.041493 166.040273 166.041493 0.000000 
0.000000 166.040680 166.039459 166.040680 0.000000 
0.000000 166.039459 166.038239 166.039459 0.000000 
0.000000 166.038646 166.037425 166.038646 0.000000 
166.041493 166.037425 166.036205 166.037425 166.041493 
166.040680 166.036612 166.035391 166.036612 166.040680 
166.039459 166.035391 166.034171 166.035391 166.039459 
166.038646 166.034578 166.033358 166.034578 166.038646 
166.037832 166.033358 166.032137 166.033358 166.037832 
166.036612 166.032544 166.031324 166.032544 166.036612 
166.035798 166.031730 166.030103 166.031730 166.035798 
166.034985 166.030510 166.029290 166.030510 166.034985 
166.034171 166.029696 166.028069 166.029696 166.034171 
166.033358 166.028476 166.027256 166.028476 166.033358 
166.032544 166.027662 166.026035 166.027662 166.032544 
166.032137 166.026442 166.025222 166.026442 166.032137 
166.031324 166.025628 166.024001 166.025628 166.031324 
166.030510 166.024408 166.023188 166.024408 166.030510 
166.029696 166.023594 166.021967 166.023594 166.029696 
166.029290 166.022781 166.021154 166.022781 166.029290 
166.028476 166.021560 166.019933 166.021560 166.028476 
166.027662 166.020747 166.019120 166.020747 166.027662 
166.027256 166.019526 166.017899 166.019526 166.027256 
166.026442 166.018713 166.017086 166.018713 166.026442 
166.026035 166.017492 166.015865 166.017492 166.026035 
166.026035 166.016679 166.015052 166.016679 166.026035 
166.026035 166.015865 166.013831 166.015865 166.026035 
166.026442 166.014645 166.013018 166.014645 166.026442 
166.026849 166.013831 166.011797 166.013831 166.026849 
166.027256 166.012611 166.010984 166.012611 166.027256 
166.028476 166.011797 166.009763 166.011797 166.028476 
166.029696 166.010984 166.008950 166.010984 166.029696 
166.032137 166.010577 166.007729 166.010577 166.032137 
166.034985 166.009763 166.006916 166.009763 166.034985 
166.038646 166.008950 166.005695 166.008950 166.038646 
0.000000 166.008950 166.004882 166.008950 0.000000 
0.000000 166.008950 166.003661 166.008950 0.000000 
0.000000 166.010170 166.002848 166.010170 0.000000 
0.000000 166.012611 166.001627 166.012611 0.000000 
0.000000 166.021154 166.000814 166.021154 0.000000 
0.000000 0.000000 166.000000 0.000000 0.000000 
