test/output/constant/M290_S060_A180_WD270.0_WS035.0/M290_S060_A180_WD270.0_WS035.0_arrival.asc
ncols         40
nrows         7
xllcorner     426603.990666
yllcorner     12748455.311160
cellsize      100.000000
NODATA_value  0.000000
0.000000 0.000000 0.000000 0.000000 0.000000 0.000000 0.000000 0.000000 0.000000 0.000000 0.000000 0.000000 0.000000 0.000000 0.000000 0.000000 0.000000 0.000000 166.041667 166.040928 166.040928 166.040502 166.040502 166.040502 166.040502 166.040928 166.041667 0.000000 0.000000 0.000000 0.000000 0.000000 0.000000 0.000000 0.000000 0.000000 0.000000 0.000000 0.000000 0.000000 
0.000000 0.000000 0.000000 0.000000 0.000000 166.037944 166.032828 166.029843 166.028138 166.026433 166.025580 166.025154 166.024727 166.024301 166.024301 166.024727 166.025154 166.026006 166.026433 166.027285 166.028138 166.028991 166.029843 166.030270 166.031122 166.031975 166.032828 166.033680 166.034533 166.035386 166.036665 166.037518 166.038370 166.039649 166.040502 166.041355 0.000000 0.000000 0.000000 0.000000 
0.000000 166.018759 166.011085 166.008953 166.008527 166.008100 166.008953 166.009806 166.010232 166.011085 166.011937 166.013216 166.014069 166.014922 166.016201 166.017053 166.018332 166.019185 166.020464 166.021317 166.022169 166.023448 166.024301 166.025154 166.026433 166.027285 166.028564 166.029417 166.030696 166.031549 166.032828 166.033680 166.034960 166.035812 166.037091 166.037944 166.039223 166.040076 166.041355 0.000000 
166.000000 166.000853 166.001705 166.002984 166.003837 166.005116 166.005969 166.007248 166.008100 166.009379 166.010232 166.011511 166.012364 166.013643 166.014495 166.015774 166.016627 166.017906 166.018759 166.020038 166.020890 166.022169 166.023022 166.024301 166.025154 166.026433 166.027285 166.028564 166.029417 166.030696 166.031549 166.032828 166.033680 166.034960 166.035812 166.037091 166.037944 166.039223 166.040076 166.041355 
0.000000 166.018759 166.011085 166.008953 166.008527 166.008100 166.008953 166.009806 166.010232 166.011085 166.011937 166.013216 166.014069 166.014922 166.016201 166.017053 166.018332 166.019185 166.020464 166.021317 166.022169 166.023448 166.024301 166.025154 166.026433 166.027285 166.028564 166.029417 166.030696 166.031549 166.032828 166.033680 166.034960 166.035812 166.037091 166.037944 166.039223 166.040076 166.041355 0.000000 
0.000000 0.000000 0.000000 0.000000 0.000000 166.037944 166.032828 166.029843 166.028138 166.026433 166.025580 166.025154 166.024727 166.024301 166.024301 166.024727 166.025154 166.026006 166.026433 166.027285 166.028138 166.028991 166.029843 166.030270 166.031122 166.031975 166.032828 166.033680 166.034533 166.035386 166.036665 166.037518 166.038370 166.039649 166.040502 166.041355 0.000000 0.000000 0.000000 0.000000 
0.000000 0.000000 0.000000 0.000000 0.000000 0.000000 0.000000 0.000000 0.000000 0.000000 0.000000 0.000000 0.000000 0.000000 0.000000 0.000000 0.000000 0.000000 166.041667 166.040928 166.040928 166.040502 166.040502 166.040502 166.040502 166.040928 166.041667 0.000000 0.000000 0.000000 0.000000 0.000000 0.000000 0.000000 0.000000 0.000000 0.000000 0.000000 0.000000 0.000000 
