test/output/constant/M395_S060_A180_WD090.0_WS050.0/M395_S060_A180_WD090.0_WS050.0_arrival.asc
ncols         20
nrows         13
xllcorner     425103.990666
yllcorner     12748155.311160
cellsize      100.000000
NODATA_value  0.000000
0.000000 0.000000 0.000000 0.000000 0.000000 0.000000 166.041016 166.041016 166.039876 166.039876 166.038737 166.039876 166.041016 166.041667 0.000000 0.000000 0.000000 0.000000 0.000000 0.000000 
0.000000 0.000000 0.000000 166.041667 166.039876 166.037598 166.036458 166.034180 166.033040 166.033040 166.031901 166.031901 166.033040 166.034180 166.035319 166.038737 166.041667 0.000000 0.000000 0.000000 
0.000000 0.000000 166.041016 166.038737 166.036458 166.034180 166.031901 166.029622 166.028483 166.026204 166.026204 166.025065 166.025065 166.026204 166.027344 166.029622 166.033040 166.037598 0.000000 0.000000 
0.000000 166.041667 166.038737 166.036458 166.033040 166.030762 166.028483 166.026204 166.023926 166.021647 166.020508 166.019368 166.018229 166.018229 166.019368 166.020508 166.025065 166.029622 166.035319 0.000000 
0.000000 166.039876 166.037598 166.034180 166.031901 166.028483 166.026204 166.023926 166.020508 166.018229 166.015951 166.013672 166.012533 166.011393 166.011393 166.012533 166.015951 166.021647 166.029622 166.037598 
166.041667 166.038737 166.036458 166.033040 166.030762 166.027344 166.025065 166.021647 166.019368 166.017090 166.013672 166.011393 166.007975 166.005697 166.004557 166.004557 166.007975 166.015951 166.025065 166.035319 
166.041667 166.038737 166.036458 166.033040 166.030762 166.027344 166.025065 166.021647 166.019368 166.015951 166.013672 166.010254 166.007975 166.004557 166.002279 166.000000 166.005697 166.014811 166.023926 166.033040 
166.041667 166.038737 166.036458 166.033040 166.030762 166.027344 166.025065 166.021647 166.019368 166.017090 166.013672 166.011393 166.007975 166.005697 166.004557 166.004557 166.007975 166.015951 166.025065 166.035319 
0.000000 166.039876 166.037598 166.034180 166.031901 166.028483 166.026204 166.023926 166.020508 166.018229 166.015951 166.013672 166.012533 166.011393 166.011393 166.012533 166.015951 166.021647 166.029622 166.037598 
0.000000 166.041667 166.038737 166.036458 166.033040 166.030762 166.028483 166.026204 166.023926 166.021647 166.020508 166.019368 166.018229 166.018229 166.019368 166.020508 166.025065 166.029622 166.035319 0.000000 
0.000000 0.000000 166.041016 166.038737 166.036458 166.034180 166.031901 166.029622 166.028483 166.026204 166.026204 166.025065 166.025065 166.026204 166.027344 166.029622 166.033040 166.037598 0.000000 0.000000 
0.000000 0.000000 0.000000 166.041667 166.039876 166.037598 166.036458 166.034180 166.033040 166.033040 166.031901 166.031901 166.033040 166.034180 166.035319 166.038737 166.041667 0.000000 0.000000 0.000000 
0.000000 0.000000 0.000000 0.000000 0.000000 0.000000 166.041016 166.041016 166.039876 166.039876 166.038737 166.039876 166.041016 166.041667 0.000000 0.000000 0.000000 0.000000 0.000000 0.000000 
