test/output/constant/M185_S060_A180_WD270.0_WS045.0/M185_S060_A180_WD270.0_WS045.0_arrival.asc
ncols         40
nrows         5
xllcorner     426603.990666
yllcorner     12748555.311160
cellsize      100.000000
NODATA_value  0.000000
0.000000 0.000000 0.000000 0.000000 0.000000 0.000000 166.038855 166.035012 166.032023 166.029888 166.028180 166.027327 166.026900 166.026473 166.026473 166.026473 166.026473 166.027327 166.027754 166.028607 166.029461 166.029888 166.030742 166.031596 166.032450 166.033304 166.033731 166.034585 166.035439 166.036293 166.037147 166.038428 166.039282 166.040136 166.040990 0.000000 0.000000 0.000000 0.000000 0.000000 
0.000000 166.020922 166.012809 166.009820 166.008967 166.008967 166.009393 166.009820 166.010674 166.011528 166.012382 166.013236 166.014517 166.015371 166.016225 166.017506 166.018360 166.019641 166.020495 166.021349 166.022630 166.023484 166.024765 166.025619 166.026900 166.027754 166.029034 166.029888 166.030742 166.032023 166.032877 166.034158 166.035012 166.036293 166.037147 166.038428 166.039282 166.040563 166.041417 0.000000 
166.000000 166.000854 166.001708 166.002989 166.003843 166.005124 166.005978 166.007259 166.008113 166.009393 166.010247 166.011528 166.012382 166.013663 166.014517 166.015798 166.016652 166.017933 166.018787 166.020068 166.020922 166.022203 166.023057 166.024338 166.025192 166.026473 166.027327 166.028607 166.029461 166.030742 166.031596 166.032877 166.033731 166.035012 166.035866 166.037147 166.038001 166.039282 166.040136 166.041417 
0.000000 166.020922 166.012809 166.009820 166.008967 166.008967 166.009393 166.009820 166.010674 166.011528 166.012382 166.013236 166.014517 166.015371 166.016225 166.017506 166.018360 166.019641 166.020495 166.021349 166.022630 166.023484 166.024765 166.025619 166.026900 166.027754 166.029034 166.029888 166.030742 166.032023 166.032877 166.034158 166.035012 166.036293 166.037147 166.038428 166.039282 166.040563 166.041417 0.000000 
0.000000 0.000000 0.000000 0.000000 0.000000 0.000000 166.038855 166.035012 166.032023 166.029888 166.028180 166.027327 166.026900 166.026473 166.026473 166.026473 166.026473 166.027327 166.027754 166.028607 166.029461 166.029888 166.030742 166.031596 166.032450 166.033304 166.033731 166.034585 166.035439 166.036293 166.037147 166.038428 166.039282 166.040136 166.040990 0.000000 0.000000 0.000000 0.000000 0.000000 
