test/output/constant/M385_S060_A090_WD090.0_WS010.0/M385_S060_A090_WD090.0_WS010.0_ros.asc
ncols         16
nrows         49
xllcorner     425203.990666
yllcorner     12743955.311160
cellsize      100.000000
NODATA_value  0.000000
0.000000 0.000000 0.000000 0.000000 0.000000 0.000000 0.000000 0.000000 0.000000 0.000000 0.000000 0.000000 1.832315 42.487385 -1.000000 1.004541 
0.000000 0.000000 0.000000 0.000000 0.000000 0.000000 0.000000 0.000000 0.000000 0.000000 0.000000 0.000000 1.412490 68.432205 82.782509 12.299114 
0.000000 0.000000 0.000000 0.000000 0.000000 0.000000 0.000000 0.000000 0.000000 0.000000 0.000000 1.832315 56.297661 82.782509 82.782509 12.299114 
0.000000 0.000000 0.000000 0.000000 0.000000 0.000000 0.000000 0.000000 0.000000 0.000000 1.832315 1.832315 62.672966 82.782509 29.907772 12.299114 
0.000000 0.000000 0.000000 0.000000 0.000000 0.000000 0.000000 0.000000 0.000000 0.000000 49.500214 1.412490 68.432205 82.782509 29.907772 12.299114 
0.000000 0.000000 0.000000 0.000000 0.000000 0.000000 0.000000 0.000000 0.000000 2.495597 56.297661 4.449419 82.782509 82.782509 29.907772 12.299114 
0.000000 0.000000 0.000000 0.000000 0.000000 0.000000 0.000000 0.000000 0.000000 2.495597 56.297661 7.467910 82.782509 82.782509 29.907772 36.784561 
0.000000 0.000000 0.000000 0.000000 0.000000 0.000000 0.000000 0.000000 0.000000 56.297661 56.297661 1.832315 82.782509 69.462555 36.784561 17.477211 
0.000000 0.000000 0.000000 0.000000 0.000000 0.000000 0.000000 0.000000 56.297661 56.297661 56.297661 77.425819 82.782509 23.406418 23.406418 29.907772 
0.000000 0.000000 0.000000 0.000000 0.000000 0.000000 0.000000 0.000000 7.467910 4.449419 56.297661 82.782509 82.782509 17.477211 17.477211 17.477211 
0.000000 0.000000 0.000000 0.000000 0.000000 0.000000 0.000000 1.832315 4.449419 62.672966 56.297661 82.782509 82.782509 74.260559 29.907772 36.784561 
0.000000 0.000000 0.000000 0.000000 0.000000 0.000000 0.000000 56.297661 4.449419 62.672966 82.782509 82.782509 57.564724 36.784561 29.907772 17.477211 
0.000000 0.000000 0.000000 0.000000 0.000000 0.000000 0.000000 4.449419 62.672966 56.297661 82.782509 82.782509 50.825928 23.406418 17.477211 29.907772 
0.000000 0.000000 0.000000 0.000000 0.000000 0.000000 56.297661 56.297661 56.297661 56.297661 82.782509 82.782509 82.404587 36.784561 29.907772 17.477211 
0.000000 0.000000 0.000000 0.000000 0.000000 0.000000 56.297661 4.449419 7.467910 82.782509 82.782509 57.564724 69.462555 17.477211 36.784561 29.907772 
0.000000 0.000000 0.000000 0.000000 0.000000 0.000000 56.297661 4.449419 56.297661 82.782509 82.782509 80.831230 36.784561 57.564724 12.299114 0.000000 
0.000000 0.000000 0.000000 0.000000 0.000000 1.055815 56.297661 62.672966 56.297661 82.782509 82.782509 29.907772 74.260559 36.784561 36.784561 0.000000 
0.000000 0.000000 0.000000 0.000000 0.000000 56.297661 7.467910 7.467910 82.782509 80.386597 82.782509 29.907772 80.831230 17.477211 17.477211 0.000000 
0.000000 0.000000 0.000000 0.000000 0.000000 2.495597 56.297661 68.432205 82.782509 82.782509 78.088837 29.907772 17.477211 17.477211 29.907772 0.000000 
0.000000 0.000000 0.000000 0.000000 4.449419 62.672966 7.467910 4.449419 82.782509 82.782509 63.840412 36.784561 36.784561 36.784561 29.907772 0.000000 
0.000000 0.000000 0.000000 0.000000 56.297661 4.449419 4.449419 82.782509 82.782509 82.782509 80.831230 23.406418 69.462555 29.907772 29.907772 0.000000 
0.000000 0.000000 0.000000 0.000000 4.449419 4.449419 1.412490 82.192398 82.782509 82.782509 82.404587 36.784561 23.406418 23.406418 29.907772 0.000000 
0.000000 0.000000 0.000000 7.467910 56.297661 7.467910 2.495597 82.782509 82.782509 29.907772 29.907772 12.299114 29.907772 17.477211 17.477211 0.000000 
0.000000 0.000000 0.000000 4.449419 56.297661 4.449419 82.782509 80.386597 82.782509 82.782509 29.907772 69.462555 29.907772 12.299114 0.000000 0.000000 
0.000000 0.000000 0.000000 0.813354 7.467910 1.055815 82.782509 82.782509 82.782509 69.462555 17.477211 69.462555 23.406418 23.406418 0.000000 0.000000 
0.000000 0.000000 0.000000 2.495597 2.495597 7.467910 82.782509 82.782509 82.782509 78.088837 29.907772 23.406418 36.784561 29.907772 0.000000 0.000000 
0.000000 0.000000 4.449419 4.449419 4.449419 77.425819 82.782509 82.782509 63.840412 36.784561 12.299114 29.907772 36.784561 23.406418 0.000000 0.000000 
0.000000 0.000000 62.672966 7.467910 62.672966 82.782509 82.782509 82.782509 78.088837 23.406418 78.088837 63.840412 57.564724 0.000000 0.000000 0.000000 
0.000000 0.000000 56.297661 7.467910 56.297661 82.782509 82.782509 82.782509 80.831230 74.260559 29.907772 36.784561 36.784561 0.000000 0.000000 0.000000 
0.000000 0.000000 7.467910 56.297661 82.782509 82.782509 82.782509 82.782509 82.782509 17.477211 17.477211 36.784561 69.462555 0.000000 0.000000 0.000000 
0.000000 0.000000 7.467910 56.297661 82.782509 82.782509 82.782509 23.406418 82.782509 36.784561 23.406418 36.784561 0.000000 0.000000 0.000000 0.000000 
0.000000 4.449419 62.672966 82.782509 80.386597 82.782509 82.782509 82.782509 17.477211 63.840412 12.299114 57.564724 0.000000 0.000000 0.000000 0.000000 
0.000000 7.467910 68.432205 82.782509 82.782509 82.782509 82.782509 82.782509 23.406418 36.784561 36.784561 36.784561 0.000000 0.000000 0.000000 0.000000 
0.000000 62.672966 56.297661 82.782509 80.386597 82.782509 82.782509 74.260559 57.564724 17.477211 74.260559 29.907772 0.000000 0.000000 0.000000 0.000000 
0.000000 1.412490 77.425819 80.386597 82.782509 82.782509 50.825928 69.462555 43.828465 36.784561 17.477211 0.000000 0.000000 0.000000 0.000000 0.000000 
0.000000 56.297661 82.782509 82.782509 82.782509 82.782509 82.782509 17.477211 29.907772 36.784561 36.784561 0.000000 0.000000 0.000000 0.000000 0.000000 
0.000000 62.672966 82.782509 82.782509 82.782509 82.782509 29.907772 63.840412 29.907772 74.260559 0.000000 0.000000 0.000000 0.000000 0.000000 0.000000 
0.000000 4.449419 82.782509 82.782509 82.782509 50.825928 29.907772 78.088837 17.477211 23.406418 0.000000 0.000000 0.000000 0.000000 0.000000 0.000000 
0.000000 82.782509 82.782509 82.192398 82.782509 74.260559 29.907772 36.784561 50.825928 17.477211 0.000000 0.000000 0.000000 0.000000 0.000000 0.000000 
62.672966 82.608109 82.782509 82.782509 82.782509 82.782509 82.782509 23.406418 36.784561 0.000000 0.000000 0.000000 0.000000 0.000000 0.000000 0.000000 
7.467910 82.782509 82.782509 82.782509 82.782509 82.782509 74.260559 23.406418 63.840412 0.000000 0.000000 0.000000 0.000000 0.000000 0.000000 0.000000 
82.782509 77.425819 82.782509 82.782509 82.782509 82.782509 82.714539 36.784561 0.000000 0.000000 0.000000 0.000000 0.000000 0.000000 0.000000 0.000000 
82.782509 82.782509 82.782509 82.782509 43.828465 63.840412 36.784561 69.462555 0.000000 0.000000 0.000000 0.000000 0.000000 0.000000 0.000000 0.000000 
82.782509 80.386597 82.782509 82.782509 82.782509 74.260559 36.784561 36.784561 0.000000 0.000000 0.000000 0.000000 0.000000 0.000000 0.000000 0.000000 
82.782509 82.782509 82.782509 82.782509 74.260559 69.462555 36.784561 0.000000 0.000000 0.000000 0.000000 0.000000 0.000000 0.000000 0.000000 0.000000 
0.000000 82.782509 82.782509 63.840412 74.260559 43.828465 0.000000 0.000000 0.000000 0.000000 0.000000 0.000000 0.000000 0.000000 0.000000 0.000000 
0.000000 82.782509 82.782509 69.462555 12.299114 36.784561 0.000000 0.000000 0.000000 0.000000 0.000000 0.000000 0.000000 0.000000 0.000000 0.000000 
0.000000 80.386597 82.782509 82.782509 36.784561 0.000000 0.000000 0.000000 0.000000 0.000000 0.000000 0.000000 0.000000 0.000000 0.000000 0.000000 
0.000000 82.782509 82.782509 36.784561 0.000000 0.000000 0.000000 0.000000 0.000000 0.000000 0.000000 0.000000 0.000000 0.000000 0.000000 0.000000 
