test/output/constant/M385_S060_A090_WD090.0_WS010.0/M385_S060_A090_WD090.0_WS010.0_intensity.asc
ncols         16
nrows         49
xllcorner     425203.990666
yllcorner     12743955.311160
cellsize      100.000000
NODATA_value  0.000000
0 0 0 0 0 0 0 0 0 0 0 0 1638 37991 0 898 
0 0 0 0 0 0 0 0 0 0 0 0 1263 61190 74021 10997 
0 0 0 0 0 0 0 0 0 0 0 1638 50339 74021 74021 10997 
0 0 0 0 0 0 0 0 0 0 1638 1638 56040 74021 26742 10997 
0 0 0 0 0 0 0 0 0 0 44261 1263 61190 74021 26742 10997 
0 0 0 0 0 0 0 0 0 2231 50339 3978 74021 74021 26742 10997 
0 0 0 0 0 0 0 0 0 2231 50339 6677 74021 74021 26742 32891 
0 0 0 0 0 0 0 0 0 50339 50339 1638 74021 62111 32891 15627 
0 0 0 0 0 0 0 0 50339 50339 50339 69232 74021 20929 20929 26742 
0 0 0 0 0 0 0 0 6677 3978 50339 74021 74021 15627 15627 15627 
0 0 0 0 0 0 0 1638 3978 56040 50339 74021 74021 66401 26742 32891 
0 0 0 0 0 0 0 50339 3978 56040 74021 74021 51472 32891 26742 15627 
0 0 0 0 0 0 0 3978 56040 50339 74021 74021 45447 20929 15627 26742 
0 0 0 0 0 0 50339 50339 50339 50339 74021 74021 73683 32891 26742 15627 
0 0 0 0 0 0 50339 3978 6677 74021 74021 51472 62111 15627 32891 26742 
0 0 0 0 0 0 50339 3978 50339 74021 74021 72277 32891 51472 10997 0 
0 0 0 0 0 944 50339 56040 50339 74021 74021 26742 66401 32891 32891 0 
0 0 0 0 0 50339 6677 6677 74021 71879 74021 26742 72277 15627 15627 0 
0 0 0 0 0 2231 50339 61190 74021 74021 69824 26742 15627 15627 26742 0 
0 0 0 0 3978 56040 6677 3978 74021 74021 57084 32891 32891 32891 26742 0 
0 0 0 0 50339 3978 3978 74021 74021 74021 72277 20929 62111 26742 26742 0 
0 0 0 0 3978 3978 1263 73494 74021 74021 73683 32891 20929 20929 26742 0 
0 0 0 6677 50339 6677 2231 74021 74021 26742 26742 10997 26742 15627 15627 0 
0 0 0 3978 50339 3978 74021 71879 74021 74021 26742 62111 26742 10997 0 0 
0 0 0 727 6677 944 74021 74021 74021 62111 15627 62111 20929 20929 0 0 
0 0 0 2231 2231 6677 74021 74021 74021 69824 26742 20929 32891 26742 0 0 
0 0 3978 3978 3978 69232 74021 74021 57084 32891 10997 26742 32891 20929 0 0 
0 0 56040 6677 56040 74021 74021 74021 69824 20929 69824 57084 51472 0 0 0 
0 0 50339 6677 50339 74021 74021 74021 72277 66401 26742 32891 32891 0 0 0 
0 0 6677 50339 74021 74021 74021 74021 74021 15627 15627 32891 62111 0 0 0 
0 0 6677 50339 74021 74021 74021 20929 74021 32891 20929 32891 0 0 0 0 
0 3978 56040 74021 71879 74021 74021 74021 15627 57084 10997 51472 0 0 0 0 
0 6677 61190 74021 74021 74021 74021 74021 20929 32891 32891 32891 0 0 0 0 
0 56040 50339 74021 71879 74021 74021 66401 51472 15627 66401 26742 0 0 0 0 
0 1263 69232 71879 74021 74021 45447 62111 39190 32891 15627 0 0 0 0 0 
0 50339 74021 74021 74021 74021 74021 15627 26742 32891 32891 0 0 0 0 0 
0 56040 74021 74021 74021 74021 26742 57084 26742 66401 0 0 0 0 0 0 
0 3978 74021 74021 74021 45447 26742 69824 15627 20929 0 0 0 0 0 0 
0 74021 74021 73494 74021 66401 26742 32891 45447 15627 0 0 0 0 0 0 
56040 73865 74021 74021 74021 74021 74021 20929 32891 0 0 0 0 0 0 0 
6677 74021 74021 74021 74021 74021 66401 20929 57084 0 0 0 0 0 0 0 
74021 69232 74021 74021 74021 74021 73961 32891 0 0 0 0 0 0 0 0 
74021 74021 74021 74021 39190 57084 32891 62111 0 0 0 0 0 0 0 0 
74021 71879 74021 74021 74021 66401 32891 32891 0 0 0 0 0 0 0 0 
74021 74021 74021 74021 66401 62111 32891 0 0 0 0 0 0 0 0 0 
0 74021 74021 57084 66401 39190 0 0 0 0 0 0 0 0 0 0 
0 74021 74021 62111 10997 32891 0 0 0 0 0 0 0 0 0 0 
0 71879 74021 74021 32891 0 0 0 0 0 0 0 0 0 0 0 
0 74021 74021 32891 0 0 0 0 0 0 0 0 0 0 0 0 
