test/output/constant/M3M490_S060_A270_WD045.0_WS015.0/M3M490_S060_A270_WD045.0_WS015.0_ros.asc
ncols         16
nrows         36
xllcorner     425203.990666
yllcorner     12748655.311160
cellsize      100.000000
NODATA_value  0.000000
0.000000 60.001633 60.001633 29.853981 0.000000 0.000000 0.000000 0.000000 0.000000 0.000000 0.000000 0.000000 0.000000 0.000000 0.000000 0.000000 
0.000000 60.001633 60.001633 34.827164 59.966927 0.000000 0.000000 0.000000 0.000000 0.000000 0.000000 0.000000 0.000000 0.000000 0.000000 0.000000 
0.000000 60.001633 60.001633 57.687881 20.193432 34.827164 0.000000 0.000000 0.000000 0.000000 0.000000 0.000000 0.000000 0.000000 0.000000 0.000000 
60.001633 60.001633 60.001633 44.315056 48.543190 15.795208 55.332321 0.000000 0.000000 0.000000 0.000000 0.000000 0.000000 0.000000 0.000000 0.000000 
58.798725 60.001633 60.001633 60.001633 48.543190 39.696518 39.696518 8.507235 0.000000 0.000000 0.000000 0.000000 0.000000 0.000000 0.000000 0.000000 
60.001633 60.001633 60.001633 60.001633 60.001633 20.193432 34.827164 20.193432 0.000000 0.000000 0.000000 0.000000 0.000000 0.000000 0.000000 0.000000 
59.814091 60.001633 60.001633 60.001633 60.001633 59.966927 39.696518 11.861938 24.926769 0.000000 0.000000 0.000000 0.000000 0.000000 0.000000 0.000000 
0.000000 60.001633 60.001633 60.001633 60.001633 48.543190 20.193432 55.332321 20.193432 29.853981 0.000000 0.000000 0.000000 0.000000 0.000000 0.000000 
0.000000 56.955555 60.001633 60.001633 60.001633 60.001633 48.543190 59.248463 39.696518 24.926769 0.000000 0.000000 0.000000 0.000000 0.000000 0.000000 
0.000000 60.001633 59.814091 60.001633 60.001633 60.001633 60.001633 24.926769 15.795208 24.926769 24.926769 0.000000 0.000000 0.000000 0.000000 0.000000 
0.000000 3.582564 58.798725 60.001633 60.001633 60.001633 60.001633 15.795208 55.332321 20.193432 24.926769 0.000000 0.000000 0.000000 0.000000 0.000000 
0.000000 42.764286 60.001633 58.798725 60.001633 60.001633 60.001633 59.248463 24.926769 20.193432 20.193432 24.926769 0.000000 0.000000 0.000000 0.000000 
0.000000 42.764286 42.764286 60.001633 60.001633 60.001633 60.001633 60.001633 29.853981 24.926769 24.926769 34.827164 0.000000 0.000000 0.000000 0.000000 
0.000000 0.000000 3.582564 59.814091 60.001633 60.001633 60.001633 60.001633 55.332321 57.687881 11.861938 24.926769 0.000000 0.000000 0.000000 0.000000 
0.000000 0.000000 42.764286 42.764286 60.001633 60.001633 60.001633 44.315056 34.827164 24.926769 24.926769 24.926769 20.193432 0.000000 0.000000 0.000000 
0.000000 0.000000 42.764286 42.764286 54.340740 60.001633 59.966927 60.001633 60.001633 52.253033 20.193432 20.193432 24.926769 0.000000 0.000000 0.000000 
0.000000 0.000000 42.764286 42.764286 42.764286 60.001633 60.001633 60.001633 60.001633 24.926769 52.253033 24.926769 24.926769 15.795208 0.000000 0.000000 
0.000000 0.000000 0.000000 5.284089 42.764286 47.135551 60.001633 60.001633 60.001633 20.193432 57.687881 29.853981 24.926769 11.861938 0.000000 0.000000 
0.000000 0.000000 0.000000 5.284089 42.764286 42.764286 60.001633 60.001633 60.001633 20.193432 29.853981 34.827164 20.193432 20.193432 0.000000 0.000000 
0.000000 0.000000 0.000000 5.284089 3.582564 42.764286 60.001633 59.814091 60.001633 60.001633 55.332321 24.926769 24.926769 8.507235 20.193432 0.000000 
0.000000 0.000000 0.000000 0.000000 3.582564 42.764286 3.582564 56.955555 60.001633 60.001633 52.253033 39.696518 20.193432 11.861938 24.926769 0.000000 
0.000000 0.000000 0.000000 0.000000 42.764286 5.284089 7.697083 60.001633 60.001633 60.001633 59.966927 24.926769 24.926769 11.861938 24.926769 0.000000 
0.000000 0.000000 0.000000 0.000000 0.000000 5.284089 5.284089 7.697083 60.001633 60.001633 57.687881 24.926769 24.926769 11.861938 15.795208 0.000000 
0.000000 0.000000 0.000000 0.000000 0.000000 2.544417 3.582564 7.697083 60.001633 60.001633 60.001633 44.315056 20.193432 11.861938 20.193432 0.000000 
0.000000 0.000000 0.000000 0.000000 0.000000 0.000000 5.284089 7.697083 42.764286 60.001633 59.966927 60.001633 55.332321 15.795208 15.795208 15.795208 
0.000000 0.000000 0.000000 0.000000 0.000000 0.000000 42.764286 5.284089 42.764286 59.814091 60.001633 60.001633 59.248463 15.795208 11.861938 15.795208 
0.000000 0.000000 0.000000 0.000000 0.000000 0.000000 0.000000 2.544417 3.582564 42.764286 60.001633 60.001633 39.696518 24.926769 11.861938 15.795208 
0.000000 0.000000 0.000000 0.000000 0.000000 0.000000 0.000000 42.764286 42.764286 42.764286 54.340740 60.001633 57.687881 24.926769 11.861938 11.861938 
0.000000 0.000000 0.000000 0.000000 0.000000 0.000000 0.000000 0.000000 5.284089 42.764286 42.764286 56.955555 60.001633 8.507235 24.926769 20.193432 
0.000000 0.000000 0.000000 0.000000 0.000000 0.000000 0.000000 0.000000 2.544417 3.582564 5.284089 60.001633 60.001633 34.827164 20.193432 20.193432 
0.000000 0.000000 0.000000 0.000000 0.000000 0.000000 0.000000 0.000000 0.000000 3.582564 3.582564 3.582564 60.001633 60.001633 24.926769 11.861938 
0.000000 0.000000 0.000000 0.000000 0.000000 0.000000 0.000000 0.000000 0.000000 2.544417 3.582564 5.284089 60.001633 60.001633 29.853981 11.861938 
0.000000 0.000000 0.000000 0.000000 0.000000 0.000000 0.000000 0.000000 0.000000 0.000000 2.544417 2.544417 42.764286 60.001633 24.926769 8.507235 
0.000000 0.000000 0.000000 0.000000 0.000000 0.000000 0.000000 0.000000 0.000000 0.000000 0.000000 2.544417 3.582564 60.001633 60.001633 11.861938 
0.000000 0.000000 0.000000 0.000000 0.000000 0.000000 0.000000 0.000000 0.000000 0.000000 0.000000 0.000000 3.582564 3.582564 0.000000 1.789935 
0.000000 0.000000 0.000000 0.000000 0.000000 0.000000 0.000000 0.000000 0.000000 0.000000 0.000000 0.000000 0.000000 1.892515 1.664691 1.532870 
