test/output/constant/M3M470_S060_A180_WD045.0_WS010.0/M3M470_S060_A180_WD045.0_WS010.0_ros.asc
ncols         30
nrows         10
xllcorner     426503.990666
yllcorner     12747955.311160
cellsize      100.000000
NODATA_value  0.000000
0.000000 1.722179 12.386198 12.386198 12.386198 27.627985 23.633404 15.896082 38.684620 23.633404 27.627985 9.258001 31.546106 19.683065 31.546106 0.000000 0.000000 0.000000 0.000000 0.000000 0.000000 0.000000 0.000000 0.000000 0.000000 0.000000 0.000000 0.000000 0.000000 0.000000 
1.441955 -1.000000 48.061291 48.061291 48.061291 44.190861 23.633404 19.683065 15.896082 48.015263 38.684620 19.683065 44.190861 23.633404 47.402683 44.190861 23.633404 46.114899 41.688839 23.633404 0.000000 0.000000 0.000000 0.000000 0.000000 0.000000 0.000000 0.000000 0.000000 0.000000 
1.974849 1.974849 41.002522 48.061291 48.061291 48.061291 48.061291 48.061291 48.061291 48.061291 35.269226 48.061291 44.190861 47.402683 48.015263 48.015263 47.402683 27.627985 23.633404 12.386198 46.114899 38.684620 19.683065 0.000000 0.000000 0.000000 0.000000 0.000000 0.000000 0.000000 
0.000000 2.820261 1.974849 34.397461 48.061291 47.929253 48.061291 48.061291 47.149345 48.061291 48.061291 48.061291 48.061291 48.061291 48.061291 48.061291 48.061291 31.546106 48.061291 12.386198 47.402683 48.015263 48.061291 48.061291 48.061291 0.000000 0.000000 0.000000 0.000000 0.000000 
0.000000 0.000000 0.000000 26.684475 1.722179 30.623161 45.702374 43.632431 47.149345 48.061291 48.061291 48.061291 48.061291 48.061291 48.061291 48.061291 48.061291 48.061291 48.061291 48.061291 48.061291 48.061291 35.269226 48.061291 48.061291 48.061291 19.683065 0.000000 0.000000 0.000000 
0.000000 0.000000 0.000000 0.000000 0.000000 1.836809 34.397461 34.397461 34.397461 43.632431 45.702374 47.929253 48.061291 48.061291 48.061291 48.061291 48.061291 48.061291 48.061291 48.061291 48.061291 48.061291 23.633404 48.061291 48.061291 23.633404 48.061291 48.015263 9.258001 0.000000 
0.000000 0.000000 0.000000 0.000000 0.000000 0.000000 0.000000 34.397461 30.623161 34.397461 30.623161 48.061291 47.149345 43.632431 48.061291 48.061291 48.061291 48.061291 48.061291 48.061291 48.061291 48.061291 48.061291 48.061291 48.061291 15.896082 48.061291 23.633404 48.061291 23.633404 
0.000000 0.000000 0.000000 0.000000 0.000000 0.000000 0.000000 0.000000 0.000000 0.000000 34.397461 34.397461 43.632431 48.061291 43.632431 47.149345 47.149345 48.061291 48.061291 48.061291 48.061291 48.061291 48.061291 48.061291 48.061291 48.061291 48.061291 46.114899 48.061291 48.061291 
0.000000 0.000000 0.000000 0.000000 0.000000 0.000000 0.000000 0.000000 0.000000 0.000000 0.000000 0.000000 0.000000 34.397461 34.397461 48.061291 47.929253 47.149345 34.397461 45.702374 48.061291 48.061291 48.061291 48.061291 48.061291 48.061291 48.061291 48.061291 48.061291 48.061291 
0.000000 0.000000 0.000000 0.000000 0.000000 0.000000 0.000000 0.000000 0.000000 0.000000 0.000000 0.000000 0.000000 0.000000 0.000000 0.000000 0.000000 43.632431 48.061291 45.702374 48.061291 45.702374 47.149345 48.061291 48.061291 48.061291 48.061291 48.061291 48.061291 0.000000 
