test/output/constant/M3M470_S060_A180_WD045.0_WS010.0/M3M470_S060_A180_WD045.0_WS010.0_arrival.asc
ncols         30
nrows         10
xllcorner     426503.990666
yllcorner     12747955.311160
cellsize      100.000000
NODATA_value  0.000000
0.000000 166.018892 166.015457 166.014885 166.016602 166.018320 166.019465 166.022327 166.024617 166.027480 166.029197 166.032060 166.034349 166.037212 166.039502 0.000000 0.000000 0.000000 0.000000 0.000000 0.000000 0.000000 0.000000 0.000000 0.000000 0.000000 0.000000 0.000000 0.000000 0.000000 
166.028625 166.000000 166.001145 166.002290 166.004007 166.005725 166.008587 166.010877 166.013167 166.015457 166.017747 166.020610 166.022900 166.025762 166.028052 166.030342 166.033205 166.035494 166.037784 166.040647 0.000000 0.000000 0.000000 0.000000 0.000000 0.000000 0.000000 0.000000 0.000000 0.000000 
166.038929 166.006870 166.002862 166.002862 166.004007 166.005725 166.006870 166.008587 166.009732 166.011450 166.013167 166.015457 166.017175 166.019465 166.021755 166.024045 166.026335 166.028625 166.031487 166.033777 166.036067 166.038357 166.041219 0.000000 0.000000 0.000000 0.000000 0.000000 0.000000 0.000000 
0.000000 166.036639 166.019465 166.010877 166.008587 166.008015 166.008015 166.008587 166.009732 166.011450 166.013167 166.014312 166.016030 166.017175 166.018892 166.020610 166.022900 166.024617 166.026907 166.029197 166.030915 166.033205 166.035494 166.037784 166.040074 0.000000 0.000000 0.000000 0.000000 0.000000 
0.000000 0.000000 0.000000 166.031487 166.022327 166.016602 166.014312 166.013167 166.013167 166.013167 166.013740 166.014885 166.016030 166.017175 166.018892 166.020610 166.021755 166.023472 166.025190 166.026335 166.028052 166.030342 166.032060 166.034349 166.036067 166.038357 166.040647 0.000000 0.000000 0.000000 
0.000000 0.000000 0.000000 0.000000 0.000000 166.033777 166.026907 166.022327 166.020037 166.018892 166.018320 166.018320 166.018320 166.018892 166.019465 166.020610 166.021755 166.023472 166.024617 166.026335 166.028052 166.029197 166.030915 166.032632 166.033777 166.036067 166.037784 166.039502 166.041667 0.000000 
0.000000 0.000000 0.000000 0.000000 0.000000 0.000000 0.000000 166.038357 166.032632 166.028625 166.025762 166.024617 166.024045 166.023472 166.023472 166.023472 166.024045 166.024617 166.025762 166.026907 166.028052 166.029197 166.030915 166.032060 166.033777 166.035494 166.036639 166.038357 166.040074 166.041667 
0.000000 0.000000 0.000000 0.000000 0.000000 0.000000 0.000000 0.000000 0.000000 0.000000 166.037784 166.034349 166.032060 166.030342 166.029197 166.029197 166.028625 166.028625 166.028625 166.029197 166.029770 166.030342 166.031487 166.032632 166.033777 166.035494 166.036639 166.038357 166.039502 166.041219 
0.000000 0.000000 0.000000 0.000000 0.000000 0.000000 0.000000 0.000000 0.000000 0.000000 0.000000 0.000000 0.000000 166.040074 166.037784 166.036067 166.034922 166.034349 166.033777 166.033777 166.033777 166.033777 166.034349 166.034922 166.035494 166.036639 166.037784 166.038357 166.040074 166.041219 
0.000000 0.000000 0.000000 0.000000 0.000000 0.000000 0.000000 0.000000 0.000000 0.000000 0.000000 0.000000 0.000000 0.000000 0.000000 0.000000 0.000000 166.041667 166.040647 166.040074 166.039502 166.038929 166.038929 166.038929 166.038929 166.039502 166.040074 166.040647 166.041219 0.000000 
