test/output/constant/M480_S060_A270_WD270.0_WS010.0/M480_S060_A270_WD270.0_WS010.0_arrival.asc
ncols         10
nrows         22
xllcorner     426503.990666
yllcorner     12748755.311160
cellsize      100.000000
NODATA_value  0.000000
0.000000 0.000000 0.000000 0.000000 0.000000 0.000000 0.000000 166.040817 166.040817 0.000000 
0.000000 0.000000 0.000000 0.000000 0.000000 0.000000 166.039333 166.039333 166.039333 0.000000 
0.000000 0.000000 0.000000 0.000000 0.000000 166.039333 166.037107 166.037107 166.037849 166.041667 
0.000000 0.000000 0.000000 0.000000 166.041559 166.036364 166.034880 166.034880 166.037107 166.041667 
0.000000 0.000000 0.000000 0.000000 166.037849 166.034138 166.033396 166.033396 166.036364 0.000000 
0.000000 0.000000 0.000000 166.041559 166.034138 166.031170 166.031170 166.031912 166.036364 0.000000 
0.000000 0.000000 0.000000 166.037107 166.031170 166.028943 166.028943 166.031170 166.036364 0.000000 
0.000000 0.000000 0.000000 166.033396 166.028201 166.027459 166.027459 166.031170 166.037107 0.000000 
0.000000 0.000000 166.038591 166.029685 166.025232 166.025232 166.026717 166.031170 166.038591 0.000000 
0.000000 0.000000 166.034138 166.025975 166.023748 166.023006 166.025232 166.031170 166.040075 0.000000 
0.000000 0.000000 166.029685 166.023006 166.021522 166.021522 166.025232 166.032654 0.000000 0.000000 
0.000000 166.037849 166.025975 166.020038 166.019295 166.020038 166.025232 166.034138 0.000000 0.000000 
0.000000 166.033396 166.021522 166.017811 166.017069 166.020038 166.026717 166.037849 0.000000 0.000000 
0.000000 166.028201 166.017811 166.015585 166.015585 166.020038 166.028201 0.000000 0.000000 0.000000 
0.000000 166.023748 166.014843 166.013358 166.014100 166.020780 166.032654 0.000000 0.000000 0.000000 
0.000000 166.019295 166.011874 166.011132 166.014100 166.022264 166.039333 0.000000 0.000000 0.000000 
0.000000 166.014843 166.009648 166.009648 166.014843 166.027459 0.000000 0.000000 0.000000 0.000000 
166.038591 166.010390 166.007421 166.008906 166.017069 166.036364 0.000000 0.000000 0.000000 0.000000 
166.035622 166.006679 166.005195 166.008906 166.023748 0.000000 0.000000 0.000000 0.000000 0.000000 
166.031170 166.003711 166.003711 166.011132 166.037107 0.000000 0.000000 0.000000 0.000000 0.000000 
166.029685 166.001484 166.002969 166.023006 0.000000 0.000000 0.000000 0.000000 0.000000 0.000000 
166.037849 166.000000 166.008906 0.000000 0.000000 0.000000 0.000000 0.000000 0.000000 0.000000 
