test/output/constant/M3M490_S060_A090_WD225.0_WS040.0/M3M490_S060_A090_WD225.0_WS040.0_ros.asc
ncols         32
nrows         15
xllcorner     426503.990666
yllcorner     12747455.311160
cellsize      100.000000
NODATA_value  0.000000
1.560870 2.111006 5.360840 13.514544 10.249849 25.484262 25.484262 13.514544 10.249849 13.514544 0.000000 0.000000 0.000000 0.000000 0.000000 0.000000 0.000000 0.000000 0.000000 0.000000 0.000000 0.000000 0.000000 0.000000 0.000000 0.000000 0.000000 0.000000 0.000000 0.000000 0.000000 0.000000 
2.953609 -1.000000 53.077087 53.077087 45.354515 41.973591 29.805882 21.245102 10.249849 7.510775 25.484262 13.514544 25.484262 13.514544 0.000000 0.000000 0.000000 0.000000 0.000000 0.000000 0.000000 0.000000 0.000000 0.000000 0.000000 0.000000 0.000000 0.000000 0.000000 0.000000 0.000000 0.000000 
2.953609 35.310207 53.077087 53.077087 53.077087 53.077087 53.077087 10.249849 13.514544 41.973591 45.354515 34.079830 45.354515 34.079830 41.973591 21.245102 21.245102 0.000000 0.000000 0.000000 0.000000 0.000000 0.000000 0.000000 0.000000 0.000000 0.000000 0.000000 0.000000 0.000000 0.000000 0.000000 
0.000000 4.177400 39.328926 39.328926 48.944206 53.077087 53.077087 53.077087 53.077087 53.077087 53.077087 53.077087 48.217396 17.215378 41.973591 48.217396 41.973591 17.215378 48.217396 10.249849 0.000000 0.000000 0.000000 0.000000 0.000000 0.000000 0.000000 0.000000 0.000000 0.000000 0.000000 0.000000 
0.000000 4.177400 4.177400 2.953609 46.250923 39.328926 53.077087 53.077087 53.077087 53.077087 53.077087 53.077087 13.514544 53.077087 50.475471 13.514544 48.217396 52.060310 13.514544 41.973591 48.217396 45.354515 0.000000 0.000000 0.000000 0.000000 0.000000 0.000000 0.000000 0.000000 0.000000 0.000000 
0.000000 0.000000 0.000000 35.310207 43.013077 39.328926 39.328926 39.328926 53.077087 53.077087 53.077087 53.077087 53.077087 53.077087 53.077087 53.077087 17.215378 29.805882 48.217396 48.217396 41.973591 48.217396 45.354515 52.923893 0.000000 0.000000 0.000000 0.000000 0.000000 0.000000 0.000000 0.000000 
0.000000 0.000000 0.000000 0.000000 4.177400 43.013077 39.328926 46.250923 43.013077 53.077087 53.077087 53.077087 53.077087 53.077087 53.077087 52.923893 53.077087 53.077087 45.354515 53.077087 13.514544 7.510775 53.077087 53.077087 53.077087 45.354515 0.000000 0.000000 0.000000 0.000000 0.000000 0.000000 
0.000000 0.000000 0.000000 0.000000 0.000000 0.000000 5.945276 39.328926 43.013077 39.328926 43.013077 53.077087 52.388950 53.077087 53.077087 53.077087 53.077087 53.077087 53.077087 53.077087 53.077087 45.354515 45.354515 50.475471 53.077087 52.060310 45.354515 0.000000 0.000000 0.000000 0.000000 0.000000 
0.000000 0.000000 0.000000 0.000000 0.000000 0.000000 0.000000 39.328926 43.013077 43.013077 43.013077 46.250923 52.388950 53.077087 51.011143 53.077087 53.077087 53.077087 53.077087 53.077087 53.077087 53.077087 17.215378 53.077087 53.077087 53.077087 41.973591 34.079830 48.217396 0.000000 0.000000 0.000000 
0.000000 0.000000 0.000000 0.000000 0.000000 0.000000 0.000000 0.000000 0.000000 39.328926 39.328926 1.449707 1.449707 43.013077 52.388950 43.013077 53.077087 53.077087 53.077087 53.077087 53.077087 53.077087 53.077087 53.077087 53.077087 53.077087 53.077087 48.217396 53.077087 50.475471 0.000000 0.000000 
0.000000 0.000000 0.000000 0.000000 0.000000 0.000000 0.000000 0.000000 0.000000 0.000000 0.000000 39.328926 43.013077 43.013077 46.250923 53.035740 51.011143 53.077087 51.011143 53.077087 53.077087 52.388950 53.077087 53.077087 53.077087 53.077087 53.077087 53.077087 53.077087 53.077087 50.475471 0.000000 
0.000000 0.000000 0.000000 0.000000 0.000000 0.000000 0.000000 0.000000 0.000000 0.000000 0.000000 0.000000 0.000000 0.000000 39.328926 46.250923 46.250923 53.077087 52.388950 53.077087 51.011143 53.077087 52.388950 53.077087 53.077087 52.388950 53.077087 53.077087 53.077087 53.077087 53.077087 0.000000 
0.000000 0.000000 0.000000 0.000000 0.000000 0.000000 0.000000 0.000000 0.000000 0.000000 0.000000 0.000000 0.000000 0.000000 0.000000 0.000000 0.000000 46.250923 39.328926 53.077087 53.077087 53.077087 53.035740 52.388950 53.077087 53.077087 53.077087 53.077087 53.077087 53.077087 53.077087 52.923893 
0.000000 0.000000 0.000000 0.000000 0.000000 0.000000 0.000000 0.000000 0.000000 0.000000 0.000000 0.000000 0.000000 0.000000 0.000000 0.000000 0.000000 0.000000 0.000000 0.000000 43.013077 53.077087 53.035740 51.011143 53.077087 53.077087 53.077087 53.077087 53.077087 53.077087 53.077087 53.077087 
0.000000 0.000000 0.000000 0.000000 0.000000 0.000000 0.000000 0.000000 0.000000 0.000000 0.000000 0.000000 0.000000 0.000000 0.000000 0.000000 0.000000 0.000000 0.000000 0.000000 0.000000 0.000000 0.000000 0.000000 0.000000 43.013077 52.388950 53.077087 53.077087 52.388950 0.000000 0.000000 
