test/output/constant/M3M490_S060_A090_WD225.0_WS040.0/M3M490_S060_A090_WD225.0_WS040.0_raz.asc
ncols         32
nrows         15
xllcorner     426503.990666
yllcorner     12747455.311160
cellsize      100.000000
NODATA_value  0.000000
316 2 61 84 79 95 95 84 79 84 0 0 0 0 0 0 0 0 0 0 0 0 0 0 0 0 0 0 0 0 0 0 
191 65535 111 111 105 103 97 92 79 71 95 84 95 84 0 0 0 0 0 0 0 0 0 0 0 0 0 0 0 0 0 0 
191 122 111 111 111 111 111 79 84 103 105 99 105 99 103 92 92 0 0 0 0 0 0 0 0 0 0 0 0 0 0 0 
0 174 120 120 115 111 111 111 111 111 111 111 106 89 103 106 103 89 106 79 0 0 0 0 0 0 0 0 0 0 0 0 
0 174 174 191 117 120 111 111 111 111 111 111 84 111 107 84 106 109 84 103 106 105 0 0 0 0 0 0 0 0 0 0 
0 0 0 122 118 120 120 120 111 111 111 111 111 111 111 111 89 97 106 106 103 106 105 110 0 0 0 0 0 0 0 0 
0 0 0 0 174 118 120 117 118 111 111 111 111 111 111 110 111 111 105 111 84 71 111 111 111 105 0 0 0 0 0 0 
0 0 0 0 0 0 160 120 118 120 118 111 113 111 111 111 111 111 111 111 111 105 105 107 111 109 105 0 0 0 0 0 
0 0 0 0 0 0 0 120 118 118 118 117 113 111 114 111 111 111 111 111 111 111 89 111 111 111 103 99 106 0 0 0 
0 0 0 0 0 0 0 0 0 120 120 265 265 118 113 118 111 111 111 111 111 111 111 111 111 111 111 106 111 107 0 0 
0 0 0 0 0 0 0 0 0 0 0 120 118 118 117 111 114 111 114 111 111 113 111 111 111 111 111 111 111 111 107 0 
0 0 0 0 0 0 0 0 0 0 0 0 0 0 120 117 117 111 113 111 114 111 113 111 111 113 111 111 111 111 111 0 
0 0 0 0 0 0 0 0 0 0 0 0 0 0 0 0 0 117 120 111 111 111 111 113 111 111 111 111 111 111 111 110 
0 0 0 0 0 0 0 0 0 0 0 0 0 0 0 0 0 0 0 0 118 111 111 114 111 111 111 111 111 111 111 111 
0 0 0 0 0 0 0 0 0 0 0 0 0 0 0 0 0 0 0 0 0 0 0 0 0 118 113 111 111 113 0 0 
