test/output/constant/M3M490_S000_A000_WD000.0_WS040.0/M3M490_S000_A000_WD000.0_WS040.0_arrival.asc
ncols         11
nrows         52
xllcorner     426103.990666
yllcorner     12743755.311160
cellsize      100.000000
NODATA_value  0.000000
0.000000 0.000000 0.000000 0.000000 0.000000 166.041213 0.000000 0.000000 0.000000 0.000000 0.000000 
0.000000 0.000000 0.000000 0.000000 166.012062 166.000000 166.012062 0.000000 0.000000 0.000000 0.000000 
0.000000 0.000000 0.000000 166.032836 166.006031 166.000670 166.006031 166.032836 0.000000 0.000000 0.000000 
0.000000 0.000000 0.000000 166.024795 166.004691 166.001340 166.004691 166.024795 0.000000 0.000000 0.000000 
0.000000 0.000000 0.000000 166.019099 166.004691 166.002345 166.004691 166.019099 0.000000 0.000000 0.000000 
0.000000 0.000000 166.037862 166.016418 166.004691 166.003016 166.004691 166.016418 166.037862 0.000000 0.000000 
0.000000 0.000000 166.032166 166.014743 166.005361 166.004021 166.005361 166.014743 166.032166 0.000000 0.000000 
0.000000 0.000000 166.029151 166.013738 166.006031 166.004691 166.006031 166.013738 166.029151 0.000000 0.000000 
0.000000 0.000000 166.026805 166.013403 166.006701 166.005696 166.006701 166.013403 166.026805 0.000000 0.000000 
0.000000 0.000000 166.025465 166.013403 166.007371 166.006366 166.007371 166.013403 166.025465 0.000000 0.000000 
0.000000 166.039873 166.024125 166.013403 166.008042 166.007371 166.008042 166.013403 166.024125 166.039873 0.000000 
0.000000 166.037192 166.023119 166.013403 166.008712 166.008042 166.008712 166.013403 166.023119 166.037192 0.000000 
0.000000 166.035852 166.022449 166.013738 166.009717 166.009047 166.009717 166.013738 166.022449 166.035852 0.000000 
0.000000 166.034176 166.022449 166.014073 166.010387 166.009717 166.010387 166.014073 166.022449 166.034176 0.000000 
0.000000 166.033171 166.022114 166.014743 166.011392 166.010722 166.011392 166.014743 166.022114 166.033171 0.000000 
0.000000 166.032166 166.021779 166.015413 166.012062 166.011392 166.012062 166.015413 166.021779 166.032166 0.000000 
0.000000 166.031831 166.021779 166.016083 166.013067 166.012397 166.013067 166.016083 166.021779 166.031831 0.000000 
0.000000 166.031496 166.022114 166.016418 166.013738 166.013067 166.013738 166.016418 166.022114 166.031496 0.000000 
0.000000 166.031161 166.022114 166.017088 166.014743 166.014073 166.014743 166.017088 166.022114 166.031161 0.000000 
166.041548 166.030826 166.022449 166.017758 166.015413 166.014743 166.015413 166.017758 166.022449 166.030826 166.041548 
166.040878 166.030826 166.023119 166.018428 166.016083 166.015748 166.016083 166.018428 166.023119 166.030826 166.040878 
166.040543 166.030491 166.023789 166.019099 166.017088 166.016418 166.017088 166.019099 166.023789 166.030491 166.040543 
166.040208 166.030491 166.024125 166.019769 166.017758 166.017423 166.017758 166.019769 166.024125 166.030491 166.040208 
166.039873 166.030826 166.024795 166.020774 166.018764 166.018093 166.018764 166.020774 166.024795 166.030826 166.039873 
166.039537 166.030826 166.025465 166.021444 166.019434 166.019099 166.019434 166.021444 166.025465 166.030826 166.039537 
166.039537 166.031161 166.026135 166.022114 166.020104 166.019769 166.020104 166.022114 166.026135 166.031161 166.039537 
166.039202 166.031496 166.026470 166.022784 166.021109 166.020774 166.021109 166.022784 166.026470 166.031496 166.039202 
166.039202 166.032166 166.027140 166.023789 166.021779 166.021444 166.021779 166.023789 166.027140 166.032166 166.039202 
166.039202 166.032501 166.027810 166.024460 166.022784 166.022449 166.022784 166.024460 166.027810 166.032501 166.039202 
166.039537 166.033171 166.028480 166.025130 166.023454 166.023119 166.023454 166.025130 166.028480 166.033171 166.039537 
166.039537 166.033506 166.029151 166.026135 166.024460 166.024125 166.024460 166.026135 166.029151 166.033506 166.039537 
166.039537 166.034176 166.029821 166.026805 166.025130 166.024795 166.025130 166.026805 166.029821 166.034176 166.039537 
166.040208 166.034847 166.030491 166.027475 166.026135 166.025800 166.026135 166.027475 166.030491 166.034847 166.040208 
166.040543 166.035517 166.031161 166.028480 166.026805 166.026470 166.026805 166.028480 166.031161 166.035517 166.040543 
166.040878 166.036187 166.031831 166.029151 166.027810 166.027475 166.027810 166.029151 166.031831 166.036187 166.040878 
166.041548 166.036522 166.032501 166.030156 166.028480 166.028145 166.028480 166.030156 166.032501 166.036522 166.041548 
0.000000 166.037192 166.033506 166.030826 166.029151 166.029151 166.029151 166.030826 166.033506 166.037192 0.000000 
0.000000 166.037862 166.034176 166.031496 166.030156 166.029821 166.030156 166.031496 166.034176 166.037862 0.000000 
0.000000 166.038532 166.034847 166.032501 166.030826 166.030826 166.030826 166.032501 166.034847 166.038532 0.000000 
0.000000 166.038867 166.035517 166.033171 166.031831 166.031496 166.031831 166.033171 166.035517 166.038867 0.000000 
0.000000 166.039537 166.036187 166.034176 166.032501 166.032501 166.032501 166.034176 166.036187 166.039537 0.000000 
0.000000 166.040208 166.037192 166.034847 166.033506 166.033171 166.033506 166.034847 166.037192 166.040208 0.000000 
0.000000 166.040878 166.037862 166.035517 166.034176 166.034176 166.034176 166.035517 166.037862 166.040878 0.000000 
0.000000 166.041548 166.038532 166.036522 166.035182 166.034847 166.035182 166.036522 166.038532 166.041548 0.000000 
0.000000 0.000000 166.039537 166.037192 166.035852 166.035852 166.035852 166.037192 166.039537 0.000000 0.000000 
0.000000 0.000000 166.040208 166.038197 166.036857 166.036522 166.036857 166.038197 166.040208 0.000000 0.000000 
0.000000 0.000000 166.040878 166.038867 166.037527 166.037527 166.037527 166.038867 166.040878 0.000000 0.000000 
0.000000 0.000000 166.041548 166.039873 166.038532 166.038197 166.038532 166.039873 166.041548 0.000000 0.000000 
0.000000 0.000000 0.000000 166.040543 166.039202 166.039202 166.039202 166.040543 0.000000 0.000000 0.000000 
0.000000 0.000000 0.000000 166.041548 166.040208 166.039873 166.040208 166.041548 0.000000 0.000000 0.000000 
0.000000 0.000000 0.000000 0.000000 166.040878 166.040878 166.040878 0.000000 0.000000 0.000000 0.000000 
0.000000 0.000000 0.000000 0.000000 0.000000 166.041548 0.000000 0.000000 0.000000 0.000000 0.000000 
