test/output/constant/M480_S000_A180_WD090.0_WS050.0/M480_S000_A180_WD090.0_WS050.0_arrival.asc
ncols         38
nrows         7
xllcorner     422903.990666
yllcorner     12748455.311160
cellsize      100.000000
NODATA_value  0.000000
0.000000 0.000000 0.000000 0.000000 0.000000 0.000000 0.000000 0.000000 0.000000 166.041551 166.041099 166.040196 166.039293 166.038841 166.037938 166.037035 166.036583 166.036131 166.036131 166.035680 166.035680 166.036131 166.036583 166.037486 166.037938 166.038841 166.040648 0.000000 0.000000 0.000000 0.000000 0.000000 0.000000 0.000000 0.000000 0.000000 0.000000 0.000000 
0.000000 0.000000 0.000000 166.041551 166.040648 166.039293 166.038390 166.037486 166.036131 166.035228 166.034325 166.033422 166.032067 166.031163 166.030260 166.029357 166.028453 166.027550 166.026647 166.025744 166.025292 166.024389 166.023485 166.023034 166.022130 166.021679 166.021679 166.021679 166.022130 166.022582 166.023485 166.025292 166.028002 166.032518 166.039293 0.000000 0.000000 0.000000 
0.000000 166.041099 166.039744 166.038841 166.037486 166.036583 166.035228 166.034325 166.032970 166.032067 166.030712 166.029808 166.028453 166.027550 166.026195 166.025292 166.023937 166.023034 166.021679 166.020776 166.019872 166.018517 166.017614 166.016711 166.015356 166.014453 166.013098 166.012194 166.011291 166.010388 166.009484 166.008581 166.007678 166.007226 166.007678 166.008581 166.012194 166.031163 
166.041551 166.040196 166.039293 166.037938 166.037035 166.035680 166.034776 166.033422 166.032518 166.031163 166.030260 166.028905 166.028002 166.026647 166.025744 166.024389 166.023485 166.022130 166.021227 166.019872 166.018969 166.017614 166.016711 166.015356 166.014453 166.013098 166.012194 166.010839 166.009936 166.008581 166.007678 166.006323 166.005420 166.004065 166.003161 166.001807 166.000903 166.000000 
0.000000 166.041099 166.039744 166.038841 166.037486 166.036583 166.035228 166.034325 166.032970 166.032067 166.030712 166.029808 166.028453 166.027550 166.026195 166.025292 166.023937 166.023034 166.021679 166.020776 166.019872 166.018517 166.017614 166.016711 166.015356 166.014453 166.013098 166.012194 166.011291 166.010388 166.009484 166.008581 166.007678 166.007226 166.007678 166.008581 166.012194 166.031163 
0.000000 0.000000 0.000000 166.041551 166.040648 166.039293 166.038390 166.037486 166.036131 166.035228 166.034325 166.033422 166.032067 166.031163 166.030260 166.029357 166.028453 166.027550 166.026647 166.025744 166.025292 166.024389 166.023485 166.023034 166.022130 166.021679 166.021679 166.021679 166.022130 166.022582 166.023485 166.025292 166.028002 166.032518 166.039293 0.000000 0.000000 0.000000 
0.000000 0.000000 0.000000 0.000000 0.000000 0.000000 0.000000 0.000000 0.000000 166.041551 166.041099 166.040196 166.039293 166.038841 166.037938 166.037035 166.036583 166.036131 166.036131 166.035680 166.035680 166.036131 166.036583 166.037486 166.037938 166.038841 166.040648 0.000000 0.000000 0.000000 0.000000 0.000000 0.000000 0.000000 0.000000 0.000000 0.000000 0.000000 
