test/output/constant/M475_S060_A090_WD315.0_WS020.0/M475_S060_A090_WD315.0_WS020.0_arrival.asc
ncols         11
nrows         32
xllcorner     426603.990666
yllcorner     12745655.311160
cellsize      100.000000
NODATA_value  0.000000
166.000000 166.011906 0.000000 0.000000 0.000000 0.000000 0.000000 0.000000 0.000000 0.000000 0.000000 
166.000992 166.002480 166.031253 0.000000 0.000000 0.000000 0.000000 0.000000 0.000000 0.000000 0.000000 
166.001984 166.002480 166.012402 0.000000 0.000000 0.000000 0.000000 0.000000 0.000000 0.000000 0.000000 
166.004961 166.003473 166.006945 166.027780 0.000000 0.000000 0.000000 0.000000 0.000000 0.000000 0.000000 
166.008929 166.004961 166.006449 166.016867 0.000000 0.000000 0.000000 0.000000 0.000000 0.000000 0.000000 
166.013394 166.006449 166.006449 166.011906 166.030757 0.000000 0.000000 0.000000 0.000000 0.000000 0.000000 
166.018355 166.007937 166.007441 166.010418 166.021827 0.000000 0.000000 0.000000 0.000000 0.000000 0.000000 
166.023316 166.010418 166.008929 166.010418 166.016867 166.035221 0.000000 0.000000 0.000000 0.000000 0.000000 
166.028276 166.013890 166.010418 166.010418 166.014882 166.027284 0.000000 0.000000 0.000000 0.000000 0.000000 
166.033237 166.017363 166.011410 166.011410 166.014386 166.022323 166.039686 0.000000 0.000000 0.000000 0.000000 
166.038198 166.021331 166.013394 166.012898 166.014386 166.019843 166.032245 0.000000 0.000000 0.000000 0.000000 
0.000000 166.025796 166.016370 166.014386 166.014386 166.018355 166.027780 0.000000 0.000000 0.000000 0.000000 
0.000000 166.029764 166.019347 166.015378 166.015378 166.018355 166.024804 166.037702 0.000000 0.000000 0.000000 
0.000000 166.034725 166.022819 166.017363 166.016867 166.018355 166.023316 166.032741 0.000000 0.000000 0.000000 
0.000000 166.039686 166.026292 166.019347 166.018355 166.018355 166.022323 166.030261 0.000000 0.000000 0.000000 
0.000000 0.000000 166.029764 166.022323 166.019347 166.019347 166.022323 166.028276 166.038198 0.000000 0.000000 
0.000000 0.000000 166.033733 166.024804 166.021331 166.020835 166.022323 166.026788 166.035221 0.000000 0.000000 
0.000000 0.000000 166.038198 166.028276 166.022819 166.022323 166.022323 166.026292 166.033237 0.000000 0.000000 
0.000000 0.000000 0.000000 166.031749 166.025300 166.023316 166.023316 166.026292 166.031253 166.040182 0.000000 
0.000000 0.000000 0.000000 166.035221 166.028276 166.024804 166.024804 166.026292 166.030261 166.038198 0.000000 
0.000000 0.000000 0.000000 166.038694 166.030757 166.026788 166.026292 166.026788 166.030261 166.036213 0.000000 
0.000000 0.000000 0.000000 0.000000 166.033733 166.028772 166.027284 166.027284 166.030261 166.035221 0.000000 
0.000000 0.000000 0.000000 0.000000 166.037206 166.031253 166.028772 166.028772 166.030261 166.034229 166.041174 
0.000000 0.000000 0.000000 0.000000 166.040678 166.033733 166.030757 166.030261 166.030757 166.034229 166.039686 
0.000000 0.000000 0.000000 0.000000 0.000000 166.036710 166.032245 166.031253 166.031749 166.034229 166.038694 
0.000000 0.000000 0.000000 0.000000 0.000000 166.039686 166.034725 166.032741 166.032741 166.034229 166.038198 
0.000000 0.000000 0.000000 0.000000 0.000000 0.000000 166.037206 166.034229 166.034229 166.034725 166.038198 
0.000000 0.000000 0.000000 0.000000 0.000000 0.000000 166.039686 166.036213 166.035221 166.035717 166.038198 
0.000000 0.000000 0.000000 0.000000 0.000000 0.000000 0.000000 166.038198 166.036710 166.036710 166.038198 
0.000000 0.000000 0.000000 0.000000 0.000000 0.000000 0.000000 166.040678 166.038198 166.038198 166.038694 
0.000000 0.000000 0.000000 0.000000 0.000000 0.000000 0.000000 0.000000 166.039686 166.039190 166.039686 
0.000000 0.000000 0.000000 0.000000 0.000000 0.000000 0.000000 0.000000 166.041667 166.040678 166.040678 
