test/output/constant/M3100_S060_A090_WD225.0_WS010.0/M3100_S060_A090_WD225.0_WS010.0_raz.asc
ncols         15
nrows         50
xllcorner     426403.990666
yllcorner     12743955.311160
cellsize      100.000000
NODATA_value  0.000000
0 348 78 57 0 0 0 0 0 0 0 0 0 0 0 
0 279 254 89 78 0 0 0 0 0 0 0 0 0 0 
348 186 168 168 78 78 0 0 0 0 0 0 0 0 0 
193 186 168 168 159 78 0 0 0 0 0 0 0 0 0 
186 193 168 168 159 157 78 0 0 0 0 0 0 0 0 
189 193 168 168 168 159 89 0 0 0 0 0 0 0 0 
186 178 168 168 162 159 159 157 0 0 0 0 0 0 0 
189 180 168 168 167 160 159 78 0 0 0 0 0 0 0 
193 180 170 168 164 165 160 159 157 0 0 0 0 0 0 
189 189 175 168 168 168 165 159 159 0 0 0 0 0 0 
199 180 186 168 168 167 165 159 159 0 0 0 0 0 0 
186 180 172 168 168 168 165 159 159 57 0 0 0 0 0 
180 177 175 175 168 168 168 165 159 160 0 0 0 0 0 
175 178 170 168 168 168 168 159 159 160 0 0 0 0 0 
183 174 174 168 168 168 165 168 160 159 160 0 0 0 0 
186 177 180 186 168 167 167 167 164 160 160 0 0 0 0 
180 186 172 183 168 168 168 160 168 160 159 0 0 0 0 
177 175 175 180 168 168 168 168 168 159 78 160 0 0 0 
178 180 193 193 168 168 168 164 165 167 165 159 0 0 0 
0 175 172 168 168 168 168 168 168 165 159 159 0 0 0 
0 189 183 170 170 168 165 168 167 164 159 159 0 0 0 
0 175 172 175 168 183 168 167 168 159 165 57 159 0 0 
0 178 178 189 175 180 168 168 164 167 163 160 159 0 0 
0 174 172 170 183 168 168 168 168 167 165 160 159 0 0 
0 177 177 174 171 168 168 168 168 168 162 165 159 0 0 
0 193 189 180 170 171 168 168 168 163 164 165 165 159 0 
0 0 177 168 168 168 168 168 168 165 167 165 163 159 0 
0 0 183 174 168 172 168 168 168 168 160 168 165 159 0 
0 0 178 180 169 168 199 168 168 167 165 163 163 168 0 
0 0 193 168 171 168 180 168 165 168 163 162 159 159 0 
0 0 175 174 183 168 189 168 168 168 168 165 168 163 0 
0 0 0 193 170 170 168 168 168 168 168 162 78 78 163 
0 0 0 172 168 169 174 168 168 168 168 168 163 168 167 
0 0 0 177 175 170 168 168 168 168 168 167 163 167 168 
0 0 0 199 189 168 183 168 168 163 165 168 167 168 168 
0 0 0 0 168 168 180 183 168 168 168 165 168 168 165 
0 0 0 0 172 168 169 174 168 168 167 168 168 162 164 
0 0 0 0 180 168 168 171 168 168 167 168 168 168 168 
0 0 0 0 0 168 193 168 168 168 168 168 168 164 168 
0 0 0 0 0 168 170 168 168 168 168 168 168 165 168 
0 0 0 0 0 170 168 177 168 168 168 168 168 168 165 
0 0 0 0 0 0 168 168 168 168 168 168 168 163 167 
0 0 0 0 0 0 168 180 183 168 168 167 168 168 168 
0 0 0 0 0 0 0 168 170 168 168 168 168 168 165 
0 0 0 0 0 0 0 168 171 168 168 168 168 168 168 
0 0 0 0 0 0 0 0 170 168 168 168 168 168 168 
0 0 0 0 0 0 0 0 168 168 168 168 168 168 163 
0 0 0 0 0 0 0 0 0 168 168 168 165 167 0 
0 0 0 0 0 0 0 0 0 0 168 168 168 168 0 
0 0 0 0 0 0 0 0 0 0 0 168 168 0 0 
