test/output/constant/M3100_S060_A090_WD225.0_WS010.0/M3100_S060_A090_WD225.0_WS010.0_intensity.asc
ncols         15
nrows         50
xllcorner     426403.990666
yllcorner     12743955.311160
cellsize      100.000000
NODATA_value  0.000000
0 1336 1987 1600 0 0 0 0 0 0 0 0 0 0 0 
0 1542 0 2380 1987 0 0 0 0 0 0 0 0 0 0 
1336 27424 75467 75467 1987 1987 0 0 0 0 0 0 0 0 0 
16293 27424 75467 75467 51223 1987 0 0 0 0 0 0 0 0 0 
27424 16293 75467 75467 51223 45083 1987 0 0 0 0 0 0 0 0 
21596 16293 75467 75467 75467 51223 2380 0 0 0 0 0 0 0 0 
27424 46257 75467 75467 62223 51223 51223 45083 0 0 0 0 0 0 0 
21596 39945 75467 75467 75290 56995 51223 1987 0 0 0 0 0 0 0 
16293 39945 73573 75467 70433 73165 56995 51223 45083 0 0 0 0 0 0 
21596 21596 58036 75467 75467 75467 73165 51223 51223 0 0 0 0 0 0 
11674 39945 27424 75467 75467 74862 73165 51223 51223 0 0 0 0 0 0 
27424 39945 67523 75467 75467 75467 73165 51223 51223 1600 0 0 0 0 0 
39945 52349 58036 58036 75467 75467 75467 73165 51223 56995 0 0 0 0 0 
58036 46257 73573 75467 75467 75467 75467 51223 51223 56995 0 0 0 0 0 
33603 63146 63146 75467 75467 75467 73165 75467 56995 51223 56995 0 0 0 0 
27424 52349 39945 27424 75467 74862 74862 75290 70433 56995 56995 0 0 0 0 
39945 27424 67523 33603 75467 75467 75467 56995 75467 56995 51223 0 0 0 0 
52349 58036 58036 39945 75467 75467 75467 75467 75467 51223 1987 56995 0 0 0 
46257 39945 16293 16293 75467 75467 75467 70433 73165 74862 73165 51223 0 0 0 
0 58036 67523 75467 75467 75467 75467 75467 75467 73165 51223 51223 0 0 0 
0 21596 33603 73573 73573 75467 73165 75467 75290 70433 51223 51223 0 0 0 
0 58036 67523 58036 75467 33603 75467 75290 75467 51223 73165 1600 51223 0 0 
0 46257 46257 21596 58036 39945 75467 75467 70433 75290 66748 56995 51223 0 0 
0 63146 67523 73573 33603 75467 75467 75467 75467 74862 73165 56995 51223 0 0 
0 52349 52349 63146 71034 75467 75467 75467 75467 75467 62223 73165 51223 0 0 
0 16293 21596 39945 73573 71034 75467 75467 75467 66748 70433 73165 73165 51223 0 
0 0 52349 75467 75392 75467 75467 75467 75467 73165 75290 73165 66748 51223 0 
0 0 33603 63146 75392 67523 75467 75467 75467 75467 56995 75467 73165 51223 0 
0 0 46257 39945 75064 75467 11674 75467 75467 75290 73165 66748 66748 75467 0 
0 0 16293 75392 71034 75467 39945 75467 73165 75467 66748 62223 51223 51223 0 
0 0 58036 63146 33603 75467 21596 75467 75467 75467 75467 73165 75467 66748 0 
0 0 0 16293 73573 73573 75467 75467 75467 75467 75467 62223 1987 1987 66748 
0 0 0 67523 75392 75064 63146 75467 75467 75467 75467 75467 66748 75467 74862 
0 0 0 52349 58036 73573 75467 75467 75467 75467 75467 74862 66748 75290 75467 
0 0 0 11674 21596 75467 33603 75467 75467 66748 73165 75467 75290 75467 75467 
0 0 0 0 75467 75467 39945 33603 75467 75467 75467 73165 75467 75467 73165 
0 0 0 0 67523 75467 75064 63146 75467 75467 75290 75467 75467 62223 70433 
0 0 0 0 39945 75467 75467 71034 75467 75467 75290 75467 75467 75467 75467 
0 0 0 0 0 75467 16293 75467 75467 75467 75467 75467 75467 70433 75467 
0 0 0 0 0 75467 73573 75467 75467 75467 75467 75467 75467 73165 75467 
0 0 0 0 0 73573 75467 52349 75467 75467 75467 75467 75467 75467 73165 
0 0 0 0 0 0 75467 75467 75467 75467 75467 75467 75467 66748 74862 
0 0 0 0 0 0 75467 39945 33603 75392 75467 74862 75467 75467 75467 
0 0 0 0 0 0 0 75467 73573 75467 75467 75467 75467 75467 73165 
0 0 0 0 0 0 0 75467 71034 75467 75467 75467 75467 75467 75467 
0 0 0 0 0 0 0 0 73573 75467 75467 75467 75467 75467 75467 
0 0 0 0 0 0 0 0 75467 75467 75467 75467 75467 75467 66748 
0 0 0 0 0 0 0 0 0 75467 75467 75467 73165 75290 0 
0 0 0 0 0 0 0 0 0 0 75467 75467 75467 75467 0 
0 0 0 0 0 0 0 0 0 0 0 75467 75467 0 0 
