test/output/constant/M3M490_S060_A000_WD000.0_WS005.0/M3M490_S060_A000_WD000.0_WS005.0_raz.asc
ncols         50
nrows         12
xllcorner     421803.990666
yllcorner     12747855.311160
cellsize      100.000000
NODATA_value  0.000000
0 0 0 0 0 0 0 0 0 0 0 0 0 0 0 0 0 0 0 0 0 0 278 278 278 281 273 273 278 278 272 275 281 278 272 278 275 281 278 278 273 278 281 275 16 278 16 0 0 0 
0 0 0 0 0 0 0 0 0 0 0 0 0 0 0 273 269 278 270 275 270 281 270 270 269 270 269 270 269 269 272 270 275 272 273 273 281 278 275 275 275 281 278 281 281 278 273 278 352 0 
0 0 0 0 0 0 0 0 0 0 0 270 269 270 269 269 272 269 272 269 273 270 275 270 275 270 281 269 270 269 270 269 269 275 270 270 270 269 269 270 270 269 270 272 262 262 262 262 65535 82 
0 0 0 0 0 0 0 272 270 269 269 270 275 269 270 269 269 270 275 269 270 275 269 270 275 269 270 270 264 275 267 272 265 270 278 262 262 262 262 262 262 262 262 262 260 262 256 172 172 0 
0 0 0 0 0 269 270 278 269 269 270 272 269 270 269 272 275 265 265 270 266 270 262 262 270 269 270 262 262 262 262 262 262 262 262 262 262 262 262 262 260 256 254 254 186 254 149 186 0 0 
0 0 272 270 263 269 270 266 270 267 270 269 264 270 262 273 266 267 262 262 269 262 262 262 262 262 262 262 262 262 262 262 262 262 262 262 260 256 254 256 254 186 215 254 172 186 0 0 0 0 
0 263 267 269 266 270 262 262 272 269 262 262 262 262 262 262 262 262 262 262 262 262 262 262 262 262 262 262 262 262 260 262 259 254 254 254 215 254 226 256 256 254 215 254 0 0 0 0 0 0 
267 262 262 262 262 262 262 262 270 262 262 262 262 262 262 262 262 262 262 262 262 262 262 262 260 262 262 262 257 256 254 198 256 254 215 226 254 254 198 198 149 0 0 0 0 0 0 0 0 0 
262 262 262 262 262 262 262 262 262 262 262 262 262 262 262 262 262 257 262 262 260 262 262 254 262 257 258 215 256 256 198 215 215 198 254 256 254 0 0 0 0 0 0 0 0 0 0 0 0 0 
262 262 262 262 262 262 262 262 261 262 262 258 262 262 260 262 262 257 256 254 254 254 215 254 256 215 256 254 254 254 198 256 254 0 0 0 0 0 0 0 0 0 0 0 0 0 0 0 0 0 
0 262 262 262 262 260 262 262 262 262 260 258 262 258 254 254 254 254 254 254 254 215 215 256 254 226 215 0 0 0 0 0 0 0 0 0 0 0 0 0 0 0 0 0 0 0 0 0 0 0 
0 0 0 0 0 0 257 259 257 258 254 256 256 256 256 254 215 254 254 0 0 0 0 0 0 0 0 0 0 0 0 0 0 0 0 0 0 0 0 0 0 0 0 0 0 0 0 0 0 0 
