test/output/constant/M385_S060_A270_WD045.0_WS015.0/M385_S060_A270_WD045.0_WS015.0_raz.asc
ncols         16
nrows         36
xllcorner     425203.990666
yllcorner     12748655.311160
cellsize      100.000000
NODATA_value  0.000000
0 339 339 355 0 0 0 0 0 0 0 0 0 0 0 0 
0 339 339 352 340 0 0 0 0 0 0 0 0 0 0 0 
0 339 339 342 1 352 0 0 0 0 0 0 0 0 0 0 
339 339 339 348 347 5 344 0 0 0 0 0 0 0 0 0 
337 339 339 339 347 350 350 18 0 0 0 0 0 0 0 0 
339 339 339 339 339 1 352 1 0 0 0 0 0 0 0 0 
339 339 339 339 339 340 350 11 358 0 0 0 0 0 0 0 
0 339 339 339 339 347 1 344 1 355 0 0 0 0 0 0 
0 336 339 339 339 339 347 341 350 358 0 0 0 0 0 0 
0 339 339 339 339 339 339 358 5 358 358 0 0 0 0 0 
0 276 337 339 339 339 339 5 344 1 358 0 0 0 0 0 
0 330 339 337 339 339 339 341 358 1 1 358 0 0 0 0 
0 330 330 339 339 339 339 339 355 358 358 352 0 0 0 0 
0 0 276 339 339 339 339 339 344 342 11 358 0 0 0 0 
0 0 330 330 339 339 339 348 352 358 358 358 1 0 0 0 
0 0 330 330 335 339 340 339 339 345 1 1 358 0 0 0 
0 0 330 330 330 339 339 339 339 358 345 358 358 5 0 0 
0 0 0 290 330 332 339 339 339 1 342 355 358 11 0 0 
0 0 0 290 330 330 339 339 339 1 355 352 1 1 0 0 
0 0 0 290 276 330 339 339 339 339 344 358 358 18 1 0 
0 0 0 0 276 330 276 336 339 339 345 350 1 11 358 0 
0 0 0 0 330 290 300 339 339 339 340 358 358 11 358 0 
0 0 0 0 0 290 290 300 339 339 342 358 358 11 5 0 
0 0 0 0 0 259 276 300 339 339 339 348 1 11 1 0 
0 0 0 0 0 0 290 300 330 339 340 339 344 5 5 5 
0 0 0 0 0 0 330 290 330 339 339 339 341 5 11 5 
0 0 0 0 0 0 0 259 276 330 339 339 350 358 11 5 
0 0 0 0 0 0 0 330 330 330 335 339 342 358 11 11 
0 0 0 0 0 0 0 0 290 330 330 336 339 18 358 1 
0 0 0 0 0 0 0 0 259 276 290 339 339 352 1 1 
0 0 0 0 0 0 0 0 0 276 276 276 339 339 358 11 
0 0 0 0 0 0 0 0 0 259 276 290 339 339 355 11 
0 0 0 0 0 0 0 0 0 0 259 259 330 339 358 18 
0 0 0 0 0 0 0 0 0 0 0 259 276 339 339 11 
0 0 0 0 0 0 0 0 0 0 0 0 276 276 65535 88 
0 0 0 0 0 0 0 0 0 0 0 0 0 230 184 134 
