test/output/constant/M375_S060_A180_WD045.0_WS010.0/M375_S060_A180_WD045.0_WS010.0_arrival.asc
ncols         35
nrows         12
xllcorner     426503.990666
yllcorner     12747855.311160
cellsize      100.000000
NODATA_value  0.000000
0.000000 0.000000 0.000000 0.000000 166.039713 166.037776 166.037776 166.038260 166.039229 166.040197 166.041166 0.000000 0.000000 0.000000 0.000000 0.000000 0.000000 0.000000 0.000000 0.000000 0.000000 0.000000 0.000000 0.000000 0.000000 0.000000 0.000000 0.000000 0.000000 0.000000 0.000000 0.000000 0.000000 0.000000 0.000000 
166.039713 166.016951 166.013561 166.013561 166.014045 166.015498 166.017435 166.019372 166.021794 166.023731 166.025668 166.027605 166.029543 166.031480 166.033901 166.035839 166.038260 166.040197 0.000000 0.000000 0.000000 0.000000 0.000000 0.000000 0.000000 0.000000 0.000000 0.000000 0.000000 0.000000 0.000000 0.000000 0.000000 0.000000 0.000000 
166.026637 166.000000 166.000969 166.001937 166.003390 166.004843 166.006780 166.008718 166.011139 166.013076 166.015013 166.017435 166.019372 166.021309 166.023731 166.025668 166.027605 166.030027 166.031964 166.034386 166.036323 166.038260 166.040682 0.000000 0.000000 0.000000 0.000000 0.000000 0.000000 0.000000 0.000000 0.000000 0.000000 0.000000 0.000000 
166.036323 166.006780 166.002422 166.002422 166.003390 166.004843 166.005812 166.007265 166.008233 166.009686 166.011139 166.013076 166.014529 166.016466 166.018404 166.020341 166.022278 166.024215 166.026153 166.028090 166.030027 166.032449 166.034386 166.036323 166.038745 166.040682 0.000000 0.000000 0.000000 0.000000 0.000000 0.000000 0.000000 0.000000 0.000000 
0.000000 166.034386 166.018404 166.010170 166.007265 166.007265 166.007265 166.007265 166.008233 166.009686 166.011139 166.012108 166.013561 166.014529 166.015982 166.017435 166.018888 166.020825 166.022278 166.024215 166.026153 166.028090 166.029543 166.031480 166.033417 166.035354 166.037292 166.039229 166.041166 0.000000 0.000000 0.000000 0.000000 0.000000 0.000000 
0.000000 0.000000 0.000000 166.029543 166.020341 166.015498 166.012592 166.011623 166.011623 166.011623 166.012108 166.012592 166.013561 166.014529 166.015982 166.016951 166.018404 166.019857 166.020825 166.022278 166.023731 166.025184 166.027121 166.028574 166.030511 166.031964 166.033901 166.035354 166.037292 166.039229 166.041166 0.000000 0.000000 0.000000 0.000000 
0.000000 0.000000 0.000000 0.000000 166.040682 166.031480 166.025184 166.020825 166.017919 166.016951 166.016466 166.015982 166.015982 166.016466 166.016951 166.017435 166.018404 166.019857 166.020825 166.022278 166.023247 166.024700 166.026153 166.027121 166.028574 166.030027 166.031480 166.033417 166.034870 166.036323 166.038260 166.039713 166.041650 0.000000 0.000000 
0.000000 0.000000 0.000000 0.000000 0.000000 0.000000 0.000000 166.035354 166.030027 166.026153 166.023247 166.021794 166.021309 166.020825 166.020825 166.020825 166.020825 166.021309 166.021794 166.022762 166.023731 166.024700 166.026153 166.027121 166.028574 166.029543 166.030996 166.032449 166.033417 166.034870 166.036323 166.037776 166.039229 166.041166 0.000000 
0.000000 0.000000 0.000000 0.000000 0.000000 0.000000 0.000000 0.000000 0.000000 166.039713 166.034870 166.031480 166.028574 166.027121 166.026153 166.025668 166.025184 166.025184 166.025184 166.025184 166.025668 166.026153 166.027121 166.028090 166.028574 166.030027 166.030996 166.032449 166.033417 166.034870 166.035839 166.037292 166.038745 166.039713 166.041166 
0.000000 0.000000 0.000000 0.000000 0.000000 0.000000 0.000000 0.000000 0.000000 0.000000 0.000000 0.000000 166.040197 166.036807 166.033901 166.032449 166.030996 166.030511 166.030027 166.030027 166.029543 166.029543 166.030027 166.030511 166.030511 166.031480 166.031964 166.032933 166.033901 166.034870 166.035839 166.037292 166.038745 166.039713 166.041166 
0.000000 0.000000 0.000000 0.000000 0.000000 0.000000 0.000000 0.000000 0.000000 0.000000 0.000000 0.000000 0.000000 0.000000 0.000000 0.000000 166.039229 166.037776 166.036323 166.035354 166.034870 166.034386 166.034386 166.034386 166.034386 166.034386 166.034870 166.035354 166.035839 166.036323 166.037292 166.038260 166.038745 166.040197 166.041166 
0.000000 0.000000 0.000000 0.000000 0.000000 0.000000 0.000000 0.000000 0.000000 0.000000 0.000000 0.000000 0.000000 0.000000 0.000000 0.000000 0.000000 0.000000 0.000000 0.000000 166.041166 166.040197 166.039713 166.039229 166.039229 166.038745 166.038745 166.038745 166.038745 166.039229 166.039713 166.040197 166.040682 166.041166 0.000000 
