test/output/constant/M375_S060_A180_WD045.0_WS010.0/M375_S060_A180_WD045.0_WS010.0_ros.asc
ncols         35
nrows         12
xllcorner     426503.990666
yllcorner     12747855.311160
cellsize      100.000000
NODATA_value  0.000000
0.000000 0.000000 0.000000 0.000000 20.874342 12.569800 12.569800 16.525295 16.525295 9.125360 30.222359 0.000000 0.000000 0.000000 0.000000 0.000000 0.000000 0.000000 0.000000 0.000000 0.000000 0.000000 0.000000 0.000000 0.000000 0.000000 0.000000 0.000000 0.000000 0.000000 0.000000 0.000000 0.000000 0.000000 0.000000 
1.863686 1.487547 16.525295 12.569800 30.222359 30.222359 30.222359 12.569800 25.486387 25.486387 16.525295 9.125360 34.939117 30.222359 25.486387 43.748802 20.874342 43.748802 0.000000 0.000000 0.000000 0.000000 0.000000 0.000000 0.000000 0.000000 0.000000 0.000000 0.000000 0.000000 0.000000 0.000000 0.000000 0.000000 0.000000 
1.353998 -1.000000 56.851723 56.851723 56.851723 56.851723 56.851723 47.574848 25.486387 20.874342 50.856094 20.874342 20.874342 47.574848 20.874342 53.493092 47.574848 20.874342 50.856094 25.486387 16.525295 43.748802 20.874342 0.000000 0.000000 0.000000 0.000000 0.000000 0.000000 0.000000 0.000000 0.000000 0.000000 0.000000 0.000000 
1.544596 1.544596 56.851723 56.851723 56.851723 56.851723 56.851723 56.851723 56.851723 56.851723 56.851723 20.874342 56.851723 56.851723 56.851723 20.874342 20.874342 16.525295 56.851723 53.493092 34.939117 30.222359 55.405930 53.493092 25.486387 16.525295 0.000000 0.000000 0.000000 0.000000 0.000000 0.000000 0.000000 0.000000 0.000000 
0.000000 1.544596 1.863686 42.827206 38.499096 55.038876 56.851723 55.038876 56.851723 56.851723 56.851723 56.851723 25.486387 56.851723 56.851723 56.851723 56.796200 56.851723 43.748802 56.851723 56.851723 25.486387 43.748802 56.536678 56.851723 56.851723 56.851723 56.851723 34.939117 0.000000 0.000000 0.000000 0.000000 0.000000 0.000000 
0.000000 0.000000 0.000000 1.353998 33.903820 42.827206 38.499096 52.956718 56.851723 56.851723 56.851723 56.851723 56.851723 56.851723 56.851723 56.796200 56.851723 30.222359 56.536678 56.851723 56.851723 43.748802 25.486387 56.851723 56.851723 56.796200 16.525295 47.574848 47.574848 56.851723 56.851723 0.000000 0.000000 0.000000 0.000000 
0.000000 0.000000 0.000000 0.000000 2.162027 42.827206 1.353998 38.499096 38.499096 55.038876 56.851723 55.038876 55.038876 56.851723 56.851723 56.851723 56.851723 56.851723 56.851723 56.851723 56.851723 56.851723 56.851723 55.405930 56.851723 56.851723 56.851723 16.525295 56.851723 34.939117 9.125360 30.222359 56.851723 0.000000 0.000000 
0.000000 0.000000 0.000000 0.000000 0.000000 0.000000 0.000000 1.544596 38.499096 42.827206 42.827206 38.499096 1.544596 50.167656 56.851723 56.851723 56.851723 56.851723 56.851723 56.851723 56.851723 56.851723 56.851723 56.851723 50.856094 56.851723 56.851723 56.851723 55.405930 56.851723 56.851723 43.748802 53.493092 30.222359 0.000000 
0.000000 0.000000 0.000000 0.000000 0.000000 0.000000 0.000000 0.000000 0.000000 38.499096 38.499096 42.827206 42.827206 42.827206 55.038876 55.038876 50.167656 56.851723 56.851723 56.851723 56.851723 56.851723 56.851723 56.851723 56.851723 56.851723 56.851723 56.851723 56.851723 56.851723 56.851723 56.851723 56.851723 55.405930 56.851723 
0.000000 0.000000 0.000000 0.000000 0.000000 0.000000 0.000000 0.000000 0.000000 0.000000 0.000000 0.000000 38.499096 38.499096 42.827206 52.956718 52.956718 56.851723 50.167656 56.851723 56.851723 55.038876 56.851723 56.851723 55.038876 56.851723 56.851723 56.851723 56.851723 56.851723 56.851723 56.851723 53.493092 56.851723 56.851723 
0.000000 0.000000 0.000000 0.000000 0.000000 0.000000 0.000000 0.000000 0.000000 0.000000 0.000000 0.000000 0.000000 0.000000 0.000000 0.000000 42.827206 50.167656 56.702854 56.350727 56.702854 52.956718 56.851723 56.851723 56.851723 56.851723 56.851723 56.851723 56.851723 56.851723 56.851723 56.851723 56.851723 56.851723 56.851723 
0.000000 0.000000 0.000000 0.000000 0.000000 0.000000 0.000000 0.000000 0.000000 0.000000 0.000000 0.000000 0.000000 0.000000 0.000000 0.000000 0.000000 0.000000 0.000000 0.000000 42.827206 42.827206 52.956718 52.956718 56.851723 56.851723 56.851723 56.851723 56.851723 56.851723 56.851723 56.851723 56.851723 56.851723 0.000000 
