test/output/constant/M3M465_S060_A090_WD225.0_WS010.0/M3M465_S060_A090_WD225.0_WS010.0_arrival.asc
ncols         9
nrows         27
xllcorner     426503.990666
yllcorner     12746255.311160
cellsize      100.000000
NODATA_value  0.000000
0.000000 166.029649 166.039743 0.000000 0.000000 0.000000 0.000000 0.000000 0.000000 
166.019556 166.000000 166.007570 166.038481 0.000000 0.000000 0.000000 0.000000 0.000000 
166.015771 166.001262 166.003154 166.020187 0.000000 0.000000 0.000000 0.000000 0.000000 
166.016402 166.002523 166.003154 166.011355 166.032803 0.000000 0.000000 0.000000 0.000000 
166.017663 166.004416 166.004416 166.008832 166.023341 0.000000 0.000000 0.000000 0.000000 
166.019556 166.006939 166.006308 166.008832 166.017663 166.035327 0.000000 0.000000 0.000000 
166.021448 166.009463 166.007570 166.008832 166.015140 166.028388 0.000000 0.000000 0.000000 
166.023972 166.011986 166.009463 166.009463 166.014509 166.023972 166.039743 0.000000 0.000000 
166.027126 166.014509 166.010724 166.010724 166.014509 166.021448 166.034065 0.000000 0.000000 
166.029649 166.017033 166.012617 166.012617 166.014509 166.020187 166.030280 0.000000 0.000000 
166.032173 166.020187 166.015140 166.014509 166.015140 166.020187 166.027757 166.039743 0.000000 
166.034696 166.022710 166.017033 166.015771 166.016402 166.019556 166.026495 166.036588 0.000000 
166.037850 166.025233 166.019556 166.017663 166.017663 166.020187 166.025864 166.033434 0.000000 
166.040373 166.027757 166.022079 166.018925 166.018925 166.020818 166.025233 166.032173 0.000000 
0.000000 166.030911 166.024603 166.020818 166.020818 166.021448 166.025233 166.031542 166.039743 
0.000000 166.033434 166.027126 166.023341 166.022710 166.022710 166.025864 166.031542 166.038481 
0.000000 166.036588 166.029649 166.025233 166.023972 166.023972 166.025864 166.030911 166.037219 
0.000000 166.039112 166.032173 166.027757 166.025864 166.025864 166.027126 166.030911 166.037219 
0.000000 166.041635 166.034696 166.029649 166.027757 166.027126 166.027757 166.030911 166.036588 
0.000000 0.000000 166.037219 166.032173 166.029649 166.029018 166.029018 166.031542 166.036588 
0.000000 0.000000 166.039743 166.034696 166.031542 166.030911 166.030911 166.032803 166.036588 
0.000000 0.000000 0.000000 166.037219 166.033434 166.032173 166.032173 166.033434 166.036588 
0.000000 0.000000 0.000000 166.039743 166.035958 166.034065 166.034065 166.034696 166.037219 
0.000000 0.000000 0.000000 166.041667 166.037850 166.035958 166.035327 166.035958 166.037850 
0.000000 0.000000 0.000000 0.000000 166.040373 166.037850 166.037219 166.037219 166.039112 
0.000000 0.000000 0.000000 0.000000 0.000000 166.039743 166.039112 166.039112 166.039743 
0.000000 0.000000 0.000000 0.000000 0.000000 166.041635 166.040373 166.040373 166.041635 
