test/output/constant/M3M465_S060_A090_WD225.0_WS010.0/M3M465_S060_A090_WD225.0_WS010.0_ros.asc
ncols         9
nrows         27
xllcorner     426503.990666
yllcorner     12746255.311160
cellsize      100.000000
NODATA_value  0.000000
0.000000 1.760158 1.395124 0.000000 0.000000 0.000000 0.000000 0.000000 0.000000 
1.343150 0.000000 1.885210 1.885210 0.000000 0.000000 0.000000 0.000000 0.000000 
11.328212 43.599140 42.763348 1.760158 0.000000 0.000000 0.000000 0.000000 0.000000 
14.504193 43.599140 37.186245 31.204933 1.655765 0.000000 0.000000 0.000000 0.000000 
25.117371 43.599140 42.763348 39.570011 27.789251 0.000000 0.000000 0.000000 0.000000 
28.661455 21.503971 43.599140 43.599140 31.204933 31.204933 0.000000 0.000000 0.000000 
8.496835 11.328212 43.599140 43.599140 39.570011 31.204933 0.000000 0.000000 0.000000 
25.117371 17.930365 43.599140 43.599140 43.475658 31.204933 31.204933 0.000000 0.000000 
21.503971 43.599140 43.599140 42.763348 34.369328 1.760158 31.204933 0.000000 0.000000 
11.328212 40.098587 43.599140 39.570011 43.599140 41.448105 31.204933 0.000000 0.000000 
25.117371 21.503971 21.503971 43.599140 43.599140 43.599140 42.763348 31.204933 0.000000 
21.503971 14.504193 43.599140 43.599140 43.599140 39.570011 43.599140 1.238042 0.000000 
37.835545 40.098587 43.599140 43.599140 43.599140 41.448105 43.599140 31.204933 0.000000 
35.118271 35.118271 17.930365 43.003712 43.599140 42.763348 39.570011 39.570011 0.000000 
0.000000 43.003712 21.503971 43.599140 42.763348 43.599140 37.186245 42.763348 31.204933 
0.000000 37.835545 21.503971 43.599140 43.599140 43.599140 37.186245 1.238042 43.599140 
0.000000 17.930365 21.503971 43.599140 43.599140 43.599140 39.570011 43.475658 31.204933 
0.000000 41.838871 8.496835 43.599140 43.599140 43.599140 43.599140 42.763348 43.599140 
0.000000 37.835545 43.599140 43.599140 43.599140 43.599140 43.599140 43.475658 42.763348 
0.000000 0.000000 43.599140 43.599140 43.599140 43.599140 43.557888 43.475658 31.204933 
0.000000 0.000000 37.835545 43.599140 43.599140 43.599140 43.599140 43.599140 34.369328 
0.000000 0.000000 0.000000 17.930365 43.599140 43.599140 43.599140 43.599140 43.599140 
0.000000 0.000000 0.000000 43.599140 43.599140 43.599140 43.599140 43.599140 43.599140 
0.000000 0.000000 0.000000 32.029060 43.599140 43.599140 43.599140 43.599140 43.599140 
0.000000 0.000000 0.000000 0.000000 11.328212 41.838871 43.557888 41.448105 43.599140 
0.000000 0.000000 0.000000 0.000000 0.000000 43.599140 43.599140 43.599140 43.599140 
0.000000 0.000000 0.000000 0.000000 0.000000 32.029060 43.599140 43.475658 43.599140 
