test/output/constant/M3M4100_S060_A180_WD045.0_WS015.0/M3M4100_S060_A180_WD045.0_WS015.0_intensity.asc
ncols         41
nrows         17
xllcorner     426503.990666
yllcorner     12747255.311160
cellsize      100.000000
NODATA_value  0.000000
1721 10451 7251 10451 7251 10451 33999 10451 18746 18746 18746 18746 23599 33999 0 0 0 0 0 0 0 0 0 0 0 0 0 0 0 0 0 0 0 0 0 0 0 0 0 0 0 
1588 0 63316 10451 59713 61797 39234 39234 14320 18746 18746 18746 18746 28735 33999 28735 33999 33999 14320 0 0 0 0 0 0 0 0 0 0 0 0 0 0 0 0 0 0 0 0 0 0 
1588 37570 63316 63316 63316 63316 63316 56821 48986 48986 63010 53209 14320 10451 14320 39234 14320 33999 28735 14320 14320 18746 0 0 0 0 0 0 0 0 0 0 0 0 0 0 0 0 0 0 0 
0 2961 2495 42683 63316 63316 63316 63316 63316 63316 48986 59713 44280 48986 44280 48986 63010 14320 18746 14320 14320 39234 10451 39234 18746 0 0 0 0 0 0 0 0 0 0 0 0 0 0 0 0 
0 0 1588 2169 42683 63316 63316 63316 63316 63316 63316 63316 63316 63316 63316 10451 63316 48986 39234 14320 44280 63316 63316 18746 14320 14320 14320 0 0 0 0 0 0 0 0 0 0 0 0 0 0 
0 0 0 2961 2961 37570 47508 63316 63316 63316 63316 63316 63316 63316 63316 63316 18746 63316 56821 18746 48986 33999 48986 33999 63316 18746 61797 63316 18746 0 0 0 0 0 0 0 0 0 0 0 0 
0 0 0 0 2961 37570 42683 42683 47508 63316 63127 63316 63316 63316 63316 63316 63316 63316 63316 10451 63277 63316 63316 18746 48986 39234 56821 44280 48986 59713 18746 0 0 0 0 0 0 0 0 0 0 
0 0 0 0 0 0 2961 42683 1819 47508 42683 63127 63127 63316 63316 63316 63316 63316 63316 63316 63316 56821 14320 48986 63316 18746 44280 14320 44280 63277 33999 39234 44280 0 0 0 0 0 0 0 0 
0 0 0 0 0 0 0 32324 42683 37570 47508 47508 58853 47508 55717 63127 63316 63316 63316 63316 63316 63316 63316 63316 18746 63316 14320 63316 10451 63316 44280 63316 39234 44280 44280 0 0 0 0 0 0 
0 0 0 0 0 0 0 0 0 42683 37570 42683 47508 47508 61208 42683 62711 63316 63316 63316 63316 63316 63316 63316 63316 63316 63316 18746 18746 53209 63316 63316 63316 63316 48986 63316 53209 0 0 0 0 
0 0 0 0 0 0 0 0 0 0 0 37570 47508 42683 47508 63316 61208 42683 63316 63127 63316 63316 63316 63316 63316 63316 63316 63316 63316 63316 63316 63316 56821 63316 63316 18746 56821 14320 0 0 0 
0 0 0 0 0 0 0 0 0 0 0 0 0 47508 42683 42683 47508 42683 61208 61208 63316 63316 63316 63316 63316 63316 63316 63316 63316 63316 63316 63316 63316 63316 63316 63316 63316 63316 63316 0 0 
0 0 0 0 0 0 0 0 0 0 0 0 0 0 0 0 47508 2169 2495 42683 61208 63316 63316 63127 63316 63316 63316 63316 62711 63316 63316 63316 63316 63316 63316 63316 63316 63316 63316 59713 0 
0 0 0 0 0 0 0 0 0 0 0 0 0 0 0 0 0 0 42683 47508 47508 42683 47508 63316 62711 63127 63316 63316 63316 63316 63316 63316 63316 63316 63316 63316 63316 63316 63316 63316 56821 
0 0 0 0 0 0 0 0 0 0 0 0 0 0 0 0 0 0 0 0 0 47508 63127 47508 1819 62711 62711 55717 63316 63316 58853 63316 63316 61208 63316 63316 63316 63316 63316 63316 63316 
0 0 0 0 0 0 0 0 0 0 0 0 0 0 0 0 0 0 0 0 0 0 0 0 0 42683 58853 47508 58853 55717 58853 63316 62711 63316 63316 63316 63316 63316 63316 63277 63316 
0 0 0 0 0 0 0 0 0 0 0 0 0 0 0 0 0 0 0 0 0 0 0 0 0 0 0 0 0 42683 58853 63316 63316 63316 63316 63316 63316 63316 63316 63316 0 
