test/output/constant/M3M4100_S060_A180_WD045.0_WS015.0/M3M4100_S060_A180_WD045.0_WS015.0_raz.asc
ncols         41
nrows         17
xllcorner     426503.990666
yllcorner     12747255.311160
cellsize      100.000000
NODATA_value  0.000000
0 75 66 75 66 75 95 75 86 86 86 86 90 95 0 0 0 0 0 0 0 0 0 0 0 0 0 0 0 0 0 0 0 0 0 0 0 0 0 0 0 
265 254 109 75 105 107 97 97 81 86 86 86 86 93 95 93 95 95 81 0 0 0 0 0 0 0 0 0 0 0 0 0 0 0 0 0 0 0 0 0 0 
265 121 109 109 109 109 109 104 101 101 108 103 81 75 81 97 81 95 93 81 81 86 0 0 0 0 0 0 0 0 0 0 0 0 0 0 0 0 0 0 0 
0 180 189 119 109 109 109 109 109 109 101 105 99 101 99 101 108 81 86 81 81 97 75 97 86 0 0 0 0 0 0 0 0 0 0 0 0 0 0 0 0 
0 0 265 199 119 109 109 109 109 109 109 109 109 109 109 75 109 101 97 81 99 109 109 86 81 81 81 0 0 0 0 0 0 0 0 0 0 0 0 0 0 
0 0 0 180 180 121 117 109 109 109 109 109 109 109 109 109 86 109 104 86 101 95 101 95 109 86 107 109 86 0 0 0 0 0 0 0 0 0 0 0 0 
0 0 0 0 180 121 119 119 117 109 110 109 109 109 109 109 109 109 109 75 109 109 109 86 101 97 104 99 101 105 86 0 0 0 0 0 0 0 0 0 0 
0 0 0 0 0 0 180 119 219 117 119 110 110 109 109 109 109 109 109 109 109 104 81 101 109 86 99 81 99 109 95 97 99 0 0 0 0 0 0 0 0 
0 0 0 0 0 0 0 123 119 121 117 117 113 117 114 110 109 109 109 109 109 109 109 109 86 109 81 109 75 109 99 109 97 99 99 0 0 0 0 0 0 
0 0 0 0 0 0 0 0 0 119 121 119 117 117 112 119 110 109 109 109 109 109 109 109 109 109 109 86 86 103 109 109 109 109 101 109 103 0 0 0 0 
0 0 0 0 0 0 0 0 0 0 0 121 117 119 117 109 112 119 109 110 109 109 109 109 109 109 109 109 109 109 109 109 104 109 109 86 104 81 0 0 0 
0 0 0 0 0 0 0 0 0 0 0 0 0 117 119 119 117 119 112 112 109 109 109 109 109 109 109 109 109 109 109 109 109 109 109 109 109 109 109 0 0 
0 0 0 0 0 0 0 0 0 0 0 0 0 0 0 0 117 199 189 119 112 109 109 110 109 109 109 109 110 109 109 109 109 109 109 109 109 109 109 105 0 
0 0 0 0 0 0 0 0 0 0 0 0 0 0 0 0 0 0 119 117 117 119 117 109 110 110 109 109 109 109 109 109 109 109 109 109 109 109 109 109 104 
0 0 0 0 0 0 0 0 0 0 0 0 0 0 0 0 0 0 0 0 0 117 110 117 219 110 110 114 109 109 113 109 109 112 109 109 109 109 109 109 109 
0 0 0 0 0 0 0 0 0 0 0 0 0 0 0 0 0 0 0 0 0 0 0 0 0 119 113 117 113 114 113 109 110 109 109 109 109 109 109 109 109 
0 0 0 0 0 0 0 0 0 0 0 0 0 0 0 0 0 0 0 0 0 0 0 0 0 0 0 0 0 119 113 109 109 109 109 109 109 109 109 109 0 
