test/output/constant/M3M400_S000_A180_WD135.0_WS010.0/M3M400_S000_A180_WD135.0_WS010.0_arrival.asc
ncols         19
nrows         19
xllcorner     425303.990666
yllcorner     12748255.311160
cellsize      100.000000
NODATA_value  0.000000
0.000000 0.000000 0.000000 0.000000 0.000000 0.000000 166.041667 0.000000 0.000000 0.000000 0.000000 0.000000 0.000000 0.000000 0.000000 0.000000 0.000000 0.000000 0.000000 
0.000000 0.000000 166.041667 166.040317 166.039256 166.039256 166.039256 166.039256 166.039256 166.040317 166.041378 0.000000 0.000000 0.000000 0.000000 0.000000 0.000000 0.000000 0.000000 
0.000000 166.041667 166.040317 166.038195 166.037134 166.036073 166.035012 166.035012 166.036073 166.036073 166.037134 166.039256 166.041378 0.000000 0.000000 0.000000 0.000000 0.000000 0.000000 
0.000000 166.040317 166.038195 166.036073 166.035012 166.032890 166.032890 166.031829 166.031829 166.032890 166.032890 166.035012 166.037134 166.040317 0.000000 0.000000 0.000000 0.000000 0.000000 
0.000000 166.039256 166.037134 166.035012 166.032890 166.030768 166.029707 166.028646 166.028646 166.028646 166.029707 166.030768 166.032890 166.036073 166.039256 0.000000 0.000000 0.000000 0.000000 
0.000000 166.039256 166.036073 166.032890 166.030768 166.028646 166.027585 166.026524 166.025463 166.025463 166.025463 166.026524 166.028646 166.031829 166.035012 166.039256 0.000000 0.000000 0.000000 
166.041667 166.039256 166.035012 166.032890 166.029707 166.027585 166.024402 166.023341 166.022280 166.022280 166.022280 166.023341 166.024402 166.027585 166.030768 166.036073 166.041378 0.000000 0.000000 
0.000000 166.039256 166.035012 166.031829 166.028646 166.026524 166.023341 166.021219 166.020158 166.019097 166.019097 166.019097 166.020158 166.022280 166.026524 166.031829 166.037134 0.000000 0.000000 
0.000000 166.039256 166.036073 166.031829 166.028646 166.025463 166.022280 166.020158 166.016975 166.015915 166.015915 166.015915 166.015915 166.018036 166.022280 166.027585 166.033951 166.040317 0.000000 
0.000000 166.040317 166.036073 166.032890 166.028646 166.025463 166.022280 166.019097 166.015915 166.013793 166.012732 166.011671 166.012732 166.013793 166.018036 166.023341 166.029707 166.037134 0.000000 
0.000000 166.041378 166.037134 166.032890 166.029707 166.025463 166.022280 166.019097 166.015915 166.012732 166.009549 166.008488 166.008488 166.009549 166.013793 166.019097 166.026524 166.035012 0.000000 
0.000000 0.000000 166.039256 166.035012 166.030768 166.026524 166.023341 166.019097 166.015915 166.011671 166.008488 166.006366 166.005305 166.005305 166.009549 166.016975 166.024402 166.032890 166.041378 
0.000000 0.000000 166.041378 166.037134 166.032890 166.028646 166.024402 166.020158 166.015915 166.012732 166.008488 166.005305 166.002122 166.002122 166.006366 166.013793 166.023341 166.031829 166.041378 
0.000000 0.000000 0.000000 166.040317 166.036073 166.031829 166.027585 166.022280 166.018036 166.013793 166.009549 166.005305 166.002122 166.000000 166.005305 166.013793 166.023341 166.031829 166.040317 
0.000000 0.000000 0.000000 0.000000 166.039256 166.035012 166.030768 166.026524 166.022280 166.018036 166.013793 166.009549 166.006366 166.005305 166.007427 166.014854 166.024402 166.032890 166.041378 
0.000000 0.000000 0.000000 0.000000 0.000000 166.039256 166.036073 166.031829 166.027585 166.023341 166.019097 166.016975 166.013793 166.013793 166.014854 166.020158 166.027585 166.036073 0.000000 
0.000000 0.000000 0.000000 0.000000 0.000000 0.000000 166.041378 166.037134 166.033951 166.029707 166.026524 166.024402 166.023341 166.023341 166.024402 166.027585 166.032890 166.040317 0.000000 
0.000000 0.000000 0.000000 0.000000 0.000000 0.000000 0.000000 0.000000 166.040317 166.037134 166.035012 166.032890 166.031829 166.031829 166.032890 166.036073 166.040317 0.000000 0.000000 
0.000000 0.000000 0.000000 0.000000 0.000000 0.000000 0.000000 0.000000 0.000000 0.000000 0.000000 166.041378 166.041378 166.040317 166.041378 0.000000 0.000000 0.000000 0.000000 
