test/output/constant/M3M485_S060_A000_WD270.0_WS015.0/M3M485_S060_A000_WD270.0_WS015.0_arrival.asc
ncols         28
nrows         9
xllcorner     424003.990666
yllcorner     12748355.311160
cellsize      100.000000
NODATA_value  0.000000
0.000000 0.000000 0.000000 0.000000 0.000000 0.000000 166.041054 166.039771 166.038488 166.037847 166.036564 166.035922 166.035281 166.034639 166.033998 166.033998 166.033998 166.034639 166.035281 166.035922 166.037847 166.041054 0.000000 0.000000 0.000000 0.000000 0.000000 0.000000 
0.000000 0.000000 0.000000 166.040413 166.039130 166.037847 166.036564 166.035281 166.033998 166.032715 166.031432 166.030149 166.028866 166.027583 166.026942 166.025659 166.025017 166.024376 166.024376 166.024376 166.025017 166.025659 166.027583 166.030791 166.035922 0.000000 0.000000 0.000000 
0.000000 166.041054 166.039771 166.037847 166.036564 166.035281 166.033356 166.032073 166.030149 166.028866 166.027583 166.025659 166.024376 166.023093 166.021810 166.020527 166.019244 166.017961 166.016678 166.016037 166.014754 166.014754 166.014754 166.015395 166.017320 166.021810 166.030149 0.000000 
166.041667 166.039771 166.038488 166.036564 166.035281 166.033356 166.032073 166.030149 166.028866 166.026942 166.025659 166.023734 166.022451 166.020527 166.019244 166.017961 166.016037 166.014754 166.012829 166.011546 166.009622 166.008339 166.007056 166.005773 166.005132 166.005132 166.008339 166.021810 
166.041054 166.039771 166.037847 166.036564 166.034639 166.033356 166.031432 166.030149 166.028225 166.026942 166.025017 166.023734 166.021810 166.020527 166.018603 166.017320 166.015395 166.014112 166.012188 166.010905 166.008981 166.007698 166.005773 166.004490 166.002566 166.001283 166.000000 166.014112 
166.041667 166.039771 166.038488 166.036564 166.035281 166.033356 166.032073 166.030149 166.028866 166.026942 166.025659 166.023734 166.022451 166.020527 166.019244 166.017961 166.016037 166.014754 166.012829 166.011546 166.009622 166.008339 166.007056 166.005773 166.005132 166.005132 166.008339 166.021810 
0.000000 166.041054 166.039771 166.037847 166.036564 166.035281 166.033356 166.032073 166.030149 166.028866 166.027583 166.025659 166.024376 166.023093 166.021810 166.020527 166.019244 166.017961 166.016678 166.016037 166.014754 166.014754 166.014754 166.015395 166.017320 166.021810 166.030149 0.000000 
0.000000 0.000000 0.000000 166.040413 166.039130 166.037847 166.036564 166.035281 166.033998 166.032715 166.031432 166.030149 166.028866 166.027583 166.026942 166.025659 166.025017 166.024376 166.024376 166.024376 166.025017 166.025659 166.027583 166.030791 166.035922 0.000000 0.000000 0.000000 
0.000000 0.000000 0.000000 0.000000 0.000000 0.000000 166.041054 166.039771 166.038488 166.037847 166.036564 166.035922 166.035281 166.034639 166.033998 166.033998 166.033998 166.034639 166.035281 166.035922 166.037847 166.041054 0.000000 0.000000 0.000000 0.000000 0.000000 0.000000 
