test/output/constant/M380_S060_A270_WD180.0_WS005.0/M380_S060_A270_WD180.0_WS005.0_arrival.asc
ncols         9
nrows         51
xllcorner     426203.990666
yllcorner     12748755.311160
cellsize      100.000000
NODATA_value  0.000000
0.000000 0.000000 0.000000 166.041325 166.040994 166.041325 0.000000 0.000000 0.000000 
0.000000 0.000000 0.000000 166.040664 166.040333 166.040664 0.000000 0.000000 0.000000 
0.000000 0.000000 166.040994 166.039672 166.039341 166.039672 166.040994 0.000000 0.000000 
0.000000 0.000000 166.040333 166.039011 166.038680 166.039011 166.040333 0.000000 0.000000 
0.000000 166.041656 166.039672 166.038019 166.037688 166.038019 166.039672 166.041656 0.000000 
0.000000 166.040994 166.038680 166.037358 166.037027 166.037358 166.038680 166.040994 0.000000 
0.000000 166.040333 166.038019 166.036366 166.036035 166.036366 166.038019 166.040333 0.000000 
0.000000 166.039341 166.037027 166.035705 166.035374 166.035705 166.037027 166.039341 0.000000 
0.000000 166.038680 166.036366 166.034713 166.034382 166.034713 166.036366 166.038680 0.000000 
166.041656 166.038019 166.035374 166.034052 166.033721 166.034052 166.035374 166.038019 166.041656 
166.040994 166.037027 166.034713 166.033060 166.032729 166.033060 166.034713 166.037027 166.040994 
166.040333 166.036366 166.034052 166.032399 166.032068 166.032399 166.034052 166.036366 166.040333 
166.040003 166.035705 166.033060 166.031407 166.031076 166.031407 166.033060 166.035705 166.040003 
166.039341 166.035044 166.032399 166.030746 166.030415 166.030746 166.032399 166.035044 166.039341 
166.038680 166.034382 166.031407 166.029754 166.029423 166.029754 166.031407 166.034382 166.038680 
166.038019 166.033391 166.030746 166.029093 166.028762 166.029093 166.030746 166.033391 166.038019 
166.037688 166.032729 166.029754 166.028101 166.027770 166.028101 166.029754 166.032729 166.037688 
166.037027 166.032068 166.029093 166.027440 166.027109 166.027440 166.029093 166.032068 166.037027 
166.036366 166.031407 166.028432 166.026779 166.026117 166.026779 166.028432 166.031407 166.036366 
166.036035 166.030746 166.027440 166.025787 166.025456 166.025787 166.027440 166.030746 166.036035 
166.035374 166.030085 166.026779 166.025126 166.024464 166.025126 166.026779 166.030085 166.035374 
166.034713 166.029754 166.026117 166.024134 166.023803 166.024134 166.026117 166.029754 166.034713 
166.034382 166.029093 166.025456 166.023473 166.022811 166.023473 166.025456 166.029093 166.034382 
166.033721 166.028432 166.024464 166.022481 166.022150 166.022481 166.024464 166.028432 166.033721 
166.033391 166.027770 166.023803 166.021820 166.021158 166.021820 166.023803 166.027770 166.033391 
166.033060 166.027109 166.023142 166.020828 166.020497 166.020828 166.023142 166.027109 166.033060 
166.032729 166.026779 166.022150 166.020167 166.019505 166.020167 166.022150 166.026779 166.032729 
166.032729 166.026117 166.021489 166.019175 166.018844 166.019175 166.021489 166.026117 166.032729 
166.032729 166.025456 166.020828 166.018514 166.017852 166.018514 166.020828 166.025456 166.032729 
166.033060 166.025126 166.020167 166.017852 166.017191 166.017852 166.020167 166.025126 166.033060 
166.033060 166.024464 166.019505 166.016861 166.016199 166.016861 166.019505 166.024464 166.033060 
166.033391 166.024134 166.018844 166.016199 166.015538 166.016199 166.018844 166.024134 166.033391 
166.033721 166.023473 166.018183 166.015208 166.014546 166.015208 166.018183 166.023473 166.033721 
166.034052 166.023473 166.017522 166.014546 166.013885 166.014546 166.017522 166.023473 166.034052 
166.034382 166.023473 166.016861 166.013555 166.012893 166.013555 166.016861 166.023473 166.034382 
166.035044 166.023473 166.016199 166.012893 166.012232 166.012893 166.016199 166.023473 166.035044 
166.036035 166.023803 166.015869 166.012232 166.011240 166.012232 166.015869 166.023803 166.036035 
166.037358 166.024134 166.015208 166.011240 166.010579 166.011240 166.015208 166.024134 166.037358 
166.039341 166.024134 166.014546 166.010579 166.009587 166.010579 166.014546 166.024134 166.039341 
166.040994 166.024795 166.014216 166.009587 166.008926 166.009587 166.014216 166.024795 166.040994 
0.000000 166.025787 166.014216 166.008926 166.007934 166.008926 166.014216 166.025787 0.000000 
0.000000 166.027109 166.014216 166.007934 166.007273 166.007934 166.014216 166.027109 0.000000 
0.000000 166.029093 166.014546 166.007273 166.006281 166.007273 166.014546 166.029093 0.000000 
0.000000 166.031407 166.014546 166.006612 166.005620 166.006612 166.014546 166.031407 0.000000 
0.000000 166.034713 166.015208 166.005951 166.004628 166.005951 166.015208 166.034713 0.000000 
0.000000 166.039341 166.017191 166.005290 166.003967 166.005290 166.017191 166.039341 0.000000 
0.000000 0.000000 166.019175 166.004959 166.002975 166.004959 166.019175 0.000000 0.000000 
0.000000 0.000000 166.022811 166.004959 166.002314 166.004959 166.022811 0.000000 0.000000 
0.000000 0.000000 166.030746 166.004959 166.001322 166.004959 166.030746 0.000000 0.000000 
0.000000 0.000000 0.000000 166.007273 166.000661 166.007273 0.000000 0.000000 0.000000 
0.000000 0.000000 0.000000 166.016199 166.000000 166.016199 0.000000 0.000000 0.000000 
