test/output/constant/M3M470_S060_A000_WD225.0_WS015.0/M3M470_S060_A000_WD225.0_WS015.0_ros.asc
ncols         26
nrows         13
xllcorner     424203.990666
yllcorner     12748655.311160
cellsize      100.000000
NODATA_value  0.000000
0.000000 0.000000 43.153049 8.042563 0.000000 0.000000 0.000000 0.000000 0.000000 0.000000 0.000000 0.000000 0.000000 0.000000 0.000000 0.000000 0.000000 0.000000 0.000000 0.000000 0.000000 0.000000 0.000000 0.000000 0.000000 0.000000 
43.153049 43.153049 43.153049 43.153049 43.153049 43.153049 2.167112 33.873947 4.135805 30.752998 0.000000 0.000000 0.000000 0.000000 0.000000 0.000000 0.000000 0.000000 0.000000 0.000000 0.000000 0.000000 0.000000 0.000000 0.000000 0.000000 
43.153049 43.153049 43.153049 42.253677 43.153049 40.917255 43.153049 43.153049 43.153049 36.662689 2.046596 30.752998 2.167112 0.000000 0.000000 0.000000 0.000000 0.000000 0.000000 0.000000 0.000000 0.000000 0.000000 0.000000 0.000000 0.000000 
43.153049 43.153049 43.153049 43.153049 43.153049 43.153049 43.153049 43.153049 40.917255 43.003033 36.662689 2.167112 4.135805 4.135805 30.752998 5.848135 0.000000 0.000000 0.000000 0.000000 0.000000 0.000000 0.000000 0.000000 0.000000 0.000000 
0.000000 18.232540 14.860007 35.030018 43.153049 43.153049 42.253677 43.153049 43.153049 43.153049 42.253677 36.662689 2.920569 2.167112 4.135805 5.848135 27.394585 1.497183 0.000000 0.000000 0.000000 0.000000 0.000000 0.000000 0.000000 0.000000 
0.000000 0.000000 18.232540 14.860007 14.860007 21.740488 43.153049 43.153049 43.153049 43.153049 43.153049 43.153049 42.253677 39.034496 39.034496 2.920569 30.752998 5.848135 30.752998 2.920569 0.000000 0.000000 0.000000 0.000000 0.000000 0.000000 
0.000000 0.000000 0.000000 39.850948 14.860007 35.030018 18.232540 18.232540 32.025494 43.153049 43.153049 39.034496 43.153049 43.153049 43.153049 43.153049 30.752998 2.046596 30.752998 4.135805 2.167112 0.000000 0.000000 0.000000 0.000000 0.000000 
0.000000 0.000000 0.000000 0.000000 25.279099 32.025494 39.850948 18.232540 18.232540 14.860007 18.232540 43.153049 43.153049 43.153049 43.003033 42.253677 42.253677 42.253677 36.662689 30.752998 27.394585 2.167112 1.678470 0.000000 0.000000 0.000000 
0.000000 0.000000 0.000000 0.000000 0.000000 0.000000 18.232540 25.279099 14.860007 32.025494 32.025494 14.860007 35.030018 32.025494 43.153049 43.153049 43.153049 43.153049 43.153049 43.153049 2.167112 2.920569 1.944910 2.046596 0.000000 0.000000 
0.000000 0.000000 0.000000 0.000000 0.000000 0.000000 0.000000 0.000000 21.740488 21.740488 28.742180 18.232540 14.860007 18.232540 35.030018 18.232540 25.279099 41.521694 43.153049 43.153049 40.917255 39.034496 2.920569 27.394585 2.167112 0.000000 
0.000000 0.000000 0.000000 0.000000 0.000000 0.000000 0.000000 0.000000 0.000000 0.000000 14.860007 14.860007 18.232540 14.860007 14.860007 14.860007 18.232540 18.232540 39.850948 35.030018 43.153049 43.153049 43.153049 43.153049 5.848135 2.167112 
0.000000 0.000000 0.000000 0.000000 0.000000 0.000000 0.000000 0.000000 0.000000 0.000000 0.000000 0.000000 0.000000 14.860007 18.232540 14.860007 18.232540 14.860007 18.232540 14.860007 18.232540 14.860007 14.860007 43.153049 -1.000000 1.497183 
0.000000 0.000000 0.000000 0.000000 0.000000 0.000000 0.000000 0.000000 0.000000 0.000000 0.000000 0.000000 0.000000 0.000000 0.000000 0.000000 0.000000 14.860007 14.860007 18.232540 14.860007 14.860007 18.232540 8.912408 1.364166 1.364166 
