test/output/constant/M3M400_S000_A090_WD090.0_WS045.0/M3M400_S000_A090_WD090.0_WS045.0_raz.asc
ncols         63
nrows         11
xllcorner     420403.990666
yllcorner     12748255.311160
cellsize      100.000000
NODATA_value  0.000000
0 0 0 0 0 0 0 0 0 0 0 0 0 0 272 274 271 276 273 275 273 272 275 273 272 276 278 275 273 275 276 330 313 276 275 276 276 276 276 276 278 313 278 278 313 276 276 0 0 0 0 0 0 0 0 0 0 0 0 0 0 0 0 
0 0 0 0 0 0 0 0 276 272 270 271 271 273 271 270 276 276 272 274 279 272 275 272 274 278 274 272 275 273 275 273 272 275 275 274 275 276 313 313 276 276 278 276 276 276 276 276 276 276 279 302 276 330 344 0 0 0 0 0 0 0 0 
0 0 0 0 271 275 274 273 270 279 272 270 278 271 272 272 274 271 270 278 272 272 272 273 272 272 270 278 272 271 274 275 271 273 278 272 278 273 278 274 272 275 275 274 274 313 313 276 276 275 313 276 276 276 276 360 276 344 344 0 0 0 0 
0 0 271 270 271 270 272 270 272 271 270 279 271 271 275 270 270 271 272 273 270 272 271 271 270 270 273 270 274 273 270 276 272 272 273 273 271 272 273 273 270 273 274 278 271 274 272 274 272 276 274 274 276 276 278 276 276 276 330 276 25 25 0 
272 270 273 270 273 270 273 270 273 270 270 270 270 270 270 270 270 271 271 271 276 274 273 276 272 270 270 273 271 270 273 271 271 274 273 272 275 271 272 273 271 275 270 270 272 272 274 274 272 270 275 271 272 270 271 271 274 275 274 276 313 276 360 
270 270 270 270 270 270 270 270 270 270 270 270 270 270 270 270 270 270 270 270 270 270 270 270 270 270 270 270 270 270 270 270 270 270 270 270 270 270 270 270 270 270 270 270 270 270 270 270 270 270 270 270 270 270 270 270 270 270 270 270 270 270 65535 
270 270 270 270 270 270 270 270 270 270 270 270 270 270 270 270 270 270 270 270 270 270 270 270 270 270 270 270 270 270 270 270 270 265 270 270 270 270 270 270 270 270 270 270 270 270 270 270 270 270 270 270 270 270 270 270 265 270 265 263 226 263 180 
0 0 270 270 270 270 270 270 270 270 270 270 270 270 270 270 270 270 270 270 270 270 270 270 270 270 270 270 270 266 270 270 270 270 270 266 270 270 270 270 270 270 270 270 270 265 270 270 267 270 270 265 263 263 261 263 263 263 209 263 154 154 0 
0 0 0 0 270 270 270 270 270 270 270 270 270 270 270 270 270 270 270 270 270 270 270 270 270 270 270 270 270 270 270 270 270 266 270 270 270 266 270 270 267 270 270 270 265 226 226 263 263 264 226 263 263 263 263 180 263 195 195 0 0 0 0 
0 0 0 0 0 0 0 0 270 270 270 270 270 270 270 270 270 270 270 270 270 267 270 270 270 270 265 270 270 270 264 270 267 270 270 270 264 263 226 226 263 263 261 263 263 263 263 263 263 263 260 237 263 209 195 0 0 0 0 0 0 0 0 
0 0 0 0 0 0 0 0 0 0 0 0 0 0 270 265 270 270 270 270 270 270 270 270 267 270 261 270 266 264 263 209 226 263 264 263 263 263 263 263 261 226 261 261 226 263 263 0 0 0 0 0 0 0 0 0 0 0 0 0 0 0 0 
