test/output/constant/M3M4100_S060_A000_WD225.0_WS005.0/M3M4100_S060_A000_WD225.0_WS005.0_raz.asc
ncols         52
nrows         12
xllcorner     421603.990666
yllcorner     12748455.311160
cellsize      100.000000
NODATA_value  0.000000
0 0 0 0 0 0 275 278 282 277 282 281 282 278 282 278 282 278 282 283 324 27 282 282 283 324 283 0 0 0 0 0 0 0 0 0 0 0 0 0 0 0 0 0 0 0 0 0 0 0 0 0 
0 0 277 275 275 275 275 275 275 281 275 275 275 279 275 281 278 282 282 283 281 283 281 283 282 283 283 27 283 313 283 283 283 341 0 0 0 0 0 0 0 0 0 0 0 0 0 0 0 0 0 0 
275 275 275 275 275 275 275 281 276 275 275 275 275 282 275 281 275 275 277 275 278 282 278 281 282 281 283 283 313 341 341 283 282 313 5 282 283 283 283 0 0 0 0 0 0 0 0 0 0 0 0 0 
275 275 275 275 275 275 275 279 277 275 275 278 279 281 275 275 277 275 275 275 275 279 275 275 278 278 278 278 283 283 282 283 282 283 283 283 283 283 341 283 5 5 353 0 0 0 0 0 0 0 0 0 
274 275 275 272 275 275 275 275 275 275 275 275 275 275 275 275 275 275 275 275 275 275 275 275 275 276 275 275 276 277 279 278 281 282 277 283 283 324 283 341 324 27 283 283 283 27 0 0 0 0 0 0 
0 269 269 269 272 275 269 273 273 275 275 271 275 271 275 275 275 275 275 275 275 275 275 275 282 275 281 279 275 276 276 277 275 275 276 276 278 281 283 281 283 283 282 27 27 324 5 27 5 0 0 0 
0 0 269 269 271 269 273 269 273 269 269 272 269 269 275 269 269 272 275 269 272 275 275 273 275 275 275 275 275 275 275 275 275 275 275 275 275 275 275 276 277 275 279 282 283 282 282 283 27 27 353 0 
0 0 0 0 269 269 269 271 269 269 269 269 269 269 271 269 269 269 269 269 269 269 269 269 269 269 269 269 275 271 269 271 275 269 274 275 275 275 275 275 275 275 275 275 275 275 275 278 278 341 27 0 
0 0 0 0 0 0 269 269 269 269 269 269 269 269 269 271 269 269 269 271 269 269 269 271 269 269 269 271 269 269 269 271 269 269 269 269 269 269 271 272 269 269 269 269 272 275 275 275 275 275 65535 95 
0 0 0 0 0 0 0 0 0 0 269 269 269 269 269 269 269 269 269 269 269 269 269 269 269 269 269 269 269 269 269 269 269 269 271 269 269 269 271 269 269 269 269 269 269 269 263 261 263 263 163 0 
0 0 0 0 0 0 0 0 0 0 0 0 0 0 0 269 269 269 271 269 269 269 269 269 269 269 269 269 269 269 269 269 269 269 268 261 269 269 269 269 258 269 255 265 267 209 163 261 258 163 0 0 
0 0 0 0 0 0 0 0 0 0 0 0 0 0 0 0 0 0 0 0 0 269 269 269 258 269 269 261 269 269 263 258 265 263 263 261 261 265 265 265 261 265 261 258 258 258 0 0 0 0 0 0 
