test/output/constant/M3M490_S000_A090_WD225.0_WS025.0/M3M490_S000_A090_WD225.0_WS025.0_raz.asc
ncols         23
nrows         23
xllcorner     426503.990666
yllcorner     12748655.311160
cellsize      100.000000
NODATA_value  0.000000
0 0 0 0 0 0 0 0 0 0 0 0 0 0 0 0 0 0 45 45 45 45 45 
0 0 0 0 0 0 0 0 0 0 0 0 0 0 0 0 45 45 45 45 45 45 45 
0 0 0 0 0 0 0 0 0 0 0 0 0 0 33 45 42 45 45 45 45 45 45 
0 0 0 0 0 0 0 0 0 0 0 0 39 33 45 45 45 45 45 45 45 45 45 
0 0 0 0 0 0 0 0 0 0 0 33 45 45 45 44 45 42 45 45 45 45 45 
0 0 0 0 0 0 0 0 0 0 45 39 35 37 45 45 44 45 47 45 45 45 0 
0 0 0 0 0 0 0 0 0 39 39 33 45 45 45 45 45 45 45 45 47 45 0 
0 0 0 0 0 0 0 0 37 37 45 45 45 45 45 45 45 45 45 45 45 0 0 
0 0 0 0 0 0 0 37 28 42 45 45 45 45 45 45 45 45 45 45 56 0 0 
0 0 0 0 0 0 39 37 42 35 45 45 44 45 45 45 45 52 45 56 0 0 0 
0 0 0 0 0 37 28 42 33 45 45 45 45 45 45 45 45 54 45 50 0 0 0 
0 0 0 0 35 39 37 45 45 42 45 45 45 45 45 45 56 50 56 0 0 0 0 
0 0 0 25 25 40 45 45 45 45 45 45 45 45 45 45 50 45 0 0 0 0 0 
0 0 0 25 28 39 33 45 45 45 45 47 45 54 47 52 50 0 0 0 0 0 0 
0 0 359 35 40 39 45 45 45 45 45 45 56 47 61 52 0 0 0 0 0 0 0 
0 13 25 25 31 45 45 45 45 45 45 45 47 52 52 0 0 0 0 0 0 0 0 
0 359 22 39 44 45 45 45 45 56 45 52 61 50 0 0 0 0 0 0 0 0 0 
18 359 35 42 45 45 45 45 50 50 49 50 52 0 0 0 0 0 0 0 0 0 0 
13 25 39 45 47 45 45 58 49 61 64 54 0 0 0 0 0 0 0 0 0 0 0 
359 25 45 47 50 47 50 64 54 64 64 0 0 0 0 0 0 0 0 0 0 0 0 
337 45 45 45 50 54 67 64 90 0 0 0 0 0 0 0 0 0 0 0 0 0 0 
349 254 45 64 64 90 90 76 0 0 0 0 0 0 0 0 0 0 0 0 0 0 0 
257 100 112 90 76 71 0 0 0 0 0 0 0 0 0 0 0 0 0 0 0 0 0 
