test/output/constant/M360_S060_A000_WD315.0_WS005.0/M360_S060_A000_WD315.0_WS005.0_arrival.asc
ncols         31
nrows         8
xllcorner     423703.990666
yllcorner     12748255.311160
cellsize      100.000000
NODATA_value  0.000000
0.000000 0.000000 0.000000 0.000000 0.000000 0.000000 0.000000 0.000000 0.000000 0.000000 0.000000 166.041225 166.039531 166.038401 166.037272 166.036142 166.035013 166.033884 166.032754 166.031625 166.031060 166.030495 166.030495 166.030495 166.031625 166.032189 166.035578 166.039531 0.000000 0.000000 0.000000 
0.000000 0.000000 0.000000 0.000000 0.000000 0.000000 166.041667 166.040096 166.038401 166.036707 166.035013 166.033319 166.031625 166.029930 166.028236 166.026542 166.024848 166.023154 166.021460 166.019765 166.018071 166.016377 166.014683 166.013553 166.012424 166.011295 166.010730 166.010730 166.011859 166.018071 0.000000 
0.000000 0.000000 0.000000 166.041225 166.039531 166.037837 166.036142 166.034448 166.032754 166.031060 166.029366 166.027672 166.025977 166.024283 166.022589 166.020895 166.019201 166.017507 166.015812 166.014683 166.012989 166.011295 166.009600 166.008471 166.006777 166.005083 166.003953 166.002259 166.001129 166.000000 166.035578 
0.000000 166.041225 166.039531 166.037837 166.036707 166.034448 166.033319 166.031625 166.029930 166.028801 166.027107 166.025413 166.023718 166.022589 166.020895 166.019765 166.018071 166.016942 166.015248 166.013553 166.012424 166.010730 166.009600 166.007906 166.006777 166.005647 166.004518 166.003953 166.004518 166.011295 0.000000 
166.041225 166.039531 166.038401 166.036707 166.035578 166.033884 166.032189 166.031060 166.029366 166.028236 166.026542 166.025413 166.023718 166.022589 166.020895 166.019765 166.018071 166.016942 166.015812 166.014683 166.013553 166.012989 166.012424 166.011859 166.011859 166.012424 166.014683 166.020330 166.030495 0.000000 0.000000 
166.041225 166.039531 166.037837 166.036707 166.035013 166.033884 166.032754 166.031060 166.029366 166.028236 166.027107 166.025977 166.024848 166.023718 166.022589 166.022024 166.020895 166.020330 166.020330 166.019765 166.019765 166.019765 166.020895 166.022589 166.025977 166.031060 166.038401 0.000000 0.000000 0.000000 0.000000 
166.041225 166.040096 166.038401 166.037272 166.036142 166.035013 166.033884 166.032754 166.032189 166.031060 166.029930 166.029366 166.028801 166.028236 166.028236 166.027672 166.027672 166.027672 166.027672 166.028801 166.030495 166.032754 166.036142 166.041225 0.000000 0.000000 0.000000 0.000000 0.000000 0.000000 0.000000 
0.000000 0.000000 166.041225 166.040096 166.038966 166.038401 166.037837 166.037272 166.036707 166.036142 166.035578 166.035578 166.035578 166.035578 166.035578 166.036142 166.037272 166.038966 166.040660 0.000000 0.000000 0.000000 0.000000 0.000000 0.000000 0.000000 0.000000 0.000000 0.000000 0.000000 0.000000 
