test/output/constant/M185_S060_A270_WD135.0_WS015.0/M185_S060_A270_WD135.0_WS015.0_arrival.asc
ncols         10
nrows         28
xllcorner     425803.990666
yllcorner     12748755.311160
cellsize      100.000000
NODATA_value  0.000000
0.000000 166.041628 0.000000 0.000000 0.000000 0.000000 0.000000 0.000000 0.000000 0.000000 
166.041033 166.039844 166.040439 0.000000 0.000000 0.000000 0.000000 0.000000 0.000000 0.000000 
166.040439 166.038655 166.038655 166.039844 0.000000 0.000000 0.000000 0.000000 0.000000 0.000000 
166.039844 166.036871 166.036871 166.038060 166.041628 0.000000 0.000000 0.000000 0.000000 0.000000 
166.039844 166.036276 166.035681 166.035681 166.038655 0.000000 0.000000 0.000000 0.000000 0.000000 
166.039844 166.035086 166.033897 166.033897 166.036276 0.000000 0.000000 0.000000 0.000000 0.000000 
166.039844 166.034492 166.032708 166.032113 166.033897 166.038655 0.000000 0.000000 0.000000 0.000000 
166.040439 166.034492 166.030924 166.030924 166.031518 166.036276 0.000000 0.000000 0.000000 0.000000 
166.041628 166.034492 166.029734 166.029140 166.029734 166.033302 166.040439 0.000000 0.000000 0.000000 
0.000000 166.034492 166.029734 166.027356 166.027950 166.030329 166.037465 0.000000 0.000000 0.000000 
0.000000 166.035086 166.029140 166.026166 166.026166 166.027950 166.033897 0.000000 0.000000 0.000000 
0.000000 166.036871 166.029140 166.024977 166.024382 166.025572 166.030329 166.040439 0.000000 0.000000 
0.000000 166.038060 166.029734 166.024382 166.023193 166.023193 166.027356 166.036871 0.000000 0.000000 
0.000000 166.041033 166.030329 166.023787 166.021409 166.021409 166.024382 166.032708 0.000000 0.000000 
0.000000 0.000000 166.031518 166.023787 166.020219 166.019625 166.021409 166.029140 0.000000 0.000000 
0.000000 0.000000 166.033897 166.024382 166.019030 166.018435 166.019030 166.025572 166.039249 0.000000 
0.000000 0.000000 166.037465 166.025572 166.019030 166.016651 166.017246 166.022598 166.035086 0.000000 
0.000000 0.000000 0.000000 166.026761 166.019030 166.014867 166.015462 166.019030 166.030924 0.000000 
0.000000 0.000000 0.000000 166.030329 166.019030 166.013678 166.013678 166.016057 166.026761 0.000000 
0.000000 0.000000 0.000000 166.036276 166.020219 166.013678 166.011894 166.013083 166.023193 0.000000 
0.000000 0.000000 0.000000 0.000000 166.023193 166.013678 166.010704 166.010704 166.019030 0.000000 
0.000000 0.000000 0.000000 0.000000 166.029140 166.014272 166.008920 166.008920 166.014867 0.000000 
0.000000 0.000000 0.000000 0.000000 166.038655 166.016057 166.008326 166.007136 166.011299 0.000000 
0.000000 0.000000 0.000000 0.000000 0.000000 166.022003 166.008326 166.005947 166.007731 166.041628 
0.000000 0.000000 0.000000 0.000000 0.000000 166.033302 166.009515 166.004163 166.004757 166.039844 
0.000000 0.000000 0.000000 0.000000 0.000000 0.000000 166.015462 166.002973 166.002379 166.038655 
0.000000 0.000000 0.000000 0.000000 0.000000 0.000000 166.034492 166.002973 166.001189 166.038060 
0.000000 0.000000 0.000000 0.000000 0.000000 0.000000 0.000000 166.013083 166.000000 0.000000 
