test/output/constant/M365_S000_A090_WD270.0_WS025.0/M365_S000_A090_WD270.0_WS025.0_arrival.asc
ncols         25
nrows         9
xllcorner     426503.990666
yllcorner     12748355.311160
cellsize      100.000000
NODATA_value  0.000000
0.000000 0.000000 0.000000 0.000000 0.000000 0.000000 0.000000 0.000000 0.000000 0.000000 166.041324 166.040599 166.040599 166.040599 166.040599 166.041324 166.041324 0.000000 0.000000 0.000000 0.000000 0.000000 0.000000 0.000000 0.000000 
0.000000 0.000000 0.000000 166.041324 166.036249 166.032624 166.030449 166.029724 166.028999 166.028999 166.028999 166.029724 166.029724 166.031174 166.031899 166.033349 166.034799 166.036249 166.037699 166.038424 166.039874 166.041324 0.000000 0.000000 0.000000 
0.000000 166.033349 166.025374 166.020299 166.018849 166.017400 166.017400 166.017400 166.018124 166.019574 166.021024 166.021749 166.023199 166.024649 166.026099 166.028274 166.029724 166.031174 166.033349 166.034799 166.036249 166.038424 166.039874 166.041324 0.000000 
166.026824 166.009425 166.006525 166.005800 166.006525 166.007975 166.009425 166.011600 166.013050 166.014500 166.016675 166.018124 166.020299 166.021749 166.023199 166.025374 166.026824 166.028999 166.030449 166.032624 166.034074 166.036249 166.037699 166.039874 166.041324 
166.019574 166.000000 166.001450 166.002900 166.005075 166.006525 166.008700 166.010150 166.012325 166.013775 166.015950 166.017400 166.019574 166.021024 166.023199 166.024649 166.026824 166.028274 166.030449 166.031899 166.034074 166.035524 166.037699 166.039149 166.041324 
166.026824 166.009425 166.006525 166.005800 166.006525 166.007975 166.009425 166.011600 166.013050 166.014500 166.016675 166.018124 166.020299 166.021749 166.023199 166.025374 166.026824 166.028999 166.030449 166.032624 166.034074 166.036249 166.037699 166.039874 166.041324 
0.000000 166.033349 166.025374 166.020299 166.018849 166.017400 166.017400 166.017400 166.018124 166.019574 166.021024 166.021749 166.023199 166.024649 166.026099 166.028274 166.029724 166.031174 166.033349 166.034799 166.036249 166.038424 166.039874 166.041324 0.000000 
0.000000 0.000000 0.000000 166.041324 166.036249 166.032624 166.030449 166.029724 166.028999 166.028999 166.028999 166.029724 166.029724 166.031174 166.031899 166.033349 166.034799 166.036249 166.037699 166.038424 166.039874 166.041324 0.000000 0.000000 0.000000 
0.000000 0.000000 0.000000 0.000000 0.000000 0.000000 0.000000 0.000000 0.000000 0.000000 166.041324 166.040599 166.040599 166.040599 166.040599 166.041324 166.041324 0.000000 0.000000 0.000000 0.000000 0.000000 0.000000 0.000000 0.000000 
