test/output/constant/C6_S060_A180_WD270.0_WS040.0/C6_S060_A180_WD270.0_WS040.0_arrival.asc
ncols         39
nrows         7
xllcorner     426603.990666
yllcorner     12748455.311160
cellsize      100.000000
NODATA_value  0.000000
0.000000 0.000000 0.000000 0.000000 0.000000 0.000000 0.000000 0.000000 0.000000 0.000000 0.000000 0.000000 0.000000 0.000000 166.041241 166.039939 166.039070 166.038636 166.038636 166.038202 166.038202 166.038202 166.038202 166.038636 166.039070 166.039939 166.040807 166.041241 0.000000 0.000000 0.000000 0.000000 0.000000 0.000000 0.000000 0.000000 0.000000 0.000000 0.000000 
0.000000 0.000000 0.000000 0.000000 166.038202 166.032993 166.029086 166.026915 166.025179 166.024310 166.023442 166.023008 166.023008 166.023008 166.023442 166.023876 166.024745 166.025179 166.026047 166.026915 166.027783 166.028652 166.029086 166.029954 166.030822 166.031690 166.032559 166.033861 166.034729 166.035597 166.036466 166.037768 166.038636 166.039504 166.040373 166.041667 0.000000 0.000000 0.000000 
0.000000 166.015628 166.009551 166.008248 166.007814 166.007814 166.008682 166.009551 166.010419 166.011287 166.012155 166.013023 166.014326 166.015194 166.016062 166.017365 166.018233 166.019535 166.020403 166.021706 166.022574 166.023876 166.024745 166.025613 166.026915 166.027783 166.029086 166.029954 166.031256 166.032124 166.032993 166.034295 166.035163 166.036466 166.037334 166.038636 166.039504 166.040807 166.041667 
166.000000 166.000868 166.001736 166.003039 166.003907 166.005209 166.006078 166.007380 166.008248 166.009551 166.010419 166.011721 166.012589 166.013892 166.014760 166.016062 166.016930 166.018233 166.019101 166.020403 166.021272 166.022574 166.023442 166.024745 166.025613 166.026915 166.027783 166.029086 166.029954 166.031256 166.032124 166.033427 166.034295 166.035597 166.036466 166.037768 166.038636 166.039939 166.040807 
0.000000 166.015628 166.009551 166.008248 166.007814 166.007814 166.008682 166.009551 166.010419 166.011287 166.012155 166.013023 166.014326 166.015194 166.016062 166.017365 166.018233 166.019535 166.020403 166.021706 166.022574 166.023876 166.024745 166.025613 166.026915 166.027783 166.029086 166.029954 166.031256 166.032124 166.032993 166.034295 166.035163 166.036466 166.037334 166.038636 166.039504 166.040807 166.041667 
0.000000 0.000000 0.000000 0.000000 166.038202 166.032993 166.029086 166.026915 166.025179 166.024310 166.023442 166.023008 166.023008 166.023008 166.023442 166.023876 166.024745 166.025179 166.026047 166.026915 166.027783 166.028652 166.029086 166.029954 166.030822 166.031690 166.032559 166.033861 166.034729 166.035597 166.036466 166.037768 166.038636 166.039504 166.040373 166.041667 0.000000 0.000000 0.000000 
0.000000 0.000000 0.000000 0.000000 0.000000 0.000000 0.000000 0.000000 0.000000 0.000000 0.000000 0.000000 0.000000 0.000000 166.041241 166.039939 166.039070 166.038636 166.038636 166.038202 166.038202 166.038202 166.038202 166.038636 166.039070 166.039939 166.040807 166.041241 0.000000 0.000000 0.000000 0.000000 0.000000 0.000000 0.000000 0.000000 0.000000 0.000000 0.000000 
