test/output/constant/M360_S060_A000_WD315.0_WS050.0/M360_S060_A000_WD315.0_WS050.0_ros.asc
ncols         7
nrows         29
xllcorner     426303.990666
yllcorner     12745955.311160
cellsize      100.000000
NODATA_value  0.000000
0.000000 0.000000 1.495525 -1.000000 1.119812 0.000000 0.000000 
0.000000 1.495525 38.361073 46.005665 35.198002 0.000000 0.000000 
0.000000 1.113486 3.426528 46.005665 28.062555 1.119812 0.000000 
0.000000 28.127718 44.766342 46.005665 38.310947 35.198002 0.000000 
0.000000 38.361073 43.190117 46.005665 28.062555 28.062555 0.000000 
1.816607 38.361073 46.005665 46.005665 43.157734 28.062555 0.000000 
31.808905 31.808905 43.190117 46.005665 45.703194 31.746965 0.000000 
38.361073 38.361073 46.005665 46.005665 35.198002 24.256504 0.000000 
24.322968 38.361073 46.005665 46.005665 40.991318 38.310947 0.000000 
38.361073 45.933979 46.005665 46.005665 40.991318 28.062555 0.000000 
38.361073 43.190117 46.005665 46.005665 44.744419 28.062555 35.198002 
2.246351 44.766342 46.005665 46.005665 44.744419 31.746965 28.062555 
35.254879 45.933979 41.033195 46.005665 44.744419 24.256504 31.746965 
31.808905 41.033195 46.005665 46.005665 45.928562 40.991318 38.310947 
45.713997 41.033195 46.005665 43.157734 28.062555 44.744419 31.746965 
31.808905 46.005665 46.005665 44.744419 38.310947 28.062555 24.256504 
38.361073 46.005665 46.005665 40.991318 40.991318 43.157734 20.444120 
44.766342 46.005665 46.005665 31.746965 43.157734 28.062555 0.000000 
46.005665 41.033195 46.005665 44.744419 40.991318 38.310947 0.000000 
41.033195 46.005665 46.005665 40.991318 44.744419 44.744419 0.000000 
45.713997 46.005665 46.005665 44.744419 40.991318 31.746965 0.000000 
41.033195 46.005665 46.005665 40.991318 28.062555 43.157734 0.000000 
46.005665 31.808905 46.005665 43.157734 31.746965 43.157734 0.000000 
43.190117 44.766342 46.005665 46.005665 38.310947 44.744419 0.000000 
44.766342 46.005665 46.005665 46.005665 43.157734 46.005665 0.000000 
0.000000 41.033195 46.005665 46.005665 44.744419 0.000000 0.000000 
0.000000 46.005665 46.005665 43.157734 44.744419 0.000000 0.000000 
0.000000 46.005665 46.005665 44.744419 0.000000 0.000000 0.000000 
0.000000 0.000000 46.005665 0.000000 0.000000 0.000000 0.000000 
