test/output/constant/M3M400_S000_A270_WD090.0_WS015.0/M3M400_S000_A270_WD090.0_WS015.0_arrival.asc
ncols         25
nrows         13
xllcorner     424503.990666
yllcorner     12748155.311160
cellsize      100.000000
NODATA_value  0.000000
0.000000 0.000000 0.000000 0.000000 0.000000 0.000000 0.000000 0.000000 166.040991 166.040188 166.039384 166.039384 166.039384 166.039384 166.039384 166.039384 166.040188 166.041667 0.000000 0.000000 0.000000 0.000000 0.000000 0.000000 0.000000 
0.000000 0.000000 0.000000 0.000000 166.041667 166.040188 166.038580 166.037776 166.036169 166.035365 166.033758 166.032954 166.032954 166.032150 166.032150 166.032150 166.032150 166.032954 166.034561 166.036973 166.039384 0.000000 0.000000 0.000000 0.000000 
0.000000 0.000000 0.000000 166.040188 166.038580 166.036973 166.035365 166.033758 166.032150 166.030543 166.028935 166.028131 166.026524 166.025720 166.025720 166.024916 166.024916 166.024916 166.025720 166.027328 166.029739 166.033758 166.038580 0.000000 0.000000 
0.000000 166.041667 166.040188 166.037776 166.036169 166.034561 166.032954 166.030543 166.028935 166.027328 166.025720 166.024113 166.022505 166.020898 166.020094 166.018486 166.018486 166.017683 166.017683 166.018486 166.020898 166.023309 166.028935 166.036169 0.000000 
0.000000 166.040188 166.038580 166.036973 166.034561 166.032954 166.030543 166.028935 166.026524 166.024916 166.023309 166.020898 166.019290 166.017683 166.016075 166.014468 166.012860 166.011253 166.011253 166.011253 166.011253 166.013664 166.019290 166.027328 166.037776 
166.041667 166.040188 166.037776 166.036169 166.033758 166.032150 166.029739 166.028131 166.025720 166.024113 166.021701 166.020094 166.017683 166.016075 166.013664 166.012056 166.009645 166.008038 166.006430 166.004823 166.004019 166.004019 166.009645 166.020898 166.032954 
166.041667 166.039384 166.037776 166.035365 166.033758 166.031346 166.029739 166.027328 166.025720 166.023309 166.021701 166.019290 166.017683 166.015271 166.013664 166.011253 166.009645 166.007234 166.005626 166.003215 166.001608 166.000000 166.006430 166.019290 166.032150 
166.041667 166.040188 166.037776 166.036169 166.033758 166.032150 166.029739 166.028131 166.025720 166.024113 166.021701 166.020094 166.017683 166.016075 166.013664 166.012056 166.009645 166.008038 166.006430 166.004823 166.004019 166.004019 166.009645 166.020898 166.032954 
0.000000 166.040188 166.038580 166.036973 166.034561 166.032954 166.030543 166.028935 166.026524 166.024916 166.023309 166.020898 166.019290 166.017683 166.016075 166.014468 166.012860 166.011253 166.011253 166.011253 166.011253 166.013664 166.019290 166.027328 166.037776 
0.000000 166.041667 166.040188 166.037776 166.036169 166.034561 166.032954 166.030543 166.028935 166.027328 166.025720 166.024113 166.022505 166.020898 166.020094 166.018486 166.018486 166.017683 166.017683 166.018486 166.020898 166.023309 166.028935 166.036169 0.000000 
0.000000 0.000000 0.000000 166.040188 166.038580 166.036973 166.035365 166.033758 166.032150 166.030543 166.028935 166.028131 166.026524 166.025720 166.025720 166.024916 166.024916 166.024916 166.025720 166.027328 166.029739 166.033758 166.038580 0.000000 0.000000 
0.000000 0.000000 0.000000 0.000000 166.041667 166.040188 166.038580 166.037776 166.036169 166.035365 166.033758 166.032954 166.032954 166.032150 166.032150 166.032150 166.032150 166.032954 166.034561 166.036973 166.039384 0.000000 0.000000 0.000000 0.000000 
0.000000 0.000000 0.000000 0.000000 0.000000 0.000000 0.000000 0.000000 166.040991 166.040188 166.039384 166.039384 166.039384 166.039384 166.039384 166.039384 166.040188 166.041667 0.000000 0.000000 0.000000 0.000000 0.000000 0.000000 0.000000 
