test/output/constant/M385_S000_A180_WD315.0_WS020.0/M385_S000_A180_WD315.0_WS020.0_arrival.asc
ncols         20
nrows         20
xllcorner     426403.990666
yllcorner     12747055.311160
cellsize      100.000000
NODATA_value  0.000000
0.000000 166.033911 166.031025 166.031747 166.035354 166.041667 0.000000 0.000000 0.000000 0.000000 0.000000 0.000000 0.000000 0.000000 0.000000 0.000000 0.000000 0.000000 0.000000 0.000000 
166.033911 166.015152 166.010823 166.012987 166.018759 166.025975 166.032468 166.039683 0.000000 0.000000 0.000000 0.000000 0.000000 0.000000 0.000000 0.000000 0.000000 0.000000 0.000000 0.000000 
166.031025 166.010823 166.000000 166.001443 166.006494 166.012987 166.020202 166.026696 166.033911 166.041126 0.000000 0.000000 0.000000 0.000000 0.000000 0.000000 0.000000 0.000000 0.000000 0.000000 
166.031747 166.012987 166.001443 166.001443 166.004329 166.007215 166.012266 166.018759 166.025253 166.031747 166.038240 0.000000 0.000000 0.000000 0.000000 0.000000 0.000000 0.000000 0.000000 0.000000 
166.035354 166.018759 166.006494 166.004329 166.004329 166.006494 166.009380 166.013709 166.018759 166.024532 166.031025 166.037519 0.000000 0.000000 0.000000 0.000000 0.000000 0.000000 0.000000 0.000000 
166.041667 166.025975 166.012987 166.007215 166.006494 166.006494 166.008658 166.011544 166.015152 166.020202 166.025253 166.031025 166.036797 0.000000 0.000000 0.000000 0.000000 0.000000 0.000000 0.000000 
0.000000 166.032468 166.020202 166.012266 166.009380 166.008658 166.009380 166.011544 166.013709 166.017316 166.021646 166.025975 166.031747 166.036797 0.000000 0.000000 0.000000 0.000000 0.000000 0.000000 
0.000000 166.039683 166.026696 166.018759 166.013709 166.011544 166.011544 166.011544 166.013709 166.016595 166.019481 166.023089 166.028139 166.032468 166.037519 0.000000 0.000000 0.000000 0.000000 0.000000 
0.000000 0.000000 166.033911 166.025253 166.018759 166.015152 166.013709 166.013709 166.014430 166.016595 166.018759 166.021646 166.025253 166.029582 166.033911 166.038962 0.000000 0.000000 0.000000 0.000000 
0.000000 0.000000 166.041126 166.031747 166.024532 166.020202 166.017316 166.016595 166.016595 166.016595 166.018759 166.021646 166.023810 166.027418 166.031025 166.035354 166.040405 0.000000 0.000000 0.000000 
0.000000 0.000000 0.000000 166.038240 166.031025 166.025253 166.021646 166.019481 166.018759 166.018759 166.019481 166.021646 166.023810 166.026696 166.029582 166.033190 166.037519 166.041667 0.000000 0.000000 
0.000000 0.000000 0.000000 0.000000 166.037519 166.031025 166.025975 166.023089 166.021646 166.021646 166.021646 166.022367 166.023810 166.025975 166.028861 166.031747 166.035354 166.038962 0.000000 0.000000 
0.000000 0.000000 0.000000 0.000000 0.000000 166.036797 166.031747 166.028139 166.025253 166.023810 166.023810 166.023810 166.024532 166.026696 166.028861 166.031025 166.033911 166.037519 166.041126 0.000000 
0.000000 0.000000 0.000000 0.000000 0.000000 0.000000 166.036797 166.032468 166.029582 166.027418 166.026696 166.025975 166.026696 166.027418 166.028861 166.031025 166.033911 166.036797 166.039683 0.000000 
0.000000 0.000000 0.000000 0.000000 0.000000 0.000000 0.000000 166.037519 166.033911 166.031025 166.029582 166.028861 166.028861 166.028861 166.029582 166.031747 166.033911 166.036076 166.038962 0.000000 
0.000000 0.000000 0.000000 0.000000 0.000000 0.000000 0.000000 0.000000 166.038962 166.035354 166.033190 166.031747 166.031025 166.031025 166.031747 166.032468 166.033911 166.036076 166.038240 166.041126 
0.000000 0.000000 0.000000 0.000000 0.000000 0.000000 0.000000 0.000000 0.000000 166.040405 166.037519 166.035354 166.033911 166.033911 166.033911 166.033911 166.034633 166.036797 166.038962 166.041126 
0.000000 0.000000 0.000000 0.000000 0.000000 0.000000 0.000000 0.000000 0.000000 0.000000 166.041667 166.038962 166.037519 166.036797 166.036076 166.036076 166.036797 166.037519 166.038962 166.041126 
0.000000 0.000000 0.000000 0.000000 0.000000 0.000000 0.000000 0.000000 0.000000 0.000000 0.000000 0.000000 166.041126 166.039683 166.038962 166.038240 166.038962 166.038962 166.039683 166.041667 
0.000000 0.000000 0.000000 0.000000 0.000000 0.000000 0.000000 0.000000 0.000000 0.000000 0.000000 0.000000 0.000000 0.000000 0.000000 166.041126 166.041126 166.041126 166.041667 0.000000 
