test/output/constant/M480_S000_A270_WD270.0_WS040.0/M480_S000_A270_WD270.0_WS040.0_arrival.asc
ncols         32
nrows         7
xllcorner     426603.990666
yllcorner     12748455.311160
cellsize      100.000000
NODATA_value  0.000000
0.000000 0.000000 0.000000 0.000000 0.000000 0.000000 0.000000 0.000000 166.041296 166.039123 166.037493 166.036949 166.036406 166.035863 166.035863 166.035863 166.035863 166.035863 166.036949 166.037493 166.038579 166.039123 166.040210 166.041296 0.000000 0.000000 0.000000 0.000000 0.000000 0.000000 0.000000 0.000000 
0.000000 0.000000 166.040753 166.032059 166.027169 166.023908 166.022822 166.021735 166.021735 166.021735 166.021735 166.022278 166.022822 166.023908 166.024995 166.026082 166.026625 166.027712 166.028799 166.029885 166.030972 166.032602 166.033689 166.034776 166.035863 166.037493 166.038579 166.039666 166.041296 0.000000 0.000000 0.000000 
166.021735 166.010324 166.007607 166.007607 166.007607 166.008694 166.009237 166.010867 166.011954 166.013041 166.014671 166.015758 166.016845 166.018475 166.019561 166.021192 166.022278 166.023908 166.024995 166.026082 166.027712 166.028799 166.030429 166.031516 166.033146 166.034232 166.035319 166.036949 166.038036 166.039666 166.040753 0.000000 
166.000000 166.001087 166.002173 166.003804 166.004890 166.006520 166.007607 166.009237 166.010324 166.011954 166.013041 166.014671 166.015758 166.017388 166.018475 166.020105 166.021192 166.022822 166.023908 166.025539 166.026625 166.028255 166.029342 166.030972 166.032059 166.033689 166.034776 166.036406 166.037493 166.039123 166.040210 166.041667 
166.021735 166.010324 166.007607 166.007607 166.007607 166.008694 166.009237 166.010867 166.011954 166.013041 166.014671 166.015758 166.016845 166.018475 166.019561 166.021192 166.022278 166.023908 166.024995 166.026082 166.027712 166.028799 166.030429 166.031516 166.033146 166.034232 166.035319 166.036949 166.038036 166.039666 166.040753 0.000000 
0.000000 0.000000 166.040753 166.032059 166.027169 166.023908 166.022822 166.021735 166.021735 166.021735 166.021735 166.022278 166.022822 166.023908 166.024995 166.026082 166.026625 166.027712 166.028799 166.029885 166.030972 166.032602 166.033689 166.034776 166.035863 166.037493 166.038579 166.039666 166.041296 0.000000 0.000000 0.000000 
0.000000 0.000000 0.000000 0.000000 0.000000 0.000000 0.000000 0.000000 166.041296 166.039123 166.037493 166.036949 166.036406 166.035863 166.035863 166.035863 166.035863 166.035863 166.036949 166.037493 166.038579 166.039123 166.040210 166.041296 0.000000 0.000000 0.000000 0.000000 0.000000 0.000000 0.000000 0.000000 
