test/output/constant/M3M465_S060_A180_WD045.0_WS045.0/M3M465_S060_A180_WD045.0_WS045.0_arrival.asc
ncols         8
nrows         26
xllcorner     426403.990666
yllcorner     12746355.311160
cellsize      100.000000
NODATA_value  0.000000
0.000000 0.000000 166.039403 0.000000 0.000000 0.000000 0.000000 0.000000 
0.000000 166.018543 166.000000 166.009851 0.000000 0.000000 0.000000 0.000000 
0.000000 166.014486 166.001159 166.004636 166.027814 0.000000 0.000000 0.000000 
0.000000 166.013907 166.002897 166.004056 166.019122 0.000000 0.000000 0.000000 
166.041142 166.014486 166.004636 166.005215 166.014486 166.035926 0.000000 0.000000 
166.039983 166.015645 166.006374 166.006374 166.012748 166.029552 0.000000 0.000000 
166.039403 166.017384 166.008112 166.008112 166.012169 166.024917 0.000000 0.000000 
166.039403 166.019122 166.009851 166.009851 166.012748 166.022599 166.039983 0.000000 
166.039983 166.020861 166.012169 166.011589 166.013328 166.021440 166.035347 0.000000 
166.041142 166.022599 166.013907 166.013328 166.013907 166.020861 166.032450 0.000000 
166.041667 166.024917 166.016225 166.015066 166.015066 166.020281 166.030711 0.000000 
0.000000 166.027235 166.018543 166.016804 166.016804 166.020861 166.029552 0.000000 
0.000000 166.028973 166.020281 166.018543 166.018543 166.021440 166.028973 166.040562 
0.000000 166.031291 166.022599 166.020281 166.019702 166.022599 166.028393 166.039403 
0.000000 166.033609 166.024917 166.022019 166.021440 166.023178 166.028973 166.037665 
0.000000 166.035347 166.027235 166.023758 166.023178 166.024337 166.028973 166.037085 
0.000000 166.037665 166.028973 166.025496 166.024917 166.025496 166.029552 166.036506 
0.000000 166.039983 166.031291 166.027235 166.026655 166.027235 166.030711 166.036506 
0.000000 0.000000 166.033609 166.029552 166.028393 166.028973 166.031291 166.037085 
0.000000 0.000000 166.035926 166.031291 166.030132 166.030132 166.032450 166.037665 
0.000000 0.000000 166.037665 166.033609 166.031870 166.031870 166.033609 166.038244 
0.000000 0.000000 166.039983 166.035347 166.033609 166.033609 166.034768 166.038824 
0.000000 0.000000 0.000000 166.037665 166.035347 166.035347 166.035926 166.039403 
0.000000 0.000000 0.000000 166.039403 166.037665 166.037085 166.037665 166.040562 
0.000000 0.000000 0.000000 166.041667 166.039403 166.038824 166.039403 166.041667 
0.000000 0.000000 0.000000 0.000000 166.041142 166.040562 166.040562 0.000000 
