test/output/constant/M380_S060_A090_WD000.0_WS010.0/M380_S060_A090_WD000.0_WS010.0_arrival.asc
ncols         9
nrows         54
xllcorner     426203.990666
yllcorner     12743455.311160
cellsize      100.000000
NODATA_value  0.000000
0.000000 0.000000 0.000000 166.020806 166.000000 166.020806 0.000000 0.000000 0.000000 
0.000000 0.000000 0.000000 166.007881 166.000630 166.007881 0.000000 0.000000 0.000000 
0.000000 0.000000 166.036252 166.005674 166.001261 166.005674 166.036252 0.000000 0.000000 
0.000000 0.000000 166.027110 166.005044 166.002207 166.005044 166.027110 0.000000 0.000000 
0.000000 0.000000 166.021436 166.005044 166.002837 166.005044 166.021436 0.000000 0.000000 
0.000000 0.000000 166.018914 166.005359 166.003783 166.005359 166.018914 0.000000 0.000000 
0.000000 166.040035 166.017023 166.005990 166.004413 166.005990 166.017023 166.040035 0.000000 
0.000000 166.035307 166.016077 166.006620 166.005359 166.006620 166.016077 166.035307 0.000000 
0.000000 166.032785 166.015447 166.007250 166.005990 166.007250 166.015447 166.032785 0.000000 
0.000000 166.029948 166.015131 166.007881 166.006935 166.007881 166.015131 166.029948 0.000000 
0.000000 166.028371 166.014816 166.008511 166.007566 166.008511 166.014816 166.028371 0.000000 
0.000000 166.027110 166.014816 166.009142 166.008511 166.009142 166.014816 166.027110 0.000000 
0.000000 166.026480 166.014816 166.010088 166.009142 166.010088 166.014816 166.026480 0.000000 
166.041611 166.025850 166.015131 166.010718 166.010088 166.010718 166.015131 166.025850 166.041611 
166.039720 166.025219 166.015762 166.011349 166.010718 166.011349 166.015762 166.025219 166.039720 
166.038459 166.024904 166.016392 166.012294 166.011664 166.012294 166.016392 166.024904 166.038459 
166.037513 166.024589 166.016708 166.012925 166.012294 166.012925 166.016708 166.024589 166.037513 
166.036883 166.024589 166.017338 166.013870 166.013240 166.013870 166.017338 166.024589 166.036883 
166.036252 166.024589 166.017969 166.014501 166.013870 166.014501 166.017969 166.024589 166.036252 
166.035622 166.024589 166.018599 166.015447 166.014816 166.015447 166.018599 166.024589 166.035622 
166.035307 166.024904 166.019230 166.016077 166.015447 166.016077 166.019230 166.024904 166.035307 
166.034676 166.025219 166.019545 166.017023 166.016392 166.017023 166.019545 166.025219 166.034676 
166.034676 166.025534 166.020175 166.017653 166.017023 166.017653 166.020175 166.025534 166.034676 
166.034361 166.026165 166.020806 166.018599 166.017969 166.018599 166.020806 166.026165 166.034361 
166.034361 166.026795 166.021751 166.019230 166.018599 166.019230 166.021751 166.026795 166.034361 
166.034361 166.027110 166.022382 166.020175 166.019545 166.020175 166.022382 166.027110 166.034361 
166.034361 166.027741 166.023012 166.020806 166.020175 166.020806 166.023012 166.027741 166.034361 
166.034361 166.028371 166.023958 166.021751 166.021121 166.021751 166.023958 166.028371 166.034361 
166.034676 166.028687 166.024589 166.022382 166.021751 166.022382 166.024589 166.028687 166.034676 
166.034991 166.029317 166.025219 166.023328 166.022697 166.023328 166.025219 166.029317 166.034991 
166.035622 166.029948 166.025850 166.023958 166.023328 166.023958 166.025850 166.029948 166.035622 
166.035937 166.030578 166.026480 166.024904 166.024273 166.024904 166.026480 166.030578 166.035937 
166.036568 166.031209 166.027426 166.025534 166.024904 166.025534 166.027426 166.031209 166.036568 
166.036883 166.031524 166.028056 166.026480 166.025850 166.026480 166.028056 166.031524 166.036883 
166.037513 166.032154 166.029002 166.027110 166.026480 166.027110 166.029002 166.032154 166.037513 
166.038144 166.032785 166.029632 166.028056 166.027426 166.028056 166.029632 166.032785 166.038144 
166.038459 166.033415 166.030263 166.028687 166.028056 166.028687 166.030263 166.033415 166.038459 
166.039090 166.034046 166.031209 166.029317 166.029002 166.029317 166.031209 166.034046 166.039090 
166.039720 166.034676 166.031839 166.030263 166.029632 166.030263 166.031839 166.034676 166.039720 
166.040350 166.035307 166.032785 166.030893 166.030578 166.030893 166.032785 166.035307 166.040350 
166.040666 166.036252 166.033415 166.031839 166.031209 166.031839 166.033415 166.036252 166.040666 
166.041296 166.036883 166.034046 166.032470 166.032154 166.032470 166.034046 166.036883 166.041296 
0.000000 166.037513 166.034991 166.033415 166.032785 166.033415 166.034991 166.037513 0.000000 
0.000000 166.038459 166.035622 166.034046 166.033730 166.034046 166.035622 166.038459 0.000000 
0.000000 166.039090 166.036252 166.034991 166.034361 166.034991 166.036252 166.039090 0.000000 
0.000000 166.039720 166.037198 166.035622 166.035307 166.035622 166.037198 166.039720 0.000000 
0.000000 166.040350 166.037829 166.036252 166.035937 166.036252 166.037829 166.040350 0.000000 
0.000000 166.041296 166.038459 166.037198 166.036883 166.037198 166.038459 166.041296 0.000000 
0.000000 0.000000 166.039405 166.037829 166.037513 166.037829 166.039405 0.000000 0.000000 
0.000000 0.000000 166.040035 166.038774 166.038459 166.038774 166.040035 0.000000 0.000000 
0.000000 0.000000 166.040981 166.039405 166.039090 166.039405 166.040981 0.000000 0.000000 
0.000000 0.000000 166.041611 166.040350 166.040035 166.040350 166.041611 0.000000 0.000000 
0.000000 0.000000 0.000000 166.040981 166.040666 166.040981 0.000000 0.000000 0.000000 
0.000000 0.000000 0.000000 0.000000 166.041611 0.000000 0.000000 0.000000 0.000000 
