test/output/constant/M490_S000_A270_WD000.0_WS035.0/M490_S000_A270_WD000.0_WS035.0_arrival.asc
ncols         7
nrows         29
xllcorner     426303.990666
yllcorner     12745955.311160
cellsize      100.000000
NODATA_value  0.000000
0.000000 0.000000 166.018361 166.000000 166.018361 0.000000 0.000000 
0.000000 0.000000 166.008292 166.001185 166.008292 0.000000 0.000000 
0.000000 166.035537 166.007107 166.002369 166.007107 166.035537 0.000000 
0.000000 166.027245 166.007107 166.004146 166.007107 166.027245 0.000000 
0.000000 166.023691 166.007700 166.005331 166.007700 166.023691 0.000000 
0.000000 166.021915 166.008884 166.007107 166.008884 166.021915 0.000000 
166.041460 166.021322 166.010069 166.008292 166.010069 166.021322 166.041460 
166.039091 166.020730 166.011253 166.010069 166.011253 166.020730 166.039091 
166.037314 166.020730 166.012438 166.011253 166.012438 166.020730 166.037314 
166.036129 166.020730 166.014215 166.013030 166.014215 166.020730 166.036129 
166.034945 166.021322 166.015399 166.014215 166.015399 166.021322 166.034945 
166.034353 166.022507 166.016584 166.015992 166.016584 166.022507 166.034353 
166.034353 166.023691 166.018361 166.017176 166.018361 166.023691 166.034353 
166.034353 166.024284 166.019545 166.018953 166.019545 166.024284 166.034353 
166.034353 166.025468 166.021322 166.020138 166.021322 166.025468 166.034353 
166.034353 166.026653 166.022507 166.021915 166.022507 166.026653 166.034353 
166.035537 166.027837 166.024284 166.023099 166.024284 166.027837 166.035537 
166.036129 166.029022 166.025468 166.024876 166.025468 166.029022 166.036129 
166.037314 166.030207 166.026653 166.026061 166.026653 166.030207 166.037314 
166.038499 166.031391 166.028430 166.027837 166.028430 166.031391 166.038499 
166.039091 166.033168 166.029614 166.029022 166.029614 166.033168 166.039091 
166.040275 166.034353 166.031391 166.030799 166.031391 166.034353 166.040275 
166.041460 166.035537 166.032576 166.031983 166.032576 166.035537 166.041460 
0.000000 166.037314 166.034353 166.033760 166.034353 166.037314 0.000000 
0.000000 166.038499 166.035537 166.034945 166.035537 166.038499 0.000000 
0.000000 166.039683 166.036722 166.036722 166.036722 166.039683 0.000000 
0.000000 166.041460 166.038499 166.037906 166.038499 166.041460 0.000000 
0.000000 0.000000 166.039683 166.039683 166.039683 0.000000 0.000000 
0.000000 0.000000 166.041460 166.040868 166.041460 0.000000 0.000000 
