test/output/constant/M495_S060_A180_WD270.0_WS050.0/M495_S060_A180_WD270.0_WS050.0_arrival.asc
ncols         48
nrows         7
xllcorner     426603.990666
yllcorner     12748455.311160
cellsize      100.000000
NODATA_value  0.000000
0.000000 0.000000 0.000000 0.000000 0.000000 0.000000 0.000000 0.000000 0.000000 0.000000 0.000000 0.000000 0.000000 0.000000 0.000000 0.000000 0.000000 166.041569 166.040865 166.040160 166.039455 166.039103 166.038751 166.038399 166.038046 166.038046 166.038046 166.038046 166.038399 166.039103 166.039455 166.040160 166.040865 166.041217 0.000000 0.000000 0.000000 0.000000 0.000000 0.000000 0.000000 0.000000 0.000000 0.000000 0.000000 0.000000 0.000000 0.000000 
0.000000 0.000000 0.000000 0.000000 0.000000 166.040512 166.034171 166.031001 166.028535 166.026421 166.025364 166.024307 166.023603 166.023603 166.023251 166.022898 166.022898 166.023251 166.023603 166.024307 166.025012 166.025364 166.026069 166.026773 166.027126 166.027830 166.028535 166.029239 166.029944 166.030648 166.031353 166.032058 166.032762 166.033467 166.034524 166.035228 166.035933 166.036990 166.037694 166.038399 166.039455 166.040160 166.040865 166.041667 0.000000 0.000000 0.000000 0.000000 
0.000000 166.021137 166.011273 166.009159 166.008102 166.007750 166.007750 166.008455 166.009159 166.009864 166.010216 166.011273 166.011978 166.012682 166.013739 166.014444 166.015500 166.016205 166.016909 166.017966 166.018671 166.019728 166.020432 166.021137 166.022194 166.022898 166.023955 166.024660 166.025717 166.026421 166.027478 166.028182 166.028887 166.029944 166.030648 166.031705 166.032410 166.033467 166.034171 166.035228 166.035933 166.036990 166.037694 166.038751 166.039455 166.040512 166.041217 0.000000 
166.000000 166.000705 166.001409 166.002466 166.003171 166.004227 166.004932 166.005989 166.006693 166.007750 166.008455 166.009512 166.010216 166.011273 166.011978 166.013034 166.013739 166.014796 166.015500 166.016557 166.017262 166.018319 166.019023 166.020080 166.020785 166.021841 166.022546 166.023603 166.024307 166.025364 166.026069 166.027126 166.027830 166.028887 166.029592 166.030648 166.031353 166.032410 166.033114 166.034171 166.034876 166.035933 166.036637 166.037694 166.038399 166.039455 166.040160 166.041217 
0.000000 166.021137 166.011273 166.009159 166.008102 166.007750 166.007750 166.008455 166.009159 166.009864 166.010216 166.011273 166.011978 166.012682 166.013739 166.014444 166.015500 166.016205 166.016909 166.017966 166.018671 166.019728 166.020432 166.021137 166.022194 166.022898 166.023955 166.024660 166.025717 166.026421 166.027478 166.028182 166.028887 166.029944 166.030648 166.031705 166.032410 166.033467 166.034171 166.035228 166.035933 166.036990 166.037694 166.038751 166.039455 166.040512 166.041217 0.000000 
0.000000 0.000000 0.000000 0.000000 0.000000 166.040512 166.034171 166.031001 166.028535 166.026421 166.025364 166.024307 166.023603 166.023603 166.023251 166.022898 166.022898 166.023251 166.023603 166.024307 166.025012 166.025364 166.026069 166.026773 166.027126 166.027830 166.028535 166.029239 166.029944 166.030648 166.031353 166.032058 166.032762 166.033467 166.034524 166.035228 166.035933 166.036990 166.037694 166.038399 166.039455 166.040160 166.040865 166.041667 0.000000 0.000000 0.000000 0.000000 
0.000000 0.000000 0.000000 0.000000 0.000000 0.000000 0.000000 0.000000 0.000000 0.000000 0.000000 0.000000 0.000000 0.000000 0.000000 0.000000 0.000000 166.041569 166.040865 166.040160 166.039455 166.039103 166.038751 166.038399 166.038046 166.038046 166.038046 166.038046 166.038399 166.039103 166.039455 166.040160 166.040865 166.041217 0.000000 0.000000 0.000000 0.000000 0.000000 0.000000 0.000000 0.000000 0.000000 0.000000 0.000000 0.000000 0.000000 0.000000 
