test/output/constant/M3M400_S060_A270_WD315.0_WS005.0/M3M400_S060_A270_WD315.0_WS005.0_ros.asc
ncols         13
nrows         55
xllcorner     426303.990666
yllcorner     12748655.311160
cellsize      100.000000
NODATA_value  0.000000
0.000000 0.000000 0.000000 0.000000 0.000000 0.000000 0.000000 89.384010 89.384010 83.713463 0.000000 0.000000 0.000000 
0.000000 0.000000 0.000000 0.000000 0.000000 0.000000 89.384010 89.384010 89.384010 89.384010 89.384010 0.000000 0.000000 
0.000000 0.000000 0.000000 0.000000 0.000000 84.021904 89.384010 89.384010 89.384010 86.867111 89.384010 0.000000 0.000000 
0.000000 0.000000 0.000000 0.000000 0.000000 74.569107 89.384010 89.384010 89.384010 89.384010 88.776695 0.000000 0.000000 
0.000000 0.000000 0.000000 0.000000 89.384010 89.384010 89.384010 89.384010 89.384010 89.384010 86.867111 79.411667 0.000000 
0.000000 0.000000 0.000000 0.000000 89.384010 89.384010 74.569107 89.384010 89.384010 89.384010 89.384010 89.384010 0.000000 
0.000000 0.000000 0.000000 0.000000 89.384010 89.384010 89.384010 89.384010 89.219231 74.092545 89.219231 89.384010 0.000000 
0.000000 0.000000 0.000000 79.810570 89.384010 89.384010 89.384010 89.384010 89.384010 89.384010 89.384010 89.384010 0.000000 
0.000000 0.000000 0.000000 79.810570 89.384010 89.384010 89.384010 89.384010 89.384010 88.776695 89.384010 89.384010 0.000000 
0.000000 0.000000 0.000000 79.810570 89.384010 89.384010 89.384010 89.384010 83.713463 89.384010 86.867111 89.384010 0.000000 
0.000000 0.000000 89.384010 84.021904 89.384010 89.384010 89.384010 89.384010 89.384010 89.384010 89.384010 79.411667 0.000000 
0.000000 0.000000 89.384010 79.810570 89.384010 89.384010 89.384010 83.713463 89.384010 89.384010 89.384010 89.384010 0.000000 
0.000000 0.000000 89.384010 79.810570 89.384010 89.384010 89.384010 88.776695 86.867111 89.384010 74.092545 89.219231 0.000000 
0.000000 0.000000 89.384010 79.810570 89.384010 89.384010 89.384010 89.384010 89.384010 89.384010 89.384010 79.411667 0.000000 
0.000000 0.000000 89.384010 79.810570 79.810570 89.269966 89.384010 89.384010 89.384010 89.384010 74.092545 89.384010 0.000000 
0.000000 89.269966 89.384010 79.810570 87.075218 84.021904 89.384010 89.384010 89.384010 89.219231 89.384010 83.713463 74.092545 
0.000000 89.384010 89.384010 79.810570 89.384010 89.384010 89.384010 89.384010 89.384010 74.092545 88.776695 89.384010 89.384010 
0.000000 88.877823 89.384010 74.569107 79.810570 89.384010 89.384010 89.384010 89.384010 89.384010 89.219231 89.384010 79.411667 
0.000000 89.384010 89.384010 74.569107 74.569107 89.384010 89.384010 89.384010 89.384010 86.867111 79.411667 89.384010 86.867111 
0.000000 89.269966 89.384010 79.810570 87.075218 88.877823 89.384010 89.384010 83.713463 89.384010 89.384010 86.867111 86.867111 
0.000000 89.384010 89.384010 88.877823 88.877823 89.384010 89.384010 89.384010 89.384010 83.713463 88.776695 89.384010 83.713463 
88.877823 84.021904 89.384010 89.384010 89.384010 89.384010 89.384010 89.384010 89.384010 89.384010 89.384010 89.384010 0.000000 
68.456696 84.021904 89.384010 89.384010 89.384010 89.384010 89.384010 89.384010 79.411667 88.776695 89.384010 67.917824 0.000000 
74.569107 84.021904 89.384010 89.384010 89.384010 89.384010 89.384010 89.384010 89.384010 74.092545 89.384010 74.092545 0.000000 
84.021904 79.810570 89.384010 89.384010 89.384010 89.384010 89.384010 89.384010 86.867111 89.384010 88.776695 67.917824 0.000000 
87.075218 79.810570 89.384010 89.384010 84.021904 89.384010 89.384010 89.384010 86.867111 89.219231 89.384010 86.867111 0.000000 
89.384010 74.569107 88.877823 89.384010 89.384010 89.384010 89.219231 89.384010 88.776695 74.092545 89.384010 74.092545 0.000000 
74.569107 74.569107 87.075218 89.384010 89.384010 89.384010 89.384010 89.384010 79.411667 89.384010 89.384010 61.075283 0.000000 
74.569107 74.569107 84.021904 89.384010 89.384010 89.384010 89.384010 89.384010 83.713463 89.384010 83.713463 61.075283 0.000000 
68.456696 68.456696 84.021904 89.384010 89.384010 89.384010 89.219231 89.384010 89.384010 86.867111 83.713463 61.075283 0.000000 
84.021904 87.075218 84.021904 89.384010 89.384010 89.384010 79.411667 89.384010 89.219231 89.219231 83.713463 61.075283 0.000000 
79.810570 84.021904 87.075218 89.384010 89.384010 88.776695 89.384010 89.384010 67.917824 86.867111 74.092545 0.000000 0.000000 
74.569107 68.456696 87.075218 89.384010 89.384010 89.384010 86.867111 89.384010 89.384010 74.092545 61.075283 0.000000 0.000000 
39.284569 79.810570 84.021904 89.384010 89.384010 79.411667 74.092545 86.867111 89.384010 61.075283 61.075283 0.000000 0.000000 
74.569107 87.075218 84.021904 89.384010 89.384010 89.384010 79.411667 89.384010 79.411667 61.075283 67.917824 0.000000 0.000000 
31.921850 74.569107 87.075218 89.384010 89.384010 89.384010 89.384010 89.384010 86.867111 61.075283 61.075283 0.000000 0.000000 
74.569107 74.569107 84.021904 89.384010 89.384010 89.384010 83.713463 83.713463 88.776695 67.917824 61.075283 0.000000 0.000000 
74.569107 79.810570 79.810570 89.384010 89.384010 89.384010 89.384010 89.384010 83.713463 61.075283 61.075283 0.000000 0.000000 
74.569107 79.810570 84.021904 89.384010 89.384010 89.384010 89.384010 89.384010 67.917824 61.075283 0.000000 0.000000 0.000000 
46.847988 68.456696 84.021904 89.384010 89.384010 89.384010 89.384010 89.384010 67.917824 61.075283 0.000000 0.000000 0.000000 
39.284569 84.021904 79.810570 89.384010 89.384010 89.384010 89.384010 86.867111 67.917824 61.075283 0.000000 0.000000 0.000000 
39.284569 74.569107 79.810570 89.384010 89.384010 89.384010 83.713463 86.867111 61.075283 61.075283 0.000000 0.000000 0.000000 
61.658970 74.569107 79.810570 89.384010 89.384010 83.713463 89.384010 61.075283 67.917824 61.075283 0.000000 0.000000 0.000000 
54.382401 74.569107 79.810570 89.384010 89.384010 74.092545 83.713463 61.075283 61.075283 0.000000 0.000000 0.000000 0.000000 
31.921850 68.456696 74.569107 84.021904 89.384010 74.092545 61.075283 61.075283 61.075283 0.000000 0.000000 0.000000 0.000000 
24.983395 54.382401 74.569107 89.384010 89.384010 89.384010 61.075283 67.917824 61.075283 0.000000 0.000000 0.000000 0.000000 
61.658970 31.921850 79.810570 89.384010 83.713463 83.713463 61.075283 61.075283 0.000000 0.000000 0.000000 0.000000 0.000000 
39.284569 3.107546 84.021904 89.384010 89.384010 83.713463 61.075283 61.075283 0.000000 0.000000 0.000000 0.000000 0.000000 
46.847988 5.332222 79.810570 89.384010 86.867111 83.713463 61.075283 53.772980 0.000000 0.000000 0.000000 0.000000 0.000000 
0.000000 31.921850 31.921850 89.384010 89.384010 61.075283 1.856424 0.000000 0.000000 0.000000 0.000000 0.000000 0.000000 
0.000000 39.284569 54.382401 89.384010 89.384010 61.075283 53.772980 0.000000 0.000000 0.000000 0.000000 0.000000 0.000000 
0.000000 1.856424 54.382401 89.384010 74.092545 53.772980 2.327386 0.000000 0.000000 0.000000 0.000000 0.000000 0.000000 
0.000000 1.402116 54.382401 89.384010 61.075283 2.327386 0.000000 0.000000 0.000000 0.000000 0.000000 0.000000 0.000000 
0.000000 0.000000 1.856424 -1.000000 2.327386 1.856424 0.000000 0.000000 0.000000 0.000000 0.000000 0.000000 0.000000 
0.000000 0.000000 0.000000 1.856424 0.000000 0.000000 0.000000 0.000000 0.000000 0.000000 0.000000 0.000000 0.000000 
