test/output/constant/S1_S060_A000_WD000.0_WS010.0/S1_S060_A000_WD000.0_WS010.0_arrival.asc
ncols         23
nrows         9
xllcorner     424403.990666
yllcorner     12748055.311160
cellsize      100.000000
NODATA_value  0.000000
0.000000 0.000000 0.000000 0.000000 0.000000 0.000000 0.000000 0.000000 0.000000 0.000000 0.000000 0.000000 0.000000 0.000000 0.000000 0.000000 0.000000 0.000000 166.040103 166.035728 166.034270 166.033541 166.039374 
0.000000 0.000000 0.000000 0.000000 0.000000 0.000000 0.000000 0.000000 0.000000 0.000000 0.000000 166.040832 166.036457 166.031353 166.026978 166.022603 166.018229 166.013854 166.009479 166.005833 166.002917 166.001458 166.000000 
0.000000 0.000000 0.000000 0.000000 0.000000 0.000000 0.000000 0.000000 166.040103 166.035728 166.031353 166.027708 166.024062 166.019687 166.016770 166.013125 166.010937 166.008750 166.007291 166.005104 166.003646 166.003646 166.010937 
0.000000 0.000000 0.000000 0.000000 0.000000 166.041561 166.037916 166.034270 166.030624 166.026978 166.024062 166.021145 166.018958 166.016770 166.014583 166.013125 166.010937 166.009479 166.009479 166.010208 166.014583 166.030624 0.000000 
0.000000 0.000000 0.000000 166.041561 166.037916 166.034999 166.032082 166.029166 166.026978 166.024791 166.022603 166.020416 166.018958 166.016770 166.016041 166.015312 166.016041 166.016770 166.021145 166.030624 0.000000 0.000000 0.000000 
0.000000 0.000000 166.039374 166.036457 166.034270 166.032082 166.029895 166.028437 166.026249 166.024791 166.022603 166.021874 166.021874 166.021874 166.022603 166.024062 166.027708 166.036457 0.000000 0.000000 0.000000 0.000000 0.000000 
0.000000 166.040103 166.037916 166.035728 166.034270 166.032082 166.030624 166.029166 166.028437 166.027708 166.027708 166.027708 166.029166 166.031353 166.035728 0.000000 0.000000 0.000000 0.000000 0.000000 0.000000 0.000000 0.000000 
166.041561 166.040103 166.037916 166.036457 166.034999 166.034270 166.033541 166.033541 166.034270 166.034270 166.035728 166.037916 0.000000 0.000000 0.000000 0.000000 0.000000 0.000000 0.000000 0.000000 0.000000 0.000000 0.000000 
0.000000 166.041561 166.040103 166.040103 166.039374 166.039374 166.040103 166.041561 0.000000 0.000000 0.000000 0.000000 0.000000 0.000000 0.000000 0.000000 0.000000 0.000000 0.000000 0.000000 0.000000 0.000000 0.000000 
