test/output/constant/M3M490_S060_A000_WD090.0_WS010.0/M3M490_S060_A000_WD090.0_WS010.0_arrival.asc
ncols         57
nrows         9
xllcorner     421003.990666
yllcorner     12748355.311160
cellsize      100.000000
NODATA_value  0.000000
0.000000 0.000000 0.000000 0.000000 0.000000 0.000000 0.000000 0.000000 0.000000 0.000000 0.000000 166.041480 166.040883 166.040286 166.039689 166.039391 166.038794 166.038197 166.037600 166.037302 166.036705 166.036108 166.035810 166.035213 166.034616 166.034318 166.033721 166.033422 166.033124 166.032826 166.032826 166.032826 166.032826 166.033124 166.033124 166.033422 166.033721 166.034318 166.034914 166.035213 166.036108 166.037003 166.038794 166.039987 0.000000 0.000000 0.000000 0.000000 0.000000 0.000000 0.000000 0.000000 0.000000 0.000000 0.000000 0.000000 0.000000 
0.000000 0.000000 0.000000 0.000000 0.000000 0.000000 166.041181 166.040286 166.039689 166.039092 166.038495 166.037600 166.037003 166.036407 166.035810 166.034914 166.034318 166.033721 166.033124 166.032229 166.031632 166.031035 166.030737 166.030140 166.029543 166.028946 166.028349 166.028051 166.027454 166.026857 166.026260 166.025962 166.025365 166.024768 166.024470 166.023873 166.023575 166.023575 166.023575 166.023575 166.023575 166.023873 166.024172 166.024768 166.025365 166.026260 166.027454 166.028946 166.031333 166.034318 166.038495 0.000000 0.000000 0.000000 0.000000 0.000000 0.000000 
0.000000 0.000000 166.041480 166.040883 166.040286 166.039391 166.038794 166.037899 166.037302 166.036407 166.035810 166.035213 166.034318 166.033721 166.033124 166.032229 166.031632 166.030737 166.030140 166.029543 166.028648 166.028051 166.027454 166.026559 166.025962 166.025365 166.024768 166.023873 166.023276 166.022679 166.021784 166.021187 166.020591 166.019994 166.019397 166.018800 166.018203 166.017606 166.017010 166.016413 166.016114 166.015518 166.014921 166.014622 166.014324 166.014324 166.014324 166.014324 166.014921 166.015518 166.016413 166.018502 166.020889 166.026260 166.035511 0.000000 0.000000 
166.041667 166.041181 166.040286 166.039689 166.038794 166.038197 166.037302 166.036705 166.035810 166.035213 166.034616 166.033721 166.033124 166.032229 166.031632 166.030737 166.030140 166.029245 166.028648 166.028051 166.027156 166.026559 166.025664 166.025067 166.024172 166.023575 166.022679 166.022083 166.021187 166.020591 166.019695 166.019099 166.018203 166.017606 166.016711 166.016114 166.015219 166.014622 166.013727 166.013130 166.012235 166.011638 166.011041 166.010146 166.009549 166.008952 166.008057 166.007460 166.006864 166.006267 166.005670 166.005073 166.004775 166.004775 166.005371 166.008057 166.018800 
166.041480 166.040883 166.039987 166.039391 166.038495 166.037899 166.037003 166.036407 166.035511 166.034914 166.034019 166.033422 166.032527 166.031930 166.031035 166.030438 166.029543 166.028946 166.028051 166.027454 166.026559 166.025962 166.025067 166.024470 166.023575 166.022978 166.022083 166.021486 166.020591 166.019994 166.019099 166.018502 166.017606 166.017010 166.016114 166.015518 166.014622 166.014025 166.013130 166.012533 166.011638 166.011041 166.010146 166.009549 166.008654 166.008057 166.007162 166.006565 166.005670 166.005073 166.004178 166.003581 166.002686 166.002089 166.001194 166.000597 166.000000 
166.041667 166.041181 166.040286 166.039689 166.038794 166.038197 166.037302 166.036705 166.035810 166.035213 166.034616 166.033721 166.033124 166.032229 166.031632 166.030737 166.030140 166.029245 166.028648 166.028051 166.027156 166.026559 166.025664 166.025067 166.024172 166.023575 166.022679 166.022083 166.021187 166.020591 166.019695 166.019099 166.018203 166.017606 166.016711 166.016114 166.015219 166.014622 166.013727 166.013130 166.012235 166.011638 166.011041 166.010146 166.009549 166.008952 166.008057 166.007460 166.006864 166.006267 166.005670 166.005073 166.004775 166.004775 166.005371 166.008057 166.018800 
0.000000 0.000000 166.041480 166.040883 166.040286 166.039391 166.038794 166.037899 166.037302 166.036407 166.035810 166.035213 166.034318 166.033721 166.033124 166.032229 166.031632 166.030737 166.030140 166.029543 166.028648 166.028051 166.027454 166.026559 166.025962 166.025365 166.024768 166.023873 166.023276 166.022679 166.021784 166.021187 166.020591 166.019994 166.019397 166.018800 166.018203 166.017606 166.017010 166.016413 166.016114 166.015518 166.014921 166.014622 166.014324 166.014324 166.014324 166.014324 166.014921 166.015518 166.016413 166.018502 166.020889 166.026260 166.035511 0.000000 0.000000 
0.000000 0.000000 0.000000 0.000000 0.000000 0.000000 166.041181 166.040286 166.039689 166.039092 166.038495 166.037600 166.037003 166.036407 166.035810 166.034914 166.034318 166.033721 166.033124 166.032229 166.031632 166.031035 166.030737 166.030140 166.029543 166.028946 166.028349 166.028051 166.027454 166.026857 166.026260 166.025962 166.025365 166.024768 166.024470 166.023873 166.023575 166.023575 166.023575 166.023575 166.023575 166.023873 166.024172 166.024768 166.025365 166.026260 166.027454 166.028946 166.031333 166.034318 166.038495 0.000000 0.000000 0.000000 0.000000 0.000000 0.000000 
0.000000 0.000000 0.000000 0.000000 0.000000 0.000000 0.000000 0.000000 0.000000 0.000000 0.000000 166.041480 166.040883 166.040286 166.039689 166.039391 166.038794 166.038197 166.037600 166.037302 166.036705 166.036108 166.035810 166.035213 166.034616 166.034318 166.033721 166.033422 166.033124 166.032826 166.032826 166.032826 166.032826 166.033124 166.033124 166.033422 166.033721 166.034318 166.034914 166.035213 166.036108 166.037003 166.038794 166.039987 0.000000 0.000000 0.000000 0.000000 0.000000 0.000000 0.000000 0.000000 0.000000 0.000000 0.000000 0.000000 0.000000 
