test/output/constant/M295_S060_A000_WD090.0_WS030.0/M295_S060_A000_WD090.0_WS030.0_arrival.asc
ncols         41
nrows         7
xllcorner     422603.990666
yllcorner     12748455.311160
cellsize      100.000000
NODATA_value  0.000000
0.000000 0.000000 0.000000 0.000000 0.000000 0.000000 0.000000 0.000000 0.000000 0.000000 0.000000 166.041314 166.040488 166.040075 166.039249 166.038422 166.038009 166.037183 166.037183 166.037183 166.037183 166.037596 166.037596 166.038009 166.038422 166.039249 166.040488 166.041667 0.000000 0.000000 0.000000 0.000000 0.000000 0.000000 0.000000 0.000000 0.000000 0.000000 0.000000 0.000000 0.000000 
0.000000 0.000000 0.000000 166.041667 166.040901 166.039662 166.038835 166.038009 166.036770 166.035943 166.035117 166.034291 166.033051 166.032225 166.031399 166.030573 166.029746 166.028920 166.028094 166.027267 166.026441 166.026028 166.025202 166.024375 166.023962 166.023136 166.022310 166.022310 166.022310 166.022723 166.023136 166.023549 166.024789 166.026441 166.028920 166.033051 166.039662 0.000000 0.000000 0.000000 0.000000 
0.000000 166.040901 166.040075 166.038835 166.038009 166.036770 166.035943 166.034704 166.033878 166.032638 166.031812 166.030573 166.029746 166.028507 166.027681 166.026441 166.025615 166.024789 166.023549 166.022723 166.021483 166.020657 166.019418 166.018591 166.017352 166.016526 166.015699 166.014460 166.013634 166.012394 166.011568 166.010742 166.009915 166.009089 166.008263 166.007850 166.007437 166.007850 166.009502 166.015286 0.000000 
166.040901 166.040075 166.038835 166.038009 166.036770 166.035943 166.034704 166.033878 166.032638 166.031812 166.030573 166.029746 166.028507 166.027681 166.026441 166.025615 166.024375 166.023549 166.022310 166.021483 166.020244 166.019418 166.018178 166.017352 166.016113 166.015286 166.014047 166.013221 166.011981 166.011155 166.009915 166.009089 166.007850 166.007023 166.005784 166.004958 166.003718 166.002892 166.001653 166.000826 166.000000 
0.000000 166.040901 166.040075 166.038835 166.038009 166.036770 166.035943 166.034704 166.033878 166.032638 166.031812 166.030573 166.029746 166.028507 166.027681 166.026441 166.025615 166.024789 166.023549 166.022723 166.021483 166.020657 166.019418 166.018591 166.017352 166.016526 166.015699 166.014460 166.013634 166.012394 166.011568 166.010742 166.009915 166.009089 166.008263 166.007850 166.007437 166.007850 166.009502 166.015286 0.000000 
0.000000 0.000000 0.000000 166.041667 166.040901 166.039662 166.038835 166.038009 166.036770 166.035943 166.035117 166.034291 166.033051 166.032225 166.031399 166.030573 166.029746 166.028920 166.028094 166.027267 166.026441 166.026028 166.025202 166.024375 166.023962 166.023136 166.022310 166.022310 166.022310 166.022723 166.023136 166.023549 166.024789 166.026441 166.028920 166.033051 166.039662 0.000000 0.000000 0.000000 0.000000 
0.000000 0.000000 0.000000 0.000000 0.000000 0.000000 0.000000 0.000000 0.000000 0.000000 0.000000 166.041314 166.040488 166.040075 166.039249 166.038422 166.038009 166.037183 166.037183 166.037183 166.037183 166.037596 166.037596 166.038009 166.038422 166.039249 166.040488 166.041667 0.000000 0.000000 0.000000 0.000000 0.000000 0.000000 0.000000 0.000000 0.000000 0.000000 0.000000 0.000000 0.000000 
