test/output/constant/M3M400_S060_A000_WD315.0_WS045.0/M3M400_S060_A000_WD315.0_WS045.0_ros.asc
ncols         16
nrows         41
xllcorner     425303.990666
yllcorner     12744855.311160
cellsize      100.000000
NODATA_value  0.000000
0.000000 0.000000 0.000000 0.000000 0.000000 0.000000 0.000000 0.000000 0.000000 0.000000 0.000000 0.000000 1.982882 2.619967 2.101101 0.000000 
0.000000 0.000000 0.000000 0.000000 0.000000 0.000000 0.000000 0.000000 0.000000 0.000000 0.000000 3.136713 1.982882 -1.000000 2.101101 0.000000 
0.000000 0.000000 0.000000 0.000000 0.000000 0.000000 0.000000 0.000000 0.000000 0.000000 1.410853 1.982882 67.332298 67.332298 7.600582 1.486393 
0.000000 0.000000 0.000000 0.000000 0.000000 0.000000 0.000000 0.000000 0.000000 1.410853 3.136713 52.044228 67.332298 62.857899 10.783023 10.783023 
0.000000 0.000000 0.000000 0.000000 0.000000 0.000000 0.000000 0.000000 0.000000 3.810173 3.810173 56.513733 67.332298 29.562809 24.216946 19.208937 
0.000000 0.000000 0.000000 0.000000 0.000000 0.000000 0.000000 0.000000 3.136713 3.810173 5.640322 67.332298 67.332298 29.562809 7.600582 10.783023 
0.000000 0.000000 0.000000 0.000000 0.000000 0.000000 0.000000 0.000000 3.136713 5.640322 56.513733 67.332298 67.332298 29.562809 10.783023 14.687399 
0.000000 0.000000 0.000000 0.000000 0.000000 0.000000 0.000000 3.136713 47.072803 3.810173 60.345642 67.332298 67.332298 29.562809 7.600582 10.783023 
0.000000 0.000000 0.000000 0.000000 0.000000 0.000000 0.000000 1.982882 52.044228 56.513733 67.332298 67.332298 29.562809 10.783023 14.687399 0.000000 
0.000000 0.000000 0.000000 0.000000 0.000000 0.000000 47.072803 52.044228 5.640322 56.513733 67.332298 67.332298 40.620316 29.562809 29.562809 0.000000 
0.000000 0.000000 0.000000 0.000000 0.000000 0.000000 3.810173 2.619967 5.640322 67.332298 67.332298 67.332298 45.998024 14.687399 24.216946 0.000000 
0.000000 0.000000 0.000000 0.000000 0.000000 1.982882 3.136713 56.513733 56.513733 67.332298 67.332298 59.616135 10.783023 29.562809 19.208937 0.000000 
0.000000 0.000000 0.000000 0.000000 0.000000 2.619967 56.513733 5.640322 56.513733 67.332298 67.332298 24.216946 45.998024 29.562809 29.562809 0.000000 
0.000000 0.000000 0.000000 0.000000 0.000000 3.136713 52.044228 56.513733 67.332298 67.332298 62.857899 40.620316 29.562809 14.687399 10.783023 0.000000 
0.000000 0.000000 0.000000 0.000000 52.044228 56.513733 52.044228 56.513733 67.332298 67.332298 67.332298 29.562809 29.562809 24.216946 14.687399 0.000000 
0.000000 0.000000 0.000000 0.000000 8.222167 3.810173 56.513733 67.332298 67.332298 67.332298 65.269066 19.208937 29.562809 29.562809 29.562809 0.000000 
0.000000 0.000000 0.000000 0.000000 3.810173 56.513733 56.513733 67.332298 60.345642 67.332298 59.616135 29.562809 29.562809 14.687399 0.000000 0.000000 
0.000000 0.000000 0.000000 2.619967 3.810173 56.513733 52.044228 67.332298 67.332298 67.332298 59.616135 19.208937 10.783023 29.562809 0.000000 0.000000 
0.000000 0.000000 0.000000 5.640322 52.044228 56.513733 67.332298 67.332298 67.332298 67.332298 29.562809 29.562809 29.562809 29.562809 0.000000 0.000000 
0.000000 0.000000 0.000000 52.044228 56.513733 5.640322 65.654121 67.332298 67.332298 59.616135 51.056396 19.208937 24.216946 14.687399 0.000000 0.000000 
0.000000 0.000000 56.513733 2.619967 56.513733 63.423603 67.332298 67.332298 67.332298 67.332298 55.642120 35.086128 29.562809 24.216946 0.000000 0.000000 
0.000000 0.000000 56.513733 56.513733 56.513733 67.332298 67.332298 67.332298 65.269066 19.208937 35.086128 29.562809 29.562809 0.000000 0.000000 0.000000 
0.000000 0.000000 3.810173 56.513733 67.332298 67.332298 67.332298 67.332298 62.857899 29.562809 14.687399 29.562809 19.208937 0.000000 0.000000 0.000000 
0.000000 0.000000 52.044228 56.513733 67.332298 67.265663 67.332298 67.332298 35.086128 67.168854 29.562809 29.562809 24.216946 0.000000 0.000000 0.000000 
0.000000 5.640322 56.513733 56.513733 67.332298 67.332298 67.332298 66.776505 65.269066 40.620316 10.783023 29.562809 0.000000 0.000000 0.000000 0.000000 
0.000000 52.044228 56.513733 56.513733 67.332298 67.332298 67.332298 67.332298 65.269066 19.208937 35.086128 29.562809 0.000000 0.000000 0.000000 0.000000 
0.000000 56.513733 3.810173 67.332298 67.332298 67.332298 67.332298 59.616135 29.562809 7.600582 29.562809 14.687399 0.000000 0.000000 0.000000 0.000000 
0.000000 56.513733 67.332298 67.332298 67.332298 66.969421 67.332298 29.562809 51.056396 29.562809 14.687399 40.620316 0.000000 0.000000 0.000000 0.000000 
0.000000 56.513733 67.332298 67.332298 67.332298 67.332298 65.269066 10.783023 29.562809 45.998024 35.086128 0.000000 0.000000 0.000000 0.000000 0.000000 
0.000000 5.640322 67.332298 67.332298 67.332298 67.332298 67.332298 19.208937 45.998024 29.562809 29.562809 0.000000 0.000000 0.000000 0.000000 0.000000 
67.332298 56.513733 67.265663 67.332298 67.332298 67.332298 59.616135 29.562809 29.562809 45.998024 0.000000 0.000000 0.000000 0.000000 0.000000 0.000000 
56.513733 67.332298 67.332298 67.332298 67.332298 67.332298 29.562809 55.642120 29.562809 35.086128 0.000000 0.000000 0.000000 0.000000 0.000000 0.000000 
60.345642 63.423603 67.332298 67.332298 67.332298 67.332298 29.562809 29.562809 40.620316 0.000000 0.000000 0.000000 0.000000 0.000000 0.000000 0.000000 
67.265663 67.332298 67.332298 67.332298 67.332298 55.642120 29.562809 55.642120 14.687399 0.000000 0.000000 0.000000 0.000000 0.000000 0.000000 0.000000 
67.332298 66.969421 67.332298 65.654121 67.332298 29.562809 67.332298 24.216946 51.056396 0.000000 0.000000 0.000000 0.000000 0.000000 0.000000 0.000000 
67.332298 65.654121 67.332298 67.332298 62.857899 67.332298 55.642120 19.208937 0.000000 0.000000 0.000000 0.000000 0.000000 0.000000 0.000000 0.000000 
67.332298 67.332298 67.332298 67.332298 67.332298 40.620316 19.208937 0.000000 0.000000 0.000000 0.000000 0.000000 0.000000 0.000000 0.000000 0.000000 
67.332298 67.332298 67.332298 67.332298 67.332298 24.216946 29.562809 0.000000 0.000000 0.000000 0.000000 0.000000 0.000000 0.000000 0.000000 0.000000 
0.000000 67.332298 67.332298 67.332298 67.332298 67.332298 0.000000 0.000000 0.000000 0.000000 0.000000 0.000000 0.000000 0.000000 0.000000 0.000000 
0.000000 67.332298 67.332298 67.332298 67.332298 0.000000 0.000000 0.000000 0.000000 0.000000 0.000000 0.000000 0.000000 0.000000 0.000000 0.000000 
0.000000 67.332298 67.332298 65.269066 0.000000 0.000000 0.000000 0.000000 0.000000 0.000000 0.000000 0.000000 0.000000 0.000000 0.000000 0.000000 
