test/output/constant/M3M480_S000_A090_WD180.0_WS020.0/M3M480_S000_A090_WD180.0_WS020.0_arrival.asc
ncols         9
nrows         24
xllcorner     426203.990666
yllcorner     12748555.311160
cellsize      100.000000
NODATA_value  0.000000
0.000000 0.000000 0.000000 0.000000 166.041667 0.000000 0.000000 0.000000 0.000000 
0.000000 0.000000 166.041265 166.040456 166.039647 166.040456 166.041265 0.000000 0.000000 
0.000000 0.000000 166.039647 166.038028 166.038028 166.038028 166.039647 0.000000 0.000000 
0.000000 166.040456 166.037219 166.036410 166.035601 166.036410 166.037219 166.040456 0.000000 
0.000000 166.038837 166.035601 166.033983 166.033983 166.033983 166.035601 166.038837 0.000000 
166.041667 166.037219 166.033983 166.032365 166.031555 166.032365 166.033983 166.037219 166.041667 
166.040456 166.035601 166.031555 166.029937 166.029937 166.029937 166.031555 166.035601 166.040456 
166.038837 166.033983 166.029937 166.028319 166.027510 166.028319 166.029937 166.033983 166.038837 
166.038028 166.032365 166.028319 166.025892 166.025892 166.025892 166.028319 166.032365 166.038028 
166.036410 166.030746 166.025892 166.024273 166.023464 166.024273 166.025892 166.030746 166.036410 
166.035601 166.029128 166.024273 166.021846 166.021846 166.021846 166.024273 166.029128 166.035601 
166.035601 166.027510 166.022655 166.020228 166.019419 166.020228 166.022655 166.027510 166.035601 
166.034792 166.026701 166.021037 166.017800 166.017800 166.017800 166.021037 166.026701 166.034792 
166.034792 166.025892 166.019419 166.016182 166.015373 166.016182 166.019419 166.025892 166.034792 
166.034792 166.025082 166.017800 166.013755 166.013755 166.013755 166.017800 166.025082 166.034792 
166.035601 166.025082 166.016182 166.012137 166.011328 166.012137 166.016182 166.025082 166.035601 
166.036410 166.025082 166.015373 166.010518 166.009709 166.010518 166.015373 166.025082 166.036410 
166.038837 166.025892 166.015373 166.008091 166.007282 166.008091 166.015373 166.025892 166.038837 
166.041265 166.027510 166.015373 166.006473 166.005664 166.006473 166.015373 166.027510 166.041265 
0.000000 166.029937 166.016182 166.005664 166.003236 166.005664 166.016182 166.029937 0.000000 
0.000000 166.033983 166.018610 166.005664 166.001618 166.005664 166.018610 166.033983 0.000000 
0.000000 166.040456 166.023464 166.006473 166.000000 166.006473 166.023464 166.040456 0.000000 
0.000000 0.000000 166.034792 166.016991 166.012137 166.016991 166.034792 0.000000 0.000000 
0.000000 0.000000 0.000000 166.038028 166.035601 166.038028 0.000000 0.000000 0.000000 
