test/output/constant/M350_S060_A270_WD180.0_WS020.0/M350_S060_A270_WD180.0_WS020.0_arrival.asc
ncols         7
nrows         38
xllcorner     426303.990666
yllcorner     12748755.311160
cellsize      100.000000
NODATA_value  0.000000
0.000000 0.000000 166.041667 166.040910 166.041667 0.000000 0.000000 
0.000000 0.000000 166.040466 166.039576 166.040466 0.000000 0.000000 
0.000000 0.000000 166.039576 166.038687 166.039576 0.000000 0.000000 
0.000000 166.041355 166.038242 166.037353 166.038242 166.041355 0.000000 
0.000000 166.040466 166.037353 166.036463 166.037353 166.040466 0.000000 
0.000000 166.039131 166.036019 166.035129 166.036019 166.039131 0.000000 
0.000000 166.038242 166.035129 166.034240 166.035129 166.038242 0.000000 
0.000000 166.037353 166.033795 166.032906 166.033795 166.037353 0.000000 
0.000000 166.036019 166.032906 166.032017 166.032906 166.036019 0.000000 
0.000000 166.035129 166.031572 166.030683 166.031572 166.035129 0.000000 
166.041667 166.034240 166.030683 166.029793 166.030683 166.034240 166.041667 
166.040910 166.033351 166.029793 166.028459 166.029793 166.033351 166.040910 
166.040466 166.032017 166.028459 166.027570 166.028459 166.032017 166.040466 
166.039576 166.031127 166.027570 166.026236 166.027570 166.031127 166.039576 
166.039131 166.030238 166.026236 166.025347 166.026236 166.030238 166.039131 
166.038242 166.029349 166.025347 166.024013 166.025347 166.029349 166.038242 
166.038242 166.028904 166.024013 166.023123 166.024013 166.028904 166.038242 
166.038242 166.028015 166.023123 166.021789 166.023123 166.028015 166.038242 
166.038242 166.027125 166.022234 166.020900 166.022234 166.027125 166.038242 
166.038242 166.026681 166.020900 166.019566 166.020900 166.026681 166.038242 
166.038687 166.025791 166.020010 166.018676 166.020010 166.025791 166.038687 
166.039131 166.024902 166.018676 166.017342 166.018676 166.024902 166.039131 
166.039576 166.024013 166.017787 166.016453 166.017787 166.024013 166.039576 
166.040021 166.023568 166.016453 166.015119 166.016453 166.023568 166.040021 
166.041355 166.023123 166.015564 166.014230 166.015564 166.023123 166.041355 
0.000000 166.023123 166.014230 166.012896 166.014230 166.023123 0.000000 
0.000000 166.023123 166.013340 166.012006 166.013340 166.023123 0.000000 
0.000000 166.023568 166.012451 166.010672 166.012451 166.023568 0.000000 
0.000000 166.024013 166.011117 166.009783 166.011117 166.024013 0.000000 
0.000000 166.024457 166.010228 166.008449 166.010228 166.024457 0.000000 
0.000000 166.026236 166.009783 166.007559 166.009783 166.026236 0.000000 
0.000000 166.028459 166.008894 166.006225 166.008894 166.028459 0.000000 
0.000000 166.031572 166.008004 166.005336 166.008004 166.031572 0.000000 
0.000000 166.037353 166.008004 166.004002 166.008004 166.037353 0.000000 
0.000000 0.000000 166.008004 166.003113 166.008004 0.000000 0.000000 
0.000000 0.000000 166.009338 166.001779 166.009338 0.000000 0.000000 
0.000000 0.000000 166.014230 166.000889 166.014230 0.000000 0.000000 
0.000000 0.000000 166.038687 166.000000 166.038687 0.000000 0.000000 
