test/output/constant/M495_S060_A000_WD135.0_WS015.0/M495_S060_A000_WD135.0_WS015.0_arrival.asc
ncols         39
nrows         13
xllcorner     422803.990666
yllcorner     12748655.311160
cellsize      100.000000
NODATA_value  0.000000
0.000000 0.000000 0.000000 166.041667 166.041667 166.041667 166.041667 0.000000 0.000000 0.000000 0.000000 0.000000 0.000000 0.000000 0.000000 0.000000 0.000000 0.000000 0.000000 0.000000 0.000000 0.000000 0.000000 0.000000 0.000000 0.000000 0.000000 0.000000 0.000000 0.000000 0.000000 0.000000 0.000000 0.000000 0.000000 0.000000 0.000000 0.000000 0.000000 
166.040978 166.040560 166.039723 166.038887 166.038051 166.038051 166.038051 166.037633 166.037633 166.037633 166.038051 166.038469 166.039305 166.040560 166.041396 0.000000 0.000000 0.000000 0.000000 0.000000 0.000000 0.000000 0.000000 0.000000 0.000000 0.000000 0.000000 0.000000 0.000000 0.000000 0.000000 0.000000 0.000000 0.000000 0.000000 0.000000 0.000000 0.000000 0.000000 
166.040978 166.040141 166.038887 166.037633 166.036796 166.035960 166.035124 166.034706 166.034287 166.033869 166.033869 166.033869 166.033869 166.034287 166.034706 166.035542 166.036378 166.037633 166.039723 0.000000 0.000000 0.000000 0.000000 0.000000 0.000000 0.000000 0.000000 0.000000 0.000000 0.000000 0.000000 0.000000 0.000000 0.000000 0.000000 0.000000 0.000000 0.000000 0.000000 
166.041667 166.040141 166.038887 166.038051 166.036796 166.035542 166.034706 166.033451 166.032615 166.031779 166.030942 166.030106 166.030106 166.030106 166.029688 166.029688 166.030106 166.030524 166.031360 166.032615 166.033869 166.036378 166.039305 0.000000 0.000000 0.000000 0.000000 0.000000 0.000000 0.000000 0.000000 0.000000 0.000000 0.000000 0.000000 0.000000 0.000000 0.000000 0.000000 
0.000000 166.041667 166.040141 166.038469 166.037214 166.035960 166.034706 166.033451 166.032197 166.031360 166.030106 166.029270 166.028015 166.027179 166.026761 166.026343 166.025925 166.025925 166.025925 166.026343 166.026761 166.027597 166.028852 166.030524 166.033451 166.037214 0.000000 0.000000 0.000000 0.000000 0.000000 0.000000 0.000000 0.000000 0.000000 0.000000 0.000000 0.000000 0.000000 
0.000000 0.000000 0.000000 166.041396 166.039305 166.037633 166.035960 166.034287 166.033033 166.031779 166.030106 166.029270 166.028015 166.026761 166.025925 166.024670 166.023834 166.022998 166.022161 166.022161 166.022161 166.021743 166.022161 166.022998 166.023834 166.025088 166.027597 166.031360 166.036378 0.000000 0.000000 0.000000 0.000000 0.000000 0.000000 0.000000 0.000000 0.000000 0.000000 
0.000000 0.000000 0.000000 0.000000 0.000000 166.041396 166.039305 166.037633 166.035542 166.033869 166.031779 166.030524 166.028852 166.027179 166.025925 166.024670 166.023834 166.022580 166.021325 166.020489 166.019234 166.018816 166.017980 166.017980 166.017980 166.018398 166.018816 166.020071 166.021743 166.025088 166.030524 166.037633 0.000000 0.000000 0.000000 0.000000 0.000000 0.000000 0.000000 
0.000000 0.000000 0.000000 0.000000 0.000000 0.000000 0.000000 0.000000 166.040141 166.037633 166.035960 166.033869 166.031779 166.029688 166.028015 166.026343 166.024670 166.022998 166.021743 166.020489 166.019234 166.017980 166.017144 166.015889 166.015053 166.014217 166.014217 166.014217 166.014217 166.015053 166.016307 166.019234 166.024252 166.032197 0.000000 0.000000 0.000000 0.000000 0.000000 
0.000000 0.000000 0.000000 0.000000 0.000000 0.000000 0.000000 0.000000 0.000000 0.000000 166.041667 166.039305 166.037214 166.034706 166.032615 166.030106 166.028015 166.025925 166.024252 166.022161 166.020489 166.018816 166.017144 166.015889 166.015053 166.013799 166.012544 166.011708 166.010872 166.010035 166.010035 166.010453 166.010872 166.013380 166.018816 166.028433 0.000000 0.000000 0.000000 
0.000000 0.000000 0.000000 0.000000 0.000000 0.000000 0.000000 0.000000 0.000000 0.000000 0.000000 0.000000 0.000000 166.041667 166.039305 166.036796 166.034287 166.032197 166.029688 166.027179 166.025088 166.022580 166.020489 166.018398 166.016307 166.014635 166.012962 166.011708 166.010453 166.009617 166.008363 166.007108 166.006272 166.006272 166.006272 166.007527 166.013380 166.028433 0.000000 
0.000000 0.000000 0.000000 0.000000 0.000000 0.000000 0.000000 0.000000 0.000000 0.000000 0.000000 0.000000 0.000000 0.000000 0.000000 0.000000 0.000000 166.040978 166.038051 166.035542 166.032615 166.030106 166.027179 166.024670 166.022161 166.019653 166.017144 166.015053 166.012544 166.010872 166.008781 166.007527 166.006272 166.005018 166.004181 166.002927 166.002091 166.002091 166.010035 
0.000000 0.000000 0.000000 0.000000 0.000000 0.000000 0.000000 0.000000 0.000000 0.000000 0.000000 0.000000 0.000000 0.000000 0.000000 0.000000 0.000000 0.000000 0.000000 0.000000 0.000000 166.041396 166.038469 166.035542 166.032615 166.029688 166.026761 166.024252 166.021325 166.018398 166.015471 166.012962 166.010035 166.007527 166.005018 166.002927 166.001673 166.000836 166.000000 
0.000000 0.000000 0.000000 0.000000 0.000000 0.000000 0.000000 0.000000 0.000000 0.000000 0.000000 0.000000 0.000000 0.000000 0.000000 0.000000 0.000000 0.000000 0.000000 0.000000 0.000000 0.000000 0.000000 0.000000 0.000000 0.000000 0.000000 0.000000 0.000000 0.000000 166.040560 166.037633 166.034706 166.031779 166.029688 166.028015 166.027179 166.027597 0.000000 
