test/output/constant/M375_S060_A270_WD315.0_WS035.0/M375_S060_A270_WD315.0_WS035.0_arrival.asc
ncols         25
nrows         15
xllcorner     426503.990666
yllcorner     12748655.311160
cellsize      100.000000
NODATA_value  0.000000
0.000000 0.000000 0.000000 0.000000 0.000000 0.000000 0.000000 0.000000 0.000000 0.000000 0.000000 0.000000 0.000000 0.000000 0.000000 0.000000 0.000000 0.000000 166.040725 166.039609 166.039609 166.039609 166.039609 166.040167 166.041283 
0.000000 0.000000 0.000000 0.000000 0.000000 0.000000 0.000000 0.000000 0.000000 0.000000 0.000000 0.000000 0.000000 0.000000 0.000000 166.039609 166.037936 166.036820 166.036262 166.036262 166.036262 166.036820 166.037936 166.039051 166.040725 
0.000000 0.000000 0.000000 0.000000 0.000000 0.000000 0.000000 0.000000 0.000000 0.000000 0.000000 0.000000 166.041283 166.038493 166.035704 166.034588 166.033473 166.032915 166.032915 166.033473 166.034030 166.035146 166.036820 166.039051 166.040725 
0.000000 0.000000 0.000000 0.000000 0.000000 0.000000 0.000000 0.000000 0.000000 0.000000 166.041667 166.037378 166.034030 166.031799 166.030683 166.030125 166.030125 166.030125 166.030683 166.031799 166.033473 166.035146 166.037378 166.039051 166.041283 
0.000000 0.000000 0.000000 0.000000 0.000000 0.000000 0.000000 0.000000 0.000000 166.037378 166.032915 166.030125 166.028452 166.027336 166.026778 166.026778 166.027336 166.028452 166.029567 166.031799 166.033473 166.035704 166.037936 166.040725 0.000000 
0.000000 0.000000 0.000000 0.000000 0.000000 0.000000 0.000000 166.039051 166.032915 166.028452 166.026220 166.024547 166.023989 166.023989 166.023989 166.024547 166.026220 166.027894 166.030125 166.031799 166.034588 166.037378 166.040167 0.000000 0.000000 
0.000000 0.000000 0.000000 0.000000 0.000000 0.000000 166.035146 166.029010 166.024547 166.022315 166.020641 166.020641 166.020641 166.021199 166.022873 166.024547 166.026220 166.028452 166.030683 166.033473 166.036820 166.040725 0.000000 0.000000 0.000000 
0.000000 0.000000 0.000000 0.000000 166.039609 166.030683 166.024547 166.020084 166.018410 166.017294 166.017294 166.017852 166.019526 166.020641 166.022873 166.024547 166.027336 166.030125 166.033473 166.037378 166.041283 0.000000 0.000000 0.000000 0.000000 
0.000000 0.000000 0.000000 166.036820 166.026778 166.020084 166.016178 166.014505 166.014505 166.014505 166.015621 166.017294 166.018968 166.021199 166.023989 166.026778 166.030683 166.034588 166.038493 0.000000 0.000000 0.000000 0.000000 0.000000 0.000000 
0.000000 0.000000 166.034030 166.022873 166.015621 166.012273 166.011158 166.011158 166.012273 166.013947 166.015621 166.017852 166.020084 166.023431 166.027336 166.031799 166.035704 166.040167 0.000000 0.000000 0.000000 0.000000 0.000000 0.000000 0.000000 
0.000000 166.032915 166.019526 166.011158 166.008368 166.008368 166.008368 166.010042 166.011715 166.013947 166.017294 166.020641 166.024547 166.029010 166.033473 166.038493 0.000000 0.000000 0.000000 0.000000 0.000000 0.000000 0.000000 0.000000 0.000000 
0.000000 166.016736 166.006695 166.005021 166.005021 166.006695 166.008368 166.010600 166.013947 166.017852 166.022315 166.026778 166.031799 166.037378 0.000000 0.000000 0.000000 0.000000 0.000000 0.000000 0.000000 0.000000 0.000000 0.000000 0.000000 
166.029010 166.002789 166.001674 166.002789 166.005021 166.007252 166.010600 166.015063 166.020641 166.025662 166.031799 166.037378 0.000000 0.000000 0.000000 0.000000 0.000000 0.000000 0.000000 0.000000 0.000000 0.000000 0.000000 0.000000 0.000000 
166.023431 166.000000 166.001116 166.003905 166.008926 166.014505 166.020641 166.026778 166.032915 166.039051 0.000000 0.000000 0.000000 0.000000 0.000000 0.000000 0.000000 0.000000 0.000000 0.000000 0.000000 0.000000 0.000000 0.000000 0.000000 
166.031799 166.017852 166.018968 166.023989 166.030125 166.036262 0.000000 0.000000 0.000000 0.000000 0.000000 0.000000 0.000000 0.000000 0.000000 0.000000 0.000000 0.000000 0.000000 0.000000 0.000000 0.000000 0.000000 0.000000 0.000000 
