test/output/hourly/001_000001_245_ros.asc
ncols         19
nrows         19
xllcorner     566200.000000
yllcorner     5763500.000000
cellsize      100.000000
NODATA_value  0.000000
0.000000 0.000000 0.000000 0.000000 0.000000 0.000000 0.000000 9.338568 0.000000 9.487818 0.000000 0.000000 0.000000 0.000000 0.000000 0.000000 0.000000 0.000000 0.000000 
0.000000 0.000000 0.000000 0.000000 0.000000 0.000000 0.000000 9.616863 9.487818 0.000000 9.616946 0.000000 0.000000 0.000000 0.000000 0.000000 0.000000 0.000000 0.000000 
0.000000 0.000000 0.000000 8.462144 8.919651 9.161891 9.040418 9.066212 9.066212 9.066212 9.190065 0.000000 0.000000 0.000000 0.000000 0.000000 0.000000 0.000000 0.000000 
0.000000 0.000000 0.000000 7.079738 9.066212 9.066212 9.127774 9.040453 9.314142 9.038637 0.000000 0.000000 0.000000 0.000000 0.000000 0.000000 0.000000 0.000000 0.000000 
0.000000 0.000000 7.005623 7.196097 9.038606 9.066188 0.000000 0.000000 9.252014 0.000000 0.000000 0.000000 0.000000 0.000000 0.000000 0.000000 0.000000 0.000000 0.000000 
0.000000 0.000000 9.127774 9.127949 9.066195 8.919616 9.127942 9.189730 9.189640 9.251562 0.000000 0.000000 0.000000 0.000000 0.000000 0.000000 0.000000 0.000000 0.000000 
0.000000 7.701376 9.127949 2.444077 2.426547 2.429498 1.937979 2.444078 2.444043 2.447117 2.444060 0.000000 0.000000 0.000000 0.000000 0.000000 0.000000 0.000000 0.000000 
0.000000 7.245011 2.447120 2.444059 2.426551 2.429502 2.028751 3.247434 3.034757 3.247556 2.080738 1.847437 1.851904 0.000000 0.000000 0.000000 0.000000 0.000000 8.881317 
0.000000 2.434555 3.224189 3.219908 3.219932 3.224231 3.243105 3.247556 3.243105 3.289756 3.206259 3.197076 3.096027 2.391748 0.000000 0.000000 0.000000 9.162308 8.821008 
9.314142 2.444035 3.247422 3.206579 4.399786 4.431059 4.438179 4.431059 4.431059 4.493977 4.469652 3.197076 2.831611 2.417132 0.000000 0.000000 9.634856 9.252347 9.252347 
2.479526 3.270823 3.266191 4.399754 4.431059 4.438179 4.431059 4.431059 3.363216 0.000000 4.462350 3.691605 2.519778 3.242943 2.451813 7.294605 9.315481 9.190065 8.943479 
2.281257 3.195017 3.468662 4.430840 4.431059 4.431059 4.438179 4.431059 4.431059 4.431059 4.438179 4.431059 2.696827 3.087964 2.435424 7.294605 9.440953 9.440953 9.004752 
1.665334 3.195017 4.015363 2.736758 4.469599 4.431059 4.438179 3.576505 4.493995 4.431059 4.438179 3.468679 2.303648 3.294544 1.604450 9.190065 9.503451 9.189902 9.189902 
1.749479 2.144090 2.049431 2.720386 2.720356 6.108360 5.668117 5.544211 5.544211 5.549917 2.898539 2.898539 3.224231 2.641467 2.377602 9.190065 9.314591 9.503451 0.000000 
1.594259 2.144083 2.144083 2.720375 2.884871 5.655610 5.327878 5.668117 5.448032 5.435125 3.081110 3.030500 3.368510 2.913724 1.929224 9.040638 8.942860 0.000000 0.000000 
0.000000 0.000000 2.036005 2.570048 2.358974 5.668125 5.655606 5.668125 4.481488 4.429016 2.911943 3.965941 2.333963 0.000000 1.742175 0.000000 0.000000 0.000000 0.000000 
0.000000 0.000000 2.325853 2.464108 2.464171 2.703920 4.097412 -1.000000 2.537074 2.938096 3.100360 2.276451 2.156058 1.756685 0.000000 0.000000 0.000000 0.000000 0.000000 
0.000000 0.000000 1.756685 3.001814 2.267084 2.132074 3.294507 1.994750 2.465163 2.575729 2.190818 2.903271 1.800210 0.000000 0.000000 0.000000 0.000000 0.000000 0.000000 
0.000000 0.000000 0.000000 0.000000 0.000000 1.656225 6.663362 0.000000 1.599168 1.711120 1.894429 1.692072 0.000000 0.000000 0.000000 0.000000 0.000000 0.000000 0.000000 
