test/output/hourly/001_000001_241_arrival.asc
ncols         19
nrows         19
xllcorner     566200.000000
yllcorner     5763500.000000
cellsize      100.000000
NODATA_value  0.000000
0.000000 0.000000 0.000000 0.000000 0.000000 0.000000 0.000000 239.677687 0.000000 239.683197 0.000000 0.000000 0.000000 0.000000 0.000000 0.000000 0.000000 0.000000 0.000000 
0.000000 0.000000 0.000000 0.000000 0.000000 0.000000 0.000000 239.669422 239.672177 0.000000 239.669422 0.000000 0.000000 0.000000 0.000000 0.000000 0.000000 0.000000 0.000000 
0.000000 0.000000 0.000000 239.674932 239.665623 239.662741 239.659858 239.662741 239.659858 239.659858 239.662741 0.000000 0.000000 0.000000 0.000000 0.000000 0.000000 0.000000 0.000000 
0.000000 0.000000 0.000000 239.662741 239.654093 239.654093 239.654093 239.659858 239.651211 239.654093 0.000000 0.000000 0.000000 0.000000 0.000000 0.000000 0.000000 0.000000 0.000000 
0.000000 0.000000 239.662741 239.651211 239.642563 239.642563 0.000000 0.000000 239.639681 0.000000 0.000000 0.000000 0.000000 0.000000 0.000000 0.000000 0.000000 0.000000 0.000000 
0.000000 0.000000 239.645446 239.636745 239.633809 239.630872 239.633809 239.633809 239.633809 239.633809 0.000000 0.000000 0.000000 0.000000 0.000000 0.000000 0.000000 0.000000 0.000000 
0.000000 239.648328 239.630872 238.875000 238.875000 238.875000 238.875000 238.875000 238.875000 238.875000 238.875000 0.000000 0.000000 0.000000 0.000000 0.000000 0.000000 0.000000 0.000000 
0.000000 239.627936 238.865451 238.844195 238.844195 238.854823 238.844195 238.833333 238.833333 238.832921 238.844195 238.854823 238.865451 0.000000 0.000000 0.000000 0.000000 0.000000 239.666667 
0.000000 238.865451 238.833333 238.832921 238.816422 238.816422 238.824674 238.824674 238.816422 238.816422 238.824674 238.832921 238.833333 238.865451 0.000000 0.000000 0.000000 239.659858 239.665623 
239.627936 238.854823 238.824674 238.799918 238.791667 238.791667 238.791667 238.791667 238.791667 238.791667 238.791667 238.808170 238.824674 238.854823 0.000000 0.000000 239.651211 239.654093 239.662741 
238.875000 238.833333 238.808170 238.791667 238.785736 238.785736 238.779780 238.779780 238.785736 0.000000 238.779780 238.791667 238.808170 238.832921 238.865451 239.633809 239.642563 239.654093 239.665623 
238.865451 238.824674 238.791667 238.779780 238.767868 238.761912 238.761912 238.761912 238.767868 238.767868 238.767868 238.779780 238.799918 238.832921 238.865451 239.633809 239.642563 239.651211 239.665623 
238.854823 238.824674 238.791667 238.773824 238.755956 238.755956 238.755956 238.755956 238.755956 238.755956 238.755956 238.773824 238.799918 238.824674 238.865451 239.630872 239.642563 239.654093 239.665623 
238.854823 238.832921 238.799918 238.773824 238.755956 238.671028 238.658900 238.663632 238.663632 238.666667 238.755956 238.773824 238.799918 238.824674 238.854823 239.633809 239.642563 239.654093 0.000000 
238.875000 238.832921 238.799918 238.773824 238.755956 238.663632 238.649436 238.649436 238.654168 238.666667 238.755956 238.773824 238.791667 238.824674 238.854823 239.630872 239.645446 0.000000 0.000000 
0.000000 0.000000 238.808170 238.773824 238.761912 238.663632 238.644604 238.639771 238.644604 238.663632 238.761912 238.779780 238.799918 0.000000 238.865451 0.000000 0.000000 0.000000 0.000000 
0.000000 0.000000 238.824674 238.791667 238.791667 238.791667 238.639771 238.510417 238.791667 238.785736 238.785736 238.799918 238.824674 238.854823 0.000000 0.000000 0.000000 0.000000 0.000000 
0.000000 0.000000 238.854823 238.833333 238.832921 238.832921 238.833333 238.854823 238.832921 238.824674 238.816422 238.832921 238.854823 0.000000 0.000000 0.000000 0.000000 0.000000 0.000000 
0.000000 0.000000 0.000000 0.000000 0.000000 238.875000 239.627936 0.000000 238.865451 238.865451 238.865451 238.865451 0.000000 0.000000 0.000000 0.000000 0.000000 0.000000 0.000000 
