test/output/hourly/001_000001_252_source.asc
ncols         21
nrows         21
xllcorner     566200.000000
yllcorner     5763500.000000
cellsize      100.000000
NODATA_value  255.000000
255 255 255 255 255 255 255 255 255 130 4 255 255 255 255 255 255 255 255 255 255 
255 255 255 255 255 255 130 4 255 166 4 21 255 255 255 255 255 255 255 255 255 
255 255 255 132 149 255 138 4 183 16 142 21 21 255 255 255 255 255 255 255 255 
255 255 134 134 135 149 191 20 20 175 20 93 93 255 255 255 255 255 255 255 255 
255 128 162 4 4 4 4 21 4 20 17 73 89 255 255 255 255 255 255 255 255 
130 6 166 4 4 20 17 1 4 1 32 73 255 255 255 255 255 255 255 255 255 
34 10 4 4 4 20 255 255 20 2 1 255 255 255 255 255 255 255 255 255 255 
255 42 4 4 20 20 21 21 21 21 73 1 255 255 255 255 255 255 255 255 255 
255 4 4 132 150 151 151 151 151 151 149 255 255 255 255 255 255 255 255 255 255 
255 4 134 132 148 151 150 6 7 20 149 21 21 255 255 255 255 255 20 5 255 
255 134 2 150 132 148 151 151 148 148 149 149 1 21 255 255 255 4 21 93 255 
4 134 134 132 132 148 148 148 20 144 4 21 21 21 255 255 4 21 17 93 255 
166 6 134 134 150 151 148 148 149 255 20 21 21 21 21 21 21 21 5 77 85 
166 130 130 134 134 148 148 148 151 151 21 21 21 93 93 5 21 17 21 77 89 
162 162 130 166 134 151 151 151 151 151 21 85 93 85 93 17 21 21 17 73 255 
34 174 174 174 174 134 132 151 21 21 93 93 93 93 81 21 17 1 255 255 255 
42 170 170 170 42 134 134 148 21 21 73 89 81 89 65 1 1 255 255 255 255 
255 255 42 34 42 2 6 4 1 0 73 73 73 0 72 255 255 255 255 255 255 
255 255 42 32 42 73 2 0 32 42 73 73 73 65 255 255 255 255 255 255 255 
255 255 42 2 106 105 0 107 42 106 72 73 73 0 255 255 255 255 255 255 255 
255 255 255 255 255 104 1 255 40 106 105 72 42 73 255 255 255 255 255 255 255 
