test/output/hourly/001_000001_252_intensity.asc
ncols         21
nrows         21
xllcorner     566200.000000
yllcorner     5763500.000000
cellsize      100.000000
NODATA_value  0.000000
0 0 0 0 0 0 0 0 0 421 394 0 0 0 0 0 0 0 0 0 0 
0 0 0 0 0 0 20 20 0 20 340 388 0 0 0 0 0 0 0 0 0 
0 0 0 350 403 0 20 9366 20 9516 352 343 388 0 0 0 0 0 0 0 0 
0 0 381 381 367 354 20 9656 9516 362 9656 360 388 0 0 0 0 0 0 0 0 
0 397 366 8487 8912 9165 9043 9059 9059 9059 9193 371 413 0 0 0 0 0 0 0 0 
418 382 383 5379 9059 9059 9125 9043 9328 9031 390 386 0 0 0 0 0 0 0 0 0 
421 382 5339 5468 9031 9059 0 0 9260 83 83 0 0 0 0 0 0 0 0 0 0 
0 380 9125 9126 9059 8912 9126 9193 9192 9260 93 20 0 0 0 0 0 0 0 0 0 
0 7704 9126 2011 1995 1997 1593 2011 2011 2014 2011 0 0 0 0 0 0 0 0 0 0 
0 5513 2014 2011 1995 1997 1668 2776 2594 2776 1714 1520 1522 0 0 0 0 0 8858 364 0 
0 2003 2754 2750 2750 2754 2773 2776 2773 2818 2741 2728 2642 1963 0 0 0 9165 8793 381 0 
9328 2011 2776 2739 3924 3956 3962 3956 3956 4020 3994 2728 2416 1987 0 0 9675 9260 9260 340 0 
2044 2799 2795 3924 3956 3962 3956 3956 3003 0 3988 3299 2146 2772 2020 5559 9329 9193 8925 371 405 
1881 2734 3097 3956 3956 3956 3962 3956 3956 3956 3962 3956 2296 2640 2006 5559 9465 9465 8992 385 405 
1373 2734 3588 2443 3994 3956 3962 3193 4020 3956 3962 3097 1961 2822 1321 9193 9533 9193 9193 380 0 
1442 1835 1754 2431 2431 5688 5229 5114 5114 5106 2588 2588 2754 2256 1962 9193 9328 9533 0 0 0 
1314 1835 1835 2431 2578 5217 4915 5229 5026 5000 2748 2695 3001 2491 1592 9043 8956 0 0 0 0 
0 0 1744 2299 2110 5229 5217 5229 4134 4067 2597 3534 1993 82 1438 0 0 0 0 0 0 
0 0 1988 2204 2204 2419 3776 0 2261 2615 2760 1944 1843 1447 0 0 0 0 0 0 0 
0 0 1447 2571 1938 1826 2822 1117 1444 2200 1867 2480 1483 82 0 0 0 0 0 0 0 
0 0 0 0 0 1367 6665 0 895 958 1557 1391 428 409 0 0 0 0 0 0 0 
