test/output/hourly/003_000001_241_intensity.asc
ncols         25
nrows         17
xllcorner     566500.000000
yllcorner     5763600.000000
cellsize      100.000000
NODATA_value  0.000000
0 0 0 0 706 907 950 748 0 0 0 0 0 0 0 0 0 0 0 0 0 0 0 0 0 
0 0 0 907 1391 1287 1504 1219 949 0 0 0 0 0 0 0 0 0 0 0 0 0 0 0 0 
0 0 1011 1445 1585 1308 1749 2028 190 0 0 0 0 0 0 0 0 0 0 0 0 0 0 0 0 
0 734 938 0 0 733 69 100 0 0 0 0 0 0 0 0 0 0 473 9170 0 0 0 0 0 
0 775 1000 1281 1503 675 9484 0 0 0 0 0 0 0 0 0 0 0 9170 9377 0 0 0 0 0 
0 938 1139 1290 768 4339 7117 8793 0 0 0 0 0 0 0 0 0 9307 9308 9377 0 0 0 0 0 
0 994 1195 1371 768 4834 7117 8766 8766 8597 0 0 0 0 0 8858 9307 8675 9308 0 0 1105 950 1156 0 
0 1191 2487 1299 1630 1917 4932 8296 8173 8173 8793 0 0 0 9193 8793 8262 9239 0 0 0 1398 2315 1793 856 
984 1238 1791 1389 2446 1790 4949 8296 8173 8173 7860 0 0 5651 9260 8829 9446 8896 8577 631 1189 3015 1398 1287 1360 
0 1743 2270 2505 2426 2387 0 8296 8296 7676 8173 8173 5559 9329 9260 8577 7516 9446 9376 1895 2405 3081 1254 1241 1382 
0 1750 2270 2389 3083 5992 8296 8234 7907 7965 8173 7244 8892 9466 9506 3861 4317 9286 478 1709 1488 2645 3245 1547 1868 
0 1719 1776 2338 3116 8221 8358 8234 8100 8112 8358 8358 9260 5033 4422 3859 399 0 1874 1911 1317 165 2672 2562 1868 
0 984 1776 2545 2504 6321 6016 7142 8173 7849 5922 8221 9193 6854 3856 0 0 0 375 2994 3066 165 0 0 1394 
0 0 1339 1695 2504 6224 6034 6034 8148 5450 1295 1255 2937 1932 0 0 0 0 0 0 3066 2525 0 0 0 
0 0 0 1749 6081 6081 6034 1823 0 1290 2108 3066 0 0 0 0 0 0 0 2273 0 2566 0 0 0 
0 0 0 0 0 1348 1394 1357 0 1121 2184 0 0 0 0 0 0 0 0 0 0 0 0 0 0 
0 0 0 0 0 0 0 0 0 1318 264 0 0 0 0 0 0 0 0 0 0 0 0 0 0 
