test/output/hourly/003_000001_241_arrival.asc
ncols         25
nrows         17
xllcorner     566500.000000
yllcorner     5763600.000000
cellsize      100.000000
NODATA_value  0.000000
0.000000 0.000000 0.000000 0.000000 240.849231 240.833333 240.833333 240.849231 0.000000 0.000000 0.000000 0.000000 0.000000 0.000000 0.000000 0.000000 0.000000 0.000000 0.000000 0.000000 0.000000 0.000000 0.000000 0.000000 0.000000 
0.000000 0.000000 0.000000 240.816090 240.791667 240.777420 240.777420 240.786560 240.849231 0.000000 0.000000 0.000000 0.000000 0.000000 0.000000 0.000000 0.000000 0.000000 0.000000 0.000000 0.000000 0.000000 0.000000 0.000000 0.000000 
0.000000 0.000000 240.833333 240.791667 240.739122 240.716030 240.723728 240.768280 240.803878 0.000000 0.000000 0.000000 0.000000 0.000000 0.000000 0.000000 0.000000 0.000000 0.000000 0.000000 0.000000 0.000000 0.000000 0.000000 0.000000 
0.000000 240.865129 240.803878 0.000000 0.000000 240.522580 240.409666 240.409666 0.000000 0.000000 0.000000 0.000000 0.000000 0.000000 0.000000 0.000000 0.000000 0.000000 240.409666 239.705237 0.000000 0.000000 0.000000 0.000000 0.000000 
0.000000 240.849231 240.803878 240.750000 240.716030 240.522580 239.680442 0.000000 0.000000 0.000000 0.000000 0.000000 0.000000 0.000000 0.000000 0.000000 0.000000 0.000000 239.696972 239.705237 0.000000 0.000000 0.000000 0.000000 0.000000 
0.000000 240.833333 240.786560 240.739122 240.551273 239.696972 239.665711 239.651298 0.000000 0.000000 0.000000 0.000000 0.000000 0.000000 0.000000 0.000000 0.000000 239.685952 239.694217 239.705237 0.000000 0.000000 0.000000 0.000000 0.000000 
0.000000 240.816090 240.777420 240.731425 240.551273 239.688707 239.651298 239.636827 239.633885 239.636827 0.000000 0.000000 0.000000 0.000000 0.000000 239.666667 239.674932 239.685952 239.694217 0.000000 0.000000 240.777420 240.791667 240.833333 0.000000 
0.000000 240.803878 240.768280 240.731425 240.541667 240.511290 239.645534 239.625000 239.625000 239.625000 239.628002 0.000000 0.000000 0.000000 239.657063 239.665711 239.674932 239.685952 0.000000 0.000000 0.000000 240.723728 240.768280 240.816090 240.865129 
240.865129 240.803878 240.759140 240.731425 240.560879 240.541667 239.636827 239.613021 239.616320 239.616320 239.613021 0.000000 0.000000 239.645534 239.654181 239.659946 239.674932 239.685952 239.699727 240.416667 240.541667 240.716030 240.750000 240.786560 240.865129 
0.000000 240.816090 240.768280 240.731425 240.580091 240.560879 0.000000 239.606424 239.606424 239.606424 239.609722 239.619574 239.630944 239.642651 239.654181 239.665711 239.677687 239.691462 239.705237 240.511290 240.551273 240.716030 240.750000 240.791667 240.849231 
0.000000 240.828301 240.777420 240.746819 240.723728 239.596528 239.596528 239.596528 239.596528 239.596528 239.609722 239.619574 239.630944 239.642651 239.654181 239.669422 239.683197 239.696972 240.416667 240.522580 240.759140 240.759140 240.750000 240.791667 240.833333 
0.000000 240.833333 240.803878 240.759140 240.746819 239.586632 239.586632 239.586632 239.586632 239.596528 239.606424 239.619574 239.630944 239.645534 239.662828 239.677687 240.409666 0.000000 240.533870 240.541667 240.716030 240.759140 240.777420 240.791667 240.833333 
0.000000 240.849231 240.828301 240.786560 240.777420 239.538772 239.534524 239.545369 239.586632 239.596528 239.606424 239.619574 239.639769 239.657063 239.674932 0.000000 0.000000 0.000000 240.716030 240.716030 240.716030 240.759140 0.000000 0.000000 240.865129 
0.000000 0.000000 240.849231 240.803878 240.786560 239.526029 239.530276 239.541667 239.586632 239.599827 240.786560 240.750000 240.716030 240.533870 0.000000 0.000000 0.000000 0.000000 0.000000 0.000000 240.739122 240.759140 0.000000 0.000000 0.000000 
0.000000 0.000000 0.000000 240.833333 239.513166 239.513166 239.530276 240.833333 0.000000 240.849231 240.786560 240.750000 0.000000 0.000000 0.000000 0.000000 0.000000 0.000000 0.000000 240.750000 0.000000 240.768280 0.000000 0.000000 0.000000 
0.000000 0.000000 0.000000 0.000000 238.510417 240.849231 240.849231 240.849231 0.000000 240.849231 240.791667 0.000000 0.000000 0.000000 0.000000 0.000000 0.000000 0.000000 0.000000 0.000000 0.000000 0.000000 0.000000 0.000000 0.000000 
0.000000 0.000000 0.000000 0.000000 0.000000 0.000000 0.000000 0.000000 0.000000 240.865129 240.833333 0.000000 0.000000 0.000000 0.000000 0.000000 0.000000 0.000000 0.000000 0.000000 0.000000 0.000000 0.000000 0.000000 0.000000 
