test/output/hourly/003_000001_241_ros.asc
ncols         25
nrows         17
xllcorner     566500.000000
yllcorner     5763600.000000
cellsize      100.000000
NODATA_value  0.000000
0.000000 0.000000 0.000000 0.000000 0.849765 1.061421 1.111116 0.901357 0.000000 0.000000 0.000000 0.000000 0.000000 0.000000 0.000000 0.000000 0.000000 0.000000 0.000000 0.000000 0.000000 0.000000 0.000000 0.000000 0.000000 
0.000000 0.000000 0.000000 1.061421 1.567540 1.451247 1.695205 1.375139 1.141834 0.000000 0.000000 0.000000 0.000000 0.000000 0.000000 0.000000 0.000000 0.000000 0.000000 0.000000 0.000000 0.000000 0.000000 0.000000 0.000000 
0.000000 0.000000 1.183294 1.628600 1.746185 1.442157 1.926647 2.287635 0.427781 0.000000 0.000000 0.000000 0.000000 0.000000 0.000000 0.000000 0.000000 0.000000 0.000000 0.000000 0.000000 0.000000 0.000000 0.000000 0.000000 
0.000000 0.882422 1.094983 0.000000 0.000000 0.848425 0.159973 0.229412 0.000000 0.000000 0.000000 0.000000 0.000000 0.000000 0.000000 0.000000 0.000000 0.000000 0.591951 9.168397 0.000000 0.000000 0.000000 0.000000 0.000000 
0.000000 0.932549 1.168156 1.408826 1.652488 0.780893 9.430775 0.000000 0.000000 0.000000 0.000000 0.000000 0.000000 0.000000 0.000000 0.000000 0.000000 0.000000 9.168397 9.359674 0.000000 0.000000 0.000000 0.000000 0.000000 
0.000000 1.094978 1.281602 1.420051 0.869999 4.314468 7.123031 8.821589 0.000000 0.000000 0.000000 0.000000 0.000000 0.000000 0.000000 0.000000 0.000000 9.295500 9.295696 9.359674 0.000000 0.000000 0.000000 0.000000 0.000000 
0.000000 1.160522 1.344366 1.508078 0.869992 4.817479 7.123199 8.794294 8.794294 8.640499 0.000000 0.000000 0.000000 0.000000 0.000000 8.881317 9.295500 8.663962 9.295696 0.000000 0.000000 1.595009 1.371290 1.353595 0.000000 
0.000000 1.390668 2.798199 1.431215 1.883785 2.216069 4.936157 8.363572 8.249601 8.249601 8.821303 0.000000 0.000000 0.000000 9.190244 8.821008 8.255826 9.232371 0.000000 0.000000 0.000000 1.541049 2.621432 2.098765 1.029653 
1.183554 1.445253 2.014812 1.530188 2.768938 2.069200 4.950077 8.363572 8.249601 8.249601 7.949953 0.000000 0.000000 7.394402 9.252347 8.826494 9.423509 8.905363 8.596085 0.789189 1.375712 3.323553 1.541040 1.451085 1.635563 
0.000000 2.034437 2.558548 2.758859 2.749120 2.709628 0.000000 8.363576 8.363572 7.763835 8.249627 8.249627 7.294605 9.315481 9.252347 8.594781 7.497679 9.423296 9.358613 2.205156 2.727148 3.396888 1.375337 1.391187 1.659875 
0.000000 2.046929 2.558548 2.631736 3.395909 6.040299 8.363540 8.306545 7.976152 8.056190 8.249627 7.311911 8.884538 9.441413 9.476816 3.851732 4.306538 9.248577 0.598389 1.987119 1.690006 2.964806 3.557132 1.733779 2.177567 
0.000000 2.009833 2.076590 2.635601 3.432217 8.282797 8.420881 8.306545 8.170968 8.193296 8.420799 8.420799 9.252256 5.020659 4.420883 3.847976 0.499219 0.000000 2.180661 2.222060 1.453636 0.266594 2.995330 2.871761 2.177567 
0.000000 1.185665 2.076590 2.868743 2.827583 6.537634 6.252386 7.298380 8.249780 7.922687 5.978328 8.282628 9.190065 6.832567 3.840993 0.000000 0.000000 0.000000 0.844208 3.303485 3.383299 0.266594 0.000000 0.000000 1.672125 
0.000000 0.000000 1.611996 1.985494 2.827583 6.447890 6.271507 6.271507 8.224651 5.497382 1.461074 1.385189 3.240882 2.230426 0.000000 0.000000 0.000000 0.000000 0.000000 0.000000 3.383299 2.848103 0.000000 0.000000 0.000000 
0.000000 0.000000 0.000000 2.048253 6.315347 6.315129 6.271504 2.130419 0.000000 1.554437 2.377533 3.383293 0.000000 0.000000 0.000000 0.000000 0.000000 0.000000 0.000000 2.503175 0.000000 2.889027 0.000000 0.000000 0.000000 
0.000000 0.000000 0.000000 0.000000 0.000000 1.616823 1.671943 1.629366 0.000000 1.351305 2.464263 0.000000 0.000000 0.000000 0.000000 0.000000 0.000000 0.000000 0.000000 0.000000 0.000000 0.000000 0.000000 0.000000 0.000000 
0.000000 0.000000 0.000000 0.000000 0.000000 0.000000 0.000000 0.000000 0.000000 1.588802 0.593928 0.000000 0.000000 0.000000 0.000000 0.000000 0.000000 0.000000 0.000000 0.000000 0.000000 0.000000 0.000000 0.000000 0.000000 
