test/output/hourly/003_000001_241_source.asc
ncols         25
nrows         17
xllcorner     566500.000000
yllcorner     5763600.000000
cellsize      100.000000
NODATA_value  255.000000
255 255 255 255 132 132 20 20 255 255 255 255 255 255 255 255 255 255 255 255 255 255 255 255 255 
255 255 255 128 134 132 20 16 21 255 255 255 255 255 255 255 255 255 255 255 255 255 255 255 255 
255 255 2 2 130 4 17 21 17 255 255 255 255 255 255 255 255 255 255 255 255 255 255 255 255 
255 130 128 255 255 134 2 1 255 255 255 255 255 255 255 255 255 255 134 16 255 255 255 255 255 
255 130 134 134 166 174 132 255 255 255 255 255 255 255 255 255 255 255 20 21 255 255 255 255 255 
255 134 134 134 134 2 134 132 255 255 255 255 255 255 255 255 255 20 21 17 255 255 255 255 255 
255 130 166 166 46 2 134 134 148 149 255 255 255 255 255 20 21 21 17 255 255 4 21 21 255 
255 2 166 174 34 42 134 4 21 21 5 255 255 255 20 21 85 21 255 255 255 20 21 21 21 
2 34 34 170 42 42 2 4 21 21 20 255 255 20 21 1 17 1 1 1 25 21 21 17 93 
255 34 34 34 40 40 255 20 21 21 21 21 21 21 25 25 1 1 1 73 73 73 13 93 85 
255 42 42 42 40 4 21 5 5 21 5 21 21 17 1 73 65 1 73 73 127 123 72 73 69 
255 42 42 32 42 0 1 1 5 21 21 17 1 65 1 73 9 255 72 73 85 93 8 72 72 
255 32 42 42 42 4 20 5 4 17 1 1 1 1 9 255 255 255 43 107 73 93 255 255 8 
255 255 42 32 40 4 21 1 0 0 162 14 42 40 255 255 255 255 255 255 72 73 255 255 255 
255 255 255 40 0 21 1 73 255 162 34 8 255 255 255 255 255 255 255 32 255 72 255 255 255 
255 255 255 255 254 42 104 72 255 2 32 255 255 255 255 255 255 255 255 255 255 255 255 255 255 
255 255 255 255 255 255 255 255 255 40 8 255 255 255 255 255 255 255 255 255 255 255 255 255 255 
