test/output/hourly/013_000001_252_ros.asc
ncols         17
nrows         19
xllcorner     566200.000000
yllcorner     5763200.000000
cellsize      100.000000
NODATA_value  0.000000
0.000000 0.000000 0.000000 0.000000 0.000000 0.000000 0.000000 0.465815 0.619349 0.934325 0.000000 0.000000 0.000000 0.000000 0.000000 0.000000 0.000000 
0.000000 0.000000 0.000000 0.000000 0.000000 0.791834 0.000000 0.000000 1.850815 0.000000 0.000000 0.000000 0.000000 0.000000 0.000000 0.000000 0.000000 
0.000000 0.000000 0.000000 0.000000 1.837640 1.209570 1.209570 5.214059 4.616368 5.209407 0.000000 0.000000 0.000000 0.000000 0.000000 0.000000 0.000000 
0.000000 0.000000 0.410635 0.818847 0.949834 5.178351 5.178351 5.168991 5.168920 5.178217 4.328393 0.000000 0.000000 0.000000 0.000000 0.000000 0.000000 
0.000000 0.000000 1.837627 1.218550 5.169060 5.178359 5.178340 4.598197 5.205457 5.215000 5.123713 5.138434 5.054183 0.000000 0.000000 0.000000 0.000000 
0.000000 0.486310 1.215189 5.168954 4.936232 5.178359 5.205457 5.215000 6.011682 6.095779 4.861729 5.142060 5.133027 1.183128 0.000000 0.000000 0.000000 
0.000000 0.645748 5.214783 5.168954 5.139239 5.205457 6.023756 6.023756 6.011682 6.095750 6.108286 5.142060 3.776874 1.191754 0.000000 0.000000 0.000000 
0.398820 0.966679 5.210190 5.139203 5.205457 6.023756 5.906512 6.023756 6.011682 0.000000 5.628386 5.191972 3.207570 0.966976 0.785269 0.000000 0.844164 
0.000000 4.994395 5.210201 5.205200 6.011682 6.011682 6.023756 6.023756 4.900304 5.628399 6.023756 5.174801 3.238620 1.209594 0.000000 0.599692 0.819661 
0.564267 3.906176 2.957572 2.976523 6.065731 5.888968 6.023756 6.108427 6.095775 6.095646 3.177893 4.480662 3.238559 1.864634 0.144935 0.604225 0.881439 
0.000000 0.489619 2.800930 2.800999 5.113316 6.108360 5.107302 5.095835 5.095835 6.023509 3.042609 3.175773 3.238501 0.496411 0.748417 0.751321 0.630381 
0.000000 0.631686 2.800921 2.801005 3.177882 6.095779 4.794516 5.107302 4.905005 6.023509 4.480627 3.337920 0.109055 0.876258 0.748417 1.086449 0.816716 
0.000000 0.000000 3.143299 2.661157 2.780916 2.673756 5.107309 5.107309 5.107179 4.904865 2.976453 4.561131 1.792409 0.000000 0.622433 0.000000 0.000000 
0.000000 0.000000 0.486196 2.571074 3.143212 2.317649 2.673761 -1.000000 5.107179 4.904865 4.850268 4.187895 1.846122 0.753959 0.000000 0.000000 0.000000 
0.000000 0.000000 0.652421 5.288730 5.390770 5.246252 2.903405 2.466729 3.683889 5.921937 4.421817 4.700024 0.485575 0.000000 0.000000 0.000000 0.000000 
0.000000 0.000000 0.000000 0.000000 0.000000 4.509944 3.070320 3.730215 3.874555 5.393613 4.700024 3.650506 0.739458 0.258394 0.000000 0.000000 0.000000 
0.000000 0.000000 0.000000 0.000000 0.000000 2.780807 2.571027 3.191700 3.295576 3.295576 3.207555 0.791079 0.748413 0.000000 0.000000 0.000000 0.000000 
0.000000 0.000000 0.000000 0.000000 0.620308 0.753954 2.064712 2.357814 3.266372 3.337658 0.000000 0.737440 0.000000 0.000000 0.000000 0.000000 0.000000 
0.000000 0.000000 0.000000 0.000000 0.607631 1.046630 1.102505 0.000000 0.000000 0.000000 0.000000 0.000000 0.000000 0.000000 0.000000 0.000000 0.000000 
