test/output/hourly/013_000001_252_arrival.asc
ncols         17
nrows         19
xllcorner     566200.000000
yllcorner     5763200.000000
cellsize      100.000000
NODATA_value  0.000000
0.000000 0.000000 0.000000 0.000000 0.000000 0.000000 0.000000 248.791667 248.606412 248.625000 0.000000 0.000000 0.000000 0.000000 0.000000 0.000000 0.000000 
0.000000 0.000000 0.000000 0.000000 0.000000 248.791667 0.000000 0.000000 244.445817 0.000000 0.000000 0.000000 0.000000 0.000000 0.000000 0.000000 0.000000 
0.000000 0.000000 0.000000 0.000000 244.458333 244.416667 244.416667 238.750000 238.750000 238.750000 0.000000 0.000000 0.000000 0.000000 0.000000 0.000000 0.000000 
0.000000 0.000000 248.833333 244.458333 244.431242 238.749453 238.744313 238.739173 238.739173 238.739173 238.744313 0.000000 0.000000 0.000000 0.000000 0.000000 0.000000 
0.000000 0.000000 244.458333 244.416667 238.744313 238.734033 238.728893 238.728893 238.728893 238.723753 238.734033 238.744313 238.750000 0.000000 0.000000 0.000000 0.000000 
0.000000 248.791667 244.416667 238.749453 238.734033 238.728893 238.718613 238.713473 238.708333 238.708333 238.723753 238.728893 238.744313 244.416667 0.000000 0.000000 0.000000 
0.000000 248.500000 238.749453 238.734033 238.718613 238.713473 238.705750 238.697092 238.697092 238.697092 238.705750 238.723753 238.739173 244.416667 0.000000 0.000000 0.000000 
248.833333 244.445817 238.739173 238.728893 238.713473 238.705750 238.692763 238.688434 238.692763 0.000000 238.692763 238.718613 238.739173 244.397135 247.666667 0.000000 248.791667 
0.000000 238.750000 238.734033 238.718613 238.705750 238.692763 238.684105 238.679776 238.679776 238.679776 238.697092 238.718613 238.739173 244.416667 0.000000 248.499178 248.791667 
248.833333 238.750000 238.734033 238.718613 238.697092 238.679776 238.679776 238.671118 238.671118 238.671118 238.692763 238.718613 238.739173 244.458333 247.742815 248.500000 248.791667 
0.000000 248.499178 238.739173 238.718613 238.688434 238.675447 238.620500 238.625000 238.625000 238.671118 238.705750 238.728893 238.749453 247.458333 247.742815 248.625000 248.823034 
0.000000 248.500000 238.739173 238.718613 238.697092 238.671118 238.610150 238.610150 238.615325 238.671118 238.723753 238.744313 247.458333 247.696779 247.750000 248.606412 248.823034 
0.000000 0.000000 238.749453 238.734033 238.723753 238.625000 238.604975 238.599650 238.604975 238.625000 238.739173 238.749453 244.458333 0.000000 248.499178 0.000000 0.000000 
0.000000 0.000000 248.606412 238.749453 238.739173 238.625000 238.599650 238.510417 238.604975 238.625000 238.728893 238.750000 244.458333 247.750000 0.000000 0.000000 0.000000 
0.000000 0.000000 248.823034 238.750000 238.734033 238.713473 238.615325 238.610150 238.615325 238.708333 238.728893 238.749453 247.458333 0.000000 0.000000 0.000000 0.000000 
0.000000 0.000000 0.000000 0.000000 0.000000 238.713473 238.692763 238.692763 238.692763 238.708333 238.734033 238.750000 247.666667 248.416667 0.000000 0.000000 0.000000 
0.000000 0.000000 0.000000 0.000000 0.000000 238.723753 238.713473 238.718613 238.718613 238.728893 238.744313 247.658107 247.742815 0.000000 0.000000 0.000000 0.000000 
0.000000 0.000000 0.000000 0.000000 248.625000 247.750000 238.749453 238.744313 238.744313 238.749453 0.000000 247.742815 0.000000 0.000000 0.000000 0.000000 0.000000 
0.000000 0.000000 0.000000 0.000000 248.823034 248.606412 248.625000 0.000000 0.000000 0.000000 0.000000 0.000000 0.000000 0.000000 0.000000 0.000000 0.000000 
