test/output/hourly/016_000001_241_raz.asc
ncols         51
nrows         39
xllcorner     565500.000000
yllcorner     5763000.000000
cellsize      100.000000
NODATA_value  0.000000
0 0 0 0 0 0 0 299 2 75 44 87 0 0 0 0 0 0 0 0 0 0 0 0 0 0 0 0 0 0 0 0 0 0 0 0 0 0 0 0 0 0 0 0 0 0 0 0 0 0 0 
0 0 0 0 0 0 314 283 21 80 40 142 0 0 0 0 0 0 0 0 0 0 0 0 0 0 0 0 0 0 0 0 0 0 0 0 0 0 0 0 0 0 0 0 0 0 0 0 0 0 0 
0 0 0 0 0 297 350 266 36 43 171 355 38 39 0 0 0 0 0 0 0 0 0 0 0 0 0 0 0 0 0 0 0 0 0 0 0 0 0 0 0 0 0 0 0 0 0 0 0 0 0 
0 0 0 0 0 266 282 15 343 0 39 344 33 30 0 26 41 86 0 0 0 0 0 0 0 0 0 0 0 0 0 0 0 0 0 0 0 0 0 0 0 0 0 0 0 0 0 0 0 0 0 
0 0 0 0 0 299 4 41 25 40 39 355 40 40 42 45 43 40 0 0 0 0 0 0 0 0 0 0 0 0 0 0 0 0 0 0 0 0 0 0 0 0 0 0 0 0 0 0 0 0 0 
0 0 0 0 299 9 14 13 10 37 40 333 335 355 41 42 104 40 0 0 0 0 0 0 0 0 0 0 0 0 0 0 0 0 0 0 0 0 0 0 0 0 0 0 0 0 0 0 0 0 0 
0 0 0 0 283 41 34 19 10 27 37 40 41 40 100 110 0 40 0 0 0 0 0 0 0 0 0 0 0 0 0 0 0 0 0 0 0 0 0 0 0 0 0 0 0 0 0 0 0 0 0 
0 0 0 300 8 4 1 15 347 34 40 40 20 40 0 40 40 50 40 0 0 0 0 0 0 0 0 0 0 0 0 0 0 0 0 0 0 0 0 0 0 0 0 0 0 0 0 0 0 0 0 
0 0 0 283 37 37 355 37 23 40 40 52 340 40 0 40 40 40 40 40 0 0 0 0 0 0 0 0 0 0 0 0 0 0 0 0 0 0 0 0 0 0 0 0 0 0 0 0 0 0 0 
0 0 283 197 348 332 338 23 30 31 40 45 353 34 40 41 41 40 41 0 0 0 0 0 0 0 0 0 0 0 0 0 0 0 0 0 0 0 0 0 0 0 0 0 0 0 0 0 0 0 0 
0 0 265 6 337 356 355 352 9 24 40 40 40 40 40 40 22 20 338 0 41 351 0 40 53 0 0 0 0 0 0 0 0 0 0 0 0 0 0 0 0 0 0 0 0 0 0 0 0 0 0 
0 0 196 359 343 23 21 347 14 21 37 34 40 40 75 80 22 26 41 338 41 40 35 40 0 0 0 0 0 0 0 0 0 0 0 0 0 0 0 0 0 0 0 0 0 0 0 0 0 0 0 
0 0 281 358 320 17 18 15 10 14 37 39 40 99 93 100 22 40 40 40 41 36 40 40 40 40 0 0 0 0 0 0 0 0 0 0 0 0 0 0 0 0 0 0 0 0 0 0 0 0 0 
0 0 20 350 19 334 24 6 354 31 35 40 38 0 40 333 336 40 37 40 41 41 40 111 96 0 0 0 0 0 0 0 0 0 354 0 0 0 0 0 0 0 0 0 0 0 0 0 0 0 0 
0 0 219 41 123 4 355 0 28 37 329 12 40 15 40 0 40 37 39 40 41 43 96 96 43 40 0 0 0 0 0 0 0 356 351 26 38 29 0 0 0 0 0 0 0 0 0 0 0 0 0 
0 213 359 9 19 40 0 18 10 351 344 2 40 15 40 40 28 40 40 40 40 99 0 0 0 72 0 0 0 0 0 0 0 356 358 347 39 43 0 0 0 0 0 132 0 0 0 0 0 0 0 
0 213 359 354 317 12 359 6 337 337 357 351 40 40 35 11 40 44 40 44 40 0 0 0 0 0 0 0 0 0 0 218 352 128 0 356 40 40 0 0 0 0 0 0 41 52 80 81 25 85 0 
0 183 259 40 356 318 17 27 320 350 29 40 40 35 40 40 40 39 95 39 120 0 0 0 0 0 0 0 0 0 0 189 85 0 0 39 39 40 0 38 37 37 37 51 38 41 86 94 132 142 0 
309 183 215 252 324 7 9 6 356 15 351 40 40 40 40 40 44 94 96 96 105 45 0 0 0 0 0 0 0 0 0 185 170 0 38 40 40 82 49 91 93 39 39 32 98 45 150 81 170 156 0 
297 172 169 12 246 242 14 11 18 351 351 29 40 203 119 36 94 129 41 100 105 0 0 0 0 0 0 0 39 44 0 0 0 0 34 40 0 355 40 50 40 39 53 46 57 38 80 80 166 58 0 
297 177 283 251 246 177 18 6 22 357 357 0 1 12 13 10 16 111 44 0 0 0 0 0 0 0 0 0 37 40 0 0 0 39 39 40 99 340 37 37 53 40 40 102 45 46 155 137 162 131 0 
194 169 181 250 262 301 39 350 351 40 358 358 0 29 0 1 0 2 0 0 0 0 0 0 0 0 0 41 35 41 0 0 0 39 0 0 357 38 48 40 40 115 40 53 62 55 146 170 162 149 0 
181 182 189 219 263 282 7 22 351 0 358 332 1 6 30 355 360 5 3 2 0 0 0 0 0 37 38 38 79 0 0 34 36 38 0 0 37 38 99 59 62 58 40 58 63 146 146 150 162 115 0 
179 182 181 180 122 219 357 346 352 0 357 352 1 1 360 4 65 43 359 4 359 0 0 0 36 39 39 51 0 0 34 33 35 37 59 37 37 98 92 95 43 101 122 57 72 137 128 170 170 86 60 
0 185 170 170 169 268 352 358 358 0 343 357 355 360 360 68 17 357 3 57 0 0 0 35 38 46 39 39 91 35 36 36 36 37 65 74 41 39 39 101 108 93 72 55 170 155 142 170 163 144 86 
0 266 171 170 169 199 358 357 354 358 357 355 360 360 37 47 0 51 61 60 358 4 38 37 39 40 39 39 37 43 91 40 40 72 66 98 98 105 95 115 98 93 40 168 168 170 169 169 166 134 145 
0 280 170 170 179 168 185 355 299 309 358 2 332 360 4 4 17 55 4 12 1 10 38 38 38 40 45 39 42 39 73 84 130 95 94 92 155 102 96 94 132 54 161 168 149 280 168 169 165 145 160 
200 198 184 169 149 168 185 347 353 288 2 2 1 360 52 8 2 7 47 45 73 2 39 39 40 48 163 124 99 109 87 57 109 286 97 96 109 98 94 93 80 154 145 147 168 202 185 169 169 135 145 
186 176 184 169 161 168 168 347 266 253 2 333 1 0 4 4 2 60 3 2 11 8 39 39 95 0 0 94 84 89 88 56 276 190 94 94 100 51 77 167 168 168 165 168 134 202 213 168 145 126 0 
0 168 180 168 296 168 168 262 254 266 2 265 356 339 0 17 2 86 1 34 71 17 39 42 0 0 0 0 0 66 170 102 183 164 184 169 166 182 167 168 183 168 168 164 172 168 186 170 170 128 0 
0 169 168 182 185 169 168 0 0 341 265 251 264 359 359 1 18 98 32 59 38 123 0 0 0 0 0 0 0 167 0 166 183 164 162 165 171 183 168 0 0 0 168 168 168 168 189 182 170 0 0 
0 0 0 174 185 169 169 0 0 270 251 237 233 263 65535 1 18 88 2 108 108 0 0 0 0 0 0 0 0 0 0 0 297 166 183 165 182 182 169 0 0 0 168 156 151 0 0 0 0 0 0 
0 0 0 0 170 173 169 0 0 31 108 139 316 275 250 61 33 1 75 98 95 0 0 0 0 0 0 0 0 0 0 0 248 171 167 164 165 167 170 0 0 200 170 170 0 0 0 0 0 0 0 
0 0 0 0 0 166 170 0 0 0 0 0 271 304 237 96 96 0 38 97 98 0 0 0 0 0 0 0 0 0 0 269 182 181 170 121 167 169 170 0 60 0 178 0 0 0 0 0 0 0 0 
0 0 0 0 0 0 0 0 0 0 0 0 223 239 5 161 97 96 96 97 0 93 0 0 0 0 0 0 0 0 0 181 186 185 185 315 168 168 170 171 61 81 0 0 0 0 0 0 0 0 0 
0 0 0 0 0 0 0 0 0 0 0 266 240 111 98 96 117 111 98 39 0 39 0 0 0 0 0 0 0 0 0 184 186 166 169 190 168 126 171 155 127 131 0 0 0 0 0 0 0 0 0 
0 0 0 0 0 0 0 0 0 0 0 180 237 120 0 0 0 165 102 0 0 0 0 0 0 0 0 0 0 0 0 0 184 182 169 187 171 146 183 171 170 131 0 0 0 0 0 0 0 0 0 
0 0 0 0 0 0 0 0 0 0 0 210 167 0 0 0 0 0 0 171 0 0 0 0 0 0 0 0 0 0 0 0 185 229 170 183 171 171 183 170 158 0 0 0 0 0 0 0 0 0 0 
0 0 0 0 0 0 0 0 0 0 0 0 175 0 0 0 0 0 0 0 0 0 0 0 0 0 0 0 0 0 0 0 0 0 0 172 185 184 171 183 170 0 0 0 0 0 0 0 0 0 0 
