test/output/hourly/016_000001_241_arrival.asc
ncols         51
nrows         39
xllcorner     565500.000000
yllcorner     5763000.000000
cellsize      100.000000
NODATA_value  0.000000
0.000000 0.000000 0.000000 0.000000 0.000000 0.000000 0.000000 240.743763 240.722721 240.736749 240.743763 240.862888 0.000000 0.000000 0.000000 0.000000 0.000000 0.000000 0.000000 0.000000 0.000000 0.000000 0.000000 0.000000 0.000000 0.000000 0.000000 0.000000 0.000000 0.000000 0.000000 0.000000 0.000000 0.000000 0.000000 0.000000 0.000000 0.000000 0.000000 0.000000 0.000000 0.000000 0.000000 0.000000 0.000000 0.000000 0.000000 0.000000 0.000000 0.000000 0.000000 
0.000000 0.000000 0.000000 0.000000 0.000000 0.000000 240.736749 240.576654 240.531050 240.531050 240.550414 240.729735 0.000000 0.000000 0.000000 0.000000 0.000000 0.000000 0.000000 0.000000 0.000000 0.000000 0.000000 0.000000 0.000000 0.000000 0.000000 0.000000 0.000000 0.000000 0.000000 0.000000 0.000000 0.000000 0.000000 0.000000 0.000000 0.000000 0.000000 0.000000 0.000000 0.000000 0.000000 0.000000 0.000000 0.000000 0.000000 0.000000 0.000000 0.000000 0.000000 
0.000000 0.000000 0.000000 0.000000 0.000000 240.750000 240.567907 240.520700 240.471082 240.483831 240.715707 239.819768 239.808528 239.808528 0.000000 0.000000 0.000000 0.000000 0.000000 0.000000 0.000000 0.000000 0.000000 0.000000 0.000000 0.000000 0.000000 0.000000 0.000000 0.000000 0.000000 0.000000 0.000000 0.000000 0.000000 0.000000 0.000000 0.000000 0.000000 0.000000 0.000000 0.000000 0.000000 0.000000 0.000000 0.000000 0.000000 0.000000 0.000000 0.000000 0.000000 
0.000000 0.000000 0.000000 0.000000 0.000000 240.583333 240.520700 240.333333 239.825389 0.000000 239.791667 239.791667 239.785466 239.777601 0.000000 239.808528 239.814148 240.715707 0.000000 0.000000 0.000000 0.000000 0.000000 0.000000 0.000000 0.000000 0.000000 0.000000 0.000000 0.000000 0.000000 0.000000 0.000000 0.000000 0.000000 0.000000 0.000000 0.000000 0.000000 0.000000 0.000000 0.000000 0.000000 0.000000 0.000000 0.000000 0.000000 0.000000 0.000000 0.000000 0.000000 
0.000000 0.000000 0.000000 0.000000 0.000000 240.541400 240.471082 239.831009 239.808528 239.789399 239.781534 239.777601 239.769735 239.761870 239.757937 239.757937 239.777601 239.831009 0.000000 0.000000 0.000000 0.000000 0.000000 0.000000 0.000000 0.000000 0.000000 0.000000 0.000000 0.000000 0.000000 0.000000 0.000000 0.000000 0.000000 0.000000 0.000000 0.000000 0.000000 0.000000 0.000000 0.000000 0.000000 0.000000 0.000000 0.000000 0.000000 0.000000 0.000000 0.000000 0.000000 
0.000000 0.000000 0.000000 0.000000 240.567907 240.496580 239.831009 239.802907 239.781534 239.769735 239.765802 239.761870 239.750000 239.744626 239.744626 239.757937 239.777601 239.833333 0.000000 0.000000 0.000000 0.000000 0.000000 0.000000 0.000000 0.000000 0.000000 0.000000 0.000000 0.000000 0.000000 0.000000 0.000000 0.000000 0.000000 0.000000 0.000000 0.000000 0.000000 0.000000 0.000000 0.000000 0.000000 0.000000 0.000000 0.000000 0.000000 0.000000 0.000000 0.000000 0.000000 
0.000000 0.000000 0.000000 0.000000 240.541400 240.471082 239.819768 239.785466 239.765802 239.747926 239.741327 239.738028 239.734728 239.731429 239.744626 239.761870 0.000000 239.791667 0.000000 0.000000 0.000000 0.000000 0.000000 0.000000 0.000000 0.000000 0.000000 0.000000 0.000000 0.000000 0.000000 0.000000 0.000000 0.000000 0.000000 0.000000 0.000000 0.000000 0.000000 0.000000 0.000000 0.000000 0.000000 0.000000 0.000000 0.000000 0.000000 0.000000 0.000000 0.000000 0.000000 
0.000000 0.000000 0.000000 240.567907 240.500000 239.825389 239.791667 239.769735 239.750000 239.734728 239.728129 239.724830 239.718231 239.711633 0.000000 239.765802 239.750000 239.747926 239.814148 0.000000 0.000000 0.000000 0.000000 0.000000 0.000000 0.000000 0.000000 0.000000 0.000000 0.000000 0.000000 0.000000 0.000000 0.000000 0.000000 0.000000 0.000000 0.000000 0.000000 0.000000 0.000000 0.000000 0.000000 0.000000 0.000000 0.000000 0.000000 0.000000 0.000000 0.000000 0.000000 
0.000000 0.000000 0.000000 240.541400 240.471082 239.814148 239.781534 239.757937 239.734728 239.721531 239.714932 239.714932 239.711633 239.686082 0.000000 239.711633 239.738028 239.738028 239.738028 239.741327 0.000000 0.000000 0.000000 0.000000 0.000000 0.000000 0.000000 0.000000 0.000000 0.000000 0.000000 0.000000 0.000000 0.000000 0.000000 0.000000 0.000000 0.000000 0.000000 0.000000 0.000000 0.000000 0.000000 0.000000 0.000000 0.000000 0.000000 0.000000 0.000000 0.000000 0.000000 
0.000000 0.000000 240.583333 240.531050 239.833333 239.791667 239.765802 239.741327 239.721531 239.705479 239.702724 239.711633 239.714932 239.680535 239.683309 239.711633 239.711633 239.711633 239.711633 0.000000 0.000000 0.000000 0.000000 0.000000 0.000000 0.000000 0.000000 0.000000 0.000000 0.000000 0.000000 0.000000 0.000000 0.000000 0.000000 0.000000 0.000000 0.000000 0.000000 0.000000 0.000000 0.000000 0.000000 0.000000 0.000000 0.000000 0.000000 0.000000 0.000000 0.000000 0.000000 
0.000000 0.000000 240.567907 240.483831 239.814148 239.785466 239.753968 239.728129 239.705479 239.691630 239.711633 239.711633 239.711633 239.672214 239.680535 239.691630 239.642295 239.624215 239.621071 0.000000 239.614781 239.617926 0.000000 239.621071 239.711633 0.000000 0.000000 0.000000 0.000000 0.000000 0.000000 0.000000 0.000000 0.000000 0.000000 0.000000 0.000000 0.000000 0.000000 0.000000 0.000000 0.000000 0.000000 0.000000 0.000000 0.000000 0.000000 0.000000 0.000000 0.000000 0.000000 
0.000000 0.000000 240.567907 240.471082 239.802907 239.773668 239.744626 239.714932 239.694403 239.677761 239.665355 239.711633 239.659590 239.672214 239.683309 239.697177 239.630765 239.608491 239.608491 239.605347 239.605347 239.605347 239.608491 239.617926 0.000000 0.000000 0.000000 0.000000 0.000000 0.000000 0.000000 0.000000 0.000000 0.000000 0.000000 0.000000 0.000000 0.000000 0.000000 0.000000 0.000000 0.000000 0.000000 0.000000 0.000000 0.000000 0.000000 0.000000 0.000000 0.000000 0.000000 
0.000000 0.000000 240.559160 240.291667 239.789399 239.761870 239.731429 239.705479 239.680535 239.665355 239.650942 239.648060 239.711633 239.714932 239.721531 239.731429 239.611636 239.599057 239.592768 239.595912 239.595912 239.595912 239.605347 239.614781 239.624215 239.633647 0.000000 0.000000 0.000000 0.000000 0.000000 0.000000 0.000000 0.000000 0.000000 0.000000 0.000000 0.000000 0.000000 0.000000 0.000000 0.000000 0.000000 0.000000 0.000000 0.000000 0.000000 0.000000 0.000000 0.000000 0.000000 
0.000000 0.000000 240.541400 240.291667 239.791667 239.747926 239.718231 239.691630 239.669440 239.653825 239.639412 239.624215 239.611636 0.000000 239.750000 239.728129 239.595912 239.583333 239.583333 239.583333 239.586478 239.592768 239.602202 239.611636 239.624215 0.000000 0.000000 0.000000 0.000000 0.000000 0.000000 0.000000 0.000000 0.000000 239.753968 0.000000 0.000000 0.000000 0.000000 0.000000 0.000000 0.000000 0.000000 0.000000 0.000000 0.000000 0.000000 0.000000 0.000000 0.000000 0.000000 
0.000000 0.000000 240.510350 239.833333 239.791667 239.747926 239.708234 239.674988 239.653825 239.639412 239.621071 239.602202 239.605347 239.592768 239.586478 0.000000 239.586478 239.566879 239.570481 239.574083 239.581286 239.589623 239.602202 239.614781 239.630765 239.711633 0.000000 0.000000 0.000000 0.000000 0.000000 0.000000 0.000000 239.769735 239.741327 239.728129 239.724830 239.721531 0.000000 0.000000 0.000000 0.000000 0.000000 0.000000 0.000000 0.000000 0.000000 0.000000 0.000000 0.000000 0.000000 
0.000000 240.567907 240.496580 239.814148 239.777601 239.744626 239.697177 239.662472 239.642295 239.624215 239.605347 239.589623 239.589623 239.586478 239.563277 239.586478 239.556074 239.556074 239.559676 239.566879 239.577685 239.589623 0.000000 0.000000 0.000000 239.724830 0.000000 0.000000 0.000000 0.000000 0.000000 0.000000 0.000000 239.765802 239.724830 239.714932 239.714932 239.718231 0.000000 0.000000 0.000000 0.000000 0.000000 240.715707 0.000000 0.000000 0.000000 0.000000 0.000000 0.000000 0.000000 
0.000000 240.567907 240.471082 239.802907 239.761870 239.731429 239.691630 239.650942 239.625000 239.605347 239.592768 239.574083 239.586478 239.586478 239.552472 239.548870 239.548870 239.545268 239.548870 239.563277 239.577685 0.000000 0.000000 0.000000 0.000000 0.000000 0.000000 0.000000 0.000000 0.000000 0.000000 240.541667 239.814148 239.769735 0.000000 239.705479 239.708234 239.711633 0.000000 0.000000 0.000000 0.000000 0.000000 0.000000 239.833333 240.471082 240.510350 240.567907 240.729735 240.862888 0.000000 
0.000000 240.576654 240.333333 239.802907 239.757937 239.721531 239.691630 239.636530 239.608491 239.589623 239.570481 239.556074 239.545268 239.537703 239.541667 239.533514 239.533514 239.533514 239.548870 239.566879 239.589623 0.000000 0.000000 0.000000 0.000000 0.000000 0.000000 0.000000 0.000000 0.000000 0.000000 240.550414 239.833333 0.000000 0.000000 239.697177 239.697177 239.708234 0.000000 239.747926 239.761870 239.785466 239.797287 239.808528 239.825389 240.471082 240.510350 240.559160 240.722721 240.848110 0.000000 
240.862888 240.583333 240.531050 239.797287 239.753968 239.721531 239.677761 239.617926 239.592768 239.570481 239.552472 239.537703 239.529325 239.529325 239.537703 239.520946 239.520946 239.586478 239.592768 239.608491 239.624215 239.711633 0.000000 0.000000 0.000000 0.000000 0.000000 0.000000 0.000000 0.000000 0.000000 240.583333 240.576654 0.000000 239.688856 239.688856 239.711633 239.718231 239.731429 239.747926 239.765802 239.781534 239.789399 239.808528 239.831009 240.483831 240.510350 240.567907 240.729735 240.848110 0.000000 
240.750000 240.605775 240.541667 239.802907 239.753968 239.718231 239.662472 239.605347 239.574083 239.552472 239.533514 239.520946 239.512568 239.586478 239.586478 239.504189 239.586478 239.586478 239.614781 239.734728 239.741327 0.000000 0.000000 0.000000 0.000000 0.000000 0.000000 0.000000 239.608491 239.611636 0.000000 0.000000 0.000000 0.000000 239.680535 239.683309 0.000000 239.757937 239.750000 239.757937 239.765802 239.773668 239.785466 239.808528 239.825389 240.483831 240.531050 240.567907 240.696916 240.750000 0.000000 
240.743763 240.678766 240.541400 239.797287 239.757937 239.721531 239.650942 239.589623 239.556074 239.533514 239.512568 239.500000 239.494861 239.494861 239.494861 239.494861 239.494861 239.586478 239.586478 0.000000 0.000000 0.000000 0.000000 0.000000 0.000000 0.000000 0.000000 0.000000 239.599057 239.611636 0.000000 0.000000 0.000000 239.672214 239.672214 239.711633 239.718231 239.741327 239.741327 239.747926 239.757937 239.777601 239.791667 239.814148 239.833333 240.483831 240.520700 240.567907 240.696916 240.736749 0.000000 
240.736749 240.715707 240.541400 239.808528 239.765802 239.731429 239.625000 239.581286 239.537703 239.512568 239.494861 239.485729 239.476597 239.467465 239.375000 239.375000 239.476597 239.485729 0.000000 0.000000 0.000000 0.000000 0.000000 0.000000 0.000000 0.000000 0.000000 239.586478 239.599057 239.605347 0.000000 0.000000 0.000000 239.662472 0.000000 0.000000 239.738028 239.731429 239.734728 239.744626 239.761870 239.773668 239.791667 239.814148 240.291667 240.496580 240.541400 240.576654 240.696916 240.736749 0.000000 
240.743763 240.729735 240.541400 239.825389 239.785466 239.757937 239.611636 239.570481 239.520946 239.494861 239.467465 238.875000 238.875000 238.865781 238.875000 238.875000 238.865781 239.367024 239.476597 239.494861 0.000000 0.000000 0.000000 0.000000 0.000000 239.563277 239.574083 239.583333 239.595912 0.000000 0.000000 239.639412 239.650942 239.662472 0.000000 0.000000 239.711633 239.724830 239.738028 239.744626 239.761870 239.781534 239.808528 239.825389 240.471082 240.520700 240.550414 240.583333 240.672716 240.736749 0.000000 
240.848110 240.743763 240.576654 240.531050 239.825389 239.777601 239.602202 239.548870 239.500000 239.476597 238.875000 238.855069 238.855069 238.833333 238.833333 238.832926 238.844201 238.865781 238.875000 239.476597 239.500000 0.000000 0.000000 0.000000 239.552472 239.559676 239.570481 239.583333 0.000000 0.000000 239.624215 239.636530 239.650942 239.665355 239.677761 239.691630 239.708234 239.724830 239.741327 239.757937 239.777601 239.791667 239.814148 240.291667 240.496580 240.531050 240.576654 240.605775 240.678766 240.729735 240.862888 
0.000000 240.862888 240.590814 240.559160 240.541400 239.831009 239.592768 239.520946 239.485729 239.367024 238.844201 238.832926 238.816422 238.816422 238.808170 238.824674 238.816422 238.832926 238.855069 238.875000 239.485729 0.000000 0.000000 239.537703 239.545268 239.552472 239.570481 239.583333 239.595912 239.611636 239.624215 239.639412 239.653825 239.672214 239.686082 239.702724 239.718231 239.734728 239.750000 239.769735 239.785466 239.814148 239.831009 240.483831 240.531050 240.550414 240.576654 240.620736 240.684816 240.715707 240.750000 
0.000000 240.750000 240.613256 240.583333 240.559160 240.541400 239.589623 239.504189 239.375000 238.865781 238.832926 238.816422 238.808170 238.791376 238.791376 238.791667 0.000000 238.816422 238.832926 238.865781 239.375000 239.500000 239.520946 239.529325 239.545268 239.556074 239.570481 239.583333 239.599057 239.611636 239.625000 239.645177 239.662472 239.680535 239.697177 239.714932 239.731429 239.747926 239.765802 239.785466 239.808528 239.831009 240.483831 240.520700 240.541667 240.567907 240.598294 240.625000 240.696916 240.715707 240.750000 
0.000000 240.729735 240.678766 240.678766 240.583333 240.576654 239.589623 239.494861 238.865781 238.832926 238.824674 238.791667 238.779555 238.773644 238.773644 238.779555 238.785466 238.791667 238.824674 238.833333 238.875000 239.485729 239.512568 239.529325 239.541667 239.556074 239.570481 239.583333 239.602202 239.617926 239.711633 239.731429 239.738028 239.734728 239.738028 239.747926 239.753968 239.773668 239.789399 239.808528 239.825389 240.471082 240.520700 240.541400 240.559160 240.715707 240.620736 240.678766 240.702966 240.722721 240.750000 
240.862888 240.722721 240.690866 240.690866 240.708333 240.590814 239.602202 239.476597 238.865781 238.824674 238.808170 238.791376 238.767733 238.767733 238.767733 238.767733 238.773644 238.785466 238.808170 238.832926 238.855069 239.476597 239.512568 239.529325 239.545268 239.559676 239.586478 239.602202 239.624215 239.734728 239.734728 239.753968 239.773668 239.773668 239.773668 239.781534 239.789399 239.808528 239.825389 240.291667 240.496580 240.510350 240.531050 240.550414 240.583333 240.715707 240.715707 240.690866 240.708333 240.736749 240.848110 
240.862888 240.729735 240.708333 240.708333 240.715707 240.613256 240.598294 239.476597 238.865781 238.832926 238.791667 238.773644 238.761822 238.620500 238.625000 238.625000 238.755911 238.779555 238.791667 238.824674 238.855069 239.467465 239.512568 239.529325 239.545268 0.000000 0.000000 239.753968 239.753968 239.761870 239.777601 239.785466 240.736749 239.819768 239.814148 239.825389 239.833333 240.471082 240.500000 240.520700 240.520700 240.541667 240.567907 240.583333 240.715707 240.729735 240.715707 240.708333 240.722721 240.743763 0.000000 
0.000000 240.750000 240.729735 240.729735 240.722721 240.678766 240.625000 239.485729 238.865781 238.824674 238.791667 238.773644 238.755911 238.610150 238.610150 238.615325 238.755911 238.773644 238.791667 238.816422 238.844201 239.467465 239.512568 239.533514 0.000000 0.000000 0.000000 0.000000 0.000000 239.802907 239.819768 239.825389 240.736749 240.541667 240.550414 240.520700 240.520700 240.531050 240.531050 240.541667 240.559160 240.567907 240.583333 240.722721 240.743763 240.750000 240.729735 240.729735 240.736749 240.848110 0.000000 
0.000000 240.862888 240.750000 240.750000 240.722721 240.696916 240.690866 0.000000 0.000000 238.824674 238.791376 238.773644 238.625000 238.604975 238.599650 238.604975 238.625000 238.773644 238.791376 238.816422 238.865781 239.476597 0.000000 0.000000 0.000000 0.000000 0.000000 0.000000 0.000000 240.541667 0.000000 240.550414 240.750000 240.567907 240.541667 240.541667 240.541667 240.559160 240.567907 0.000000 0.000000 0.000000 240.715707 240.743763 240.750000 240.862888 240.750000 240.750000 240.750000 0.000000 0.000000 
0.000000 0.000000 0.000000 240.862888 240.729735 240.722721 240.715707 0.000000 0.000000 238.832926 238.791376 238.773644 238.625000 238.599650 238.510417 238.604975 238.625000 238.767733 238.791667 238.832926 238.865781 0.000000 0.000000 0.000000 0.000000 0.000000 0.000000 0.000000 0.000000 0.000000 0.000000 0.000000 240.862888 240.598294 240.576654 240.576654 240.576654 240.576654 240.583333 0.000000 0.000000 0.000000 240.729735 240.743763 240.862888 0.000000 0.000000 0.000000 0.000000 0.000000 0.000000 
0.000000 0.000000 0.000000 0.000000 240.848110 240.736749 240.743763 0.000000 0.000000 238.833333 238.816422 238.785466 238.761822 238.615325 238.610150 238.615325 238.761822 238.785466 238.799918 238.832926 238.875000 0.000000 0.000000 0.000000 0.000000 0.000000 0.000000 0.000000 0.000000 0.000000 0.000000 0.000000 240.743763 240.620736 240.715707 240.715707 240.590814 240.590814 240.605775 0.000000 0.000000 240.750000 240.750000 240.862888 0.000000 0.000000 0.000000 0.000000 0.000000 0.000000 0.000000 
0.000000 0.000000 0.000000 0.000000 0.000000 240.862888 240.848110 0.000000 0.000000 0.000000 0.000000 0.000000 238.779555 238.767733 238.761822 238.767733 238.779555 238.791667 238.824674 238.865781 239.485729 0.000000 0.000000 0.000000 0.000000 0.000000 0.000000 0.000000 0.000000 0.000000 0.000000 240.848110 240.708333 240.678766 240.678766 240.715707 240.613256 240.620736 240.620736 0.000000 240.743763 0.000000 240.862888 0.000000 0.000000 0.000000 0.000000 0.000000 0.000000 0.000000 0.000000 
0.000000 0.000000 0.000000 0.000000 0.000000 0.000000 0.000000 0.000000 0.000000 0.000000 0.000000 0.000000 238.799918 238.791376 238.791667 238.791667 238.808170 238.824674 238.844201 239.367024 0.000000 239.595912 0.000000 0.000000 0.000000 0.000000 0.000000 0.000000 0.000000 0.000000 0.000000 240.848110 240.708333 240.696916 240.715707 240.715707 240.678766 240.672716 240.715707 240.690866 240.722721 240.862888 0.000000 0.000000 0.000000 0.000000 0.000000 0.000000 0.000000 0.000000 0.000000 
0.000000 0.000000 0.000000 0.000000 0.000000 0.000000 0.000000 0.000000 0.000000 0.000000 0.000000 238.865781 238.844201 238.832926 238.832926 238.832926 238.833333 238.855069 239.367024 239.586478 0.000000 239.825389 0.000000 0.000000 0.000000 0.000000 0.000000 0.000000 0.000000 0.000000 0.000000 240.848110 240.722721 240.708333 240.715707 240.715707 240.690866 240.715707 240.708333 240.708333 240.715707 240.750000 0.000000 0.000000 0.000000 0.000000 0.000000 0.000000 0.000000 0.000000 0.000000 
0.000000 0.000000 0.000000 0.000000 0.000000 0.000000 0.000000 0.000000 0.000000 0.000000 0.000000 240.743763 239.476597 239.367024 0.000000 0.000000 0.000000 239.485729 239.617926 0.000000 0.000000 0.000000 0.000000 0.000000 0.000000 0.000000 0.000000 0.000000 0.000000 0.000000 0.000000 0.000000 240.743763 240.729735 240.722721 240.722721 240.715707 240.715707 240.729735 240.722721 240.736749 240.750000 0.000000 0.000000 0.000000 0.000000 0.000000 0.000000 0.000000 0.000000 0.000000 
0.000000 0.000000 0.000000 0.000000 0.000000 0.000000 0.000000 0.000000 0.000000 0.000000 0.000000 240.743763 240.590814 0.000000 0.000000 0.000000 0.000000 0.000000 0.000000 240.715707 0.000000 0.000000 0.000000 0.000000 0.000000 0.000000 0.000000 0.000000 0.000000 0.000000 0.000000 0.000000 240.848110 240.750000 240.750000 240.736749 240.729735 240.736749 240.743763 240.743763 240.743763 0.000000 0.000000 0.000000 0.000000 0.000000 0.000000 0.000000 0.000000 0.000000 0.000000 
0.000000 0.000000 0.000000 0.000000 0.000000 0.000000 0.000000 0.000000 0.000000 0.000000 0.000000 0.000000 240.613256 0.000000 0.000000 0.000000 0.000000 0.000000 0.000000 0.000000 0.000000 0.000000 0.000000 0.000000 0.000000 0.000000 0.000000 0.000000 0.000000 0.000000 0.000000 0.000000 0.000000 0.000000 0.000000 240.862888 240.750000 240.848110 240.848110 240.862888 240.862888 0.000000 0.000000 0.000000 0.000000 0.000000 0.000000 0.000000 0.000000 0.000000 0.000000 
