test/output/hourly/016_000001_241_source.asc
ncols         51
nrows         39
xllcorner     565500.000000
yllcorner     5763000.000000
cellsize      100.000000
NODATA_value  255.000000
255 255 255 255 255 255 255 132 4 149 21 21 255 255 255 255 255 255 255 255 255 255 255 255 255 255 255 255 255 255 255 255 255 255 255 255 255 255 255 255 255 255 255 255 255 255 255 255 255 255 255 
255 255 255 255 255 255 134 134 134 21 16 1 255 255 255 255 255 255 255 255 255 255 255 255 255 255 255 255 255 255 255 255 255 255 255 255 255 255 255 255 255 255 255 255 255 255 255 255 255 255 255 
255 255 255 255 255 130 134 134 4 17 9 128 4 21 255 255 255 255 255 255 255 255 255 255 255 255 255 255 255 255 255 255 255 255 255 255 255 255 255 255 255 255 255 255 255 255 255 255 255 255 255 
255 255 255 255 255 130 130 4 128 255 132 150 148 4 255 132 21 16 255 255 255 255 255 255 255 255 255 255 255 255 255 255 255 255 255 255 255 255 255 255 255 255 255 255 255 255 255 255 255 255 255 
255 255 255 255 255 130 4 132 6 134 132 134 150 132 20 16 21 17 255 255 255 255 255 255 255 255 255 255 255 255 255 255 255 255 255 255 255 255 255 255 255 255 255 255 255 255 255 255 255 255 255 
255 255 255 255 130 4 134 132 132 6 20 134 134 134 21 17 9 1 255 255 255 255 255 255 255 255 255 255 255 255 255 255 255 255 255 255 255 255 255 255 255 255 255 255 255 255 255 255 255 255 255 
255 255 255 255 134 4 134 134 132 132 132 150 22 20 73 73 255 16 255 255 255 255 255 255 255 255 255 255 255 255 255 255 255 255 255 255 255 255 255 255 255 255 255 255 255 255 255 255 255 255 255 
255 255 255 130 0 134 4 134 134 134 6 16 132 4 255 132 4 16 132 255 255 255 255 255 255 255 255 255 255 255 255 255 255 255 255 255 255 255 255 255 255 255 255 255 255 255 255 255 255 255 255 
255 255 255 130 4 134 134 134 132 134 132 21 2 4 255 20 132 149 21 17 255 255 255 255 255 255 255 255 255 255 255 255 255 255 255 255 255 255 255 255 255 255 255 255 255 255 255 255 255 255 255 
255 255 130 134 134 130 134 134 134 4 16 1 166 4 21 151 23 3 5 255 255 255 255 255 255 255 255 255 255 255 255 255 255 255 255 255 255 255 255 255 255 255 255 255 255 255 255 255 255 255 255 
255 255 130 4 134 134 134 134 4 4 221 21 151 20 17 17 4 4 132 255 20 149 255 20 17 255 255 255 255 255 255 255 255 255 255 255 255 255 255 255 255 255 255 255 255 255 255 255 255 255 255 
255 255 166 6 134 134 134 130 132 4 4 31 16 1 1 1 4 4 150 150 23 21 21 21 255 255 255 255 255 255 255 255 255 255 255 255 255 255 255 255 255 255 255 255 255 255 255 255 255 255 255 
255 255 162 130 130 134 134 4 4 4 4 16 73 72 72 73 134 134 132 151 149 20 21 21 85 17 255 255 255 255 255 255 255 255 255 255 255 255 255 255 255 255 255 255 255 255 255 255 255 255 255 
255 255 134 174 142 130 134 4 132 4 4 132 4 255 4 2 130 4 21 21 5 21 21 81 73 255 255 255 255 255 255 255 255 255 132 255 255 255 255 255 255 255 255 255 255 255 255 255 255 255 255 
255 255 2 38 10 166 2 4 4 4 132 4 21 132 4 255 6 4 21 5 5 21 73 9 1 1 255 255 255 255 255 255 255 134 134 134 20 16 255 255 255 255 255 255 255 255 255 255 255 255 255 
255 2 6 132 4 166 132 4 4 134 132 132 21 2 4 23 4 20 21 5 21 89 255 255 255 64 255 255 255 255 255 255 255 34 130 134 21 21 255 255 255 255 255 0 255 255 255 255 255 255 255 
255 34 4 130 128 134 6 4 6 134 134 132 133 151 20 4 22 20 21 17 1 255 255 255 255 255 255 255 255 255 255 2 34 40 255 132 21 21 255 255 255 255 255 255 20 17 17 21 21 17 255 
255 42 32 166 134 130 6 4 134 134 4 6 4 4 21 132 20 16 65 1 73 255 255 255 255 255 255 255 255 255 255 42 8 255 255 20 16 1 255 20 17 21 21 17 17 17 81 81 17 17 255 
134 40 2 162 130 134 6 132 134 4 132 132 6 17 1 4 17 89 73 73 73 0 255 255 255 255 255 255 255 255 255 42 72 255 4 21 89 73 65 9 65 21 17 81 93 21 65 89 73 81 255 
130 8 2 174 34 162 4 134 4 132 134 6 132 191 191 20 31 93 1 72 104 255 255 255 255 255 255 255 4 21 255 255 255 255 20 17 255 238 4 21 21 17 1 81 1 17 93 89 1 21 255 
134 8 166 34 34 10 4 4 4 6 134 132 132 150 151 151 149 77 17 255 255 255 255 255 255 255 255 255 20 21 255 255 255 4 17 9 65 132 20 21 17 93 93 89 73 1 64 65 1 17 255 
34 42 42 34 34 10 6 2 132 6 134 134 150 150 22 5 149 149 255 255 255 255 255 255 255 255 255 4 29 17 255 255 255 20 255 255 134 4 17 17 89 65 73 65 73 1 73 73 64 81 255 
42 42 32 34 34 42 4 6 132 134 132 128 134 148 151 151 20 21 21 21 255 255 255 255 255 20 5 21 17 255 255 20 21 17 255 255 20 21 89 1 1 65 73 65 1 73 73 73 64 65 255 
40 42 42 40 42 32 134 132 134 134 134 132 150 4 7 20 21 149 21 21 21 255 255 255 20 21 21 21 255 255 20 17 17 1 1 1 1 9 73 73 73 73 65 65 1 64 73 9 65 17 17 
255 42 8 42 42 42 134 6 134 134 128 134 132 150 4 23 16 4 21 21 21 255 255 20 21 16 21 21 81 21 25 1 1 1 1 1 73 73 1 73 64 73 65 1 73 64 64 9 65 1 17 
255 134 8 42 40 42 130 134 134 134 134 134 134 132 148 5 255 20 21 21 5 21 21 21 21 85 21 21 89 73 1 1 1 1 1 73 73 73 65 73 9 73 1 73 0 73 8 9 73 1 81 
255 134 10 73 40 42 42 134 128 128 134 0 128 132 148 149 21 1 21 21 21 21 21 21 17 17 17 1 73 73 0 73 10 72 73 73 64 73 73 73 73 1 73 73 64 144 8 72 65 65 65 
162 34 40 72 1 8 42 128 134 130 134 134 132 150 151 149 21 21 21 21 17 21 21 21 29 81 9 73 73 75 65 9 10 75 73 73 73 73 73 73 1 64 72 64 73 3 34 72 65 73 65 
34 42 32 72 72 8 8 130 166 174 6 130 134 132 151 21 21 21 4 85 85 17 17 17 25 255 255 66 9 73 73 65 132 42 8 73 73 1 1 73 72 9 73 73 64 104 34 8 73 65 255 
255 42 40 72 128 8 8 42 170 166 38 166 134 134 148 21 85 85 4 81 1 65 17 1 255 255 255 255 255 72 72 65 10 0 239 106 105 105 72 9 105 73 73 73 73 104 40 72 73 73 255 
255 40 40 104 2 8 8 255 255 170 162 174 166 134 4 21 85 93 81 65 93 64 255 255 255 255 255 255 255 0 255 72 42 10 0 0 8 105 105 255 255 255 8 89 73 104 40 104 72 255 255 
255 255 255 42 40 42 72 255 255 170 34 42 42 34 254 73 73 65 1 89 89 255 255 255 255 255 255 255 255 255 255 255 174 8 42 107 107 105 73 255 255 255 8 65 72 255 255 255 255 255 255 
255 255 255 255 42 8 73 255 255 8 42 42 42 42 104 73 73 73 65 73 73 255 255 255 255 255 255 255 255 255 255 255 134 8 8 0 72 72 73 255 255 34 9 73 255 255 255 255 255 255 255 
255 255 255 255 255 106 72 255 255 255 255 255 42 42 104 73 73 1 73 73 73 255 255 255 255 255 255 255 255 255 255 134 2 10 65 1 8 8 72 255 16 255 8 255 255 255 255 255 255 255 255 
255 255 255 255 255 255 255 255 255 255 255 255 40 40 0 8 73 73 73 73 255 64 255 255 255 255 255 255 255 255 255 170 42 40 95 193 8 8 10 0 16 21 255 255 255 255 255 255 255 255 255 
255 255 255 255 255 255 255 255 255 255 255 34 40 42 107 105 8 73 73 0 255 8 255 255 255 255 255 255 255 255 255 42 42 8 73 2 8 73 2 9 1 1 255 255 255 255 255 255 255 255 255 
255 255 255 255 255 255 255 255 255 255 255 170 42 40 255 255 255 72 73 255 255 255 255 255 255 255 255 255 255 255 255 255 42 42 72 42 10 73 42 72 73 64 255 255 255 255 255 255 255 255 255 
255 255 255 255 255 255 255 255 255 255 255 42 8 255 255 255 255 255 255 64 255 255 255 255 255 255 255 255 255 255 255 255 40 42 73 42 40 73 105 72 64 255 255 255 255 255 255 255 255 255 255 
255 255 255 255 255 255 255 255 255 255 255 255 8 255 255 255 255 255 255 255 255 255 255 255 255 255 255 255 255 255 255 255 255 255 255 42 40 105 72 104 72 255 255 255 255 255 255 255 255 255 255 
