test/output/hourly/016_000001_241_intensity.asc
ncols         51
nrows         39
xllcorner     565500.000000
yllcorner     5763000.000000
cellsize      100.000000
NODATA_value  0.000000
0 0 0 0 0 0 0 1299 1196 1518 1299 888 0 0 0 0 0 0 0 0 0 0 0 0 0 0 0 0 0 0 0 0 0 0 0 0 0 0 0 0 0 0 0 0 0 0 0 0 0 0 0 
0 0 0 0 0 0 1238 875 643 855 508 2723 0 0 0 0 0 0 0 0 0 0 0 0 0 0 0 0 0 0 0 0 0 0 0 0 0 0 0 0 0 0 0 0 0 0 0 0 0 0 0 
0 0 0 0 0 1299 750 812 1696 1669 3116 1740 69 69 0 0 0 0 0 0 0 0 0 0 0 0 0 0 0 0 0 0 0 0 0 0 0 0 0 0 0 0 0 0 0 0 0 0 0 0 0 
0 0 0 0 0 976 728 363 1421 0 192 1906 3520 5358 0 532 562 228 0 0 0 0 0 0 0 0 0 0 0 0 0 0 0 0 0 0 0 0 0 0 0 0 0 0 0 0 0 0 0 0 0 
0 0 0 0 0 675 1290 4228 4001 195 5642 2245 3570 5544 3633 3623 797 68 0 0 0 0 0 0 0 0 0 0 0 0 0 0 0 0 0 0 0 0 0 0 0 0 0 0 0 0 0 0 0 0 0 
0 0 0 0 806 1355 3563 3563 4864 6245 6264 1609 1844 2509 4746 3570 398 69 0 0 0 0 0 0 0 0 0 0 0 0 0 0 0 0 0 0 0 0 0 0 0 0 0 0 0 0 0 0 0 0 0 
0 0 0 0 723 1674 4141 5436 4864 7407 7905 7929 8109 350 2045 1612 0 188 0 0 0 0 0 0 0 0 0 0 0 0 0 0 0 0 0 0 0 0 0 0 0 0 0 0 0 0 0 0 0 0 0 
0 0 0 801 1348 3167 4205 5161 3815 7808 7929 7929 6768 7929 0 192 7870 7585 69 0 0 0 0 0 0 0 0 0 0 0 0 0 0 0 0 0 0 0 0 0 0 0 0 0 0 0 0 0 0 0 0 
0 0 0 723 1642 4117 3909 6197 7065 7870 7929 7407 3445 9656 0 337 1005 1005 337 991 0 0 0 0 0 0 0 0 0 0 0 0 0 0 0 0 0 0 0 0 0 0 0 0 0 0 0 0 0 0 0 
0 0 863 1724 2611 2820 3052 7065 7585 9155 9516 7808 4217 9503 9586 7811 7811 1005 1019 0 0 0 0 0 0 0 0 0 0 0 0 0 0 0 0 0 0 0 0 0 0 0 0 0 0 0 0 0 0 0 0 
0 0 965 1290 2278 3888 3909 4209 6479 8601 7870 1005 7870 9516 9585 9516 7555 6323 2696 0 8173 3478 0 8234 7355 0 0 0 0 0 0 0 0 0 0 0 0 0 0 0 0 0 0 0 0 0 0 0 0 0 0 
0 0 2080 1216 2442 5642 6725 3812 7108 8153 9165 7751 9059 9516 5964 5361 7555 7144 8051 2703 8051 8234 8040 8173 0 0 0 0 0 0 0 0 0 0 0 0 0 0 0 0 0 0 0 0 0 0 0 0 0 0 0 
0 0 857 281 2372 5191 6419 7223 6635 6665 9165 9193 343 3447 3815 3449 6893 8173 7990 7990 8051 8100 8173 8173 8173 8992 0 0 0 0 0 0 0 0 0 0 0 0 0 0 0 0 0 0 0 0 0 0 0 0 0 
0 0 638 270 5401 3114 7113 6036 4844 8829 9043 1048 8271 0 343 3120 2700 7033 7012 6873 7869 8234 8296 2384 3060 0 0 0 0 0 0 0 0 0 3909 0 0 0 0 0 0 0 0 0 0 0 0 0 0 0 0 
0 0 1281 4195 2393 1553 4875 5445 8648 9165 2366 5506 8296 254 378 0 378 7012 7033 6873 6767 8112 3061 3061 9232 998 0 0 0 0 0 0 0 3986 4209 7355 8230 7924 0 0 0 0 0 0 0 0 0 0 0 0 0 
0 1648 1212 3366 5401 343 5394 7293 6164 3488 3062 4457 385 254 7142 378 6666 7142 7142 7033 6766 3059 0 0 0 705 0 0 0 0 0 0 0 3986 4728 3833 8291 984 0 0 0 0 0 22 0 0 0 0 0 0 0 
0 1648 1212 2804 2382 5965 5394 5579 2686 2686 3956 2979 8358 378 7078 4701 7142 7078 7142 6918 6766 0 0 0 0 0 0 0 0 0 0 1345 2826 2189 0 4875 9868 8108 0 0 0 0 0 0 4229 1638 855 1028 1238 888 0 
0 2317 173 71 3920 2579 7650 8588 2101 3478 6618 7142 7196 5981 6034 6034 6034 6081 2609 7033 2177 0 0 0 0 0 0 0 0 0 0 318 380 0 0 9656 9656 9868 0 7693 6072 6072 4263 4031 4195 1687 909 1170 2505 1261 0 
687 2317 862 1316 2586 5528 6541 5024 3957 5177 2974 6034 6081 6081 6081 6034 5935 3062 3060 3060 2713 957 0 0 0 0 0 0 0 0 0 2265 346 0 9656 9516 7870 4603 7475 3805 3314 6119 6119 4076 2443 1640 1859 1028 3116 1326 0 
1281 2983 1290 2065 1636 1697 6628 5506 5681 2974 2523 5592 6034 1310 2118 6027 3062 1845 1077 440 3457 0 0 0 0 0 0 0 1048 1031 0 0 0 0 9366 9516 0 3909 7870 6011 6216 6119 5763 4076 3822 1660 855 1028 3707 1371 0 
771 3732 728 1307 1636 1761 7161 4956 6007 2861 2861 2336 2316 2150 2167 2261 2103 297 8358 0 0 0 0 0 0 0 0 0 7928 8112 0 0 0 9516 9516 7870 3447 3447 7846 7846 5847 6216 6216 2278 4109 1640 1889 1955 3732 2526 0 
1720 1907 1964 1307 1681 1302 8358 2979 2523 6034 2329 2329 2336 1554 587 596 2355 2348 0 0 0 0 0 0 0 0 0 7869 7861 7990 0 0 0 8992 0 0 4643 7810 7641 7870 6216 2609 6216 3972 325 1588 1790 2426 3732 2948 0 
1859 3088 1859 1271 1681 1840 5047 6007 2523 2355 2329 1911 1997 1995 1911 2028 2030 587 2297 2278 0 0 0 0 0 6925 6926 6926 4362 0 0 5605 5559 8925 0 0 991 7810 3447 6639 5331 5603 4195 3876 1485 1790 2147 2261 3732 2164 0 
1382 3088 2355 1934 1848 1604 3956 2611 2261 2355 2011 2003 1997 2754 2776 2773 1675 1834 1997 2298 2298 0 0 0 7197 6872 6872 6378 0 0 7843 8570 8924 8792 7383 9238 9238 3449 3807 3316 6102 3052 1856 335 1370 1630 1743 2944 3777 1650 780 
0 1337 2944 2426 1991 1340 3498 2877 2348 591 1973 2750 2773 2776 2776 2201 2755 2822 1995 1706 2309 0 0 3545 7307 7011 7033 7033 3448 8296 7867 8596 8699 8899 6882 5894 7728 7751 7751 3056 2820 2615 3384 1612 2023 2299 2055 2944 3732 2857 1662 
0 1503 2944 2426 2407 1612 3977 2869 587 2028 2750 2773 2776 3962 3570 3386 0 2391 2265 1662 596 2335 3482 6176 7197 7033 7033 7033 8547 7965 3060 8716 8513 6181 6882 3451 3451 3131 3316 203 2440 2615 1687 2007 2023 2426 2944 2944 3767 2630 2820 
0 1380 3777 3716 2355 2426 1311 2335 1675 2384 2772 3962 3731 3962 3956 3956 3914 3199 2773 2657 2028 2202 6176 6321 6321 7088 6971 7196 8406 8396 644 492 2459 3787 3800 3807 1880 3056 3316 2602 1762 1600 1998 2007 2229 1389 2920 3746 3737 2820 3059 
1238 2739 3565 3746 3465 2920 1331 2135 2036 2144 2799 3994 4027 3962 3290 3999 3988 3967 2435 2445 1629 2387 6081 6369 7196 6907 1431 1963 2676 2815 3814 667 2852 1893 3312 3317 2814 2442 2623 278 1279 1976 1790 2213 2426 2617 3026 3746 3746 2617 1269 
1318 3108 3565 3746 3132 2920 2920 2135 1442 1835 3994 3779 4027 4648 4637 4637 3930 3187 3836 2754 2003 2298 6081 6224 2610 0 0 431 473 3327 3612 5681 1327 1344 2606 2606 2438 1588 1341 2056 2073 2040 2439 2426 2603 2617 2389 3716 2820 2389 0 
0 3141 3064 3141 1281 3716 2920 493 1373 1932 3994 2568 4020 4363 4648 4463 3930 2748 3899 2579 1631 2002 6081 6205 0 0 0 0 0 57 1369 2274 3052 2123 2388 2090 2084 1946 2056 2090 2317 2446 2446 3109 3084 3091 2981 3116 3116 1165 0 
0 1371 3141 3040 3026 3746 3746 0 0 2714 2568 2419 2433 4648 4648 4647 4463 2597 3660 2313 1871 411 0 0 0 0 0 0 0 290 0 2426 3052 2566 1974 2056 2177 2370 2506 0 0 0 3116 3116 3091 1328 2887 3040 3116 0 0 
0 0 0 1347 3026 3167 3167 0 0 1988 2419 2299 2109 2433 0 4647 4463 2760 3962 1843 1379 0 0 0 0 0 0 0 0 0 0 0 705 3040 2277 2485 2424 2424 2506 0 0 0 3091 3017 1290 0 0 0 0 0 0 
0 0 0 0 1371 3159 3167 0 0 2709 1843 2176 3511 2642 2244 2584 2848 3899 2145 1938 1438 0 0 0 0 0 0 0 0 0 0 0 1716 3066 1074 442 3088 3065 3016 0 0 2691 3066 1328 0 0 0 0 0 0 0 
0 0 0 0 0 1369 1394 0 0 0 0 0 2647 1874 1857 2056 2056 3899 2518 1438 490 0 0 0 0 0 0 0 0 0 0 783 3907 3730 3838 2295 2943 2944 3016 0 1424 0 1315 0 0 0 0 0 0 0 0 
0 0 0 0 0 0 0 0 0 0 0 0 1676 1354 3962 2186 1944 1950 1455 165 0 3060 0 0 0 0 0 0 0 0 0 1484 3811 3645 1822 1221 3746 3746 3167 3598 1424 865 0 0 0 0 0 0 0 0 0 
0 0 0 0 0 0 0 0 0 0 0 1442 834 1122 1181 1983 1875 1379 167 392 0 69 0 0 0 0 0 0 0 0 0 1397 3031 4090 3167 2948 3746 2406 3598 3435 2356 2483 0 0 0 0 0 0 0 0 0 
0 0 0 0 0 0 0 0 0 0 0 3017 411 146 0 0 0 51 337 0 0 0 0 0 0 0 0 0 0 0 0 0 3003 3040 3167 2981 3116 2820 2994 3016 3066 2483 0 0 0 0 0 0 0 0 0 
0 0 0 0 0 0 0 0 0 0 0 2406 2967 0 0 0 0 0 0 29 0 0 0 0 0 0 0 0 0 0 0 0 1318 2046 3116 3040 3116 3116 2994 3066 2994 0 0 0 0 0 0 0 0 0 0 
0 0 0 0 0 0 0 0 0 0 0 0 2953 0 0 0 0 0 0 0 0 0 0 0 0 0 0 0 0 0 0 0 0 0 0 1349 2970 1306 1328 1326 1349 0 0 0 0 0 0 0 0 0 0 
