test/output/hourly/021_000001_252_arrival.asc
ncols         20
nrows         26
xllcorner     566300.000000
yllcorner     5762900.000000
cellsize      100.000000
NODATA_value  0.000000
0.000000 0.000000 0.000000 0.000000 0.000000 0.000000 0.000000 0.000000 0.000000 240.814379 0.000000 0.000000 0.000000 0.000000 0.000000 0.000000 0.000000 0.000000 0.000000 0.000000 
0.000000 0.000000 0.000000 0.000000 0.000000 0.000000 240.785974 0.000000 240.750000 240.759140 240.777029 0.000000 0.000000 0.000000 0.000000 0.000000 0.000000 0.000000 0.000000 0.000000 
0.000000 0.000000 0.000000 0.000000 0.000000 0.000000 240.746819 240.716030 240.716030 240.458333 240.731425 240.777029 0.000000 0.000000 0.000000 0.000000 0.000000 0.000000 0.000000 0.000000 
0.000000 0.000000 0.000000 0.000000 240.825735 240.768085 240.731425 240.375000 240.375000 240.416667 240.731425 240.768085 240.803023 0.000000 0.000000 0.000000 0.000000 0.000000 0.000000 0.000000 
0.000000 0.000000 240.803023 240.785974 240.777029 240.750000 240.438432 239.618531 239.621676 240.416667 240.759140 240.768085 240.803023 0.000000 0.000000 0.000000 0.000000 0.000000 0.000000 0.000000 
0.000000 240.791667 240.768085 240.731425 240.731425 0.000000 0.000000 239.612156 0.000000 0.000000 240.785974 240.785974 240.803023 0.000000 0.000000 0.000000 0.000000 0.000000 0.000000 0.000000 
240.814379 240.768085 240.723728 240.438432 239.596172 239.596172 239.599382 239.605780 239.605780 240.759140 240.759140 0.000000 0.000000 0.000000 0.000000 0.000000 0.000000 0.000000 0.000000 0.000000 
240.791667 240.746819 240.716030 239.589753 239.586543 239.586543 239.596172 239.592963 239.592963 239.592963 0.000000 0.000000 0.000000 0.000000 0.000000 0.000000 0.000000 0.000000 0.000000 0.000000 
240.785974 240.739122 239.612156 238.702293 238.697840 239.586543 239.586543 239.586543 239.586543 239.586543 239.596172 239.608968 0.000000 0.000000 0.000000 0.000000 0.000000 240.768085 240.803023 0.000000 
240.785974 240.746819 239.605780 239.586543 238.684480 239.586543 239.586543 238.680027 238.684480 239.586543 239.596172 240.375000 239.612156 0.000000 0.000000 0.000000 240.716030 240.731425 240.777029 0.000000 
240.791667 239.592963 239.589753 239.586543 238.675573 238.671120 238.671120 239.586543 238.671120 239.586543 239.592963 239.599382 239.602592 0.000000 0.000000 240.407913 240.416667 240.716030 240.750000 240.803023 
238.706746 239.586543 239.586543 239.586543 238.666667 238.657879 238.657879 238.662576 0.000000 239.586543 239.586543 239.596172 239.599382 239.608968 0.000000 239.621676 240.407913 240.716030 240.750000 240.791667 
239.586543 238.688933 239.586543 238.666667 238.653182 238.643788 238.643788 238.648485 238.653182 238.666667 239.586543 239.586543 239.596172 0.000000 239.608968 239.621676 240.375000 240.716030 240.750000 240.785974 
238.702293 238.684480 238.671120 238.657879 238.639091 238.639091 238.639091 238.639091 238.643788 238.653182 238.671120 239.586543 239.592963 239.599382 239.608968 239.621676 240.458333 240.731425 240.759140 0.000000 
0.000000 239.586543 238.666667 238.643788 238.634394 238.620500 238.625000 238.625000 238.629697 238.648485 238.666667 239.586543 239.586543 239.592963 239.608968 240.407913 240.716030 0.000000 0.000000 0.000000 
0.000000 238.755956 238.666667 238.648485 238.629697 238.610150 238.610150 238.615325 238.629697 238.643788 238.666667 238.680027 239.586543 239.592963 239.621676 240.407913 0.000000 0.000000 0.000000 0.000000 
0.000000 238.755956 238.662576 238.643788 238.625000 238.604975 238.599650 238.604975 238.625000 238.643788 238.662576 238.680027 0.000000 239.605780 0.000000 0.000000 0.000000 0.000000 0.000000 0.000000 
0.000000 238.755956 238.666667 238.648485 238.625000 238.599650 238.510417 238.604975 238.625000 238.643788 238.666667 239.586543 239.592963 0.000000 0.000000 0.000000 0.000000 0.000000 0.000000 0.000000 
0.000000 0.000000 239.586543 238.657879 238.634394 238.615325 238.610150 238.615325 238.634394 238.657879 238.671120 239.586543 0.000000 0.000000 0.000000 0.000000 0.000000 0.000000 0.000000 0.000000 
0.000000 0.000000 0.000000 0.000000 238.653182 238.639091 238.639091 238.639091 238.653182 238.666667 239.586543 239.596172 240.723728 0.000000 0.000000 0.000000 0.000000 0.000000 0.000000 0.000000 
0.000000 0.000000 0.000000 0.000000 238.671120 238.671120 238.666667 238.666667 239.586543 239.592963 240.759140 240.746819 0.000000 240.768085 0.000000 0.000000 0.000000 0.000000 0.000000 0.000000 
0.000000 0.000000 0.000000 240.739122 238.697840 239.586543 240.407913 240.716030 240.746819 240.777029 240.785974 0.000000 0.000000 0.000000 0.000000 0.000000 0.000000 0.000000 0.000000 0.000000 
0.000000 0.000000 240.785974 240.746819 240.723728 240.731425 0.000000 0.000000 0.000000 240.777029 0.000000 0.000000 0.000000 0.000000 0.000000 0.000000 0.000000 0.000000 0.000000 0.000000 
0.000000 0.000000 240.791667 240.768085 240.746819 0.000000 0.000000 0.000000 0.000000 0.000000 0.000000 0.000000 0.000000 0.000000 0.000000 0.000000 0.000000 0.000000 0.000000 0.000000 
0.000000 0.000000 0.000000 240.777029 240.777029 0.000000 0.000000 0.000000 0.000000 0.000000 0.000000 0.000000 0.000000 0.000000 0.000000 0.000000 0.000000 0.000000 0.000000 0.000000 
0.000000 0.000000 240.833333 0.000000 0.000000 0.000000 0.000000 0.000000 0.000000 0.000000 0.000000 0.000000 0.000000 0.000000 0.000000 0.000000 0.000000 0.000000 0.000000 0.000000 
