test/output/hourly/021_000001_241_raz.asc
ncols         20
nrows         26
xllcorner     566300.000000
yllcorner     5762900.000000
cellsize      100.000000
NODATA_value  0.000000
0 0 0 0 0 0 0 0 0 60 0 0 0 0 0 0 0 0 0 0 
0 0 0 0 0 0 335 0 42 86 80 0 0 0 0 0 0 0 0 0 
0 0 0 0 0 0 297 281 80 39 104 81 0 0 0 0 0 0 0 0 
0 0 0 0 307 311 314 327 38 46 149 158 145 0 0 0 0 0 0 0 
0 0 310 28 25 208 287 40 45 98 171 171 116 0 0 0 0 0 0 0 
0 260 220 24 57 0 0 40 0 0 170 170 133 0 0 0 0 0 0 0 
277 279 280 41 41 41 39 41 41 85 73 0 0 0 0 0 0 0 0 0 
279 313 281 38 40 40 40 40 40 40 0 0 0 0 0 0 0 0 0 0 
279 280 40 352 1 40 35 40 34 40 38 38 0 0 0 0 0 66 96 0 
279 168 40 35 1 40 40 4 359 40 40 77 40 0 0 0 77 83 83 0 
194 40 38 35 355 360 45 40 25 39 40 42 39 0 0 359 37 85 81 82 
305 40 40 40 360 360 3 12 0 39 39 40 39 39 0 36 39 170 171 167 
40 1 40 356 356 360 3 3 25 360 40 40 39 0 38 38 58 170 171 171 
335 340 1 1 0 360 8 16 2 11 21 41 39 39 39 43 68 169 169 0 
0 40 1 334 0 0 4 4 1 5 96 40 40 39 44 29 141 0 0 0 
0 4 250 265 356 339 0 17 1 85 0 22 40 39 39 40 0 0 0 0 
0 1 264 315 264 359 359 1 18 91 43 52 0 39 0 0 0 0 0 0 
0 3 218 126 233 263 65535 1 18 38 97 40 41 0 0 0 0 0 0 0 
0 0 32 126 314 275 250 61 50 84 62 39 0 0 0 0 0 0 0 0 
0 0 0 0 271 289 249 110 110 90 40 39 169 0 0 0 0 0 0 0 
0 0 0 0 235 251 235 111 43 45 169 171 0 169 0 0 0 0 0 0 
0 0 0 184 180 40 99 166 166 168 169 0 0 0 0 0 0 0 0 0 
0 0 278 180 168 164 0 0 0 163 0 0 0 0 0 0 0 0 0 0 
0 0 180 168 178 0 0 0 0 0 0 0 0 0 0 0 0 0 0 0 
0 0 0 180 168 0 0 0 0 0 0 0 0 0 0 0 0 0 0 0 
0 0 186 0 0 0 0 0 0 0 0 0 0 0 0 0 0 0 0 0 
