test/output/hourly/021_000001_241_source.asc
ncols         20
nrows         26
xllcorner     566300.000000
yllcorner     5762900.000000
cellsize      100.000000
NODATA_value  255.000000
255 255 255 255 255 255 255 255 255 20 255 255 255 255 255 255 255 255 255 255 
255 255 255 255 255 255 128 255 4 20 21 255 255 255 255 255 255 255 255 255 
255 255 255 255 255 255 128 134 150 20 21 21 255 255 255 255 255 255 255 255 
255 255 255 255 134 130 134 128 4 21 65 69 21 255 255 255 255 255 255 255 
255 255 128 132 4 2 130 4 1 73 73 73 77 255 255 255 255 255 255 255 
255 134 134 132 148 255 255 4 255 255 40 72 72 255 255 255 255 255 255 255 
130 134 134 134 4 20 5 17 21 21 16 255 255 255 255 255 255 255 255 255 
130 130 166 4 20 21 21 4 21 20 255 255 255 255 255 255 255 255 255 255 
134 130 4 128 4 21 4 21 21 21 21 17 255 255 255 255 255 20 21 255 
170 170 4 4 132 21 21 16 4 21 21 1 4 255 255 255 20 21 21 255 
170 4 20 4 134 132 148 21 16 5 5 5 4 255 255 132 21 17 5 21 
128 21 21 21 134 132 148 149 255 20 21 5 5 1 255 4 85 85 77 85 
4 132 21 134 134 132 148 21 21 21 21 21 5 255 4 21 1 73 89 81 
2 130 134 134 132 150 151 149 21 21 21 21 5 21 21 1 73 73 73 255 
255 4 134 128 134 132 151 21 20 21 85 21 21 17 1 21 81 255 255 255 
255 4 174 174 134 134 148 21 21 21 93 81 17 1 1 73 255 255 255 255 
255 4 162 162 166 134 4 21 85 89 81 65 255 16 255 255 255 255 255 255 
255 4 42 42 42 34 0 73 73 65 73 21 17 255 255 255 255 255 255 255 
255 255 0 42 42 42 104 73 73 73 65 17 255 255 255 255 255 255 255 255 
255 255 255 255 42 42 107 73 73 73 17 1 65 255 255 255 255 255 255 255 
255 255 255 255 40 40 34 73 21 1 42 40 255 64 255 255 255 255 255 255 
255 255 255 34 8 1 73 73 73 77 40 255 255 255 255 255 255 255 255 255 
255 255 162 42 40 105 255 255 255 72 255 255 255 255 255 255 255 255 255 255 
255 255 42 42 40 255 255 255 255 255 255 255 255 255 255 255 255 255 255 255 
255 255 255 40 72 255 255 255 255 255 255 255 255 255 255 255 255 255 255 255 
255 255 32 255 255 255 255 255 255 255 255 255 255 255 255 255 255 255 255 255 
