test/output/hourly/021_000001_252_intensity.asc
ncols         20
nrows         26
xllcorner     566300.000000
yllcorner     5762900.000000
cellsize      100.000000
NODATA_value  0.000000
0 0 0 0 0 0 0 0 0 1005 0 0 0 0 0 0 0 0 0 0 
0 0 0 0 0 0 1114 0 1317 1504 1445 0 0 0 0 0 0 0 0 0 
0 0 0 0 0 0 1299 1389 1585 969 1940 1433 0 0 0 0 0 0 0 0 
0 0 0 0 914 1155 1238 274 464 629 2907 2531 1758 0 0 0 0 0 0 0 
0 0 907 1155 1147 2505 373 8483 8100 399 2587 2587 1404 0 0 0 0 0 0 0 
0 891 1952 1229 1380 0 0 8483 0 0 369 369 1675 0 0 0 0 0 0 0 
1005 1280 1380 955 8296 8296 8333 8358 8483 1562 1397 0 0 0 0 0 0 0 0 0 
1280 1229 1371 8209 8234 8234 8296 8358 8296 8296 0 0 0 0 0 0 0 0 0 0 
1272 1380 8296 5509 5556 8234 8160 8296 8100 8234 8050 7868 0 0 0 0 0 1303 1196 0 
1272 3141 8296 8161 5556 8234 8234 5588 5688 8234 8173 364 7990 0 0 0 1563 1571 1433 0 
2369 8296 8333 8161 5588 5600 4555 8234 5241 8296 8173 8148 7989 0 0 504 645 1685 1578 1110 
4220 8358 8358 8296 5147 5147 5136 5038 0 8296 8296 7990 8173 7989 0 8675 636 3167 3141 2561 
8358 5643 8358 5136 5136 5147 5136 5136 4784 5147 8234 7990 8173 0 8610 8674 435 3167 3141 2566 
5209 5336 5643 5187 5229 5147 5099 5026 5176 5076 5301 8112 8358 8358 8358 8530 827 3167 2587 0 
0 8358 5187 4784 5229 4648 4637 4637 5106 5095 2804 8234 8234 8358 8221 632 2857 0 0 0 
0 4059 2583 2791 5217 4363 4648 4463 5106 3041 5066 5266 8234 8358 8358 650 0 0 0 0 
0 4092 2778 4134 2433 4648 4648 4647 4463 2925 4221 4374 0 8359 0 0 0 0 0 0 
0 4092 2306 2415 2109 2433 0 4647 4463 4369 2830 8296 8333 0 0 0 0 0 0 0 
0 0 8023 2382 4134 2642 2244 2584 3266 3051 4046 8358 0 0 0 0 0 0 0 0 
0 0 0 0 2901 1873 2192 2192 2192 2936 8173 8358 3066 0 0 0 0 0 0 0 
0 0 0 0 2791 1682 2479 2629 8234 8209 2504 3016 0 2499 0 0 0 0 0 0 
0 0 0 2959 2564 8358 268 3141 3270 2566 2464 0 0 0 0 0 0 0 0 0 
0 0 1287 3017 3091 3084 0 0 0 359 0 0 0 0 0 0 0 0 0 0 
0 0 2492 2545 3087 0 0 0 0 0 0 0 0 0 0 0 0 0 0 0 
0 0 0 2492 2545 0 0 0 0 0 0 0 0 0 0 0 0 0 0 0 
0 0 1763 0 0 0 0 0 0 0 0 0 0 0 0 0 0 0 0 0 
