test/output/hourly/021_000001_252_ros.asc
ncols         20
nrows         26
xllcorner     566300.000000
yllcorner     5762900.000000
cellsize      100.000000
NODATA_value  0.000000
0.000000 0.000000 0.000000 0.000000 0.000000 0.000000 0.000000 0.000000 0.000000 1.175747 0.000000 0.000000 0.000000 0.000000 0.000000 0.000000 0.000000 0.000000 0.000000 0.000000 
0.000000 0.000000 0.000000 0.000000 0.000000 0.000000 1.255924 0.000000 1.453636 1.695205 1.628600 0.000000 0.000000 0.000000 0.000000 0.000000 0.000000 0.000000 0.000000 0.000000 
0.000000 0.000000 0.000000 0.000000 0.000000 0.000000 1.431215 1.530188 1.746185 1.212085 2.137100 1.612487 0.000000 0.000000 0.000000 0.000000 0.000000 0.000000 0.000000 0.000000 
0.000000 0.000000 0.000000 0.000000 1.069520 1.301695 1.363576 0.343431 0.580944 0.786261 3.202180 2.847228 2.043979 0.000000 0.000000 0.000000 0.000000 0.000000 0.000000 0.000000 
0.000000 0.000000 1.061421 1.301695 1.291570 2.758859 0.466905 8.535286 8.170968 0.499375 2.910408 2.910408 1.632438 0.000000 0.000000 0.000000 0.000000 0.000000 0.000000 0.000000 
0.000000 1.286999 2.200091 1.352852 1.519128 0.000000 0.000000 8.535286 0.000000 0.000000 0.831053 0.831053 1.942173 0.000000 0.000000 0.000000 0.000000 0.000000 0.000000 0.000000 
1.175746 1.441320 1.519085 1.194371 8.363478 8.363478 8.394794 8.420408 8.535657 1.757434 1.563372 0.000000 0.000000 0.000000 0.000000 0.000000 0.000000 0.000000 0.000000 0.000000 
1.441320 1.352808 1.508038 8.281288 8.306533 8.306533 8.363554 8.420671 8.363517 8.363517 0.000000 0.000000 0.000000 0.000000 0.000000 0.000000 0.000000 0.000000 0.000000 0.000000 
1.431403 1.519100 8.363463 5.931636 5.981761 8.306528 8.226633 8.363517 8.170968 8.306545 8.136186 7.968525 0.000000 0.000000 0.000000 0.000000 0.000000 1.471007 1.398747 0.000000 
1.431403 3.456774 8.363463 8.226679 5.981686 8.306528 8.306545 6.011682 6.108397 8.306545 8.249601 0.455570 8.080686 0.000000 0.000000 0.000000 1.730884 1.727383 1.612416 0.000000 
2.664791 8.363489 8.395114 8.226679 6.011682 6.023756 4.900304 8.306545 5.628399 8.363544 8.249601 8.224490 8.080415 0.000000 0.000000 0.630145 0.807226 1.863242 1.736826 1.296736 
4.536213 8.420609 8.420684 8.363554 5.589212 5.589212 5.577230 5.471378 0.000000 8.363576 8.363572 8.080686 8.249627 8.080415 0.000000 8.712132 0.795367 3.481815 3.456827 2.883185 
8.420590 6.065682 8.420650 5.577230 5.577230 5.589212 5.577230 5.577230 5.186552 5.589212 8.306545 8.080872 8.249627 0.000000 8.652725 8.711525 0.544375 3.481815 3.456827 2.889442 
5.598572 5.735631 6.065682 5.628325 5.668048 5.589212 5.537652 5.448092 5.616164 5.507612 5.702567 8.193296 8.420799 8.420799 8.420799 8.566675 1.034367 3.481745 2.910400 0.000000 
0.000000 8.420590 5.628295 5.186529 5.668048 5.107302 5.095835 5.095835 5.549917 5.538216 3.045791 8.306543 8.306543 8.420799 8.282628 0.790784 3.140660 0.000000 0.000000 0.000000 
0.000000 4.532985 2.802639 3.028704 5.655610 4.794516 5.107302 4.905005 5.549917 3.306269 5.511276 5.669512 8.306545 8.420799 8.420799 0.813114 0.000000 0.000000 0.000000 0.000000 
0.000000 4.565754 3.011614 4.481522 2.673756 5.107309 5.107309 5.107179 4.904865 3.179141 4.596553 4.709927 0.000000 8.420893 0.000000 0.000000 0.000000 0.000000 0.000000 0.000000 
0.000000 4.565472 2.500067 2.617820 2.317649 2.673761 0.000000 5.107179 4.904865 4.758174 3.079476 8.363416 8.395227 0.000000 0.000000 0.000000 0.000000 0.000000 0.000000 0.000000 
0.000000 0.000000 8.083320 2.578029 4.481371 2.903405 2.466729 3.683889 4.483187 3.319848 4.356171 8.420613 0.000000 0.000000 0.000000 0.000000 0.000000 0.000000 0.000000 0.000000 
0.000000 0.000000 0.000000 0.000000 3.147436 2.852347 3.009408 3.009382 3.009382 3.194697 8.249791 8.420842 3.383286 0.000000 0.000000 0.000000 0.000000 0.000000 0.000000 0.000000 
0.000000 0.000000 0.000000 0.000000 2.997904 2.550786 2.697628 2.860573 8.306507 8.281279 2.827595 3.334793 0.000000 2.821239 0.000000 0.000000 0.000000 0.000000 0.000000 0.000000 
0.000000 0.000000 0.000000 3.262275 2.754132 8.420550 0.395548 3.456278 3.581821 2.889385 2.787020 0.000000 0.000000 0.000000 0.000000 0.000000 0.000000 0.000000 0.000000 0.000000 
0.000000 0.000000 1.451245 3.325915 3.407595 3.399499 0.000000 0.000000 0.000000 0.807074 0.000000 0.000000 0.000000 0.000000 0.000000 0.000000 0.000000 0.000000 0.000000 0.000000 
0.000000 0.000000 2.808555 2.868635 3.393977 0.000000 0.000000 0.000000 0.000000 0.000000 0.000000 0.000000 0.000000 0.000000 0.000000 0.000000 0.000000 0.000000 0.000000 0.000000 
0.000000 0.000000 0.000000 2.808555 2.868635 0.000000 0.000000 0.000000 0.000000 0.000000 0.000000 0.000000 0.000000 0.000000 0.000000 0.000000 0.000000 0.000000 0.000000 0.000000 
0.000000 0.000000 2.060281 0.000000 0.000000 0.000000 0.000000 0.000000 0.000000 0.000000 0.000000 0.000000 0.000000 0.000000 0.000000 0.000000 0.000000 0.000000 0.000000 0.000000 
