test/output/hourly/021_000001_240_ros.asc
ncols         16
nrows         18
xllcorner     566300.000000
yllcorner     5763300.000000
cellsize      100.000000
NODATA_value  0.000000
0.000000 0.000000 0.000000 0.000000 0.000000 0.000000 0.000000 8.535286 8.170968 0.000000 0.000000 0.000000 0.000000 0.000000 0.000000 0.000000 
0.000000 0.000000 0.000000 0.000000 0.000000 0.000000 0.000000 8.535286 0.000000 0.000000 0.000000 0.000000 0.000000 0.000000 0.000000 0.000000 
0.000000 0.000000 0.000000 0.000000 8.363478 8.363478 8.394794 8.420408 8.535657 0.000000 0.000000 0.000000 0.000000 0.000000 0.000000 0.000000 
0.000000 0.000000 0.000000 8.281288 8.306533 8.306533 8.363554 8.420671 8.363517 8.363517 0.000000 0.000000 0.000000 0.000000 0.000000 0.000000 
0.000000 0.000000 8.363463 5.931636 5.981761 8.306528 8.226633 8.363517 8.170968 8.306545 8.136186 7.968525 0.000000 0.000000 0.000000 0.000000 
0.000000 0.000000 8.363463 8.226679 5.981686 8.306528 8.306545 6.011682 6.108397 8.306545 8.249601 0.000000 8.080686 0.000000 0.000000 0.000000 
0.000000 8.363489 8.395114 8.226679 6.011682 6.023756 4.900304 8.306545 5.628399 8.363544 8.249601 8.224490 8.080415 0.000000 0.000000 0.000000 
4.536213 8.420609 8.420684 8.363554 5.589212 5.589212 5.577230 5.471378 0.000000 8.363576 8.363572 8.080686 8.249627 8.080415 0.000000 8.712132 
8.420590 6.065682 8.420650 5.577230 5.577230 5.589212 5.577230 5.577230 5.186552 5.589212 8.306545 8.080872 8.249627 0.000000 8.652725 8.711525 
5.598572 5.735631 6.065682 5.628325 5.668048 5.589212 5.537652 5.448092 5.616164 5.507612 5.702567 8.193296 8.420799 8.420799 8.420799 8.566675 
0.000000 8.420590 5.628295 5.186529 5.668048 5.107302 5.095835 5.095835 5.549917 5.538216 3.045791 8.306543 8.306543 8.420799 8.282628 0.000000 
0.000000 4.532985 2.802639 3.028704 5.655610 4.794516 5.107302 4.905005 5.549917 3.306269 5.511276 5.669512 8.306545 8.420799 8.420799 0.000000 
0.000000 4.565754 3.011614 4.481522 2.673756 5.107309 5.107309 5.107179 4.904865 3.179141 4.596553 4.709927 0.000000 8.420893 0.000000 0.000000 
0.000000 4.565472 2.500067 2.617820 2.317649 2.673761 -1.000000 5.107179 4.904865 4.758174 3.079476 8.363416 8.395227 0.000000 0.000000 0.000000 
0.000000 0.000000 8.083320 2.578029 4.481371 2.903405 2.466729 3.683889 4.483187 3.319848 4.356171 8.420613 0.000000 0.000000 0.000000 0.000000 
0.000000 0.000000 0.000000 0.000000 3.147436 2.852347 3.009408 3.009382 3.009382 3.194697 8.249791 8.420842 0.000000 0.000000 0.000000 0.000000 
0.000000 0.000000 0.000000 0.000000 2.997904 2.550786 2.697628 2.860573 8.306507 8.281279 0.000000 0.000000 0.000000 0.000000 0.000000 0.000000 
0.000000 0.000000 0.000000 0.000000 2.754132 8.420550 0.000000 0.000000 0.000000 0.000000 0.000000 0.000000 0.000000 0.000000 0.000000 0.000000 
