test/output/hourly/023_000001_239_intensity.asc
ncols         21
nrows         22
xllcorner     565900.000000
yllcorner     5763300.000000
cellsize      100.000000
NODATA_value  0.000000
0 0 0 0 0 0 0 4797 4788 0 0 0 0 0 0 0 0 0 0 0 0 
0 0 0 0 0 4788 4759 4797 0 0 0 0 0 0 0 0 0 0 0 0 0 
0 0 0 0 4826 4826 4788 4788 0 0 4562 0 0 0 0 0 0 0 0 0 0 
0 0 0 0 4747 4750 4759 5600 4675 4788 4106 4835 4826 0 0 0 0 0 0 0 0 
0 0 0 0 4492 4722 5588 5600 4750 4758 4795 4834 3695 0 0 0 0 0 0 0 0 
0 0 0 4835 2748 2898 4750 5556 4750 0 0 4758 0 0 0 0 0 0 0 0 0 
0 0 0 4826 4531 4722 4712 5556 5501 4750 4720 4749 4758 0 0 0 0 0 0 0 0 
0 0 4835 4826 4722 4712 4712 4666 5066 5055 5000 5095 5106 5552 0 0 0 0 0 0 0 
0 0 4492 2683 4712 4721 5060 5055 5066 3920 5021 5136 5147 5099 4695 4603 0 0 0 0 0 
0 4782 4826 2646 4192 5106 5095 5095 5106 5136 5147 5099 5217 5136 5066 5055 4601 0 0 0 0 
0 4797 4795 4721 4750 5106 5095 5095 4564 4574 4564 4191 4602 5176 5066 4391 5054 0 0 2801 0 
4354 3837 4797 4788 2898 2804 5095 4564 4574 4564 4564 4065 0 4637 4612 3901 5146 4750 2294 3429 0 
4611 4758 4758 4329 4121 2804 2614 4564 4564 4574 4564 4648 3495 4574 4531 3320 3032 4611 4909 5071 4528 
4611 4722 4758 3199 4291 2804 4610 4610 3925 4574 4564 4647 4637 4637 3179 2855 4719 2898 3986 5030 4750 
4712 4305 5445 3184 2976 2431 4610 4363 4647 3964 4544 4564 4083 4602 3719 2855 3601 4761 4796 4873 4758 
2910 3004 2976 3004 3199 2583 4647 3655 4637 3246 3321 3613 4574 4531 4537 4391 3771 4405 4761 2961 0 
0 3025 2910 0 0 5136 3655 4648 4648 3313 3321 3320 4637 4425 4113 4391 5099 2959 0 0 0 
0 0 0 0 0 5136 3350 4760 4637 1730 0 3320 3527 3850 4574 2804 2994 0 0 0 0 
0 0 0 0 0 2804 2338 3028 4637 2128 1496 1701 3586 4537 4883 2804 0 0 0 0 0 
0 0 0 0 0 0 0 0 2901 3034 3038 3038 2785 3311 3604 2778 4428 0 0 0 0 
0 0 0 0 0 0 0 0 2745 1588 2910 2369 2629 2629 2629 4687 0 0 0 0 0 
0 0 0 0 0 0 0 3191 3077 3077 3004 2983 2898 0 2994 0 0 0 0 0 0 
