test/output/hourly/023_000001_239_ros.asc
ncols         21
nrows         22
xllcorner     565900.000000
yllcorner     5763300.000000
cellsize      100.000000
NODATA_value  0.000000
0.000000 0.000000 0.000000 0.000000 0.000000 0.000000 0.000000 5.251587 5.241775 0.000000 0.000000 0.000000 0.000000 0.000000 0.000000 0.000000 0.000000 0.000000 0.000000 0.000000 0.000000 
0.000000 0.000000 0.000000 0.000000 0.000000 5.241856 5.210276 5.251630 0.000000 0.000000 0.000000 0.000000 0.000000 0.000000 0.000000 0.000000 0.000000 0.000000 0.000000 0.000000 0.000000 
0.000000 0.000000 0.000000 0.000000 5.278761 5.278720 5.241843 5.241827 0.000000 0.000000 4.994300 0.000000 0.000000 0.000000 0.000000 0.000000 0.000000 0.000000 0.000000 0.000000 0.000000 
0.000000 0.000000 0.000000 0.000000 5.192051 5.205457 5.215000 6.023756 5.123713 5.241797 4.495094 5.288904 5.278841 0.000000 0.000000 0.000000 0.000000 0.000000 0.000000 0.000000 0.000000 
0.000000 0.000000 0.000000 0.000000 4.913788 5.174801 6.011682 6.023756 5.205457 5.214740 5.245495 5.287966 4.049840 0.000000 0.000000 0.000000 0.000000 0.000000 0.000000 0.000000 0.000000 
0.000000 0.000000 0.000000 5.288904 4.184000 3.175773 5.205457 5.981640 5.205457 0.000000 0.000000 5.213997 0.000000 0.000000 0.000000 0.000000 0.000000 0.000000 0.000000 0.000000 0.000000 
0.000000 0.000000 0.000000 5.278839 4.965164 5.174563 5.168962 5.981650 5.927869 5.205256 5.177514 5.204567 5.209407 0.000000 0.000000 0.000000 0.000000 0.000000 0.000000 0.000000 0.000000 
0.000000 0.000000 5.288904 5.278782 5.174563 5.168920 5.168992 5.077017 5.511268 5.499833 5.435185 5.538200 5.549932 5.972115 0.000000 0.000000 0.000000 0.000000 0.000000 0.000000 0.000000 
0.000000 0.000000 4.913830 4.085980 5.168927 5.178225 5.499644 5.499808 5.511276 4.265129 5.462259 5.577230 5.589212 5.537652 5.103284 5.054183 0.000000 0.000000 0.000000 0.000000 0.000000 
0.000000 5.226107 5.278761 4.029865 4.597971 5.549940 5.538237 5.538278 5.550013 5.577230 5.589212 5.537652 5.655610 5.577230 5.511322 5.499861 5.061414 0.000000 0.000000 0.000000 0.000000 
0.000000 5.251615 5.245495 5.173776 5.205227 5.549913 5.538237 5.538278 5.024833 5.035817 5.024833 4.614738 5.057603 5.616164 5.511322 4.777114 5.499093 0.000000 0.000000 4.264508 0.000000 
4.766987 4.201090 5.251574 5.241808 3.175757 3.045790 5.538237 5.024833 5.035817 5.024833 5.024833 4.475616 0.000000 5.095767 5.003815 4.251838 5.588933 5.205197 3.493715 3.734253 0.000000 
5.053136 5.214740 5.214740 4.744529 4.471000 3.045786 2.841377 5.024833 5.024833 5.035817 5.024833 5.107274 3.841018 5.035817 4.988435 3.618761 3.292503 5.053136 5.355368 5.516591 4.926103 
5.053120 5.174542 5.214748 3.438486 4.655981 3.045780 5.071211 5.071252 4.395519 5.035817 5.024833 5.107179 5.095737 5.095737 3.500139 3.112605 5.143993 3.175772 4.360055 5.477278 5.171510 
5.168992 4.722094 5.852129 3.419737 3.199407 2.637722 5.071225 4.794514 5.107241 4.439525 4.993449 5.024613 4.550405 5.057524 4.109908 3.112546 3.924689 5.113214 5.246307 5.325448 5.214029 
3.191737 3.295656 3.199396 3.295656 3.438486 2.802702 5.107139 4.016945 5.095848 3.714992 3.800133 4.046803 5.035609 4.988259 5.000371 4.777246 4.095637 4.730355 5.113214 3.236316 0.000000 
0.000000 3.324017 3.191747 0.000000 0.000000 5.577230 4.016914 5.107294 5.107309 3.791564 3.800139 3.800042 5.095702 4.886148 4.541022 4.777246 5.537652 3.177896 0.000000 0.000000 0.000000 
0.000000 0.000000 0.000000 0.000000 0.000000 5.577230 3.671340 5.216359 5.095782 1.979869 0.000000 3.800042 5.027034 4.254783 5.035577 3.045791 3.220861 0.000000 0.000000 0.000000 0.000000 
0.000000 0.000000 0.000000 0.000000 0.000000 3.045791 2.538961 3.318085 5.095782 2.383574 1.712684 2.559657 5.110795 5.000371 5.312837 3.045774 0.000000 0.000000 0.000000 0.000000 0.000000 
0.000000 0.000000 0.000000 0.000000 0.000000 0.000000 0.000000 0.000000 3.147436 3.333805 3.348560 3.348666 3.069046 3.602777 3.921495 3.011641 4.835013 0.000000 0.000000 0.000000 0.000000 
0.000000 0.000000 0.000000 0.000000 0.000000 0.000000 0.000000 0.000000 4.180406 2.407750 3.191700 2.578047 2.860614 2.860572 2.860572 5.112738 0.000000 0.000000 0.000000 0.000000 0.000000 
0.000000 0.000000 0.000000 0.000000 0.000000 0.000000 0.000000 3.490508 3.365717 3.365685 3.295564 3.266372 3.175767 0.000000 3.281099 0.000000 0.000000 0.000000 0.000000 0.000000 0.000000 
