test/output/hourly/023_000001_239_arrival.asc
ncols         21
nrows         22
xllcorner     565900.000000
yllcorner     5763300.000000
cellsize      100.000000
NODATA_value  0.000000
0.000000 0.000000 0.000000 0.000000 0.000000 0.000000 0.000000 238.750000 238.750000 0.000000 0.000000 0.000000 0.000000 0.000000 0.000000 0.000000 0.000000 0.000000 0.000000 0.000000 0.000000 
0.000000 0.000000 0.000000 0.000000 0.000000 238.747572 238.737916 238.737916 0.000000 0.000000 0.000000 0.000000 0.000000 0.000000 0.000000 0.000000 0.000000 0.000000 0.000000 0.000000 0.000000 
0.000000 0.000000 0.000000 0.000000 238.750000 238.732986 238.732986 238.728055 0.000000 0.000000 238.747572 0.000000 0.000000 0.000000 0.000000 0.000000 0.000000 0.000000 0.000000 0.000000 0.000000 
0.000000 0.000000 0.000000 0.000000 238.742744 238.728055 238.713264 238.708333 238.713264 238.728055 238.737916 238.742744 238.742744 0.000000 0.000000 0.000000 0.000000 0.000000 0.000000 0.000000 0.000000 
0.000000 0.000000 0.000000 0.000000 238.742744 238.723125 238.702293 238.697840 238.713264 238.718194 238.732986 238.732986 238.737916 0.000000 0.000000 0.000000 0.000000 0.000000 0.000000 0.000000 0.000000 
0.000000 0.000000 0.000000 238.747572 238.742744 238.723125 238.713264 238.688933 238.713264 0.000000 0.000000 238.718194 0.000000 0.000000 0.000000 0.000000 0.000000 0.000000 0.000000 0.000000 0.000000 
0.000000 0.000000 0.000000 238.737916 238.728055 238.723125 238.713264 238.675573 238.671120 238.713264 238.713264 238.713264 238.713264 0.000000 0.000000 0.000000 0.000000 0.000000 0.000000 0.000000 0.000000 
0.000000 0.000000 238.750000 238.732986 238.718194 238.713264 238.713264 238.666667 238.663660 238.663660 238.663660 238.666667 238.666667 238.671120 0.000000 0.000000 0.000000 0.000000 0.000000 0.000000 0.000000 
0.000000 0.000000 238.747572 238.732986 238.713264 238.713264 238.658828 238.653995 238.649163 238.649163 238.653995 238.653995 238.649163 238.658828 238.663660 238.713264 0.000000 0.000000 0.000000 0.000000 0.000000 
0.000000 238.750000 238.747572 238.728055 238.713264 238.666667 238.653995 238.639498 238.634665 238.639498 238.639498 238.639498 238.639498 238.649163 238.653995 238.663660 238.713264 0.000000 0.000000 0.000000 0.000000 
0.000000 238.742744 238.732986 238.723125 238.713264 238.658828 238.639498 238.629833 238.624732 238.619558 238.619558 238.624732 238.624732 238.629833 238.644330 238.653995 238.666667 0.000000 0.000000 238.750000 0.000000 
238.747572 238.728055 238.723125 238.713264 238.713264 238.653995 238.639498 238.619558 238.614383 238.609208 238.609208 238.614383 0.000000 238.619558 238.634665 238.649163 238.666667 238.713264 238.732986 238.742744 0.000000 
238.747572 238.732986 238.713264 238.713264 238.666667 238.649163 238.634665 238.614383 238.593683 238.593683 238.593683 238.604033 238.604033 238.609208 238.624732 238.644330 238.663660 238.713264 238.723125 238.732986 238.747572 
238.747572 238.728055 238.713264 238.688933 238.666667 238.649163 238.625000 238.609208 238.583333 238.588508 238.588508 238.588508 238.588508 238.598858 238.624732 238.644330 238.658828 238.713264 238.713264 238.732986 238.742744 
238.750000 238.728055 238.706746 238.688933 238.671120 238.653995 238.625000 238.604033 238.588508 238.559647 238.588508 238.588508 238.571633 238.598858 238.624732 238.644330 238.658828 238.680027 238.713264 238.728055 238.747572 
238.750000 238.728055 238.706746 238.713264 238.671120 238.653995 238.625000 238.609208 238.588508 238.541667 238.541667 238.547660 238.588508 238.609208 238.625000 238.644330 238.663660 238.684480 238.702293 238.728055 0.000000 
0.000000 238.750000 238.742744 0.000000 0.000000 238.653995 238.624732 238.609208 238.588508 238.539500 238.532346 238.539500 238.588508 238.609208 238.624732 238.644330 238.666667 238.684480 0.000000 0.000000 0.000000 
0.000000 0.000000 0.000000 0.000000 0.000000 238.653995 238.624732 238.609208 238.588508 238.532346 238.510417 238.539500 238.588508 238.604033 238.625000 238.649163 238.671120 0.000000 0.000000 0.000000 0.000000 
0.000000 0.000000 0.000000 0.000000 0.000000 238.653995 238.634665 238.609208 238.588508 238.547660 238.541667 238.547660 238.588508 238.609208 238.629833 238.649163 0.000000 0.000000 0.000000 0.000000 0.000000 
0.000000 0.000000 0.000000 0.000000 0.000000 0.000000 0.000000 0.000000 238.644330 238.588508 238.588508 238.588508 238.598858 238.639498 238.644330 238.663660 238.713264 0.000000 0.000000 0.000000 0.000000 
0.000000 0.000000 0.000000 0.000000 0.000000 0.000000 0.000000 0.000000 238.713264 238.671120 238.713264 238.666667 238.663660 238.666667 238.666667 238.713264 0.000000 0.000000 0.000000 0.000000 0.000000 
0.000000 0.000000 0.000000 0.000000 0.000000 0.000000 0.000000 238.732986 238.713264 238.713264 238.713264 238.713264 238.713264 0.000000 238.713264 0.000000 0.000000 0.000000 0.000000 0.000000 0.000000 
