test/output/hourly/023_000001_239_source.asc
ncols         21
nrows         22
xllcorner     565900.000000
yllcorner     5763300.000000
cellsize      100.000000
NODATA_value  255.000000
255 255 255 255 255 255 255 4 16 255 255 255 255 255 255 255 255 255 255 255 255 
255 255 255 255 255 134 132 20 255 255 255 255 255 255 255 255 255 255 255 255 255 
255 255 255 255 134 132 150 148 255 255 16 255 255 255 255 255 255 255 255 255 255 
255 255 255 255 130 134 132 4 21 17 16 128 4 255 255 255 255 255 255 255 255 
255 255 255 255 130 130 128 4 93 16 128 4 17 255 255 255 255 255 255 255 255 
255 255 255 132 134 32 174 132 149 255 255 148 255 255 255 255 255 255 255 255 255 
255 255 255 132 128 134 134 132 132 215 151 151 149 255 255 255 255 255 255 255 255 
255 255 134 134 132 134 191 134 150 151 149 151 149 149 255 255 255 255 255 255 255 
255 255 130 138 134 191 132 134 132 148 151 151 20 149 21 149 255 255 255 255 255 
255 134 134 130 166 134 134 132 132 151 149 148 20 149 21 21 21 255 255 255 255 
255 134 134 134 134 134 134 134 132 132 20 20 16 4 21 21 21 255 255 20 255 
130 128 134 134 191 166 166 134 134 148 20 148 255 20 21 21 85 21 21 21 255 
130 134 134 151 130 162 166 134 132 148 20 150 21 21 21 21 85 21 21 21 17 
130 130 134 162 130 162 2 134 128 151 21 134 21 21 21 93 81 215 21 21 17 
130 162 34 162 174 174 0 130 134 132 151 151 16 1 17 89 65 65 21 21 17 
34 2 32 75 170 174 2 134 134 132 148 21 21 21 5 81 81 65 65 1 255 
255 2 8 255 255 174 130 134 134 134 4 21 21 21 17 81 89 80 255 255 255 
255 255 255 255 255 174 2 134 134 34 0 73 21 17 1 89 89 255 255 255 255 
255 255 255 255 255 42 42 2 2 42 104 73 1 1 73 65 255 255 255 255 255 
255 255 255 255 255 255 255 255 106 0 3 0 1 73 73 73 17 255 255 255 255 
255 255 255 255 255 255 255 255 142 104 183 42 104 105 73 25 255 255 255 255 255 
255 255 255 255 255 255 255 2 2 3 11 75 105 255 96 255 255 255 255 255 255 
