test/output/hourly/026_000001_245_arrival.asc
ncols         25
nrows         23
xllcorner     566400.000000
yllcorner     5763700.000000
cellsize      100.000000
NODATA_value  0.000000
0.000000 0.000000 0.000000 0.000000 0.000000 0.000000 0.000000 239.864341 239.841085 239.841085 0.000000 0.000000 0.000000 0.000000 0.000000 0.000000 0.000000 0.000000 0.000000 0.000000 0.000000 0.000000 0.000000 0.000000 0.000000 
0.000000 0.000000 0.000000 0.000000 0.000000 0.000000 240.484394 239.848837 239.734728 239.731429 0.000000 239.724830 239.724830 0.000000 239.841085 239.841085 0.000000 0.000000 0.000000 0.000000 0.000000 0.000000 0.000000 0.000000 0.000000 
0.000000 0.000000 0.000000 0.000000 0.000000 0.000000 240.471364 239.856589 239.718231 239.718231 239.714932 239.714932 239.714932 239.718231 239.728129 0.000000 0.000000 0.000000 0.000000 0.000000 0.000000 0.000000 0.000000 0.000000 0.000000 
0.000000 0.000000 0.000000 0.000000 0.000000 0.000000 240.471364 239.841085 239.707992 239.702482 239.705237 239.705237 239.705237 239.714932 239.721531 239.734728 239.741327 0.000000 0.000000 0.000000 0.000000 0.000000 0.000000 0.000000 0.000000 
0.000000 0.000000 0.000000 0.000000 0.000000 0.000000 240.458333 239.841085 239.696972 239.694217 239.694217 239.696972 239.702482 239.708333 239.721531 239.734728 0.000000 0.000000 0.000000 0.000000 0.000000 0.000000 0.000000 0.000000 0.000000 
0.000000 0.000000 240.500000 240.497425 239.856589 239.841085 0.000000 239.841085 239.683197 239.685952 239.685952 239.691462 239.699727 239.708333 239.721531 239.738028 239.841085 0.000000 0.000000 0.000000 0.000000 0.000000 0.000000 0.000000 0.000000 
0.000000 0.000000 240.471364 0.000000 239.841085 239.705237 239.841085 239.677687 239.674932 239.677687 239.680442 239.688707 239.841085 0.000000 0.000000 0.000000 239.872093 0.000000 0.000000 0.000000 0.000000 0.000000 0.000000 0.000000 0.000000 
0.000000 240.497425 239.875000 239.841085 239.841085 239.691462 239.674932 239.666667 239.665710 239.666667 239.680442 239.691462 0.000000 0.000000 0.000000 0.000000 0.000000 0.000000 0.000000 0.000000 0.000000 0.000000 0.000000 0.000000 0.000000 
0.000000 240.438432 239.856589 239.724830 239.705237 239.683197 239.662827 239.654180 239.657062 239.666667 239.680442 239.694217 0.000000 0.000000 0.000000 0.000000 0.000000 0.000000 0.000000 0.000000 0.000000 0.000000 0.000000 0.000000 0.000000 
0.000000 240.407913 239.750000 239.711633 239.705237 239.665710 239.645532 239.648415 0.000000 239.841085 239.694217 239.707992 239.841085 0.000000 0.000000 0.000000 0.000000 0.000000 0.000000 0.000000 0.000000 0.000000 0.000000 0.000000 0.000000 
0.000000 0.000000 239.734728 239.696972 239.841085 239.654180 239.633825 0.000000 0.000000 239.841085 239.841085 240.471364 0.000000 0.000000 0.000000 0.000000 0.000000 0.000000 0.000000 239.841085 239.707992 0.000000 0.000000 0.000000 0.000000 
0.000000 240.407913 239.721531 239.688707 239.662827 239.639708 239.621588 239.608837 239.627942 239.627942 0.000000 0.000000 0.000000 0.000000 0.000000 0.000000 0.000000 0.000000 0.000000 239.699727 239.707992 0.000000 0.000000 0.000000 0.000000 
0.000000 239.875000 239.707992 239.677687 239.648415 239.624776 239.605649 239.596085 239.592897 0.000000 0.000000 0.000000 0.000000 0.000000 0.000000 0.000000 0.000000 0.000000 239.688707 239.696972 239.705237 0.000000 0.000000 0.000000 240.484394 
240.684688 240.416667 239.699727 239.666667 239.636766 239.602461 239.589709 239.581836 239.581836 239.581836 239.581836 0.000000 0.000000 0.000000 0.000000 0.000000 239.672177 239.677687 239.688707 239.696972 0.000000 0.000000 239.848837 239.875000 240.471364 
0.000000 240.471364 239.696972 239.662827 239.612025 239.581836 239.574532 239.563577 239.567229 239.567229 239.574532 239.581836 0.000000 0.000000 0.000000 239.662827 239.666667 239.677687 239.688707 0.000000 0.000000 239.738028 239.848837 239.875000 240.471364 
0.000000 240.672674 239.696972 239.659945 239.589709 239.563577 239.556274 239.552622 239.552622 239.559925 239.570881 239.578184 0.000000 0.000000 239.654180 239.657062 239.662827 239.677687 239.688707 239.702482 239.721531 239.738028 239.848837 239.875000 240.471364 
0.000000 0.000000 239.699727 239.662827 239.567229 239.545318 239.541667 0.000000 239.541667 239.556274 239.567229 239.581836 239.596085 0.000000 239.645532 239.657062 239.666667 239.680442 239.694217 239.708333 239.731429 239.747926 239.864341 240.471364 240.631626 
0.000000 240.702709 240.696702 239.680442 239.548970 239.534312 239.530064 239.530064 239.541667 239.556274 239.570881 239.583333 0.000000 239.633825 239.645532 239.657062 239.672177 239.691462 239.707992 239.724830 239.744626 239.856589 0.000000 240.497425 240.651505 
0.000000 0.000000 0.000000 239.578184 239.534312 239.517321 239.517321 239.525816 239.538560 239.556274 239.574532 239.596085 239.615213 239.636766 239.654180 239.672177 239.688707 239.841085 239.856589 239.864341 239.875000 240.438432 0.000000 0.000000 0.000000 
0.000000 0.000000 0.000000 239.578184 239.517321 239.504398 239.508706 239.525816 239.548970 239.570881 239.589709 239.612025 239.636766 239.657062 239.674932 239.691462 0.000000 0.000000 0.000000 240.500000 0.000000 0.000000 0.000000 0.000000 0.000000 
0.000000 0.000000 0.000000 0.000000 239.552622 238.780941 239.521569 239.548970 239.570881 239.596085 239.651297 239.657062 239.669422 239.685952 239.699727 0.000000 0.000000 0.000000 0.000000 0.000000 0.000000 0.000000 0.000000 0.000000 0.000000 
0.000000 0.000000 0.000000 0.000000 0.000000 238.768600 239.581836 0.000000 0.000000 239.694217 239.691462 239.841085 239.699727 0.000000 0.000000 0.000000 0.000000 0.000000 0.000000 0.000000 0.000000 0.000000 0.000000 0.000000 0.000000 
0.000000 0.000000 0.000000 0.000000 0.000000 238.510417 0.000000 0.000000 0.000000 240.484394 239.872093 239.875000 0.000000 0.000000 0.000000 0.000000 0.000000 0.000000 0.000000 0.000000 0.000000 0.000000 0.000000 0.000000 0.000000 
