test/output/hourly/038_000001_245_ros.asc
ncols         30
nrows         13
xllcorner     566900.000000
yllcorner     5763700.000000
cellsize      100.000000
NODATA_value  0.000000
0.000000 0.000000 0.000000 0.000000 0.000000 0.000000 0.000000 0.000000 0.000000 0.000000 0.000000 0.000000 0.000000 0.000000 0.103972 7.970131 0.000000 0.000000 0.000000 0.000000 0.000000 0.000000 0.000000 0.000000 0.000000 0.000000 0.000000 0.000000 0.000000 0.000000 
0.000000 0.000000 0.000000 0.098143 0.098143 0.000000 0.000000 0.000000 0.000000 0.000000 0.000000 0.000000 0.000000 0.000000 7.645495 7.861052 0.000000 0.000000 0.000000 0.000000 0.000000 0.000000 0.000000 0.000000 0.000000 0.000000 0.000000 0.000000 0.000000 0.000000 
0.000000 0.000000 6.486924 9.089878 0.000000 0.000000 0.000000 0.000000 0.000000 0.000000 0.000000 0.000000 0.000000 7.752944 7.753109 7.580406 0.000000 0.000000 0.000000 0.000000 0.000000 0.000000 0.000000 0.758794 2.251705 2.216498 2.216498 0.000000 0.000000 0.000000 
0.000000 0.000000 3.074016 9.295199 9.295199 9.105554 0.000000 0.000000 0.000000 0.000000 0.000000 9.295007 7.752944 7.752944 7.753109 0.000000 0.000000 2.254507 2.369512 2.940711 0.000000 0.000000 0.000000 1.174535 3.173476 3.121426 2.235360 0.000000 0.000000 0.000000 
0.000000 0.000000 0.000000 9.066207 8.943419 8.916179 8.821303 0.000000 0.000000 0.000000 9.617131 9.089079 9.232371 7.699573 0.000000 0.000000 6.129935 4.306266 2.435156 2.318106 1.417755 4.162446 4.132987 4.132987 3.173449 3.163722 2.235360 2.248477 2.284488 2.284461 
0.000000 0.000000 0.000000 9.066207 8.943419 8.943419 8.479890 0.000000 0.000000 7.737839 9.747543 9.717833 9.232131 7.861020 7.782996 6.438988 3.999631 3.854182 3.079021 3.192524 3.130822 0.221378 4.162446 4.132987 0.000000 3.150459 3.219381 3.209523 3.265721 2.284475 
0.000000 0.000000 0.000000 9.066211 9.066207 8.480036 9.004501 9.004501 7.633791 9.747699 4.313546 5.879580 7.861020 7.068131 7.806303 4.372530 6.439686 3.032546 3.189972 3.406633 3.686148 0.405626 1.560700 3.378622 3.110847 1.222295 4.978306 3.242503 3.242503 2.284490 
0.000000 6.630147 9.127997 9.066212 9.038616 8.821506 9.004501 9.004501 9.747448 9.878966 9.915617 9.487798 7.915579 8.024736 6.396437 4.065256 0.000000 0.000000 3.358429 3.744619 3.712987 0.408675 1.663829 4.221887 4.251854 4.942981 4.978350 3.242522 3.242522 1.163522 
0.000000 9.040824 9.190155 9.066212 8.919651 8.943423 9.190065 9.190065 9.591836 6.043540 8.119954 9.552184 0.112796 0.096164 3.480683 3.392782 3.430240 0.000000 0.000000 0.000000 4.127210 0.414833 1.367339 4.221866 4.251839 5.084437 5.013556 2.331156 3.242522 2.248488 
0.000000 6.537634 6.252386 7.298380 8.943610 9.066209 9.004736 9.162130 0.000000 0.000000 0.000000 0.000000 0.000000 0.107828 0.099234 0.393294 0.402628 0.000000 0.000000 0.000000 0.421069 0.420014 1.470843 4.073794 3.172137 5.084419 1.519173 1.522885 1.161458 0.000000 
0.000000 6.447890 6.271507 6.271507 8.916352 6.530726 0.000000 0.000000 0.000000 0.000000 0.000000 0.000000 0.000000 0.000000 0.000000 0.990883 0.677385 0.000000 0.000000 0.705759 0.000000 0.697912 0.853845 4.073794 4.073794 3.209441 1.291627 0.000000 0.000000 0.000000 
6.315347 6.315129 6.271504 0.000000 0.000000 0.000000 0.000000 0.000000 0.000000 0.000000 0.000000 0.000000 0.000000 0.000000 0.000000 0.000000 0.000000 0.000000 0.000000 1.737279 1.603998 1.713260 1.713260 4.161822 1.519151 0.000000 0.000000 0.000000 0.000000 0.000000 
0.000000 0.000000 0.000000 0.000000 0.000000 0.000000 0.000000 0.000000 0.000000 0.000000 0.000000 0.000000 0.000000 0.000000 0.000000 0.000000 0.000000 0.000000 0.000000 0.000000 0.000000 0.000000 0.000000 0.000000 0.000000 0.000000 0.000000 0.000000 0.000000 0.000000 
