test/output/hourly/039_000001_245_arrival.asc
ncols         38
nrows         31
xllcorner     565900.000000
yllcorner     5763100.000000
cellsize      100.000000
NODATA_value  0.000000
0.000000 0.000000 0.000000 0.000000 0.000000 0.000000 0.000000 0.000000 240.814379 0.000000 0.000000 0.000000 240.803023 0.000000 0.000000 0.000000 0.000000 0.000000 0.000000 0.000000 0.000000 0.000000 0.000000 0.000000 0.000000 0.000000 0.000000 0.000000 0.000000 0.000000 0.000000 0.000000 0.000000 0.000000 0.000000 0.000000 0.000000 0.000000 
0.000000 0.000000 0.000000 0.000000 0.000000 0.000000 0.000000 0.000000 240.758384 240.722361 0.000000 240.715347 240.743403 240.715347 240.658131 240.664757 0.000000 0.000000 0.000000 0.000000 0.000000 0.000000 0.000000 0.000000 0.000000 0.000000 0.000000 0.000000 0.000000 0.000000 0.000000 0.000000 0.000000 0.000000 0.000000 0.000000 0.000000 0.000000 
0.000000 0.000000 0.000000 0.000000 0.000000 0.000000 0.000000 240.783535 240.743403 240.690695 240.651505 240.598294 240.541627 240.458333 240.407913 0.000000 0.000000 0.000000 0.000000 0.000000 0.000000 0.000000 0.000000 0.000000 0.000000 0.000000 0.000000 0.000000 0.000000 0.000000 0.000000 0.000000 0.000000 0.000000 0.000000 0.000000 0.000000 0.000000 
0.000000 0.000000 0.000000 0.000000 0.000000 240.825735 0.000000 0.000000 240.722361 240.715347 240.631626 240.590814 240.458333 239.786551 239.786551 0.000000 239.778448 239.778448 0.000000 0.000000 240.590814 0.000000 0.000000 0.000000 0.000000 0.000000 0.000000 0.000000 0.000000 0.000000 0.000000 0.000000 0.000000 0.000000 0.000000 0.000000 0.000000 0.000000 
0.000000 0.000000 0.000000 0.000000 240.791667 240.766768 240.758384 240.750000 240.708333 240.664757 240.620736 240.567907 240.510577 239.770344 239.770344 239.766292 239.766292 239.766292 239.774396 239.782499 0.000000 0.000000 0.000000 0.000000 0.000000 0.000000 0.000000 0.000000 0.000000 0.000000 0.000000 0.000000 0.000000 0.000000 0.000000 0.000000 0.000000 0.000000 
0.000000 0.000000 240.833333 240.783535 240.758384 240.729375 240.702709 240.702709 240.702709 240.664757 240.620736 240.590814 240.520927 239.758189 239.707992 239.708333 239.708333 239.754137 239.766292 239.774396 239.786551 240.407913 0.000000 0.000000 0.000000 0.000000 0.000000 0.000000 0.000000 0.000000 0.000000 0.000000 0.000000 0.000000 0.000000 0.000000 0.000000 0.000000 
0.000000 0.000000 240.791667 240.750000 240.715347 240.715347 240.651505 240.638252 240.638252 0.000000 240.625000 240.576654 239.708333 239.702482 239.699727 239.699727 239.702482 239.707992 239.762240 239.774396 239.786551 0.000000 0.000000 0.000000 0.000000 0.000000 0.000000 0.000000 0.000000 0.000000 0.000000 0.000000 0.000000 0.000000 0.000000 0.000000 0.000000 0.000000 
0.000000 0.000000 240.758384 240.722361 240.678681 240.644879 240.598294 240.559160 240.590814 240.590814 240.590814 0.000000 239.694217 239.688707 239.691462 239.691462 239.696972 239.705237 239.762240 239.774396 239.790603 240.458333 0.000000 0.000000 0.000000 0.000000 0.000000 0.000000 0.000000 0.000000 0.000000 0.000000 0.000000 0.000000 0.000000 0.000000 0.000000 0.000000 
0.000000 0.000000 240.736389 240.696702 240.658131 240.613256 240.541627 240.458333 240.590814 240.590814 239.705237 239.694217 239.683197 239.680442 239.683197 239.685952 239.694217 0.000000 0.000000 0.000000 0.000000 240.531277 0.000000 0.000000 0.000000 0.000000 0.000000 0.000000 0.000000 0.000000 0.000000 0.000000 0.000000 0.000000 0.000000 0.000000 0.000000 0.000000 
240.814379 0.000000 240.722361 240.715347 240.644879 240.590814 240.531277 239.790603 0.000000 239.705237 239.691462 239.680442 239.674932 239.669422 239.674932 239.685952 239.694217 0.000000 0.000000 0.000000 0.000000 0.000000 0.000000 0.000000 0.000000 0.000000 0.000000 0.000000 0.000000 0.000000 0.000000 0.000000 0.000000 0.000000 0.000000 0.000000 0.000000 0.000000 
240.803023 240.750000 240.715347 240.672674 240.631626 240.590814 240.510577 239.766292 239.699727 239.694217 239.677687 239.666667 239.662472 239.662472 239.674932 239.685952 239.699727 0.000000 0.000000 0.000000 0.000000 0.000000 0.000000 0.000000 0.000000 0.000000 0.000000 0.000000 0.000000 0.000000 0.000000 240.814379 240.814379 0.000000 0.000000 0.000000 0.000000 0.000000 
240.791667 240.750000 240.715347 240.672674 240.631626 240.590814 240.510577 239.705237 239.688707 239.688707 239.672177 239.653825 239.653825 0.000000 0.000000 239.696972 239.708333 0.000000 0.000000 0.000000 0.000000 0.000000 0.000000 0.000000 0.000000 0.000000 0.000000 0.000000 0.000000 0.000000 240.750000 240.750000 240.775152 0.000000 0.000000 0.000000 0.000000 0.000000 
240.791667 240.743403 240.708333 240.664757 240.625000 240.576654 240.531277 239.691462 239.674932 240.590814 240.590814 239.642295 0.000000 0.000000 240.590814 240.590814 240.541667 0.000000 0.000000 0.000000 0.000000 0.000000 0.000000 0.000000 0.000000 239.691462 0.000000 0.000000 0.000000 0.000000 240.715347 240.690695 0.000000 0.000000 0.000000 0.000000 0.000000 0.000000 
240.783535 240.750000 240.715347 240.664757 240.625000 240.598294 240.541667 239.680442 239.662472 239.650942 239.639412 239.630765 239.582550 240.590814 240.590814 0.000000 0.000000 0.000000 0.000000 0.000000 0.000000 0.000000 0.000000 0.000000 239.683197 239.691462 0.000000 0.000000 0.000000 240.620736 240.620736 240.658131 240.736389 240.803023 240.825735 0.000000 0.000000 0.000000 
240.783535 240.750000 240.715347 240.715347 240.644879 240.598294 240.567907 239.669422 239.648060 239.636530 239.583333 239.575247 239.571595 239.567918 0.000000 0.000000 0.000000 0.000000 0.000000 0.000000 0.000000 0.000000 0.000000 239.672177 239.680442 239.688707 0.000000 0.000000 0.000000 240.541627 0.000000 0.000000 240.758384 240.750000 240.766768 240.783535 240.825735 0.000000 
240.791667 240.758384 240.729375 240.715347 240.658131 240.613256 240.590814 239.653825 239.633647 239.578899 239.564190 239.560462 239.553006 239.556734 239.564190 239.564190 0.000000 0.000000 0.000000 0.000000 0.000000 239.653825 239.659590 239.669422 239.680442 0.000000 0.000000 0.000000 0.000000 240.438432 0.000000 0.000000 240.644879 240.715347 240.722361 240.750000 240.803023 0.000000 
240.803023 240.766768 240.743403 240.715347 240.664757 240.638252 240.620736 239.648060 239.571595 239.556734 239.549226 239.541667 239.541667 239.549226 239.553006 239.556734 239.564190 0.000000 0.000000 0.000000 239.642295 239.648060 239.659590 239.669422 0.000000 0.000000 0.000000 239.774396 239.790603 240.438432 240.541627 240.590814 240.625000 240.666667 240.696702 240.743403 240.783535 240.825735 
240.825735 240.791667 240.750000 240.715347 240.715347 240.658131 240.644879 239.642295 239.553006 239.538767 239.530152 239.530152 239.530152 239.534459 239.541667 239.549226 239.553006 0.000000 0.000000 239.633647 239.636530 239.645177 239.659590 239.672177 239.683197 239.699727 239.758189 239.778448 239.791667 240.510577 240.541667 240.590814 240.625000 240.664757 240.715347 240.743403 240.775152 240.825735 
0.000000 240.791667 240.766768 240.722361 240.684688 240.672674 240.664757 239.636530 239.534459 239.517230 239.512922 239.517230 0.000000 239.521537 239.534459 239.541667 239.553006 239.560462 0.000000 239.583333 239.636530 239.648060 239.662472 239.674932 239.688707 239.702482 239.762240 239.786551 240.416667 240.531277 240.590814 240.598294 240.625000 240.664757 240.715347 240.743403 240.775152 240.825735 
0.000000 240.825735 240.766768 240.736389 240.715347 240.684688 240.672674 239.549226 239.512922 239.504307 238.875000 239.504307 239.508615 239.517230 239.525845 239.538767 239.545446 0.000000 239.571595 239.583333 239.636530 239.650942 239.665355 239.680442 239.694217 239.708333 240.510577 240.510577 240.520927 240.541667 240.590814 240.613256 240.625000 240.664757 240.715347 240.743403 240.775152 240.814379 
0.000000 240.814379 240.775152 240.743403 240.715347 240.702709 240.690695 239.521537 238.875000 238.865468 238.865468 238.865468 238.875000 239.504307 239.521537 239.530152 239.545446 239.556734 239.571595 239.630765 239.642295 239.659590 0.000000 239.691462 239.707992 240.541627 240.541627 240.541667 240.541667 240.590814 240.590814 240.625000 240.638252 240.666667 240.715347 240.743403 240.783535 240.814379 
0.000000 240.825735 240.791667 240.758384 240.743403 240.722361 240.715347 238.875000 238.854757 238.620728 238.625000 238.625000 238.854757 239.504307 239.517230 239.530152 239.545446 239.556734 239.575247 239.636530 239.650942 0.000000 0.000000 240.541667 240.541667 240.590814 240.590814 240.590814 240.715347 240.613256 240.605775 240.625000 240.658131 240.672674 240.715347 240.736389 240.775152 240.814379 
0.000000 0.000000 240.814379 240.783535 240.766768 240.750000 240.736389 238.875000 238.844045 238.610300 238.610300 238.615514 238.844045 238.875000 239.512922 239.530152 239.545446 239.564190 239.630765 239.645177 0.000000 0.000000 0.000000 0.000000 0.000000 240.590814 240.605775 240.613256 240.715347 240.631626 240.631626 240.638252 240.664757 240.715347 240.696702 240.736389 240.766768 240.814379 
0.000000 0.000000 240.833333 0.000000 0.000000 240.766768 240.750000 238.875000 238.625000 238.604975 238.599650 238.604975 238.625000 238.875000 239.517230 239.534459 0.000000 240.510577 0.000000 0.000000 0.000000 0.000000 0.000000 0.000000 0.000000 240.631626 0.000000 240.631626 240.715347 240.644879 240.651505 240.658131 240.666667 240.715347 240.722361 0.000000 0.000000 0.000000 
0.000000 0.000000 0.000000 0.000000 0.000000 240.791667 240.775152 240.783535 239.504307 238.599650 238.510417 238.875000 239.504307 239.508615 240.550414 240.520927 240.531277 0.000000 0.000000 0.000000 0.000000 0.000000 0.000000 0.000000 0.000000 0.000000 0.000000 240.736389 240.715347 240.666667 240.666667 240.715347 240.715347 240.715347 240.743403 0.000000 0.000000 0.000000 
0.000000 0.000000 0.000000 0.000000 0.000000 240.825735 240.803023 240.814379 240.814379 240.775152 240.736389 240.715347 240.644879 240.605775 240.590814 240.590814 240.590814 0.000000 0.000000 0.000000 0.000000 0.000000 0.000000 0.000000 0.000000 240.803023 240.758384 240.750000 240.715347 240.715347 240.715347 240.715347 240.722361 240.722361 240.750000 0.000000 0.000000 0.000000 
0.000000 0.000000 0.000000 0.000000 0.000000 0.000000 0.000000 0.000000 240.825735 240.766768 240.743403 240.715347 240.658131 240.620736 240.605775 240.605775 240.605775 0.000000 0.000000 0.000000 0.000000 0.000000 0.000000 0.000000 0.000000 240.814379 240.783535 0.000000 240.729375 240.729375 240.729375 240.736389 240.750000 240.750000 240.750000 0.000000 0.000000 0.000000 
0.000000 0.000000 0.000000 0.000000 0.000000 0.000000 0.000000 0.000000 240.833333 240.783535 240.743403 240.715347 240.664757 240.638252 240.625000 240.625000 0.000000 240.644879 0.000000 0.000000 0.000000 0.000000 0.000000 0.000000 0.000000 240.833333 240.814379 240.766768 240.750000 240.750000 240.750000 240.766768 240.775152 240.775152 0.000000 240.803023 240.833333 0.000000 
0.000000 0.000000 0.000000 0.000000 0.000000 0.000000 0.000000 0.000000 0.000000 240.803023 240.758384 240.715347 240.715347 240.658131 240.651505 240.651505 0.000000 240.715347 0.000000 0.000000 0.000000 0.000000 0.000000 0.000000 0.000000 0.000000 240.825735 0.000000 240.775152 240.766768 240.775152 240.783535 240.791667 0.000000 240.803023 240.833333 0.000000 0.000000 
0.000000 0.000000 0.000000 0.000000 0.000000 0.000000 0.000000 0.000000 0.000000 240.803023 0.000000 0.000000 0.000000 240.715347 240.666667 0.000000 0.000000 0.000000 0.000000 0.000000 0.000000 0.000000 0.000000 0.000000 0.000000 0.000000 0.000000 0.000000 240.803023 240.791667 240.791667 240.825735 240.833333 240.833333 240.833333 0.000000 0.000000 0.000000 
0.000000 0.000000 0.000000 0.000000 0.000000 0.000000 0.000000 0.000000 0.000000 0.000000 0.000000 0.000000 0.000000 0.000000 0.000000 240.736389 0.000000 0.000000 0.000000 0.000000 0.000000 0.000000 0.000000 0.000000 0.000000 0.000000 0.000000 240.833333 240.814379 240.825735 240.833333 240.833333 0.000000 0.000000 0.000000 0.000000 0.000000 0.000000 
