test/output/hourly/039_000001_241_intensity.asc
ncols         38
nrows         31
xllcorner     565900.000000
yllcorner     5763100.000000
cellsize      100.000000
NODATA_value  0.000000
0 0 0 0 0 0 0 0 956 0 0 0 1000 0 0 0 0 0 0 0 0 0 0 0 0 0 0 0 0 0 0 0 0 0 0 0 0 0 
0 0 0 0 0 0 0 0 1219 1290 0 1656 192 30 19 278 0 0 0 0 0 0 0 0 0 0 0 0 0 0 0 0 0 0 0 0 0 0 
0 0 0 0 0 0 0 1450 1246 1490 1110 901 723 955 606 0 0 0 0 0 0 0 0 0 0 0 0 0 0 0 0 0 0 0 0 0 0 0 
0 0 0 0 0 887 0 0 1238 3064 1384 1050 465 4738 6025 0 6120 6120 0 0 1178 0 0 0 0 0 0 0 0 0 0 0 0 0 0 0 0 0 
0 0 0 0 1122 1122 1211 1518 1499 1165 2367 2176 2014 4738 6025 6120 6072 6167 6167 6120 0 0 0 0 0 0 0 0 0 0 0 0 0 0 0 0 0 0 
0 0 1000 1397 1219 1406 1351 1417 3326 2576 2489 1064 2040 6119 9096 3864 9308 5721 6167 6120 6120 625 0 0 0 0 0 0 0 0 0 0 0 0 0 0 0 0 
0 0 1211 1406 1406 1308 1173 229 1545 0 2813 2261 3113 9377 9377 9239 9102 9516 6215 6215 6167 0 0 0 0 0 0 0 0 0 0 0 0 0 0 0 0 0 
0 0 1409 1548 1417 1261 1064 774 2703 913 24 0 7032 9024 9377 9377 9035 9377 6312 5192 5471 624 0 0 0 0 0 0 0 0 0 0 0 0 0 0 0 0 
0 0 1548 1539 1270 942 733 958 2944 24 8050 547 3859 9516 9366 9377 9035 0 0 0 0 299 0 0 0 0 0 0 0 0 0 0 0 0 0 0 0 0 
962 0 1212 3017 3133 2459 1903 6312 0 4844 3859 9516 3859 9434 9516 9230 9035 0 0 0 0 0 0 0 0 0 0 0 0 0 0 0 0 0 0 0 0 0 
1016 1406 2151 1447 2005 2664 728 5847 6540 9656 6479 9059 9125 9125 3859 9377 3161 0 0 0 0 0 0 0 0 0 0 0 0 0 0 1122 1016 0 0 0 0 0 
2108 2483 2994 1549 2937 2813 1790 8050 9626 9656 3859 9328 9125 0 0 3863 6202 0 0 0 0 0 0 0 0 0 0 0 0 0 1238 1299 1445 0 0 0 0 0 
2184 2042 1519 1295 606 2299 1917 7069 9434 2747 2896 6740 0 0 2961 3141 2339 0 0 0 0 0 0 0 0 9307 0 0 0 0 1196 1332 0 0 0 0 0 0 
1784 2994 2994 2520 1418 1671 2023 5940 6628 9193 9192 9260 7306 1312 1281 0 0 0 0 0 0 0 0 0 9170 9377 0 0 0 1190 1252 1557 3109 887 1114 0 0 0 
1858 2937 2937 1398 3180 1969 2334 4824 8992 9059 7142 7024 7142 7142 0 0 0 0 0 0 0 0 0 9307 9308 9163 0 0 0 913 0 0 1509 1398 1439 1711 1338 0 
2151 2184 2784 783 3180 1969 2788 3899 8992 7088 7142 7142 7142 7142 6651 6766 0 0 0 0 0 8858 8859 5313 9308 0 0 0 0 941 0 0 261 1380 1744 2516 1146 0 
1205 2323 2381 1798 3204 3378 2788 3899 6971 7088 7142 6063 6081 7142 7033 6766 6873 0 0 0 9193 8766 8793 9239 0 0 0 5883 5763 463 1990 1246 1322 1253 1645 2630 2218 1743 
1766 2308 2959 1754 3003 3378 3204 3903 6971 6034 5935 6034 6034 6034 5941 7033 6761 0 0 9675 9260 8892 8925 9446 4299 9486 5805 5883 5975 1990 2040 2896 2896 3351 3141 3134 2433 1823 
0 1573 2399 2397 3565 3746 3204 3903 5935 4711 5793 6034 0 6034 6016 5802 7033 7033 0 7475 9260 5437 8925 9417 9230 6509 6215 5876 594 2055 2813 2896 2896 3351 3141 3219 2091 1838 
0 950 2195 2981 2981 3326 3645 4726 6081 6034 2064 6034 6034 6034 5987 5785 7033 0 7307 7395 9151 9193 8992 9656 9711 9727 1890 106 2107 2141 2992 2920 2683 3378 3167 3219 2651 1677 
0 1441 2492 2981 2981 3441 3617 5079 2020 2030 1673 1677 2044 6034 5935 5876 7078 7078 7175 9465 3913 9165 0 3856 3851 1911 1880 111 119 2925 3016 2944 3378 3378 3192 1564 2651 1803 
0 1445 2511 2545 2981 3116 3116 1992 2064 4648 4602 4637 2014 6034 5844 5987 7088 7197 7175 9149 6666 0 0 275 1762 2726 2873 206 234 2852 3016 3016 3461 3807 1557 1638 2449 1852 
0 0 1808 2545 2451 3116 3116 1438 2061 4363 4648 4463 1950 1520 5941 5987 7088 7197 9193 6163 0 0 0 0 0 23 2873 2873 3052 3252 3433 3461 2011 3071 3698 3218 2384 1809 
0 0 1823 0 0 2451 3017 1367 4648 4637 4648 3655 3317 1486 5987 5969 0 1991 0 0 0 0 0 0 0 3086 0 3351 3052 3515 3277 3461 3461 3071 3218 0 0 0 
0 0 0 0 0 2399 2525 2270 4022 3336 0 1307 3615 3580 2229 2023 2023 0 0 0 0 0 0 0 0 0 0 3461 1327 3488 3488 427 3140 3297 3219 0 0 0 
0 0 0 0 0 1776 1805 1809 956 747 2432 2494 2588 2767 2920 2920 2873 0 0 0 0 0 0 0 0 1766 2651 1274 3209 998 1074 1074 3053 3297 3219 0 0 0 
0 0 0 0 0 0 0 0 643 1205 2432 2494 3281 2944 2873 2873 2873 0 0 0 0 0 0 0 0 1780 2651 0 3209 3071 3219 1074 3064 3141 3219 0 0 0 
0 0 0 0 0 0 0 0 1121 1306 2048 3167 3204 3378 2873 2873 0 3270 0 0 0 0 0 0 0 1794 1914 2756 3285 2787 3219 1594 1594 2531 0 1838 1561 0 
0 0 0 0 0 0 0 0 0 1158 2566 3116 3003 3351 3256 3218 0 30 0 0 0 0 0 0 0 0 1976 0 2562 2827 2587 1594 1594 0 1441 1751 0 0 
0 0 0 0 0 0 0 0 0 1803 0 0 0 430 3065 0 0 0 0 0 0 0 0 0 0 0 0 0 1763 2531 2587 1593 1809 1809 1751 0 0 0 
0 0 0 0 0 0 0 0 0 0 0 0 0 0 0 29 0 0 0 0 0 0 0 0 0 0 0 1724 1763 1776 1809 1809 0 0 0 0 0 0 
