test/output/hourly/039_000001_245_raz.asc
ncols         38
nrows         31
xllcorner     565900.000000
yllcorner     5763100.000000
cellsize      100.000000
NODATA_value  0.000000
0 0 0 0 0 0 0 0 44 0 0 0 58 0 0 0 0 0 0 0 0 0 0 0 0 0 0 0 0 0 0 0 0 0 0 0 0 0 
0 0 0 0 0 0 0 0 293 296 0 85 280 181 122 112 0 0 0 0 0 0 0 0 0 0 0 0 0 0 0 0 0 0 0 0 0 0 
0 0 0 0 0 0 0 258 312 281 316 349 283 43 29 0 0 0 0 0 0 0 0 0 0 0 0 0 0 0 0 0 0 0 0 0 0 0 
0 0 0 0 0 331 0 0 314 180 265 283 318 11 41 0 42 42 0 0 72 0 0 0 0 0 0 0 0 0 0 0 0 0 0 0 0 0 
0 0 0 0 333 4 295 266 282 298 201 192 176 11 41 42 42 41 41 40 0 0 0 0 0 0 0 0 0 0 0 0 0 0 0 0 0 0 
0 0 275 264 294 280 23 40 194 205 196 56 169 40 35 343 41 56 41 40 40 44 0 0 0 0 0 0 0 0 0 0 0 0 0 0 0 0 
0 0 293 278 280 295 298 93 85 0 181 188 327 40 40 40 41 42 41 41 41 0 0 0 0 0 0 0 0 0 0 0 0 0 0 0 0 0 
0 0 263 263 297 281 282 20 149 350 170 0 13 31 39 40 41 43 42 67 63 94 0 0 0 0 0 0 0 0 0 0 0 0 0 0 0 0 
0 0 264 280 282 316 282 33 168 170 21 40 342 40 45 39 41 0 0 0 0 169 0 0 0 0 0 0 0 0 0 0 0 0 0 0 0 0 
292 0 1 168 184 196 183 40 0 355 342 40 342 33 40 34 41 0 0 0 0 0 0 0 0 0 0 0 0 0 0 0 0 0 0 0 0 0 
278 280 224 297 227 187 283 26 10 40 9 40 39 39 97 39 113 0 0 0 0 0 0 0 0 0 0 0 0 0 0 80 60 0 0 0 0 0 
209 208 181 281 193 181 193 21 38 40 342 40 39 0 0 97 80 0 0 0 0 0 0 0 0 0 0 0 0 0 314 42 80 0 0 0 0 0 
204 229 282 282 299 184 184 14 35 185 170 16 0 0 183 169 165 0 0 0 0 0 0 0 0 38 0 0 0 0 1 23 0 0 0 0 0 0 
231 181 182 207 201 185 168 6 15 41 41 41 41 82 82 0 0 0 0 0 0 0 0 0 37 40 0 0 0 74 81 86 166 7 80 0 0 0 
226 186 186 280 183 215 183 355 40 40 40 35 40 40 0 0 0 0 0 0 0 0 0 38 41 35 0 0 0 88 0 0 253 59 81 103 107 0 
205 205 195 295 183 215 183 350 40 40 40 40 40 40 30 39 0 0 0 0 0 36 38 78 41 0 0 0 0 37 0 0 108 283 94 132 86 0 
247 196 212 184 183 168 184 350 35 40 40 37 39 40 40 38 40 0 0 0 36 37 39 40 0 0 0 34 47 120 173 81 88 58 74 137 135 147 
178 192 185 188 184 168 184 351 35 40 35 40 39 39 40 40 34 0 0 35 38 46 40 39 93 35 41 34 32 175 172 171 171 171 171 167 149 160 
0 243 187 210 184 168 184 351 35 19 32 40 0 39 41 40 39 39 0 36 38 74 39 42 42 65 33 44 30 176 182 171 171 171 171 171 126 169 
0 292 201 184 184 192 180 12 40 40 358 40 39 40 39 43 39 0 38 40 44 39 40 39 42 36 171 173 173 174 172 171 152 170 170 171 158 137 
0 219 180 184 184 188 180 22 350 360 63 62 2 39 44 43 34 44 41 38 89 42 0 96 93 172 174 170 169 181 170 169 169 168 167 77 168 151 
0 219 180 168 184 168 168 338 1 0 8 4 2 40 46 40 40 39 41 47 66 0 0 168 169 184 169 170 170 184 170 170 169 168 78 85 145 159 
0 0 176 168 185 168 168 265 356 339 0 17 26 87 41 40 40 39 39 69 0 0 0 0 0 169 169 169 183 183 168 169 112 184 152 168 140 167 
0 0 168 0 0 185 180 252 0 355 359 44 59 92 40 42 0 169 0 0 0 0 0 0 0 186 0 166 183 164 184 169 169 184 168 0 0 0 
0 0 0 0 0 191 168 139 66 303 65535 122 72 75 189 170 170 0 0 0 0 0 0 0 0 0 0 169 284 166 166 39 183 167 169 0 0 0 
0 0 0 0 0 183 174 170 292 293 181 170 206 183 168 168 169 0 0 0 0 0 0 0 0 179 170 285 183 187 167 167 187 167 170 0 0 0 
0 0 0 0 0 0 0 0 277 218 181 170 181 169 169 169 169 0 0 0 0 0 0 0 0 170 170 0 183 185 170 167 180 168 170 0 0 0 
0 0 0 0 0 0 0 0 185 208 229 169 184 169 169 169 0 172 0 0 0 0 0 0 0 171 169 184 183 199 170 169 169 182 0 170 135 0 
0 0 0 0 0 0 0 0 0 167 165 182 184 168 157 169 0 171 0 0 0 0 0 0 0 0 162 0 182 165 169 169 169 0 116 172 0 0 
0 0 0 0 0 0 0 0 0 178 0 0 0 164 167 0 0 0 0 0 0 0 0 0 0 0 0 0 185 181 169 133 172 172 172 0 0 0 
0 0 0 0 0 0 0 0 0 0 0 0 0 0 0 171 0 0 0 0 0 0 0 0 0 0 0 190 185 183 170 170 0 0 0 0 0 0 
