test/output/hourly/039_000001_241_ros.asc
ncols         38
nrows         31
xllcorner     565900.000000
yllcorner     5763100.000000
cellsize      100.000000
NODATA_value  0.000000
0.000000 0.000000 0.000000 0.000000 0.000000 0.000000 0.000000 0.000000 1.119110 0.000000 0.000000 0.000000 1.168165 0.000000 0.000000 0.000000 0.000000 0.000000 0.000000 0.000000 0.000000 0.000000 0.000000 0.000000 0.000000 0.000000 0.000000 0.000000 0.000000 0.000000 0.000000 0.000000 0.000000 0.000000 0.000000 0.000000 0.000000 0.000000 
0.000000 0.000000 0.000000 0.000000 0.000000 0.000000 0.000000 0.000000 1.375157 1.420009 0.000000 1.822877 0.432479 0.080367 0.052182 0.625638 0.000000 0.000000 0.000000 0.000000 0.000000 0.000000 0.000000 0.000000 0.000000 0.000000 0.000000 0.000000 0.000000 0.000000 0.000000 0.000000 0.000000 0.000000 0.000000 0.000000 0.000000 0.000000 
0.000000 0.000000 0.000000 0.000000 0.000000 0.000000 0.000000 1.636491 1.374353 1.606638 1.212706 0.999466 0.835403 1.194373 0.757835 0.000000 0.000000 0.000000 0.000000 0.000000 0.000000 0.000000 0.000000 0.000000 0.000000 0.000000 0.000000 0.000000 0.000000 0.000000 0.000000 0.000000 0.000000 0.000000 0.000000 0.000000 0.000000 0.000000 
0.000000 0.000000 0.000000 0.000000 0.000000 1.039328 0.000000 0.000000 1.363576 3.371435 1.510831 1.164020 0.582151 4.925549 6.262573 0.000000 6.350964 6.351027 0.000000 0.000000 1.307249 0.000000 0.000000 0.000000 0.000000 0.000000 0.000000 0.000000 0.000000 0.000000 0.000000 0.000000 0.000000 0.000000 0.000000 0.000000 0.000000 0.000000 
0.000000 0.000000 0.000000 0.000000 1.265593 1.265593 1.364875 1.672227 1.618763 1.272522 2.623784 2.461109 2.325633 4.925549 6.262573 6.350964 6.306552 6.395438 6.395403 6.350920 0.000000 0.000000 0.000000 0.000000 0.000000 0.000000 0.000000 0.000000 0.000000 0.000000 0.000000 0.000000 0.000000 0.000000 0.000000 0.000000 0.000000 0.000000 
0.000000 0.000000 1.168160 1.576089 1.375135 1.552311 1.460946 1.533070 3.590472 2.814164 2.759375 1.182171 2.355514 6.350845 9.089614 3.859694 9.296252 5.941818 6.395403 6.350920 6.350920 0.781688 0.000000 0.000000 0.000000 0.000000 0.000000 0.000000 0.000000 0.000000 0.000000 0.000000 0.000000 0.000000 0.000000 0.000000 0.000000 0.000000 
0.000000 0.000000 1.364873 1.552248 1.552311 1.442418 1.282830 0.516582 1.685950 0.000000 3.124220 2.557725 3.107570 9.359674 9.359674 9.232490 9.106329 9.487812 6.440041 6.440056 6.395450 0.000000 0.000000 0.000000 0.000000 0.000000 0.000000 0.000000 0.000000 0.000000 0.000000 0.000000 0.000000 0.000000 0.000000 0.000000 0.000000 0.000000 
0.000000 0.000000 1.592939 1.711297 1.533121 1.379318 1.182170 0.876975 2.996135 1.014378 0.068307 0.000000 7.011155 9.007797 9.359629 9.359674 9.044471 9.359866 6.529978 5.371112 5.659676 0.780762 0.000000 0.000000 0.000000 0.000000 0.000000 0.000000 0.000000 0.000000 0.000000 0.000000 0.000000 0.000000 0.000000 0.000000 0.000000 0.000000 
0.000000 0.000000 1.711269 1.667246 1.389809 1.046093 0.848434 1.197379 3.263462 0.068307 8.026449 1.309524 3.848145 9.487818 9.338568 9.359629 9.044312 0.000000 0.000000 0.000000 0.000000 0.671663 0.000000 0.000000 0.000000 0.000000 0.000000 0.000000 0.000000 0.000000 0.000000 0.000000 0.000000 0.000000 0.000000 0.000000 0.000000 0.000000 
1.127190 0.000000 1.338152 3.335045 3.428867 2.731246 2.201308 6.530076 0.000000 4.824754 3.848145 9.487818 3.848145 9.401460 9.487818 9.213496 9.044312 0.000000 0.000000 0.000000 0.000000 0.000000 0.000000 0.000000 0.000000 0.000000 0.000000 0.000000 0.000000 0.000000 0.000000 0.000000 0.000000 0.000000 0.000000 0.000000 0.000000 0.000000 
1.190785 1.552289 2.374178 1.569620 2.194673 2.959335 0.841943 6.058293 6.514185 9.616684 6.460032 9.066212 9.127892 9.127892 3.848145 9.359629 3.164628 0.000000 0.000000 0.000000 0.000000 0.000000 0.000000 0.000000 0.000000 0.000000 0.000000 0.000000 0.000000 0.000000 0.000000 1.314145 1.190794 0.000000 0.000000 0.000000 0.000000 0.000000 
2.377498 2.740174 3.303490 1.679446 3.214154 3.124220 2.069200 8.026449 9.587599 9.616863 3.848145 9.314142 9.127892 0.000000 0.000000 3.855737 6.215597 0.000000 0.000000 0.000000 0.000000 0.000000 0.000000 0.000000 0.000000 0.000000 0.000000 0.000000 0.000000 0.000000 1.363576 1.431215 1.628600 0.000000 0.000000 0.000000 0.000000 0.000000 
2.464229 2.257963 1.642985 1.421332 0.874476 2.605408 2.216069 7.044967 9.401342 3.051013 3.217014 6.730277 0.000000 0.000000 3.258763 3.455955 2.661107 0.000000 0.000000 0.000000 0.000000 0.000000 0.000000 0.000000 0.000000 9.295313 0.000000 0.000000 0.000000 0.000000 1.317804 1.438062 0.000000 0.000000 0.000000 0.000000 0.000000 0.000000 
2.018460 3.303491 3.303493 2.765125 2.046824 2.411980 2.338375 5.919876 6.629947 9.189730 9.189640 9.251562 7.450037 1.454448 1.412186 0.000000 0.000000 0.000000 0.000000 0.000000 0.000000 0.000000 0.000000 0.000000 9.168397 9.359674 0.000000 0.000000 0.000000 1.323804 1.391823 1.702241 3.423954 1.039339 1.302632 0.000000 0.000000 0.000000 
2.101319 3.241343 3.241347 1.541222 3.473802 2.185208 2.640040 4.810467 9.004758 9.066188 7.298263 7.178310 7.298332 7.298332 0.000000 0.000000 0.000000 0.000000 0.000000 0.000000 0.000000 0.000000 0.000000 9.295500 9.295696 9.151289 0.000000 0.000000 0.000000 1.055989 0.000000 0.000000 1.702032 1.541266 1.620565 1.928842 1.564671 0.000000 
2.433492 2.464270 3.072383 1.130871 3.473837 2.185230 3.091304 3.904413 9.004752 7.248133 7.298332 7.298332 7.298384 7.298384 6.817208 6.950294 0.000000 0.000000 0.000000 0.000000 0.000000 8.881317 8.881777 5.306036 9.295696 0.000000 0.000000 0.000000 0.000000 1.176775 0.000000 0.000000 0.587407 1.519107 1.919887 2.768248 1.338470 0.000000 
1.413860 2.621098 2.625024 2.595852 3.496614 3.686513 3.091323 3.904413 7.129324 7.248137 7.298384 6.296153 6.315371 7.298384 7.197978 6.950481 7.049219 0.000000 0.000000 0.000000 9.190244 8.794129 8.821008 9.232371 0.000000 0.000000 0.000000 6.129935 5.980555 0.579499 2.304295 1.383857 1.468576 1.368814 1.773993 2.894354 2.495342 2.034387 
2.068511 2.606280 3.262324 2.531471 3.304816 3.686513 3.496635 3.906767 7.129324 6.271568 6.168614 6.271568 6.271544 6.271565 6.184474 7.197978 6.934646 0.000000 0.000000 9.634856 9.252347 8.884632 8.943479 9.423296 4.301006 9.457819 6.049296 6.129935 6.215999 2.303722 2.355201 3.216857 3.216857 3.660252 3.456849 3.448464 2.736906 2.128108 
0.000000 1.774145 2.703510 2.637972 3.844194 4.039710 3.496635 3.906767 6.168614 4.896730 6.020450 6.271568 0.000000 6.271568 6.252455 6.055480 7.198000 7.198000 0.000000 7.605604 9.252347 5.448079 8.943277 9.394665 9.212852 6.486816 6.439686 6.103311 0.743321 2.371155 3.124064 3.216857 3.216857 3.660252 3.456849 3.532104 2.339471 2.146033 
0.000000 1.111108 2.474113 3.283439 3.283433 3.590295 3.930245 4.826385 6.315129 6.271568 2.500968 6.271568 6.271541 6.271568 6.227961 6.037063 7.198000 0.000000 7.450596 7.530280 9.122277 9.190065 9.004752 9.616796 9.656350 9.682375 2.199402 0.171352 2.424701 2.459877 3.310715 3.240137 2.977761 3.686662 3.481806 3.532104 2.965967 1.954729 
0.000000 1.685287 2.808547 3.283439 3.283433 3.714000 3.903616 5.274254 2.451934 2.465014 2.031048 2.032796 2.479573 6.271565 6.168614 6.122670 7.227794 7.227733 7.326474 9.440566 3.912136 9.162001 0.000000 3.840836 3.829610 2.222060 2.189407 0.178930 0.192070 3.233371 3.334734 3.263584 3.686647 3.686517 3.506213 1.718137 2.973909 2.100810 
0.000000 1.688207 2.827762 2.868681 3.283433 3.432087 3.432087 2.413893 2.500968 5.107302 5.057593 5.095835 2.447110 6.271507 6.083503 6.227979 7.248137 7.348806 7.326474 9.120572 6.663611 0.000000 0.000000 0.619729 2.066021 3.031033 3.193956 0.333158 0.377794 3.153065 3.334663 3.334663 3.766513 4.097335 1.708616 1.797917 2.753005 2.158316 
0.000000 0.000000 2.113012 2.868644 2.762036 3.432098 3.432101 1.742192 2.497559 4.794516 5.107302 4.905005 2.370126 1.847520 6.184608 6.227968 7.248137 7.348806 9.190065 6.154707 0.000000 0.000000 0.000000 0.000000 0.000000 0.065600 3.193956 3.193956 3.339272 3.542576 3.739433 3.766480 2.188456 3.369695 3.969696 3.531745 2.679111 2.114965 
0.000000 0.000000 2.130424 0.000000 0.000000 2.762060 3.325915 1.656183 5.107309 5.095845 5.107309 4.016884 3.659198 1.806225 6.227968 6.208969 0.000000 2.304752 0.000000 0.000000 0.000000 0.000000 0.000000 0.000000 0.000000 3.370542 0.000000 3.659743 3.339272 3.817955 3.565979 3.766480 3.766480 3.369695 3.531745 0.000000 0.000000 0.000000 
0.000000 0.000000 0.000000 0.000000 0.000000 2.704006 2.848086 2.558548 4.173136 3.666416 -1.000000 1.583953 3.754035 3.724235 2.526097 2.338492 2.338492 0.000000 0.000000 0.000000 0.000000 0.000000 0.000000 0.000000 0.000000 0.000000 0.000000 3.766286 1.452751 3.792267 3.792267 0.751074 3.435721 3.607940 3.531873 0.000000 0.000000 0.000000 
0.000000 0.000000 0.000000 0.000000 0.000000 2.076590 2.111050 2.115060 1.119150 1.078405 3.541651 3.632584 2.824295 3.070984 3.240071 3.240071 3.193951 0.000000 0.000000 0.000000 0.000000 0.000000 0.000000 0.000000 0.000000 2.068486 2.974132 1.387191 3.512023 1.754851 1.887247 1.887247 3.340912 3.607940 3.532065 0.000000 0.000000 0.000000 
0.000000 0.000000 0.000000 0.000000 0.000000 0.000000 0.000000 0.000000 0.928876 1.738871 3.541651 3.632584 3.580494 3.263547 3.193944 3.193944 3.193944 0.000000 0.000000 0.000000 0.000000 0.000000 0.000000 0.000000 0.000000 2.084426 2.974132 0.000000 3.512023 3.369857 3.532030 1.887247 3.371459 3.456788 3.532065 0.000000 0.000000 0.000000 
0.000000 0.000000 0.000000 0.000000 0.000000 0.000000 0.000000 0.000000 1.617604 1.885581 2.251903 3.481739 3.496733 3.686649 3.193944 3.193944 0.000000 3.581952 0.000000 0.000000 0.000000 0.000000 0.000000 0.000000 0.000000 2.099620 2.225451 3.069213 3.584528 3.058735 3.532030 2.300681 2.300681 2.847251 0.000000 2.146089 1.831194 0.000000 
0.000000 0.000000 0.000000 0.000000 0.000000 0.000000 0.000000 0.000000 0.000000 1.671485 2.888986 3.413095 3.304784 3.660205 3.555967 3.531583 0.000000 0.080264 0.000000 0.000000 0.000000 0.000000 0.000000 0.000000 0.000000 0.000000 2.288980 0.000000 2.871245 3.148555 2.910387 2.300681 2.300681 0.000000 1.685320 2.054114 0.000000 0.000000 
0.000000 0.000000 0.000000 0.000000 0.000000 0.000000 0.000000 0.000000 0.000000 2.104946 0.000000 0.000000 0.000000 0.966824 3.382768 0.000000 0.000000 0.000000 0.000000 0.000000 0.000000 0.000000 0.000000 0.000000 0.000000 0.000000 0.000000 0.000000 2.060251 2.847211 2.910387 1.862953 2.114975 2.114975 2.054114 0.000000 0.000000 0.000000 
0.000000 0.000000 0.000000 0.000000 0.000000 0.000000 0.000000 0.000000 0.000000 0.000000 0.000000 0.000000 0.000000 0.000000 0.000000 0.078662 0.000000 0.000000 0.000000 0.000000 0.000000 0.000000 0.000000 0.000000 0.000000 0.000000 0.000000 2.009756 2.060251 2.076590 2.115060 2.115060 0.000000 0.000000 0.000000 0.000000 0.000000 0.000000 
