test/output/hourly/039_000001_252_source.asc
ncols         38
nrows         31
xllcorner     565900.000000
yllcorner     5763100.000000
cellsize      100.000000
NODATA_value  255.000000
255 255 255 255 255 255 255 255 132 255 255 255 4 255 255 255 255 255 255 255 255 255 255 255 255 255 255 255 255 255 255 255 255 255 255 255 255 255 
255 255 255 255 255 255 255 255 130 132 255 16 132 134 4 0 255 255 255 255 255 255 255 255 255 255 255 255 255 255 255 255 255 255 255 255 255 255 
255 255 255 255 255 255 255 2 130 130 4 132 134 134 4 255 255 255 255 255 255 255 255 255 255 255 255 255 255 255 255 255 255 255 255 255 255 255 
255 255 255 255 255 132 255 255 134 174 130 134 130 4 20 255 20 21 255 255 16 255 255 255 255 255 255 255 255 255 255 255 255 255 255 255 255 255 
255 255 255 255 128 132 132 2 130 130 130 162 42 4 20 20 21 21 5 5 255 255 255 255 255 255 255 255 255 255 255 255 255 255 255 255 255 255 
255 255 134 134 134 134 4 16 34 34 34 174 42 4 132 6 4 21 5 21 21 17 255 255 255 255 255 255 255 255 255 255 255 255 255 255 255 255 
255 255 134 134 134 151 132 132 20 255 42 32 128 134 150 21 21 21 5 21 17 255 255 255 255 255 255 255 255 255 255 255 255 255 255 255 255 255 
255 255 130 134 134 134 134 4 17 128 4 255 4 4 151 21 21 21 1 1 1 65 255 255 255 255 255 255 255 255 255 255 255 255 255 255 255 255 
255 255 130 130 134 134 130 4 89 138 132 134 132 132 21 21 21 255 255 255 255 72 255 255 255 255 255 255 255 255 255 255 255 255 255 255 255 255 
128 255 134 174 134 6 134 4 255 132 132 134 134 4 21 93 65 255 255 255 255 255 255 255 255 255 255 255 255 255 255 255 255 255 255 255 255 255 
130 130 134 130 162 46 130 4 132 4 4 134 4 16 73 9 73 255 255 255 255 255 255 255 255 255 255 255 255 255 255 20 16 255 255 255 255 255 
130 162 174 162 162 174 34 134 6 17 130 4 16 255 255 72 0 255 255 255 255 255 255 255 255 255 255 255 255 255 134 21 17 255 255 255 255 255 
162 2 162 130 130 34 42 4 132 255 255 4 255 255 32 42 0 255 255 255 255 255 255 255 255 20 255 255 255 255 22 16 255 255 255 255 255 255 
2 174 174 34 42 42 0 6 134 4 132 6 20 21 16 255 255 255 255 255 255 255 255 255 20 21 255 255 255 4 16 1 65 20 21 255 255 255 
34 42 42 239 42 32 40 134 4 132 4 20 20 20 255 255 255 255 255 255 255 255 255 20 21 17 255 255 255 4 255 255 130 4 21 21 21 255 
34 42 42 174 42 32 40 128 132 4 4 20 20 21 21 5 255 255 255 255 255 20 21 21 89 255 255 255 255 20 255 255 20 149 21 17 21 255 
32 32 34 174 42 42 42 130 4 4 4 4 20 21 21 5 5 255 255 255 20 21 21 25 255 255 255 16 17 9 81 21 21 21 17 1 5 21 
42 42 42 42 239 42 42 132 4 4 4 20 16 4 5 5 21 255 255 4 21 17 17 89 65 17 17 17 1 73 0 89 93 85 93 89 64 81 
255 34 170 2 32 42 42 2 4 4 4 21 255 20 5 5 21 17 255 4 17 17 17 25 9 9 1 1 73 73 125 73 73 93 93 21 17 93 
255 174 34 42 42 40 40 4 4 4 132 21 21 5 5 5 21 255 20 17 1 1 1 9 9 1 105 73 73 8 77 73 65 89 93 93 81 81 
255 34 42 42 32 40 40 4 134 150 151 149 21 16 5 21 21 17 17 17 1 1 255 72 73 75 73 0 0 107 73 93 73 73 77 93 93 81 
255 34 42 40 42 40 42 134 134 132 151 21 21 21 5 21 17 1 1 1 1 255 255 0 0 107 75 73 237 42 8 73 89 73 93 85 85 81 
255 255 42 42 42 42 42 166 134 134 148 21 85 85 17 17 1 1 1 1 255 255 255 255 255 72 72 73 142 40 9 73 73 127 64 81 1 65 
255 255 40 255 255 42 40 42 2 6 4 1 1 73 1 1 255 72 255 255 255 255 255 255 255 40 255 72 46 8 105 9 73 125 73 255 255 255 
255 255 255 255 255 42 40 107 0 2 0 104 1 1 42 8 65 255 255 255 255 255 255 255 255 255 255 8 174 10 73 127 107 73 89 255 255 255 
255 255 255 255 255 42 40 107 235 166 170 174 34 42 42 107 73 255 255 255 255 255 255 255 255 130 34 170 42 107 107 73 104 72 73 255 255 255 
255 255 255 255 255 255 255 255 170 34 42 46 42 42 40 74 73 255 255 255 255 255 255 255 255 42 40 255 42 107 73 64 107 105 72 255 255 255 
255 255 255 255 255 255 255 255 42 32 34 174 42 42 40 104 255 64 255 255 255 255 255 255 255 42 10 34 42 107 73 105 107 105 255 64 1 255 
255 255 255 255 255 255 255 255 255 42 42 42 107 42 106 73 255 8 255 255 255 255 255 255 255 255 40 255 42 72 73 8 104 255 64 9 255 255 
255 255 255 255 255 255 255 255 255 40 255 255 255 106 8 255 255 255 255 255 255 255 255 255 255 255 255 255 42 104 72 105 75 99 9 255 255 255 
255 255 255 255 255 255 255 255 255 255 255 255 255 255 255 64 255 255 255 255 255 255 255 255 255 255 255 32 40 105 105 73 255 255 255 255 255 255 
