test/output/hourly/050_000001_240_arrival.asc
ncols         14
nrows         17
xllcorner     566100.000000
yllcorner     5763700.000000
cellsize      100.000000
NODATA_value  0.000000
0.000000 0.000000 238.875000 238.875000 238.867663 238.875000 0.000000 0.000000 238.841916 0.000000 238.841916 238.867663 0.000000 0.000000 
0.000000 238.875000 238.859081 238.841916 238.850498 238.850498 238.850498 0.000000 238.746410 238.746410 238.750000 238.841916 238.875000 0.000000 
0.000000 238.859081 238.750000 238.750000 238.750000 238.750000 238.746410 238.746410 238.735129 238.735129 238.735129 238.841916 238.875000 0.000000 
0.000000 238.841916 238.742650 238.738889 238.735129 238.735129 238.738889 238.738889 238.727529 238.727529 238.731368 238.841916 0.000000 0.000000 
238.867663 238.750000 238.735129 238.731368 238.731368 238.727529 238.727529 0.000000 0.000000 238.719851 238.841916 238.841916 0.000000 0.000000 
238.875000 238.750000 238.735129 238.719851 238.719851 238.716012 238.716012 238.712172 238.712172 238.712172 238.712172 0.000000 0.000000 0.000000 
238.875000 238.750000 238.731368 238.712172 238.712172 238.712172 238.712172 238.712172 238.669910 238.669910 238.669910 238.712172 0.000000 0.000000 
238.867663 238.750000 238.731368 238.716012 238.676397 238.712172 238.669910 238.661419 238.661419 238.661419 238.658118 238.712172 238.719851 238.735129 
238.875000 238.750000 238.731368 238.712172 238.712172 238.661419 238.661419 238.658118 238.651518 238.648217 238.651518 238.712172 238.712172 238.875000 
0.000000 238.750000 238.731368 238.712172 238.664719 238.651518 238.648217 238.648217 238.641617 238.644917 238.641617 238.666667 0.000000 0.000000 
0.000000 0.000000 0.000000 238.712172 238.666667 238.651518 238.644917 238.641617 238.631716 238.635016 0.000000 238.658118 0.000000 0.000000 
0.000000 0.000000 0.000000 0.000000 238.666667 238.648217 238.631716 238.631716 238.628415 238.628415 238.631716 0.000000 0.000000 0.000000 
0.000000 0.000000 0.000000 0.000000 0.000000 238.648217 238.628415 238.628415 238.628415 238.594133 238.635016 0.000000 0.000000 0.000000 
0.000000 0.000000 0.000000 0.000000 0.000000 238.644917 238.628415 238.545820 238.628415 238.586933 238.628415 0.000000 0.000000 0.000000 
0.000000 0.000000 0.000000 0.000000 0.000000 0.000000 238.628415 238.535444 238.535444 238.541667 0.000000 0.000000 0.000000 0.000000 
0.000000 0.000000 0.000000 0.000000 0.000000 0.000000 0.000000 238.530438 238.525433 0.000000 0.000000 0.000000 0.000000 0.000000 
0.000000 0.000000 0.000000 0.000000 0.000000 0.000000 0.000000 0.000000 238.510417 0.000000 0.000000 0.000000 0.000000 0.000000 
