test/output/hourly/051_000001_240_intensity.asc
ncols         23
nrows         32
xllcorner     565500.000000
yllcorner     5763700.000000
cellsize      100.000000
NODATA_value  0.000000
0 0 0 0 0 0 2974 2890 2645 2645 0 0 0 0 0 0 0 0 0 0 0 0 0 
0 0 0 0 0 2974 2974 2974 2938 2824 0 0 0 0 0 0 0 0 0 0 0 0 0 
0 0 0 0 2974 2974 4158 4034 4191 0 0 0 0 0 0 0 0 0 0 0 0 0 0 
0 0 0 2938 2167 4124 4157 4157 3936 0 31 2203 1784 0 0 0 0 0 0 0 0 0 0 
0 0 2918 2926 4124 4124 4124 4124 2867 3622 2265 1374 1342 0 0 0 0 0 0 0 0 0 0 
0 0 2926 2926 4080 4091 4124 6121 6169 2741 5600 1163 684 0 0 0 0 0 0 0 0 0 0 
0 0 2926 4091 4091 4091 6121 6121 6169 6083 2890 2890 0 0 0 0 0 0 0 0 0 0 0 
0 2926 2926 4091 4091 6074 6036 6151 6169 6083 5600 5600 4191 2662 0 2949 2942 2867 0 0 0 0 0 
0 2891 4091 4091 6074 6074 6169 6169 6169 7812 6677 2824 6217 6011 0 31 418 270 30 0 0 0 0 
0 2926 4040 4091 6074 6074 6169 7812 7812 7812 6677 3587 6169 6083 6074 2845 4753 5720 5789 0 0 0 0 
0 2274 3878 4091 5877 6074 6169 7812 7812 7871 2824 2974 2890 5093 5990 6074 5877 3860 5746 0 3881 4015 0 
2521 2845 3941 6121 6056 6074 7695 7530 7871 7871 7812 5966 5029 3296 5292 7672 7695 6224 5191 5746 3881 3972 2891 
2822 2901 4058 6026 2107 6073 7694 7871 7871 7847 7871 7353 31 1841 5523 7812 7812 6299 7580 5638 5746 2588 2029 
2926 4080 4091 6026 3035 2388 7812 7930 7871 7871 9514 1841 31 0 31 6299 7695 7420 6919 2132 2291 1523 1063 
2151 4091 3878 6074 2397 2388 7511 7990 7871 9514 9513 9151 7549 31 31 0 23 5463 7198 5292 5516 1513 1056 
1327 2116 4091 6074 2610 1143 7871 5567 9583 9514 9514 9514 30 31 9445 31 8793 7530 7014 5720 5372 0 0 
1413 1670 1979 1626 6121 2627 7871 8051 9583 9514 9514 9514 1841 31 9445 8793 8793 7056 4597 4753 4654 0 0 
1413 2891 1747 1143 2221 7871 7871 9415 9432 9445 9445 8424 8793 7549 9445 8793 6432 5921 2326 5033 1921 0 0 
0 1403 1152 2221 2198 2325 7871 9795 9432 5748 9445 9445 9001 9068 9582 9215 8793 1006 1868 1661 1553 191 0 
0 1327 0 985 2356 2325 7847 9765 5843 5748 9001 8935 6551 1314 1128 6513 5921 1684 178 150 2063 0 0 
0 0 0 6169 2058 2437 7871 9584 9444 9375 8935 8935 7934 8297 8237 7458 8931 147 2525 0 0 0 0 
0 2891 0 2560 1615 7871 2437 9583 9375 8935 8869 8869 8869 7459 8297 8297 8585 8368 0 0 0 0 0 
0 2926 1840 1306 1815 2437 2562 9432 9375 8935 8935 8869 8842 8239 8239 7030 8043 8793 6979 7145 0 0 0 
0 0 1392 1833 2351 2789 2806 5657 9375 7030 8935 8869 8869 9001 8356 5450 6587 7991 5873 2364 1881 0 0 
0 0 1392 1833 2356 2779 2494 6590 3083 2416 8935 8239 7112 6827 5549 7989 5497 7056 3781 3569 2182 0 0 
0 0 0 1392 1840 2366 7352 2461 7504 2326 2416 7004 7112 7112 6590 6292 0 1815 1868 1868 1661 1908 0 
0 0 0 1397 1840 3030 2366 2573 2815 2612 2259 2270 7112 7112 6590 6590 2356 1963 1833 1513 1128 0 0 
0 0 0 0 1397 1306 1269 2210 1638 1605 1841 1721 7112 7112 6292 1472 1462 1041 1314 1157 0 0 0 
0 0 0 0 0 1397 1258 1840 1643 1472 1472 1368 1128 6061 5961 1302 0 0 0 0 0 0 0 
0 0 0 0 0 0 0 0 999 0 0 0 0 5818 6061 0 0 0 0 0 0 0 0 
0 0 0 0 0 0 0 0 0 0 0 0 0 0 6061 0 0 0 0 0 0 0 0 
0 0 0 0 0 0 0 0 0 0 0 0 0 0 0 0 0 0 0 0 0 0 0 
