test/output/hourly/051_000001_240_ros.asc
ncols         23
nrows         32
xllcorner     565500.000000
yllcorner     5763700.000000
cellsize      100.000000
NODATA_value  0.000000
0.000000 0.000000 0.000000 0.000000 0.000000 0.000000 3.443286 3.346303 3.062300 3.062155 0.000000 0.000000 0.000000 0.000000 0.000000 0.000000 0.000000 0.000000 0.000000 0.000000 0.000000 0.000000 0.000000 
0.000000 0.000000 0.000000 0.000000 0.000000 3.443286 3.443286 3.443286 3.401511 3.269931 0.000000 0.000000 0.000000 0.000000 0.000000 0.000000 0.000000 0.000000 0.000000 0.000000 0.000000 0.000000 0.000000 
0.000000 0.000000 0.000000 0.000000 3.443286 3.443286 4.621800 4.484751 4.654614 0.000000 0.000000 0.000000 0.000000 0.000000 0.000000 0.000000 0.000000 0.000000 0.000000 0.000000 0.000000 0.000000 0.000000 
0.000000 0.000000 0.000000 3.401511 2.509422 4.588958 4.621586 4.621586 4.376106 0.000000 0.085610 3.591614 2.710706 0.000000 0.000000 0.000000 0.000000 0.000000 0.000000 0.000000 0.000000 0.000000 0.000000 
0.000000 0.000000 3.385200 3.394146 4.588954 4.588954 4.588958 4.588958 3.323353 5.321963 3.442336 1.987777 2.181778 0.000000 0.000000 0.000000 0.000000 0.000000 0.000000 0.000000 0.000000 0.000000 0.000000 
0.000000 0.000000 3.394240 3.394235 4.544233 4.556593 4.588954 6.510792 6.556301 3.174277 5.951338 1.682683 1.040164 0.000000 0.000000 0.000000 0.000000 0.000000 0.000000 0.000000 0.000000 0.000000 0.000000 
0.000000 0.000000 3.394240 4.556694 4.556640 4.556640 6.510808 6.510792 6.556301 6.464745 3.346162 3.346166 0.000000 0.000000 0.000000 0.000000 0.000000 0.000000 0.000000 0.000000 0.000000 0.000000 0.000000 
0.000000 3.394220 3.394220 4.556740 4.556740 6.465908 6.420551 6.537194 6.556281 6.464726 5.951322 5.951332 4.654553 3.079515 0.000000 3.418517 3.409446 3.323368 0.000000 0.000000 0.000000 0.000000 0.000000 
0.000000 3.353917 4.556740 4.556759 6.465988 6.465988 6.556522 6.556522 6.556522 8.110991 6.932296 3.269785 6.602110 6.383035 0.000000 0.085417 0.985091 0.637519 0.083918 0.000000 0.000000 0.000000 0.000000 
0.000000 3.394220 4.499851 4.556759 6.465988 6.465988 6.556522 8.110991 8.110991 8.110991 6.932296 3.808961 6.556341 6.464780 6.465849 3.300852 5.059931 6.089158 6.172982 0.000000 0.000000 0.000000 0.000000 
0.000000 2.637807 4.319840 4.556640 6.256478 6.465988 6.556522 8.110991 8.110991 8.166715 3.269931 3.443286 3.346303 5.412889 6.376823 6.465931 6.256518 4.109694 6.132451 0.000000 4.335536 4.480231 0.000000 
2.921618 3.300736 4.393817 6.510792 6.446996 6.465744 8.000257 7.818193 8.166723 8.166723 8.110991 6.340696 5.221210 3.502725 5.633501 7.976232 8.000500 6.471565 5.539738 6.132238 4.335667 4.424450 3.353951 
3.277795 3.369403 4.523847 6.420091 2.243599 6.464706 7.998981 8.166577 8.166698 8.142006 8.166682 7.629338 0.087151 1.957186 5.879430 8.110991 8.110991 6.539880 7.891499 6.011378 6.132435 2.882593 2.354021 
3.394169 4.544260 4.556615 6.420091 3.230649 4.410204 8.110767 8.222189 8.166682 8.166577 9.716692 1.957191 0.087151 0.000000 0.087151 6.539880 8.000527 7.715022 7.193816 2.273579 2.449072 1.701163 1.234075 
2.496098 4.556667 4.319825 6.465754 2.551692 4.410204 7.777952 8.279073 8.166630 9.716750 9.716626 9.346406 7.710010 0.087151 0.087151 0.000000 0.063261 5.672650 7.483742 5.633633 5.896737 1.688308 1.224242 
1.539533 2.358846 4.556615 6.465754 3.027964 1.325896 8.166698 5.764635 9.782716 9.716750 9.716725 9.716725 0.083575 0.087151 9.651612 0.085611 8.985635 7.818193 7.282489 6.089062 5.738365 0.000000 0.000000 
1.642744 1.861933 2.204854 1.731169 6.510808 3.045004 8.166723 8.336046 9.782723 9.716750 9.716725 9.716692 1.957191 0.085611 9.651612 8.985635 8.985635 7.202448 4.773430 5.059734 4.970794 0.000000 0.000000 
1.642686 3.353809 1.946227 1.325896 2.362995 8.166723 8.166723 9.595717 9.627842 9.651612 9.651612 8.608739 8.985635 7.710027 9.651612 8.985635 6.573006 6.044462 2.413257 5.357841 2.052640 0.000000 0.000000 
0.000000 1.627488 1.750271 2.363003 2.334270 2.413184 8.166723 9.982669 9.627901 7.698697 9.651612 9.651612 9.232650 9.295594 9.781386 9.406882 8.985635 2.368399 1.988784 1.768592 1.739802 0.449414 0.000000 
0.000000 1.539561 0.000000 1.458781 2.500354 2.413177 8.142005 9.952308 7.803432 7.698697 9.233102 9.170329 6.719427 1.522180 1.305984 6.684850 6.143642 1.786908 0.421089 0.353670 2.334620 0.000000 0.000000 
0.000000 0.000000 0.000000 6.556522 2.183573 2.528558 8.166701 9.782818 9.651139 9.586162 9.170342 9.170342 8.143581 8.515678 8.459761 7.659530 9.166603 0.348015 2.943664 0.000000 0.000000 0.000000 0.000000 
0.000000 3.353956 0.000000 2.716743 1.714006 8.166701 2.528562 9.782757 9.586162 9.170278 9.108369 9.108477 9.108477 7.660758 8.515770 8.515639 8.811604 8.555928 0.000000 0.000000 0.000000 0.000000 0.000000 
0.000000 3.394250 2.045941 1.451793 1.925925 2.528562 2.659037 9.627887 9.586191 9.170278 9.170329 9.108492 9.080796 8.461165 8.461135 7.215227 8.245423 8.985635 7.131969 7.433749 0.000000 0.000000 0.000000 
0.000000 0.000000 1.612090 2.035814 2.490813 2.890144 2.912009 7.577257 9.586191 7.215077 9.170329 9.108369 9.108492 9.233102 8.571176 5.590825 6.752914 8.165733 6.002196 2.458307 2.004655 0.000000 0.000000 
0.000000 0.000000 1.612090 2.035828 2.500237 2.949025 3.468971 6.852087 3.152612 2.480479 9.170329 8.460902 7.449906 7.151159 5.812757 8.194555 5.632193 7.202525 3.931474 3.799825 2.334420 0.000000 0.000000 
0.000000 0.000000 0.000000 1.612072 2.045919 2.513110 7.628626 2.557132 7.668193 2.378780 2.480435 7.347651 7.449906 7.449906 6.903324 6.591307 0.000000 1.925886 1.988734 1.988734 1.850098 2.213915 0.000000 
0.000000 0.000000 0.000000 1.619794 2.045939 3.220967 2.513117 2.672175 2.922991 2.668162 2.317629 2.330338 7.449906 7.449906 6.903324 6.903324 2.500402 2.179954 2.035905 1.688377 1.305981 0.000000 0.000000 
0.000000 0.000000 0.000000 0.000000 1.619797 1.451724 1.411647 2.348633 1.740979 1.706016 1.957189 1.831158 7.449906 7.449906 6.591307 1.637288 1.624431 1.204680 1.522180 1.345808 0.000000 0.000000 0.000000 
0.000000 0.000000 0.000000 0.000000 0.000000 1.619795 1.457841 2.045926 1.826446 1.637288 1.637288 1.521214 1.305979 6.453697 6.347499 1.504755 0.000000 0.000000 0.000000 0.000000 0.000000 0.000000 0.000000 
0.000000 0.000000 0.000000 0.000000 0.000000 0.000000 0.000000 0.000000 1.157106 0.000000 0.000000 0.000000 0.000000 6.194499 6.453697 0.000000 0.000000 0.000000 0.000000 0.000000 0.000000 0.000000 0.000000 
0.000000 0.000000 0.000000 0.000000 0.000000 0.000000 0.000000 0.000000 0.000000 0.000000 0.000000 0.000000 0.000000 0.000000 6.453676 0.000000 0.000000 0.000000 0.000000 0.000000 0.000000 0.000000 0.000000 
0.000000 0.000000 0.000000 0.000000 0.000000 0.000000 0.000000 0.000000 0.000000 0.000000 0.000000 0.000000 0.000000 0.000000 -1.000000 0.000000 0.000000 0.000000 0.000000 0.000000 0.000000 0.000000 0.000000 
