test/output/hourly/051_000001_239_raz.asc
ncols         23
nrows         32
xllcorner     565500.000000
yllcorner     5763700.000000
cellsize      100.000000
NODATA_value  0.000000
0 0 0 0 0 0 351 2 14 13 0 0 0 0 0 0 0 0 0 0 0 0 0 
0 0 0 0 0 351 351 351 358 6 0 0 0 0 0 0 0 0 0 0 0 0 0 
0 0 0 0 351 351 351 1 351 0 0 0 0 0 0 0 0 0 0 0 0 0 0 
0 0 0 343 308 352 352 352 7 0 358 3 358 0 0 0 0 0 0 0 0 0 0 
0 0 348 351 352 352 352 352 3 355 11 82 49 0 0 0 0 0 0 0 0 0 0 
0 0 351 351 355 352 352 352 352 11 9 107 104 0 0 0 0 0 0 0 0 0 0 
0 0 351 351 351 351 352 352 352 358 3 3 0 0 0 0 0 0 0 0 0 0 0 
0 351 351 351 351 351 345 349 352 358 9 9 352 15 0 352 355 3 0 0 0 0 0 
0 343 351 351 350 350 351 351 351 351 10 7 352 2 0 351 352 45 358 0 0 0 0 
0 351 344 351 350 350 351 351 351 351 10 41 352 358 351 3 21 5 3 0 0 0 0 
0 314 336 351 340 350 351 351 351 351 6 351 2 16 345 351 1 35 1 0 3 355 0 
324 340 342 352 348 351 351 341 351 351 351 1 27 46 330 349 351 15 12 2 2 2 358 
342 353 353 353 254 353 353 351 351 349 351 4 351 108 334 351 351 14 349 3 1 43 39 
351 355 352 353 291 352 352 352 351 351 352 107 351 0 351 327 350 359 6 86 78 104 120 
309 351 337 351 269 352 339 352 351 351 352 0 14 351 351 0 23 23 2 11 3 106 122 
261 283 352 351 15 105 351 320 351 351 351 351 339 351 351 358 2 0 7 4 6 0 0 
269 257 276 171 352 16 351 351 351 351 351 352 108 358 351 2 2 17 32 20 19 0 0 
269 344 262 105 262 351 351 343 345 351 351 6 2 14 351 2 21 25 80 15 103 0 0 
0 269 276 262 261 261 351 351 345 351 351 351 351 351 353 1 2 350 105 141 102 88 0 
0 262 0 218 269 261 348 349 351 351 351 351 16 261 104 18 20 125 254 120 75 0 0 
0 0 0 351 254 266 351 351 352 351 351 351 6 3 4 10 354 124 21 0 0 0 0 
0 343 0 276 198 351 265 351 351 351 351 351 351 9 2 3 0 7 0 0 0 0 0 
0 350 268 202 234 265 270 346 351 351 351 351 353 2 2 13 6 2 15 0 0 0 0 
0 0 267 268 270 279 278 346 351 330 351 351 351 351 2 24 16 9 23 77 102 0 0 
0 0 267 268 271 285 306 333 279 272 351 340 351 358 11 5 24 16 44 40 86 0 0 
0 0 0 269 269 271 340 268 331 253 272 351 351 351 1 5 0 107 106 106 84 40 0 
0 0 0 269 269 290 271 271 278 267 267 267 351 351 1 1 73 66 73 102 102 0 0 
0 0 0 0 269 203 172 262 199 172 108 126 351 351 5 105 104 120 81 102 0 0 0 
0 0 0 0 0 269 256 269 255 106 106 123 105 351 355 80 0 0 0 0 0 0 0 
0 0 0 0 0 0 0 0 205 0 0 0 0 343 351 0 0 0 0 0 0 0 0 
0 0 0 0 0 0 0 0 0 0 0 0 0 0 351 0 0 0 0 0 0 0 0 
0 0 0 0 0 0 0 0 0 0 0 0 0 0 254 0 0 0 0 0 0 0 0 
