test/output/hourly/051_000001_239_source.asc
ncols         23
nrows         32
xllcorner     565500.000000
yllcorner     5763700.000000
cellsize      100.000000
NODATA_value  255.000000
255 255 255 255 255 255 132 148 151 21 255 255 255 255 255 255 255 255 255 255 255 255 255 
255 255 255 255 255 128 134 132 20 17 255 255 255 255 255 255 255 255 255 255 255 255 255 
255 255 255 255 132 132 132 22 4 255 255 255 255 255 255 255 255 255 255 255 255 255 255 
255 255 255 134 134 132 132 4 144 255 150 20 20 255 255 255 255 255 255 255 255 255 255 
255 255 128 134 134 132 132 132 223 0 5 21 17 255 255 255 255 255 255 255 255 255 255 
255 255 134 134 134 134 134 132 132 63 16 73 73 255 255 255 255 255 255 255 255 255 255 
255 255 134 128 128 134 134 134 132 132 189 221 255 255 255 255 255 255 255 255 255 255 255 
255 134 134 134 134 132 128 128 132 148 21 17 133 21 255 130 4 16 255 255 255 255 255 
255 128 134 130 134 134 134 132 134 132 20 255 132 20 255 148 134 21 20 255 255 255 255 
255 130 134 166 134 134 134 134 132 4 16 1 130 4 128 151 150 21 21 255 255 255 255 
255 2 130 134 134 134 134 134 134 132 255 254 255 16 134 134 150 21 21 255 20 21 255 
130 134 130 6 134 134 134 134 128 132 132 23 16 1 130 128 134 20 21 21 21 85 85 
130 134 166 142 166 134 134 134 132 128 4 16 127 8 2 134 134 21 5 21 5 85 17 
174 134 134 10 34 134 134 134 134 134 132 221 245 255 110 2 128 4 21 85 85 85 93 
174 174 130 6 42 130 128 134 134 134 132 20 16 133 36 255 238 20 21 17 85 93 73 
34 2 174 132 125 255 132 130 134 134 132 4 95 135 132 151 20 21 21 85 93 255 255 
34 34 2 138 132 183 134 134 134 134 134 132 213 183 132 20 21 21 17 89 89 255 255 
34 162 168 255 142 130 166 128 128 134 132 150 148 20 4 21 20 17 1 73 73 255 255 
255 34 2 162 162 142 166 130 130 132 132 134 4 0 128 4 17 0 73 73 73 65 255 
255 40 255 138 2 162 130 130 134 134 6 132 149 255 255 20 21 81 40 106 0 255 255 
255 255 255 174 34 10 142 130 134 134 134 132 150 151 21 21 5 95 16 255 255 255 255 
255 132 255 2 170 138 162 134 130 134 134 134 134 149 149 21 21 21 255 255 255 255 255 
255 10 34 42 42 2 2 2 134 130 128 128 134 148 21 21 16 21 17 1 255 255 255 
255 255 42 34 42 10 2 130 130 142 134 132 134 151 21 21 21 17 1 1 65 255 255 
255 255 34 34 34 42 10 2 2 2 166 128 132 148 20 21 1 1 0 73 65 255 255 
255 255 255 34 2 34 2 2 2 10 10 2 134 132 20 21 255 72 72 72 73 65 255 
255 255 255 2 34 10 2 10 2 2 8 8 132 132 20 1 65 41 9 72 73 255 255 
255 255 255 255 34 32 42 42 40 8 72 72 2 134 21 73 73 64 105 73 255 255 255 
255 255 255 255 255 42 42 42 104 41 105 72 73 132 0 9 255 255 255 255 255 255 255 
255 255 255 255 255 255 255 255 40 255 255 255 255 134 20 255 255 255 255 255 255 255 255 
255 255 255 255 255 255 255 255 255 255 255 255 255 255 0 255 255 255 255 255 255 255 255 
255 255 255 255 255 255 255 255 255 255 255 255 255 255 0 255 255 255 255 255 255 255 255 
