test/output/hourly/051_000001_239_arrival.asc
ncols         23
nrows         32
xllcorner     565500.000000
yllcorner     5763700.000000
cellsize      100.000000
NODATA_value  0.000000
0.000000 0.000000 0.000000 0.000000 0.000000 0.000000 238.870609 238.870609 238.875000 238.875000 0.000000 0.000000 0.000000 0.000000 0.000000 0.000000 0.000000 0.000000 0.000000 0.000000 0.000000 0.000000 0.000000 
0.000000 0.000000 0.000000 0.000000 0.000000 238.863154 238.855699 238.848244 238.848244 238.855699 0.000000 0.000000 0.000000 0.000000 0.000000 0.000000 0.000000 0.000000 0.000000 0.000000 0.000000 0.000000 0.000000 
0.000000 0.000000 0.000000 0.000000 238.863154 238.848244 238.833333 238.833333 238.825467 0.000000 0.000000 0.000000 0.000000 0.000000 0.000000 0.000000 0.000000 0.000000 0.000000 0.000000 0.000000 0.000000 0.000000 
0.000000 0.000000 0.000000 238.870609 238.848244 238.831027 238.819907 238.814307 238.814307 0.000000 238.840788 238.840788 238.870609 0.000000 0.000000 0.000000 0.000000 0.000000 0.000000 0.000000 0.000000 0.000000 0.000000 
0.000000 0.000000 238.870609 238.855699 238.833333 238.819907 238.808708 238.797509 238.840788 238.791667 238.803108 238.825467 238.855699 0.000000 0.000000 0.000000 0.000000 0.000000 0.000000 0.000000 0.000000 0.000000 0.000000 
0.000000 0.000000 238.863154 238.840788 238.825467 238.808708 238.797509 238.787086 238.782965 238.840788 238.787086 238.825467 238.870609 0.000000 0.000000 0.000000 0.000000 0.000000 0.000000 0.000000 0.000000 0.000000 0.000000 
0.000000 0.000000 238.855699 238.825467 238.808708 238.797509 238.787086 238.778844 238.770603 238.770603 238.840788 238.840788 0.000000 0.000000 0.000000 0.000000 0.000000 0.000000 0.000000 0.000000 0.000000 0.000000 0.000000 
0.000000 238.870609 238.840788 238.819907 238.803108 238.787086 238.774724 238.766483 238.762362 238.762362 238.766483 238.774724 238.803108 238.840788 0.000000 238.870609 238.870609 238.863154 0.000000 0.000000 0.000000 0.000000 0.000000 
0.000000 238.855699 238.831027 238.808708 238.791206 238.782965 238.770603 238.758241 238.754121 238.750000 238.750000 238.840788 238.787086 238.787086 0.000000 238.840788 238.848244 238.848244 238.863154 0.000000 0.000000 0.000000 0.000000 
0.000000 238.855699 238.825467 238.808708 238.787086 238.770603 238.762362 238.750000 238.744988 238.741656 238.741656 238.766483 238.778844 238.774724 238.774724 238.840788 238.770603 238.770603 238.778844 0.000000 0.000000 0.000000 0.000000 
0.000000 238.848244 238.819907 238.797509 238.778844 238.766483 238.758241 238.744988 238.738324 238.731659 238.840788 238.840788 238.840788 238.766483 238.770603 238.762362 238.758241 238.758241 238.770603 0.000000 238.808708 238.833333 0.000000 
238.870609 238.848244 238.819907 238.791667 238.774724 238.762362 238.748320 238.738324 238.728327 238.724995 238.721662 238.754121 238.738324 238.766483 238.766483 238.748320 238.748320 238.744988 238.762362 238.778844 238.803108 238.831027 238.870609 
238.863154 238.840788 238.819907 238.791667 238.774724 238.758241 238.741656 238.734991 238.721662 238.714998 238.711666 238.711666 238.840788 238.774724 238.766483 238.748320 238.738324 238.738324 238.750000 238.770603 238.791667 238.825467 238.855699 
238.870609 238.831027 238.808708 238.791667 238.770603 238.750000 238.738324 238.728327 238.718330 238.711666 238.705907 238.754121 238.840788 0.000000 238.840788 238.744988 238.728327 238.728327 238.744988 238.766483 238.791206 238.819907 238.863154 
238.870609 238.831027 238.797509 238.787086 238.778844 238.744988 238.728327 238.721662 238.711666 238.705907 238.697559 238.697559 238.697559 238.840788 238.840788 0.000000 238.840788 238.721662 238.738324 238.758241 238.787086 238.819907 238.863154 
238.863154 238.825467 238.803108 238.778844 238.840788 238.840788 238.724995 238.711666 238.705907 238.700342 238.691994 238.689212 238.840788 238.840788 238.694777 238.840788 238.700342 238.714998 238.731659 238.758241 238.787086 0.000000 0.000000 
238.870609 238.831027 238.797509 238.778844 238.758241 238.840788 238.721662 238.711666 238.700342 238.694777 238.686429 238.683646 238.754121 238.840788 238.686429 238.686429 238.694777 238.705907 238.728327 238.758241 238.787086 0.000000 0.000000 
238.875000 238.840788 238.808708 238.840788 238.758241 238.734991 238.721662 238.703125 238.691994 238.689212 238.678024 238.678024 238.675185 238.675185 238.678024 238.680864 238.686429 238.703125 238.728327 238.762362 238.791206 0.000000 0.000000 
0.000000 238.840788 238.808708 238.778844 238.754121 238.738324 238.718330 238.700342 238.689212 238.680864 238.672346 238.669506 238.666667 238.666667 238.672346 238.672346 238.680864 238.711666 238.766483 238.778844 238.808708 238.840788 0.000000 
0.000000 238.863154 0.000000 238.782965 238.754121 238.734991 238.714998 238.697559 238.686429 238.678024 238.666667 238.660616 238.663584 238.840788 238.840788 238.666552 238.711666 238.754121 238.840788 238.840788 238.833333 0.000000 0.000000 
0.000000 0.000000 0.000000 238.791206 238.758241 238.738324 238.718330 238.697559 238.683646 238.672346 238.663584 238.654680 238.654680 238.654680 238.654680 238.660616 238.666667 238.840788 238.840788 0.000000 0.000000 0.000000 0.000000 
0.000000 238.875000 0.000000 238.787086 238.766483 238.744988 238.718330 238.700342 238.680864 238.666552 238.657648 238.651712 238.645776 238.645776 238.648744 238.651712 238.663584 238.678024 0.000000 0.000000 0.000000 0.000000 0.000000 
0.000000 238.875000 238.831027 238.797509 238.770603 238.744988 238.721662 238.700342 238.683646 238.663584 238.648744 238.639840 238.639840 238.636872 238.639840 238.645776 238.651712 238.678024 238.700342 238.728327 0.000000 0.000000 0.000000 
0.000000 0.000000 238.848244 238.808708 238.778844 238.750000 238.724995 238.705907 238.683646 238.666552 238.648744 238.633904 238.630936 238.630936 238.630936 238.636872 238.648744 238.675185 238.703125 238.731659 238.762362 0.000000 0.000000 
0.000000 0.000000 238.863154 238.825467 238.791206 238.766483 238.741656 238.711666 238.686429 238.663584 238.645776 238.627968 238.578697 238.578697 238.578697 238.630936 238.645776 238.678024 238.718330 238.754121 238.774724 0.000000 0.000000 
0.000000 0.000000 0.000000 238.840788 238.803108 238.774724 238.750000 238.721662 238.697559 238.672346 238.645776 238.583333 238.574994 238.567588 238.567588 238.578697 0.000000 238.754121 238.762362 238.774724 238.808708 238.840788 0.000000 
0.000000 0.000000 0.000000 238.863154 238.825467 238.791667 238.762362 238.748320 238.721662 238.683646 238.657648 238.648744 238.563885 238.560182 238.560182 238.571291 238.778844 238.803108 238.808708 238.814307 238.840788 0.000000 0.000000 
0.000000 0.000000 0.000000 0.000000 238.855699 238.819907 238.797509 238.778844 238.770603 238.770603 238.778844 238.782965 238.560182 238.552776 238.552776 238.819907 238.831027 238.840788 238.863154 238.870609 0.000000 0.000000 0.000000 
0.000000 0.000000 0.000000 0.000000 0.000000 238.870609 238.840788 238.825467 238.819907 238.825467 238.831027 238.831027 238.848244 238.540546 238.541667 238.875000 0.000000 0.000000 0.000000 0.000000 0.000000 0.000000 0.000000 
0.000000 0.000000 0.000000 0.000000 0.000000 0.000000 0.000000 0.000000 238.875000 0.000000 0.000000 0.000000 0.000000 238.531937 238.531937 0.000000 0.000000 0.000000 0.000000 0.000000 0.000000 0.000000 0.000000 
0.000000 0.000000 0.000000 0.000000 0.000000 0.000000 0.000000 0.000000 0.000000 0.000000 0.000000 0.000000 0.000000 0.000000 238.523329 0.000000 0.000000 0.000000 0.000000 0.000000 0.000000 0.000000 0.000000 
0.000000 0.000000 0.000000 0.000000 0.000000 0.000000 0.000000 0.000000 0.000000 0.000000 0.000000 0.000000 0.000000 0.000000 238.510417 0.000000 0.000000 0.000000 0.000000 0.000000 0.000000 0.000000 0.000000 
