test/output/hourly/054_000001_252_source.asc
ncols         32
nrows         36
xllcorner     564600.000000
yllcorner     5763700.000000
cellsize      100.000000
NODATA_value  255.000000
255 255 255 255 255 255 255 255 255 255 132 150 132 151 148 149 20 255 255 255 255 255 255 255 255 255 255 255 255 255 255 255 
255 255 255 255 255 255 255 255 134 134 150 150 134 151 151 5 21 21 20 255 255 255 255 255 255 255 255 255 255 255 255 255 
255 255 255 255 255 255 255 134 134 134 134 128 151 134 135 149 149 20 21 21 255 255 255 255 255 255 255 255 255 255 255 255 
255 255 255 255 255 255 134 134 134 134 134 134 134 134 134 151 149 21 21 21 21 255 255 255 255 255 255 255 255 255 255 255 
255 255 255 255 255 130 128 130 134 128 130 134 134 128 132 132 4 21 21 20 21 21 255 255 255 255 255 255 255 255 255 255 
255 255 255 255 255 130 130 130 130 134 130 134 128 130 128 132 132 149 20 16 5 1 255 255 255 255 255 255 255 255 255 255 
255 255 255 255 134 134 130 134 130 130 130 130 134 130 134 128 134 20 17 130 134 0 0 255 255 255 255 255 255 255 255 255 
255 255 255 130 134 128 134 130 134 130 134 130 134 130 130 130 2 128 255 2 0 20 128 255 255 255 255 255 255 255 255 255 
255 255 130 134 130 134 134 134 134 130 134 130 130 134 130 166 164 10 2 4 21 4 21 0 0 255 255 255 255 255 255 255 
255 130 128 130 134 128 130 130 130 134 134 134 162 130 130 130 130 128 0 16 1 4 5 21 1 255 255 255 255 255 255 255 
255 130 130 134 130 134 130 134 134 130 134 134 134 132 166 174 162 130 4 2 0 20 17 1 5 255 255 255 255 255 255 255 
130 130 130 134 134 130 134 130 128 130 134 128 134 134 134 150 132 34 4 4 17 1 0 255 198 4 17 255 255 255 255 255 
130 166 130 166 130 130 130 130 130 130 134 134 134 134 134 134 132 132 4 4 0 16 4 255 4 5 17 255 255 255 255 255 
162 162 162 162 166 130 162 130 130 130 130 130 166 134 130 134 128 4 4 16 1 130 4 21 159 148 0 1 255 255 255 255 
130 162 130 130 174 174 166 166 162 162 130 162 130 130 166 174 130 4 4 23 130 175 20 1 1 0 4 21 255 4 17 255 
162 162 162 34 162 162 162 170 162 162 162 162 174 162 170 174 162 4 20 132 0 16 1 130 130 134 4 5 5 17 1 85 
34 162 34 162 162 34 34 34 34 34 34 170 170 42 170 10 42 132 132 20 16 47 34 162 138 134 20 21 1 81 73 65 
34 170 170 34 42 34 34 42 34 170 42 34 42 42 42 42 42 134 150 148 0 60 255 110 34 128 5 1 1 65 65 73 
42 34 34 170 42 34 34 42 42 42 42 42 42 42 42 42 134 134 134 148 20 17 2 168 255 238 20 8 89 81 73 255 
255 34 42 42 170 34 42 34 42 34 42 42 40 72 42 40 134 132 134 148 21 73 44 132 150 16 1 8 73 65 17 255 
255 34 42 42 42 42 42 34 34 42 42 42 8 64 191 42 72 134 134 151 149 0 158 132 20 5 72 72 73 65 255 255 
255 255 42 42 32 42 42 42 42 8 42 8 107 2 32 8 8 2 2 2 131 5 0 132 20 4 21 73 73 64 255 255 
255 255 255 42 42 42 42 42 42 40 40 72 34 40 107 73 73 64 6 128 132 2 1 128 4 0 1 73 65 73 65 255 
255 255 255 255 42 42 42 32 42 106 107 107 40 8 104 73 72 73 0 16 132 132 255 255 20 0 1 8 8 72 255 255 
255 255 255 255 255 42 42 42 106 106 105 106 10 8 73 233 132 128 0 134 132 150 150 149 21 21 0 0 255 255 255 255 
255 255 255 255 255 255 255 255 255 40 255 42 40 104 134 134 134 134 128 134 134 134 151 151 21 21 65 255 255 255 255 255 
255 255 255 255 255 255 255 255 255 255 255 255 130 130 128 166 134 134 128 2 132 150 150 149 21 1 89 65 21 255 255 255 
255 255 255 255 255 255 255 255 255 255 255 255 162 130 134 134 134 134 130 134 134 134 151 151 21 72 73 65 93 85 255 255 
255 255 255 255 255 255 255 255 255 255 255 255 130 174 166 166 166 130 166 130 134 132 132 20 1 73 73 65 93 93 255 255 
255 255 255 255 255 255 255 255 255 255 255 255 34 162 34 170 170 170 170 34 42 2 132 20 72 255 72 73 89 89 255 255 
255 255 255 255 255 255 255 255 255 255 255 255 34 34 10 34 42 42 10 32 32 40 132 20 73 64 8 73 65 65 255 255 
255 255 255 255 255 255 255 255 255 255 255 255 255 34 34 34 42 42 32 10 42 104 134 21 73 105 73 73 73 73 255 255 
255 255 255 255 255 255 255 255 255 255 255 255 255 42 32 42 32 42 42 42 40 107 132 1 73 72 73 73 72 255 255 255 
255 255 255 255 255 255 255 255 255 255 255 255 255 255 42 42 42 42 106 106 104 107 128 4 73 105 73 73 255 255 255 255 
255 255 255 255 255 255 255 255 255 255 255 255 255 255 255 255 255 255 32 107 107 107 8 0 73 255 255 255 255 255 255 255 
255 255 255 255 255 255 255 255 255 255 255 255 255 255 255 255 255 255 255 255 255 255 255 0 255 255 255 255 255 255 255 255 
