test/output/hourly/054_000001_252_ros.asc
ncols         32
nrows         36
xllcorner     564600.000000
yllcorner     5763700.000000
cellsize      100.000000
NODATA_value  0.000000
0.000000 0.000000 0.000000 0.000000 0.000000 0.000000 0.000000 0.000000 0.000000 0.000000 2.916120 1.723375 2.488819 1.648783 1.990789 3.150901 2.009156 0.000000 0.000000 0.000000 0.000000 0.000000 0.000000 0.000000 0.000000 0.000000 0.000000 0.000000 0.000000 0.000000 0.000000 0.000000 
0.000000 0.000000 0.000000 0.000000 0.000000 0.000000 0.000000 0.000000 3.182557 2.988602 2.009135 3.207445 5.164748 7.135595 3.642881 2.832652 1.796576 1.648735 1.820057 0.000000 0.000000 0.000000 0.000000 0.000000 0.000000 0.000000 0.000000 0.000000 0.000000 0.000000 0.000000 0.000000 
0.000000 0.000000 0.000000 0.000000 0.000000 0.000000 0.000000 2.836844 3.207460 2.485603 5.336292 5.830264 1.693387 1.693387 3.581396 6.925759 6.818063 3.695186 3.092681 2.009154 0.000000 0.000000 0.000000 0.000000 0.000000 0.000000 0.000000 0.000000 0.000000 0.000000 0.000000 0.000000 
0.000000 0.000000 0.000000 0.000000 0.000000 0.000000 3.156313 2.566736 6.878893 6.730160 6.440453 6.251340 1.717842 1.717842 6.847770 6.895226 3.562182 3.416586 3.092688 3.695186 2.009140 0.000000 0.000000 0.000000 0.000000 0.000000 0.000000 0.000000 0.000000 0.000000 0.000000 0.000000 
0.000000 0.000000 0.000000 0.000000 0.000000 3.160381 2.901954 6.440453 5.807738 6.038727 6.895226 6.186062 7.563258 6.301771 7.449201 6.321841 6.341416 2.893483 3.375761 3.523392 3.375761 1.723405 0.000000 0.000000 0.000000 0.000000 0.000000 0.000000 0.000000 0.000000 0.000000 0.000000 
0.000000 0.000000 0.000000 0.000000 0.000000 3.156313 3.016627 6.730160 6.440453 6.601404 5.528918 6.582690 6.867717 7.979737 7.205425 5.359700 5.677356 4.018911 3.648469 2.748347 2.772085 1.990864 0.000000 0.000000 0.000000 0.000000 0.000000 0.000000 0.000000 0.000000 0.000000 0.000000 
0.000000 0.000000 0.000000 0.000000 2.481840 3.161902 6.251340 5.807738 6.038727 6.831759 6.831834 7.722625 8.013948 7.449201 6.634727 5.973389 7.539071 3.260227 2.977466 1.203490 1.056522 1.056522 1.056579 0.000000 0.000000 0.000000 0.000000 0.000000 0.000000 0.000000 0.000000 0.000000 
0.000000 0.000000 0.000000 3.016627 2.566736 5.563778 6.038727 6.730160 5.563778 5.807505 6.608495 7.364265 8.034351 8.034351 8.034351 7.417673 7.538791 6.244705 0.000000 1.037983 0.436253 7.314477 0.857547 0.000000 0.000000 0.000000 0.000000 0.000000 0.000000 0.000000 0.000000 0.000000 
0.000000 0.000000 3.067820 2.734088 6.942418 6.895226 6.823453 6.038727 6.038727 5.312209 7.448874 7.906075 7.837993 6.867829 7.364419 6.647143 5.499794 1.019717 6.171589 9.944140 9.944140 7.011015 7.314477 0.314412 0.089236 0.000000 0.000000 0.000000 0.000000 0.000000 0.000000 0.000000 
0.000000 3.116959 2.924259 6.895226 6.894881 6.823453 6.440453 6.251340 8.033950 8.033950 8.033950 5.669800 7.906075 7.925943 7.417654 7.417670 7.468238 7.487772 1.001695 9.354136 9.293104 6.565557 6.565666 7.464178 7.464178 0.000000 0.000000 0.000000 0.000000 0.000000 0.000000 0.000000 
0.000000 3.116965 3.067110 6.801198 6.847886 6.895226 6.895226 8.034351 7.925851 7.979694 7.979643 7.979643 7.979649 7.167562 5.824096 7.417592 7.487782 7.487782 8.148411 0.219232 0.263944 8.259760 8.284346 7.247149 0.778290 0.000000 0.000000 0.000000 0.000000 0.000000 0.000000 0.000000 
3.111690 3.116956 6.801142 6.801198 6.785444 6.801181 7.925966 7.925966 6.867661 7.609636 6.608457 5.669706 7.518865 6.152337 5.525441 3.239851 5.499794 7.468204 7.180127 8.172736 8.172736 8.284346 0.264313 0.000000 0.792514 3.946318 3.600442 0.000000 0.000000 0.000000 0.000000 0.000000 
3.111652 3.028708 6.801093 6.732460 6.785434 6.785434 7.926044 7.926036 7.925851 7.979672 7.959582 6.717589 7.518848 7.518845 6.717641 7.519219 5.843179 5.207377 8.117293 7.031565 0.218682 8.089643 8.228935 0.000000 1.015797 0.240116 1.095446 0.000000 0.000000 0.000000 0.000000 0.000000 
3.156313 3.161902 6.785445 6.801198 6.801173 6.801173 7.838040 7.926055 7.926044 7.925851 7.979672 7.487544 7.538706 7.538694 6.446378 6.903934 5.892321 5.368597 6.983299 6.983299 7.031565 6.856786 7.031488 8.117209 3.608242 3.260303 0.079956 0.155859 0.000000 0.000000 0.000000 0.000000 
3.161902 3.161902 6.801181 6.801188 6.801173 6.801173 7.926050 7.906301 7.838040 7.906125 7.487651 7.468003 7.487651 7.538701 7.538694 6.922483 6.903934 6.983299 7.031726 2.623253 7.539071 3.813587 6.983299 8.117104 6.711188 1.288531 6.791783 6.791783 0.000000 8.061773 8.061773 0.000000 
3.161902 3.161902 6.895226 6.785468 6.895226 6.895226 8.013948 7.926036 7.906261 7.838040 7.399263 7.468113 7.399263 7.448699 7.165139 6.837866 6.922483 7.031498 7.031498 9.342677 0.151276 6.447570 6.983299 6.874968 0.479313 7.459896 6.791783 6.791783 6.839513 7.394887 8.006665 2.035603 
3.156313 3.156313 6.878893 6.925803 6.895226 6.878893 8.034351 7.906294 7.926027 7.838037 7.468208 7.468208 7.350083 7.399315 7.468169 6.856764 6.903934 9.496072 9.496051 9.373489 8.982125 0.745090 6.828093 6.903934 0.475690 7.562800 6.983299 6.886959 6.650582 3.693553 3.581382 1.628186 
3.156313 3.138461 6.823453 6.942418 6.895226 6.878893 7.656780 6.321841 7.906178 7.906030 7.818770 7.335711 7.335711 7.335985 6.054959 6.326735 6.856688 9.496051 9.495918 9.431708 0.151276 0.180195 0.000000 1.002013 0.419629 9.305029 8.871870 5.704033 1.251042 3.274034 2.967860 2.100017 
3.207420 3.184524 6.942439 6.942439 6.878893 6.730160 7.926036 7.906196 7.925797 7.925797 7.925804 7.906171 7.487749 7.468208 4.247499 5.768256 9.625153 9.495982 9.431764 9.431649 9.405594 9.279361 1.019733 0.946111 0.000000 0.264720 8.871870 3.871129 2.912660 3.273956 2.052505 0.000000 
0.000000 3.034551 3.160333 6.283858 6.641942 6.894893 6.894893 7.925911 7.837836 7.906078 5.973381 7.925898 6.867980 3.693636 3.494056 4.597921 9.690606 9.495990 9.431764 9.431740 9.311008 4.062140 1.015826 11.035925 0.180195 10.399695 7.034424 5.358030 2.720074 2.847617 0.702101 0.000000 
0.000000 2.972270 2.397600 5.830273 6.729824 5.312205 6.251133 6.785359 7.818334 7.818334 6.805005 7.906171 6.282445 3.373511 2.769910 4.780817 3.373633 9.495990 9.431764 9.431740 9.431708 0.152413 0.180195 11.035925 10.885655 9.091305 3.239862 2.698647 3.198981 2.908569 0.000000 0.000000 
0.000000 0.000000 3.108583 2.813422 6.823130 5.563637 5.784977 6.218673 5.288482 7.871482 7.925966 5.351708 3.600475 7.959620 5.669718 5.357913 5.056738 9.496113 8.982200 9.495918 9.431708 9.311055 9.431708 11.035925 10.682237 9.373598 2.741819 3.239862 2.954341 3.580593 0.000000 0.000000 
0.000000 0.000000 0.000000 2.398176 2.724823 5.528967 6.800207 6.801069 6.785364 6.599798 5.529157 3.600470 6.785463 5.529112 3.183111 3.160606 3.137972 2.815049 9.368383 11.035925 11.035925 9.311055 9.311055 11.108072 11.076011 9.373597 1.260311 3.357896 3.625771 3.542895 1.260671 0.000000 
0.000000 0.000000 0.000000 0.000000 2.479801 3.138811 3.161746 6.643312 6.847739 3.183121 5.750219 2.884628 4.440126 4.348500 3.457026 3.436885 3.137970 2.815049 9.496113 5.533458 10.379053 10.448870 7.165474 3.239862 10.299763 0.098739 0.128296 1.254025 3.780219 3.476707 0.000000 0.000000 
0.000000 0.000000 0.000000 0.000000 0.000000 3.161746 3.161744 3.161745 2.163802 1.973004 2.035599 2.653252 5.790009 4.806473 2.968172 1.963380 3.067689 5.045365 5.555109 10.962076 10.379069 10.035094 10.164948 9.757866 10.231911 10.368110 0.221338 0.408921 0.000000 0.000000 0.000000 0.000000 
0.000000 0.000000 0.000000 0.000000 0.000000 0.000000 0.000000 0.000000 0.000000 2.398179 0.000000 3.161902 2.294096 1.546148 3.138307 5.058712 6.847830 6.520330 4.804852 10.379128 10.379251 10.379251 10.035264 10.035077 10.301291 10.418346 2.896479 0.000000 0.000000 0.000000 0.000000 0.000000 
0.000000 0.000000 0.000000 0.000000 0.000000 0.000000 0.000000 0.000000 0.000000 0.000000 0.000000 0.000000 3.108606 2.562317 6.731690 6.686500 5.710977 6.785365 5.288271 10.233442 10.379269 10.233685 10.035277 10.233646 10.099999 9.880909 2.741883 2.871526 2.787688 0.000000 0.000000 0.000000 
0.000000 0.000000 0.000000 0.000000 0.000000 0.000000 0.000000 0.000000 0.000000 0.000000 0.000000 0.000000 3.139233 3.094487 5.955686 6.847859 5.710977 6.801112 7.926011 7.906136 10.379269 10.379269 10.519687 10.370169 10.165779 3.416949 2.741883 2.886215 2.945301 2.151797 0.000000 0.000000 
0.000000 0.000000 0.000000 0.000000 0.000000 0.000000 0.000000 0.000000 0.000000 0.000000 0.000000 0.000000 3.116941 3.111680 6.801142 6.777565 5.653232 6.801144 7.925993 7.925911 7.837787 10.519687 10.519687 9.881403 9.106532 3.397365 3.648469 2.872032 2.945369 2.220165 0.000000 0.000000 
0.000000 0.000000 0.000000 0.000000 0.000000 0.000000 0.000000 0.000000 0.000000 0.000000 0.000000 0.000000 3.111663 3.111697 6.692957 6.693026 6.785448 6.520465 7.838011 7.906184 7.925851 10.519687 9.684541 9.353426 3.648469 0.000000 3.299157 5.053324 3.137976 1.990905 0.000000 0.000000 
0.000000 0.000000 0.000000 0.000000 0.000000 0.000000 0.000000 0.000000 0.000000 0.000000 0.000000 0.000000 3.111694 3.116965 6.801195 5.927629 6.801162 6.785436 7.926047 7.722713 6.867950 7.656780 9.684541 9.353426 2.893483 3.299157 3.999444 3.115261 2.771969 1.820088 0.000000 0.000000 
0.000000 0.000000 0.000000 0.000000 0.000000 0.000000 0.000000 0.000000 0.000000 0.000000 0.000000 0.000000 0.000000 3.111697 3.111697 6.785346 6.732393 6.801175 5.983101 5.060836 8.013948 3.816954 9.684541 9.353426 3.416586 2.922603 3.115278 3.137978 1.953660 2.009134 0.000000 0.000000 
0.000000 0.000000 0.000000 0.000000 0.000000 0.000000 0.000000 0.000000 0.000000 0.000000 0.000000 0.000000 0.000000 3.116923 2.860268 6.366802 5.546162 6.732410 5.045313 5.983066 4.139390 6.823453 9.816209 9.476018 2.922673 2.771613 3.918208 1.843202 1.854503 0.000000 0.000000 0.000000 
0.000000 0.000000 0.000000 0.000000 0.000000 0.000000 0.000000 0.000000 0.000000 0.000000 0.000000 0.000000 0.000000 0.000000 3.116927 3.111668 2.715482 6.732393 3.600449 3.457047 3.457049 2.968172 9.475988 9.816209 3.137976 1.982477 1.865973 1.982443 0.000000 0.000000 0.000000 0.000000 
0.000000 0.000000 0.000000 0.000000 0.000000 0.000000 0.000000 0.000000 0.000000 0.000000 0.000000 0.000000 0.000000 0.000000 0.000000 0.000000 0.000000 0.000000 2.320701 2.044130 1.866030 1.854656 1.963378 9.816193 1.843202 0.000000 0.000000 0.000000 0.000000 0.000000 0.000000 0.000000 
0.000000 0.000000 0.000000 0.000000 0.000000 0.000000 0.000000 0.000000 0.000000 0.000000 0.000000 0.000000 0.000000 0.000000 0.000000 0.000000 0.000000 0.000000 0.000000 0.000000 0.000000 0.000000 0.000000 -1.000000 0.000000 0.000000 0.000000 0.000000 0.000000 0.000000 0.000000 0.000000 
