test/output/hourly/054_000001_252_arrival.asc
ncols         32
nrows         36
xllcorner     564600.000000
yllcorner     5763700.000000
cellsize      100.000000
NODATA_value  0.000000
0.000000 0.000000 0.000000 0.000000 0.000000 0.000000 0.000000 0.000000 0.000000 0.000000 251.875000 251.875000 251.865301 251.873293 251.865301 251.873293 251.873293 0.000000 0.000000 0.000000 0.000000 0.000000 0.000000 0.000000 0.000000 0.000000 0.000000 0.000000 0.000000 0.000000 0.000000 0.000000 
0.000000 0.000000 0.000000 0.000000 0.000000 0.000000 0.000000 0.000000 251.873293 251.865301 251.857309 251.849317 251.750000 251.750000 251.750000 251.750000 251.841325 251.849317 251.865301 0.000000 0.000000 0.000000 0.000000 0.000000 0.000000 0.000000 0.000000 0.000000 0.000000 0.000000 0.000000 0.000000 
0.000000 0.000000 0.000000 0.000000 0.000000 0.000000 0.000000 251.865301 251.857309 251.841325 251.748726 251.737709 251.741382 251.734037 251.734037 251.734037 251.737709 251.737709 251.750000 251.865301 0.000000 0.000000 0.000000 0.000000 0.000000 0.000000 0.000000 0.000000 0.000000 0.000000 0.000000 0.000000 
0.000000 0.000000 0.000000 0.000000 0.000000 0.000000 251.873293 251.849317 251.750000 251.741382 251.737709 251.730365 251.723021 251.719349 251.715677 251.715677 251.715677 251.723021 251.734037 251.748726 251.857309 0.000000 0.000000 0.000000 0.000000 0.000000 0.000000 0.000000 0.000000 0.000000 0.000000 0.000000 
0.000000 0.000000 0.000000 0.000000 0.000000 251.873293 251.849317 251.748726 251.745054 251.730365 251.723021 251.715677 251.707935 251.701586 251.698411 251.695237 251.695237 251.701586 251.715677 251.726693 251.745054 251.873293 0.000000 0.000000 0.000000 0.000000 0.000000 0.000000 0.000000 0.000000 0.000000 0.000000 
0.000000 0.000000 0.000000 0.000000 0.000000 251.865301 251.841325 251.745054 251.734037 251.726693 251.715677 251.707935 251.698411 251.692062 251.685713 251.682539 251.679365 251.685713 251.688888 251.707935 251.737709 251.857309 0.000000 0.000000 0.000000 0.000000 0.000000 0.000000 0.000000 0.000000 0.000000 0.000000 
0.000000 0.000000 0.000000 0.000000 251.873293 251.857309 251.748726 251.741382 251.730365 251.723021 251.712005 251.701586 251.698411 251.685713 251.679365 251.669841 251.666667 251.665339 251.669841 251.682539 251.638645 251.628635 251.628635 0.000000 0.000000 0.000000 0.000000 0.000000 0.000000 0.000000 0.000000 0.000000 
0.000000 0.000000 0.000000 251.865301 251.849317 251.748726 251.745054 251.734037 251.726693 251.715677 251.707935 251.698411 251.692062 251.682539 251.676190 251.665339 251.655328 251.648655 0.000000 251.628635 251.628635 239.611421 251.628635 0.000000 0.000000 0.000000 0.000000 0.000000 0.000000 0.000000 0.000000 0.000000 
0.000000 0.000000 251.865301 251.849317 251.748726 251.741382 251.734037 251.726693 251.719349 251.712005 251.704760 251.695237 251.685713 251.679365 251.669841 251.665339 251.655328 251.651992 251.638645 239.600399 239.603155 239.589093 239.589093 251.628635 241.458333 0.000000 0.000000 0.000000 0.000000 0.000000 0.000000 0.000000 
0.000000 251.873293 251.849317 251.748726 251.741382 251.730365 251.723021 251.715677 251.707935 251.701586 251.698411 251.692062 251.685713 251.676190 251.665339 251.658665 251.648655 251.638645 251.628635 239.589093 239.600399 239.578429 239.581759 239.594793 239.608666 0.000000 0.000000 0.000000 0.000000 0.000000 0.000000 0.000000 
0.000000 251.857309 251.841325 251.745054 251.734037 251.726693 251.715677 251.707935 251.701586 251.692062 251.688888 251.682539 251.676190 251.669841 251.665339 251.662002 251.648655 251.638645 239.575100 251.628635 251.628635 239.565111 239.581759 239.594793 251.712005 0.000000 0.000000 0.000000 0.000000 0.000000 0.000000 0.000000 
251.873293 251.849317 251.748726 251.741382 251.730365 251.719349 251.708333 251.701586 251.692062 251.685713 251.682539 251.669841 251.665339 251.658665 251.651992 251.651992 251.645318 251.638645 239.558452 239.555123 239.555123 239.565111 251.628635 0.000000 251.712005 251.712005 251.723021 0.000000 0.000000 0.000000 0.000000 0.000000 
251.865301 251.849317 251.745054 251.737709 251.726693 251.715677 251.704760 251.698411 251.688888 251.679365 251.673016 251.665339 251.658665 251.651992 251.645318 251.638645 251.628635 251.628635 239.548418 239.538691 251.628635 239.561782 239.551793 0.000000 251.628635 251.676190 251.712005 0.000000 0.000000 0.000000 0.000000 0.000000 
251.865301 251.841325 251.745054 251.734037 251.726693 251.712005 251.704760 251.695237 251.685713 251.676190 251.669841 251.658665 251.655328 251.645318 251.631971 251.625000 251.614781 239.541667 239.530953 239.527084 239.541667 251.625000 239.541667 239.548418 251.628635 251.628635 241.458333 241.458333 0.000000 0.000000 0.000000 0.000000 
251.857309 251.841325 251.741382 251.730365 251.726693 251.715677 251.704760 251.695237 251.685713 251.676190 251.666667 251.658665 251.648655 251.638645 251.631971 251.625000 251.610850 239.523215 239.515476 251.628635 251.628635 251.628635 239.534822 239.548418 239.571770 251.500000 239.538691 239.538691 0.000000 239.548418 239.558452 0.000000 
251.857309 251.841325 251.741382 251.730365 251.723021 251.712005 251.701586 251.695237 251.685713 251.676190 251.666667 251.658665 251.651992 251.638645 251.631971 251.625000 251.610850 239.507738 239.503869 238.750000 241.458333 239.515476 239.534822 251.595126 251.478813 243.708333 239.523215 239.527084 239.534822 239.545042 239.561782 251.857309 
251.857309 251.841325 251.741382 251.734037 251.723021 251.712005 251.701586 251.695237 251.685713 251.676190 251.666667 251.662002 251.651992 251.641982 251.635308 251.625000 251.614781 238.745949 238.743083 238.743083 238.743083 251.628635 251.602988 251.595126 251.499292 243.702897 239.511607 239.515476 239.530953 251.673016 251.737709 251.849317 
251.865301 251.849317 251.748726 251.734037 251.726693 251.715677 251.704760 251.698411 251.688888 251.682539 251.673016 251.662002 251.655328 251.648655 251.638645 251.631971 251.625000 238.743083 238.740217 238.737350 241.458333 251.628635 0.000000 251.628635 251.499292 238.748816 238.750000 239.515476 251.500000 251.673016 251.741382 251.865301 
251.875000 251.849317 251.748726 251.741382 251.730365 251.719349 251.707935 251.701586 251.695237 251.685713 251.679365 251.669841 251.662002 251.655328 251.648655 251.641982 238.750000 238.734484 238.731617 238.728751 238.728751 238.731617 251.628635 251.628635 0.000000 251.628635 238.743083 251.599057 251.645318 251.673016 251.857309 0.000000 
0.000000 251.857309 251.841325 251.745054 251.737709 251.723021 251.719349 251.704760 251.698411 251.688888 251.682539 251.679365 251.669841 251.669841 251.662002 251.658665 238.745949 238.737350 238.725884 238.722959 238.725884 251.628635 251.628635 238.691503 251.628635 238.693987 243.677536 251.618712 251.648655 251.673016 251.849317 0.000000 
0.000000 251.865301 251.857309 251.748726 251.741382 251.734037 251.726693 251.712005 251.704760 251.698411 251.692062 251.692062 251.685713 251.688888 251.712005 251.679365 251.679365 238.734484 238.717109 238.717109 238.717109 241.458333 251.628635 238.684052 238.684052 238.711259 251.635308 251.638645 251.658665 251.679365 0.000000 0.000000 
0.000000 0.000000 251.873293 251.849317 251.745054 251.741382 251.730365 251.726693 251.715677 251.708333 251.707935 251.701586 251.712005 251.701586 251.692062 251.695237 251.701586 238.728751 238.711259 238.711259 238.711259 238.711259 238.711259 238.679085 238.679085 238.711259 251.638645 251.662002 251.676190 251.695237 0.000000 0.000000 
0.000000 0.000000 0.000000 251.865301 251.849317 251.748726 251.745054 251.734037 251.730365 251.723021 251.719349 251.719349 251.719349 251.712005 251.715677 251.715677 251.719349 251.734037 238.717109 238.676601 238.674118 238.711259 238.711259 238.671634 238.671634 238.711259 251.500000 251.666667 251.692062 251.723021 251.745054 0.000000 
0.000000 0.000000 0.000000 0.000000 251.865301 251.849317 251.841325 251.745054 251.745054 251.741382 251.741382 251.741382 251.730365 251.726693 251.730365 251.734037 251.737709 251.750000 238.711259 239.503869 238.666667 238.666667 251.628635 251.628635 238.666667 241.458333 241.458333 251.712005 251.723021 251.734037 0.000000 0.000000 
0.000000 0.000000 0.000000 0.000000 0.000000 251.875000 251.865301 251.857309 251.857309 251.849317 251.849317 251.849317 251.750000 251.745054 251.750000 251.849317 251.841325 251.748726 239.503869 238.669150 238.661546 238.661546 238.658940 238.658940 238.661546 238.666667 251.628635 251.666667 0.000000 0.000000 0.000000 0.000000 
0.000000 0.000000 0.000000 0.000000 0.000000 0.000000 0.000000 0.000000 0.000000 251.873293 0.000000 251.875000 251.865301 251.865301 251.857309 251.750000 251.745054 251.737709 251.730365 238.664151 238.656335 238.653730 238.653730 238.653730 238.653730 238.658940 251.641982 0.000000 0.000000 0.000000 0.000000 0.000000 
0.000000 0.000000 0.000000 0.000000 0.000000 0.000000 0.000000 0.000000 0.000000 0.000000 0.000000 0.000000 251.873293 251.857309 251.750000 251.748726 251.737709 251.726693 251.715677 238.658940 238.648519 238.648519 238.645913 238.645913 238.648519 238.653730 251.651992 251.676190 251.737709 0.000000 0.000000 0.000000 
0.000000 0.000000 0.000000 0.000000 0.000000 0.000000 0.000000 0.000000 0.000000 0.000000 0.000000 0.000000 251.873293 251.849317 251.750000 251.741382 251.730365 251.719349 251.707935 251.701586 238.645913 238.640703 238.640703 238.640703 238.640703 251.635308 251.655328 251.682539 251.737709 251.857309 0.000000 0.000000 
0.000000 0.000000 0.000000 0.000000 0.000000 0.000000 0.000000 0.000000 0.000000 0.000000 0.000000 0.000000 251.865301 251.857309 251.748726 251.737709 251.726693 251.715677 251.707935 251.695237 251.688888 238.632886 238.630281 238.630281 238.635492 251.658665 251.669841 251.688888 251.737709 251.857309 0.000000 0.000000 
0.000000 0.000000 0.000000 0.000000 0.000000 0.000000 0.000000 0.000000 0.000000 0.000000 0.000000 0.000000 251.865301 251.849317 251.745054 251.737709 251.726693 251.719349 251.707935 251.695237 251.688888 238.630281 238.622950 238.622950 251.673016 0.000000 251.685713 251.704760 251.737709 251.857309 0.000000 0.000000 
0.000000 0.000000 0.000000 0.000000 0.000000 0.000000 0.000000 0.000000 0.000000 0.000000 0.000000 0.000000 251.873293 251.849317 251.750000 251.737709 251.730365 251.723021 251.708333 251.698411 251.692062 251.688888 238.617291 238.617291 251.692062 251.701586 251.707935 251.723021 251.737709 251.857309 0.000000 0.000000 
0.000000 0.000000 0.000000 0.000000 0.000000 0.000000 0.000000 0.000000 0.000000 0.000000 0.000000 0.000000 0.000000 251.857309 251.841325 251.741382 251.737709 251.726693 251.715677 251.708333 251.707935 251.704760 238.611631 238.611631 251.715677 251.726693 251.726693 251.741382 251.849317 251.873293 0.000000 0.000000 
0.000000 0.000000 0.000000 0.000000 0.000000 0.000000 0.000000 0.000000 0.000000 0.000000 0.000000 0.000000 0.000000 251.875000 251.849317 251.750000 251.741382 251.737709 251.730365 251.726693 251.723021 251.726693 238.603142 238.605972 251.734037 251.737709 251.748726 251.849317 251.865301 0.000000 0.000000 0.000000 
0.000000 0.000000 0.000000 0.000000 0.000000 0.000000 0.000000 0.000000 0.000000 0.000000 0.000000 0.000000 0.000000 0.000000 251.873293 251.865301 251.849317 251.750000 251.748726 251.745054 251.741382 251.745054 238.597482 238.597482 251.750000 251.857309 251.865301 251.875000 0.000000 0.000000 0.000000 0.000000 
0.000000 0.000000 0.000000 0.000000 0.000000 0.000000 0.000000 0.000000 0.000000 0.000000 0.000000 0.000000 0.000000 0.000000 0.000000 0.000000 0.000000 0.000000 251.849317 251.857309 251.857309 251.857309 251.849317 238.591823 251.873293 0.000000 0.000000 0.000000 0.000000 0.000000 0.000000 0.000000 
0.000000 0.000000 0.000000 0.000000 0.000000 0.000000 0.000000 0.000000 0.000000 0.000000 0.000000 0.000000 0.000000 0.000000 0.000000 0.000000 0.000000 0.000000 0.000000 0.000000 0.000000 0.000000 0.000000 238.510417 0.000000 0.000000 0.000000 0.000000 0.000000 0.000000 0.000000 0.000000 
