test/output/hourly/054_000001_252_intensity.asc
ncols         32
nrows         36
xllcorner     564600.000000
yllcorner     5763700.000000
cellsize      100.000000
NODATA_value  0.000000
0 0 0 0 0 0 0 0 0 0 1868 1104 1599 1056 1279 2018 1287 0 0 0 0 0 0 0 0 0 0 0 0 0 0 0 
0 0 0 0 0 0 0 0 2038 1914 1287 2054 2555 5327 2719 2114 1154 1056 1166 0 0 0 0 0 0 0 0 0 0 0 0 0 
0 0 0 0 0 0 0 1817 2054 1592 3971 4334 540 540 2656 5148 5073 2749 2301 1287 0 0 0 0 0 0 0 0 0 0 0 0 
0 0 0 0 0 0 2016 1639 5107 4997 4782 4641 548 548 5079 5120 2645 2536 2301 2749 1287 0 0 0 0 0 0 0 0 0 0 0 
0 0 0 0 0 2021 1856 4782 4312 4484 5120 4583 5737 4785 5662 4805 4824 2199 2512 2622 2512 1104 0 0 0 0 0 0 0 0 0 0 
0 0 0 0 0 2016 1926 4997 4782 4901 4096 4993 5210 6059 5477 4074 4315 3054 2773 1414 2062 1279 0 0 0 0 0 0 0 0 0 0 
0 0 0 0 1585 2019 4641 4312 4484 5067 5067 5858 6091 5662 5043 4531 5677 2452 2263 515 449 449 449 0 0 0 0 0 0 0 0 0 
0 0 0 1926 1639 4131 4484 4997 4131 4312 5018 5586 6107 6107 6107 5574 5677 3090 0 441 185 5627 365 0 0 0 0 0 0 0 0 0 
0 0 1959 1746 5160 5120 5066 4484 4484 3944 5662 5997 5946 5210 5587 4995 4133 434 3054 8924 8924 5394 5627 133 36 0 0 0 0 0 0 0 
0 1985 1862 5120 5119 5066 4782 4641 6106 6106 6106 4305 5997 6013 5574 5574 5618 5632 426 9439 8360 4933 4933 5767 5767 0 0 0 0 0 0 0 
0 1985 1953 5038 5079 5120 5120 6107 6012 6059 6059 6059 6059 5443 4381 5574 5632 5632 8125 93 112 8247 8271 5615 330 0 0 0 0 0 0 0 
1981 1985 5038 5038 5027 5038 6013 6013 5210 5778 5018 4305 5662 4633 4160 2439 4133 5618 7160 8149 8149 8271 112 0 336 2923 2667 0 0 0 0 0 
1981 1928 5038 4987 5027 5027 6013 6013 6012 6059 6044 5058 5662 5662 5058 5662 4400 3921 8089 6905 93 8072 8211 0 432 102 358 0 0 0 0 0 
2016 2019 5027 5038 5038 5038 5946 6013 6013 6012 6059 5632 5677 5677 4854 5129 4378 5268 6853 6853 6905 5089 6905 8089 2714 2452 32 63 0 0 0 0 
2019 2019 5038 5038 5038 5038 6013 5998 5946 5997 5632 5617 5632 5677 5677 5143 5129 6853 6906 1975 5677 2871 6853 8089 6688 681 6645 6645 0 8028 8028 0 
2019 2019 5120 5027 5120 5120 6091 6013 5998 5946 5566 5618 5566 5609 5395 5080 5143 6905 6905 9198 61 6327 6853 5102 253 6140 6645 6645 6697 7359 7968 1298 
2016 2016 5107 5148 5120 5107 6107 5998 6013 5946 5618 5618 5523 5566 5618 5089 5129 9360 9360 9239 8853 317 5062 5129 251 6236 6853 6748 6492 2802 2656 1038 
2016 2004 5066 5160 5120 5107 5820 4805 5998 5997 5920 5501 5501 5501 4540 4744 5088 9360 9360 9291 61 76 0 426 221 9156 8735 5589 661 2493 2201 1339 
2054 2037 5160 5160 5107 4997 6013 5998 6012 6012 6012 5998 5632 5618 1745 4325 9498 9360 9291 9291 9265 9131 434 402 0 112 8735 2882 2195 2493 1305 0 
0 1941 2021 4671 4937 5119 5119 6013 5946 5997 4531 6013 5210 2802 1435 3458 9567 9360 9291 9291 9172 3055 432 11001 76 10367 5801 3989 2050 2168 229 0 
0 1901 1533 4334 4997 3944 4641 5027 5919 5919 5152 5998 4766 2559 2052 3626 2559 9360 9291 9291 9291 61 76 11001 10851 8951 2439 2036 2413 2217 0 0 
0 0 1985 1797 5066 4131 4290 4612 3918 5965 6013 4048 2667 6044 4305 4068 3840 9360 8853 9360 9291 9172 9291 11001 10648 9239 2064 2439 2247 2729 0 0 
0 0 0 1529 1737 4096 5038 5038 5027 4884 4096 2667 5027 4096 2358 2344 2330 2090 9224 11001 11001 9172 9172 11078 11046 9239 666 2533 2758 2633 412 0 
0 0 0 0 1581 2002 2019 4921 5079 2358 2845 1427 2197 3221 2561 2549 2330 2090 9360 3989 10302 10376 5395 2439 10228 40 52 409 2797 2572 0 0 
0 0 0 0 0 2019 2019 2019 1382 1258 1298 1312 2865 3565 2201 1254 1959 3737 4011 10922 10302 9960 10084 9685 10156 10301 94 174 0 0 0 0 
0 0 0 0 0 0 0 0 0 1529 0 2019 1135 765 2004 3756 5079 4830 3559 10302 10302 10302 9960 9960 10229 10346 2165 0 0 0 0 0 
0 0 0 0 0 0 0 0 0 0 0 0 1985 1634 4987 4959 2826 5027 3917 10157 10302 10157 9960 10157 10030 9817 2064 2184 2085 0 0 0 
0 0 0 0 0 0 0 0 0 0 0 0 2002 1967 4407 5079 2826 5038 6013 5998 10302 10302 10451 10303 10100 2570 2064 2202 2187 1378 0 0 
0 0 0 0 0 0 0 0 0 0 0 0 1985 1981 5038 5027 2797 5038 6013 6013 5946 10451 10451 9817 9047 2558 2773 2185 2187 1426 0 0 
0 0 0 0 0 0 0 0 0 0 0 0 1981 1981 4947 4947 5027 4830 5946 5998 6012 10451 9561 9234 2773 0 2510 3841 2330 1279 0 0 
0 0 0 0 0 0 0 0 0 0 0 0 1981 1985 5038 4381 5038 5027 6013 5858 5210 5820 9561 9234 2199 2510 3043 2315 2062 1166 0 0 
0 0 0 0 0 0 0 0 0 0 0 0 0 1981 1981 5027 4987 5038 4432 3839 6091 2901 9561 9234 2536 2172 2315 2330 1249 1287 0 0 
0 0 0 0 0 0 0 0 0 0 0 0 0 1985 1821 4717 4113 4987 3737 4432 3066 5066 9701 9365 2172 2062 2909 1177 1182 0 0 0 
0 0 0 0 0 0 0 0 0 0 0 0 0 0 1985 1981 1729 4987 2667 2561 2561 2201 9365 9701 2330 1262 1188 1262 0 0 0 0 
0 0 0 0 0 0 0 0 0 0 0 0 0 0 0 0 0 0 1478 1301 1188 1182 1254 9701 1177 0 0 0 0 0 0 0 
0 0 0 0 0 0 0 0 0 0 0 0 0 0 0 0 0 0 0 0 0 0 0 0 0 0 0 0 0 0 0 0 
