test/output/hourly/054_000001_252_raz.asc
ncols         32
nrows         36
xllcorner     564600.000000
yllcorner     5763700.000000
cellsize      100.000000
NODATA_value  0.000000
0 0 0 0 0 0 0 0 0 0 303 35 329 52 1 284 0 0 0 0 0 0 0 0 0 0 0 0 0 0 0 0 
0 0 0 0 0 0 0 0 280 298 1 272 302 271 355 40 19 50 20 0 0 0 0 0 0 0 0 0 0 0 0 0 
0 0 0 0 0 0 0 308 272 328 315 307 279 279 0 274 283 354 23 0 0 0 0 0 0 0 0 0 0 0 0 0 
0 0 0 0 0 0 276 323 275 284 292 297 272 272 270 272 2 8 23 354 1 0 0 0 0 0 0 0 0 0 0 0 
0 0 0 0 0 279 305 292 306 301 272 296 286 308 291 309 310 85 8 2 8 36 0 0 0 0 0 0 0 0 0 0 
0 0 0 0 0 276 294 284 292 288 310 304 300 270 296 325 320 355 8 25 56 3 0 0 0 0 0 0 0 0 0 0 
0 0 0 0 329 272 297 306 301 274 274 283 275 291 305 316 272 9 58 280 272 272 272 0 0 0 0 0 0 0 0 0 
0 0 0 294 323 311 301 284 311 304 303 291 272 272 272 275 273 274 0 272 330 35 295 0 0 0 0 0 0 0 0 0 
0 0 290 313 270 272 279 301 301 314 290 274 279 300 292 295 314 272 267 34 34 27 35 341 94 0 0 0 0 0 0 0 
0 271 300 272 270 279 292 297 270 270 270 318 274 271 275 275 276 272 272 35 45 36 36 36 36 0 0 0 0 0 0 0 
0 272 286 272 270 272 272 272 271 270 270 270 270 294 308 275 272 272 33 356 349 34 36 44 271 0 0 0 0 0 0 0 
276 272 272 272 275 271 271 271 299 286 303 318 274 303 312 7 314 269 22 35 35 36 349 0 271 349 1 0 0 0 0 0 
275 289 273 264 275 275 271 271 271 270 274 294 274 274 294 275 309 319 35 34 189 39 35 0 275 1 1 0 0 0 0 0 
276 272 276 272 271 271 264 272 271 271 270 270 270 270 298 275 299 15 35 35 34 276 35 35 354 7 88 124 0 0 0 0 
272 272 271 271 271 271 272 275 264 267 271 267 271 270 270 272 275 35 34 59 272 348 35 35 51 58 36 36 0 36 36 0 
272 272 272 268 272 272 275 271 275 264 263 267 263 263 255 264 272 35 35 351 125 45 35 271 305 359 36 36 36 46 36 359 
267 267 268 274 272 268 272 268 271 264 267 267 264 263 267 267 268 354 355 1 9 304 271 275 304 359 35 35 36 172 0 71 
267 263 264 270 272 268 256 234 267 274 270 270 270 271 238 243 269 355 355 355 125 2 0 279 270 353 9 51 59 19 141 185 
270 270 270 270 268 260 271 267 270 270 270 267 271 267 268 234 355 355 355 355 358 358 272 287 0 348 9 205 24 19 177 0 
0 247 261 245 254 270 270 271 263 267 227 271 242 174 239 214 355 355 355 355 2 201 275 354 2 8 11 232 40 86 192 0 
0 242 207 236 258 226 245 267 269 269 240 267 232 158 103 208 160 355 355 355 355 125 2 354 0 5 175 140 174 119 0 0 
0 0 256 232 262 231 236 245 226 269 271 216 181 270 225 220 216 354 340 355 355 2 355 354 4 1 43 175 57 170 0 0 
0 0 0 207 228 229 268 271 267 256 232 181 268 232 160 162 162 131 354 354 354 2 2 356 359 1 67 181 174 175 189 0 
0 0 0 0 213 266 269 258 270 159 270 174 227 206 176 177 162 131 354 35 355 355 256 175 3 96 107 199 179 166 0 0 
0 0 0 0 0 269 269 269 191 173 179 272 272 218 146 178 292 321 33 355 355 5 2 10 3 3 354 328 0 0 0 0 
0 0 0 0 0 0 0 0 0 207 0 272 230 162 283 322 273 287 326 355 354 354 4 5 1 358 144 0 0 0 0 0 
0 0 0 0 0 0 0 0 0 0 0 0 287 329 283 285 272 275 315 348 354 1 4 1 5 8 41 82 38 0 0 0 
0 0 0 0 0 0 0 0 0 0 0 0 274 276 304 273 272 271 271 274 354 354 354 0 4 181 41 58 37 345 0 0 
0 0 0 0 0 0 0 0 0 0 0 0 273 277 272 265 264 271 271 271 278 354 354 7 15 182 175 86 143 342 0 0 
0 0 0 0 0 0 0 0 0 0 0 0 268 276 270 270 276 255 263 267 271 354 354 3 175 0 160 211 158 359 0 0 
0 0 0 0 0 0 0 0 0 0 0 0 267 272 272 243 272 268 272 259 242 256 354 3 85 160 189 161 123 153 0 0 
0 0 0 0 0 0 0 0 0 0 0 0 0 267 267 269 264 272 242 213 268 182 354 3 175 146 161 23 170 182 0 0 
0 0 0 0 0 0 0 0 0 0 0 0 0 270 239 251 234 264 223 242 201 264 354 4 41 130 194 162 157 0 0 0 
0 0 0 0 0 0 0 0 0 0 0 0 0 0 270 266 231 264 182 176 176 146 344 354 162 175 161 171 0 0 0 0 
0 0 0 0 0 0 0 0 0 0 0 0 0 0 0 0 0 0 205 183 164 164 178 354 164 0 0 0 0 0 0 0 
0 0 0 0 0 0 0 0 0 0 0 0 0 0 0 0 0 0 0 0 0 0 0 65535 0 0 0 0 0 0 0 0 
