test/output/hourly/061_000001_252_ros.asc
ncols         35
nrows         56
xllcorner     565400.000000
yllcorner     5763700.000000
cellsize      100.000000
NODATA_value  0.000000
[rows 0 to 49 of 56, columns 0 to 34 of 35]
0.000000 0.000000 0.000000 0.000000 0.000000 0.000000 0.000000 0.000000 0.000000 0.000000 0.000000 0.000000 0.000000 0.000000 0.000000 0.000000 0.000000 0.000000 0.000000 0.000000 0.000000 0.000000 0.000000 2.601421 0.000000 0.000000 0.000000 0.000000 0.000000 0.000000 0.000000 0.000000 0.000000 0.000000 0.000000
0.000000 0.000000 0.000000 0.000000 0.000000 0.000000 0.000000 0.000000 0.000000 0.000000 0.000000 0.000000 0.000000 0.000000 0.000000 0.000000 0.000000 0.000000 0.000000 0.000000 0.000000 2.761503 9.771557 9.782853 0.000000 0.000000 0.000000 0.000000 0.000000 0.000000 0.000000 0.000000 0.000000 0.000000 0.000000
0.000000 0.000000 0.000000 0.000000 0.000000 0.000000 0.000000 0.000000 0.000000 0.000000 0.000000 0.000000 0.000000 0.000000 0.000000 0.000000 0.000000 0.000000 0.000000 0.000000 0.000000 5.821672 9.782853 0.000000 0.000000 0.000000 0.000000 0.000000 0.000000 0.000000 0.000000 0.000000 0.000000 0.000000 0.000000
0.000000 0.000000 0.000000 0.000000 0.000000 0.000000 0.000000 0.000000 0.000000 0.000000 0.000000 0.000000 0.000000 0.000000 0.000000 0.000000 0.000000 0.000000 0.000000 0.000000 0.000000 1.638166 9.912846 0.000000 0.000000 0.000000 0.000000 0.000000 0.000000 0.000000 0.000000 0.000000 0.000000 0.000000 0.000000
0.000000 0.000000 0.000000 0.000000 0.000000 0.000000 0.000000 0.000000 0.000000 0.000000 0.000000 0.000000 0.340389 5.899067 0.000000 0.000000 0.000000 0.000000 0.000000 0.000000 0.000000 0.000000 9.847184 0.000000 0.000000 0.000000 0.000000 0.000000 0.000000 0.000000 0.000000 0.000000 0.000000 0.000000 0.000000
0.000000 0.000000 0.000000 0.000000 0.000000 0.000000 0.000000 0.000000 0.000000 0.000000 0.000000 0.000000 2.680223 3.222482 0.000000 0.358402 0.000000 0.000000 0.000000 0.000000 0.000000 3.328407 9.115862 0.000000 0.000000 0.000000 0.000000 0.000000 0.000000 0.000000 0.000000 0.000000 0.000000 0.000000 0.000000
0.000000 0.000000 0.000000 0.000000 0.000000 0.000000 0.000000 0.000000 0.000000 0.000000 0.374075 0.643338 3.542953 3.222954 6.396832 5.899841 0.666424 0.000000 0.000000 0.000000 2.785342 7.900137 9.115962 9.115862 0.000000 0.000000 0.000000 0.000000 0.000000 0.000000 0.000000 0.000000 0.000000 0.000000 0.000000
0.000000 0.000000 0.000000 0.000000 0.000000 0.000000 0.000000 0.000000 1.619058 0.336325 0.339214 3.538945 4.547839 8.025515 7.155735 0.000000 0.000000 0.000000 0.000000 0.000000 9.978414 4.499234 9.115962 8.997371 0.000000 0.000000 0.000000 0.000000 0.000000 0.000000 0.000000 0.000000 0.000000 0.000000 0.000000
0.000000 0.000000 0.000000 0.000000 0.000000 0.000000 3.496792 12.276097 0.650319 4.111351 4.547839 6.396831 6.337541 5.434813 7.970579 5.899841 0.000000 0.000000 0.000000 0.000000 2.499045 9.361713 0.000000 0.000000 0.000000 0.000000 0.000000 0.000000 0.000000 0.000000 0.000000 0.000000 0.000000 0.000000 0.000000
0.000000 0.000000 0.000000 0.000000 0.000000 2.785348 2.785364 12.226262 0.682513 4.453893 3.535156 6.372265 6.372265 8.025515 8.001054 0.000000 0.000000 0.000000 0.000000 0.000000 2.499014 8.052052 0.000000 0.000000 0.000000 0.000000 0.000000 0.000000 0.000000 0.000000 0.000000 0.000000 0.000000 0.000000 0.000000
0.000000 0.000000 0.000000 0.000000 0.000000 1.638175 8.426098 12.226182 12.307731 3.535156 6.396832 5.925399 5.954393 9.747479 0.000000 0.000000 0.000000 0.949369 0.949369 7.998223 7.998223 1.452394 2.545107 0.000000 0.000000 0.000000 0.000000 0.000000 0.000000 0.000000 0.000000 0.000000 0.000000 0.000000 0.000000
0.000000 0.000000 0.000000 0.000000 7.981843 10.007672 3.328407 12.226182 12.145510 3.222954 7.470067 6.372265 9.587831 9.747540 0.000000 0.000000 0.000000 0.358402 0.666427 6.884319 1.452431 0.911880 0.000000 0.000000 0.000000 0.000000 0.000000 0.000000 0.000000 0.000000 0.000000 0.000000 0.000000 0.000000 0.000000
0.000000 0.000000 0.000000 0.000000 9.681112 8.537247 8.993990 12.114038 12.145503 12.226182 7.915773 9.396642 9.551871 7.799847 8.498165 3.317304 8.382369 8.382369 0.654290 1.452431 1.452431 0.911880 3.919477 4.422895 4.227890 0.000000 0.000000 0.000000 0.000000 0.000000 0.000000 0.000000 1.064694 0.000000 0.000000
0.000000 0.000000 0.000000 0.000000 6.653300 9.808703 9.115954 10.442611 10.371127 6.935431 9.422243 9.522813 8.382484 3.321505 8.498165 8.414942 8.242154 8.382451 0.654303 7.332004 0.000000 0.000000 3.919477 5.993384 6.377675 0.000000 0.000000 5.924481 0.000000 0.000000 3.646269 5.941251 1.064694 1.064708 1.675455
0.000000 0.000000 0.000000 0.000000 5.856792 9.238236 3.034466 10.513012 10.382968 7.791759 8.357258 8.357296 8.382484 8.298714 8.440265 2.166256 8.382526 8.382526 7.332004 7.332004 0.000000 0.000000 2.934528 6.302841 5.993384 0.000000 6.396817 4.111307 0.648128 0.960538 3.646269 3.637693 0.000000 0.000000 0.000000
0.000000 0.000000 0.000000 0.000000 3.363792 3.788627 10.655514 10.584168 10.442644 1.908215 7.337212 6.913137 6.474908 7.799736 8.440258 8.440258 8.440228 8.382526 4.274453 5.222813 0.000000 0.000000 2.464340 6.090768 6.308022 6.377675 0.000000 0.275823 0.379586 5.941293 4.465493 3.637675 0.000000 0.000000 0.000000
0.000000 0.000000 0.000000 8.066098 2.653570 6.722426 10.584168 10.584291 6.512760 2.496311 6.437676 7.303962 7.181443 7.405862 7.405862 7.457074 0.000000 0.000000 0.000000 0.000000 0.000000 0.000000 0.000000 7.915701 7.915701 6.131843 0.000000 0.000000 0.000000 3.277303 0.560089 0.000000 0.000000 0.000000 0.000000
0.000000 0.000000 0.000000 2.168759 5.177782 2.649981 10.513012 5.988466 5.988466 8.382451 7.303945 6.054519 7.281104 7.383688 7.405862 7.331176 0.000000 0.000000 0.000000 3.294310 4.420104 0.000000 0.000000 7.915677 7.617339 0.179754 4.179429 0.351608 0.634583 0.000000 0.000000 0.000000 0.000000 0.000000 0.000000
0.000000 0.000000 0.000000 5.750925 7.847964 2.649981 4.864891 1.899893 2.483990 7.304050 6.748930 7.281999 7.303962 7.303962 7.405862 7.281104 0.000000 0.000000 0.000000 2.671544 0.000000 0.000000 7.373400 7.915677 0.000000 0.105390 1.253207 1.702694 0.000000 0.000000 0.000000 0.000000 0.000000 0.000000 0.000000
0.000000 0.000000 0.000000 0.000000 5.210968 10.442616 5.362097 2.484166 7.304099 4.223261 6.007204 6.265994 6.266015 6.266015 7.405862 7.281097 7.405862 0.960924 0.000000 0.000000 7.373356 7.915711 7.915711 7.915670 0.000000 0.000000 0.000000 8.492121 0.000000 0.000000 0.000000 0.000000 0.000000 0.000000 0.000000
0.000000 0.000000 0.000000 0.000000 4.536012 3.784229 4.187199 7.082381 7.282010 6.007172 6.266000 6.265997 6.266005 6.266015 7.405862 7.405862 7.281104 0.960924 0.000000 0.000000 9.617009 7.915711 0.000000 3.527738 0.000000 0.000000 9.782519 4.188741 5.668859 1.427277 1.427277 0.000000 0.000000 0.000000 0.000000
0.000000 0.000000 0.000000 0.000000 1.349861 3.308769 4.658240 6.135261 4.750857 6.247119 6.266000 6.265997 6.266005 6.266062 6.266132 7.304099 0.000000 0.000000 8.440284 0.000000 9.682230 0.000000 0.000000 0.000000 0.000000 0.000000 1.427497 0.000000 0.000000 7.360579 0.000000 0.000000 0.000000 0.000000 0.000000
0.000000 0.000000 0.000000 0.000000 0.000000 1.581233 5.554114 6.135261 3.012729 3.164651 3.141979 6.266009 8.382427 6.266062 6.007273 7.282171 0.000000 8.325198 8.382565 8.440284 7.898922 0.000000 0.000000 0.000000 0.000000 6.868412 0.000000 0.000000 6.916571 0.000000 0.000000 0.000000 0.000000 0.000000 0.000000
0.000000 0.000000 0.000000 0.000000 3.325802 2.132718 5.869125 3.067380 3.164783 3.164631 2.787601 3.164651 6.266057 6.266057 6.178591 2.868488 6.054623 8.325198 8.357369 7.970584 0.358402 0.358402 0.358402 0.000000 5.858378 0.351647 0.539701 6.868408 6.916571 7.012887 0.000000 0.666410 0.000000 0.000000 0.000000
0.000000 0.000000 0.000000 0.000000 2.877816 5.229270 3.155176 3.164783 3.182061 3.174577 3.106964 3.155019 6.266132 6.266160 6.222104 5.040579 2.492672 2.878143 2.674361 2.934528 3.222954 3.530841 0.446584 2.484635 3.176620 4.808763 0.000000 0.000000 2.779598 8.042442 8.042386 0.000000 0.000000 0.000000 0.000000
0.000000 0.000000 0.000000 2.485470 4.893858 2.904862 3.155176 3.182220 3.174736 3.182220 3.174736 2.346889 6.266132 2.484002 7.748543 2.507970 3.113468 3.917440 0.000000 0.000000 0.000000 0.539706 2.779598 4.237215 5.199846 6.613533 4.902972 6.960287 6.048500 5.501432 8.553568 0.000000 7.433831 5.846967 5.619669
0.000000 0.000000 0.000000 3.325810 2.768938 3.164783 3.182220 3.182220 3.174736 4.307093 2.975527 0.960875 0.960912 0.960915 0.960922 0.529748 0.420151 5.084897 0.000000 0.000000 0.000000 0.000000 0.000000 0.115057 2.884836 4.891566 0.932571 0.368108 3.274325 3.492144 1.302114 5.740066 7.175938 0.932572 0.000000
0.000000 0.000000 0.000000 4.865059 3.141977 3.174577 3.174736 4.276434 3.977464 3.470175 0.000000 0.960924 0.960924 2.533688 0.163819 0.000000 0.666420 0.206217 0.000000 0.000000 0.000000 0.000000 0.000000 0.000000 0.000000 0.000000 0.916025 0.000000 0.000000 0.000000 0.000000 2.388313 0.000000 0.000000 0.000000
0.000000 0.000000 0.000000 3.119573 3.159341 3.106960 4.246144 4.246139 1.590472 0.978233 5.976498 3.915932 3.203411 3.465167 2.527727 0.827296 0.000000 0.000000 2.517506 2.418154 0.000000 0.000000 0.000000 0.000000 0.000000 0.000000 0.000000 0.000000 0.000000 0.000000 0.000000 0.000000 0.000000 0.000000 0.000000
0.000000 0.000000 0.000000 3.119573 2.957446 4.205917 4.200099 3.953660 5.821378 5.992651 0.222964 5.318571 2.524896 2.524869 2.527223 2.533190 2.479279 0.000000 2.418154 0.000000 0.000000 0.000000 0.000000 0.000000 0.000000 0.000000 0.000000 0.000000 0.000000 0.000000 0.000000 0.000000 0.000000 0.000000 0.000000
0.000000 0.000000 2.884900 3.136770 3.136759 4.205917 4.140090 5.950910 5.950861 5.992651 5.992651 0.995735 0.995735 6.033816 6.017403 1.320447 0.978223 0.000000 0.932565 0.000000 8.492344 0.000000 0.000000 0.000000 0.000000 0.000000 0.000000 0.000000 0.000000 0.000000 0.000000 0.000000 0.000000 0.000000 0.000000
0.000000 0.000000 3.089378 2.665498 3.212903 3.136759 5.614283 5.909554 5.950861 5.976501 7.321083 5.918948 4.854610 6.034749 8.556002 0.000000 0.978270 0.000000 8.498048 0.549814 0.000000 0.000000 0.000000 0.000000 0.000000 0.000000 0.000000 0.000000 0.000000 0.000000 0.000000 0.000000 0.000000 0.000000 0.000000
0.000000 0.000000 3.129561 3.136759 3.129572 4.005651 5.868511 5.935240 5.951159 7.271039 7.271039 7.172672 0.285878 6.018389 5.782659 0.000000 0.960924 2.451066 2.451066 0.960922 2.381112 0.000000 0.000000 0.000000 0.000000 0.000000 0.000000 0.000000 0.000000 0.000000 0.000000 0.000000 0.000000 0.000000 0.000000
0.000000 0.000000 3.105479 3.105459 3.129572 5.578894 5.868511 5.935240 7.271039 7.271039 7.271039 7.250197 2.481415 6.018331 4.585192 7.075645 0.960924 3.127403 3.152037 3.114002 0.000000 0.000000 0.000000 0.000000 0.000000 0.000000 0.000000 0.000000 0.000000 0.000000 0.000000 0.000000 0.000000 0.000000 0.000000
0.000000 3.111475 2.779214 4.205917 3.378736 5.706403 5.853055 5.935240 7.039949 7.271039 7.372078 0.955465 2.434263 2.434263 7.321123 6.947193 7.150884 7.171257 7.150907 4.321194 0.000000 7.052736 5.827258 0.000000 3.152034 2.467886 0.000000 0.000000 0.000000 0.000000 0.000000 0.000000 0.000000 0.000000 0.000000
0.000000 3.164634 1.469513 3.531534 3.546818 4.318898 2.528599 7.220760 6.899339 7.300151 7.372066 8.482306 3.182220 7.172672 5.722348 7.123857 5.339565 8.489209 8.522010 4.642771 7.072551 5.931670 5.909630 5.909670 3.790379 0.000000 0.000000 0.000000 0.000000 0.000000 0.000000 0.000000 0.000000 0.000000 0.000000
0.000000 3.159320 3.136305 1.376800 1.376743 5.908616 5.950018 7.269624 7.300151 7.270809 8.698030 8.723940 8.697997 0.960924 2.622475 5.358425 8.425138 8.605901 8.482306 8.368796 6.855649 7.072796 5.260883 5.909670 3.212997 2.765723 2.415073 0.000000 0.000000 0.000000 0.000000 0.000000 0.000000 0.000000 0.000000
2.768981 3.159362 3.159360 2.779340 3.151995 2.634720 7.269598 7.321141 7.422305 7.350703 8.697906 8.638767 1.590472 0.960924 0.000000 0.960924 5.025779 8.522110 7.782385 8.522074 6.683388 4.619145 2.559894 2.020768 1.479911 1.479911 0.000000 0.000000 0.000000 0.000000 0.000000 0.000000 0.000000 0.000000 0.000000
3.089362 2.456249 3.159360 4.171021 5.909518 1.961013 3.253078 7.321141 7.474099 8.697965 8.638816 8.638716 8.664385 8.547056 0.960924 0.960924 0.000000 0.960924 8.580462 8.521974 4.320942 4.619381 2.544176 2.113423 1.459053 1.590457 0.000000 0.000000 0.000000 0.000000 0.000000 0.000000 0.000000 0.000000 0.000000
0.000000 2.550490 3.366942 4.205892 5.909518 8.498163 0.978276 7.372022 8.337697 8.697965 8.638816 6.657030 8.664458 0.281687 0.960924 8.176693 0.960924 8.054405 8.605901 6.627582 5.672909 6.446020 0.000000 0.000000 0.000000 0.000000 0.106279 0.000000 0.000000 0.000000 0.000000 0.000000 0.000000 0.000000 0.000000
0.000000 1.618019 2.347171 1.860480 5.909476 7.220702 8.498103 5.095423 8.877330 8.697972 8.539337 8.539315 8.054118 1.448655 0.960924 8.176693 8.152096 8.152096 6.251210 7.435779 5.358434 4.264625 0.000000 0.000000 0.000000 0.000000 0.000000 0.000000 0.000000 0.000000 0.000000 0.000000 0.000000 0.000000 0.000000
0.000000 3.023375 2.124871 1.860487 0.978273 5.416611 5.416558 7.372075 8.904028 7.876426 8.580462 8.176693 8.176693 8.176366 8.151754 8.176693 8.152096 5.303616 6.251210 5.397120 4.318897 2.093989 0.000000 0.000000 0.000000 0.000000 0.000000 0.000000 0.000000 0.000000 0.000000 0.000000 0.000000 0.000000 0.000000
0.000000 2.575451 1.667691 2.942697 2.253619 6.111568 7.372043 8.724027 8.904028 8.423071 8.313080 8.152096 7.884659 8.176285 7.352232 8.107852 8.231442 5.752556 2.219338 1.469512 1.599683 1.531707 0.000000 0.000000 0.000000 0.000000 0.000000 0.000000 0.000000 0.000000 0.000000 0.000000 0.000000 0.000000 0.000000
0.000000 0.000000 1.456770 2.527727 1.794154 4.616797 6.204501 6.686947 8.724026 6.712362 7.999657 8.152096 8.065175 8.120542 0.285871 0.978251 8.094939 2.099717 1.438175 0.356910 0.716002 1.823799 0.000000 0.000000 0.000000 0.000000 0.000000 0.000000 0.000000 0.000000 0.000000 0.000000 0.000000 0.000000 0.000000
0.000000 0.000000 2.483763 3.182220 2.504921 2.219333 5.053096 8.180517 8.423071 8.580034 8.096148 8.040998 8.065188 8.120542 7.394284 6.325732 7.176289 8.175076 0.533426 1.013502 0.000000 0.000000 0.000000 0.000000 0.000000 0.000000 0.000000 0.000000 0.000000 0.000000 0.000000 0.000000 0.000000 0.000000 0.000000
0.000000 0.000000 2.497466 2.889621 1.997991 5.650952 6.425200 7.372040 8.423027 7.832608 7.599688 7.780997 8.041141 7.395526 6.326511 7.373079 7.423969 7.446492 8.096200 0.000000 0.000000 0.000000 0.000000 0.000000 0.000000 0.000000 0.000000 0.000000 0.000000 0.000000 0.000000 0.000000 0.000000 0.000000 0.000000
0.000000 0.000000 3.129581 2.022286 1.997993 4.937555 6.705043 5.772288 6.759207 7.999716 8.120581 7.551246 7.373200 7.395537 7.395509 7.373202 7.446784 7.424274 7.334129 7.944566 7.726718 0.000000 0.000000 0.000000 0.000000 0.000000 0.000000 0.000000 0.000000 0.000000 0.000000 0.000000 0.000000 0.000000 0.000000
0.000000 0.000000 2.236344 1.823990 2.090345 2.546450 2.219347 6.111563 6.837447 6.164590 8.120581 7.373046 6.914118 7.395537 7.424274 7.446784 7.334129 4.821080 2.447279 8.065414 8.041232 7.900946 0.000000 0.000000 0.000000 0.000000 0.000000 0.000000 0.000000 0.000000 0.000000 0.000000 0.000000 0.000000 0.000000
0.000000 0.000000 0.000000 1.659020 2.090360 1.985769 5.146217 2.465646 7.122658 8.096145 8.096102 7.284009 7.129592 7.334129 7.446784 5.612885 7.424274 7.274096 7.549901 7.344770 5.270926 6.693313 0.000000 0.000000 0.000000 0.000000 0.000000 0.000000 0.000000 0.000000 0.000000 0.000000 0.000000 0.000000 0.000000
0.000000 0.000000 0.000000 0.000000 1.281290 1.238196 1.271015 1.729135 7.046118 7.884730 8.054018 7.373046 7.446784 6.498474 6.498474 6.498474 4.525596 0.000000 7.274029 2.934337 6.807712 6.107347 7.351925 2.087019 0.000000 0.000000 0.000000 0.000000 0.000000 0.000000 0.000000 0.000000 0.000000 0.000000 0.000000
