test/output/hourly/061_000001_239_source.asc
ncols         25
nrows         32
xllcorner     565500.000000
yllcorner     5763700.000000
cellsize      100.000000
NODATA_value  255.000000
255 255 255 255 255 255 255 132 150 21 255 255 255 255 255 255 255 255 255 255 255 255 255 255 255 
255 255 255 255 255 255 132 134 150 21 1 255 255 255 255 255 255 255 255 255 255 255 255 255 255 
255 255 255 255 255 134 132 150 4 17 255 255 255 255 255 255 255 255 255 255 255 255 255 255 255 
255 255 255 255 132 134 4 16 128 255 255 255 20 255 255 255 255 255 255 255 255 255 255 255 255 
255 255 255 134 128 132 132 221 255 18 5 21 16 149 255 255 255 255 255 255 255 255 255 255 255 
255 255 255 128 132 128 128 128 132 255 16 203 135 151 21 17 255 255 255 255 255 255 255 255 255 
255 255 134 132 130 128 6 132 132 132 255 255 20 17 73 255 255 255 255 255 255 255 255 255 255 
255 255 130 128 191 128 134 134 134 132 21 16 133 255 255 255 255 255 255 255 255 255 255 255 255 
255 134 134 174 128 134 134 134 134 134 20 255 132 128 255 255 255 255 255 255 255 255 255 255 255 
255 134 134 190 134 134 134 132 134 4 16 65 130 134 128 255 150 149 21 255 255 255 255 255 255 
255 130 134 130 134 134 134 128 132 132 255 255 255 4 134 134 134 21 21 255 20 21 255 20 255 
255 34 2 130 130 166 134 132 132 134 132 23 16 1 130 130 134 20 21 21 17 93 85 17 255 
134 134 10 239 134 134 134 134 128 132 4 16 255 42 2 2 134 21 21 21 21 93 89 65 81 
134 134 151 191 170 2 134 134 134 134 132 221 255 255 255 2 128 5 21 1 17 81 25 93 65 
130 174 130 6 40 170 134 134 132 134 132 4 17 255 255 255 255 20 21 1 1 73 73 73 65 
2 130 166 132 255 255 134 128 134 134 134 4 255 255 132 255 20 21 16 1 0 255 255 255 255 
34 2 42 130 132 255 130 134 134 134 134 132 213 255 132 20 20 16 1 1 73 255 255 255 255 
10 42 32 255 130 130 134 134 128 134 132 132 132 20 132 20 21 1 1 73 73 255 255 255 255 
255 2 2 34 2 130 134 128 130 134 134 128 6 17 128 4 17 65 106 106 73 255 255 255 255 
255 42 174 42 2 2 128 132 134 132 134 132 132 255 255 148 77 81 255 255 255 255 255 255 255 
255 255 174 10 34 2 2 128 134 134 134 134 134 134 23 133 21 255 255 255 255 255 255 255 255 
255 6 174 162 162 130 2 130 130 128 128 134 134 150 148 149 21 21 255 255 255 255 255 255 255 
255 10 34 34 2 130 2 134 134 134 128 134 134 132 151 149 20 21 21 21 255 255 255 255 255 
255 255 42 34 34 42 130 130 134 134 134 128 134 134 151 20 21 21 21 21 21 255 255 255 255 
255 255 34 34 34 10 106 2 134 134 134 128 132 132 148 21 16 4 21 21 17 255 255 255 255 
255 255 255 32 40 40 107 2 130 134 134 134 134 132 4 21 255 20 21 21 1 1 255 255 255 
255 255 255 255 255 255 255 255 2 130 166 134 132 132 148 21 21 21 21 17 1 255 255 255 255 
255 255 255 255 255 255 255 255 255 2 142 134 134 134 151 21 21 17 93 1 255 255 255 255 255 
255 255 255 255 255 255 255 255 255 255 10 34 134 132 148 21 21 73 73 255 255 255 255 255 255 
255 255 255 255 255 255 255 255 255 255 42 42 2 132 148 21 0 9 255 255 255 255 255 255 255 
255 255 255 255 255 255 255 255 255 255 255 255 255 2 4 1 255 255 255 255 255 255 255 255 255 
255 255 255 255 255 255 255 255 255 255 255 255 255 255 0 255 255 255 255 255 255 255 255 255 255 
