test/output/hourly/061_000001_239_arrival.asc
ncols         25
nrows         32
xllcorner     565500.000000
yllcorner     5763700.000000
cellsize      100.000000
NODATA_value  0.000000
0.000000 0.000000 0.000000 0.000000 0.000000 0.000000 0.000000 238.873402 238.873402 238.873402 0.000000 0.000000 0.000000 0.000000 0.000000 0.000000 0.000000 0.000000 0.000000 0.000000 0.000000 0.000000 0.000000 0.000000 0.000000 
0.000000 0.000000 0.000000 0.000000 0.000000 0.000000 238.873402 238.857375 238.857375 238.857375 238.875000 0.000000 0.000000 0.000000 0.000000 0.000000 0.000000 0.000000 0.000000 0.000000 0.000000 0.000000 0.000000 0.000000 0.000000 
0.000000 0.000000 0.000000 0.000000 0.000000 238.865388 238.849361 238.849361 238.827994 238.841347 0.000000 0.000000 0.000000 0.000000 0.000000 0.000000 0.000000 0.000000 0.000000 0.000000 0.000000 0.000000 0.000000 0.000000 0.000000 
0.000000 0.000000 0.000000 0.000000 238.865388 238.849361 238.827994 238.827994 238.809830 0.000000 0.000000 0.000000 238.873402 0.000000 0.000000 0.000000 0.000000 0.000000 0.000000 0.000000 0.000000 0.000000 0.000000 0.000000 0.000000 
0.000000 0.000000 0.000000 238.873402 238.849361 238.827994 238.815885 238.841347 0.000000 238.791667 238.791667 238.841347 238.849361 238.865388 0.000000 0.000000 0.000000 0.000000 0.000000 0.000000 0.000000 0.000000 0.000000 0.000000 0.000000 
0.000000 0.000000 0.000000 238.857375 238.833333 238.815885 238.797721 238.786060 238.781552 0.000000 238.781552 238.841347 238.841347 238.841347 238.841347 238.875000 0.000000 0.000000 0.000000 0.000000 0.000000 0.000000 0.000000 0.000000 0.000000 
0.000000 0.000000 238.875000 238.849361 238.821940 238.803776 238.791667 238.777045 238.768030 238.763522 0.000000 0.000000 238.786060 238.790567 238.841347 0.000000 0.000000 0.000000 0.000000 0.000000 0.000000 0.000000 0.000000 0.000000 0.000000 
0.000000 0.000000 238.865388 238.827994 238.841347 238.790567 238.781552 238.768030 238.759015 238.750000 238.754507 238.759015 238.781552 0.000000 0.000000 0.000000 0.000000 0.000000 0.000000 0.000000 0.000000 0.000000 0.000000 0.000000 0.000000 
0.000000 238.875000 238.857375 238.841347 238.797721 238.786060 238.777045 238.759015 238.748933 238.745242 238.741551 0.000000 238.763522 238.759015 0.000000 0.000000 0.000000 0.000000 0.000000 0.000000 0.000000 0.000000 0.000000 0.000000 0.000000 
0.000000 238.873402 238.841347 238.841347 238.791667 238.777045 238.763522 238.748933 238.741551 238.734169 238.734169 238.754507 238.759015 238.754507 238.737860 0.000000 238.841347 238.841347 238.841347 0.000000 0.000000 0.000000 0.000000 0.000000 0.000000 
0.000000 238.865388 238.833333 238.803776 238.786060 238.772537 238.759015 238.741551 238.730479 238.723097 0.000000 0.000000 0.000000 238.745242 238.734169 238.723097 238.715715 238.715715 238.723097 0.000000 238.748933 238.768030 0.000000 238.841347 0.000000 
0.000000 238.865388 238.827994 238.797721 238.777045 238.768030 238.748933 238.734169 238.723097 238.715715 238.708333 238.841347 238.723097 238.741551 238.730479 238.712024 238.707265 238.704146 238.715715 238.730479 238.741551 238.768030 238.790567 238.815885 0.000000 
238.875000 238.857375 238.841347 238.841347 238.777045 238.759015 238.741551 238.730479 238.715715 238.707265 238.701026 238.701026 0.000000 238.768030 238.734169 238.708333 238.697906 238.697906 238.707265 238.723097 238.745242 238.768030 238.790567 238.815885 238.857375 
238.873402 238.841347 238.841347 238.841347 238.777045 238.750000 238.737860 238.723097 238.715715 238.704146 238.694787 238.841347 0.000000 0.000000 0.000000 238.719406 238.688547 238.691667 238.701026 238.723097 238.745242 238.768030 238.791667 238.841347 238.857375 
238.857375 238.841347 238.797721 238.786060 238.777045 238.754507 238.730479 238.715715 238.704146 238.694787 238.685428 238.682308 238.685428 0.000000 0.000000 0.000000 0.000000 238.682308 238.694787 238.723097 238.748933 238.772537 238.797721 238.841347 238.865388 
238.857375 238.821940 238.797721 238.777045 0.000000 0.000000 238.723097 238.707265 238.701026 238.688547 238.679188 238.672949 0.000000 0.000000 238.666667 0.000000 238.666667 238.676068 238.685428 238.730479 238.750000 0.000000 0.000000 0.000000 0.000000 
238.865388 238.821940 238.797721 238.772537 238.750000 0.000000 238.715715 238.707265 238.691667 238.682308 238.672949 238.666667 238.841347 0.000000 238.657385 238.657385 238.660623 238.666667 238.685428 238.745242 238.777045 0.000000 0.000000 0.000000 0.000000 
238.875000 238.833333 238.797721 0.000000 238.745242 238.726788 238.715715 238.697906 238.682308 238.676068 238.663862 238.657385 238.654146 238.654146 238.647669 238.647669 238.654146 238.663862 238.730479 238.777045 238.797721 0.000000 0.000000 0.000000 0.000000 
0.000000 238.841347 238.809830 238.777045 238.748933 238.730479 238.708333 238.691667 238.679188 238.669829 238.657385 238.647669 238.647669 238.647669 238.641192 238.641192 238.647669 238.754507 238.841347 238.841347 238.841347 0.000000 0.000000 0.000000 0.000000 
0.000000 238.865388 238.841347 238.786060 238.754507 238.730479 238.701026 238.688547 238.676068 238.660623 238.654146 238.641192 238.637954 0.000000 0.000000 238.634715 238.754507 238.841347 0.000000 0.000000 0.000000 0.000000 0.000000 0.000000 0.000000 
0.000000 0.000000 238.841347 238.791667 238.763522 238.737860 238.708333 238.682308 238.672949 238.657385 238.644431 238.634715 238.631477 238.625000 238.625000 238.625000 238.628238 0.000000 0.000000 0.000000 0.000000 0.000000 0.000000 0.000000 0.000000 
0.000000 238.875000 238.841347 238.797721 238.772537 238.750000 238.719406 238.682308 238.663862 238.647669 238.634715 238.628238 238.622660 238.619130 238.615599 238.619130 238.622660 238.628238 0.000000 0.000000 0.000000 0.000000 0.000000 0.000000 0.000000 
0.000000 238.875000 238.833333 238.797721 238.772537 238.748933 238.723097 238.685428 238.663862 238.644431 238.628238 238.619130 238.612069 238.605008 238.608538 238.608538 238.608538 238.622660 238.634715 238.647669 0.000000 0.000000 0.000000 0.000000 0.000000 
0.000000 0.000000 238.849361 238.809830 238.777045 238.754507 238.726788 238.682308 238.660623 238.644431 238.625000 238.608538 238.605008 238.597849 238.597849 238.594220 238.601477 238.619130 238.628238 238.644431 238.663862 0.000000 0.000000 0.000000 0.000000 
0.000000 0.000000 238.865388 238.833333 238.803776 238.791667 238.790567 238.712024 238.660623 238.637954 238.619130 238.601477 238.590591 238.586962 238.586962 238.590591 238.590591 238.605008 238.622660 238.641192 238.657385 0.000000 0.000000 0.000000 0.000000 
0.000000 0.000000 0.000000 238.873402 238.865388 238.857375 238.865388 238.685428 238.660623 238.637954 238.615599 238.601477 238.583333 238.578059 238.574016 238.582103 0.000000 238.597849 238.619130 238.637954 238.660623 238.688547 0.000000 0.000000 0.000000 
0.000000 0.000000 0.000000 0.000000 0.000000 0.000000 0.000000 0.000000 238.663862 238.634715 238.615599 238.594220 238.574016 238.565928 238.565928 238.569972 238.578059 238.594220 238.615599 238.637954 238.663862 0.000000 0.000000 0.000000 0.000000 
0.000000 0.000000 0.000000 0.000000 0.000000 0.000000 0.000000 0.000000 0.000000 238.634715 238.615599 238.590591 238.569972 238.557841 238.557841 238.557841 238.569972 238.586962 238.615599 238.641192 0.000000 0.000000 0.000000 0.000000 0.000000 
0.000000 0.000000 0.000000 0.000000 0.000000 0.000000 0.000000 0.000000 0.000000 0.000000 238.615599 238.586962 238.565928 238.545710 238.545710 238.549754 238.565928 238.590591 238.615599 0.000000 0.000000 0.000000 0.000000 0.000000 0.000000 
0.000000 0.000000 0.000000 0.000000 0.000000 0.000000 0.000000 0.000000 0.000000 0.000000 238.625000 238.597849 238.561885 238.534836 238.534836 238.539538 238.565928 238.605008 0.000000 0.000000 0.000000 0.000000 0.000000 0.000000 0.000000 
0.000000 0.000000 0.000000 0.000000 0.000000 0.000000 0.000000 0.000000 0.000000 0.000000 0.000000 0.000000 0.000000 238.534836 238.525129 238.534836 0.000000 0.000000 0.000000 0.000000 0.000000 0.000000 0.000000 0.000000 0.000000 
0.000000 0.000000 0.000000 0.000000 0.000000 0.000000 0.000000 0.000000 0.000000 0.000000 0.000000 0.000000 0.000000 0.000000 238.510417 0.000000 0.000000 0.000000 0.000000 0.000000 0.000000 0.000000 0.000000 0.000000 0.000000 
