test/output/hourly/061_000001_239_intensity.asc
ncols         25
nrows         32
xllcorner     565500.000000
yllcorner     5763700.000000
cellsize      100.000000
NODATA_value  0.000000
0 0 0 0 0 0 0 2733 2726 2668 0 0 0 0 0 0 0 0 0 0 0 0 0 0 0 
0 0 0 0 0 0 2733 2726 2733 2726 2015 0 0 0 0 0 0 0 0 0 0 0 0 0 0 
0 0 0 0 0 2733 2733 2726 3856 2555 0 0 0 0 0 0 0 0 0 0 0 0 0 0 0 
0 0 0 0 2726 2726 3825 3557 2296 0 0 0 1676 0 0 0 0 0 0 0 0 0 0 0 0 
0 0 0 2710 2668 3794 3794 1366 0 5588 2613 1930 2094 1672 0 0 0 0 0 0 0 0 0 0 0 
0 0 0 2537 3754 3753 3533 5443 5603 0 4973 1670 1670 1672 1676 1640 0 0 0 0 0 0 0 0 0 
0 0 2688 2688 3754 3699 5559 5559 5603 5603 0 0 5647 5631 873 0 0 0 0 0 0 0 0 0 0 
0 0 2284 2865 2688 5240 5516 5559 5588 7007 5534 4539 5648 0 0 0 0 0 0 0 0 0 0 0 0 
0 2682 2688 2682 3572 5473 5545 5560 6954 6954 6860 0 5632 5402 0 0 0 0 0 0 0 0 0 0 0 
0 2662 2662 2682 5203 5473 5545 6954 6954 6954 6934 2320 5632 4283 6757 0 2683 2704 2666 0 0 0 0 0 0 
0 2384 3754 3016 5322 5458 5545 6733 6954 7061 0 0 0 7007 6634 6829 6848 6829 4120 0 6725 5430 0 2704 0 
0 1260 3152 3169 4031 2358 6901 6603 6987 7061 8253 2733 6860 5473 6808 5099 8249 8286 4427 6744 5656 5516 5516 3380 0 
2710 2688 1181 1181 5515 5559 6953 6987 6964 8473 8499 8473 0 2450 5121 8192 8373 8253 8132 6537 6744 4910 5516 2865 2370 
2710 2710 2384 2704 1434 6953 7007 7115 7041 8473 8410 1366 0 0 0 4807 8286 7572 8286 6372 4394 2383 1886 1268 1268 
2107 2710 3723 5516 1830 1770 7007 7170 8473 8410 8410 8435 8310 0 0 0 0 8348 8286 4120 4394 2370 1888 1253 1366 
2184 3002 3754 5516 0 0 7061 8137 8473 8410 6481 8435 0 0 7916 0 7798 8373 6448 5417 6083 0 0 0 0 
1385 2095 1660 5516 6901 0 4891 8664 8473 8314 8313 7798 1245 0 7916 7893 7893 6060 7234 5121 3963 0 0 0 0 
2586 1897 1660 0 5188 5188 7061 8690 7673 8348 7916 7916 7916 7892 7916 7893 5135 6060 5166 4031 1860 0 0 0 0 
0 1430 1947 2105 5854 7061 8499 8690 8205 8088 7893 7634 7916 7118 7855 7975 5569 2077 1260 1372 1306 0 0 0 0 
0 963 1672 1187 4320 5956 6514 8499 4924 7740 7893 7798 7857 0 0 7832 1961 1237 0 0 0 0 0 0 0 
0 0 2733 1658 2077 4840 7969 8205 8348 7833 7774 7798 7857 7085 6061 6881 7915 0 0 0 0 0 0 0 0 
0 1652 2481 1788 5302 6154 7061 8205 7578 7353 7523 7775 7086 6062 7065 7119 7140 7833 0 0 0 0 0 0 0 
0 2682 1807 1788 4633 6422 5529 4942 7740 7857 7301 7065 7086 7086 7065 7141 7119 7033 7681 7465 0 0 0 0 0 
0 0 1566 1871 2389 2077 5854 4999 5964 7857 7065 6625 7086 7119 7141 7033 4629 2346 7798 7775 7623 0 0 0 0 
0 0 1424 1871 1779 4820 2307 6807 7833 7833 6979 6831 7033 7141 5382 7119 6985 7250 7032 5096 6444 0 0 0 0 
0 0 0 1102 1065 1094 1486 6855 7634 7798 7065 7141 6136 6136 6136 4273 0 6985 2818 6568 5901 7144 0 0 0 
0 0 0 0 0 0 0 0 7118 5996 2002 7119 6117 6136 6117 5913 5816 7141 7119 7512 5134 0 0 0 0 
0 0 0 0 0 0 0 0 0 5996 1535 7195 6117 6136 5503 6003 6232 5441 6882 5040 0 0 0 0 0 
0 0 0 0 0 0 0 0 0 0 1535 1965 6232 6232 5306 3961 6136 1990 1990 0 0 0 0 0 0 
0 0 0 0 0 0 0 0 0 0 1977 1524 3609 5259 5259 5066 2657 2567 0 0 0 0 0 0 0 
0 0 0 0 0 0 0 0 0 0 0 0 0 3942 5259 3942 0 0 0 0 0 0 0 0 0 
0 0 0 0 0 0 0 0 0 0 0 0 0 0 0 0 0 0 0 0 0 0 0 0 0 
