test/output/hourly/061_000001_239_ros.asc
ncols         25
nrows         32
xllcorner     565500.000000
yllcorner     5763700.000000
cellsize      100.000000
NODATA_value  0.000000
0.000000 0.000000 0.000000 0.000000 0.000000 0.000000 0.000000 3.182061 3.174577 3.106964 0.000000 0.000000 0.000000 0.000000 0.000000 0.000000 0.000000 0.000000 0.000000 0.000000 0.000000 0.000000 0.000000 0.000000 0.000000 
0.000000 0.000000 0.000000 0.000000 0.000000 0.000000 3.182220 3.174736 3.182220 3.174736 2.346889 0.000000 0.000000 0.000000 0.000000 0.000000 0.000000 0.000000 0.000000 0.000000 0.000000 0.000000 0.000000 0.000000 0.000000 
0.000000 0.000000 0.000000 0.000000 0.000000 3.182220 3.182220 3.174736 4.307093 2.975527 0.000000 0.000000 0.000000 0.000000 0.000000 0.000000 0.000000 0.000000 0.000000 0.000000 0.000000 0.000000 0.000000 0.000000 0.000000 
0.000000 0.000000 0.000000 0.000000 3.174577 3.174736 4.276434 3.977464 3.470175 0.000000 0.000000 0.000000 2.533688 0.000000 0.000000 0.000000 0.000000 0.000000 0.000000 0.000000 0.000000 0.000000 0.000000 0.000000 0.000000 
0.000000 0.000000 0.000000 3.159341 3.106960 4.246144 4.246139 1.590472 0.000000 5.976498 3.915932 3.203411 3.465167 2.527727 0.000000 0.000000 0.000000 0.000000 0.000000 0.000000 0.000000 0.000000 0.000000 0.000000 0.000000 
0.000000 0.000000 0.000000 2.957446 4.205917 4.200099 3.953660 5.821378 5.992651 0.000000 5.318571 2.524896 2.524869 2.527223 2.533190 2.479279 0.000000 0.000000 0.000000 0.000000 0.000000 0.000000 0.000000 0.000000 0.000000 
0.000000 0.000000 3.136770 3.136759 4.205917 4.140090 5.950910 5.950861 5.992651 5.992651 0.000000 0.000000 6.033816 6.017403 1.320447 0.000000 0.000000 0.000000 0.000000 0.000000 0.000000 0.000000 0.000000 0.000000 0.000000 
0.000000 0.000000 2.665498 3.212903 3.136759 5.614283 5.909554 5.950861 5.976501 7.321083 5.918948 4.854610 6.034749 0.000000 0.000000 0.000000 0.000000 0.000000 0.000000 0.000000 0.000000 0.000000 0.000000 0.000000 0.000000 
0.000000 3.129561 3.136759 3.129572 4.005651 5.868511 5.935240 5.951159 7.271039 7.271039 7.172672 0.000000 6.018389 5.782659 0.000000 0.000000 0.000000 0.000000 0.000000 0.000000 0.000000 0.000000 0.000000 0.000000 0.000000 
0.000000 3.105479 3.105459 3.129572 5.578894 5.868511 5.935240 7.271039 7.271039 7.271039 7.250197 2.481415 6.018331 4.585192 7.075645 0.000000 3.127403 3.152037 3.114002 0.000000 0.000000 0.000000 0.000000 0.000000 0.000000 
0.000000 2.779214 4.205917 3.378736 5.706403 5.853055 5.935240 7.039949 7.271039 7.372078 0.000000 0.000000 0.000000 7.321123 6.947193 7.150884 7.171257 7.150907 4.321194 0.000000 7.052736 5.827258 0.000000 3.152034 0.000000 
0.000000 1.469513 3.531534 3.546818 4.318898 2.528599 7.220760 6.899339 7.300151 7.372066 8.482306 3.182220 7.172672 5.722348 7.123857 5.339565 8.489209 8.522010 4.642771 7.072551 5.931670 5.909630 5.909670 3.790379 0.000000 
3.159320 3.136305 1.376800 1.376743 5.908616 5.950018 7.269624 7.300151 7.270809 8.698030 8.723940 8.697997 0.000000 2.622475 5.358425 8.425138 8.605901 8.482306 8.368796 6.855649 7.072796 5.260883 5.909670 3.212997 2.765723 
3.159362 3.159360 2.779340 3.151995 2.634720 7.269598 7.321141 7.422305 7.350703 8.697906 8.638767 1.590472 0.000000 0.000000 0.000000 5.025779 8.522110 7.782385 8.522074 6.683388 4.619145 2.559894 2.020768 1.479911 1.479911 
2.456249 3.159360 4.171021 5.909518 1.961013 3.253078 7.321141 7.474099 8.697965 8.638816 8.638716 8.664385 8.547056 0.000000 0.000000 0.000000 0.000000 8.580462 8.521974 4.320942 4.619381 2.544176 2.113423 1.459053 1.590457 
2.550490 3.366942 4.205892 5.909518 0.000000 0.000000 7.372022 8.337697 8.697965 8.638816 6.657030 8.664458 0.000000 0.000000 8.176693 0.000000 8.054405 8.605901 6.627582 5.672909 6.446020 0.000000 0.000000 0.000000 0.000000 
1.618019 2.347171 1.860480 5.909476 7.220702 0.000000 5.095423 8.877330 8.697972 8.539337 8.539315 8.054118 1.448655 0.000000 8.176693 8.152096 8.152096 6.251210 7.435779 5.358434 4.264625 0.000000 0.000000 0.000000 0.000000 
3.023375 2.124871 1.860487 0.000000 5.416611 5.416558 7.372075 8.904028 7.876426 8.580462 8.176693 8.176693 8.176366 8.151754 8.176693 8.152096 5.303616 6.251210 5.397120 4.318897 2.093989 0.000000 0.000000 0.000000 0.000000 
0.000000 1.667691 2.942697 2.253619 6.111568 7.372043 8.724027 8.904028 8.423071 8.313080 8.152096 7.884659 8.176285 7.352232 8.107852 8.231442 5.752556 2.219338 1.469512 1.599683 1.531707 0.000000 0.000000 0.000000 0.000000 
0.000000 1.456770 2.527727 1.794154 4.616797 6.204501 6.686947 8.724026 6.712362 7.999657 8.152096 8.065175 8.120542 0.000000 0.000000 8.094939 2.099717 1.438175 0.000000 0.000000 0.000000 0.000000 0.000000 0.000000 0.000000 
0.000000 0.000000 3.182220 2.504921 2.219333 5.053096 8.180517 8.423071 8.580034 8.096148 8.040998 8.065188 8.120542 7.394284 6.325732 7.176289 8.175076 0.000000 0.000000 0.000000 0.000000 0.000000 0.000000 0.000000 0.000000 
0.000000 2.497466 2.889621 1.997991 5.650952 6.425200 7.372040 8.423027 7.832608 7.599688 7.780997 8.041141 7.395526 6.326511 7.373079 7.423969 7.446492 8.096200 0.000000 0.000000 0.000000 0.000000 0.000000 0.000000 0.000000 
0.000000 3.129581 2.022286 1.997993 4.937555 6.705043 5.772288 6.759207 7.999716 8.120581 7.551246 7.373200 7.395537 7.395509 7.373202 7.446784 7.424274 7.334129 7.944566 7.726718 0.000000 0.000000 0.000000 0.000000 0.000000 
0.000000 0.000000 1.823990 2.090345 2.546450 2.219347 6.111563 6.837447 6.164590 8.120581 7.373046 6.914118 7.395537 7.424274 7.446784 7.334129 4.821080 2.447279 8.065414 8.041232 7.900946 0.000000 0.000000 0.000000 0.000000 
0.000000 0.000000 1.659020 2.090360 1.985769 5.146217 2.465646 7.122658 8.096145 8.096102 7.284009 7.129592 7.334129 7.446784 5.612885 7.424274 7.274096 7.549901 7.344770 5.270926 6.693313 0.000000 0.000000 0.000000 0.000000 
0.000000 0.000000 0.000000 1.281290 1.238196 1.271015 1.729135 7.046118 7.884730 8.054018 7.373046 7.446784 6.498474 6.498474 6.498474 4.525596 0.000000 7.274029 2.934337 6.807712 6.107347 7.351925 0.000000 0.000000 0.000000 
0.000000 0.000000 0.000000 0.000000 0.000000 0.000000 0.000000 0.000000 7.352314 6.193249 2.089556 7.424274 6.478763 6.498474 6.478763 6.261768 6.149329 7.446784 7.424274 7.785949 5.303440 0.000000 0.000000 0.000000 0.000000 
0.000000 0.000000 0.000000 0.000000 0.000000 0.000000 0.000000 0.000000 0.000000 6.193287 1.599636 7.497997 6.478763 6.498474 5.828251 6.346796 6.589268 5.666285 7.177599 5.223578 0.000000 0.000000 0.000000 0.000000 0.000000 
0.000000 0.000000 0.000000 0.000000 0.000000 0.000000 0.000000 0.000000 0.000000 0.000000 1.599645 2.046677 6.589351 6.589427 5.610198 4.188092 6.498200 2.075212 2.075212 0.000000 0.000000 0.000000 0.000000 0.000000 0.000000 
0.000000 0.000000 0.000000 0.000000 0.000000 0.000000 0.000000 0.000000 0.000000 0.000000 2.060906 1.587390 3.816536 5.664109 5.664103 5.456261 2.814337 2.677821 0.000000 0.000000 0.000000 0.000000 0.000000 0.000000 0.000000 
0.000000 0.000000 0.000000 0.000000 0.000000 0.000000 0.000000 0.000000 0.000000 0.000000 0.000000 0.000000 0.000000 4.245641 5.664109 4.245680 0.000000 0.000000 0.000000 0.000000 0.000000 0.000000 0.000000 0.000000 0.000000 
0.000000 0.000000 0.000000 0.000000 0.000000 0.000000 0.000000 0.000000 0.000000 0.000000 0.000000 0.000000 0.000000 0.000000 0.000000 0.000000 0.000000 0.000000 0.000000 0.000000 0.000000 0.000000 0.000000 0.000000 0.000000 
