test/output/hourly/064_000001_240_intensity.asc
ncols         22
nrows         24
xllcorner     565900.000000
yllcorner     5763200.000000
cellsize      100.000000
NODATA_value  0.000000
0 0 0 0 0 0 0 0 0 0 0 0 2171 0 0 0 0 0 0 0 0 0 
0 0 0 0 0 0 2195 2210 2192 0 0 0 0 2177 2171 0 0 0 0 0 0 0 
0 0 0 0 0 2192 2195 2206 0 3017 3022 3017 3022 3022 2192 2171 0 0 0 0 0 0 
0 0 0 2244 2212 2867 3024 3024 3047 35 3017 3022 3017 2799 2887 2160 0 0 0 0 0 0 
0 0 2228 2284 3019 3017 3022 2830 4379 4370 4344 3285 4335 2646 1899 1471 0 0 0 0 0 0 
0 0 2228 3148 3066 2767 4335 4344 3798 3546 4375 4413 3416 3295 1794 1349 0 0 0 0 0 0 
0 2212 2225 3072 1844 2434 4335 4300 4309 4300 90 4306 588 593 0 0 0 0 0 0 0 0 
0 2225 3066 3066 4307 4300 4273 4309 5210 5210 5239 5239 5334 4377 4171 0 0 0 0 0 0 0 
2284 2225 3072 3066 4273 4300 4228 5161 5210 4776 4936 5201 5251 5201 0 0 0 0 0 0 0 0 
2228 2927 3019 2472 4273 4309 4658 5161 5210 5210 4310 5281 5293 5176 5200 4162 0 0 0 0 0 0 
2228 3042 2927 2499 4300 5251 5201 5161 5251 5281 6267 6251 6295 3803 5210 5161 4198 0 0 0 2298 0 
2210 3047 3048 4306 4273 5251 5240 5806 6200 6267 6251 6251 6079 6364 5210 4775 4503 0 0 1936 2284 2131 
1931 2907 4379 4341 5282 5242 5201 6251 6267 6267 6251 6200 0 5533 4179 2804 5281 4307 2587 3173 2228 2156 
1923 3022 4344 4341 5003 4684 6200 6251 6251 6267 6364 6251 4585 6267 6114 4716 5293 4307 4426 3200 2795 1434 
1816 2830 3159 2330 5214 3993 2796 6315 6251 6267 5843 5923 6364 6349 5670 3782 4580 2514 4326 3199 2511 1190 
2192 1899 3159 2492 2547 2764 6315 6204 6364 5858 5843 5858 5221 6113 3387 5251 4658 4258 4375 2989 1952 0 
1471 1906 2330 2200 2547 2393 2485 6364 5843 4362 5858 5428 5767 6113 6218 4139 4328 3836 3295 3097 0 0 
1277 1794 1704 0 0 2547 2760 3020 5858 5843 5858 5858 4734 5208 5012 3965 4684 2317 0 0 0 0 
0 1471 229 0 0 3014 2195 2584 3155 4362 0 2817 3228 3375 2639 2563 2604 0 0 0 0 0 
0 0 0 0 0 2514 2409 2152 2709 2993 2112 2442 3463 2609 3793 2409 2492 0 0 0 0 0 
0 0 0 0 0 0 0 0 2553 3161 2042 1728 1728 3035 2370 2492 2186 0 0 0 0 0 
0 0 0 0 0 0 0 0 1884 1946 1906 2242 2536 2624 2242 1884 0 1329 0 0 0 0 
0 0 0 0 0 0 0 1457 798 840 1216 1821 1694 1785 1899 0 0 0 0 0 0 0 
0 0 0 0 0 0 0 0 0 0 0 0 0 1513 0 0 0 0 0 0 0 0 
