test/output/hourly/064_000001_252_ros.asc
ncols         29
nrows         26
xllcorner     565600.000000
yllcorner     5763100.000000
cellsize      100.000000
NODATA_value  0.000000
0.000000 0.000000 0.000000 0.000000 0.000000 0.000000 0.000000 0.000000 2.369975 1.827112 0.518760 0.000000 0.000000 2.137751 1.710492 1.656638 1.465688 1.382029 0.000000 0.000000 0.000000 0.000000 0.000000 0.000000 0.000000 0.000000 0.000000 0.000000 0.000000 
0.000000 0.000000 0.000000 0.000000 0.000000 0.000000 2.402243 2.333315 1.669132 0.675754 0.625084 0.000000 0.000000 0.000000 2.211031 2.614491 0.264511 1.091506 1.303377 0.000000 0.000000 0.000000 0.000000 0.000000 0.000000 0.000000 0.000000 0.000000 0.000000 
0.000000 0.000000 0.000000 0.000000 0.000000 2.383070 2.415648 2.138244 2.171384 2.638330 2.656694 2.637573 0.000000 0.000000 0.000000 0.000000 2.619896 2.614443 1.091506 1.429486 0.000000 0.000000 0.000000 0.000000 0.000000 0.000000 0.000000 0.000000 0.000000 
0.000000 0.000000 0.000000 0.000000 0.000000 2.179604 2.179604 0.266848 2.633026 2.638330 2.652291 0.000000 3.492720 3.498774 3.492720 3.498774 3.498774 2.637670 2.614443 1.420344 0.761773 0.000000 0.000000 0.000000 0.000000 0.000000 0.000000 0.000000 0.000000 
0.000000 0.000000 0.000000 2.399345 0.000000 1.537738 2.687446 2.657083 3.312635 3.497676 3.497664 3.523779 0.091380 3.492720 3.498774 3.492720 3.234161 3.341904 2.601393 1.016887 0.000000 0.000000 0.000000 0.000000 0.000000 0.000000 0.000000 0.000000 0.000000 
0.000000 0.000000 0.000000 2.420551 2.210921 2.676099 2.734768 3.488097 3.492720 3.498774 3.276743 4.845714 4.835941 4.811797 3.639388 4.802272 3.057140 2.198204 1.771843 5.498487 0.000000 0.000000 0.000000 0.000000 0.000000 0.000000 0.000000 0.000000 0.000000 
0.000000 0.000000 2.021549 2.186203 2.059410 2.676100 3.626292 3.542843 3.203092 4.802272 4.811797 4.207346 3.928156 4.836788 4.879388 3.783694 3.643517 2.078897 1.625571 6.531105 1.888197 0.000000 0.000000 0.000000 0.000000 0.000000 0.000000 0.000000 0.000000 
0.000000 2.049991 1.974294 2.210921 2.657095 2.671553 3.549254 2.808163 3.706859 4.802272 4.768458 4.777761 4.768437 0.220851 4.770474 1.388052 1.400105 0.000000 0.390007 6.798002 0.000000 0.000000 0.000000 0.000000 0.000000 0.000000 0.000000 0.000000 0.000000 
0.000000 2.415736 2.076123 1.949149 2.671542 3.542840 3.542843 4.771072 4.768414 4.738348 4.777770 5.649759 5.649759 5.676687 5.676643 5.769283 4.843792 4.642727 0.000000 0.000000 0.000000 0.000000 0.000000 0.000000 0.000000 0.000000 0.000000 0.000000 0.000000 
0.000000 2.455159 2.210922 2.734768 2.671553 3.549254 3.542801 4.738301 4.768426 4.688118 5.597301 5.650375 5.179090 5.348570 5.635605 5.689960 5.635674 0.000000 0.000000 0.000000 0.000000 0.000000 0.000000 0.000000 0.000000 0.000000 0.000000 0.000000 0.000000 
2.400802 2.415736 2.186191 2.676100 3.382047 3.488065 3.763494 4.738317 4.777734 5.046842 5.597310 5.650383 5.650362 4.674245 5.717344 5.730171 5.602767 5.634774 4.624308 0.000000 0.000000 0.000000 0.000000 0.000000 1.266971 0.000000 0.000000 0.000000 0.000000 
2.215344 2.302768 1.941347 2.676077 3.511387 3.382067 3.804740 4.768432 5.689969 5.635640 5.597310 5.690045 5.717344 6.659739 6.643713 6.679220 4.117487 5.650421 5.597358 4.668808 0.000000 0.000000 0.000000 2.749013 1.136166 1.352686 0.000000 0.000000 0.000000 
2.448746 2.152227 1.869540 2.656707 3.523779 3.521743 4.770368 4.738299 5.689940 5.677422 6.175340 6.589124 6.659739 6.643713 6.643713 6.450502 6.752631 5.650421 5.178979 4.905561 0.000000 0.000000 2.948449 2.734761 2.551636 1.447649 2.614988 0.000000 0.000000 
2.215248 2.211031 1.933193 2.321690 3.361810 4.845679 4.804132 5.713272 5.674278 5.635640 6.643713 6.659739 6.659739 6.643713 6.589124 0.000000 5.870991 4.520283 3.040672 5.717060 4.771075 3.938776 3.647350 2.676102 2.599772 1.159900 1.041073 1.456720 0.000000 
2.263188 2.230374 1.803385 2.313583 3.498600 4.811557 4.804132 5.411499 5.070759 6.588796 6.643713 6.643713 6.659739 6.752712 6.643713 4.864938 6.659739 6.497205 5.123749 5.729885 4.771075 4.879344 3.678509 3.213427 1.729016 6.080932 6.080932 1.041002 1.742396 
2.070596 2.214253 2.048100 2.185702 3.276591 3.496498 2.579297 5.639725 4.318868 2.971975 6.705857 6.643713 6.659739 6.254922 6.284667 6.752631 6.736048 6.025369 4.109327 4.976292 2.785505 4.782865 3.677993 2.887333 1.433489 6.490298 6.312318 1.159721 2.580010 
2.370042 2.214253 2.186297 2.637670 2.198203 3.496498 2.755749 2.755534 2.989305 6.705822 6.583116 6.752697 6.271000 6.254922 6.271000 5.560618 6.497003 3.612143 5.690045 5.047061 4.707524 4.837552 3.442917 2.258326 0.000000 0.000000 0.402906 0.424321 0.000000 
2.400769 2.415736 2.152227 1.771839 2.208793 2.579297 2.434750 2.755525 2.588546 2.639553 6.752719 6.254939 4.669536 6.271000 5.810151 6.183954 6.497003 6.613594 4.488523 4.689286 4.241399 3.643502 3.574216 0.000000 0.000000 0.000000 0.000000 0.000000 0.000000 
2.472825 2.455159 2.225835 1.536970 2.078911 1.974828 0.000000 0.000000 2.755491 2.928813 3.204265 6.271009 6.254940 6.271012 6.270844 5.085346 5.543898 5.331151 4.300455 5.070916 2.562080 0.000000 0.000000 0.000000 0.000000 0.000000 0.000000 0.000000 0.000000 
0.000000 2.455159 2.186297 2.246472 1.771806 0.541932 0.000000 0.000000 3.263443 2.372818 2.742388 3.347599 4.669362 0.000000 3.057541 3.439074 3.596262 2.807083 2.775004 2.885194 0.000000 0.000000 0.000000 0.000000 0.000000 0.000000 0.000000 0.000000 0.000000 
0.000000 2.490760 2.274230 2.246466 1.670318 1.417800 0.000000 0.000000 2.785506 2.608452 2.319678 2.919680 3.234868 3.063465 3.323202 3.756299 2.832763 4.113633 2.608374 2.755690 0.000000 0.000000 0.000000 0.000000 0.000000 0.000000 0.000000 0.000000 0.000000 
0.000000 0.000000 2.375846 1.701429 1.706023 1.706003 0.000000 0.000000 0.000000 0.000000 0.000000 2.815461 3.495001 2.961352 2.505853 2.505827 3.369162 2.630485 2.755734 2.416766 0.000000 0.000000 0.000000 0.000000 0.000000 0.000000 0.000000 0.000000 0.000000 
0.000000 0.000000 0.000000 0.000000 0.000000 0.000000 0.000000 0.000000 0.000000 0.000000 0.000000 2.176572 2.248464 2.208767 2.488498 2.814743 2.912016 2.488515 2.176540 0.000000 1.596434 0.000000 0.000000 0.000000 0.000000 0.000000 0.000000 0.000000 0.000000 
0.000000 0.000000 0.000000 0.000000 0.000000 0.000000 0.000000 0.000000 0.000000 0.000000 1.750440 1.216199 1.279939 1.462415 2.116386 1.961100 2.066169 2.198184 0.000000 0.000000 0.000000 0.000000 0.000000 0.000000 0.000000 0.000000 0.000000 0.000000 0.000000 
0.000000 0.000000 0.000000 0.000000 0.000000 0.000000 0.000000 0.000000 2.508018 2.213846 2.171333 1.367721 1.183460 0.000000 0.000000 0.000000 1.822650 0.369888 0.000000 0.000000 0.000000 0.000000 0.000000 0.000000 0.000000 0.000000 0.000000 0.000000 0.000000 
0.000000 0.000000 0.000000 0.000000 0.000000 0.000000 0.000000 0.000000 2.508691 2.419935 2.252323 1.411081 0.000000 0.000000 0.000000 0.000000 0.000000 0.000000 0.000000 0.000000 0.000000 0.000000 0.000000 0.000000 0.000000 0.000000 0.000000 0.000000 0.000000 
