test/output/hourly/064_000001_239_arrival.asc
ncols         22
nrows         24
xllcorner     565900.000000
yllcorner     5763200.000000
cellsize      100.000000
NODATA_value  0.000000
0.000000 0.000000 0.000000 0.000000 0.000000 0.000000 0.000000 0.000000 0.000000 0.000000 0.000000 0.000000 238.875000 0.000000 0.000000 0.000000 0.000000 0.000000 0.000000 0.000000 0.000000 0.000000 
0.000000 0.000000 0.000000 0.000000 0.000000 0.000000 238.870862 238.861480 238.870862 0.000000 0.000000 0.000000 0.000000 238.852098 238.875000 0.000000 0.000000 0.000000 0.000000 0.000000 0.000000 0.000000 
0.000000 0.000000 0.000000 0.000000 0.000000 238.870862 238.852098 238.842715 0.000000 238.828107 238.820975 238.820975 238.820975 238.833333 238.852098 238.875000 0.000000 0.000000 0.000000 0.000000 0.000000 0.000000 
0.000000 0.000000 0.000000 238.875000 238.861480 238.833333 238.833333 238.820975 238.820975 238.820975 238.806609 238.806609 238.813844 238.813844 238.833333 238.870862 0.000000 0.000000 0.000000 0.000000 0.000000 0.000000 
0.000000 0.000000 238.875000 238.852098 238.833333 238.820975 238.806609 238.806609 238.791667 238.791667 238.788289 238.788289 238.788289 238.799218 238.833333 238.870862 0.000000 0.000000 0.000000 0.000000 0.000000 0.000000 
0.000000 0.000000 238.861480 238.833333 238.820975 238.806609 238.788289 238.782836 238.782836 238.782836 238.771929 238.771929 238.777382 238.791667 238.833333 238.875000 0.000000 0.000000 0.000000 0.000000 0.000000 0.000000 
0.000000 238.870862 238.842715 238.820975 238.806609 238.788289 238.782836 238.766476 238.766476 238.766476 238.761023 238.761023 238.766476 238.766476 0.000000 0.000000 0.000000 0.000000 0.000000 0.000000 0.000000 0.000000 
0.000000 238.870862 238.833333 238.806609 238.788289 238.777382 238.766476 238.761023 238.750000 238.750000 238.750000 238.750000 238.750000 238.755570 238.766476 0.000000 0.000000 0.000000 0.000000 0.000000 0.000000 0.000000 
238.875000 238.852098 238.828107 238.799218 238.777382 238.766476 238.755570 238.745777 238.741098 238.736419 238.736419 238.736419 238.736419 238.745777 0.000000 0.000000 0.000000 0.000000 0.000000 0.000000 0.000000 0.000000 
238.870862 238.833333 238.806609 238.791667 238.771929 238.755570 238.741098 238.731738 238.731738 238.722376 238.722376 238.722376 238.722376 238.731738 238.741098 238.755570 0.000000 0.000000 0.000000 0.000000 0.000000 0.000000 
238.861480 238.828107 238.813844 238.782836 238.766476 238.750000 238.736419 238.722376 238.713014 238.713014 238.708333 238.706127 238.708333 238.727057 238.731738 238.745777 238.761023 0.000000 0.000000 0.000000 238.861480 0.000000 
238.861480 238.828107 238.799218 238.777382 238.755570 238.741098 238.722376 238.708333 238.702181 238.698235 238.698235 238.698235 238.702181 238.708333 238.722376 238.736419 238.745777 0.000000 0.000000 238.820975 238.852098 238.870862 
238.842715 238.813844 238.791667 238.766476 238.750000 238.731738 238.717695 238.706127 238.694289 238.686397 238.686397 238.690343 0.000000 238.698235 238.713014 238.731738 238.745777 238.766476 238.788289 238.813844 238.842715 238.875000 
238.842715 238.820975 238.788289 238.766476 238.741098 238.722376 238.708333 238.698235 238.682451 238.678505 238.674559 238.682451 238.686397 238.694289 238.706127 238.722376 238.741098 238.761023 238.782836 238.806609 238.828107 238.875000 
238.852098 238.813844 238.782836 238.761023 238.741098 238.717695 238.706127 238.690343 238.678505 238.670613 238.666667 238.670613 238.678505 238.686397 238.702181 238.717695 238.731738 238.761023 238.782836 238.806609 238.828107 238.875000 
238.861480 238.813844 238.782836 238.761023 238.741098 238.722376 238.702181 238.682451 238.670613 238.655461 238.659710 238.659710 238.663958 238.682451 238.698235 238.717695 238.731738 238.755570 238.782836 238.806609 238.833333 0.000000 
238.852098 238.828107 238.788289 238.771929 238.745777 238.722376 238.702181 238.682451 238.663958 238.646965 238.646965 238.651213 238.663958 238.682451 238.698235 238.713014 238.731738 238.755570 238.777382 238.813844 0.000000 0.000000 
238.870862 238.828107 238.799218 0.000000 0.000000 238.727057 238.698235 238.682451 238.663958 238.642627 238.638289 238.642627 238.663958 238.678505 238.698235 238.717695 238.741098 238.761023 0.000000 0.000000 0.000000 0.000000 
0.000000 238.861480 238.842715 0.000000 0.000000 238.741098 238.717695 238.708333 238.708333 238.638289 238.510417 238.717695 238.702181 238.702181 238.708333 238.731738 238.755570 0.000000 0.000000 0.000000 0.000000 0.000000 
0.000000 0.000000 0.000000 0.000000 0.000000 238.761023 238.745777 238.741098 238.741098 238.750000 238.761023 238.741098 238.731738 238.727057 238.736419 238.745777 238.771929 0.000000 0.000000 0.000000 0.000000 0.000000 
0.000000 0.000000 0.000000 0.000000 0.000000 0.000000 0.000000 0.000000 238.771929 238.782836 238.782836 238.761023 238.761023 238.761023 238.761023 238.777382 238.791667 0.000000 0.000000 0.000000 0.000000 0.000000 
0.000000 0.000000 0.000000 0.000000 0.000000 0.000000 0.000000 0.000000 238.813844 238.813844 238.813844 238.791667 238.788289 238.788289 238.788289 238.806609 0.000000 238.852098 0.000000 0.000000 0.000000 0.000000 
0.000000 0.000000 0.000000 0.000000 0.000000 0.000000 0.000000 238.852098 238.852098 238.861480 238.852098 238.833333 238.828107 238.828107 238.833333 0.000000 0.000000 0.000000 0.000000 0.000000 0.000000 0.000000 
0.000000 0.000000 0.000000 0.000000 0.000000 0.000000 0.000000 0.000000 0.000000 0.000000 0.000000 0.000000 0.000000 238.875000 0.000000 0.000000 0.000000 0.000000 0.000000 0.000000 0.000000 0.000000 
