test/output/hourly/064_000001_252_source.asc
ncols         29
nrows         26
xllcorner     565600.000000
yllcorner     5763100.000000
cellsize      100.000000
NODATA_value  255.000000
255 255 255 255 255 255 255 255 4 4 21 255 255 128 128 132 21 21 255 255 255 255 255 255 255 255 255 255 255 
255 255 255 255 255 255 2 134 128 134 148 255 255 255 2 128 5 21 21 255 255 255 255 255 255 255 255 255 255 
255 255 255 255 255 134 134 134 134 132 4 17 255 255 255 255 20 21 21 21 255 255 255 255 255 255 255 255 255 
255 255 255 255 255 130 134 4 134 134 132 255 128 132 148 20 21 21 21 21 0 255 255 255 255 255 255 255 255 
255 255 255 132 255 134 134 134 132 150 134 149 151 132 148 149 21 21 21 21 255 255 255 255 255 255 255 255 255 
255 255 255 130 130 134 132 134 134 132 150 132 20 132 148 20 17 77 89 4 255 255 255 255 255 255 255 255 255 
255 255 134 130 134 134 134 134 134 132 132 22 21 128 4 21 1 72 73 1 65 255 255 255 255 255 255 255 255 
255 0 166 130 134 134 134 134 134 134 132 148 149 150 148 23 17 255 34 8 255 255 255 255 255 255 255 255 255 
255 166 166 130 166 134 134 134 134 134 134 134 150 151 151 149 21 16 255 255 255 255 255 255 255 255 255 255 255 
255 166 130 134 134 166 134 134 134 134 134 150 150 151 151 21 21 255 255 255 255 255 255 255 255 255 255 255 255 
130 130 130 134 130 130 166 134 134 134 134 150 132 150 149 20 21 21 21 255 255 255 255 255 20 255 255 255 255 
166 174 166 134 134 174 134 166 134 134 134 132 150 22 20 20 149 21 21 21 255 255 255 20 5 21 255 255 255 
162 130 130 166 166 134 134 134 134 134 132 132 132 148 20 17 4 21 21 17 255 255 20 21 17 85 0 255 255 
174 162 162 130 130 166 130 134 134 134 134 134 132 148 149 255 20 21 85 21 85 21 21 85 93 151 21 21 255 
174 162 162 162 174 166 166 130 130 134 134 132 132 4 149 21 21 21 21 85 85 85 85 17 93 4 21 5 0 
174 162 162 170 162 162 162 166 130 166 134 134 134 148 21 21 21 21 21 17 93 93 93 81 89 1 73 72 0 
162 34 170 174 34 2 162 162 174 166 134 134 132 151 21 16 21 21 93 17 81 93 89 89 255 255 64 9 255 
170 174 174 34 170 34 42 170 170 174 134 134 134 148 21 21 29 93 81 65 65 65 73 255 255 255 255 255 255 
34 34 34 42 34 40 255 255 42 34 8 2 6 4 5 1 1 73 73 73 64 255 255 255 255 255 255 255 255 
255 42 42 42 42 8 255 255 42 42 10 65 2 254 34 34 9 73 73 73 255 255 255 255 255 255 255 255 255 
255 2 42 42 8 73 255 255 42 42 42 73 73 42 42 42 72 73 73 73 255 255 255 255 255 255 255 255 255 
255 255 42 106 72 73 255 255 255 255 255 72 73 42 40 106 105 72 73 73 255 255 255 255 255 255 255 255 255 
255 255 255 255 255 255 255 255 255 255 255 40 73 42 42 106 105 72 73 255 64 255 255 255 255 255 255 255 255 
255 255 255 255 255 255 255 255 255 255 34 41 105 42 42 106 105 73 255 255 255 255 255 255 255 255 255 255 255 
255 255 255 255 255 255 255 255 2 34 40 107 73 255 255 255 96 73 255 255 255 255 255 255 255 255 255 255 255 
255 255 255 255 255 255 255 255 0 42 40 105 255 255 255 255 255 255 255 255 255 255 255 255 255 255 255 255 255 
