test/output/hourly/064_000001_252_raz.asc
ncols         29
nrows         26
xllcorner     565600.000000
yllcorner     5763100.000000
cellsize      100.000000
NODATA_value  0.000000
0 0 0 0 0 0 0 0 278 328 337 0 0 300 337 343 8 20 0 0 0 0 0 0 0 0 0 0 0 
0 0 0 0 0 0 262 283 316 262 285 0 0 0 267 355 33 22 114 0 0 0 0 0 0 0 0 0 0 
0 0 0 0 0 273 267 277 272 354 3 3 0 0 0 0 10 4 22 1 0 0 0 0 0 0 0 0 0 
0 0 0 0 0 271 271 19 349 354 359 0 357 1 5 1 1 1 4 1 247 0 0 0 0 0 0 0 0 
0 0 0 270 0 327 349 353 335 354 354 3 1 357 1 5 33 24 8 110 0 0 0 0 0 0 0 0 0 
0 0 0 269 269 1 1 348 357 1 28 3 7 1 57 5 42 97 89 89 0 0 0 0 0 0 0 0 0 
0 0 266 273 287 1 1 357 329 357 1 37 49 357 5 52 57 109 108 104 106 0 0 0 0 0 0 0 0 
0 256 281 269 351 356 1 353 343 357 359 3 7 2 14 357 5 0 121 108 0 0 0 0 0 0 0 0 0 
0 272 305 299 356 356 357 354 359 354 3 5 5 9 9 5 9 11 0 0 0 0 0 0 0 0 0 0 0 
0 258 269 1 356 1 358 354 359 349 354 2 28 24 354 3 11 0 0 0 0 0 0 0 0 0 0 0 0 
274 272 273 1 338 349 350 354 3 332 354 2 2 42 357 1 13 5 7 0 0 0 0 0 351 0 0 0 0 
294 286 294 2 352 340 354 359 3 354 354 2 357 1 5 8 56 0 9 3 0 0 0 0 8 21 0 0 0 
270 276 300 3 3 357 357 354 3 359 342 353 1 5 5 17 0 0 26 31 0 0 4 0 27 7 265 0 0 
220 267 293 321 341 3 354 355 355 354 357 1 1 5 9 0 29 44 97 3 7 3 7 1 1 8 39 17 0 
224 258 303 321 3 3 354 342 332 355 357 357 1 0 5 49 1 13 26 359 7 13 2 38 97 90 90 47 194 
209 256 283 311 336 301 252 350 313 251 2 357 1 5 21 0 3 26 58 34 95 14 5 56 162 101 99 155 272 
275 256 271 1 267 301 266 251 266 2 350 2 1 5 1 29 14 86 2 33 18 9 24 93 0 0 171 147 0 
274 272 276 273 267 252 128 251 236 147 2 358 318 1 21 2 14 2 47 42 37 57 5 0 0 0 0 0 0 
256 258 254 238 254 240 0 0 251 250 265 1 357 1 2 38 39 41 52 31 111 0 0 0 0 0 0 0 0 
0 258 245 256 272 82 0 0 277 169 129 91 317 65535 268 274 87 129 112 91 0 0 0 0 0 0 0 0 0 
0 257 226 256 200 178 0 0 265 127 170 97 84 271 271 295 115 57 129 97 0 0 0 0 0 0 0 0 0 
0 0 234 178 177 174 0 0 0 0 0 91 63 265 221 142 69 112 98 126 0 0 0 0 0 0 0 0 0 
0 0 0 0 0 0 0 0 0 0 0 266 92 266 127 265 91 126 97 0 105 0 0 0 0 0 0 0 0 
0 0 0 0 0 0 0 0 0 0 273 240 113 146 259 240 113 99 0 0 0 0 0 0 0 0 0 0 0 
0 0 0 0 0 0 0 0 267 263 246 175 149 0 0 0 99 151 0 0 0 0 0 0 0 0 0 0 0 
0 0 0 0 0 0 0 0 263 258 229 135 0 0 0 0 0 0 0 0 0 0 0 0 0 0 0 0 0 
