test/output/hourly/065_000001_252_ros.asc
ncols         17
nrows         25
xllcorner     566300.000000
yllcorner     5763200.000000
cellsize      100.000000
NODATA_value  0.000000
0.000000 0.000000 0.000000 0.000000 0.000000 0.000000 0.000000 0.000000 1.871774 1.858229 0.000000 0.000000 0.000000 0.000000 0.000000 0.000000 0.000000 
0.000000 0.000000 0.000000 0.000000 0.000000 0.000000 0.000000 0.000000 1.336617 1.828161 1.858205 0.000000 0.000000 0.000000 0.000000 0.000000 0.000000 
0.000000 0.000000 0.000000 0.000000 0.000000 0.000000 0.000000 0.000000 0.000000 1.426818 1.858183 1.578146 0.000000 0.000000 0.000000 0.000000 0.000000 
0.000000 0.000000 0.000000 0.000000 0.000000 0.000000 0.535078 0.000000 0.680544 0.540671 1.409405 1.255956 0.000000 0.000000 0.000000 0.000000 0.000000 
0.000000 0.000000 0.000000 1.817789 1.899030 0.000000 0.409237 5.357975 0.408534 0.540411 0.803184 1.692407 0.000000 0.000000 0.000000 0.000000 0.000000 
0.000000 0.000000 1.871774 1.828161 1.426818 1.145222 0.631176 5.357975 0.501252 0.923476 0.626151 1.858183 0.000000 0.000000 0.000000 0.000000 0.000000 
0.000000 1.828161 1.354558 1.206391 1.206391 1.145222 0.125970 5.471215 0.132518 0.643775 1.035250 0.000000 0.000000 0.000000 0.000000 0.000000 0.000000 
0.990555 1.354492 1.145222 0.092042 0.675482 0.000000 0.000000 5.394870 0.150248 0.143321 0.000000 0.000000 0.000000 0.000000 0.000000 0.000000 0.000000 
1.805909 1.137534 0.584874 0.254280 0.501236 5.009398 5.009398 5.009355 5.079274 0.000000 0.000000 0.000000 0.000000 0.000000 0.000000 0.000000 0.000000 
1.794146 0.700034 0.566380 0.449254 5.320355 4.974771 4.974771 5.009951 5.010003 5.208901 0.000000 0.000000 0.000000 0.000000 0.000000 0.000000 0.000000 
1.794152 0.571140 0.598972 5.357861 4.974858 4.974845 0.506271 0.354864 0.589265 5.281996 0.453637 0.482725 0.000000 0.000000 0.000000 0.000000 0.000000 
1.794152 0.898489 0.355892 4.974771 0.366891 0.819869 1.087168 1.087168 1.210671 1.589319 1.058494 0.632284 0.392605 0.000000 0.000000 0.000000 1.940609 
0.867265 0.983605 5.045410 0.156688 0.999143 1.159013 0.740343 0.596173 1.038766 1.038091 1.204546 1.157718 0.511116 0.000000 0.000000 2.056567 1.940864 
0.867268 0.531625 5.045410 1.278391 0.999143 0.560385 1.183706 1.145370 0.000000 0.842589 1.192089 1.338065 1.056307 5.116171 0.547849 1.260600 1.899116 
1.591623 0.419543 0.397052 1.039202 0.774017 0.539938 0.304294 0.323193 0.305888 1.139085 1.000087 1.561377 1.250473 0.402285 0.599410 1.269846 1.280820 
0.000000 0.740635 0.844634 0.993415 0.587509 1.201255 0.199477 4.267100 4.267100 1.139090 1.374331 1.679044 1.056256 1.191802 0.255036 1.065735 0.854913 
0.000000 0.000000 0.814177 0.809580 1.082962 5.065251 4.930315 5.079162 0.746073 1.374331 1.415173 1.652226 1.083804 1.049260 1.215266 0.688644 0.980073 
0.000000 0.000000 1.230151 1.611932 1.140308 5.015297 5.079162 4.930315 1.166795 1.391767 1.703587 1.554066 1.252097 1.188469 1.152906 1.926518 0.000000 
0.000000 0.000000 1.093101 1.642568 1.197269 1.141305 5.079177 1.141305 1.394622 1.394622 1.671268 1.608911 0.355979 0.053948 0.000000 0.000000 0.000000 
0.000000 0.000000 1.235664 1.634994 1.600835 1.329506 -1.000000 1.354237 1.629102 1.668303 1.671268 1.252097 0.441207 0.000000 0.000000 0.000000 0.000000 
0.000000 0.000000 0.441207 1.232149 1.494753 1.623006 1.626417 1.749489 1.684241 1.708133 1.608911 1.250492 0.000000 0.000000 0.000000 0.000000 0.000000 
0.000000 0.000000 0.000000 0.000000 1.232160 0.913052 1.236189 1.338643 1.258299 1.278421 1.278421 0.437923 0.933798 0.000000 0.000000 0.000000 0.000000 
0.000000 0.000000 0.000000 0.000000 0.316729 0.626162 0.407589 1.218441 0.850345 0.447838 0.874753 0.525618 0.000000 0.000000 0.000000 0.000000 0.000000 
0.000000 0.000000 0.000000 0.983874 1.119560 0.832573 0.739864 1.079150 0.983594 0.944683 0.531627 0.000000 0.000000 0.000000 0.000000 0.000000 0.000000 
0.000000 0.000000 0.000000 0.854922 0.974930 0.455502 0.000000 0.000000 0.000000 0.505644 0.979977 0.000000 0.000000 0.000000 0.000000 0.000000 0.000000 
