test/output/hourly/065_000001_252_intensity.asc
ncols         17
nrows         25
xllcorner     566300.000000
yllcorner     5763200.000000
cellsize      100.000000
NODATA_value  0.000000
0 0 0 0 0 0 0 0 888 882 0 0 0 0 0 0 0 
0 0 0 0 0 0 0 0 634 868 882 0 0 0 0 0 0 
0 0 0 0 0 0 0 0 0 677 882 749 0 0 0 0 0 
0 0 0 0 0 0 224 0 567 226 669 596 0 0 0 0 0 
0 0 0 863 901 0 341 5245 340 226 381 803 0 0 0 0 0 
0 0 888 868 677 543 526 5245 418 387 297 882 0 0 0 0 0 
0 868 643 572 572 543 105 5369 110 269 491 0 0 0 0 0 0 
403 643 543 35 563 0 0 5285 125 64 0 0 0 0 0 0 0 
857 540 245 212 418 4864 4864 4864 4940 0 0 0 0 0 0 0 0 
851 293 472 374 5204 4826 4826 4865 4865 5082 0 0 0 0 0 0 0 
851 239 499 5245 4826 4826 407 285 474 5162 378 402 0 0 0 0 0 
851 376 296 4826 295 660 890 890 990 1302 852 509 327 0 0 0 921 
411 412 4903 125 818 949 595 479 836 849 988 931 411 0 0 976 921 
411 252 4903 1029 818 451 931 901 0 678 959 1099 850 4981 387 598 901 
755 199 319 851 634 434 239 254 240 916 805 1282 1006 320 499 603 608 
0 351 679 814 472 945 157 3767 3767 917 1106 1378 850 959 212 506 405 
0 0 655 663 852 4579 4457 4592 600 1106 1142 1358 872 844 577 327 465 
0 0 990 1320 917 4534 4592 4457 939 1121 1401 1280 1007 956 547 914 0 
0 0 895 1345 963 918 4592 918 1124 1124 1371 1320 156 24 0 0 0 
0 0 994 1338 1310 1070 0 1090 1334 1372 1371 1007 351 0 0 0 0 
0 0 351 991 1223 1328 982 1056 1017 1405 1320 1006 0 0 0 0 0 
0 0 0 0 991 623 746 808 759 1029 1029 349 443 0 0 0 0 
0 0 0 0 223 427 325 980 684 357 366 249 0 0 0 0 0 
0 0 0 467 469 349 310 452 412 395 252 0 0 0 0 0 0 
0 0 0 405 462 216 0 0 0 240 465 0 0 0 0 0 0 
