test/output/hourly/065_000001_252_arrival.asc
ncols         17
nrows         25
xllcorner     566300.000000
yllcorner     5763200.000000
cellsize      100.000000
NODATA_value  0.000000
0.000000 0.000000 0.000000 0.000000 0.000000 0.000000 0.000000 0.000000 251.750000 251.750000 0.000000 0.000000 0.000000 0.000000 0.000000 0.000000 0.000000 
0.000000 0.000000 0.000000 0.000000 0.000000 0.000000 0.000000 0.000000 251.577339 251.721743 251.748562 0.000000 0.000000 0.000000 0.000000 0.000000 0.000000 
0.000000 0.000000 0.000000 0.000000 0.000000 0.000000 0.000000 0.000000 0.000000 251.559503 251.721743 251.750000 0.000000 0.000000 0.000000 0.000000 0.000000 
0.000000 0.000000 0.000000 0.000000 0.000000 0.000000 249.651434 0.000000 244.372082 249.689556 251.559503 251.750000 0.000000 0.000000 0.000000 0.000000 0.000000 
0.000000 0.000000 0.000000 251.748562 251.735152 0.000000 244.372082 243.706708 244.291667 249.651434 251.559503 251.750000 0.000000 0.000000 0.000000 0.000000 0.000000 
0.000000 0.000000 251.721743 251.721743 251.559503 251.521088 244.372082 243.691693 244.291667 249.666667 251.559503 251.750000 0.000000 0.000000 0.000000 0.000000 0.000000 
0.000000 251.748562 251.559503 251.521088 251.521088 251.521088 244.333333 243.681682 244.291667 249.651434 251.721743 0.000000 0.000000 0.000000 0.000000 0.000000 0.000000 
251.748562 251.559503 251.541667 249.416667 244.372082 0.000000 0.000000 243.671672 244.291667 244.291667 0.000000 0.000000 0.000000 0.000000 0.000000 0.000000 0.000000 
251.735152 251.541667 249.651434 244.291667 244.291667 243.666667 243.662730 243.657340 243.657340 0.000000 0.000000 0.000000 0.000000 0.000000 0.000000 0.000000 0.000000 
251.721743 249.708333 244.372082 244.291667 243.671672 243.651950 243.646560 243.641170 243.641170 243.671672 0.000000 0.000000 0.000000 0.000000 0.000000 0.000000 0.000000 
251.721743 249.689556 244.372082 243.676677 243.641170 243.630390 241.500000 241.500000 241.480306 243.671672 244.291667 244.291667 0.000000 0.000000 0.000000 0.000000 0.000000 
251.721743 249.666667 244.291667 243.662730 241.500000 240.812417 240.781755 240.765877 240.765877 240.791667 240.833167 241.500000 244.291667 0.000000 0.000000 0.000000 251.750000 
251.721743 249.666667 243.662730 241.583333 240.791667 240.625000 240.561293 240.541667 240.561293 240.599282 240.625000 240.812417 241.500000 0.000000 0.000000 251.721743 251.735152 
251.721743 251.521088 243.646560 240.833333 240.765877 240.541667 240.480620 240.480620 0.000000 240.523806 240.583333 240.781755 240.833167 243.635780 244.375000 251.521088 251.721743 
251.748562 251.521088 241.500000 240.791667 240.599282 240.541667 240.291667 240.291667 240.291667 240.523806 240.580919 240.765877 240.833167 241.583333 244.333333 251.521088 251.583333 
0.000000 251.735152 240.833167 240.625000 240.541667 240.480620 240.291667 238.769117 238.775489 240.523806 240.583333 240.625000 240.812417 241.500000 244.372082 251.521088 251.721743 
0.000000 0.000000 240.812417 240.599282 240.500000 238.746049 238.750000 238.750000 240.523806 240.580919 240.583333 240.765877 240.812417 241.480306 251.521088 251.559503 251.750000 
0.000000 0.000000 240.812417 240.615231 240.523806 238.735564 238.735564 238.740807 240.523806 240.583333 240.625000 240.765877 240.812417 241.500000 251.521088 251.721743 0.000000 
0.000000 0.000000 240.791667 240.625000 240.561293 240.541667 238.724740 240.541667 240.561293 240.583333 240.765877 240.791667 240.833333 244.291667 0.000000 0.000000 0.000000 
0.000000 0.000000 240.833167 240.781755 240.615231 240.580919 238.510417 240.580919 240.615231 240.615231 240.781755 240.812417 241.583333 0.000000 0.000000 0.000000 0.000000 
0.000000 0.000000 241.583333 240.833167 240.781755 240.781755 240.765877 240.765877 240.781755 240.765877 240.791667 240.833333 0.000000 0.000000 0.000000 0.000000 0.000000 
0.000000 0.000000 0.000000 0.000000 240.833333 240.833167 240.833167 240.812417 240.812417 240.833167 240.833333 241.583333 251.721743 0.000000 0.000000 0.000000 0.000000 
0.000000 0.000000 0.000000 0.000000 244.333333 241.500000 241.583333 241.500000 241.500000 241.583333 249.651434 251.521088 0.000000 0.000000 0.000000 0.000000 0.000000 
0.000000 0.000000 0.000000 251.521088 249.689556 249.666667 249.666667 249.689556 249.666667 249.666667 251.521088 0.000000 0.000000 0.000000 0.000000 0.000000 0.000000 
0.000000 0.000000 0.000000 251.735152 251.721743 251.521088 0.000000 0.000000 0.000000 251.541667 251.750000 0.000000 0.000000 0.000000 0.000000 0.000000 0.000000 
