test/output/hourly/065_000001_245_arrival.asc
ncols         13
nrows         20
xllcorner     566500.000000
yllcorner     5763400.000000
cellsize      100.000000
NODATA_value  0.000000
0.000000 0.000000 0.000000 0.000000 0.000000 0.000000 244.372082 0.000000 0.000000 0.000000 0.000000 0.000000 0.000000 
0.000000 0.000000 0.000000 0.000000 244.372082 243.706708 244.291667 0.000000 0.000000 0.000000 0.000000 0.000000 0.000000 
0.000000 0.000000 0.000000 0.000000 244.372082 243.691693 244.291667 0.000000 0.000000 0.000000 0.000000 0.000000 0.000000 
0.000000 0.000000 0.000000 0.000000 244.333333 243.681682 244.291667 0.000000 0.000000 0.000000 0.000000 0.000000 0.000000 
0.000000 0.000000 244.372082 0.000000 0.000000 243.671672 244.291667 244.291667 0.000000 0.000000 0.000000 0.000000 0.000000 
0.000000 244.291667 244.291667 243.666667 243.662730 243.657340 243.657340 0.000000 0.000000 0.000000 0.000000 0.000000 0.000000 
244.372082 244.291667 243.671672 243.651950 243.646560 243.641170 243.641170 243.671672 0.000000 0.000000 0.000000 0.000000 0.000000 
244.372082 243.676677 243.641170 243.630390 241.500000 241.500000 241.480306 243.671672 244.291667 244.291667 0.000000 0.000000 0.000000 
244.291667 243.662730 241.500000 240.812417 240.781755 240.765877 240.765877 240.791667 240.833167 241.500000 244.291667 0.000000 0.000000 
243.662730 241.583333 240.791667 240.625000 240.561293 240.541667 240.561293 240.599282 240.625000 240.812417 241.500000 0.000000 0.000000 
243.646560 240.833333 240.765877 240.541667 240.480620 240.480620 0.000000 240.523806 240.583333 240.781755 240.833167 243.635780 244.375000 
241.500000 240.791667 240.599282 240.541667 240.291667 240.291667 240.291667 240.523806 240.580919 240.765877 240.833167 241.583333 244.333333 
240.833167 240.625000 240.541667 240.480620 240.291667 238.769117 238.775489 240.523806 240.583333 240.625000 240.812417 241.500000 244.372082 
240.812417 240.599282 240.500000 238.746049 238.750000 238.750000 240.523806 240.580919 240.583333 240.765877 240.812417 241.480306 0.000000 
240.812417 240.615231 240.523806 238.735564 238.735564 238.740807 240.523806 240.583333 240.625000 240.765877 240.812417 241.500000 0.000000 
240.791667 240.625000 240.561293 240.541667 238.724740 240.541667 240.561293 240.583333 240.765877 240.791667 240.833333 244.291667 0.000000 
240.833167 240.781755 240.615231 240.580919 238.510417 240.580919 240.615231 240.615231 240.781755 240.812417 241.583333 0.000000 0.000000 
241.583333 240.833167 240.781755 240.781755 240.765877 240.765877 240.781755 240.765877 240.791667 240.833333 0.000000 0.000000 0.000000 
0.000000 0.000000 240.833333 240.833167 240.833167 240.812417 240.812417 240.833167 240.833333 241.583333 0.000000 0.000000 0.000000 
0.000000 0.000000 244.333333 241.500000 241.583333 241.500000 241.500000 241.583333 0.000000 0.000000 0.000000 0.000000 0.000000 
