test/output/hourly/065_000001_252_source.asc
ncols         17
nrows         25
xllcorner     566300.000000
yllcorner     5763200.000000
cellsize      100.000000
NODATA_value  255.000000
255 255 255 255 255 255 255 255 134 5 255 255 255 255 255 255 255 
255 255 255 255 255 255 255 255 128 5 21 255 255 255 255 255 255 
255 255 255 255 255 255 255 255 255 20 21 21 255 255 255 255 255 
255 255 255 255 255 255 128 255 20 21 17 13 255 255 255 255 255 
255 255 255 134 148 255 130 4 5 17 17 5 255 255 255 255 255 
255 255 132 150 148 166 166 4 13 93 65 9 255 255 255 255 255 
255 134 134 132 22 59 34 4 76 65 73 255 255 255 255 255 255 
128 132 134 134 132 255 255 20 14 17 255 255 255 255 255 255 255 
130 134 134 2 134 4 20 20 5 255 255 255 255 255 255 255 255 
134 130 134 132 4 4 20 20 21 4 255 255 255 255 255 255 255 
166 134 174 4 4 4 6 151 20 4 2 129 255 255 255 255 255 
174 162 134 4 134 134 134 148 20 21 21 21 0 255 255 255 4 
174 42 4 2 134 134 132 4 17 4 21 21 21 255 255 4 21 
42 174 4 0 130 130 132 148 255 20 17 21 21 0 21 20 85 
42 42 134 134 128 166 6 19 1 25 81 85 93 21 17 29 1 
255 40 134 134 134 134 44 4 1 73 77 81 85 81 9 89 73 
255 255 166 130 130 132 151 21 93 89 9 73 89 65 93 73 73 
255 255 174 170 42 128 132 1 73 93 89 64 65 65 81 73 255 
255 255 34 42 42 74 0 73 73 73 89 65 0 1 255 255 255 
255 255 42 42 42 8 0 72 105 73 73 65 73 255 255 255 255 
255 255 42 42 42 107 106 105 107 72 73 0 255 255 255 255 255 
255 255 255 255 8 106 107 106 105 105 1 73 81 255 255 255 255 
255 255 255 255 42 40 107 106 105 105 73 73 255 255 255 255 255 
255 255 255 34 10 98 41 73 42 73 73 255 255 255 255 255 255 
255 255 255 42 106 40 255 255 255 64 8 255 255 255 255 255 255 
