test/output/hourly/067_000001_241_arrival.asc
ncols         18
nrows         19
xllcorner     566200.000000
yllcorner     5763700.000000
cellsize      100.000000
NODATA_value  0.000000
0.000000 0.000000 0.000000 238.788895 0.000000 0.000000 0.000000 0.000000 0.000000 238.788895 238.791667 0.000000 0.000000 0.000000 0.000000 0.000000 0.000000 0.000000 
0.000000 238.791667 238.788895 238.774624 238.774624 238.779425 0.000000 0.000000 0.000000 0.000000 238.779425 238.788895 0.000000 0.000000 0.000000 0.000000 0.000000 0.000000 
0.000000 238.784160 238.774624 238.764918 238.764918 0.000000 0.000000 238.764918 0.000000 238.764918 238.769822 238.779425 0.000000 0.000000 0.000000 0.000000 0.000000 0.000000 
0.000000 238.774624 238.764918 238.754973 238.750000 0.000000 0.000000 238.750000 238.750000 238.750000 238.754973 238.769822 0.000000 0.000000 0.000000 0.000000 0.000000 0.000000 
238.784160 238.754973 238.746406 238.738013 238.738013 238.742253 238.750000 238.738013 238.738013 238.738013 238.746406 0.000000 0.000000 0.000000 0.000000 0.000000 0.000000 0.000000 
238.779425 238.754973 238.738013 238.729533 238.729533 238.733773 238.738013 238.729533 238.729533 238.733773 0.000000 0.000000 0.000000 0.000000 0.000000 0.000000 0.000000 0.000000 
238.774624 238.750000 238.725293 238.721053 238.716813 238.725293 0.000000 0.000000 238.721053 0.000000 0.000000 0.000000 0.000000 0.000000 0.000000 0.000000 0.000000 0.000000 
238.774624 238.746406 238.721053 238.712573 238.705756 238.716813 238.712573 238.712573 238.712573 238.712573 0.000000 0.000000 0.000000 0.000000 0.000000 0.000000 0.000000 0.000000 
0.000000 238.738013 238.712573 238.695095 238.712573 238.712573 238.712573 238.670220 238.670220 238.670220 238.712573 0.000000 0.000000 0.000000 0.000000 0.000000 0.000000 0.000000 
0.000000 238.738013 238.708333 238.687988 238.677327 238.670220 238.662950 238.662950 238.659155 238.659155 238.666667 238.670220 238.712573 0.000000 0.000000 0.000000 0.000000 0.000000 
0.000000 0.000000 238.712573 238.712573 238.670220 238.662950 238.655360 238.651565 238.647770 238.647770 238.659155 238.662950 238.712573 238.712573 0.000000 0.000000 0.000000 0.000000 
0.000000 0.000000 238.712573 238.677327 238.659155 238.647770 238.643975 238.636385 238.640180 238.640180 238.643975 238.659155 238.670220 238.680881 0.000000 0.000000 238.784160 238.791667 
0.000000 0.000000 238.733773 238.712573 238.659155 238.643975 238.628795 238.628795 238.632590 0.000000 238.636385 238.651565 238.666667 238.712573 238.725293 238.750000 238.774624 238.791667 
0.000000 0.000000 238.733773 238.712573 238.651565 238.628795 238.579689 238.574937 238.579689 238.579689 238.632590 238.647770 238.662950 238.712573 238.729533 238.750000 238.769822 0.000000 
0.000000 0.000000 238.738013 238.712573 238.651565 238.628795 238.570184 238.565431 238.565431 238.570184 238.583333 238.643975 238.662950 238.712573 238.729533 238.746406 0.000000 0.000000 
0.000000 0.000000 0.000000 238.712573 238.666667 238.640180 238.551172 238.551172 238.555925 238.560678 238.583333 238.643975 238.662950 238.712573 238.725293 238.750000 0.000000 0.000000 
0.000000 0.000000 0.000000 0.000000 0.000000 238.712573 238.546420 238.539056 238.541667 238.560678 238.628795 238.651565 238.666667 238.712573 238.725293 0.000000 0.000000 0.000000 
0.000000 0.000000 0.000000 0.000000 0.000000 0.000000 238.695095 238.527746 238.533401 238.666667 238.651565 238.662950 238.680881 0.000000 0.000000 0.000000 0.000000 0.000000 
0.000000 0.000000 0.000000 0.000000 0.000000 0.000000 0.000000 238.510417 238.705756 0.000000 0.000000 0.000000 0.000000 0.000000 0.000000 0.000000 0.000000 0.000000 
