test/output/hourly/067_000001_240_ros.asc
ncols         18
nrows         19
xllcorner     566200.000000
yllcorner     5763700.000000
cellsize      100.000000
NODATA_value  0.000000
0.000000 0.000000 0.000000 5.096359 0.000000 0.000000 0.000000 0.000000 0.000000 5.090828 5.280685 0.000000 0.000000 0.000000 0.000000 0.000000 0.000000 0.000000 
0.000000 5.004786 5.128740 5.096326 5.317696 5.280522 0.000000 0.000000 0.000000 0.000000 5.280685 5.032254 0.000000 0.000000 0.000000 0.000000 0.000000 0.000000 
0.000000 5.128825 5.227964 5.227951 5.355243 0.000000 0.000000 5.280685 0.000000 5.280685 5.280685 4.807050 0.000000 0.000000 0.000000 0.000000 0.000000 0.000000 
0.000000 5.228055 5.227964 5.128727 6.107772 0.000000 0.000000 6.202391 6.371614 6.371614 5.128845 4.807050 0.000000 0.000000 0.000000 0.000000 0.000000 0.000000 
5.410506 5.004798 6.202391 6.371614 6.202391 6.371614 6.415816 6.355293 6.371614 6.371614 5.035089 0.000000 0.000000 0.000000 0.000000 0.000000 0.000000 0.000000 
5.094366 5.004826 6.460893 6.202391 6.371614 5.252222 6.371306 6.145672 6.459663 6.371614 0.000000 0.000000 0.000000 0.000000 0.000000 0.000000 0.000000 0.000000 
5.227240 6.551332 6.069302 6.202391 6.327258 5.002032 0.000000 0.000000 5.001732 0.000000 0.000000 0.000000 0.000000 0.000000 0.000000 0.000000 0.000000 0.000000 
5.094366 6.551332 6.161259 6.031258 7.357002 6.311229 6.326437 6.160811 6.326383 6.414837 0.000000 0.000000 0.000000 0.000000 0.000000 0.000000 0.000000 0.000000 
0.000000 5.868595 6.031211 7.021125 6.120842 6.283447 6.283447 7.397992 7.021029 7.397935 6.327209 0.000000 0.000000 0.000000 0.000000 0.000000 0.000000 0.000000 
0.000000 6.031219 6.569097 7.187284 7.140384 7.347285 6.925699 6.925699 6.762108 6.973870 6.973870 7.256860 6.037876 0.000000 0.000000 0.000000 0.000000 0.000000 
0.000000 0.000000 6.327219 6.031249 6.977314 6.925719 6.762108 6.973870 6.973870 7.071039 6.383835 6.877897 6.267627 6.153088 0.000000 0.000000 0.000000 0.000000 
0.000000 0.000000 6.327183 7.021073 6.345671 6.594091 6.973870 6.954380 6.973870 6.852219 7.022172 6.877897 5.353532 7.097577 0.000000 0.000000 5.785008 5.468777 
0.000000 0.000000 5.001856 6.161317 6.594091 6.973870 6.883312 6.973870 6.973870 0.000000 6.930267 6.635993 2.850203 6.327096 5.230665 5.801335 5.293941 5.469553 
0.000000 0.000000 5.001877 6.069299 6.594091 6.383835 5.525857 5.603893 5.525857 5.425076 6.973870 6.973870 2.883731 6.327096 6.327096 6.551354 5.585756 0.000000 
0.000000 0.000000 5.739297 6.415796 4.609805 6.762108 5.525857 5.425005 5.527799 5.564667 5.564667 3.001399 2.883667 6.460893 5.770534 6.460893 0.000000 0.000000 
0.000000 0.000000 0.000000 6.415805 4.949857 2.636062 5.527783 5.603899 5.603899 5.525666 5.525666 2.816650 2.742037 6.283386 6.146591 6.146591 0.000000 0.000000 
0.000000 0.000000 0.000000 0.000000 0.000000 6.284948 4.894409 4.808815 4.743836 2.281757 6.136919 6.469958 3.255119 6.371614 6.146591 0.000000 0.000000 0.000000 
0.000000 0.000000 0.000000 0.000000 0.000000 0.000000 2.716491 4.808844 4.204479 2.671372 2.504295 2.866689 5.353712 0.000000 0.000000 0.000000 0.000000 0.000000 
0.000000 0.000000 0.000000 0.000000 0.000000 0.000000 0.000000 -1.000000 2.613328 0.000000 0.000000 0.000000 0.000000 0.000000 0.000000 0.000000 0.000000 0.000000 
