test/output/hourly/071_000001_239_arrival.asc
ncols         19
nrows         22
xllcorner     566000.000000
yllcorner     5763100.000000
cellsize      100.000000
NODATA_value  0.000000
0.000000 0.000000 0.000000 0.000000 0.000000 0.000000 0.000000 0.000000 0.000000 238.746343 238.746343 238.750000 238.750000 0.000000 0.000000 0.000000 0.000000 0.000000 0.000000 
0.000000 0.000000 0.000000 0.000000 0.000000 238.746343 238.741666 238.736989 238.736989 238.732213 238.732213 238.732213 238.741666 0.000000 0.000000 0.000000 0.000000 0.000000 0.000000 
0.000000 0.000000 0.000000 0.000000 238.741666 238.736989 238.727437 238.732213 238.732213 238.722661 238.717885 238.727437 0.000000 0.000000 0.000000 0.000000 0.000000 0.000000 0.000000 
0.000000 0.000000 238.750000 238.741666 238.732213 0.000000 238.717885 238.713109 0.000000 0.000000 238.708333 0.000000 0.000000 0.000000 0.000000 0.000000 0.000000 0.000000 0.000000 
0.000000 0.000000 238.741666 238.732213 0.000000 238.717885 238.705231 238.701006 238.701006 238.701006 238.701006 238.701006 0.000000 0.000000 0.000000 0.000000 0.000000 0.000000 0.000000 
0.000000 0.000000 238.736989 238.722661 238.713109 238.705231 238.696780 238.692554 238.692554 238.688240 238.688240 238.692554 238.696780 0.000000 0.000000 0.000000 0.000000 0.000000 0.000000 
0.000000 238.741666 238.736989 238.717885 238.705231 238.692554 238.683925 238.679611 238.675296 238.679611 238.679611 238.675296 238.688240 238.692554 238.701006 0.000000 0.000000 0.000000 0.000000 
238.750000 238.741666 238.717885 0.000000 238.696780 238.688240 238.675296 238.666216 238.666667 238.666216 238.661636 238.666216 238.679611 238.683925 238.692554 238.705231 0.000000 0.000000 0.000000 
238.750000 238.732213 0.000000 238.701006 238.688240 238.670981 238.661636 238.657057 238.652477 238.652477 238.657057 238.652477 238.661636 238.675296 238.688240 238.692554 0.000000 0.000000 238.750000 
238.741666 238.732213 238.708333 238.692554 238.683925 238.666667 238.657057 238.647898 238.638739 238.638739 238.643318 0.000000 238.652477 238.666216 238.679611 238.692554 238.705231 0.000000 238.741666 
238.746343 238.727437 238.708333 238.688240 238.670981 238.661636 238.647898 238.634159 238.629580 238.583333 238.634159 238.634159 238.647898 238.657057 238.670981 238.688240 0.000000 238.717885 238.741666 
238.741666 238.722661 238.701006 238.683925 238.666216 238.657057 238.638739 238.582485 238.576654 238.576654 238.576654 238.582485 238.634159 238.652477 238.666667 238.679611 238.701006 238.717885 238.736989 
238.741666 238.727437 238.701006 238.688240 238.666667 238.652477 238.629580 238.576654 238.559160 238.559160 238.564992 238.564992 238.629580 238.647898 238.666216 238.679611 238.696780 238.717885 238.736989 
238.741666 238.722661 238.705231 238.688240 238.666667 238.647898 238.583333 238.564992 238.541667 238.541667 238.547498 238.564992 238.583333 238.647898 238.661636 238.679611 238.696780 238.713109 238.741666 
238.746343 238.732213 0.000000 0.000000 238.666667 238.643318 238.583333 238.564992 238.538469 238.531568 238.538469 238.559160 238.583333 238.643318 238.661636 0.000000 238.701006 0.000000 0.000000 
0.000000 0.000000 0.000000 0.000000 238.675296 238.647898 238.583333 238.564992 238.531568 238.510417 238.538469 238.564992 238.582485 238.647898 238.666667 238.688240 0.000000 0.000000 0.000000 
0.000000 0.000000 0.000000 0.000000 238.679611 238.661636 238.638739 238.570823 238.547498 0.000000 0.000000 238.576654 238.638739 238.652477 238.675296 0.000000 0.000000 0.000000 0.000000 
0.000000 0.000000 0.000000 0.000000 0.000000 0.000000 0.000000 238.634159 238.582485 238.582485 238.643318 238.643318 238.652477 238.666667 238.688240 238.705231 0.000000 0.000000 0.000000 
0.000000 0.000000 0.000000 0.000000 0.000000 0.000000 0.000000 238.657057 238.647898 238.652477 238.666667 238.666667 238.675296 238.683925 238.701006 0.000000 0.000000 0.000000 0.000000 
0.000000 0.000000 0.000000 0.000000 0.000000 0.000000 238.696780 238.683925 238.679611 238.679611 238.688240 238.696780 0.000000 238.708333 0.000000 0.000000 0.000000 0.000000 0.000000 
0.000000 0.000000 0.000000 0.000000 0.000000 238.732213 238.717885 238.705231 238.705231 0.000000 0.000000 0.000000 0.000000 0.000000 0.000000 0.000000 0.000000 0.000000 0.000000 
0.000000 0.000000 0.000000 0.000000 0.000000 238.750000 238.741666 238.736989 0.000000 0.000000 0.000000 0.000000 0.000000 0.000000 0.000000 0.000000 0.000000 0.000000 0.000000 
