test/output/hourly/071_000001_239_ros.asc
ncols         19
nrows         22
xllcorner     566000.000000
yllcorner     5763100.000000
cellsize      100.000000
NODATA_value  0.000000
0.000000 0.000000 0.000000 0.000000 0.000000 0.000000 0.000000 0.000000 0.000000 5.374465 5.384310 5.290128 4.805454 0.000000 0.000000 0.000000 0.000000 0.000000 0.000000 
0.000000 0.000000 0.000000 0.000000 0.000000 5.384310 5.384310 5.422047 5.046368 5.384310 5.019836 5.374465 4.032608 0.000000 0.000000 0.000000 0.000000 0.000000 0.000000 
0.000000 0.000000 0.000000 0.000000 5.460491 5.374465 5.374465 5.374465 5.384042 5.374465 5.449172 4.626684 0.000000 0.000000 0.000000 0.000000 0.000000 0.000000 0.000000 
0.000000 0.000000 4.701754 5.576677 5.374205 0.000000 5.346438 5.384091 0.000000 0.000000 6.216552 0.000000 0.000000 0.000000 0.000000 0.000000 0.000000 0.000000 0.000000 
0.000000 0.000000 5.450105 5.342572 0.000000 5.336852 6.174363 6.130890 5.818294 6.173478 5.058800 6.247221 0.000000 0.000000 0.000000 0.000000 0.000000 0.000000 0.000000 
0.000000 0.000000 5.416499 5.342595 5.342606 6.056702 6.162297 6.174468 6.122843 6.162222 6.205036 6.217508 6.217508 0.000000 0.000000 0.000000 0.000000 0.000000 0.000000 
0.000000 5.416479 5.460385 5.306122 6.217517 5.965815 6.162306 6.174477 6.174455 6.162322 6.205286 6.217740 6.164670 5.964849 6.014752 0.000000 0.000000 0.000000 0.000000 
4.351539 5.450019 4.625936 0.000000 6.217517 6.122652 5.965893 5.735552 5.580085 5.775983 5.763609 5.844465 5.058982 6.131598 5.928878 6.035113 0.000000 0.000000 0.000000 
5.422047 5.359781 0.000000 6.164389 6.217486 5.046885 5.683576 5.722737 5.775983 5.763609 5.722737 5.195785 5.816407 6.131598 4.499371 4.973683 0.000000 0.000000 5.925560 
4.338213 5.422008 6.248204 6.206475 3.570524 5.616852 5.763609 5.775983 5.775983 5.775983 5.654297 0.000000 5.761919 4.427757 4.669610 6.217429 6.204977 0.000000 5.605019 
5.384042 5.384042 3.551281 6.206475 4.876727 5.763326 5.722737 5.763609 5.775983 4.597958 5.654297 5.630164 5.775983 5.559970 5.628313 6.204977 0.000000 5.565478 5.695149 
5.019603 5.250244 5.467782 5.261798 4.235550 2.918483 5.816326 4.259998 4.533322 3.879592 4.552458 4.565447 5.691679 4.050084 2.831451 5.892064 3.570524 5.450103 5.654593 
4.611384 5.346408 3.282563 3.304769 5.816292 5.816295 5.729435 4.597949 4.598007 3.756838 4.552432 3.640277 5.723368 3.149471 5.735552 4.678560 5.955101 5.450103 5.467637 
3.404170 3.263769 2.983881 3.304758 5.691621 5.816348 4.597963 4.587533 3.851702 3.939921 4.310820 4.501120 4.234701 5.695588 5.247302 5.593837 4.883609 3.358374 5.498132 
3.094437 3.094348 0.000000 0.000000 5.195789 3.114123 4.597999 2.184382 3.901411 3.939930 3.939823 4.520892 4.437590 5.075194 4.408671 0.000000 3.282552 0.000000 0.000000 
0.000000 0.000000 0.000000 0.000000 5.424710 2.878326 2.050318 2.050302 2.053767 -1.000000 3.939823 4.384202 3.695813 3.303305 4.233548 3.570526 0.000000 0.000000 0.000000 
0.000000 0.000000 0.000000 0.000000 3.570526 2.539010 2.666408 2.469945 2.469945 0.000000 0.000000 2.482761 3.575046 4.053849 3.699005 0.000000 0.000000 0.000000 0.000000 
0.000000 0.000000 0.000000 0.000000 0.000000 0.000000 0.000000 3.237900 1.900878 1.978451 3.303309 3.303309 3.432471 3.432471 3.663195 3.531835 0.000000 0.000000 0.000000 
0.000000 0.000000 0.000000 0.000000 0.000000 0.000000 0.000000 2.878338 2.500913 2.593916 2.577522 2.831205 3.189176 3.370826 3.663152 0.000000 0.000000 0.000000 0.000000 
0.000000 0.000000 0.000000 0.000000 0.000000 0.000000 3.663280 2.633936 2.486591 2.934296 3.681229 3.570518 0.000000 3.570495 0.000000 0.000000 0.000000 0.000000 0.000000 
0.000000 0.000000 0.000000 0.000000 0.000000 4.364267 3.035729 2.863197 2.961393 0.000000 0.000000 0.000000 0.000000 0.000000 0.000000 0.000000 0.000000 0.000000 0.000000 
0.000000 0.000000 0.000000 0.000000 0.000000 3.263777 3.263777 3.515587 0.000000 0.000000 0.000000 0.000000 0.000000 0.000000 0.000000 0.000000 0.000000 0.000000 0.000000 
