test/output/hourly/071_000001_239_source.asc
ncols         19
nrows         22
xllcorner     566000.000000
yllcorner     5763100.000000
cellsize      100.000000
NODATA_value  255.000000
255 255 255 255 255 255 255 255 255 132 148 21 16 255 255 255 255 255 255 
255 255 255 255 255 132 132 132 20 132 148 20 17 255 255 255 255 255 255 
255 255 255 255 4 130 132 23 17 130 4 17 255 255 255 255 255 255 255 
255 255 128 4 128 255 132 132 255 255 148 255 255 255 255 255 255 255 255 
255 255 132 132 255 134 132 132 150 151 151 149 255 255 255 255 255 255 255 
255 255 134 134 134 134 134 150 151 150 149 149 21 255 255 255 255 255 255 
255 130 46 130 134 134 132 132 132 151 151 20 149 21 21 255 255 255 255 
130 38 128 255 134 134 134 132 23 150 20 20 149 21 21 21 255 255 255 
134 132 255 134 134 128 132 132 132 148 23 16 4 21 21 16 255 255 4 
128 142 134 134 166 6 134 134 132 148 149 255 20 21 21 21 17 255 20 
174 166 174 134 130 134 134 132 132 4 151 21 21 21 21 85 255 20 29 
162 162 130 130 130 166 134 134 134 151 21 21 21 21 85 17 93 29 85 
162 174 162 174 6 166 134 134 132 148 21 16 21 85 85 81 81 93 89 
34 34 42 170 6 166 6 134 132 148 21 21 65 93 81 81 65 65 73 
34 40 255 255 2 34 134 174 134 4 21 81 5 81 65 255 88 255 255 
255 255 255 255 170 34 10 170 34 254 73 73 65 73 1 65 255 255 255 
255 255 255 255 42 42 42 42 40 255 255 72 73 65 73 255 255 255 255 
255 255 255 255 255 255 255 42 10 65 34 9 73 73 73 65 255 255 255 
255 255 255 255 255 255 255 40 8 73 9 9 73 73 73 255 255 255 255 
255 255 255 255 255 255 34 40 42 73 73 105 255 72 255 255 255 255 255 
255 255 255 255 255 34 42 40 104 255 255 255 255 255 255 255 255 255 255 
255 255 255 255 255 42 42 104 255 255 255 255 255 255 255 255 255 255 255 
