test/output/hourly/071_000001_245_intensity.asc
ncols         24
nrows         28
xllcorner     565800.000000
yllcorner     5762900.000000
cellsize      100.000000
NODATA_value  0.000000
0 0 0 0 0 0 0 0 0 0 0 0 0 3498 977 0 0 0 0 0 0 0 0 0 
0 0 0 0 0 0 873 135 152 0 0 0 0 2291 920 963 941 0 0 0 0 0 0 0 
0 0 0 0 0 920 893 1387 4423 126 0 0 0 0 3656 3467 954 928 0 0 0 0 0 0 
0 0 0 0 878 873 893 1747 3138 0 0 3656 0 3522 3656 3413 3597 925 0 0 0 0 0 0 
0 0 0 965 900 1165 1573 1936 540 536 0 4934 4943 4857 4420 3117 3586 862 0 0 0 0 0 0 
0 0 0 925 2152 1417 528 4943 4943 4982 4637 4943 4609 4934 3709 1573 3543 670 0 0 0 0 0 0 
0 0 735 614 2793 538 5022 4934 4934 4934 4943 4934 5012 4248 0 1180 845 865 0 0 0 0 0 0 
0 0 925 981 4336 5143 4934 0 4904 4943 0 0 5812 0 0 0 0 0 0 0 0 0 0 0 
0 659 614 2137 5013 4905 0 4895 5768 5722 5431 5767 4730 5846 0 0 0 0 0 0 0 0 0 0 
0 2830 1747 540 4982 4905 4905 5658 5757 5768 5720 5757 5801 5813 5813 0 0 0 0 0 0 0 0 0 
0 1517 1417 4982 5022 4867 5813 5573 5757 5768 5768 5757 5802 5813 5764 5572 5614 0 0 0 0 0 3539 957 
771 993 4006 5013 4247 0 5813 5720 5573 5309 5160 5351 5340 5424 4730 5723 5534 5623 0 0 0 3686 3510 826 
700 3550 4982 4930 0 5763 5813 4715 5261 5302 5351 5340 5302 4822 5393 5723 4199 4622 0 0 5509 3715 3715 964 
791 1107 3986 4982 5847 5808 3338 5199 5340 5351 5351 5351 5238 0 5343 4105 4351 5813 5801 0 5179 540 3597 964 
791 1282 4943 4943 3323 5808 4563 5339 5302 5340 5351 4133 5238 5225 5351 5151 5244 5801 0 5133 5267 530 3627 827 
754 1171 4608 4825 5121 4924 3927 2703 5393 3822 4067 3481 4092 4100 5278 3752 2614 5495 3338 5013 5224 536 1117 865 
720 1742 4230 4904 3074 3092 5393 5393 5317 4133 4133 3377 4092 3288 5298 2918 5309 4370 5577 5013 5043 532 0 0 
810 793 3122 2999 2792 3092 5277 5393 4133 4124 3389 3467 3875 4034 3796 5267 4853 5230 4574 3089 5062 0 0 0 
619 810 2838 2838 0 0 4822 2890 4133 1963 3433 3467 3467 4060 3970 4689 4077 0 3074 0 0 0 0 0 
0 650 858 34 0 0 5072 2671 1843 1843 1807 0 3467 3937 3306 3055 3922 3338 0 0 0 0 0 0 
0 0 674 810 0 0 3338 2352 2479 2220 2220 0 0 2229 3306 3749 3458 0 0 0 0 0 0 0 
0 0 0 0 0 0 0 0 0 3005 1251 1302 3055 3055 3174 3174 3431 3307 0 0 0 0 0 0 
0 0 0 0 0 0 0 0 0 2671 2321 1707 2383 2613 2976 3146 3430 0 0 0 0 0 0 0 
0 0 0 0 0 0 0 0 3431 1758 1660 1959 3445 3338 0 3338 0 0 0 0 0 0 0 0 
0 0 0 0 0 0 0 4025 2792 2681 2773 0 0 0 0 0 0 0 0 0 0 0 0 0 
0 0 0 0 0 117 852 2999 2999 3224 0 0 0 0 0 0 0 0 0 0 0 0 0 0 
0 0 0 0 0 0 610 881 782 852 0 0 0 0 0 0 0 0 0 0 0 0 0 0 
0 0 0 0 0 0 0 0 670 0 0 0 0 0 0 0 0 0 0 0 0 0 0 0 
