test/output/hourly/071_000001_240_raz.asc
ncols         22
nrows         27
xllcorner     565900.000000
yllcorner     5763000.000000
cellsize      100.000000
NODATA_value  0.000000
0 0 0 0 0 0 0 0 0 0 0 0 17 0 0 0 0 0 0 0 0 0 
0 0 0 0 0 0 0 0 0 0 0 0 354 0 0 0 0 0 0 0 0 0 
0 0 0 0 0 0 321 41 0 0 0 0 0 41 32 0 0 0 0 0 0 0 
0 0 0 0 0 0 349 22 0 0 41 0 50 41 53 41 0 0 0 0 0 0 
0 0 0 0 303 342 354 2 2 0 357 1 14 37 60 38 0 0 0 0 0 0 
0 0 0 358 335 354 1 1 3 30 1 28 5 63 100 47 0 0 0 0 0 0 
0 0 0 12 358 1 357 357 5 3 357 1 42 0 122 0 0 0 0 0 0 0 
0 0 302 320 1 359 0 3 3 0 0 6 0 0 0 0 0 0 0 0 0 0 
0 0 359 357 354 0 359 3 5 27 6 51 10 0 0 0 0 0 0 0 0 0 
4 348 1 353 354 354 349 358 2 11 7 359 3 3 0 0 0 0 0 0 0 0 
327 334 354 2 354 3 345 358 2 2 6 357 1 9 14 6 0 0 0 0 0 37 
0 313 358 325 0 3 354 345 2 15 1 5 4 47 0 18 3 0 0 0 37 40 
32 3 352 0 354 3 317 354 353 1 5 9 30 0 0 62 46 0 0 2 39 39 
316 312 3 359 354 267 350 357 1 1 1 14 0 8 50 56 359 3 0 7 1 41 
329 3 3 267 354 312 359 353 357 1 0 14 17 1 18 27 3 0 5 1 15 42 
321 336 345 327 322 307 252 3 340 1 36 8 0 12 62 125 21 95 5 4 2 127 
349 321 3 252 252 3 3 349 2 1 41 9 45 7 97 2 59 22 5 15 4 0 
264 273 267 221 252 350 2 2 357 348 1 22 3 24 2 28 32 51 91 5 0 0 
0 253 113 0 0 331 265 1 250 353 1 2 10 4 35 53 0 111 0 0 0 0 
0 161 85 0 0 325 250 128 128 264 65535 2 19 44 92 58 97 0 0 0 0 0 
0 0 0 0 0 265 166 235 270 270 0 0 92 80 63 93 0 0 0 0 0 0 
0 0 0 0 0 0 0 0 272 266 93 272 92 85 85 92 97 0 0 0 0 0 
0 0 0 0 0 0 0 0 251 196 93 167 127 126 112 91 0 0 0 0 0 0 
0 0 0 0 0 0 0 273 252 128 93 96 267 0 99 0 0 0 0 0 0 0 
0 0 0 0 0 0 311 253 167 144 0 0 0 0 0 0 0 0 0 0 0 0 
0 0 0 0 0 281 267 267 90 0 0 0 0 0 0 0 0 0 0 0 0 0 
0 0 0 0 0 0 221 180 162 0 0 0 0 0 0 0 0 0 0 0 0 0 
