test/output/hourly/075_000001_252_ros.asc
ncols         18
nrows         16
xllcorner     566400.000000
yllcorner     5763200.000000
cellsize      100.000000
NODATA_value  0.000000
0.000000 0.000000 0.000000 0.000000 0.362150 0.308920 1.744086 1.738768 1.404541 0.000000 0.000000 0.000000 0.000000 0.000000 0.000000 0.000000 0.000000 0.000000 
0.000000 0.000000 0.000000 1.731552 1.346224 1.669021 1.756830 1.139559 1.343374 1.291887 1.388283 0.000000 0.000000 0.000000 0.000000 0.000000 0.000000 0.000000 
0.000000 0.000000 1.731529 1.323997 1.366020 1.139559 0.340750 0.395781 0.360693 0.360693 1.040728 1.088502 0.000000 0.000000 0.000000 1.416390 1.692931 0.000000 
0.000000 1.705286 1.346212 1.136058 0.357661 2.184273 0.475297 1.396240 2.306137 0.452967 0.471764 1.987463 0.000000 0.000000 1.173400 1.153808 1.324038 0.364858 
1.756744 1.731516 1.093560 0.472140 2.127454 2.854548 2.842711 0.000000 3.088284 3.234585 3.217351 3.241120 3.234653 0.000000 0.383794 0.478820 1.104502 1.629373 
1.365960 1.139509 0.360491 1.714163 2.854548 2.508012 3.885843 2.071117 3.874323 3.913836 3.857613 3.241120 3.241120 3.287435 3.310296 2.081178 0.475292 0.483664 
1.343325 0.360700 0.257088 1.845946 2.767245 3.728498 2.092571 1.447798 2.414284 3.913836 3.941172 3.874143 3.913643 3.287892 2.680535 3.311752 0.310281 0.000000 
1.365964 0.461500 1.529690 2.377540 2.127495 3.440486 1.581469 3.709164 3.754668 3.754094 3.754607 3.941787 3.913643 3.913643 3.359377 3.383886 0.000000 0.000000 
1.147896 0.337466 1.476195 2.071117 1.221762 3.202395 3.171002 3.225655 3.225655 3.727799 3.691620 3.701357 3.913643 3.913643 3.359377 0.000000 0.000000 0.000000 
1.093560 1.248478 1.906032 1.712240 1.421988 1.203826 2.698965 2.732220 3.248610 3.248610 3.701357 3.701357 3.885822 0.000000 0.000000 0.000000 0.000000 0.000000 
0.281299 1.204322 2.158714 2.504280 1.221781 -1.000000 2.732220 2.732220 3.163134 3.202441 3.657463 3.599635 0.000000 0.000000 0.000000 0.000000 0.000000 0.000000 
0.477130 0.406523 1.845946 1.839525 1.776257 0.000000 0.000000 2.712120 3.202441 3.717902 3.649003 3.624059 0.000000 0.000000 0.000000 0.000000 0.000000 0.000000 
0.000000 0.000000 0.000000 1.813525 1.423806 0.000000 1.997342 1.436890 3.717868 3.727762 3.683082 3.874131 0.000000 0.000000 0.000000 0.000000 0.000000 0.000000 
0.000000 0.000000 0.000000 1.529632 1.975648 1.619737 3.580250 1.436890 3.542482 3.874135 3.874131 0.000000 0.000000 0.000000 0.000000 0.000000 0.000000 0.000000 
0.000000 0.000000 0.466523 0.252318 1.451755 2.902154 1.595210 1.813514 0.000000 3.901446 3.221318 0.000000 0.000000 0.000000 0.000000 0.000000 0.000000 0.000000 
0.000000 0.000000 0.000000 0.226182 0.315723 0.000000 0.000000 0.000000 3.359661 3.142061 0.000000 0.000000 0.000000 0.000000 0.000000 0.000000 0.000000 0.000000 
