test/output/hourly/075_000001_252_arrival.asc
ncols         18
nrows         16
xllcorner     566400.000000
yllcorner     5763200.000000
cellsize      100.000000
NODATA_value  0.000000
0.000000 0.000000 0.000000 0.000000 250.375000 250.375000 249.736708 249.736708 249.736708 0.000000 0.000000 0.000000 0.000000 0.000000 0.000000 0.000000 0.000000 0.000000 
0.000000 0.000000 0.000000 249.736708 249.583333 249.722521 249.722521 249.541667 249.559898 249.559898 249.722521 0.000000 0.000000 0.000000 0.000000 0.000000 0.000000 0.000000 
0.000000 0.000000 249.722521 249.559898 249.559898 249.541667 249.416667 247.875000 249.416667 249.416667 249.522328 249.522328 0.000000 0.000000 0.000000 249.583333 249.750000 0.000000 
0.000000 249.722521 249.559898 249.522328 249.416667 240.833333 247.875000 240.802231 240.802231 247.875000 247.875000 240.812796 0.000000 0.000000 249.541667 249.541667 249.578130 250.375000 
249.750000 249.722521 249.522328 247.875000 240.812796 240.788756 240.781005 0.000000 240.765502 240.773253 240.781005 240.788756 240.791667 0.000000 247.875000 247.875000 249.541667 249.750000 
249.583333 249.522328 247.875000 240.791667 240.773253 240.749233 240.749233 240.742577 240.742577 240.742577 240.749233 240.765502 240.773253 240.788756 240.791667 240.812796 247.875000 249.736708 
249.559898 249.416667 247.875000 240.765502 240.735728 240.728879 240.715182 240.625000 240.619799 240.722031 240.728879 240.735728 240.749233 240.765502 240.781005 240.791667 247.875000 0.000000 
249.559898 247.875000 240.773253 240.742577 240.619799 240.605213 240.597920 240.590626 240.605213 240.612506 240.625000 240.715182 240.728879 240.749233 240.773253 240.788756 0.000000 0.000000 
249.541667 247.875000 240.773253 240.728879 240.583333 240.567132 240.558644 240.567132 240.575621 240.590626 240.612506 240.619799 240.722031 240.749233 240.765502 0.000000 0.000000 0.000000 
249.522328 240.812796 240.773253 240.728879 240.575621 240.520556 240.520556 240.540166 240.567132 240.575621 240.605213 240.619799 240.715182 0.000000 0.000000 0.000000 0.000000 0.000000 
249.522328 240.812796 240.773253 240.728879 240.575621 238.510417 240.520556 240.540166 240.558644 240.583333 240.605213 240.612506 0.000000 0.000000 0.000000 0.000000 0.000000 0.000000 
249.722521 247.875000 240.773253 240.728879 240.597920 0.000000 0.000000 240.541667 240.567132 240.590626 240.597920 240.625000 0.000000 0.000000 0.000000 0.000000 0.000000 0.000000 
0.000000 0.000000 0.000000 240.749233 240.722031 0.000000 240.597920 240.590626 240.590626 240.597920 240.619799 240.722031 0.000000 0.000000 0.000000 0.000000 0.000000 0.000000 
0.000000 0.000000 0.000000 240.773253 240.749233 240.749233 240.722031 240.625000 240.625000 240.715182 240.722031 0.000000 0.000000 0.000000 0.000000 0.000000 0.000000 0.000000 
0.000000 0.000000 249.458333 247.875000 240.791667 240.781005 240.750000 240.749233 0.000000 240.742577 240.757751 0.000000 0.000000 0.000000 0.000000 0.000000 0.000000 0.000000 
0.000000 0.000000 0.000000 249.578130 247.875000 0.000000 0.000000 0.000000 240.781005 240.781005 0.000000 0.000000 0.000000 0.000000 0.000000 0.000000 0.000000 0.000000 
