test/output/hourly/077_000001_252_raz.asc
ncols         24
nrows         23
xllcorner     566000.000000
yllcorner     5763700.000000
cellsize      100.000000
NODATA_value  0.000000
0 0 0 0 0 0 0 0 0 0 0 0 49 49 0 0 0 0 0 0 0 0 0 0 
0 0 0 0 0 0 0 0 48 0 0 48 48 50 0 49 49 0 48 48 0 0 0 0 
0 0 0 0 35 40 48 50 48 0 48 48 45 49 49 49 48 48 48 0 0 0 0 0 
0 0 0 0 24 48 49 0 0 0 48 48 48 11 48 49 48 52 48 48 48 0 0 0 
0 0 0 355 48 41 138 0 0 0 340 357 65 5 48 50 49 48 106 63 0 0 0 0 
0 0 32 47 48 323 0 48 0 0 0 0 65 5 24 49 50 49 94 94 0 0 0 0 
0 26 47 47 48 48 351 0 0 358 0 6 358 11 0 49 51 0 0 0 0 0 0 0 
0 350 47 47 355 48 356 0 0 358 2 6 19 39 9 49 0 0 0 0 0 0 0 0 
0 42 358 349 349 358 6 276 356 358 2 2 32 94 48 49 0 0 0 0 0 0 0 0 
0 47 358 358 358 358 358 0 274 354 1 19 139 106 106 51 52 0 0 0 0 0 0 0 
39 340 358 355 356 358 359 3 0 0 1 94 2 0 0 0 0 0 0 0 0 0 0 0 
39 358 340 356 356 359 359 1 31 358 2 5 0 0 0 0 0 0 0 0 0 0 0 46 
47 358 359 347 356 355 355 359 7 359 359 3 20 0 0 0 0 0 0 0 0 0 47 49 
273 326 356 356 359 355 355 359 359 3 358 2 6 2 32 0 0 0 0 0 46 85 47 49 
37 322 356 320 359 355 355 359 354 358 1 1 357 1 5 0 0 0 0 45 45 97 48 0 
0 42 250 351 359 355 355 358 358 5 41 13 0 1 14 48 0 0 44 45 113 48 0 0 
0 35 239 264 310 359 358 358 358 1 1 0 17 22 26 83 50 46 45 83 88 67 0 0 
0 0 64 56 251 326 358 354 358 5 5 35 1 0 105 52 47 57 45 72 0 0 0 0 
0 0 0 264 161 161 359 358 358 14 1 0 4 48 55 105 47 68 0 0 0 0 0 0 
0 0 0 0 0 0 0 311 358 14 18 30 0 0 0 0 0 0 0 0 0 0 0 0 
0 0 0 0 0 0 0 0 354 358 18 0 0 0 0 0 0 0 0 0 0 0 0 0 
0 0 0 0 0 0 0 0 0 358 0 0 0 0 0 0 0 0 0 0 0 0 0 0 
0 0 0 0 0 0 0 0 0 254 0 0 0 0 0 0 0 0 0 0 0 0 0 0 
