test/output/hourly/077_000001_252_arrival.asc
ncols         24
nrows         23
xllcorner     566000.000000
yllcorner     5763700.000000
cellsize      100.000000
NODATA_value  0.000000
0.000000 0.000000 0.000000 0.000000 0.000000 0.000000 0.000000 0.000000 0.000000 0.000000 0.000000 0.000000 250.693153 250.693153 0.000000 0.000000 0.000000 0.000000 0.000000 0.000000 0.000000 0.000000 0.000000 0.000000 
0.000000 0.000000 0.000000 0.000000 0.000000 0.000000 0.000000 0.000000 250.750000 0.000000 0.000000 250.672083 250.625000 250.608282 0.000000 250.614519 250.672083 0.000000 250.698420 250.708333 0.000000 0.000000 0.000000 0.000000 
0.000000 0.000000 0.000000 0.000000 250.747091 250.714793 250.714793 250.721252 250.750000 0.000000 250.602045 250.608282 250.589571 250.589571 250.589571 250.608282 250.625000 250.677350 250.687885 0.000000 0.000000 0.000000 0.000000 0.000000 
0.000000 0.000000 0.000000 0.000000 250.698420 250.698420 250.703688 0.000000 0.000000 0.000000 250.589571 250.589571 250.589571 238.806890 250.589571 250.608282 250.608282 250.620757 250.687885 250.703688 250.721252 0.000000 0.000000 0.000000 
0.000000 0.000000 0.000000 250.747091 250.682618 250.672083 250.714793 0.000000 0.000000 0.000000 238.806890 238.783607 238.789181 238.791667 250.589571 250.589571 250.608282 250.625000 250.687885 250.698420 0.000000 0.000000 0.000000 0.000000 
0.000000 0.000000 250.734172 250.630571 250.614519 238.822113 238.814501 250.589571 0.000000 0.000000 0.000000 0.000000 238.772457 238.783607 238.791667 250.589571 250.608282 250.625000 250.721252 250.747091 0.000000 0.000000 0.000000 0.000000 
0.000000 250.727712 250.608282 250.602045 250.589571 250.589571 238.799278 0.000000 0.000000 238.707531 0.000000 238.707531 238.761308 238.772457 238.789181 250.589571 250.714793 0.000000 0.000000 0.000000 0.000000 0.000000 0.000000 0.000000 
0.000000 250.682618 250.589571 250.589571 238.814501 250.589571 238.789181 238.766883 0.000000 238.695271 238.695271 238.699358 238.703444 238.761308 238.783607 250.589571 0.000000 0.000000 0.000000 0.000000 0.000000 0.000000 0.000000 0.000000 
0.000000 250.589571 238.814501 238.799278 238.791667 238.783607 238.783607 238.761308 238.703444 238.687099 238.683012 238.691185 238.695271 238.761308 238.778032 250.589571 0.000000 0.000000 0.000000 0.000000 0.000000 0.000000 0.000000 0.000000 
0.000000 250.589571 238.791667 238.789181 238.778032 238.772457 238.766883 238.761308 238.761308 238.674839 238.674839 238.678926 238.755654 238.772457 238.789181 250.589571 250.714793 0.000000 0.000000 0.000000 0.000000 0.000000 0.000000 0.000000 
250.589571 238.799278 238.783607 238.772457 238.766883 238.766883 238.707531 238.707531 0.000000 0.000000 238.666667 238.755654 238.755654 0.000000 0.000000 0.000000 0.000000 0.000000 0.000000 0.000000 0.000000 0.000000 0.000000 0.000000 
250.589571 238.799278 238.772457 238.766883 238.708333 238.707531 238.699358 238.695271 238.695271 238.670753 238.655780 238.660178 0.000000 0.000000 0.000000 0.000000 0.000000 0.000000 0.000000 0.000000 0.000000 0.000000 0.000000 250.750000 
250.589571 238.791667 238.772457 238.707531 238.699358 238.695271 238.695271 238.691185 238.687099 238.670753 238.646986 238.646986 238.678926 0.000000 0.000000 0.000000 0.000000 0.000000 0.000000 0.000000 0.000000 0.000000 250.727712 250.750000 
238.814501 238.789181 238.772457 238.707531 238.695271 238.687099 238.678926 238.678926 238.670753 238.670753 238.633794 238.670753 238.670753 238.678926 238.699358 0.000000 0.000000 0.000000 0.000000 0.000000 250.687885 250.708333 250.727712 250.750000 
250.589571 238.799278 238.778032 238.707531 238.691185 238.678926 238.670753 238.625000 238.625000 238.620705 238.620705 238.620705 238.670753 238.670753 238.703444 238.761308 0.000000 0.000000 0.000000 250.672083 250.687885 250.708333 250.734172 0.000000 
0.000000 250.589571 238.778032 238.708333 238.695271 238.670753 238.620705 238.611362 238.606691 238.606691 238.611362 238.611362 238.620705 238.670753 238.695271 238.707531 0.000000 0.000000 250.614519 250.672083 250.687885 250.734172 0.000000 0.000000 
0.000000 250.589571 238.778032 238.772457 238.691185 238.629397 238.611362 238.602019 238.592676 238.592676 238.597348 0.000000 238.611362 238.674839 238.691185 238.761308 238.783607 250.589571 250.614519 250.693153 250.721252 250.750000 0.000000 0.000000 
0.000000 0.000000 250.589571 250.589571 238.799278 238.625000 238.606691 238.588005 238.579676 238.579676 238.583333 238.592676 238.606691 238.670753 238.778032 238.789181 250.589571 250.589571 250.677350 250.708333 0.000000 0.000000 0.000000 0.000000 
0.000000 0.000000 0.000000 238.833333 238.829725 238.829725 238.602019 238.579676 238.574274 238.574274 238.574274 238.583333 238.602019 250.589571 250.589571 238.814501 250.589571 250.740631 0.000000 0.000000 0.000000 0.000000 0.000000 0.000000 
0.000000 0.000000 0.000000 0.000000 0.000000 0.000000 0.000000 238.579676 238.552665 238.558067 238.558067 238.579676 0.000000 0.000000 0.000000 0.000000 0.000000 0.000000 0.000000 0.000000 0.000000 0.000000 0.000000 0.000000 
0.000000 0.000000 0.000000 0.000000 0.000000 0.000000 0.000000 0.000000 238.541667 238.541667 238.552665 0.000000 0.000000 0.000000 0.000000 0.000000 0.000000 0.000000 0.000000 0.000000 0.000000 0.000000 0.000000 0.000000 
0.000000 0.000000 0.000000 0.000000 0.000000 0.000000 0.000000 0.000000 0.000000 238.529998 0.000000 0.000000 0.000000 0.000000 0.000000 0.000000 0.000000 0.000000 0.000000 0.000000 0.000000 0.000000 0.000000 0.000000 
0.000000 0.000000 0.000000 0.000000 0.000000 0.000000 0.000000 0.000000 0.000000 238.510417 0.000000 0.000000 0.000000 0.000000 0.000000 0.000000 0.000000 0.000000 0.000000 0.000000 0.000000 0.000000 0.000000 0.000000 
