test/output/hourly/077_000001_252_source.asc
ncols         24
nrows         23
xllcorner     566000.000000
yllcorner     5763700.000000
cellsize      100.000000
NODATA_value  255.000000
255 255 255 255 255 255 255 255 255 255 255 255 4 5 255 255 255 255 255 255 255 255 255 255 
255 255 255 255 255 255 255 255 20 255 255 4 20 4 255 20 4 255 20 17 255 255 255 255 
255 255 255 255 134 4 20 16 9 255 4 21 4 21 21 21 5 5 21 255 255 255 255 255 
255 255 255 255 4 20 17 255 255 255 5 21 21 20 21 5 21 17 69 85 1 255 255 255 
255 255 255 6 4 4 73 255 255 255 2 128 133 21 21 21 5 21 25 1 255 255 255 255 
255 255 134 4 4 128 4 17 255 255 255 255 20 21 21 21 17 1 72 65 255 255 255 255 
255 134 4 20 21 21 132 255 255 132 255 20 21 21 21 21 17 255 255 255 255 255 255 255 
255 2 20 21 132 21 134 132 255 132 148 21 21 21 85 21 255 255 255 255 255 255 255 255 
255 4 134 128 132 132 150 2 2 134 20 21 17 65 65 21 255 255 255 255 255 255 255 255 
255 21 132 134 132 132 134 4 58 128 4 17 73 73 73 5 1 255 255 255 255 255 255 255 
4 130 134 132 132 150 132 148 255 255 4 95 17 255 255 255 255 255 255 255 255 255 255 255 
4 134 128 134 134 150 132 132 150 134 4 21 255 255 255 255 255 255 255 255 255 255 255 20 
4 166 134 128 132 132 150 150 150 134 4 17 21 255 255 255 255 255 255 255 255 255 20 29 
2 34 170 6 134 132 132 150 132 22 132 151 21 21 1 255 255 255 255 255 4 21 17 1 
4 170 174 128 2 134 132 134 151 148 148 20 130 5 21 21 255 255 255 4 25 9 9 255 
255 5 170 2 134 130 134 132 132 148 21 16 4 0 21 1 255 255 4 0 8 73 255 255 
255 4 34 42 2 4 134 134 132 148 21 255 20 21 1 73 65 21 1 65 9 73 255 255 
255 255 1 1 104 2 134 132 132 148 21 21 21 0 73 73 21 1 1 65 255 255 255 255 
255 255 255 32 8 64 2 134 134 151 21 21 17 1 1 72 1 73 255 255 255 255 255 255 
255 255 255 255 255 255 255 0 132 151 21 1 255 255 255 255 255 255 255 255 255 255 255 255 
255 255 255 255 255 255 255 255 128 4 1 255 255 255 255 255 255 255 255 255 255 255 255 255 
255 255 255 255 255 255 255 255 255 0 255 255 255 255 255 255 255 255 255 255 255 255 255 255 
255 255 255 255 255 255 255 255 255 254 255 255 255 255 255 255 255 255 255 255 255 255 255 255 
