test/output/hourly/077_000001_252_intensity.asc
ncols         24
nrows         23
xllcorner     566000.000000
yllcorner     5763700.000000
cellsize      100.000000
NODATA_value  0.000000
0 0 0 0 0 0 0 0 0 0 0 0 3255 476 0 0 0 0 0 0 0 0 0 0 
0 0 0 0 0 0 0 0 2510 0 0 3227 2622 2531 0 2599 3227 0 3227 3255 0 0 0 0 
0 0 0 0 2239 2446 2510 2503 2510 0 2644 2622 2509 2554 2599 2576 2622 3227 3200 0 0 0 0 0 
0 0 0 0 2025 3283 3273 0 0 0 2622 2622 2622 2948 2532 2576 2622 2576 3200 3200 2489 0 0 0 
0 0 0 813 3283 3140 435 0 0 0 2957 4303 3106 4270 2532 2480 2622 2644 792 2660 0 0 0 0 
0 0 2137 3091 2667 2745 3066 2644 0 0 0 0 3106 4303 4011 2487 2599 2691 947 947 0 0 0 0 
0 1786 2714 2714 2667 2667 430 0 0 6259 0 6195 4373 4292 4329 2487 363 0 0 0 0 0 0 0 
0 797 2667 2714 3086 2667 4399 4408 0 6259 6244 6195 5935 3727 4260 2487 0 0 0 0 0 0 0 0 
0 2549 3168 3069 4337 4373 4337 2771 6244 6259 6244 6244 5350 2595 3468 2509 0 0 0 0 0 0 0 0 
0 2667 4515 4443 2534 4373 4373 4372 2779 6289 6355 5857 2166 2439 2439 2554 366 0 0 0 0 0 0 0 
2447 3001 4443 2565 4364 4373 6210 6196 0 0 5854 2595 597 0 0 0 0 0 0 0 0 0 0 0 
2468 3091 4292 4364 6244 6210 6210 6161 5443 6195 5809 5794 0 0 0 0 0 0 0 0 0 0 0 2382 
2690 4443 4443 6112 6244 6196 6196 6210 6148 6258 5810 5795 5857 0 0 0 0 0 0 0 0 0 2445 2445 
2067 4004 2529 6244 6210 6196 6196 6210 6210 6196 5810 6244 6195 6147 5021 0 0 0 0 0 3119 1309 2445 2445 
2376 2759 2529 5083 6210 6196 6196 5135 5163 5176 5163 5245 6210 6196 6148 4227 0 0 0 3255 3255 942 2424 0 
0 2615 1405 6195 6258 6196 5123 5176 5176 5119 3905 5012 5245 6196 5957 4564 0 0 2784 3255 665 2424 0 0 
0 2164 2309 2606 4647 5810 5176 5176 5176 5163 5163 0 4877 5760 5383 2704 3339 1646 1657 1348 1089 1891 0 0 
0 0 1991 2447 1844 4302 5176 5163 4424 4374 4374 4141 5163 6053 2478 3350 2599 1430 3311 1838 0 0 0 0 
0 0 0 1950 1613 1613 5217 4424 4424 4219 4484 4484 5199 2622 2484 1844 2667 1799 0 0 0 0 0 0 
0 0 0 0 0 0 0 3160 4495 4281 4164 3702 0 0 0 0 0 0 0 0 0 0 0 0 
0 0 0 0 0 0 0 0 3764 3774 4164 0 0 0 0 0 0 0 0 0 0 0 0 0 
0 0 0 0 0 0 0 0 0 3774 0 0 0 0 0 0 0 0 0 0 0 0 0 0 
0 0 0 0 0 0 0 0 0 0 0 0 0 0 0 0 0 0 0 0 0 0 0 0 
