test/output/hourly/077_000001_245_ros.asc
ncols         17
nrows         20
xllcorner     566000.000000
yllcorner     5763700.000000
cellsize      100.000000
NODATA_value  0.000000
0.000000 0.000000 0.000000 0.000000 0.000000 0.000000 0.000000 0.000000 0.000000 0.000000 0.000000 0.000000 0.000000 3.419747 0.000000 0.000000 0.000000 
0.000000 0.000000 0.000000 0.000000 0.000000 0.000000 0.000000 0.000000 0.000000 0.000000 3.424068 4.776055 3.440821 4.739134 0.000000 0.000000 0.000000 
0.000000 0.000000 0.000000 0.000000 0.000000 3.174619 3.546260 0.000000 0.000000 0.000000 0.000000 0.000000 3.440821 4.771862 4.451779 0.000000 0.000000 
0.000000 0.000000 0.000000 0.000000 0.000000 0.000000 1.015435 0.000000 0.000000 6.657612 0.000000 6.590065 4.844094 4.755212 4.800866 0.000000 0.000000 
0.000000 0.000000 0.000000 0.000000 3.565650 0.000000 4.868774 4.878237 0.000000 6.657612 6.642158 6.590065 6.303622 4.129265 4.723515 0.000000 0.000000 
0.000000 0.000000 3.649412 3.546024 4.805007 4.844094 4.805007 3.067339 6.641827 6.657612 6.642158 6.642158 5.681839 2.875032 3.845621 0.000000 0.000000 
0.000000 0.000000 4.982838 4.913001 3.863364 4.844094 4.844094 4.843852 3.079194 6.679102 6.749484 6.230767 2.395439 2.704347 2.704347 0.000000 0.000000 
0.000000 3.468193 4.912997 3.910584 4.834619 4.844094 6.611331 6.596198 0.000000 0.000000 6.272246 2.875032 1.409701 0.000000 0.000000 0.000000 0.000000 
0.000000 3.571901 4.746202 4.834616 6.641861 6.611341 6.611341 6.564918 5.799133 6.595127 6.228526 6.213172 0.000000 0.000000 0.000000 0.000000 0.000000 
0.000000 4.912997 4.912938 6.502205 6.641876 6.596204 6.596282 6.611456 6.545435 6.657299 6.229452 6.214103 6.230626 0.000000 0.000000 0.000000 0.000000 
2.389084 4.427634 3.855802 6.641861 6.611295 6.596156 6.596292 6.611466 6.611441 6.596307 6.229758 6.642158 6.590065 6.544274 5.354016 0.000000 0.000000 
0.000000 3.187900 3.855802 5.407403 6.611295 6.596156 6.596204 5.583113 5.608446 5.622468 5.608446 5.687319 6.611535 6.596370 6.545451 4.700592 0.000000 
0.000000 0.000000 2.142147 6.589755 6.657326 6.596156 5.569240 5.622468 5.622468 5.560159 4.242174 5.434615 5.687188 6.596370 6.341989 4.883471 0.000000 
0.000000 0.000000 2.560433 2.889881 4.939119 6.229450 5.622468 5.622468 5.622468 5.608446 5.608446 0.000000 5.287780 6.117807 5.744764 3.001133 3.706231 
0.000000 0.000000 0.000000 0.000000 2.135856 4.673007 5.622468 5.608446 4.894268 4.839192 4.839192 4.490337 5.608446 6.460784 2.755789 3.711785 0.000000 
0.000000 0.000000 0.000000 2.255522 1.866260 1.866260 5.661809 4.894268 4.894268 4.667439 4.951069 4.950960 5.636910 0.000000 0.000000 2.135867 0.000000 
0.000000 0.000000 0.000000 0.000000 0.000000 0.000000 0.000000 3.488988 4.963846 4.727468 4.597535 4.087907 0.000000 0.000000 0.000000 0.000000 0.000000 
0.000000 0.000000 0.000000 0.000000 0.000000 0.000000 0.000000 0.000000 4.244848 4.255725 4.597535 0.000000 0.000000 0.000000 0.000000 0.000000 0.000000 
0.000000 0.000000 0.000000 0.000000 0.000000 0.000000 0.000000 0.000000 0.000000 4.255728 0.000000 0.000000 0.000000 0.000000 0.000000 0.000000 0.000000 
0.000000 0.000000 0.000000 0.000000 0.000000 0.000000 0.000000 0.000000 0.000000 0.000000 0.000000 0.000000 0.000000 0.000000 0.000000 0.000000 0.000000 
