test/output/hourly/077_000001_252_ros.asc
ncols         24
nrows         23
xllcorner     566000.000000
yllcorner     5763700.000000
cellsize      100.000000
NODATA_value  0.000000
0.000000 0.000000 0.000000 0.000000 0.000000 0.000000 0.000000 0.000000 0.000000 0.000000 0.000000 0.000000 5.057549 1.595145 0.000000 0.000000 0.000000 0.000000 0.000000 0.000000 0.000000 0.000000 0.000000 0.000000 
0.000000 0.000000 0.000000 0.000000 0.000000 0.000000 0.000000 0.000000 4.093248 0.000000 0.000000 5.022320 4.239487 4.120830 0.000000 4.209652 5.022312 0.000000 5.022376 5.057532 0.000000 0.000000 0.000000 0.000000 
0.000000 0.000000 0.000000 0.000000 3.639258 3.975331 4.093248 4.081064 4.093248 0.000000 4.269501 4.239487 4.078180 4.150363 4.209652 4.179844 4.239518 5.022320 4.987307 0.000000 0.000000 0.000000 0.000000 0.000000 
0.000000 0.000000 0.000000 0.000000 3.141821 5.092720 5.078147 0.000000 0.000000 0.000000 4.239542 4.239542 4.239542 3.419747 4.120932 4.179844 4.239518 4.165661 4.987307 4.987307 4.064394 0.000000 0.000000 0.000000 
0.000000 0.000000 0.000000 1.321440 5.092720 4.871166 0.710434 0.000000 0.000000 0.000000 3.424068 4.776055 3.440821 4.739134 4.120932 4.050890 4.239513 4.269465 1.235701 4.132825 0.000000 0.000000 0.000000 0.000000 
0.000000 0.000000 3.462197 4.847733 4.299459 3.174619 3.546260 4.269495 0.000000 0.000000 0.000000 0.000000 3.440821 4.771862 4.451779 4.062283 4.209544 4.329855 1.542822 1.542822 0.000000 0.000000 0.000000 0.000000 
0.000000 2.902963 4.360006 4.359951 4.299459 4.299471 1.015435 0.000000 0.000000 6.657612 0.000000 6.590065 4.844094 4.755212 4.800866 4.062229 1.217390 0.000000 0.000000 0.000000 0.000000 0.000000 0.000000 0.000000 
0.000000 1.233745 4.299532 4.359951 3.565650 4.299471 4.868774 4.878237 0.000000 6.657612 6.642158 6.590065 6.303622 4.129265 4.723515 4.062229 0.000000 0.000000 0.000000 0.000000 0.000000 0.000000 0.000000 0.000000 
0.000000 4.108863 3.649412 3.546024 4.805007 4.844094 4.805007 3.067339 6.641827 6.657612 6.642158 6.642158 5.681839 2.875032 3.845621 4.091457 0.000000 0.000000 0.000000 0.000000 0.000000 0.000000 0.000000 0.000000 
0.000000 4.299493 4.982838 4.913001 3.863364 4.844094 4.844094 4.843852 3.079194 6.679102 6.749484 6.230767 2.395439 2.704347 2.704347 4.149839 1.226052 0.000000 0.000000 0.000000 0.000000 0.000000 0.000000 0.000000 
3.943937 3.468193 4.912997 3.910584 4.834619 4.844094 6.611331 6.596198 0.000000 0.000000 6.272246 2.875032 1.409701 0.000000 0.000000 0.000000 0.000000 0.000000 0.000000 0.000000 0.000000 0.000000 0.000000 0.000000 
3.971250 3.571901 4.746202 4.834616 6.641861 6.611341 6.611341 6.564918 5.799133 6.595127 6.228526 6.213172 0.000000 0.000000 0.000000 0.000000 0.000000 0.000000 0.000000 0.000000 0.000000 0.000000 0.000000 3.922337 
4.329573 4.912997 4.912938 6.502205 6.641876 6.596204 6.596282 6.611456 6.545435 6.657299 6.229452 6.214103 6.230626 0.000000 0.000000 0.000000 0.000000 0.000000 0.000000 0.000000 0.000000 0.000000 4.007007 4.006866 
2.389084 4.427634 3.855802 6.641861 6.611295 6.596156 6.596292 6.611466 6.611441 6.596307 6.229758 6.642158 6.590065 6.544274 5.354016 0.000000 0.000000 0.000000 0.000000 0.000000 4.883390 2.046410 4.007007 4.006866 
3.811250 3.187900 3.855802 5.407403 6.611295 6.596156 6.596204 5.583113 5.608446 5.622468 5.608446 5.687319 6.611535 6.596370 6.545451 4.700592 0.000000 0.000000 0.000000 5.057524 5.057524 1.472567 3.978497 0.000000 
0.000000 4.195303 2.142147 6.589755 6.657326 6.596156 5.569240 5.622468 5.622468 5.560159 4.242174 5.434615 5.687188 6.596370 6.341989 4.883471 0.000000 0.000000 4.451928 5.057524 1.042536 3.978510 0.000000 0.000000 
0.000000 3.487658 2.560433 2.889881 4.939119 6.229450 5.622468 5.622468 5.622468 5.608446 5.608446 0.000000 5.287780 6.117807 5.744764 3.001133 3.706231 3.658173 3.683943 2.088059 1.778605 3.093901 0.000000 0.000000 
0.000000 0.000000 3.210143 3.943901 2.135856 4.673007 5.622468 5.608446 4.894268 4.839192 4.839192 4.490337 5.608446 6.460784 2.755789 3.711785 4.209682 3.178226 5.128148 2.833820 0.000000 0.000000 0.000000 0.000000 
0.000000 0.000000 0.000000 2.255522 1.866260 1.866260 5.661809 4.894268 4.894268 4.667439 4.951069 4.950960 5.636910 4.239542 4.023329 2.135867 4.299554 2.919308 0.000000 0.000000 0.000000 0.000000 0.000000 0.000000 
0.000000 0.000000 0.000000 0.000000 0.000000 0.000000 0.000000 3.488988 4.963846 4.727468 4.597535 4.087907 0.000000 0.000000 0.000000 0.000000 0.000000 0.000000 0.000000 0.000000 0.000000 0.000000 0.000000 0.000000 
0.000000 0.000000 0.000000 0.000000 0.000000 0.000000 0.000000 0.000000 4.244848 4.255725 4.597535 0.000000 0.000000 0.000000 0.000000 0.000000 0.000000 0.000000 0.000000 0.000000 0.000000 0.000000 0.000000 0.000000 
0.000000 0.000000 0.000000 0.000000 0.000000 0.000000 0.000000 0.000000 0.000000 4.255728 0.000000 0.000000 0.000000 0.000000 0.000000 0.000000 0.000000 0.000000 0.000000 0.000000 0.000000 0.000000 0.000000 0.000000 
0.000000 0.000000 0.000000 0.000000 0.000000 0.000000 0.000000 0.000000 0.000000 -1.000000 0.000000 0.000000 0.000000 0.000000 0.000000 0.000000 0.000000 0.000000 0.000000 0.000000 0.000000 0.000000 0.000000 0.000000 
