test/output/hourly/082_000001_239_raz.asc
ncols         20
nrows         25
xllcorner     565800.000000
yllcorner     5763200.000000
cellsize      100.000000
NODATA_value  0.000000
0 0 0 0 0 345 345 358 0 0 0 0 0 0 0 0 0 0 0 0 
0 0 0 0 348 345 346 346 0 0 0 0 0 0 0 0 0 0 0 0 
0 0 0 346 346 345 345 345 1 1 344 0 0 0 351 0 0 0 0 0 
0 0 0 345 346 345 345 345 344 352 344 356 13 4 357 0 0 0 0 0 
0 332 344 344 4 345 345 345 345 344 356 344 0 13 32 0 0 0 0 0 
0 350 345 344 345 344 344 344 3 3 13 347 7 43 49 0 0 0 0 0 
0 311 345 344 345 344 344 344 344 3 13 347 358 19 67 0 0 0 0 0 
0 344 344 344 344 345 345 344 0 4 5 232 6 24 358 0 0 0 0 0 
0 344 344 344 344 345 345 345 345 4 13 6 2 2 99 2 0 0 0 0 
344 321 344 344 345 345 345 344 344 359 12 4 4 356 13 0 0 0 0 0 
344 344 332 345 345 345 348 345 344 344 355 7 4 3 7 4 2 0 0 0 
302 323 336 345 345 345 345 345 344 359 344 359 3 20 47 358 3 2 0 0 
317 345 345 347 249 262 345 345 344 344 358 6 15 15 2 358 16 0 0 0 
321 329 345 345 345 345 345 345 344 2 11 11 2 0 10 35 19 2 20 0 
274 268 326 345 334 313 334 345 344 344 2 2 35 29 355 11 95 2 95 2 
332 286 269 269 262 322 338 345 345 345 344 30 14 2 2 30 95 9 111 2 
0 320 268 269 271 262 196 262 345 345 344 20 15 0 4 115 356 17 27 0 
0 267 267 270 215 231 262 195 262 344 344 11 20 359 8 351 27 42 43 0 
0 0 233 217 0 0 262 269 255 230 344 351 352 3 116 98 43 7 130 0 
0 0 0 279 0 0 321 269 230 229 261 254 359 16 49 115 97 114 0 0 
0 0 0 0 0 0 268 230 212 275 268 116 98 30 26 54 115 97 0 0 
0 0 0 0 0 0 0 0 0 269 269 230 213 98 97 37 98 113 0 0 
0 0 0 0 0 0 0 0 0 269 196 254 115 98 130 130 97 0 0 0 
0 0 0 0 0 0 0 0 269 249 215 83 100 99 98 97 98 0 0 0 
0 0 0 0 0 0 0 303 262 200 177 0 0 0 135 0 0 0 0 0 
