test/output/hourly/082_000001_239_arrival.asc
ncols         20
nrows         25
xllcorner     565800.000000
yllcorner     5763200.000000
cellsize      100.000000
NODATA_value  0.000000
0.000000 0.000000 0.000000 0.000000 0.000000 238.875000 238.865322 238.865322 0.000000 0.000000 0.000000 0.000000 0.000000 0.000000 0.000000 0.000000 0.000000 0.000000 0.000000 0.000000 
0.000000 0.000000 0.000000 0.000000 238.875000 238.865322 238.843996 238.843996 0.000000 0.000000 0.000000 0.000000 0.000000 0.000000 0.000000 0.000000 0.000000 0.000000 0.000000 0.000000 
0.000000 0.000000 0.000000 238.854659 238.750000 238.747536 238.747536 238.737787 238.737787 238.742661 238.750000 238.747536 0.000000 0.000000 238.875000 0.000000 0.000000 0.000000 0.000000 0.000000 
0.000000 0.000000 0.000000 238.747536 238.742661 238.737787 238.732912 238.728038 238.732912 238.732912 238.732912 238.732912 238.732912 238.742661 238.843996 0.000000 0.000000 0.000000 0.000000 0.000000 
0.000000 238.854659 238.750000 238.737787 238.737787 238.728038 238.723164 238.718289 238.718289 238.718289 238.718289 238.718289 238.718289 238.728038 238.737787 0.000000 0.000000 0.000000 0.000000 0.000000 
0.000000 238.843996 238.742661 238.732912 238.718289 238.713311 238.713311 238.701116 238.701116 238.701116 238.701116 238.705370 238.705370 238.713311 238.728038 0.000000 0.000000 0.000000 0.000000 0.000000 
0.000000 238.747536 238.737787 238.723164 238.708333 238.705370 238.696862 238.692548 238.688234 238.692548 238.692548 238.696862 238.696862 238.701116 238.728038 0.000000 0.000000 0.000000 0.000000 0.000000 
0.000000 238.742661 238.728038 238.713311 238.701116 238.692548 238.683921 238.683921 238.679607 238.679607 238.713311 238.713311 238.683921 238.696862 238.705370 0.000000 0.000000 0.000000 0.000000 0.000000 
0.000000 238.737787 238.728038 238.708333 238.696862 238.683921 238.679607 238.670980 238.666667 238.666667 238.670980 238.670980 238.675294 238.683921 238.713311 238.713311 0.000000 0.000000 0.000000 0.000000 
238.843996 238.732912 238.718289 238.705370 238.692548 238.679607 238.670980 238.662088 238.657452 238.657452 238.657452 238.662088 238.666667 238.675294 238.683921 0.000000 0.000000 0.000000 0.000000 0.000000 
238.750000 238.732912 238.713311 238.696862 238.688234 238.666667 238.662088 238.648180 238.643544 238.638908 238.638908 238.648180 238.652816 238.657452 238.675294 238.688234 238.705370 0.000000 0.000000 0.000000 
238.747536 238.728038 238.708333 238.701116 238.679607 238.666667 238.652816 238.643544 238.629636 238.634272 238.634272 238.634272 238.638908 238.643544 238.666667 238.679607 238.701116 238.723164 0.000000 0.000000 
238.747536 238.732912 238.713311 238.692548 238.679607 238.662088 238.648180 238.629636 238.618227 238.613243 238.613243 238.618227 238.625000 238.634272 238.648180 238.670980 238.692548 238.708333 0.000000 0.000000 
238.747536 238.728038 238.708333 238.692548 238.675294 238.652816 238.638908 238.625000 238.613243 238.608258 238.603273 238.603273 238.613243 0.000000 238.638908 238.662088 238.683921 238.705370 238.732912 0.000000 
238.750000 238.728038 238.708333 238.692548 238.675294 238.648180 238.629636 238.618227 238.603273 238.588318 238.588318 238.588318 238.598288 238.613243 238.634272 238.657452 238.679607 238.701116 238.728038 238.843996 
238.854659 238.737787 238.708333 238.688234 238.670980 238.648180 238.629636 238.613243 238.593303 238.576366 238.576366 238.576366 238.583333 238.603273 238.623212 238.648180 238.675294 238.696862 238.728038 238.843996 
0.000000 238.742661 238.718289 238.696862 238.670980 238.652816 238.634272 238.613243 238.583333 238.570618 238.559123 238.564870 238.570618 238.588318 238.618227 238.648180 238.675294 238.696862 238.723164 238.843996 
0.000000 238.747536 238.728038 238.696862 238.679607 238.657452 238.634272 238.613243 238.583333 238.564870 238.541667 238.541667 238.553375 238.583333 238.618227 238.648180 238.670980 238.696862 238.723164 0.000000 
0.000000 0.000000 238.732912 238.713311 0.000000 0.000000 238.638908 238.608258 238.583333 238.564870 238.538749 238.531666 238.541667 238.582114 238.618227 238.643544 238.670980 238.705370 238.728038 0.000000 
0.000000 0.000000 0.000000 238.747536 0.000000 0.000000 238.652816 238.618227 238.598288 238.564870 238.531666 238.510417 238.541667 238.582114 238.613243 238.652816 238.679607 238.708333 0.000000 0.000000 
0.000000 0.000000 0.000000 0.000000 0.000000 0.000000 238.666667 238.643544 238.613243 238.583333 238.559123 238.553375 238.559123 238.598288 238.634272 238.662088 238.688234 238.723164 0.000000 0.000000 
0.000000 0.000000 0.000000 0.000000 0.000000 0.000000 0.000000 0.000000 0.000000 238.618227 238.598288 238.598288 238.603273 238.623212 238.648180 238.679607 238.705370 238.737787 0.000000 0.000000 
0.000000 0.000000 0.000000 0.000000 0.000000 0.000000 0.000000 0.000000 0.000000 238.652816 238.638908 238.643544 238.643544 238.657452 238.675294 238.692548 238.723164 0.000000 0.000000 0.000000 
0.000000 0.000000 0.000000 0.000000 0.000000 0.000000 0.000000 0.000000 238.701116 238.688234 238.683921 238.683921 238.679607 238.688234 238.705370 238.723164 238.747536 0.000000 0.000000 0.000000 
0.000000 0.000000 0.000000 0.000000 0.000000 0.000000 0.000000 238.747536 238.728038 238.723164 238.718289 0.000000 0.000000 0.000000 238.732912 0.000000 0.000000 0.000000 0.000000 0.000000 
