test/output/hourly/082_000001_240_raz.asc
ncols         29
nrows         34
xllcorner     565600.000000
yllcorner     5763100.000000
cellsize      100.000000
NODATA_value  0.000000
0 0 0 0 0 0 0 0 0 0 0 42 42 0 0 0 0 0 0 0 0 0 0 0 0 0 0 0 0 
0 0 0 0 0 0 0 22 42 42 356 350 43 43 0 0 0 0 0 0 0 0 0 0 0 0 0 0 0 
0 0 0 0 0 0 40 42 36 42 0 43 43 110 0 0 0 0 0 0 0 0 0 0 0 0 0 0 0 
0 0 0 0 0 22 14 354 36 39 42 39 0 0 0 0 0 0 0 0 0 0 0 0 0 0 0 0 0 
0 0 0 0 39 353 18 42 42 36 0 41 36 0 0 0 0 0 0 0 0 0 0 0 0 0 0 0 0 
0 0 0 359 0 349 22 42 42 42 41 355 356 42 0 0 0 0 0 0 0 0 0 0 0 0 0 0 0 
0 0 336 0 349 15 19 42 41 42 42 33 47 42 42 42 27 43 0 46 35 0 43 52 0 0 0 0 0 
0 0 16 355 31 20 350 26 35 43 36 42 42 95 101 30 27 43 44 44 42 42 42 0 0 0 0 0 0 
0 337 27 44 358 12 346 345 345 358 6 42 101 65 343 29 42 42 42 43 56 52 45 48 49 0 0 0 0 
0 10 356 42 36 345 348 345 346 346 2 42 0 0 0 349 36 42 89 43 96 95 96 96 0 0 0 0 0 
0 7 37 43 345 346 346 345 345 345 1 1 344 0 0 42 351 41 42 43 97 97 102 96 96 0 0 0 0 
0 356 7 42 42 345 346 345 345 345 344 352 344 356 13 4 357 44 41 43 0 0 0 0 0 0 0 0 0 
342 355 317 332 344 344 4 345 345 345 345 344 356 344 0 13 32 42 41 43 0 0 0 0 0 0 0 0 0 
355 6 42 350 345 344 345 344 344 344 3 3 13 347 7 43 49 53 41 91 0 0 0 0 0 0 0 0 0 
342 19 345 311 345 344 345 344 344 344 344 3 13 347 358 19 67 94 107 98 0 0 0 0 0 0 0 0 0 
29 355 344 344 344 344 344 345 345 344 0 4 5 232 6 24 358 52 0 0 0 0 0 0 0 0 0 41 39 
14 344 344 344 344 344 344 345 345 345 345 4 13 6 2 2 99 2 0 0 0 0 0 0 0 0 0 39 36 
355 343 344 321 344 344 345 345 345 344 344 359 12 4 4 356 13 0 0 0 0 0 0 0 0 0 40 43 42 
355 343 344 344 332 345 345 345 348 345 344 344 355 7 4 3 7 4 2 0 0 0 0 0 38 40 40 43 0 
342 344 302 323 336 345 345 345 345 345 344 359 344 359 3 20 47 358 3 2 0 0 0 38 41 41 42 0 0 
285 294 317 345 345 347 249 262 345 345 344 344 358 6 15 15 2 358 16 0 0 0 37 40 52 41 41 105 36 
178 262 321 329 345 345 345 345 345 345 344 2 11 11 2 0 10 35 19 2 20 5 38 40 55 73 41 38 38 
0 200 274 268 326 345 334 313 334 345 344 344 2 2 35 29 355 11 95 2 95 2 37 45 101 101 95 38 38 
0 244 332 286 269 269 262 322 338 345 345 345 344 30 14 2 2 30 95 9 111 2 41 58 95 0 95 98 0 
0 0 322 320 268 269 271 262 196 262 345 345 344 20 15 0 4 115 356 17 27 0 41 94 0 0 0 0 0 
0 0 262 267 267 270 215 231 262 195 262 344 344 11 20 359 8 351 27 42 43 43 68 0 0 0 0 0 0 
0 0 0 181 233 217 0 0 262 269 255 230 344 351 352 3 116 98 43 7 130 0 0 0 0 0 0 0 0 
0 0 0 0 318 279 0 0 321 269 230 229 261 254 359 16 49 115 97 114 0 0 0 0 0 0 0 0 0 
0 0 0 0 0 0 0 0 268 230 212 275 268 116 98 30 26 54 115 97 0 0 0 0 0 0 0 0 0 
0 0 0 0 0 0 0 0 0 0 0 269 269 230 213 98 97 37 98 113 0 0 0 0 0 0 0 0 0 
0 0 0 0 0 0 0 0 0 0 0 269 196 254 115 98 130 130 97 0 73 0 0 0 0 0 0 0 0 
0 0 0 0 0 0 0 0 0 0 269 249 215 83 100 99 98 97 98 0 0 0 0 0 0 0 0 0 0 
0 0 0 0 0 0 0 0 0 303 262 200 177 0 0 0 135 100 0 0 0 0 0 0 0 0 0 0 0 
0 0 0 0 0 0 0 0 0 0 0 346 0 0 0 0 0 0 0 0 0 0 0 0 0 0 0 0 0 
