test/output/hourly/082_000001_240_intensity.asc
ncols         29
nrows         34
xllcorner     565600.000000
yllcorner     5763100.000000
cellsize      100.000000
NODATA_value  0.000000
0 0 0 0 0 0 0 0 0 0 0 3502 3502 0 0 0 0 0 0 0 0 0 0 0 0 0 0 0 0 
0 0 0 0 0 0 0 5322 6209 6209 1947 1761 3596 3596 0 0 0 0 0 0 0 0 0 0 0 0 0 0 0 
0 0 0 0 0 0 6143 6209 6116 6209 0 6305 6305 1447 0 0 0 0 0 0 0 0 0 0 0 0 0 0 0 
0 0 0 0 0 5252 4682 3371 5644 5715 5732 6190 0 0 0 0 0 0 0 0 0 0 0 0 0 0 0 0 0 
0 0 0 0 6001 3358 4538 5643 5643 5644 0 5732 5644 0 0 0 0 0 0 0 0 0 0 0 0 0 0 0 0 
0 0 0 3654 3665 2704 4814 5643 5036 5036 5732 3004 2998 5688 0 0 0 0 0 0 0 0 0 0 0 0 0 0 0 
0 0 2527 3687 2701 4264 4082 5036 5117 5036 671 4849 4958 5732 5643 5599 4953 5511 0 5582 5396 0 6114 5943 0 0 0 0 0 
0 0 4682 3358 5388 4056 2367 4571 5037 5101 4958 5036 5036 2707 2440 5270 4409 4917 5599 5382 5643 5599 6019 0 0 0 0 0 0 
0 2527 5546 5777 2640 3528 509 2001 2001 1964 439 5036 2440 4538 2440 4697 5036 4996 4878 5555 5192 5437 5582 5931 5977 0 0 0 0 
0 4333 2998 5688 1607 501 2017 2001 2001 1985 71 112 0 0 0 2356 4881 4957 2597 4800 2698 2704 3054 3054 0 0 0 0 0 
0 4019 5601 5688 189 2001 5002 4884 4884 4845 4624 4591 4846 4624 0 112 1953 4957 4957 4800 2704 2704 2780 3061 3058 0 0 0 0 
0 2998 3199 115 115 4923 5002 4884 4884 4884 118 116 4846 4722 4200 4503 1949 5021 4957 4800 0 0 0 0 0 0 0 0 0 
2781 3358 1476 1964 118 4923 4565 4884 4884 4884 4884 118 113 4846 4624 4200 3482 5036 4957 5381 0 0 0 0 0 0 0 0 0 
3358 3625 115 1981 4923 4923 5002 4923 4846 5788 5340 5340 4972 5773 5153 3097 2922 4733 4957 2953 0 0 0 0 0 0 0 0 0 
2781 2569 337 4067 4923 4923 6019 5879 3285 5788 5788 5340 4943 5833 5668 4739 2463 2356 1914 2690 0 0 0 0 0 0 0 0 0 
5683 1496 339 5042 4923 4923 5879 6019 5743 5788 5460 5304 4472 2058 5303 4495 740 664 0 0 0 0 0 0 0 0 0 793 5832 
2650 334 501 5042 4923 5879 5879 5788 5743 5743 5294 4864 4915 5267 5420 5498 274 4474 0 0 0 0 0 0 0 0 0 5832 5931 
2985 494 2018 4473 4923 5879 5879 5743 5743 5294 5252 4981 4457 4864 4864 5584 4915 0 0 0 0 0 0 0 0 0 5972 5925 6019 
2985 494 4923 4923 4794 5879 3285 5294 5280 5294 5252 5252 5101 4654 4864 4898 5153 5152 5151 0 0 0 0 0 5511 5511 5511 5925 0 
2441 501 3679 4416 5711 5879 3285 5294 5294 5294 5294 4981 5336 5054 4898 4088 2904 5460 5304 4411 0 0 0 5117 5468 5468 5468 0 0 
1611 293 4225 4884 4884 5833 1398 2381 5294 5294 4719 4757 4499 4189 3798 4331 4966 5460 4693 5303 0 0 2957 5157 5388 5599 5599 2789 6113 
1493 1047 4388 4624 5788 5788 5833 5336 5336 4719 4757 4356 4001 4001 4356 0 4562 3349 4420 5376 3859 302 5198 5157 5231 3908 5599 6306 6209 
0 1008 2771 2620 5340 5788 5669 4286 5178 4756 4757 4757 4356 4356 2935 3165 5179 4509 2287 5376 2044 1979 5264 5196 2441 2441 3054 6306 6209 
0 1008 1934 3096 2908 2900 2725 4714 5268 4794 4795 4110 4044 2660 3254 4418 4418 3573 2287 5025 1910 1950 5321 4460 2704 0 3063 2775 0 
0 0 431 4305 2627 2908 2891 2372 1690 2051 4110 4110 4110 3064 3254 4466 4326 1769 5584 4693 3679 2042 5198 2367 0 0 0 0 0 
0 0 1047 2634 2634 2917 2062 1902 2372 1445 1712 4110 3431 2873 3064 3794 4162 5187 4204 3512 3099 5101 3870 0 0 0 0 0 0 
0 0 0 1047 2084 1937 0 0 2362 2194 1601 1349 3431 3386 3359 3726 1535 1993 3510 5153 1810 0 0 0 0 0 0 0 0 
0 0 0 0 410 394 0 0 4714 2175 1617 1349 1443 0 3217 3236 2547 1795 2227 2077 0 0 0 0 0 0 0 0 0 
0 0 0 0 0 0 0 0 2535 1902 1470 1980 1841 1252 1097 2564 3786 2720 2092 2031 0 0 0 0 0 0 0 0 0 
0 0 0 0 0 0 0 0 0 0 0 2194 1261 1363 1267 1363 1928 3734 2197 1897 0 0 0 0 0 0 0 0 0 
0 0 0 0 0 0 0 0 0 0 0 1435 1678 2253 1795 1928 2011 2011 2031 0 552 0 0 0 0 0 0 0 0 
0 0 0 0 0 0 0 0 0 0 2900 1398 1178 2491 2242 2317 2242 2071 2004 0 0 0 0 0 0 0 0 0 0 
0 0 0 0 0 0 0 0 0 3704 2473 1822 1813 0 0 0 1898 280 0 0 0 0 0 0 0 0 0 0 0 
0 0 0 0 0 0 0 0 0 0 0 490 0 0 0 0 0 0 0 0 0 0 0 0 0 0 0 0 0 
