test/output/hourly/082_000001_240_ros.asc
ncols         29
nrows         34
xllcorner     565600.000000
yllcorner     5763100.000000
cellsize      100.000000
NODATA_value  0.000000
0.000000 0.000000 0.000000 0.000000 0.000000 0.000000 0.000000 0.000000 0.000000 0.000000 0.000000 5.076751 5.076751 0.000000 0.000000 0.000000 0.000000 0.000000 0.000000 0.000000 0.000000 0.000000 0.000000 0.000000 0.000000 0.000000 0.000000 0.000000 0.000000 
0.000000 0.000000 0.000000 0.000000 0.000000 0.000000 0.000000 5.553516 6.479160 6.479160 2.801031 2.538566 5.183269 5.183489 0.000000 0.000000 0.000000 0.000000 0.000000 0.000000 0.000000 0.000000 0.000000 0.000000 0.000000 0.000000 0.000000 0.000000 0.000000 
0.000000 0.000000 0.000000 0.000000 0.000000 0.000000 6.414991 6.479166 6.382404 6.479160 0.000000 6.569096 6.569096 2.085719 0.000000 0.000000 0.000000 0.000000 0.000000 0.000000 0.000000 0.000000 0.000000 0.000000 0.000000 0.000000 0.000000 0.000000 0.000000 
0.000000 0.000000 0.000000 0.000000 0.000000 5.489768 4.890197 3.518360 5.939620 6.014079 6.032436 6.459621 0.000000 0.000000 0.000000 0.000000 0.000000 0.000000 0.000000 0.000000 0.000000 0.000000 0.000000 0.000000 0.000000 0.000000 0.000000 0.000000 0.000000 
0.000000 0.000000 0.000000 0.000000 6.282519 3.510534 4.783875 5.948966 5.948966 5.939665 0.000000 6.032470 5.939610 0.000000 0.000000 0.000000 0.000000 0.000000 0.000000 0.000000 0.000000 0.000000 0.000000 0.000000 0.000000 0.000000 0.000000 0.000000 0.000000 
0.000000 0.000000 0.000000 3.825836 3.833969 2.850919 5.074927 5.948966 5.376334 5.376334 6.032454 3.162058 3.157630 5.990599 0.000000 0.000000 0.000000 0.000000 0.000000 0.000000 0.000000 0.000000 0.000000 0.000000 0.000000 0.000000 0.000000 0.000000 0.000000 
0.000000 0.000000 2.639361 3.850446 2.850502 4.491263 4.349493 5.376334 5.452328 5.376334 1.548558 5.176807 5.293145 6.032426 5.948959 5.907451 5.235136 5.824840 0.000000 5.889452 5.693268 0.000000 6.389885 6.206990 0.000000 0.000000 0.000000 0.000000 0.000000 
0.000000 0.000000 4.889871 3.510405 5.665816 4.325631 2.522616 4.871486 5.367241 5.435604 5.293145 5.376334 5.376334 2.851413 2.569835 5.555789 4.719518 5.263550 5.907400 5.702525 5.948948 5.907451 6.301331 0.000000 0.000000 0.000000 0.000000 0.000000 0.000000 
0.000000 2.638945 5.792181 6.074666 2.811405 3.756129 0.661105 2.440675 2.440672 2.395356 0.570301 5.376334 2.572627 4.783875 2.572528 5.014278 5.376334 5.338471 5.226263 5.865911 5.482717 5.731970 5.889525 6.209228 6.252194 0.000000 0.000000 0.000000 0.000000 
0.000000 4.529127 3.157657 5.990674 2.904804 0.651372 2.458287 2.440672 2.440645 2.422973 0.168947 0.291463 0.000000 0.000000 0.000000 2.519618 5.219689 5.300986 2.782914 5.152199 2.849614 2.850799 3.197186 3.197186 0.000000 0.000000 0.000000 0.000000 0.000000 
0.000000 4.197179 5.898921 5.990696 0.352433 2.440645 5.463891 5.349910 5.349831 5.312279 5.069814 5.037736 5.312470 5.070048 0.000000 0.291463 2.386694 5.300964 5.300986 5.152107 2.850508 2.850508 2.903345 3.196594 3.196648 0.000000 0.000000 0.000000 0.000000 
0.000000 3.157678 3.411858 0.297095 0.297095 5.387674 5.463891 5.349910 5.349831 5.349817 0.290280 0.285387 5.312470 5.176479 4.605161 4.936996 2.379057 5.359931 5.300964 5.152022 0.000000 0.000000 0.000000 0.000000 0.000000 0.000000 0.000000 0.000000 0.000000 
2.906957 3.510387 1.575146 2.395378 0.290290 5.387673 4.996075 5.349914 5.349831 5.349817 5.349798 0.290293 0.278998 5.312470 5.070048 4.605161 3.810233 5.376334 5.300964 5.702067 0.000000 0.000000 0.000000 0.000000 0.000000 0.000000 0.000000 0.000000 0.000000 
3.510383 3.818802 0.297094 2.418352 5.387679 5.387673 5.463826 5.387678 5.312470 6.219324 5.737968 5.737968 5.337486 6.202832 5.537203 3.396009 3.197495 5.047619 5.300964 3.129077 0.000000 0.000000 0.000000 0.000000 0.000000 0.000000 0.000000 0.000000 0.000000 
2.906957 3.800238 0.515035 4.451147 5.387679 5.387671 6.439569 6.306570 4.962946 6.219324 6.219324 5.737968 5.311618 6.262004 6.084954 5.087829 2.695867 2.519580 2.046798 2.848533 0.000000 0.000000 0.000000 0.000000 0.000000 0.000000 0.000000 0.000000 0.000000 
5.945306 2.223021 0.518906 5.502136 5.387609 5.387647 6.306553 6.439569 6.175809 6.219324 5.871462 5.703833 4.907559 2.256138 5.702914 4.825995 1.750581 1.532436 0.000000 0.000000 0.000000 0.000000 0.000000 0.000000 0.000000 0.000000 0.000000 1.829951 6.126117 
3.848891 0.511229 0.651386 5.502169 5.387609 6.306553 6.306570 6.219032 6.175815 6.175856 5.745286 5.278439 5.286010 5.669296 5.833511 5.907793 0.649743 4.937823 0.000000 0.000000 0.000000 0.000000 0.000000 0.000000 0.000000 0.000000 0.000000 6.126117 6.209141 
3.149378 0.641771 2.458429 4.885642 5.387647 6.306553 6.306567 6.175815 6.175823 5.745313 5.705283 5.409951 4.840794 5.278430 5.278347 6.005468 5.286032 0.000000 0.000000 0.000000 0.000000 0.000000 0.000000 0.000000 0.000000 0.000000 6.256847 6.213414 6.301187 
3.149378 0.641772 5.387671 5.387671 5.245937 6.306550 4.962714 5.745258 5.729556 5.745278 5.705292 5.705292 5.540265 5.055526 5.278391 5.310413 5.537203 5.536156 5.535019 0.000000 0.000000 0.000000 0.000000 0.000000 5.824339 5.824601 5.824601 6.213414 0.000000 
2.575474 0.651386 4.026521 4.832993 6.126235 6.306550 4.962714 5.745258 5.745258 5.745278 5.745313 5.409959 5.785891 5.479642 5.310413 4.424926 3.148540 5.871636 5.703972 4.849661 0.000000 0.000000 0.000000 5.452447 5.783619 5.783619 5.783729 0.000000 0.000000 
1.687040 0.380708 4.627412 5.349798 5.349798 6.262004 2.112123 2.584539 5.745246 5.745278 5.189324 5.226176 4.943150 4.602752 4.173476 4.687647 5.374632 5.871636 5.046629 5.703167 0.000000 0.000000 4.392622 5.490553 5.665891 5.907218 5.907218 2.929938 6.389559 
1.563708 1.118031 4.806737 5.069890 6.219069 6.219069 6.262611 5.785684 5.785636 5.189293 5.226176 4.786564 4.396596 4.396596 4.786564 0.000000 4.937660 3.624642 4.762215 5.771888 4.227522 0.462705 5.529320 5.490553 5.519228 4.123609 5.907218 6.569821 6.479433 
0.000000 1.076313 3.041162 2.872749 5.737770 6.219032 6.085810 4.647582 5.614765 5.225918 5.226176 5.226176 4.786564 4.786564 3.225055 3.471325 5.614914 4.888899 2.466558 5.771888 2.239525 2.406903 5.589657 5.517411 2.575361 2.575463 3.197314 6.569821 6.479433 
0.000000 1.076307 2.362728 3.397925 3.125261 3.113331 2.925708 5.111669 5.712403 5.262891 5.262949 4.594919 4.530290 2.979704 3.638229 4.845001 4.845001 3.874501 2.466558 5.418045 2.092378 2.375821 5.644939 4.736455 2.850799 0.000000 3.196433 2.891454 0.000000 
0.000000 0.000000 0.559987 4.728899 2.883229 3.125259 3.101341 2.571830 1.832818 2.251895 4.594919 4.594919 4.594936 3.425317 3.638206 4.911180 4.757417 1.918656 6.005551 5.046640 4.026543 2.478646 5.528801 2.522657 0.000000 0.000000 0.000000 0.000000 0.000000 
0.000000 0.000000 1.118031 2.893616 2.893616 3.137130 2.213963 2.062634 2.571822 1.586872 1.914055 4.594936 3.921771 3.283578 3.425317 4.253990 4.576915 5.634420 4.524672 3.774152 3.391946 5.435656 4.112812 0.000000 0.000000 0.000000 0.000000 0.000000 0.000000 
0.000000 0.000000 0.000000 1.118031 2.289486 2.125574 0.000000 0.000000 2.559109 2.406780 1.790805 1.508854 3.921746 3.869949 3.842825 4.169805 1.688210 2.175319 3.778720 5.537203 1.980598 0.000000 0.000000 0.000000 0.000000 0.000000 0.000000 0.000000 0.000000 
0.000000 0.000000 0.000000 0.000000 0.532939 0.931953 0.000000 0.000000 5.111752 2.378889 1.774172 1.508860 1.649397 -1.000000 3.679922 3.621998 2.809227 1.949851 2.393777 2.231825 0.000000 0.000000 0.000000 0.000000 0.000000 0.000000 0.000000 0.000000 0.000000 
0.000000 0.000000 0.000000 0.000000 0.000000 0.000000 0.000000 0.000000 2.749394 2.062712 1.607535 2.213900 2.059045 1.399645 1.640209 3.626491 4.112983 2.954887 2.249655 2.222850 0.000000 0.000000 0.000000 0.000000 0.000000 0.000000 0.000000 0.000000 0.000000 
0.000000 0.000000 0.000000 0.000000 0.000000 0.000000 0.000000 0.000000 0.000000 0.000000 0.000000 2.406813 1.927012 1.927999 1.792782 1.927946 2.094901 4.019607 2.357513 2.075828 0.000000 0.000000 0.000000 0.000000 0.000000 0.000000 0.000000 0.000000 0.000000 
0.000000 0.000000 0.000000 0.000000 0.000000 0.000000 0.000000 0.000000 0.000000 0.000000 0.000000 2.193011 1.818421 2.447815 1.949852 2.094915 2.165067 2.165067 2.222848 0.000000 1.274289 0.000000 0.000000 0.000000 0.000000 0.000000 0.000000 0.000000 0.000000 
0.000000 0.000000 0.000000 0.000000 0.000000 0.000000 0.000000 0.000000 0.000000 0.000000 3.113334 2.112095 1.779598 2.681462 2.411963 2.503281 2.411960 2.272777 2.189548 0.000000 0.000000 0.000000 0.000000 0.000000 0.000000 0.000000 0.000000 0.000000 0.000000 
0.000000 0.000000 0.000000 0.000000 0.000000 0.000000 0.000000 0.000000 0.000000 4.046093 2.708603 1.996183 1.993334 0.000000 0.000000 0.000000 2.090992 0.647013 0.000000 0.000000 0.000000 0.000000 0.000000 0.000000 0.000000 0.000000 0.000000 0.000000 0.000000 
0.000000 0.000000 0.000000 0.000000 0.000000 0.000000 0.000000 0.000000 0.000000 0.000000 0.000000 0.636895 0.000000 0.000000 0.000000 0.000000 0.000000 0.000000 0.000000 0.000000 0.000000 0.000000 0.000000 0.000000 0.000000 0.000000 0.000000 0.000000 0.000000 
