test/output/hourly/082_000001_241_source.asc
ncols         32
nrows         35
xllcorner     565500.000000
yllcorner     5763100.000000
cellsize      100.000000
NODATA_value  255.000000
255 255 255 255 255 255 255 255 255 255 255 255 148 255 255 255 255 255 255 255 255 255 255 255 255 255 255 255 255 255 255 255 
255 255 255 255 255 255 255 255 255 146 4 21 134 21 255 4 255 255 255 255 255 255 255 255 255 255 255 255 255 255 255 255 
255 255 255 255 255 255 255 128 132 6 16 2 134 21 21 17 1 255 255 255 255 255 255 255 255 255 255 255 255 255 255 255 
255 255 255 255 255 255 134 132 132 132 132 255 20 17 73 255 255 255 255 255 255 255 255 255 255 255 255 255 255 255 255 255 
255 255 255 255 255 134 4 4 134 4 20 16 5 255 255 255 255 255 255 255 255 255 255 255 255 255 255 255 255 255 255 255 
255 255 255 255 130 132 134 4 132 134 4 255 16 4 255 255 255 255 255 255 255 255 255 255 255 255 255 255 255 255 255 255 
255 255 255 255 134 4 132 4 132 4 16 1 128 132 21 255 150 23 21 255 255 255 255 255 255 255 255 255 255 255 255 255 
255 255 255 132 4 134 4 4 134 132 23 20 4 16 17 17 135 4 148 255 20 21 255 20 17 255 255 255 255 255 255 255 
255 255 134 132 134 132 134 132 4 4 20 20 17 9 73 65 132 4 21 21 16 21 21 21 255 255 255 255 255 255 255 255 
255 255 6 134 132 134 134 132 132 132 4 17 1 72 65 2 134 150 21 21 21 21 21 17 85 1 255 255 255 255 255 255 
255 134 6 134 4 134 134 134 150 132 132 1 21 255 255 8 128 4 21 85 21 85 85 89 65 255 255 255 255 255 255 255 
255 42 4 6 16 2 132 132 132 150 132 20 21 128 4 255 134 4 21 85 93 89 65 73 65 65 255 255 255 255 255 255 
255 130 2 132 4 191 132 134 134 150 148 151 21 128 132 20 20 20 17 81 25 121 255 255 255 72 255 255 255 255 255 255 
255 130 6 128 128 134 132 150 134 150 150 151 151 21 132 20 20 20 65 93 93 255 255 255 255 255 255 255 255 255 255 255 
255 134 4 134 134 134 134 132 134 150 132 148 148 20 132 20 20 16 1 9 73 255 255 255 255 255 255 255 255 255 255 255 
255 2 134 134 130 134 134 134 134 132 134 132 23 17 128 4 16 1 73 73 73 81 255 255 255 255 255 255 255 255 255 255 
130 132 134 174 128 130 134 134 4 128 134 148 148 223 191 20 21 17 1 255 40 255 255 255 255 255 255 255 4 16 255 255 
134 6 0 142 130 166 134 134 132 134 132 132 148 151 149 21 21 93 17 255 255 255 255 255 255 255 255 255 20 21 255 255 
42 132 4 134 130 134 134 134 134 134 134 150 151 149 149 21 21 21 255 255 255 255 255 255 255 255 255 20 21 81 255 255 
2 2 6 130 134 130 130 166 128 134 132 132 132 4 149 21 21 21 21 21 255 255 255 255 255 20 21 21 89 255 255 255 
34 2 6 130 130 130 174 134 134 134 134 128 151 151 149 21 20 21 21 21 21 255 255 255 20 21 85 29 255 255 20 21 
170 0 2 130 174 174 134 174 166 134 134 132 132 4 21 5 17 4 21 21 21 255 255 20 21 17 93 29 81 21 25 93 
255 8 42 2 162 162 174 166 130 134 134 134 150 148 20 21 255 20 21 21 21 85 21 21 81 17 89 81 93 89 89 73 
255 42 42 34 2 162 174 174 130 128 134 134 132 148 20 21 21 21 21 21 85 85 20 25 81 89 25 73 73 73 255 255 
255 255 32 2 170 2 2 162 130 130 134 134 132 150 21 5 21 21 21 85 81 93 21 93 1 25 105 72 72 73 65 255 
255 255 255 0 170 42 170 2 170 174 174 134 134 132 149 21 21 21 93 93 81 81 0 89 9 255 255 34 40 73 255 255 
255 255 255 42 42 170 2 42 42 170 174 166 134 134 21 21 21 93 93 81 81 65 1 73 255 255 255 255 255 255 255 255 
255 255 255 255 42 42 40 255 255 42 2 42 174 134 4 5 85 93 65 65 89 64 255 255 255 255 255 255 255 255 255 255 
255 255 255 255 255 0 8 255 255 42 2 42 42 34 254 9 73 65 73 73 73 255 255 255 255 255 255 255 255 255 255 255 
255 255 255 255 255 42 73 255 255 42 42 42 10 42 72 73 73 73 73 65 73 255 255 255 255 255 255 255 255 255 255 255 
255 255 255 255 255 255 255 255 255 255 255 255 42 42 105 73 73 73 73 73 73 255 255 255 255 255 255 255 255 255 255 255 
255 255 255 255 255 255 255 255 255 255 255 255 42 8 107 73 73 73 65 73 255 0 255 255 255 255 255 255 255 255 255 255 
255 255 255 255 255 255 255 255 255 255 255 34 42 106 43 72 73 73 73 73 255 255 255 255 255 255 255 255 255 255 255 255 
255 255 255 255 255 255 255 255 255 255 34 42 42 40 255 255 255 64 73 255 255 255 255 255 255 255 255 255 255 255 255 255 
255 255 255 255 255 255 255 255 255 255 255 255 8 255 255 255 255 255 255 255 255 255 255 255 255 255 255 255 255 255 255 255 
