test/output/hourly/082_000001_240_arrival.asc
ncols         29
nrows         34
xllcorner     565600.000000
yllcorner     5763100.000000
cellsize      100.000000
NODATA_value  0.000000
0.000000 0.000000 0.000000 0.000000 0.000000 0.000000 0.000000 0.000000 0.000000 0.000000 0.000000 239.707172 239.707172 0.000000 0.000000 0.000000 0.000000 0.000000 0.000000 0.000000 0.000000 0.000000 0.000000 0.000000 0.000000 0.000000 0.000000 0.000000 0.000000 
0.000000 0.000000 0.000000 0.000000 0.000000 0.000000 0.000000 239.703214 239.699255 239.695297 239.695297 239.691339 239.691339 239.703214 0.000000 0.000000 0.000000 0.000000 0.000000 0.000000 0.000000 0.000000 0.000000 0.000000 0.000000 0.000000 0.000000 0.000000 0.000000 
0.000000 0.000000 0.000000 0.000000 0.000000 0.000000 239.699255 239.687227 239.679003 239.674891 0.000000 239.674891 239.687227 239.703214 0.000000 0.000000 0.000000 0.000000 0.000000 0.000000 0.000000 0.000000 0.000000 0.000000 0.000000 0.000000 0.000000 0.000000 0.000000 
0.000000 0.000000 0.000000 0.000000 0.000000 239.695297 239.679003 239.670779 239.660080 239.660080 239.655695 239.670779 0.000000 0.000000 0.000000 0.000000 0.000000 0.000000 0.000000 0.000000 0.000000 0.000000 0.000000 0.000000 0.000000 0.000000 0.000000 0.000000 0.000000 
0.000000 0.000000 0.000000 0.000000 239.699255 239.679003 239.660080 239.651310 239.646925 239.638155 0.000000 239.655695 239.646925 0.000000 0.000000 0.000000 0.000000 0.000000 0.000000 0.000000 0.000000 0.000000 0.000000 0.000000 0.000000 0.000000 0.000000 0.000000 0.000000 
0.000000 0.000000 0.000000 239.703214 239.674891 239.660080 239.642540 239.633770 239.625000 239.625000 239.642540 239.646925 239.638155 239.638155 0.000000 0.000000 0.000000 0.000000 0.000000 0.000000 0.000000 0.000000 0.000000 0.000000 0.000000 0.000000 0.000000 0.000000 0.000000 
0.000000 0.000000 239.708333 239.683115 239.660080 239.638155 239.622136 239.617286 239.607585 239.612435 239.607585 239.617286 239.617286 239.633770 239.655695 239.664465 239.642540 239.642540 0.000000 239.646925 239.655695 0.000000 239.679003 239.687227 0.000000 0.000000 0.000000 0.000000 0.000000 
0.000000 0.000000 239.691339 239.674891 239.638155 239.622136 239.602735 239.593034 239.588184 239.588184 239.588184 239.602735 239.622136 239.638155 239.655695 239.638155 239.622136 239.625000 239.629385 239.633770 239.651310 239.660080 239.674891 0.000000 0.000000 0.000000 0.000000 0.000000 0.000000 
0.000000 239.699255 239.674891 239.660080 239.617286 239.597884 239.373816 238.875000 238.865322 238.865322 239.373816 239.602735 239.629385 239.651310 239.664465 239.617286 239.612435 239.612435 239.622136 239.633770 239.642540 239.655695 239.666667 239.687227 239.695297 0.000000 0.000000 0.000000 0.000000 
0.000000 239.683115 239.655695 239.646925 239.597884 239.373816 238.875000 238.865322 238.843996 238.843996 239.373816 239.588184 0.000000 0.000000 0.000000 239.593034 239.593034 239.602735 239.617286 239.625000 239.642540 239.655695 239.670779 239.683115 0.000000 0.000000 0.000000 0.000000 0.000000 
0.000000 239.670779 239.633770 239.629385 239.373816 238.854659 238.750000 238.747536 238.747536 238.737787 238.737787 238.742661 238.750000 238.747536 0.000000 239.588184 238.875000 239.597884 239.612435 239.625000 239.642540 239.655695 239.674891 239.687227 239.707172 0.000000 0.000000 0.000000 0.000000 
0.000000 239.666667 239.612435 239.588184 239.588184 238.747536 238.742661 238.737787 238.732912 238.728038 238.732912 238.732912 238.732912 238.732912 238.732912 238.742661 238.843996 239.588184 239.607585 239.625000 0.000000 0.000000 0.000000 0.000000 0.000000 0.000000 0.000000 0.000000 0.000000 
239.703214 239.679003 239.588184 238.854659 238.750000 238.737787 238.737787 238.728038 238.723164 238.718289 238.718289 238.718289 238.718289 238.718289 238.718289 238.728038 238.737787 239.588184 239.612435 239.629385 0.000000 0.000000 0.000000 0.000000 0.000000 0.000000 0.000000 0.000000 0.000000 
239.695297 239.655695 239.588184 238.843996 238.742661 238.732912 238.718289 238.713311 238.713311 238.701116 238.701116 238.701116 238.701116 238.705370 238.705370 238.713311 238.728038 239.588184 239.612435 239.629385 0.000000 0.000000 0.000000 0.000000 0.000000 0.000000 0.000000 0.000000 0.000000 
239.691339 239.638155 239.373816 238.747536 238.737787 238.723164 238.708333 238.705370 238.696862 238.692548 238.688234 238.692548 238.692548 238.696862 238.696862 238.701116 238.728038 239.597884 239.625000 239.646925 0.000000 0.000000 0.000000 0.000000 0.000000 0.000000 0.000000 0.000000 0.000000 
239.691339 239.612435 239.373816 238.742661 238.728038 238.713311 238.701116 238.692548 238.683921 238.683921 238.679607 238.679607 238.713311 238.713311 238.683921 238.696862 238.705370 239.607585 0.000000 0.000000 0.000000 0.000000 0.000000 0.000000 0.000000 0.000000 0.000000 239.699255 239.699255 
239.674891 239.375000 239.373816 238.737787 238.728038 238.708333 238.696862 238.683921 238.679607 238.670980 238.666667 238.666667 238.670980 238.670980 238.675294 238.683921 238.713311 238.713311 0.000000 0.000000 0.000000 0.000000 0.000000 0.000000 0.000000 0.000000 0.000000 239.687227 239.699255 
239.655695 239.375000 238.843996 238.732912 238.718289 238.705370 238.692548 238.679607 238.670980 238.662088 238.657452 238.657452 238.657452 238.662088 238.666667 238.675294 238.683921 0.000000 0.000000 0.000000 0.000000 0.000000 0.000000 0.000000 0.000000 0.000000 239.670779 239.683115 239.695297 
239.651310 239.375000 238.750000 238.732912 238.713311 238.696862 238.688234 238.666667 238.662088 238.648180 238.643544 238.638908 238.638908 238.648180 238.652816 238.657452 238.675294 238.688234 238.705370 0.000000 0.000000 0.000000 0.000000 0.000000 239.642540 239.655695 239.666667 239.683115 0.000000 
239.655695 239.375000 238.747536 238.728038 238.708333 238.701116 238.679607 238.666667 238.652816 238.643544 238.629636 238.634272 238.634272 238.634272 238.638908 238.643544 238.666667 238.679607 238.701116 238.723164 0.000000 0.000000 0.000000 239.625000 239.638155 239.651310 239.666667 0.000000 0.000000 
239.687227 239.373816 238.747536 238.732912 238.713311 238.692548 238.679607 238.662088 238.648180 238.629636 238.618227 238.613243 238.613243 238.618227 238.625000 238.634272 238.648180 238.670980 238.692548 238.708333 0.000000 0.000000 239.607585 239.622136 239.629385 239.651310 239.666667 239.683115 239.703214 
239.708333 239.597884 238.747536 238.728038 238.708333 238.692548 238.675294 238.652816 238.638908 238.625000 238.613243 238.608258 238.603273 238.603273 238.613243 0.000000 238.638908 238.662088 238.683921 238.705370 238.732912 239.373816 239.602735 239.617286 239.633770 239.651310 239.666667 239.687227 239.703214 
0.000000 239.612435 238.750000 238.728038 238.708333 238.692548 238.675294 238.648180 238.629636 238.618227 238.603273 238.588318 238.588318 238.588318 238.598288 238.613243 238.634272 238.657452 238.679607 238.701116 238.728038 238.843996 239.602735 239.617286 239.638155 239.655695 239.674891 239.687227 239.707172 
0.000000 239.622136 238.854659 238.737787 238.708333 238.688234 238.670980 238.648180 238.629636 238.613243 238.593303 238.576366 238.576366 238.576366 238.583333 238.603273 238.623212 238.648180 238.675294 238.696862 238.728038 238.843996 239.607585 239.617286 239.642540 0.000000 239.683115 239.703214 0.000000 
0.000000 0.000000 239.375000 238.742661 238.718289 238.696862 238.670980 238.652816 238.634272 238.613243 238.583333 238.570618 238.559123 238.564870 238.570618 238.588318 238.618227 238.648180 238.675294 238.696862 238.723164 238.843996 239.607585 239.625000 0.000000 0.000000 0.000000 0.000000 0.000000 
0.000000 0.000000 239.617286 238.747536 238.728038 238.696862 238.679607 238.657452 238.634272 238.613243 238.583333 238.564870 238.541667 238.541667 238.553375 238.583333 238.618227 238.648180 238.670980 238.696862 238.723164 239.588184 239.612435 0.000000 0.000000 0.000000 0.000000 0.000000 0.000000 
0.000000 0.000000 0.000000 239.612435 238.732912 238.713311 0.000000 0.000000 238.638908 238.608258 238.583333 238.564870 238.538749 238.531666 238.541667 238.582114 238.618227 238.643544 238.670980 238.705370 238.728038 0.000000 0.000000 0.000000 0.000000 0.000000 0.000000 0.000000 0.000000 
0.000000 0.000000 0.000000 0.000000 239.375000 238.747536 0.000000 0.000000 238.652816 238.618227 238.598288 238.564870 238.531666 238.510417 238.541667 238.582114 238.613243 238.652816 238.679607 238.708333 0.000000 0.000000 0.000000 0.000000 0.000000 0.000000 0.000000 0.000000 0.000000 
0.000000 0.000000 0.000000 0.000000 0.000000 0.000000 0.000000 0.000000 238.666667 238.643544 238.613243 238.583333 238.559123 238.553375 238.559123 238.598288 238.634272 238.662088 238.688234 238.723164 0.000000 0.000000 0.000000 0.000000 0.000000 0.000000 0.000000 0.000000 0.000000 
0.000000 0.000000 0.000000 0.000000 0.000000 0.000000 0.000000 0.000000 0.000000 0.000000 0.000000 238.618227 238.598288 238.598288 238.603273 238.623212 238.648180 238.679607 238.705370 238.737787 0.000000 0.000000 0.000000 0.000000 0.000000 0.000000 0.000000 0.000000 0.000000 
0.000000 0.000000 0.000000 0.000000 0.000000 0.000000 0.000000 0.000000 0.000000 0.000000 0.000000 238.652816 238.638908 238.643544 238.643544 238.657452 238.675294 238.692548 238.723164 0.000000 239.699255 0.000000 0.000000 0.000000 0.000000 0.000000 0.000000 0.000000 0.000000 
0.000000 0.000000 0.000000 0.000000 0.000000 0.000000 0.000000 0.000000 0.000000 0.000000 238.701116 238.688234 238.683921 238.683921 238.679607 238.688234 238.705370 238.723164 238.747536 0.000000 0.000000 0.000000 0.000000 0.000000 0.000000 0.000000 0.000000 0.000000 0.000000 
0.000000 0.000000 0.000000 0.000000 0.000000 0.000000 0.000000 0.000000 0.000000 238.747536 238.728038 238.723164 238.718289 0.000000 0.000000 0.000000 238.732912 239.597884 0.000000 0.000000 0.000000 0.000000 0.000000 0.000000 0.000000 0.000000 0.000000 0.000000 0.000000 
0.000000 0.000000 0.000000 0.000000 0.000000 0.000000 0.000000 0.000000 0.000000 0.000000 0.000000 239.375000 0.000000 0.000000 0.000000 0.000000 0.000000 0.000000 0.000000 0.000000 0.000000 0.000000 0.000000 0.000000 0.000000 0.000000 0.000000 0.000000 0.000000 
