test/output/hourly/082_000001_252_arrival.asc
ncols         44
nrows         42
xllcorner     565200.000000
yllcorner     5762900.000000
cellsize      100.000000
NODATA_value  0.000000
[rows 0 to 35 of 42, columns 0 to 43 of 44]
0.000000 0.000000 0.000000 0.000000 0.000000 0.000000 0.000000 0.000000 0.000000 0.000000 0.000000 0.000000 248.728796 248.739028 0.000000 248.749259 0.000000 0.000000 0.000000 0.000000 0.000000 0.000000 0.000000 0.000000 0.000000 0.000000 0.000000 0.000000 0.000000 0.000000 0.000000 0.000000 0.000000 0.000000 0.000000 0.000000 0.000000 0.000000 0.000000 0.000000 0.000000 0.000000 0.000000 0.000000
0.000000 0.000000 0.000000 0.000000 0.000000 0.000000 0.000000 0.000000 0.000000 0.000000 248.708333 248.693483 248.684544 248.693483 248.702421 248.728796 248.739028 0.000000 0.000000 0.000000 0.000000 0.000000 0.000000 0.000000 0.000000 0.000000 0.000000 0.000000 0.000000 0.000000 0.000000 0.000000 0.000000 0.000000 0.000000 0.000000 0.000000 0.000000 0.000000 0.000000 0.000000 0.000000 0.000000 0.000000
0.000000 0.000000 0.000000 0.000000 0.000000 0.000000 0.000000 0.000000 0.000000 248.693483 248.664758 248.664758 248.664758 248.664758 248.684544 248.708333 0.000000 0.000000 0.000000 0.000000 0.000000 0.000000 0.000000 0.000000 0.000000 0.000000 0.000000 0.000000 0.000000 0.000000 0.000000 0.000000 0.000000 0.000000 0.000000 0.000000 0.000000 0.000000 0.000000 0.000000 0.000000 0.000000 0.000000 0.000000
0.000000 0.000000 0.000000 0.000000 0.000000 0.000000 0.000000 0.000000 248.684544 248.654819 248.625000 248.617276 248.625000 248.644879 248.666667 248.702421 0.000000 0.000000 0.000000 0.000000 0.000000 0.000000 0.000000 0.000000 0.000000 0.000000 0.000000 0.000000 0.000000 0.000000 0.000000 0.000000 0.000000 0.000000 0.000000 0.000000 0.000000 0.000000 0.000000 0.000000 0.000000 0.000000 0.000000 0.000000
0.000000 0.000000 0.000000 0.000000 0.000000 0.000000 0.000000 248.684544 248.654819 248.625000 248.594648 245.782607 0.000000 248.675605 248.675605 248.702421 0.000000 0.000000 0.000000 0.000000 0.000000 0.000000 0.000000 0.000000 0.000000 0.000000 0.000000 0.000000 0.000000 0.000000 0.000000 0.000000 0.000000 0.000000 0.000000 0.000000 0.000000 0.000000 0.000000 0.000000 0.000000 0.000000 0.000000 0.000000
0.000000 0.000000 0.000000 0.000000 0.000000 0.000000 248.693483 248.664758 248.617276 245.830894 243.607519 243.607519 0.000000 248.675605 248.675605 240.869602 248.675605 0.000000 0.000000 0.000000 0.000000 0.000000 0.000000 0.000000 0.000000 0.000000 0.000000 0.000000 0.000000 0.000000 0.000000 0.000000 0.000000 0.000000 0.000000 0.000000 0.000000 0.000000 0.000000 0.000000 0.000000 0.000000 0.000000 0.000000
0.000000 0.000000 0.000000 0.000000 0.000000 248.702421 248.664758 248.625000 245.830894 243.607519 243.416667 248.634940 240.869602 240.730660 240.730660 239.707172 239.707172 248.634940 240.791667 0.000000 0.000000 0.000000 0.000000 0.000000 0.000000 0.000000 0.000000 0.000000 0.000000 0.000000 0.000000 0.000000 0.000000 0.000000 0.000000 0.000000 0.000000 0.000000 0.000000 0.000000 0.000000 0.000000 0.000000 0.000000
0.000000 0.000000 0.000000 0.000000 0.000000 248.675605 248.634940 248.594648 243.607519 242.875000 240.774951 239.703214 239.699255 239.695297 239.695297 239.691339 239.691339 239.703214 240.750000 240.869602 0.000000 0.000000 0.000000 0.000000 0.000000 0.000000 0.000000 0.000000 0.000000 0.000000 0.000000 0.000000 0.000000 0.000000 0.000000 0.000000 0.000000 0.000000 0.000000 0.000000 0.000000 0.000000 0.000000 0.000000
0.000000 0.000000 0.000000 0.000000 248.702421 248.664758 248.617276 243.615580 242.875000 240.791667 239.699255 239.687227 239.679003 239.674891 248.634940 239.674891 239.687227 239.703214 248.634940 0.000000 0.000000 0.000000 0.000000 0.000000 0.000000 0.000000 0.000000 0.000000 0.000000 0.000000 0.000000 0.000000 0.000000 0.000000 0.000000 0.000000 0.000000 0.000000 0.000000 0.000000 0.000000 0.000000 0.000000 0.000000
0.000000 0.000000 0.000000 248.693483 248.664758 248.617276 245.782607 243.406425 240.774951 239.695297 239.679003 239.670779 239.660080 239.660080 239.655695 239.670779 248.634940 0.000000 248.634940 0.000000 0.000000 0.000000 0.000000 0.000000 0.000000 0.000000 0.000000 0.000000 0.000000 0.000000 0.000000 0.000000 0.000000 0.000000 0.000000 0.000000 0.000000 0.000000 0.000000 0.000000 0.000000 0.000000 0.000000 0.000000
0.000000 0.000000 0.000000 248.675605 248.634940 246.583333 243.599457 240.791667 239.699255 239.679003 239.660080 239.651310 239.646925 239.638155 248.634940 239.655695 239.646925 0.000000 248.634940 0.000000 0.000000 0.000000 0.000000 0.000000 0.000000 0.000000 0.000000 0.000000 0.000000 0.000000 0.000000 0.000000 0.000000 0.000000 0.000000 0.000000 0.000000 0.000000 0.000000 0.000000 0.000000 0.000000 0.000000 0.000000
0.000000 0.000000 248.702421 248.654819 248.605962 243.607519 241.482504 239.703214 239.674891 239.660080 239.642540 239.633770 239.625000 239.625000 239.642540 239.646925 239.638155 239.638155 248.634940 240.774951 240.774951 240.774951 0.000000 0.000000 0.000000 0.000000 0.000000 0.000000 0.000000 0.000000 0.000000 0.000000 0.000000 0.000000 0.000000 0.000000 0.000000 0.000000 0.000000 0.000000 0.000000 0.000000 0.000000 0.000000
0.000000 0.000000 248.684544 248.634940 245.830894 242.875000 239.708333 239.683115 239.660080 239.638155 239.622136 239.617286 239.607585 239.612435 239.607585 239.617286 239.617286 239.633770 239.655695 239.664465 239.642540 239.642540 0.000000 239.646925 239.655695 0.000000 239.679003 239.687227 0.000000 0.000000 0.000000 0.000000 0.000000 0.000000 0.000000 0.000000 0.000000 0.000000 0.000000 0.000000 0.000000 0.000000 0.000000 0.000000
0.000000 0.000000 248.675605 248.625000 243.607519 240.791667 239.691339 239.674891 239.638155 239.622136 239.602735 239.593034 239.588184 239.588184 239.588184 239.602735 239.622136 239.638155 239.655695 239.638155 239.622136 239.625000 239.629385 239.633770 239.651310 239.660080 239.674891 0.000000 0.000000 0.000000 0.000000 0.000000 0.000000 0.000000 0.000000 0.000000 0.000000 0.000000 0.000000 0.000000 0.000000 0.000000 0.000000 0.000000
0.000000 0.000000 248.675605 248.625000 241.482504 239.699255 239.674891 239.660080 239.617286 239.597884 239.373816 238.875000 238.865322 238.865322 239.373816 239.602735 239.629385 239.651310 239.664465 239.617286 239.612435 239.612435 239.622136 239.633770 239.642540 239.655695 239.666667 239.687227 239.695297 0.000000 0.000000 0.000000 0.000000 0.000000 0.000000 0.000000 0.000000 0.000000 0.000000 0.000000 0.000000 0.000000 0.000000 0.000000
0.000000 248.708333 248.664758 248.617276 240.869602 239.683115 239.655695 239.646925 239.597884 239.373816 238.875000 238.865322 238.843996 238.843996 239.373816 239.588184 0.000000 248.634940 240.730660 239.593034 239.593034 239.602735 239.617286 239.625000 239.642540 239.655695 239.670779 239.683115 0.000000 0.000000 0.000000 0.000000 0.000000 0.000000 0.000000 0.000000 0.000000 0.000000 0.000000 0.000000 0.000000 0.000000 0.000000 0.000000
0.000000 248.702421 248.664758 248.594648 240.869602 239.670779 239.633770 239.629385 239.373816 238.854659 238.750000 238.747536 238.747536 238.737787 238.737787 238.742661 238.750000 238.747536 0.000000 239.588184 238.875000 239.597884 239.612435 239.625000 239.642540 239.655695 239.674891 239.687227 239.707172 0.000000 0.000000 0.000000 0.000000 0.000000 0.000000 0.000000 0.000000 0.000000 0.000000 0.000000 0.000000 0.000000 0.000000 0.000000
0.000000 248.693483 248.654819 246.583333 240.822577 239.666667 239.612435 239.588184 239.588184 238.747536 238.742661 238.737787 238.732912 238.728038 238.732912 238.732912 238.732912 238.732912 238.732912 238.742661 238.843996 239.588184 239.607585 239.625000 240.774951 0.000000 0.000000 0.000000 240.774951 0.000000 0.000000 0.000000 0.000000 0.000000 0.000000 0.000000 0.000000 0.000000 0.000000 0.000000 0.000000 0.000000 0.000000 0.000000
0.000000 248.684544 248.654819 246.583333 239.703214 239.679003 239.588184 238.854659 238.750000 238.737787 238.737787 238.728038 238.723164 238.718289 238.718289 238.718289 238.718289 238.718289 238.718289 238.728038 238.737787 239.588184 239.612435 239.629385 0.000000 0.000000 0.000000 0.000000 0.000000 0.000000 0.000000 0.000000 0.000000 0.000000 0.000000 0.000000 0.000000 0.000000 0.000000 248.749259 0.000000 0.000000 0.000000 0.000000
0.000000 248.675605 248.625000 242.875000 239.695297 239.655695 239.588184 238.843996 238.742661 238.732912 238.718289 238.713311 238.713311 238.701116 238.701116 238.701116 238.701116 238.705370 238.705370 238.713311 238.728038 239.588184 239.612435 239.629385 0.000000 0.000000 0.000000 0.000000 0.000000 0.000000 0.000000 0.000000 0.000000 0.000000 0.000000 0.000000 0.000000 0.000000 248.702421 248.702421 248.739028 0.000000 0.000000 0.000000
248.708333 248.664758 248.617276 241.500000 239.691339 239.638155 239.373816 238.747536 238.737787 238.723164 238.708333 238.705370 238.696862 238.692548 238.688234 238.692548 238.692548 238.696862 238.696862 238.701116 238.728038 239.597884 239.625000 239.646925 240.774951 0.000000 0.000000 0.000000 0.000000 0.000000 0.000000 0.000000 0.000000 0.000000 0.000000 0.000000 0.000000 248.664758 248.664758 248.684544 248.728796 0.000000 0.000000 0.000000
248.702421 248.664758 248.605962 240.822577 239.691339 239.612435 239.373816 238.742661 238.728038 238.713311 238.701116 238.692548 238.683921 238.683921 238.679607 238.679607 238.713311 238.713311 238.683921 238.696862 238.705370 239.607585 248.634940 240.774951 0.000000 0.000000 0.000000 0.000000 0.000000 0.000000 0.000000 239.699255 239.699255 0.000000 0.000000 0.000000 0.000000 248.634940 248.634940 0.000000 0.000000 0.000000 0.000000 0.000000
248.702421 248.654819 248.617276 240.791667 239.674891 239.375000 239.373816 238.737787 238.728038 238.708333 238.696862 238.683921 238.679607 238.670980 238.666667 238.666667 238.670980 238.670980 238.675294 238.683921 238.713311 238.713311 0.000000 0.000000 0.000000 0.000000 0.000000 0.000000 0.000000 0.000000 0.000000 239.687227 239.699255 0.000000 0.000000 0.000000 248.594648 246.583333 248.634940 248.675605 248.739028 248.728796 248.739028 0.000000
248.708333 248.666667 248.605962 240.791667 239.655695 239.375000 238.843996 238.732912 238.718289 238.705370 238.692548 238.679607 238.670980 238.662088 238.657452 238.657452 238.657452 238.662088 238.666667 238.675294 238.683921 0.000000 0.000000 0.000000 0.000000 0.000000 0.000000 0.000000 0.000000 0.000000 239.670779 239.683115 239.695297 0.000000 0.000000 0.000000 243.623642 0.000000 0.000000 248.702421 248.684544 248.693483 248.718565 248.749259
0.000000 248.666667 248.617276 240.791667 239.651310 239.375000 238.750000 238.732912 238.713311 238.696862 238.688234 238.666667 238.662088 238.648180 238.643544 238.638908 238.638908 238.648180 238.652816 238.657452 238.675294 238.688234 238.705370 0.000000 0.000000 0.000000 0.000000 0.000000 239.642540 239.655695 239.666667 239.683115 0.000000 0.000000 0.000000 0.000000 243.599457 0.000000 0.000000 0.000000 248.664758 248.684544 248.708333 248.749259
0.000000 248.675605 248.617276 240.822577 239.655695 239.375000 238.747536 238.728038 238.708333 238.701116 238.679607 238.666667 238.652816 238.643544 238.629636 238.634272 238.634272 238.634272 238.638908 238.643544 238.666667 238.679607 238.701116 238.723164 0.000000 0.000000 0.000000 239.625000 239.638155 239.651310 239.666667 0.000000 0.000000 240.750000 240.869602 243.406425 243.599457 245.791667 248.605962 248.634940 248.664758 248.684544 248.702421 248.728796
0.000000 248.675605 248.644879 240.869602 239.687227 239.373816 238.747536 238.732912 238.713311 238.692548 238.679607 238.662088 238.648180 238.629636 238.618227 238.613243 238.613243 238.618227 238.625000 238.634272 238.648180 238.670980 238.692548 238.708333 0.000000 0.000000 239.607585 239.622136 239.629385 239.651310 239.666667 239.683115 239.703214 240.750000 240.869602 242.875000 243.591395 245.791667 248.605962 248.634940 248.664758 248.684544 248.708333 248.728796
0.000000 248.702421 248.664758 241.482504 239.708333 239.597884 238.747536 238.728038 238.708333 238.692548 238.675294 238.652816 238.638908 238.625000 238.613243 238.608258 238.603273 238.603273 238.613243 0.000000 238.638908 238.662088 238.683921 238.705370 238.732912 239.373816 239.602735 239.617286 239.633770 239.651310 239.666667 239.687227 239.703214 240.774951 240.869602 243.406425 243.607519 246.458333 248.605962 248.634940 248.664758 248.684544 248.708333 248.739028
0.000000 0.000000 248.693483 248.675605 240.869602 239.612435 238.750000 238.728038 238.708333 238.692548 238.675294 238.648180 238.629636 238.618227 238.603273 238.588318 238.588318 238.588318 238.598288 238.613243 238.634272 238.657452 238.679607 238.701116 238.728038 238.843996 239.602735 239.617286 239.638155 239.655695 239.674891 239.687227 239.707172 0.000000 0.000000 243.406425 246.583333 248.594648 248.617276 248.634940 248.664758 248.693483 248.718565 248.739028
0.000000 0.000000 0.000000 248.708333 248.708333 239.622136 238.854659 238.737787 238.708333 238.688234 238.670980 238.648180 238.629636 238.613243 238.593303 238.576366 238.576366 238.576366 238.583333 238.603273 238.623212 238.648180 238.675294 238.696862 238.728038 238.843996 239.607585 239.617286 239.642540 240.774951 239.683115 239.703214 240.750000 240.822577 0.000000 248.634940 248.634940 248.617276 248.644879 248.654819 248.684544 248.708333 248.718565 248.749259
0.000000 0.000000 0.000000 0.000000 0.000000 241.482504 239.375000 238.742661 238.718289 238.696862 238.670980 238.652816 238.634272 238.613243 238.583333 238.570618 238.559123 238.564870 238.570618 238.588318 238.618227 238.648180 238.675294 238.696862 238.723164 238.843996 239.607585 239.625000 0.000000 0.000000 240.869602 240.822577 240.869602 241.482504 0.000000 0.000000 248.666667 248.664758 248.664758 248.684544 248.702421 248.728796 248.739028 0.000000
0.000000 0.000000 0.000000 0.000000 0.000000 0.000000 239.617286 238.747536 238.728038 238.696862 238.679607 238.657452 238.634272 238.613243 238.583333 238.564870 238.541667 238.541667 238.553375 238.583333 238.618227 238.648180 238.670980 238.696862 238.723164 239.588184 239.612435 0.000000 0.000000 0.000000 0.000000 0.000000 248.634940 248.594648 248.634940 0.000000 248.708333 248.708333 248.702421 248.708333 248.728796 248.739028 0.000000 0.000000
0.000000 0.000000 0.000000 0.000000 0.000000 248.708333 248.664758 239.612435 238.732912 238.713311 0.000000 0.000000 238.638908 238.608258 238.583333 238.564870 238.538749 238.531666 238.541667 238.582114 238.618227 238.643544 238.670980 238.705370 238.728038 0.000000 0.000000 0.000000 0.000000 0.000000 0.000000 0.000000 0.000000 0.000000 248.644879 0.000000 0.000000 0.000000 0.000000 0.000000 0.000000 0.000000 0.000000 0.000000
0.000000 0.000000 0.000000 0.000000 0.000000 0.000000 248.666667 248.617276 239.375000 238.747536 0.000000 0.000000 238.652816 238.618227 238.598288 238.564870 238.531666 238.510417 238.541667 238.582114 238.613243 238.652816 238.679607 238.708333 0.000000 0.000000 0.000000 0.000000 0.000000 0.000000 0.000000 0.000000 0.000000 0.000000 0.000000 0.000000 0.000000 0.000000 0.000000 0.000000 0.000000 0.000000 0.000000 0.000000
0.000000 0.000000 0.000000 0.000000 0.000000 0.000000 248.684544 248.634940 240.869602 240.869602 0.000000 0.000000 238.666667 238.643544 238.613243 238.583333 238.559123 238.553375 238.559123 238.598288 238.634272 238.662088 238.688234 238.723164 0.000000 0.000000 0.000000 0.000000 0.000000 0.000000 0.000000 0.000000 0.000000 0.000000 0.000000 0.000000 0.000000 0.000000 0.000000 0.000000 0.000000 0.000000 0.000000 0.000000
0.000000 0.000000 0.000000 0.000000 0.000000 0.000000 248.684544 248.634940 245.791667 245.782607 0.000000 0.000000 0.000000 0.000000 0.000000 238.618227 238.598288 238.598288 238.603273 238.623212 238.648180 238.679607 238.705370 238.737787 0.000000 0.000000 0.000000 0.000000 0.000000 0.000000 0.000000 0.000000 0.000000 0.000000 0.000000 0.000000 0.000000 0.000000 0.000000 0.000000 0.000000 0.000000 0.000000 0.000000
