test/output/hourly/082_000001_239_source.asc
ncols         20
nrows         25
xllcorner     565800.000000
yllcorner     5763200.000000
cellsize      100.000000
NODATA_value  255.000000
255 255 255 255 255 132 132 4 255 255 255 255 255 255 255 255 255 255 255 255 
255 255 255 255 134 150 132 132 255 255 255 255 255 255 255 255 255 255 255 255 
255 255 255 132 132 132 150 132 20 21 128 4 255 255 4 255 255 255 255 255 
255 255 255 132 134 134 150 148 151 21 128 132 20 20 20 255 255 255 255 255 
255 128 134 132 150 134 150 150 151 151 21 132 20 20 20 255 255 255 255 255 
255 134 134 134 132 134 150 132 148 148 20 132 20 20 16 255 255 255 255 255 
255 130 134 134 134 134 132 134 132 23 17 128 4 16 1 255 255 255 255 255 
255 128 130 134 134 4 128 134 148 148 223 191 20 21 17 255 255 255 255 255 
255 130 166 134 134 132 134 132 132 148 151 149 21 21 93 17 255 255 255 255 
134 130 134 134 134 134 134 134 150 151 149 149 21 21 21 255 255 255 255 255 
130 134 130 130 166 128 134 132 132 132 4 149 21 21 21 21 21 255 255 255 
130 130 130 174 134 134 134 134 128 151 151 149 21 20 21 21 21 21 255 255 
130 174 174 134 174 166 134 134 132 132 4 21 5 17 4 21 21 21 255 255 
2 162 162 174 166 130 134 134 134 150 148 20 21 255 20 21 21 21 85 255 
34 2 162 174 174 130 128 134 134 132 148 20 21 21 21 21 21 85 85 20 
2 170 2 2 162 130 130 134 134 132 150 21 5 21 21 21 85 81 93 21 
255 170 42 170 2 170 174 174 134 134 132 149 21 21 21 93 93 81 81 0 
255 42 170 2 42 42 170 174 166 134 134 21 21 21 93 93 81 81 65 255 
255 255 42 40 255 255 42 2 42 174 134 4 5 85 93 65 65 89 64 255 
255 255 255 8 255 255 42 2 42 42 34 0 9 73 65 73 73 73 255 255 
255 255 255 255 255 255 42 42 42 10 42 72 73 73 73 73 65 73 255 255 
255 255 255 255 255 255 255 255 255 42 42 105 73 73 73 73 73 73 255 255 
255 255 255 255 255 255 255 255 255 42 8 107 73 73 73 65 73 255 255 255 
255 255 255 255 255 255 255 255 34 42 106 43 72 73 73 73 73 255 255 255 
255 255 255 255 255 255 255 34 42 42 40 255 255 255 64 255 255 255 255 255 
