test/output/hourly/084_000001_239_arrival.asc
ncols         13
nrows         17
xllcorner     566400.000000
yllcorner     5763600.000000
cellsize      100.000000
NODATA_value  0.000000
0.000000 0.000000 0.000000 0.000000 0.000000 0.000000 238.832955 238.832955 238.832955 0.000000 0.000000 0.000000 0.000000 
0.000000 0.000000 0.000000 0.000000 0.000000 0.000000 238.808182 238.808182 238.824697 0.000000 0.000000 0.000000 0.000000 
0.000000 0.000000 238.832955 0.000000 0.000000 238.791667 238.791667 238.799924 0.000000 0.000000 0.000000 0.000000 0.000000 
0.000000 0.000000 238.808182 0.000000 0.000000 0.000000 238.780122 0.000000 0.000000 0.000000 0.000000 0.000000 0.000000 
0.000000 0.000000 238.791667 238.786129 238.774115 238.768107 238.762100 238.762100 0.000000 0.000000 0.000000 0.000000 0.000000 
0.000000 238.799924 238.780122 238.774115 238.762100 238.749394 238.749394 238.749394 238.749394 0.000000 0.000000 0.000000 0.000000 
238.808182 238.780122 238.762100 238.750000 238.744315 238.739236 238.734086 238.728935 238.739236 238.744315 238.750000 0.000000 0.000000 
0.000000 238.780122 238.750000 238.739236 238.734086 238.723785 238.718634 238.718634 238.728935 238.734086 238.744315 238.762100 0.000000 
238.791667 238.768107 238.744315 238.723785 238.718634 238.705169 238.708333 238.705169 238.713484 238.723785 238.739236 238.749394 0.000000 
238.791667 238.768107 238.744315 238.718634 238.700891 238.692335 238.696613 0.000000 238.700891 238.718634 238.739236 238.750000 238.780122 
238.791667 238.768107 238.739236 238.713484 238.688057 238.683779 238.683779 238.688057 238.692335 238.718634 238.739236 238.762100 0.000000 
238.824697 238.774115 238.744315 238.688057 238.679501 238.675223 238.675223 238.675223 238.679501 238.723785 238.744315 238.768107 238.791667 
0.000000 238.791667 238.756093 238.679501 238.662610 238.662610 238.662610 238.662610 238.713484 238.728935 238.749394 238.768107 238.786129 
0.000000 0.000000 0.000000 0.000000 238.648765 238.648765 238.648765 238.662610 238.713484 238.728935 238.744315 238.768107 238.786129 
0.000000 0.000000 0.000000 0.000000 238.648765 238.639438 238.644150 238.657995 238.713484 238.734086 238.749394 0.000000 238.791667 
0.000000 0.000000 0.000000 0.000000 0.000000 238.510417 238.639438 238.739236 238.739236 238.749394 238.768107 238.791667 0.000000 
0.000000 0.000000 0.000000 0.000000 0.000000 0.000000 0.000000 0.000000 238.774115 238.780122 238.786129 0.000000 0.000000 
