test/output/hourly/084_000001_239_ros.asc
ncols         13
nrows         17
xllcorner     566400.000000
yllcorner     5763600.000000
cellsize      100.000000
NODATA_value  0.000000
0.000000 0.000000 0.000000 0.000000 0.000000 0.000000 3.246706 3.076776 3.221952 0.000000 0.000000 0.000000 0.000000 
0.000000 0.000000 0.000000 0.000000 0.000000 0.000000 3.263378 3.268654 3.110580 0.000000 0.000000 0.000000 0.000000 
0.000000 0.000000 3.268654 0.000000 0.000000 4.323998 4.558113 2.790583 0.000000 0.000000 0.000000 0.000000 0.000000 
0.000000 0.000000 3.160364 0.000000 0.000000 0.000000 4.351355 0.000000 0.000000 0.000000 0.000000 0.000000 0.000000 
0.000000 0.000000 4.463020 4.462959 4.494275 4.494275 4.458819 4.525962 0.000000 0.000000 0.000000 0.000000 0.000000 
0.000000 3.114271 4.223628 4.431532 4.463013 5.317723 4.986239 5.280513 5.280513 0.000000 0.000000 0.000000 0.000000 
2.868404 3.586629 4.223635 5.243614 5.280624 5.280624 5.122454 5.317915 5.317915 4.232015 4.373330 0.000000 0.000000 
0.000000 4.248580 4.403169 4.726519 5.122454 5.317915 5.306679 5.393200 4.595048 5.243561 4.403112 4.337837 0.000000 
4.181958 4.248580 4.986308 4.890335 5.306679 6.184196 6.227458 6.227452 5.355362 5.243561 3.458213 4.593086 0.000000 
4.273701 4.248580 5.122454 5.207771 6.184196 6.184196 6.184196 0.000000 6.184069 3.923007 3.321843 5.205926 4.428380 
3.592472 3.217305 4.431849 4.749011 6.184196 6.227434 6.227454 6.212980 6.184196 4.749011 3.352477 4.462880 0.000000 
2.632537 3.094474 2.562813 6.227218 6.184196 6.006408 6.227459 6.227377 5.474462 4.890335 3.229693 2.999738 2.896820 
0.000000 3.094481 3.094458 6.256100 5.812360 5.798007 5.812360 5.856238 3.300732 2.932328 5.280590 3.949375 4.443599 
0.000000 0.000000 0.000000 0.000000 5.516457 5.812360 5.050910 5.691434 3.473378 3.473378 4.242579 3.949380 4.097985 
0.000000 0.000000 0.000000 0.000000 4.826232 5.376299 5.771656 5.412873 3.480222 5.139144 4.403256 0.000000 2.874997 
0.000000 0.000000 0.000000 0.000000 0.000000 0.000000 4.396063 2.775099 3.465810 3.321855 2.896822 2.999738 0.000000 
0.000000 0.000000 0.000000 0.000000 0.000000 0.000000 0.000000 0.000000 2.738392 3.113296 2.789604 0.000000 0.000000 
