test/output/hourly/intensity_H_252_2017-09-09.asc
ncols         87
nrows         61
xllcorner     564800.000000
yllcorner     5763100.000000
cellsize      100.000000
NODATA_value  0.000000
[rows 28 to 55 of 61, columns 0 to 62 of 87]
0.000000 0.011905 0.011905 0.011905 0.011905 0.011905 0.011905 0.011905 0.011905 0.011905 0.011905 0.023810 0.035714 0.035714 0.047619 0.083333 0.023810 0.071429 0.011905 0.035714 0.047619 0.059524 0.047619 0.000000 0.000000 0.000000 0.000000 0.000000 0.000000 0.000000 0.000000 0.000000 0.000000 0.000000 0.000000 0.000000 0.000000 0.000000 0.000000 0.000000 0.000000 0.000000 0.000000 0.000000 0.000000 0.000000 0.000000 0.000000 0.000000 0.000000 0.000000 0.000000 0.000000 0.000000 0.000000 0.000000 0.000000 0.000000 0.000000 0.000000 0.000000 0.000000 0.000000
0.000000 0.011905 0.011905 0.011905 0.011905 0.011905 0.011905 0.011905 0.023810 0.011905 0.023810 0.023810 0.035714 0.059524 0.071429 0.083333 0.083333 0.035714 0.011905 0.071429 0.059524 0.035714 0.011905 0.000000 0.000000 0.000000 0.000000 0.000000 0.000000 0.000000 0.000000 0.000000 0.000000 0.000000 0.000000 0.000000 0.000000 0.000000 0.000000 0.000000 0.000000 0.000000 0.000000 0.000000 0.000000 0.000000 0.000000 0.000000 0.000000 0.000000 0.000000 0.000000 0.000000 0.000000 0.000000 0.000000 0.000000 0.000000 0.000000 0.000000 0.000000 0.000000 0.000000
0.011905 0.011905 0.011905 0.011905 0.011905 0.011905 0.011905 0.011905 0.011905 0.011905 0.023810 0.023810 0.035714 0.059524 0.071429 0.059524 0.095238 0.107143 0.107143 0.095238 0.035714 0.000000 0.000000 0.023810 0.047619 0.000000 0.000000 0.000000 0.000000 0.000000 0.000000 0.000000 0.000000 0.000000 0.000000 0.000000 0.000000 0.000000 0.000000 0.000000 0.000000 0.000000 0.000000 0.000000 0.000000 0.000000 0.000000 0.000000 0.000000 0.000000 0.000000 0.000000 0.000000 0.000000 0.000000 0.000000 0.000000 0.000000 0.000000 0.000000 0.000000 0.000000 0.000000
0.011905 0.011905 0.011905 0.011905 0.011905 0.011905 0.011905 0.011905 0.011905 0.023810 0.023810 0.023810 0.059524 0.047619 0.071429 0.083333 0.107143 0.107143 0.023810 0.083333 0.119048 0.000000 0.000000 0.000000 0.000000 0.000000 0.000000 0.000000 0.000000 0.000000 0.000000 0.000000 0.000000 0.000000 0.000000 0.000000 0.000000 0.000000 0.000000 0.000000 0.000000 0.000000 0.000000 0.000000 0.000000 0.000000 0.000000 0.000000 0.000000 0.000000 0.000000 0.000000 0.000000 0.000000 0.000000 0.000000 0.000000 0.000000 0.000000 0.000000 0.000000 0.000000 0.000000
0.011905 0.011905 0.011905 0.011905 0.011905 0.011905 0.011905 0.011905 0.011905 0.023810 0.023810 0.035714 0.035714 0.035714 0.071429 0.083333 0.095238 0.107143 0.059524 0.083333 0.095238 0.119048 0.035714 0.047619 0.047619 0.047619 0.000000 0.000000 0.000000 0.000000 0.000000 0.000000 0.000000 0.000000 0.000000 0.000000 0.000000 0.000000 0.000000 0.000000 0.000000 0.000000 0.000000 0.000000 0.000000 0.000000 0.000000 0.000000 0.000000 0.000000 0.000000 0.000000 0.000000 0.000000 0.000000 0.000000 0.000000 0.000000 0.000000 0.000000 0.000000 0.000000 0.000000
0.011905 0.011905 0.011905 0.011905 0.011905 0.011905 0.011905 0.011905 0.011905 0.011905 0.023810 0.035714 0.035714 0.047619 0.071429 0.083333 0.107143 0.035714 0.011905 0.035714 0.119048 0.095238 0.130952 0.178571 0.238095 0.261905 0.000000 0.273810 0.226190 0.000000 0.071429 0.047619 0.000000 0.000000 0.000000 0.000000 0.000000 0.000000 0.000000 0.000000 0.000000 0.000000 0.000000 0.000000 0.000000 0.000000 0.000000 0.000000 0.000000 0.000000 0.000000 0.000000 0.000000 0.000000 0.000000 0.000000 0.000000 0.000000 0.000000 0.000000 0.000000 0.000000 0.000000
0.011905 0.011905 0.011905 0.011905 0.011905 0.011905 0.011905 0.011905 0.011905 0.011905 0.035714 0.035714 0.047619 0.059524 0.047619 0.095238 0.107143 0.095238 0.071429 0.142857 0.095238 0.071429 0.095238 0.154762 0.250000 0.297619 0.226190 0.250000 0.250000 0.238095 0.202381 0.000000 0.000000 0.000000 0.000000 0.000000 0.000000 0.000000 0.000000 0.000000 0.000000 0.000000 0.000000 0.000000 0.000000 0.000000 0.000000 0.000000 0.000000 0.000000 0.000000 0.000000 0.000000 0.000000 0.000000 0.000000 0.000000 0.000000 0.000000 0.000000 0.000000 0.000000 0.000000
0.011905 0.011905 0.011905 0.011905 0.011905 0.011905 0.011905 0.011905 0.011905 0.023810 0.035714 0.035714 0.047619 0.047619 0.071429 0.059524 0.083333 0.107143 0.130952 0.023810 0.011905 0.047619 0.047619 0.178571 0.285714 0.297619 0.273810 0.250000 0.250000 0.226190 0.214286 0.190476 0.178571 0.000000 0.000000 0.000000 0.000000 0.000000 0.000000 0.000000 0.000000 0.000000 0.000000 0.000000 0.000000 0.000000 0.000000 0.000000 0.000000 0.000000 0.000000 0.000000 0.000000 0.000000 0.000000 0.000000 0.000000 0.000000 0.000000 0.000000 0.011905 0.011905 0.011905
0.011905 0.011905 0.011905 0.011905 0.011905 0.011905 0.011905 0.011905 0.023810 0.035714 0.023810 0.035714 0.023810 0.047619 0.059524 0.071429 0.071429 0.107143 0.000000 0.023810 0.000000 0.000000 0.035714 0.107143 0.321429 0.321429 0.261905 0.250000 0.214286 0.154762 0.130952 0.130952 0.000000 0.000000 0.000000 0.000000 0.000000 0.000000 0.000000 0.000000 0.000000 0.000000 0.000000 0.000000 0.000000 0.000000 0.000000 0.000000 0.000000 0.000000 0.000000 0.000000 0.000000 0.000000 0.000000 0.000000 0.000000 0.000000 0.023810 0.000000 0.000000 0.000000 0.000000
0.011905 0.011905 0.011905 0.011905 0.011905 0.011905 0.023810 0.023810 0.035714 0.023810 0.059524 0.023810 0.000000 0.047619 0.071429 0.107143 0.107143 0.107143 0.154762 0.154762 0.011905 0.023810 0.000000 0.023810 0.297619 0.321429 0.309524 0.261905 0.154762 0.119048 0.095238 0.083333 0.011905 0.000000 0.000000 0.000000 0.000000 0.000000 0.000000 0.000000 0.000000 0.035714 0.047619 0.035714 0.059524 0.000000 0.000000 0.000000 0.000000 0.000000 0.000000 0.000000 0.000000 0.000000 0.000000 0.000000 0.000000 0.000000 0.035714 0.000000 0.000000 0.000000 0.000000
0.000000 0.011905 0.011905 0.011905 0.011905 0.011905 0.023810 0.023810 0.011905 0.023810 0.035714 0.023810 0.000000 0.047619 0.083333 0.095238 0.083333 0.095238 0.142857 0.000000 0.023810 0.250000 0.011905 0.285714 0.285714 0.321429 0.297619 0.250000 0.023810 0.000000 0.000000 0.000000 0.000000 0.000000 0.000000 0.000000 0.000000 0.000000 0.000000 0.000000 0.000000 0.035714 0.047619 0.059524 0.000000 0.000000 0.000000 0.000000 0.000000 0.000000 0.000000 0.000000 0.000000 0.000000 0.000000 0.000000 0.000000 0.035714 0.035714 0.000000 0.000000 0.000000 0.035714
0.000000 0.011905 0.011905 0.000000 0.011905 0.023810 0.023810 0.023810 0.011905 0.011905 0.023810 0.023810 0.023810 0.047619 0.059524 0.095238 0.083333 0.107143 0.166667 0.047619 0.023810 0.261905 0.321429 0.285714 0.285714 0.273810 0.285714 0.238095 0.000000 0.000000 0.000000 0.000000 0.000000 0.000000 0.000000 0.000000 0.000000 0.000000 0.000000 0.000000 0.000000 0.000000 0.059524 0.083333 0.035714 0.000000 0.000000 0.000000 0.000000 0.000000 0.000000 0.023810 0.023810 0.035714 0.035714 0.035714 0.035714 0.035714 0.035714 0.035714 0.035714 0.035714 0.035714
0.000000 0.000000 0.011905 0.011905 0.011905 0.023810 0.011905 0.023810 0.011905 0.011905 0.000000 0.023810 0.047619 0.059524 0.059524 0.095238 0.107143 0.190476 0.226190 0.238095 0.214286 0.297619 0.357143 0.333333 0.261905 0.154762 0.250000 0.142857 0.000000 0.000000 0.000000 0.000000 0.000000 0.000000 0.000000 0.000000 0.000000 0.000000 0.000000 0.000000 0.000000 0.000000 0.095238 0.071429 0.059524 0.000000 0.059524 0.035714 0.047619 0.047619 0.035714 0.059524 0.047619 0.035714 0.035714 0.035714 0.035714 0.047619 0.035714 0.035714 0.035714 0.035714 0.035714
0.000000 0.000000 0.000000 0.011905 0.011905 0.023810 0.023810 0.011905 0.023810 0.000000 0.011905 0.035714 0.035714 0.059524 0.083333 0.107143 0.095238 0.154762 0.226190 0.226190 0.226190 0.214286 0.392857 0.333333 0.047619 0.000000 0.071429 0.107143 0.000000 0.000000 0.000000 0.000000 0.000000 0.000000 0.000000 0.000000 0.000000 0.000000 0.000000 0.000000 0.000000 0.071429 0.095238 0.035714 0.059524 0.071429 0.035714 0.047619 0.047619 0.059524 0.059524 0.035714 0.035714 0.035714 0.035714 0.035714 0.035714 0.035714 0.035714 0.035714 0.035714 0.035714 0.035714
0.000000 0.000000 0.000000 0.000000 0.000000 0.023810 0.023810 0.011905 0.023810 0.000000 0.000000 0.035714 0.035714 0.047619 0.107143 0.095238 0.107143 0.119048 0.214286 0.250000 0.047619 0.000000 0.357143 0.047619 0.000000 0.000000 0.000000 0.047619 0.000000 0.000000 0.000000 0.000000 0.000000 0.000000 0.000000 0.000000 0.214286 0.000000 0.000000 0.000000 0.000000 0.107143 0.095238 0.000000 0.035714 0.035714 0.059524 0.059524 0.071429 0.071429 0.059524 0.035714 0.047619 0.035714 0.035714 0.035714 0.035714 0.035714 0.035714 0.035714 0.035714 0.035714 0.035714
0.000000 0.000000 0.000000 0.000000 0.000000 0.000000 0.011905 0.000000 0.000000 0.011905 0.023810 0.035714 0.035714 0.047619 0.107143 0.119048 0.130952 0.166667 0.226190 0.250000 0.297619 0.333333 0.404762 0.416667 0.035714 0.071429 0.000000 0.000000 0.000000 0.000000 0.000000 0.000000 0.000000 0.000000 0.000000 0.226190 0.226190 0.000000 0.000000 0.000000 0.083333 0.107143 0.047619 0.011905 0.023810 0.047619 0.059524 0.083333 0.071429 0.071429 0.035714 0.047619 0.035714 0.035714 0.035714 0.035714 0.035714 0.035714 0.035714 0.035714 0.035714 0.035714 0.035714
0.000000 0.000000 0.000000 0.000000 0.000000 0.011905 0.000000 0.000000 0.011905 0.011905 0.011905 0.035714 0.047619 0.059524 0.095238 0.130952 0.166667 0.178571 0.226190 0.261905 0.297619 0.345238 0.404762 0.452381 0.416667 0.000000 0.000000 0.000000 0.000000 0.000000 0.000000 0.000000 0.000000 0.000000 0.238095 0.226190 0.226190 0.000000 0.000000 0.000000 0.166667 0.000000 0.000000 0.023810 0.035714 0.083333 0.071429 0.071429 0.059524 0.059524 0.047619 0.047619 0.035714 0.035714 0.035714 0.035714 0.035714 0.035714 0.035714 0.035714 0.035714 0.035714 0.035714
0.000000 0.000000 0.000000 0.000000 0.000000 0.000000 0.000000 0.000000 0.011905 0.011905 0.023810 0.035714 0.047619 0.083333 0.059524 0.130952 0.119048 0.166667 0.226190 0.285714 0.309524 0.380952 0.404762 0.452381 0.464286 0.452381 0.452381 0.000000 0.000000 0.000000 0.000000 0.000000 0.261905 0.250000 0.226190 0.238095 0.000000 0.000000 0.107143 0.095238 0.142857 0.000000 0.000000 0.000000 0.071429 0.035714 0.059524 0.047619 0.059524 0.059524 0.035714 0.035714 0.035714 0.035714 0.035714 0.035714 0.035714 0.035714 0.035714 0.035714 0.035714 0.035714 0.035714
0.000000 0.000000 0.000000 0.000000 0.000000 0.000000 0.011905 0.000000 0.000000 0.011905 0.011905 0.023810 0.059524 0.071429 0.047619 0.095238 0.166667 0.190476 0.238095 0.273810 0.297619 0.392857 0.392857 0.416667 0.357143 0.452381 0.404762 0.380952 0.000000 0.000000 0.000000 0.250000 0.250000 0.214286 0.202381 0.000000 0.000000 0.178571 0.166667 0.130952 0.107143 0.071429 0.095238 0.071429 0.059524 0.035714 0.035714 0.059524 0.035714 0.035714 0.035714 0.035714 0.035714 0.035714 0.035714 0.035714 0.035714 0.035714 0.035714 0.035714 0.023810 0.023810 0.023810
0.000000 0.000000 0.000000 0.000000 0.000000 0.000000 0.011905 0.000000 0.000000 0.000000 0.023810 0.023810 0.071429 0.059524 0.071429 0.095238 0.154762 0.178571 0.202381 0.238095 0.345238 0.392857 0.380952 0.392857 0.428571 0.380952 0.369048 0.369048 0.000000 0.000000 0.250000 0.250000 0.238095 0.238095 0.226190 0.190476 0.226190 0.166667 0.142857 0.119048 0.071429 0.071429 0.095238 0.083333 0.059524 0.035714 0.011905 0.023810 0.023810 0.023810 0.023810 0.023810 0.023810 0.023810 0.023810 0.023810 0.023810 0.023810 0.023810 0.023810 0.023810 0.023810 0.023810
0.000000 0.000000 0.000000 0.000000 0.000000 0.000000 0.011905 0.011905 0.000000 0.000000 0.011905 0.035714 0.035714 0.083333 0.083333 0.107143 0.142857 0.190476 0.202381 0.285714 0.357143 0.416667 0.416667 0.000000 0.404762 0.321429 0.285714 0.333333 0.309524 0.202381 0.297619 0.238095 0.250000 0.214286 0.238095 0.226190 0.202381 0.107143 0.107143 0.071429 0.047619 0.059524 0.047619 0.035714 0.023810 0.023810 0.035714 0.023810 0.023810 0.023810 0.023810 0.023810 0.023810 0.023810 0.023810 0.023810 0.023810 0.023810 0.023810 0.023810 0.023810 0.023810 0.023810
0.000000 0.000000 0.000000 0.000000 0.000000 0.000000 0.011905 0.000000 0.000000 0.000000 0.000000 0.011905 0.059524 0.071429 0.059524 0.119048 0.119048 0.154762 0.190476 0.285714 0.380952 0.392857 0.416667 0.380952 0.464286 0.369048 0.261905 0.297619 0.190476 0.309524 0.309524 0.250000 0.178571 0.190476 0.202381 0.202381 0.190476 0.047619 0.000000 0.047619 0.035714 0.011905 0.011905 0.011905 0.011905 0.011905 0.011905 0.011905 0.011905 0.011905 0.011905 0.011905 0.023810 0.023810 0.023810 0.023810 0.023810 0.023810 0.023810 0.023810 0.023810 0.011905 0.011905
0.000000 0.000000 0.000000 0.000000 0.000000 0.000000 0.011905 0.000000 0.000000 0.000000 0.000000 0.011905 0.023810 0.035714 0.035714 0.095238 0.083333 0.083333 0.226190 0.202381 0.345238 0.357143 0.369048 0.404762 0.416667 0.369048 0.202381 0.238095 0.214286 0.285714 0.261905 0.202381 0.130952 0.023810 0.011905 0.011905 0.000000 0.035714 0.000000 0.011905 0.011905 0.011905 0.011905 0.011905 0.011905 0.011905 0.011905 0.011905 0.011905 0.011905 0.011905 0.011905 0.011905 0.011905 0.011905 0.011905 0.011905 0.011905 0.011905 0.011905 0.011905 0.000000 0.000000
0.000000 0.000000 0.000000 0.000000 0.000000 0.000000 0.000000 0.000000 0.000000 0.000000 0.000000 0.023810 0.023810 0.035714 0.011905 0.023810 0.047619 0.095238 0.107143 0.238095 0.380952 0.416667 0.416667 0.464286 0.357143 0.214286 0.226190 0.250000 0.238095 0.250000 0.202381 0.119048 0.000000 0.000000 0.000000 0.000000 0.011905 0.023810 0.035714 0.000000 0.000000 0.011905 0.011905 0.011905 0.011905 0.011905 0.011905 0.011905 0.000000 0.011905 0.011905 0.011905 0.011905 0.011905 0.011905 0.011905 0.011905 0.000000 0.000000 0.000000 0.000000 0.000000 0.000000
0.000000 0.000000 0.000000 0.000000 0.000000 0.000000 0.000000 0.000000 0.000000 0.000000 0.000000 0.000000 0.000000 0.000000 0.000000 0.011905 0.047619 0.035714 0.047619 0.166667 0.285714 0.392857 0.440476 0.392857 0.261905 0.261905 0.214286 0.178571 0.154762 0.178571 0.142857 0.000000 0.000000 0.000000 0.000000 0.000000 0.000000 0.000000 0.000000 0.000000 0.000000 0.000000 0.000000 0.000000 0.000000 0.000000 0.000000 0.000000 0.000000 0.000000 0.000000 0.000000 0.000000 0.000000 0.000000 0.000000 0.000000 0.000000 0.000000 0.000000 0.000000 0.000000 0.000000
0.000000 0.000000 0.000000 0.000000 0.000000 0.000000 0.000000 0.000000 0.000000 0.000000 0.000000 0.000000 0.000000 0.000000 0.000000 0.000000 0.035714 0.011905 0.047619 0.071429 0.190476 0.464286 0.309524 0.273810 0.119048 0.154762 0.142857 0.047619 0.035714 0.000000 0.000000 0.000000 0.000000 0.000000 0.000000 0.000000 0.000000 0.000000 0.000000 0.000000 0.000000 0.000000 0.000000 0.000000 0.000000 0.000000 0.000000 0.000000 0.000000 0.000000 0.000000 0.000000 0.000000 0.000000 0.000000 0.000000 0.000000 0.000000 0.000000 0.000000 0.000000 0.000000 0.000000
0.000000 0.000000 0.000000 0.000000 0.000000 0.000000 0.000000 0.000000 0.000000 0.000000 0.000000 0.000000 0.000000 0.000000 0.000000 0.000000 0.047619 0.000000 0.023810 0.035714 0.023810 0.000000 0.130952 0.119048 0.095238 0.035714 0.047619 0.083333 0.000000 0.000000 0.000000 0.000000 0.000000 0.000000 0.000000 0.000000 0.000000 0.000000 0.011905 0.000000 0.000000 0.000000 0.000000 0.000000 0.000000 0.000000 0.000000 0.000000 0.000000 0.000000 0.000000 0.000000 0.000000 0.000000 0.000000 0.000000 0.000000 0.000000 0.000000 0.000000 0.000000 0.000000 0.000000
0.000000 0.000000 0.000000 0.000000 0.000000 0.000000 0.000000 0.000000 0.000000 0.000000 0.000000 0.000000 0.000000 0.000000 0.000000 0.000000 0.000000 0.023810 0.011905 0.035714 0.000000 0.000000 0.000000 0.023810 0.047619 0.095238 0.035714 0.000000 0.000000 0.000000 0.000000 0.000000 0.000000 0.000000 0.000000 0.000000 0.011905 0.011905 0.000000 0.000000 0.000000 0.000000 0.000000 0.000000 0.000000 0.000000 0.000000 0.000000 0.000000 0.000000 0.000000 0.000000 0.000000 0.000000 0.000000 0.000000 0.000000 0.000000 0.000000 0.000000 0.000000 0.000000 0.000000
