test/output/hourly/probability_239_2017-08-27.asc
ncols         26
nrows         38
xllcorner     565500.000000
yllcorner     5763100.000000
cellsize      100.000000
NODATA_value  0.000000
0.000000 0.000000 0.000000 0.000000 0.000000 0.000000 0.011905 0.023810 0.023810 0.023810 0.000000 0.000000 0.000000 0.000000 0.000000 0.000000 0.000000 0.000000 0.000000 0.000000 0.000000 0.000000 0.000000 0.000000 0.000000 0.000000 
0.000000 0.000000 0.000000 0.000000 0.000000 0.011905 0.023810 0.023810 0.023810 0.023810 0.011905 0.000000 0.000000 0.000000 0.000000 0.000000 0.000000 0.000000 0.000000 0.000000 0.000000 0.000000 0.000000 0.000000 0.000000 0.000000 
0.000000 0.000000 0.000000 0.000000 0.011905 0.023810 0.023810 0.023810 0.023810 0.011905 0.000000 0.000000 0.000000 0.000000 0.000000 0.000000 0.000000 0.000000 0.000000 0.000000 0.000000 0.000000 0.000000 0.000000 0.000000 0.000000 
0.000000 0.000000 0.000000 0.011905 0.023810 0.023810 0.023810 0.023810 0.023810 0.000000 0.011905 0.011905 0.023810 0.000000 0.000000 0.000000 0.000000 0.000000 0.000000 0.000000 0.000000 0.000000 0.000000 0.000000 0.000000 0.000000 
0.000000 0.000000 0.011905 0.023810 0.023810 0.023810 0.023810 0.023810 0.011905 0.023810 0.023810 0.023810 0.023810 0.011905 0.000000 0.000000 0.000000 0.000000 0.000000 0.000000 0.000000 0.000000 0.000000 0.000000 0.000000 0.000000 
0.000000 0.000000 0.011905 0.023810 0.023810 0.023810 0.023810 0.023810 0.023810 0.011905 0.023810 0.023810 0.023810 0.011905 0.011905 0.011905 0.000000 0.000000 0.000000 0.000000 0.000000 0.000000 0.000000 0.000000 0.000000 0.000000 
0.000000 0.000000 0.023810 0.023810 0.023810 0.023810 0.023810 0.023810 0.023810 0.023810 0.011905 0.011905 0.011905 0.011905 0.011905 0.000000 0.000000 0.000000 0.000000 0.000000 0.000000 0.000000 0.000000 0.000000 0.000000 0.000000 
0.000000 0.011905 0.023810 0.023810 0.023810 0.023810 0.023810 0.023810 0.023810 0.023810 0.023810 0.023810 0.023810 0.011905 0.000000 0.011905 0.011905 0.011905 0.000000 0.000000 0.000000 0.000000 0.000000 0.000000 0.000000 0.000000 
0.000000 0.023810 0.023810 0.023810 0.023810 0.023810 0.023810 0.023810 0.023810 0.023810 0.023810 0.011905 0.023810 0.023810 0.000000 0.011905 0.011905 0.011905 0.011905 0.000000 0.000000 0.000000 0.000000 0.000000 0.000000 0.000000 
0.000000 0.023810 0.023810 0.023810 0.023810 0.023810 0.023810 0.023810 0.023810 0.023810 0.023810 0.023810 0.023810 0.023810 0.023810 0.011905 0.023810 0.023810 0.023810 0.000000 0.000000 0.000000 0.000000 0.000000 0.000000 0.000000 
0.000000 0.023810 0.023810 0.023810 0.023810 0.023810 0.023810 0.023810 0.023810 0.023810 0.011905 0.011905 0.011905 0.023810 0.023810 0.023810 0.023810 0.023810 0.023810 0.000000 0.023810 0.023810 0.000000 0.011905 0.000000 0.000000 
0.011905 0.023810 0.023810 0.023810 0.023810 0.023810 0.023810 0.023810 0.023810 0.023810 0.035714 0.023810 0.023810 0.023810 0.023810 0.023810 0.023810 0.023810 0.023810 0.023810 0.023810 0.023810 0.023810 0.011905 0.000000 0.000000 
0.023810 0.023810 0.023810 0.023810 0.023810 0.023810 0.023810 0.023810 0.047619 0.047619 0.047619 0.035714 0.011905 0.023810 0.023810 0.023810 0.023810 0.023810 0.035714 0.023810 0.023810 0.023810 0.023810 0.011905 0.011905 0.000000 
0.023810 0.023810 0.023810 0.023810 0.023810 0.023810 0.023810 0.035714 0.047619 0.047619 0.059524 0.023810 0.011905 0.000000 0.011905 0.035714 0.071429 0.059524 0.035714 0.023810 0.023810 0.023810 0.023810 0.011905 0.011905 0.000000 
0.023810 0.023810 0.023810 0.023810 0.023810 0.023810 0.035714 0.047619 0.059524 0.059524 0.083333 0.095238 0.083333 0.023810 0.023810 0.000000 0.011905 0.095238 0.059524 0.035714 0.023810 0.023810 0.023810 0.011905 0.011905 0.000000 
0.023810 0.023810 0.023810 0.023810 0.011905 0.011905 0.035714 0.047619 0.071429 0.095238 0.095238 0.107143 0.023810 0.035714 0.119048 0.035714 0.107143 0.095238 0.071429 0.047619 0.023810 0.000000 0.000000 0.000000 0.000000 0.000000 
0.023810 0.023810 0.023810 0.023810 0.035714 0.023810 0.035714 0.059524 0.095238 0.107143 0.107143 0.119048 0.071429 0.035714 0.142857 0.142857 0.142857 0.119048 0.083333 0.047619 0.023810 0.000000 0.000000 0.000000 0.000000 0.000000 
0.023810 0.023810 0.023810 0.011905 0.035714 0.035714 0.047619 0.083333 0.107143 0.107143 0.130952 0.130952 0.142857 0.142857 0.142857 0.154762 0.154762 0.119048 0.071429 0.047619 0.023810 0.000000 0.000000 0.000000 0.000000 0.000000 
0.000000 0.023810 0.023810 0.023810 0.035714 0.035714 0.047619 0.083333 0.095238 0.119048 0.130952 0.142857 0.130952 0.142857 0.154762 0.154762 0.154762 0.071429 0.047619 0.047619 0.023810 0.011905 0.000000 0.000000 0.000000 0.000000 
0.000000 0.023810 0.011905 0.023810 0.035714 0.047619 0.071429 0.107143 0.107143 0.130952 0.095238 0.154762 0.142857 0.035714 0.035714 0.154762 0.071429 0.071429 0.011905 0.011905 0.011905 0.000000 0.000000 0.000000 0.000000 0.000000 
0.000000 0.000000 0.011905 0.023810 0.035714 0.047619 0.071429 0.107143 0.107143 0.095238 0.130952 0.166667 0.166667 0.166667 0.178571 0.178571 0.166667 0.035714 0.035714 0.000000 0.000000 0.000000 0.000000 0.000000 0.000000 0.000000 
0.000000 0.023810 0.011905 0.035714 0.047619 0.047619 0.083333 0.095238 0.107143 0.107143 0.166667 0.178571 0.202381 0.202381 0.202381 0.202381 0.178571 0.154762 0.000000 0.000000 0.000000 0.000000 0.000000 0.000000 0.000000 0.000000 
0.000000 0.023810 0.023810 0.035714 0.047619 0.059524 0.095238 0.095238 0.107143 0.130952 0.154762 0.226190 0.238095 0.226190 0.226190 0.226190 0.226190 0.142857 0.142857 0.142857 0.000000 0.000000 0.000000 0.000000 0.000000 0.000000 
0.000000 0.000000 0.023810 0.035714 0.047619 0.071429 0.095238 0.095238 0.095238 0.130952 0.178571 0.214286 0.238095 0.226190 0.226190 0.250000 0.226190 0.154762 0.154762 0.142857 0.119048 0.000000 0.000000 0.000000 0.011905 0.000000 
0.000000 0.000000 0.023810 0.035714 0.047619 0.071429 0.071429 0.083333 0.107143 0.154762 0.166667 0.178571 0.250000 0.250000 0.250000 0.226190 0.214286 0.154762 0.142857 0.142857 0.119048 0.000000 0.000000 0.047619 0.023810 0.011905 
0.000000 0.000000 0.000000 0.035714 0.059524 0.071429 0.071429 0.095238 0.107143 0.166667 0.166667 0.178571 0.261905 0.273810 0.273810 0.261905 0.000000 0.154762 0.142857 0.142857 0.119048 0.119048 0.035714 0.047619 0.023810 0.011905 
0.000000 0.000000 0.000000 0.023810 0.047619 0.059524 0.059524 0.071429 0.107143 0.166667 0.166667 0.190476 0.250000 0.309524 0.321429 0.273810 0.190476 0.166667 0.142857 0.142857 0.130952 0.059524 0.059524 0.047619 0.023810 0.011905 
0.000000 0.000000 0.000000 0.011905 0.047619 0.059524 0.059524 0.071429 0.130952 0.166667 0.166667 0.202381 0.273810 0.321429 0.333333 0.285714 0.226190 0.166667 0.154762 0.130952 0.107143 0.083333 0.059524 0.035714 0.023810 0.011905 
0.000000 0.000000 0.000000 0.000000 0.035714 0.059524 0.059524 0.071429 0.083333 0.095238 0.154762 0.190476 0.250000 0.392857 0.392857 0.309524 0.226190 0.154762 0.142857 0.107143 0.095238 0.083333 0.059524 0.035714 0.023810 0.000000 
0.000000 0.000000 0.000000 0.000000 0.035714 0.047619 0.047619 0.059524 0.083333 0.095238 0.107143 0.142857 0.202381 0.369048 0.428571 0.309524 0.202381 0.166667 0.130952 0.107143 0.095238 0.083333 0.035714 0.035714 0.000000 0.000000 
0.000000 0.000000 0.000000 0.000000 0.011905 0.047619 0.047619 0.000000 0.000000 0.095238 0.095238 0.119048 0.154762 0.261905 0.428571 0.226190 0.178571 0.142857 0.119048 0.107143 0.047619 0.071429 0.000000 0.000000 0.000000 0.000000 
0.000000 0.000000 0.000000 0.000000 0.000000 0.011905 0.023810 0.000000 0.000000 0.083333 0.095238 0.107143 0.130952 0.154762 1.000000 0.178571 0.142857 0.119048 0.107143 0.083333 0.083333 0.000000 0.000000 0.000000 0.000000 0.000000 
0.000000 0.000000 0.000000 0.000000 0.000000 0.000000 0.000000 0.000000 0.000000 0.071429 0.083333 0.107143 0.119048 0.130952 0.119048 0.119048 0.119048 0.119048 0.107143 0.083333 0.035714 0.000000 0.000000 0.000000 0.000000 0.000000 
0.000000 0.000000 0.000000 0.000000 0.000000 0.000000 0.000000 0.000000 0.000000 0.000000 0.000000 0.000000 0.107143 0.095238 0.107143 0.107143 0.107143 0.095238 0.083333 0.059524 0.047619 0.000000 0.000000 0.000000 0.000000 0.000000 
0.000000 0.000000 0.000000 0.000000 0.000000 0.000000 0.000000 0.000000 0.000000 0.000000 0.000000 0.000000 0.083333 0.083333 0.083333 0.083333 0.071429 0.071429 0.059524 0.047619 0.000000 0.011905 0.000000 0.000000 0.000000 0.000000 
0.000000 0.000000 0.000000 0.000000 0.000000 0.000000 0.000000 0.000000 0.000000 0.000000 0.000000 0.059524 0.071429 0.071429 0.071429 0.071429 0.071429 0.035714 0.047619 0.011905 0.000000 0.000000 0.000000 0.000000 0.000000 0.000000 
0.000000 0.000000 0.000000 0.000000 0.000000 0.000000 0.000000 0.000000 0.000000 0.000000 0.023810 0.023810 0.023810 0.023810 0.000000 0.000000 0.000000 0.023810 0.000000 0.000000 0.000000 0.000000 0.000000 0.000000 0.000000 0.000000 
0.000000 0.000000 0.000000 0.000000 0.000000 0.000000 0.000000 0.000000 0.000000 0.000000 0.011905 0.011905 0.011905 0.000000 0.000000 0.000000 0.000000 0.000000 0.000000 0.000000 0.000000 0.000000 0.000000 0.000000 0.000000 0.000000 
