test/output/hourly/probability_252_2017-09-09.asc
ncols         94
nrows         67
xllcorner     564600.000000
yllcorner     5762600.000000
cellsize      100.000000
NODATA_value  0.000000
[rows 28 to 55 of 67, columns 0 to 62 of 94]
0.000000 0.000000 0.011905 0.011905 0.011905 0.011905 0.011905 0.011905 0.011905 0.011905 0.011905 0.059524 0.071429 0.083333 0.083333 0.083333 0.083333 0.071429 0.095238 0.095238 0.095238 0.095238 0.095238 0.083333 0.071429 0.047619 0.047619 0.011905 0.000000 0.000000 0.000000 0.000000 0.000000 0.000000 0.000000 0.000000 0.000000 0.000000 0.000000 0.000000 0.000000 0.000000 0.000000 0.000000 0.000000 0.000000 0.000000 0.000000 0.000000 0.000000 0.000000 0.000000 0.000000 0.000000 0.000000 0.000000 0.000000 0.000000 0.000000 0.000000 0.000000 0.000000 0.000000
0.000000 0.011905 0.011905 0.011905 0.011905 0.011905 0.011905 0.011905 0.011905 0.011905 0.011905 0.047619 0.071429 0.083333 0.083333 0.083333 0.083333 0.107143 0.083333 0.095238 0.095238 0.095238 0.095238 0.095238 0.083333 0.059524 0.047619 0.000000 0.000000 0.000000 0.000000 0.000000 0.000000 0.000000 0.000000 0.000000 0.000000 0.000000 0.000000 0.000000 0.000000 0.000000 0.000000 0.000000 0.000000 0.000000 0.000000 0.000000 0.000000 0.000000 0.000000 0.000000 0.000000 0.000000 0.000000 0.000000 0.000000 0.000000 0.000000 0.000000 0.000000 0.000000 0.000000
0.000000 0.011905 0.011905 0.011905 0.011905 0.011905 0.011905 0.011905 0.011905 0.011905 0.047619 0.047619 0.071429 0.083333 0.083333 0.083333 0.083333 0.107143 0.119048 0.095238 0.095238 0.095238 0.095238 0.071429 0.071429 0.000000 0.023810 0.000000 0.011905 0.000000 0.000000 0.000000 0.000000 0.000000 0.000000 0.000000 0.000000 0.000000 0.000000 0.000000 0.000000 0.000000 0.000000 0.000000 0.000000 0.000000 0.000000 0.000000 0.000000 0.000000 0.000000 0.000000 0.000000 0.000000 0.000000 0.000000 0.000000 0.000000 0.000000 0.000000 0.000000 0.000000 0.000000
0.011905 0.011905 0.011905 0.011905 0.011905 0.011905 0.011905 0.011905 0.011905 0.023810 0.047619 0.059524 0.071429 0.083333 0.083333 0.083333 0.083333 0.107143 0.119048 0.119048 0.130952 0.142857 0.095238 0.000000 0.083333 0.083333 0.071429 0.023810 0.000000 0.000000 0.000000 0.000000 0.000000 0.000000 0.000000 0.000000 0.000000 0.000000 0.000000 0.000000 0.000000 0.000000 0.000000 0.000000 0.000000 0.000000 0.000000 0.000000 0.000000 0.000000 0.000000 0.000000 0.000000 0.000000 0.000000 0.000000 0.000000 0.000000 0.000000 0.000000 0.000000 0.000000 0.000000
0.011905 0.011905 0.011905 0.011905 0.011905 0.011905 0.011905 0.011905 0.011905 0.023810 0.047619 0.059524 0.071429 0.083333 0.083333 0.083333 0.083333 0.119048 0.119048 0.119048 0.095238 0.142857 0.166667 0.000000 0.107143 0.130952 0.095238 0.095238 0.095238 0.000000 0.000000 0.000000 0.000000 0.000000 0.000000 0.000000 0.000000 0.000000 0.000000 0.000000 0.000000 0.000000 0.000000 0.000000 0.000000 0.000000 0.000000 0.000000 0.000000 0.000000 0.000000 0.000000 0.000000 0.000000 0.000000 0.000000 0.000000 0.000000 0.000000 0.000000 0.000000 0.000000 0.000000
0.011905 0.011905 0.011905 0.011905 0.011905 0.011905 0.011905 0.011905 0.023810 0.023810 0.047619 0.071429 0.071429 0.071429 0.083333 0.083333 0.083333 0.119048 0.119048 0.119048 0.130952 0.142857 0.166667 0.178571 0.130952 0.202381 0.226190 0.226190 0.000000 0.000000 0.000000 0.000000 0.000000 0.000000 0.000000 0.000000 0.000000 0.000000 0.000000 0.000000 0.000000 0.000000 0.000000 0.000000 0.000000 0.000000 0.000000 0.000000 0.000000 0.000000 0.000000 0.000000 0.000000 0.000000 0.000000 0.000000 0.000000 0.000000 0.000000 0.000000 0.000000 0.000000 0.000000
0.011905 0.011905 0.011905 0.011905 0.011905 0.011905 0.011905 0.011905 0.023810 0.035714 0.047619 0.071429 0.071429 0.071429 0.071429 0.083333 0.083333 0.130952 0.142857 0.107143 0.107143 0.119048 0.178571 0.166667 0.214286 0.273810 0.297619 0.321429 0.000000 0.309524 0.297619 0.000000 0.190476 0.166667 0.000000 0.000000 0.000000 0.000000 0.000000 0.000000 0.000000 0.000000 0.000000 0.000000 0.000000 0.000000 0.000000 0.000000 0.000000 0.000000 0.000000 0.000000 0.000000 0.000000 0.000000 0.000000 0.000000 0.000000 0.000000 0.000000 0.000000 0.000000 0.000000
0.011905 0.011905 0.011905 0.011905 0.011905 0.011905 0.011905 0.011905 0.023810 0.047619 0.047619 0.071429 0.071429 0.071429 0.071429 0.071429 0.095238 0.142857 0.178571 0.178571 0.154762 0.166667 0.178571 0.178571 0.238095 0.273810 0.309524 0.333333 0.345238 0.333333 0.297619 0.285714 0.250000 0.000000 0.000000 0.000000 0.000000 0.000000 0.000000 0.000000 0.000000 0.000000 0.000000 0.000000 0.000000 0.000000 0.000000 0.000000 0.000000 0.000000 0.000000 0.000000 0.000000 0.000000 0.000000 0.000000 0.000000 0.000000 0.000000 0.000000 0.000000 0.000000 0.000000
0.011905 0.011905 0.011905 0.011905 0.011905 0.011905 0.011905 0.011905 0.023810 0.047619 0.047619 0.071429 0.071429 0.071429 0.071429 0.083333 0.119048 0.142857 0.190476 0.202381 0.202381 0.119048 0.142857 0.178571 0.238095 0.309524 0.369048 0.357143 0.345238 0.333333 0.321429 0.297619 0.250000 0.238095 0.238095 0.000000 0.000000 0.000000 0.000000 0.000000 0.000000 0.000000 0.000000 0.000000 0.000000 0.000000 0.000000 0.000000 0.000000 0.000000 0.000000 0.000000 0.000000 0.000000 0.000000 0.000000 0.000000 0.000000 0.000000 0.000000 0.000000 0.011905 0.011905
0.011905 0.011905 0.011905 0.011905 0.011905 0.011905 0.011905 0.023810 0.035714 0.047619 0.059524 0.071429 0.071429 0.071429 0.071429 0.083333 0.142857 0.166667 0.202381 0.226190 0.190476 0.119048 0.000000 0.095238 0.238095 0.357143 0.404762 0.380952 0.369048 0.333333 0.309524 0.273810 0.261905 0.250000 0.000000 0.000000 0.000000 0.000000 0.000000 0.000000 0.000000 0.000000 0.000000 0.047619 0.000000 0.000000 0.000000 0.000000 0.000000 0.000000 0.000000 0.000000 0.000000 0.000000 0.000000 0.000000 0.000000 0.000000 0.000000 0.000000 0.035714 0.011905 0.011905
0.011905 0.011905 0.011905 0.011905 0.011905 0.011905 0.011905 0.023810 0.047619 0.059524 0.059524 0.071429 0.071429 0.071429 0.071429 0.095238 0.154762 0.202381 0.214286 0.226190 0.238095 0.238095 0.154762 0.178571 0.000000 0.190476 0.416667 0.404762 0.380952 0.345238 0.285714 0.273810 0.250000 0.250000 0.142857 0.000000 0.000000 0.000000 0.000000 0.000000 0.000000 0.000000 0.047619 0.083333 0.083333 0.083333 0.083333 0.000000 0.000000 0.000000 0.000000 0.000000 0.000000 0.000000 0.000000 0.000000 0.000000 0.000000 0.000000 0.000000 0.047619 0.000000 0.000000
0.000000 0.011905 0.011905 0.011905 0.011905 0.011905 0.011905 0.035714 0.035714 0.059524 0.059524 0.071429 0.071429 0.071429 0.071429 0.107143 0.166667 0.202381 0.214286 0.238095 0.261905 0.119048 0.178571 0.380952 0.202381 0.416667 0.416667 0.416667 0.380952 0.309524 0.214286 0.000000 0.000000 0.000000 0.142857 0.000000 0.000000 0.000000 0.000000 0.000000 0.000000 0.000000 0.047619 0.083333 0.107143 0.119048 0.059524 0.000000 0.000000 0.000000 0.000000 0.000000 0.011905 0.000000 0.000000 0.000000 0.000000 0.047619 0.023810 0.059524 0.047619 0.000000 0.000000
0.000000 0.011905 0.011905 0.011905 0.011905 0.011905 0.011905 0.035714 0.035714 0.059524 0.059524 0.071429 0.071429 0.095238 0.071429 0.130952 0.166667 0.190476 0.226190 0.250000 0.273810 0.250000 0.178571 0.404762 0.416667 0.416667 0.416667 0.416667 0.369048 0.321429 0.000000 0.000000 0.000000 0.000000 0.000000 0.000000 0.000000 0.000000 0.000000 0.000000 0.011905 0.023810 0.035714 0.000000 0.130952 0.142857 0.059524 0.000000 0.000000 0.000000 0.000000 0.000000 0.000000 0.047619 0.059524 0.059524 0.059524 0.059524 0.059524 0.059524 0.047619 0.047619 0.047619
0.000000 0.000000 0.011905 0.011905 0.011905 0.011905 0.011905 0.035714 0.035714 0.059524 0.059524 0.071429 0.071429 0.095238 0.095238 0.130952 0.166667 0.202381 0.202381 0.250000 0.273810 0.285714 0.309524 0.392857 0.428571 0.428571 0.416667 0.380952 0.357143 0.333333 0.000000 0.000000 0.000000 0.000000 0.000000 0.000000 0.000000 0.000000 0.000000 0.000000 0.011905 0.011905 0.000000 0.000000 0.154762 0.154762 0.142857 0.000000 0.107143 0.059524 0.083333 0.071429 0.047619 0.071429 0.071429 0.059524 0.059524 0.059524 0.059524 0.059524 0.047619 0.047619 0.047619
0.000000 0.000000 0.000000 0.011905 0.011905 0.011905 0.023810 0.035714 0.035714 0.047619 0.071429 0.071429 0.095238 0.095238 0.119048 0.142857 0.178571 0.202381 0.214286 0.261905 0.285714 0.297619 0.309524 0.392857 0.440476 0.428571 0.297619 0.309524 0.297619 0.297619 0.226190 0.000000 0.000000 0.000000 0.000000 0.000000 0.000000 0.000000 0.000000 0.000000 0.011905 0.011905 0.000000 0.154762 0.142857 0.095238 0.142857 0.107143 0.107143 0.095238 0.083333 0.083333 0.083333 0.071429 0.059524 0.059524 0.059524 0.059524 0.059524 0.059524 0.047619 0.047619 0.047619
0.000000 0.000000 0.000000 0.000000 0.011905 0.011905 0.023810 0.035714 0.035714 0.047619 0.071429 0.071429 0.083333 0.107143 0.142857 0.142857 0.166667 0.190476 0.226190 0.202381 0.297619 0.333333 0.142857 0.166667 0.440476 0.321429 0.321429 0.190476 0.190476 0.261905 0.000000 0.000000 0.000000 0.000000 0.000000 0.000000 0.000000 0.166667 0.226190 0.000000 0.000000 0.000000 0.000000 0.154762 0.142857 0.000000 0.107143 0.107143 0.107143 0.095238 0.095238 0.095238 0.083333 0.071429 0.059524 0.059524 0.059524 0.059524 0.059524 0.047619 0.047619 0.047619 0.047619
0.000000 0.000000 0.000000 0.000000 0.000000 0.011905 0.023810 0.035714 0.035714 0.047619 0.059524 0.083333 0.095238 0.130952 0.142857 0.142857 0.154762 0.190476 0.202381 0.261905 0.309524 0.321429 0.357143 0.416667 0.452381 0.464286 0.250000 0.250000 0.000000 0.000000 0.000000 0.000000 0.000000 0.000000 0.000000 0.000000 0.000000 0.238095 0.226190 0.000000 0.000000 0.000000 0.154762 0.154762 0.095238 0.083333 0.130952 0.130952 0.119048 0.107143 0.083333 0.095238 0.071429 0.059524 0.059524 0.059524 0.059524 0.059524 0.059524 0.047619 0.047619 0.047619 0.047619
0.000000 0.000000 0.000000 0.000000 0.000000 0.000000 0.011905 0.023810 0.023810 0.035714 0.059524 0.083333 0.095238 0.130952 0.142857 0.154762 0.142857 0.190476 0.238095 0.273810 0.321429 0.321429 0.369048 0.416667 0.476190 0.500000 0.500000 0.000000 0.000000 0.000000 0.000000 0.000000 0.000000 0.000000 0.000000 0.000000 0.261905 0.250000 0.238095 0.000000 0.000000 0.000000 0.202381 0.000000 0.000000 0.130952 0.142857 0.166667 0.154762 0.130952 0.095238 0.071429 0.071429 0.071429 0.059524 0.059524 0.059524 0.059524 0.047619 0.047619 0.047619 0.047619 0.047619
0.000000 0.000000 0.000000 0.000000 0.000000 0.000000 0.000000 0.011905 0.023810 0.023810 0.071429 0.083333 0.107143 0.130952 0.142857 0.154762 0.154762 0.190476 0.261905 0.261905 0.321429 0.333333 0.369048 0.440476 0.488095 0.511905 0.523810 0.523810 0.535714 0.000000 0.000000 0.000000 0.000000 0.000000 0.309524 0.297619 0.261905 0.261905 0.000000 0.000000 0.190476 0.190476 0.214286 0.000000 0.000000 0.083333 0.154762 0.154762 0.142857 0.119048 0.083333 0.071429 0.071429 0.071429 0.059524 0.059524 0.059524 0.059524 0.047619 0.047619 0.047619 0.047619 0.047619
0.000000 0.000000 0.000000 0.000000 0.000000 0.000000 0.000000 0.023810 0.023810 0.023810 0.047619 0.071429 0.119048 0.130952 0.142857 0.154762 0.154762 0.166667 0.261905 0.273810 0.321429 0.333333 0.392857 0.464286 0.488095 0.488095 0.535714 0.559524 0.547619 0.476190 0.000000 0.000000 0.000000 0.333333 0.321429 0.297619 0.261905 0.000000 0.000000 0.202381 0.226190 0.214286 0.202381 0.202381 0.190476 0.178571 0.154762 0.154762 0.130952 0.130952 0.119048 0.083333 0.083333 0.071429 0.059524 0.059524 0.047619 0.047619 0.047619 0.047619 0.047619 0.047619 0.047619
0.000000 0.000000 0.000000 0.000000 0.000000 0.000000 0.000000 0.023810 0.023810 0.023810 0.035714 0.059524 0.119048 0.130952 0.130952 0.142857 0.154762 0.214286 0.261905 0.285714 0.297619 0.333333 0.404762 0.488095 0.488095 0.488095 0.559524 0.523810 0.488095 0.476190 0.000000 0.000000 0.357143 0.345238 0.309524 0.309524 0.285714 0.250000 0.250000 0.238095 0.214286 0.214286 0.214286 0.178571 0.178571 0.178571 0.166667 0.083333 0.107143 0.119048 0.107143 0.083333 0.083333 0.059524 0.047619 0.047619 0.035714 0.035714 0.035714 0.035714 0.047619 0.047619 0.047619
0.000000 0.000000 0.000000 0.000000 0.000000 0.000000 0.000000 0.023810 0.023810 0.023810 0.035714 0.035714 0.095238 0.119048 0.130952 0.142857 0.166667 0.202381 0.285714 0.285714 0.309524 0.380952 0.452381 0.523810 0.523810 0.000000 0.547619 0.523810 0.511905 0.476190 0.440476 0.297619 0.369048 0.333333 0.321429 0.309524 0.285714 0.250000 0.238095 0.226190 0.214286 0.202381 0.178571 0.178571 0.166667 0.154762 0.130952 0.119048 0.107143 0.107143 0.095238 0.083333 0.083333 0.059524 0.059524 0.047619 0.035714 0.035714 0.035714 0.035714 0.035714 0.035714 0.035714
0.000000 0.000000 0.000000 0.000000 0.000000 0.000000 0.000000 0.011905 0.023810 0.023810 0.035714 0.035714 0.083333 0.083333 0.119048 0.119048 0.142857 0.214286 0.273810 0.297619 0.297619 0.392857 0.476190 0.535714 0.559524 0.571429 0.595238 0.511905 0.511905 0.464286 0.273810 0.369048 0.369048 0.333333 0.285714 0.285714 0.273810 0.238095 0.238095 0.166667 0.107143 0.154762 0.142857 0.142857 0.130952 0.130952 0.107143 0.095238 0.095238 0.095238 0.083333 0.071429 0.059524 0.035714 0.047619 0.047619 0.047619 0.047619 0.035714 0.035714 0.035714 0.035714 0.035714
0.000000 0.000000 0.000000 0.000000 0.000000 0.000000 0.000000 0.000000 0.011905 0.023810 0.035714 0.035714 0.059524 0.083333 0.095238 0.107143 0.142857 0.190476 0.261905 0.273810 0.333333 0.404762 0.500000 0.559524 0.571429 0.595238 0.583333 0.559524 0.476190 0.428571 0.369048 0.357143 0.333333 0.273810 0.261905 0.202381 0.154762 0.202381 0.190476 0.178571 0.083333 0.095238 0.083333 0.130952 0.119048 0.107143 0.095238 0.095238 0.095238 0.095238 0.083333 0.071429 0.047619 0.035714 0.035714 0.035714 0.035714 0.035714 0.035714 0.023810 0.023810 0.023810 0.023810
0.000000 0.000000 0.000000 0.000000 0.000000 0.000000 0.000000 0.000000 0.011905 0.011905 0.023810 0.035714 0.059524 0.071429 0.095238 0.095238 0.119048 0.154762 0.190476 0.261905 0.321429 0.404762 0.535714 0.595238 0.630952 0.654762 0.571429 0.488095 0.428571 0.404762 0.357143 0.297619 0.273810 0.238095 0.000000 0.000000 0.095238 0.142857 0.130952 0.142857 0.071429 0.035714 0.071429 0.119048 0.107143 0.107143 0.095238 0.095238 0.095238 0.083333 0.059524 0.059524 0.035714 0.035714 0.035714 0.035714 0.035714 0.035714 0.035714 0.035714 0.023810 0.023810 0.023810
0.000000 0.000000 0.000000 0.000000 0.000000 0.000000 0.000000 0.000000 0.011905 0.011905 0.023810 0.023810 0.047619 0.059524 0.071429 0.083333 0.095238 0.142857 0.178571 0.214286 0.273810 0.357143 0.523810 0.666667 0.738095 0.630952 0.535714 0.476190 0.380952 0.333333 0.309524 0.261905 0.250000 0.000000 0.000000 0.000000 0.000000 0.000000 0.059524 0.107143 0.083333 0.047619 0.107143 0.095238 0.095238 0.083333 0.083333 0.083333 0.059524 0.059524 0.047619 0.035714 0.023810 0.023810 0.023810 0.023810 0.023810 0.023810 0.023810 0.023810 0.011905 0.011905 0.011905
0.000000 0.000000 0.000000 0.000000 0.000000 0.000000 0.000000 0.000000 0.011905 0.011905 0.023810 0.035714 0.047619 0.047619 0.059524 0.071429 0.000000 0.000000 0.154762 0.214286 0.238095 0.309524 0.452381 0.797619 0.690476 0.535714 0.404762 0.357143 0.321429 0.154762 0.261905 0.000000 0.000000 0.000000 0.000000 0.000000 0.000000 0.000000 0.035714 0.000000 0.059524 0.023810 0.071429 0.059524 0.059524 0.059524 0.059524 0.059524 0.000000 0.000000 0.000000 0.035714 0.023810 0.023810 0.023810 0.023810 0.023810 0.023810 0.023810 0.011905 0.023810 0.011905 0.011905
0.000000 0.000000 0.000000 0.000000 0.000000 0.000000 0.000000 0.000000 0.000000 0.011905 0.011905 0.023810 0.035714 0.047619 0.047619 0.047619 0.000000 0.000000 0.142857 0.190476 0.226190 0.297619 0.345238 1.000000 0.488095 0.404762 0.357143 0.333333 0.297619 0.285714 0.000000 0.000000 0.000000 0.000000 0.000000 0.000000 0.000000 0.000000 0.000000 0.000000 0.023810 0.023810 0.047619 0.047619 0.047619 0.047619 0.047619 0.047619 0.000000 0.000000 0.000000 0.023810 0.023810 0.023810 0.023810 0.023810 0.023810 0.023810 0.023810 0.023810 0.023810 0.011905 0.011905
