test/output/constant/M1M270_S060_A180_WD315.0_WS020.0/M1M270_S060_A180_WD315.0_WS020.0_arrival.asc
ncols         27
nrows         10
xllcorner     426603.990666
yllcorner     12747855.311160
cellsize      100.000000
NODATA_value  0.000000
166.000000 166.001211 166.003028 166.006056 166.010900 166.016956 166.023011 166.029067 166.035728 166.041667 0.000000 0.000000 0.000000 0.000000 0.000000 0.000000 0.000000 0.000000 0.000000 0.000000 0.000000 0.000000 0.000000 0.000000 0.000000 0.000000 0.000000 
166.012111 166.002422 166.003028 166.004239 166.006056 166.007872 166.010295 166.013322 166.017561 166.022406 166.027250 166.032700 166.038756 0.000000 0.000000 0.000000 0.000000 0.000000 0.000000 0.000000 0.000000 0.000000 0.000000 0.000000 0.000000 0.000000 0.000000 
0.000000 166.034517 166.012717 166.007872 166.007267 166.007872 166.009083 166.010900 166.012717 166.014534 166.017561 166.021195 166.024828 166.029067 166.033912 166.038756 0.000000 0.000000 0.000000 0.000000 0.000000 0.000000 0.000000 0.000000 0.000000 0.000000 0.000000 
0.000000 0.000000 0.000000 166.029067 166.017561 166.013322 166.012111 166.012111 166.012717 166.013928 166.015745 166.017561 166.019378 166.021800 166.024828 166.028461 166.032095 166.036334 166.040573 0.000000 0.000000 0.000000 0.000000 0.000000 0.000000 0.000000 0.000000 
0.000000 0.000000 0.000000 0.000000 0.000000 166.032095 166.023011 166.018772 166.016956 166.016350 166.016350 166.017561 166.018772 166.020589 166.022406 166.024223 166.026645 166.029673 166.032700 166.035728 166.039967 0.000000 0.000000 0.000000 0.000000 0.000000 0.000000 
0.000000 0.000000 0.000000 0.000000 0.000000 0.000000 0.000000 166.036334 166.028461 166.024223 166.022406 166.021195 166.021195 166.021800 166.022406 166.023617 166.025434 166.027250 166.029067 166.031489 166.033912 166.036939 166.039967 0.000000 0.000000 0.000000 0.000000 
0.000000 0.000000 0.000000 0.000000 0.000000 0.000000 0.000000 0.000000 0.000000 166.041178 166.034517 166.030278 166.027856 166.026039 166.026039 166.026039 166.026039 166.027250 166.028461 166.030278 166.032095 166.033912 166.035728 166.038151 166.041178 0.000000 0.000000 
0.000000 0.000000 0.000000 0.000000 0.000000 0.000000 0.000000 0.000000 0.000000 0.000000 0.000000 0.000000 166.039967 166.035728 166.033306 166.031489 166.030278 166.030278 166.030278 166.030884 166.032095 166.033306 166.035123 166.036939 166.038756 166.040573 0.000000 
0.000000 0.000000 0.000000 0.000000 0.000000 0.000000 0.000000 0.000000 0.000000 0.000000 0.000000 0.000000 0.000000 0.000000 0.000000 166.041178 166.038756 166.036939 166.035728 166.035123 166.035123 166.035123 166.036334 166.036939 166.038756 166.039967 166.041667 
0.000000 0.000000 0.000000 0.000000 0.000000 0.000000 0.000000 0.000000 0.000000 0.000000 0.000000 0.000000 0.000000 0.000000 0.000000 0.000000 0.000000 0.000000 0.000000 0.000000 166.040573 166.039967 166.039362 166.039967 166.039967 166.041178 166.041667 
