test/output/constant/M395_S060_A090_WD135.0_WS005.0/M395_S060_A090_WD135.0_WS005.0_intensity.asc
ncols         12
nrows         52
xllcorner     425803.990666
yllcorner     12743755.311160
cellsize      100.000000
NODATA_value  0.000000
0 0 0 0 0 0 0 0 1069 0 0 0 
0 0 0 0 0 0 2076 1293 0 1270 0 0 
0 0 0 0 0 0 1293 2694 77055 40393 1270 0 
0 0 0 0 0 1669 1293 74870 77055 40393 27543 0 
0 0 0 0 0 1293 52630 77055 77055 33881 33881 0 
0 0 0 0 0 1669 58526 77055 77055 40393 1270 0 
0 0 0 0 1293 4534 58526 77055 59005 40393 21570 27543 
0 0 0 0 52630 1293 77055 77055 68789 59005 27543 27543 
0 0 0 0 52630 1293 77055 77055 64272 53149 46881 27543 
0 0 0 2076 52630 58526 68434 77055 64272 64272 21570 33881 
0 0 0 1669 1293 52630 76910 77055 59005 59005 33881 46881 
0 0 0 1669 4534 76523 74870 77055 64272 64272 27543 33881 
0 0 0 52630 2694 72146 76523 77055 59005 64272 33881 46881 
0 0 52630 2694 52630 77055 77055 77055 64272 64272 46881 40393 
0 0 52630 52630 4534 63848 77055 77055 64272 64272 40393 40393 
0 0 52630 52630 77055 72146 77055 59005 64272 64272 27543 33881 
0 0 58526 52630 77055 76523 77055 59005 59005 64272 33881 33881 
0 0 1669 52630 76523 76523 77055 72421 59005 68789 59005 40393 
0 2694 7352 52630 77055 77055 77055 59005 59005 64272 59005 40393 
0 52630 58526 77055 72146 77055 77055 77055 59005 64272 53149 46881 
0 52630 52630 72146 76523 74870 77055 68789 59005 33881 40393 27543 
0 52630 2694 77055 68434 76523 77055 64272 64272 64272 59005 40393 
0 7352 2694 77055 74870 76523 77055 33881 64272 64272 40393 46881 
0 52630 77055 77055 76523 77055 75055 75055 64272 59005 59005 27543 
0 1293 77055 76523 77055 68434 77055 64272 46881 64272 64272 33881 
52630 52630 77055 77055 76910 77055 53149 64272 40393 33881 64272 40393 
4534 52630 72146 77055 76523 77055 77055 64272 40393 33881 33881 33881 
52630 77055 77055 72146 77055 77055 77055 59005 46881 64272 40393 27543 
58526 74870 63848 76910 77055 77055 75055 64272 46881 64272 46881 40393 
58526 63848 77055 77055 77055 77055 64272 64272 46881 59005 53149 59005 
1293 77055 77055 68434 77055 77055 64272 64272 53149 64272 59005 53149 
77055 76523 72146 76910 77055 77055 59005 59005 53149 27543 59005 0 
77055 77055 77055 77055 77055 77055 59005 64272 53149 33881 59005 0 
77055 68434 74870 77055 77055 77055 77055 46881 59005 64272 59005 0 
76523 77055 76910 77055 77055 77055 59005 46881 59005 64272 59005 0 
77055 72146 76910 74870 77055 59005 33881 53149 59005 40393 59005 0 
77055 77055 63848 77055 77055 77055 59005 53149 59005 40393 59005 0 
77055 76910 77055 77055 77055 77055 76614 68789 59005 46881 0 0 
76523 68434 77055 63848 77055 59005 64272 59005 59005 46881 0 0 
77055 76910 77055 68434 77055 59005 64272 64272 59005 40393 0 0 
63848 77055 77055 77055 77055 68789 72421 59005 59005 40393 0 0 
74870 77055 77055 77055 77055 77055 64272 59005 64272 46881 0 0 
74870 63848 77055 77055 76614 77055 64272 59005 64272 0 0 0 
77055 77055 76523 77055 77055 75055 59005 59005 64272 0 0 0 
72146 77055 63848 77055 59005 59005 46881 59005 59005 0 0 0 
77055 77055 77055 77055 77055 64272 75055 64272 64272 0 0 0 
0 77055 77055 77055 77055 77055 64272 64272 0 0 0 0 
0 77055 77055 77055 77055 59005 68789 64272 0 0 0 0 
0 77055 77055 77055 64272 46881 64272 0 0 0 0 0 
0 74870 77055 77055 77055 64272 40393 0 0 0 0 0 
0 0 77055 77055 77055 59005 0 0 0 0 0 0 
0 0 77055 77055 75055 0 0 0 0 0 0 0 
