test/output/constant/M190_S060_A180_WD270.0_WS050.0/M190_S060_A180_WD270.0_WS050.0_arrival.asc
ncols         42
nrows         5
xllcorner     426603.990666
yllcorner     12748555.311160
cellsize      100.000000
NODATA_value  0.000000
0.000000 0.000000 0.000000 0.000000 0.000000 0.000000 166.038646 166.034985 166.032137 166.029696 166.028476 166.027256 166.026849 166.026442 166.026035 166.026035 166.026035 166.026442 166.027256 166.027662 166.028476 166.029290 166.029696 166.030510 166.031324 166.032137 166.032544 166.033358 166.034171 166.034985 166.035798 166.036612 166.037832 166.038646 166.039459 166.040680 166.041493 0.000000 0.000000 0.000000 0.000000 0.000000 
0.000000 166.021154 166.012611 166.010170 166.008950 166.008950 166.008950 166.009763 166.010577 166.010984 166.011797 166.012611 166.013831 166.014645 166.015865 166.016679 166.017492 166.018713 166.019526 166.020747 166.021560 166.022781 166.023594 166.024408 166.025628 166.026442 166.027662 166.028476 166.029696 166.030510 166.031730 166.032544 166.033358 166.034578 166.035391 166.036612 166.037425 166.038646 166.039459 166.040680 166.041493 0.000000 
166.000000 166.000814 166.001627 166.002848 166.003661 166.004882 166.005695 166.006916 166.007729 166.008950 166.009763 166.010984 166.011797 166.013018 166.013831 166.015052 166.015865 166.017086 166.017899 166.019120 166.019933 166.021154 166.021967 166.023188 166.024001 166.025222 166.026035 166.027256 166.028069 166.029290 166.030103 166.031324 166.032137 166.033358 166.034171 166.035391 166.036205 166.037425 166.038239 166.039459 166.040273 166.041493 
0.000000 166.021154 166.012611 166.010170 166.008950 166.008950 166.008950 166.009763 166.010577 166.010984 166.011797 166.012611 166.013831 166.014645 166.015865 166.016679 166.017492 166.018713 166.019526 166.020747 166.021560 166.022781 166.023594 166.024408 166.025628 166.026442 166.027662 166.028476 166.029696 166.030510 166.031730 166.032544 166.033358 166.034578 166.035391 166.036612 166.037425 166.038646 166.039459 166.040680 166.041493 0.000000 
0.000000 0.000000 0.000000 0.000000 0.000000 0.000000 166.038646 166.034985 166.032137 166.029696 166.028476 166.027256 166.026849 166.026442 166.026035 166.026035 166.026035 166.026442 166.027256 166.027662 166.028476 166.029290 166.029696 166.030510 166.031324 166.032137 166.032544 166.033358 166.034171 166.034985 166.035798 166.036612 166.037832 166.038646 166.039459 166.040680 166.041493 0.000000 0.000000 0.000000 0.000000 0.000000 
