test/output/constant/M390_S060_A000_WD000.0_WS010.0/M390_S060_A000_WD000.0_WS010.0_ros.asc
ncols         52
nrows         16
xllcorner     421503.990666
yllcorner     12747355.311160
cellsize      100.000000
NODATA_value  0.000000
0.000000 0.000000 0.000000 0.000000 0.000000 0.000000 0.000000 0.000000 0.000000 0.000000 0.000000 0.000000 0.000000 0.000000 0.000000 0.000000 0.000000 0.000000 0.000000 0.000000 0.000000 0.000000 0.000000 0.000000 0.000000 0.000000 0.000000 0.000000 0.000000 0.000000 0.000000 0.000000 0.000000 0.000000 0.000000 0.000000 31.761137 18.540083 39.074505 18.540083 24.846575 31.761137 18.540083 39.074505 31.761137 18.540083 39.074505 13.032095 39.074505 13.032095 13.032095 1.028447 
0.000000 0.000000 0.000000 0.000000 0.000000 0.000000 0.000000 0.000000 0.000000 0.000000 0.000000 0.000000 0.000000 0.000000 0.000000 0.000000 0.000000 0.000000 0.000000 0.000000 0.000000 0.000000 0.000000 0.000000 0.000000 0.000000 0.000000 0.000000 18.540083 31.761137 18.540083 24.846575 31.761137 18.540083 31.761137 18.540083 24.846575 31.761137 18.540083 39.074505 13.032095 24.846575 18.540083 31.761137 31.761137 39.074505 54.005768 39.074505 18.540083 87.970284 87.970284 0.000000 
0.000000 0.000000 0.000000 0.000000 0.000000 0.000000 0.000000 0.000000 0.000000 0.000000 0.000000 0.000000 0.000000 0.000000 0.000000 0.000000 0.000000 0.000000 0.000000 0.000000 0.000000 0.000000 0.000000 0.000000 18.540083 31.761137 24.846575 24.846575 31.761137 13.032095 18.540083 24.846575 31.761137 39.074505 31.761137 31.761137 8.487779 54.005768 18.540083 54.005768 39.074505 39.074505 67.842957 87.970284 31.761137 87.970284 87.970284 87.970284 87.970284 82.299858 72.749817 2.607813 
0.000000 0.000000 0.000000 0.000000 0.000000 0.000000 0.000000 0.000000 0.000000 0.000000 0.000000 0.000000 0.000000 0.000000 0.000000 0.000000 0.000000 0.000000 0.000000 0.000000 18.540083 24.846575 24.846575 31.761137 24.846575 39.074505 24.846575 39.074505 31.761137 24.846575 31.761137 13.032095 61.170856 31.761137 31.761137 39.074505 31.761137 31.761137 39.074505 61.170856 39.074505 87.970284 87.970284 87.970284 87.970284 87.970284 82.299858 4.688806 4.688806 59.854630 1.454603 1.900147 
0.000000 0.000000 0.000000 0.000000 0.000000 0.000000 0.000000 0.000000 0.000000 0.000000 0.000000 0.000000 0.000000 0.000000 0.000000 0.000000 0.000000 82.987671 18.540083 39.074505 24.846575 31.761137 24.846575 31.761137 39.074505 39.074505 31.761137 18.540083 31.761137 31.761137 24.846575 39.074505 31.761137 31.761137 39.074505 73.819603 85.900902 87.970284 87.970284 87.970284 87.970284 87.970284 87.970284 72.749817 72.749817 66.630501 4.688806 1.454603 52.628300 1.454603 0.000000 0.000000 
0.000000 0.000000 0.000000 0.000000 0.000000 0.000000 0.000000 0.000000 0.000000 0.000000 0.000000 0.000000 0.000000 0.000000 18.540083 39.074505 31.761137 18.540083 39.074505 39.074505 39.074505 31.761137 39.074505 73.819603 24.846575 39.074505 39.074505 46.565083 73.819603 73.819603 87.970284 85.900902 54.005768 87.970284 87.970284 87.970284 87.970284 87.970284 87.970284 82.299858 66.630501 66.630501 7.904728 66.630501 2.607813 2.607813 59.854630 1.454603 1.454603 0.000000 0.000000 0.000000 
0.000000 0.000000 0.000000 0.000000 0.000000 0.000000 0.000000 0.000000 0.000000 0.000000 0.000000 39.074505 31.761137 31.761137 24.846575 24.846575 46.565083 78.919426 31.761137 78.919426 24.846575 39.074505 87.970284 31.761137 39.074505 78.919426 54.005768 87.897789 87.970284 87.970284 87.970284 87.970284 87.970284 87.970284 87.970284 87.970284 87.970284 87.970284 72.749817 2.607813 59.854630 4.688806 1.900147 59.854630 2.607813 52.628300 1.900147 0.000000 0.000000 0.000000 0.000000 0.000000 
0.000000 0.000000 0.000000 0.000000 0.000000 0.000000 0.000000 0.000000 0.000000 24.846575 46.565083 31.761137 31.761137 78.919426 39.074505 39.074505 39.074505 31.761137 39.074505 39.074505 87.970284 87.970284 85.900902 24.846575 67.842957 87.970284 87.970284 87.970284 87.970284 87.970284 87.970284 87.970284 87.351494 66.630501 66.630501 72.749817 66.630501 66.630501 59.854630 59.854630 59.854630 4.688806 59.854630 1.454603 52.628300 0.000000 0.000000 0.000000 0.000000 0.000000 0.000000 0.000000 
0.000000 0.000000 0.000000 0.000000 0.000000 0.000000 0.000000 67.842957 31.761137 73.819603 39.074505 39.074505 39.074505 73.819603 39.074505 39.074505 78.919426 73.819603 87.970284 87.897789 82.987671 87.970284 87.970284 87.970284 87.970284 87.970284 82.299858 87.970284 87.970284 87.970284 78.026436 72.749817 59.854630 59.854630 59.854630 66.630501 4.688806 7.904728 59.854630 66.630501 2.607813 59.854630 0.000000 0.000000 0.000000 0.000000 0.000000 0.000000 0.000000 0.000000 0.000000 0.000000 
0.000000 0.000000 0.000000 0.000000 0.000000 31.761137 54.005768 87.970284 39.074505 78.919426 24.846575 31.761137 87.970284 85.900902 87.970284 87.970284 87.970284 87.970284 87.970284 87.970284 87.970284 87.970284 87.970284 87.970284 87.970284 87.970284 72.749817 87.970284 66.630501 4.688806 1.900147 66.630501 59.854630 66.630501 7.904728 4.688806 66.630501 59.854630 59.854630 7.904728 0.000000 0.000000 0.000000 0.000000 0.000000 0.000000 0.000000 0.000000 0.000000 0.000000 0.000000 0.000000 
0.000000 0.000000 0.000000 31.761137 31.761137 87.570763 31.761137 39.074505 31.761137 24.846575 87.970284 87.970284 73.819603 87.970284 87.970284 87.970284 87.970284 87.970284 87.970284 87.970284 87.970284 87.970284 87.970284 87.970284 87.970284 87.351494 72.749817 59.854630 66.630501 66.630501 4.688806 4.688806 7.904728 4.688806 59.854630 59.854630 59.854630 0.000000 0.000000 0.000000 0.000000 0.000000 0.000000 0.000000 0.000000 0.000000 0.000000 0.000000 0.000000 0.000000 0.000000 0.000000 
0.000000 87.897789 82.987671 87.970284 87.970284 78.919426 61.170856 54.005768 87.970284 87.970284 87.970284 87.970284 87.970284 87.970284 87.970284 82.299858 87.970284 87.970284 87.970284 66.630501 87.787819 78.026436 72.749817 59.854630 72.749817 59.854630 59.854630 7.904728 59.854630 59.854630 59.854630 2.607813 2.607813 59.854630 0.000000 0.000000 0.000000 0.000000 0.000000 0.000000 0.000000 0.000000 0.000000 0.000000 0.000000 0.000000 0.000000 0.000000 0.000000 0.000000 0.000000 0.000000 
18.540083 87.970284 87.970284 87.897789 67.842957 87.970284 87.970284 87.970284 87.970284 87.970284 87.970284 87.970284 87.970284 87.351494 87.970284 87.970284 87.970284 87.970284 85.440071 66.630501 2.607813 72.749817 2.607813 4.688806 4.688806 66.630501 66.630501 7.904728 59.854630 1.900147 0.000000 0.000000 0.000000 0.000000 0.000000 0.000000 0.000000 0.000000 0.000000 0.000000 0.000000 0.000000 0.000000 0.000000 0.000000 0.000000 0.000000 0.000000 0.000000 0.000000 0.000000 0.000000 
85.900902 31.761137 87.970284 87.970284 87.970284 87.970284 87.970284 87.787819 87.970284 87.970284 87.970284 82.299858 87.970284 85.440071 66.630501 87.970284 72.749817 72.749817 66.630501 59.854630 4.688806 4.688806 66.630501 2.607813 59.854630 59.854630 59.854630 0.000000 0.000000 0.000000 0.000000 0.000000 0.000000 0.000000 0.000000 0.000000 0.000000 0.000000 0.000000 0.000000 0.000000 0.000000 0.000000 0.000000 0.000000 0.000000 0.000000 0.000000 0.000000 0.000000 0.000000 0.000000 
87.970284 87.970284 87.970284 87.970284 87.970284 87.970284 87.970284 87.970284 87.970284 87.970284 87.970284 87.970284 72.749817 72.749817 72.749817 59.854630 59.854630 59.854630 66.630501 59.854630 59.854630 59.854630 0.000000 0.000000 0.000000 0.000000 0.000000 0.000000 0.000000 0.000000 0.000000 0.000000 0.000000 0.000000 0.000000 0.000000 0.000000 0.000000 0.000000 0.000000 0.000000 0.000000 0.000000 0.000000 0.000000 0.000000 0.000000 0.000000 0.000000 0.000000 0.000000 0.000000 
0.000000 87.970284 87.970284 87.970284 82.299858 87.970284 82.299858 87.970284 78.026436 78.026436 72.749817 72.749817 72.749817 4.688806 59.854630 59.854630 0.000000 0.000000 0.000000 0.000000 0.000000 0.000000 0.000000 0.000000 0.000000 0.000000 0.000000 0.000000 0.000000 0.000000 0.000000 0.000000 0.000000 0.000000 0.000000 0.000000 0.000000 0.000000 0.000000 0.000000 0.000000 0.000000 0.000000 0.000000 0.000000 0.000000 0.000000 0.000000 0.000000 0.000000 0.000000 0.000000 
