test/output/constant/M390_S060_A000_WD000.0_WS010.0/M390_S060_A000_WD000.0_WS010.0_raz.asc
ncols         52
nrows         16
xllcorner     421503.990666
yllcorner     12747355.311160
cellsize      100.000000
NODATA_value  0.000000
0 0 0 0 0 0 0 0 0 0 0 0 0 0 0 0 0 0 0 0 0 0 0 0 0 0 0 0 0 0 0 0 0 0 0 0 271 278 268 278 274 271 278 268 271 278 268 283 268 283 283 10 
0 0 0 0 0 0 0 0 0 0 0 0 0 0 0 0 0 0 0 0 0 0 0 0 0 0 0 0 278 271 278 274 271 278 271 278 274 271 278 268 283 274 278 271 271 268 264 268 278 255 255 254 
0 0 0 0 0 0 0 0 0 0 0 0 0 0 0 0 0 0 0 0 0 0 0 0 278 271 274 274 271 283 278 274 271 268 271 271 290 264 278 264 268 268 262 255 271 255 255 255 255 253 250 192 
0 0 0 0 0 0 0 0 0 0 0 0 0 0 0 0 0 0 0 0 278 274 274 271 274 268 274 268 271 274 271 283 263 271 271 268 271 271 268 263 268 255 255 255 255 255 253 209 209 248 165 179 
0 0 0 0 0 0 0 0 0 0 0 0 0 0 0 0 0 258 278 268 274 271 274 271 268 268 271 278 271 271 274 268 271 271 268 260 257 255 255 255 255 255 255 250 250 249 209 165 246 165 0 0 
0 0 0 0 0 0 0 0 0 0 0 0 0 0 278 268 271 278 268 268 268 271 268 260 274 268 268 266 260 260 255 257 264 255 255 255 255 255 255 253 249 249 220 249 192 192 248 165 165 0 0 0 
0 0 0 0 0 0 0 0 0 0 0 268 271 271 274 274 266 259 271 259 274 268 255 271 268 259 264 256 255 255 255 255 255 255 255 255 255 255 250 192 248 209 179 248 192 246 179 0 0 0 0 0 
0 0 0 0 0 0 0 0 0 274 266 271 271 259 268 268 268 271 268 268 255 255 257 274 262 255 255 255 255 255 255 255 255 249 249 250 249 249 248 248 248 209 248 165 246 0 0 0 0 0 0 0 
0 0 0 0 0 0 0 262 271 260 268 268 268 260 268 268 259 260 255 256 258 255 255 255 255 255 253 255 255 255 251 250 248 248 248 249 209 220 248 249 192 248 0 0 0 0 0 0 0 0 0 0 
0 0 0 0 0 271 264 255 268 259 274 271 255 257 255 255 255 255 255 255 255 255 255 255 255 255 250 255 249 209 179 249 248 249 220 209 249 248 248 220 0 0 0 0 0 0 0 0 0 0 0 0 
0 0 0 271 271 256 271 268 271 274 255 255 260 255 255 255 255 255 255 255 255 255 255 255 255 255 250 248 249 249 209 209 220 209 248 248 248 0 0 0 0 0 0 0 0 0 0 0 0 0 0 0 
0 256 258 255 255 259 263 264 255 255 255 255 255 255 255 253 255 255 255 249 255 251 250 248 250 248 248 220 248 248 248 192 192 248 0 0 0 0 0 0 0 0 0 0 0 0 0 0 0 0 0 0 
278 255 255 256 262 255 255 255 255 255 255 255 255 255 255 255 255 255 254 249 192 250 192 209 209 249 249 220 248 179 0 0 0 0 0 0 0 0 0 0 0 0 0 0 0 0 0 0 0 0 0 0 
257 271 255 255 255 255 255 255 255 255 255 253 255 254 249 255 250 250 249 248 209 209 249 192 248 248 248 0 0 0 0 0 0 0 0 0 0 0 0 0 0 0 0 0 0 0 0 0 0 0 0 0 
255 255 255 255 255 255 255 255 255 255 255 255 250 250 250 248 248 248 249 248 248 248 0 0 0 0 0 0 0 0 0 0 0 0 0 0 0 0 0 0 0 0 0 0 0 0 0 0 0 0 0 0 
0 255 255 255 253 255 253 255 251 251 250 250 250 209 248 248 0 0 0 0 0 0 0 0 0 0 0 0 0 0 0 0 0 0 0 0 0 0 0 0 0 0 0 0 0 0 0 0 0 0 0 0 
