test/output/constant/M3M4100_S060_A000_WD270.0_WS050.0/M3M4100_S060_A000_WD270.0_WS050.0_arrival.asc
ncols         20
nrows         13
xllcorner     426203.990666
yllcorner     12748155.311160
cellsize      100.000000
NODATA_value  0.000000
0.000000 0.000000 0.000000 0.000000 0.000000 0.000000 166.041667 166.041016 166.039876 166.038737 166.039876 166.039876 166.041016 166.041016 0.000000 0.000000 0.000000 0.000000 0.000000 0.000000 
0.000000 0.000000 0.000000 166.041667 166.038737 166.035319 166.034180 166.033040 166.031901 166.031901 166.033040 166.033040 166.034180 166.036458 166.037598 166.039876 166.041667 0.000000 0.000000 0.000000 
0.000000 0.000000 166.037598 166.033040 166.029622 166.027344 166.026204 166.025065 166.025065 166.026204 166.026204 166.028483 166.029622 166.031901 166.034180 166.036458 166.038737 166.041016 0.000000 0.000000 
0.000000 166.035319 166.029622 166.025065 166.020508 166.019368 166.018229 166.018229 166.019368 166.020508 166.021647 166.023926 166.026204 166.028483 166.030762 166.033040 166.036458 166.038737 166.041667 0.000000 
166.037598 166.029622 166.021647 166.015951 166.012533 166.011393 166.011393 166.012533 166.013672 166.015951 166.018229 166.020508 166.023926 166.026204 166.028483 166.031901 166.034180 166.037598 166.039876 0.000000 
166.035319 166.025065 166.015951 166.007975 166.004557 166.004557 166.005697 166.007975 166.011393 166.013672 166.017090 166.019368 166.021647 166.025065 166.027344 166.030762 166.033040 166.036458 166.038737 166.041667 
166.033040 166.023926 166.014811 166.005697 166.000000 166.002279 166.004557 166.007975 166.010254 166.013672 166.015951 166.019368 166.021647 166.025065 166.027344 166.030762 166.033040 166.036458 166.038737 166.041667 
166.035319 166.025065 166.015951 166.007975 166.004557 166.004557 166.005697 166.007975 166.011393 166.013672 166.017090 166.019368 166.021647 166.025065 166.027344 166.030762 166.033040 166.036458 166.038737 166.041667 
166.037598 166.029622 166.021647 166.015951 166.012533 166.011393 166.011393 166.012533 166.013672 166.015951 166.018229 166.020508 166.023926 166.026204 166.028483 166.031901 166.034180 166.037598 166.039876 0.000000 
0.000000 166.035319 166.029622 166.025065 166.020508 166.019368 166.018229 166.018229 166.019368 166.020508 166.021647 166.023926 166.026204 166.028483 166.030762 166.033040 166.036458 166.038737 166.041667 0.000000 
0.000000 0.000000 166.037598 166.033040 166.029622 166.027344 166.026204 166.025065 166.025065 166.026204 166.026204 166.028483 166.029622 166.031901 166.034180 166.036458 166.038737 166.041016 0.000000 0.000000 
0.000000 0.000000 0.000000 166.041667 166.038737 166.035319 166.034180 166.033040 166.031901 166.031901 166.033040 166.033040 166.034180 166.036458 166.037598 166.039876 166.041667 0.000000 0.000000 0.000000 
0.000000 0.000000 0.000000 0.000000 0.000000 0.000000 166.041667 166.041016 166.039876 166.038737 166.039876 166.039876 166.041016 166.041016 0.000000 0.000000 0.000000 0.000000 0.000000 0.000000 
