test/output/constant/M390_S060_A090_WD090.0_WS010.0/M390_S060_A090_WD090.0_WS010.0_arrival.asc
ncols         16
nrows         52
xllcorner     425203.990666
yllcorner     12743655.311160
cellsize      100.000000
NODATA_value  0.000000
0.000000 0.000000 0.000000 0.000000 0.000000 0.000000 0.000000 0.000000 0.000000 0.000000 0.000000 0.000000 166.038429 166.006561 166.000000 166.021870 
0.000000 0.000000 0.000000 0.000000 0.000000 0.000000 0.000000 0.000000 0.000000 0.000000 0.000000 0.000000 166.018434 166.001562 166.000625 166.018121 
0.000000 0.000000 0.000000 0.000000 0.000000 0.000000 0.000000 0.000000 0.000000 0.000000 0.000000 166.029681 166.008748 166.001562 166.001250 166.016559 
0.000000 0.000000 0.000000 0.000000 0.000000 0.000000 0.000000 0.000000 0.000000 0.000000 166.041241 166.018746 166.005311 166.002187 166.002499 166.017184 
0.000000 0.000000 0.000000 0.000000 0.000000 0.000000 0.000000 0.000000 0.000000 0.000000 166.029369 166.012810 166.004687 166.003124 166.003749 166.018434 
0.000000 0.000000 0.000000 0.000000 0.000000 0.000000 0.000000 0.000000 0.000000 166.040304 166.021870 166.009373 166.004374 166.003749 166.005311 166.020308 
0.000000 0.000000 0.000000 0.000000 0.000000 0.000000 0.000000 0.000000 0.000000 166.031243 166.016871 166.007811 166.004687 166.004687 166.007186 166.022495 
0.000000 0.000000 0.000000 0.000000 0.000000 0.000000 0.000000 0.000000 166.041554 166.025307 166.013435 166.007498 166.005311 166.005624 166.009061 166.024057 
0.000000 0.000000 0.000000 0.000000 0.000000 0.000000 0.000000 0.000000 166.034680 166.020621 166.011560 166.007498 166.006249 166.006561 166.010935 166.025932 
0.000000 0.000000 0.000000 0.000000 0.000000 0.000000 0.000000 0.000000 166.029056 166.017496 166.010935 166.007498 166.007186 166.007811 166.013122 166.028119 
0.000000 0.000000 0.000000 0.000000 0.000000 0.000000 0.000000 166.038117 166.024995 166.015622 166.010310 166.007811 166.007811 166.009373 166.014997 166.029994 
0.000000 0.000000 0.000000 0.000000 0.000000 0.000000 0.000000 166.033118 166.021558 166.014372 166.010310 166.008748 166.008748 166.010935 166.016871 166.032181 
0.000000 0.000000 0.000000 0.000000 0.000000 0.000000 166.041554 166.029056 166.019371 166.013747 166.010310 166.009373 166.009685 166.012497 166.018746 166.034055 
0.000000 0.000000 0.000000 0.000000 0.000000 0.000000 166.036867 166.025620 166.017809 166.013435 166.010623 166.010310 166.010935 166.014372 166.020933 166.035930 
0.000000 0.000000 0.000000 0.000000 0.000000 0.000000 166.033118 166.023433 166.017184 166.013122 166.011248 166.011248 166.012185 166.015934 166.022808 166.038117 
0.000000 0.000000 0.000000 0.000000 0.000000 166.041241 166.029681 166.021870 166.016559 166.013435 166.011873 166.011873 166.013747 166.017809 166.024995 166.039992 
0.000000 0.000000 0.000000 0.000000 0.000000 166.037180 166.027494 166.020621 166.016247 166.013435 166.012810 166.012810 166.014997 166.019683 166.026869 0.000000 
0.000000 0.000000 0.000000 0.000000 0.000000 166.033743 166.025620 166.019996 166.016247 166.014060 166.013747 166.014060 166.016559 166.021246 166.028744 0.000000 
0.000000 0.000000 0.000000 0.000000 166.041554 166.031556 166.024370 166.019371 166.016247 166.014372 166.014372 166.015309 166.018121 166.023120 166.030931 0.000000 
0.000000 0.000000 0.000000 0.000000 166.038117 166.029681 166.023433 166.019059 166.016247 166.015309 166.015309 166.016559 166.019683 166.025307 166.032806 0.000000 
0.000000 0.000000 0.000000 0.000000 166.035618 166.028119 166.022808 166.019059 166.016559 166.015934 166.016247 166.017809 166.021558 166.027182 166.034993 0.000000 
0.000000 0.000000 0.000000 0.000000 166.033431 166.027182 166.022495 166.019059 166.017184 166.016871 166.017184 166.019371 166.023120 166.029056 166.036867 0.000000 
0.000000 0.000000 0.000000 166.039679 166.031868 166.026245 166.022183 166.019371 166.017809 166.017809 166.018121 166.020621 166.024995 166.030931 166.038742 0.000000 
0.000000 0.000000 0.000000 166.037492 166.030619 166.025620 166.021870 166.019371 166.018434 166.018434 166.019371 166.022183 166.026557 166.032806 166.040929 0.000000 
0.000000 0.000000 0.000000 166.035930 166.029994 166.025307 166.021870 166.019996 166.019371 166.019371 166.020933 166.023745 166.028432 166.034993 0.000000 0.000000 
0.000000 0.000000 166.041554 166.034368 166.029056 166.024995 166.022183 166.020308 166.019996 166.020308 166.022183 166.025307 166.030306 166.036867 0.000000 0.000000 
0.000000 0.000000 166.039679 166.033431 166.028432 166.024682 166.022183 166.020933 166.020933 166.021246 166.023433 166.026869 166.031868 166.038742 0.000000 0.000000 
0.000000 0.000000 166.038117 166.032806 166.028119 166.024995 166.022495 166.021870 166.021870 166.022495 166.024995 166.028744 166.033743 166.040617 0.000000 0.000000 
0.000000 0.000000 166.037180 166.032181 166.027807 166.024995 166.023120 166.022495 166.022808 166.023745 166.026245 166.030306 166.035618 0.000000 0.000000 0.000000 
0.000000 0.000000 166.036242 166.031556 166.027807 166.025307 166.023433 166.023433 166.023433 166.024995 166.027807 166.032181 166.037492 0.000000 0.000000 0.000000 
0.000000 166.040617 166.035618 166.030931 166.027807 166.025307 166.024370 166.024057 166.024682 166.026245 166.029369 166.033743 166.039367 0.000000 0.000000 0.000000 
0.000000 166.039679 166.034993 166.030931 166.027807 166.025620 166.024995 166.024995 166.025620 166.027807 166.030931 166.035618 166.041241 0.000000 0.000000 0.000000 
0.000000 166.039054 166.034368 166.030619 166.028119 166.026245 166.025932 166.025932 166.026869 166.029056 166.032493 166.037180 0.000000 0.000000 0.000000 0.000000 
0.000000 166.038429 166.034055 166.030619 166.028119 166.026869 166.026557 166.026869 166.028119 166.030619 166.034055 166.039054 0.000000 0.000000 0.000000 0.000000 
0.000000 166.037805 166.033743 166.030931 166.028432 166.027494 166.027494 166.027807 166.029369 166.031868 166.035930 166.040617 0.000000 0.000000 0.000000 0.000000 
0.000000 166.037180 166.033431 166.030931 166.029056 166.028432 166.028119 166.028744 166.030619 166.033431 166.037492 0.000000 0.000000 0.000000 0.000000 0.000000 
166.041241 166.036867 166.033431 166.031243 166.029369 166.029056 166.029056 166.029994 166.032181 166.034993 166.039054 0.000000 0.000000 0.000000 0.000000 0.000000 
166.040617 166.036555 166.033743 166.031243 166.029994 166.029994 166.030306 166.031243 166.033431 166.036555 166.040929 0.000000 0.000000 0.000000 0.000000 0.000000 
166.040304 166.036555 166.033743 166.031556 166.030619 166.030619 166.030931 166.032181 166.034680 166.038117 0.000000 0.000000 0.000000 0.000000 0.000000 0.000000 
166.039679 166.036555 166.034055 166.032181 166.031556 166.031556 166.032181 166.033743 166.036242 166.039679 0.000000 0.000000 0.000000 0.000000 0.000000 0.000000 
166.039679 166.036555 166.034055 166.032806 166.032181 166.032493 166.033118 166.034993 166.037805 166.041241 0.000000 0.000000 0.000000 0.000000 0.000000 0.000000 
166.039367 166.036867 166.034368 166.033431 166.033118 166.033431 166.034368 166.036242 166.039054 0.000000 0.000000 0.000000 0.000000 0.000000 0.000000 0.000000 
166.039367 166.036867 166.034993 166.034055 166.034055 166.034368 166.035305 166.037492 166.040617 0.000000 0.000000 0.000000 0.000000 0.000000 0.000000 0.000000 
166.039367 166.037180 166.035618 166.034680 166.034680 166.035305 166.036555 166.039054 0.000000 0.000000 0.000000 0.000000 0.000000 0.000000 0.000000 0.000000 
166.039679 166.037180 166.035930 166.035618 166.035618 166.036242 166.037805 166.040304 0.000000 0.000000 0.000000 0.000000 0.000000 0.000000 0.000000 0.000000 
166.039679 166.037805 166.036555 166.036555 166.036555 166.037492 166.039367 0.000000 0.000000 0.000000 0.000000 0.000000 0.000000 0.000000 0.000000 0.000000 
166.039992 166.038117 166.037180 166.037180 166.037492 166.038429 166.040617 0.000000 0.000000 0.000000 0.000000 0.000000 0.000000 0.000000 0.000000 0.000000 
166.039992 166.038742 166.038117 166.038117 166.038429 166.039679 0.000000 0.000000 0.000000 0.000000 0.000000 0.000000 0.000000 0.000000 0.000000 0.000000 
166.040304 166.039054 166.038742 166.038742 166.039679 166.040929 0.000000 0.000000 0.000000 0.000000 0.000000 0.000000 0.000000 0.000000 0.000000 0.000000 
166.040929 166.039992 166.039679 166.039679 166.040304 0.000000 0.000000 0.000000 0.000000 0.000000 0.000000 0.000000 0.000000 0.000000 0.000000 0.000000 
166.041554 166.040617 166.040617 166.040617 166.041554 0.000000 0.000000 0.000000 0.000000 0.000000 0.000000 0.000000 0.000000 0.000000 0.000000 0.000000 
0.000000 166.041241 166.041241 166.041667 0.000000 0.000000 0.000000 0.000000 0.000000 0.000000 0.000000 0.000000 0.000000 0.000000 0.000000 0.000000 
