test/output/constant/M390_S060_A090_WD090.0_WS010.0/M390_S060_A090_WD090.0_WS010.0_ros.asc
ncols         16
nrows         52
xllcorner     425203.990666
yllcorner     12743655.311160
cellsize      100.000000
NODATA_value  0.000000
0.000000 0.000000 0.000000 0.000000 0.000000 0.000000 0.000000 0.000000 0.000000 0.000000 0.000000 0.000000 1.900147 2.607813 -1.000000 1.028447 
0.000000 0.000000 0.000000 0.000000 0.000000 0.000000 0.000000 0.000000 0.000000 0.000000 0.000000 0.000000 1.454603 72.749817 87.970284 13.032095 
0.000000 0.000000 0.000000 0.000000 0.000000 0.000000 0.000000 0.000000 0.000000 0.000000 0.000000 1.454603 59.854630 87.970284 87.970284 13.032095 
0.000000 0.000000 0.000000 0.000000 0.000000 0.000000 0.000000 0.000000 0.000000 0.000000 1.454603 52.628300 4.688806 87.970284 18.540083 39.074505 
0.000000 0.000000 0.000000 0.000000 0.000000 0.000000 0.000000 0.000000 0.000000 0.000000 1.454603 1.454603 4.688806 87.970284 39.074505 13.032095 
0.000000 0.000000 0.000000 0.000000 0.000000 0.000000 0.000000 0.000000 0.000000 1.900147 59.854630 4.688806 82.299858 87.970284 54.005768 39.074505 
0.000000 0.000000 0.000000 0.000000 0.000000 0.000000 0.000000 0.000000 0.000000 52.628300 2.607813 66.630501 87.970284 85.900902 39.074505 18.540083 
0.000000 0.000000 0.000000 0.000000 0.000000 0.000000 0.000000 0.000000 52.628300 2.607813 2.607813 72.749817 87.970284 31.761137 31.761137 31.761137 
0.000000 0.000000 0.000000 0.000000 0.000000 0.000000 0.000000 0.000000 1.454603 59.854630 66.630501 87.970284 87.970284 87.970284 31.761137 39.074505 
0.000000 0.000000 0.000000 0.000000 0.000000 0.000000 0.000000 0.000000 59.854630 1.900147 7.904728 87.970284 87.970284 67.842957 18.540083 18.540083 
0.000000 0.000000 0.000000 0.000000 0.000000 0.000000 0.000000 59.854630 4.688806 4.688806 66.630501 87.970284 87.897789 39.074505 24.846575 31.761137 
0.000000 0.000000 0.000000 0.000000 0.000000 0.000000 0.000000 2.607813 59.854630 59.854630 87.970284 87.970284 39.074505 39.074505 13.032095 24.846575 
0.000000 0.000000 0.000000 0.000000 0.000000 0.000000 7.904728 66.630501 59.854630 2.607813 82.299858 87.970284 61.170856 54.005768 39.074505 18.540083 
0.000000 0.000000 0.000000 0.000000 0.000000 0.000000 59.854630 59.854630 59.854630 72.749817 87.970284 87.970284 39.074505 18.540083 18.540083 39.074505 
0.000000 0.000000 0.000000 0.000000 0.000000 0.000000 59.854630 7.904728 66.630501 87.970284 87.970284 54.005768 31.761137 54.005768 31.761137 18.540083 
0.000000 0.000000 0.000000 0.000000 0.000000 59.854630 66.630501 4.688806 66.630501 87.970284 87.970284 82.987671 31.761137 8.487779 24.846575 31.761137 
0.000000 0.000000 0.000000 0.000000 0.000000 59.854630 4.688806 66.630501 72.749817 87.970284 87.970284 73.819603 39.074505 31.761137 18.540083 0.000000 
0.000000 0.000000 0.000000 0.000000 0.000000 59.854630 7.904728 59.854630 87.970284 87.970284 87.970284 39.074505 31.761137 31.761137 31.761137 0.000000 
0.000000 0.000000 0.000000 0.000000 59.854630 4.688806 66.630501 59.854630 87.970284 87.970284 78.919426 31.761137 31.761137 39.074505 18.540083 0.000000 
0.000000 0.000000 0.000000 0.000000 2.607813 7.904728 59.854630 59.854630 87.351494 87.970284 54.005768 31.761137 61.170856 31.761137 31.761137 0.000000 
0.000000 0.000000 0.000000 0.000000 2.607813 4.688806 66.630501 87.970284 87.970284 87.970284 85.900902 39.074505 13.032095 24.846575 24.846575 0.000000 
0.000000 0.000000 0.000000 0.000000 59.854630 4.688806 1.900147 87.970284 87.970284 87.897789 87.970284 24.846575 31.761137 18.540083 18.540083 0.000000 
0.000000 0.000000 0.000000 1.900147 59.854630 66.630501 4.688806 87.970284 87.970284 46.565083 73.819603 31.761137 24.846575 13.032095 31.761137 0.000000 
0.000000 0.000000 0.000000 59.854630 59.854630 66.630501 87.970284 87.970284 87.970284 87.970284 73.819603 31.761137 31.761137 31.761137 18.540083 0.000000 
0.000000 0.000000 0.000000 7.904728 7.904728 59.854630 87.970284 87.970284 87.970284 85.900902 46.565083 18.540083 39.074505 24.846575 0.000000 0.000000 
0.000000 0.000000 59.854630 66.630501 59.854630 72.749817 87.970284 87.970284 87.970284 54.005768 39.074505 31.761137 24.846575 24.846575 0.000000 0.000000 
0.000000 0.000000 59.854630 66.630501 59.854630 87.351494 87.970284 87.970284 73.819603 78.919426 39.074505 39.074505 39.074505 31.761137 0.000000 0.000000 
0.000000 0.000000 59.854630 4.688806 72.749817 87.970284 87.970284 87.970284 67.842957 39.074505 24.846575 39.074505 24.846575 18.540083 0.000000 0.000000 
0.000000 0.000000 2.607813 4.688806 59.854630 87.970284 87.970284 87.970284 24.846575 31.761137 73.819603 31.761137 31.761137 0.000000 0.000000 0.000000 
0.000000 0.000000 66.630501 2.607813 72.749817 87.970284 87.970284 85.900902 85.900902 87.970284 39.074505 24.846575 24.846575 0.000000 0.000000 0.000000 
0.000000 59.854630 4.688806 72.749817 87.970284 87.970284 87.970284 87.970284 87.970284 39.074505 31.761137 31.761137 24.846575 0.000000 0.000000 0.000000 
0.000000 59.854630 4.688806 2.607813 87.787819 87.970284 87.970284 73.819603 87.970284 24.846575 39.074505 24.846575 18.540083 0.000000 0.000000 0.000000 
0.000000 59.854630 59.854630 66.630501 87.970284 87.970284 87.970284 87.897789 39.074505 78.919426 39.074505 39.074505 0.000000 0.000000 0.000000 0.000000 
0.000000 66.630501 66.630501 87.970284 87.970284 87.970284 87.970284 87.970284 39.074505 31.761137 39.074505 18.540083 0.000000 0.000000 0.000000 0.000000 
0.000000 59.854630 72.749817 87.970284 87.970284 87.970284 67.842957 73.819603 31.761137 78.919426 18.540083 82.987671 0.000000 0.000000 0.000000 0.000000 
0.000000 59.854630 87.970284 87.970284 87.970284 87.970284 87.970284 73.819603 39.074505 46.565083 31.761137 0.000000 0.000000 0.000000 0.000000 0.000000 
59.854630 59.854630 87.970284 87.970284 82.299858 87.970284 87.970284 39.074505 39.074505 24.846575 39.074505 0.000000 0.000000 0.000000 0.000000 0.000000 
59.854630 72.749817 87.970284 87.970284 87.970284 87.970284 87.970284 39.074505 39.074505 24.846575 18.540083 0.000000 0.000000 0.000000 0.000000 0.000000 
4.688806 72.749817 87.351494 87.351494 87.970284 87.970284 85.900902 73.819603 78.919426 31.761137 0.000000 0.000000 0.000000 0.000000 0.000000 0.000000 
72.749817 87.970284 87.970284 87.970284 87.970284 73.819603 87.970284 39.074505 31.761137 31.761137 0.000000 0.000000 0.000000 0.000000 0.000000 0.000000 
72.749817 87.970284 87.970284 87.970284 87.970284 87.970284 31.761137 39.074505 31.761137 39.074505 0.000000 0.000000 0.000000 0.000000 0.000000 0.000000 
72.749817 87.970284 87.970284 87.970284 87.970284 87.970284 24.846575 39.074505 46.565083 0.000000 0.000000 0.000000 0.000000 0.000000 0.000000 0.000000 
87.970284 87.970284 87.970284 87.970284 46.565083 24.846575 78.919426 73.819603 24.846575 0.000000 0.000000 0.000000 0.000000 0.000000 0.000000 0.000000 
87.351494 87.970284 87.970284 87.970284 87.970284 31.761137 39.074505 31.761137 0.000000 0.000000 0.000000 0.000000 0.000000 0.000000 0.000000 0.000000 
87.970284 87.970284 87.970284 87.970284 54.005768 39.074505 87.970284 67.842957 0.000000 0.000000 0.000000 0.000000 0.000000 0.000000 0.000000 0.000000 
87.970284 87.970284 87.970284 87.970284 61.170856 31.761137 54.005768 0.000000 0.000000 0.000000 0.000000 0.000000 0.000000 0.000000 0.000000 0.000000 
87.970284 87.970284 87.970284 73.819603 73.819603 87.570763 31.761137 0.000000 0.000000 0.000000 0.000000 0.000000 0.000000 0.000000 0.000000 0.000000 
87.970284 87.970284 87.970284 67.842957 87.970284 31.761137 0.000000 0.000000 0.000000 0.000000 0.000000 0.000000 0.000000 0.000000 0.000000 0.000000 
87.970284 87.970284 87.970284 87.570763 87.970284 31.761137 0.000000 0.000000 0.000000 0.000000 0.000000 0.000000 0.000000 0.000000 0.000000 0.000000 
87.970284 87.970284 87.970284 87.970284 82.987671 0.000000 0.000000 0.000000 0.000000 0.000000 0.000000 0.000000 0.000000 0.000000 0.000000 0.000000 
87.970284 87.970284 31.761137 87.970284 87.897789 0.000000 0.000000 0.000000 0.000000 0.000000 0.000000 0.000000 0.000000 0.000000 0.000000 0.000000 
0.000000 87.970284 73.819603 18.540083 0.000000 0.000000 0.000000 0.000000 0.000000 0.000000 0.000000 0.000000 0.000000 0.000000 0.000000 0.000000 
