test/output/constant/M470_S000_A090_WD000.0_WS050.0/M470_S000_A090_WD000.0_WS050.0_arrival.asc
ncols         7
nrows         34
xllcorner     426303.990666
yllcorner     12745455.311160
cellsize      100.000000
NODATA_value  0.000000
0.000000 0.000000 166.035376 166.000000 166.035376 0.000000 0.000000 
0.000000 0.000000 166.013843 166.001025 166.013843 0.000000 0.000000 
0.000000 0.000000 166.009741 166.002051 166.009741 0.000000 0.000000 
0.000000 0.000000 166.008716 166.003589 166.008716 0.000000 0.000000 
0.000000 166.036401 166.008203 166.004614 166.008203 166.036401 0.000000 
0.000000 166.031787 166.008716 166.006152 166.008716 166.031787 0.000000 
0.000000 166.028711 166.009741 166.007178 166.009741 166.028711 0.000000 
0.000000 166.026660 166.010767 166.008716 166.010767 166.026660 0.000000 
0.000000 166.025635 166.011792 166.009741 166.011792 166.025635 0.000000 
0.000000 166.025122 166.012817 166.011279 166.012817 166.025122 0.000000 
0.000000 166.024609 166.013843 166.012305 166.013843 166.024609 0.000000 
0.000000 166.024609 166.014868 166.013843 166.014868 166.024609 0.000000 
0.000000 166.024609 166.016406 166.014868 166.016406 166.024609 0.000000 
0.000000 166.025122 166.017432 166.016406 166.017432 166.025122 0.000000 
0.000000 166.026147 166.018970 166.017432 166.018970 166.026147 0.000000 
166.041528 166.026660 166.019995 166.018970 166.019995 166.026660 166.041528 
166.041016 166.027685 166.021020 166.019995 166.021020 166.027685 166.041016 
166.040503 166.028711 166.022559 166.021533 166.022559 166.028711 166.040503 
166.040503 166.029224 166.023584 166.022559 166.023584 166.029224 166.040503 
166.041016 166.030249 166.024609 166.024097 166.024609 166.030249 166.041016 
166.041016 166.031274 166.026147 166.025122 166.026147 166.031274 166.041016 
166.041528 166.032300 166.027173 166.026660 166.027173 166.032300 166.041528 
0.000000 166.033325 166.028711 166.027685 166.028711 166.033325 0.000000 
0.000000 166.034351 166.029736 166.029224 166.029736 166.034351 0.000000 
0.000000 166.035376 166.031274 166.030249 166.031274 166.035376 0.000000 
0.000000 166.036401 166.032300 166.031787 166.032300 166.036401 0.000000 
0.000000 166.037939 166.033838 166.032812 166.033838 166.037939 0.000000 
0.000000 166.038965 166.034863 166.034351 166.034863 166.038965 0.000000 
0.000000 166.039990 166.036401 166.035376 166.036401 166.039990 0.000000 
0.000000 166.041016 166.037427 166.036914 166.037427 166.041016 0.000000 
0.000000 0.000000 166.038965 166.037939 166.038965 0.000000 0.000000 
0.000000 0.000000 166.039990 166.039477 166.039990 0.000000 0.000000 
0.000000 0.000000 166.041528 166.040503 166.041528 0.000000 0.000000 
0.000000 0.000000 0.000000 166.041667 0.000000 0.000000 0.000000 
