test/output/constant/M3M485_S000_A270_WD000.0_WS030.0/M3M485_S000_A270_WD000.0_WS030.0_arrival.asc
ncols         9
nrows         36
xllcorner     426203.990666
yllcorner     12745355.311160
cellsize      100.000000
NODATA_value  0.000000
0.000000 0.000000 0.000000 166.030246 166.021953 166.030246 0.000000 0.000000 0.000000 
0.000000 0.000000 166.035124 166.009269 166.000000 166.009269 166.035124 0.000000 0.000000 
0.000000 0.000000 166.025367 166.005366 166.000976 166.005366 166.025367 0.000000 0.000000 
0.000000 166.041466 166.020001 166.004878 166.001951 166.004878 166.020001 166.041466 0.000000 
0.000000 166.035124 166.016586 166.004878 166.003415 166.004878 166.016586 166.035124 0.000000 
0.000000 166.031221 166.015123 166.005854 166.004391 166.005854 166.015123 166.031221 0.000000 
0.000000 166.027807 166.014635 166.006830 166.005854 166.006830 166.014635 166.027807 0.000000 
0.000000 166.025855 166.014635 166.007805 166.006830 166.007805 166.014635 166.025855 0.000000 
166.039515 166.024880 166.014635 166.008781 166.008293 166.008781 166.014635 166.024880 166.039515 
166.037563 166.024392 166.014635 166.010245 166.009269 166.010245 166.014635 166.024392 166.037563 
166.035612 166.023904 166.015611 166.011220 166.010732 166.011220 166.015611 166.023904 166.035612 
166.034636 166.023904 166.016099 166.012684 166.011708 166.012684 166.016099 166.023904 166.034636 
166.034148 166.023904 166.017074 166.013659 166.013172 166.013659 166.017074 166.023904 166.034148 
166.033661 166.023904 166.018050 166.015123 166.014147 166.015123 166.018050 166.023904 166.033661 
166.033173 166.024392 166.019026 166.016099 166.015611 166.016099 166.019026 166.024392 166.033173 
166.033173 166.024880 166.020001 166.017074 166.016586 166.017074 166.020001 166.024880 166.033173 
166.033173 166.025855 166.020977 166.018538 166.018050 166.018538 166.020977 166.025855 166.033173 
166.033661 166.026343 166.021953 166.019513 166.019026 166.019513 166.021953 166.026343 166.033661 
166.033661 166.027319 166.022928 166.020977 166.020489 166.020977 166.022928 166.027319 166.033661 
166.034148 166.028294 166.023904 166.021953 166.021465 166.021953 166.023904 166.028294 166.034148 
166.034636 166.029270 166.025367 166.022928 166.022928 166.022928 166.025367 166.029270 166.034636 
166.035124 166.030246 166.026343 166.024392 166.023904 166.024392 166.026343 166.030246 166.035124 
166.036100 166.031221 166.027319 166.025367 166.025367 166.025367 166.027319 166.031221 166.036100 
166.037075 166.032197 166.028782 166.026831 166.026343 166.026831 166.028782 166.032197 166.037075 
166.037563 166.032685 166.029758 166.027807 166.027807 166.027807 166.029758 166.032685 166.037563 
166.038539 166.033661 166.030734 166.029270 166.028782 166.029270 166.030734 166.033661 166.038539 
166.039515 166.034636 166.032197 166.030246 166.030246 166.030246 166.032197 166.034636 166.039515 
166.040490 166.036100 166.033173 166.031709 166.031221 166.031709 166.033173 166.036100 166.040490 
166.041466 166.037075 166.034636 166.032685 166.032685 166.032685 166.034636 166.037075 166.041466 
0.000000 166.038051 166.035612 166.034148 166.033661 166.034148 166.035612 166.038051 0.000000 
0.000000 166.039027 166.036588 166.035124 166.035124 166.035124 166.036588 166.039027 0.000000 
0.000000 166.040490 166.038051 166.036588 166.036100 166.036588 166.038051 166.040490 0.000000 
0.000000 166.041466 166.039027 166.037563 166.037563 166.037563 166.039027 166.041466 0.000000 
0.000000 0.000000 166.040490 166.039027 166.038539 166.039027 166.040490 0.000000 0.000000 
0.000000 0.000000 166.041466 166.040002 166.040002 166.040002 166.041466 0.000000 0.000000 
0.000000 0.000000 0.000000 166.041466 166.040978 166.041466 0.000000 0.000000 0.000000 
