test/output/constant/M3M490_S000_A090_WD090.0_WS020.0/M3M490_S000_A090_WD090.0_WS020.0_arrival.asc
ncols         26
nrows         11
xllcorner     424303.990666
yllcorner     12748255.311160
cellsize      100.000000
NODATA_value  0.000000
0.000000 0.000000 0.000000 0.000000 0.000000 0.000000 0.000000 0.000000 166.041667 166.041126 166.040405 166.040405 166.039683 166.039683 166.039683 166.040405 166.041126 0.000000 0.000000 0.000000 0.000000 0.000000 0.000000 0.000000 0.000000 0.000000 
0.000000 0.000000 0.000000 0.000000 166.041126 166.039683 166.038240 166.037519 166.036076 166.034633 166.033911 166.032468 166.031747 166.031747 166.031025 166.031025 166.031025 166.031747 166.032468 166.034633 166.036797 166.041126 0.000000 0.000000 0.000000 0.000000 
0.000000 0.000000 166.041126 166.038962 166.037519 166.036076 166.034633 166.033190 166.031747 166.030304 166.028861 166.027418 166.025975 166.024532 166.023810 166.023089 166.022367 166.022367 166.022367 166.023089 166.024532 166.026696 166.030304 166.036076 0.000000 0.000000 
0.000000 166.040405 166.038962 166.036797 166.035354 166.033190 166.031747 166.030304 166.028139 166.026696 166.025253 166.023089 166.021646 166.020202 166.018759 166.017316 166.015873 166.014430 166.013709 166.013709 166.013709 166.014430 166.016595 166.020924 166.030304 0.000000 
166.041126 166.039683 166.037519 166.036076 166.033911 166.032468 166.030304 166.028861 166.026696 166.025253 166.023089 166.021646 166.019481 166.018038 166.015873 166.014430 166.012266 166.010823 166.009380 166.007215 166.005772 166.005051 166.005051 166.005772 166.015152 166.033911 
166.041126 166.038962 166.037519 166.035354 166.033911 166.031747 166.030304 166.028139 166.026696 166.024532 166.023089 166.020924 166.019481 166.017316 166.015873 166.013709 166.012266 166.010101 166.008658 166.006494 166.005051 166.002886 166.001443 166.000000 166.010823 166.031747 
166.041126 166.039683 166.037519 166.036076 166.033911 166.032468 166.030304 166.028861 166.026696 166.025253 166.023089 166.021646 166.019481 166.018038 166.015873 166.014430 166.012266 166.010823 166.009380 166.007215 166.005772 166.005051 166.005051 166.005772 166.015152 166.033911 
0.000000 166.040405 166.038962 166.036797 166.035354 166.033190 166.031747 166.030304 166.028139 166.026696 166.025253 166.023089 166.021646 166.020202 166.018759 166.017316 166.015873 166.014430 166.013709 166.013709 166.013709 166.014430 166.016595 166.020924 166.030304 0.000000 
0.000000 0.000000 166.041126 166.038962 166.037519 166.036076 166.034633 166.033190 166.031747 166.030304 166.028861 166.027418 166.025975 166.024532 166.023810 166.023089 166.022367 166.022367 166.022367 166.023089 166.024532 166.026696 166.030304 166.036076 0.000000 0.000000 
0.000000 0.000000 0.000000 0.000000 166.041126 166.039683 166.038240 166.037519 166.036076 166.034633 166.033911 166.032468 166.031747 166.031747 166.031025 166.031025 166.031025 166.031747 166.032468 166.034633 166.036797 166.041126 0.000000 0.000000 0.000000 0.000000 
0.000000 0.000000 0.000000 0.000000 0.000000 0.000000 0.000000 0.000000 166.041667 166.041126 166.040405 166.040405 166.039683 166.039683 166.039683 166.040405 166.041126 0.000000 0.000000 0.000000 0.000000 0.000000 0.000000 0.000000 0.000000 0.000000 
