test/output/constant/M3M4100_S060_A090_WD090.0_WS010.0/M3M4100_S060_A090_WD090.0_WS010.0_raz.asc
ncols         17
nrows         55
xllcorner     425103.990666
yllcorner     12743355.311160
cellsize      100.000000
NODATA_value  0.000000
0 0 0 0 0 0 0 0 0 0 0 0 0 283 283 65535 79 
0 0 0 0 0 0 0 0 0 0 0 0 0 283 198 193 172 
0 0 0 0 0 0 0 0 0 0 0 0 308 283 193 193 172 
0 0 0 0 0 0 0 0 0 0 0 283 256 201 193 191 172 
0 0 0 0 0 0 0 0 0 0 0 283 256 198 193 181 172 
0 0 0 0 0 0 0 0 0 0 256 256 201 193 193 186 166 
0 0 0 0 0 0 0 0 0 0 256 201 201 193 193 181 172 
0 0 0 0 0 0 0 0 0 256 201 200 201 193 172 178 178 
0 0 0 0 0 0 0 0 0 239 256 201 193 193 181 181 178 
0 0 0 0 0 0 0 0 0 200 256 201 193 193 188 181 172 
0 0 0 0 0 0 0 0 201 201 228 201 193 193 181 172 178 
0 0 0 0 0 0 0 0 256 201 239 193 193 184 181 172 172 
0 0 0 0 0 0 0 201 201 201 239 193 193 193 178 181 178 
0 0 0 0 0 0 0 201 256 239 200 193 193 181 175 175 178 
0 0 0 0 0 0 0 239 201 200 193 193 188 178 181 181 172 
0 0 0 0 0 0 228 201 201 201 193 193 193 183 175 181 178 
0 0 0 0 0 0 201 200 239 198 193 193 190 181 181 172 172 
0 0 0 0 0 0 201 201 201 193 193 193 190 187 178 181 0 
0 0 0 0 0 201 201 239 201 195 193 193 190 175 172 175 0 
0 0 0 0 0 239 256 200 197 193 193 187 193 178 178 178 0 
0 0 0 0 0 201 201 239 198 193 193 181 175 181 178 178 0 
0 0 0 0 200 200 201 200 193 193 193 172 181 172 181 172 0 
0 0 0 0 256 201 200 198 193 193 193 193 175 181 175 178 0 
0 0 0 0 201 201 200 198 193 193 191 181 188 166 172 175 0 
0 0 0 0 201 239 201 193 193 193 190 181 178 184 166 178 0 
0 0 0 200 239 201 198 193 193 193 192 181 190 172 178 0 0 
0 0 0 201 201 201 239 193 193 193 193 175 166 178 178 0 0 
0 0 0 239 201 228 193 193 193 186 183 181 181 178 178 0 0 
0 0 0 201 239 198 193 193 193 193 175 166 181 178 172 0 0 
0 0 239 200 239 193 195 193 193 188 178 190 172 181 0 0 0 
0 0 239 201 201 193 193 193 193 188 178 181 187 181 0 0 0 
0 0 201 201 201 193 193 193 190 181 181 178 166 178 0 0 0 
0 0 239 201 228 193 193 193 193 187 190 178 184 178 0 0 0 
0 0 201 269 194 195 196 193 178 181 181 188 181 0 0 0 0 
0 200 201 200 193 193 193 190 193 184 175 181 175 0 0 0 0 
0 201 239 198 193 193 193 193 178 184 190 181 178 0 0 0 0 
0 239 200 193 195 193 193 193 190 187 181 172 175 0 0 0 0 
0 239 198 193 193 193 193 181 193 188 172 181 0 0 0 0 0 
0 201 198 195 194 195 193 186 181 190 172 175 0 0 0 0 0 
0 198 193 193 193 193 188 191 181 183 181 178 0 0 0 0 0 
0 239 193 195 193 193 193 190 193 175 181 0 0 0 0 0 0 
201 201 193 193 193 193 192 181 181 181 175 0 0 0 0 0 0 
201 200 193 193 193 188 187 184 187 181 183 0 0 0 0 0 0 
198 193 193 193 193 193 187 186 181 187 0 0 0 0 0 0 0 
283 193 197 193 193 193 190 183 191 190 0 0 0 0 0 0 0 
200 193 193 193 193 187 181 181 178 0 0 0 0 0 0 0 0 
193 193 196 193 193 181 178 178 178 0 0 0 0 0 0 0 0 
195 193 193 193 188 181 188 181 0 0 0 0 0 0 0 0 0 
193 193 193 193 193 184 193 183 0 0 0 0 0 0 0 0 0 
193 193 193 193 193 193 188 183 0 0 0 0 0 0 0 0 0 
193 193 193 193 188 188 181 0 0 0 0 0 0 0 0 0 0 
193 193 193 192 191 192 0 0 0 0 0 0 0 0 0 0 0 
193 193 193 178 193 178 0 0 0 0 0 0 0 0 0 0 0 
193 193 193 192 193 0 0 0 0 0 0 0 0 0 0 0 0 
0 193 192 193 0 0 0 0 0 0 0 0 0 0 0 0 0 
