test/output/constant/M3M4100_S060_A090_WD090.0_WS010.0/M3M4100_S060_A090_WD090.0_WS010.0_arrival.asc
ncols         17
nrows         55
xllcorner     425103.990666
yllcorner     12743355.311160
cellsize      100.000000
NODATA_value  0.000000
0.000000 0.000000 0.000000 0.000000 0.000000 0.000000 0.000000 0.000000 0.000000 0.000000 0.000000 0.000000 0.000000 166.037704 166.006775 166.000000 166.021209 
0.000000 0.000000 0.000000 0.000000 0.000000 0.000000 0.000000 0.000000 0.000000 0.000000 0.000000 0.000000 0.000000 166.017968 166.001473 166.000589 166.017085 
0.000000 0.000000 0.000000 0.000000 0.000000 0.000000 0.000000 0.000000 0.000000 0.000000 0.000000 0.000000 166.028867 166.008837 166.001473 166.001178 166.016201 
0.000000 0.000000 0.000000 0.000000 0.000000 0.000000 0.000000 0.000000 0.000000 0.000000 0.000000 166.039177 166.018263 166.005008 166.002062 166.002062 166.016790 
0.000000 0.000000 0.000000 0.000000 0.000000 0.000000 0.000000 0.000000 0.000000 0.000000 0.000000 166.028573 166.012372 166.004418 166.002946 166.003535 166.018263 
0.000000 0.000000 0.000000 0.000000 0.000000 0.000000 0.000000 0.000000 0.000000 0.000000 166.038882 166.021503 166.008837 166.004418 166.003535 166.005008 166.019736 
0.000000 0.000000 0.000000 0.000000 0.000000 0.000000 0.000000 0.000000 0.000000 0.000000 166.030929 166.016201 166.007659 166.004418 166.004418 166.006775 166.021209 
0.000000 0.000000 0.000000 0.000000 0.000000 0.000000 0.000000 0.000000 0.000000 166.040944 166.024743 166.012961 166.007070 166.005008 166.005302 166.008542 166.022976 
0.000000 0.000000 0.000000 0.000000 0.000000 0.000000 0.000000 0.000000 0.000000 166.033875 166.020325 166.011193 166.007070 166.005891 166.006186 166.010310 166.025038 
0.000000 0.000000 0.000000 0.000000 0.000000 0.000000 0.000000 0.000000 0.000000 166.028573 166.017085 166.010310 166.007070 166.006775 166.007364 166.012372 166.026805 
0.000000 0.000000 0.000000 0.000000 0.000000 0.000000 0.000000 0.000000 166.037410 166.024154 166.015023 166.010015 166.007659 166.007364 166.008837 166.014139 166.028573 
0.000000 0.000000 0.000000 0.000000 0.000000 0.000000 0.000000 0.000000 166.032402 166.020914 166.013844 166.010015 166.008248 166.008248 166.010310 166.015906 166.030635 
0.000000 0.000000 0.000000 0.000000 0.000000 0.000000 0.000000 166.040944 166.028278 166.018852 166.013255 166.010015 166.008837 166.009131 166.011783 166.017674 166.032402 
0.000000 0.000000 0.000000 0.000000 0.000000 0.000000 0.000000 166.036231 166.025038 166.017379 166.012666 166.010015 166.009721 166.010310 166.013550 166.019736 166.034464 
0.000000 0.000000 0.000000 0.000000 0.000000 0.000000 0.000000 166.032402 166.022681 166.016496 166.012666 166.010604 166.010604 166.011488 166.015023 166.021503 166.036231 
0.000000 0.000000 0.000000 0.000000 0.000000 0.000000 166.040061 166.029162 166.020914 166.015906 166.012666 166.011193 166.011193 166.012666 166.016790 166.023565 166.037999 
0.000000 0.000000 0.000000 0.000000 0.000000 0.000000 166.036231 166.026805 166.020030 166.015612 166.012961 166.012077 166.012077 166.014139 166.018263 166.025332 166.040061 
0.000000 0.000000 0.000000 0.000000 0.000000 0.000000 166.032991 166.024743 166.019147 166.015317 166.013255 166.012666 166.012961 166.015317 166.020030 166.027100 0.000000 
0.000000 0.000000 0.000000 0.000000 0.000000 166.040355 166.030635 166.023565 166.018557 166.015317 166.013550 166.013550 166.014139 166.017085 166.021798 166.029162 0.000000 
0.000000 0.000000 0.000000 0.000000 0.000000 166.037115 166.028867 166.022681 166.018263 166.015612 166.014434 166.014434 166.015317 166.018557 166.023565 166.030929 0.000000 
0.000000 0.000000 0.000000 0.000000 0.000000 166.034464 166.027100 166.022092 166.018263 166.015906 166.015023 166.015317 166.016790 166.020030 166.025332 166.032991 0.000000 
0.000000 0.000000 0.000000 0.000000 166.040944 166.032697 166.025922 166.021503 166.018263 166.016201 166.015906 166.016201 166.017968 166.021798 166.027100 166.034758 0.000000 
0.000000 0.000000 0.000000 0.000000 166.038588 166.030929 166.025332 166.021209 166.018263 166.016790 166.016496 166.017085 166.019441 166.023270 166.029162 166.036526 0.000000 
0.000000 0.000000 0.000000 0.000000 166.036526 166.029456 166.024743 166.020914 166.018557 166.017379 166.017379 166.018263 166.020619 166.025038 166.030929 166.038588 0.000000 
0.000000 0.000000 0.000000 0.000000 166.034758 166.028867 166.024154 166.020914 166.018852 166.018263 166.018263 166.019441 166.022092 166.026511 166.032697 166.040355 0.000000 
0.000000 0.000000 0.000000 166.040355 166.033286 166.027983 166.023860 166.021209 166.019147 166.018852 166.019147 166.020619 166.023565 166.028278 166.034464 0.000000 0.000000 
0.000000 0.000000 0.000000 166.038588 166.032107 166.027394 166.023860 166.021209 166.019736 166.019736 166.020030 166.022092 166.025332 166.030045 166.036231 0.000000 0.000000 
0.000000 0.000000 0.000000 166.037115 166.031518 166.027100 166.023860 166.021503 166.020619 166.020619 166.021209 166.023270 166.026805 166.031518 166.038293 0.000000 0.000000 
0.000000 0.000000 0.000000 166.035642 166.030929 166.026805 166.023860 166.021798 166.021209 166.021209 166.022387 166.024743 166.028278 166.033286 166.040061 0.000000 0.000000 
0.000000 0.000000 166.040944 166.034758 166.030340 166.026511 166.023860 166.022387 166.022092 166.022092 166.023565 166.025922 166.030045 166.035053 0.000000 0.000000 0.000000 
0.000000 0.000000 166.039471 166.034169 166.029751 166.026511 166.024154 166.022976 166.022681 166.022976 166.024743 166.027394 166.031518 166.036820 0.000000 0.000000 0.000000 
0.000000 0.000000 166.038293 166.033580 166.029456 166.026511 166.024449 166.023565 166.023565 166.024154 166.025922 166.028867 166.033286 166.038588 0.000000 0.000000 0.000000 
0.000000 0.000000 166.037704 166.032991 166.029456 166.026805 166.025038 166.024449 166.024449 166.025038 166.027100 166.030340 166.034758 166.040355 0.000000 0.000000 0.000000 
0.000000 0.000000 166.036820 166.032697 166.029162 166.026805 166.025332 166.025038 166.025332 166.026216 166.028573 166.031813 166.036526 0.000000 0.000000 0.000000 0.000000 
0.000000 166.040944 166.036231 166.032402 166.029456 166.027100 166.025922 166.025922 166.026216 166.027394 166.030045 166.033580 166.038293 0.000000 0.000000 0.000000 0.000000 
0.000000 166.040355 166.035937 166.032107 166.029456 166.027394 166.026805 166.026511 166.027100 166.028573 166.031224 166.035053 166.039766 0.000000 0.000000 0.000000 0.000000 
0.000000 166.039766 166.035348 166.032107 166.029456 166.027983 166.027394 166.027394 166.027983 166.029751 166.032697 166.036820 166.041533 0.000000 0.000000 0.000000 0.000000 
0.000000 166.039177 166.035053 166.032107 166.029751 166.028573 166.028278 166.028278 166.029162 166.031224 166.034169 166.038293 0.000000 0.000000 0.000000 0.000000 0.000000 
0.000000 166.038588 166.034758 166.032107 166.030045 166.028867 166.028867 166.029162 166.030340 166.032402 166.035642 166.040061 0.000000 0.000000 0.000000 0.000000 0.000000 
0.000000 166.038293 166.034758 166.032402 166.030340 166.029751 166.029751 166.030045 166.031518 166.033875 166.037115 166.041533 0.000000 0.000000 0.000000 0.000000 0.000000 
0.000000 166.037999 166.034758 166.032402 166.030929 166.030340 166.030635 166.030929 166.032697 166.035348 166.038588 0.000000 0.000000 0.000000 0.000000 0.000000 0.000000 
166.041239 166.037704 166.035053 166.032697 166.031518 166.031224 166.031224 166.032107 166.033875 166.036526 166.040355 0.000000 0.000000 0.000000 0.000000 0.000000 0.000000 
166.040944 166.037704 166.035053 166.032991 166.032107 166.032107 166.032107 166.033286 166.035053 166.037999 166.041667 0.000000 0.000000 0.000000 0.000000 0.000000 0.000000 
166.040650 166.037704 166.035348 166.033580 166.032697 166.032697 166.033286 166.034169 166.036526 166.039177 0.000000 0.000000 0.000000 0.000000 0.000000 0.000000 0.000000 
166.040650 166.037704 166.035348 166.034169 166.033580 166.033580 166.033875 166.035642 166.037704 166.040650 0.000000 0.000000 0.000000 0.000000 0.000000 0.000000 0.000000 
166.040355 166.037999 166.035642 166.034758 166.034169 166.034464 166.035053 166.036820 166.039177 0.000000 0.000000 0.000000 0.000000 0.000000 0.000000 0.000000 0.000000 
166.040355 166.037999 166.035937 166.035053 166.035053 166.035348 166.036231 166.037999 166.040650 0.000000 0.000000 0.000000 0.000000 0.000000 0.000000 0.000000 0.000000 
166.040355 166.038293 166.036526 166.035937 166.035937 166.036231 166.037115 166.039177 0.000000 0.000000 0.000000 0.000000 0.000000 0.000000 0.000000 0.000000 0.000000 
166.040650 166.038293 166.037115 166.036526 166.036820 166.037115 166.038293 166.040650 0.000000 0.000000 0.000000 0.000000 0.000000 0.000000 0.000000 0.000000 0.000000 
166.040650 166.038588 166.037704 166.037410 166.037410 166.037999 166.039471 166.041667 0.000000 0.000000 0.000000 0.000000 0.000000 0.000000 0.000000 0.000000 0.000000 
166.040944 166.039177 166.038293 166.037999 166.038293 166.038882 166.040650 0.000000 0.000000 0.000000 0.000000 0.000000 0.000000 0.000000 0.000000 0.000000 0.000000 
166.041239 166.039766 166.038882 166.038882 166.039177 166.040061 0.000000 0.000000 0.000000 0.000000 0.000000 0.000000 0.000000 0.000000 0.000000 0.000000 0.000000 
166.041239 166.040061 166.039766 166.039766 166.040061 166.041239 0.000000 0.000000 0.000000 0.000000 0.000000 0.000000 0.000000 0.000000 0.000000 0.000000 0.000000 
166.041667 166.040944 166.040355 166.040650 166.040944 0.000000 0.000000 0.000000 0.000000 0.000000 0.000000 0.000000 0.000000 0.000000 0.000000 0.000000 0.000000 
0.000000 166.041239 166.041239 166.041533 0.000000 0.000000 0.000000 0.000000 0.000000 0.000000 0.000000 0.000000 0.000000 0.000000 0.000000 0.000000 0.000000 
