test/output/constant/M3M485_S060_A000_WD225.0_WS005.0/M3M485_S060_A000_WD225.0_WS005.0_ros.asc
ncols         43
nrows         11
xllcorner     422503.990666
yllcorner     12748455.311160
cellsize      100.000000
NODATA_value  0.000000
0.000000 0.000000 0.000000 0.000000 0.000000 0.000000 68.407028 63.994534 60.691456 46.671703 60.691456 60.691456 51.896313 60.691456 46.671703 46.671703 46.671703 4.204055 51.896313 2.580497 51.896313 60.691456 0.000000 0.000000 0.000000 0.000000 0.000000 0.000000 0.000000 0.000000 0.000000 0.000000 0.000000 0.000000 0.000000 0.000000 0.000000 0.000000 0.000000 0.000000 0.000000 0.000000 0.000000 
0.000000 0.000000 68.407028 68.407028 68.407028 68.407028 51.896313 68.407028 66.426201 68.407028 68.407028 66.426201 63.994534 68.407028 63.994534 51.896313 56.617416 46.671703 56.617416 46.671703 46.671703 46.671703 46.671703 2.580497 4.204055 46.671703 4.204055 1.675415 4.204055 0.000000 0.000000 0.000000 0.000000 0.000000 0.000000 0.000000 0.000000 0.000000 0.000000 0.000000 0.000000 0.000000 0.000000 
68.407028 51.896313 68.407028 68.407028 68.407028 68.407028 68.407028 66.426201 66.426201 68.407028 66.426201 68.407028 66.426201 68.407028 68.407028 68.407028 68.407028 60.691456 56.617416 63.994534 51.896313 46.671703 56.617416 46.671703 46.671703 51.896313 2.580497 4.204055 51.896313 46.671703 4.204055 46.671703 4.204055 0.000000 0.000000 0.000000 0.000000 0.000000 0.000000 0.000000 0.000000 0.000000 0.000000 
68.407028 68.407028 68.407028 63.994534 68.407028 68.407028 68.407028 68.407028 68.407028 68.407028 68.407028 68.407028 68.407028 68.407028 66.426201 68.407028 68.407028 66.426201 68.407028 60.691456 68.407028 67.912483 51.896313 63.994534 46.671703 60.691456 46.671703 56.617416 46.671703 46.671703 1.675415 46.671703 46.671703 1.323212 2.580497 2.039115 2.039115 0.000000 0.000000 0.000000 0.000000 0.000000 0.000000 
57.029789 57.029789 68.407028 68.407028 68.407028 68.407028 57.029789 68.407028 68.407028 68.407028 68.407028 68.407028 68.407028 63.994534 68.407028 68.407028 66.426201 68.407028 68.407028 68.407028 68.407028 68.407028 68.407028 56.617416 51.896313 68.407028 67.912483 63.994534 67.912483 56.617416 51.896313 46.671703 2.580497 2.039115 46.671703 51.896313 46.671703 41.102459 1.323212 0.000000 0.000000 0.000000 0.000000 
0.000000 57.029789 61.037304 57.029789 68.407028 57.029789 57.029789 57.029789 57.029789 68.407028 57.029789 57.029789 57.029789 68.407028 68.407028 68.407028 68.407028 68.407028 68.407028 68.407028 68.407028 68.407028 68.271896 68.407028 68.407028 68.407028 68.271896 68.407028 60.691456 68.407028 68.407028 68.407028 68.407028 68.407028 66.426201 46.671703 2.580497 2.580497 46.671703 1.323212 1.323212 0.000000 0.000000 
0.000000 0.000000 0.000000 57.029789 57.029789 57.029789 61.037304 57.029789 57.029789 57.029789 57.029789 66.608093 57.029789 64.262711 57.029789 57.029789 68.407028 57.029789 57.029789 57.029789 64.262711 57.029789 68.407028 68.407028 57.029789 68.407028 68.407028 68.407028 68.407028 68.407028 68.407028 68.407028 68.407028 68.407028 68.407028 68.407028 68.407028 63.994534 66.426201 46.671703 4.204055 1.675415 0.000000 
0.000000 0.000000 0.000000 0.000000 0.000000 61.037304 57.029789 57.029789 57.029789 57.029789 57.029789 57.029789 61.037304 57.029789 57.029789 57.029789 57.029789 57.029789 57.029789 61.037304 57.029789 57.029789 57.029789 57.029789 57.029789 57.029789 57.029789 57.029789 57.029789 57.029789 57.029789 57.029789 61.037304 57.029789 68.407028 57.029789 68.407028 68.407028 68.407028 68.407028 68.407028 -1.000000 1.110320 
0.000000 0.000000 0.000000 0.000000 0.000000 0.000000 0.000000 0.000000 0.000000 57.029789 57.029789 57.029789 57.029789 57.029789 57.029789 57.029789 57.029789 57.029789 57.029789 57.029789 57.029789 57.029789 61.037304 57.029789 57.029789 57.029789 57.029789 57.029789 57.029789 57.029789 57.029789 57.029789 57.029789 57.029789 57.029789 57.029789 57.029789 35.886917 30.127947 24.525339 1.110320 1.675415 0.000000 
0.000000 0.000000 0.000000 0.000000 0.000000 0.000000 0.000000 0.000000 0.000000 0.000000 0.000000 0.000000 0.000000 61.037304 57.029789 57.029789 57.029789 57.029789 57.029789 57.029789 57.029789 57.029789 57.029789 57.029789 57.029789 57.029789 57.029789 24.525339 19.249062 57.029789 57.029789 24.525339 19.249062 24.525339 41.627445 47.175243 30.127947 2.631061 35.886917 1.110320 1.298818 0.000000 0.000000 
0.000000 0.000000 0.000000 0.000000 0.000000 0.000000 0.000000 0.000000 0.000000 0.000000 0.000000 0.000000 0.000000 0.000000 0.000000 0.000000 0.000000 0.000000 0.000000 0.000000 0.000000 0.000000 57.029789 24.525339 30.127947 35.886917 57.029789 35.886917 35.886917 57.029789 35.886917 35.886917 30.127947 30.127947 0.000000 0.000000 0.000000 0.000000 0.000000 0.000000 0.000000 0.000000 0.000000 
