test/output/constant/M3100_S060_A090_WD315.0_WS010.0/M3100_S060_A090_WD315.0_WS010.0_ros.asc
ncols         15
nrows         64
xllcorner     426403.990666
yllcorner     12742455.311160
cellsize      100.000000
NODATA_value  0.000000
0.000000 0.714105 -1.000000 1.359657 0.000000 0.000000 0.000000 0.000000 0.000000 0.000000 0.000000 0.000000 0.000000 0.000000 0.000000 
0.000000 21.811775 106.047592 72.758850 1.359657 0.000000 0.000000 0.000000 0.000000 0.000000 0.000000 0.000000 0.000000 0.000000 0.000000 
0.000000 29.479622 106.047592 94.560356 1.226365 0.000000 0.000000 0.000000 0.000000 0.000000 0.000000 0.000000 0.000000 0.000000 0.000000 
0.000000 55.873440 106.047592 88.265434 64.018661 64.018661 0.000000 0.000000 0.000000 0.000000 0.000000 0.000000 0.000000 0.000000 0.000000 
29.479622 29.479622 106.047592 106.047592 72.758850 64.018661 0.000000 0.000000 0.000000 0.000000 0.000000 0.000000 0.000000 0.000000 0.000000 
29.479622 55.873440 100.053856 106.047592 80.923859 80.923859 0.738174 0.000000 0.000000 0.000000 0.000000 0.000000 0.000000 0.000000 0.000000 
29.479622 29.479622 105.576347 106.047592 106.047592 72.758850 64.018661 0.000000 0.000000 0.000000 0.000000 0.000000 0.000000 0.000000 0.000000 
37.885113 81.704193 106.047592 106.047592 99.617233 72.758850 64.018661 0.000000 0.000000 0.000000 0.000000 0.000000 0.000000 0.000000 0.000000 
37.885113 64.910019 46.773018 106.047592 106.047592 72.758850 0.738174 64.018661 0.000000 0.000000 0.000000 0.000000 0.000000 0.000000 0.000000 
37.885113 64.910019 29.479622 106.047592 106.047592 106.047592 0.738174 72.758850 0.000000 0.000000 0.000000 0.000000 0.000000 0.000000 0.000000 
29.479622 29.479622 100.053856 106.047592 106.047592 106.047592 72.758850 72.758850 0.000000 0.000000 0.000000 0.000000 0.000000 0.000000 0.000000 
37.885113 64.910019 73.608330 106.047592 106.047592 99.617233 72.758850 64.018661 72.758850 0.000000 0.000000 0.000000 0.000000 0.000000 0.000000 
55.873440 37.885113 81.704193 106.047592 106.047592 105.879921 72.758850 72.758850 0.738174 0.000000 0.000000 0.000000 0.000000 0.000000 0.000000 
55.873440 64.910019 46.773018 106.047592 106.047592 106.047592 106.047592 72.758850 72.758850 0.000000 0.000000 0.000000 0.000000 0.000000 0.000000 
29.479622 55.873440 29.479622 88.951729 106.047592 106.047592 103.282295 72.758850 72.758850 0.000000 0.000000 0.000000 0.000000 0.000000 0.000000 
64.910019 64.910019 81.704193 106.047592 106.047592 106.047592 103.282295 72.758850 72.758850 64.018661 0.000000 0.000000 0.000000 0.000000 0.000000 
55.873440 73.608330 55.873440 81.704193 106.047592 99.617233 80.923859 103.282295 80.923859 72.758850 0.000000 0.000000 0.000000 0.000000 0.000000 
29.479622 64.910019 29.479622 100.053856 106.047592 106.047592 94.560356 105.444092 80.923859 72.758850 0.000000 0.000000 0.000000 0.000000 0.000000 
64.910019 55.873440 81.704193 106.047592 106.047592 106.047592 106.047592 94.560356 72.758850 72.758850 0.000000 0.000000 0.000000 0.000000 0.000000 
55.873440 73.608330 55.873440 37.885113 106.047592 106.047592 99.617233 94.560356 72.758850 72.758850 72.758850 0.000000 0.000000 0.000000 0.000000 
46.773018 64.910019 46.773018 81.704193 106.047592 106.047592 106.047592 106.047592 103.282295 72.758850 80.923859 0.000000 0.000000 0.000000 0.000000 
55.873440 46.773018 88.951729 95.130836 106.047592 106.047592 106.047592 80.923859 94.560356 72.758850 72.758850 0.000000 0.000000 0.000000 0.000000 
0.000000 81.704193 55.873440 100.053856 106.047592 106.047592 106.047592 103.282295 94.560356 94.560356 80.923859 0.000000 0.000000 0.000000 0.000000 
0.000000 55.873440 46.773018 103.571281 106.047592 106.047592 106.047592 99.617233 106.047592 105.444092 80.923859 0.000000 0.000000 0.000000 0.000000 
0.000000 46.773018 88.951729 100.053856 106.047592 106.047592 106.047592 103.282295 99.617233 72.758850 72.758850 72.758850 0.000000 0.000000 0.000000 
0.000000 64.910019 55.873440 81.704193 88.951729 106.047592 106.047592 106.047592 106.047592 103.282295 72.758850 72.758850 0.000000 0.000000 0.000000 
0.000000 64.910019 29.479622 81.704193 105.576347 106.047592 103.282295 106.047592 94.560356 106.047592 72.758850 72.758850 0.000000 0.000000 0.000000 
0.000000 37.885113 88.951729 46.773018 100.053856 106.047592 106.047592 106.047592 88.265434 106.047592 99.617233 72.758850 0.000000 0.000000 0.000000 
0.000000 64.910019 73.608330 37.885113 88.951729 106.047592 106.047592 106.047592 106.047592 105.444092 72.758850 72.758850 0.000000 0.000000 0.000000 
0.000000 64.910019 64.910019 88.951729 106.047592 106.047592 106.047592 105.444092 106.047592 106.047592 72.758850 72.758850 80.923859 0.000000 0.000000 
0.000000 37.885113 21.811775 88.951729 106.047592 106.047592 106.047592 106.047592 105.879921 80.923859 106.047592 106.047592 80.923859 0.000000 0.000000 
0.000000 64.910019 73.608330 64.910019 81.704193 46.773018 106.047592 106.047592 105.879921 106.047592 103.282295 103.282295 72.758850 0.000000 0.000000 
0.000000 0.000000 64.910019 55.873440 95.130836 106.047592 106.047592 106.047592 106.047592 106.047592 94.560356 103.282295 80.923859 0.000000 0.000000 
0.000000 0.000000 88.951729 88.951729 105.576347 103.571281 106.047592 106.047592 106.047592 106.047592 106.047592 105.879921 88.265434 0.000000 0.000000 
0.000000 0.000000 64.910019 73.608330 106.047592 106.047592 88.951729 106.047592 105.444092 106.047592 99.617233 105.444092 80.923859 0.000000 0.000000 
0.000000 0.000000 64.910019 64.910019 29.479622 106.047592 106.047592 106.047592 105.444092 106.047592 80.923859 105.879921 106.047592 0.000000 0.000000 
0.000000 0.000000 81.704193 37.885113 88.951729 81.704193 95.130836 106.047592 94.560356 94.560356 106.047592 106.047592 106.047592 72.758850 0.000000 
0.000000 0.000000 64.910019 100.053856 88.951729 103.571281 106.047592 106.047592 106.047592 106.047592 105.879921 105.879921 88.265434 72.758850 0.000000 
0.000000 0.000000 29.479622 73.608330 95.130836 46.773018 106.047592 106.047592 106.047592 105.444092 106.047592 72.758850 103.282295 72.758850 0.000000 
0.000000 0.000000 81.704193 64.910019 95.130836 81.704193 64.910019 106.047592 105.879921 106.047592 106.047592 103.282295 88.265434 88.265434 0.000000 
0.000000 0.000000 0.000000 105.576347 64.910019 106.047592 95.130836 106.047592 106.047592 106.047592 88.265434 80.923859 106.047592 99.617233 0.000000 
0.000000 0.000000 0.000000 88.951729 55.873440 106.047592 106.047592 106.047592 106.047592 106.047592 94.560356 103.282295 99.617233 105.444092 0.000000 
0.000000 0.000000 0.000000 64.910019 105.576347 73.608330 73.608330 106.047592 106.047592 106.047592 105.444092 106.047592 106.047592 99.617233 0.000000 
0.000000 0.000000 0.000000 21.811775 88.951729 95.130836 106.047592 106.047592 106.047592 106.047592 106.047592 99.617233 99.617233 106.047592 0.000000 
0.000000 0.000000 0.000000 29.479622 88.951729 103.571281 55.873440 106.047592 106.047592 106.047592 105.879921 103.282295 94.560356 103.282295 0.000000 
0.000000 0.000000 0.000000 0.000000 88.951729 106.047592 100.053856 106.047592 106.047592 103.282295 103.282295 106.047592 80.923859 103.282295 0.000000 
0.000000 0.000000 0.000000 0.000000 81.704193 46.773018 106.047592 106.047592 106.047592 99.617233 103.282295 94.560356 106.047592 106.047592 0.000000 
0.000000 0.000000 0.000000 0.000000 105.946228 81.704193 88.951729 106.047592 106.047592 106.047592 106.047592 106.047592 105.444092 103.282295 0.000000 
0.000000 0.000000 0.000000 0.000000 88.951729 100.053856 106.047592 106.047592 106.047592 106.047592 106.047592 105.879921 94.560356 80.923859 0.000000 
0.000000 0.000000 0.000000 0.000000 0.000000 103.571281 46.773018 29.479622 106.047592 106.047592 106.047592 106.047592 106.047592 103.282295 0.000000 
0.000000 0.000000 0.000000 0.000000 0.000000 106.047592 88.951729 46.773018 106.047592 106.047592 106.047592 106.047592 103.282295 88.265434 0.000000 
0.000000 0.000000 0.000000 0.000000 0.000000 37.885113 106.047592 95.130836 106.047592 106.047592 106.047592 106.047592 106.047592 103.282295 0.000000 
0.000000 0.000000 0.000000 0.000000 0.000000 46.773018 106.047592 106.047592 106.047592 106.047592 106.047592 106.047592 103.282295 88.265434 103.282295 
0.000000 0.000000 0.000000 0.000000 0.000000 0.000000 37.885113 100.053856 106.047592 106.047592 103.282295 94.560356 106.047592 103.282295 106.047592 
0.000000 0.000000 0.000000 0.000000 0.000000 0.000000 88.951729 106.047592 106.047592 106.047592 106.047592 105.879921 99.617233 94.560356 0.000000 
0.000000 0.000000 0.000000 0.000000 0.000000 0.000000 100.053856 37.885113 106.047592 106.047592 105.879921 106.047592 106.047592 103.282295 0.000000 
0.000000 0.000000 0.000000 0.000000 0.000000 0.000000 0.000000 106.047592 55.873440 81.704193 106.047592 106.047592 106.047592 106.047592 0.000000 
0.000000 0.000000 0.000000 0.000000 0.000000 0.000000 0.000000 106.047592 95.130836 106.047592 106.047592 106.047592 106.047592 106.047592 0.000000 
0.000000 0.000000 0.000000 0.000000 0.000000 0.000000 0.000000 0.000000 106.047592 106.047592 106.047592 106.047592 94.560356 105.444092 0.000000 
0.000000 0.000000 0.000000 0.000000 0.000000 0.000000 0.000000 0.000000 105.946228 106.047592 106.047592 105.879921 106.047592 106.047592 0.000000 
0.000000 0.000000 0.000000 0.000000 0.000000 0.000000 0.000000 0.000000 106.047592 106.047592 106.047592 106.047592 106.047592 106.047592 0.000000 
0.000000 0.000000 0.000000 0.000000 0.000000 0.000000 0.000000 0.000000 0.000000 106.047592 106.047592 106.047592 106.047592 106.047592 0.000000 
0.000000 0.000000 0.000000 0.000000 0.000000 0.000000 0.000000 0.000000 0.000000 106.047592 106.047592 106.047592 106.047592 0.000000 0.000000 
0.000000 0.000000 0.000000 0.000000 0.000000 0.000000 0.000000 0.000000 0.000000 0.000000 106.047592 106.047592 106.047592 0.000000 0.000000 
