test/output/constant/M3M495_S060_A090_WD225.0_WS010.0/M3M495_S060_A090_WD225.0_WS010.0_raz.asc
ncols         14
nrows         44
xllcorner     426403.990666
yllcorner     12744555.311160
cellsize      100.000000
NODATA_value  0.000000
0 9 77 57 0 0 0 0 0 0 0 0 0 0 
0 325 254 77 57 0 0 0 0 0 0 0 0 0 
0 186 167 161 77 77 0 0 0 0 0 0 0 0 
194 189 167 162 158 88 0 0 0 0 0 0 0 0 
189 194 167 165 160 57 88 0 0 0 0 0 0 0 
186 178 167 167 165 158 158 0 0 0 0 0 0 0 
189 194 167 167 167 158 158 77 0 0 0 0 0 0 
186 178 167 167 167 167 158 156 0 0 0 0 0 0 
189 178 170 167 167 166 158 158 0 0 0 0 0 0 
189 178 180 167 161 167 160 158 156 0 0 0 0 0 
200 180 170 167 167 167 167 158 160 0 0 0 0 0 
180 183 174 171 167 167 165 158 158 160 0 0 0 0 
194 180 186 167 167 167 167 77 57 158 0 0 0 0 
178 186 172 168 167 166 165 160 160 160 0 0 0 0 
183 177 175 167 167 167 167 167 164 158 158 0 0 0 
180 178 194 167 167 167 167 167 158 158 158 0 0 0 
0 174 172 167 167 167 164 160 165 165 160 0 0 0 
0 177 183 167 168 167 167 166 167 160 158 0 0 0 
0 194 171 170 167 167 167 167 164 162 160 158 0 0 
0 177 175 180 167 167 167 167 162 166 158 158 0 0 
0 174 171 194 171 167 167 167 164 167 164 158 0 0 
0 178 174 167 186 167 167 167 167 165 162 160 0 0 
0 189 194 170 180 167 167 167 167 164 165 165 165 0 
0 0 177 171 171 167 167 167 167 165 160 164 158 0 
0 0 183 189 167 167 167 167 167 167 167 160 160 0 
0 0 175 172 167 174 167 167 167 167 161 167 167 0 
0 0 178 177 167 186 167 167 167 165 164 165 165 0 
0 0 174 194 167 172 167 167 167 167 165 167 164 0 
0 0 0 170 167 167 167 167 167 167 167 161 158 162 
0 0 0 175 174 167 167 167 167 167 167 167 167 167 
0 0 0 167 189 167 168 167 167 167 167 167 167 165 
0 0 0 0 167 186 167 167 167 167 167 167 160 166 
0 0 0 0 167 183 168 167 167 164 167 167 161 167 
0 0 0 0 171 167 167 167 167 167 166 167 164 160 
0 0 0 0 0 167 167 167 167 168 167 167 167 164 
0 0 0 0 0 167 186 167 167 167 161 167 167 164 
0 0 0 0 0 167 168 168 174 167 167 165 167 167 
0 0 0 0 0 0 167 167 167 167 166 167 167 167 
0 0 0 0 0 0 167 167 167 167 167 167 167 167 
0 0 0 0 0 0 0 167 167 167 167 167 164 167 
0 0 0 0 0 0 0 168 167 167 167 167 166 167 
0 0 0 0 0 0 0 0 167 167 167 167 165 0 
0 0 0 0 0 0 0 0 0 167 167 167 167 0 
0 0 0 0 0 0 0 0 0 0 167 166 0 0 
