test/output/constant/M3M495_S060_A090_WD315.0_WS005.0/M3M495_S060_A090_WD315.0_WS005.0_intensity.asc
ncols         12
nrows         56
xllcorner     426303.990666
yllcorner     12743255.311160
cellsize      100.000000
NODATA_value  0.000000
0 0 638 0 1163 0 0 0 0 0 0 0 
0 0 638 83902 57545 822 0 0 0 0 0 0 
0 808 29807 83902 81679 822 0 0 0 0 0 0 
0 808 36792 83902 63989 63989 43517 0 0 0 0 0 
0 57961 51086 83902 74765 63989 57545 0 0 0 0 0 
0 29807 36792 83902 83902 57545 2307 0 0 0 0 0 
0 29807 51086 83902 83902 69788 50651 50651 0 0 0 0 
0 51086 51086 83902 57545 83902 57545 50651 0 0 0 0 
43958 57961 51086 83902 83769 57545 63989 57545 0 0 0 0 
43958 51086 70125 83902 83902 63989 57545 57545 0 0 0 0 
43958 36792 70125 83902 83902 83769 74765 57545 63989 0 0 0 
36792 51086 75046 83902 83902 83405 74765 63989 1163 0 0 0 
43958 51086 83902 57961 83902 83902 63989 57545 57545 0 0 0 
57961 57961 78985 70125 83902 83405 57545 57545 57545 0 0 0 
51086 51086 78985 81823 83902 78769 78769 69788 57545 0 0 0 
51086 23214 83902 75046 83902 83902 63989 74765 57545 50651 0 0 
43958 23214 78985 75046 83902 83902 74765 83902 78769 63989 0 0 
36792 70125 81823 83902 83902 83902 83902 57545 63989 57545 0 0 
36792 36792 78985 83902 83902 83902 83902 57545 57545 57545 0 0 
36792 51086 78985 83803 83902 83902 83405 74765 69788 57545 0 0 
51086 36792 83902 81823 83902 83902 83902 57545 69788 63989 0 0 
36792 70125 83472 81823 83902 83769 81679 69788 57545 57545 0 0 
36792 64372 78985 83472 83902 83902 83902 83405 63989 78769 74765 0 
29807 43958 81823 78985 83902 83405 81679 69788 63989 78769 57545 0 
43958 70125 81823 78985 75046 83902 83902 74765 74765 69788 78769 0 
57961 57961 83902 83472 83902 83902 83902 78769 63989 83902 69788 0 
64372 64372 83902 83902 83902 83902 81679 83902 78769 83902 57545 0 
70125 70125 81823 81823 83902 83902 83902 78769 69788 57545 57545 0 
36792 70125 29807 81823 83902 83902 83902 83902 74765 57545 69788 0 
29807 75046 43958 83902 83902 83902 83902 78769 78769 63989 78769 0 
43958 83902 36792 83902 83902 83902 83902 83902 78769 57545 57545 0 
0 78985 57961 83803 83902 83902 83902 83902 81679 69788 63989 57545 
0 36792 57961 43958 83902 83902 83902 83902 83902 69788 57545 78769 
0 57961 57961 51086 83902 83902 83902 69788 78769 63989 57545 57545 
0 57961 64372 51086 70125 83902 83902 81679 83902 63989 63989 83902 
0 64372 64372 64372 83902 43958 83902 78769 83902 69788 57545 83902 
0 64372 64372 64372 83902 83902 83902 83902 83902 78769 69788 83902 
0 64372 64372 64372 83902 83902 83902 83902 74765 57545 69788 63989 
0 70125 70125 75046 57961 83902 83769 78769 83902 63989 57545 74765 
0 70125 70125 70125 78985 70125 83902 83902 83902 74765 74765 57545 
0 0 70125 70125 70125 83902 83902 83902 83902 83902 57545 63989 
0 0 70125 70125 70125 83902 83902 83902 83902 83902 81679 78769 
0 0 70125 70125 70125 83902 83902 83902 78769 78769 83405 78769 
0 0 70125 70125 75046 83902 83902 83902 83902 83902 63989 57545 
0 0 70125 70125 75046 83902 83902 83902 81679 83902 74765 78769 
0 0 0 75046 75046 83902 83902 83902 78769 83902 81679 0 
0 0 0 75046 75046 83902 83902 83902 83902 83902 83769 0 
0 0 0 70125 83902 70125 83902 83902 78769 69788 83902 0 
0 0 0 70125 83902 83902 83902 83902 83405 83405 78769 0 
0 0 0 0 83902 83902 83902 83769 83902 83902 83902 0 
0 0 0 0 83902 78985 83902 83902 83902 69788 83405 0 
0 0 0 0 83902 70125 83902 83902 83902 83902 83902 0 
0 0 0 0 0 83902 83902 83902 83902 83902 0 0 
0 0 0 0 0 83902 83902 83405 83902 63989 0 0 
0 0 0 0 0 0 70125 83902 83902 83902 0 0 
0 0 0 0 0 0 83902 83902 83902 0 0 0 
