test/output/constant/C3_S000_A000_WD000.0_WS050.0/C3_S000_A000_WD000.0_WS050.0_arrival.asc
ncols         7
nrows         40
xllcorner     426303.990666
yllcorner     12744855.311160
cellsize      100.000000
NODATA_value  0.000000
0.000000 0.000000 0.000000 166.000000 0.000000 0.000000 0.000000 
0.000000 0.000000 166.011461 166.000849 166.011461 0.000000 0.000000 
0.000000 0.000000 166.008065 166.001698 166.008065 0.000000 0.000000 
0.000000 166.038203 166.007216 166.002971 166.007216 166.038203 0.000000 
0.000000 166.030987 166.006792 166.003820 166.006792 166.030987 0.000000 
0.000000 166.026318 166.007216 166.005094 166.007216 166.026318 0.000000 
0.000000 166.023771 166.008065 166.005943 166.008065 166.023771 0.000000 
0.000000 166.022497 166.008914 166.007216 166.008914 166.022497 0.000000 
0.000000 166.021648 166.009763 166.008065 166.009763 166.021648 0.000000 
0.000000 166.020800 166.010612 166.009339 166.010612 166.020800 0.000000 
166.039901 166.020375 166.011461 166.010188 166.011461 166.020375 166.039901 
166.038203 166.020375 166.012734 166.011461 166.012734 166.020375 166.038203 
166.036930 166.020375 166.013583 166.012310 166.013583 166.020375 166.036930 
166.036081 166.020800 166.014432 166.013583 166.014432 166.020800 166.036081 
166.035232 166.021648 166.015706 166.014432 166.015706 166.021648 166.035232 
166.034383 166.022073 166.016555 166.015706 166.016555 166.022073 166.034383 
166.033958 166.022922 166.017404 166.016555 166.017404 166.022922 166.033958 
166.033958 166.023771 166.018677 166.017828 166.018677 166.023771 166.033958 
166.033958 166.024195 166.019526 166.018677 166.019526 166.024195 166.033958 
166.033958 166.025044 166.020800 166.019951 166.020800 166.025044 166.033958 
166.033958 166.025893 166.021648 166.020800 166.021648 166.025893 166.033958 
166.034383 166.026742 166.022497 166.022073 166.022497 166.026742 166.034383 
166.034807 166.027591 166.023771 166.022922 166.023771 166.027591 166.034807 
166.035656 166.028440 166.024620 166.024195 166.024620 166.028440 166.035656 
166.036081 166.029289 166.025893 166.025044 166.025893 166.029289 166.036081 
166.036930 166.030138 166.026742 166.026318 166.026742 166.030138 166.036930 
166.037779 166.031412 166.028016 166.027167 166.028016 166.031412 166.037779 
166.038628 166.032260 166.028865 166.028440 166.028865 166.032260 166.038628 
166.039052 166.033109 166.030138 166.029289 166.030138 166.033109 166.039052 
166.039901 166.034383 166.030987 166.030563 166.030987 166.034383 166.039901 
166.040750 166.035232 166.032260 166.031412 166.032260 166.035232 166.040750 
166.041599 166.036081 166.033109 166.032685 166.033109 166.036081 166.041599 
0.000000 166.036930 166.034383 166.033534 166.034383 166.036930 0.000000 
0.000000 166.038203 166.035232 166.034807 166.035232 166.038203 0.000000 
0.000000 166.039052 166.036505 166.035656 166.036505 166.039052 0.000000 
0.000000 166.039901 166.037354 166.036930 166.037354 166.039901 0.000000 
0.000000 166.041175 166.038628 166.037779 166.038628 166.041175 0.000000 
0.000000 0.000000 166.039477 166.039052 166.039477 0.000000 0.000000 
0.000000 0.000000 166.040750 166.039901 166.040750 0.000000 0.000000 
0.000000 0.000000 166.041599 166.041175 166.041599 0.000000 0.000000 
