test/output/constant/M395_S060_A090_WD225.0_WS010.0/M395_S060_A090_WD225.0_WS010.0_arrival.asc
ncols         15
nrows         46
xllcorner     426403.990666
yllcorner     12744355.311160
cellsize      100.000000
NODATA_value  0.000000
0.000000 166.036300 166.024684 166.033396 0.000000 0.000000 0.000000 0.000000 0.000000 0.000000 0.000000 0.000000 0.000000 0.000000 0.000000 
0.000000 166.014520 166.000000 166.005808 166.030855 0.000000 0.000000 0.000000 0.000000 0.000000 0.000000 0.000000 0.000000 0.000000 0.000000 
166.040656 166.011253 166.000726 166.002178 166.016698 166.039567 0.000000 0.000000 0.000000 0.000000 0.000000 0.000000 0.000000 0.000000 0.000000 
166.035937 166.011253 166.001452 166.002178 166.009075 166.026499 0.000000 0.000000 0.000000 0.000000 0.000000 0.000000 0.000000 0.000000 0.000000 
166.032307 166.011616 166.002541 166.002541 166.006171 166.018150 166.036663 0.000000 0.000000 0.000000 0.000000 0.000000 0.000000 0.000000 0.000000 
166.031218 166.012342 166.003630 166.003630 166.005808 166.013431 166.027951 0.000000 0.000000 0.000000 0.000000 0.000000 0.000000 0.000000 0.000000 
166.031581 166.013794 166.005082 166.004356 166.005445 166.010890 166.021780 166.037752 0.000000 0.000000 0.000000 0.000000 0.000000 0.000000 0.000000 
166.031218 166.014883 166.006534 166.005445 166.005808 166.009801 166.018150 166.031218 0.000000 0.000000 0.000000 0.000000 0.000000 0.000000 0.000000 
166.031581 166.016698 166.007986 166.006171 166.006171 166.009438 166.015246 166.026499 166.040656 0.000000 0.000000 0.000000 0.000000 0.000000 0.000000 
166.032307 166.018150 166.009438 166.007260 166.007260 166.009075 166.013794 166.022869 166.035211 0.000000 0.000000 0.000000 0.000000 0.000000 0.000000 
166.033033 166.019602 166.011253 166.008349 166.007986 166.009438 166.013068 166.019965 166.030492 0.000000 0.000000 0.000000 0.000000 0.000000 0.000000 
166.034122 166.021054 166.012705 166.009438 166.009075 166.009438 166.013068 166.018513 166.027225 166.039204 0.000000 0.000000 0.000000 0.000000 0.000000 
166.034848 166.022869 166.014157 166.010527 166.010164 166.010164 166.012705 166.017424 166.024684 166.035211 0.000000 0.000000 0.000000 0.000000 0.000000 
166.035937 166.024321 166.015972 166.011979 166.010890 166.010890 166.012705 166.016698 166.022869 166.031944 0.000000 0.000000 0.000000 0.000000 0.000000 
166.037752 166.026136 166.017424 166.013431 166.011979 166.011979 166.013068 166.016698 166.021417 166.029040 166.039930 0.000000 0.000000 0.000000 0.000000 
166.039204 166.027588 166.019239 166.014883 166.013068 166.012705 166.013431 166.016335 166.020691 166.027588 166.036663 0.000000 0.000000 0.000000 0.000000 
166.040293 166.029403 166.020691 166.016335 166.014157 166.013794 166.014157 166.016335 166.020328 166.026136 166.033759 0.000000 0.000000 0.000000 0.000000 
0.000000 166.030855 166.022143 166.017787 166.015246 166.014883 166.014883 166.016698 166.020328 166.025047 166.031944 166.041019 0.000000 0.000000 0.000000 
0.000000 166.032307 166.023958 166.019239 166.016335 166.015609 166.015609 166.017061 166.019965 166.024321 166.030492 166.038478 0.000000 0.000000 0.000000 
0.000000 166.034122 166.025410 166.020691 166.017787 166.016698 166.016698 166.017424 166.019965 166.023958 166.029040 166.036300 0.000000 0.000000 0.000000 
0.000000 166.035574 166.027225 166.022143 166.019239 166.017424 166.017424 166.018150 166.020328 166.023958 166.028677 166.034848 0.000000 0.000000 0.000000 
0.000000 166.037389 166.028677 166.023958 166.020328 166.018876 166.018513 166.018513 166.020328 166.023595 166.027951 166.033759 166.041019 0.000000 0.000000 
0.000000 166.038841 166.030492 166.025410 166.021780 166.019965 166.019239 166.019602 166.020691 166.023595 166.027588 166.032670 166.039567 0.000000 0.000000 
0.000000 166.040656 166.031944 166.026862 166.023232 166.021054 166.020328 166.020328 166.021417 166.023595 166.027588 166.031944 166.038115 0.000000 0.000000 
0.000000 0.000000 166.033396 166.028314 166.024684 166.022143 166.021417 166.021417 166.021780 166.023958 166.027225 166.031581 166.037026 0.000000 0.000000 
0.000000 0.000000 166.035211 166.030129 166.026136 166.023595 166.022143 166.022143 166.022506 166.024321 166.027225 166.031218 166.036300 0.000000 0.000000 
0.000000 0.000000 166.036663 166.031581 166.027588 166.024684 166.023595 166.023232 166.023232 166.024684 166.027225 166.031218 166.035574 166.041382 0.000000 
0.000000 0.000000 166.038478 166.033033 166.029040 166.026136 166.024321 166.023958 166.024321 166.025047 166.027588 166.030855 166.035211 166.040293 0.000000 
0.000000 0.000000 166.039930 166.034848 166.030492 166.027588 166.025773 166.025047 166.025047 166.025773 166.027951 166.030855 166.034848 166.039567 0.000000 
0.000000 0.000000 166.041667 166.036300 166.031944 166.028677 166.026862 166.026136 166.025773 166.026499 166.028314 166.030855 166.034848 166.039204 0.000000 
0.000000 0.000000 0.000000 166.037752 166.033396 166.030129 166.027951 166.026862 166.026862 166.027225 166.028314 166.031218 166.034485 166.038841 0.000000 
0.000000 0.000000 0.000000 166.039567 166.034848 166.031581 166.029403 166.027951 166.027951 166.027951 166.029040 166.031218 166.034485 166.038478 0.000000 
0.000000 0.000000 0.000000 166.041019 166.036300 166.033033 166.030492 166.029040 166.028677 166.029040 166.029766 166.031581 166.034485 166.038478 0.000000 
0.000000 0.000000 0.000000 0.000000 166.038115 166.034485 166.031944 166.030129 166.029766 166.029766 166.030129 166.031944 166.034485 166.038115 0.000000 
0.000000 0.000000 0.000000 0.000000 166.039567 166.035937 166.033033 166.031218 166.030492 166.030492 166.030855 166.032307 166.034848 166.038115 0.000000 
0.000000 0.000000 0.000000 0.000000 166.041019 166.037026 166.034485 166.032670 166.031581 166.031581 166.031944 166.033033 166.035211 166.038115 0.000000 
0.000000 0.000000 0.000000 0.000000 0.000000 166.038478 166.035937 166.033759 166.032670 166.032670 166.032670 166.033396 166.035574 166.038115 166.041667 
0.000000 0.000000 0.000000 0.000000 0.000000 166.039930 166.037389 166.034848 166.033759 166.033396 166.033396 166.034122 166.035937 166.038478 166.041667 
0.000000 0.000000 0.000000 0.000000 0.000000 166.041382 166.038478 166.036300 166.034848 166.034485 166.034485 166.034848 166.036300 166.038478 166.041667 
0.000000 0.000000 0.000000 0.000000 0.000000 0.000000 166.039930 166.037389 166.035937 166.035211 166.035211 166.035574 166.037026 166.038841 166.041667 
0.000000 0.000000 0.000000 0.000000 0.000000 0.000000 166.041382 166.038841 166.037026 166.036300 166.036300 166.036300 166.037389 166.039204 0.000000 
0.000000 0.000000 0.000000 0.000000 0.000000 0.000000 0.000000 166.040293 166.038115 166.037389 166.037026 166.037389 166.038115 166.039567 0.000000 
0.000000 0.000000 0.000000 0.000000 0.000000 0.000000 0.000000 166.041382 166.039567 166.038478 166.038115 166.038115 166.038841 166.040293 0.000000 
0.000000 0.000000 0.000000 0.000000 0.000000 0.000000 0.000000 0.000000 166.040656 166.039567 166.039204 166.039204 166.039567 166.040656 0.000000 
0.000000 0.000000 0.000000 0.000000 0.000000 0.000000 0.000000 0.000000 0.000000 166.040656 166.039930 166.039930 166.040293 166.041382 0.000000 
0.000000 0.000000 0.000000 0.000000 0.000000 0.000000 0.000000 0.000000 0.000000 166.041667 166.041019 166.041019 166.041019 0.000000 0.000000 
