test/output/constant/M390_S060_A180_WD090.0_WS015.0/M390_S060_A180_WD090.0_WS015.0_arrival.asc
ncols         33
nrows         11
xllcorner     426403.990666
yllcorner     12748255.311160
cellsize      100.000000
NODATA_value  0.000000
0.000000 0.000000 0.000000 0.000000 0.000000 0.000000 0.000000 0.000000 0.000000 0.000000 0.000000 0.000000 166.041091 166.040543 166.039996 166.039448 166.039448 166.039448 166.039448 166.039448 166.039996 166.040543 166.041091 166.041639 0.000000 0.000000 0.000000 0.000000 0.000000 0.000000 0.000000 0.000000 0.000000 
0.000000 0.000000 0.000000 0.000000 0.000000 0.000000 166.041639 166.037804 166.035065 166.032873 166.031777 166.031229 166.030681 166.030681 166.030681 166.030681 166.031229 166.031777 166.032325 166.032873 166.033969 166.035065 166.035612 166.036708 166.037804 166.038900 166.039996 166.041091 166.041639 0.000000 0.000000 0.000000 0.000000 
0.000000 0.000000 0.000000 166.041091 166.033969 166.029038 166.025203 166.023559 166.022463 166.021915 166.021915 166.021915 166.022463 166.022463 166.023559 166.024107 166.025203 166.026298 166.027394 166.027942 166.029038 166.030134 166.031229 166.032325 166.033969 166.035065 166.036160 166.037256 166.038900 166.039996 166.041091 0.000000 0.000000 
0.000000 0.000000 166.028490 166.020820 166.015889 166.014245 166.013149 166.013149 166.013149 166.013697 166.014793 166.015889 166.016437 166.017532 166.018628 166.019724 166.021367 166.022463 166.023559 166.024655 166.026298 166.027394 166.028490 166.030134 166.031229 166.032873 166.033969 166.035612 166.036708 166.037804 166.039448 166.040543 0.000000 
0.000000 166.020820 166.007670 166.004383 166.004931 166.004931 166.006027 166.007122 166.008766 166.009862 166.010958 166.012601 166.013697 166.015341 166.016437 166.017532 166.019176 166.020272 166.021915 166.023011 166.024655 166.025751 166.027394 166.028490 166.030134 166.031229 166.032873 166.033969 166.035612 166.036708 166.038352 166.039448 166.041091 
166.041091 166.013697 166.000000 166.001096 166.002192 166.003835 166.004931 166.006575 166.007670 166.009314 166.010410 166.012053 166.013149 166.014793 166.015889 166.017532 166.018628 166.020272 166.021367 166.023011 166.024107 166.025751 166.026846 166.028490 166.029586 166.031229 166.032325 166.033969 166.035065 166.036708 166.037804 166.039448 166.040543 
0.000000 166.020820 166.007670 166.004383 166.004931 166.004931 166.006027 166.007122 166.008766 166.009862 166.010958 166.012601 166.013697 166.015341 166.016437 166.017532 166.019176 166.020272 166.021915 166.023011 166.024655 166.025751 166.027394 166.028490 166.030134 166.031229 166.032873 166.033969 166.035612 166.036708 166.038352 166.039448 166.041091 
0.000000 0.000000 166.028490 166.020820 166.015889 166.014245 166.013149 166.013149 166.013149 166.013697 166.014793 166.015889 166.016437 166.017532 166.018628 166.019724 166.021367 166.022463 166.023559 166.024655 166.026298 166.027394 166.028490 166.030134 166.031229 166.032873 166.033969 166.035612 166.036708 166.037804 166.039448 166.040543 0.000000 
0.000000 0.000000 0.000000 166.041091 166.033969 166.029038 166.025203 166.023559 166.022463 166.021915 166.021915 166.021915 166.022463 166.022463 166.023559 166.024107 166.025203 166.026298 166.027394 166.027942 166.029038 166.030134 166.031229 166.032325 166.033969 166.035065 166.036160 166.037256 166.038900 166.039996 166.041091 0.000000 0.000000 
0.000000 0.000000 0.000000 0.000000 0.000000 0.000000 166.041639 166.037804 166.035065 166.032873 166.031777 166.031229 166.030681 166.030681 166.030681 166.030681 166.031229 166.031777 166.032325 166.032873 166.033969 166.035065 166.035612 166.036708 166.037804 166.038900 166.039996 166.041091 166.041639 0.000000 0.000000 0.000000 0.000000 
0.000000 0.000000 0.000000 0.000000 0.000000 0.000000 0.000000 0.000000 0.000000 0.000000 0.000000 0.000000 166.041091 166.040543 166.039996 166.039448 166.039448 166.039448 166.039448 166.039448 166.039996 166.040543 166.041091 166.041639 0.000000 0.000000 0.000000 0.000000 0.000000 0.000000 0.000000 0.000000 0.000000 
