test/output/constant/M295_S060_A180_WD315.0_WS010.0/M295_S060_A180_WD315.0_WS010.0_arrival.asc
ncols         25
nrows         8
xllcorner     426603.990666
yllcorner     12748155.311160
cellsize      100.000000
NODATA_value  0.000000
0.000000 166.026629 166.024632 166.024632 166.025964 166.027295 166.029958 166.032621 166.035950 166.038613 166.041275 0.000000 0.000000 0.000000 0.000000 0.000000 0.000000 0.000000 0.000000 0.000000 0.000000 0.000000 0.000000 0.000000 0.000000 
166.000000 166.001331 166.002663 166.004660 166.006657 166.009320 166.011317 166.014646 166.017309 166.019972 166.023301 166.025964 166.028627 166.031955 166.034618 166.037947 166.040610 0.000000 0.000000 0.000000 0.000000 0.000000 0.000000 0.000000 0.000000 
166.015312 166.003994 166.003994 166.004660 166.005992 166.007989 166.009986 166.011317 166.013315 166.014646 166.017309 166.019306 166.021969 166.023966 166.026629 166.029292 166.031955 166.034618 166.037281 166.039944 0.000000 0.000000 0.000000 0.000000 0.000000 
0.000000 166.039944 166.021303 166.013315 166.011317 166.011317 166.011317 166.011983 166.013315 166.014646 166.016643 166.018641 166.019972 166.021969 166.023301 166.025298 166.027295 166.029292 166.031955 166.033952 166.036615 166.039278 166.041275 0.000000 0.000000 
0.000000 0.000000 0.000000 0.000000 166.030624 166.023301 166.019972 166.018641 166.017975 166.017975 166.018641 166.019306 166.020638 166.021969 166.023301 166.025298 166.026629 166.028627 166.030624 166.031955 166.033952 166.035950 166.037947 166.039944 0.000000 
0.000000 0.000000 0.000000 0.000000 0.000000 0.000000 166.040610 166.033952 166.029292 166.027295 166.025964 166.025298 166.025298 166.025298 166.025964 166.026629 166.027961 166.028627 166.030624 166.031955 166.033952 166.035284 166.037281 166.038613 166.040610 
0.000000 0.000000 0.000000 0.000000 0.000000 0.000000 0.000000 0.000000 0.000000 0.000000 166.039278 166.036615 166.034618 166.033287 166.032621 166.032621 166.032621 166.032621 166.033287 166.033952 166.035284 166.035950 166.037281 166.039278 166.040610 
0.000000 0.000000 0.000000 0.000000 0.000000 0.000000 0.000000 0.000000 0.000000 0.000000 0.000000 0.000000 0.000000 0.000000 0.000000 166.041275 166.040610 166.039944 166.039944 166.039278 166.039278 166.039944 166.040610 166.041275 0.000000 
