test/output/constant/M3M485_S000_A090_WD045.0_WS010.0/M3M485_S000_A090_WD045.0_WS010.0_arrival.asc
ncols         15
nrows         15
xllcorner     425603.990666
yllcorner     12747755.311160
cellsize      100.000000
NODATA_value  0.000000
0.000000 0.000000 0.000000 0.000000 0.000000 0.000000 0.000000 0.000000 166.040536 166.039228 166.039228 166.040536 0.000000 0.000000 0.000000 
0.000000 0.000000 0.000000 0.000000 0.000000 166.041667 166.036613 166.033998 166.030075 166.028767 166.028767 166.030075 166.033998 166.040536 0.000000 
0.000000 0.000000 0.000000 0.000000 166.039228 166.033998 166.028767 166.024844 166.020922 166.016999 166.016999 166.018306 166.024844 166.033998 0.000000 
0.000000 0.000000 0.000000 166.037920 166.032690 166.027460 166.022229 166.016999 166.011768 166.007846 166.006538 166.009153 166.018306 166.030075 166.040536 
0.000000 0.000000 166.039228 166.033998 166.028767 166.022229 166.016999 166.011768 166.006538 166.002615 166.000000 166.006538 166.016999 166.028767 166.039228 
0.000000 166.040536 166.035305 166.030075 166.024844 166.019614 166.015691 166.010461 166.006538 166.002615 166.002615 166.007846 166.016999 166.028767 166.039228 
0.000000 166.037920 166.032690 166.028767 166.023537 166.019614 166.014384 166.010461 166.007846 166.006538 166.006538 166.011768 166.020922 166.030075 166.040536 
166.040536 166.036613 166.031382 166.027460 166.023537 166.019614 166.015691 166.011768 166.010461 166.010461 166.011768 166.016999 166.024844 166.033998 0.000000 
166.040536 166.035305 166.031382 166.027460 166.023537 166.019614 166.016999 166.015691 166.014384 166.015691 166.016999 166.022229 166.028767 166.036613 0.000000 
166.039228 166.035305 166.031382 166.027460 166.024844 166.020922 166.019614 166.019614 166.019614 166.019614 166.022229 166.027460 166.033998 166.041667 0.000000 
166.039228 166.035305 166.032690 166.028767 166.026152 166.024844 166.023537 166.023537 166.023537 166.024844 166.028767 166.032690 166.039228 0.000000 0.000000 
166.040536 166.036613 166.033998 166.030075 166.028767 166.027460 166.027460 166.027460 166.028767 166.030075 166.033998 166.037920 0.000000 0.000000 0.000000 
166.040536 166.037920 166.035305 166.033998 166.032690 166.031382 166.031382 166.031382 166.032690 166.035305 166.039228 0.000000 0.000000 0.000000 0.000000 
0.000000 166.040536 166.037920 166.036613 166.035305 166.035305 166.035305 166.036613 166.037920 166.040536 0.000000 0.000000 0.000000 0.000000 0.000000 
0.000000 0.000000 166.040536 166.040536 166.039228 166.039228 166.040536 166.040536 0.000000 0.000000 0.000000 0.000000 0.000000 0.000000 0.000000 
