test/output/constant/M395_S060_A270_WD315.0_WS005.0/M395_S060_A270_WD315.0_WS005.0_arrival.asc
ncols         12
nrows         52
xllcorner     426303.990666
yllcorner     12748655.311160
cellsize      100.000000
NODATA_value  0.000000
0.000000 0.000000 0.000000 0.000000 0.000000 0.000000 0.000000 166.041306 166.041306 166.041637 0.000000 0.000000 
0.000000 0.000000 0.000000 0.000000 0.000000 0.000000 166.040976 166.040645 166.040645 166.040976 0.000000 0.000000 
0.000000 0.000000 0.000000 0.000000 0.000000 166.041306 166.039984 166.039654 166.039654 166.040315 166.041637 0.000000 
0.000000 0.000000 0.000000 0.000000 0.000000 166.040315 166.039323 166.038993 166.038993 166.039654 166.040976 0.000000 
0.000000 0.000000 0.000000 0.000000 166.041306 166.039323 166.038332 166.038002 166.038332 166.038993 166.040645 0.000000 
0.000000 0.000000 0.000000 0.000000 166.040315 166.038332 166.037341 166.037341 166.037341 166.038332 166.039984 0.000000 
0.000000 0.000000 0.000000 166.041637 166.039323 166.037341 166.036680 166.036349 166.036349 166.037671 166.039323 166.041637 
0.000000 0.000000 0.000000 166.040645 166.038332 166.036680 166.035688 166.035688 166.035688 166.036680 166.038662 166.040976 
0.000000 0.000000 0.000000 166.039654 166.037341 166.035688 166.034697 166.034697 166.035028 166.036019 166.038002 166.040645 
0.000000 0.000000 0.000000 166.038662 166.036349 166.034697 166.034036 166.034036 166.034036 166.035688 166.037341 166.040315 
0.000000 0.000000 166.041637 166.037671 166.035358 166.033706 166.033045 166.033045 166.033375 166.035028 166.037010 166.039984 
0.000000 0.000000 166.040645 166.036680 166.034367 166.032714 166.032384 166.032384 166.032714 166.034367 166.036349 166.039654 
0.000000 0.000000 166.039654 166.035688 166.033375 166.032054 166.031393 166.031393 166.032054 166.033706 166.036019 166.039654 
0.000000 0.000000 166.038662 166.034697 166.032384 166.031062 166.030732 166.030732 166.031393 166.033045 166.035358 166.039323 
0.000000 0.000000 166.037671 166.033706 166.031393 166.030071 166.029740 166.029740 166.030732 166.032384 166.035028 166.039323 
0.000000 166.040976 166.036680 166.033045 166.030732 166.029410 166.028749 166.029079 166.030071 166.031723 166.034697 166.038993 
0.000000 166.039984 166.035688 166.032054 166.029740 166.028419 166.028088 166.028088 166.029410 166.031393 166.034367 166.038993 
0.000000 166.038993 166.034697 166.031062 166.028749 166.027427 166.027097 166.027427 166.028749 166.030732 166.034367 166.038662 
0.000000 166.038002 166.033706 166.030071 166.027758 166.026436 166.026436 166.026766 166.028088 166.030401 166.034036 166.038662 
0.000000 166.037341 166.032714 166.029079 166.026766 166.025775 166.025445 166.025775 166.027427 166.030071 166.034036 166.038662 
0.000000 166.036349 166.031723 166.028088 166.025775 166.024784 166.024784 166.025114 166.026766 166.029410 166.033706 166.038662 
166.041637 166.035358 166.030732 166.027097 166.024784 166.024123 166.023792 166.024453 166.026105 166.029410 166.033706 166.038662 
166.040976 166.034367 166.029740 166.026105 166.023792 166.023131 166.023131 166.023792 166.025775 166.029079 166.033375 166.038662 
166.040315 166.033375 166.028749 166.025114 166.022801 166.022140 166.022140 166.023131 166.025114 166.028749 166.033375 166.039323 
166.039323 166.032384 166.027758 166.024123 166.022140 166.021479 166.021479 166.022471 166.024784 166.028749 166.033375 166.039654 
166.038662 166.031393 166.026766 166.023131 166.021149 166.020488 166.020488 166.021810 166.024453 166.028419 166.033375 166.040645 
166.038002 166.030401 166.025775 166.022140 166.020157 166.019827 166.019827 166.021149 166.024123 166.028419 166.033706 166.041306 
166.037341 166.029410 166.024784 166.021149 166.019166 166.018836 166.019166 166.020818 166.023792 166.028419 166.034367 0.000000 
166.037010 166.028749 166.023792 166.020157 166.018505 166.018175 166.018175 166.020157 166.023792 166.028419 166.034697 0.000000 
166.036349 166.027758 166.022801 166.019166 166.017514 166.017183 166.017514 166.019496 166.023462 166.028419 166.035688 0.000000 
166.035688 166.027097 166.021810 166.018175 166.016522 166.016522 166.016853 166.019166 166.023462 166.028749 166.036680 0.000000 
166.035028 166.026105 166.020818 166.017183 166.015531 166.015531 166.016192 166.018836 166.023131 166.029079 166.037671 0.000000 
166.034697 166.025445 166.019827 166.016192 166.014870 166.014870 166.015862 166.018505 166.023131 166.030071 166.038993 0.000000 
166.034367 166.024784 166.018836 166.015201 166.013879 166.013879 166.015201 166.018505 166.023131 166.030732 166.040976 0.000000 
166.034036 166.023792 166.017844 166.014209 166.013218 166.013218 166.014540 166.018175 166.023462 166.032054 0.000000 0.000000 
166.033706 166.023131 166.016853 166.013218 166.012227 166.012227 166.013879 166.018175 166.024123 166.033375 0.000000 0.000000 
166.033375 166.022801 166.015862 166.012227 166.011566 166.011566 166.013548 166.018175 166.025114 166.035028 0.000000 0.000000 
166.033375 166.022140 166.014870 166.011235 166.010574 166.010905 166.013218 166.018175 166.026105 166.037341 0.000000 0.000000 
166.033375 166.021479 166.013879 166.010244 166.009583 166.010244 166.013218 166.018505 166.027758 166.039654 0.000000 0.000000 
166.033375 166.021149 166.012887 166.009253 166.008922 166.009583 166.012887 166.019496 166.029410 0.000000 0.000000 0.000000 
166.033706 166.020818 166.011896 166.008261 166.007931 166.008922 166.012887 166.020488 166.032054 0.000000 0.000000 0.000000 
166.034367 166.020488 166.010905 166.007600 166.007270 166.008261 166.012887 166.022140 166.035028 0.000000 0.000000 0.000000 
166.035358 166.020157 166.009913 166.006609 166.006279 166.007931 166.013548 166.024123 166.039323 0.000000 0.000000 0.000000 
166.036680 166.020157 166.009253 166.005618 166.005618 166.007931 166.014870 166.026766 0.000000 0.000000 0.000000 0.000000 
166.038662 166.020488 166.008592 166.004626 166.004626 166.007931 166.016522 166.031062 0.000000 0.000000 0.000000 0.000000 
166.041637 166.021149 166.007931 166.003965 166.003965 166.007931 166.018836 166.036680 0.000000 0.000000 0.000000 0.000000 
0.000000 166.022801 166.007270 166.002974 166.003304 166.008922 166.023462 0.000000 0.000000 0.000000 0.000000 0.000000 
0.000000 166.025114 166.006939 166.002313 166.002974 166.010905 166.029740 0.000000 0.000000 0.000000 0.000000 0.000000 
0.000000 166.029740 166.006939 166.001322 166.002644 166.015862 166.039323 0.000000 0.000000 0.000000 0.000000 0.000000 
0.000000 166.038002 166.008592 166.000661 166.003304 166.024453 0.000000 0.000000 0.000000 0.000000 0.000000 0.000000 
0.000000 0.000000 166.013879 166.000000 166.008592 166.040315 0.000000 0.000000 0.000000 0.000000 0.000000 0.000000 
0.000000 0.000000 0.000000 166.031062 0.000000 0.000000 0.000000 0.000000 0.000000 0.000000 0.000000 0.000000 
