test/output/constant/M265_S060_A180_WD315.0_WS020.0/M265_S060_A180_WD315.0_WS020.0_arrival.asc
ncols         23
nrows         9
xllcorner     426603.990666
yllcorner     12747955.311160
cellsize      100.000000
NODATA_value  0.000000
166.000000 166.001397 166.003492 166.006983 166.012569 166.019553 166.026536 166.033519 166.041200 0.000000 0.000000 0.000000 0.000000 0.000000 0.000000 0.000000 0.000000 0.000000 0.000000 0.000000 0.000000 0.000000 0.000000 
166.013966 166.002793 166.003492 166.004888 166.006983 166.009078 166.011871 166.015363 166.020251 166.025837 166.031424 166.037708 0.000000 0.000000 0.000000 0.000000 0.000000 0.000000 0.000000 0.000000 0.000000 0.000000 0.000000 
0.000000 166.037708 166.014664 166.008380 166.008380 166.009078 166.010475 166.012569 166.014664 166.016759 166.020251 166.024441 166.028630 166.033519 166.039105 0.000000 0.000000 0.000000 0.000000 0.000000 0.000000 0.000000 0.000000 
0.000000 0.000000 0.000000 166.032820 166.020251 166.015363 166.013966 166.013966 166.014664 166.016061 166.018156 166.020251 166.022346 166.025139 166.029329 166.032820 166.037708 0.000000 0.000000 0.000000 0.000000 0.000000 0.000000 
0.000000 0.000000 0.000000 0.000000 0.000000 166.037010 166.026536 166.021647 166.019553 166.018854 166.018854 166.020251 166.021647 166.023742 166.025837 166.027932 166.030725 166.034217 166.037708 166.041667 0.000000 0.000000 0.000000 
0.000000 0.000000 0.000000 0.000000 0.000000 0.000000 0.000000 0.000000 166.032820 166.027932 166.025139 166.024441 166.024441 166.024441 166.025837 166.027234 166.029329 166.031424 166.033519 166.036312 166.039105 0.000000 0.000000 
0.000000 0.000000 0.000000 0.000000 0.000000 0.000000 0.000000 0.000000 0.000000 0.000000 166.039105 166.034217 166.031424 166.030027 166.030027 166.030027 166.030027 166.031424 166.032820 166.034915 166.037010 166.039105 166.041200 
0.000000 0.000000 0.000000 0.000000 0.000000 0.000000 0.000000 0.000000 0.000000 0.000000 0.000000 0.000000 0.000000 166.041200 166.038407 166.036312 166.034915 166.034915 166.034915 166.036312 166.037010 166.038407 166.040502 
0.000000 0.000000 0.000000 0.000000 0.000000 0.000000 0.000000 0.000000 0.000000 0.000000 0.000000 0.000000 0.000000 0.000000 0.000000 0.000000 0.000000 0.000000 166.040502 166.040502 166.040502 166.040502 166.041667 
