test/output/constant/M480_S060_A000_WD090.0_WS020.0/M480_S060_A000_WD090.0_WS020.0_arrival.asc
ncols         38
nrows         7
xllcorner     422903.990666
yllcorner     12748455.311160
cellsize      100.000000
NODATA_value  0.000000
0.000000 0.000000 0.000000 0.000000 0.000000 0.000000 0.000000 0.000000 0.000000 166.041667 166.040785 166.040337 166.039440 166.038544 166.038096 166.037200 166.036751 166.036303 166.036303 166.036303 166.036303 166.036751 166.037200 166.037648 166.038992 166.039889 166.041233 0.000000 0.000000 0.000000 0.000000 0.000000 0.000000 0.000000 0.000000 0.000000 0.000000 0.000000 
0.000000 0.000000 0.000000 166.041233 166.040337 166.038992 166.038096 166.037200 166.036303 166.035407 166.034062 166.033166 166.032269 166.030925 166.030029 166.029132 166.028236 166.027339 166.026891 166.025995 166.025098 166.024202 166.023754 166.022858 166.022409 166.021961 166.021961 166.021961 166.022409 166.023306 166.024202 166.025995 166.029580 166.034062 0.000000 0.000000 0.000000 0.000000 
166.041667 166.040785 166.039440 166.038544 166.037200 166.036303 166.034959 166.034062 166.032718 166.031821 166.030477 166.029580 166.028236 166.027339 166.025995 166.025098 166.023754 166.022858 166.021961 166.020617 166.019720 166.018376 166.017479 166.016583 166.015238 166.014342 166.013446 166.012101 166.011205 166.010308 166.009412 166.008516 166.007619 166.007619 166.007619 166.008516 166.012549 166.037648 
166.041233 166.039889 166.038992 166.037648 166.036751 166.035407 166.034510 166.033166 166.032269 166.030925 166.030029 166.028684 166.027788 166.026443 166.025547 166.024202 166.023306 166.021961 166.021065 166.019720 166.018824 166.017479 166.016583 166.015238 166.014342 166.012997 166.012101 166.010756 166.009860 166.008516 166.007619 166.006275 166.005378 166.004034 166.003137 166.001793 166.000896 166.000000 
166.041667 166.040785 166.039440 166.038544 166.037200 166.036303 166.034959 166.034062 166.032718 166.031821 166.030477 166.029580 166.028236 166.027339 166.025995 166.025098 166.023754 166.022858 166.021961 166.020617 166.019720 166.018376 166.017479 166.016583 166.015238 166.014342 166.013446 166.012101 166.011205 166.010308 166.009412 166.008516 166.007619 166.007619 166.007619 166.008516 166.012549 166.037648 
0.000000 0.000000 0.000000 166.041233 166.040337 166.038992 166.038096 166.037200 166.036303 166.035407 166.034062 166.033166 166.032269 166.030925 166.030029 166.029132 166.028236 166.027339 166.026891 166.025995 166.025098 166.024202 166.023754 166.022858 166.022409 166.021961 166.021961 166.021961 166.022409 166.023306 166.024202 166.025995 166.029580 166.034062 0.000000 0.000000 0.000000 0.000000 
0.000000 0.000000 0.000000 0.000000 0.000000 0.000000 0.000000 0.000000 0.000000 166.041667 166.040785 166.040337 166.039440 166.038544 166.038096 166.037200 166.036751 166.036303 166.036303 166.036303 166.036303 166.036751 166.037200 166.037648 166.038992 166.039889 166.041233 0.000000 0.000000 0.000000 0.000000 0.000000 0.000000 0.000000 0.000000 0.000000 0.000000 0.000000 
