test/output/constant/M3M495_S060_A000_WD090.0_WS025.0/M3M495_S060_A000_WD090.0_WS025.0_arrival.asc
ncols         62
nrows         9
xllcorner     420503.990666
yllcorner     12748355.311160
cellsize      100.000000
NODATA_value  0.000000
0.000000 0.000000 0.000000 0.000000 0.000000 0.000000 0.000000 0.000000 0.000000 0.000000 0.000000 0.000000 0.000000 0.000000 0.000000 0.000000 166.041383 166.040839 166.040566 166.040022 166.039477 166.039205 166.038661 166.038116 166.037844 166.037299 166.037027 166.036483 166.036483 166.036483 166.036483 166.036483 166.036483 166.036755 166.037027 166.037027 166.037572 166.037844 166.038388 166.038933 166.039477 166.040294 166.041655 0.000000 0.000000 0.000000 0.000000 0.000000 0.000000 0.000000 0.000000 0.000000 0.000000 0.000000 0.000000 0.000000 0.000000 0.000000 0.000000 0.000000 0.000000 0.000000 
0.000000 0.000000 0.000000 0.000000 0.000000 0.000000 0.000000 166.041383 166.040839 166.040294 166.039750 166.038933 166.038388 166.037844 166.037299 166.036483 166.035938 166.035394 166.034849 166.034305 166.033760 166.033215 166.032671 166.032399 166.031854 166.031310 166.030765 166.030493 166.029948 166.029404 166.029132 166.028587 166.028043 166.027770 166.027226 166.026681 166.026409 166.026137 166.026137 166.026137 166.026137 166.026137 166.026409 166.026681 166.027226 166.027770 166.028315 166.029132 166.030221 166.031582 166.033215 166.035394 166.038388 166.041655 0.000000 0.000000 0.000000 0.000000 0.000000 0.000000 0.000000 0.000000 
0.000000 0.000000 0.000000 166.041383 166.040839 166.040022 166.039477 166.038661 166.038116 166.037572 166.036755 166.036210 166.035394 166.034849 166.034305 166.033488 166.032943 166.032399 166.031582 166.031037 166.030221 166.029676 166.028859 166.028315 166.027770 166.026954 166.026409 166.025865 166.025320 166.024503 166.023959 166.023414 166.022870 166.022053 166.021508 166.020964 166.020419 166.019875 166.019603 166.019058 166.018514 166.017969 166.017697 166.017152 166.016608 166.016335 166.015791 166.015791 166.015791 166.015791 166.016063 166.016608 166.017152 166.018241 166.019330 166.021236 166.023959 166.028587 166.037027 0.000000 0.000000 0.000000 
166.041655 166.041111 166.040294 166.039750 166.038933 166.038388 166.037844 166.037027 166.036483 166.035666 166.035121 166.034305 166.033760 166.032943 166.032399 166.031582 166.031037 166.030221 166.029676 166.028859 166.028315 166.027770 166.026954 166.026409 166.025592 166.025048 166.024231 166.023686 166.022870 166.022325 166.021508 166.020964 166.020147 166.019603 166.018786 166.018241 166.017697 166.016880 166.016335 166.015519 166.014974 166.014157 166.013613 166.013068 166.012252 166.011707 166.010890 166.010346 166.009529 166.008985 166.008440 166.007623 166.007079 166.006534 166.006262 166.005717 166.005445 166.005445 166.005717 166.007079 166.011163 166.030765 
166.041383 166.040566 166.040022 166.039205 166.038661 166.037844 166.037299 166.036483 166.035938 166.035121 166.034577 166.033760 166.033215 166.032399 166.031854 166.031037 166.030493 166.029676 166.029132 166.028315 166.027770 166.026954 166.026409 166.025592 166.025048 166.024231 166.023686 166.022870 166.022325 166.021508 166.020964 166.020147 166.019603 166.018786 166.018241 166.017425 166.016880 166.016063 166.015519 166.014702 166.014157 166.013341 166.012796 166.011979 166.011435 166.010618 166.010074 166.009257 166.008712 166.007895 166.007351 166.006534 166.005990 166.005173 166.004628 166.003812 166.003267 166.002450 166.001906 166.001089 166.000545 166.000000 
166.041655 166.041111 166.040294 166.039750 166.038933 166.038388 166.037844 166.037027 166.036483 166.035666 166.035121 166.034305 166.033760 166.032943 166.032399 166.031582 166.031037 166.030221 166.029676 166.028859 166.028315 166.027770 166.026954 166.026409 166.025592 166.025048 166.024231 166.023686 166.022870 166.022325 166.021508 166.020964 166.020147 166.019603 166.018786 166.018241 166.017697 166.016880 166.016335 166.015519 166.014974 166.014157 166.013613 166.013068 166.012252 166.011707 166.010890 166.010346 166.009529 166.008985 166.008440 166.007623 166.007079 166.006534 166.006262 166.005717 166.005445 166.005445 166.005717 166.007079 166.011163 166.030765 
0.000000 0.000000 0.000000 166.041383 166.040839 166.040022 166.039477 166.038661 166.038116 166.037572 166.036755 166.036210 166.035394 166.034849 166.034305 166.033488 166.032943 166.032399 166.031582 166.031037 166.030221 166.029676 166.028859 166.028315 166.027770 166.026954 166.026409 166.025865 166.025320 166.024503 166.023959 166.023414 166.022870 166.022053 166.021508 166.020964 166.020419 166.019875 166.019603 166.019058 166.018514 166.017969 166.017697 166.017152 166.016608 166.016335 166.015791 166.015791 166.015791 166.015791 166.016063 166.016608 166.017152 166.018241 166.019330 166.021236 166.023959 166.028587 166.037027 0.000000 0.000000 0.000000 
0.000000 0.000000 0.000000 0.000000 0.000000 0.000000 0.000000 166.041383 166.040839 166.040294 166.039750 166.038933 166.038388 166.037844 166.037299 166.036483 166.035938 166.035394 166.034849 166.034305 166.033760 166.033215 166.032671 166.032399 166.031854 166.031310 166.030765 166.030493 166.029948 166.029404 166.029132 166.028587 166.028043 166.027770 166.027226 166.026681 166.026409 166.026137 166.026137 166.026137 166.026137 166.026137 166.026409 166.026681 166.027226 166.027770 166.028315 166.029132 166.030221 166.031582 166.033215 166.035394 166.038388 166.041655 0.000000 0.000000 0.000000 0.000000 0.000000 0.000000 0.000000 0.000000 
0.000000 0.000000 0.000000 0.000000 0.000000 0.000000 0.000000 0.000000 0.000000 0.000000 0.000000 0.000000 0.000000 0.000000 0.000000 0.000000 166.041383 166.040839 166.040566 166.040022 166.039477 166.039205 166.038661 166.038116 166.037844 166.037299 166.037027 166.036483 166.036483 166.036483 166.036483 166.036483 166.036483 166.036755 166.037027 166.037027 166.037572 166.037844 166.038388 166.038933 166.039477 166.040294 166.041655 0.000000 0.000000 0.000000 0.000000 0.000000 0.000000 0.000000 0.000000 0.000000 0.000000 0.000000 0.000000 0.000000 0.000000 0.000000 0.000000 0.000000 0.000000 0.000000 
