test/output/constant/M485_S060_A000_WD000.0_WS015.0/M485_S060_A000_WD000.0_WS015.0_arrival.asc
ncols         24
nrows         12
xllcorner     424303.990666
yllcorner     12747655.311160
cellsize      100.000000
NODATA_value  0.000000
0.000000 0.000000 0.000000 0.000000 0.000000 0.000000 0.000000 0.000000 0.000000 0.000000 0.000000 0.000000 0.000000 0.000000 0.000000 0.000000 166.038210 166.031205 166.023563 166.016558 166.009552 166.003821 166.001274 166.000000 
0.000000 0.000000 0.000000 0.000000 0.000000 0.000000 0.000000 0.000000 0.000000 0.000000 0.000000 0.000000 0.000000 166.041394 166.034389 166.027384 166.021015 166.015284 166.010189 166.007005 166.005095 166.003184 166.001910 166.005095 
0.000000 0.000000 0.000000 0.000000 0.000000 0.000000 0.000000 0.000000 0.000000 0.000000 0.000000 166.038846 166.033115 166.027384 166.021652 166.017194 166.013373 166.010189 166.008279 166.007005 166.005731 166.005731 166.012737 166.040120 
0.000000 0.000000 0.000000 0.000000 0.000000 0.000000 0.000000 0.000000 0.000000 166.038846 166.033752 166.028657 166.023563 166.019742 166.016558 166.014010 166.012100 166.010189 166.009552 166.009552 166.011463 166.021015 0.000000 0.000000 
0.000000 0.000000 0.000000 0.000000 0.000000 0.000000 0.000000 166.040120 166.035025 166.030568 166.026747 166.022926 166.019742 166.017831 166.015921 166.014010 166.013373 166.013373 166.014647 166.018468 166.029294 0.000000 0.000000 0.000000 
0.000000 0.000000 0.000000 0.000000 0.000000 166.041667 166.037573 166.033115 166.029294 166.026110 166.022926 166.021015 166.019742 166.017831 166.016558 166.016558 166.017194 166.019742 166.026110 166.036936 0.000000 0.000000 0.000000 0.000000 
0.000000 0.000000 0.000000 0.000000 166.040120 166.036299 166.032478 166.029294 166.026747 166.024836 166.022926 166.021652 166.020378 166.020378 166.021015 166.022926 166.026110 166.033115 0.000000 0.000000 0.000000 0.000000 0.000000 0.000000 
0.000000 0.000000 0.000000 166.038846 166.035662 166.033115 166.030568 166.028657 166.026747 166.024836 166.024199 166.024199 166.024199 166.025473 166.028657 166.033115 166.041394 0.000000 0.000000 0.000000 0.000000 0.000000 0.000000 0.000000 
0.000000 0.000000 166.038846 166.036299 166.033752 166.032478 166.030568 166.028657 166.028020 166.028020 166.028020 166.028657 166.031205 166.034389 166.040120 0.000000 0.000000 0.000000 0.000000 0.000000 0.000000 0.000000 0.000000 0.000000 
0.000000 166.040120 166.037573 166.035662 166.034389 166.032478 166.031205 166.031205 166.031841 166.032478 166.033752 166.036936 166.040757 0.000000 0.000000 0.000000 0.000000 0.000000 0.000000 0.000000 0.000000 0.000000 0.000000 0.000000 
166.041394 166.039483 166.037573 166.036299 166.035025 166.035025 166.035025 166.035662 166.036936 166.039483 0.000000 0.000000 0.000000 0.000000 0.000000 0.000000 0.000000 0.000000 0.000000 0.000000 0.000000 0.000000 0.000000 0.000000 
166.041394 166.040120 166.038846 166.038846 166.038846 166.039483 166.040120 0.000000 0.000000 0.000000 0.000000 0.000000 0.000000 0.000000 0.000000 0.000000 0.000000 0.000000 0.000000 0.000000 0.000000 0.000000 0.000000 0.000000 
