test/output/constant/M3M480_S060_A000_WD225.0_WS050.0/M3M480_S060_A000_WD225.0_WS050.0_arrival.asc
ncols         8
nrows         35
xllcorner     426103.990666
yllcorner     12748655.311160
cellsize      100.000000
NODATA_value  0.000000
0.000000 166.041667 166.040910 166.040910 166.041667 0.000000 0.000000 0.000000 
0.000000 166.040484 166.039631 166.039631 166.040058 0.000000 0.000000 0.000000 
0.000000 166.039631 166.038353 166.038353 166.038779 166.040910 0.000000 0.000000 
0.000000 166.038779 166.037075 166.037075 166.037501 166.039631 0.000000 0.000000 
166.040910 166.037927 166.035796 166.035796 166.036222 166.038353 0.000000 0.000000 
166.040484 166.036648 166.034944 166.034518 166.034944 166.036648 166.040910 0.000000 
166.039631 166.035796 166.033665 166.033239 166.033665 166.035370 166.039631 0.000000 
166.038779 166.034944 166.032387 166.031961 166.032387 166.034092 166.038353 0.000000 
166.038353 166.034092 166.031535 166.030682 166.031109 166.032813 166.036648 0.000000 
166.037501 166.033239 166.030256 166.029830 166.029830 166.031109 166.035370 166.041336 
166.037075 166.032387 166.028978 166.028552 166.028552 166.029830 166.034092 166.040058 
166.036648 166.031535 166.028126 166.027273 166.027273 166.028552 166.032813 166.038779 
166.036648 166.030682 166.027273 166.025995 166.025995 166.027273 166.031109 166.037501 
166.036648 166.030256 166.025995 166.024716 166.024716 166.025569 166.029830 166.036648 
166.036648 166.029404 166.025142 166.023438 166.023438 166.024290 166.028552 166.035370 
166.036648 166.028978 166.024290 166.022159 166.022159 166.023012 166.027273 166.034518 
166.037075 166.028552 166.023438 166.020881 166.020881 166.021733 166.025569 166.033239 
166.037927 166.028552 166.022586 166.019603 166.019603 166.020455 166.024290 166.032387 
166.038779 166.028552 166.021733 166.018750 166.018324 166.018750 166.023012 166.031109 
166.039631 166.028552 166.021307 166.017472 166.017046 166.017472 166.021733 166.030256 
166.040910 166.028978 166.020881 166.016620 166.015767 166.016193 166.020029 166.029404 
0.000000 166.029830 166.020455 166.015767 166.014489 166.014915 166.018750 166.028552 
0.000000 166.030682 166.020455 166.014489 166.013210 166.013637 166.017472 166.027699 
0.000000 166.031961 166.020455 166.014063 166.011932 166.012358 166.016193 166.027273 
0.000000 166.033665 166.020881 166.013210 166.010654 166.011080 166.014915 166.026847 
0.000000 166.036222 166.021733 166.012358 166.009801 166.009801 166.013637 166.026421 
0.000000 166.039631 166.023012 166.012358 166.008523 166.008523 166.012358 166.025995 
0.000000 0.000000 166.025142 166.012358 166.007244 166.007244 166.011506 166.026421 
0.000000 0.000000 166.028126 166.012784 166.005966 166.005966 166.010654 166.026847 
0.000000 0.000000 166.032387 166.014063 166.005114 166.004688 166.009801 166.028126 
0.000000 0.000000 166.038779 166.016620 166.004261 166.003409 166.009375 166.029830 
0.000000 0.000000 0.000000 166.021307 166.004261 166.002131 166.008949 166.034092 
0.000000 0.000000 0.000000 166.028978 166.005114 166.000852 166.009801 166.040910 
0.000000 0.000000 0.000000 0.000000 166.010654 166.000000 166.014489 0.000000 
0.000000 0.000000 0.000000 0.000000 0.000000 166.040484 0.000000 0.000000 
