test/output/constant/M3M4100_S060_A090_WD135.0_WS045.0/M3M4100_S060_A090_WD135.0_WS045.0_intensity.asc
ncols         39
nrows         15
xllcorner     422903.990666
yllcorner     12747555.311160
cellsize      100.000000
NODATA_value  0.000000
0 0 0 0 0 0 0 0 0 0 0 0 0 0 0 0 0 0 0 0 0 0 0 0 0 0 0 0 0 0 0 12850 9443 16795 9443 12850 1847 0 0 
0 0 0 0 0 0 0 0 0 0 0 0 0 0 0 0 0 0 0 0 0 0 0 9443 21164 25827 25827 25827 16795 25827 16795 16795 16795 12850 16795 12850 12850 1847 1222 
0 0 0 0 0 0 0 0 0 0 0 0 0 0 0 0 0 16795 16795 30644 25827 6664 21164 21164 25827 25827 16795 16795 16795 16795 25827 21164 30644 25827 54854 58747 58747 0 1242 
0 0 0 0 0 0 0 0 0 0 0 0 0 0 9443 12850 16795 9443 12850 16795 9443 30644 25827 30644 30644 21164 30644 25827 25827 54854 56954 44569 58747 58747 58747 58686 49286 2756 2307 
0 0 0 0 0 0 0 0 0 0 0 30644 30644 16795 25827 21164 25827 12850 25827 30644 12850 21164 44569 30644 40159 25827 58747 58747 58747 58747 58747 58747 58747 49286 45385 3341 2756 2756 0 
0 0 0 0 0 0 0 0 0 12850 30644 30644 16795 25827 25827 30644 25827 40159 16795 52030 48567 30644 58747 58747 58747 58747 58747 58747 58747 57272 52632 3341 45385 4932 4932 4932 1749 0 0 
0 0 0 0 0 0 30644 30644 30644 21164 21164 16795 25827 16795 30644 54854 35470 58747 58747 58747 58747 58747 58747 58747 58747 58747 58747 58747 49286 49286 4932 4932 45385 41047 2756 3341 0 0 0 
0 0 0 0 30644 40159 16795 56954 16795 56954 25827 16795 58606 58747 58747 58747 58747 58747 58747 58747 58747 58747 58747 58747 55321 49286 49286 49286 4932 1749 4932 2756 3341 2756 0 0 0 0 0 
0 0 0 44569 56954 40159 16795 12850 54854 21164 40159 58747 58747 58747 58747 58747 58747 58747 57272 58747 58747 49286 55321 49286 52632 49286 4932 1749 49286 3341 7179 2307 0 0 0 0 0 0 0 
0 0 52030 52030 58747 25827 54854 58747 58747 58747 58747 58747 58747 58747 58747 58747 58747 58747 57272 49286 45385 49286 45385 49286 4932 45385 1749 4932 41047 0 0 0 0 0 0 0 0 0 0 
58747 40159 58747 58747 44569 58747 58747 58747 58747 58747 58747 58747 58686 58747 58747 58747 49286 48567 52632 49286 49286 45385 45385 45385 45385 45385 45385 0 0 0 0 0 0 0 0 0 0 0 0 
25827 58747 58747 58747 58747 58747 58747 58747 58747 58747 58747 58747 58747 52632 57272 45385 4932 49286 45385 2307 49286 45385 45385 2756 0 0 0 0 0 0 0 0 0 0 0 0 0 0 0 
58747 58747 58747 58747 58686 58747 58747 58747 55321 58747 52632 45385 49286 49286 3341 4932 49286 2756 49286 4932 0 0 0 0 0 0 0 0 0 0 0 0 0 0 0 0 0 0 0 
58747 58747 58747 58747 52632 58425 58747 58747 49286 52632 4932 52632 3341 49286 49286 45385 0 0 0 0 0 0 0 0 0 0 0 0 0 0 0 0 0 0 0 0 0 0 0 
0 0 0 0 0 0 58686 52632 0 0 0 0 0 0 0 0 0 0 0 0 0 0 0 0 0 0 0 0 0 0 0 0 0 0 0 0 0 0 0 
