test/output/constant/M3M490_S060_A090_WD315.0_WS010.0/M3M490_S060_A090_WD315.0_WS010.0_ros.asc
ncols         13
nrows         55
xllcorner     426403.990666
yllcorner     12743355.311160
cellsize      100.000000
NODATA_value  0.000000
0.000000 0.678232 -1.000000 1.037382 0.000000 0.000000 0.000000 0.000000 0.000000 0.000000 0.000000 0.000000 0.000000 
0.000000 18.776217 91.140167 62.458881 0.701469 0.000000 0.000000 0.000000 0.000000 0.000000 0.000000 0.000000 0.000000 
0.000000 18.776217 91.140167 81.208527 54.950603 0.000000 0.000000 0.000000 0.000000 0.000000 0.000000 0.000000 0.000000 
0.000000 32.565308 91.140167 85.565903 54.950603 2.356249 0.000000 0.000000 0.000000 0.000000 0.000000 0.000000 0.000000 
0.000000 32.565308 91.140167 90.990852 62.458881 62.458881 0.000000 0.000000 0.000000 0.000000 0.000000 0.000000 0.000000 
18.776217 48.005177 40.193119 91.140167 81.208527 54.950603 1.209541 0.000000 0.000000 0.000000 0.000000 0.000000 0.000000 
40.193119 55.764263 85.965988 91.140167 91.140167 62.458881 62.458881 0.000000 0.000000 0.000000 0.000000 0.000000 0.000000 
32.565308 48.005177 91.140167 91.140167 91.140167 62.458881 62.458881 0.000000 0.000000 0.000000 0.000000 0.000000 0.000000 
25.353352 48.005177 85.965988 91.140167 91.140167 62.458881 62.458881 62.458881 0.000000 0.000000 0.000000 0.000000 0.000000 
18.776217 48.005177 81.730637 91.140167 91.140167 90.605049 69.476654 4.551895 0.000000 0.000000 0.000000 0.000000 0.000000 
48.005177 32.565308 70.189781 91.140167 91.140167 91.140167 69.476654 62.458881 0.000000 0.000000 0.000000 0.000000 0.000000 
25.353352 55.764263 40.193119 91.140167 81.208527 69.476654 62.458881 62.458881 0.000000 0.000000 0.000000 0.000000 0.000000 
55.764263 40.193119 88.995583 48.005177 91.140167 91.140167 90.990852 62.458881 62.458881 0.000000 0.000000 0.000000 0.000000 
32.565308 63.234756 70.189781 91.140167 91.140167 91.140167 81.208527 69.476654 62.458881 0.000000 0.000000 0.000000 0.000000 
18.776217 48.005177 48.005177 91.140167 91.140167 91.140167 85.565903 62.458881 62.458881 0.000000 0.000000 0.000000 0.000000 
0.000000 40.193119 25.353352 76.418121 91.140167 91.140167 91.140167 69.476654 62.458881 0.000000 0.000000 0.000000 0.000000 
0.000000 55.764263 70.189781 90.727440 91.140167 91.140167 69.476654 62.458881 62.458881 62.458881 0.000000 0.000000 0.000000 
0.000000 48.005177 55.764263 91.140167 91.140167 91.140167 85.565903 75.790527 62.458881 69.476654 0.000000 0.000000 0.000000 
0.000000 55.764263 32.565308 40.193119 91.140167 91.140167 91.140167 91.140167 62.458881 62.458881 0.000000 0.000000 0.000000 
0.000000 70.189781 70.189781 85.965988 91.140167 91.140167 88.730156 91.140167 62.458881 62.458881 0.000000 0.000000 0.000000 
0.000000 55.764263 55.764263 88.995583 76.418121 91.140167 91.140167 62.458881 88.730156 62.458881 62.458881 0.000000 0.000000 
0.000000 32.565308 32.565308 91.140167 91.140167 91.140167 91.140167 81.208527 88.730156 85.565903 69.476654 0.000000 0.000000 
0.000000 63.234756 76.418121 32.565308 91.140167 91.140167 88.730156 91.140167 69.476654 69.476654 62.458881 0.000000 0.000000 
0.000000 55.764263 63.234756 90.727440 91.140167 91.140167 91.140167 91.140167 91.140167 88.730156 62.458881 0.000000 0.000000 
0.000000 76.418121 48.005177 81.730637 90.727440 91.140167 91.140167 90.605049 81.208527 90.990852 62.458881 0.000000 0.000000 
0.000000 70.189781 70.189781 76.418121 81.730637 91.140167 91.140167 91.140167 88.730156 91.140167 62.458881 62.458881 0.000000 
0.000000 48.005177 48.005177 40.193119 91.140167 91.140167 91.140167 91.140167 88.730156 88.730156 85.565903 62.458881 0.000000 
0.000000 0.000000 25.353352 25.353352 70.189781 91.140167 91.140167 91.140167 88.730156 75.790527 85.565903 62.458881 0.000000 
0.000000 0.000000 70.189781 85.965988 81.730637 90.727440 91.140167 91.140167 91.140167 91.140167 88.730156 62.458881 0.000000 
0.000000 0.000000 55.764263 63.234756 90.727440 91.140167 91.140167 81.208527 81.208527 62.458881 81.208527 81.208527 0.000000 
0.000000 0.000000 81.730637 70.189781 91.140167 91.140167 91.140167 91.140167 91.140167 91.140167 91.140167 88.730156 0.000000 
0.000000 0.000000 63.234756 32.565308 91.140167 85.965988 91.140167 91.140167 85.565903 90.990852 85.565903 91.140167 0.000000 
0.000000 0.000000 55.764263 70.189781 70.189781 91.140167 91.140167 91.140167 91.140167 81.208527 91.140167 81.208527 69.476654 
0.000000 0.000000 70.189781 63.234756 88.995583 91.140167 85.965988 91.140167 91.140167 85.565903 88.730156 90.605049 88.730156 
0.000000 0.000000 55.764263 25.353352 91.140167 91.140167 91.140167 91.140167 91.140167 91.140167 91.140167 81.208527 62.458881 
0.000000 0.000000 0.000000 76.418121 91.140167 91.140167 91.140167 91.140167 91.140167 81.208527 91.140167 91.140167 62.458881 
0.000000 0.000000 0.000000 81.730637 32.565308 85.965988 91.140167 91.140167 91.140167 91.140167 90.990852 81.208527 91.140167 
0.000000 0.000000 0.000000 55.764263 91.140167 85.965988 91.140167 91.140167 91.140167 91.140167 90.990852 91.140167 91.140167 
0.000000 0.000000 0.000000 25.353352 81.730637 91.140167 88.995583 91.140167 91.140167 91.140167 91.140167 69.476654 88.730156 
0.000000 0.000000 0.000000 0.000000 76.418121 91.140167 91.140167 91.140167 91.140167 91.140167 91.140167 85.565903 85.565903 
0.000000 0.000000 0.000000 0.000000 76.418121 32.565308 91.140167 91.140167 91.140167 91.140167 88.730156 91.140167 91.140167 
0.000000 0.000000 0.000000 0.000000 63.234756 81.730637 88.995583 70.189781 91.140167 91.140167 91.140167 91.140167 88.730156 
0.000000 0.000000 0.000000 0.000000 40.193119 88.995583 91.140167 91.140167 91.140167 91.140167 91.140167 91.140167 91.140167 
0.000000 0.000000 0.000000 0.000000 0.000000 90.727440 40.193119 91.140167 91.140167 91.140167 91.140167 91.140167 91.140167 
0.000000 0.000000 0.000000 0.000000 0.000000 48.005177 91.140167 91.140167 91.140167 91.140167 91.140167 91.140167 81.208527 
0.000000 0.000000 0.000000 0.000000 0.000000 76.418121 25.353352 91.140167 91.140167 91.140167 91.140167 91.140167 91.140167 
0.000000 0.000000 0.000000 0.000000 0.000000 85.965988 70.189781 76.418121 91.140167 91.140167 88.730156 91.140167 88.730156 
0.000000 0.000000 0.000000 0.000000 0.000000 0.000000 91.140167 91.140167 91.140167 91.140167 91.140167 91.140167 88.730156 
0.000000 0.000000 0.000000 0.000000 0.000000 0.000000 91.140167 76.418121 63.234756 91.140167 91.140167 85.565903 81.208527 
0.000000 0.000000 0.000000 0.000000 0.000000 0.000000 0.000000 91.140167 91.140167 91.140167 91.140167 91.140167 91.140167 
0.000000 0.000000 0.000000 0.000000 0.000000 0.000000 0.000000 88.995583 91.140167 91.140167 91.140167 91.140167 91.140167 
0.000000 0.000000 0.000000 0.000000 0.000000 0.000000 0.000000 91.140167 91.140167 91.140167 88.730156 91.140167 85.565903 
0.000000 0.000000 0.000000 0.000000 0.000000 0.000000 0.000000 0.000000 91.140167 91.140167 91.140167 91.140167 0.000000 
0.000000 0.000000 0.000000 0.000000 0.000000 0.000000 0.000000 0.000000 91.140167 91.140167 91.140167 91.140167 0.000000 
0.000000 0.000000 0.000000 0.000000 0.000000 0.000000 0.000000 0.000000 0.000000 91.140167 91.140167 91.140167 0.000000 
