test/output/constant/M385_S060_A180_WD315.0_WS015.0/M385_S060_A180_WD315.0_WS015.0_ros.asc
ncols         56
nrows         15
xllcorner     426603.990666
yllcorner     12747455.311160
cellsize      100.000000
NODATA_value  0.000000
0.854756 13.344627 19.276047 41.309471 13.344627 49.323875 13.344627 26.054184 41.309471 26.054184 41.309471 19.276047 49.323875 41.309471 26.054184 0.000000 0.000000 0.000000 0.000000 0.000000 0.000000 0.000000 0.000000 0.000000 0.000000 0.000000 0.000000 0.000000 0.000000 0.000000 0.000000 0.000000 0.000000 0.000000 0.000000 0.000000 0.000000 0.000000 0.000000 0.000000 0.000000 0.000000 0.000000 0.000000 0.000000 0.000000 0.000000 0.000000 0.000000 0.000000 0.000000 0.000000 0.000000 0.000000 0.000000 0.000000 
-1.000000 93.225334 93.225334 93.225334 93.225334 72.023109 78.375008 13.344627 64.917397 26.054184 72.023109 64.917397 26.054184 41.309471 19.276047 33.473660 41.309471 13.344627 41.309471 19.276047 26.054184 41.309471 19.276047 49.323875 41.309471 0.000000 0.000000 0.000000 0.000000 0.000000 0.000000 0.000000 0.000000 0.000000 0.000000 0.000000 0.000000 0.000000 0.000000 0.000000 0.000000 0.000000 0.000000 0.000000 0.000000 0.000000 0.000000 0.000000 0.000000 0.000000 0.000000 0.000000 0.000000 0.000000 0.000000 0.000000 
2.365448 63.911991 90.788666 93.225334 93.225334 93.225334 93.225334 93.225334 93.225334 92.847244 13.344627 92.847244 93.225334 72.023109 88.074631 26.054184 88.074631 19.276047 26.054184 26.054184 26.054184 72.023109 64.917397 26.054184 72.023109 64.917397 26.054184 72.023109 57.273632 19.276047 0.000000 0.000000 0.000000 0.000000 0.000000 0.000000 0.000000 0.000000 0.000000 0.000000 0.000000 0.000000 0.000000 0.000000 0.000000 0.000000 0.000000 0.000000 0.000000 0.000000 0.000000 0.000000 0.000000 0.000000 0.000000 0.000000 
0.000000 0.854756 56.217648 63.911991 93.072998 93.225334 93.225334 93.225334 93.225334 93.225334 93.225334 93.225334 93.225334 93.225334 93.225334 93.225334 93.225334 26.054184 88.074631 93.225334 93.225334 72.023109 26.054184 26.054184 78.375008 26.054184 72.023109 78.375008 26.054184 64.917397 72.023109 72.023109 64.917397 83.780220 0.000000 0.000000 0.000000 0.000000 0.000000 0.000000 0.000000 0.000000 0.000000 0.000000 0.000000 0.000000 0.000000 0.000000 0.000000 0.000000 0.000000 0.000000 0.000000 0.000000 0.000000 0.000000 
0.000000 0.000000 0.000000 56.217648 63.911991 63.911991 63.911991 93.225334 71.100403 93.225334 93.225334 93.225334 93.225334 93.225334 93.225334 93.225334 93.225334 93.225334 93.225334 93.225334 93.225334 19.276047 93.225334 88.074631 93.225334 83.780220 93.225334 33.473660 93.225334 72.023109 26.054184 78.375008 78.375008 26.054184 88.074631 83.780220 26.054184 78.375008 0.000000 0.000000 0.000000 0.000000 0.000000 0.000000 0.000000 0.000000 0.000000 0.000000 0.000000 0.000000 0.000000 0.000000 0.000000 0.000000 0.000000 0.000000 
0.000000 0.000000 0.000000 0.000000 0.000000 56.217648 56.217648 63.911991 63.911991 63.911991 93.225334 90.788666 93.225334 93.225334 93.225334 93.225334 93.225334 93.225334 93.225334 93.225334 93.225334 93.225334 93.225334 93.225334 93.225334 19.276047 93.225334 93.225334 93.225334 13.344627 88.074631 93.225334 83.780220 93.225334 33.473660 72.023109 93.225334 72.023109 93.225334 83.780220 78.375008 0.000000 0.000000 0.000000 0.000000 0.000000 0.000000 0.000000 0.000000 0.000000 0.000000 0.000000 0.000000 0.000000 0.000000 0.000000 
0.000000 0.000000 0.000000 0.000000 0.000000 0.000000 0.000000 1.135371 63.911991 63.911991 63.911991 63.911991 63.911991 93.225334 93.225334 71.100403 93.072998 93.225334 93.225334 90.788666 93.225334 93.225334 93.225334 93.225334 93.225334 93.225334 93.225334 93.225334 93.225334 93.225334 93.225334 93.225334 19.276047 93.225334 93.225334 91.127861 93.225334 88.074631 93.225334 78.375008 93.225334 13.344627 78.375008 78.375008 93.225334 0.000000 0.000000 0.000000 0.000000 0.000000 0.000000 0.000000 0.000000 0.000000 0.000000 0.000000 
0.000000 0.000000 0.000000 0.000000 0.000000 0.000000 0.000000 0.000000 0.000000 0.000000 56.217648 63.911991 63.911991 63.911991 63.911991 63.911991 93.225334 93.225334 93.225334 93.225334 83.107155 93.225334 93.225334 93.225334 93.225334 93.225334 93.225334 93.225334 93.225334 93.225334 93.225334 93.225334 93.225334 93.225334 93.225334 93.225334 93.225334 93.225334 91.127861 92.847244 78.375008 26.054184 91.127861 93.225334 88.074631 93.225334 26.054184 0.000000 0.000000 0.000000 0.000000 0.000000 0.000000 0.000000 0.000000 0.000000 
0.000000 0.000000 0.000000 0.000000 0.000000 0.000000 0.000000 0.000000 0.000000 0.000000 0.000000 0.000000 0.000000 63.911991 63.911991 71.100403 71.100403 63.911991 63.911991 93.225334 93.225334 93.225334 71.100403 77.564301 93.072998 93.225334 93.225334 83.107155 93.225334 93.225334 93.225334 93.225334 93.225334 93.225334 93.225334 93.225334 93.225334 93.225334 93.225334 93.225334 93.225334 93.225334 93.225334 93.225334 93.225334 93.225334 93.225334 93.149956 93.225334 78.375008 0.000000 0.000000 0.000000 0.000000 0.000000 0.000000 
0.000000 0.000000 0.000000 0.000000 0.000000 0.000000 0.000000 0.000000 0.000000 0.000000 0.000000 0.000000 0.000000 0.000000 0.000000 0.000000 63.911991 63.911991 63.911991 63.911991 71.100403 63.911991 63.911991 90.788666 93.072998 92.693710 93.225334 93.225334 93.225334 93.225334 93.225334 87.560417 93.225334 93.225334 93.225334 93.225334 93.225334 93.225334 93.225334 93.225334 93.225334 93.225334 93.225334 93.225334 93.225334 19.276047 93.225334 93.225334 93.225334 93.225334 93.225334 83.780220 0.000000 0.000000 0.000000 0.000000 
0.000000 0.000000 0.000000 0.000000 0.000000 0.000000 0.000000 0.000000 0.000000 0.000000 0.000000 0.000000 0.000000 0.000000 0.000000 0.000000 0.000000 0.000000 0.000000 0.000000 63.911991 63.911991 63.911991 71.100403 90.788666 93.225334 93.072998 93.225334 93.225334 71.100403 77.564301 92.693710 93.225334 93.225334 93.225334 93.225334 93.225334 93.225334 93.225334 93.225334 93.225334 93.225334 93.225334 93.225334 93.225334 93.225334 93.225334 83.780220 93.225334 19.276047 33.473660 93.225334 26.054184 93.225334 0.000000 0.000000 
0.000000 0.000000 0.000000 0.000000 0.000000 0.000000 0.000000 0.000000 0.000000 0.000000 0.000000 0.000000 0.000000 0.000000 0.000000 0.000000 0.000000 0.000000 0.000000 0.000000 0.000000 0.000000 0.000000 0.000000 71.100403 71.100403 71.100403 93.072998 71.100403 93.225334 63.911991 71.100403 87.560417 93.225334 83.107155 93.225334 93.225334 93.225334 93.225334 93.225334 93.225334 93.225334 93.225334 93.225334 93.225334 93.225334 93.225334 93.225334 93.225334 93.225334 93.225334 93.225334 26.054184 26.054184 93.149956 0.000000 
0.000000 0.000000 0.000000 0.000000 0.000000 0.000000 0.000000 0.000000 0.000000 0.000000 0.000000 0.000000 0.000000 0.000000 0.000000 0.000000 0.000000 0.000000 0.000000 0.000000 0.000000 0.000000 0.000000 0.000000 0.000000 0.000000 0.000000 0.000000 71.100403 71.100403 93.072998 63.911991 63.911991 63.911991 71.100403 93.225334 71.100403 90.788666 93.225334 93.225334 93.225334 93.225334 93.225334 83.107155 93.225334 93.225334 93.225334 93.225334 93.225334 93.225334 93.225334 93.225334 93.225334 93.225334 93.225334 93.225334 
0.000000 0.000000 0.000000 0.000000 0.000000 0.000000 0.000000 0.000000 0.000000 0.000000 0.000000 0.000000 0.000000 0.000000 0.000000 0.000000 0.000000 0.000000 0.000000 0.000000 0.000000 0.000000 0.000000 0.000000 0.000000 0.000000 0.000000 0.000000 0.000000 0.000000 0.000000 0.000000 0.000000 0.000000 63.911991 71.100403 63.911991 71.100403 63.911991 90.788666 93.225334 90.788666 93.225334 93.225334 93.225334 93.225334 93.225334 87.560417 93.225334 93.225334 93.225334 93.225334 93.225334 93.225334 93.225334 93.225334 
0.000000 0.000000 0.000000 0.000000 0.000000 0.000000 0.000000 0.000000 0.000000 0.000000 0.000000 0.000000 0.000000 0.000000 0.000000 0.000000 0.000000 0.000000 0.000000 0.000000 0.000000 0.000000 0.000000 0.000000 0.000000 0.000000 0.000000 0.000000 0.000000 0.000000 0.000000 0.000000 0.000000 0.000000 0.000000 0.000000 0.000000 0.000000 0.000000 0.000000 0.000000 77.564301 93.225334 71.100403 92.693710 93.225334 93.225334 93.225334 93.225334 93.225334 93.225334 90.788666 93.225334 0.000000 0.000000 0.000000 
