test/output/constant/M3M4100_S060_A270_WD135.0_WS010.0/M3M4100_S060_A270_WD135.0_WS010.0_ros.asc
ncols         14
nrows         61
xllcorner     425503.990666
yllcorner     12748755.311160
cellsize      100.000000
NODATA_value  0.000000
0.000000 0.000000 101.101562 101.101562 0.000000 0.000000 0.000000 0.000000 0.000000 0.000000 0.000000 0.000000 0.000000 0.000000 
0.000000 101.101562 101.101562 98.735313 101.101562 0.000000 0.000000 0.000000 0.000000 0.000000 0.000000 0.000000 0.000000 0.000000 
0.000000 101.101562 101.101562 84.793289 101.101562 77.883911 0.000000 0.000000 0.000000 0.000000 0.000000 0.000000 0.000000 0.000000 
0.000000 101.101562 101.101562 101.101562 101.101562 84.793289 0.000000 0.000000 0.000000 0.000000 0.000000 0.000000 0.000000 0.000000 
101.101562 101.101562 101.101562 101.101562 61.875633 53.262913 0.000000 0.000000 0.000000 0.000000 0.000000 0.000000 0.000000 0.000000 
101.101562 101.101562 101.101562 101.101562 101.101562 61.875633 53.262913 0.000000 0.000000 0.000000 0.000000 0.000000 0.000000 0.000000 
101.101562 94.954742 101.101562 101.101562 98.735313 36.120144 61.875633 0.000000 0.000000 0.000000 0.000000 0.000000 0.000000 0.000000 
101.101562 98.453819 94.954742 101.101562 101.101562 95.379738 90.684875 53.262913 0.000000 0.000000 0.000000 0.000000 0.000000 0.000000 
90.129791 101.101562 101.101562 101.101562 100.649734 44.589958 90.684875 61.875633 0.000000 0.000000 0.000000 0.000000 0.000000 0.000000 
101.101562 101.101562 101.101562 101.101562 101.101562 20.804705 53.262913 84.793289 0.000000 0.000000 0.000000 0.000000 0.000000 0.000000 
101.101562 101.101562 101.101562 101.101562 101.101562 101.004662 77.883911 53.262913 61.875633 0.000000 0.000000 0.000000 0.000000 0.000000 
101.101562 101.101562 101.101562 101.101562 101.101562 70.166565 53.262913 61.875633 70.166565 0.000000 0.000000 0.000000 0.000000 0.000000 
101.101562 101.101562 101.101562 101.101562 101.101562 90.684875 44.589958 44.589958 36.120144 0.000000 0.000000 0.000000 0.000000 0.000000 
101.101562 98.453819 101.101562 101.101562 101.101562 101.101562 90.684875 70.166565 61.875633 0.000000 0.000000 0.000000 0.000000 0.000000 
100.939926 101.101562 101.101562 101.101562 101.101562 101.101562 53.262913 61.875633 61.875633 61.875633 0.000000 0.000000 0.000000 0.000000 
69.340523 101.101562 101.101562 101.101562 101.101562 90.684875 44.589958 36.120144 53.262913 53.262913 0.000000 0.000000 0.000000 0.000000 
94.954742 101.101562 98.453819 101.101562 101.101562 101.101562 61.875633 53.262913 70.166565 53.262913 0.000000 0.000000 0.000000 0.000000 
101.101562 101.101562 101.101562 101.101562 101.101562 101.101562 61.875633 61.875633 28.110661 53.262913 0.000000 0.000000 0.000000 0.000000 
69.340523 100.520615 101.101562 101.101562 101.101562 101.101562 101.101562 61.875633 61.875633 44.589958 61.875633 0.000000 0.000000 0.000000 
69.340523 69.340523 101.101562 101.101562 101.101562 101.101562 53.262913 36.120144 61.875633 53.262913 44.589958 0.000000 0.000000 0.000000 
77.124977 98.453819 101.101562 90.129791 101.101562 101.101562 101.101562 70.166565 77.883911 53.262913 61.875633 0.000000 0.000000 0.000000 
77.124977 101.101562 101.101562 100.520615 101.101562 101.101562 95.379738 44.589958 28.110661 61.875633 61.875633 0.000000 0.000000 0.000000 
69.340523 100.520615 90.129791 101.101562 101.101562 101.101562 101.101562 36.120144 61.875633 44.589958 44.589958 0.000000 0.000000 0.000000 
0.000000 69.340523 90.129791 101.101562 100.939926 101.101562 101.101562 95.379738 53.262913 44.589958 44.589958 61.875633 0.000000 0.000000 
0.000000 69.340523 94.954742 94.954742 101.101562 101.101562 98.735313 70.166565 61.875633 20.804705 61.875633 53.262913 0.000000 0.000000 
0.000000 77.124977 101.101562 101.101562 98.453819 101.101562 101.101562 101.101562 53.262913 61.875633 53.262913 20.804705 0.000000 0.000000 
0.000000 69.340523 77.124977 90.129791 101.101562 101.101562 101.101562 61.875633 44.589958 61.875633 36.120144 28.110661 0.000000 0.000000 
0.000000 5.039415 69.340523 101.101562 101.101562 101.101562 101.101562 101.101562 53.262913 70.166565 70.166565 61.875633 0.000000 0.000000 
0.000000 2.595374 69.340523 69.340523 101.101562 101.101562 101.101562 53.262913 84.793289 36.120144 61.875633 36.120144 0.000000 0.000000 
0.000000 69.340523 69.340523 101.101562 98.453819 101.101562 101.101562 101.101562 77.883911 36.120144 20.804705 61.875633 0.000000 0.000000 
0.000000 69.340523 5.039415 77.124977 101.101562 100.939926 101.101562 101.101562 53.262913 61.875633 44.589958 53.262913 0.000000 0.000000 
0.000000 0.000000 69.340523 69.340523 101.101562 101.101562 101.101562 84.793289 95.379738 61.875633 61.875633 61.875633 53.262913 0.000000 
0.000000 0.000000 77.124977 69.340523 69.340523 101.101562 101.101562 101.101562 101.004662 70.166565 61.875633 44.589958 53.262913 0.000000 
0.000000 0.000000 5.039415 69.340523 101.101562 101.101562 101.101562 101.101562 53.262913 61.875633 61.875633 61.875633 20.804705 0.000000 
0.000000 0.000000 69.340523 77.124977 77.124977 100.520615 101.101562 101.101562 95.379738 61.875633 20.804705 28.110661 53.262913 0.000000 
0.000000 0.000000 5.039415 69.340523 69.340523 101.101562 101.101562 101.101562 98.735313 53.262913 36.120144 44.589958 61.875633 0.000000 
0.000000 0.000000 2.595374 69.340523 69.340523 101.101562 101.101562 101.101562 101.101562 70.166565 61.875633 53.262913 36.120144 0.000000 
0.000000 0.000000 0.000000 77.124977 69.340523 101.101562 101.101562 101.101562 61.875633 70.166565 61.875633 36.120144 61.875633 0.000000 
0.000000 0.000000 0.000000 69.340523 5.039415 77.124977 101.101562 101.101562 101.101562 101.101562 61.875633 61.875633 53.262913 0.000000 
0.000000 0.000000 0.000000 69.340523 69.340523 69.340523 100.520615 101.101562 101.101562 61.875633 70.166565 61.875633 44.589958 0.000000 
0.000000 0.000000 0.000000 69.340523 5.039415 69.340523 101.101562 101.101562 101.101562 101.101562 53.262913 53.262913 53.262913 0.000000 
0.000000 0.000000 0.000000 69.340523 69.340523 69.340523 101.101562 101.101562 101.101562 61.875633 28.110661 36.120144 61.875633 53.262913 
0.000000 0.000000 0.000000 0.000000 8.794341 69.340523 77.124977 101.101562 101.101562 101.101562 61.875633 53.262913 53.262913 53.262913 
0.000000 0.000000 0.000000 0.000000 69.340523 8.794341 69.340523 101.101562 101.101562 101.101562 61.875633 53.262913 61.875633 53.262913 
0.000000 0.000000 0.000000 0.000000 77.124977 77.124977 69.340523 101.101562 101.101562 98.735313 36.120144 36.120144 61.875633 53.262913 
0.000000 0.000000 0.000000 0.000000 61.009018 69.340523 5.039415 101.101562 101.101562 101.101562 53.262913 61.875633 53.262913 53.262913 
0.000000 0.000000 0.000000 0.000000 0.000000 69.340523 69.340523 69.340523 101.101562 101.101562 95.379738 61.875633 53.262913 53.262913 
0.000000 0.000000 0.000000 0.000000 0.000000 2.595374 69.340523 69.340523 101.101562 101.101562 53.262913 44.589958 53.262913 53.262913 
0.000000 0.000000 0.000000 0.000000 0.000000 2.595374 77.124977 69.340523 101.101562 101.101562 61.875633 77.883911 44.589958 28.110661 
0.000000 0.000000 0.000000 0.000000 0.000000 69.340523 69.340523 69.340523 101.101562 101.101562 101.101562 61.875633 53.262913 53.262913 
0.000000 0.000000 0.000000 0.000000 0.000000 0.000000 69.340523 69.340523 69.340523 101.101562 84.793289 61.875633 53.262913 53.262913 
0.000000 0.000000 0.000000 0.000000 0.000000 0.000000 61.009018 69.340523 69.340523 101.101562 101.101562 20.804705 61.875633 28.110661 
0.000000 0.000000 0.000000 0.000000 0.000000 0.000000 2.595374 69.340523 69.340523 101.101562 101.101562 44.589958 53.262913 20.804705 
0.000000 0.000000 0.000000 0.000000 0.000000 0.000000 0.000000 69.340523 8.794341 101.101562 101.101562 61.875633 53.262913 28.110661 
0.000000 0.000000 0.000000 0.000000 0.000000 0.000000 0.000000 69.340523 2.595374 69.340523 101.101562 53.262913 53.262913 28.110661 
0.000000 0.000000 0.000000 0.000000 0.000000 0.000000 0.000000 1.307963 1.307963 69.340523 101.101562 84.793289 20.804705 36.120144 
0.000000 0.000000 0.000000 0.000000 0.000000 0.000000 0.000000 0.000000 69.340523 69.340523 101.101562 101.101562 53.262913 28.110661 
0.000000 0.000000 0.000000 0.000000 0.000000 0.000000 0.000000 0.000000 1.307963 69.340523 101.101562 101.101562 28.110661 0.000000 
0.000000 0.000000 0.000000 0.000000 0.000000 0.000000 0.000000 0.000000 0.000000 69.340523 98.453819 101.101562 36.120144 0.000000 
0.000000 0.000000 0.000000 0.000000 0.000000 0.000000 0.000000 0.000000 0.000000 1.307963 69.340523 101.101562 20.804705 0.000000 
0.000000 0.000000 0.000000 0.000000 0.000000 0.000000 0.000000 0.000000 0.000000 0.000000 1.307963 -1.000000 1.196621 0.000000 
