test/output/constant/M385_S060_A180_WD000.0_WS010.0/M385_S060_A180_WD000.0_WS010.0_arrival.asc
ncols         49
nrows         16
xllcorner     426603.990666
yllcorner     12747355.311160
cellsize      100.000000
NODATA_value  0.000000
166.022903 166.018920 166.017260 166.017924 166.019915 166.021243 166.023235 166.025558 166.027550 166.029541 166.031533 166.033856 166.035848 166.038171 166.040163 0.000000 0.000000 0.000000 0.000000 0.000000 0.000000 0.000000 0.000000 0.000000 0.000000 0.000000 0.000000 0.000000 0.000000 0.000000 0.000000 0.000000 0.000000 0.000000 0.000000 0.000000 0.000000 0.000000 0.000000 0.000000 0.000000 0.000000 0.000000 0.000000 0.000000 0.000000 0.000000 0.000000 0.000000 
166.000000 166.000664 166.001328 166.002655 166.003983 166.005975 166.007634 166.009626 166.011949 166.013941 166.015932 166.017924 166.020247 166.022239 166.024230 166.026554 166.028545 166.030869 166.032860 166.035184 166.037175 166.039499 166.041490 0.000000 0.000000 0.000000 0.000000 0.000000 0.000000 0.000000 0.000000 0.000000 0.000000 0.000000 0.000000 0.000000 0.000000 0.000000 0.000000 0.000000 0.000000 0.000000 0.000000 0.000000 0.000000 0.000000 0.000000 0.000000 0.000000 
166.006970 166.001660 166.001660 166.002323 166.003319 166.003983 166.004979 166.005975 166.007302 166.008630 166.009958 166.011617 166.013609 166.015268 166.017260 166.018920 166.020911 166.022903 166.024894 166.026886 166.028877 166.031201 166.033192 166.035184 166.037175 166.039167 166.041490 0.000000 0.000000 0.000000 0.000000 0.000000 0.000000 0.000000 0.000000 0.000000 0.000000 0.000000 0.000000 0.000000 0.000000 0.000000 0.000000 0.000000 0.000000 0.000000 0.000000 0.000000 0.000000 
166.039499 166.018588 166.008962 166.005311 166.004647 166.004647 166.004979 166.005643 166.006638 166.007634 166.008298 166.009294 166.010290 166.011617 166.012945 166.014605 166.015932 166.017592 166.019583 166.021243 166.022903 166.024894 166.026554 166.028545 166.030537 166.032196 166.034188 166.035848 166.037839 166.039831 0.000000 0.000000 0.000000 0.000000 0.000000 0.000000 0.000000 0.000000 0.000000 0.000000 0.000000 0.000000 0.000000 0.000000 0.000000 0.000000 0.000000 0.000000 0.000000 
0.000000 0.000000 166.030205 166.018920 166.012945 166.009626 166.008298 166.007966 166.007634 166.007966 166.008298 166.009294 166.010290 166.010953 166.011949 166.012613 166.013941 166.014936 166.016264 166.017592 166.019251 166.020579 166.022239 166.023566 166.025226 166.027218 166.028877 166.030537 166.032528 166.034188 166.036180 166.037839 166.039831 166.041667 0.000000 0.000000 0.000000 0.000000 0.000000 0.000000 0.000000 0.000000 0.000000 0.000000 0.000000 0.000000 0.000000 0.000000 0.000000 
0.000000 0.000000 0.000000 166.041490 166.029873 166.022239 166.017260 166.013609 166.011949 166.011285 166.010953 166.010953 166.010953 166.011285 166.011949 166.012613 166.013609 166.014605 166.015268 166.016264 166.017260 166.018256 166.019583 166.020911 166.022239 166.023566 166.025226 166.026554 166.028213 166.029873 166.031533 166.033192 166.034852 166.036511 166.038503 166.040163 0.000000 0.000000 0.000000 0.000000 0.000000 0.000000 0.000000 0.000000 0.000000 0.000000 0.000000 0.000000 0.000000 
0.000000 0.000000 0.000000 0.000000 0.000000 166.041158 166.032196 166.025890 166.021243 166.017924 166.015932 166.014936 166.014273 166.013941 166.013941 166.013941 166.014273 166.014936 166.015268 166.016264 166.016928 166.017924 166.018920 166.019583 166.020579 166.021575 166.022903 166.024230 166.025226 166.026886 166.028213 166.029541 166.031201 166.032860 166.034188 166.035848 166.037175 166.039167 166.040826 0.000000 0.000000 0.000000 0.000000 0.000000 0.000000 0.000000 0.000000 0.000000 0.000000 
0.000000 0.000000 0.000000 0.000000 0.000000 0.000000 0.000000 0.000000 166.035516 166.029873 166.025558 166.022239 166.020247 166.018588 166.017924 166.017260 166.016928 166.016928 166.016928 166.017260 166.017592 166.018256 166.018920 166.019583 166.020579 166.021243 166.022239 166.023235 166.024230 166.025226 166.026222 166.027550 166.028877 166.029873 166.031533 166.032860 166.034188 166.035848 166.037175 166.038835 166.040163 0.000000 0.000000 0.000000 0.000000 0.000000 0.000000 0.000000 0.000000 
0.000000 0.000000 0.000000 0.000000 0.000000 0.000000 0.000000 0.000000 0.000000 0.000000 166.039167 166.033856 166.029873 166.026222 166.024230 166.022571 166.021575 166.020911 166.020247 166.020247 166.019915 166.019915 166.020247 166.020247 166.020911 166.021575 166.022239 166.023235 166.023898 166.024894 166.025890 166.026554 166.027550 166.028545 166.029541 166.030869 166.031865 166.033192 166.034520 166.036180 166.037507 166.038835 166.040163 166.041667 0.000000 0.000000 0.000000 0.000000 0.000000 
0.000000 0.000000 0.000000 0.000000 0.000000 0.000000 0.000000 0.000000 0.000000 0.000000 0.000000 0.000000 0.000000 166.038171 166.033856 166.030537 166.028213 166.026554 166.025226 166.024562 166.023898 166.023566 166.023235 166.022903 166.023235 166.023235 166.023566 166.023898 166.024562 166.024894 166.025890 166.026554 166.027550 166.028213 166.029209 166.030205 166.031201 166.032196 166.033192 166.034188 166.035184 166.036511 166.037839 166.039167 166.040495 0.000000 0.000000 0.000000 0.000000 
0.000000 0.000000 0.000000 0.000000 0.000000 0.000000 0.000000 0.000000 0.000000 0.000000 0.000000 0.000000 0.000000 0.000000 0.000000 0.000000 166.038503 166.034852 166.032528 166.030537 166.029209 166.028213 166.027550 166.026886 166.026554 166.026222 166.025890 166.026222 166.026222 166.026554 166.026554 166.027218 166.027881 166.028545 166.029209 166.030205 166.030869 166.031865 166.032528 166.033524 166.034520 166.035516 166.036511 166.037507 166.038503 166.039831 166.041158 0.000000 0.000000 
0.000000 0.000000 0.000000 0.000000 0.000000 0.000000 0.000000 0.000000 0.000000 0.000000 0.000000 0.000000 0.000000 0.000000 0.000000 0.000000 0.000000 0.000000 0.000000 166.039167 166.036511 166.034852 166.032860 166.031865 166.031201 166.030537 166.029873 166.029541 166.029209 166.029209 166.029209 166.029209 166.029541 166.029541 166.030205 166.030537 166.031201 166.031865 166.032528 166.033524 166.034520 166.035184 166.036180 166.037175 166.037839 166.038835 166.040163 166.041158 0.000000 
0.000000 0.000000 0.000000 0.000000 0.000000 0.000000 0.000000 0.000000 0.000000 0.000000 0.000000 0.000000 0.000000 0.000000 0.000000 0.000000 0.000000 0.000000 0.000000 0.000000 0.000000 0.000000 166.040826 166.038835 166.037175 166.035848 166.034852 166.034188 166.033524 166.032860 166.032528 166.032196 166.032196 166.032196 166.032196 166.032528 166.032860 166.032860 166.033524 166.034188 166.034852 166.035516 166.036180 166.036843 166.037839 166.038835 166.039499 166.040495 166.041490 
0.000000 0.000000 0.000000 0.000000 0.000000 0.000000 0.000000 0.000000 0.000000 0.000000 0.000000 0.000000 0.000000 0.000000 0.000000 0.000000 0.000000 0.000000 0.000000 0.000000 0.000000 0.000000 0.000000 0.000000 0.000000 0.000000 166.041158 166.039499 166.038503 166.037839 166.037175 166.036180 166.035848 166.035516 166.035184 166.035184 166.035184 166.035516 166.035516 166.035848 166.035848 166.036511 166.036843 166.037507 166.038171 166.038835 166.039499 166.040495 166.041158 
0.000000 0.000000 0.000000 0.000000 0.000000 0.000000 0.000000 0.000000 0.000000 0.000000 0.000000 0.000000 0.000000 0.000000 0.000000 0.000000 0.000000 0.000000 0.000000 0.000000 0.000000 0.000000 0.000000 0.000000 0.000000 0.000000 0.000000 0.000000 0.000000 0.000000 0.000000 166.041490 166.040826 166.039831 166.039499 166.038835 166.038503 166.038503 166.038171 166.038171 166.038503 166.038503 166.038835 166.038835 166.039167 166.039831 166.040163 166.040826 166.041490 
0.000000 0.000000 0.000000 0.000000 0.000000 0.000000 0.000000 0.000000 0.000000 0.000000 0.000000 0.000000 0.000000 0.000000 0.000000 0.000000 0.000000 0.000000 0.000000 0.000000 0.000000 0.000000 0.000000 0.000000 0.000000 0.000000 0.000000 0.000000 0.000000 0.000000 0.000000 0.000000 0.000000 0.000000 0.000000 0.000000 0.000000 0.000000 0.000000 166.041490 166.041490 166.041158 166.041490 166.041490 166.041667 0.000000 0.000000 0.000000 0.000000 
