test/output/constant/M3M455_S060_A090_WD315.0_WS005.0/M3M455_S060_A090_WD315.0_WS005.0_arrival.asc
ncols         8
nrows         31
xllcorner     426403.990666
yllcorner     12745755.311160
cellsize      100.000000
NODATA_value  0.000000
0.000000 166.025044 166.000000 166.016333 0.000000 0.000000 0.000000 0.000000 
0.000000 166.014700 166.001089 166.005444 0.000000 0.000000 0.000000 0.000000 
0.000000 166.012522 166.002178 166.004900 166.028311 0.000000 0.000000 0.000000 
0.000000 166.011978 166.003811 166.004900 166.019600 0.000000 0.000000 0.000000 
166.039744 166.012522 166.004900 166.005444 166.015789 0.000000 0.000000 0.000000 
166.037022 166.013066 166.006533 166.006533 166.014155 166.034300 0.000000 0.000000 
166.035388 166.014155 166.007622 166.007622 166.013611 166.029400 0.000000 0.000000 
166.034844 166.015244 166.009255 166.009255 166.013611 166.026133 0.000000 0.000000 
166.034844 166.016878 166.010889 166.010344 166.013611 166.023955 0.000000 0.000000 
166.034844 166.017966 166.012522 166.011978 166.014155 166.022866 166.039199 0.000000 
166.035388 166.019600 166.013611 166.013066 166.014700 166.022322 166.036477 0.000000 
166.035933 166.021233 166.015244 166.014700 166.015789 166.022322 166.033755 0.000000 
166.036477 166.022866 166.016878 166.015789 166.016878 166.022322 166.032666 0.000000 
166.037566 166.024500 166.018511 166.017422 166.017966 166.022866 166.031577 0.000000 
166.038111 166.026133 166.020144 166.018511 166.019055 166.022866 166.031033 0.000000 
166.039199 166.027766 166.021777 166.020144 166.020144 166.023411 166.031033 0.000000 
166.040288 166.029400 166.023411 166.021777 166.021777 166.024500 166.031033 166.041377 
166.041377 166.031033 166.025044 166.022866 166.022866 166.025044 166.031577 166.040288 
0.000000 166.032666 166.026677 166.024500 166.024500 166.026133 166.031577 166.039744 
0.000000 166.034300 166.028311 166.025589 166.025589 166.027222 166.032122 166.039744 
0.000000 166.035933 166.029944 166.027222 166.027222 166.028311 166.032122 166.039744 
0.000000 166.037566 166.031033 166.028855 166.028311 166.029400 166.033211 166.040288 
0.000000 166.039199 166.032666 166.029944 166.029944 166.030488 166.033755 166.040288 
0.000000 166.040833 166.034300 166.031577 166.031033 166.031577 166.034844 166.040833 
0.000000 0.000000 166.035933 166.033211 166.032666 166.032666 166.035388 166.040833 
0.000000 0.000000 166.037566 166.034844 166.033755 166.034300 166.036477 166.041377 
0.000000 0.000000 166.039199 166.035933 166.035388 166.035388 166.037566 166.041667 
0.000000 0.000000 166.040833 166.037566 166.036477 166.036477 166.038655 0.000000 
0.000000 0.000000 0.000000 166.039199 166.038111 166.038111 166.039744 0.000000 
0.000000 0.000000 0.000000 166.040833 166.039199 166.039199 166.040833 0.000000 
0.000000 0.000000 0.000000 0.000000 166.040833 166.040833 166.041667 0.000000 
