test/output/constant/M3M460_S060_A090_WD000.0_WS035.0/M3M460_S060_A090_WD000.0_WS035.0_arrival.asc
ncols         7
nrows         42
xllcorner     426303.990666
yllcorner     12744655.311160
cellsize      100.000000
NODATA_value  0.000000
0.000000 0.000000 0.000000 166.000000 0.000000 0.000000 0.000000 
0.000000 0.000000 166.019687 166.000804 166.019687 0.000000 0.000000 
0.000000 0.000000 166.011652 166.001607 166.011652 0.000000 0.000000 
0.000000 0.000000 166.009241 166.002812 166.009241 0.000000 0.000000 
0.000000 0.000000 166.008437 166.003616 166.008437 0.000000 0.000000 
0.000000 166.039374 166.008437 166.004821 166.008437 166.039374 0.000000 
0.000000 166.034553 166.008437 166.005625 166.008437 166.034553 0.000000 
0.000000 166.031339 166.009241 166.006830 166.009241 166.031339 0.000000 
0.000000 166.028928 166.010044 166.007634 166.010044 166.028928 0.000000 
0.000000 166.026919 166.010848 166.008839 166.010848 166.026919 0.000000 
0.000000 166.026116 166.011652 166.009643 166.011652 166.026116 0.000000 
0.000000 166.025312 166.012455 166.010848 166.012455 166.025312 0.000000 
0.000000 166.024910 166.013259 166.011652 166.013259 166.024910 0.000000 
0.000000 166.024508 166.014464 166.012857 166.014464 166.024508 0.000000 
0.000000 166.024107 166.015268 166.013660 166.015268 166.024107 0.000000 
0.000000 166.024508 166.016473 166.014866 166.016473 166.024508 0.000000 
0.000000 166.024508 166.017276 166.015669 166.017276 166.024508 0.000000 
0.000000 166.025312 166.018482 166.016875 166.018482 166.025312 0.000000 
0.000000 166.025714 166.019285 166.017678 166.019285 166.025714 0.000000 
166.041667 166.026517 166.020089 166.018884 166.020089 166.026517 166.041667 
166.040981 166.027321 166.021294 166.019687 166.021294 166.027321 166.040981 
166.040580 166.028124 166.022098 166.020892 166.022098 166.028124 166.040580 
166.040580 166.028526 166.023303 166.021696 166.023303 166.028526 166.040580 
166.040580 166.029330 166.024107 166.022901 166.024107 166.029330 166.040580 
166.040178 166.030133 166.025312 166.023705 166.025312 166.030133 166.040178 
166.040178 166.030937 166.026116 166.024910 166.026116 166.030937 166.040178 
166.040580 166.031740 166.026919 166.025714 166.026919 166.031740 166.040580 
166.041383 166.032544 166.028124 166.026919 166.028124 166.032544 166.041383 
0.000000 166.033348 166.028928 166.027723 166.028928 166.033348 0.000000 
0.000000 166.034151 166.030133 166.028928 166.030133 166.034151 0.000000 
0.000000 166.034955 166.030937 166.029732 166.030937 166.034955 0.000000 
0.000000 166.035758 166.032142 166.030937 166.032142 166.035758 0.000000 
0.000000 166.036562 166.032946 166.031740 166.032946 166.036562 0.000000 
0.000000 166.037767 166.033749 166.032946 166.033749 166.037767 0.000000 
0.000000 166.038571 166.034955 166.033749 166.034955 166.038571 0.000000 
0.000000 166.039374 166.035758 166.034955 166.035758 166.039374 0.000000 
0.000000 166.040580 166.036964 166.035758 166.036964 166.040580 0.000000 
0.000000 166.041383 166.037767 166.036964 166.037767 166.041383 0.000000 
0.000000 0.000000 166.038972 166.037767 166.038972 0.000000 0.000000 
0.000000 0.000000 166.039776 166.038972 166.039776 0.000000 0.000000 
0.000000 0.000000 166.040981 166.039776 166.040981 0.000000 0.000000 
0.000000 0.000000 0.000000 166.040981 0.000000 0.000000 0.000000 
