test/output/constant/M390_S060_A180_WD315.0_WS010.0/M390_S060_A180_WD315.0_WS010.0_ros.asc
ncols         58
nrows         14
xllcorner     426603.990666
yllcorner     12747655.311160
cellsize      100.000000
NODATA_value  0.000000
0.000000 0.000000 0.000000 0.000000 19.784109 19.784109 26.722338 19.784109 34.329544 19.784109 50.613678 42.374756 26.722338 50.613678 50.613678 50.613678 50.613678 50.613678 0.000000 0.000000 0.000000 0.000000 0.000000 0.000000 0.000000 0.000000 0.000000 0.000000 0.000000 0.000000 0.000000 0.000000 0.000000 0.000000 0.000000 0.000000 0.000000 0.000000 0.000000 0.000000 0.000000 0.000000 0.000000 0.000000 0.000000 0.000000 0.000000 0.000000 0.000000 0.000000 0.000000 0.000000 0.000000 0.000000 0.000000 0.000000 0.000000 0.000000 
1.066736 26.722338 26.722338 19.784109 26.722338 58.796124 50.613678 42.374756 19.784109 58.796124 42.374756 58.796124 58.796124 34.329544 58.796124 26.722338 19.784109 50.613678 50.613678 58.796124 58.796124 42.374756 19.784109 50.613678 34.329544 58.796124 50.613678 26.722338 58.796124 0.000000 0.000000 0.000000 0.000000 0.000000 0.000000 0.000000 0.000000 0.000000 0.000000 0.000000 0.000000 0.000000 0.000000 0.000000 0.000000 0.000000 0.000000 0.000000 0.000000 0.000000 0.000000 0.000000 0.000000 0.000000 0.000000 0.000000 0.000000 0.000000 
-1.000000 96.084328 96.084328 96.084328 96.084328 42.374756 90.637070 96.084328 26.722338 74.006912 80.573303 58.796124 42.374756 19.784109 66.673615 42.374756 19.784109 74.006912 50.613678 42.374756 66.673615 58.796124 34.329544 74.006912 50.613678 42.374756 74.006912 58.796124 42.374756 74.006912 50.613678 42.374756 58.796124 58.796124 26.722338 58.796124 42.374756 0.000000 0.000000 0.000000 0.000000 0.000000 0.000000 0.000000 0.000000 0.000000 0.000000 0.000000 0.000000 0.000000 0.000000 0.000000 0.000000 0.000000 0.000000 0.000000 0.000000 0.000000 
1.259645 65.871666 95.525803 79.924881 96.084328 96.084328 96.084328 96.084328 96.084328 96.084328 50.613678 96.084328 90.637070 96.084328 50.613678 93.828835 96.084328 42.374756 74.006912 86.173378 96.084328 34.329544 80.573303 42.374756 42.374756 26.722338 86.173378 58.796124 66.673615 34.329544 74.006912 74.006912 34.329544 26.722338 74.006912 50.613678 19.784109 74.006912 58.796124 34.329544 19.784109 0.000000 0.000000 0.000000 0.000000 0.000000 0.000000 0.000000 0.000000 0.000000 0.000000 0.000000 0.000000 0.000000 0.000000 0.000000 0.000000 0.000000 
0.000000 0.716940 4.791258 65.871666 65.871666 96.084328 90.223969 96.084328 93.554977 96.084328 96.084328 96.084328 96.084328 96.084328 96.084328 96.084328 96.084328 96.084328 96.084328 96.084328 80.573303 96.084328 42.374756 34.329544 96.084328 34.329544 80.573303 93.828835 96.084328 26.722338 42.374756 90.637070 96.084328 34.329544 74.006912 80.573303 90.637070 86.173378 86.173378 80.573303 74.006912 34.329544 19.784109 86.173378 58.796124 0.000000 0.000000 0.000000 0.000000 0.000000 0.000000 0.000000 0.000000 0.000000 0.000000 0.000000 0.000000 0.000000 
0.000000 0.000000 0.000000 57.954971 65.871666 65.871666 65.871666 73.269958 1.066736 96.084328 96.084328 90.223969 96.084328 93.554977 96.084328 96.084328 96.084328 96.084328 96.084328 96.084328 96.084328 96.084328 96.084328 96.084328 96.084328 96.084328 34.329544 42.374756 96.084328 96.084328 96.084328 96.084328 19.784109 96.084328 26.722338 74.006912 96.084328 26.722338 74.006912 90.637070 96.084328 26.722338 34.329544 96.084328 95.651779 96.084328 42.374756 74.006912 90.637070 0.000000 0.000000 0.000000 0.000000 0.000000 0.000000 0.000000 0.000000 0.000000 
0.000000 0.000000 0.000000 0.000000 0.000000 57.954971 65.871666 65.871666 65.871666 65.871666 73.269958 65.871666 96.084328 65.871666 93.554977 90.223969 96.084328 96.084328 96.084328 96.084328 96.084328 96.084328 96.084328 96.084328 96.084328 96.084328 96.084328 96.084328 96.084328 96.084328 80.573303 96.084328 50.613678 90.637070 50.613678 96.084328 96.084328 96.084328 26.722338 96.084328 50.613678 34.329544 96.084328 96.084328 74.006912 93.828835 96.084328 58.796124 95.651779 96.084328 50.613678 93.828835 0.000000 0.000000 0.000000 0.000000 0.000000 0.000000 
0.000000 0.000000 0.000000 0.000000 0.000000 0.000000 0.000000 0.000000 65.871666 65.871666 65.871666 65.871666 65.871666 65.871666 65.871666 73.269958 85.634079 93.554977 65.871666 90.223969 96.084328 96.084328 90.223969 96.084328 96.084328 96.084328 95.525803 96.084328 96.084328 96.084328 96.084328 96.084328 96.084328 96.084328 96.084328 96.084328 80.573303 96.084328 96.084328 96.084328 96.084328 96.084328 96.084328 93.828835 96.084328 19.784109 96.084328 50.613678 50.613678 95.991859 96.084328 96.084328 50.613678 74.006912 0.000000 0.000000 0.000000 0.000000 
0.000000 0.000000 0.000000 0.000000 0.000000 0.000000 0.000000 0.000000 0.000000 0.000000 0.000000 0.000000 65.871666 65.871666 73.269958 65.871666 65.871666 65.871666 65.871666 65.871666 90.223969 95.525803 85.634079 95.525803 79.924881 96.084328 96.084328 93.554977 96.084328 96.084328 96.084328 96.084328 96.084328 96.084328 96.084328 96.084328 96.084328 96.084328 96.084328 96.084328 96.084328 96.084328 96.084328 96.084328 96.084328 96.084328 96.084328 86.173378 96.084328 96.084328 96.084328 96.084328 96.084328 96.084328 96.084328 42.374756 0.000000 0.000000 
0.000000 0.000000 0.000000 0.000000 0.000000 0.000000 0.000000 0.000000 0.000000 0.000000 0.000000 0.000000 0.000000 0.000000 0.000000 57.954971 65.871666 65.871666 65.871666 73.269958 65.871666 93.554977 73.269958 95.928703 85.634079 90.223969 95.525803 79.924881 90.223969 96.084328 96.084328 96.084328 90.223969 95.928703 96.084328 96.084328 96.084328 96.084328 96.084328 96.084328 96.084328 96.084328 96.084328 96.084328 96.084328 96.084328 96.084328 96.084328 96.084328 96.084328 96.084328 96.084328 50.613678 96.084328 96.084328 95.651779 96.084328 0.000000 
0.000000 0.000000 0.000000 0.000000 0.000000 0.000000 0.000000 0.000000 0.000000 0.000000 0.000000 0.000000 0.000000 0.000000 0.000000 0.000000 0.000000 0.000000 0.000000 0.000000 65.871666 65.871666 73.269958 73.269958 90.223969 65.871666 65.871666 96.084328 95.928703 79.924881 90.223969 90.223969 96.084328 93.554977 93.554977 96.084328 96.084328 93.554977 90.223969 96.084328 96.084328 96.084328 96.084328 96.084328 96.084328 96.084328 96.084328 96.084328 96.084328 96.084328 96.084328 96.084328 96.084328 96.084328 96.084328 96.084328 96.084328 96.084328 
0.000000 0.000000 0.000000 0.000000 0.000000 0.000000 0.000000 0.000000 0.000000 0.000000 0.000000 0.000000 0.000000 0.000000 0.000000 0.000000 0.000000 0.000000 0.000000 0.000000 0.000000 0.000000 0.000000 0.000000 0.000000 65.871666 65.871666 73.269958 65.871666 65.871666 90.223969 65.871666 85.634079 90.223969 96.084328 79.924881 85.634079 90.223969 96.084328 96.084328 96.084328 96.084328 93.554977 85.634079 96.084328 96.084328 96.084328 96.084328 96.084328 96.084328 96.084328 96.084328 96.084328 96.084328 96.084328 96.084328 96.084328 96.084328 
0.000000 0.000000 0.000000 0.000000 0.000000 0.000000 0.000000 0.000000 0.000000 0.000000 0.000000 0.000000 0.000000 0.000000 0.000000 0.000000 0.000000 0.000000 0.000000 0.000000 0.000000 0.000000 0.000000 0.000000 0.000000 0.000000 0.000000 0.000000 0.000000 0.000000 0.000000 65.871666 90.223969 65.871666 65.871666 95.525803 90.223969 65.871666 93.554977 93.554977 90.223969 96.084328 90.223969 96.084328 96.084328 96.084328 96.084328 95.525803 90.223969 85.634079 96.084328 96.084328 96.084328 96.084328 95.928703 96.084328 96.084328 0.000000 
0.000000 0.000000 0.000000 0.000000 0.000000 0.000000 0.000000 0.000000 0.000000 0.000000 0.000000 0.000000 0.000000 0.000000 0.000000 0.000000 0.000000 0.000000 0.000000 0.000000 0.000000 0.000000 0.000000 0.000000 0.000000 0.000000 0.000000 0.000000 0.000000 0.000000 0.000000 0.000000 0.000000 0.000000 0.000000 0.000000 0.000000 0.000000 0.000000 0.000000 0.000000 0.000000 0.000000 96.084328 96.084328 96.084328 93.554977 96.084328 93.554977 96.084328 96.084328 0.000000 0.000000 0.000000 0.000000 0.000000 0.000000 0.000000 
