test/output/constant/M3M4100_S060_A270_WD270.0_WS010.0/M3M4100_S060_A270_WD270.0_WS010.0_arrival.asc
ncols         17
nrows         55
xllcorner     426503.990666
yllcorner     12748755.311160
cellsize      100.000000
NODATA_value  0.000000
0.000000 0.000000 0.000000 0.000000 0.000000 0.000000 0.000000 0.000000 0.000000 0.000000 0.000000 0.000000 0.000000 166.041533 166.041239 166.041239 0.000000 
0.000000 0.000000 0.000000 0.000000 0.000000 0.000000 0.000000 0.000000 0.000000 0.000000 0.000000 0.000000 166.040944 166.040650 166.040355 166.040944 166.041667 
0.000000 0.000000 0.000000 0.000000 0.000000 0.000000 0.000000 0.000000 0.000000 0.000000 0.000000 166.041239 166.040061 166.039766 166.039766 166.040061 166.041239 
0.000000 0.000000 0.000000 0.000000 0.000000 0.000000 0.000000 0.000000 0.000000 0.000000 0.000000 166.040061 166.039177 166.038882 166.038882 166.039766 166.041239 
0.000000 0.000000 0.000000 0.000000 0.000000 0.000000 0.000000 0.000000 0.000000 0.000000 166.040650 166.038882 166.038293 166.037999 166.038293 166.039177 166.040944 
0.000000 0.000000 0.000000 0.000000 0.000000 0.000000 0.000000 0.000000 0.000000 166.041667 166.039471 166.037999 166.037410 166.037410 166.037704 166.038588 166.040650 
0.000000 0.000000 0.000000 0.000000 0.000000 0.000000 0.000000 0.000000 0.000000 166.040650 166.038293 166.037115 166.036820 166.036526 166.037115 166.038293 166.040650 
0.000000 0.000000 0.000000 0.000000 0.000000 0.000000 0.000000 0.000000 0.000000 166.039177 166.037115 166.036231 166.035937 166.035937 166.036526 166.038293 166.040355 
0.000000 0.000000 0.000000 0.000000 0.000000 0.000000 0.000000 0.000000 166.040650 166.037999 166.036231 166.035348 166.035053 166.035053 166.035937 166.037999 166.040355 
0.000000 0.000000 0.000000 0.000000 0.000000 0.000000 0.000000 0.000000 166.039177 166.036820 166.035053 166.034464 166.034169 166.034758 166.035642 166.037999 166.040355 
0.000000 0.000000 0.000000 0.000000 0.000000 0.000000 0.000000 166.040650 166.037704 166.035642 166.033875 166.033580 166.033580 166.034169 166.035348 166.037704 166.040650 
0.000000 0.000000 0.000000 0.000000 0.000000 0.000000 0.000000 166.039177 166.036526 166.034169 166.033286 166.032697 166.032697 166.033580 166.035348 166.037704 166.040650 
0.000000 0.000000 0.000000 0.000000 0.000000 0.000000 166.041667 166.037999 166.035053 166.033286 166.032107 166.032107 166.032107 166.032991 166.035053 166.037704 166.040944 
0.000000 0.000000 0.000000 0.000000 0.000000 0.000000 166.040355 166.036526 166.033875 166.032107 166.031224 166.031224 166.031518 166.032697 166.035053 166.037704 166.041239 
0.000000 0.000000 0.000000 0.000000 0.000000 0.000000 166.038588 166.035348 166.032697 166.030929 166.030635 166.030340 166.030929 166.032402 166.034758 166.037999 0.000000 
0.000000 0.000000 0.000000 0.000000 0.000000 166.041533 166.037115 166.033875 166.031518 166.030045 166.029751 166.029751 166.030340 166.032402 166.034758 166.038293 0.000000 
0.000000 0.000000 0.000000 0.000000 0.000000 166.040061 166.035642 166.032402 166.030340 166.029162 166.028867 166.028867 166.030045 166.032107 166.034758 166.038588 0.000000 
0.000000 0.000000 0.000000 0.000000 0.000000 166.038293 166.034169 166.031224 166.029162 166.028278 166.028278 166.028573 166.029751 166.032107 166.035053 166.039177 0.000000 
0.000000 0.000000 0.000000 0.000000 166.041533 166.036820 166.032697 166.029751 166.027983 166.027394 166.027394 166.027983 166.029456 166.032107 166.035348 166.039766 0.000000 
0.000000 0.000000 0.000000 0.000000 166.039766 166.035053 166.031224 166.028573 166.027100 166.026511 166.026805 166.027394 166.029456 166.032107 166.035937 166.040355 0.000000 
0.000000 0.000000 0.000000 0.000000 166.038293 166.033580 166.030045 166.027394 166.026216 166.025922 166.025922 166.027100 166.029456 166.032402 166.036231 166.040944 0.000000 
0.000000 0.000000 0.000000 0.000000 166.036526 166.031813 166.028573 166.026216 166.025332 166.025038 166.025332 166.026805 166.029162 166.032697 166.036820 0.000000 0.000000 
0.000000 0.000000 0.000000 166.040355 166.034758 166.030340 166.027100 166.025038 166.024449 166.024449 166.025038 166.026805 166.029456 166.032991 166.037704 0.000000 0.000000 
0.000000 0.000000 0.000000 166.038588 166.033286 166.028867 166.025922 166.024154 166.023565 166.023565 166.024449 166.026511 166.029456 166.033580 166.038293 0.000000 0.000000 
0.000000 0.000000 0.000000 166.036820 166.031518 166.027394 166.024743 166.022976 166.022681 166.022976 166.024154 166.026511 166.029751 166.034169 166.039471 0.000000 0.000000 
0.000000 0.000000 0.000000 166.035053 166.030045 166.025922 166.023565 166.022092 166.022092 166.022387 166.023860 166.026511 166.030340 166.034758 166.040944 0.000000 0.000000 
0.000000 0.000000 166.040061 166.033286 166.028278 166.024743 166.022387 166.021209 166.021209 166.021798 166.023860 166.026805 166.030929 166.035642 0.000000 0.000000 0.000000 
0.000000 0.000000 166.038293 166.031518 166.026805 166.023270 166.021209 166.020619 166.020619 166.021503 166.023860 166.027100 166.031518 166.037115 0.000000 0.000000 0.000000 
0.000000 0.000000 166.036231 166.030045 166.025332 166.022092 166.020030 166.019736 166.019736 166.021209 166.023860 166.027394 166.032107 166.038588 0.000000 0.000000 0.000000 
0.000000 0.000000 166.034464 166.028278 166.023565 166.020619 166.019147 166.018852 166.019147 166.021209 166.023860 166.027983 166.033286 166.040355 0.000000 0.000000 0.000000 
0.000000 166.040355 166.032697 166.026511 166.022092 166.019441 166.018263 166.018263 166.018852 166.020914 166.024154 166.028867 166.034758 0.000000 0.000000 0.000000 0.000000 
0.000000 166.038588 166.030929 166.025038 166.020619 166.018263 166.017379 166.017379 166.018557 166.020914 166.024743 166.029456 166.036526 0.000000 0.000000 0.000000 0.000000 
0.000000 166.036526 166.029162 166.023270 166.019441 166.017085 166.016496 166.016790 166.018263 166.021209 166.025332 166.030929 166.038588 0.000000 0.000000 0.000000 0.000000 
0.000000 166.034758 166.027100 166.021798 166.017968 166.016201 166.015906 166.016201 166.018263 166.021503 166.025922 166.032697 166.040944 0.000000 0.000000 0.000000 0.000000 
0.000000 166.032991 166.025332 166.020030 166.016790 166.015317 166.015023 166.015906 166.018263 166.022092 166.027100 166.034464 0.000000 0.000000 0.000000 0.000000 0.000000 
0.000000 166.030929 166.023565 166.018557 166.015317 166.014434 166.014434 166.015612 166.018263 166.022681 166.028867 166.037115 0.000000 0.000000 0.000000 0.000000 0.000000 
0.000000 166.029162 166.021798 166.017085 166.014139 166.013550 166.013550 166.015317 166.018557 166.023565 166.030635 166.040355 0.000000 0.000000 0.000000 0.000000 0.000000 
0.000000 166.027100 166.020030 166.015317 166.012961 166.012666 166.013255 166.015317 166.019147 166.024743 166.032991 0.000000 0.000000 0.000000 0.000000 0.000000 0.000000 
166.040061 166.025332 166.018263 166.014139 166.012077 166.012077 166.012961 166.015612 166.020030 166.026805 166.036231 0.000000 0.000000 0.000000 0.000000 0.000000 0.000000 
166.037999 166.023565 166.016790 166.012666 166.011193 166.011193 166.012666 166.015906 166.020914 166.029162 166.040061 0.000000 0.000000 0.000000 0.000000 0.000000 0.000000 
166.036231 166.021503 166.015023 166.011488 166.010604 166.010604 166.012666 166.016496 166.022681 166.032402 0.000000 0.000000 0.000000 0.000000 0.000000 0.000000 0.000000 
166.034464 166.019736 166.013550 166.010310 166.009721 166.010015 166.012666 166.017379 166.025038 166.036231 0.000000 0.000000 0.000000 0.000000 0.000000 0.000000 0.000000 
166.032402 166.017674 166.011783 166.009131 166.008837 166.010015 166.013255 166.018852 166.028278 166.040944 0.000000 0.000000 0.000000 0.000000 0.000000 0.000000 0.000000 
166.030635 166.015906 166.010310 166.008248 166.008248 166.010015 166.013844 166.020914 166.032402 0.000000 0.000000 0.000000 0.000000 0.000000 0.000000 0.000000 0.000000 
166.028573 166.014139 166.008837 166.007364 166.007659 166.010015 166.015023 166.024154 166.037410 0.000000 0.000000 0.000000 0.000000 0.000000 0.000000 0.000000 0.000000 
166.026805 166.012372 166.007364 166.006775 166.007070 166.010310 166.017085 166.028573 0.000000 0.000000 0.000000 0.000000 0.000000 0.000000 0.000000 0.000000 0.000000 
166.025038 166.010310 166.006186 166.005891 166.007070 166.011193 166.020325 166.033875 0.000000 0.000000 0.000000 0.000000 0.000000 0.000000 0.000000 0.000000 0.000000 
166.022976 166.008542 166.005302 166.005008 166.007070 166.012961 166.024743 166.040944 0.000000 0.000000 0.000000 0.000000 0.000000 0.000000 0.000000 0.000000 0.000000 
166.021209 166.006775 166.004418 166.004418 166.007659 166.016201 166.030929 0.000000 0.000000 0.000000 0.000000 0.000000 0.000000 0.000000 0.000000 0.000000 0.000000 
166.019736 166.005008 166.003535 166.004418 166.008837 166.021503 166.038882 0.000000 0.000000 0.000000 0.000000 0.000000 0.000000 0.000000 0.000000 0.000000 0.000000 
166.018263 166.003535 166.002946 166.004418 166.012372 166.028573 0.000000 0.000000 0.000000 0.000000 0.000000 0.000000 0.000000 0.000000 0.000000 0.000000 0.000000 
166.016790 166.002062 166.002062 166.005008 166.018263 166.039177 0.000000 0.000000 0.000000 0.000000 0.000000 0.000000 0.000000 0.000000 0.000000 0.000000 0.000000 
166.016201 166.001178 166.001473 166.008837 166.028867 0.000000 0.000000 0.000000 0.000000 0.000000 0.000000 0.000000 0.000000 0.000000 0.000000 0.000000 0.000000 
166.017085 166.000589 166.001473 166.017968 0.000000 0.000000 0.000000 0.000000 0.000000 0.000000 0.000000 0.000000 0.000000 0.000000 0.000000 0.000000 0.000000 
166.021209 166.000000 166.006775 166.037704 0.000000 0.000000 0.000000 0.000000 0.000000 0.000000 0.000000 0.000000 0.000000 0.000000 0.000000 0.000000 0.000000 
