test/output/constant/M4100_S060_A270_WD180.0_WS040.0/M4100_S060_A270_WD180.0_WS040.0_arrival.asc
ncols         7
nrows         50
xllcorner     426303.990666
yllcorner     12748755.311160
cellsize      100.000000
NODATA_value  0.000000
0.000000 0.000000 0.000000 166.041204 0.000000 0.000000 0.000000 
0.000000 0.000000 166.041204 166.040190 166.041204 0.000000 0.000000 
0.000000 0.000000 166.040190 166.039515 166.040190 0.000000 0.000000 
0.000000 0.000000 166.039515 166.038502 166.039515 0.000000 0.000000 
0.000000 166.041204 166.038502 166.037826 166.038502 166.041204 0.000000 
0.000000 166.040190 166.037826 166.036813 166.037826 166.040190 0.000000 
0.000000 166.039515 166.036813 166.036138 166.036813 166.039515 0.000000 
0.000000 166.038839 166.036138 166.035124 166.036138 166.038839 0.000000 
0.000000 166.037826 166.035124 166.034449 166.035124 166.037826 0.000000 
0.000000 166.037151 166.034449 166.033436 166.034449 166.037151 0.000000 
166.041667 166.036475 166.033436 166.032760 166.033436 166.036475 166.041667 
166.041204 166.035462 166.032760 166.031747 166.032760 166.035462 166.041204 
166.040528 166.034787 166.031747 166.031072 166.031747 166.034787 166.040528 
166.039853 166.034111 166.031072 166.030058 166.031072 166.034111 166.039853 
166.039515 166.033098 166.030396 166.029383 166.030396 166.033098 166.039515 
166.038839 166.032422 166.029383 166.028370 166.029383 166.032422 166.038839 
166.038164 166.031747 166.028707 166.027694 166.028707 166.031747 166.038164 
166.037826 166.030734 166.027694 166.026681 166.027694 166.030734 166.037826 
166.037151 166.030058 166.027019 166.026006 166.027019 166.030058 166.037151 
166.036475 166.029383 166.026006 166.024992 166.026006 166.029383 166.036475 
166.036138 166.028707 166.025330 166.024317 166.025330 166.028707 166.036138 
166.035462 166.028032 166.024317 166.023304 166.024317 166.028032 166.035462 
166.034787 166.027356 166.023641 166.022628 166.023641 166.027356 166.034787 
166.034449 166.026681 166.022966 166.021615 166.022966 166.026681 166.034449 
166.034449 166.026006 166.021953 166.020939 166.021953 166.026006 166.034449 
166.034449 166.025330 166.021277 166.019926 166.021277 166.025330 166.034449 
166.034449 166.024655 166.020264 166.019251 166.020264 166.024655 166.034449 
166.034449 166.024317 166.019589 166.018238 166.019589 166.024317 166.034449 
166.034787 166.023641 166.018575 166.017562 166.018575 166.023641 166.034787 
166.034787 166.022966 166.017900 166.016549 166.017900 166.022966 166.034787 
166.035462 166.022628 166.016887 166.015873 166.016887 166.022628 166.035462 
166.035800 166.021953 166.016211 166.014860 166.016211 166.021953 166.035800 
166.036813 166.021277 166.015536 166.014185 166.015536 166.021277 166.036813 
166.037488 166.020939 166.014523 166.013172 166.014523 166.020939 166.037488 
166.038502 166.020602 166.013847 166.012496 166.013847 166.020602 166.038502 
166.039853 166.020602 166.012834 166.011483 166.012834 166.020602 166.039853 
166.041541 166.020939 166.012158 166.010807 166.012158 166.020939 166.041541 
0.000000 166.020939 166.011145 166.009794 166.011145 166.020939 0.000000 
0.000000 166.021615 166.010470 166.009119 166.010470 166.021615 0.000000 
0.000000 166.022290 166.009794 166.008106 166.009794 166.022290 0.000000 
0.000000 166.023304 166.009119 166.007430 166.009119 166.023304 0.000000 
0.000000 166.024655 166.008443 166.006417 166.008443 166.024655 0.000000 
0.000000 166.026681 166.007768 166.005741 166.007768 166.026681 0.000000 
0.000000 166.029721 166.007430 166.004728 166.007430 166.029721 0.000000 
0.000000 166.034449 166.007092 166.004053 166.007092 166.034449 0.000000 
0.000000 166.041204 166.007092 166.003040 166.007092 166.041204 0.000000 
0.000000 0.000000 166.008106 166.002364 166.008106 0.000000 0.000000 
0.000000 0.000000 166.009794 166.001351 166.009794 0.000000 0.000000 
0.000000 0.000000 166.015536 166.000675 166.015536 0.000000 0.000000 
0.000000 0.000000 0.000000 166.000000 0.000000 0.000000 0.000000 
