test/output/constant/M495_S060_A270_WD180.0_WS035.0/M495_S060_A270_WD180.0_WS035.0_arrival.asc
ncols         7
nrows         48
xllcorner     426303.990666
yllcorner     12748755.311160
cellsize      100.000000
NODATA_value  0.000000
0.000000 0.000000 0.000000 166.041667 0.000000 0.000000 0.000000 
0.000000 0.000000 166.041448 166.040733 166.041448 0.000000 0.000000 
0.000000 0.000000 166.040733 166.040018 166.040733 0.000000 0.000000 
0.000000 0.000000 166.039661 166.038946 166.039661 0.000000 0.000000 
0.000000 166.041448 166.038946 166.038232 166.038946 166.041448 0.000000 
0.000000 166.040733 166.038232 166.037160 166.038232 166.040733 0.000000 
0.000000 166.039661 166.037160 166.036445 166.037160 166.039661 0.000000 
0.000000 166.038946 166.036445 166.035373 166.036445 166.038946 0.000000 
0.000000 166.038232 166.035373 166.034659 166.035373 166.038232 0.000000 
0.000000 166.037517 166.034659 166.033587 166.034659 166.037517 0.000000 
0.000000 166.036445 166.033587 166.032872 166.033587 166.036445 0.000000 
166.041448 166.035731 166.032872 166.031800 166.032872 166.035731 166.041448 
166.040733 166.035016 166.031800 166.031086 166.031800 166.035016 166.040733 
166.040376 166.033944 166.031086 166.030014 166.031086 166.033944 166.040376 
166.039661 166.033230 166.030014 166.029299 166.030014 166.033230 166.039661 
166.038946 166.032515 166.029299 166.028227 166.029299 166.032515 166.038946 
166.038232 166.031443 166.028227 166.027513 166.028227 166.031443 166.038232 
166.037875 166.030728 166.027513 166.026441 166.027513 166.030728 166.037875 
166.037160 166.030014 166.026798 166.025726 166.026798 166.030014 166.037160 
166.036445 166.029299 166.025726 166.024654 166.025726 166.029299 166.036445 
166.036088 166.028227 166.025012 166.023940 166.025012 166.028227 166.036088 
166.035373 166.027513 166.023940 166.022868 166.023940 166.027513 166.035373 
166.035016 166.027155 166.023225 166.022153 166.023225 166.027155 166.035016 
166.035016 166.026441 166.022153 166.021081 166.022153 166.026441 166.035016 
166.034659 166.025726 166.021438 166.020367 166.021438 166.025726 166.034659 
166.034659 166.025012 166.020367 166.019295 166.020367 166.025012 166.034659 
166.035016 166.024654 166.019652 166.018580 166.019652 166.024654 166.035016 
166.035016 166.023940 166.018937 166.017508 166.018937 166.023940 166.035016 
166.035373 166.023225 166.017865 166.016793 166.017865 166.023225 166.035373 
166.035731 166.022510 166.017151 166.015722 166.017151 166.022510 166.035731 
166.036445 166.022153 166.016079 166.015007 166.016079 166.022153 166.036445 
166.037160 166.021438 166.015364 166.013935 166.015364 166.021438 166.037160 
166.037875 166.021081 166.014292 166.013220 166.014292 166.021081 166.037875 
166.039304 166.021081 166.013578 166.012148 166.013578 166.021081 166.039304 
166.040733 166.021081 166.012863 166.011434 166.012863 166.021081 166.040733 
0.000000 166.021081 166.011791 166.010362 166.011791 166.021081 0.000000 
0.000000 166.021438 166.011077 166.009647 166.011077 166.021438 0.000000 
0.000000 166.022153 166.010005 166.008575 166.010005 166.022153 0.000000 
0.000000 166.022868 166.009290 166.007861 166.009290 166.022868 0.000000 
0.000000 166.023940 166.008933 166.006789 166.008933 166.023940 0.000000 
0.000000 166.026441 166.008218 166.006074 166.008218 166.026441 0.000000 
0.000000 166.028942 166.007503 166.005002 166.007503 166.028942 0.000000 
0.000000 166.032515 166.007146 166.004288 166.007146 166.032515 0.000000 
0.000000 166.039304 166.007146 166.003216 166.007146 166.039304 0.000000 
0.000000 0.000000 166.007861 166.002501 166.007861 0.000000 0.000000 
0.000000 0.000000 166.009647 166.001429 166.009647 0.000000 0.000000 
0.000000 0.000000 166.015364 166.000715 166.015364 0.000000 0.000000 
0.000000 0.000000 0.000000 166.000000 0.000000 0.000000 0.000000 
