test/output/constant/M3M475_S060_A090_WD135.0_WS020.0/M3M475_S060_A090_WD135.0_WS020.0_intensity.asc
ncols         16
nrows         24
xllcorner     425203.990666
yllcorner     12746555.311160
cellsize      100.000000
NODATA_value  0.000000
0 0 0 0 0 0 0 0 0 0 0 0 0 2244 1683 1486 
0 0 0 0 0 0 0 0 0 0 0 1683 1683 2748 0 4292 
0 0 0 0 0 0 0 0 0 0 2244 1919 26268 36942 36942 5979 
0 0 0 0 0 0 0 0 0 2244 2244 23414 36942 36942 4292 4292 
0 0 0 0 0 0 0 0 1683 3774 1683 36126 36942 30190 8051 5979 
0 0 0 0 0 0 0 1919 1919 5216 31307 36942 36942 5979 13131 8051 
0 0 0 0 0 0 0 2244 2244 26268 36942 36942 27661 8051 8051 0 
0 0 0 0 0 0 1683 2748 31307 34963 36942 36942 3026 5979 3026 0 
0 0 0 0 0 1683 3774 28926 5216 36942 36942 36939 10457 18972 5979 0 
0 0 0 0 0 23414 31307 34963 36942 36942 36942 10457 10457 5979 4292 0 
0 0 0 0 1683 1919 2244 31307 36942 36942 5979 5979 4292 10457 0 0 
0 0 0 5216 2748 3774 34963 36942 36942 36942 30190 13131 18972 8051 0 0 
0 0 0 26268 1683 34963 36942 36942 36942 10457 4292 4292 10457 0 0 0 
0 0 23414 2748 28926 36126 36942 36939 36942 24892 10457 15997 15997 0 0 0 
0 0 1919 33340 33340 36942 36942 36942 36939 5979 10457 5979 0 0 0 0 
0 0 31307 33340 36942 36942 36942 34232 5979 10457 18972 0 0 0 0 0 
0 31307 36942 33340 36942 36942 36942 32402 4292 10457 10457 0 0 0 0 0 
0 2748 33340 36942 36942 34232 36939 10457 4292 8051 0 0 0 0 0 0 
0 33340 36942 34963 36942 36942 32402 10457 8051 0 0 0 0 0 0 0 
33340 31307 36942 36942 35624 34232 30190 8051 10457 0 0 0 0 0 0 0 
36126 36942 36942 36942 13131 8051 30190 5979 0 0 0 0 0 0 0 0 
36942 36942 36942 36942 24892 24892 4292 0 0 0 0 0 0 0 0 0 
36942 36942 36942 27661 36535 32402 0 0 0 0 0 0 0 0 0 0 
36942 36942 36942 36942 0 0 0 0 0 0 0 0 0 0 0 0 
