test/output/constant/M390_S060_A270_WD225.0_WS015.0/M390_S060_A270_WD225.0_WS015.0_arrival.asc
ncols         15
nrows         58
xllcorner     426503.990666
yllcorner     12748755.311160
cellsize      100.000000
NODATA_value  0.000000
0.000000 0.000000 0.000000 0.000000 0.000000 0.000000 0.000000 0.000000 0.000000 0.000000 0.000000 0.000000 166.041032 166.041032 166.041313 
0.000000 0.000000 0.000000 0.000000 0.000000 0.000000 0.000000 0.000000 0.000000 0.000000 0.000000 166.040751 166.040469 166.040469 166.041032 
0.000000 0.000000 0.000000 0.000000 0.000000 0.000000 0.000000 0.000000 0.000000 0.000000 166.041313 166.040188 166.039626 166.039626 166.040751 
0.000000 0.000000 0.000000 0.000000 0.000000 0.000000 0.000000 0.000000 0.000000 0.000000 166.040188 166.039064 166.038783 166.039064 166.040469 
0.000000 0.000000 0.000000 0.000000 0.000000 0.000000 0.000000 0.000000 0.000000 166.041313 166.039345 166.038502 166.038221 166.038502 166.039907 
0.000000 0.000000 0.000000 0.000000 0.000000 0.000000 0.000000 0.000000 0.000000 166.040188 166.038221 166.037378 166.037378 166.037940 166.039626 
0.000000 0.000000 0.000000 0.000000 0.000000 0.000000 0.000000 0.000000 166.041594 166.038783 166.037378 166.036816 166.036816 166.037378 166.039064 
0.000000 0.000000 0.000000 0.000000 0.000000 0.000000 0.000000 0.000000 166.040469 166.037940 166.036535 166.035973 166.035973 166.037097 166.039064 
0.000000 0.000000 0.000000 0.000000 0.000000 0.000000 0.000000 0.000000 166.039064 166.036816 166.035411 166.035411 166.035411 166.036816 166.039064 
0.000000 0.000000 0.000000 0.000000 0.000000 0.000000 0.000000 166.041032 166.037940 166.035692 166.034849 166.034568 166.034849 166.036535 166.038783 
0.000000 0.000000 0.000000 0.000000 0.000000 0.000000 0.000000 166.039626 166.036535 166.034568 166.034006 166.033725 166.034287 166.035973 166.038783 
0.000000 0.000000 0.000000 0.000000 0.000000 0.000000 0.000000 166.038502 166.035411 166.033725 166.033163 166.033163 166.034006 166.035973 166.038783 
0.000000 0.000000 0.000000 0.000000 0.000000 0.000000 166.040751 166.037097 166.034287 166.032881 166.032319 166.032600 166.033725 166.035973 166.038783 
0.000000 0.000000 0.000000 0.000000 0.000000 0.000000 166.039345 166.035692 166.033444 166.031757 166.031757 166.031757 166.033444 166.035692 166.039064 
0.000000 0.000000 0.000000 0.000000 0.000000 0.000000 166.037659 166.034568 166.032038 166.031195 166.030914 166.031195 166.032881 166.035692 166.039345 
0.000000 0.000000 0.000000 0.000000 0.000000 166.041313 166.036254 166.033444 166.031195 166.030352 166.030352 166.030914 166.032881 166.035692 166.039626 
0.000000 0.000000 0.000000 0.000000 0.000000 166.039626 166.035130 166.032038 166.030071 166.029509 166.029509 166.030633 166.032881 166.035692 166.040188 
0.000000 0.000000 0.000000 0.000000 0.000000 166.038221 166.033725 166.030914 166.029228 166.028666 166.028947 166.030352 166.032600 166.035973 166.040751 
0.000000 0.000000 0.000000 0.000000 0.000000 166.036535 166.032600 166.029509 166.028104 166.028104 166.028385 166.029790 166.032600 166.036535 166.041313 
0.000000 0.000000 0.000000 0.000000 166.040469 166.035130 166.031195 166.028666 166.027542 166.027261 166.027823 166.029790 166.032600 166.036816 0.000000 
0.000000 0.000000 0.000000 0.000000 166.038783 166.033444 166.030071 166.027542 166.026699 166.026699 166.027542 166.029509 166.032881 166.037378 0.000000 
0.000000 0.000000 0.000000 0.000000 166.037378 166.032038 166.028666 166.026418 166.025856 166.025856 166.026980 166.029509 166.033163 166.037940 0.000000 
0.000000 0.000000 0.000000 0.000000 166.035692 166.030352 166.027542 166.025574 166.025012 166.025293 166.026699 166.029509 166.033444 166.038783 0.000000 
0.000000 0.000000 0.000000 166.040188 166.034287 166.029228 166.026137 166.024450 166.024450 166.024731 166.026699 166.029509 166.034006 166.039626 0.000000 
0.000000 0.000000 0.000000 166.038221 166.032600 166.027823 166.025012 166.023888 166.023607 166.024450 166.026418 166.029790 166.034568 166.040469 0.000000 
0.000000 0.000000 0.000000 166.036535 166.030914 166.026699 166.023888 166.023045 166.023045 166.023888 166.026418 166.030071 166.035411 0.000000 0.000000 
0.000000 0.000000 0.000000 166.034849 166.029228 166.025293 166.023045 166.022202 166.022202 166.023607 166.026418 166.030633 166.035973 0.000000 0.000000 
0.000000 0.000000 166.041032 166.033163 166.027823 166.024169 166.021921 166.021640 166.021640 166.023607 166.026699 166.031195 166.037097 0.000000 0.000000 
0.000000 0.000000 166.039064 166.031757 166.026137 166.022764 166.021078 166.020797 166.021359 166.023326 166.026699 166.031757 166.038502 0.000000 0.000000 
0.000000 0.000000 166.037378 166.030071 166.024731 166.021640 166.020235 166.019954 166.020797 166.023326 166.027261 166.032600 166.040188 0.000000 0.000000 
0.000000 0.000000 166.035411 166.028385 166.023326 166.020516 166.019392 166.019392 166.020516 166.023326 166.027823 166.033725 0.000000 0.000000 0.000000 
0.000000 0.000000 166.033725 166.026980 166.021921 166.019392 166.018549 166.018830 166.020235 166.023607 166.028385 166.035130 0.000000 0.000000 0.000000 
0.000000 166.040751 166.032038 166.025293 166.020797 166.018267 166.017986 166.018267 166.020235 166.023888 166.029228 166.036816 0.000000 0.000000 0.000000 
0.000000 166.039064 166.030071 166.023607 166.019392 166.017424 166.017143 166.017705 166.020235 166.024450 166.030352 166.039345 0.000000 0.000000 0.000000 
0.000000 166.037097 166.028385 166.022202 166.018267 166.016581 166.016581 166.017424 166.020235 166.025012 166.031757 0.000000 0.000000 0.000000 0.000000 
0.000000 166.035130 166.026699 166.020516 166.016862 166.015738 166.015738 166.017143 166.020516 166.025856 166.033725 0.000000 0.000000 0.000000 0.000000 
0.000000 166.033444 166.024731 166.019111 166.015738 166.014895 166.015176 166.017143 166.021078 166.026980 166.036254 0.000000 0.000000 0.000000 0.000000 
0.000000 166.031476 166.023045 166.017424 166.014895 166.014333 166.014614 166.017143 166.021640 166.028385 166.039064 0.000000 0.000000 0.000000 0.000000 
0.000000 166.029790 166.021359 166.016019 166.013771 166.013490 166.014333 166.017143 166.022483 166.030633 0.000000 0.000000 0.000000 0.000000 0.000000 
0.000000 166.027823 166.019673 166.014895 166.012928 166.012928 166.014052 166.017705 166.023607 166.033163 0.000000 0.000000 0.000000 0.000000 0.000000 
0.000000 166.025856 166.017986 166.013490 166.012085 166.012085 166.014052 166.018267 166.025293 166.036535 0.000000 0.000000 0.000000 0.000000 0.000000 
0.000000 166.024169 166.016581 166.012366 166.011242 166.011523 166.014052 166.019111 166.027542 166.040188 0.000000 0.000000 0.000000 0.000000 0.000000 
166.041032 166.022202 166.014895 166.011242 166.010679 166.011242 166.014333 166.020235 166.030633 0.000000 0.000000 0.000000 0.000000 0.000000 0.000000 
166.039345 166.020516 166.013209 166.010117 166.009836 166.010960 166.014895 166.021921 166.034287 0.000000 0.000000 0.000000 0.000000 0.000000 0.000000 
166.037378 166.018549 166.011804 166.009274 166.009274 166.010960 166.015738 166.024731 166.038221 0.000000 0.000000 0.000000 0.000000 0.000000 0.000000 
166.035692 166.016581 166.010117 166.008431 166.008431 166.010960 166.016862 166.028104 0.000000 0.000000 0.000000 0.000000 0.000000 0.000000 0.000000 
166.033725 166.014895 166.008993 166.007869 166.008150 166.011523 166.019111 166.032319 0.000000 0.000000 0.000000 0.000000 0.000000 0.000000 0.000000 
166.031757 166.013209 166.007588 166.007026 166.007869 166.012085 166.021921 166.037940 0.000000 0.000000 0.000000 0.000000 0.000000 0.000000 0.000000 
166.030071 166.011242 166.006464 166.006183 166.007869 166.013490 166.026137 0.000000 0.000000 0.000000 0.000000 0.000000 0.000000 0.000000 0.000000 
166.028104 166.009555 166.005621 166.005621 166.008150 166.016019 166.032038 0.000000 0.000000 0.000000 0.000000 0.000000 0.000000 0.000000 0.000000 
166.026418 166.007869 166.004778 166.005059 166.008712 166.019954 166.039345 0.000000 0.000000 0.000000 0.000000 0.000000 0.000000 0.000000 0.000000 
166.025012 166.006183 166.004216 166.004778 166.010398 166.025856 0.000000 0.000000 0.000000 0.000000 0.000000 0.000000 0.000000 0.000000 0.000000 
166.023326 166.004497 166.003372 166.004778 166.013490 166.034287 0.000000 0.000000 0.000000 0.000000 0.000000 0.000000 0.000000 0.000000 0.000000 
166.021921 166.003091 166.002810 166.005340 166.019673 0.000000 0.000000 0.000000 0.000000 0.000000 0.000000 0.000000 0.000000 0.000000 0.000000 
166.021359 166.001967 166.001967 166.007588 166.029509 0.000000 0.000000 0.000000 0.000000 0.000000 0.000000 0.000000 0.000000 0.000000 0.000000 
166.021359 166.001124 166.001686 166.013771 0.000000 0.000000 0.000000 0.000000 0.000000 0.000000 0.000000 0.000000 0.000000 0.000000 0.000000 
166.023326 166.000562 166.001967 166.029509 0.000000 0.000000 0.000000 0.000000 0.000000 0.000000 0.000000 0.000000 0.000000 0.000000 0.000000 
166.032600 166.000000 166.010960 0.000000 0.000000 0.000000 0.000000 0.000000 0.000000 0.000000 0.000000 0.000000 0.000000 0.000000 0.000000 
