test/output/constant/M395_S000_A000_WD000.0_WS015.0/M395_S000_A000_WD000.0_WS015.0_arrival.asc
ncols         13
nrows         24
xllcorner     426003.990666
yllcorner     12746755.311160
cellsize      100.000000
NODATA_value  0.000000
0.000000 0.000000 0.000000 0.000000 166.039635 166.034575 166.033732 166.034575 166.039635 0.000000 0.000000 0.000000 0.000000 
0.000000 0.000000 0.000000 166.037948 166.028672 166.021926 166.020239 166.021926 166.028672 166.037948 0.000000 0.000000 0.000000 
0.000000 0.000000 166.041321 166.030359 166.020239 166.010120 166.006746 166.010120 166.020239 166.030359 166.041321 0.000000 0.000000 
0.000000 0.000000 166.035418 166.024456 166.014336 166.004216 166.000000 166.004216 166.014336 166.024456 166.035418 0.000000 0.000000 
0.000000 166.041321 166.031202 166.021926 166.011806 166.004216 166.001687 166.004216 166.011806 166.021926 166.031202 166.041321 0.000000 
0.000000 166.038792 166.028672 166.019396 166.011806 166.005060 166.003373 166.005060 166.011806 166.019396 166.028672 166.038792 0.000000 
0.000000 166.036262 166.026985 166.019396 166.011806 166.006746 166.005903 166.006746 166.011806 166.019396 166.026985 166.036262 0.000000 
0.000000 166.034575 166.026985 166.018552 166.011806 166.008433 166.007590 166.008433 166.011806 166.018552 166.026985 166.034575 0.000000 
0.000000 166.033732 166.026142 166.019396 166.013493 166.010120 166.010120 166.010120 166.013493 166.019396 166.026142 166.033732 0.000000 
166.041321 166.033732 166.026142 166.019396 166.015179 166.012649 166.011806 166.012649 166.015179 166.019396 166.026142 166.033732 166.041321 
166.041321 166.033732 166.026985 166.021082 166.016866 166.014336 166.014336 166.014336 166.016866 166.021082 166.026985 166.033732 166.041321 
166.041321 166.033732 166.026985 166.021926 166.018552 166.016866 166.016023 166.016866 166.018552 166.021926 166.026985 166.033732 166.041321 
166.041321 166.034575 166.027829 166.023612 166.020239 166.018552 166.018552 166.018552 166.020239 166.023612 166.027829 166.034575 166.041321 
166.041321 166.034575 166.029515 166.025299 166.021926 166.021082 166.020239 166.021082 166.021926 166.025299 166.029515 166.034575 166.041321 
166.041667 166.035418 166.030359 166.026985 166.024456 166.022769 166.022769 166.022769 166.024456 166.026985 166.030359 166.035418 166.041667 
0.000000 166.037105 166.032045 166.028672 166.026142 166.025299 166.024456 166.025299 166.026142 166.028672 166.032045 166.037105 0.000000 
0.000000 166.037948 166.033732 166.030359 166.027829 166.026985 166.026985 166.026985 166.027829 166.030359 166.033732 166.037948 0.000000 
0.000000 166.039635 166.035418 166.032045 166.030359 166.029515 166.028672 166.029515 166.030359 166.032045 166.035418 166.039635 0.000000 
0.000000 166.040478 166.037105 166.034575 166.032045 166.031202 166.031202 166.031202 166.032045 166.034575 166.037105 166.040478 0.000000 
0.000000 0.000000 166.038792 166.036262 166.034575 166.033732 166.032888 166.033732 166.034575 166.036262 166.038792 0.000000 0.000000 
0.000000 0.000000 166.040478 166.037948 166.036262 166.035418 166.035418 166.035418 166.036262 166.037948 166.040478 0.000000 0.000000 
0.000000 0.000000 0.000000 166.039635 166.038792 166.037948 166.037105 166.037948 166.038792 166.039635 0.000000 0.000000 0.000000 
0.000000 0.000000 0.000000 166.041667 166.040478 166.039635 166.039635 166.039635 166.040478 166.041667 0.000000 0.000000 0.000000 
0.000000 0.000000 0.000000 0.000000 0.000000 166.041667 166.041321 166.041667 0.000000 0.000000 0.000000 0.000000 0.000000 
