test/output/constant/M195_S060_A000_WD090.0_WS035.0/M195_S060_A000_WD090.0_WS035.0_arrival.asc
ncols         43
nrows         7
xllcorner     422403.990666
yllcorner     12748455.311160
cellsize      100.000000
NODATA_value  0.000000
0.000000 0.000000 0.000000 0.000000 0.000000 0.000000 0.000000 0.000000 0.000000 0.000000 0.000000 0.000000 0.000000 166.041305 166.040503 166.039701 166.039300 166.038498 166.038097 166.038097 166.038097 166.038097 166.038498 166.038498 166.038899 166.039701 166.040102 166.041305 0.000000 0.000000 0.000000 0.000000 0.000000 0.000000 0.000000 0.000000 0.000000 0.000000 0.000000 0.000000 0.000000 0.000000 0.000000 
0.000000 0.000000 0.000000 0.000000 166.041667 166.040904 166.039701 166.038899 166.038097 166.037295 166.036092 166.035290 166.034488 166.033285 166.032483 166.031681 166.030879 166.030077 166.029274 166.028472 166.027670 166.027269 166.026467 166.025665 166.024863 166.024462 166.023660 166.023259 166.022858 166.022858 166.023259 166.023259 166.024061 166.024863 166.026467 166.028071 166.031280 166.035290 0.000000 0.000000 0.000000 0.000000 0.000000 
0.000000 166.041667 166.040904 166.039701 166.038899 166.037696 166.036894 166.035691 166.034889 166.033686 166.032884 166.031681 166.030879 166.029675 166.028873 166.027670 166.026868 166.025665 166.024863 166.023660 166.022858 166.022056 166.020853 166.020051 166.019249 166.018046 166.017244 166.016041 166.015239 166.014036 166.013234 166.012432 166.011229 166.010427 166.009624 166.009223 166.008421 166.007619 166.008020 166.008421 166.010427 166.017244 0.000000 
166.041667 166.040904 166.039701 166.038899 166.037696 166.036894 166.035691 166.034889 166.033686 166.032884 166.031681 166.030879 166.029675 166.028873 166.027670 166.026868 166.025665 166.024863 166.023660 166.022858 166.021655 166.020853 166.019650 166.018848 166.017645 166.016843 166.015640 166.014838 166.013635 166.012833 166.011630 166.010828 166.009624 166.008822 166.007619 166.006817 166.005614 166.004812 166.003609 166.002807 166.001604 166.000802 166.000000 
0.000000 166.041667 166.040904 166.039701 166.038899 166.037696 166.036894 166.035691 166.034889 166.033686 166.032884 166.031681 166.030879 166.029675 166.028873 166.027670 166.026868 166.025665 166.024863 166.023660 166.022858 166.022056 166.020853 166.020051 166.019249 166.018046 166.017244 166.016041 166.015239 166.014036 166.013234 166.012432 166.011229 166.010427 166.009624 166.009223 166.008421 166.007619 166.008020 166.008421 166.010427 166.017244 0.000000 
0.000000 0.000000 0.000000 0.000000 166.041667 166.040904 166.039701 166.038899 166.038097 166.037295 166.036092 166.035290 166.034488 166.033285 166.032483 166.031681 166.030879 166.030077 166.029274 166.028472 166.027670 166.027269 166.026467 166.025665 166.024863 166.024462 166.023660 166.023259 166.022858 166.022858 166.023259 166.023259 166.024061 166.024863 166.026467 166.028071 166.031280 166.035290 0.000000 0.000000 0.000000 0.000000 0.000000 
0.000000 0.000000 0.000000 0.000000 0.000000 0.000000 0.000000 0.000000 0.000000 0.000000 0.000000 0.000000 0.000000 166.041305 166.040503 166.039701 166.039300 166.038498 166.038097 166.038097 166.038097 166.038097 166.038498 166.038498 166.038899 166.039701 166.040102 166.041305 0.000000 0.000000 0.000000 0.000000 0.000000 0.000000 0.000000 0.000000 0.000000 0.000000 0.000000 0.000000 0.000000 0.000000 0.000000 
