test/output/constant/M340_S060_A090_WD045.0_WS015.0/M340_S060_A090_WD045.0_WS015.0_arrival.asc
ncols         10
nrows         30
xllcorner     425803.990666
yllcorner     12745855.311160
cellsize      100.000000
NODATA_value  0.000000
0.000000 0.000000 0.000000 0.000000 0.000000 0.000000 0.000000 166.015715 166.000000 0.000000 
0.000000 0.000000 0.000000 0.000000 0.000000 0.000000 0.000000 166.003367 166.001122 166.037603 
0.000000 0.000000 0.000000 0.000000 0.000000 0.000000 166.019643 166.002806 166.002245 166.037603 
0.000000 0.000000 0.000000 0.000000 0.000000 166.041532 166.010664 166.003929 166.003929 166.038725 
0.000000 0.000000 0.000000 0.000000 0.000000 166.028062 166.008980 166.005612 166.006735 166.039848 
0.000000 0.000000 0.000000 0.000000 0.000000 166.019643 166.008419 166.006735 166.010102 0.000000 
0.000000 0.000000 0.000000 0.000000 166.036481 166.015715 166.008419 166.008419 166.013470 0.000000 
0.000000 0.000000 0.000000 0.000000 166.028062 166.014592 166.009541 166.009541 166.016837 0.000000 
0.000000 0.000000 0.000000 0.000000 166.023572 166.014031 166.011225 166.011786 166.020766 0.000000 
0.000000 0.000000 0.000000 166.037042 166.021327 166.014031 166.012908 166.014031 166.024133 0.000000 
0.000000 0.000000 0.000000 166.031991 166.020205 166.014592 166.014031 166.016837 166.028062 0.000000 
0.000000 0.000000 0.000000 166.028623 166.019643 166.015715 166.015715 166.019643 166.031429 0.000000 
0.000000 0.000000 166.040409 166.026939 166.019643 166.016837 166.017398 166.023011 166.035358 0.000000 
0.000000 0.000000 166.036481 166.025817 166.019643 166.018521 166.019643 166.025817 166.039287 0.000000 
0.000000 0.000000 166.033674 166.025256 166.020205 166.020205 166.021327 166.029184 0.000000 0.000000 
0.000000 0.000000 166.032552 166.024695 166.021327 166.021327 166.024133 166.032552 0.000000 0.000000 
0.000000 166.041532 166.031429 166.025256 166.023011 166.023011 166.026939 166.035919 0.000000 0.000000 
0.000000 166.039287 166.030868 166.025256 166.024133 166.024695 166.029184 166.039287 0.000000 0.000000 
0.000000 166.038164 166.030307 166.026378 166.025817 166.026939 166.032552 0.000000 0.000000 0.000000 
0.000000 166.037042 166.030307 166.027501 166.027501 166.029184 166.035358 0.000000 0.000000 0.000000 
0.000000 166.036481 166.030868 166.028623 166.029184 166.031429 166.038725 0.000000 0.000000 0.000000 
0.000000 166.035919 166.031429 166.030307 166.030307 166.034236 166.041532 0.000000 0.000000 0.000000 
0.000000 166.035919 166.031991 166.031429 166.032552 166.036481 0.000000 0.000000 0.000000 0.000000 
0.000000 166.035919 166.033113 166.033113 166.034797 166.039287 0.000000 0.000000 0.000000 0.000000 
166.041532 166.036481 166.034797 166.034797 166.037042 0.000000 0.000000 0.000000 0.000000 0.000000 
166.041532 166.037042 166.035919 166.036481 166.039287 0.000000 0.000000 0.000000 0.000000 0.000000 
166.041532 166.038164 166.037603 166.038164 166.041532 0.000000 0.000000 0.000000 0.000000 0.000000 
166.041532 166.039287 166.038725 166.039848 0.000000 0.000000 0.000000 0.000000 0.000000 0.000000 
0.000000 166.040409 166.040409 0.000000 0.000000 0.000000 0.000000 0.000000 0.000000 0.000000 
0.000000 166.041667 0.000000 0.000000 0.000000 0.000000 0.000000 0.000000 0.000000 0.000000 
