test/output/constant/M375_S000_A180_WD270.0_WS020.0/M375_S000_A180_WD270.0_WS020.0_arrival.asc
ncols         24
nrows         9
xllcorner     426403.990666
yllcorner     12748355.311160
cellsize      100.000000
NODATA_value  0.000000
0.000000 0.000000 0.000000 0.000000 0.000000 166.041265 166.038837 166.036410 166.035601 166.034792 166.034792 166.034792 166.035601 166.035601 166.036410 166.038028 166.038837 166.040456 166.041667 0.000000 0.000000 0.000000 0.000000 0.000000 
0.000000 0.000000 166.040456 166.033983 166.029937 166.027510 166.025892 166.025082 166.025082 166.025082 166.025892 166.026701 166.027510 166.029128 166.030746 166.032365 166.033983 166.035601 166.037219 166.038837 166.040456 0.000000 0.000000 0.000000 
0.000000 166.034792 166.023464 166.018610 166.016182 166.015373 166.015373 166.015373 166.016182 166.017800 166.019419 166.021037 166.022655 166.024273 166.025892 166.028319 166.029937 166.031555 166.033983 166.035601 166.037219 166.039647 166.041265 0.000000 
166.038028 166.016991 166.006473 166.005664 166.005664 166.006473 166.008091 166.010518 166.012137 166.013755 166.016182 166.017800 166.020228 166.021846 166.024273 166.025892 166.028319 166.029937 166.032365 166.033983 166.036410 166.038028 166.040456 0.000000 
166.035601 166.012137 166.000000 166.001618 166.003236 166.005664 166.007282 166.009709 166.011328 166.013755 166.015373 166.017800 166.019419 166.021846 166.023464 166.025892 166.027510 166.029937 166.031555 166.033983 166.035601 166.038028 166.039647 166.041667 
166.038028 166.016991 166.006473 166.005664 166.005664 166.006473 166.008091 166.010518 166.012137 166.013755 166.016182 166.017800 166.020228 166.021846 166.024273 166.025892 166.028319 166.029937 166.032365 166.033983 166.036410 166.038028 166.040456 0.000000 
0.000000 166.034792 166.023464 166.018610 166.016182 166.015373 166.015373 166.015373 166.016182 166.017800 166.019419 166.021037 166.022655 166.024273 166.025892 166.028319 166.029937 166.031555 166.033983 166.035601 166.037219 166.039647 166.041265 0.000000 
0.000000 0.000000 166.040456 166.033983 166.029937 166.027510 166.025892 166.025082 166.025082 166.025082 166.025892 166.026701 166.027510 166.029128 166.030746 166.032365 166.033983 166.035601 166.037219 166.038837 166.040456 0.000000 0.000000 0.000000 
0.000000 0.000000 0.000000 0.000000 0.000000 166.041265 166.038837 166.036410 166.035601 166.034792 166.034792 166.034792 166.035601 166.035601 166.036410 166.038028 166.038837 166.040456 166.041667 0.000000 0.000000 0.000000 0.000000 0.000000 
