test/output/constant/M295_S060_A270_WD180.0_WS020.0/M295_S060_A270_WD180.0_WS020.0_arrival.asc
ncols         7
nrows         38
xllcorner     426303.990666
yllcorner     12748755.311160
cellsize      100.000000
NODATA_value  0.000000
0.000000 0.000000 0.000000 166.041472 0.000000 0.000000 0.000000 
0.000000 0.000000 166.041022 166.040120 166.041022 0.000000 0.000000 
0.000000 0.000000 166.040120 166.039218 166.040120 0.000000 0.000000 
0.000000 166.041472 166.038768 166.037866 166.038768 166.041472 0.000000 
0.000000 166.040571 166.037866 166.036965 166.037866 166.040571 0.000000 
0.000000 166.039218 166.036514 166.035612 166.036514 166.039218 0.000000 
0.000000 166.038317 166.035612 166.034711 166.035612 166.038317 0.000000 
0.000000 166.037415 166.034260 166.033358 166.034260 166.037415 0.000000 
0.000000 166.036063 166.033358 166.032457 166.033358 166.036063 0.000000 
166.041472 166.035161 166.032006 166.031104 166.032006 166.035161 166.041472 
166.040571 166.034260 166.031104 166.030203 166.031104 166.034260 166.040571 
166.039669 166.032907 166.029752 166.028850 166.029752 166.032907 166.039669 
166.039218 166.032006 166.028850 166.027949 166.028850 166.032006 166.039218 
166.038317 166.031104 166.027498 166.026596 166.027498 166.031104 166.038317 
166.037415 166.029752 166.026596 166.025695 166.026596 166.029752 166.037415 
166.036965 166.028850 166.025244 166.024342 166.025244 166.028850 166.036965 
166.036063 166.028400 166.024342 166.023441 166.024342 166.028400 166.036063 
166.035612 166.027498 166.022990 166.022089 166.022990 166.027498 166.035612 
166.035612 166.026596 166.022089 166.021187 166.022089 166.026596 166.035612 
166.035612 166.025695 166.020736 166.019835 166.020736 166.025695 166.035612 
166.035612 166.024793 166.019835 166.018933 166.019835 166.024793 166.035612 
166.035612 166.024342 166.018482 166.017581 166.018482 166.024342 166.035612 
166.036063 166.023441 166.017581 166.016679 166.017581 166.023441 166.036063 
166.036514 166.022539 166.016228 166.015327 166.016228 166.022539 166.036514 
166.036965 166.022089 166.015327 166.014425 166.015327 166.022089 166.036965 
166.038317 166.021638 166.014425 166.013073 166.014425 166.021638 166.038317 
166.039669 166.021638 166.013524 166.012171 166.013524 166.021638 166.039669 
166.041472 166.021638 166.012171 166.010819 166.012171 166.021638 166.041472 
0.000000 166.021638 166.011270 166.009917 166.011270 166.021638 0.000000 
0.000000 166.022089 166.010368 166.008565 166.010368 166.022089 0.000000 
0.000000 166.023441 166.009467 166.007663 166.009467 166.023441 0.000000 
0.000000 166.024793 166.008565 166.006311 166.008565 166.024793 0.000000 
0.000000 166.027498 166.007663 166.005409 166.007663 166.027498 0.000000 
0.000000 166.032457 166.007213 166.004057 166.007213 166.032457 0.000000 
0.000000 166.040571 166.007213 166.003156 166.007213 166.040571 0.000000 
0.000000 0.000000 166.008565 166.001803 166.008565 0.000000 0.000000 
0.000000 0.000000 166.012622 166.000902 166.012622 0.000000 0.000000 
0.000000 0.000000 166.034260 166.000000 166.034260 0.000000 0.000000 
