test/output/constant/M195_S060_A180_WD270.0_WS045.0/M195_S060_A180_WD270.0_WS045.0_arrival.asc
ncols         43
nrows         7
xllcorner     426603.990666
yllcorner     12748455.311160
cellsize      100.000000
NODATA_value  0.000000
0.000000 0.000000 0.000000 0.000000 0.000000 0.000000 0.000000 0.000000 0.000000 0.000000 0.000000 0.000000 0.000000 0.000000 0.000000 0.000000 0.000000 0.000000 0.000000 0.000000 166.041219 166.040826 166.040826 166.040434 166.040434 166.040434 166.040434 166.040826 166.041612 0.000000 0.000000 0.000000 0.000000 0.000000 0.000000 0.000000 0.000000 0.000000 0.000000 0.000000 0.000000 0.000000 0.000000 
0.000000 0.000000 0.000000 0.000000 0.000000 166.041219 166.034938 166.031798 166.029050 166.027087 166.026302 166.025124 166.024731 166.024339 166.024339 166.024339 166.024339 166.025124 166.025517 166.026302 166.027087 166.027872 166.028264 166.029050 166.029835 166.030620 166.031012 166.031798 166.032583 166.033368 166.034153 166.035331 166.036116 166.036901 166.037686 166.038864 166.039649 166.040826 166.041612 0.000000 0.000000 0.000000 0.000000 
0.000000 166.019236 166.011777 166.009029 166.008244 166.008244 166.008636 166.009029 166.009814 166.010599 166.011384 166.012169 166.013347 166.014132 166.014917 166.016095 166.016880 166.018058 166.018843 166.019628 166.020806 166.021591 166.022769 166.023554 166.024731 166.025517 166.026694 166.027479 166.028264 166.029442 166.030227 166.031405 166.032190 166.033368 166.034153 166.035331 166.036116 166.037293 166.038078 166.038864 166.040041 166.040826 0.000000 
166.000000 166.000785 166.001570 166.002748 166.003533 166.004711 166.005496 166.006674 166.007459 166.008636 166.009421 166.010599 166.011384 166.012562 166.013347 166.014525 166.015310 166.016488 166.017273 166.018450 166.019236 166.020413 166.021198 166.022376 166.023161 166.024339 166.025124 166.026302 166.027087 166.028264 166.029050 166.030227 166.031012 166.032190 166.032975 166.034153 166.034938 166.036116 166.036901 166.038078 166.038864 166.040041 166.040826 
0.000000 166.019236 166.011777 166.009029 166.008244 166.008244 166.008636 166.009029 166.009814 166.010599 166.011384 166.012169 166.013347 166.014132 166.014917 166.016095 166.016880 166.018058 166.018843 166.019628 166.020806 166.021591 166.022769 166.023554 166.024731 166.025517 166.026694 166.027479 166.028264 166.029442 166.030227 166.031405 166.032190 166.033368 166.034153 166.035331 166.036116 166.037293 166.038078 166.038864 166.040041 166.040826 0.000000 
0.000000 0.000000 0.000000 0.000000 0.000000 166.041219 166.034938 166.031798 166.029050 166.027087 166.026302 166.025124 166.024731 166.024339 166.024339 166.024339 166.024339 166.025124 166.025517 166.026302 166.027087 166.027872 166.028264 166.029050 166.029835 166.030620 166.031012 166.031798 166.032583 166.033368 166.034153 166.035331 166.036116 166.036901 166.037686 166.038864 166.039649 166.040826 166.041612 0.000000 0.000000 0.000000 0.000000 
0.000000 0.000000 0.000000 0.000000 0.000000 0.000000 0.000000 0.000000 0.000000 0.000000 0.000000 0.000000 0.000000 0.000000 0.000000 0.000000 0.000000 0.000000 0.000000 0.000000 166.041219 166.040826 166.040826 166.040434 166.040434 166.040434 166.040434 166.040826 166.041612 0.000000 0.000000 0.000000 0.000000 0.000000 0.000000 0.000000 0.000000 0.000000 0.000000 0.000000 0.000000 0.000000 0.000000 
