test/output/constant/M335_S060_A180_WD315.0_WS020.0/M335_S060_A180_WD315.0_WS020.0_arrival.asc
ncols         27
nrows         9
xllcorner     426603.990666
yllcorner     12747955.311160
cellsize      100.000000
NODATA_value  0.000000
166.000000 166.001190 166.002381 166.005356 166.010118 166.015474 166.020830 166.026782 166.032733 166.038685 0.000000 0.000000 0.000000 0.000000 0.000000 0.000000 0.000000 0.000000 0.000000 0.000000 0.000000 0.000000 0.000000 0.000000 0.000000 0.000000 0.000000 
166.016664 166.002976 166.002976 166.004166 166.005952 166.007142 166.008927 166.011903 166.015474 166.019640 166.024401 166.029163 166.034519 166.039875 0.000000 0.000000 0.000000 0.000000 0.000000 0.000000 0.000000 0.000000 0.000000 0.000000 0.000000 0.000000 0.000000 
0.000000 166.041066 166.016664 166.008927 166.007737 166.007737 166.008927 166.010713 166.011903 166.013689 166.016069 166.019045 166.022021 166.026187 166.030353 166.034519 166.038685 0.000000 0.000000 0.000000 0.000000 0.000000 0.000000 0.000000 0.000000 0.000000 0.000000 
0.000000 0.000000 0.000000 166.037495 166.022616 166.015474 166.013093 166.012498 166.012498 166.013689 166.015474 166.016664 166.018450 166.020235 166.022616 166.025592 166.028567 166.032138 166.036304 166.040470 0.000000 0.000000 0.000000 0.000000 0.000000 0.000000 0.000000 
0.000000 0.000000 0.000000 0.000000 0.000000 166.041661 166.029758 166.022616 166.019640 166.017855 166.017855 166.017855 166.018450 166.020235 166.021426 166.023211 166.024996 166.026782 166.029163 166.032138 166.035709 166.038685 0.000000 0.000000 0.000000 0.000000 0.000000 
0.000000 0.000000 0.000000 0.000000 0.000000 0.000000 0.000000 0.000000 166.036899 166.029758 166.025592 166.023806 166.022616 166.022616 166.022616 166.023211 166.024996 166.026187 166.027972 166.029758 166.031543 166.033924 166.036304 166.039280 0.000000 0.000000 0.000000 
0.000000 0.000000 0.000000 0.000000 0.000000 0.000000 0.000000 0.000000 0.000000 0.000000 0.000000 166.036899 166.032733 166.029758 166.027972 166.027377 166.027377 166.027972 166.027972 166.029758 166.030948 166.032733 166.034519 166.036304 166.038090 166.040470 0.000000 
0.000000 0.000000 0.000000 0.000000 0.000000 0.000000 0.000000 0.000000 0.000000 0.000000 0.000000 0.000000 0.000000 0.000000 166.039280 166.036304 166.034519 166.032733 166.032733 166.032733 166.032733 166.033329 166.034519 166.035709 166.037495 166.039280 166.040470 
0.000000 0.000000 0.000000 0.000000 0.000000 0.000000 0.000000 0.000000 0.000000 0.000000 0.000000 0.000000 0.000000 0.000000 0.000000 0.000000 0.000000 0.000000 166.040470 166.038685 166.037495 166.037495 166.037495 166.038090 166.038090 166.039280 166.040470 
