test/output/constant/M3M4100_S060_A090_WD000.0_WS040.0/M3M4100_S060_A090_WD000.0_WS040.0_arrival.asc
ncols         9
nrows         66
xllcorner     426203.990666
yllcorner     12742255.311160
cellsize      100.000000
NODATA_value  0.000000
0.000000 0.000000 0.000000 0.000000 166.000000 0.000000 0.000000 0.000000 0.000000 
0.000000 0.000000 0.000000 166.013144 166.000515 166.013144 0.000000 0.000000 0.000000 
0.000000 0.000000 0.000000 166.007990 166.001031 166.007990 0.000000 0.000000 0.000000 
0.000000 0.000000 0.000000 166.006443 166.001804 166.006443 0.000000 0.000000 0.000000 
0.000000 0.000000 166.035566 166.005928 166.002320 166.005928 166.035566 0.000000 0.000000 
0.000000 0.000000 166.028865 166.005670 166.003093 166.005670 166.028865 0.000000 0.000000 
0.000000 0.000000 166.024999 166.005670 166.003608 166.005670 166.024999 0.000000 0.000000 
0.000000 0.000000 166.022422 166.006185 166.004381 166.006185 166.022422 0.000000 0.000000 
0.000000 0.000000 166.020618 166.006701 166.004897 166.006701 166.020618 0.000000 0.000000 
0.000000 0.000000 166.019072 166.006959 166.005670 166.006959 166.019072 0.000000 0.000000 
0.000000 0.000000 166.018299 166.007474 166.006185 166.007474 166.018299 0.000000 0.000000 
0.000000 166.039174 166.017525 166.007990 166.006959 166.007990 166.017525 166.039174 0.000000 
0.000000 166.036597 166.017268 166.008763 166.007474 166.008763 166.017268 166.036597 0.000000 
0.000000 166.034535 166.017010 166.009278 166.008247 166.009278 166.017010 166.034535 0.000000 
0.000000 166.033247 166.016752 166.010051 166.008763 166.010051 166.016752 166.033247 0.000000 
0.000000 166.031700 166.016752 166.010567 166.009536 166.010567 166.016752 166.031700 0.000000 
0.000000 166.030927 166.016752 166.011082 166.010051 166.011082 166.016752 166.030927 0.000000 
0.000000 166.030154 166.016752 166.011855 166.010825 166.011855 166.016752 166.030154 0.000000 
0.000000 166.029381 166.017268 166.012371 166.011340 166.012371 166.017268 166.029381 0.000000 
0.000000 166.028865 166.017783 166.013144 166.012113 166.013144 166.017783 166.028865 0.000000 
0.000000 166.028608 166.018041 166.013660 166.012629 166.013660 166.018041 166.028608 0.000000 
0.000000 166.028350 166.018556 166.014433 166.013402 166.014433 166.018556 166.028350 0.000000 
0.000000 166.028092 166.019072 166.014948 166.013917 166.014948 166.019072 166.028092 0.000000 
0.000000 166.027834 166.019330 166.015464 166.014690 166.015464 166.019330 166.027834 0.000000 
0.000000 166.027834 166.019845 166.016237 166.015206 166.016237 166.019845 166.027834 0.000000 
166.041236 166.027577 166.020360 166.016752 166.015979 166.016752 166.020360 166.027577 166.041236 
166.040721 166.027577 166.020876 166.017525 166.016495 166.017525 166.020876 166.027577 166.040721 
166.040463 166.027577 166.021391 166.018041 166.017268 166.018041 166.021391 166.027577 166.040463 
166.039948 166.028092 166.021649 166.018814 166.017783 166.018814 166.021649 166.028092 166.039948 
166.039690 166.028350 166.022164 166.019330 166.018556 166.019330 166.022164 166.028350 166.039690 
166.039432 166.028865 166.022680 166.019845 166.019072 166.019845 166.022680 166.028865 166.039432 
166.039174 166.029123 166.023453 166.020618 166.019845 166.020618 166.023453 166.029123 166.039174 
166.038917 166.029639 166.023969 166.021134 166.020360 166.021134 166.023969 166.029639 166.038917 
166.038917 166.030154 166.024484 166.021907 166.021134 166.021907 166.024484 166.030154 166.038917 
166.038659 166.030412 166.024999 166.022422 166.021649 166.022422 166.024999 166.030412 166.038659 
166.038659 166.030927 166.025773 166.023195 166.022422 166.023195 166.025773 166.030927 166.038659 
166.038659 166.031443 166.026288 166.023711 166.022938 166.023711 166.026288 166.031443 166.038659 
166.038659 166.031958 166.026804 166.024484 166.023711 166.024484 166.026804 166.031958 166.038659 
166.038659 166.032216 166.027319 166.024999 166.024226 166.024999 166.027319 166.032216 166.038659 
166.039174 166.032731 166.028092 166.025773 166.024999 166.025773 166.028092 166.032731 166.039174 
166.039432 166.033247 166.028608 166.026288 166.025515 166.026288 166.028608 166.033247 166.039432 
166.039948 166.033504 166.029123 166.027061 166.026288 166.027061 166.029123 166.033504 166.039948 
166.040463 166.034020 166.029896 166.027577 166.026804 166.027577 166.029896 166.034020 166.040463 
166.040721 166.034535 166.030412 166.028092 166.027577 166.028092 166.030412 166.034535 166.040721 
166.041236 166.035051 166.030927 166.028865 166.028092 166.028865 166.030927 166.035051 166.041236 
166.041494 166.035309 166.031700 166.029381 166.028865 166.029381 166.031700 166.035309 166.041494 
0.000000 166.035824 166.032216 166.030154 166.029381 166.030154 166.032216 166.035824 0.000000 
0.000000 166.036339 166.032731 166.030669 166.030154 166.030669 166.032731 166.036339 0.000000 
0.000000 166.036855 166.033504 166.031443 166.030669 166.031443 166.033504 166.036855 0.000000 
0.000000 166.037370 166.034020 166.031958 166.031443 166.031958 166.034020 166.037370 0.000000 
0.000000 166.038144 166.034793 166.032731 166.031958 166.032731 166.034793 166.038144 0.000000 
0.000000 166.038659 166.035309 166.033247 166.032731 166.033247 166.035309 166.038659 0.000000 
0.000000 166.039174 166.035824 166.034020 166.033247 166.034020 166.035824 166.039174 0.000000 
0.000000 166.039690 166.036597 166.034535 166.034020 166.034535 166.036597 166.039690 0.000000 
0.000000 166.040463 166.037113 166.035309 166.034535 166.035309 166.037113 166.040463 0.000000 
0.000000 166.040979 166.037886 166.035824 166.035309 166.035824 166.037886 166.040979 0.000000 
0.000000 166.041494 166.038401 166.036339 166.035824 166.036339 166.038401 166.041494 0.000000 
0.000000 0.000000 166.038917 166.037113 166.036597 166.037113 166.038917 0.000000 0.000000 
0.000000 0.000000 166.039690 166.037628 166.037113 166.037628 166.039690 0.000000 0.000000 
0.000000 0.000000 166.040205 166.038401 166.037886 166.038401 166.040205 0.000000 0.000000 
0.000000 0.000000 166.040979 166.038917 166.038401 166.038917 166.040979 0.000000 0.000000 
0.000000 0.000000 166.041494 166.039690 166.039174 166.039690 166.041494 0.000000 0.000000 
0.000000 0.000000 0.000000 166.040205 166.039690 166.040205 0.000000 0.000000 0.000000 
0.000000 0.000000 0.000000 166.040979 166.040463 166.040979 0.000000 0.000000 0.000000 
0.000000 0.000000 0.000000 166.041494 166.040979 166.041494 0.000000 0.000000 0.000000 
0.000000 0.000000 0.000000 0.000000 166.041667 0.000000 0.000000 0.000000 0.000000 
