test/output/constant/S3_S060_A000_WD090.0_WS030.0/S3_S060_A000_WD090.0_WS030.0_arrival.asc
ncols         36
nrows         7
xllcorner     423103.990666
yllcorner     12748455.311160
cellsize      100.000000
NODATA_value  0.000000
0.000000 0.000000 0.000000 0.000000 0.000000 0.000000 0.000000 0.000000 166.041409 166.040468 166.039526 166.039056 166.038115 166.037174 166.036233 166.035762 166.035292 166.035292 166.035292 166.035292 166.035292 166.035762 166.036233 166.037174 166.038115 166.039997 0.000000 0.000000 0.000000 0.000000 0.000000 0.000000 0.000000 0.000000 0.000000 0.000000 
0.000000 0.000000 166.041667 166.040468 166.039526 166.038585 166.037174 166.036233 166.035292 166.033880 166.032939 166.031998 166.031057 166.029645 166.028704 166.027763 166.027292 166.026351 166.025410 166.024469 166.023528 166.023057 166.022116 166.021645 166.021175 166.021175 166.021645 166.021645 166.022587 166.023998 166.026822 166.030115 166.036703 0.000000 0.000000 0.000000 
166.041409 166.040468 166.039056 166.038115 166.036703 166.035762 166.034821 166.033409 166.032468 166.031057 166.030115 166.028704 166.027763 166.026351 166.025410 166.023998 166.023057 166.021645 166.020704 166.019293 166.018352 166.016940 166.015999 166.015058 166.013646 166.012705 166.011764 166.010352 166.009411 166.008941 166.007999 166.007058 166.007529 166.007999 166.011764 0.000000 
166.040938 166.039526 166.038585 166.037174 166.036233 166.034821 166.033880 166.032468 166.031527 166.030115 166.029174 166.027763 166.026822 166.025410 166.024469 166.023057 166.022116 166.020704 166.019763 166.018352 166.017410 166.015999 166.015058 166.013646 166.012705 166.011293 166.010352 166.008941 166.007999 166.006588 166.005647 166.004235 166.003294 166.001882 166.000941 166.000000 
166.041409 166.040468 166.039056 166.038115 166.036703 166.035762 166.034821 166.033409 166.032468 166.031057 166.030115 166.028704 166.027763 166.026351 166.025410 166.023998 166.023057 166.021645 166.020704 166.019293 166.018352 166.016940 166.015999 166.015058 166.013646 166.012705 166.011764 166.010352 166.009411 166.008941 166.007999 166.007058 166.007529 166.007999 166.011764 0.000000 
0.000000 0.000000 166.041667 166.040468 166.039526 166.038585 166.037174 166.036233 166.035292 166.033880 166.032939 166.031998 166.031057 166.029645 166.028704 166.027763 166.027292 166.026351 166.025410 166.024469 166.023528 166.023057 166.022116 166.021645 166.021175 166.021175 166.021645 166.021645 166.022587 166.023998 166.026822 166.030115 166.036703 0.000000 0.000000 0.000000 
0.000000 0.000000 0.000000 0.000000 0.000000 0.000000 0.000000 0.000000 166.041409 166.040468 166.039526 166.039056 166.038115 166.037174 166.036233 166.035762 166.035292 166.035292 166.035292 166.035292 166.035292 166.035762 166.036233 166.037174 166.038115 166.039997 0.000000 0.000000 0.000000 0.000000 0.000000 0.000000 0.000000 0.000000 0.000000 0.000000 
