test/output/constant/M3M470_S060_A090_WD000.0_WS015.0/M3M470_S060_A090_WD000.0_WS015.0_arrival.asc
ncols         7
nrows         46
xllcorner     426303.990666
yllcorner     12744255.311160
cellsize      100.000000
NODATA_value  0.000000
0.000000 0.000000 166.026802 166.000000 166.026802 0.000000 0.000000 
0.000000 0.000000 166.010647 166.000734 166.010647 0.000000 0.000000 
0.000000 0.000000 166.006976 166.001469 166.006976 0.000000 0.000000 
0.000000 166.035247 166.006242 166.002570 166.006242 166.035247 0.000000 
0.000000 166.028271 166.006242 166.003304 166.006242 166.028271 0.000000 
0.000000 166.024232 166.006609 166.004406 166.006609 166.024232 0.000000 
0.000000 166.022029 166.006976 166.005140 166.006976 166.022029 0.000000 
0.000000 166.020193 166.007710 166.006242 166.007710 166.020193 0.000000 
0.000000 166.019092 166.008445 166.006976 166.008445 166.019092 0.000000 
166.038551 166.018725 166.009179 166.008077 166.009179 166.018725 166.038551 
166.036348 166.018358 166.010280 166.008812 166.010280 166.018358 166.036348 
166.034512 166.018358 166.011015 166.009913 166.011015 166.018358 166.034512 
166.033411 166.018358 166.011749 166.010647 166.011749 166.018358 166.033411 
166.031942 166.018358 166.012483 166.011749 166.012483 166.018358 166.031942 
166.031575 166.018725 166.013585 166.012483 166.013585 166.018725 166.031575 
166.030841 166.019459 166.014319 166.013585 166.014319 166.019459 166.030841 
166.030474 166.020193 166.015420 166.014319 166.015420 166.020193 166.030474 
166.030107 166.020561 166.016155 166.015420 166.016155 166.020561 166.030107 
166.030474 166.021295 166.016889 166.016155 166.016889 166.021295 166.030474 
166.030107 166.022029 166.017991 166.017256 166.017991 166.022029 166.030107 
166.030107 166.022763 166.018725 166.017991 166.018725 166.022763 166.030107 
166.030107 166.023498 166.019826 166.019092 166.019826 166.023498 166.030107 
166.030841 166.024232 166.020561 166.019826 166.020561 166.024232 166.030841 
166.031208 166.024966 166.021662 166.020928 166.021662 166.024966 166.031208 
166.031942 166.025701 166.022396 166.021662 166.022396 166.025701 166.031942 
166.032677 166.026435 166.023498 166.022763 166.023498 166.026435 166.032677 
166.033044 166.027169 166.024232 166.023498 166.024232 166.027169 166.033044 
166.033778 166.027904 166.025334 166.024599 166.025334 166.027904 166.033778 
166.034512 166.029005 166.026068 166.025334 166.026068 166.029005 166.034512 
166.034880 166.029739 166.027169 166.026435 166.027169 166.029739 166.034880 
166.035614 166.030474 166.027904 166.027169 166.027904 166.030474 166.035614 
166.036348 166.031208 166.029005 166.028271 166.029005 166.031208 166.036348 
166.037082 166.032309 166.029739 166.029005 166.029739 166.032309 166.037082 
166.037817 166.033044 166.030841 166.030107 166.030841 166.033044 166.037817 
166.038184 166.033778 166.031575 166.030841 166.031575 166.033778 166.038184 
166.038918 166.034880 166.032677 166.031942 166.032677 166.034880 166.038918 
166.039653 166.035614 166.033411 166.032677 166.033411 166.035614 166.039653 
166.040387 166.036348 166.034145 166.033778 166.034145 166.036348 166.040387 
166.041121 166.037450 166.035247 166.034512 166.035247 166.037450 166.041121 
0.000000 166.038184 166.035981 166.035614 166.035981 166.038184 0.000000 
0.000000 166.038918 166.037082 166.036348 166.037082 166.038918 0.000000 
0.000000 166.040020 166.037817 166.037450 166.037817 166.040020 0.000000 
0.000000 166.040754 166.038918 166.038184 166.038918 166.040754 0.000000 
0.000000 166.041488 166.039653 166.039285 166.039653 166.041488 0.000000 
0.000000 0.000000 166.040754 166.040020 166.040754 0.000000 0.000000 
0.000000 0.000000 166.041488 166.041121 166.041488 0.000000 0.000000 
