test/output/constant/M3M400_S000_A090_WD090.0_WS035.0/M3M400_S000_A090_WD090.0_WS035.0_arrival.asc
ncols         52
nrows         11
xllcorner     421603.990666
yllcorner     12748255.311160
cellsize      100.000000
NODATA_value  0.000000
0.000000 0.000000 0.000000 0.000000 0.000000 0.000000 0.000000 0.000000 0.000000 0.000000 0.000000 166.041467 166.041133 166.040464 166.039795 166.039126 166.038792 166.038123 166.037454 166.037120 166.036451 166.036116 166.035448 166.035113 166.034779 166.034444 166.034444 166.034444 166.034444 166.034444 166.034779 166.034779 166.035113 166.035448 166.036116 166.036785 166.037454 166.038457 166.039795 166.041467 0.000000 0.000000 0.000000 0.000000 0.000000 0.000000 0.000000 0.000000 0.000000 0.000000 0.000000 0.000000 
0.000000 0.000000 0.000000 0.000000 0.000000 0.000000 166.041467 166.040798 166.040129 166.039461 166.038457 166.037789 166.037120 166.036451 166.035782 166.035113 166.034444 166.033776 166.033441 166.032772 166.032104 166.031435 166.031100 166.030431 166.029763 166.029094 166.028759 166.028091 166.027756 166.027087 166.027087 166.026753 166.026753 166.026753 166.027087 166.027087 166.027422 166.027756 166.028425 166.029094 166.030097 166.031435 166.033107 166.035782 166.039126 0.000000 0.000000 0.000000 0.000000 0.000000 0.000000 0.000000 
0.000000 0.000000 0.000000 166.041667 166.040798 166.040129 166.039461 166.038792 166.037789 166.037120 166.036116 166.035448 166.034779 166.034110 166.033107 166.032438 166.031769 166.030766 166.030097 166.029428 166.028425 166.027756 166.027087 166.026419 166.025750 166.025081 166.024412 166.023743 166.023409 166.022740 166.022071 166.021402 166.021068 166.020399 166.020065 166.019396 166.019396 166.019396 166.019396 166.019396 166.019730 166.020065 166.020734 166.021737 166.023074 166.025081 166.029094 166.033107 166.040798 0.000000 0.000000 0.000000 
0.000000 166.041667 166.040798 166.040129 166.039461 166.038457 166.037789 166.037120 166.036116 166.035448 166.034444 166.033776 166.033107 166.032104 166.031435 166.030431 166.029763 166.028759 166.028091 166.027087 166.026419 166.025750 166.024746 166.024078 166.023409 166.022406 166.021737 166.021068 166.020065 166.019396 166.018727 166.017724 166.017055 166.016386 166.015717 166.015049 166.014380 166.013711 166.013376 166.012708 166.012039 166.011704 166.011704 166.011704 166.011704 166.012373 166.013376 166.014714 166.018727 166.024746 166.035113 0.000000 
166.041667 166.040798 166.040129 166.039126 166.038457 166.037454 166.036785 166.035782 166.035113 166.034110 166.033441 166.032438 166.031769 166.030766 166.030097 166.029094 166.028425 166.027422 166.026753 166.025750 166.025081 166.024078 166.023409 166.022406 166.021737 166.021068 166.020065 166.019396 166.018393 166.017724 166.016721 166.016052 166.015049 166.014380 166.013711 166.012708 166.012039 166.011036 166.010367 166.009698 166.008695 166.008026 166.007023 166.006354 166.005685 166.005016 166.004347 166.004013 166.004013 166.004682 166.009029 166.035448 
166.041467 166.040798 166.039795 166.039126 166.038123 166.037454 166.036451 166.035782 166.034779 166.034110 166.033107 166.032438 166.031435 166.030766 166.029763 166.029094 166.028091 166.027422 166.026419 166.025750 166.024746 166.024078 166.023074 166.022406 166.021402 166.020734 166.019730 166.019061 166.018058 166.017389 166.016386 166.015717 166.014714 166.014045 166.013042 166.012373 166.011370 166.010701 166.009698 166.009029 166.008026 166.007357 166.006354 166.005685 166.004682 166.004013 166.003010 166.002341 166.001338 166.000669 166.000000 166.025081 
166.041667 166.040798 166.040129 166.039126 166.038457 166.037454 166.036785 166.035782 166.035113 166.034110 166.033441 166.032438 166.031769 166.030766 166.030097 166.029094 166.028425 166.027422 166.026753 166.025750 166.025081 166.024078 166.023409 166.022406 166.021737 166.021068 166.020065 166.019396 166.018393 166.017724 166.016721 166.016052 166.015049 166.014380 166.013711 166.012708 166.012039 166.011036 166.010367 166.009698 166.008695 166.008026 166.007023 166.006354 166.005685 166.005016 166.004347 166.004013 166.004013 166.004682 166.009029 166.035448 
0.000000 166.041667 166.040798 166.040129 166.039461 166.038457 166.037789 166.037120 166.036116 166.035448 166.034444 166.033776 166.033107 166.032104 166.031435 166.030431 166.029763 166.028759 166.028091 166.027087 166.026419 166.025750 166.024746 166.024078 166.023409 166.022406 166.021737 166.021068 166.020065 166.019396 166.018727 166.017724 166.017055 166.016386 166.015717 166.015049 166.014380 166.013711 166.013376 166.012708 166.012039 166.011704 166.011704 166.011704 166.011704 166.012373 166.013376 166.014714 166.018727 166.024746 166.035113 0.000000 
0.000000 0.000000 0.000000 166.041667 166.040798 166.040129 166.039461 166.038792 166.037789 166.037120 166.036116 166.035448 166.034779 166.034110 166.033107 166.032438 166.031769 166.030766 166.030097 166.029428 166.028425 166.027756 166.027087 166.026419 166.025750 166.025081 166.024412 166.023743 166.023409 166.022740 166.022071 166.021402 166.021068 166.020399 166.020065 166.019396 166.019396 166.019396 166.019396 166.019396 166.019730 166.020065 166.020734 166.021737 166.023074 166.025081 166.029094 166.033107 166.040798 0.000000 0.000000 0.000000 
0.000000 0.000000 0.000000 0.000000 0.000000 0.000000 166.041467 166.040798 166.040129 166.039461 166.038457 166.037789 166.037120 166.036451 166.035782 166.035113 166.034444 166.033776 166.033441 166.032772 166.032104 166.031435 166.031100 166.030431 166.029763 166.029094 166.028759 166.028091 166.027756 166.027087 166.027087 166.026753 166.026753 166.026753 166.027087 166.027087 166.027422 166.027756 166.028425 166.029094 166.030097 166.031435 166.033107 166.035782 166.039126 0.000000 0.000000 0.000000 0.000000 0.000000 0.000000 0.000000 
0.000000 0.000000 0.000000 0.000000 0.000000 0.000000 0.000000 0.000000 0.000000 0.000000 0.000000 166.041467 166.041133 166.040464 166.039795 166.039126 166.038792 166.038123 166.037454 166.037120 166.036451 166.036116 166.035448 166.035113 166.034779 166.034444 166.034444 166.034444 166.034444 166.034444 166.034779 166.034779 166.035113 166.035448 166.036116 166.036785 166.037454 166.038457 166.039795 166.041467 0.000000 0.000000 0.000000 0.000000 0.000000 0.000000 0.000000 0.000000 0.000000 0.000000 0.000000 0.000000 
