test/output/constant/M4100_S060_A180_WD270.0_WS005.0/M4100_S060_A180_WD270.0_WS005.0_arrival.asc
ncols         35
nrows         7
xllcorner     426603.990666
yllcorner     12748455.311160
cellsize      100.000000
NODATA_value  0.000000
0.000000 0.000000 0.000000 0.000000 0.000000 0.000000 166.039024 166.036060 166.034084 166.032602 166.031614 166.031120 166.030626 166.030132 166.030132 166.030132 166.030626 166.031120 166.032108 166.032602 166.033590 166.034578 166.035566 166.036060 166.037048 166.038036 166.039024 166.040012 166.041000 166.041667 0.000000 0.000000 0.000000 0.000000 0.000000 
0.000000 0.000000 166.034578 166.025686 166.021735 166.019759 166.018771 166.018277 166.018277 166.018277 166.018771 166.019265 166.020253 166.020747 166.021735 166.022723 166.023711 166.024699 166.025686 166.026674 166.027662 166.029144 166.030132 166.031120 166.032108 166.033590 166.034578 166.035566 166.037048 166.038036 166.039024 166.040506 166.041494 0.000000 0.000000 
166.019265 166.007904 166.006422 166.006422 166.006422 166.007410 166.008398 166.009385 166.010373 166.011855 166.012843 166.014325 166.015313 166.016795 166.017783 166.018771 166.020253 166.021241 166.022723 166.023711 166.024699 166.026180 166.027168 166.028650 166.029638 166.031120 166.032108 166.033590 166.034578 166.036060 166.037048 166.038036 166.039518 166.040506 0.000000 
166.000000 166.000988 166.001976 166.003458 166.004446 166.005928 166.006916 166.008398 166.009385 166.010867 166.011855 166.013337 166.014325 166.015807 166.016795 166.018277 166.019265 166.020747 166.021735 166.023217 166.024205 166.025686 166.026674 166.028156 166.029144 166.030626 166.031614 166.033096 166.034084 166.035566 166.036554 166.038036 166.039024 166.040506 166.041494 
166.019265 166.007904 166.006422 166.006422 166.006422 166.007410 166.008398 166.009385 166.010373 166.011855 166.012843 166.014325 166.015313 166.016795 166.017783 166.018771 166.020253 166.021241 166.022723 166.023711 166.024699 166.026180 166.027168 166.028650 166.029638 166.031120 166.032108 166.033590 166.034578 166.036060 166.037048 166.038036 166.039518 166.040506 0.000000 
0.000000 0.000000 166.034578 166.025686 166.021735 166.019759 166.018771 166.018277 166.018277 166.018277 166.018771 166.019265 166.020253 166.020747 166.021735 166.022723 166.023711 166.024699 166.025686 166.026674 166.027662 166.029144 166.030132 166.031120 166.032108 166.033590 166.034578 166.035566 166.037048 166.038036 166.039024 166.040506 166.041494 0.000000 0.000000 
0.000000 0.000000 0.000000 0.000000 0.000000 0.000000 166.039024 166.036060 166.034084 166.032602 166.031614 166.031120 166.030626 166.030132 166.030132 166.030132 166.030626 166.031120 166.032108 166.032602 166.033590 166.034578 166.035566 166.036060 166.037048 166.038036 166.039024 166.040012 166.041000 166.041667 0.000000 0.000000 0.000000 0.000000 0.000000 
