test/output/constant/M390_S060_A000_WD315.0_WS050.0/M390_S060_A000_WD315.0_WS050.0_arrival.asc
ncols         10
nrows         41
xllcorner     425903.990666
yllcorner     12744855.311160
cellsize      100.000000
NODATA_value  0.000000
0.000000 0.000000 0.000000 0.000000 0.000000 0.000000 0.000000 166.034621 0.000000 0.000000 
0.000000 0.000000 0.000000 0.000000 0.000000 166.034260 166.007934 166.000000 166.013704 0.000000 
0.000000 0.000000 0.000000 0.000000 0.000000 166.022359 166.003246 166.000721 166.010098 166.038227 
0.000000 0.000000 0.000000 0.000000 166.036785 166.015507 166.002885 166.001803 166.009737 166.033539 
0.000000 0.000000 0.000000 0.000000 166.028490 166.011180 166.003246 166.002885 166.010098 166.030654 
0.000000 0.000000 0.000000 0.000000 166.023081 166.009376 166.003967 166.003967 166.010458 166.028851 
0.000000 0.000000 0.000000 166.036063 166.019114 166.008655 166.005049 166.005049 166.011540 166.028129 
0.000000 0.000000 0.000000 166.031014 166.016950 166.008655 166.006131 166.006131 166.012622 166.027769 
0.000000 0.000000 0.000000 166.027408 166.015507 166.008655 166.007213 166.007213 166.013704 166.028129 
0.000000 0.000000 166.038948 166.024523 166.014786 166.009376 166.008295 166.008655 166.015147 166.028490 
0.000000 0.000000 166.035342 166.022720 166.014065 166.009737 166.009376 166.010098 166.016229 166.028851 
0.000000 0.000000 166.032457 166.021638 166.014065 166.010819 166.010458 166.011180 166.017310 166.028851 
0.000000 0.000000 166.030293 166.020556 166.014425 166.011540 166.011540 166.012622 166.018753 166.029933 
0.000000 166.040391 166.028851 166.020195 166.014786 166.012622 166.012622 166.014065 166.020195 166.031014 
0.000000 166.038227 166.027769 166.019835 166.015147 166.013704 166.013704 166.015147 166.021277 166.032096 
0.000000 166.036424 166.026687 166.019835 166.015868 166.014786 166.014786 166.016589 166.022720 166.033178 
0.000000 166.034981 166.025966 166.019835 166.016589 166.015868 166.015868 166.018032 166.024162 166.033900 
0.000000 166.033539 166.025605 166.020195 166.017310 166.016589 166.016950 166.019474 166.025244 166.034981 
0.000000 166.032457 166.025244 166.020556 166.018032 166.017671 166.018032 166.020556 166.026687 166.036424 
166.040752 166.032096 166.025244 166.021277 166.019114 166.018753 166.019114 166.021999 166.028129 166.037506 
166.039670 166.031375 166.025605 166.021638 166.019835 166.019835 166.020556 166.023441 166.029572 166.038588 
166.038588 166.031014 166.025966 166.022359 166.020917 166.020917 166.021638 166.024884 166.030654 166.039670 
166.037867 166.031014 166.026326 166.023081 166.021999 166.021999 166.023081 166.025966 166.032096 166.041112 
166.037506 166.031014 166.026687 166.023802 166.023081 166.023081 166.024162 166.027408 166.033539 0.000000 
166.036785 166.031014 166.027048 166.024884 166.024162 166.024162 166.025605 166.028851 166.034981 0.000000 
166.036785 166.031375 166.027769 166.025605 166.025244 166.025244 166.026687 166.030293 166.036063 0.000000 
166.036424 166.031736 166.028129 166.026687 166.026326 166.026326 166.028129 166.031736 166.037506 0.000000 
166.036424 166.032096 166.029211 166.027408 166.027408 166.027769 166.029572 166.032818 166.038948 0.000000 
166.036785 166.032457 166.029572 166.028490 166.028490 166.028851 166.031014 166.034260 166.040030 0.000000 
166.037145 166.033178 166.030654 166.029572 166.029572 166.029933 166.032096 166.035703 166.041473 0.000000 
166.037506 166.033900 166.031375 166.030654 166.030654 166.031014 166.033539 166.037145 0.000000 0.000000 
166.037867 166.034260 166.032096 166.031736 166.031736 166.032457 166.034621 166.038588 0.000000 0.000000 
166.038227 166.034981 166.033178 166.032818 166.032818 166.033539 166.036063 166.039670 0.000000 0.000000 
166.038588 166.035703 166.034260 166.033900 166.033900 166.034981 166.037506 166.041112 0.000000 0.000000 
166.038948 166.036424 166.034981 166.034981 166.034981 166.036063 166.038948 0.000000 0.000000 0.000000 
166.039670 166.037145 166.036063 166.035703 166.036063 166.037506 166.040030 0.000000 0.000000 0.000000 
166.040391 166.037867 166.037145 166.036785 166.037145 166.038588 166.041473 0.000000 0.000000 0.000000 
166.040752 166.038588 166.037867 166.038227 166.038588 166.040030 0.000000 0.000000 0.000000 0.000000 
166.041473 166.039670 166.038948 166.038948 166.039670 166.041112 0.000000 0.000000 0.000000 0.000000 
0.000000 166.040752 166.040030 166.040030 166.040752 0.000000 0.000000 0.000000 0.000000 0.000000 
0.000000 166.041473 166.041112 166.041473 0.000000 0.000000 0.000000 0.000000 0.000000 0.000000 
