test/output/constant/C3_S000_A090_WD270.0_WS040.0/C3_S000_A090_WD270.0_WS040.0_arrival.asc
ncols         29
nrows         7
xllcorner     426603.990666
yllcorner     12748455.311160
cellsize      100.000000
NODATA_value  0.000000
0.000000 0.000000 0.000000 0.000000 0.000000 0.000000 0.000000 0.000000 0.000000 0.000000 0.000000 166.041143 166.039950 166.039950 166.039354 166.039354 166.039354 166.039950 166.040547 166.041143 0.000000 0.000000 0.000000 0.000000 0.000000 0.000000 0.000000 0.000000 0.000000 
0.000000 0.000000 0.000000 166.035776 166.030410 166.027429 166.025044 166.024447 166.023851 166.023851 166.023851 166.024447 166.025640 166.026236 166.027429 166.028621 166.029217 166.030410 166.031603 166.032795 166.033988 166.035776 166.036969 166.038162 166.039354 166.041143 0.000000 0.000000 0.000000 
166.034584 166.011329 166.008348 166.008348 166.008348 166.009540 166.010733 166.011925 166.013118 166.014311 166.016099 166.017292 166.018485 166.020273 166.021466 166.023255 166.024447 166.026236 166.027429 166.028621 166.030410 166.031603 166.033391 166.034584 166.035776 166.037565 166.038758 166.040547 166.041667 
166.000000 166.001193 166.002385 166.004174 166.005366 166.007155 166.008348 166.010137 166.011329 166.013118 166.014311 166.016099 166.017292 166.019081 166.020273 166.022062 166.023255 166.025044 166.026236 166.028025 166.029217 166.031006 166.032199 166.033988 166.035180 166.036969 166.038162 166.039950 166.041143 
166.034584 166.011329 166.008348 166.008348 166.008348 166.009540 166.010733 166.011925 166.013118 166.014311 166.016099 166.017292 166.018485 166.020273 166.021466 166.023255 166.024447 166.026236 166.027429 166.028621 166.030410 166.031603 166.033391 166.034584 166.035776 166.037565 166.038758 166.040547 166.041667 
0.000000 0.000000 0.000000 166.035776 166.030410 166.027429 166.025044 166.024447 166.023851 166.023851 166.023851 166.024447 166.025640 166.026236 166.027429 166.028621 166.029217 166.030410 166.031603 166.032795 166.033988 166.035776 166.036969 166.038162 166.039354 166.041143 0.000000 0.000000 0.000000 
0.000000 0.000000 0.000000 0.000000 0.000000 0.000000 0.000000 0.000000 0.000000 0.000000 0.000000 166.041143 166.039950 166.039950 166.039354 166.039354 166.039354 166.039950 166.040547 166.041143 0.000000 0.000000 0.000000 0.000000 0.000000 0.000000 0.000000 0.000000 0.000000 
