test/output/constant/M480_S060_A000_WD090.0_WS050.0/M480_S060_A000_WD090.0_WS050.0_arrival.asc
ncols         41
nrows         5
xllcorner     422603.990666
yllcorner     12748555.311160
cellsize      100.000000
NODATA_value  0.000000
0.000000 0.000000 0.000000 0.000000 0.000000 166.041514 166.040268 166.039438 166.038608 166.037778 166.036532 166.035702 166.034872 166.034456 166.033626 166.032796 166.031966 166.031550 166.030720 166.029890 166.029475 166.028644 166.027814 166.027399 166.026984 166.026984 166.026984 166.027399 166.027814 166.028644 166.029475 166.031135 166.033626 166.036532 166.040683 0.000000 0.000000 0.000000 0.000000 0.000000 0.000000 
0.000000 166.041514 166.040268 166.039438 166.038193 166.037362 166.036117 166.035287 166.034456 166.033211 166.032381 166.031135 166.030305 166.029060 166.028229 166.026984 166.026154 166.024908 166.024078 166.023248 166.022002 166.021172 166.019927 166.019096 166.018266 166.017021 166.016190 166.014945 166.014115 166.012869 166.012039 166.011209 166.010794 166.009963 166.009133 166.009133 166.009548 166.010378 166.013284 166.023248 0.000000 
166.041099 166.040268 166.039023 166.038193 166.036947 166.036117 166.034872 166.034041 166.032796 166.031966 166.030720 166.029890 166.028644 166.027814 166.026569 166.025739 166.024493 166.023663 166.022417 166.021587 166.020342 166.019511 166.018266 166.017436 166.016190 166.015360 166.014115 166.013284 166.012039 166.011209 166.009963 166.009133 166.007888 166.007057 166.005812 166.004982 166.003736 166.002906 166.001661 166.000830 166.000000 
0.000000 166.041514 166.040268 166.039438 166.038193 166.037362 166.036117 166.035287 166.034456 166.033211 166.032381 166.031135 166.030305 166.029060 166.028229 166.026984 166.026154 166.024908 166.024078 166.023248 166.022002 166.021172 166.019927 166.019096 166.018266 166.017021 166.016190 166.014945 166.014115 166.012869 166.012039 166.011209 166.010794 166.009963 166.009133 166.009133 166.009548 166.010378 166.013284 166.023248 0.000000 
0.000000 0.000000 0.000000 0.000000 0.000000 166.041514 166.040268 166.039438 166.038608 166.037778 166.036532 166.035702 166.034872 166.034456 166.033626 166.032796 166.031966 166.031550 166.030720 166.029890 166.029475 166.028644 166.027814 166.027399 166.026984 166.026984 166.026984 166.027399 166.027814 166.028644 166.029475 166.031135 166.033626 166.036532 166.040683 0.000000 0.000000 0.000000 0.000000 0.000000 0.000000 
