test/output/constant/M3100_S060_A000_WD315.0_WS010.0/M3100_S060_A000_WD315.0_WS010.0_raz.asc
ncols         50
nrows         15
xllcorner     421803.990666
yllcorner     12747555.311160
cellsize      100.000000
NODATA_value  0.000000
0 0 0 0 0 0 0 0 0 0 0 0 0 0 0 0 0 0 0 0 0 0 0 0 0 0 0 0 0 0 0 270 279 270 276 273 270 270 276 289 279 283 279 276 279 276 283 9 0 0 
0 0 0 0 0 0 0 0 0 0 0 0 0 0 0 0 0 0 0 0 0 0 0 0 283 268 279 268 270 279 270 270 268 276 268 273 268 279 270 270 279 270 270 270 283 283 276 276 9 9 
0 0 0 0 0 0 0 0 0 0 0 0 0 0 0 0 0 0 0 270 283 268 273 268 279 268 276 270 270 273 268 283 268 283 270 270 279 268 268 276 268 270 283 268 270 270 258 258 65535 168 
0 0 0 0 0 0 0 0 0 0 0 0 0 0 0 289 270 270 283 268 283 270 268 279 270 270 268 279 268 270 268 283 270 273 276 268 268 268 268 264 258 258 258 258 258 258 258 206 179 147 
0 0 0 0 0 0 0 0 0 0 0 0 270 270 270 279 270 270 276 273 268 270 270 268 268 268 273 279 268 268 268 264 268 270 260 258 258 258 258 258 258 258 257 252 250 249 249 168 168 0 
0 0 0 0 0 0 0 0 0 270 268 270 270 270 270 270 270 268 262 279 270 270 268 279 267 270 279 270 273 258 258 259 258 258 258 258 258 258 258 257 250 249 250 206 179 247 168 168 0 0 
0 0 0 0 0 0 0 268 268 270 261 283 270 270 270 273 270 264 270 279 270 289 268 268 258 270 264 258 258 258 258 258 258 258 257 258 258 252 249 250 190 250 190 190 179 168 0 0 0 0 
0 0 0 0 0 268 259 270 270 270 279 260 270 264 273 258 262 268 270 258 258 258 258 258 258 258 258 258 258 258 258 254 258 250 252 190 249 206 249 249 249 190 168 206 0 0 0 0 0 0 
0 0 0 270 264 270 261 273 268 270 260 273 270 270 258 258 258 258 258 258 258 258 258 258 258 258 258 254 258 257 252 252 250 190 190 250 206 249 179 190 179 190 0 0 0 0 0 0 0 0 
0 0 270 268 264 270 258 258 258 258 258 258 258 258 258 258 258 258 258 258 258 257 258 255 258 258 257 253 249 249 218 206 249 250 206 249 250 179 147 0 0 0 0 0 0 0 0 0 0 0 
0 258 258 258 258 258 258 258 258 258 258 258 258 258 258 255 258 258 258 258 253 255 258 258 252 253 249 250 249 249 190 190 168 206 250 206 0 0 0 0 0 0 0 0 0 0 0 0 0 0 
258 258 262 258 258 258 258 258 258 258 258 258 258 258 255 258 257 258 252 255 253 253 250 250 249 249 250 250 147 249 190 206 250 0 0 0 0 0 0 0 0 0 0 0 0 0 0 0 0 0 
258 258 258 258 258 258 258 258 258 258 258 258 258 258 258 257 253 253 168 252 249 250 250 250 218 249 249 249 206 0 0 0 0 0 0 0 0 0 0 0 0 0 0 0 0 0 0 0 0 0 
0 258 257 258 258 258 258 258 253 258 255 258 258 252 206 249 252 179 168 249 249 249 249 249 249 0 0 0 0 0 0 0 0 0 0 0 0 0 0 0 0 0 0 0 0 0 0 0 0 0 
0 0 0 253 258 258 255 258 257 252 252 252 252 249 218 206 190 218 250 0 0 0 0 0 0 0 0 0 0 0 0 0 0 0 0 0 0 0 0 0 0 0 0 0 0 0 0 0 0 0 
