test/output/constant/M350_S060_A000_WD315.0_WS005.0/M350_S060_A000_WD315.0_WS005.0_arrival.asc
ncols         26
nrows         8
xllcorner     424203.990666
yllcorner     12748255.311160
cellsize      100.000000
NODATA_value  0.000000
0.000000 0.000000 0.000000 0.000000 0.000000 0.000000 0.000000 0.000000 0.000000 0.000000 0.000000 166.041502 166.040119 166.038735 166.038044 166.036660 166.035969 166.035969 166.035277 166.035969 166.036660 166.039427 0.000000 0.000000 0.000000 0.000000 
0.000000 0.000000 0.000000 0.000000 0.000000 0.000000 166.040811 166.038735 166.036660 166.034585 166.032510 166.030435 166.028360 166.026285 166.024210 166.022135 166.020059 166.017984 166.016601 166.014526 166.013142 166.013142 166.012451 166.013142 166.020059 0.000000 
0.000000 0.000000 0.000000 166.040119 166.038044 166.035969 166.033893 166.031818 166.029743 166.027668 166.025593 166.024210 166.022135 166.020059 166.017984 166.015909 166.013834 166.011759 166.009684 166.008300 166.006225 166.004842 166.002767 166.001383 166.000000 166.038735 
0.000000 166.040811 166.038735 166.037352 166.035277 166.033202 166.031127 166.029743 166.027668 166.025593 166.024210 166.022135 166.020751 166.018676 166.017293 166.015217 166.013142 166.011759 166.009684 166.008300 166.006917 166.005534 166.004842 166.005534 166.012451 0.000000 
166.041502 166.039427 166.038044 166.035969 166.034585 166.032510 166.031127 166.029052 166.027668 166.025593 166.024210 166.022135 166.020751 166.019368 166.017984 166.016601 166.015217 166.014526 166.014526 166.013834 166.014526 166.016601 166.022826 166.034585 0.000000 0.000000 
166.041502 166.039427 166.038044 166.035969 166.034585 166.033202 166.031818 166.030435 166.029052 166.027668 166.026285 166.024901 166.024210 166.024210 166.023518 166.023518 166.023518 166.024210 166.025593 166.029052 166.034585 0.000000 0.000000 0.000000 0.000000 0.000000 
0.000000 166.041502 166.040119 166.038735 166.037352 166.035969 166.035277 166.034585 166.033893 166.033202 166.032510 166.032510 166.032510 166.032510 166.033202 166.035277 166.037352 166.040811 0.000000 0.000000 0.000000 0.000000 0.000000 0.000000 0.000000 0.000000 
0.000000 0.000000 0.000000 0.000000 0.000000 0.000000 0.000000 166.041667 166.041502 166.041502 0.000000 0.000000 0.000000 0.000000 0.000000 0.000000 0.000000 0.000000 0.000000 0.000000 0.000000 0.000000 0.000000 0.000000 0.000000 0.000000 
