test/output/constant/S1_S060_A180_WD270.0_WS015.0/S1_S060_A180_WD270.0_WS015.0_arrival.asc
ncols         34
nrows         7
xllcorner     426603.990666
yllcorner     12748455.311160
cellsize      100.000000
NODATA_value  0.000000
0.000000 0.000000 0.000000 0.000000 0.000000 0.000000 0.000000 0.000000 0.000000 0.000000 0.000000 0.000000 0.000000 0.000000 0.000000 166.041228 166.040719 166.040719 166.040719 166.040719 166.040719 166.041228 0.000000 0.000000 0.000000 0.000000 0.000000 0.000000 0.000000 0.000000 0.000000 0.000000 0.000000 0.000000 
0.000000 0.000000 0.000000 0.000000 166.037156 166.032066 166.028503 166.026976 166.025449 166.024940 166.024432 166.024432 166.024432 166.024940 166.025958 166.026467 166.027485 166.028503 166.029521 166.030030 166.031048 166.032066 166.033084 166.034102 166.035120 166.036138 166.037156 166.038683 166.039701 166.041228 0.000000 0.000000 0.000000 0.000000 
166.034611 166.014252 166.009671 166.008653 166.008144 166.008653 166.009671 166.010689 166.011707 166.012725 166.013743 166.015270 166.016288 166.017306 166.018833 166.019851 166.020869 166.022396 166.023414 166.024940 166.025958 166.026976 166.028503 166.029521 166.031048 166.032066 166.033593 166.034611 166.036138 166.037156 166.038683 166.039701 166.041228 0.000000 
166.000000 166.001018 166.002036 166.003563 166.004581 166.006108 166.007126 166.008653 166.009671 166.011198 166.012216 166.013743 166.014761 166.016288 166.017306 166.018833 166.019851 166.021378 166.022396 166.023923 166.024940 166.026467 166.027485 166.029012 166.030030 166.031557 166.032575 166.034102 166.035120 166.036647 166.037665 166.039192 166.040210 166.041667 
166.034611 166.014252 166.009671 166.008653 166.008144 166.008653 166.009671 166.010689 166.011707 166.012725 166.013743 166.015270 166.016288 166.017306 166.018833 166.019851 166.020869 166.022396 166.023414 166.024940 166.025958 166.026976 166.028503 166.029521 166.031048 166.032066 166.033593 166.034611 166.036138 166.037156 166.038683 166.039701 166.041228 0.000000 
0.000000 0.000000 0.000000 0.000000 166.037156 166.032066 166.028503 166.026976 166.025449 166.024940 166.024432 166.024432 166.024432 166.024940 166.025958 166.026467 166.027485 166.028503 166.029521 166.030030 166.031048 166.032066 166.033084 166.034102 166.035120 166.036138 166.037156 166.038683 166.039701 166.041228 0.000000 0.000000 0.000000 0.000000 
0.000000 0.000000 0.000000 0.000000 0.000000 0.000000 0.000000 0.000000 0.000000 0.000000 0.000000 0.000000 0.000000 0.000000 0.000000 166.041228 166.040719 166.040719 166.040719 166.040719 166.040719 166.041228 0.000000 0.000000 0.000000 0.000000 0.000000 0.000000 0.000000 0.000000 0.000000 0.000000 0.000000 0.000000 
