test/output/constant/M340_S060_A180_WD000.0_WS010.0/M340_S060_A180_WD000.0_WS010.0_arrival.asc
ncols         23
nrows         9
xllcorner     426603.990666
yllcorner     12748055.311160
cellsize      100.000000
NODATA_value  0.000000
166.038007 166.031429 166.032890 166.034352 166.038738 0.000000 0.000000 0.000000 0.000000 0.000000 0.000000 0.000000 0.000000 0.000000 0.000000 0.000000 0.000000 0.000000 0.000000 0.000000 0.000000 0.000000 0.000000 
166.000000 166.001462 166.002924 166.005847 166.009502 166.013887 166.018272 166.022658 166.027774 166.032160 166.036545 166.041661 0.000000 0.000000 0.000000 0.000000 0.000000 0.000000 0.000000 0.000000 0.000000 0.000000 0.000000 
166.010233 166.003654 166.003654 166.005116 166.007309 166.008771 166.010963 166.013887 166.016811 166.020465 166.024120 166.028505 166.032160 166.036545 166.040930 0.000000 0.000000 0.000000 0.000000 0.000000 0.000000 0.000000 0.000000 
0.000000 166.027043 166.013156 166.009502 166.009502 166.009502 166.010963 166.013156 166.014618 166.016811 166.019003 166.021927 166.024851 166.027774 166.031429 166.035083 166.038738 0.000000 0.000000 0.000000 0.000000 0.000000 0.000000 
0.000000 0.000000 0.000000 166.027774 166.019003 166.016080 166.015349 166.015349 166.015349 166.016811 166.019003 166.020465 166.022658 166.024851 166.027043 166.029236 166.032890 166.035814 166.038738 0.000000 0.000000 0.000000 0.000000 
0.000000 0.000000 0.000000 0.000000 0.000000 166.032890 166.025581 166.022658 166.021196 166.021196 166.021196 166.021927 166.022658 166.024851 166.026312 166.028505 166.030698 166.032890 166.035083 166.037276 166.040930 0.000000 0.000000 
0.000000 0.000000 0.000000 0.000000 0.000000 0.000000 0.000000 166.038007 166.032160 166.029236 166.027774 166.027043 166.027043 166.027043 166.027774 166.028505 166.030698 166.032160 166.034352 166.036545 166.038007 166.040199 0.000000 
0.000000 0.000000 0.000000 0.000000 0.000000 0.000000 0.000000 0.000000 0.000000 0.000000 166.039469 166.035814 166.034352 166.032890 166.032890 166.032890 166.032890 166.033621 166.034352 166.036545 166.038007 166.040199 166.041661 
0.000000 0.000000 0.000000 0.000000 0.000000 0.000000 0.000000 0.000000 0.000000 0.000000 0.000000 0.000000 0.000000 0.000000 166.040930 166.039469 166.038738 166.038007 166.038738 166.038738 166.039469 166.040930 0.000000 
