test/output/constant/M3M455_S060_A000_WD135.0_WS015.0/M3M455_S060_A000_WD135.0_WS015.0_arrival.asc
ncols         35
nrows         11
xllcorner     423203.990666
yllcorner     12748655.311160
cellsize      100.000000
NODATA_value  0.000000
166.041598 166.041130 166.040663 166.040663 166.040195 166.040195 166.040195 166.040663 166.041130 0.000000 0.000000 0.000000 0.000000 0.000000 0.000000 0.000000 0.000000 0.000000 0.000000 0.000000 0.000000 0.000000 0.000000 0.000000 0.000000 0.000000 0.000000 0.000000 0.000000 0.000000 0.000000 0.000000 0.000000 0.000000 0.000000 
166.041130 166.039728 166.038793 166.037391 166.036924 166.036456 166.035989 166.035522 166.035522 166.035522 166.035522 166.035989 166.036924 166.037859 166.039261 166.041130 0.000000 0.000000 0.000000 0.000000 0.000000 0.000000 0.000000 0.000000 0.000000 0.000000 0.000000 0.000000 0.000000 0.000000 0.000000 0.000000 0.000000 0.000000 0.000000 
166.041130 166.039728 166.038326 166.037391 166.035989 166.035054 166.033652 166.032717 166.031782 166.031315 166.030848 166.030848 166.030848 166.030848 166.031315 166.032250 166.033185 166.034587 166.036924 166.039728 0.000000 0.000000 0.000000 0.000000 0.000000 0.000000 0.000000 0.000000 0.000000 0.000000 0.000000 0.000000 0.000000 0.000000 0.000000 
0.000000 166.040663 166.039261 166.037391 166.035989 166.035054 166.033652 166.032250 166.031315 166.029913 166.028978 166.027576 166.027109 166.026641 166.026174 166.026174 166.026174 166.026641 166.027109 166.028511 166.029913 166.032717 166.036456 166.041598 0.000000 0.000000 0.000000 0.000000 0.000000 0.000000 0.000000 0.000000 0.000000 0.000000 0.000000 
0.000000 0.000000 0.000000 166.040195 166.038326 166.036456 166.034587 166.032717 166.031315 166.029913 166.028978 166.027576 166.026174 166.025239 166.023837 166.022902 166.022435 166.021500 166.021500 166.021500 166.021500 166.022435 166.023369 166.025239 166.028511 166.033652 166.040663 0.000000 0.000000 0.000000 0.000000 0.000000 0.000000 0.000000 0.000000 
0.000000 0.000000 0.000000 0.000000 0.000000 166.040195 166.038326 166.035989 166.034119 166.032250 166.029913 166.028511 166.026641 166.025239 166.023837 166.022902 166.021500 166.020098 166.019163 166.017761 166.017293 166.016826 166.016826 166.016826 166.017293 166.018696 166.021033 166.025706 166.033185 0.000000 0.000000 0.000000 0.000000 0.000000 0.000000 
0.000000 0.000000 0.000000 0.000000 0.000000 0.000000 0.000000 166.041667 166.039261 166.036924 166.034587 166.032250 166.029913 166.028043 166.025706 166.023837 166.021967 166.020565 166.019163 166.017761 166.016826 166.015424 166.014022 166.013087 166.012152 166.012152 166.012152 166.012620 166.014022 166.017761 166.025239 166.037859 0.000000 0.000000 0.000000 
0.000000 0.000000 0.000000 0.000000 0.000000 0.000000 0.000000 0.000000 0.000000 0.000000 0.000000 166.039261 166.036924 166.034119 166.031315 166.028978 166.026174 166.023837 166.021967 166.019630 166.017761 166.015891 166.014489 166.013087 166.011685 166.010750 166.009348 166.007946 166.007478 166.007478 166.007478 166.009815 166.017761 166.037859 0.000000 
0.000000 0.000000 0.000000 0.000000 0.000000 0.000000 0.000000 0.000000 0.000000 0.000000 0.000000 0.000000 0.000000 0.000000 166.041130 166.037859 166.035054 166.031782 166.029446 166.026641 166.023837 166.021033 166.018696 166.015891 166.013554 166.011685 166.009815 166.007946 166.007011 166.005609 166.004674 166.003272 166.002804 166.002804 166.014489 
0.000000 0.000000 0.000000 0.000000 0.000000 0.000000 0.000000 0.000000 0.000000 0.000000 0.000000 0.000000 0.000000 0.000000 0.000000 0.000000 0.000000 0.000000 166.041598 166.038793 166.035522 166.032250 166.028978 166.026174 166.022902 166.019630 166.016826 166.014022 166.010750 166.007946 166.005609 166.003272 166.001870 166.000935 166.000000 
0.000000 0.000000 0.000000 0.000000 0.000000 0.000000 0.000000 0.000000 0.000000 0.000000 0.000000 0.000000 0.000000 0.000000 0.000000 0.000000 0.000000 0.000000 0.000000 0.000000 0.000000 0.000000 0.000000 0.000000 0.000000 0.000000 0.000000 0.000000 166.040195 166.036924 166.033652 166.031315 166.030380 166.035054 0.000000 
