test/output/constant/M380_S060_A090_WD225.0_WS015.0/M380_S060_A090_WD225.0_WS015.0_raz.asc
ncols         15
nrows         33
xllcorner     426503.990666
yllcorner     12745655.311160
cellsize      100.000000
NODATA_value  0.000000
313 69 50 0 0 0 0 0 0 0 0 0 0 0 0 
313 254 78 78 0 0 0 0 0 0 0 0 0 0 0 
191 159 158 147 78 0 0 0 0 0 0 0 0 0 0 
175 159 159 157 145 78 0 0 0 0 0 0 0 0 0 
186 168 159 159 149 78 95 0 0 0 0 0 0 0 0 
186 170 159 159 157 149 50 0 0 0 0 0 0 0 0 
175 209 159 159 158 149 149 50 0 0 0 0 0 0 0 
175 172 159 159 159 155 149 149 0 0 0 0 0 0 0 
175 178 159 159 159 159 159 149 78 0 0 0 0 0 0 
175 175 165 159 159 159 155 149 149 0 0 0 0 0 0 
175 167 167 159 159 159 154 149 147 147 0 0 0 0 0 
0 191 159 159 159 159 159 154 155 149 0 0 0 0 0 
0 181 168 168 186 159 159 157 4 147 149 0 0 0 0 
0 181 170 168 168 159 159 159 159 157 149 0 0 0 0 
0 175 191 159 159 159 159 159 159 158 149 147 0 0 0 
0 175 170 191 162 159 159 159 159 158 149 149 0 0 0 
0 0 199 186 162 159 159 159 159 159 158 157 0 0 0 
0 0 170 172 164 159 159 159 159 157 157 73 149 0 0 
0 0 178 186 164 159 159 159 159 157 157 149 157 0 0 
0 0 0 172 162 165 167 159 159 159 159 157 157 0 0 
0 0 0 167 164 168 159 159 159 159 159 159 159 149 0 
0 0 0 0 162 168 159 168 159 159 157 159 157 157 0 
0 0 0 0 159 170 159 159 159 159 155 159 159 149 0 
0 0 0 0 0 191 159 191 159 159 159 159 157 158 0 
0 0 0 0 0 168 186 186 191 159 159 158 157 159 0 
0 0 0 0 0 0 161 159 159 159 159 157 159 159 159 
0 0 0 0 0 0 164 159 159 159 159 159 159 159 159 
0 0 0 0 0 0 0 159 159 159 159 159 159 159 159 
0 0 0 0 0 0 0 167 159 168 159 159 159 159 155 
0 0 0 0 0 0 0 0 159 159 159 159 159 159 159 
0 0 0 0 0 0 0 0 0 159 159 159 159 159 159 
0 0 0 0 0 0 0 0 0 0 165 159 159 159 159 
0 0 0 0 0 0 0 0 0 0 0 159 159 159 0 
