test/output/constant/M380_S060_A090_WD225.0_WS015.0/M380_S060_A090_WD225.0_WS015.0_ros.asc
ncols         15
nrows         33
xllcorner     426503.990666
yllcorner     12745655.311160
cellsize      100.000000
NODATA_value  0.000000
1.502713 2.175420 1.851866 0.000000 0.000000 0.000000 0.000000 0.000000 0.000000 0.000000 0.000000 0.000000 0.000000 0.000000 0.000000 
1.502713 -1.000000 2.461314 2.461314 0.000000 0.000000 0.000000 0.000000 0.000000 0.000000 0.000000 0.000000 0.000000 0.000000 0.000000 
11.089570 55.482475 55.304253 35.195263 2.461314 0.000000 0.000000 0.000000 0.000000 0.000000 0.000000 0.000000 0.000000 0.000000 0.000000 
27.689636 55.482475 55.482475 54.359196 30.668091 2.461314 0.000000 0.000000 0.000000 0.000000 0.000000 0.000000 0.000000 0.000000 0.000000 
14.720275 41.024742 55.482475 55.482475 39.542206 2.461314 3.423633 0.000000 0.000000 0.000000 0.000000 0.000000 0.000000 0.000000 0.000000 
14.720275 36.766205 55.482475 55.482475 54.359196 39.542206 1.851866 0.000000 0.000000 0.000000 0.000000 0.000000 0.000000 0.000000 0.000000 
27.689636 5.508160 55.482475 55.482475 55.304253 39.542206 39.542206 1.851866 0.000000 0.000000 0.000000 0.000000 0.000000 0.000000 0.000000 
27.689636 32.276020 55.482475 55.482475 55.482475 52.651333 39.542206 39.542206 0.000000 0.000000 0.000000 0.000000 0.000000 0.000000 0.000000 
27.689636 23.145082 55.482475 55.482475 55.482475 55.482475 55.482475 39.542206 2.461314 0.000000 0.000000 0.000000 0.000000 0.000000 0.000000 
27.689636 27.689636 48.343056 55.482475 55.482475 55.482475 52.651333 39.542206 39.542206 0.000000 0.000000 0.000000 0.000000 0.000000 0.000000 
27.689636 44.922977 44.922977 55.482475 55.482475 55.482475 50.232704 39.542206 35.195263 35.195263 0.000000 0.000000 0.000000 0.000000 0.000000 
0.000000 11.089570 55.451752 55.482475 55.482475 55.482475 55.482475 50.232704 52.651333 39.542206 0.000000 0.000000 0.000000 0.000000 0.000000 
0.000000 18.778608 41.024742 41.024742 14.720275 55.482475 55.482475 54.359196 1.636182 35.195263 39.542206 0.000000 0.000000 0.000000 0.000000 
0.000000 18.778608 36.766205 41.024742 41.024742 55.482475 55.482475 55.482475 55.482475 54.359196 39.542206 0.000000 0.000000 0.000000 0.000000 
0.000000 27.689636 11.089570 55.482475 55.482475 55.482475 55.482475 55.482475 55.482475 55.304253 39.542206 35.195263 0.000000 0.000000 0.000000 
0.000000 27.689636 36.766205 11.089570 53.352524 55.482475 55.482475 55.482475 55.482475 55.304253 39.542206 39.542206 0.000000 0.000000 0.000000 
0.000000 0.000000 7.990932 14.720275 53.352524 55.451752 55.482475 55.482475 55.482475 55.482475 55.304253 54.359196 0.000000 0.000000 0.000000 
0.000000 0.000000 36.766205 32.276020 51.181526 55.482475 55.482475 55.482475 55.482475 54.359196 54.359196 2.305389 39.542206 0.000000 0.000000 
0.000000 0.000000 23.145082 14.720275 51.181526 55.482475 55.482475 55.482475 55.482475 54.359196 54.359196 39.542206 54.359196 0.000000 0.000000 
0.000000 0.000000 0.000000 32.276020 53.352524 48.343056 44.922977 55.482475 55.482475 55.482475 55.482475 54.359196 54.359196 0.000000 0.000000 
0.000000 0.000000 0.000000 44.922977 51.181526 41.024742 55.482475 55.482475 55.482475 55.482475 55.482475 55.482475 55.482475 39.542206 0.000000 
0.000000 0.000000 0.000000 0.000000 53.352524 41.024742 55.482475 41.024742 55.482475 55.482475 54.359196 55.482475 54.359196 54.359196 0.000000 
0.000000 0.000000 0.000000 0.000000 55.451752 36.766205 55.482475 55.482475 55.482475 55.482475 52.651333 55.482475 55.482475 39.542206 0.000000 
0.000000 0.000000 0.000000 0.000000 0.000000 11.089570 55.482475 11.089570 55.482475 55.482475 55.482475 55.482475 54.359196 55.304253 0.000000 
0.000000 0.000000 0.000000 0.000000 0.000000 41.024742 14.720275 14.720275 11.089570 55.482475 55.482475 55.304253 54.359196 55.482475 0.000000 
0.000000 0.000000 0.000000 0.000000 0.000000 0.000000 54.790405 55.482475 55.482475 55.482475 55.482475 54.359196 55.482475 55.482475 55.482475 
0.000000 0.000000 0.000000 0.000000 0.000000 0.000000 51.181526 55.451752 55.482475 55.482475 55.482475 55.482475 55.482475 55.482475 55.482475 
0.000000 0.000000 0.000000 0.000000 0.000000 0.000000 0.000000 55.482475 55.482475 55.482475 55.482475 55.482475 55.482475 55.482475 55.482475 
0.000000 0.000000 0.000000 0.000000 0.000000 0.000000 0.000000 44.922977 55.482475 41.024742 55.482475 55.482475 55.482475 55.482475 52.651333 
0.000000 0.000000 0.000000 0.000000 0.000000 0.000000 0.000000 0.000000 55.482475 55.482475 55.482475 55.482475 55.482475 55.482475 55.482475 
0.000000 0.000000 0.000000 0.000000 0.000000 0.000000 0.000000 0.000000 0.000000 55.482475 55.482475 55.482475 55.482475 55.482475 55.482475 
0.000000 0.000000 0.000000 0.000000 0.000000 0.000000 0.000000 0.000000 0.000000 0.000000 48.343056 55.482475 55.482475 55.482475 55.482475 
0.000000 0.000000 0.000000 0.000000 0.000000 0.000000 0.000000 0.000000 0.000000 0.000000 0.000000 55.482475 55.482475 55.482475 0.000000 
