test/output/constant/M3M495_S060_A270_WD000.0_WS010.0/M3M495_S060_A270_WD000.0_WS010.0_arrival.asc
ncols         11
nrows         40
xllcorner     426103.990666
yllcorner     12748655.311160
cellsize      100.000000
NODATA_value  0.000000
0.000000 0.000000 0.000000 0.000000 0.000000 166.041667 0.000000 0.000000 0.000000 0.000000 0.000000 
0.000000 0.000000 0.000000 0.000000 166.040842 166.040842 166.040842 0.000000 0.000000 0.000000 0.000000 
0.000000 0.000000 0.000000 166.041286 166.039954 166.039510 166.039954 166.041286 0.000000 0.000000 0.000000 
0.000000 0.000000 166.041667 166.039954 166.038622 166.038622 166.038622 166.039954 166.041667 0.000000 0.000000 
0.000000 0.000000 166.040842 166.039066 166.037734 166.037290 166.037734 166.039066 166.040842 0.000000 0.000000 
0.000000 0.000000 166.039510 166.037734 166.036402 166.036402 166.036402 166.037734 166.039510 0.000000 0.000000 
0.000000 166.041667 166.038622 166.036846 166.035514 166.035071 166.035514 166.036846 166.038622 166.041667 0.000000 
0.000000 166.040842 166.037734 166.035514 166.034183 166.034183 166.034183 166.035514 166.037734 166.040842 0.000000 
0.000000 166.039954 166.036846 166.034627 166.033295 166.032851 166.033295 166.034627 166.036846 166.039954 0.000000 
0.000000 166.039066 166.035514 166.033295 166.031963 166.031963 166.031963 166.033295 166.035514 166.039066 0.000000 
0.000000 166.038178 166.034627 166.032407 166.031075 166.030631 166.031075 166.032407 166.034627 166.038178 0.000000 
0.000000 166.037290 166.033739 166.031075 166.029743 166.029743 166.029743 166.031075 166.033739 166.037290 0.000000 
166.041667 166.036846 166.032851 166.030187 166.028856 166.028412 166.028856 166.030187 166.032851 166.036846 166.041667 
166.040842 166.035958 166.031519 166.029299 166.027524 166.027524 166.027524 166.029299 166.031519 166.035958 166.040842 
166.040398 166.035071 166.030631 166.027968 166.026636 166.026192 166.026636 166.027968 166.030631 166.035071 166.040398 
166.039510 166.034183 166.029743 166.027080 166.025304 166.025304 166.025304 166.027080 166.029743 166.034183 166.039510 
166.039066 166.033739 166.028856 166.026192 166.024416 166.023972 166.024416 166.026192 166.028856 166.033739 166.039066 
166.039066 166.032851 166.027968 166.024860 166.023084 166.023084 166.023084 166.024860 166.027968 166.032851 166.039066 
166.039066 166.031963 166.027524 166.023972 166.022197 166.021753 166.022197 166.023972 166.027524 166.031963 166.039066 
166.039066 166.031519 166.026636 166.023084 166.021309 166.020865 166.021309 166.023084 166.026636 166.031519 166.039066 
166.039066 166.031075 166.025748 166.021753 166.019977 166.019533 166.019977 166.021753 166.025748 166.031075 166.039066 
166.039066 166.030631 166.024860 166.020865 166.019089 166.018645 166.019089 166.020865 166.024860 166.030631 166.039066 
166.039510 166.030187 166.023972 166.019977 166.017757 166.017313 166.017757 166.019977 166.023972 166.030187 166.039510 
166.039510 166.030187 166.023528 166.019089 166.016869 166.016425 166.016869 166.019089 166.023528 166.030187 166.039510 
166.039954 166.030187 166.022640 166.018201 166.015538 166.015094 166.015538 166.018201 166.022640 166.030187 166.039954 
166.040842 166.030631 166.022197 166.017313 166.014650 166.014206 166.014650 166.017313 166.022197 166.030631 166.040842 
0.000000 166.031075 166.021753 166.016425 166.013318 166.012874 166.013318 166.016425 166.021753 166.031075 0.000000 
0.000000 166.031075 166.021753 166.015538 166.012430 166.011986 166.012430 166.015538 166.021753 166.031075 0.000000 
0.000000 166.031963 166.021753 166.014650 166.011542 166.010654 166.011542 166.014650 166.021753 166.031963 0.000000 
0.000000 166.032851 166.021753 166.014206 166.010210 166.009766 166.010210 166.014206 166.021753 166.032851 0.000000 
0.000000 166.034627 166.022197 166.013318 166.009323 166.008435 166.009323 166.013318 166.022197 166.034627 0.000000 
0.000000 166.036402 166.023084 166.012874 166.007991 166.007547 166.007991 166.012874 166.023084 166.036402 0.000000 
0.000000 166.039510 166.023972 166.013318 166.007103 166.006215 166.007103 166.013318 166.023972 166.039510 0.000000 
0.000000 0.000000 166.025748 166.013318 166.006215 166.005327 166.006215 166.013318 166.025748 0.000000 0.000000 
0.000000 0.000000 166.029299 166.013762 166.005327 166.003995 166.005327 166.013762 166.029299 0.000000 0.000000 
0.000000 0.000000 166.033739 166.015538 166.004439 166.003108 166.004439 166.015538 166.033739 0.000000 0.000000 
0.000000 0.000000 166.040842 166.018645 166.004439 166.001776 166.004439 166.018645 166.040842 0.000000 0.000000 
0.000000 0.000000 0.000000 166.024860 166.004883 166.000888 166.004883 166.024860 0.000000 0.000000 0.000000 
0.000000 0.000000 0.000000 166.035958 166.008879 166.000000 166.008879 166.035958 0.000000 0.000000 0.000000 
0.000000 0.000000 0.000000 0.000000 166.028856 166.019089 166.028856 0.000000 0.000000 0.000000 0.000000 
