test/output/constant/M370_S060_A270_WD180.0_WS000.0/M370_S060_A270_WD180.0_WS000.0_arrival.asc
ncols         9
nrows         41
xllcorner     426203.990666
yllcorner     12748655.311160
cellsize      100.000000
NODATA_value  0.000000
0.000000 0.000000 0.000000 166.041251 166.041251 166.041251 0.000000 0.000000 0.000000 
0.000000 0.000000 0.000000 166.040401 166.039975 166.040401 0.000000 0.000000 0.000000 
0.000000 0.000000 166.040826 166.039125 166.039125 166.039125 166.040826 0.000000 0.000000 
0.000000 0.000000 166.039975 166.038274 166.037849 166.038274 166.039975 0.000000 0.000000 
0.000000 166.041667 166.039125 166.036998 166.036998 166.036998 166.039125 166.041667 0.000000 
0.000000 166.040826 166.037849 166.036148 166.035723 166.036148 166.037849 166.040826 0.000000 
0.000000 166.039975 166.036998 166.034872 166.034872 166.034872 166.036998 166.039975 0.000000 
0.000000 166.038700 166.035723 166.034022 166.033596 166.034022 166.035723 166.038700 0.000000 
0.000000 166.037849 166.034872 166.032746 166.032746 166.032746 166.034872 166.037849 0.000000 
0.000000 166.036998 166.034022 166.031895 166.031470 166.031895 166.034022 166.036998 0.000000 
166.041667 166.036148 166.032746 166.031045 166.030619 166.031045 166.032746 166.036148 166.041667 
166.040826 166.035297 166.031895 166.029769 166.029344 166.029769 166.031895 166.035297 166.040826 
166.039975 166.034447 166.030619 166.028918 166.028493 166.028918 166.030619 166.034447 166.039975 
166.039550 166.033596 166.029769 166.027643 166.027217 166.027643 166.029769 166.033596 166.039550 
166.038700 166.032746 166.028918 166.026792 166.026367 166.026792 166.028918 166.032746 166.038700 
166.037849 166.031895 166.028068 166.025516 166.025091 166.025516 166.028068 166.031895 166.037849 
166.037424 166.031470 166.026792 166.024666 166.024240 166.024666 166.026792 166.031470 166.037424 
166.036998 166.030619 166.025941 166.023390 166.022965 166.023390 166.025941 166.030619 166.036998 
166.036998 166.029769 166.025091 166.022539 166.022114 166.022539 166.025091 166.029769 166.036998 
166.036573 166.028918 166.023815 166.021263 166.020838 166.021263 166.023815 166.028918 166.036573 
166.036573 166.028493 166.022965 166.020413 166.019988 166.020413 166.022965 166.028493 166.036573 
166.036573 166.027643 166.022114 166.019562 166.018712 166.019562 166.022114 166.027643 166.036573 
166.036998 166.027217 166.021263 166.018287 166.017861 166.018287 166.021263 166.027217 166.036998 
166.036998 166.026367 166.020413 166.017436 166.016586 166.017436 166.020413 166.026367 166.036998 
166.037849 166.026367 166.019562 166.016160 166.015735 166.016160 166.019562 166.026367 166.037849 
166.038274 166.026367 166.018712 166.015310 166.014459 166.015310 166.018712 166.026367 166.038274 
166.039125 166.026367 166.018287 166.014459 166.013609 166.014459 166.018287 166.026367 166.039125 
166.040401 166.026367 166.017436 166.013183 166.012333 166.013183 166.017436 166.026367 166.040401 
166.041667 166.026792 166.016586 166.012333 166.011482 166.012333 166.016586 166.026792 166.041667 
0.000000 166.027217 166.016160 166.011057 166.010206 166.011057 166.016160 166.027217 0.000000 
0.000000 166.028493 166.015735 166.010206 166.009356 166.010206 166.015735 166.028493 0.000000 
0.000000 166.029769 166.015735 166.008931 166.008080 166.008931 166.015735 166.029769 0.000000 
0.000000 166.031045 166.016160 166.008080 166.007230 166.008080 166.016160 166.031045 0.000000 
0.000000 166.034022 166.016586 166.007230 166.005954 166.007230 166.016586 166.034022 0.000000 
0.000000 166.037424 166.017436 166.006379 166.005103 166.006379 166.017436 166.037424 0.000000 
0.000000 0.000000 166.019137 166.005954 166.003827 166.005954 166.019137 0.000000 0.000000 
0.000000 0.000000 166.022539 166.005529 166.002977 166.005529 166.022539 0.000000 0.000000 
0.000000 0.000000 166.029344 166.005529 166.001701 166.005529 166.029344 0.000000 0.000000 
0.000000 0.000000 166.041251 166.006804 166.000851 166.006804 166.041251 0.000000 0.000000 
0.000000 0.000000 0.000000 166.015310 166.000000 166.015310 0.000000 0.000000 0.000000 
0.000000 0.000000 0.000000 0.000000 166.041667 0.000000 0.000000 0.000000 0.000000 
