test/output/constant/M1M280_S000_A000_WD270.0_WS050.0/M1M280_S000_A000_WD270.0_WS050.0_arrival.asc
ncols         34
nrows         7
xllcorner     426603.990666
yllcorner     12748455.311160
cellsize      100.000000
NODATA_value  0.000000
0.000000 0.000000 0.000000 0.000000 0.000000 0.000000 0.000000 0.000000 0.000000 0.000000 0.000000 0.000000 0.000000 0.000000 166.041082 166.040581 166.040080 166.040080 166.040080 166.040080 166.040080 166.040581 166.041082 0.000000 0.000000 0.000000 0.000000 0.000000 0.000000 0.000000 0.000000 0.000000 0.000000 0.000000 
0.000000 0.000000 0.000000 0.000000 166.036072 166.031062 166.028056 166.026052 166.025050 166.024549 166.024048 166.024048 166.024048 166.024549 166.025551 166.026052 166.027054 166.028056 166.028557 166.029559 166.030561 166.031563 166.032565 166.033567 166.034569 166.035571 166.037074 166.038076 166.039078 166.040080 166.041583 0.000000 0.000000 0.000000 
166.037074 166.013527 166.009018 166.008517 166.008016 166.008517 166.009519 166.010521 166.011523 166.012525 166.013527 166.015030 166.016032 166.017034 166.018537 166.019539 166.020541 166.022044 166.023046 166.024549 166.025551 166.027054 166.028056 166.029559 166.030561 166.032064 166.033066 166.034569 166.035571 166.037074 166.038076 166.039579 166.040581 166.041583 
166.000000 166.001002 166.002004 166.003507 166.004509 166.006012 166.007014 166.008517 166.009519 166.011022 166.012024 166.013527 166.014529 166.016032 166.017034 166.018537 166.019539 166.021042 166.022044 166.023547 166.024549 166.026052 166.027054 166.028557 166.029559 166.031062 166.032064 166.033567 166.034569 166.036072 166.037074 166.038577 166.039579 166.041082 
166.037074 166.013527 166.009018 166.008517 166.008016 166.008517 166.009519 166.010521 166.011523 166.012525 166.013527 166.015030 166.016032 166.017034 166.018537 166.019539 166.020541 166.022044 166.023046 166.024549 166.025551 166.027054 166.028056 166.029559 166.030561 166.032064 166.033066 166.034569 166.035571 166.037074 166.038076 166.039579 166.040581 166.041583 
0.000000 0.000000 0.000000 0.000000 166.036072 166.031062 166.028056 166.026052 166.025050 166.024549 166.024048 166.024048 166.024048 166.024549 166.025551 166.026052 166.027054 166.028056 166.028557 166.029559 166.030561 166.031563 166.032565 166.033567 166.034569 166.035571 166.037074 166.038076 166.039078 166.040080 166.041583 0.000000 0.000000 0.000000 
0.000000 0.000000 0.000000 0.000000 0.000000 0.000000 0.000000 0.000000 0.000000 0.000000 0.000000 0.000000 0.000000 0.000000 166.041082 166.040581 166.040080 166.040080 166.040080 166.040080 166.040080 166.040581 166.041082 0.000000 0.000000 0.000000 0.000000 0.000000 0.000000 0.000000 0.000000 0.000000 0.000000 0.000000 
