test/output/constant/M470_S060_A270_WD225.0_WS015.0/M470_S060_A270_WD225.0_WS015.0_arrival.asc
ncols         10
nrows         29
xllcorner     426503.990666
yllcorner     12748755.311160
cellsize      100.000000
NODATA_value  0.000000
0.000000 0.000000 0.000000 0.000000 0.000000 0.000000 0.000000 0.000000 166.041505 0.000000 
0.000000 0.000000 0.000000 0.000000 0.000000 0.000000 0.000000 166.040352 166.040352 166.041505 
0.000000 0.000000 0.000000 0.000000 0.000000 0.000000 166.040352 166.038623 166.038623 166.040352 
0.000000 0.000000 0.000000 0.000000 0.000000 0.000000 166.038047 166.037470 166.037470 166.040352 
0.000000 0.000000 0.000000 0.000000 0.000000 166.039200 166.036317 166.035741 166.036317 166.039776 
0.000000 0.000000 0.000000 0.000000 0.000000 166.036894 166.034011 166.034011 166.035164 166.039776 
0.000000 0.000000 0.000000 0.000000 166.039200 166.034588 166.032858 166.032858 166.035164 166.040352 
0.000000 0.000000 0.000000 0.000000 166.036894 166.032282 166.031129 166.031129 166.034588 166.040929 
0.000000 0.000000 0.000000 166.041505 166.034011 166.029976 166.029976 166.030553 166.034588 166.041505 
0.000000 0.000000 0.000000 166.038047 166.031129 166.028247 166.028247 166.029976 166.035164 0.000000 
0.000000 0.000000 0.000000 166.035164 166.028823 166.026517 166.026517 166.029400 166.035164 0.000000 
0.000000 0.000000 0.000000 166.031706 166.026517 166.025364 166.025364 166.029400 166.036317 0.000000 
0.000000 0.000000 166.038047 166.028823 166.024211 166.023635 166.024788 166.029400 166.038047 0.000000 
0.000000 0.000000 166.034588 166.025941 166.022482 166.021906 166.024211 166.029976 166.039776 0.000000 
0.000000 0.000000 166.031129 166.023059 166.020753 166.020753 166.024211 166.031129 0.000000 0.000000 
0.000000 166.041505 166.027670 166.020753 166.019023 166.019600 166.024211 166.032858 0.000000 0.000000 
0.000000 166.037470 166.024211 166.018447 166.017870 166.019023 166.024788 166.035741 0.000000 0.000000 
0.000000 166.033435 166.021329 166.016141 166.016141 166.019023 166.025941 166.039776 0.000000 0.000000 
0.000000 166.029400 166.017870 166.014412 166.014412 166.019023 166.028247 0.000000 0.000000 0.000000 
0.000000 166.025941 166.014988 166.013259 166.013835 166.019600 166.032282 0.000000 0.000000 0.000000 
0.000000 166.021906 166.012682 166.011529 166.013259 166.021329 166.039200 0.000000 0.000000 0.000000 
0.000000 166.017870 166.010376 166.010376 166.013835 166.024211 0.000000 0.000000 0.000000 0.000000 
0.000000 166.014412 166.008647 166.008647 166.014412 166.031129 0.000000 0.000000 0.000000 0.000000 
0.000000 166.010376 166.006918 166.008070 166.017294 166.041505 0.000000 0.000000 0.000000 0.000000 
166.039200 166.007494 166.005765 166.008070 166.023635 0.000000 0.000000 0.000000 0.000000 0.000000 
166.036317 166.004612 166.004035 166.009800 166.036317 0.000000 0.000000 0.000000 0.000000 0.000000 
166.035164 166.002306 166.002882 166.016717 0.000000 0.000000 0.000000 0.000000 0.000000 0.000000 
166.037470 166.001153 166.002882 166.036317 0.000000 0.000000 0.000000 0.000000 0.000000 0.000000 
0.000000 166.000000 166.014412 0.000000 0.000000 0.000000 0.000000 0.000000 0.000000 0.000000 
