test/output/constant/M375_S060_A270_WD045.0_WS035.0/M375_S060_A270_WD045.0_WS035.0_arrival.asc
ncols         25
nrows         15
xllcorner     424303.990666
yllcorner     12748655.311160
cellsize      100.000000
NODATA_value  0.000000
166.041283 166.040167 166.039609 166.039609 166.039609 166.039609 166.040725 0.000000 0.000000 0.000000 0.000000 0.000000 0.000000 0.000000 0.000000 0.000000 0.000000 0.000000 0.000000 0.000000 0.000000 0.000000 0.000000 0.000000 0.000000 
166.040725 166.039051 166.037936 166.036820 166.036262 166.036262 166.036262 166.036820 166.037936 166.039609 0.000000 0.000000 0.000000 0.000000 0.000000 0.000000 0.000000 0.000000 0.000000 0.000000 0.000000 0.000000 0.000000 0.000000 0.000000 
166.040725 166.039051 166.036820 166.035146 166.034030 166.033473 166.032915 166.032915 166.033473 166.034588 166.035704 166.038493 166.041283 0.000000 0.000000 0.000000 0.000000 0.000000 0.000000 0.000000 0.000000 0.000000 0.000000 0.000000 0.000000 
166.041283 166.039051 166.037378 166.035146 166.033473 166.031799 166.030683 166.030125 166.030125 166.030125 166.030683 166.031799 166.034030 166.037378 166.041667 0.000000 0.000000 0.000000 0.000000 0.000000 0.000000 0.000000 0.000000 0.000000 0.000000 
0.000000 166.040725 166.037936 166.035704 166.033473 166.031799 166.029567 166.028452 166.027336 166.026778 166.026778 166.027336 166.028452 166.030125 166.032915 166.037378 0.000000 0.000000 0.000000 0.000000 0.000000 0.000000 0.000000 0.000000 0.000000 
0.000000 0.000000 166.040167 166.037378 166.034588 166.031799 166.030125 166.027894 166.026220 166.024547 166.023989 166.023989 166.023989 166.024547 166.026220 166.028452 166.032915 166.039051 0.000000 0.000000 0.000000 0.000000 0.000000 0.000000 0.000000 
0.000000 0.000000 0.000000 166.040725 166.036820 166.033473 166.030683 166.028452 166.026220 166.024547 166.022873 166.021199 166.020641 166.020641 166.020641 166.022315 166.024547 166.029010 166.035146 0.000000 0.000000 0.000000 0.000000 0.000000 0.000000 
0.000000 0.000000 0.000000 0.000000 166.041283 166.037378 166.033473 166.030125 166.027336 166.024547 166.022873 166.020641 166.019526 166.017852 166.017294 166.017294 166.018410 166.020084 166.024547 166.030683 166.039609 0.000000 0.000000 0.000000 0.000000 
0.000000 0.000000 0.000000 0.000000 0.000000 0.000000 166.038493 166.034588 166.030683 166.026778 166.023989 166.021199 166.018968 166.017294 166.015621 166.014505 166.014505 166.014505 166.016178 166.020084 166.026778 166.036820 0.000000 0.000000 0.000000 
0.000000 0.000000 0.000000 0.000000 0.000000 0.000000 0.000000 166.040167 166.035704 166.031799 166.027336 166.023431 166.020084 166.017852 166.015621 166.013947 166.012273 166.011158 166.011158 166.012273 166.015621 166.022873 166.034030 0.000000 0.000000 
0.000000 0.000000 0.000000 0.000000 0.000000 0.000000 0.000000 0.000000 0.000000 166.038493 166.033473 166.029010 166.024547 166.020641 166.017294 166.013947 166.011715 166.010042 166.008368 166.008368 166.008368 166.011158 166.019526 166.032915 0.000000 
0.000000 0.000000 0.000000 0.000000 0.000000 0.000000 0.000000 0.000000 0.000000 0.000000 0.000000 166.037378 166.031799 166.026778 166.022315 166.017852 166.013947 166.010600 166.008368 166.006695 166.005021 166.005021 166.006695 166.016736 0.000000 
0.000000 0.000000 0.000000 0.000000 0.000000 0.000000 0.000000 0.000000 0.000000 0.000000 0.000000 0.000000 0.000000 166.037378 166.031799 166.025662 166.020641 166.015063 166.010600 166.007252 166.005021 166.002789 166.001674 166.002789 166.029010 
0.000000 0.000000 0.000000 0.000000 0.000000 0.000000 0.000000 0.000000 0.000000 0.000000 0.000000 0.000000 0.000000 0.000000 0.000000 166.039051 166.032915 166.026778 166.020641 166.014505 166.008926 166.003905 166.001116 166.000000 166.023431 
0.000000 0.000000 0.000000 0.000000 0.000000 0.000000 0.000000 0.000000 0.000000 0.000000 0.000000 0.000000 0.000000 0.000000 0.000000 0.000000 0.000000 0.000000 0.000000 166.036262 166.030125 166.023989 166.018968 166.017852 166.031799 
