test/output/constant/M1M275_S060_A090_WD045.0_WS015.0/M1M275_S060_A090_WD045.0_WS015.0_arrival.asc
ncols         9
nrows         25
xllcorner     425903.990666
yllcorner     12746355.311160
cellsize      100.000000
NODATA_value  0.000000
0.000000 0.000000 0.000000 0.000000 0.000000 0.000000 166.013886 166.000000 0.000000 
0.000000 0.000000 0.000000 0.000000 0.000000 166.037691 166.003306 166.001322 166.040997 
0.000000 0.000000 0.000000 0.000000 0.000000 166.017192 166.003306 166.002645 166.041658 
0.000000 0.000000 0.000000 0.000000 166.035707 166.009919 166.004629 166.005290 0.000000 
0.000000 0.000000 0.000000 0.000000 166.024466 166.009257 166.006612 166.008596 0.000000 
0.000000 0.000000 0.000000 0.000000 166.017853 166.009257 166.007935 166.012564 0.000000 
0.000000 0.000000 0.000000 166.031739 166.015209 166.009919 166.009919 166.016531 0.000000 
0.000000 0.000000 0.000000 166.025127 166.015209 166.011902 166.011902 166.021160 0.000000 
0.000000 0.000000 166.039674 166.022482 166.015209 166.013225 166.014547 166.025788 0.000000 
0.000000 0.000000 166.033062 166.021160 166.015209 166.015209 166.017853 166.029756 0.000000 
0.000000 0.000000 166.029756 166.020498 166.016531 166.017192 166.021160 166.034384 0.000000 
0.000000 166.040997 166.027772 166.020498 166.018515 166.019176 166.025127 166.039013 0.000000 
0.000000 166.037029 166.027111 166.021160 166.020498 166.021160 166.029095 0.000000 0.000000 
0.000000 166.035046 166.026450 166.022482 166.021821 166.024466 166.032401 0.000000 0.000000 
0.000000 166.033723 166.026450 166.023805 166.023805 166.027111 166.037029 0.000000 0.000000 
0.000000 166.032401 166.027111 166.025788 166.025788 166.030417 166.040997 0.000000 0.000000 
166.040336 166.032401 166.027772 166.027111 166.028433 166.034384 0.000000 0.000000 0.000000 
166.039013 166.032401 166.029095 166.029095 166.031078 166.037691 0.000000 0.000000 0.000000 
166.038352 166.033062 166.030417 166.031078 166.033723 166.041658 0.000000 0.000000 0.000000 
166.038352 166.033062 166.032401 166.033062 166.037029 0.000000 0.000000 0.000000 0.000000 
166.038352 166.034384 166.034384 166.035046 166.040336 0.000000 0.000000 0.000000 0.000000 
166.038352 166.035707 166.035707 166.037691 0.000000 0.000000 0.000000 0.000000 0.000000 
166.039013 166.037691 166.037691 166.040997 0.000000 0.000000 0.000000 0.000000 0.000000 
166.039674 166.039674 166.040336 0.000000 0.000000 0.000000 0.000000 0.000000 0.000000 
166.041658 166.040997 0.000000 0.000000 0.000000 0.000000 0.000000 0.000000 0.000000 
