test/output/constant/M3M490_S060_A000_WD270.0_WS010.0/M3M490_S060_A000_WD270.0_WS010.0_raz.asc
ncols         37
nrows         11
xllcorner     423103.990666
yllcorner     12748255.311160
cellsize      100.000000
NODATA_value  0.000000
0 0 0 0 0 0 0 0 0 0 0 0 0 279 279 281 281 334 279 320 0 0 0 0 0 0 0 0 0 0 0 0 0 0 0 0 0 
0 0 0 0 0 0 277 272 274 277 273 276 281 276 281 277 281 277 279 281 279 279 279 279 351 279 320 281 351 18 0 0 0 0 0 0 0 
0 0 0 272 273 273 270 281 276 273 274 274 274 276 279 283 274 277 273 277 273 281 276 283 279 279 283 279 281 334 334 18 360 0 0 0 0 
0 274 272 274 270 273 272 272 272 273 274 270 277 274 270 281 274 272 272 272 273 274 277 281 274 277 274 283 279 281 334 334 281 18 18 18 0 
272 272 272 273 273 273 273 273 273 273 273 273 274 274 276 277 270 272 273 272 277 272 272 274 274 272 270 277 273 270 276 279 274 279 281 18 90 
270 270 270 270 270 270 270 270 270 270 270 270 270 270 272 270 270 270 270 270 270 270 270 270 270 270 270 270 270 270 270 270 270 270 270 254 63 
270 270 270 270 270 270 270 270 270 270 270 270 270 270 270 270 270 270 270 270 270 270 270 270 270 270 270 270 270 270 270 270 265 260 258 161 90 
0 270 270 270 270 270 270 270 270 270 270 270 270 265 270 270 265 270 270 270 270 270 262 270 270 270 265 270 260 258 205 205 258 161 116 161 0 
0 0 0 270 270 270 270 270 263 270 270 270 270 270 270 270 265 262 270 270 266 270 263 256 260 260 256 260 258 205 205 161 180 0 0 0 0 
0 0 0 0 0 0 262 270 270 270 270 263 270 270 270 270 270 270 270 258 260 260 260 260 188 260 219 258 116 116 0 0 0 0 0 0 0 
0 0 0 0 0 0 0 0 0 0 0 0 0 260 260 258 258 205 260 219 0 0 0 0 0 0 0 0 0 0 0 0 0 0 0 0 0 
