test/output/constant/M3M480_S060_A000_WD045.0_WS015.0/M3M480_S060_A000_WD045.0_WS015.0_ros.asc
ncols         50
nrows         14
xllcorner     421703.990666
yllcorner     12747555.311160
cellsize      100.000000
NODATA_value  0.000000
0.000000 0.000000 0.000000 0.000000 0.000000 0.000000 0.000000 0.000000 0.000000 0.000000 0.000000 0.000000 0.000000 0.000000 0.000000 0.000000 0.000000 0.000000 0.000000 0.000000 0.000000 0.000000 0.000000 0.000000 0.000000 0.000000 0.000000 0.000000 0.000000 0.000000 0.000000 0.000000 0.000000 0.000000 0.000000 0.000000 0.000000 29.968102 29.968102 29.968102 23.332409 17.271166 29.968102 29.968102 29.968102 17.271166 11.967994 11.967994 11.967994 0.495367 
0.000000 0.000000 0.000000 0.000000 0.000000 0.000000 0.000000 0.000000 0.000000 0.000000 0.000000 0.000000 0.000000 0.000000 0.000000 0.000000 0.000000 0.000000 0.000000 0.000000 0.000000 0.000000 0.000000 0.000000 0.000000 0.000000 0.000000 0.000000 29.968102 7.649545 29.968102 29.968102 17.271166 29.968102 29.968102 29.968102 29.968102 29.968102 17.271166 29.968102 11.967994 17.271166 36.977039 44.146584 23.332409 74.982857 36.977039 83.450340 83.450340 0.000000 
0.000000 0.000000 0.000000 0.000000 0.000000 0.000000 0.000000 0.000000 0.000000 0.000000 0.000000 0.000000 0.000000 0.000000 0.000000 0.000000 0.000000 0.000000 0.000000 0.000000 0.000000 0.000000 0.000000 29.968102 11.967994 29.968102 29.968102 17.271166 29.968102 29.968102 23.332409 17.271166 11.967994 29.968102 29.968102 17.271166 36.977039 23.332409 23.332409 36.977039 29.968102 83.450340 83.450340 83.450340 83.450340 83.450340 83.450340 82.964607 57.164406 43.150463 
0.000000 0.000000 0.000000 0.000000 0.000000 0.000000 0.000000 0.000000 0.000000 0.000000 0.000000 0.000000 0.000000 0.000000 0.000000 0.000000 0.000000 0.000000 0.000000 36.977039 29.968102 36.977039 17.271166 17.271166 29.968102 44.146584 17.271166 36.977039 29.968102 29.968102 17.271166 36.977039 64.458000 36.977039 70.143547 64.458000 83.382812 83.450340 83.450340 83.450340 83.450340 83.450340 81.248894 74.356537 1.030323 57.164406 4.135928 1.030323 1.030323 0.000000 
0.000000 0.000000 0.000000 0.000000 0.000000 0.000000 0.000000 0.000000 0.000000 0.000000 0.000000 0.000000 0.000000 0.000000 0.000000 29.968102 23.332409 23.332409 70.143547 44.146584 29.968102 64.458000 29.968102 29.968102 70.143547 17.271166 74.982857 11.967994 64.458000 44.146584 51.259155 78.829002 81.565216 83.450340 83.450340 83.450340 83.450340 83.450340 83.450340 81.248894 69.389526 2.114046 57.164406 63.600132 57.164406 2.114046 0.520095 0.000000 0.000000 0.000000 
0.000000 0.000000 0.000000 0.000000 0.000000 0.000000 0.000000 0.000000 0.000000 0.000000 0.000000 0.000000 64.458000 36.977039 17.271166 74.982857 64.458000 11.967994 44.146584 11.967994 29.968102 64.458000 83.450340 36.977039 81.565216 83.450340 81.565216 83.108459 83.450340 83.450340 83.450340 83.450340 83.450340 83.450340 83.450340 83.450340 69.389526 63.600132 63.600132 57.164406 57.164406 2.114046 57.164406 57.164406 57.164406 0.000000 0.000000 0.000000 0.000000 0.000000 
0.000000 0.000000 0.000000 0.000000 0.000000 0.000000 0.000000 0.000000 0.000000 29.968102 29.968102 36.977039 29.968102 70.143547 29.968102 36.977039 70.143547 36.977039 36.977039 64.458000 83.450340 74.982857 83.108459 83.450340 83.450340 83.450340 83.450340 83.450340 83.450340 83.450340 82.964607 83.450340 83.450340 78.350143 63.600132 57.164406 57.164406 57.164406 57.164406 57.164406 57.164406 2.114046 0.000000 0.000000 0.000000 0.000000 0.000000 0.000000 0.000000 0.000000 
0.000000 0.000000 0.000000 0.000000 0.000000 0.000000 17.271166 29.968102 51.259155 29.968102 36.977039 17.271166 11.967994 58.098843 29.968102 36.977039 78.829002 81.565216 83.450340 83.450340 83.450340 83.450340 83.450340 83.450340 83.450340 83.450340 83.450340 83.450340 82.964607 63.600132 63.600132 69.389526 7.210712 57.164406 57.164406 4.135928 57.164406 1.030323 57.164406 4.135928 0.000000 0.000000 0.000000 0.000000 0.000000 0.000000 0.000000 0.000000 0.000000 0.000000 
0.000000 0.000000 0.000000 0.000000 11.967994 51.259155 78.829002 17.271166 29.968102 51.259155 51.259155 78.829002 83.450340 74.982857 83.382812 83.450340 83.450340 83.450340 83.450340 83.450340 83.450340 81.248894 83.450340 83.450340 83.310699 63.600132 63.600132 4.135928 4.135928 7.210712 63.600132 7.210712 4.135928 2.114046 1.030323 2.114046 57.164406 0.000000 0.000000 0.000000 0.000000 0.000000 0.000000 0.000000 0.000000 0.000000 0.000000 0.000000 0.000000 0.000000 
0.000000 0.000000 78.829002 58.098843 81.565216 83.108459 74.982857 81.565216 17.271166 36.977039 83.450340 83.450340 83.450340 83.450340 83.450340 83.450340 83.450340 83.450340 83.450340 83.450340 69.389526 63.600132 63.600132 64.458000 2.114046 63.600132 63.600132 57.164406 57.164406 63.600132 63.600132 57.164406 63.600132 0.000000 0.000000 0.000000 0.000000 0.000000 0.000000 0.000000 0.000000 0.000000 0.000000 0.000000 0.000000 0.000000 0.000000 0.000000 0.000000 0.000000 
0.000000 83.450340 83.108459 83.450340 29.968102 83.450340 83.450340 83.450340 83.450340 83.450340 83.450340 83.450340 82.964607 83.450340 81.248894 83.450340 63.600132 83.450340 81.248894 69.389526 69.389526 63.600132 4.135928 1.030323 63.600132 57.164406 57.164406 2.114046 4.135928 0.000000 0.000000 0.000000 0.000000 0.000000 0.000000 0.000000 0.000000 0.000000 0.000000 0.000000 0.000000 0.000000 0.000000 0.000000 0.000000 0.000000 0.000000 0.000000 0.000000 0.000000 
83.450340 83.450340 83.450340 83.450340 83.450340 83.450340 83.450340 83.450340 83.450340 83.450340 83.450340 83.450340 83.450340 81.248894 63.600132 69.389526 63.600132 63.600132 63.600132 63.600132 63.600132 63.600132 57.164406 57.164406 2.114046 0.000000 0.000000 0.000000 0.000000 0.000000 0.000000 0.000000 0.000000 0.000000 0.000000 0.000000 0.000000 0.000000 0.000000 0.000000 0.000000 0.000000 0.000000 0.000000 0.000000 0.000000 0.000000 0.000000 0.000000 0.000000 
83.450340 83.450340 83.450340 83.450340 83.450340 74.356537 83.450340 83.450340 78.350143 63.600132 63.600132 69.389526 4.135928 63.600132 57.164406 63.600132 2.114046 7.210712 57.164406 57.164406 0.000000 0.000000 0.000000 0.000000 0.000000 0.000000 0.000000 0.000000 0.000000 0.000000 0.000000 0.000000 0.000000 0.000000 0.000000 0.000000 0.000000 0.000000 0.000000 0.000000 0.000000 0.000000 0.000000 0.000000 0.000000 0.000000 0.000000 0.000000 0.000000 0.000000 
0.000000 0.000000 83.450340 83.450340 81.248894 69.389526 69.389526 82.964607 57.164406 69.389526 69.389526 4.135928 0.000000 0.000000 0.000000 0.000000 0.000000 0.000000 0.000000 0.000000 0.000000 0.000000 0.000000 0.000000 0.000000 0.000000 0.000000 0.000000 0.000000 0.000000 0.000000 0.000000 0.000000 0.000000 0.000000 0.000000 0.000000 0.000000 0.000000 0.000000 0.000000 0.000000 0.000000 0.000000 0.000000 0.000000 0.000000 0.000000 0.000000 0.000000 
