test/output/constant/M340_S060_A090_WD315.0_WS015.0/M340_S060_A090_WD315.0_WS015.0_arrival.asc
ncols         10
nrows         30
xllcorner     426503.990666
yllcorner     12745855.311160
cellsize      100.000000
NODATA_value  0.000000
0.000000 166.000000 166.015715 0.000000 0.000000 0.000000 0.000000 0.000000 0.000000 0.000000 
166.037603 166.001122 166.003367 0.000000 0.000000 0.000000 0.000000 0.000000 0.000000 0.000000 
166.037603 166.002245 166.002806 166.019643 0.000000 0.000000 0.000000 0.000000 0.000000 0.000000 
166.038725 166.003929 166.003929 166.010664 166.041532 0.000000 0.000000 0.000000 0.000000 0.000000 
166.039848 166.006735 166.005612 166.008980 166.028062 0.000000 0.000000 0.000000 0.000000 0.000000 
0.000000 166.010102 166.006735 166.008419 166.019643 0.000000 0.000000 0.000000 0.000000 0.000000 
0.000000 166.013470 166.008419 166.008419 166.015715 166.036481 0.000000 0.000000 0.000000 0.000000 
0.000000 166.016837 166.009541 166.009541 166.014592 166.028062 0.000000 0.000000 0.000000 0.000000 
0.000000 166.020766 166.011786 166.011225 166.014031 166.023572 0.000000 0.000000 0.000000 0.000000 
0.000000 166.024133 166.014031 166.012908 166.014031 166.021327 166.037042 0.000000 0.000000 0.000000 
0.000000 166.028062 166.016837 166.014031 166.014592 166.020205 166.031991 0.000000 0.000000 0.000000 
0.000000 166.031429 166.019643 166.015715 166.015715 166.019643 166.028623 0.000000 0.000000 0.000000 
0.000000 166.035358 166.023011 166.017398 166.016837 166.019643 166.026939 166.040409 0.000000 0.000000 
0.000000 166.039287 166.025817 166.019643 166.018521 166.019643 166.025817 166.036481 0.000000 0.000000 
0.000000 0.000000 166.029184 166.021327 166.020205 166.020205 166.025256 166.033674 0.000000 0.000000 
0.000000 0.000000 166.032552 166.024133 166.021327 166.021327 166.024695 166.032552 0.000000 0.000000 
0.000000 0.000000 166.035919 166.026939 166.023011 166.023011 166.025256 166.031429 166.041532 0.000000 
0.000000 0.000000 166.039287 166.029184 166.024695 166.024133 166.025256 166.030868 166.039287 0.000000 
0.000000 0.000000 0.000000 166.032552 166.026939 166.025817 166.026378 166.030307 166.038164 0.000000 
0.000000 0.000000 0.000000 166.035358 166.029184 166.027501 166.027501 166.030307 166.037042 0.000000 
0.000000 0.000000 0.000000 166.038725 166.031429 166.029184 166.028623 166.030868 166.036481 0.000000 
0.000000 0.000000 0.000000 166.041532 166.034236 166.030307 166.030307 166.031429 166.035919 0.000000 
0.000000 0.000000 0.000000 0.000000 166.036481 166.032552 166.031429 166.031991 166.035919 0.000000 
0.000000 0.000000 0.000000 0.000000 166.039287 166.034797 166.033113 166.033113 166.035919 0.000000 
0.000000 0.000000 0.000000 0.000000 0.000000 166.037042 166.034797 166.034797 166.036481 166.041532 
0.000000 0.000000 0.000000 0.000000 0.000000 166.039287 166.036481 166.035919 166.037042 166.041532 
0.000000 0.000000 0.000000 0.000000 0.000000 166.041532 166.038164 166.037603 166.038164 166.041532 
0.000000 0.000000 0.000000 0.000000 0.000000 0.000000 166.039848 166.038725 166.039287 166.041532 
0.000000 0.000000 0.000000 0.000000 0.000000 0.000000 0.000000 166.040409 166.040409 0.000000 
0.000000 0.000000 0.000000 0.000000 0.000000 0.000000 0.000000 0.000000 166.041667 0.000000 
