test/output/constant/M3M460_S060_A000_WD045.0_WS000.0/M3M460_S060_A000_WD045.0_WS000.0_arrival.asc
ncols         31
nrows         7
xllcorner     423603.990666
yllcorner     12748455.311160
cellsize      100.000000
NODATA_value  0.000000
0.000000 0.000000 0.000000 0.000000 0.000000 166.041667 166.040944 166.039837 166.038731 166.037624 166.037071 166.035964 166.034857 166.034304 166.033198 166.032644 166.032644 166.032644 166.032644 166.033198 166.033751 166.034304 166.035411 166.037624 166.040390 0.000000 0.000000 0.000000 0.000000 0.000000 0.000000 
0.000000 0.000000 166.040944 166.039837 166.038731 166.037071 166.035964 166.034857 166.033198 166.032091 166.030984 166.029878 166.028218 166.027111 166.026005 166.024898 166.023792 166.023238 166.022132 166.021025 166.020472 166.019919 166.019919 166.019919 166.019919 166.021025 166.022685 166.026005 166.034857 0.000000 0.000000 
166.041497 166.040390 166.038731 166.037624 166.035964 166.034857 166.033198 166.032091 166.030984 166.029325 166.028218 166.026558 166.025451 166.023792 166.022685 166.021025 166.019919 166.018259 166.017152 166.016046 166.014386 166.013279 166.011619 166.010513 166.009406 166.008299 166.007193 166.006640 166.006640 166.008299 166.017705 
166.040944 166.039837 166.038177 166.037071 166.035411 166.034304 166.032644 166.031538 166.029878 166.028771 166.027111 166.026005 166.024345 166.023238 166.021578 166.020472 166.018812 166.017705 166.016046 166.014939 166.013279 166.012172 166.010513 166.009406 166.007746 166.006640 166.004980 166.003873 166.002213 166.001107 166.000000 
166.041497 166.040390 166.038731 166.037624 166.035964 166.034857 166.033198 166.032091 166.030984 166.029325 166.028218 166.026558 166.025451 166.023792 166.022685 166.021025 166.019919 166.018259 166.017152 166.016046 166.014386 166.013279 166.011619 166.010513 166.009406 166.008299 166.007193 166.006640 166.006640 166.008299 166.017705 
0.000000 0.000000 166.040944 166.039837 166.038731 166.037071 166.035964 166.034857 166.033198 166.032091 166.030984 166.029878 166.028218 166.027111 166.026005 166.024898 166.023792 166.023238 166.022132 166.021025 166.020472 166.019919 166.019919 166.019919 166.019919 166.021025 166.022685 166.026005 166.034857 0.000000 0.000000 
0.000000 0.000000 0.000000 0.000000 0.000000 166.041667 166.040944 166.039837 166.038731 166.037624 166.037071 166.035964 166.034857 166.034304 166.033198 166.032644 166.032644 166.032644 166.032644 166.033198 166.033751 166.034304 166.035411 166.037624 166.040390 0.000000 0.000000 0.000000 0.000000 0.000000 0.000000 
