test/output/constant/M355_S060_A180_WD270.0_WS020.0/M355_S060_A180_WD270.0_WS020.0_arrival.asc
ncols         41
nrows         7
xllcorner     426603.990666
yllcorner     12748455.311160
cellsize      100.000000
NODATA_value  0.000000
0.000000 0.000000 0.000000 0.000000 0.000000 0.000000 0.000000 0.000000 0.000000 0.000000 0.000000 0.000000 166.040014 166.038777 166.037952 166.036714 166.036714 166.036302 166.035889 166.035477 166.035477 166.035477 166.035889 166.036302 166.037127 166.037539 166.038364 166.038777 166.039602 166.040427 166.041252 166.041664 0.000000 0.000000 0.000000 0.000000 0.000000 0.000000 0.000000 0.000000 0.000000 
0.000000 0.000000 0.000000 0.000000 166.034652 166.029701 166.026401 166.024339 166.023101 166.022276 166.021864 166.021451 166.021451 166.021451 166.021864 166.022689 166.023101 166.023926 166.024751 166.025576 166.025989 166.026814 166.027639 166.028464 166.029289 166.030114 166.030939 166.031764 166.033002 166.033827 166.034652 166.035477 166.036714 166.037539 166.038364 166.039602 166.040427 166.041252 0.000000 0.000000 0.000000 
166.037127 166.013613 166.008663 166.007425 166.007425 166.007425 166.008250 166.009075 166.009488 166.010313 166.011551 166.012376 166.013613 166.014438 166.015263 166.016501 166.017326 166.018563 166.019388 166.020626 166.021451 166.022276 166.023514 166.024339 166.025576 166.026401 166.027639 166.028464 166.029289 166.030526 166.031351 166.032589 166.033414 166.034652 166.035477 166.036714 166.037539 166.038777 166.039602 166.040839 166.041664 
166.000000 166.000825 166.001650 166.002888 166.003713 166.004950 166.005775 166.007013 166.007838 166.009075 166.009900 166.011138 166.011963 166.013201 166.014026 166.015263 166.016088 166.017326 166.018151 166.019388 166.020213 166.021451 166.022276 166.023514 166.024339 166.025576 166.026401 166.027639 166.028464 166.029701 166.030526 166.031764 166.032589 166.033827 166.034652 166.035889 166.036714 166.037952 166.038777 166.040014 166.040839 
166.037127 166.013613 166.008663 166.007425 166.007425 166.007425 166.008250 166.009075 166.009488 166.010313 166.011551 166.012376 166.013613 166.014438 166.015263 166.016501 166.017326 166.018563 166.019388 166.020626 166.021451 166.022276 166.023514 166.024339 166.025576 166.026401 166.027639 166.028464 166.029289 166.030526 166.031351 166.032589 166.033414 166.034652 166.035477 166.036714 166.037539 166.038777 166.039602 166.040839 166.041664 
0.000000 0.000000 0.000000 0.000000 166.034652 166.029701 166.026401 166.024339 166.023101 166.022276 166.021864 166.021451 166.021451 166.021451 166.021864 166.022689 166.023101 166.023926 166.024751 166.025576 166.025989 166.026814 166.027639 166.028464 166.029289 166.030114 166.030939 166.031764 166.033002 166.033827 166.034652 166.035477 166.036714 166.037539 166.038364 166.039602 166.040427 166.041252 0.000000 0.000000 0.000000 
0.000000 0.000000 0.000000 0.000000 0.000000 0.000000 0.000000 0.000000 0.000000 0.000000 0.000000 0.000000 166.040014 166.038777 166.037952 166.036714 166.036714 166.036302 166.035889 166.035477 166.035477 166.035477 166.035889 166.036302 166.037127 166.037539 166.038364 166.038777 166.039602 166.040427 166.041252 166.041664 0.000000 0.000000 0.000000 0.000000 0.000000 0.000000 0.000000 0.000000 0.000000 
