test/output/constant/M385_S060_A270_WD045.0_WS050.0/M385_S060_A270_WD045.0_WS050.0_arrival.asc
ncols         39
nrows         10
xllcorner     422903.990666
yllcorner     12748555.311160
cellsize      100.000000
NODATA_value  0.000000
0.000000 0.000000 0.000000 0.000000 0.000000 0.000000 0.000000 166.041667 166.041484 166.041103 166.040722 166.040722 166.041103 166.041484 0.000000 0.000000 0.000000 0.000000 0.000000 0.000000 0.000000 0.000000 0.000000 0.000000 0.000000 0.000000 0.000000 0.000000 0.000000 0.000000 0.000000 0.000000 0.000000 0.000000 0.000000 0.000000 0.000000 0.000000 0.000000 
0.000000 0.000000 166.041484 166.040342 166.039581 166.038820 166.038439 166.037678 166.036917 166.036536 166.036155 166.035775 166.035014 166.035014 166.034633 166.034633 166.034633 166.035014 166.035775 166.036155 166.036917 166.038058 166.039581 166.041103 0.000000 0.000000 0.000000 0.000000 0.000000 0.000000 0.000000 0.000000 0.000000 0.000000 0.000000 0.000000 0.000000 0.000000 0.000000 
166.041484 166.040342 166.039581 166.038439 166.037297 166.036536 166.035775 166.034633 166.034253 166.033111 166.032350 166.031588 166.031208 166.030447 166.030066 166.029305 166.028924 166.028544 166.028163 166.028163 166.028544 166.028924 166.029686 166.030066 166.031208 166.032730 166.034633 166.036917 166.039961 0.000000 0.000000 0.000000 0.000000 0.000000 0.000000 0.000000 0.000000 0.000000 0.000000 
166.041103 166.039961 166.038820 166.037678 166.036536 166.035775 166.034633 166.033491 166.032350 166.031588 166.030447 166.029305 166.028544 166.027783 166.027021 166.025880 166.025119 166.024357 166.023977 166.023216 166.022835 166.022454 166.022074 166.022074 166.022074 166.022835 166.023596 166.024357 166.025880 166.028163 166.030827 166.034633 166.039961 0.000000 0.000000 0.000000 0.000000 0.000000 0.000000 
166.041103 166.039961 166.038820 166.037678 166.036536 166.035394 166.034253 166.033111 166.031969 166.030827 166.030066 166.028924 166.027783 166.026641 166.025499 166.024357 166.023216 166.022454 166.021313 166.020171 166.019790 166.018649 166.017887 166.017126 166.016746 166.016365 166.015985 166.015985 166.015985 166.016746 166.017507 166.019029 166.021693 166.025880 166.031208 166.039961 0.000000 0.000000 0.000000 
0.000000 166.041103 166.039581 166.038439 166.037297 166.036155 166.035014 166.033491 166.032350 166.031208 166.030066 166.028924 166.027783 166.026641 166.025499 166.024357 166.023216 166.022074 166.020932 166.019790 166.018649 166.017507 166.016365 166.015223 166.014462 166.013320 166.012179 166.011798 166.010656 166.010276 166.009515 166.009515 166.009895 166.010656 166.012559 166.017126 166.024357 166.036917 0.000000 
0.000000 0.000000 0.000000 166.040722 166.039200 166.038058 166.036536 166.035394 166.033872 166.032730 166.031208 166.030066 166.028924 166.027402 166.026260 166.025119 166.023596 166.022454 166.021313 166.020171 166.019029 166.017507 166.016365 166.015223 166.014082 166.012940 166.011798 166.011037 166.009895 166.008753 166.007612 166.006470 166.005328 166.004186 166.003425 166.003425 166.003806 166.009134 0.000000 
0.000000 0.000000 0.000000 0.000000 0.000000 166.041484 166.039961 166.038439 166.037297 166.035775 166.034633 166.033111 166.031588 166.030447 166.028924 166.027783 166.026260 166.024738 166.023596 166.022074 166.020932 166.019410 166.018268 166.016746 166.015604 166.014082 166.012559 166.011418 166.010276 166.008753 166.007612 166.006470 166.005328 166.004186 166.003045 166.001903 166.000761 166.000000 166.036155 
0.000000 0.000000 0.000000 0.000000 0.000000 0.000000 0.000000 0.000000 0.000000 166.040722 166.039581 166.038058 166.036536 166.035394 166.033872 166.032730 166.031208 166.030066 166.028544 166.027402 166.025880 166.024738 166.023216 166.022074 166.020932 166.019410 166.018268 166.017126 166.015604 166.014462 166.013320 166.012179 166.011037 166.010276 166.009895 166.009515 166.010656 166.013701 0.000000 
0.000000 0.000000 0.000000 0.000000 0.000000 0.000000 0.000000 0.000000 0.000000 0.000000 0.000000 0.000000 0.000000 0.000000 0.000000 166.041103 166.039581 166.038439 166.037678 166.036536 166.035394 166.034253 166.033111 166.031969 166.031208 166.030066 166.029305 166.028544 166.028163 166.027783 166.027402 166.027402 166.027783 166.028924 166.030827 166.033872 166.039200 0.000000 0.000000 
