test/output/constant/M355_S060_A090_WD225.0_WS030.0/M355_S060_A090_WD225.0_WS030.0_arrival.asc
ncols         17
nrows         13
xllcorner     426503.990666
yllcorner     12747655.311160
cellsize      100.000000
NODATA_value  0.000000
166.036763 166.021241 166.024509 166.032678 0.000000 0.000000 0.000000 0.000000 0.000000 0.000000 0.000000 0.000000 0.000000 0.000000 0.000000 0.000000 0.000000 
166.026959 166.000000 166.001634 166.006536 166.015522 166.025326 166.035129 0.000000 0.000000 0.000000 0.000000 0.000000 0.000000 0.000000 0.000000 0.000000 0.000000 
166.032678 166.002451 166.002451 166.004902 166.007353 166.012254 166.019607 166.027776 166.036763 0.000000 0.000000 0.000000 0.000000 0.000000 0.000000 0.000000 0.000000 
0.000000 166.017156 166.006536 166.006536 166.007353 166.009803 166.013071 166.018790 166.025326 166.032678 166.040848 0.000000 0.000000 0.000000 0.000000 0.000000 0.000000 
0.000000 166.033495 166.017973 166.011437 166.009803 166.010620 166.013071 166.015522 166.019607 166.024509 166.031044 166.037580 0.000000 0.000000 0.000000 0.000000 0.000000 
0.000000 0.000000 166.032678 166.021241 166.015522 166.013888 166.013888 166.015522 166.017973 166.021241 166.025326 166.031044 166.036763 0.000000 0.000000 0.000000 0.000000 
0.000000 0.000000 0.000000 166.035129 166.025326 166.019607 166.017973 166.017973 166.018790 166.021241 166.023692 166.026959 166.031044 166.036763 0.000000 0.000000 0.000000 
0.000000 0.000000 0.000000 0.000000 166.037580 166.028593 166.023692 166.022058 166.021241 166.022058 166.023692 166.026142 166.029410 166.032678 166.037580 0.000000 0.000000 
0.000000 0.000000 0.000000 0.000000 0.000000 166.040848 166.032678 166.028593 166.026142 166.025326 166.025326 166.026959 166.029410 166.031861 166.035129 166.039214 0.000000 
0.000000 0.000000 0.000000 0.000000 0.000000 0.000000 0.000000 166.036763 166.032678 166.030227 166.029410 166.029410 166.030227 166.031861 166.035129 166.037580 166.040848 
0.000000 0.000000 0.000000 0.000000 0.000000 0.000000 0.000000 0.000000 166.040848 166.036763 166.034312 166.033495 166.033495 166.033495 166.035129 166.037580 166.040031 
0.000000 0.000000 0.000000 0.000000 0.000000 0.000000 0.000000 0.000000 0.000000 0.000000 166.041665 166.038397 166.037580 166.036763 166.037580 166.038397 166.040031 
0.000000 0.000000 0.000000 0.000000 0.000000 0.000000 0.000000 0.000000 0.000000 0.000000 0.000000 0.000000 0.000000 166.041665 166.040848 166.040848 166.041665 
