test/output/constant/M295_S060_A000_WD090.0_WS025.0/M295_S060_A000_WD090.0_WS025.0_arrival.asc
ncols         40
nrows         7
xllcorner     422703.990666
yllcorner     12748455.311160
cellsize      100.000000
NODATA_value  0.000000
0.000000 0.000000 0.000000 0.000000 0.000000 0.000000 0.000000 0.000000 0.000000 0.000000 166.041406 166.040553 166.039699 166.039272 166.038418 166.037992 166.037138 166.036284 166.036284 166.036284 166.036284 166.036284 166.036711 166.036711 166.037565 166.038418 166.039699 166.040553 0.000000 0.000000 0.000000 0.000000 0.000000 0.000000 0.000000 0.000000 0.000000 0.000000 0.000000 0.000000 
0.000000 0.000000 0.000000 166.041667 166.040553 166.039699 166.038845 166.037565 166.036711 166.035857 166.035003 166.033723 166.032869 166.032015 166.030735 166.029881 166.029027 166.028173 166.027320 166.026893 166.026039 166.025185 166.024332 166.023905 166.023051 166.022197 166.021770 166.021770 166.021770 166.022197 166.022624 166.023478 166.024759 166.026893 166.030308 166.035430 0.000000 0.000000 0.000000 0.000000 
0.000000 166.040980 166.039699 166.038845 166.037992 166.036711 166.035857 166.034577 166.033723 166.032442 166.031588 166.030308 166.029454 166.028600 166.027320 166.026466 166.025185 166.024332 166.023051 166.022197 166.020917 166.020063 166.019209 166.017929 166.017075 166.015794 166.014940 166.013660 166.012806 166.011952 166.010672 166.009818 166.008964 166.008537 166.007684 166.007257 166.007684 166.008964 166.013233 166.039699 
166.041406 166.040126 166.039272 166.037992 166.037138 166.035857 166.035003 166.033723 166.032869 166.031588 166.030735 166.029454 166.028600 166.027320 166.026466 166.025185 166.024332 166.023051 166.022197 166.020917 166.020063 166.018782 166.017929 166.016648 166.015794 166.014514 166.013660 166.012379 166.011526 166.010245 166.009391 166.008111 166.007257 166.005976 166.005122 166.003842 166.002988 166.001707 166.000854 166.000000 
0.000000 166.040980 166.039699 166.038845 166.037992 166.036711 166.035857 166.034577 166.033723 166.032442 166.031588 166.030308 166.029454 166.028600 166.027320 166.026466 166.025185 166.024332 166.023051 166.022197 166.020917 166.020063 166.019209 166.017929 166.017075 166.015794 166.014940 166.013660 166.012806 166.011952 166.010672 166.009818 166.008964 166.008537 166.007684 166.007257 166.007684 166.008964 166.013233 166.039699 
0.000000 0.000000 0.000000 166.041667 166.040553 166.039699 166.038845 166.037565 166.036711 166.035857 166.035003 166.033723 166.032869 166.032015 166.030735 166.029881 166.029027 166.028173 166.027320 166.026893 166.026039 166.025185 166.024332 166.023905 166.023051 166.022197 166.021770 166.021770 166.021770 166.022197 166.022624 166.023478 166.024759 166.026893 166.030308 166.035430 0.000000 0.000000 0.000000 0.000000 
0.000000 0.000000 0.000000 0.000000 0.000000 0.000000 0.000000 0.000000 0.000000 0.000000 166.041406 166.040553 166.039699 166.039272 166.038418 166.037992 166.037138 166.036284 166.036284 166.036284 166.036284 166.036284 166.036711 166.036711 166.037565 166.038418 166.039699 166.040553 0.000000 0.000000 0.000000 0.000000 0.000000 0.000000 0.000000 0.000000 0.000000 0.000000 0.000000 0.000000 
