test/output/constant/C6_S060_A090_WD315.0_WS015.0/C6_S060_A090_WD315.0_WS015.0_arrival.asc
ncols         10
nrows         21
xllcorner     426503.990666
yllcorner     12746755.311160
cellsize      100.000000
NODATA_value  0.000000
0.000000 166.000000 166.006985 0.000000 0.000000 0.000000 0.000000 0.000000 0.000000 0.000000 
0.000000 166.001552 166.003105 166.017851 0.000000 0.000000 0.000000 0.000000 0.000000 0.000000 
166.037255 166.003881 166.003881 166.008537 166.027941 0.000000 0.000000 0.000000 0.000000 0.000000 
166.038807 166.007761 166.005433 166.007761 166.017075 166.038807 0.000000 0.000000 0.000000 0.000000 
0.000000 166.012418 166.007761 166.008537 166.013970 166.027165 0.000000 0.000000 0.000000 0.000000 
0.000000 166.017851 166.010090 166.010090 166.013194 166.020956 166.037255 0.000000 0.000000 0.000000 
0.000000 166.022508 166.013194 166.012418 166.013194 166.018627 166.029493 0.000000 0.000000 0.000000 
0.000000 166.028717 166.017075 166.013970 166.013970 166.017851 166.025612 166.038807 0.000000 0.000000 
0.000000 166.034150 166.021732 166.016299 166.016299 166.017851 166.023284 166.033374 0.000000 0.000000 
0.000000 166.039583 166.026389 166.019403 166.018627 166.018627 166.023284 166.030269 166.041667 0.000000 
0.000000 0.000000 166.031045 166.023284 166.020956 166.020956 166.023284 166.028717 166.037255 0.000000 
0.000000 0.000000 166.035702 166.027165 166.023284 166.022508 166.024060 166.027941 166.034926 0.000000 
0.000000 0.000000 166.041135 166.031045 166.026389 166.024836 166.024836 166.027941 166.034150 0.000000 
0.000000 0.000000 0.000000 166.035702 166.029493 166.027165 166.027165 166.028717 166.033374 166.040359 
0.000000 0.000000 0.000000 166.040359 166.033374 166.029493 166.029493 166.029493 166.033374 166.038807 
0.000000 0.000000 0.000000 0.000000 166.037255 166.032598 166.031045 166.031045 166.033374 166.038807 
0.000000 0.000000 0.000000 0.000000 166.041135 166.035702 166.033374 166.033374 166.034150 166.038031 
0.000000 0.000000 0.000000 0.000000 0.000000 166.038807 166.035702 166.035702 166.035702 166.038807 
0.000000 0.000000 0.000000 0.000000 0.000000 0.000000 166.038807 166.038031 166.038031 166.039583 
0.000000 0.000000 0.000000 0.000000 0.000000 0.000000 0.000000 166.039583 166.039583 166.040359 
0.000000 0.000000 0.000000 0.000000 0.000000 0.000000 0.000000 0.000000 166.041667 166.041667 
