test/output/constant/M3M485_S060_A180_WD270.0_WS025.0/M3M485_S060_A180_WD270.0_WS025.0_arrival.asc
ncols         56
nrows         9
xllcorner     426603.990666
yllcorner     12748355.311160
cellsize      100.000000
NODATA_value  0.000000
0.000000 0.000000 0.000000 0.000000 0.000000 0.000000 0.000000 0.000000 0.000000 0.000000 0.000000 0.000000 0.000000 0.000000 0.000000 0.000000 0.000000 0.000000 0.000000 0.000000 0.000000 0.000000 0.000000 0.000000 166.041194 166.040592 166.040292 166.040292 166.039991 166.039991 166.039690 166.039690 166.039690 166.039690 166.039991 166.040592 166.040893 166.041494 0.000000 0.000000 0.000000 0.000000 0.000000 0.000000 0.000000 0.000000 0.000000 0.000000 0.000000 0.000000 0.000000 0.000000 0.000000 0.000000 0.000000 0.000000 
0.000000 0.000000 0.000000 0.000000 0.000000 0.000000 0.000000 0.000000 0.000000 0.000000 166.038187 166.036383 166.034278 166.032774 166.031872 166.030970 166.030068 166.029467 166.029166 166.028866 166.028565 166.028565 166.028565 166.028565 166.028565 166.028866 166.029467 166.029768 166.030369 166.030970 166.031271 166.031872 166.032474 166.032774 166.033376 166.033977 166.034579 166.034879 166.035481 166.036082 166.036683 166.037285 166.037585 166.038187 166.039089 166.039690 166.040292 166.040893 166.041494 0.000000 0.000000 0.000000 0.000000 0.000000 0.000000 0.000000 
0.000000 0.000000 0.000000 166.039389 166.031271 166.026460 166.022852 166.021048 166.019544 166.018642 166.018041 166.017440 166.017139 166.017139 166.017139 166.017440 166.017740 166.018342 166.018642 166.019244 166.019845 166.020446 166.020747 166.021349 166.021950 166.022551 166.023153 166.023754 166.024355 166.024957 166.025859 166.026460 166.027061 166.027663 166.028565 166.029166 166.029768 166.030670 166.031271 166.031872 166.032774 166.033376 166.033977 166.034879 166.035481 166.036383 166.036984 166.037585 166.038487 166.039089 166.039991 166.040592 166.041494 0.000000 0.000000 0.000000 
166.031572 166.012929 166.007818 166.006314 166.005713 166.005713 166.006314 166.006615 166.007216 166.007818 166.008419 166.009321 166.009923 166.010524 166.011426 166.012027 166.012929 166.013531 166.014433 166.015034 166.015636 166.016538 166.017139 166.017740 166.018642 166.019244 166.020146 166.020747 166.021649 166.022251 166.023153 166.023754 166.024656 166.025257 166.026159 166.026761 166.027663 166.028264 166.029166 166.029768 166.030670 166.031271 166.032173 166.032774 166.033376 166.034278 166.034879 166.035781 166.036383 166.037285 166.037886 166.038788 166.039389 166.040292 166.040893 166.041667 
166.000000 166.000601 166.001203 166.002105 166.002706 166.003608 166.004210 166.005112 166.005713 166.006615 166.007216 166.008118 166.008720 166.009622 166.010223 166.011125 166.011727 166.012629 166.013230 166.014132 166.014733 166.015636 166.016237 166.017139 166.017740 166.018642 166.019244 166.020146 166.020747 166.021649 166.022251 166.023153 166.023754 166.024656 166.025257 166.026159 166.026761 166.027663 166.028264 166.029166 166.029768 166.030670 166.031271 166.032173 166.032774 166.033677 166.034278 166.035180 166.035781 166.036683 166.037285 166.038187 166.038788 166.039690 166.040292 166.041194 
166.031572 166.012929 166.007818 166.006314 166.005713 166.005713 166.006314 166.006615 166.007216 166.007818 166.008419 166.009321 166.009923 166.010524 166.011426 166.012027 166.012929 166.013531 166.014433 166.015034 166.015636 166.016538 166.017139 166.017740 166.018642 166.019244 166.020146 166.020747 166.021649 166.022251 166.023153 166.023754 166.024656 166.025257 166.026159 166.026761 166.027663 166.028264 166.029166 166.029768 166.030670 166.031271 166.032173 166.032774 166.033376 166.034278 166.034879 166.035781 166.036383 166.037285 166.037886 166.038788 166.039389 166.040292 166.040893 166.041667 
0.000000 0.000000 0.000000 166.039389 166.031271 166.026460 166.022852 166.021048 166.019544 166.018642 166.018041 166.017440 166.017139 166.017139 166.017139 166.017440 166.017740 166.018342 166.018642 166.019244 166.019845 166.020446 166.020747 166.021349 166.021950 166.022551 166.023153 166.023754 166.024355 166.024957 166.025859 166.026460 166.027061 166.027663 166.028565 166.029166 166.029768 166.030670 166.031271 166.031872 166.032774 166.033376 166.033977 166.034879 166.035481 166.036383 166.036984 166.037585 166.038487 166.039089 166.039991 166.040592 166.041494 0.000000 0.000000 0.000000 
0.000000 0.000000 0.000000 0.000000 0.000000 0.000000 0.000000 0.000000 0.000000 0.000000 166.038187 166.036383 166.034278 166.032774 166.031872 166.030970 166.030068 166.029467 166.029166 166.028866 166.028565 166.028565 166.028565 166.028565 166.028565 166.028866 166.029467 166.029768 166.030369 166.030970 166.031271 166.031872 166.032474 166.032774 166.033376 166.033977 166.034579 166.034879 166.035481 166.036082 166.036683 166.037285 166.037585 166.038187 166.039089 166.039690 166.040292 166.040893 166.041494 0.000000 0.000000 0.000000 0.000000 0.000000 0.000000 0.000000 
0.000000 0.000000 0.000000 0.000000 0.000000 0.000000 0.000000 0.000000 0.000000 0.000000 0.000000 0.000000 0.000000 0.000000 0.000000 0.000000 0.000000 0.000000 0.000000 0.000000 0.000000 0.000000 0.000000 0.000000 166.041194 166.040592 166.040292 166.040292 166.039991 166.039991 166.039690 166.039690 166.039690 166.039690 166.039991 166.040592 166.040893 166.041494 0.000000 0.000000 0.000000 0.000000 0.000000 0.000000 0.000000 0.000000 0.000000 0.000000 0.000000 0.000000 0.000000 0.000000 0.000000 0.000000 0.000000 0.000000 
