test/output/constant/M3M400_S060_A180_WD270.0_WS025.0/M3M400_S060_A180_WD270.0_WS025.0_arrival.asc
ncols         68
nrows         9
xllcorner     426603.990666
yllcorner     12748355.311160
cellsize      100.000000
NODATA_value  0.000000
0.000000 0.000000 0.000000 0.000000 0.000000 0.000000 0.000000 0.000000 0.000000 0.000000 0.000000 0.000000 0.000000 0.000000 0.000000 0.000000 0.000000 166.040794 166.039301 166.038306 166.037311 166.036565 166.036068 166.035321 166.035073 166.034575 166.034326 166.034078 166.033829 166.033829 166.033580 166.033580 166.033580 166.033580 166.033580 166.033829 166.034326 166.034575 166.035073 166.035570 166.035819 166.036316 166.036814 166.037063 166.037560 166.038058 166.038306 166.038804 166.039301 166.039799 166.040047 166.040545 166.041042 166.041540 0.000000 0.000000 0.000000 0.000000 0.000000 0.000000 0.000000 0.000000 0.000000 0.000000 0.000000 0.000000 0.000000 0.000000 
0.000000 0.000000 0.000000 0.000000 0.000000 0.000000 0.000000 0.000000 166.039301 166.035570 166.032834 166.031093 166.029352 166.027859 166.026864 166.026118 166.025620 166.025123 166.024625 166.024377 166.024128 166.024128 166.024128 166.024128 166.024128 166.024128 166.024625 166.025123 166.025372 166.025869 166.026367 166.026615 166.027113 166.027362 166.027859 166.028357 166.028854 166.029103 166.029600 166.030098 166.030595 166.031093 166.031341 166.031839 166.032336 166.032834 166.033580 166.034078 166.034575 166.035073 166.035570 166.036316 166.036814 166.037311 166.038058 166.038555 166.039053 166.039799 166.040296 166.040794 166.041291 0.000000 0.000000 0.000000 0.000000 0.000000 0.000000 0.000000 
0.000000 0.000000 0.000000 166.034326 166.026864 166.022884 166.019899 166.017909 166.016666 166.015671 166.015173 166.014925 166.014676 166.014427 166.014427 166.014676 166.014925 166.015422 166.015671 166.016168 166.016666 166.016914 166.017412 166.017909 166.018407 166.018656 166.019153 166.019651 166.020148 166.020894 166.021392 166.021889 166.022387 166.023133 166.023630 166.024128 166.024625 166.025372 166.025869 166.026615 166.027113 166.027610 166.028357 166.028854 166.029352 166.030098 166.030595 166.031093 166.031839 166.032336 166.033083 166.033580 166.034326 166.034824 166.035321 166.036068 166.036565 166.037311 166.037809 166.038555 166.039053 166.039550 166.040296 166.040794 166.041540 0.000000 0.000000 0.000000 
166.027362 166.010696 166.006716 166.005224 166.004975 166.004975 166.005224 166.005721 166.005970 166.006467 166.006965 166.007711 166.008208 166.008955 166.009452 166.009950 166.010696 166.011193 166.011940 166.012437 166.013183 166.013681 166.014178 166.014925 166.015422 166.016168 166.016666 166.017163 166.017909 166.018407 166.019153 166.019651 166.020397 166.020894 166.021641 166.022138 166.022884 166.023382 166.024128 166.024625 166.025372 166.025869 166.026367 166.027113 166.027610 166.028357 166.028854 166.029600 166.030098 166.030844 166.031341 166.032088 166.032585 166.033331 166.033829 166.034575 166.035073 166.035570 166.036316 166.036814 166.037560 166.038058 166.038804 166.039301 166.040047 166.040545 166.041291 166.041667 
166.000000 166.000497 166.000995 166.001741 166.002239 166.002985 166.003482 166.004229 166.004726 166.005472 166.005970 166.006716 166.007214 166.007960 166.008457 166.009203 166.009701 166.010447 166.010945 166.011691 166.012188 166.012935 166.013432 166.014178 166.014676 166.015422 166.015919 166.016666 166.017163 166.017909 166.018407 166.019153 166.019651 166.020397 166.020894 166.021641 166.022138 166.022884 166.023382 166.024128 166.024625 166.025372 166.025869 166.026615 166.027113 166.027859 166.028357 166.029103 166.029600 166.030347 166.030844 166.031590 166.032088 166.032834 166.033331 166.034078 166.034575 166.035321 166.035819 166.036565 166.037063 166.037809 166.038306 166.039053 166.039550 166.040296 166.040794 166.041540 
166.027362 166.010696 166.006716 166.005224 166.004975 166.004975 166.005224 166.005721 166.005970 166.006467 166.006965 166.007711 166.008208 166.008955 166.009452 166.009950 166.010696 166.011193 166.011940 166.012437 166.013183 166.013681 166.014178 166.014925 166.015422 166.016168 166.016666 166.017163 166.017909 166.018407 166.019153 166.019651 166.020397 166.020894 166.021641 166.022138 166.022884 166.023382 166.024128 166.024625 166.025372 166.025869 166.026367 166.027113 166.027610 166.028357 166.028854 166.029600 166.030098 166.030844 166.031341 166.032088 166.032585 166.033331 166.033829 166.034575 166.035073 166.035570 166.036316 166.036814 166.037560 166.038058 166.038804 166.039301 166.040047 166.040545 166.041291 166.041667 
0.000000 0.000000 0.000000 166.034326 166.026864 166.022884 166.019899 166.017909 166.016666 166.015671 166.015173 166.014925 166.014676 166.014427 166.014427 166.014676 166.014925 166.015422 166.015671 166.016168 166.016666 166.016914 166.017412 166.017909 166.018407 166.018656 166.019153 166.019651 166.020148 166.020894 166.021392 166.021889 166.022387 166.023133 166.023630 166.024128 166.024625 166.025372 166.025869 166.026615 166.027113 166.027610 166.028357 166.028854 166.029352 166.030098 166.030595 166.031093 166.031839 166.032336 166.033083 166.033580 166.034326 166.034824 166.035321 166.036068 166.036565 166.037311 166.037809 166.038555 166.039053 166.039550 166.040296 166.040794 166.041540 0.000000 0.000000 0.000000 
0.000000 0.000000 0.000000 0.000000 0.000000 0.000000 0.000000 0.000000 166.039301 166.035570 166.032834 166.031093 166.029352 166.027859 166.026864 166.026118 166.025620 166.025123 166.024625 166.024377 166.024128 166.024128 166.024128 166.024128 166.024128 166.024128 166.024625 166.025123 166.025372 166.025869 166.026367 166.026615 166.027113 166.027362 166.027859 166.028357 166.028854 166.029103 166.029600 166.030098 166.030595 166.031093 166.031341 166.031839 166.032336 166.032834 166.033580 166.034078 166.034575 166.035073 166.035570 166.036316 166.036814 166.037311 166.038058 166.038555 166.039053 166.039799 166.040296 166.040794 166.041291 0.000000 0.000000 0.000000 0.000000 0.000000 0.000000 0.000000 
0.000000 0.000000 0.000000 0.000000 0.000000 0.000000 0.000000 0.000000 0.000000 0.000000 0.000000 0.000000 0.000000 0.000000 0.000000 0.000000 0.000000 166.040794 166.039301 166.038306 166.037311 166.036565 166.036068 166.035321 166.035073 166.034575 166.034326 166.034078 166.033829 166.033829 166.033580 166.033580 166.033580 166.033580 166.033580 166.033829 166.034326 166.034575 166.035073 166.035570 166.035819 166.036316 166.036814 166.037063 166.037560 166.038058 166.038306 166.038804 166.039301 166.039799 166.040047 166.040545 166.041042 166.041540 0.000000 0.000000 0.000000 0.000000 0.000000 0.000000 0.000000 0.000000 0.000000 0.000000 0.000000 0.000000 0.000000 0.000000 
