test/output/constant/C6_S060_A180_WD270.0_WS030.0/C6_S060_A180_WD270.0_WS030.0_arrival.asc
ncols         38
nrows         7
xllcorner     426603.990666
yllcorner     12748455.311160
cellsize      100.000000
NODATA_value  0.000000
0.000000 0.000000 0.000000 0.000000 0.000000 0.000000 0.000000 0.000000 0.000000 166.041667 166.038979 166.037620 166.036713 166.035807 166.035353 166.034900 166.034447 166.034447 166.034447 166.034447 166.034900 166.035353 166.036260 166.037166 166.037620 166.038526 166.039433 166.039886 166.040792 166.041667 0.000000 0.000000 0.000000 0.000000 0.000000 0.000000 0.000000 0.000000 
0.000000 0.000000 0.000000 166.038073 166.030368 166.025835 166.023569 166.022209 166.021303 166.020849 166.020849 166.020849 166.020849 166.021756 166.022209 166.023116 166.024022 166.024475 166.025382 166.026288 166.027195 166.028101 166.029008 166.029914 166.030821 166.032181 166.033087 166.033994 166.034900 166.035807 166.037166 166.038073 166.038979 166.040339 166.041246 0.000000 0.000000 0.000000 
0.000000 166.011784 166.007705 166.007252 166.007252 166.007705 166.008612 166.009518 166.009971 166.011331 166.012238 166.013144 166.014504 166.015410 166.016317 166.017677 166.018583 166.019943 166.020849 166.022209 166.023116 166.024475 166.025382 166.026742 166.027648 166.029008 166.029914 166.031274 166.032181 166.033540 166.034447 166.035807 166.036713 166.038073 166.038979 166.039886 166.041246 0.000000 
166.000000 166.000906 166.001813 166.003173 166.004079 166.005439 166.006345 166.007705 166.008612 166.009971 166.010878 166.012238 166.013144 166.014504 166.015410 166.016770 166.017677 166.019036 166.019943 166.021303 166.022209 166.023569 166.024475 166.025835 166.026742 166.028101 166.029008 166.030368 166.031274 166.032634 166.033540 166.034900 166.035807 166.037166 166.038073 166.039433 166.040339 166.041667 
0.000000 166.011784 166.007705 166.007252 166.007252 166.007705 166.008612 166.009518 166.009971 166.011331 166.012238 166.013144 166.014504 166.015410 166.016317 166.017677 166.018583 166.019943 166.020849 166.022209 166.023116 166.024475 166.025382 166.026742 166.027648 166.029008 166.029914 166.031274 166.032181 166.033540 166.034447 166.035807 166.036713 166.038073 166.038979 166.039886 166.041246 0.000000 
0.000000 0.000000 0.000000 166.038073 166.030368 166.025835 166.023569 166.022209 166.021303 166.020849 166.020849 166.020849 166.020849 166.021756 166.022209 166.023116 166.024022 166.024475 166.025382 166.026288 166.027195 166.028101 166.029008 166.029914 166.030821 166.032181 166.033087 166.033994 166.034900 166.035807 166.037166 166.038073 166.038979 166.040339 166.041246 0.000000 0.000000 0.000000 
0.000000 0.000000 0.000000 0.000000 0.000000 0.000000 0.000000 0.000000 0.000000 166.041667 166.038979 166.037620 166.036713 166.035807 166.035353 166.034900 166.034447 166.034447 166.034447 166.034447 166.034900 166.035353 166.036260 166.037166 166.037620 166.038526 166.039433 166.039886 166.040792 166.041667 0.000000 0.000000 0.000000 0.000000 0.000000 0.000000 0.000000 0.000000 
