test/output/constant/M195_S000_A000_WD270.0_WS045.0/M195_S000_A000_WD270.0_WS045.0_arrival.asc
ncols         36
nrows         7
xllcorner     426603.990666
yllcorner     12748455.311160
cellsize      100.000000
NODATA_value  0.000000
0.000000 0.000000 0.000000 0.000000 0.000000 0.000000 0.000000 0.000000 0.000000 166.041194 166.038320 166.037362 166.036404 166.035925 166.035446 166.034967 166.034967 166.034967 166.034967 166.035446 166.035925 166.036883 166.037362 166.038320 166.039278 166.039757 166.040715 166.041667 0.000000 0.000000 0.000000 0.000000 0.000000 0.000000 0.000000 0.000000 
0.000000 0.000000 0.000000 166.035446 166.028740 166.025866 166.022992 166.022034 166.021555 166.021076 166.021076 166.021076 166.021555 166.022513 166.022992 166.023950 166.024908 166.025866 166.026345 166.027303 166.028261 166.029219 166.030177 166.031135 166.032572 166.033530 166.034488 166.035925 166.036883 166.037841 166.038799 166.040236 166.041194 0.000000 0.000000 0.000000 
166.027303 166.011017 166.007664 166.007185 166.007185 166.008143 166.008622 166.009580 166.010538 166.011975 166.012933 166.013891 166.015328 166.016286 166.017723 166.018681 166.019639 166.021076 166.022034 166.023471 166.024429 166.025866 166.026824 166.028261 166.029219 166.030656 166.031614 166.032572 166.034009 166.034967 166.036404 166.037362 166.038799 166.039757 166.041194 0.000000 
166.000000 166.000958 166.001916 166.003353 166.004311 166.005748 166.006706 166.008143 166.009101 166.010538 166.011496 166.012933 166.013891 166.015328 166.016286 166.017723 166.018681 166.020118 166.021076 166.022513 166.023471 166.024908 166.025866 166.027303 166.028261 166.029698 166.030656 166.032093 166.033051 166.034488 166.035446 166.036883 166.037841 166.039278 166.040236 166.041667 
166.027303 166.011017 166.007664 166.007185 166.007185 166.008143 166.008622 166.009580 166.010538 166.011975 166.012933 166.013891 166.015328 166.016286 166.017723 166.018681 166.019639 166.021076 166.022034 166.023471 166.024429 166.025866 166.026824 166.028261 166.029219 166.030656 166.031614 166.032572 166.034009 166.034967 166.036404 166.037362 166.038799 166.039757 166.041194 0.000000 
0.000000 0.000000 0.000000 166.035446 166.028740 166.025866 166.022992 166.022034 166.021555 166.021076 166.021076 166.021076 166.021555 166.022513 166.022992 166.023950 166.024908 166.025866 166.026345 166.027303 166.028261 166.029219 166.030177 166.031135 166.032572 166.033530 166.034488 166.035925 166.036883 166.037841 166.038799 166.040236 166.041194 0.000000 0.000000 0.000000 
0.000000 0.000000 0.000000 0.000000 0.000000 0.000000 0.000000 0.000000 0.000000 166.041194 166.038320 166.037362 166.036404 166.035925 166.035446 166.034967 166.034967 166.034967 166.034967 166.035446 166.035925 166.036883 166.037362 166.038320 166.039278 166.039757 166.040715 166.041667 0.000000 0.000000 0.000000 0.000000 0.000000 0.000000 0.000000 0.000000 
