test/output/constant/M3100_S060_A180_WD045.0_WS045.0/M3100_S060_A180_WD045.0_WS045.0_raz.asc
ncols         16
nrows         41
xllcorner     426403.990666
yllcorner     12744855.311160
cellsize      100.000000
NODATA_value  0.000000
0 321 74 53 0 0 0 0 0 0 0 0 0 0 0 0 
0 274 65535 74 84 0 0 0 0 0 0 0 0 0 0 0 
321 186 164 160 53 84 0 0 0 0 0 0 0 0 0 0 
197 197 164 160 156 84 84 0 0 0 0 0 0 0 0 0 
186 177 164 164 157 157 94 0 0 0 0 0 0 0 0 0 
197 177 164 164 161 156 156 154 0 0 0 0 0 0 0 0 
190 197 171 164 161 157 157 154 0 0 0 0 0 0 0 0 
197 177 173 164 164 159 157 154 154 0 0 0 0 0 0 0 
0 190 197 164 164 156 157 156 53 0 0 0 0 0 0 0 
0 177 177 166 164 163 164 156 156 154 0 0 0 0 0 0 
0 177 175 170 164 160 157 159 74 157 0 0 0 0 0 0 
0 186 177 164 164 161 159 157 157 84 53 0 0 0 0 0 
0 177 175 166 164 164 164 164 157 157 74 0 0 0 0 0 
0 175 190 164 167 164 160 157 157 156 84 0 0 0 0 0 
0 190 182 170 164 164 164 164 160 156 157 156 0 0 0 0 
0 177 175 171 166 164 164 162 164 157 160 156 0 0 0 0 
0 0 175 173 170 164 164 159 161 164 157 157 0 0 0 0 
0 0 177 197 186 164 164 163 164 160 157 157 74 0 0 0 
0 0 177 171 171 164 164 164 164 164 157 156 156 0 0 0 
0 0 190 182 167 169 169 164 164 161 164 157 156 0 0 0 
0 0 182 171 171 165 164 164 164 164 160 157 74 157 0 0 
0 0 0 175 164 175 186 164 164 164 131 162 157 157 0 0 
0 0 0 170 164 164 164 164 164 164 157 164 161 157 0 0 
0 0 0 182 171 169 164 164 164 164 163 159 164 156 0 0 
0 0 0 0 171 165 164 164 164 159 164 157 160 161 156 0 
0 0 0 0 175 175 186 166 164 164 164 164 164 157 156 0 
0 0 0 0 190 164 205 164 165 164 164 163 157 164 161 0 
0 0 0 0 171 190 166 169 164 164 162 161 163 161 160 0 
0 0 0 0 0 166 170 164 164 164 164 164 159 156 164 0 
0 0 0 0 0 164 164 170 164 164 164 164 164 161 164 0 
0 0 0 0 0 0 170 164 164 169 164 164 164 162 161 163 
0 0 0 0 0 0 171 164 164 164 164 164 164 159 163 161 
0 0 0 0 0 0 0 164 164 164 164 164 164 160 160 164 
0 0 0 0 0 0 0 167 166 164 164 164 164 164 156 160 
0 0 0 0 0 0 0 167 182 164 164 164 161 164 162 157 
0 0 0 0 0 0 0 0 186 164 164 164 164 159 161 157 
0 0 0 0 0 0 0 0 0 164 164 164 164 164 162 164 
0 0 0 0 0 0 0 0 0 177 164 164 164 164 160 162 
0 0 0 0 0 0 0 0 0 0 164 164 164 164 159 0 
0 0 0 0 0 0 0 0 0 0 0 164 164 164 164 0 
0 0 0 0 0 0 0 0 0 0 0 0 164 161 164 0 
