test/output/constant/M390_S000_A180_WD045.0_WS020.0/M390_S000_A180_WD045.0_WS020.0_arrival.asc
ncols         21
nrows         21
xllcorner     424803.990666
yllcorner     12746955.311160
cellsize      100.000000
NODATA_value  0.000000
0.000000 0.000000 0.000000 0.000000 0.000000 0.000000 0.000000 0.000000 0.000000 0.000000 0.000000 0.000000 0.000000 0.000000 0.000000 166.039699 166.033539 166.030117 166.029432 166.032170 0.000000 
0.000000 0.000000 0.000000 0.000000 0.000000 0.000000 0.000000 0.000000 0.000000 0.000000 0.000000 0.000000 0.000000 166.037646 166.030801 166.024641 166.017796 166.012320 166.010267 166.014374 166.032170 
0.000000 0.000000 0.000000 0.000000 0.000000 0.000000 0.000000 0.000000 0.000000 0.000000 0.000000 166.039015 166.032170 166.025325 166.019165 166.012320 166.006160 166.001369 166.000000 166.010267 166.029432 
0.000000 0.000000 0.000000 0.000000 0.000000 0.000000 0.000000 0.000000 0.000000 0.000000 166.036277 166.030117 166.023956 166.017796 166.011636 166.006845 166.004107 166.001369 166.001369 166.012320 166.030117 
0.000000 0.000000 0.000000 0.000000 0.000000 0.000000 0.000000 0.000000 166.041667 166.035592 166.029432 166.023272 166.017796 166.013005 166.008898 166.006160 166.004107 166.004107 166.006160 166.017796 166.033539 
0.000000 0.000000 0.000000 0.000000 0.000000 0.000000 0.000000 166.041068 166.034908 166.029432 166.023956 166.019165 166.014374 166.010951 166.008214 166.006160 166.006160 166.006845 166.012320 166.024641 166.039699 
0.000000 0.000000 0.000000 0.000000 0.000000 0.000000 166.041068 166.035592 166.030117 166.024641 166.020534 166.016427 166.013005 166.010951 166.008898 166.008214 166.008898 166.011636 166.019165 166.030801 0.000000 
0.000000 0.000000 0.000000 0.000000 0.000000 166.041068 166.036277 166.030801 166.026694 166.021903 166.018481 166.015743 166.013005 166.010951 166.010951 166.010951 166.013005 166.017796 166.025325 166.037646 0.000000 
0.000000 0.000000 0.000000 0.000000 166.041667 166.036961 166.032170 166.028063 166.023956 166.020534 166.017796 166.015743 166.013689 166.013005 166.013005 166.014374 166.017796 166.023956 166.032170 0.000000 0.000000 
0.000000 0.000000 0.000000 0.000000 166.038330 166.033539 166.029432 166.026010 166.022587 166.020534 166.017796 166.015743 166.015743 166.015743 166.016427 166.019165 166.023272 166.030117 166.039015 0.000000 0.000000 
0.000000 0.000000 0.000000 166.039699 166.035592 166.031485 166.028063 166.025325 166.022587 166.020534 166.018481 166.017796 166.017796 166.018481 166.020534 166.023956 166.029432 166.036277 0.000000 0.000000 0.000000 
0.000000 0.000000 166.041068 166.036961 166.033539 166.030117 166.027379 166.024641 166.022587 166.021218 166.020534 166.020534 166.020534 166.021903 166.024641 166.029432 166.035592 0.000000 0.000000 0.000000 0.000000 
0.000000 0.000000 166.039015 166.035592 166.032170 166.029432 166.027379 166.025325 166.023272 166.022587 166.022587 166.022587 166.023956 166.026694 166.030117 166.034908 166.041667 0.000000 0.000000 0.000000 0.000000 
0.000000 166.041068 166.037646 166.034908 166.032170 166.029432 166.027379 166.026010 166.025325 166.024641 166.025325 166.026010 166.028063 166.030801 166.035592 166.041068 0.000000 0.000000 0.000000 0.000000 0.000000 
0.000000 166.039699 166.036961 166.034223 166.032170 166.030117 166.028063 166.027379 166.027379 166.027379 166.028063 166.029432 166.032170 166.036277 166.041068 0.000000 0.000000 0.000000 0.000000 0.000000 0.000000 
0.000000 166.039015 166.036277 166.034223 166.032170 166.030801 166.030117 166.029432 166.029432 166.030117 166.031485 166.033539 166.036961 166.041068 0.000000 0.000000 0.000000 0.000000 0.000000 0.000000 0.000000 
166.041068 166.039015 166.036961 166.034908 166.032854 166.032170 166.032170 166.032170 166.032170 166.033539 166.035592 166.038330 166.041667 0.000000 0.000000 0.000000 0.000000 0.000000 0.000000 0.000000 0.000000 
166.041068 166.039015 166.036961 166.035592 166.034908 166.034223 166.034223 166.034908 166.035592 166.036961 166.039699 0.000000 0.000000 0.000000 0.000000 0.000000 0.000000 0.000000 0.000000 0.000000 0.000000 
166.041667 166.039699 166.037646 166.036961 166.036961 166.036277 166.036961 166.037646 166.039015 166.041068 0.000000 0.000000 0.000000 0.000000 0.000000 0.000000 0.000000 0.000000 0.000000 0.000000 0.000000 
166.041667 166.040384 166.039699 166.039015 166.039015 166.039015 166.039699 166.041068 0.000000 0.000000 0.000000 0.000000 0.000000 0.000000 0.000000 0.000000 0.000000 0.000000 0.000000 0.000000 0.000000 
0.000000 166.041667 166.041667 166.041068 166.041068 0.000000 0.000000 0.000000 0.000000 0.000000 0.000000 0.000000 0.000000 0.000000 0.000000 0.000000 0.000000 0.000000 0.000000 0.000000 0.000000 
