test/output/constant/M395_S060_A270_WD045.0_WS045.0/M395_S060_A270_WD045.0_WS045.0_raz.asc
ncols         39
nrows         15
xllcorner     422903.990666
yllcorner     12748555.311160
cellsize      100.000000
NODATA_value  0.000000
0 0 0 0 0 0 285 289 0 0 0 0 0 0 0 0 0 0 0 0 0 0 0 0 0 0 0 0 0 0 0 0 0 0 0 0 0 0 0 
284 284 284 288 289 286 291 284 291 289 338 289 354 291 291 292 0 0 0 0 0 0 0 0 0 0 0 0 0 0 0 0 0 0 0 0 0 0 0 
284 284 284 284 285 284 284 284 288 291 289 292 291 291 354 338 291 4 291 338 0 0 0 0 0 0 0 0 0 0 0 0 0 0 0 0 0 0 0 
269 284 284 284 284 284 284 284 284 284 284 284 284 289 287 292 338 291 292 14 291 292 292 14 0 0 0 0 0 0 0 0 0 0 0 0 0 0 0 
284 275 284 284 277 284 284 284 288 284 284 284 285 284 284 284 291 291 289 291 291 292 292 292 292 292 292 0 0 0 0 0 0 0 0 0 0 0 0 
0 0 280 280 284 269 281 284 284 284 284 284 284 284 284 284 284 284 287 291 292 291 292 291 338 292 35 338 294 0 0 0 0 0 0 0 0 0 0 
0 0 0 277 282 275 269 269 281 269 275 284 284 284 284 284 284 284 287 284 284 291 288 291 289 291 338 354 291 354 326 14 0 0 0 0 0 0 0 
0 0 0 0 271 275 271 282 269 282 269 269 284 284 284 284 284 284 284 284 284 284 284 287 288 291 291 291 338 35 338 4 354 4 0 0 0 0 0 
0 0 0 0 0 0 271 271 271 271 271 271 269 271 271 281 273 284 284 284 284 284 284 284 284 284 284 284 291 291 338 338 292 294 4 354 0 0 0 
0 0 0 0 0 0 0 0 0 271 271 271 269 269 269 271 269 275 271 280 278 271 284 284 284 284 284 284 284 287 289 354 292 338 338 338 35 0 0 
0 0 0 0 0 0 0 0 0 0 0 271 271 269 269 269 269 271 269 271 271 269 277 271 275 269 284 284 284 284 284 284 284 291 292 354 4 14 0 
0 0 0 0 0 0 0 0 0 0 0 0 0 0 269 269 269 269 269 271 269 271 269 271 271 269 271 269 269 281 282 277 284 284 284 285 291 4 14 
0 0 0 0 0 0 0 0 0 0 0 0 0 0 0 0 0 271 271 271 269 269 269 269 269 269 269 269 271 269 271 269 271 269 281 284 284 65535 82 
0 0 0 0 0 0 0 0 0 0 0 0 0 0 0 0 0 0 0 0 0 0 0 269 269 269 269 269 269 269 269 269 269 269 269 257 257 174 104 
0 0 0 0 0 0 0 0 0 0 0 0 0 0 0 0 0 0 0 0 0 0 0 0 0 0 0 0 0 0 0 269 251 262 251 257 174 0 0 
