test/output/constant/M3M480_S060_A000_WD045.0_WS010.0/M3M480_S060_A000_WD045.0_WS010.0_arrival.asc
ncols         49
nrows         12
xllcorner     421803.990666
yllcorner     12747855.311160
cellsize      100.000000
NODATA_value  0.000000
0.000000 0.000000 0.000000 0.000000 0.000000 0.000000 0.000000 0.000000 0.000000 0.000000 0.000000 0.000000 0.000000 0.000000 0.000000 0.000000 0.000000 0.000000 0.000000 0.000000 0.000000 0.000000 0.000000 0.000000 0.000000 0.000000 0.000000 0.000000 0.000000 0.000000 0.000000 0.000000 0.000000 0.000000 0.000000 0.000000 0.000000 0.000000 166.041667 166.041266 166.041607 166.041266 0.000000 0.000000 0.000000 0.000000 0.000000 0.000000 0.000000 
0.000000 0.000000 0.000000 0.000000 0.000000 0.000000 0.000000 0.000000 0.000000 0.000000 0.000000 0.000000 0.000000 0.000000 0.000000 0.000000 0.000000 0.000000 0.000000 0.000000 0.000000 0.000000 0.000000 0.000000 0.000000 166.041607 166.040243 166.038538 166.037174 166.035809 166.034104 166.032740 166.031035 166.029671 166.028307 166.026601 166.025578 166.023873 166.022509 166.021145 166.019439 166.018075 166.017052 166.016029 166.015347 166.015006 166.015006 166.017393 166.026942 
0.000000 0.000000 0.000000 0.000000 0.000000 0.000000 0.000000 0.000000 0.000000 0.000000 0.000000 0.000000 0.000000 0.000000 0.000000 0.000000 0.000000 0.000000 166.040584 166.039220 166.037856 166.036151 166.034786 166.033081 166.031717 166.030353 166.028648 166.027283 166.025919 166.024214 166.022850 166.021486 166.019780 166.018416 166.017052 166.015347 166.013983 166.012619 166.011254 166.009549 166.008185 166.006821 166.005457 166.004434 166.003069 166.002387 166.001364 166.000682 166.000000 
0.000000 0.000000 0.000000 0.000000 0.000000 0.000000 0.000000 0.000000 0.000000 0.000000 0.000000 0.000000 0.000000 0.000000 166.040243 166.038879 166.037515 166.036151 166.034445 166.033081 166.031717 166.030353 166.028648 166.027283 166.025919 166.024555 166.022850 166.021486 166.020463 166.019098 166.017734 166.016370 166.015006 166.013983 166.012619 166.011595 166.010231 166.009208 166.008526 166.007503 166.006821 166.005798 166.005116 166.004093 166.003069 166.002387 166.002387 166.002728 166.012960 
0.000000 0.000000 0.000000 0.000000 0.000000 0.000000 0.000000 0.000000 0.000000 0.000000 166.040584 166.039220 166.037856 166.036492 166.035127 166.033763 166.032399 166.031035 166.029671 166.028648 166.027283 166.025919 166.024555 166.023532 166.022168 166.020804 166.019780 166.018757 166.017393 166.016711 166.015347 166.014665 166.013642 166.012619 166.011936 166.010913 166.010231 166.009208 166.008526 166.007844 166.007162 166.006821 166.006821 166.007162 166.008185 166.011254 166.018416 166.033422 0.000000 
0.000000 0.000000 0.000000 0.000000 0.000000 0.000000 0.000000 166.040584 166.039220 166.038197 166.036833 166.035468 166.034445 166.033081 166.031717 166.030353 166.029330 166.027966 166.026942 166.025919 166.024555 166.023532 166.022509 166.021486 166.020463 166.019780 166.018757 166.018075 166.017052 166.016370 166.015347 166.014665 166.013642 166.012960 166.012278 166.011936 166.011595 166.011254 166.011595 166.011595 166.011936 166.013301 166.015688 166.019780 166.026601 166.036151 0.000000 0.000000 0.000000 
0.000000 0.000000 0.000000 0.000000 166.041266 166.039902 166.038879 166.037515 166.036151 166.035127 166.034104 166.032740 166.032058 166.030694 166.029671 166.028648 166.027624 166.026601 166.025919 166.024896 166.024214 166.023191 166.022168 166.021486 166.020463 166.019780 166.019098 166.018075 166.017393 166.017052 166.016370 166.016029 166.016029 166.015688 166.016029 166.016029 166.016370 166.017052 166.018416 166.020804 166.024214 166.028307 166.035127 0.000000 0.000000 0.000000 0.000000 0.000000 0.000000 
0.000000 0.000000 166.041266 166.039902 166.038879 166.037856 166.036833 166.035809 166.034786 166.033763 166.032740 166.032058 166.031035 166.030012 166.029330 166.028307 166.027624 166.026601 166.025919 166.024896 166.024214 166.023532 166.022850 166.022168 166.021827 166.021145 166.020804 166.020463 166.020463 166.020463 166.020463 166.020804 166.021145 166.021486 166.022509 166.023873 166.025919 166.028989 166.032399 166.037174 0.000000 0.000000 0.000000 0.000000 0.000000 0.000000 0.000000 0.000000 0.000000 
166.041667 166.040925 166.039902 166.038879 166.037856 166.037174 166.036151 166.035468 166.034445 166.033763 166.032740 166.032058 166.031035 166.030012 166.029330 166.028648 166.027966 166.027283 166.026942 166.026260 166.025919 166.025578 166.025237 166.024896 166.024896 166.024896 166.024896 166.025237 166.025578 166.025919 166.026601 166.027624 166.028989 166.031035 166.033763 166.037174 166.040925 0.000000 0.000000 0.000000 0.000000 0.000000 0.000000 0.000000 0.000000 0.000000 0.000000 0.000000 0.000000 
166.041607 166.040584 166.039561 166.038879 166.037856 166.037174 166.036151 166.035468 166.034786 166.033763 166.033081 166.032740 166.032058 166.031717 166.031035 166.030694 166.030012 166.030012 166.029671 166.029330 166.029330 166.029330 166.029671 166.029671 166.030012 166.030353 166.030694 166.031717 166.032740 166.034104 166.036151 166.038879 0.000000 0.000000 0.000000 0.000000 0.000000 0.000000 0.000000 0.000000 0.000000 0.000000 0.000000 0.000000 0.000000 0.000000 0.000000 0.000000 0.000000 
166.041607 166.040584 166.039902 166.039220 166.038538 166.037856 166.037174 166.036833 166.036151 166.035809 166.035127 166.034786 166.034445 166.034104 166.034104 166.033763 166.033763 166.034104 166.034104 166.034445 166.034445 166.034786 166.035127 166.035809 166.036833 166.038197 166.039220 166.041607 0.000000 0.000000 0.000000 0.000000 0.000000 0.000000 0.000000 0.000000 0.000000 0.000000 0.000000 0.000000 0.000000 0.000000 0.000000 0.000000 0.000000 0.000000 0.000000 0.000000 0.000000 
0.000000 0.000000 166.041607 166.040925 166.040243 166.039902 166.039561 166.039220 166.038879 166.038538 166.038197 166.038197 166.038197 166.038538 166.038538 166.038879 166.039220 166.039561 166.039561 166.040243 166.040925 0.000000 0.000000 0.000000 0.000000 0.000000 0.000000 0.000000 0.000000 0.000000 0.000000 0.000000 0.000000 0.000000 0.000000 0.000000 0.000000 0.000000 0.000000 0.000000 0.000000 0.000000 0.000000 0.000000 0.000000 0.000000 0.000000 0.000000 0.000000 
