test/output/constant/M365_S060_A270_WD270.0_WS005.0/M365_S060_A270_WD270.0_WS005.0_arrival.asc
ncols         10
nrows         37
xllcorner     426403.990666
yllcorner     12748755.311160
cellsize      100.000000
NODATA_value  0.000000
0.000000 0.000000 0.000000 0.000000 0.000000 0.000000 166.041593 166.041136 0.000000 0.000000 
0.000000 0.000000 0.000000 0.000000 0.000000 166.041136 166.040222 166.040222 166.041136 0.000000 
0.000000 0.000000 0.000000 0.000000 0.000000 166.039764 166.038850 166.039307 166.040222 0.000000 
0.000000 0.000000 0.000000 0.000000 166.040679 166.038393 166.037936 166.037936 166.039307 0.000000 
0.000000 0.000000 0.000000 0.000000 166.039307 166.037022 166.036565 166.037022 166.038393 166.041593 
0.000000 0.000000 0.000000 166.041136 166.037479 166.035651 166.035651 166.035651 166.037479 166.040679 
0.000000 0.000000 0.000000 166.039764 166.036108 166.034737 166.034280 166.034737 166.037022 166.040679 
0.000000 0.000000 0.000000 166.037936 166.034737 166.033366 166.033366 166.033823 166.036108 166.040222 
0.000000 0.000000 166.041136 166.036565 166.033366 166.031994 166.031994 166.032909 166.035651 166.040222 
0.000000 0.000000 166.039764 166.035194 166.031994 166.031080 166.031080 166.031994 166.035194 166.039764 
0.000000 0.000000 166.037936 166.033366 166.030623 166.029709 166.029709 166.031080 166.034280 166.039764 
0.000000 0.000000 166.036565 166.031994 166.029252 166.028795 166.028795 166.030623 166.034280 166.039764 
0.000000 166.041593 166.034737 166.030623 166.027881 166.027424 166.027424 166.029709 166.033823 166.040222 
0.000000 166.039764 166.033366 166.028795 166.026510 166.026510 166.026510 166.029252 166.033823 166.040222 
0.000000 166.038393 166.031537 166.027424 166.025138 166.025138 166.025596 166.028795 166.033823 166.040222 
0.000000 166.036565 166.030166 166.026053 166.024224 166.023767 166.024681 166.028338 166.033823 166.040679 
0.000000 166.035194 166.028338 166.024224 166.022853 166.022853 166.024224 166.027881 166.033823 166.041593 
0.000000 166.033823 166.026967 166.022853 166.021482 166.021939 166.023310 166.027881 166.033823 0.000000 
0.000000 166.031994 166.025138 166.021482 166.020568 166.020568 166.022853 166.027881 166.034280 0.000000 
0.000000 166.030623 166.023767 166.020111 166.019197 166.019654 166.022396 166.027881 166.035194 0.000000 
166.041593 166.028795 166.021939 166.018740 166.018283 166.018740 166.021939 166.027881 166.036108 0.000000 
166.040222 166.027424 166.020568 166.017368 166.016911 166.017825 166.021482 166.027881 166.037936 0.000000 
166.039307 166.026053 166.018740 166.015997 166.015997 166.016911 166.021482 166.028795 166.040222 0.000000 
166.037936 166.024681 166.017368 166.014626 166.014626 166.016454 166.021482 166.029709 0.000000 0.000000 
166.037022 166.022853 166.015997 166.013712 166.013712 166.015997 166.021939 166.031537 0.000000 0.000000 
166.036108 166.021482 166.014169 166.012341 166.012341 166.015540 166.021939 166.033823 0.000000 0.000000 
166.035194 166.020111 166.012798 166.011427 166.011427 166.015540 166.023310 166.036565 0.000000 0.000000 
166.034280 166.018740 166.011427 166.010055 166.010512 166.015540 166.025138 166.040222 0.000000 0.000000 
166.034280 166.017368 166.009598 166.009141 166.010055 166.015540 166.027424 0.000000 0.000000 0.000000 
166.033823 166.015997 166.008227 166.007770 166.009598 166.016911 166.031080 0.000000 0.000000 0.000000 
166.034280 166.015083 166.006856 166.006399 166.009598 166.018740 166.037022 0.000000 0.000000 0.000000 
166.034737 166.013712 166.005485 166.005485 166.009598 166.021939 0.000000 0.000000 0.000000 0.000000 
166.037022 166.012798 166.004114 166.004114 166.010055 166.027424 0.000000 0.000000 0.000000 0.000000 
166.039764 166.011884 166.003199 166.003657 166.012798 166.036108 0.000000 0.000000 0.000000 0.000000 
0.000000 166.011884 166.001828 166.003199 166.018283 0.000000 0.000000 0.000000 0.000000 0.000000 
0.000000 166.013255 166.000914 166.003657 166.030166 0.000000 0.000000 0.000000 0.000000 0.000000 
0.000000 166.021025 166.000000 166.011427 0.000000 0.000000 0.000000 0.000000 0.000000 0.000000 
