test/output/constant/M385_S060_A000_WD180.0_WS005.0/M385_S060_A000_WD180.0_WS005.0_ros.asc
ncols         50
nrows         12
xllcorner     421803.990666
yllcorner     12748555.311160
cellsize      100.000000
NODATA_value  0.000000
0.000000 0.000000 0.000000 0.000000 0.000000 0.000000 67.668404 76.467285 67.668404 72.534729 55.750290 62.016293 62.016293 62.016293 62.016293 55.750290 4.502283 55.750290 55.750290 0.000000 0.000000 0.000000 0.000000 0.000000 0.000000 0.000000 0.000000 0.000000 0.000000 0.000000 0.000000 0.000000 0.000000 0.000000 0.000000 0.000000 0.000000 0.000000 0.000000 0.000000 0.000000 0.000000 0.000000 0.000000 0.000000 0.000000 0.000000 0.000000 0.000000 0.000000 
0.000000 81.628868 81.628868 81.628868 81.628868 79.346466 81.628868 81.628868 81.628868 79.346466 79.346466 72.534729 67.668404 72.534729 55.750290 55.750290 55.750290 55.750290 55.750290 55.750290 55.750290 4.502283 4.502283 62.016293 55.750290 7.510055 4.502283 0.000000 0.000000 0.000000 0.000000 0.000000 0.000000 0.000000 0.000000 0.000000 0.000000 0.000000 0.000000 0.000000 0.000000 0.000000 0.000000 0.000000 0.000000 0.000000 0.000000 0.000000 0.000000 0.000000 
81.628868 81.628868 81.628868 76.467285 81.628868 76.467285 81.628868 81.628868 81.084679 81.628868 81.628868 72.534729 79.346466 81.628868 79.346466 81.628868 81.628868 67.668404 62.016293 55.750290 55.750290 55.750290 4.502283 55.750290 62.016293 4.502283 62.016293 55.750290 55.750290 55.750290 2.547959 62.016293 55.750290 0.000000 0.000000 0.000000 0.000000 0.000000 0.000000 0.000000 0.000000 0.000000 0.000000 0.000000 0.000000 0.000000 0.000000 0.000000 0.000000 0.000000 
81.628868 81.628868 81.628868 81.628868 81.628868 81.628868 79.346466 81.628868 81.628868 79.346466 81.628868 72.534729 81.628868 81.628868 81.628868 81.628868 81.628868 67.668404 76.467285 79.346466 79.346466 67.668404 81.478195 55.750290 62.016293 67.668404 72.534729 4.502283 62.016293 62.016293 2.547959 4.502283 4.502283 2.547959 55.750290 62.016293 55.750290 0.000000 0.000000 0.000000 0.000000 0.000000 0.000000 0.000000 0.000000 0.000000 0.000000 0.000000 0.000000 0.000000 
68.220726 81.628868 81.628868 81.628868 81.628868 81.628868 76.467285 81.628868 81.628868 81.628868 76.467285 81.628868 81.084679 81.628868 81.628868 81.628868 72.534729 81.628868 81.628868 81.628868 81.628868 81.628868 81.628868 67.668404 79.346466 81.628868 81.628868 62.016293 67.668404 62.016293 55.750290 2.547959 62.016293 55.750290 4.502283 7.510055 55.750290 55.750290 2.547959 2.547959 1.095018 0.000000 0.000000 0.000000 0.000000 0.000000 0.000000 0.000000 0.000000 0.000000 
0.000000 81.535782 68.220726 62.641609 72.996330 56.428391 81.628868 81.628868 56.428391 62.641609 81.628868 81.628868 81.628868 81.628868 81.628868 81.628868 81.628868 81.628868 81.628868 81.628868 81.628868 81.084679 81.628868 76.467285 81.628868 81.628868 81.628868 81.628868 81.628868 81.628868 79.346466 67.668404 76.467285 55.750290 55.750290 55.750290 4.502283 55.750290 7.510055 62.016293 62.016293 55.750290 4.502283 55.750290 0.000000 0.000000 0.000000 0.000000 0.000000 0.000000 
0.000000 0.000000 56.428391 56.428391 81.199493 62.641609 56.428391 72.996330 56.428391 68.220726 56.428391 62.641609 79.585732 56.428391 81.628868 56.428391 72.996330 68.220726 81.628868 81.628868 62.641609 81.628868 81.628868 81.628868 81.628868 81.628868 81.628868 81.628868 81.084679 81.628868 81.628868 81.628868 81.628868 81.628868 81.628868 81.628868 79.346466 62.016293 55.750290 62.016293 55.750290 1.885429 4.502283 55.750290 1.461841 1.885429 0.000000 0.000000 0.000000 0.000000 
0.000000 0.000000 0.000000 0.000000 0.000000 62.641609 62.641609 56.428391 62.641609 62.641609 56.428391 62.641609 62.641609 56.428391 62.641609 56.428391 56.428391 76.823395 76.823395 62.641609 72.996330 56.428391 81.628868 81.628868 56.428391 62.641609 72.996330 81.628868 81.628868 81.628868 81.628868 81.628868 81.628868 81.628868 81.628868 81.628868 81.478195 81.628868 81.478195 81.628868 79.346466 62.016293 55.750290 55.750290 1.885429 55.750290 1.095018 1.885429 0.000000 0.000000 
0.000000 0.000000 0.000000 0.000000 0.000000 0.000000 0.000000 56.428391 56.428391 62.641609 62.641609 56.428391 62.641609 62.641609 56.428391 62.641609 62.641609 56.428391 62.641609 62.641609 56.428391 62.641609 62.641609 56.428391 62.641609 62.641609 56.428391 56.428391 79.585732 56.428391 68.220726 56.428391 76.823395 62.641609 62.641609 81.628868 81.628868 81.628868 81.628868 81.628868 81.628868 81.628868 81.628868 81.628868 79.346466 81.628868 62.016293 1.461841 1.885429 0.000000 
0.000000 0.000000 0.000000 0.000000 0.000000 0.000000 0.000000 0.000000 0.000000 0.000000 0.000000 56.428391 62.641609 56.428391 62.641609 62.641609 56.428391 62.641609 56.428391 62.641609 62.641609 56.428391 62.641609 56.428391 56.428391 56.428391 56.428391 62.641609 56.428391 62.641609 56.428391 62.641609 62.641609 56.428391 56.428391 56.428391 56.428391 62.641609 62.641609 56.428391 56.428391 62.641609 56.428391 56.428391 81.628868 81.628868 81.628868 81.628868 -1.000000 0.872775 
0.000000 0.000000 0.000000 0.000000 0.000000 0.000000 0.000000 0.000000 0.000000 0.000000 0.000000 0.000000 0.000000 0.000000 0.000000 62.641609 62.641609 62.641609 56.428391 62.641609 56.428391 56.428391 56.428391 56.428391 62.641609 56.428391 62.641609 56.428391 62.641609 62.641609 56.428391 56.428391 56.428391 62.641609 62.641609 62.641609 56.428391 56.428391 56.428391 56.428391 56.428391 22.797714 56.428391 22.797714 22.797714 29.173990 42.867916 29.173990 1.067486 0.000000 
0.000000 0.000000 0.000000 0.000000 0.000000 0.000000 0.000000 0.000000 0.000000 0.000000 0.000000 0.000000 0.000000 0.000000 0.000000 0.000000 0.000000 0.000000 0.000000 0.000000 0.000000 0.000000 56.428391 56.428391 56.428391 62.641609 62.641609 56.428391 56.428391 56.428391 62.641609 56.428391 62.641609 56.428391 56.428391 56.428391 35.932461 56.428391 29.173990 29.173990 56.428391 29.173990 22.797714 35.932461 1.067486 29.173990 1.067486 0.000000 0.000000 0.000000 
