test/output/constant/M485_S060_A270_WD180.0_WS040.0/M485_S060_A270_WD180.0_WS040.0_arrival.asc
ncols         7
nrows         43
xllcorner     426303.990666
yllcorner     12748755.311160
cellsize      100.000000
NODATA_value  0.000000
0.000000 0.000000 0.000000 166.041061 0.000000 0.000000 0.000000 
0.000000 0.000000 166.041061 166.040271 166.041061 0.000000 0.000000 
0.000000 0.000000 166.040271 166.039087 166.040271 0.000000 0.000000 
0.000000 0.000000 166.039087 166.038297 166.039087 0.000000 0.000000 
0.000000 166.041455 166.038297 166.037112 166.038297 166.041455 0.000000 
0.000000 166.040666 166.037112 166.036323 166.037112 166.040666 0.000000 
0.000000 166.039876 166.036323 166.035138 166.036323 166.039876 0.000000 
0.000000 166.038692 166.035138 166.034349 166.035138 166.038692 0.000000 
0.000000 166.037902 166.034349 166.033164 166.034349 166.037902 0.000000 
0.000000 166.037112 166.033559 166.032375 166.033559 166.037112 0.000000 
0.000000 166.035928 166.032375 166.031190 166.032375 166.035928 0.000000 
0.000000 166.035138 166.031585 166.030401 166.031585 166.035138 0.000000 
0.000000 166.034349 166.030401 166.029216 166.030401 166.034349 0.000000 
0.000000 166.033559 166.029611 166.028427 166.029611 166.033559 0.000000 
166.041455 166.032770 166.028427 166.027242 166.028427 166.032770 166.041455 
166.040666 166.031980 166.027637 166.026452 166.027637 166.031980 166.040666 
166.040271 166.031190 166.026847 166.025268 166.026847 166.031190 166.040271 
166.039876 166.030401 166.025663 166.024478 166.025663 166.030401 166.039876 
166.039876 166.029611 166.024873 166.023294 166.024873 166.029611 166.039876 
166.039876 166.028821 166.023689 166.022504 166.023689 166.028821 166.039876 
166.039876 166.028427 166.022899 166.021320 166.022899 166.028427 166.039876 
166.040271 166.027637 166.021715 166.020530 166.021715 166.027637 166.040271 
166.040666 166.026847 166.020925 166.019346 166.020925 166.026847 166.040666 
166.041061 166.026058 166.019741 166.018556 166.019741 166.026058 166.041061 
166.041667 166.025663 166.018951 166.017372 166.018951 166.025663 166.041667 
0.000000 166.024873 166.018161 166.016582 166.018161 166.024873 0.000000 
0.000000 166.024478 166.016977 166.015398 166.016977 166.024478 0.000000 
0.000000 166.024084 166.016187 166.014608 166.016187 166.024084 0.000000 
0.000000 166.024084 166.015003 166.013424 166.015003 166.024084 0.000000 
0.000000 166.024084 166.014213 166.012634 166.014213 166.024084 0.000000 
0.000000 166.024478 166.013029 166.011450 166.013029 166.024478 0.000000 
0.000000 166.024873 166.012239 166.010660 166.012239 166.024873 0.000000 
0.000000 166.025663 166.011450 166.009476 166.011450 166.025663 0.000000 
0.000000 166.026847 166.010660 166.008686 166.010660 166.026847 0.000000 
0.000000 166.028821 166.009870 166.007501 166.009870 166.028821 0.000000 
0.000000 166.030795 166.009081 166.006712 166.009081 166.030795 0.000000 
0.000000 166.034744 166.008291 166.005527 166.008291 166.034744 0.000000 
0.000000 166.039876 166.008291 166.004738 166.008291 166.039876 0.000000 
0.000000 0.000000 166.008291 166.003553 166.008291 0.000000 0.000000 
0.000000 0.000000 166.009081 166.002764 166.009081 0.000000 0.000000 
0.000000 0.000000 166.011450 166.001579 166.011450 0.000000 0.000000 
0.000000 0.000000 166.018951 166.000790 166.018951 0.000000 0.000000 
0.000000 0.000000 0.000000 166.000000 0.000000 0.000000 0.000000 
