test/output/constant/M3M485_S060_A000_WD225.0_WS010.0/M3M485_S060_A000_WD225.0_WS010.0_ros.asc
ncols         38
nrows         13
xllcorner     423003.990666
yllcorner     12748555.311160
cellsize      100.000000
NODATA_value  0.000000
0.000000 0.000000 0.000000 61.391647 61.548916 61.391647 50.647705 46.390957 50.647705 46.390957 41.699776 41.699776 41.699776 0.000000 0.000000 0.000000 0.000000 0.000000 0.000000 0.000000 0.000000 0.000000 0.000000 0.000000 0.000000 0.000000 0.000000 0.000000 0.000000 0.000000 0.000000 0.000000 0.000000 0.000000 0.000000 0.000000 0.000000 0.000000 
57.357159 61.548916 61.548916 61.548916 61.548916 61.017784 59.605724 61.548916 61.391647 59.605724 50.647705 54.340553 4.130371 46.390957 41.699776 46.390957 41.699776 41.699776 4.130371 0.000000 0.000000 0.000000 0.000000 0.000000 0.000000 0.000000 0.000000 0.000000 0.000000 0.000000 0.000000 0.000000 0.000000 0.000000 0.000000 0.000000 0.000000 0.000000 
61.548916 61.548916 61.548916 61.548916 61.548916 61.548916 61.548916 61.548916 61.391647 61.548916 54.340553 61.548916 61.548916 54.340553 50.647705 46.390957 2.710317 2.710317 6.290513 6.290513 41.699776 46.390957 2.710317 0.000000 0.000000 0.000000 0.000000 0.000000 0.000000 0.000000 0.000000 0.000000 0.000000 0.000000 0.000000 0.000000 0.000000 0.000000 
42.740234 61.548916 61.548916 61.548916 61.548916 61.548916 61.548916 61.548916 61.548916 61.548916 61.548916 61.548916 57.357159 59.605724 61.548916 59.605724 54.340553 54.340553 2.710317 41.699776 41.699776 4.130371 6.290513 2.710317 4.130371 6.290513 0.000000 0.000000 0.000000 0.000000 0.000000 0.000000 0.000000 0.000000 0.000000 0.000000 0.000000 0.000000 
0.000000 32.683582 42.740234 61.548916 61.548916 61.548916 61.548916 61.548916 61.548916 59.605724 61.548916 61.548916 59.605724 61.391647 61.548916 61.548916 54.340553 59.605724 59.605724 54.340553 50.647705 46.390957 41.699776 41.699776 2.710317 41.699776 41.699776 4.130371 41.699776 0.000000 0.000000 0.000000 0.000000 0.000000 0.000000 0.000000 0.000000 0.000000 
0.000000 0.000000 37.800072 55.059452 61.488415 42.740234 32.683582 37.800072 61.548916 61.548916 61.548916 61.548916 61.548916 61.548916 59.605724 61.548916 61.548916 61.548916 61.548916 57.357159 61.548916 61.548916 61.548916 54.340553 4.130371 4.130371 41.699776 4.130371 4.130371 2.710317 2.710317 2.245645 0.000000 0.000000 0.000000 0.000000 0.000000 0.000000 
0.000000 0.000000 0.000000 32.683582 37.800072 37.800072 32.683582 61.210567 37.800072 47.354401 61.548916 32.683582 37.800072 61.548916 61.548916 61.548916 61.548916 61.548916 61.548916 61.548916 61.548916 61.548916 61.548916 59.605724 54.340553 50.647705 50.647705 41.699776 46.390957 1.584514 1.382559 2.710317 2.710317 1.584514 0.000000 0.000000 0.000000 0.000000 
0.000000 0.000000 0.000000 0.000000 0.000000 37.800072 59.988045 32.683582 37.800072 32.683582 37.800072 37.800072 37.800072 32.683582 42.740234 47.354401 32.683582 37.800072 61.548916 61.548916 61.548916 61.548916 61.548916 61.548916 61.548916 61.548916 61.548916 59.605724 61.391647 41.699776 41.699776 46.390957 41.699776 4.130371 31.593527 0.000000 0.000000 0.000000 
0.000000 0.000000 0.000000 0.000000 0.000000 0.000000 0.000000 37.800072 32.683582 37.800072 32.683582 37.800072 37.800072 37.800072 37.800072 32.683582 37.800072 37.800072 37.800072 32.683582 32.683582 37.800072 47.354401 61.548916 61.548916 61.548916 61.548916 61.548916 61.548916 61.548916 50.647705 54.340553 41.699776 46.390957 36.716808 2.710317 1.923069 0.000000 
0.000000 0.000000 0.000000 0.000000 0.000000 0.000000 0.000000 0.000000 0.000000 0.000000 32.683582 32.683582 32.683582 37.800072 32.683582 32.683582 37.800072 37.800072 32.683582 37.800072 32.683582 47.354401 37.800072 37.800072 37.800072 37.800072 32.683582 37.800072 37.800072 61.548916 61.548916 61.548916 61.548916 61.548916 61.391647 50.647705 1.923069 1.923069 
0.000000 0.000000 0.000000 0.000000 0.000000 0.000000 0.000000 0.000000 0.000000 0.000000 0.000000 0.000000 0.000000 37.800072 32.683582 37.800072 37.800072 32.683582 32.683582 37.800072 32.683582 32.683582 37.800072 37.800072 32.683582 32.683582 37.800072 37.800072 32.683582 42.740234 32.683582 32.683582 47.354401 32.683582 61.548916 61.548916 -1.000000 1.382559 
0.000000 0.000000 0.000000 0.000000 0.000000 0.000000 0.000000 0.000000 0.000000 0.000000 0.000000 0.000000 0.000000 0.000000 0.000000 0.000000 0.000000 0.000000 37.800072 37.800072 37.800072 37.800072 32.683582 32.683582 32.683582 32.683582 37.800072 37.800072 32.683582 37.800072 32.683582 32.683582 32.683582 32.683582 32.683582 22.541719 1.312413 1.526114 
0.000000 0.000000 0.000000 0.000000 0.000000 0.000000 0.000000 0.000000 0.000000 0.000000 0.000000 0.000000 0.000000 0.000000 0.000000 0.000000 0.000000 0.000000 0.000000 0.000000 0.000000 0.000000 0.000000 0.000000 0.000000 32.683582 32.683582 32.683582 32.683582 22.541719 32.683582 13.530532 1.526114 1.312413 1.526114 0.000000 0.000000 0.000000 
