test/output/constant/C2_S000_A090_WD090.0_WS050.0/C2_S000_A090_WD090.0_WS050.0_arrival.asc
ncols         38
nrows         7
xllcorner     422903.990666
yllcorner     12748455.311160
cellsize      100.000000
NODATA_value  0.000000
0.000000 0.000000 0.000000 0.000000 0.000000 0.000000 0.000000 0.000000 0.000000 166.041667 166.041239 166.040333 166.039426 166.038973 166.038067 166.037160 166.036707 166.036254 166.036254 166.036254 166.036254 166.036254 166.036707 166.037160 166.038067 166.038973 166.040786 0.000000 0.000000 0.000000 0.000000 0.000000 0.000000 0.000000 0.000000 0.000000 0.000000 0.000000 
0.000000 0.000000 0.000000 166.041667 166.040786 166.039426 166.038520 166.037614 166.036254 166.035348 166.034441 166.033535 166.032175 166.031269 166.030363 166.029456 166.028550 166.027644 166.026737 166.025831 166.025378 166.024471 166.023565 166.023112 166.022206 166.021752 166.021752 166.021752 166.022206 166.022659 166.023565 166.025378 166.028097 166.032175 166.038973 0.000000 0.000000 0.000000 
0.000000 166.041239 166.039879 166.038973 166.037614 166.036707 166.035801 166.034441 166.033535 166.032175 166.031269 166.029910 166.029003 166.027644 166.026737 166.025378 166.024471 166.023112 166.022206 166.020846 166.019940 166.018580 166.017674 166.016767 166.015408 166.014502 166.013595 166.012236 166.011329 166.010423 166.009517 166.008610 166.007704 166.007251 166.007704 166.008157 166.012236 166.033082 
166.041667 166.040333 166.039426 166.038067 166.037160 166.035801 166.034895 166.033535 166.032629 166.031269 166.030363 166.029003 166.028097 166.026737 166.025831 166.024471 166.023565 166.022206 166.021299 166.019940 166.019033 166.017674 166.016767 166.015408 166.014502 166.013142 166.012236 166.010876 166.009970 166.008610 166.007704 166.006344 166.005438 166.004079 166.003172 166.001813 166.000906 166.000000 
0.000000 166.041239 166.039879 166.038973 166.037614 166.036707 166.035801 166.034441 166.033535 166.032175 166.031269 166.029910 166.029003 166.027644 166.026737 166.025378 166.024471 166.023112 166.022206 166.020846 166.019940 166.018580 166.017674 166.016767 166.015408 166.014502 166.013595 166.012236 166.011329 166.010423 166.009517 166.008610 166.007704 166.007251 166.007704 166.008157 166.012236 166.033082 
0.000000 0.000000 0.000000 166.041667 166.040786 166.039426 166.038520 166.037614 166.036254 166.035348 166.034441 166.033535 166.032175 166.031269 166.030363 166.029456 166.028550 166.027644 166.026737 166.025831 166.025378 166.024471 166.023565 166.023112 166.022206 166.021752 166.021752 166.021752 166.022206 166.022659 166.023565 166.025378 166.028097 166.032175 166.038973 0.000000 0.000000 0.000000 
0.000000 0.000000 0.000000 0.000000 0.000000 0.000000 0.000000 0.000000 0.000000 166.041667 166.041239 166.040333 166.039426 166.038973 166.038067 166.037160 166.036707 166.036254 166.036254 166.036254 166.036254 166.036254 166.036707 166.037160 166.038067 166.038973 166.040786 0.000000 0.000000 0.000000 0.000000 0.000000 0.000000 0.000000 0.000000 0.000000 0.000000 0.000000 
