test/output/constant/M3M490_S060_A000_WD090.0_WS005.0/M3M490_S060_A000_WD090.0_WS005.0_arrival.asc
ncols         54
nrows         11
xllcorner     421303.990666
yllcorner     12748255.311160
cellsize      100.000000
NODATA_value  0.000000
0.000000 0.000000 0.000000 0.000000 0.000000 0.000000 0.000000 0.000000 0.000000 0.000000 0.000000 0.000000 0.000000 0.000000 0.000000 0.000000 0.000000 0.000000 166.041437 166.040814 166.040502 166.040191 166.040191 166.040191 166.040191 166.040191 166.040191 166.040502 166.040814 166.041125 166.041437 0.000000 0.000000 0.000000 0.000000 0.000000 0.000000 0.000000 0.000000 0.000000 0.000000 0.000000 0.000000 0.000000 0.000000 0.000000 0.000000 0.000000 0.000000 0.000000 0.000000 0.000000 0.000000 0.000000 
0.000000 0.000000 0.000000 0.000000 0.000000 0.000000 0.000000 0.000000 0.000000 166.041125 166.040502 166.039879 166.039568 166.038945 166.038321 166.037698 166.037387 166.036764 166.036141 166.035517 166.035206 166.034583 166.033960 166.033648 166.033025 166.032402 166.032090 166.031779 166.031467 166.031467 166.031467 166.031467 166.031467 166.031779 166.032090 166.032090 166.032402 166.033025 166.033648 166.034583 166.035829 166.037387 166.039568 166.041437 0.000000 0.000000 0.000000 0.000000 0.000000 0.000000 0.000000 0.000000 0.000000 0.000000 
0.000000 0.000000 0.000000 0.000000 166.041437 166.040814 166.040191 166.039256 166.038633 166.038010 166.037387 166.036452 166.035829 166.035206 166.034583 166.033648 166.033025 166.032402 166.031467 166.030844 166.030221 166.029909 166.029286 166.028663 166.028040 166.027417 166.026794 166.026482 166.025859 166.025236 166.024613 166.024301 166.023678 166.023367 166.022744 166.022432 166.022432 166.022432 166.022432 166.022744 166.023055 166.023367 166.023678 166.024613 166.025859 166.027729 166.029909 166.033337 166.038010 0.000000 0.000000 0.000000 0.000000 0.000000 
0.000000 0.000000 166.041125 166.040191 166.039568 166.038633 166.038010 166.037387 166.036452 166.035829 166.034894 166.034271 166.033337 166.032713 166.032090 166.031156 166.030533 166.029598 166.028975 166.028352 166.027417 166.026794 166.026171 166.025236 166.024613 166.023990 166.023055 166.022432 166.021809 166.021186 166.020251 166.019628 166.019005 166.018382 166.017759 166.017136 166.016512 166.015889 166.015578 166.014955 166.014332 166.014020 166.013708 166.013397 166.013708 166.013708 166.014020 166.014643 166.015889 166.018382 166.022432 166.029909 0.000000 0.000000 
166.041125 166.040502 166.039568 166.038945 166.038010 166.037387 166.036452 166.035829 166.034894 166.034271 166.033337 166.032713 166.032090 166.031156 166.030533 166.029598 166.028975 166.028040 166.027417 166.026482 166.025859 166.025236 166.024301 166.023678 166.022744 166.022120 166.021186 166.020563 166.019628 166.019005 166.018382 166.017447 166.016824 166.015889 166.015266 166.014332 166.013708 166.012774 166.012151 166.011528 166.010593 166.009970 166.009035 166.008412 166.007789 166.006854 166.006231 166.005608 166.005296 166.004673 166.004673 166.004985 166.006854 166.016512 
166.041125 166.040191 166.039568 166.038633 166.038010 166.037075 166.036452 166.035517 166.034894 166.033960 166.033337 166.032402 166.031779 166.030844 166.030221 166.029286 166.028663 166.027729 166.027105 166.026171 166.025548 166.024613 166.023990 166.023055 166.022432 166.021497 166.020874 166.019940 166.019316 166.018382 166.017759 166.016824 166.016201 166.015266 166.014643 166.013708 166.013085 166.012151 166.011528 166.010593 166.009970 166.009035 166.008412 166.007477 166.006854 166.005920 166.005296 166.004362 166.003739 166.002804 166.002181 166.001246 166.000623 166.000000 
166.041125 166.040502 166.039568 166.038945 166.038010 166.037387 166.036452 166.035829 166.034894 166.034271 166.033337 166.032713 166.032090 166.031156 166.030533 166.029598 166.028975 166.028040 166.027417 166.026482 166.025859 166.025236 166.024301 166.023678 166.022744 166.022120 166.021186 166.020563 166.019628 166.019005 166.018382 166.017447 166.016824 166.015889 166.015266 166.014332 166.013708 166.012774 166.012151 166.011528 166.010593 166.009970 166.009035 166.008412 166.007789 166.006854 166.006231 166.005608 166.005296 166.004673 166.004673 166.004985 166.006854 166.016512 
0.000000 0.000000 166.041125 166.040191 166.039568 166.038633 166.038010 166.037387 166.036452 166.035829 166.034894 166.034271 166.033337 166.032713 166.032090 166.031156 166.030533 166.029598 166.028975 166.028352 166.027417 166.026794 166.026171 166.025236 166.024613 166.023990 166.023055 166.022432 166.021809 166.021186 166.020251 166.019628 166.019005 166.018382 166.017759 166.017136 166.016512 166.015889 166.015578 166.014955 166.014332 166.014020 166.013708 166.013397 166.013708 166.013708 166.014020 166.014643 166.015889 166.018382 166.022432 166.029909 0.000000 0.000000 
0.000000 0.000000 0.000000 0.000000 166.041437 166.040814 166.040191 166.039256 166.038633 166.038010 166.037387 166.036452 166.035829 166.035206 166.034583 166.033648 166.033025 166.032402 166.031467 166.030844 166.030221 166.029909 166.029286 166.028663 166.028040 166.027417 166.026794 166.026482 166.025859 166.025236 166.024613 166.024301 166.023678 166.023367 166.022744 166.022432 166.022432 166.022432 166.022432 166.022744 166.023055 166.023367 166.023678 166.024613 166.025859 166.027729 166.029909 166.033337 166.038010 0.000000 0.000000 0.000000 0.000000 0.000000 
0.000000 0.000000 0.000000 0.000000 0.000000 0.000000 0.000000 0.000000 0.000000 166.041125 166.040502 166.039879 166.039568 166.038945 166.038321 166.037698 166.037387 166.036764 166.036141 166.035517 166.035206 166.034583 166.033960 166.033648 166.033025 166.032402 166.032090 166.031779 166.031467 166.031467 166.031467 166.031467 166.031467 166.031779 166.032090 166.032090 166.032402 166.033025 166.033648 166.034583 166.035829 166.037387 166.039568 166.041437 0.000000 0.000000 0.000000 0.000000 0.000000 0.000000 0.000000 0.000000 0.000000 0.000000 
0.000000 0.000000 0.000000 0.000000 0.000000 0.000000 0.000000 0.000000 0.000000 0.000000 0.000000 0.000000 0.000000 0.000000 0.000000 0.000000 0.000000 0.000000 166.041437 166.040814 166.040502 166.040191 166.040191 166.040191 166.040191 166.040191 166.040191 166.040502 166.040814 166.041125 166.041437 0.000000 0.000000 0.000000 0.000000 0.000000 0.000000 0.000000 0.000000 0.000000 0.000000 0.000000 0.000000 0.000000 0.000000 0.000000 0.000000 0.000000 0.000000 0.000000 0.000000 0.000000 0.000000 0.000000 
