test/output/constant/M490_S060_A090_WD000.0_WS035.0/M490_S060_A090_WD000.0_WS035.0_arrival.asc
ncols         7
nrows         45
xllcorner     426303.990666
yllcorner     12744355.311160
cellsize      100.000000
NODATA_value  0.000000
0.000000 0.000000 0.000000 166.000000 0.000000 0.000000 0.000000 
0.000000 0.000000 166.017314 166.000753 166.017314 0.000000 0.000000 
0.000000 0.000000 166.009786 166.001506 166.009786 0.000000 0.000000 
0.000000 0.000000 166.008281 166.002635 166.008281 0.000000 0.000000 
0.000000 0.000000 166.007528 166.003388 166.007528 0.000000 0.000000 
0.000000 166.034629 166.007528 166.004517 166.007528 166.034629 0.000000 
0.000000 166.029736 166.007904 166.005270 166.007904 166.029736 0.000000 
0.000000 166.027101 166.008657 166.006399 166.008657 166.027101 0.000000 
0.000000 166.025595 166.009410 166.007152 166.009410 166.025595 0.000000 
0.000000 166.024466 166.009786 166.008281 166.009786 166.024466 0.000000 
0.000000 166.023337 166.010539 166.009034 166.010539 166.023337 0.000000 
0.000000 166.022584 166.011668 166.010163 166.011668 166.022584 0.000000 
0.000000 166.022208 166.012421 166.010916 166.012421 166.022208 0.000000 
0.000000 166.021831 166.013550 166.012045 166.013550 166.021831 0.000000 
166.041667 166.022208 166.014303 166.012798 166.014303 166.022208 166.041667 
166.040275 166.022208 166.015056 166.013927 166.015056 166.022208 166.040275 
166.039146 166.022584 166.016185 166.014680 166.016185 166.022584 166.039146 
166.038393 166.023337 166.016938 166.015809 166.016938 166.023337 166.038393 
166.037640 166.023713 166.018067 166.016562 166.018067 166.023713 166.037640 
166.037264 166.024466 166.018820 166.017691 166.018820 166.024466 166.037264 
166.036887 166.025219 166.019949 166.018444 166.019949 166.025219 166.036887 
166.036887 166.025972 166.020702 166.019573 166.020702 166.025972 166.036887 
166.036511 166.026348 166.021455 166.020326 166.021455 166.026348 166.036511 
166.036511 166.027101 166.022584 166.021455 166.022584 166.027101 166.036511 
166.036511 166.027854 166.023337 166.022208 166.023337 166.027854 166.036511 
166.036887 166.028607 166.024466 166.023337 166.024466 166.028607 166.036887 
166.037264 166.029359 166.025219 166.024090 166.025219 166.029359 166.037264 
166.038017 166.029736 166.026348 166.025219 166.026348 166.029736 166.038017 
166.038769 166.030489 166.027101 166.025972 166.027101 166.030489 166.038769 
166.039146 166.031618 166.027854 166.027101 166.027854 166.031618 166.039146 
166.039899 166.032371 166.028983 166.027854 166.028983 166.032371 166.039899 
166.040275 166.033123 166.029736 166.028983 166.029736 166.033123 166.040275 
166.041028 166.033876 166.030865 166.029736 166.030865 166.033876 166.041028 
166.041667 166.035005 166.031618 166.030865 166.031618 166.035005 166.041667 
0.000000 166.035758 166.032747 166.031618 166.032747 166.035758 0.000000 
0.000000 166.036511 166.033500 166.032747 166.033500 166.036511 0.000000 
0.000000 166.037640 166.034629 166.033500 166.034629 166.037640 0.000000 
0.000000 166.038393 166.035382 166.034629 166.035382 166.038393 0.000000 
0.000000 166.039146 166.036511 166.035382 166.036511 166.039146 0.000000 
0.000000 166.040275 166.037264 166.036511 166.037264 166.040275 0.000000 
0.000000 166.041028 166.038393 166.037264 166.038393 166.041028 0.000000 
0.000000 0.000000 166.039146 166.038393 166.039146 0.000000 0.000000 
0.000000 0.000000 166.039899 166.039146 166.039899 0.000000 0.000000 
0.000000 0.000000 166.041028 166.040275 166.041028 0.000000 0.000000 
0.000000 0.000000 0.000000 166.041028 0.000000 0.000000 0.000000 
