test/output/constant/S3_S000_A180_WD000.0_WS045.0/S3_S000_A180_WD000.0_WS045.0_arrival.asc
ncols         7
nrows         36
xllcorner     426303.990666
yllcorner     12745255.311160
cellsize      100.000000
NODATA_value  0.000000
0.000000 0.000000 166.033670 166.000000 166.033670 0.000000 0.000000 
0.000000 0.000000 166.010907 166.000948 166.010907 0.000000 0.000000 
0.000000 0.000000 166.007588 166.001897 166.007588 0.000000 0.000000 
0.000000 166.035093 166.007113 166.003320 166.007113 166.035093 0.000000 
0.000000 166.028928 166.007113 166.004268 166.007113 166.028928 0.000000 
0.000000 166.025608 166.008062 166.005691 166.008062 166.025608 0.000000 
0.000000 166.023237 166.008536 166.006639 166.008536 166.023237 0.000000 
0.000000 166.022289 166.009485 166.008062 166.009485 166.022289 0.000000 
0.000000 166.021340 166.010433 166.009010 166.010433 166.021340 0.000000 
166.040784 166.020866 166.011856 166.010433 166.011856 166.020866 166.040784 
166.038887 166.020866 166.012804 166.011381 166.012804 166.020866 166.038887 
166.037464 166.020866 166.013753 166.012804 166.013753 166.020866 166.037464 
166.036516 166.021340 166.015175 166.013753 166.015175 166.021340 166.036516 
166.035567 166.022289 166.016124 166.015175 166.016124 166.022289 166.035567 
166.035567 166.022763 166.017546 166.016124 166.017546 166.022763 166.035567 
166.035093 166.023711 166.018495 166.017546 166.018495 166.023711 166.035093 
166.034619 166.024660 166.019443 166.018495 166.019443 166.024660 166.034619 
166.034619 166.025608 166.020866 166.019918 166.020866 166.025608 166.034619 
166.034619 166.026083 166.021815 166.020866 166.021815 166.026083 166.034619 
166.035093 166.027031 166.023237 166.022289 166.023237 166.027031 166.035093 
166.035567 166.027979 166.024186 166.023237 166.024186 166.027979 166.035567 
166.036516 166.028928 166.025608 166.024660 166.025608 166.028928 166.036516 
166.037464 166.029876 166.026557 166.025608 166.026557 166.029876 166.037464 
166.037938 166.031299 166.027979 166.027031 166.027979 166.031299 166.037938 
166.038887 166.032248 166.028928 166.027979 166.028928 166.032248 166.038887 
166.039835 166.033196 166.030351 166.029402 166.030351 166.033196 166.039835 
166.040309 166.034144 166.031299 166.030351 166.031299 166.034144 166.040309 
166.041258 166.035567 166.032248 166.031773 166.032248 166.035567 166.041258 
0.000000 166.036516 166.033670 166.032722 166.033670 166.036516 0.000000 
0.000000 166.037464 166.034619 166.034144 166.034619 166.037464 0.000000 
0.000000 166.038412 166.036041 166.035093 166.036041 166.038412 0.000000 
0.000000 166.039835 166.036990 166.036516 166.036990 166.039835 0.000000 
0.000000 166.040784 166.038412 166.037464 166.038412 166.040784 0.000000 
0.000000 166.041667 166.039361 166.038887 166.039361 166.041667 0.000000 
0.000000 0.000000 166.040784 166.039835 166.040784 0.000000 0.000000 
0.000000 0.000000 166.041667 166.041258 166.041667 0.000000 0.000000 
