test/output/constant/M365_S000_A270_WD000.0_WS040.0/M365_S000_A270_WD000.0_WS040.0_arrival.asc
ncols         9
nrows         41
xllcorner     426203.990666
yllcorner     12744755.311160
cellsize      100.000000
NODATA_value  0.000000
0.000000 0.000000 0.000000 166.015582 166.000000 166.015582 0.000000 0.000000 0.000000 
0.000000 0.000000 0.000000 166.007581 166.000842 166.007581 0.000000 0.000000 0.000000 
0.000000 0.000000 166.030322 166.005896 166.001685 166.005896 166.030322 0.000000 0.000000 
0.000000 0.000000 166.024005 166.005896 166.002948 166.005896 166.024005 0.000000 0.000000 
0.000000 0.000000 166.021057 166.005896 166.003790 166.005896 166.021057 0.000000 0.000000 
0.000000 166.040851 166.018530 166.006738 166.005054 166.006738 166.018530 166.040851 0.000000 
0.000000 166.036640 166.017688 166.007581 166.005896 166.007581 166.017688 166.036640 0.000000 
0.000000 166.033692 166.016846 166.008423 166.007159 166.008423 166.016846 166.033692 0.000000 
0.000000 166.032007 166.016846 166.009265 166.008002 166.009265 166.016846 166.032007 0.000000 
0.000000 166.030322 166.016846 166.010107 166.009265 166.010107 166.016846 166.030322 0.000000 
0.000000 166.029059 166.016846 166.010950 166.010107 166.010950 166.016846 166.029059 0.000000 
0.000000 166.028638 166.017267 166.012213 166.011371 166.012213 166.017267 166.028638 0.000000 
0.000000 166.028217 166.017688 166.013056 166.012213 166.013056 166.017688 166.028217 0.000000 
0.000000 166.027796 166.018530 166.014319 166.013477 166.014319 166.018530 166.027796 0.000000 
166.040851 166.027796 166.019373 166.015161 166.014319 166.015161 166.019373 166.027796 166.040851 
166.040009 166.027796 166.019794 166.016425 166.015582 166.016425 166.019794 166.027796 166.040009 
166.039588 166.027796 166.020636 166.017267 166.016425 166.017267 166.020636 166.027796 166.039588 
166.039167 166.027796 166.021478 166.018530 166.017688 166.018530 166.021478 166.027796 166.039167 
166.038745 166.028638 166.022321 166.019373 166.018530 166.019373 166.022321 166.028638 166.038745 
166.038745 166.029059 166.023163 166.020215 166.019794 166.020215 166.023163 166.029059 166.038745 
166.038745 166.029901 166.024005 166.021478 166.020636 166.021478 166.024005 166.029901 166.038745 
166.038745 166.030322 166.024848 166.022321 166.021900 166.022321 166.024848 166.030322 166.038745 
166.038745 166.031165 166.026111 166.023584 166.022742 166.023584 166.026111 166.031165 166.038745 
166.038745 166.032007 166.026953 166.024426 166.024005 166.024426 166.026953 166.032007 166.038745 
166.039167 166.032428 166.027796 166.025269 166.024848 166.025269 166.027796 166.032428 166.039167 
166.039588 166.033270 166.029059 166.026532 166.026111 166.026532 166.029059 166.033270 166.039588 
166.040430 166.034113 166.029901 166.027374 166.026953 166.027374 166.029901 166.034113 166.040430 
166.040851 166.034955 166.030744 166.028638 166.028217 166.028638 166.030744 166.034955 166.040851 
166.041667 166.035797 166.031586 166.029480 166.029059 166.029480 166.031586 166.035797 166.041667 
0.000000 166.036640 166.032849 166.030744 166.030322 166.030744 166.032849 166.036640 0.000000 
0.000000 166.037482 166.033692 166.031586 166.031165 166.031586 166.033692 166.037482 0.000000 
0.000000 166.038324 166.034955 166.032849 166.032428 166.032849 166.034955 166.038324 0.000000 
0.000000 166.039167 166.035797 166.033692 166.033270 166.033692 166.035797 166.039167 0.000000 
0.000000 166.040009 166.036640 166.034955 166.034534 166.034955 166.036640 166.040009 0.000000 
0.000000 166.040851 166.037903 166.035797 166.035376 166.035797 166.037903 166.040851 0.000000 
0.000000 166.041667 166.038745 166.036640 166.036640 166.036640 166.038745 166.041667 0.000000 
0.000000 0.000000 166.039588 166.037903 166.037482 166.037903 166.039588 0.000000 0.000000 
0.000000 0.000000 166.040851 166.038745 166.038745 166.038745 166.040851 0.000000 0.000000 
0.000000 0.000000 166.041667 166.040009 166.039588 166.040009 166.041667 0.000000 0.000000 
0.000000 0.000000 0.000000 166.040851 166.040851 166.040851 0.000000 0.000000 0.000000 
0.000000 0.000000 0.000000 0.000000 166.041667 0.000000 0.000000 0.000000 0.000000 
