test/output/constant/M3M485_S060_A270_WD135.0_WS015.0/M3M485_S060_A270_WD135.0_WS015.0_ros.asc
ncols         14
nrows         53
xllcorner     425403.990666
yllcorner     12748755.311160
cellsize      100.000000
NODATA_value  0.000000
0.000000 88.313255 0.000000 0.000000 0.000000 0.000000 0.000000 0.000000 0.000000 0.000000 0.000000 0.000000 0.000000 0.000000 
85.993607 88.313255 68.220123 0.000000 0.000000 0.000000 0.000000 0.000000 0.000000 0.000000 0.000000 0.000000 0.000000 0.000000 
88.313255 88.313255 79.358177 31.711861 0.000000 0.000000 0.000000 0.000000 0.000000 0.000000 0.000000 0.000000 0.000000 0.000000 
88.313255 88.313255 88.313255 88.313255 88.313255 0.000000 0.000000 0.000000 0.000000 0.000000 0.000000 0.000000 0.000000 0.000000 
88.313255 88.313255 88.313255 88.313255 54.250084 0.000000 0.000000 0.000000 0.000000 0.000000 0.000000 0.000000 0.000000 0.000000 
88.313255 88.313255 88.313255 88.313255 54.250084 74.237206 0.000000 0.000000 0.000000 0.000000 0.000000 0.000000 0.000000 0.000000 
88.313255 88.313255 88.313255 79.358177 88.313255 31.711861 0.000000 0.000000 0.000000 0.000000 0.000000 0.000000 0.000000 0.000000 
87.804123 88.313255 88.313255 88.313255 88.313255 24.686708 46.721275 0.000000 0.000000 0.000000 0.000000 0.000000 0.000000 0.000000 
88.313255 88.313255 88.313255 74.237206 88.313255 68.220123 79.358177 0.000000 0.000000 0.000000 0.000000 0.000000 0.000000 0.000000 
88.313255 88.313255 88.313255 88.313255 88.313255 86.321793 18.269329 0.000000 0.000000 0.000000 0.000000 0.000000 0.000000 0.000000 
88.313255 88.313255 88.313255 88.313255 88.313255 24.686708 74.237206 68.220123 0.000000 0.000000 0.000000 0.000000 0.000000 0.000000 
88.313255 82.930420 88.313255 88.313255 88.313255 54.250084 18.269329 31.711861 0.000000 0.000000 0.000000 0.000000 0.000000 0.000000 
73.453964 88.313255 88.313255 88.313255 88.313255 86.321793 74.237206 39.131756 0.000000 0.000000 0.000000 0.000000 0.000000 0.000000 
67.328850 88.313255 88.313255 88.313255 88.313255 88.313255 39.131756 54.250084 79.358177 0.000000 0.000000 0.000000 0.000000 0.000000 
73.453964 88.313255 88.313255 88.313255 88.313255 88.313255 31.711861 31.711861 24.686708 0.000000 0.000000 0.000000 0.000000 0.000000 
60.518654 67.328850 88.313255 88.313255 88.313255 88.241783 86.321793 31.711861 74.237206 0.000000 0.000000 0.000000 0.000000 0.000000 
60.518654 67.328850 88.313255 88.313255 88.313255 79.358177 88.313255 54.250084 31.711861 0.000000 0.000000 0.000000 0.000000 0.000000 
60.518654 67.328850 88.313255 88.313255 88.313255 88.313255 39.131756 31.711861 68.220123 31.711861 0.000000 0.000000 0.000000 0.000000 
0.000000 4.384854 88.313255 88.313255 85.993607 88.313255 88.313255 74.237206 61.489635 31.711861 0.000000 0.000000 0.000000 0.000000 
0.000000 67.328850 88.313255 88.313255 88.313255 88.313255 88.313255 74.237206 12.654147 54.250084 0.000000 0.000000 0.000000 0.000000 
0.000000 4.384854 88.313255 88.167130 88.313255 88.313255 88.313255 61.489635 39.131756 24.686708 39.131756 0.000000 0.000000 0.000000 
0.000000 60.518654 60.518654 88.313255 88.313255 88.313255 88.313255 54.250084 61.489635 31.711861 12.654147 0.000000 0.000000 0.000000 
0.000000 60.518654 2.239059 67.328850 88.313255 88.313255 39.131756 12.654147 31.711861 24.686708 18.269329 0.000000 0.000000 0.000000 
0.000000 60.518654 60.518654 73.453964 88.313255 88.313255 88.313255 88.313255 46.721275 39.131756 31.711861 0.000000 0.000000 0.000000 
0.000000 0.000000 60.518654 60.518654 88.313255 88.313255 88.313255 88.313255 31.711861 24.686708 39.131756 0.000000 0.000000 0.000000 
0.000000 0.000000 60.518654 60.518654 88.167130 88.313255 88.313255 54.250084 74.237206 74.237206 31.711861 24.686708 0.000000 0.000000 
0.000000 0.000000 60.518654 67.328850 87.804123 88.313255 88.313255 88.313255 39.131756 24.686708 31.711861 31.711861 0.000000 0.000000 
0.000000 0.000000 60.518654 7.638372 67.328850 88.313255 88.313255 88.313255 86.321793 31.711861 39.131756 31.711861 0.000000 0.000000 
0.000000 0.000000 67.328850 7.638372 60.518654 88.313255 88.313255 88.313255 88.313255 83.427551 31.711861 31.711861 0.000000 0.000000 
0.000000 0.000000 0.000000 2.239059 60.518654 88.313255 88.313255 88.313255 88.313255 24.686708 31.711861 39.131756 12.654147 0.000000 
0.000000 0.000000 0.000000 60.518654 60.518654 73.453964 88.313255 88.313255 74.237206 54.250084 46.721275 18.269329 31.711861 0.000000 
0.000000 0.000000 0.000000 60.518654 60.518654 4.384854 88.313255 88.313255 88.313255 31.711861 39.131756 31.711861 24.686708 0.000000 
0.000000 0.000000 0.000000 60.518654 60.518654 4.384854 88.313255 88.313255 88.313255 31.711861 24.686708 31.711861 12.654147 0.000000 
0.000000 0.000000 0.000000 0.000000 60.518654 60.518654 67.328850 88.313255 88.313255 83.427551 68.220123 31.711861 31.711861 0.000000 
0.000000 0.000000 0.000000 0.000000 60.518654 2.239059 60.518654 88.313255 88.313255 87.953049 24.686708 31.711861 24.686708 0.000000 
0.000000 0.000000 0.000000 0.000000 60.518654 60.518654 60.518654 88.313255 88.313255 88.313255 31.711861 46.721275 31.711861 0.000000 
0.000000 0.000000 0.000000 0.000000 0.000000 60.518654 60.518654 87.804123 88.313255 79.358177 39.131756 46.721275 31.711861 0.000000 
0.000000 0.000000 0.000000 0.000000 0.000000 60.518654 7.638372 68.220123 88.167130 88.313255 46.721275 39.131756 12.654147 0.000000 
0.000000 0.000000 0.000000 0.000000 0.000000 1.083773 67.328850 67.328850 85.993607 88.313255 18.269329 46.721275 31.711861 0.000000 
0.000000 0.000000 0.000000 0.000000 0.000000 60.518654 7.638372 4.384854 88.313255 88.313255 88.313255 24.686708 24.686708 31.711861 
0.000000 0.000000 0.000000 0.000000 0.000000 0.000000 4.384854 60.518654 67.328850 88.313255 88.313255 31.711861 12.654147 31.711861 
0.000000 0.000000 0.000000 0.000000 0.000000 0.000000 60.518654 60.518654 67.328850 88.313255 88.313255 68.220123 31.711861 39.131756 
0.000000 0.000000 0.000000 0.000000 0.000000 0.000000 60.518654 60.518654 60.518654 88.313255 88.313255 31.711861 31.711861 24.686708 
0.000000 0.000000 0.000000 0.000000 0.000000 0.000000 0.000000 60.518654 67.328850 85.993607 88.313255 88.313255 24.686708 31.711861 
0.000000 0.000000 0.000000 0.000000 0.000000 0.000000 0.000000 60.518654 67.328850 67.328850 88.313255 88.313255 39.131756 31.711861 
0.000000 0.000000 0.000000 0.000000 0.000000 0.000000 0.000000 60.518654 60.518654 60.518654 88.313255 88.313255 31.711861 31.711861 
0.000000 0.000000 0.000000 0.000000 0.000000 0.000000 0.000000 0.000000 60.518654 4.384854 88.313255 88.313255 39.131756 31.711861 
0.000000 0.000000 0.000000 0.000000 0.000000 0.000000 0.000000 0.000000 60.518654 60.518654 85.993607 88.313255 46.721275 31.711861 
0.000000 0.000000 0.000000 0.000000 0.000000 0.000000 0.000000 0.000000 0.000000 2.239059 60.518654 88.313255 79.358177 12.654147 
0.000000 0.000000 0.000000 0.000000 0.000000 0.000000 0.000000 0.000000 0.000000 2.239059 60.518654 88.313255 39.131756 12.654147 
0.000000 0.000000 0.000000 0.000000 0.000000 0.000000 0.000000 0.000000 0.000000 0.000000 1.083773 88.313255 88.313255 12.654147 
0.000000 0.000000 0.000000 0.000000 0.000000 0.000000 0.000000 0.000000 0.000000 0.000000 1.083773 60.518654 88.313255 12.654147 
0.000000 0.000000 0.000000 0.000000 0.000000 0.000000 0.000000 0.000000 0.000000 0.000000 0.000000 1.083773 -1.000000 0.832743 
