test/output/constant/M395_S000_A270_WD270.0_WS040.0/M395_S000_A270_WD270.0_WS040.0_arrival.asc
ncols         57
nrows         11
xllcorner     426503.990666
yllcorner     12748255.311160
cellsize      100.000000
NODATA_value  0.000000
0.000000 0.000000 0.000000 0.000000 0.000000 0.000000 0.000000 0.000000 0.000000 0.000000 0.000000 0.000000 0.000000 0.000000 0.000000 0.000000 166.040735 166.039519 166.038607 166.037695 166.037087 166.036783 166.036479 166.036175 166.035871 166.035871 166.035871 166.035567 166.035567 166.035567 166.035871 166.035871 166.036479 166.036783 166.037087 166.037695 166.038303 166.038607 166.039215 166.039823 166.040127 166.040735 166.041343 166.041667 0.000000 0.000000 0.000000 0.000000 0.000000 0.000000 0.000000 0.000000 0.000000 0.000000 0.000000 0.000000 0.000000 
0.000000 0.000000 0.000000 0.000000 0.000000 0.000000 0.000000 0.000000 166.041343 166.038607 166.035871 166.033743 166.032223 166.031007 166.030400 166.029184 166.028880 166.028576 166.028272 166.027968 166.027968 166.027664 166.027664 166.027664 166.027968 166.028272 166.028576 166.029184 166.029488 166.030096 166.030704 166.031007 166.031615 166.032223 166.032831 166.033135 166.033743 166.034351 166.034959 166.035263 166.035871 166.036479 166.037087 166.037695 166.038303 166.038911 166.039519 166.040431 166.041039 166.041647 0.000000 0.000000 0.000000 0.000000 0.000000 0.000000 0.000000 
0.000000 0.000000 0.000000 0.000000 166.040431 166.034351 166.029488 166.026448 166.024320 166.023104 166.021888 166.020976 166.020672 166.020064 166.020064 166.019760 166.019760 166.020064 166.020064 166.020368 166.020976 166.021584 166.021888 166.022496 166.023104 166.023408 166.024016 166.024624 166.025232 166.025840 166.026448 166.027056 166.027664 166.028272 166.028880 166.029488 166.030400 166.031007 166.031615 166.032223 166.032831 166.033743 166.034351 166.034959 166.035871 166.036479 166.037087 166.037695 166.038607 166.039215 166.040127 166.040735 166.041343 0.000000 0.000000 0.000000 0.000000 
0.000000 0.000000 166.030704 166.022496 166.017328 166.014896 166.013376 166.012464 166.012160 166.012160 166.012160 166.012160 166.012464 166.012768 166.013376 166.013984 166.014592 166.014896 166.015504 166.016112 166.016720 166.017328 166.017936 166.018848 166.019456 166.020064 166.020672 166.021584 166.022192 166.022800 166.023712 166.024320 166.024928 166.025840 166.026448 166.027360 166.027968 166.028576 166.029488 166.030096 166.031007 166.031615 166.032223 166.033135 166.033743 166.034655 166.035263 166.036175 166.036783 166.037695 166.038303 166.038911 166.039823 166.040431 166.041343 0.000000 0.000000 
0.000000 166.010944 166.005472 166.004256 166.004256 166.004256 166.004864 166.005472 166.006080 166.006688 166.007296 166.007904 166.008816 166.009424 166.010336 166.010944 166.011856 166.012464 166.013376 166.013984 166.014592 166.015504 166.016112 166.017024 166.017632 166.018240 166.019152 166.019760 166.020672 166.021280 166.022192 166.022800 166.023712 166.024320 166.025232 166.025840 166.026448 166.027360 166.027968 166.028880 166.029488 166.030400 166.031007 166.031919 166.032527 166.033439 166.034047 166.034959 166.035567 166.036479 166.037087 166.037999 166.038607 166.039519 166.040127 166.041039 166.041647 
166.037087 166.000000 166.000608 166.001216 166.002128 166.002736 166.003648 166.004256 166.005168 166.005776 166.006688 166.007296 166.008208 166.008816 166.009728 166.010336 166.011248 166.011856 166.012768 166.013376 166.014288 166.014896 166.015808 166.016416 166.017328 166.017936 166.018848 166.019456 166.020368 166.020976 166.021888 166.022496 166.023408 166.024016 166.024928 166.025536 166.026448 166.027056 166.027968 166.028576 166.029488 166.030096 166.031007 166.031615 166.032527 166.033135 166.034047 166.034655 166.035567 166.036175 166.037087 166.037695 166.038607 166.039215 166.040127 166.040735 166.041647 
0.000000 166.010944 166.005472 166.004256 166.004256 166.004256 166.004864 166.005472 166.006080 166.006688 166.007296 166.007904 166.008816 166.009424 166.010336 166.010944 166.011856 166.012464 166.013376 166.013984 166.014592 166.015504 166.016112 166.017024 166.017632 166.018240 166.019152 166.019760 166.020672 166.021280 166.022192 166.022800 166.023712 166.024320 166.025232 166.025840 166.026448 166.027360 166.027968 166.028880 166.029488 166.030400 166.031007 166.031919 166.032527 166.033439 166.034047 166.034959 166.035567 166.036479 166.037087 166.037999 166.038607 166.039519 166.040127 166.041039 166.041647 
0.000000 0.000000 166.030704 166.022496 166.017328 166.014896 166.013376 166.012464 166.012160 166.012160 166.012160 166.012160 166.012464 166.012768 166.013376 166.013984 166.014592 166.014896 166.015504 166.016112 166.016720 166.017328 166.017936 166.018848 166.019456 166.020064 166.020672 166.021584 166.022192 166.022800 166.023712 166.024320 166.024928 166.025840 166.026448 166.027360 166.027968 166.028576 166.029488 166.030096 166.031007 166.031615 166.032223 166.033135 166.033743 166.034655 166.035263 166.036175 166.036783 166.037695 166.038303 166.038911 166.039823 166.040431 166.041343 0.000000 0.000000 
0.000000 0.000000 0.000000 0.000000 166.040431 166.034351 166.029488 166.026448 166.024320 166.023104 166.021888 166.020976 166.020672 166.020064 166.020064 166.019760 166.019760 166.020064 166.020064 166.020368 166.020976 166.021584 166.021888 166.022496 166.023104 166.023408 166.024016 166.024624 166.025232 166.025840 166.026448 166.027056 166.027664 166.028272 166.028880 166.029488 166.030400 166.031007 166.031615 166.032223 166.032831 166.033743 166.034351 166.034959 166.035871 166.036479 166.037087 166.037695 166.038607 166.039215 166.040127 166.040735 166.041343 0.000000 0.000000 0.000000 0.000000 
0.000000 0.000000 0.000000 0.000000 0.000000 0.000000 0.000000 0.000000 166.041343 166.038607 166.035871 166.033743 166.032223 166.031007 166.030400 166.029184 166.028880 166.028576 166.028272 166.027968 166.027968 166.027664 166.027664 166.027664 166.027968 166.028272 166.028576 166.029184 166.029488 166.030096 166.030704 166.031007 166.031615 166.032223 166.032831 166.033135 166.033743 166.034351 166.034959 166.035263 166.035871 166.036479 166.037087 166.037695 166.038303 166.038911 166.039519 166.040431 166.041039 166.041647 0.000000 0.000000 0.000000 0.000000 0.000000 0.000000 0.000000 
0.000000 0.000000 0.000000 0.000000 0.000000 0.000000 0.000000 0.000000 0.000000 0.000000 0.000000 0.000000 0.000000 0.000000 0.000000 0.000000 166.040735 166.039519 166.038607 166.037695 166.037087 166.036783 166.036479 166.036175 166.035871 166.035871 166.035871 166.035567 166.035567 166.035567 166.035871 166.035871 166.036479 166.036783 166.037087 166.037695 166.038303 166.038607 166.039215 166.039823 166.040127 166.040735 166.041343 166.041667 0.000000 0.000000 0.000000 0.000000 0.000000 0.000000 0.000000 0.000000 0.000000 0.000000 0.000000 0.000000 0.000000 
