test/output/constant/M395_S060_A270_WD180.0_WS015.0/M395_S060_A270_WD180.0_WS015.0_arrival.asc
ncols         11
nrows         64
xllcorner     426103.990666
yllcorner     12748755.311160
cellsize      100.000000
NODATA_value  0.000000
0.000000 0.000000 0.000000 0.000000 166.041667 166.041547 166.041667 0.000000 0.000000 0.000000 0.000000 
0.000000 0.000000 0.000000 0.000000 166.041018 166.040754 166.041018 0.000000 0.000000 0.000000 0.000000 
0.000000 0.000000 0.000000 0.000000 166.040489 166.040224 166.040489 0.000000 0.000000 0.000000 0.000000 
0.000000 0.000000 0.000000 166.041283 166.039695 166.039430 166.039695 166.041283 0.000000 0.000000 0.000000 
0.000000 0.000000 0.000000 166.040489 166.039166 166.038901 166.039166 166.040489 0.000000 0.000000 0.000000 
0.000000 0.000000 0.000000 166.039960 166.038372 166.038107 166.038372 166.039960 0.000000 0.000000 0.000000 
0.000000 0.000000 166.041283 166.039166 166.037843 166.037578 166.037843 166.039166 166.041283 0.000000 0.000000 
0.000000 0.000000 166.040754 166.038636 166.037049 166.036784 166.037049 166.038636 166.040754 0.000000 0.000000 
0.000000 0.000000 166.040224 166.038107 166.036519 166.036255 166.036519 166.038107 166.040224 0.000000 0.000000 
0.000000 0.000000 166.039430 166.037313 166.035726 166.035461 166.035726 166.037313 166.039430 0.000000 0.000000 
0.000000 0.000000 166.038901 166.036784 166.035196 166.034932 166.035196 166.036784 166.038901 0.000000 0.000000 
0.000000 166.041547 166.038372 166.035990 166.034402 166.034138 166.034402 166.035990 166.038372 166.041547 0.000000 
0.000000 166.041018 166.037843 166.035461 166.033873 166.033608 166.033873 166.035461 166.037843 166.041018 0.000000 
0.000000 166.040489 166.037049 166.034667 166.033344 166.032815 166.033344 166.034667 166.037049 166.040489 0.000000 
0.000000 166.040224 166.036519 166.034138 166.032550 166.032285 166.032550 166.034138 166.036519 166.040224 0.000000 
0.000000 166.039695 166.035990 166.033344 166.032021 166.031491 166.032021 166.033344 166.035990 166.039695 0.000000 
0.000000 166.039166 166.035196 166.032815 166.031227 166.030962 166.031227 166.032815 166.035196 166.039166 0.000000 
0.000000 166.038636 166.034667 166.032021 166.030697 166.030168 166.030697 166.032021 166.034667 166.038636 0.000000 
0.000000 166.038107 166.034138 166.031491 166.029904 166.029639 166.029904 166.031491 166.034138 166.038107 0.000000 
0.000000 166.037843 166.033608 166.030962 166.029374 166.028845 166.029374 166.030962 166.033608 166.037843 0.000000 
0.000000 166.037313 166.032815 166.030168 166.028580 166.028316 166.028580 166.030168 166.032815 166.037313 0.000000 
0.000000 166.036784 166.032285 166.029639 166.028051 166.027522 166.028051 166.029639 166.032285 166.036784 0.000000 
166.041667 166.036255 166.031756 166.029110 166.027257 166.026993 166.027257 166.029110 166.031756 166.036255 166.041667 
166.041283 166.035990 166.031227 166.028316 166.026728 166.026199 166.026728 166.028316 166.031227 166.035990 166.041283 
166.041018 166.035461 166.030697 166.027787 166.026199 166.025669 166.026199 166.027787 166.030697 166.035461 166.041018 
166.041018 166.034932 166.030168 166.027257 166.025405 166.024876 166.025405 166.027257 166.030168 166.034932 166.041018 
166.040754 166.034667 166.029639 166.026463 166.024876 166.024346 166.024876 166.026463 166.029639 166.034667 166.040754 
166.041018 166.034138 166.029110 166.025934 166.024082 166.023552 166.024082 166.025934 166.029110 166.034138 166.041018 
166.041018 166.033608 166.028580 166.025405 166.023552 166.023023 166.023552 166.025405 166.028580 166.033608 166.041018 
166.041018 166.033344 166.028051 166.024611 166.022758 166.022229 166.022758 166.024611 166.028051 166.033344 166.041018 
166.041018 166.032815 166.027787 166.024082 166.022229 166.021700 166.022229 166.024082 166.027787 166.032815 166.041018 
166.041018 166.032550 166.027257 166.023552 166.021435 166.020906 166.021435 166.023552 166.027257 166.032550 166.041018 
166.041547 166.032021 166.026728 166.022758 166.020906 166.020377 166.020906 166.022758 166.026728 166.032021 166.041547 
166.041547 166.032021 166.026199 166.022229 166.020112 166.019583 166.020112 166.022229 166.026199 166.032021 166.041547 
0.000000 166.031756 166.025934 166.021700 166.019583 166.019054 166.019583 166.021700 166.025934 166.031756 0.000000 
0.000000 166.031756 166.025405 166.020906 166.018789 166.018260 166.018789 166.020906 166.025405 166.031756 0.000000 
0.000000 166.031756 166.024876 166.020377 166.018260 166.017730 166.018260 166.020377 166.024876 166.031756 0.000000 
0.000000 166.031756 166.024611 166.019848 166.017730 166.016937 166.017730 166.019848 166.024611 166.031756 0.000000 
0.000000 166.032021 166.024082 166.019318 166.016937 166.016407 166.016937 166.019318 166.024082 166.032021 0.000000 
0.000000 166.032285 166.023552 166.018789 166.016407 166.015613 166.016407 166.018789 166.023552 166.032285 0.000000 
0.000000 166.032550 166.023288 166.018260 166.015613 166.015084 166.015613 166.018260 166.023288 166.032550 0.000000 
0.000000 166.032815 166.023023 166.017730 166.015084 166.014290 166.015084 166.017730 166.023023 166.032815 0.000000 
0.000000 166.033079 166.022758 166.017201 166.014290 166.013761 166.014290 166.017201 166.022758 166.033079 0.000000 
0.000000 166.033608 166.022758 166.016672 166.013761 166.012967 166.013761 166.016672 166.022758 166.033608 0.000000 
0.000000 166.034138 166.022758 166.016143 166.013232 166.012438 166.013232 166.016143 166.022758 166.034138 0.000000 
0.000000 166.034932 166.022758 166.015878 166.012438 166.011644 166.012438 166.015878 166.022758 166.034932 0.000000 
0.000000 166.035990 166.023288 166.015349 166.011909 166.011115 166.011909 166.015349 166.023288 166.035990 0.000000 
0.000000 166.037049 166.023288 166.014819 166.011115 166.010321 166.011115 166.014819 166.023288 166.037049 0.000000 
0.000000 166.038372 166.023552 166.014555 166.010585 166.009791 166.010585 166.014555 166.023552 166.038372 0.000000 
0.000000 166.039960 166.024082 166.014026 166.009791 166.008998 166.009791 166.014026 166.024082 166.039960 0.000000 
0.000000 0.000000 166.024876 166.013761 166.009262 166.008468 166.009262 166.013761 166.024876 0.000000 0.000000 
0.000000 0.000000 166.025934 166.013761 166.008733 166.007674 166.008733 166.013761 166.025934 0.000000 0.000000 
0.000000 0.000000 166.026993 166.013761 166.007939 166.007145 166.007939 166.013761 166.026993 0.000000 0.000000 
0.000000 0.000000 166.028316 166.014026 166.007410 166.006351 166.007410 166.014026 166.028316 0.000000 0.000000 
0.000000 0.000000 166.030433 166.014290 166.006616 166.005822 166.006616 166.014290 166.030433 0.000000 0.000000 
0.000000 0.000000 166.032815 166.014819 166.006087 166.005028 166.006087 166.014819 166.032815 0.000000 0.000000 
0.000000 0.000000 166.036255 166.015613 166.005822 166.004499 166.005822 166.015613 166.036255 0.000000 0.000000 
0.000000 0.000000 166.041018 166.017201 166.005293 166.003705 166.005293 166.017201 166.041018 0.000000 0.000000 
0.000000 0.000000 0.000000 166.019318 166.004763 166.003176 166.004763 166.019318 0.000000 0.000000 0.000000 
0.000000 0.000000 0.000000 166.022494 166.004763 166.002382 166.004763 166.022494 0.000000 0.000000 0.000000 
0.000000 0.000000 0.000000 166.028580 166.004763 166.001852 166.004763 166.028580 0.000000 0.000000 0.000000 
0.000000 0.000000 0.000000 166.040224 166.005822 166.001059 166.005822 166.040224 0.000000 0.000000 0.000000 
0.000000 0.000000 0.000000 0.000000 166.008468 166.000529 166.008468 0.000000 0.000000 0.000000 0.000000 
0.000000 0.000000 0.000000 0.000000 166.021965 166.000000 166.021965 0.000000 0.000000 0.000000 0.000000 
