test/output/constant/M3M495_S000_A270_WD270.0_WS050.0/M3M495_S000_A270_WD270.0_WS050.0_arrival.asc
ncols         60
nrows         11
xllcorner     426603.990666
yllcorner     12748255.311160
cellsize      100.000000
NODATA_value  0.000000
0.000000 0.000000 0.000000 0.000000 0.000000 0.000000 0.000000 0.000000 0.000000 0.000000 0.000000 0.000000 0.000000 0.000000 0.000000 0.000000 0.000000 0.000000 0.000000 0.000000 0.000000 0.000000 0.000000 0.000000 0.000000 166.041600 166.041317 166.041034 166.040751 166.040468 166.040468 166.040185 166.040185 166.040185 166.040185 166.040468 166.040468 166.040751 166.041317 166.041600 0.000000 0.000000 0.000000 0.000000 0.000000 0.000000 0.000000 0.000000 0.000000 0.000000 0.000000 0.000000 0.000000 0.000000 0.000000 0.000000 0.000000 0.000000 0.000000 0.000000 
0.000000 0.000000 0.000000 0.000000 0.000000 0.000000 0.000000 0.000000 0.000000 0.000000 0.000000 0.000000 166.039902 166.038487 166.036506 166.035657 166.034242 166.033676 166.032827 166.032544 166.032261 166.031978 166.031695 166.031412 166.031412 166.031412 166.031412 166.031412 166.031412 166.031695 166.032261 166.032544 166.033110 166.033676 166.033959 166.034525 166.035091 166.035374 166.035940 166.036506 166.036789 166.037355 166.037921 166.038487 166.039053 166.039336 166.039902 166.040468 166.041034 166.041600 0.000000 0.000000 0.000000 0.000000 0.000000 0.000000 0.000000 0.000000 0.000000 0.000000 
0.000000 0.000000 0.000000 0.000000 0.000000 166.040751 166.035940 166.032544 166.029714 166.027733 166.026035 166.024903 166.024054 166.023488 166.022922 166.022922 166.022639 166.022356 166.022356 166.022356 166.022639 166.022922 166.023205 166.023771 166.024054 166.024620 166.025186 166.025469 166.026035 166.026601 166.027167 166.027733 166.028016 166.028582 166.029148 166.029714 166.030280 166.030846 166.031412 166.031978 166.032544 166.033393 166.033959 166.034525 166.035374 166.035940 166.036506 166.037072 166.037921 166.038487 166.039053 166.039619 166.040468 166.041034 166.041600 0.000000 0.000000 0.000000 0.000000 0.000000 
0.000000 0.000000 166.032261 166.023205 166.019809 166.017262 166.015847 166.014716 166.014150 166.013584 166.013584 166.013584 166.013584 166.013867 166.014433 166.014716 166.015281 166.015847 166.016130 166.016696 166.017262 166.017828 166.018394 166.018960 166.019526 166.020092 166.020941 166.021507 166.022073 166.022639 166.023488 166.024054 166.024620 166.025469 166.026035 166.026601 166.027450 166.028016 166.028582 166.029148 166.029997 166.030563 166.031412 166.031978 166.032827 166.033393 166.034242 166.034808 166.035374 166.036223 166.036789 166.037355 166.038204 166.038770 166.039619 166.040185 166.041034 166.041600 0.000000 0.000000 
166.016413 166.007075 166.005094 166.004528 166.004528 166.004811 166.005377 166.005943 166.006509 166.007075 166.007641 166.008490 166.009056 166.009622 166.010471 166.011037 166.011603 166.012452 166.013018 166.013867 166.014433 166.015281 166.015847 166.016696 166.017262 166.018111 166.018677 166.019526 166.020092 166.020941 166.021507 166.022356 166.022922 166.023771 166.024337 166.025186 166.025752 166.026601 166.027167 166.027733 166.028582 166.029148 166.029997 166.030563 166.031412 166.031978 166.032827 166.033393 166.034242 166.034808 166.035374 166.036223 166.036789 166.037638 166.038204 166.039053 166.039619 166.040468 166.041034 166.041667 
166.000000 166.000566 166.001132 166.001981 166.002547 166.003396 166.003962 166.004811 166.005377 166.006226 166.006792 166.007641 166.008207 166.009056 166.009622 166.010471 166.011037 166.011886 166.012452 166.013301 166.013867 166.014716 166.015281 166.016130 166.016696 166.017545 166.018111 166.018960 166.019526 166.020375 166.020941 166.021790 166.022356 166.023205 166.023771 166.024620 166.025186 166.026035 166.026601 166.027450 166.028016 166.028865 166.029431 166.030280 166.030846 166.031695 166.032261 166.033110 166.033676 166.034525 166.035091 166.035940 166.036506 166.037355 166.037921 166.038770 166.039336 166.040185 166.040751 166.041600 
166.016413 166.007075 166.005094 166.004528 166.004528 166.004811 166.005377 166.005943 166.006509 166.007075 166.007641 166.008490 166.009056 166.009622 166.010471 166.011037 166.011603 166.012452 166.013018 166.013867 166.014433 166.015281 166.015847 166.016696 166.017262 166.018111 166.018677 166.019526 166.020092 166.020941 166.021507 166.022356 166.022922 166.023771 166.024337 166.025186 166.025752 166.026601 166.027167 166.027733 166.028582 166.029148 166.029997 166.030563 166.031412 166.031978 166.032827 166.033393 166.034242 166.034808 166.035374 166.036223 166.036789 166.037638 166.038204 166.039053 166.039619 166.040468 166.041034 166.041667 
0.000000 0.000000 166.032261 166.023205 166.019809 166.017262 166.015847 166.014716 166.014150 166.013584 166.013584 166.013584 166.013584 166.013867 166.014433 166.014716 166.015281 166.015847 166.016130 166.016696 166.017262 166.017828 166.018394 166.018960 166.019526 166.020092 166.020941 166.021507 166.022073 166.022639 166.023488 166.024054 166.024620 166.025469 166.026035 166.026601 166.027450 166.028016 166.028582 166.029148 166.029997 166.030563 166.031412 166.031978 166.032827 166.033393 166.034242 166.034808 166.035374 166.036223 166.036789 166.037355 166.038204 166.038770 166.039619 166.040185 166.041034 166.041600 0.000000 0.000000 
0.000000 0.000000 0.000000 0.000000 0.000000 166.040751 166.035940 166.032544 166.029714 166.027733 166.026035 166.024903 166.024054 166.023488 166.022922 166.022922 166.022639 166.022356 166.022356 166.022356 166.022639 166.022922 166.023205 166.023771 166.024054 166.024620 166.025186 166.025469 166.026035 166.026601 166.027167 166.027733 166.028016 166.028582 166.029148 166.029714 166.030280 166.030846 166.031412 166.031978 166.032544 166.033393 166.033959 166.034525 166.035374 166.035940 166.036506 166.037072 166.037921 166.038487 166.039053 166.039619 166.040468 166.041034 166.041600 0.000000 0.000000 0.000000 0.000000 0.000000 
0.000000 0.000000 0.000000 0.000000 0.000000 0.000000 0.000000 0.000000 0.000000 0.000000 0.000000 0.000000 166.039902 166.038487 166.036506 166.035657 166.034242 166.033676 166.032827 166.032544 166.032261 166.031978 166.031695 166.031412 166.031412 166.031412 166.031412 166.031412 166.031412 166.031695 166.032261 166.032544 166.033110 166.033676 166.033959 166.034525 166.035091 166.035374 166.035940 166.036506 166.036789 166.037355 166.037921 166.038487 166.039053 166.039336 166.039902 166.040468 166.041034 166.041600 0.000000 0.000000 0.000000 0.000000 0.000000 0.000000 0.000000 0.000000 0.000000 0.000000 
0.000000 0.000000 0.000000 0.000000 0.000000 0.000000 0.000000 0.000000 0.000000 0.000000 0.000000 0.000000 0.000000 0.000000 0.000000 0.000000 0.000000 0.000000 0.000000 0.000000 0.000000 0.000000 0.000000 0.000000 0.000000 166.041600 166.041317 166.041034 166.040751 166.040468 166.040468 166.040185 166.040185 166.040185 166.040185 166.040468 166.040468 166.040751 166.041317 166.041600 0.000000 0.000000 0.000000 0.000000 0.000000 0.000000 0.000000 0.000000 0.000000 0.000000 0.000000 0.000000 0.000000 0.000000 0.000000 0.000000 0.000000 0.000000 0.000000 0.000000 
