test/output/constant/M490_S060_A090_WD045.0_WS005.0/M490_S060_A090_WD045.0_WS005.0_arrival.asc
ncols         8
nrows         29
xllcorner     426103.990666
yllcorner     12745955.311160
cellsize      100.000000
NODATA_value  0.000000
0.000000 0.000000 0.000000 0.000000 166.015333 166.000000 166.024769 0.000000 
0.000000 0.000000 0.000000 0.000000 166.005308 166.001179 166.013564 0.000000 
0.000000 0.000000 0.000000 166.025359 166.004718 166.002359 166.012384 0.000000 
0.000000 0.000000 0.000000 166.018282 166.004718 166.004128 166.012384 0.000000 
0.000000 0.000000 166.037743 166.014743 166.005897 166.005308 166.012384 166.037743 
0.000000 0.000000 166.031256 166.013564 166.007077 166.007077 166.013564 166.036564 
0.000000 0.000000 166.027128 166.013564 166.008256 166.008846 166.014743 166.035384 
0.000000 0.000000 166.024179 166.013564 166.010026 166.010026 166.015923 166.034794 
0.000000 166.039512 166.023000 166.014154 166.011205 166.011795 166.017692 166.034794 
0.000000 166.036564 166.022410 166.014743 166.012974 166.013564 166.019461 166.034794 
0.000000 166.033615 166.022410 166.015923 166.014154 166.014743 166.021231 166.035384 
0.000000 166.032435 166.022410 166.016513 166.015923 166.016513 166.023000 166.036564 
0.000000 166.031256 166.022410 166.017692 166.017102 166.018282 166.024769 166.037743 
0.000000 166.030666 166.023000 166.018872 166.018872 166.020051 166.026538 166.038333 
166.041667 166.030666 166.023589 166.020641 166.020641 166.021820 166.028307 166.039512 
166.040692 166.031256 166.024179 166.021820 166.021820 166.023589 166.030077 166.040692 
166.039512 166.031256 166.025359 166.023589 166.023589 166.025359 166.031846 166.041667 
166.039512 166.031256 166.026538 166.024769 166.024769 166.027128 166.033615 0.000000 
166.039512 166.031846 166.027718 166.026538 166.026538 166.028897 166.035384 0.000000 
166.039512 166.032435 166.028897 166.027718 166.028307 166.030666 166.037153 0.000000 
166.040102 166.033615 166.030077 166.029487 166.029487 166.032435 166.038923 0.000000 
166.040102 166.034205 166.031256 166.030666 166.031256 166.034205 166.040692 0.000000 
166.040692 166.035384 166.032435 166.032435 166.033025 166.035974 0.000000 0.000000 
166.041282 166.036564 166.033615 166.033615 166.034205 166.037743 0.000000 0.000000 
166.041667 166.037153 166.035384 166.035384 166.035974 166.039512 0.000000 0.000000 
0.000000 166.038333 166.036564 166.036564 166.037743 166.041282 0.000000 0.000000 
0.000000 166.039512 166.038333 166.038333 166.039512 0.000000 0.000000 0.000000 
0.000000 166.040692 166.039512 166.039512 166.041282 0.000000 0.000000 0.000000 
0.000000 0.000000 166.041282 166.041282 0.000000 0.000000 0.000000 0.000000 
