test/output/constant/M3M4100_S060_A270_WD180.0_WS005.0/M3M4100_S060_A270_WD180.0_WS005.0_arrival.asc
ncols         11
nrows         61
xllcorner     426103.990666
yllcorner     12748755.311160
cellsize      100.000000
NODATA_value  0.000000
0.000000 0.000000 0.000000 0.000000 0.000000 166.041667 0.000000 0.000000 0.000000 0.000000 0.000000 
0.000000 0.000000 0.000000 0.000000 166.041115 166.041115 166.041115 0.000000 0.000000 0.000000 0.000000 
0.000000 0.000000 0.000000 166.041667 166.040556 166.040276 166.040556 166.041667 0.000000 0.000000 0.000000 
0.000000 0.000000 0.000000 166.040836 166.039717 166.039717 166.039717 166.040836 0.000000 0.000000 0.000000 
0.000000 0.000000 0.000000 166.040276 166.039157 166.038878 166.039157 166.040276 0.000000 0.000000 0.000000 
0.000000 0.000000 166.041395 166.039717 166.038318 166.038318 166.038318 166.039717 166.041395 0.000000 0.000000 
0.000000 0.000000 166.040556 166.038878 166.037759 166.037479 166.037759 166.038878 166.040556 0.000000 0.000000 
0.000000 0.000000 166.039996 166.038318 166.036920 166.036920 166.036920 166.038318 166.039996 0.000000 0.000000 
0.000000 0.000000 166.039437 166.037479 166.036360 166.036081 166.036360 166.037479 166.039437 0.000000 0.000000 
0.000000 166.041395 166.038598 166.036920 166.035521 166.035521 166.035521 166.036920 166.038598 166.041395 0.000000 
0.000000 166.040556 166.038039 166.036360 166.034962 166.034682 166.034962 166.036360 166.038039 166.040556 0.000000 
0.000000 166.039996 166.037479 166.035521 166.034123 166.034123 166.034123 166.035521 166.037479 166.039996 0.000000 
0.000000 166.039437 166.036920 166.034962 166.033563 166.033284 166.033563 166.034962 166.036920 166.039437 0.000000 
0.000000 166.038878 166.036081 166.034123 166.033004 166.032724 166.033004 166.034123 166.036081 166.038878 0.000000 
0.000000 166.038318 166.035521 166.033563 166.032165 166.031885 166.032165 166.033563 166.035521 166.038318 0.000000 
0.000000 166.037759 166.034962 166.032724 166.031606 166.031326 166.031606 166.032724 166.034962 166.037759 0.000000 
166.041667 166.037200 166.034123 166.032165 166.030767 166.030487 166.030767 166.032165 166.034123 166.037200 166.041667 
166.041115 166.036640 166.033563 166.031606 166.030207 166.029927 166.030207 166.031606 166.033563 166.036640 166.041115 
166.040836 166.036081 166.033004 166.030767 166.029368 166.029088 166.029368 166.030767 166.033004 166.036081 166.040836 
166.040276 166.035801 166.032445 166.030207 166.028809 166.028529 166.028809 166.030207 166.032445 166.035801 166.040276 
166.039717 166.035242 166.031606 166.029368 166.027970 166.027690 166.027970 166.029368 166.031606 166.035242 166.039717 
166.039437 166.034682 166.031046 166.028809 166.027410 166.027130 166.027410 166.028809 166.031046 166.034682 166.039437 
166.038878 166.034123 166.030487 166.027970 166.026571 166.026291 166.026571 166.027970 166.030487 166.034123 166.038878 
166.038318 166.033843 166.029927 166.027410 166.026012 166.025732 166.026012 166.027410 166.029927 166.033843 166.038318 
166.038039 166.033284 166.029088 166.026851 166.025452 166.024893 166.025452 166.026851 166.029088 166.033284 166.038039 
166.037759 166.032724 166.028529 166.026012 166.024613 166.024334 166.024613 166.026012 166.028529 166.032724 166.037759 
166.037200 166.032445 166.027970 166.025452 166.024054 166.023494 166.024054 166.025452 166.027970 166.032445 166.037200 
166.037200 166.031885 166.027410 166.024893 166.023215 166.022935 166.023215 166.024893 166.027410 166.031885 166.037200 
166.036920 166.031326 166.026851 166.024054 166.022655 166.022096 166.022655 166.024054 166.026851 166.031326 166.036920 
166.036920 166.031046 166.026291 166.023494 166.021816 166.021537 166.021816 166.023494 166.026291 166.031046 166.036920 
166.036920 166.030487 166.026012 166.022655 166.021257 166.020697 166.021257 166.022655 166.026012 166.030487 166.036920 
166.036920 166.029927 166.025452 166.022096 166.020418 166.020138 166.020418 166.022096 166.025452 166.029927 166.036920 
166.036920 166.029648 166.024893 166.021537 166.019858 166.019299 166.019858 166.021537 166.024893 166.029648 166.036920 
166.037200 166.029088 166.024334 166.020977 166.019019 166.018740 166.019019 166.020977 166.024334 166.029088 166.037200 
166.037200 166.028809 166.023774 166.020138 166.018460 166.017901 166.018460 166.020138 166.023774 166.028809 166.037200 
166.037759 166.028809 166.023494 166.019579 166.017901 166.017341 166.017901 166.019579 166.023494 166.028809 166.037759 
166.037759 166.028809 166.022935 166.019019 166.017061 166.016502 166.017061 166.019019 166.022935 166.028809 166.037759 
166.038318 166.028809 166.022376 166.018460 166.016502 166.015943 166.016502 166.018460 166.022376 166.028809 166.038318 
166.038598 166.028809 166.022096 166.017621 166.015663 166.015104 166.015663 166.017621 166.022096 166.028809 166.038598 
166.039157 166.029088 166.021537 166.017061 166.015104 166.014544 166.015104 166.017061 166.021537 166.029088 166.039157 
166.039996 166.029088 166.020977 166.016502 166.014264 166.013705 166.014264 166.016502 166.020977 166.029088 166.039996 
166.040556 166.029368 166.020697 166.015943 166.013705 166.013146 166.013705 166.015943 166.020697 166.029368 166.040556 
166.041395 166.029648 166.020697 166.015383 166.012866 166.012307 166.012866 166.015383 166.020697 166.029648 166.041395 
0.000000 166.030207 166.020697 166.015104 166.012307 166.011747 166.012307 166.015104 166.020697 166.030207 0.000000 
0.000000 166.030767 166.020697 166.014544 166.011468 166.010908 166.011468 166.014544 166.020697 166.030767 0.000000 
0.000000 166.031326 166.020697 166.013985 166.010908 166.010349 166.010908 166.013985 166.020697 166.031326 0.000000 
0.000000 166.032165 166.020977 166.013425 166.010349 166.009510 166.010349 166.013425 166.020977 166.032165 0.000000 
0.000000 166.033563 166.021257 166.013146 166.009510 166.008950 166.009510 166.013146 166.021257 166.033563 0.000000 
0.000000 166.034682 166.021537 166.012586 166.008950 166.008111 166.008950 166.012586 166.021537 166.034682 0.000000 
0.000000 166.036920 166.022096 166.012586 166.008111 166.007552 166.008111 166.012586 166.022096 166.036920 0.000000 
0.000000 166.038878 166.022935 166.012307 166.007552 166.006713 166.007552 166.012307 166.022935 166.038878 0.000000 
0.000000 166.041667 166.024334 166.012586 166.006992 166.006153 166.006992 166.012586 166.024334 166.041667 0.000000 
0.000000 0.000000 166.026012 166.012866 166.006153 166.005314 166.006153 166.012866 166.026012 0.000000 0.000000 
0.000000 0.000000 166.028249 166.013146 166.005594 166.004755 166.005594 166.013146 166.028249 0.000000 0.000000 
0.000000 0.000000 166.031046 166.013705 166.005035 166.003916 166.005035 166.013705 166.031046 0.000000 0.000000 
0.000000 0.000000 166.035521 166.015104 166.004755 166.003356 166.004755 166.015104 166.035521 0.000000 0.000000 
0.000000 0.000000 0.000000 166.017061 166.004195 166.002517 166.004195 166.017061 0.000000 0.000000 0.000000 
0.000000 0.000000 0.000000 166.020977 166.004195 166.001958 166.004195 166.020977 0.000000 0.000000 0.000000 
0.000000 0.000000 0.000000 166.028529 166.004755 166.001119 166.004755 166.028529 0.000000 0.000000 0.000000 
0.000000 0.000000 0.000000 166.041115 166.006153 166.000559 166.006153 166.041115 0.000000 0.000000 0.000000 
0.000000 0.000000 0.000000 0.000000 166.015104 166.000000 166.015104 0.000000 0.000000 0.000000 0.000000 
