test/output/constant/M375_S060_A270_WD045.0_WS010.0/M375_S060_A270_WD045.0_WS010.0_intensity.asc
ncols         12
nrows         35
xllcorner     425703.990666
yllcorner     12748655.311160
cellsize      100.000000
NODATA_value  0.000000
0 49470 46548 49470 0 0 0 0 0 0 0 0 
49470 49470 49470 48212 26298 0 0 0 0 0 0 0 
49470 49470 46548 30403 41398 30403 0 0 0 0 0 0 
49470 49470 49470 44253 30403 26298 0 0 0 0 0 0 
49470 49470 49470 49470 30403 7940 30403 0 0 0 0 0 
49470 49470 49470 49470 49470 30403 26298 0 0 0 0 0 
49470 49470 49470 49470 48212 30403 30403 30403 0 0 0 0 
49470 49470 49470 49470 26298 14379 41398 30403 0 0 0 0 
49470 49470 49470 49470 49470 49470 14379 26298 0 0 0 0 
49470 49470 49470 49470 49470 30403 30403 26298 14379 0 0 0 
49470 49470 47893 49470 44253 49470 34366 26298 22177 0 0 0 
33500 49470 49470 49470 49470 48212 26298 49196 26298 0 0 0 
33500 49470 49470 49470 49470 26298 22177 34366 26298 18164 0 0 
37267 37267 47893 49470 49470 49470 38069 22177 26298 30403 0 0 
37267 33500 49470 49470 49470 49470 26298 26298 30403 14379 0 0 
0 37267 49470 49470 49470 49470 49470 30403 30403 22177 0 0 
0 2252 43654 49470 49470 49470 49196 34366 30403 26298 0 0 
0 5120 33500 49470 49470 49470 26298 26298 14379 18164 26298 0 
0 37267 37267 33500 49470 49470 49470 48212 18164 30403 18164 0 
0 0 5120 47893 49470 49470 49422 26298 18164 30403 26298 0 
0 0 37267 2252 49470 49470 49470 49470 30403 18164 22177 0 
0 0 3391 5120 49034 49470 49470 49470 30403 26298 26298 0 
0 0 2252 37267 5120 49470 49470 22177 30403 18164 26298 0 
0 0 0 3391 33500 47893 49470 49470 18164 18164 7940 0 
0 0 0 33500 37267 49470 49470 49470 26298 26298 14379 26298 
0 0 0 2252 37267 2252 49470 49470 49470 18164 22177 26298 
0 0 0 0 2252 33500 49470 49470 49470 22177 26298 26298 
0 0 0 0 2252 33500 33500 47893 49470 26298 10937 14379 
0 0 0 0 0 2252 33500 49470 49470 26298 26298 10937 
0 0 0 0 0 2252 2252 49470 49470 34366 26298 10937 
0 0 0 0 0 1881 29502 33500 49470 34366 26298 18164 
0 0 0 0 0 0 1881 37267 49470 49470 10937 0 
0 0 0 0 0 0 0 1881 40686 49470 14379 0 
0 0 0 0 0 0 0 1881 1881 0 1294 0 
0 0 0 0 0 0 0 0 1344 1116 1621 0 
