test/output/constant/M350_S060_A000_WD090.0_WS020.0/M350_S060_A000_WD090.0_WS020.0_arrival.asc
ncols         38
nrows         7
xllcorner     422903.990666
yllcorner     12748455.311160
cellsize      100.000000
NODATA_value  0.000000
0.000000 0.000000 0.000000 0.000000 0.000000 0.000000 0.000000 0.000000 0.000000 0.000000 166.041667 166.040910 166.040466 166.039576 166.039131 166.038242 166.038242 166.038242 166.038242 166.038242 166.038687 166.039131 166.039576 166.040021 166.041355 0.000000 0.000000 0.000000 0.000000 0.000000 0.000000 0.000000 0.000000 0.000000 0.000000 0.000000 0.000000 0.000000 
0.000000 0.000000 0.000000 166.041355 166.040466 166.039131 166.038242 166.037353 166.036019 166.035129 166.034240 166.033351 166.032017 166.031127 166.030238 166.029349 166.028904 166.028015 166.027125 166.026681 166.025791 166.024902 166.024013 166.023568 166.023123 166.023123 166.023123 166.023568 166.024013 166.024457 166.026236 166.028459 166.031572 166.037353 0.000000 0.000000 0.000000 0.000000 
166.041667 166.040466 166.039576 166.038242 166.037353 166.036019 166.035129 166.033795 166.032906 166.031572 166.030683 166.029793 166.028459 166.027570 166.026236 166.025347 166.024013 166.023123 166.022234 166.020900 166.020010 166.018676 166.017787 166.016453 166.015564 166.014230 166.013340 166.012451 166.011117 166.010228 166.009783 166.008894 166.008004 166.008004 166.008004 166.009338 166.014230 166.038687 
166.040910 166.039576 166.038687 166.037353 166.036463 166.035129 166.034240 166.032906 166.032017 166.030683 166.029793 166.028459 166.027570 166.026236 166.025347 166.024013 166.023123 166.021789 166.020900 166.019566 166.018676 166.017342 166.016453 166.015119 166.014230 166.012896 166.012006 166.010672 166.009783 166.008449 166.007559 166.006225 166.005336 166.004002 166.003113 166.001779 166.000889 166.000000 
166.041667 166.040466 166.039576 166.038242 166.037353 166.036019 166.035129 166.033795 166.032906 166.031572 166.030683 166.029793 166.028459 166.027570 166.026236 166.025347 166.024013 166.023123 166.022234 166.020900 166.020010 166.018676 166.017787 166.016453 166.015564 166.014230 166.013340 166.012451 166.011117 166.010228 166.009783 166.008894 166.008004 166.008004 166.008004 166.009338 166.014230 166.038687 
0.000000 0.000000 0.000000 166.041355 166.040466 166.039131 166.038242 166.037353 166.036019 166.035129 166.034240 166.033351 166.032017 166.031127 166.030238 166.029349 166.028904 166.028015 166.027125 166.026681 166.025791 166.024902 166.024013 166.023568 166.023123 166.023123 166.023123 166.023568 166.024013 166.024457 166.026236 166.028459 166.031572 166.037353 0.000000 0.000000 0.000000 0.000000 
0.000000 0.000000 0.000000 0.000000 0.000000 0.000000 0.000000 0.000000 0.000000 0.000000 166.041667 166.040910 166.040466 166.039576 166.039131 166.038242 166.038242 166.038242 166.038242 166.038242 166.038687 166.039131 166.039576 166.040021 166.041355 0.000000 0.000000 0.000000 0.000000 0.000000 0.000000 0.000000 0.000000 0.000000 0.000000 0.000000 0.000000 0.000000 
