test/output/constant/M395_S060_A090_WD180.0_WS050.0/M395_S060_A090_WD180.0_WS050.0_arrival.asc
ncols         13
nrows         20
xllcorner     426003.990666
yllcorner     12748355.311160
cellsize      100.000000
NODATA_value  0.000000
0.000000 0.000000 0.000000 0.000000 0.000000 166.041667 166.041667 166.041667 0.000000 0.000000 0.000000 0.000000 0.000000 
0.000000 0.000000 0.000000 166.041667 166.039876 166.038737 166.038737 166.038737 166.039876 166.041667 0.000000 0.000000 0.000000 
0.000000 0.000000 166.041016 166.038737 166.037598 166.036458 166.036458 166.036458 166.037598 166.038737 166.041016 0.000000 0.000000 
0.000000 166.041667 166.038737 166.036458 166.034180 166.033040 166.033040 166.033040 166.034180 166.036458 166.038737 166.041667 0.000000 
0.000000 166.039876 166.036458 166.033040 166.031901 166.030762 166.030762 166.030762 166.031901 166.033040 166.036458 166.039876 0.000000 
0.000000 166.037598 166.034180 166.030762 166.028483 166.027344 166.027344 166.027344 166.028483 166.030762 166.034180 166.037598 0.000000 
166.041016 166.036458 166.031901 166.028483 166.026204 166.025065 166.025065 166.025065 166.026204 166.028483 166.031901 166.036458 166.041016 
166.041016 166.034180 166.029622 166.026204 166.023926 166.021647 166.021647 166.021647 166.023926 166.026204 166.029622 166.034180 166.041016 
166.039876 166.033040 166.028483 166.023926 166.020508 166.019368 166.019368 166.019368 166.020508 166.023926 166.028483 166.033040 166.039876 
166.039876 166.033040 166.026204 166.021647 166.018229 166.017090 166.015951 166.017090 166.018229 166.021647 166.026204 166.033040 166.039876 
166.038737 166.031901 166.026204 166.020508 166.015951 166.013672 166.013672 166.013672 166.015951 166.020508 166.026204 166.031901 166.038737 
166.039876 166.031901 166.025065 166.019368 166.013672 166.011393 166.010254 166.011393 166.013672 166.019368 166.025065 166.031901 166.039876 
166.041016 166.033040 166.025065 166.018229 166.012533 166.007975 166.007975 166.007975 166.012533 166.018229 166.025065 166.033040 166.041016 
166.041667 166.034180 166.026204 166.018229 166.011393 166.005697 166.004557 166.005697 166.011393 166.018229 166.026204 166.034180 166.041667 
0.000000 166.035319 166.027344 166.019368 166.011393 166.004557 166.002279 166.004557 166.011393 166.019368 166.027344 166.035319 0.000000 
0.000000 166.038737 166.029622 166.020508 166.012533 166.004557 166.000000 166.004557 166.012533 166.020508 166.029622 166.038737 0.000000 
0.000000 166.041667 166.033040 166.025065 166.015951 166.007975 166.005697 166.007975 166.015951 166.025065 166.033040 166.041667 0.000000 
0.000000 0.000000 166.037598 166.029622 166.021647 166.015951 166.014811 166.015951 166.021647 166.029622 166.037598 0.000000 0.000000 
0.000000 0.000000 0.000000 166.035319 166.029622 166.025065 166.023926 166.025065 166.029622 166.035319 0.000000 0.000000 0.000000 
0.000000 0.000000 0.000000 0.000000 166.037598 166.035319 166.033040 166.035319 166.037598 0.000000 0.000000 0.000000 0.000000 
