test/output/constant/M485_S060_A180_WD270.0_WS005.0/M485_S060_A180_WD270.0_WS005.0_arrival.asc
ncols         29
nrows         7
xllcorner     426603.990666
yllcorner     12748455.311160
cellsize      100.000000
NODATA_value  0.000000
0.000000 0.000000 0.000000 0.000000 0.000000 0.000000 0.000000 166.041632 166.039848 166.038063 166.036874 166.036279 166.036279 166.035684 166.035684 166.035684 166.036279 166.037469 166.038063 166.039253 166.039848 166.041037 0.000000 0.000000 0.000000 0.000000 0.000000 0.000000 0.000000 
0.000000 0.000000 166.040442 166.029737 166.025574 166.023195 166.022600 166.022005 166.021411 166.021411 166.022005 166.023195 166.023790 166.024979 166.026169 166.027358 166.028548 166.029142 166.030927 166.032116 166.033306 166.034495 166.036279 166.037469 166.038658 166.040442 166.041632 0.000000 0.000000 
166.022005 166.009516 166.007732 166.007732 166.007732 166.008921 166.010111 166.011300 166.012490 166.014274 166.015463 166.017247 166.018437 166.020221 166.021411 166.022600 166.024384 166.025574 166.027358 166.028548 166.029737 166.031521 166.032711 166.034495 166.035684 166.037469 166.038658 166.040442 166.041632 
166.000000 166.001189 166.002379 166.004163 166.005353 166.007137 166.008326 166.010111 166.011300 166.013084 166.014274 166.016058 166.017247 166.019032 166.020221 166.022005 166.023195 166.024979 166.026169 166.027953 166.029142 166.030927 166.032116 166.033900 166.035090 166.036874 166.038063 166.039848 166.041037 
166.022005 166.009516 166.007732 166.007732 166.007732 166.008921 166.010111 166.011300 166.012490 166.014274 166.015463 166.017247 166.018437 166.020221 166.021411 166.022600 166.024384 166.025574 166.027358 166.028548 166.029737 166.031521 166.032711 166.034495 166.035684 166.037469 166.038658 166.040442 166.041632 
0.000000 0.000000 166.040442 166.029737 166.025574 166.023195 166.022600 166.022005 166.021411 166.021411 166.022005 166.023195 166.023790 166.024979 166.026169 166.027358 166.028548 166.029142 166.030927 166.032116 166.033306 166.034495 166.036279 166.037469 166.038658 166.040442 166.041632 0.000000 0.000000 
0.000000 0.000000 0.000000 0.000000 0.000000 0.000000 0.000000 166.041632 166.039848 166.038063 166.036874 166.036279 166.036279 166.035684 166.035684 166.035684 166.036279 166.037469 166.038063 166.039253 166.039848 166.041037 0.000000 0.000000 0.000000 0.000000 0.000000 0.000000 0.000000 
