test/output/constant/M495_S060_A270_WD180.0_WS030.0/M495_S060_A270_WD180.0_WS030.0_arrival.asc
ncols         7
nrows         47
xllcorner     426303.990666
yllcorner     12748755.311160
cellsize      100.000000
NODATA_value  0.000000
0.000000 0.000000 0.000000 166.041174 0.000000 0.000000 0.000000 
0.000000 0.000000 166.041174 166.040452 166.041174 0.000000 0.000000 
0.000000 0.000000 166.040091 166.039368 166.040091 0.000000 0.000000 
0.000000 166.041535 166.039368 166.038646 166.039368 166.041535 0.000000 
0.000000 166.040813 166.038646 166.037562 166.038646 166.040813 0.000000 
0.000000 166.040091 166.037562 166.036840 166.037562 166.040091 0.000000 
0.000000 166.039368 166.036840 166.035757 166.036840 166.039368 0.000000 
0.000000 166.038285 166.035757 166.035034 166.035757 166.038285 0.000000 
0.000000 166.037562 166.035034 166.033951 166.035034 166.037562 0.000000 
166.041535 166.036840 166.033951 166.033228 166.033951 166.036840 166.041535 
166.041174 166.035757 166.033228 166.032145 166.033228 166.035757 166.041174 
166.040452 166.035034 166.032145 166.031422 166.032145 166.035034 166.040452 
166.039730 166.033951 166.031422 166.030339 166.031422 166.033951 166.039730 
166.039007 166.033228 166.030339 166.029617 166.030339 166.033228 166.039007 
166.038646 166.032506 166.029617 166.028533 166.029617 166.032506 166.038646 
166.037924 166.031784 166.028533 166.027811 166.028533 166.031784 166.037924 
166.037201 166.030700 166.027811 166.026727 166.027811 166.030700 166.037201 
166.036479 166.029978 166.026727 166.026005 166.026727 166.029978 166.036479 
166.036118 166.029255 166.026005 166.024921 166.026005 166.029255 166.036118 
166.035395 166.028172 166.024921 166.024199 166.024921 166.028172 166.035395 
166.035034 166.027449 166.024199 166.023115 166.024199 166.027449 166.035034 
166.034312 166.026727 166.023115 166.022393 166.023115 166.026727 166.034312 
166.033951 166.026005 166.022393 166.021309 166.022393 166.026005 166.033951 
166.033590 166.025644 166.021309 166.020587 166.021309 166.025644 166.033590 
166.033590 166.024921 166.020587 166.019504 166.020587 166.024921 166.033590 
166.033590 166.024199 166.019865 166.018781 166.019865 166.024199 166.033590 
166.033590 166.023477 166.018781 166.017698 166.018781 166.023477 166.033590 
166.033951 166.023115 166.018059 166.016975 166.018059 166.023115 166.033951 
166.034312 166.022393 166.017337 166.015892 166.017337 166.022393 166.034312 
166.034673 166.021671 166.016253 166.015169 166.016253 166.021671 166.034673 
166.035395 166.021309 166.015531 166.014086 166.015531 166.021309 166.035395 
166.035757 166.020587 166.014447 166.013364 166.014447 166.020587 166.035757 
166.036840 166.020226 166.013725 166.012280 166.013725 166.020226 166.036840 
166.038285 166.020226 166.012641 166.011558 166.012641 166.020226 166.038285 
166.040091 166.020226 166.011919 166.010474 166.011919 166.020226 166.040091 
0.000000 166.020587 166.011197 166.009752 166.011197 166.020587 0.000000 
0.000000 166.020948 166.010113 166.008668 166.010113 166.020948 0.000000 
0.000000 166.021671 166.009391 166.007946 166.009391 166.021671 0.000000 
0.000000 166.022754 166.008668 166.006862 166.008668 166.022754 0.000000 
0.000000 166.024199 166.007946 166.006140 166.007946 166.024199 0.000000 
0.000000 166.026727 166.007585 166.005056 166.007585 166.026727 0.000000 
0.000000 166.029978 166.006862 166.004334 166.006862 166.029978 0.000000 
0.000000 166.036479 166.006862 166.003251 166.006862 166.036479 0.000000 
0.000000 0.000000 166.007224 166.002528 166.007224 0.000000 0.000000 
0.000000 0.000000 166.008668 166.001445 166.008668 0.000000 0.000000 
0.000000 0.000000 166.013725 166.000722 166.013725 0.000000 0.000000 
0.000000 0.000000 166.041174 166.000000 166.041174 0.000000 0.000000 
