test/output/constant/M3100_S060_A270_WD180.0_WS025.0/M3100_S060_A270_WD180.0_WS025.0_arrival.asc
ncols         9
nrows         68
xllcorner     426203.990666
yllcorner     12748755.311160
cellsize      100.000000
NODATA_value  0.000000
0.000000 0.000000 0.000000 166.041667 166.041540 166.041667 0.000000 0.000000 0.000000 
0.000000 0.000000 0.000000 166.041291 166.040794 166.041291 0.000000 0.000000 0.000000 
0.000000 0.000000 0.000000 166.040545 166.040296 166.040545 0.000000 0.000000 0.000000 
0.000000 0.000000 166.041540 166.040047 166.039550 166.040047 166.041540 0.000000 0.000000 
0.000000 0.000000 166.040794 166.039301 166.039053 166.039301 166.040794 0.000000 0.000000 
0.000000 0.000000 166.040296 166.038804 166.038306 166.038804 166.040296 0.000000 0.000000 
0.000000 0.000000 166.039550 166.038058 166.037809 166.038058 166.039550 0.000000 0.000000 
0.000000 166.041291 166.039053 166.037560 166.037063 166.037560 166.039053 166.041291 0.000000 
0.000000 166.040794 166.038555 166.036814 166.036565 166.036814 166.038555 166.040794 0.000000 
0.000000 166.040296 166.037809 166.036316 166.035819 166.036316 166.037809 166.040296 0.000000 
0.000000 166.039799 166.037311 166.035570 166.035321 166.035570 166.037311 166.039799 0.000000 
0.000000 166.039053 166.036565 166.035073 166.034575 166.035073 166.036565 166.039053 0.000000 
0.000000 166.038555 166.036068 166.034575 166.034078 166.034575 166.036068 166.038555 0.000000 
0.000000 166.038058 166.035321 166.033829 166.033331 166.033829 166.035321 166.038058 0.000000 
166.041540 166.037311 166.034824 166.033331 166.032834 166.033331 166.034824 166.037311 166.041540 
166.041042 166.036814 166.034326 166.032585 166.032088 166.032585 166.034326 166.036814 166.041042 
166.040545 166.036316 166.033580 166.032088 166.031590 166.032088 166.033580 166.036316 166.040545 
166.040047 166.035570 166.033083 166.031341 166.030844 166.031341 166.033083 166.035570 166.040047 
166.039799 166.035073 166.032336 166.030844 166.030347 166.030844 166.032336 166.035073 166.039799 
166.039301 166.034575 166.031839 166.030098 166.029600 166.030098 166.031839 166.034575 166.039301 
166.038804 166.034078 166.031093 166.029600 166.029103 166.029600 166.031093 166.034078 166.038804 
166.038306 166.033580 166.030595 166.028854 166.028357 166.028854 166.030595 166.033580 166.038306 
166.038058 166.032834 166.030098 166.028357 166.027859 166.028357 166.030098 166.032834 166.038058 
166.037560 166.032336 166.029352 166.027610 166.027113 166.027610 166.029352 166.032336 166.037560 
166.037063 166.031839 166.028854 166.027113 166.026615 166.027113 166.028854 166.031839 166.037063 
166.036814 166.031341 166.028357 166.026367 166.025869 166.026367 166.028357 166.031341 166.036814 
166.036316 166.031093 166.027610 166.025869 166.025372 166.025869 166.027610 166.031093 166.036316 
166.035819 166.030595 166.027113 166.025372 166.024625 166.025372 166.027113 166.030595 166.035819 
166.035570 166.030098 166.026615 166.024625 166.024128 166.024625 166.026615 166.030098 166.035570 
166.035073 166.029600 166.025869 166.024128 166.023382 166.024128 166.025869 166.029600 166.035073 
166.034575 166.029103 166.025372 166.023382 166.022884 166.023382 166.025372 166.029103 166.034575 
166.034326 166.028854 166.024625 166.022884 166.022138 166.022884 166.024625 166.028854 166.034326 
166.033829 166.028357 166.024128 166.022138 166.021641 166.022138 166.024128 166.028357 166.033829 
166.033580 166.027859 166.023630 166.021641 166.020894 166.021641 166.023630 166.027859 166.033580 
166.033580 166.027362 166.023133 166.020894 166.020397 166.020894 166.023133 166.027362 166.033580 
166.033580 166.027113 166.022387 166.020397 166.019651 166.020397 166.022387 166.027113 166.033580 
166.033580 166.026615 166.021889 166.019651 166.019153 166.019651 166.021889 166.026615 166.033580 
166.033580 166.026367 166.021392 166.019153 166.018407 166.019153 166.021392 166.026367 166.033580 
166.033829 166.025869 166.020894 166.018407 166.017909 166.018407 166.020894 166.025869 166.033829 
166.033829 166.025372 166.020148 166.017909 166.017163 166.017909 166.020148 166.025372 166.033829 
166.034078 166.025123 166.019651 166.017163 166.016666 166.017163 166.019651 166.025123 166.034078 
166.034326 166.024625 166.019153 166.016666 166.015919 166.016666 166.019153 166.024625 166.034326 
166.034575 166.024128 166.018656 166.016168 166.015422 166.016168 166.018656 166.024128 166.034575 
166.035073 166.024128 166.018407 166.015422 166.014676 166.015422 166.018407 166.024128 166.035073 
166.035321 166.024128 166.017909 166.014925 166.014178 166.014925 166.017909 166.024128 166.035321 
166.036068 166.024128 166.017412 166.014178 166.013432 166.014178 166.017412 166.024128 166.036068 
166.036565 166.024128 166.016914 166.013681 166.012935 166.013681 166.016914 166.024128 166.036565 
166.037311 166.024128 166.016666 166.013183 166.012188 166.013183 166.016666 166.024128 166.037311 
166.038306 166.024377 166.016168 166.012437 166.011691 166.012437 166.016168 166.024377 166.038306 
166.039301 166.024625 166.015671 166.011940 166.010945 166.011940 166.015671 166.024625 166.039301 
166.040794 166.025123 166.015422 166.011193 166.010447 166.011193 166.015422 166.025123 166.040794 
0.000000 166.025620 166.014925 166.010696 166.009701 166.010696 166.014925 166.025620 0.000000 
0.000000 166.026118 166.014676 166.009950 166.009203 166.009950 166.014676 166.026118 0.000000 
0.000000 166.026864 166.014427 166.009452 166.008457 166.009452 166.014427 166.026864 0.000000 
0.000000 166.027859 166.014427 166.008955 166.007960 166.008955 166.014427 166.027859 0.000000 
0.000000 166.029352 166.014676 166.008208 166.007214 166.008208 166.014676 166.029352 0.000000 
0.000000 166.031093 166.014925 166.007711 166.006716 166.007711 166.014925 166.031093 0.000000 
0.000000 166.032834 166.015173 166.006965 166.005970 166.006965 166.015173 166.032834 0.000000 
0.000000 166.035570 166.015671 166.006467 166.005472 166.006467 166.015671 166.035570 0.000000 
0.000000 166.039301 166.016666 166.005970 166.004726 166.005970 166.016666 166.039301 0.000000 
0.000000 0.000000 166.017909 166.005721 166.004229 166.005721 166.017909 0.000000 0.000000 
0.000000 0.000000 166.019899 166.005224 166.003482 166.005224 166.019899 0.000000 0.000000 
0.000000 0.000000 166.022884 166.004975 166.002985 166.004975 166.022884 0.000000 0.000000 
0.000000 0.000000 166.026864 166.004975 166.002239 166.004975 166.026864 0.000000 0.000000 
0.000000 0.000000 166.034326 166.005224 166.001741 166.005224 166.034326 0.000000 0.000000 
0.000000 0.000000 0.000000 166.006716 166.000995 166.006716 0.000000 0.000000 0.000000 
0.000000 0.000000 0.000000 166.010696 166.000497 166.010696 0.000000 0.000000 0.000000 
0.000000 0.000000 0.000000 166.027362 166.000000 166.027362 0.000000 0.000000 0.000000 
