test/output/constant/M3M400_S060_A000_WD315.0_WS010.0/M3M400_S060_A000_WD315.0_WS010.0_intensity.asc
ncols         50
nrows         15
xllcorner     421803.990666
yllcorner     12747555.311160
cellsize      100.000000
NODATA_value  0.000000
0 0 0 0 0 0 0 0 0 0 0 0 0 0 0 0 0 0 0 0 0 0 0 0 0 0 0 0 0 0 0 39945 21596 39945 27424 33603 39945 39945 27424 11674 21596 16293 21596 27424 21596 27424 16293 1542 0 0 
0 0 0 0 0 0 0 0 0 0 0 0 0 0 0 0 0 0 0 0 0 0 0 0 16293 46257 21596 46257 39945 21596 39945 39945 46257 27424 46257 33603 46257 21596 39945 39945 21596 39945 39945 39945 16293 16293 27424 27424 1542 1542 
0 0 0 0 0 0 0 0 0 0 0 0 0 0 0 0 0 0 0 39945 16293 46257 33603 46257 21596 46257 27424 39945 39945 33603 46257 16293 46257 16293 39945 39945 21596 46257 46257 27424 46257 39945 16293 46257 39945 39945 75467 75467 0 1987 
0 0 0 0 0 0 0 0 0 0 0 0 0 0 0 11674 39945 39945 16293 46257 16293 39945 46257 21596 39945 39945 46257 21596 46257 39945 46257 16293 39945 33603 27424 46257 46257 46257 46257 63146 75467 75467 75467 75467 75467 75467 75467 4719 2380 1600 
0 0 0 0 0 0 0 0 0 0 0 0 39945 39945 39945 21596 39945 39945 27424 33603 46257 39945 39945 46257 46257 46257 33603 21596 46257 46257 46257 63146 46257 39945 73573 75467 75467 75467 75467 75467 75467 75467 75290 62223 56995 51223 51223 1987 1987 0 
0 0 0 0 0 0 0 0 0 39945 46257 39945 39945 39945 39945 39945 39945 46257 67523 21596 39945 39945 46257 21596 52349 39945 21596 39945 33603 75467 75467 75064 75467 75467 75467 75467 75467 75467 75467 74862 56995 51223 56995 4719 2380 45083 1987 1987 0 0 
0 0 0 0 0 0 0 46257 46257 39945 71034 16293 39945 39945 39945 33603 39945 63146 39945 21596 39945 11674 46257 46257 75467 39945 63146 75467 75467 75467 75467 75467 75467 75467 74862 75467 75467 62223 51223 56995 2962 56995 2962 2962 2380 1987 0 0 0 0 
0 0 0 0 0 46257 75064 39945 39945 39945 21596 73573 39945 63146 33603 75467 67523 46257 39945 75467 75467 75467 75467 75467 75467 75467 75467 75467 75467 75467 75467 70433 75467 56995 62223 2962 51223 4719 51223 51223 51223 2962 1987 4719 0 0 0 0 0 0 
0 0 0 39945 63146 39945 71034 33603 46257 39945 73573 33603 39945 39945 75467 75467 75467 75467 75467 75467 75467 75467 75467 75467 75467 75467 75467 70433 75467 75290 62223 62223 56995 2962 2962 56995 4719 51223 2380 2962 2380 2962 0 0 0 0 0 0 0 0 
0 0 39945 46257 63146 39945 75467 75467 75467 75467 75467 75467 75467 75467 75467 75467 75467 75467 75467 75467 75467 75290 75467 73165 75467 75467 74862 66748 51223 51223 7404 4719 51223 56995 4719 51223 56995 2380 1600 0 0 0 0 0 0 0 0 0 0 0 
0 75467 75467 75467 75467 75467 75467 75467 75467 75467 75467 75467 75467 75467 75467 73165 75467 75467 75467 75467 66748 73165 75467 75467 62223 66748 51223 56995 51223 51223 2962 2962 1987 4719 56995 4719 0 0 0 0 0 0 0 0 0 0 0 0 0 0 
75467 75467 67523 75467 75467 75467 75467 75467 75467 75467 75467 75467 75467 75467 73165 75467 74862 75467 62223 73165 66748 66748 56995 56995 51223 51223 56995 56995 1600 51223 2962 4719 56995 0 0 0 0 0 0 0 0 0 0 0 0 0 0 0 0 0 
75467 75467 75467 75467 75467 75467 75467 75467 75467 75467 75467 75467 75467 75467 75467 75290 66748 66748 1987 62223 51223 56995 56995 56995 7404 51223 51223 51223 4719 0 0 0 0 0 0 0 0 0 0 0 0 0 0 0 0 0 0 0 0 0 
0 75467 75290 75467 75467 75467 75467 75467 66748 75467 73165 75467 75467 62223 4719 51223 62223 2380 1987 51223 51223 51223 51223 51223 51223 0 0 0 0 0 0 0 0 0 0 0 0 0 0 0 0 0 0 0 0 0 0 0 0 0 
0 0 0 66748 75467 75467 73165 75467 74862 62223 62223 62223 62223 51223 7404 4719 2962 7404 56995 0 0 0 0 0 0 0 0 0 0 0 0 0 0 0 0 0 0 0 0 0 0 0 0 0 0 0 0 0 0 0 
