test/output/constant/C1_S060_A090_WD090.0_WS040.0/C1_S060_A090_WD090.0_WS040.0_arrival.asc
ncols         27
nrows         8
xllcorner     424003.990666
yllcorner     12748055.311160
cellsize      100.000000
NODATA_value  0.000000
0.000000 0.000000 0.000000 0.000000 0.000000 0.000000 0.000000 0.000000 0.000000 0.000000 0.000000 0.000000 0.000000 0.000000 166.039655 166.035368 166.031081 166.026794 166.023043 166.018756 166.015005 166.011253 166.007502 166.004823 166.002679 166.001072 166.000000 
0.000000 0.000000 0.000000 0.000000 0.000000 0.000000 0.000000 0.000000 0.000000 0.000000 166.040191 166.036440 166.032689 166.028937 166.025186 166.021971 166.018756 166.016076 166.013397 166.010718 166.009110 166.007502 166.005895 166.004287 166.003215 166.003215 166.012861 
0.000000 0.000000 0.000000 0.000000 0.000000 0.000000 0.000000 166.040191 166.036976 166.033760 166.030545 166.027330 166.024650 166.021971 166.019292 166.017148 166.015540 166.013933 166.012325 166.010718 166.009110 166.008574 166.008574 166.010182 166.017148 166.034296 0.000000 
0.000000 0.000000 0.000000 0.000000 166.041667 166.038583 166.035368 166.033224 166.030545 166.027866 166.025722 166.023579 166.021971 166.020363 166.018756 166.017148 166.015540 166.015005 166.014469 166.014469 166.015005 166.017684 166.024115 166.035904 0.000000 0.000000 0.000000 
0.000000 0.000000 166.041667 166.039119 166.036440 166.034296 166.032153 166.030009 166.028402 166.026794 166.025186 166.023579 166.021971 166.020899 166.020363 166.019828 166.020363 166.020363 166.022507 166.025722 166.032153 166.041667 0.000000 0.000000 0.000000 0.000000 0.000000 
0.000000 166.040191 166.038583 166.036440 166.034832 166.033224 166.031617 166.030009 166.028402 166.027330 166.026794 166.025722 166.025722 166.025722 166.026258 166.027330 166.029473 166.033224 166.039655 0.000000 0.000000 0.000000 0.000000 0.000000 0.000000 0.000000 0.000000 
166.041263 166.039655 166.038047 166.036440 166.034832 166.033224 166.032689 166.031617 166.031617 166.031081 166.031617 166.031617 166.032689 166.034296 166.036976 166.041263 0.000000 0.000000 0.000000 0.000000 0.000000 0.000000 0.000000 0.000000 0.000000 0.000000 0.000000 
166.041263 166.039655 166.038583 166.038047 166.037512 166.036976 166.036976 166.036976 166.037512 166.038047 166.039655 166.041667 0.000000 0.000000 0.000000 0.000000 0.000000 0.000000 0.000000 0.000000 0.000000 0.000000 0.000000 0.000000 0.000000 0.000000 0.000000 
