test/output/constant/M495_S060_A000_WD045.0_WS010.0/M495_S060_A000_WD045.0_WS010.0_ros.asc
ncols         35
nrows         10
xllcorner     423203.990666
yllcorner     12747955.311160
cellsize      100.000000
NODATA_value  0.000000
0.000000 0.000000 0.000000 0.000000 0.000000 0.000000 0.000000 0.000000 0.000000 0.000000 0.000000 0.000000 0.000000 0.000000 0.000000 0.000000 0.000000 0.000000 0.000000 30.788591 16.292698 30.788591 12.095910 30.788591 30.788591 30.788591 30.788591 30.788591 30.788591 30.788591 30.788591 12.095910 16.292698 16.292698 0.528078 
0.000000 0.000000 0.000000 0.000000 0.000000 0.000000 0.000000 0.000000 0.000000 0.000000 0.000000 0.000000 16.292698 35.766563 30.788591 25.782988 35.766563 12.095910 35.766563 30.788591 25.782988 35.766563 30.788591 35.766563 35.766563 16.292698 40.565823 35.766563 35.766563 45.040695 35.766563 57.210953 58.652153 58.652153 0.000000 
0.000000 0.000000 0.000000 0.000000 0.000000 0.000000 0.000000 0.000000 35.766563 30.788591 35.766563 25.782988 35.766563 30.788591 20.901655 30.788591 35.766563 25.782988 30.788591 30.788591 30.788591 30.788591 30.788591 58.652153 35.766563 58.652153 58.652153 58.652153 58.652153 58.652153 58.652153 58.652153 58.242340 5.146830 0.815426 
0.000000 0.000000 0.000000 0.000000 0.000000 35.766563 30.788591 35.766563 35.766563 45.040695 16.292698 30.788591 30.788591 30.788591 49.055351 58.652153 57.210953 52.487930 12.095910 58.652153 45.040695 58.652153 58.652153 58.652153 58.652153 58.652153 58.652153 56.969864 44.411503 44.411503 5.146830 0.547367 2.993979 0.815426 0.000000 
0.000000 0.000000 0.000000 20.901655 20.901655 35.766563 55.234241 35.766563 40.565823 58.652153 52.487930 49.055351 35.766563 45.040695 58.652153 58.652153 58.652153 58.652153 58.652153 58.652153 58.652153 58.652153 58.652153 58.652153 58.652153 48.499359 44.411503 2.993979 39.883896 39.883896 35.054283 0.547367 0.000000 0.000000 0.000000 
0.000000 35.766563 57.210953 52.487930 52.487930 55.234241 58.652153 49.055351 58.652153 58.652153 30.788591 58.652153 58.652153 58.652153 58.652153 58.652153 58.652153 58.652153 58.652153 58.652153 58.652153 5.146830 39.883896 1.120905 39.883896 2.993979 39.883896 1.595924 39.883896 0.000000 0.000000 0.000000 0.000000 0.000000 0.000000 
58.652153 30.788591 58.652153 30.788591 58.652153 58.652153 58.652153 58.652153 58.652153 58.652153 58.652153 58.652153 58.652153 58.652153 58.652153 58.535000 58.652153 48.499359 44.411503 5.146830 5.146830 39.883896 1.595924 1.595924 1.595924 39.883896 0.000000 0.000000 0.000000 0.000000 0.000000 0.000000 0.000000 0.000000 0.000000 
58.652153 58.652153 58.652153 58.652153 58.652153 58.652153 58.652153 58.652153 58.652153 58.535000 58.652153 58.652153 56.969864 52.023106 44.411503 44.411503 39.883896 5.146830 39.883896 39.883896 39.883896 39.883896 1.595924 0.000000 0.000000 0.000000 0.000000 0.000000 0.000000 0.000000 0.000000 0.000000 0.000000 0.000000 0.000000 
58.652153 58.652153 58.652153 58.652153 58.652153 58.652153 56.969864 58.652153 54.875538 44.411503 44.411503 44.411503 44.411503 5.146830 1.595924 39.883896 39.883896 39.883896 0.000000 0.000000 0.000000 0.000000 0.000000 0.000000 0.000000 0.000000 0.000000 0.000000 0.000000 0.000000 0.000000 0.000000 0.000000 0.000000 0.000000 
0.000000 0.000000 58.652153 58.652153 58.652153 56.969864 48.499359 39.883896 39.883896 39.883896 58.652153 0.000000 0.000000 0.000000 0.000000 0.000000 0.000000 0.000000 0.000000 0.000000 0.000000 0.000000 0.000000 0.000000 0.000000 0.000000 0.000000 0.000000 0.000000 0.000000 0.000000 0.000000 0.000000 0.000000 0.000000 
