test/output/constant/M4100_S060_A090_WD000.0_WS015.0/M4100_S060_A090_WD000.0_WS015.0_arrival.asc
ncols         9
nrows         45
xllcorner     426203.990666
yllcorner     12744355.311160
cellsize      100.000000
NODATA_value  0.000000
0.000000 0.000000 0.000000 166.024894 166.000000 166.024894 0.000000 0.000000 0.000000 
0.000000 0.000000 0.000000 166.009430 166.000754 166.009430 0.000000 0.000000 0.000000 
0.000000 0.000000 0.000000 166.006412 166.001509 166.006412 0.000000 0.000000 0.000000 
0.000000 0.000000 166.030175 166.006035 166.002640 166.006035 166.030175 0.000000 0.000000 
0.000000 0.000000 166.024894 166.006035 166.003395 166.006035 166.024894 0.000000 0.000000 
0.000000 0.000000 166.021499 166.006412 166.004526 166.006412 166.021499 0.000000 0.000000 
0.000000 0.000000 166.019614 166.007166 166.005281 166.007166 166.019614 0.000000 0.000000 
0.000000 166.040359 166.018482 166.007544 166.006412 166.007544 166.018482 166.040359 0.000000 
0.000000 166.037341 166.017728 166.008298 166.007166 166.008298 166.017728 166.037341 0.000000 
0.000000 166.034701 166.017350 166.009430 166.008298 166.009430 166.017350 166.034701 0.000000 
0.000000 166.032815 166.017350 166.010184 166.009052 166.010184 166.017350 166.032815 0.000000 
0.000000 166.031306 166.017350 166.010938 166.010184 166.010938 166.017350 166.031306 0.000000 
0.000000 166.030175 166.017350 166.012070 166.010938 166.012070 166.017350 166.030175 0.000000 
0.000000 166.029798 166.018105 166.012824 166.012070 166.012824 166.018105 166.029798 0.000000 
0.000000 166.029043 166.018482 166.013579 166.012824 166.013579 166.018482 166.029043 0.000000 
0.000000 166.029043 166.019236 166.014710 166.013956 166.014710 166.019236 166.029043 0.000000 
0.000000 166.028666 166.019991 166.015465 166.014710 166.015465 166.019991 166.028666 0.000000 
0.000000 166.028666 166.020745 166.016596 166.015842 166.016596 166.020745 166.028666 0.000000 
166.041667 166.028666 166.021122 166.017350 166.016596 166.017350 166.021122 166.028666 166.041667 
166.041113 166.028666 166.021877 166.018482 166.017728 166.018482 166.021877 166.028666 166.041113 
166.040736 166.029043 166.022631 166.019236 166.018482 166.019236 166.022631 166.029043 166.040736 
166.040359 166.029420 166.023385 166.020368 166.019614 166.020368 166.023385 166.029420 166.040359 
166.040359 166.030175 166.024140 166.021122 166.020368 166.021122 166.024140 166.030175 166.040359 
166.039981 166.030929 166.024894 166.022254 166.021499 166.022254 166.024894 166.030929 166.039981 
166.039981 166.031306 166.025649 166.023008 166.022254 166.023008 166.025649 166.031306 166.039981 
166.039981 166.032061 166.026780 166.024140 166.023385 166.024140 166.026780 166.032061 166.039981 
166.039981 166.032815 166.027534 166.024894 166.024140 166.024894 166.027534 166.032815 166.039981 
166.040359 166.033192 166.028289 166.026026 166.025271 166.026026 166.028289 166.033192 166.040359 
166.040736 166.033947 166.029043 166.026780 166.026026 166.026780 166.029043 166.033947 166.040736 
166.041113 166.034701 166.030175 166.027912 166.027157 166.027912 166.030175 166.034701 166.041113 
166.041667 166.035455 166.030929 166.028666 166.027912 166.028666 166.030929 166.035455 166.041667 
0.000000 166.036210 166.031683 166.029798 166.029043 166.029798 166.031683 166.036210 0.000000 
0.000000 166.036587 166.032815 166.030552 166.029798 166.030552 166.032815 166.036587 0.000000 
0.000000 166.037341 166.033569 166.031306 166.030929 166.031306 166.033569 166.037341 0.000000 
0.000000 166.038096 166.034324 166.032438 166.031683 166.032438 166.034324 166.038096 0.000000 
0.000000 166.038850 166.035078 166.033192 166.032815 166.033192 166.035078 166.038850 0.000000 
0.000000 166.039604 166.036210 166.034324 166.033569 166.034324 166.036210 166.039604 0.000000 
0.000000 166.040359 166.036964 166.035078 166.034701 166.035078 166.036964 166.040359 0.000000 
0.000000 166.041490 166.038096 166.036210 166.035455 166.036210 166.038096 166.041490 0.000000 
0.000000 0.000000 166.038850 166.036964 166.036587 166.036964 166.038850 0.000000 0.000000 
0.000000 0.000000 166.039604 166.038096 166.037341 166.038096 166.039604 0.000000 0.000000 
0.000000 0.000000 166.040736 166.038850 166.038473 166.038850 166.040736 0.000000 0.000000 
0.000000 0.000000 166.041490 166.039981 166.039227 166.039981 166.041490 0.000000 0.000000 
0.000000 0.000000 0.000000 166.040736 166.040359 166.040736 0.000000 0.000000 0.000000 
0.000000 0.000000 0.000000 166.041490 166.041113 166.041490 0.000000 0.000000 0.000000 
