test/output/constant/M370_S060_A000_WD315.0_WS035.0/M370_S060_A000_WD315.0_WS035.0_ros.asc
ncols         14
nrows         24
xllcorner     425403.990666
yllcorner     12746555.311160
cellsize      100.000000
NODATA_value  0.000000
0.000000 0.000000 0.000000 0.000000 0.000000 0.000000 0.000000 0.000000 0.000000 0.000000 0.000000 2.353835 2.510727 1.574757 
0.000000 0.000000 0.000000 0.000000 0.000000 0.000000 0.000000 0.000000 0.000000 2.687397 3.677353 3.677353 -1.000000 8.161546 
0.000000 0.000000 0.000000 0.000000 0.000000 0.000000 0.000000 0.000000 3.677353 3.677353 30.484728 40.797310 40.797310 8.161546 
0.000000 0.000000 0.000000 0.000000 0.000000 0.000000 0.000000 2.687397 2.687397 30.484728 35.704861 40.797310 22.928072 10.617702 
0.000000 0.000000 0.000000 0.000000 0.000000 0.000000 0.000000 3.677353 2.353835 5.077166 40.797310 40.797310 8.161546 4.487109 
0.000000 0.000000 0.000000 0.000000 0.000000 0.000000 2.687397 3.677353 33.265083 40.797310 40.797310 39.960670 16.448130 10.617702 
0.000000 0.000000 0.000000 0.000000 0.000000 2.510727 5.077166 5.077166 6.900568 40.797310 34.773643 10.617702 13.406356 0.000000 
0.000000 0.000000 0.000000 0.000000 0.000000 30.484728 30.484728 30.484728 40.797310 40.797310 38.720539 6.103086 10.617702 0.000000 
0.000000 0.000000 0.000000 0.000000 2.687397 30.484728 30.484728 2.687397 40.797310 40.797310 22.928072 10.617702 8.161546 0.000000 
0.000000 0.000000 0.000000 0.000000 30.484728 30.484728 2.510727 39.279331 40.797310 10.617702 13.406356 4.487109 6.103086 0.000000 
0.000000 0.000000 0.000000 30.484728 33.265083 33.265083 40.797310 40.797310 29.290176 40.656792 10.617702 10.617702 0.000000 0.000000 
0.000000 0.000000 0.000000 2.687397 33.265083 33.265083 40.797310 40.797310 40.797310 10.617702 13.406356 10.617702 0.000000 0.000000 
0.000000 0.000000 33.265083 35.704861 40.797310 40.797310 40.797310 32.186314 39.960670 8.161546 13.406356 0.000000 0.000000 0.000000 
0.000000 0.000000 33.265083 5.077166 40.797310 40.797310 40.797310 34.773643 26.172743 6.103086 10.617702 0.000000 0.000000 0.000000 
0.000000 2.687397 2.687397 33.265083 40.797310 40.797310 38.720539 38.720539 29.290176 34.773643 0.000000 0.000000 0.000000 0.000000 
0.000000 3.677353 35.704861 37.730091 40.797310 40.797310 22.928072 38.720539 22.928072 10.617702 0.000000 0.000000 0.000000 0.000000 
0.000000 30.484728 40.305538 40.797310 40.797310 13.406356 4.487109 13.406356 19.653822 0.000000 0.000000 0.000000 0.000000 0.000000 
30.484728 6.900568 40.797310 40.797310 40.797310 40.797310 32.186314 13.406356 13.406356 0.000000 0.000000 0.000000 0.000000 0.000000 
6.900568 40.797310 40.797310 40.797310 32.186314 13.406356 6.103086 10.617702 0.000000 0.000000 0.000000 0.000000 0.000000 0.000000 
40.797310 40.797310 40.797310 40.797310 40.797310 34.773643 29.290176 0.000000 0.000000 0.000000 0.000000 0.000000 0.000000 0.000000 
40.797310 40.797310 40.797310 13.406356 22.928072 6.103086 19.653822 0.000000 0.000000 0.000000 0.000000 0.000000 0.000000 0.000000 
39.279331 40.797310 40.797310 16.448130 36.973911 13.406356 0.000000 0.000000 0.000000 0.000000 0.000000 0.000000 0.000000 0.000000 
40.797310 40.797310 19.653822 39.960670 36.973911 0.000000 0.000000 0.000000 0.000000 0.000000 0.000000 0.000000 0.000000 0.000000 
0.000000 40.797310 40.797310 0.000000 0.000000 0.000000 0.000000 0.000000 0.000000 0.000000 0.000000 0.000000 0.000000 0.000000 
