test/output/constant/M370_S060_A000_WD315.0_WS035.0/M370_S060_A000_WD315.0_WS035.0_arrival.asc
ncols         14
nrows         24
xllcorner     425403.990666
yllcorner     12746555.311160
cellsize      100.000000
NODATA_value  0.000000
0.000000 0.000000 0.000000 0.000000 0.000000 0.000000 0.000000 0.000000 0.000000 0.000000 0.000000 166.030034 166.024628 166.033639 
0.000000 0.000000 0.000000 0.000000 0.000000 0.000000 0.000000 0.000000 0.000000 166.036041 166.018621 166.003003 166.000000 166.018621 
0.000000 0.000000 0.000000 0.000000 0.000000 0.000000 0.000000 0.000000 166.037243 166.021625 166.007809 166.001802 166.001201 166.020423 
0.000000 0.000000 0.000000 0.000000 0.000000 0.000000 0.000000 166.040847 166.025830 166.012614 166.005406 166.003003 166.003604 166.024028 
0.000000 0.000000 0.000000 0.000000 0.000000 0.000000 0.000000 166.030034 166.018021 166.009611 166.005406 166.004806 166.009010 166.030034 
0.000000 0.000000 0.000000 0.000000 0.000000 0.000000 166.034840 166.022826 166.013816 166.009010 166.007208 166.007208 166.014417 166.036041 
0.000000 0.000000 0.000000 0.000000 0.000000 166.039645 166.027632 166.018621 166.012614 166.009010 166.009010 166.010812 166.020423 0.000000 
0.000000 0.000000 0.000000 0.000000 0.000000 166.032437 166.022826 166.016219 166.012614 166.010812 166.010812 166.015618 166.026430 0.000000 
0.000000 0.000000 0.000000 0.000000 166.037843 166.027632 166.020423 166.016219 166.013215 166.012614 166.013816 166.020423 166.033038 0.000000 
0.000000 0.000000 0.000000 0.000000 166.032437 166.024628 166.019823 166.015618 166.014417 166.015017 166.018021 166.025830 166.039045 0.000000 
0.000000 0.000000 0.000000 166.037243 166.029434 166.023427 166.019222 166.016819 166.016819 166.017420 166.022225 166.031836 0.000000 0.000000 
0.000000 0.000000 0.000000 166.034239 166.027632 166.022826 166.019823 166.018621 166.018621 166.021024 166.027031 166.037243 0.000000 0.000000 
0.000000 0.000000 166.038444 166.031836 166.026430 166.022826 166.020423 166.020423 166.021024 166.025229 166.031836 0.000000 0.000000 0.000000 
0.000000 0.000000 166.036041 166.030635 166.026430 166.023427 166.022225 166.022225 166.024028 166.029434 166.037243 0.000000 0.000000 0.000000 
0.000000 166.040847 166.034840 166.030034 166.026430 166.024028 166.024028 166.024628 166.027632 166.033639 0.000000 0.000000 0.000000 0.000000 
0.000000 166.039045 166.033639 166.030034 166.027031 166.026430 166.026430 166.027632 166.031836 166.038444 0.000000 0.000000 0.000000 0.000000 
0.000000 166.037243 166.033038 166.030034 166.028232 166.028232 166.028833 166.031236 166.036041 0.000000 0.000000 0.000000 0.000000 0.000000 
166.041447 166.037243 166.033038 166.030635 166.030034 166.030034 166.031236 166.034840 166.040847 0.000000 0.000000 0.000000 0.000000 0.000000 
166.040847 166.036642 166.033639 166.031836 166.031836 166.032437 166.034840 166.039045 0.000000 0.000000 0.000000 0.000000 0.000000 0.000000 
166.040246 166.036642 166.034840 166.033639 166.033639 166.034840 166.037843 0.000000 0.000000 0.000000 0.000000 0.000000 0.000000 0.000000 
166.040246 166.037243 166.036041 166.036041 166.036041 166.038444 166.041667 0.000000 0.000000 0.000000 0.000000 0.000000 0.000000 0.000000 
166.040246 166.038444 166.037843 166.037843 166.038444 166.041447 0.000000 0.000000 0.000000 0.000000 0.000000 0.000000 0.000000 0.000000 
166.040847 166.039645 166.039645 166.039645 166.041447 0.000000 0.000000 0.000000 0.000000 0.000000 0.000000 0.000000 0.000000 0.000000 
0.000000 166.041447 166.041447 0.000000 0.000000 0.000000 0.000000 0.000000 0.000000 0.000000 0.000000 0.000000 0.000000 0.000000 
