test/output/constant/M1M290_S060_A180_WD270.0_WS030.0/M1M290_S060_A180_WD270.0_WS030.0_arrival.asc
ncols         40
nrows         7
xllcorner     426603.990666
yllcorner     12748455.311160
cellsize      100.000000
NODATA_value  0.000000
0.000000 0.000000 0.000000 0.000000 0.000000 0.000000 0.000000 0.000000 0.000000 0.000000 0.000000 0.000000 0.000000 0.000000 0.000000 166.040534 166.039681 166.039254 166.038827 166.038827 166.038401 166.038401 166.038401 166.038401 166.039254 166.039681 166.040534 166.041387 0.000000 0.000000 0.000000 0.000000 0.000000 0.000000 0.000000 0.000000 0.000000 0.000000 0.000000 0.000000 
0.000000 0.000000 0.000000 0.000000 166.040961 166.033707 166.029867 166.027307 166.025600 166.024320 166.023894 166.023467 166.023040 166.023040 166.023040 166.023894 166.024747 166.025174 166.026027 166.026880 166.027307 166.028160 166.029014 166.029867 166.030720 166.031574 166.032427 166.033281 166.034134 166.035414 166.036267 166.037121 166.038401 166.039254 166.040107 166.040961 0.000000 0.000000 0.000000 0.000000 
0.000000 166.015787 166.009813 166.008107 166.007680 166.008107 166.008533 166.009387 166.010240 166.011094 166.011947 166.012800 166.014080 166.014934 166.016214 166.017067 166.017920 166.019200 166.020054 166.021334 166.022187 166.023467 166.024320 166.025600 166.026454 166.027307 166.028587 166.029440 166.030720 166.031574 166.032854 166.033707 166.034987 166.035841 166.037121 166.037974 166.039254 166.040107 166.041387 0.000000 
166.000000 166.000853 166.001707 166.002987 166.003840 166.005120 166.005973 166.007253 166.008107 166.009387 166.010240 166.011520 166.012374 166.013654 166.014507 166.015787 166.016640 166.017920 166.018774 166.020054 166.020907 166.022187 166.023040 166.024320 166.025174 166.026454 166.027307 166.028587 166.029440 166.030720 166.031574 166.032854 166.033707 166.034987 166.035841 166.037121 166.037974 166.039254 166.040107 166.041387 
0.000000 166.015787 166.009813 166.008107 166.007680 166.008107 166.008533 166.009387 166.010240 166.011094 166.011947 166.012800 166.014080 166.014934 166.016214 166.017067 166.017920 166.019200 166.020054 166.021334 166.022187 166.023467 166.024320 166.025600 166.026454 166.027307 166.028587 166.029440 166.030720 166.031574 166.032854 166.033707 166.034987 166.035841 166.037121 166.037974 166.039254 166.040107 166.041387 0.000000 
0.000000 0.000000 0.000000 0.000000 166.040961 166.033707 166.029867 166.027307 166.025600 166.024320 166.023894 166.023467 166.023040 166.023040 166.023040 166.023894 166.024747 166.025174 166.026027 166.026880 166.027307 166.028160 166.029014 166.029867 166.030720 166.031574 166.032427 166.033281 166.034134 166.035414 166.036267 166.037121 166.038401 166.039254 166.040107 166.040961 0.000000 0.000000 0.000000 0.000000 
0.000000 0.000000 0.000000 0.000000 0.000000 0.000000 0.000000 0.000000 0.000000 0.000000 0.000000 0.000000 0.000000 0.000000 0.000000 166.040534 166.039681 166.039254 166.038827 166.038827 166.038401 166.038401 166.038401 166.038401 166.039254 166.039681 166.040534 166.041387 0.000000 0.000000 0.000000 0.000000 0.000000 0.000000 0.000000 0.000000 0.000000 0.000000 0.000000 0.000000 
