test/output/constant/M360_S060_A000_WD045.0_WS015.0/M360_S060_A000_WD045.0_WS015.0_arrival.asc
ncols         41
nrows         12
xllcorner     422603.990666
yllcorner     12747755.311160
cellsize      100.000000
NODATA_value  0.000000
0.000000 0.000000 0.000000 0.000000 0.000000 0.000000 0.000000 0.000000 0.000000 0.000000 0.000000 0.000000 0.000000 0.000000 0.000000 0.000000 0.000000 0.000000 0.000000 0.000000 0.000000 0.000000 0.000000 0.000000 0.000000 0.000000 0.000000 0.000000 0.000000 0.000000 0.000000 0.000000 166.039262 166.036859 166.034054 166.032852 166.030448 166.028045 166.027243 166.030448 0.000000 
0.000000 0.000000 0.000000 0.000000 0.000000 0.000000 0.000000 0.000000 0.000000 0.000000 0.000000 0.000000 0.000000 0.000000 0.000000 0.000000 0.000000 0.000000 0.000000 0.000000 0.000000 0.000000 166.040865 166.038061 166.035256 166.032852 166.030048 166.027243 166.024840 166.022035 166.019231 166.016827 166.014022 166.011618 166.009215 166.006811 166.004407 166.002804 166.001603 166.000801 166.000000 
0.000000 0.000000 0.000000 0.000000 0.000000 0.000000 0.000000 0.000000 0.000000 0.000000 0.000000 0.000000 0.000000 0.000000 0.000000 0.000000 0.000000 0.000000 166.039663 166.036859 166.034455 166.032051 166.029247 166.026843 166.024439 166.022436 166.020032 166.017628 166.015625 166.013221 166.011618 166.009615 166.008013 166.006811 166.006010 166.004808 166.004006 166.002804 166.002404 166.002404 166.013221 
0.000000 0.000000 0.000000 0.000000 0.000000 0.000000 0.000000 0.000000 0.000000 0.000000 0.000000 0.000000 0.000000 0.000000 166.040064 166.037660 166.035256 166.033253 166.030849 166.028846 166.026442 166.024439 166.022035 166.020433 166.018429 166.016827 166.014824 166.013622 166.012019 166.011218 166.010016 166.008814 166.008013 166.006811 166.006410 166.006410 166.006811 166.008814 166.016426 166.035256 0.000000 
0.000000 0.000000 0.000000 0.000000 0.000000 0.000000 0.000000 0.000000 0.000000 0.000000 166.041666 166.039663 166.037259 166.035256 166.032852 166.030849 166.028846 166.027243 166.025240 166.023638 166.021634 166.020032 166.018830 166.017227 166.016426 166.015224 166.014022 166.013221 166.012019 166.011218 166.010817 166.010417 166.010417 166.011218 166.012820 166.016426 166.023237 166.035256 0.000000 0.000000 0.000000 
0.000000 0.000000 0.000000 0.000000 0.000000 0.000000 0.000000 166.041666 166.039663 166.037660 166.036057 166.034054 166.032051 166.030448 166.028846 166.026843 166.025641 166.024038 166.022836 166.021634 166.020433 166.019231 166.018429 166.017227 166.016426 166.015625 166.014824 166.014824 166.014824 166.014824 166.015625 166.016827 166.019231 166.023638 166.030448 166.040464 0.000000 0.000000 0.000000 0.000000 0.000000 
0.000000 0.000000 0.000000 0.000000 0.000000 166.040865 166.039262 166.037259 166.035657 166.033654 166.032452 166.030849 166.029247 166.028045 166.026843 166.025641 166.024439 166.023638 166.022436 166.021634 166.020433 166.019631 166.019231 166.018830 166.018830 166.018830 166.019231 166.020032 166.021234 166.023237 166.026442 166.030849 166.038061 0.000000 0.000000 0.000000 0.000000 0.000000 0.000000 0.000000 0.000000 
0.000000 0.000000 0.000000 166.040865 166.039262 166.037660 166.036057 166.034455 166.033253 166.032051 166.030849 166.029647 166.028846 166.027644 166.026843 166.025641 166.024840 166.024038 166.023638 166.023237 166.022836 166.022836 166.022836 166.023638 166.024439 166.025240 166.027243 166.029647 166.033654 166.038061 0.000000 0.000000 0.000000 0.000000 0.000000 0.000000 0.000000 0.000000 0.000000 0.000000 0.000000 
0.000000 166.041266 166.040064 166.038461 166.037259 166.036057 166.034855 166.034054 166.032852 166.031650 166.030849 166.029647 166.028846 166.028445 166.027644 166.027243 166.027243 166.027243 166.027243 166.027243 166.028045 166.028846 166.029647 166.031250 166.033654 166.036458 166.040865 0.000000 0.000000 0.000000 0.000000 0.000000 0.000000 0.000000 0.000000 0.000000 0.000000 0.000000 0.000000 0.000000 0.000000 
166.041266 166.040064 166.039262 166.038061 166.036859 166.036057 166.034855 166.034054 166.033253 166.032452 166.032051 166.031650 166.031250 166.031250 166.031250 166.031250 166.031650 166.032051 166.033253 166.034054 166.035256 166.037660 166.040064 0.000000 0.000000 0.000000 0.000000 0.000000 0.000000 0.000000 0.000000 0.000000 0.000000 0.000000 0.000000 0.000000 0.000000 0.000000 0.000000 0.000000 0.000000 
166.041266 166.040064 166.039262 166.038061 166.037660 166.036859 166.036458 166.035657 166.035657 166.035657 166.035256 166.035256 166.035657 166.036057 166.036458 166.037660 166.038461 166.039663 166.041666 0.000000 0.000000 0.000000 0.000000 0.000000 0.000000 0.000000 0.000000 0.000000 0.000000 0.000000 0.000000 0.000000 0.000000 0.000000 0.000000 0.000000 0.000000 0.000000 0.000000 0.000000 0.000000 
166.041666 166.040865 166.040464 166.040064 166.039663 166.039663 166.039663 166.039663 166.039663 166.039663 166.040464 166.040865 166.041666 0.000000 0.000000 0.000000 0.000000 0.000000 0.000000 0.000000 0.000000 0.000000 0.000000 0.000000 0.000000 0.000000 0.000000 0.000000 0.000000 0.000000 0.000000 0.000000 0.000000 0.000000 0.000000 0.000000 0.000000 0.000000 0.000000 0.000000 0.000000 
