test/output/constant/M480_S000_A000_WD180.0_WS045.0/M480_S000_A000_WD180.0_WS045.0_arrival.asc
ncols         7
nrows         36
xllcorner     426303.990666
yllcorner     12748755.311160
cellsize      100.000000
NODATA_value  0.000000
0.000000 0.000000 0.000000 166.041667 0.000000 0.000000 0.000000 
0.000000 0.000000 166.041318 166.040357 166.041318 0.000000 0.000000 
0.000000 0.000000 166.039877 166.039396 166.039877 0.000000 0.000000 
0.000000 166.041318 166.038916 166.037955 166.038916 166.041318 0.000000 
0.000000 166.040357 166.037475 166.036994 166.037475 166.040357 0.000000 
0.000000 166.039396 166.036514 166.035553 166.036514 166.039396 0.000000 
0.000000 166.037955 166.035072 166.034592 166.035072 166.037955 0.000000 
0.000000 166.036994 166.034111 166.033151 166.034111 166.036994 0.000000 
166.041667 166.036033 166.032670 166.032190 166.032670 166.036033 166.041667 
166.040838 166.034592 166.031709 166.030748 166.031709 166.034592 166.040838 
166.039877 166.033631 166.030268 166.029787 166.030268 166.033631 166.039877 
166.039396 166.032670 166.029307 166.028346 166.029307 166.032670 166.039396 
166.038435 166.031229 166.028346 166.027385 166.028346 166.031229 166.038435 
166.037475 166.030268 166.026905 166.025944 166.026905 166.030268 166.037475 
166.036994 166.029307 166.025944 166.024983 166.025944 166.029307 166.036994 
166.036033 166.028346 166.024503 166.023542 166.024503 166.028346 166.036033 
166.035553 166.027385 166.023542 166.022581 166.023542 166.027385 166.035553 
166.035072 166.026424 166.022100 166.021139 166.022100 166.026424 166.035072 
166.035072 166.025944 166.021139 166.020179 166.021139 166.025944 166.035072 
166.035072 166.024983 166.019698 166.018737 166.019698 166.024983 166.035072 
166.035072 166.024022 166.018737 166.017776 166.018737 166.024022 166.035072 
166.035553 166.023061 166.017776 166.016335 166.017776 166.023061 166.035553 
166.036033 166.022581 166.016335 166.015374 166.016335 166.022581 166.036033 
166.036994 166.021620 166.015374 166.013933 166.015374 166.021620 166.036994 
166.037955 166.021139 166.013933 166.012972 166.013933 166.021139 166.037955 
166.038916 166.021139 166.012972 166.011531 166.012972 166.021139 166.038916 
166.040838 166.021139 166.012011 166.010570 166.012011 166.021139 166.040838 
0.000000 166.021620 166.010570 166.009128 166.010570 166.021620 0.000000 
0.000000 166.022100 166.009609 166.008168 166.009609 166.022100 0.000000 
0.000000 166.023542 166.008648 166.006726 166.008648 166.023542 0.000000 
0.000000 166.025463 166.008168 166.005765 166.008168 166.025463 0.000000 
0.000000 166.028827 166.007207 166.004324 166.007207 166.028827 0.000000 
0.000000 166.034592 166.007207 166.003363 166.007207 166.034592 0.000000 
0.000000 0.000000 166.007687 166.001922 166.007687 0.000000 0.000000 
0.000000 0.000000 166.011050 166.000961 166.011050 0.000000 0.000000 
0.000000 0.000000 166.027385 166.000000 166.027385 0.000000 0.000000 
