test/output/constant/M4100_S060_A180_WD045.0_WS005.0/M4100_S060_A180_WD045.0_WS005.0_arrival.asc
ncols         25
nrows         8
xllcorner     426503.990666
yllcorner     12748255.311160
cellsize      100.000000
NODATA_value  0.000000
0.000000 0.000000 0.000000 0.000000 166.036134 166.033966 166.033966 166.033966 166.033966 166.034689 166.035411 166.036857 166.038302 166.039747 166.041193 0.000000 0.000000 0.000000 0.000000 0.000000 0.000000 0.000000 0.000000 0.000000 0.000000 
0.000000 166.019512 166.012286 166.011563 166.012286 166.013008 166.014454 166.016622 166.018067 166.020235 166.022403 166.024571 166.026739 166.028907 166.031075 166.033243 166.035411 166.037579 166.039747 166.041667 0.000000 0.000000 0.000000 0.000000 0.000000 
166.041193 166.000000 166.001445 166.002891 166.005059 166.006504 166.008672 166.010840 166.012286 166.014454 166.016622 166.018790 166.020958 166.023126 166.025294 166.027462 166.029630 166.031798 166.033966 166.036134 166.038302 166.040470 0.000000 0.000000 0.000000 
0.000000 166.010840 166.005059 166.005059 166.005059 166.006504 166.008672 166.010118 166.012286 166.013731 166.015899 166.018067 166.019512 166.021680 166.023126 166.025294 166.026739 166.028907 166.031075 166.032521 166.034689 166.036857 166.039025 166.041193 0.000000 
0.000000 0.000000 166.029630 166.019512 166.015176 166.013731 166.013731 166.013731 166.014454 166.015176 166.016622 166.018067 166.019512 166.021680 166.023126 166.025294 166.026739 166.028907 166.030353 166.032521 166.033966 166.036134 166.037579 166.039747 166.041667 
0.000000 0.000000 0.000000 0.000000 166.036857 166.030353 166.025294 166.023126 166.022403 166.022403 166.022403 166.022403 166.023126 166.024571 166.025294 166.026739 166.028185 166.029630 166.031075 166.032521 166.034689 166.036134 166.037579 166.039747 166.041193 
0.000000 0.000000 0.000000 0.000000 0.000000 0.000000 0.000000 166.040470 166.036134 166.033243 166.031798 166.031075 166.031075 166.031075 166.031075 166.031798 166.032521 166.033243 166.033966 166.035411 166.036857 166.038302 166.039025 166.041193 0.000000 
0.000000 0.000000 0.000000 0.000000 0.000000 0.000000 0.000000 0.000000 0.000000 0.000000 0.000000 0.000000 0.000000 166.040470 166.039747 166.039747 166.039747 166.039747 166.040470 166.040470 166.041193 0.000000 0.000000 0.000000 0.000000 
