test/output/constant/M3M495_S060_A000_WD315.0_WS010.0/M3M495_S060_A000_WD315.0_WS010.0_ros.asc
ncols         44
nrows         14
xllcorner     422403.990666
yllcorner     12747655.311160
cellsize      100.000000
NODATA_value  0.000000
0.000000 0.000000 0.000000 0.000000 0.000000 0.000000 0.000000 0.000000 0.000000 0.000000 0.000000 0.000000 0.000000 0.000000 0.000000 0.000000 0.000000 0.000000 0.000000 0.000000 0.000000 0.000000 0.000000 0.000000 0.000000 0.000000 0.000000 0.000000 37.690369 31.734203 37.690369 15.481723 37.690369 11.146736 20.459812 20.459812 25.932247 20.459812 25.932247 20.459812 15.481723 0.000000 0.000000 0.000000 
0.000000 0.000000 0.000000 0.000000 0.000000 0.000000 0.000000 0.000000 0.000000 0.000000 0.000000 0.000000 0.000000 0.000000 0.000000 0.000000 0.000000 0.000000 0.000000 0.000000 0.000000 20.459812 37.690369 25.932247 37.690369 15.481723 43.620468 20.459812 43.620468 37.690369 25.932247 37.690369 31.734203 37.690369 43.620468 37.690369 37.690369 15.481723 37.690369 15.481723 20.459812 25.932247 1.367546 1.367546 
0.000000 0.000000 0.000000 0.000000 0.000000 0.000000 0.000000 0.000000 0.000000 0.000000 0.000000 0.000000 0.000000 0.000000 0.000000 0.000000 20.459812 43.620468 37.690369 31.734203 37.690369 15.481723 43.620468 31.734203 37.690369 37.690369 31.734203 43.620468 15.481723 49.344860 15.481723 25.932247 37.690369 25.932247 37.690369 43.620468 43.620468 43.620468 43.620468 49.344860 71.102707 71.102707 0.000000 2.037767 
0.000000 0.000000 0.000000 0.000000 0.000000 0.000000 0.000000 0.000000 0.000000 0.000000 0.000000 0.000000 0.000000 25.932247 43.620468 43.620468 15.481723 49.344860 37.690369 20.459812 66.915916 37.690369 37.690369 15.481723 37.690369 43.620468 37.690369 37.690369 37.690369 37.690369 49.344860 20.459812 37.690369 59.493904 71.102707 71.102707 71.102707 71.102707 71.102707 71.102707 62.833141 58.567974 2.409448 2.037767 
0.000000 0.000000 0.000000 0.000000 0.000000 0.000000 0.000000 0.000000 0.000000 0.000000 43.620468 37.690369 25.932247 20.459812 43.620468 37.690369 43.620468 43.620468 37.690369 37.690369 43.620468 37.690369 25.932247 37.690369 37.690369 49.344860 54.690025 43.620468 37.690369 71.102707 71.102707 71.102707 71.102707 71.102707 71.102707 71.102707 71.102707 70.928802 48.216263 7.112922 2.952178 2.037767 1.436136 0.000000 
0.000000 0.000000 0.000000 0.000000 0.000000 0.000000 0.000000 43.620468 43.620468 37.690369 69.308998 31.734203 25.932247 43.620468 43.620468 37.690369 59.493904 25.932247 37.690369 20.459812 49.344860 31.734203 37.690369 20.459812 71.102707 71.102707 71.102707 71.102707 71.102707 71.102707 71.102707 71.102707 71.102707 71.102707 58.567974 58.567974 48.216263 4.599640 48.216263 1.660479 2.409448 2.037767 0.000000 0.000000 
0.000000 0.000000 0.000000 0.000000 0.000000 43.620468 43.620468 43.620468 25.932247 43.620468 43.620468 54.690025 43.620468 59.493904 63.610813 43.620468 37.690369 54.690025 71.102707 71.102707 71.102707 71.102707 71.102707 71.102707 71.102707 71.102707 71.102707 71.102707 71.102707 71.102707 68.897270 58.567974 58.567974 4.599640 53.645779 7.112922 48.216263 4.599640 48.216263 2.409448 0.000000 0.000000 0.000000 0.000000 
0.000000 0.000000 0.000000 69.308998 43.620468 71.102707 37.690369 69.308998 66.915916 49.344860 37.690369 59.493904 63.610813 71.102707 71.102707 71.102707 71.102707 71.102707 71.102707 71.102707 71.102707 71.102707 71.102707 71.102707 71.102707 71.102707 70.511665 53.645779 53.645779 58.567974 53.645779 2.037767 48.216263 48.216263 48.216263 48.216263 2.409448 1.660479 0.000000 0.000000 0.000000 0.000000 0.000000 0.000000 
0.000000 0.000000 69.308998 37.690369 25.932247 63.610813 71.102707 49.344860 71.102707 43.620468 71.102707 71.102707 71.102707 71.102707 71.102707 71.102707 71.102707 71.102707 71.102707 71.102707 71.102707 71.102707 71.102707 66.311523 62.833141 66.311523 53.645779 48.216263 48.216263 48.216263 53.645779 1.660479 4.599640 2.952178 42.444550 0.000000 0.000000 0.000000 0.000000 0.000000 0.000000 0.000000 0.000000 0.000000 
0.000000 43.620468 37.690369 71.102707 71.102707 69.308998 71.102707 71.102707 71.102707 71.102707 71.102707 71.102707 71.102707 71.102707 71.102707 71.102707 71.102707 68.897270 71.102707 71.102707 68.897270 58.567974 58.567974 7.112922 48.216263 48.216263 53.645779 4.599640 48.216263 4.599640 53.645779 2.952178 2.952178 0.000000 0.000000 0.000000 0.000000 0.000000 0.000000 0.000000 0.000000 0.000000 0.000000 0.000000 
71.102707 71.102707 71.102707 71.102707 71.102707 71.102707 71.102707 71.102707 71.102707 71.102707 71.102707 71.102707 71.102707 71.102707 71.102707 71.102707 71.102707 66.311523 58.567974 58.567974 53.645779 48.216263 53.645779 53.645779 48.216263 53.645779 48.216263 7.112922 4.599640 2.409448 0.000000 0.000000 0.000000 0.000000 0.000000 0.000000 0.000000 0.000000 0.000000 0.000000 0.000000 0.000000 0.000000 0.000000 
71.102707 71.102707 71.102707 70.928802 71.102707 71.102707 71.102707 71.102707 71.102707 71.102707 71.102707 71.102707 71.102707 71.102707 58.567974 58.567974 58.567974 53.645779 2.952178 53.645779 4.599640 48.216263 53.645779 48.216263 48.216263 48.216263 0.000000 0.000000 0.000000 0.000000 0.000000 0.000000 0.000000 0.000000 0.000000 0.000000 0.000000 0.000000 0.000000 0.000000 0.000000 0.000000 0.000000 0.000000 
0.000000 71.102707 71.102707 71.102707 71.102707 71.102707 71.102707 71.102707 71.102707 71.102707 66.311523 58.567974 53.645779 58.567974 53.645779 48.216263 48.216263 48.216263 2.952178 53.645779 48.216263 4.599640 0.000000 0.000000 0.000000 0.000000 0.000000 0.000000 0.000000 0.000000 0.000000 0.000000 0.000000 0.000000 0.000000 0.000000 0.000000 0.000000 0.000000 0.000000 0.000000 0.000000 0.000000 0.000000 
0.000000 0.000000 0.000000 71.102707 71.102707 71.102707 71.102707 71.102707 66.311523 68.897270 4.599640 53.645779 53.645779 48.216263 53.645779 48.216263 0.000000 0.000000 0.000000 0.000000 0.000000 0.000000 0.000000 0.000000 0.000000 0.000000 0.000000 0.000000 0.000000 0.000000 0.000000 0.000000 0.000000 0.000000 0.000000 0.000000 0.000000 0.000000 0.000000 0.000000 0.000000 0.000000 0.000000 0.000000 
