test/output/constant/M185_S060_A090_WD000.0_WS035.0/M185_S060_A090_WD000.0_WS035.0_arrival.asc
ncols         7
nrows         39
xllcorner     426303.990666
yllcorner     12744955.311160
cellsize      100.000000
NODATA_value  0.000000
0.000000 0.000000 0.000000 166.000000 0.000000 0.000000 0.000000 
0.000000 0.000000 166.018765 166.000873 166.018765 0.000000 0.000000 
0.000000 0.000000 166.011346 166.001746 166.011346 0.000000 0.000000 
0.000000 0.000000 166.009164 166.003055 166.009164 0.000000 0.000000 
0.000000 0.000000 166.008292 166.003928 166.008292 0.000000 0.000000 
0.000000 166.038840 166.008292 166.005237 166.008292 166.038840 0.000000 
0.000000 166.034039 166.009164 166.006110 166.009164 166.034039 0.000000 
0.000000 166.030985 166.010037 166.007419 166.010037 166.030985 0.000000 
0.000000 166.028366 166.010474 166.008292 166.010474 166.028366 0.000000 
0.000000 166.027057 166.011346 166.009601 166.011346 166.027057 0.000000 
0.000000 166.025748 166.012219 166.010474 166.012219 166.025748 0.000000 
0.000000 166.025311 166.013528 166.011783 166.013528 166.025311 0.000000 
0.000000 166.024875 166.014401 166.012656 166.014401 166.024875 0.000000 
0.000000 166.024875 166.015274 166.013965 166.015274 166.024875 0.000000 
0.000000 166.024875 166.016583 166.014838 166.016583 166.024875 0.000000 
0.000000 166.025311 166.017456 166.016147 166.017456 166.025311 0.000000 
0.000000 166.025748 166.018765 166.017020 166.018765 166.025748 0.000000 
0.000000 166.026621 166.019638 166.018329 166.019638 166.026621 0.000000 
0.000000 166.027057 166.020947 166.019202 166.020947 166.027057 0.000000 
0.000000 166.027930 166.021820 166.020511 166.021820 166.027930 0.000000 
166.041458 166.028803 166.022693 166.021384 166.022693 166.028803 166.041458 
166.041458 166.029675 166.024002 166.022693 166.024002 166.029675 166.041458 
166.041458 166.030548 166.024875 166.023566 166.024875 166.030548 166.041458 
166.041458 166.030985 166.025748 166.024875 166.025748 166.030985 166.041458 
166.041458 166.031857 166.027057 166.025748 166.027057 166.031857 166.041458 
0.000000 166.032730 166.027930 166.027057 166.027930 166.032730 0.000000 
0.000000 166.033603 166.029239 166.027930 166.029239 166.033603 0.000000 
0.000000 166.034476 166.030112 166.029239 166.030112 166.034476 0.000000 
0.000000 166.035349 166.031421 166.030112 166.031421 166.035349 0.000000 
0.000000 166.036221 166.032294 166.031421 166.032294 166.036221 0.000000 
0.000000 166.037531 166.033603 166.032294 166.033603 166.037531 0.000000 
0.000000 166.038403 166.034476 166.033603 166.034476 166.038403 0.000000 
0.000000 166.039276 166.035785 166.034476 166.035785 166.039276 0.000000 
0.000000 166.040149 166.036658 166.035785 166.036658 166.040149 0.000000 
0.000000 166.041458 166.037967 166.036658 166.037967 166.041458 0.000000 
0.000000 0.000000 166.038840 166.037967 166.038840 0.000000 0.000000 
0.000000 0.000000 166.040149 166.038840 166.040149 0.000000 0.000000 
0.000000 0.000000 166.041022 166.040149 166.041022 0.000000 0.000000 
0.000000 0.000000 0.000000 166.041022 0.000000 0.000000 0.000000 
