test/output/constant/M385_S060_A000_WD315.0_WS045.0/M385_S060_A000_WD315.0_WS045.0_ros.asc
ncols         12
nrows         35
xllcorner     425703.990666
yllcorner     12745455.311160
cellsize      100.000000
NODATA_value  0.000000
0.000000 0.000000 0.000000 0.000000 0.000000 0.000000 0.000000 0.000000 1.242947 1.755522 1.298852 0.000000 
0.000000 0.000000 0.000000 0.000000 0.000000 0.000000 0.000000 2.303392 1.242947 -1.000000 1.242947 0.000000 
0.000000 0.000000 0.000000 0.000000 0.000000 0.000000 2.738726 2.303392 47.927555 57.177063 16.426781 0.000000 
0.000000 0.000000 0.000000 0.000000 0.000000 0.000000 3.302477 3.302477 57.177063 57.177063 16.426781 1.842390 
0.000000 0.000000 0.000000 0.000000 0.000000 2.303392 2.738726 3.302477 57.177063 29.891850 16.426781 12.589003 
0.000000 0.000000 0.000000 0.000000 0.000000 2.738726 2.738726 57.113136 57.177063 34.582199 16.426781 12.589003 
0.000000 0.000000 0.000000 0.000000 1.755522 1.755522 4.840524 55.719925 57.177063 29.891850 29.891850 12.589003 
0.000000 0.000000 0.000000 0.000000 47.927555 4.840524 51.188713 57.177063 57.177063 29.891850 16.426781 16.426781 
0.000000 0.000000 0.000000 0.000000 44.128284 3.302477 57.177063 57.177063 53.408257 34.582199 29.891850 0.000000 
0.000000 0.000000 0.000000 47.927555 1.755522 3.302477 57.177063 57.177063 57.177063 29.891850 20.675529 0.000000 
0.000000 0.000000 0.000000 3.302477 47.927555 47.927555 57.177063 57.177063 29.891850 29.891850 29.891850 0.000000 
0.000000 0.000000 0.000000 3.302477 44.128284 56.852333 57.177063 57.177063 39.138439 20.675529 25.209223 0.000000 
0.000000 0.000000 4.840524 2.303392 2.738726 57.177063 57.177063 57.177063 39.138439 29.891850 29.891850 0.000000 
0.000000 0.000000 44.128284 47.927555 47.927555 57.177063 57.177063 50.667362 29.891850 29.891850 29.891850 0.000000 
0.000000 0.000000 4.840524 47.927555 57.177063 57.177063 57.177063 57.177063 34.582199 12.589003 12.589003 0.000000 
0.000000 2.303392 47.927555 2.738726 57.177063 51.188713 57.177063 29.891850 12.589003 29.891850 34.582199 0.000000 
0.000000 47.927555 44.128284 55.719925 57.177063 57.177063 57.177063 29.891850 12.589003 29.891850 25.209223 0.000000 
0.000000 3.302477 47.927555 53.812737 57.177063 57.177063 25.209223 34.582199 25.209223 16.426781 0.000000 0.000000 
0.000000 47.927555 47.927555 57.177063 57.177063 57.177063 47.304810 34.582199 20.675529 29.891850 0.000000 0.000000 
4.840524 2.738726 57.177063 51.188713 55.719925 57.177063 53.408257 12.589003 50.667362 25.209223 0.000000 0.000000 
1.755522 47.927555 57.177063 57.177063 57.177063 29.891850 57.177063 29.891850 20.675529 29.891850 0.000000 0.000000 
4.840524 51.188713 53.812737 57.177063 57.177063 47.304810 34.582199 34.582199 25.209223 29.891850 0.000000 0.000000 
1.755522 55.719925 57.177063 57.177063 57.177063 57.177063 29.891850 12.589003 25.209223 0.000000 0.000000 0.000000 
47.927555 57.177063 57.177063 53.812737 57.177063 29.891850 34.582199 25.209223 20.675529 0.000000 0.000000 0.000000 
57.177063 57.177063 57.177063 57.177063 53.408257 57.177063 29.891850 25.209223 29.891850 0.000000 0.000000 0.000000 
57.177063 53.812737 55.719925 57.177063 53.408257 29.891850 25.209223 29.891850 0.000000 0.000000 0.000000 0.000000 
57.177063 51.188713 57.177063 57.177063 57.177063 29.891850 29.891850 29.891850 0.000000 0.000000 0.000000 0.000000 
57.177063 57.177063 55.719925 57.177063 29.891850 34.582199 16.426781 34.582199 0.000000 0.000000 0.000000 0.000000 
57.177063 57.177063 57.177063 57.177063 57.177063 29.891850 34.582199 0.000000 0.000000 0.000000 0.000000 0.000000 
57.177063 55.719925 57.177063 57.177063 57.177063 43.422592 29.891850 0.000000 0.000000 0.000000 0.000000 0.000000 
57.177063 55.719925 57.177063 57.177063 53.408257 29.891850 0.000000 0.000000 0.000000 0.000000 0.000000 0.000000 
57.177063 55.719925 57.177063 55.444344 34.582199 25.209223 0.000000 0.000000 0.000000 0.000000 0.000000 0.000000 
51.188713 57.177063 57.177063 50.667362 9.272980 0.000000 0.000000 0.000000 0.000000 0.000000 0.000000 0.000000 
57.177063 57.177063 57.177063 57.177063 9.272980 0.000000 0.000000 0.000000 0.000000 0.000000 0.000000 0.000000 
53.812737 57.177063 34.582199 57.177063 0.000000 0.000000 0.000000 0.000000 0.000000 0.000000 0.000000 0.000000 
