test/output/constant/M385_S060_A000_WD315.0_WS045.0/M385_S060_A000_WD315.0_WS045.0_arrival.asc
ncols         12
nrows         35
xllcorner     425703.990666
yllcorner     12745455.311160
cellsize      100.000000
NODATA_value  0.000000
0.000000 0.000000 0.000000 0.000000 0.000000 0.000000 0.000000 0.000000 166.035233 166.028941 166.037749 0.000000 
0.000000 0.000000 0.000000 0.000000 0.000000 0.000000 0.000000 166.027683 166.005872 166.000000 166.015519 0.000000 
0.000000 0.000000 0.000000 0.000000 0.000000 0.000000 166.036491 166.016358 166.002517 166.000839 166.013841 0.000000 
0.000000 0.000000 0.000000 0.000000 0.000000 0.000000 166.026425 166.010067 166.002517 166.002097 166.014680 166.040685 
0.000000 0.000000 0.000000 0.000000 0.000000 166.036491 166.019294 166.007550 166.003356 166.003356 166.015519 166.039427 
0.000000 0.000000 0.000000 0.000000 0.000000 166.028941 166.015100 166.006711 166.004614 166.005033 166.017197 166.039427 
0.000000 0.000000 0.000000 0.000000 166.039008 166.023908 166.012583 166.006711 166.005872 166.007130 166.018875 166.040266 
0.000000 0.000000 0.000000 0.000000 166.033136 166.020133 166.011325 166.007550 166.007130 166.009228 166.021391 166.040685 
0.000000 0.000000 0.000000 0.000000 166.028522 166.017616 166.011325 166.008389 166.008389 166.011325 166.023069 0.000000 
0.000000 0.000000 0.000000 166.037749 166.025586 166.016358 166.011325 166.009647 166.009647 166.013422 166.025586 0.000000 
0.000000 0.000000 0.000000 166.033555 166.022650 166.015519 166.011744 166.010905 166.011325 166.015519 166.027683 0.000000 
0.000000 0.000000 0.000000 166.030619 166.021391 166.015519 166.012583 166.012164 166.013003 166.018036 166.030200 0.000000 
0.000000 0.000000 166.038588 166.028102 166.020552 166.015939 166.013422 166.013422 166.014680 166.020133 166.032297 0.000000 
0.000000 0.000000 166.035652 166.026425 166.020133 166.015939 166.014680 166.014680 166.016778 166.022230 166.034394 0.000000 
0.000000 0.000000 166.033136 166.025166 166.020133 166.016778 166.015939 166.015939 166.018875 166.024747 166.036911 0.000000 
0.000000 166.041105 166.031458 166.024747 166.020133 166.017197 166.017197 166.017616 166.020972 166.026844 166.039008 0.000000 
0.000000 166.038169 166.030200 166.024327 166.020552 166.018455 166.018455 166.019294 166.023069 166.028941 166.041524 0.000000 
0.000000 166.036911 166.029361 166.024327 166.020972 166.019714 166.019714 166.020972 166.025166 166.031458 0.000000 0.000000 
0.000000 166.035233 166.028941 166.024747 166.021811 166.020972 166.020972 166.022650 166.027263 166.033555 0.000000 0.000000 
166.041667 166.034394 166.028941 166.024747 166.022230 166.022230 166.022230 166.024747 166.028941 166.036072 0.000000 0.000000 
166.040685 166.033555 166.028941 166.025166 166.023489 166.023489 166.023908 166.026425 166.031458 166.038169 0.000000 0.000000 
166.039427 166.033136 166.028941 166.026005 166.024747 166.024747 166.025586 166.028522 166.033555 166.040266 0.000000 0.000000 
166.038588 166.033136 166.029361 166.026844 166.026005 166.026005 166.027263 166.030619 166.035652 0.000000 0.000000 0.000000 
166.037749 166.033555 166.029780 166.027263 166.027263 166.027263 166.028941 166.032716 166.037749 0.000000 0.000000 0.000000 
166.037749 166.033555 166.030200 166.028522 166.028522 166.028522 166.030619 166.034813 166.039847 0.000000 0.000000 0.000000 
166.037749 166.033555 166.030619 166.029780 166.029780 166.030200 166.032716 166.036491 0.000000 0.000000 0.000000 0.000000 
166.037749 166.033974 166.031877 166.031038 166.031038 166.031877 166.034394 166.038588 0.000000 0.000000 0.000000 0.000000 
166.038169 166.034394 166.032297 166.032297 166.032297 166.033555 166.036491 166.040685 0.000000 0.000000 0.000000 0.000000 
166.038169 166.035233 166.033555 166.033555 166.033555 166.035233 166.038169 0.000000 0.000000 0.000000 0.000000 0.000000 
166.038588 166.036072 166.034813 166.034813 166.034813 166.036911 166.040266 0.000000 0.000000 0.000000 0.000000 0.000000 
166.039008 166.036911 166.036072 166.036072 166.036491 166.038588 0.000000 0.000000 0.000000 0.000000 0.000000 0.000000 
166.039427 166.037330 166.037330 166.037330 166.038169 166.040685 0.000000 0.000000 0.000000 0.000000 0.000000 0.000000 
166.039847 166.038588 166.038588 166.038588 166.039847 0.000000 0.000000 0.000000 0.000000 0.000000 0.000000 0.000000 
166.041105 166.039847 166.039847 166.039847 166.041524 0.000000 0.000000 0.000000 0.000000 0.000000 0.000000 0.000000 
166.041524 166.041105 166.041105 166.041105 0.000000 0.000000 0.000000 0.000000 0.000000 0.000000 0.000000 0.000000 
