test/output/constant/M385_S060_A000_WD315.0_WS045.0/M385_S060_A000_WD315.0_WS045.0_intensity.asc
ncols         12
nrows         35
xllcorner     425703.990666
yllcorner     12745455.311160
cellsize      100.000000
NODATA_value  0.000000
0 0 0 0 0 0 0 0 1111 1569 1161 0 
0 0 0 0 0 0 0 2059 1111 0 1111 0 
0 0 0 0 0 0 2448 2059 42855 51126 14688 0 
0 0 0 0 0 0 2952 2952 51126 51126 14688 1647 
0 0 0 0 0 2059 2448 2952 51126 26728 14688 11256 
0 0 0 0 0 2448 2448 51069 51126 30922 14688 11256 
0 0 0 0 1569 1569 4328 49823 51126 26728 26728 11256 
0 0 0 0 42855 4328 45771 51126 51126 26728 14688 14688 
0 0 0 0 39458 2952 51126 51126 47756 30922 26728 0 
0 0 0 42855 1569 2952 51126 51126 51126 26728 18487 0 
0 0 0 2952 42855 42855 51126 51126 26728 26728 26728 0 
0 0 0 2952 39458 50835 51126 51126 34996 18487 22541 0 
0 0 4328 2059 2448 51126 51126 51126 34996 26728 26728 0 
0 0 39458 42855 42855 51126 51126 45305 26728 26728 26728 0 
0 0 4328 42855 51126 51126 51126 51126 30922 11256 11256 0 
0 2059 42855 2448 51126 45771 51126 26728 11256 26728 30922 0 
0 42855 39458 49823 51126 51126 51126 26728 11256 26728 22541 0 
0 2952 42855 48117 51126 51126 22541 30922 22541 14688 0 0 
0 42855 42855 51126 51126 51126 42298 30922 18487 26728 0 0 
4328 2448 51126 45771 49823 51126 47756 11256 45305 22541 0 0 
1569 42855 51126 51126 51126 26728 51126 26728 18487 26728 0 0 
4328 45771 48117 51126 51126 42298 30922 30922 22541 26728 0 0 
1569 49823 51126 51126 51126 51126 26728 11256 22541 0 0 0 
42855 51126 51126 48117 51126 26728 30922 22541 18487 0 0 0 
51126 51126 51126 51126 47756 51126 26728 22541 26728 0 0 0 
51126 48117 49823 51126 47756 26728 22541 26728 0 0 0 0 
51126 45771 51126 51126 51126 26728 26728 26728 0 0 0 0 
51126 51126 49823 51126 26728 30922 14688 30922 0 0 0 0 
51126 51126 51126 51126 51126 26728 30922 0 0 0 0 0 
51126 49823 51126 51126 51126 38827 26728 0 0 0 0 0 
51126 49823 51126 51126 47756 26728 0 0 0 0 0 0 
51126 49823 51126 49576 30922 22541 0 0 0 0 0 0 
45771 51126 51126 45305 8291 0 0 0 0 0 0 0 
51126 51126 51126 51126 8291 0 0 0 0 0 0 0 
48117 51126 30922 51126 0 0 0 0 0 0 0 0 
