test/output/constant/M3M485_S060_A270_WD180.0_WS025.0/M3M485_S060_A270_WD180.0_WS025.0_arrival.asc
ncols         9
nrows         56
xllcorner     426203.990666
yllcorner     12748755.311160
cellsize      100.000000
NODATA_value  0.000000
0.000000 0.000000 0.000000 166.041667 166.041194 166.041667 0.000000 0.000000 0.000000 
0.000000 0.000000 0.000000 166.040893 166.040292 166.040893 0.000000 0.000000 0.000000 
0.000000 0.000000 0.000000 166.040292 166.039690 166.040292 0.000000 0.000000 0.000000 
0.000000 0.000000 166.041494 166.039389 166.038788 166.039389 166.041494 0.000000 0.000000 
0.000000 0.000000 166.040592 166.038788 166.038187 166.038788 166.040592 0.000000 0.000000 
0.000000 0.000000 166.039991 166.037886 166.037285 166.037886 166.039991 0.000000 0.000000 
0.000000 0.000000 166.039089 166.037285 166.036683 166.037285 166.039089 0.000000 0.000000 
0.000000 166.041494 166.038487 166.036383 166.035781 166.036383 166.038487 166.041494 0.000000 
0.000000 166.040893 166.037585 166.035781 166.035180 166.035781 166.037585 166.040893 0.000000 
0.000000 166.040292 166.036984 166.034879 166.034278 166.034879 166.036984 166.040292 0.000000 
0.000000 166.039690 166.036383 166.034278 166.033677 166.034278 166.036383 166.039690 0.000000 
0.000000 166.039089 166.035481 166.033376 166.032774 166.033376 166.035481 166.039089 0.000000 
0.000000 166.038187 166.034879 166.032774 166.032173 166.032774 166.034879 166.038187 0.000000 
0.000000 166.037585 166.033977 166.032173 166.031271 166.032173 166.033977 166.037585 0.000000 
0.000000 166.037285 166.033376 166.031271 166.030670 166.031271 166.033376 166.037285 0.000000 
0.000000 166.036683 166.032774 166.030670 166.029768 166.030670 166.032774 166.036683 0.000000 
0.000000 166.036082 166.031872 166.029768 166.029166 166.029768 166.031872 166.036082 0.000000 
0.000000 166.035481 166.031271 166.029166 166.028264 166.029166 166.031271 166.035481 0.000000 
166.041494 166.034879 166.030670 166.028264 166.027663 166.028264 166.030670 166.034879 166.041494 
166.040893 166.034579 166.029768 166.027663 166.026761 166.027663 166.029768 166.034579 166.040893 
166.040592 166.033977 166.029166 166.026761 166.026159 166.026761 166.029166 166.033977 166.040592 
166.039991 166.033376 166.028565 166.026159 166.025257 166.026159 166.028565 166.033376 166.039991 
166.039690 166.032774 166.027663 166.025257 166.024656 166.025257 166.027663 166.032774 166.039690 
166.039690 166.032474 166.027061 166.024656 166.023754 166.024656 166.027061 166.032474 166.039690 
166.039690 166.031872 166.026460 166.023754 166.023153 166.023754 166.026460 166.031872 166.039690 
166.039690 166.031271 166.025859 166.023153 166.022251 166.023153 166.025859 166.031271 166.039690 
166.039991 166.030970 166.024957 166.022251 166.021649 166.022251 166.024957 166.030970 166.039991 
166.039991 166.030369 166.024355 166.021649 166.020747 166.021649 166.024355 166.030369 166.039991 
166.040292 166.029768 166.023754 166.020747 166.020146 166.020747 166.023754 166.029768 166.040292 
166.040292 166.029467 166.023153 166.020146 166.019244 166.020146 166.023153 166.029467 166.040292 
166.040592 166.028866 166.022551 166.019244 166.018642 166.019244 166.022551 166.028866 166.040592 
166.041194 166.028565 166.021950 166.018642 166.017740 166.018642 166.021950 166.028565 166.041194 
0.000000 166.028565 166.021349 166.017740 166.017139 166.017740 166.021349 166.028565 0.000000 
0.000000 166.028565 166.020747 166.017139 166.016237 166.017139 166.020747 166.028565 0.000000 
0.000000 166.028565 166.020446 166.016538 166.015636 166.016538 166.020446 166.028565 0.000000 
0.000000 166.028565 166.019845 166.015636 166.014733 166.015636 166.019845 166.028565 0.000000 
0.000000 166.028866 166.019244 166.015034 166.014132 166.015034 166.019244 166.028866 0.000000 
0.000000 166.029166 166.018642 166.014433 166.013230 166.014433 166.018642 166.029166 0.000000 
0.000000 166.029467 166.018342 166.013531 166.012629 166.013531 166.018342 166.029467 0.000000 
0.000000 166.030068 166.017740 166.012929 166.011727 166.012929 166.017740 166.030068 0.000000 
0.000000 166.030970 166.017440 166.012027 166.011125 166.012027 166.017440 166.030970 0.000000 
0.000000 166.031872 166.017139 166.011426 166.010223 166.011426 166.017139 166.031872 0.000000 
0.000000 166.032774 166.017139 166.010524 166.009622 166.010524 166.017139 166.032774 0.000000 
0.000000 166.034278 166.017139 166.009923 166.008720 166.009923 166.017139 166.034278 0.000000 
0.000000 166.036383 166.017440 166.009321 166.008118 166.009321 166.017440 166.036383 0.000000 
0.000000 166.038187 166.018041 166.008419 166.007216 166.008419 166.018041 166.038187 0.000000 
0.000000 0.000000 166.018642 166.007818 166.006615 166.007818 166.018642 0.000000 0.000000 
0.000000 0.000000 166.019544 166.007216 166.005713 166.007216 166.019544 0.000000 0.000000 
0.000000 0.000000 166.021048 166.006615 166.005112 166.006615 166.021048 0.000000 0.000000 
0.000000 0.000000 166.022852 166.006314 166.004210 166.006314 166.022852 0.000000 0.000000 
0.000000 0.000000 166.026460 166.005713 166.003608 166.005713 166.026460 0.000000 0.000000 
0.000000 0.000000 166.031271 166.005713 166.002706 166.005713 166.031271 0.000000 0.000000 
0.000000 0.000000 166.039389 166.006314 166.002105 166.006314 166.039389 0.000000 0.000000 
0.000000 0.000000 0.000000 166.007818 166.001203 166.007818 0.000000 0.000000 0.000000 
0.000000 0.000000 0.000000 166.012929 166.000601 166.012929 0.000000 0.000000 0.000000 
0.000000 0.000000 0.000000 166.031572 166.000000 166.031572 0.000000 0.000000 0.000000 
