test/output/constant/M3M480_S060_A000_WD000.0_WS010.0/M3M480_S060_A000_WD000.0_WS010.0_ros.asc
ncols         43
nrows         14
xllcorner     422403.990666
yllcorner     12747555.311160
cellsize      100.000000
NODATA_value  0.000000
0.000000 0.000000 0.000000 0.000000 0.000000 0.000000 0.000000 0.000000 0.000000 0.000000 0.000000 0.000000 0.000000 0.000000 0.000000 0.000000 0.000000 0.000000 0.000000 0.000000 0.000000 0.000000 0.000000 0.000000 0.000000 0.000000 0.000000 0.000000 0.000000 0.000000 26.147589 15.319969 32.138962 15.319969 32.138962 26.147589 20.484175 26.147589 15.319969 10.810669 10.810669 10.810669 1.324202 
0.000000 0.000000 0.000000 0.000000 0.000000 0.000000 0.000000 0.000000 0.000000 0.000000 0.000000 0.000000 0.000000 0.000000 0.000000 0.000000 0.000000 0.000000 0.000000 0.000000 0.000000 0.000000 0.000000 32.138962 10.810669 32.138962 10.810669 32.138962 15.319969 20.484175 26.147589 20.484175 26.147589 26.147589 32.138962 26.147589 10.810669 32.138962 32.138962 32.138962 72.256363 72.256363 -1.000000 
0.000000 0.000000 0.000000 0.000000 0.000000 0.000000 0.000000 0.000000 0.000000 0.000000 0.000000 0.000000 0.000000 0.000000 0.000000 0.000000 0.000000 0.000000 0.000000 15.319969 20.484175 26.147589 26.147589 32.138962 26.147589 32.138962 10.810669 32.138962 20.484175 32.138962 70.545464 32.138962 10.810669 26.147589 38.276867 55.720661 68.150032 72.256363 72.256363 72.256363 70.135437 54.649120 1.003292 
0.000000 0.000000 0.000000 0.000000 0.000000 0.000000 0.000000 0.000000 0.000000 0.000000 0.000000 0.000000 0.000000 0.000000 0.000000 32.138962 26.147589 50.249268 26.147589 26.147589 26.147589 32.138962 15.319969 32.138962 15.319969 26.147589 72.256363 10.810669 32.138962 15.319969 26.147589 68.150032 64.808914 72.256363 72.256363 72.256363 72.256363 72.256363 59.677181 3.962445 1.003292 1.691733 0.000000 
0.000000 0.000000 0.000000 0.000000 0.000000 0.000000 0.000000 0.000000 0.000000 0.000000 0.000000 0.000000 0.000000 32.138962 26.147589 32.138962 15.319969 32.138962 32.138962 15.319969 32.138962 64.808914 15.319969 32.138962 32.138962 26.147589 72.256363 26.147589 26.147589 72.256363 72.256363 72.256363 72.256363 72.256363 67.539948 59.677181 54.649120 49.086910 6.581818 3.962445 1.691733 0.000000 0.000000 
0.000000 0.000000 0.000000 0.000000 0.000000 0.000000 0.000000 0.000000 0.000000 0.000000 26.147589 20.484175 32.138962 26.147589 64.808914 32.138962 32.138962 32.138962 26.147589 32.138962 26.147589 26.147589 60.623459 72.256363 72.256363 72.256363 72.256363 72.256363 72.256363 72.256363 72.256363 59.677181 59.677181 3.962445 3.962445 3.962445 1.691733 43.159744 1.691733 0.000000 0.000000 0.000000 0.000000 
0.000000 0.000000 0.000000 0.000000 0.000000 0.000000 0.000000 64.808914 26.147589 70.545464 20.484175 60.623459 26.147589 72.256363 32.138962 32.138962 32.138962 70.545464 32.138962 10.810669 72.256363 72.256363 72.256363 72.256363 72.256363 72.256363 72.256363 72.256363 54.649120 60.623459 59.677181 54.649120 3.962445 3.962445 2.265538 49.086910 43.159744 0.000000 0.000000 0.000000 0.000000 0.000000 0.000000 
0.000000 0.000000 0.000000 0.000000 0.000000 20.484175 15.319969 32.138962 55.720661 32.138962 32.138962 26.147589 32.138962 55.720661 64.808914 32.138962 72.256363 72.256363 72.256363 72.256363 72.256363 72.256363 71.725609 72.256363 71.725609 59.677181 60.623459 49.086910 1.324202 6.581818 49.086910 49.086910 2.265538 54.649120 2.265538 0.000000 0.000000 0.000000 0.000000 0.000000 0.000000 0.000000 0.000000 
0.000000 0.000000 0.000000 0.000000 26.147589 26.147589 26.147589 26.147589 71.922585 72.256363 26.147589 20.484175 72.256363 72.256363 72.256363 72.256363 72.256363 72.256363 72.256363 72.256363 72.256363 67.539948 59.677181 3.962445 49.086910 59.677181 49.086910 2.265538 49.086910 49.086910 49.086910 1.691733 2.265538 0.000000 0.000000 0.000000 0.000000 0.000000 0.000000 0.000000 0.000000 0.000000 0.000000 
0.000000 0.000000 26.147589 32.138962 64.808914 55.720661 68.150032 32.138962 72.256363 72.256363 72.256363 72.256363 72.256363 72.256363 72.256363 72.256363 72.256363 72.256363 72.256363 59.677181 3.962445 54.649120 54.649120 2.265538 49.086910 2.265538 49.086910 2.265538 49.086910 49.086910 0.000000 0.000000 0.000000 0.000000 0.000000 0.000000 0.000000 0.000000 0.000000 0.000000 0.000000 0.000000 0.000000 
0.000000 72.256363 26.147589 64.808914 72.256363 72.256363 72.256363 72.256363 72.256363 72.256363 72.098724 72.256363 72.256363 72.256363 72.256363 72.256363 59.677181 1.691733 49.086910 54.649120 49.086910 49.086910 3.962445 49.086910 49.086910 49.086910 49.086910 0.000000 0.000000 0.000000 0.000000 0.000000 0.000000 0.000000 0.000000 0.000000 0.000000 0.000000 0.000000 0.000000 0.000000 0.000000 0.000000 
72.256363 20.484175 72.256363 72.256363 72.256363 72.256363 72.256363 72.256363 72.256363 72.256363 72.256363 67.539948 72.256363 70.135437 54.649120 49.086910 3.962445 6.581818 49.086910 49.086910 2.265538 3.962445 49.086910 0.000000 0.000000 0.000000 0.000000 0.000000 0.000000 0.000000 0.000000 0.000000 0.000000 0.000000 0.000000 0.000000 0.000000 0.000000 0.000000 0.000000 0.000000 0.000000 0.000000 
72.256363 72.256363 72.256363 72.256363 72.256363 72.256363 72.256363 72.256363 71.725609 72.256363 72.098724 59.677181 3.962445 59.677181 2.265538 49.086910 49.086910 6.581818 49.086910 0.000000 0.000000 0.000000 0.000000 0.000000 0.000000 0.000000 0.000000 0.000000 0.000000 0.000000 0.000000 0.000000 0.000000 0.000000 0.000000 0.000000 0.000000 0.000000 0.000000 0.000000 0.000000 0.000000 0.000000 
0.000000 72.256363 72.256363 72.256363 72.256363 72.098724 72.256363 70.135437 59.677181 2.265538 49.086910 59.677181 54.649120 54.649120 0.000000 0.000000 0.000000 0.000000 0.000000 0.000000 0.000000 0.000000 0.000000 0.000000 0.000000 0.000000 0.000000 0.000000 0.000000 0.000000 0.000000 0.000000 0.000000 0.000000 0.000000 0.000000 0.000000 0.000000 0.000000 0.000000 0.000000 0.000000 0.000000 
