test/output/constant/M3M480_S060_A000_WD000.0_WS010.0/M3M480_S060_A000_WD000.0_WS010.0_raz.asc
ncols         43
nrows         14
xllcorner     422403.990666
yllcorner     12747555.311160
cellsize      100.000000
NODATA_value  0.000000
0 0 0 0 0 0 0 0 0 0 0 0 0 0 0 0 0 0 0 0 0 0 0 0 0 0 0 0 0 0 271 278 268 278 268 271 274 271 278 283 283 283 345 
0 0 0 0 0 0 0 0 0 0 0 0 0 0 0 0 0 0 0 0 0 0 0 268 283 268 283 268 278 274 271 274 271 271 268 271 283 268 268 268 255 255 65535 
0 0 0 0 0 0 0 0 0 0 0 0 0 0 0 0 0 0 0 278 274 271 271 268 271 268 283 268 274 268 257 268 283 271 266 261 258 255 255 255 253 248 141 
0 0 0 0 0 0 0 0 0 0 0 0 0 0 0 268 271 263 271 271 271 268 278 268 278 271 255 283 268 278 271 258 259 255 255 255 255 255 250 207 141 178 0 
0 0 0 0 0 0 0 0 0 0 0 0 0 268 271 268 278 268 268 278 268 259 278 268 268 271 255 271 271 255 255 255 255 255 252 250 248 247 219 207 178 0 0 
0 0 0 0 0 0 0 0 0 0 271 274 268 271 259 268 268 268 271 268 271 271 260 255 255 255 255 255 255 255 255 250 250 207 207 207 178 245 178 0 0 0 0 
0 0 0 0 0 0 0 259 271 257 274 260 271 255 268 268 268 257 268 283 255 255 255 255 255 255 255 255 248 260 250 248 207 207 190 247 245 0 0 0 0 0 0 
0 0 0 0 0 274 278 268 261 268 268 271 268 261 259 268 255 255 255 255 255 255 254 255 254 250 260 247 165 219 247 247 190 248 190 0 0 0 0 0 0 0 0 
0 0 0 0 271 271 271 271 256 255 271 274 255 255 255 255 255 255 255 255 255 252 250 207 247 250 247 190 247 247 247 178 190 0 0 0 0 0 0 0 0 0 0 
0 0 271 268 259 261 258 268 255 255 255 255 255 255 255 255 255 255 255 250 207 248 248 190 247 190 247 190 247 247 0 0 0 0 0 0 0 0 0 0 0 0 0 
0 255 271 259 255 255 255 255 255 255 254 255 255 255 255 255 250 178 247 248 247 247 207 247 247 247 247 0 0 0 0 0 0 0 0 0 0 0 0 0 0 0 0 
255 274 255 255 255 255 255 255 255 255 255 252 255 253 248 247 207 219 247 247 190 207 247 0 0 0 0 0 0 0 0 0 0 0 0 0 0 0 0 0 0 0 0 
255 255 255 255 255 255 255 255 254 255 254 250 207 250 190 247 247 219 247 0 0 0 0 0 0 0 0 0 0 0 0 0 0 0 0 0 0 0 0 0 0 0 0 
0 255 255 255 255 254 255 253 250 190 247 250 248 248 0 0 0 0 0 0 0 0 0 0 0 0 0 0 0 0 0 0 0 0 0 0 0 0 0 0 0 0 0 
