test/output/constant/M390_S060_A090_WD045.0_WS005.0/M390_S060_A090_WD045.0_WS005.0_raz.asc
ncols         12
nrows         56
xllcorner     425803.990666
yllcorner     12743255.311160
cellsize      100.000000
NODATA_value  0.000000
0 0 0 0 0 0 0 274 254 69 0 0 
0 0 0 0 0 0 4 191 184 69 0 0 
0 0 0 0 0 0 299 191 184 170 69 0 
0 0 0 0 0 194 259 184 184 167 69 0 
0 0 0 0 0 191 190 188 184 172 177 0 
0 0 0 0 0 246 246 184 182 172 170 0 
0 0 0 0 193 193 191 184 182 176 170 0 
0 0 0 0 246 229 184 184 180 176 174 0 
0 0 0 0 191 259 184 184 184 176 170 174 
0 0 0 0 259 191 187 184 179 179 172 174 
0 0 0 190 246 191 185 184 179 178 172 174 
0 0 0 274 190 246 185 184 179 178 170 172 
0 0 0 229 229 184 184 184 177 179 172 174 
0 0 0 191 191 184 185 184 179 179 172 176 
0 0 0 191 229 187 187 184 178 179 176 174 
0 0 193 191 191 184 184 184 179 179 167 172 
0 0 246 246 184 188 184 178 179 179 167 170 
0 0 246 190 184 184 184 179 178 179 174 172 
0 0 191 191 184 184 184 179 179 179 172 172 
0 0 191 190 187 184 184 184 179 179 176 167 
0 0 229 191 184 184 184 183 179 170 172 176 
0 0 218 184 189 186 184 180 178 174 170 172 
0 191 246 184 185 184 184 179 179 174 178 172 
0 191 229 184 184 186 184 184 179 178 174 170 
0 229 191 188 188 184 184 179 179 172 172 174 
0 229 184 184 187 184 184 179 179 174 177 177 
0 191 184 187 184 186 184 178 179 172 178 170 
0 191 184 184 187 184 184 179 180 174 178 174 
0 190 185 184 184 184 178 179 174 170 179 172 
0 191 190 184 187 184 184 179 179 174 178 170 
0 184 184 187 184 184 184 179 170 172 170 174 
191 184 189 186 184 184 184 170 176 177 172 0 
229 184 184 184 184 184 184 172 174 177 172 0 
191 186 184 187 189 184 184 179 176 177 177 0 
184 190 187 184 186 184 179 179 176 178 177 0 
184 184 189 184 184 184 174 179 178 178 178 0 
184 189 187 184 184 184 179 180 178 178 178 0 
184 184 184 188 184 184 180 176 178 178 178 0 
188 184 184 184 184 184 183 177 180 178 178 0 
184 187 188 184 184 184 179 180 178 178 178 0 
184 184 184 184 184 184 179 178 178 178 0 0 
187 184 184 184 184 177 178 178 178 179 0 0 
184 185 187 187 184 184 180 178 179 179 0 0 
184 184 184 184 184 184 179 180 178 178 0 0 
185 188 184 186 184 184 170 179 178 179 0 0 
0 186 184 187 184 178 178 179 178 0 0 0 
0 185 184 184 184 184 180 178 179 0 0 0 
0 184 189 184 184 184 178 178 179 0 0 0 
0 187 185 184 184 181 179 178 178 0 0 0 
0 184 184 184 180 179 179 179 0 0 0 0 
0 185 189 184 184 176 180 180 0 0 0 0 
0 184 184 184 184 184 178 179 0 0 0 0 
0 0 184 184 184 180 178 0 0 0 0 0 
0 0 190 184 179 182 179 0 0 0 0 0 
0 0 184 184 184 179 0 0 0 0 0 0 
0 0 0 184 184 179 0 0 0 0 0 0 
