test/output/constant/M390_S060_A090_WD045.0_WS005.0/M390_S060_A090_WD045.0_WS005.0_intensity.asc
ncols         12
nrows         56
xllcorner     425803.990666
yllcorner     12743255.311160
cellsize      100.000000
NODATA_value  0.000000
0 0 0 0 0 0 0 1163 0 808 0 0 
0 0 0 0 0 0 638 57545 83902 808 0 0 
0 0 0 0 0 0 822 57545 83902 29807 808 0 
0 0 0 0 0 43517 1598 83902 83902 23214 808 0 
0 0 0 0 0 57545 63989 74765 83902 36792 57961 0 
0 0 0 0 0 2307 2307 83902 81823 36792 29807 0 
0 0 0 0 50651 50651 57545 83902 81823 51086 29807 0 
0 0 0 0 2307 4353 83902 83902 75046 51086 43958 0 
0 0 0 0 57545 1598 83902 83902 83902 51086 29807 43958 
0 0 0 0 1598 57545 78769 83902 70125 70125 36792 43958 
0 0 0 63989 2307 57545 83769 83902 70125 64372 36792 43958 
0 0 0 1163 63989 2307 83405 83902 70125 64372 29807 36792 
0 0 0 4353 4353 83902 83902 83902 57961 70125 36792 43958 
0 0 0 57545 57545 83902 83405 83902 70125 70125 36792 51086 
0 0 0 57545 4353 78769 78769 83902 64372 70125 51086 43958 
0 0 50651 57545 57545 83902 83902 83902 70125 70125 23214 36792 
0 0 2307 2307 83902 74765 83902 64372 70125 70125 23214 29807 
0 0 2307 63989 83902 83902 83902 70125 64372 70125 43958 36792 
0 0 57545 57545 83902 83902 83902 70125 70125 70125 36792 36792 
0 0 57545 63989 78769 83902 83902 83902 70125 70125 51086 23214 
0 0 4353 57545 83902 83902 83902 83472 70125 29807 36792 51086 
0 0 7513 83902 69788 81679 83902 75046 64372 43958 29807 36792 
0 57545 2307 83902 83405 83902 83902 70125 70125 43958 64372 36792 
0 57545 4353 83902 83902 81679 83902 83902 70125 64372 43958 29807 
0 4353 57545 74765 74765 83902 83902 70125 70125 36792 36792 43958 
0 4353 83902 83902 78769 83902 83902 70125 70125 43958 57961 57961 
0 57545 83902 78769 83902 81679 83902 64372 70125 36792 64372 29807 
0 57545 83902 83902 78769 83902 83902 70125 75046 43958 64372 43958 
0 63989 83405 83902 83902 83902 64372 70125 43958 29807 70125 36792 
0 57545 63989 83902 78769 83902 83902 70125 70125 43958 64372 29807 
0 83902 83902 78769 83902 83902 83902 70125 29807 36792 29807 43958 
57545 83902 69788 81679 83902 83902 83902 29807 51086 57961 36792 0 
4353 83902 83902 83902 83902 83902 83902 36792 43958 57961 36792 0 
57545 81679 83902 78769 69788 83902 83902 70125 51086 57961 57961 0 
83902 63989 78769 83902 81679 83902 70125 70125 51086 64372 57961 0 
83902 83902 69788 83902 83902 83902 43958 70125 64372 64372 64372 0 
83902 69788 78769 83902 83902 83902 70125 75046 64372 64372 64372 0 
83902 83902 83902 74765 83902 83902 75046 51086 64372 64372 64372 0 
74765 83902 83902 83902 83902 83902 83472 57961 75046 64372 64372 0 
83902 78769 74765 83902 83902 83902 70125 75046 64372 64372 64372 0 
83902 83902 83902 83902 83902 83902 70125 64372 64372 64372 0 0 
78769 83902 83902 83902 83902 57961 64372 64372 64372 70125 0 0 
83902 83405 78769 78769 83902 83902 75046 64372 70125 70125 0 0 
83902 83902 83902 83902 83902 83902 70125 75046 64372 64372 0 0 
83405 74765 83902 81679 83902 83902 29807 70125 64372 70125 0 0 
0 81679 83902 78769 83902 64372 64372 70125 64372 0 0 0 
0 83769 83902 83902 83902 83902 75046 64372 70125 0 0 0 
0 83902 69788 83902 83902 83902 64372 64372 70125 0 0 0 
0 78769 83405 83902 83902 78985 70125 64372 64372 0 0 0 
0 83902 83902 83902 75046 70125 70125 70125 0 0 0 0 
0 83405 69788 83902 83902 51086 75046 75046 0 0 0 0 
0 83902 83902 83902 83902 83902 64372 70125 0 0 0 0 
0 0 83902 83902 83902 75046 64372 0 0 0 0 0 
0 0 63989 83902 70125 81823 70125 0 0 0 0 0 
0 0 83902 83902 83902 70125 0 0 0 0 0 0 
0 0 0 83902 83902 70125 0 0 0 0 0 0 
