test/output/constant/M385_S060_A000_WD270.0_WS010.0/M385_S060_A000_WD270.0_WS010.0_arrival.asc
ncols         37
nrows         11
xllcorner     423103.990666
yllcorner     12748255.311160
cellsize      100.000000
NODATA_value  0.000000
0.000000 0.000000 0.000000 0.000000 0.000000 0.000000 0.000000 0.000000 0.000000 0.000000 0.000000 0.000000 0.000000 166.041480 166.041003 166.041003 166.041003 166.041003 166.041003 166.041480 0.000000 0.000000 0.000000 0.000000 0.000000 0.000000 0.000000 0.000000 0.000000 0.000000 0.000000 0.000000 0.000000 0.000000 0.000000 0.000000 0.000000 
0.000000 0.000000 0.000000 0.000000 0.000000 0.000000 166.041480 166.041003 166.040050 166.039096 166.038143 166.037189 166.036712 166.035759 166.034805 166.034328 166.033375 166.032898 166.032421 166.031944 166.031944 166.031944 166.031944 166.032421 166.032898 166.033375 166.034328 166.035759 166.038143 166.041480 0.000000 0.000000 0.000000 0.000000 0.000000 0.000000 0.000000 
0.000000 0.000000 0.000000 166.041480 166.040527 166.039096 166.038143 166.037189 166.035759 166.034805 166.033852 166.032898 166.031944 166.030991 166.030037 166.029084 166.028130 166.027177 166.026700 166.025746 166.024793 166.024316 166.023362 166.022886 166.022886 166.022886 166.022886 166.023362 166.023839 166.025270 166.027177 166.030514 166.035282 0.000000 0.000000 0.000000 0.000000 
0.000000 166.041480 166.040527 166.039096 166.038143 166.037189 166.035759 166.034805 166.033852 166.032421 166.031468 166.030037 166.029084 166.027653 166.026700 166.025746 166.024316 166.023362 166.022409 166.021455 166.020025 166.019071 166.018118 166.017641 166.016687 166.015734 166.014780 166.014303 166.013827 166.013827 166.014303 166.014780 166.016211 166.019548 166.026223 166.036712 0.000000 
166.041480 166.040527 166.039096 166.038143 166.036712 166.035759 166.034328 166.033375 166.031944 166.030991 166.029561 166.028607 166.027177 166.026223 166.024793 166.023839 166.022409 166.021455 166.020502 166.019071 166.018118 166.016687 166.015734 166.014303 166.013350 166.012396 166.010966 166.010012 166.008582 166.007629 166.006675 166.005721 166.004768 166.004768 166.005245 166.009536 166.029084 
166.041480 166.040050 166.039096 166.037666 166.036712 166.035282 166.034328 166.032898 166.031944 166.030514 166.029561 166.028130 166.027177 166.025746 166.024793 166.023362 166.022409 166.020978 166.020025 166.018595 166.017641 166.016211 166.015257 166.013827 166.012873 166.011443 166.010489 166.009059 166.008105 166.006675 166.005721 166.004291 166.003337 166.001907 166.000954 166.000000 166.019548 
166.041480 166.040527 166.039096 166.038143 166.036712 166.035759 166.034328 166.033375 166.031944 166.030991 166.029561 166.028607 166.027177 166.026223 166.024793 166.023839 166.022409 166.021455 166.020502 166.019071 166.018118 166.016687 166.015734 166.014303 166.013350 166.012396 166.010966 166.010012 166.008582 166.007629 166.006675 166.005721 166.004768 166.004768 166.005245 166.009536 166.029084 
0.000000 166.041480 166.040527 166.039096 166.038143 166.037189 166.035759 166.034805 166.033852 166.032421 166.031468 166.030037 166.029084 166.027653 166.026700 166.025746 166.024316 166.023362 166.022409 166.021455 166.020025 166.019071 166.018118 166.017641 166.016687 166.015734 166.014780 166.014303 166.013827 166.013827 166.014303 166.014780 166.016211 166.019548 166.026223 166.036712 0.000000 
0.000000 0.000000 0.000000 166.041480 166.040527 166.039096 166.038143 166.037189 166.035759 166.034805 166.033852 166.032898 166.031944 166.030991 166.030037 166.029084 166.028130 166.027177 166.026700 166.025746 166.024793 166.024316 166.023362 166.022886 166.022886 166.022886 166.022886 166.023362 166.023839 166.025270 166.027177 166.030514 166.035282 0.000000 0.000000 0.000000 0.000000 
0.000000 0.000000 0.000000 0.000000 0.000000 0.000000 166.041480 166.041003 166.040050 166.039096 166.038143 166.037189 166.036712 166.035759 166.034805 166.034328 166.033375 166.032898 166.032421 166.031944 166.031944 166.031944 166.031944 166.032421 166.032898 166.033375 166.034328 166.035759 166.038143 166.041480 0.000000 0.000000 0.000000 0.000000 0.000000 0.000000 0.000000 
0.000000 0.000000 0.000000 0.000000 0.000000 0.000000 0.000000 0.000000 0.000000 0.000000 0.000000 0.000000 0.000000 166.041480 166.041003 166.041003 166.041003 166.041003 166.041003 166.041480 0.000000 0.000000 0.000000 0.000000 0.000000 0.000000 0.000000 0.000000 0.000000 0.000000 0.000000 0.000000 0.000000 0.000000 0.000000 0.000000 0.000000 
