test/output/constant/M3M455_S060_A270_WD180.0_WS005.0/M3M455_S060_A270_WD180.0_WS005.0_arrival.asc
ncols         7
nrows         33
xllcorner     426303.990666
yllcorner     12748755.311160
cellsize      100.000000
NODATA_value  0.000000
0.000000 0.000000 0.000000 166.041435 0.000000 0.000000 0.000000 
0.000000 0.000000 166.040910 166.040386 166.040910 0.000000 0.000000 
0.000000 0.000000 166.039337 166.038812 166.039337 0.000000 0.000000 
0.000000 166.040910 166.038288 166.037763 166.038288 166.040910 0.000000 
0.000000 166.039861 166.036714 166.036190 166.036714 166.039861 0.000000 
0.000000 166.038288 166.035665 166.035141 166.035665 166.038288 0.000000 
0.000000 166.037239 166.034092 166.033567 166.034092 166.037239 0.000000 
166.041435 166.036190 166.033043 166.032518 166.033043 166.036190 166.041435 
166.040910 166.034616 166.031470 166.030945 166.031470 166.034616 166.040910 
166.039861 166.033567 166.030421 166.029896 166.030421 166.033567 166.039861 
166.038812 166.032518 166.029372 166.028323 166.029372 166.032518 166.038812 
166.037763 166.030945 166.027798 166.027274 166.027798 166.030945 166.037763 
166.037239 166.029896 166.026749 166.025700 166.026749 166.029896 166.037239 
166.036190 166.028847 166.025176 166.024651 166.025176 166.028847 166.036190 
166.035665 166.027798 166.024127 166.023078 166.024127 166.027798 166.035665 
166.034616 166.026749 166.022553 166.022029 166.022553 166.026749 166.034616 
166.034616 166.025700 166.021504 166.020455 166.021504 166.025700 166.034616 
166.034616 166.024651 166.020455 166.019406 166.020455 166.024651 166.034616 
166.034616 166.024127 166.018882 166.017833 166.018882 166.024127 166.034616 
166.034616 166.023078 166.017833 166.016784 166.017833 166.023078 166.034616 
166.035141 166.022029 166.016259 166.015210 166.016259 166.022029 166.035141 
166.035665 166.021504 166.015210 166.014161 166.015210 166.021504 166.035665 
166.036714 166.020980 166.014161 166.012588 166.014161 166.020980 166.036714 
166.038288 166.020980 166.012588 166.011539 166.012588 166.020980 166.038288 
166.040386 166.020980 166.011539 166.009965 166.011539 166.020980 166.040386 
0.000000 166.020980 166.010490 166.008916 166.010490 166.020980 0.000000 
0.000000 166.022029 166.009441 166.007343 166.009441 166.022029 0.000000 
0.000000 166.023602 166.008392 166.006294 166.008392 166.023602 0.000000 
0.000000 166.026225 166.007343 166.004720 166.007343 166.026225 0.000000 
0.000000 166.030945 166.007343 166.003671 166.007343 166.030945 0.000000 
0.000000 166.040386 166.007343 166.002098 166.007343 166.040386 0.000000 
0.000000 0.000000 166.009441 166.001049 166.009441 0.000000 0.000000 
0.000000 0.000000 166.021504 166.000000 166.021504 0.000000 0.000000 
