test/output/constant/M3M495_S060_A180_WD270.0_WS030.0/M3M495_S060_A180_WD270.0_WS030.0_arrival.asc
ncols         62
nrows         9
xllcorner     426603.990666
yllcorner     12748355.311160
cellsize      100.000000
NODATA_value  0.000000
0.000000 0.000000 0.000000 0.000000 0.000000 0.000000 0.000000 0.000000 0.000000 0.000000 0.000000 0.000000 0.000000 0.000000 0.000000 0.000000 0.000000 0.000000 0.000000 0.000000 0.000000 0.000000 166.041196 166.040383 166.039841 166.039570 166.039028 166.038757 166.038486 166.038215 166.037944 166.037944 166.037673 166.037673 166.037673 166.037944 166.038215 166.038486 166.039028 166.039299 166.039841 166.040112 166.040654 166.041196 166.041467 0.000000 0.000000 0.000000 0.000000 0.000000 0.000000 0.000000 0.000000 0.000000 0.000000 0.000000 0.000000 0.000000 0.000000 0.000000 0.000000 0.000000 
0.000000 0.000000 0.000000 0.000000 0.000000 0.000000 0.000000 0.000000 0.000000 0.000000 166.038486 166.035776 166.033879 166.032252 166.031168 166.030084 166.029271 166.028729 166.028187 166.027916 166.027645 166.027374 166.027103 166.027103 166.027103 166.027103 166.027374 166.027916 166.028187 166.028458 166.029000 166.029542 166.030084 166.030355 166.030897 166.031439 166.031710 166.032252 166.032794 166.033336 166.033608 166.034150 166.034692 166.035234 166.035776 166.036318 166.036860 166.037402 166.037944 166.038757 166.039299 166.039841 166.040383 166.041196 166.041667 0.000000 0.000000 0.000000 0.000000 0.000000 0.000000 0.000000 
0.000000 0.000000 0.000000 166.041467 166.031168 166.026019 166.023037 166.020869 166.019243 166.018159 166.017346 166.016804 166.016533 166.016262 166.016262 166.016262 166.016533 166.017075 166.017346 166.017888 166.018430 166.018701 166.019243 166.019785 166.020327 166.020598 166.021140 166.021682 166.022495 166.022766 166.023579 166.024122 166.024664 166.025477 166.026019 166.026561 166.027103 166.027916 166.028458 166.029000 166.029813 166.030355 166.030897 166.031710 166.032252 166.032794 166.033608 166.034150 166.034963 166.035505 166.036318 166.036860 166.037402 166.038215 166.038757 166.039299 166.040112 166.040654 166.041196 0.000000 0.000000 0.000000 
166.035234 166.012467 166.007589 166.006234 166.005692 166.005692 166.005692 166.006234 166.006776 166.007318 166.007860 166.008402 166.008944 166.009757 166.010299 166.011112 166.011654 166.012196 166.013009 166.013551 166.014365 166.014907 166.015720 166.016262 166.017075 166.017617 166.018159 166.018972 166.019514 166.020327 166.020869 166.021682 166.022224 166.022766 166.023579 166.024122 166.024935 166.025477 166.026290 166.026832 166.027645 166.028187 166.029000 166.029542 166.030355 166.030897 166.031710 166.032252 166.032794 166.033608 166.034150 166.034963 166.035505 166.036318 166.036860 166.037673 166.038215 166.039028 166.039570 166.040383 166.040925 166.041667 
166.000000 166.000542 166.001084 166.001897 166.002439 166.003252 166.003794 166.004607 166.005150 166.005963 166.006505 166.007318 166.007860 166.008673 166.009215 166.010028 166.010570 166.011383 166.011925 166.012738 166.013280 166.014093 166.014636 166.015449 166.015991 166.016804 166.017346 166.018159 166.018701 166.019514 166.020056 166.020869 166.021411 166.022224 166.022766 166.023579 166.024122 166.024935 166.025477 166.026290 166.026832 166.027645 166.028187 166.029000 166.029542 166.030355 166.030897 166.031710 166.032252 166.033065 166.033608 166.034421 166.034963 166.035776 166.036318 166.037131 166.037673 166.038486 166.039028 166.039841 166.040383 166.041196 
166.035234 166.012467 166.007589 166.006234 166.005692 166.005692 166.005692 166.006234 166.006776 166.007318 166.007860 166.008402 166.008944 166.009757 166.010299 166.011112 166.011654 166.012196 166.013009 166.013551 166.014365 166.014907 166.015720 166.016262 166.017075 166.017617 166.018159 166.018972 166.019514 166.020327 166.020869 166.021682 166.022224 166.022766 166.023579 166.024122 166.024935 166.025477 166.026290 166.026832 166.027645 166.028187 166.029000 166.029542 166.030355 166.030897 166.031710 166.032252 166.032794 166.033608 166.034150 166.034963 166.035505 166.036318 166.036860 166.037673 166.038215 166.039028 166.039570 166.040383 166.040925 166.041667 
0.000000 0.000000 0.000000 166.041467 166.031168 166.026019 166.023037 166.020869 166.019243 166.018159 166.017346 166.016804 166.016533 166.016262 166.016262 166.016262 166.016533 166.017075 166.017346 166.017888 166.018430 166.018701 166.019243 166.019785 166.020327 166.020598 166.021140 166.021682 166.022495 166.022766 166.023579 166.024122 166.024664 166.025477 166.026019 166.026561 166.027103 166.027916 166.028458 166.029000 166.029813 166.030355 166.030897 166.031710 166.032252 166.032794 166.033608 166.034150 166.034963 166.035505 166.036318 166.036860 166.037402 166.038215 166.038757 166.039299 166.040112 166.040654 166.041196 0.000000 0.000000 0.000000 
0.000000 0.000000 0.000000 0.000000 0.000000 0.000000 0.000000 0.000000 0.000000 0.000000 166.038486 166.035776 166.033879 166.032252 166.031168 166.030084 166.029271 166.028729 166.028187 166.027916 166.027645 166.027374 166.027103 166.027103 166.027103 166.027103 166.027374 166.027916 166.028187 166.028458 166.029000 166.029542 166.030084 166.030355 166.030897 166.031439 166.031710 166.032252 166.032794 166.033336 166.033608 166.034150 166.034692 166.035234 166.035776 166.036318 166.036860 166.037402 166.037944 166.038757 166.039299 166.039841 166.040383 166.041196 166.041667 0.000000 0.000000 0.000000 0.000000 0.000000 0.000000 0.000000 
0.000000 0.000000 0.000000 0.000000 0.000000 0.000000 0.000000 0.000000 0.000000 0.000000 0.000000 0.000000 0.000000 0.000000 0.000000 0.000000 0.000000 0.000000 0.000000 0.000000 0.000000 0.000000 166.041196 166.040383 166.039841 166.039570 166.039028 166.038757 166.038486 166.038215 166.037944 166.037944 166.037673 166.037673 166.037673 166.037944 166.038215 166.038486 166.039028 166.039299 166.039841 166.040112 166.040654 166.041196 166.041467 0.000000 0.000000 0.000000 0.000000 0.000000 0.000000 0.000000 0.000000 0.000000 0.000000 0.000000 0.000000 0.000000 0.000000 0.000000 0.000000 0.000000 
