test/output/constant/M490_S060_A000_WD090.0_WS045.0/M490_S060_A000_WD090.0_WS045.0_arrival.asc
ncols         46
nrows         7
xllcorner     422103.990666
yllcorner     12748455.311160
cellsize      100.000000
NODATA_value  0.000000
0.000000 0.000000 0.000000 0.000000 0.000000 0.000000 0.000000 0.000000 0.000000 0.000000 0.000000 0.000000 0.000000 0.000000 166.041667 166.040931 166.040558 166.039814 166.039442 166.039070 166.039070 166.039070 166.039070 166.039442 166.039814 166.040186 166.040558 166.041303 0.000000 0.000000 0.000000 0.000000 0.000000 0.000000 0.000000 0.000000 0.000000 0.000000 0.000000 0.000000 0.000000 0.000000 0.000000 0.000000 0.000000 0.000000 
0.000000 0.000000 0.000000 0.000000 0.000000 166.041303 166.040186 166.039442 166.038326 166.037582 166.036838 166.036093 166.034977 166.034233 166.033489 166.032744 166.032000 166.031256 166.030512 166.029768 166.029024 166.028279 166.027907 166.027163 166.026419 166.025675 166.025303 166.024558 166.023814 166.023442 166.023442 166.023442 166.023814 166.024186 166.024558 166.025675 166.026791 166.028651 166.031256 166.034233 166.040931 0.000000 0.000000 0.000000 0.000000 0.000000 
0.000000 166.041667 166.040558 166.039814 166.038698 166.037954 166.037210 166.036093 166.035349 166.034233 166.033489 166.032372 166.031628 166.030512 166.029768 166.028651 166.027907 166.027163 166.026047 166.025303 166.024186 166.023442 166.022326 166.021582 166.020837 166.019721 166.018977 166.017861 166.017116 166.016000 166.015256 166.014140 166.013395 166.012651 166.011535 166.010791 166.010047 166.009302 166.008930 166.008186 166.007814 166.008186 166.008930 166.011535 166.019349 0.000000 
166.041667 166.040558 166.039814 166.038698 166.037954 166.036838 166.036093 166.034977 166.034233 166.033117 166.032372 166.031256 166.030512 166.029396 166.028651 166.027535 166.026791 166.025675 166.024930 166.023814 166.023070 166.021954 166.021209 166.020093 166.019349 166.018233 166.017489 166.016372 166.015628 166.014512 166.013768 166.012651 166.011907 166.010791 166.010047 166.008930 166.008186 166.007070 166.006326 166.005209 166.004465 166.003349 166.002605 166.001488 166.000744 166.000000 
0.000000 166.041667 166.040558 166.039814 166.038698 166.037954 166.037210 166.036093 166.035349 166.034233 166.033489 166.032372 166.031628 166.030512 166.029768 166.028651 166.027907 166.027163 166.026047 166.025303 166.024186 166.023442 166.022326 166.021582 166.020837 166.019721 166.018977 166.017861 166.017116 166.016000 166.015256 166.014140 166.013395 166.012651 166.011535 166.010791 166.010047 166.009302 166.008930 166.008186 166.007814 166.008186 166.008930 166.011535 166.019349 0.000000 
0.000000 0.000000 0.000000 0.000000 0.000000 166.041303 166.040186 166.039442 166.038326 166.037582 166.036838 166.036093 166.034977 166.034233 166.033489 166.032744 166.032000 166.031256 166.030512 166.029768 166.029024 166.028279 166.027907 166.027163 166.026419 166.025675 166.025303 166.024558 166.023814 166.023442 166.023442 166.023442 166.023814 166.024186 166.024558 166.025675 166.026791 166.028651 166.031256 166.034233 166.040931 0.000000 0.000000 0.000000 0.000000 0.000000 
0.000000 0.000000 0.000000 0.000000 0.000000 0.000000 0.000000 0.000000 0.000000 0.000000 0.000000 0.000000 0.000000 0.000000 166.041667 166.040931 166.040558 166.039814 166.039442 166.039070 166.039070 166.039070 166.039070 166.039442 166.039814 166.040186 166.040558 166.041303 0.000000 0.000000 0.000000 0.000000 0.000000 0.000000 0.000000 0.000000 0.000000 0.000000 0.000000 0.000000 0.000000 0.000000 0.000000 0.000000 0.000000 0.000000 
