test/output/constant/M385_S060_A090_WD315.0_WS005.0/M385_S060_A090_WD315.0_WS005.0_raz.asc
ncols         11
nrows         53
xllcorner     426303.990666
yllcorner     12743555.311160
cellsize      100.000000
NODATA_value  0.000000
0 0 265 65535 164 0 0 0 0 0 0 
0 0 290 175 167 100 0 0 0 0 0 
0 290 183 175 167 113 0 0 0 0 0 
0 355 183 175 169 130 60 0 0 0 0 
0 355 189 175 173 167 166 0 0 0 0 
0 187 183 175 175 167 167 0 0 0 0 
0 187 181 175 175 167 167 113 0 0 0 
0 185 183 175 175 167 167 167 0 0 0 
187 189 178 175 175 170 167 167 0 0 0 
189 185 179 175 172 169 167 167 0 0 0 
187 183 175 175 175 172 171 169 167 0 0 
187 185 178 175 175 170 170 167 167 0 0 
185 181 175 185 175 175 167 167 167 0 0 
183 187 178 181 175 169 171 172 167 0 0 
187 185 178 181 175 175 169 167 167 0 0 
187 187 178 176 175 175 170 169 167 0 0 
183 183 175 180 175 174 171 175 167 167 0 
183 182 178 179 175 175 175 169 167 167 0 
185 183 178 179 175 175 175 171 169 167 0 
185 183 187 175 175 175 172 167 167 169 0 
185 183 187 175 175 175 175 172 174 167 0 
189 182 175 176 175 175 175 167 169 172 0 
183 179 189 177 175 175 175 172 169 171 0 
183 181 177 177 175 175 175 174 167 170 167 
187 183 189 176 175 175 175 172 169 167 167 
185 180 185 176 175 175 175 172 172 170 169 
182 180 185 178 175 175 175 175 167 167 167 
175 175 185 177 182 175 173 172 172 167 167 
0 183 185 176 175 175 175 175 169 167 171 
0 182 183 175 175 175 175 170 173 167 171 
0 182 181 177 175 175 175 175 175 167 167 
0 182 181 177 175 175 171 174 170 170 169 
0 181 180 175 175 175 169 175 175 167 167 
0 181 180 175 175 185 175 175 173 167 169 
0 179 180 185 177 175 175 174 175 175 169 
0 179 180 185 180 175 175 175 172 174 169 
0 179 179 183 175 175 175 175 175 172 169 
0 0 180 181 175 175 175 174 175 173 167 
0 0 180 181 175 175 175 174 169 173 171 
0 0 180 181 175 175 175 175 175 174 171 
0 0 179 181 175 175 175 175 172 175 175 
0 0 180 180 182 175 175 175 175 173 171 
0 0 0 180 182 175 175 172 175 175 173 
0 0 0 180 177 178 175 175 175 171 174 
0 0 0 179 180 175 175 175 170 175 170 
0 0 0 180 179 175 175 175 175 174 175 
0 0 0 180 175 182 175 175 173 169 169 
0 0 0 0 177 175 175 175 175 175 174 
0 0 0 0 178 175 175 175 175 175 0 
0 0 0 0 0 175 175 175 175 175 0 
0 0 0 0 0 175 175 175 175 175 0 
0 0 0 0 0 180 175 173 175 173 0 
0 0 0 0 0 0 175 175 175 0 0 
