test/output/constant/M395_S060_A180_WD270.0_WS005.0/M395_S060_A180_WD270.0_WS005.0_arrival.asc
ncols         61
nrows         11
xllcorner     426603.990666
yllcorner     12748255.311160
cellsize      100.000000
NODATA_value  0.000000
0.000000 0.000000 0.000000 0.000000 0.000000 0.000000 0.000000 0.000000 0.000000 0.000000 0.000000 0.000000 0.000000 0.000000 0.000000 0.000000 0.000000 0.000000 166.041395 166.040556 166.039996 166.039157 166.038598 166.038318 166.037759 166.037759 166.037200 166.037200 166.036920 166.036920 166.036920 166.036920 166.036920 166.037200 166.037200 166.037759 166.038039 166.038318 166.038878 166.039437 166.039717 166.040276 166.040836 166.041115 166.041667 0.000000 0.000000 0.000000 0.000000 0.000000 0.000000 0.000000 0.000000 0.000000 0.000000 0.000000 0.000000 0.000000 0.000000 0.000000 0.000000 
0.000000 0.000000 0.000000 0.000000 0.000000 0.000000 0.000000 0.000000 0.000000 166.041667 166.038878 166.036920 166.034682 166.033563 166.032165 166.031326 166.030767 166.030207 166.029648 166.029368 166.029088 166.029088 166.028809 166.028809 166.028809 166.028809 166.028809 166.029088 166.029648 166.029927 166.030487 166.031046 166.031326 166.031885 166.032445 166.032724 166.033284 166.033843 166.034123 166.034682 166.035242 166.035801 166.036081 166.036640 166.037200 166.037759 166.038318 166.038878 166.039437 166.039996 166.040556 166.041395 0.000000 0.000000 0.000000 0.000000 0.000000 0.000000 0.000000 0.000000 0.000000 
0.000000 0.000000 0.000000 0.000000 0.000000 166.035521 166.031046 166.028249 166.026012 166.024334 166.022935 166.022096 166.021537 166.021257 166.020977 166.020697 166.020697 166.020697 166.020697 166.020697 166.020977 166.021537 166.022096 166.022376 166.022935 166.023494 166.023774 166.024334 166.024893 166.025452 166.026012 166.026291 166.026851 166.027410 166.027970 166.028529 166.029088 166.029927 166.030487 166.031046 166.031606 166.032445 166.033004 166.033563 166.034123 166.034962 166.035521 166.036081 166.036920 166.037479 166.038039 166.038598 166.039437 166.039996 166.040556 166.041395 0.000000 0.000000 0.000000 0.000000 0.000000 
0.000000 166.041115 166.028529 166.020977 166.017061 166.015104 166.013705 166.013146 166.012866 166.012586 166.012307 166.012586 166.012586 166.013146 166.013425 166.013985 166.014544 166.015104 166.015383 166.015943 166.016502 166.017061 166.017621 166.018460 166.019019 166.019579 166.020138 166.020977 166.021537 166.022096 166.022655 166.023494 166.024054 166.024893 166.025452 166.026012 166.026851 166.027410 166.027970 166.028809 166.029368 166.030207 166.030767 166.031606 166.032165 166.032724 166.033563 166.034123 166.034962 166.035521 166.036360 166.036920 166.037479 166.038318 166.038878 166.039717 166.040276 166.040836 166.041667 0.000000 0.000000 
166.015104 166.006153 166.004755 166.004195 166.004195 166.004755 166.005035 166.005594 166.006153 166.006992 166.007552 166.008111 166.008950 166.009510 166.010349 166.010908 166.011468 166.012307 166.012866 166.013705 166.014264 166.015104 166.015663 166.016502 166.017061 166.017901 166.018460 166.019019 166.019858 166.020418 166.021257 166.021816 166.022655 166.023215 166.024054 166.024613 166.025452 166.026012 166.026571 166.027410 166.027970 166.028809 166.029368 166.030207 166.030767 166.031606 166.032165 166.033004 166.033563 166.034123 166.034962 166.035521 166.036360 166.036920 166.037759 166.038318 166.039157 166.039717 166.040556 166.041115 0.000000 
166.000000 166.000559 166.001119 166.001958 166.002517 166.003356 166.003916 166.004755 166.005314 166.006153 166.006713 166.007552 166.008111 166.008950 166.009510 166.010349 166.010908 166.011747 166.012307 166.013146 166.013705 166.014544 166.015104 166.015943 166.016502 166.017341 166.017901 166.018740 166.019299 166.020138 166.020697 166.021537 166.022096 166.022935 166.023494 166.024334 166.024893 166.025732 166.026291 166.027130 166.027690 166.028529 166.029088 166.029927 166.030487 166.031326 166.031885 166.032724 166.033284 166.034123 166.034682 166.035521 166.036081 166.036920 166.037479 166.038318 166.038878 166.039717 166.040276 166.041115 166.041667 
166.015104 166.006153 166.004755 166.004195 166.004195 166.004755 166.005035 166.005594 166.006153 166.006992 166.007552 166.008111 166.008950 166.009510 166.010349 166.010908 166.011468 166.012307 166.012866 166.013705 166.014264 166.015104 166.015663 166.016502 166.017061 166.017901 166.018460 166.019019 166.019858 166.020418 166.021257 166.021816 166.022655 166.023215 166.024054 166.024613 166.025452 166.026012 166.026571 166.027410 166.027970 166.028809 166.029368 166.030207 166.030767 166.031606 166.032165 166.033004 166.033563 166.034123 166.034962 166.035521 166.036360 166.036920 166.037759 166.038318 166.039157 166.039717 166.040556 166.041115 0.000000 
0.000000 166.041115 166.028529 166.020977 166.017061 166.015104 166.013705 166.013146 166.012866 166.012586 166.012307 166.012586 166.012586 166.013146 166.013425 166.013985 166.014544 166.015104 166.015383 166.015943 166.016502 166.017061 166.017621 166.018460 166.019019 166.019579 166.020138 166.020977 166.021537 166.022096 166.022655 166.023494 166.024054 166.024893 166.025452 166.026012 166.026851 166.027410 166.027970 166.028809 166.029368 166.030207 166.030767 166.031606 166.032165 166.032724 166.033563 166.034123 166.034962 166.035521 166.036360 166.036920 166.037479 166.038318 166.038878 166.039717 166.040276 166.040836 166.041667 0.000000 0.000000 
0.000000 0.000000 0.000000 0.000000 0.000000 166.035521 166.031046 166.028249 166.026012 166.024334 166.022935 166.022096 166.021537 166.021257 166.020977 166.020697 166.020697 166.020697 166.020697 166.020697 166.020977 166.021537 166.022096 166.022376 166.022935 166.023494 166.023774 166.024334 166.024893 166.025452 166.026012 166.026291 166.026851 166.027410 166.027970 166.028529 166.029088 166.029927 166.030487 166.031046 166.031606 166.032445 166.033004 166.033563 166.034123 166.034962 166.035521 166.036081 166.036920 166.037479 166.038039 166.038598 166.039437 166.039996 166.040556 166.041395 0.000000 0.000000 0.000000 0.000000 0.000000 
0.000000 0.000000 0.000000 0.000000 0.000000 0.000000 0.000000 0.000000 0.000000 166.041667 166.038878 166.036920 166.034682 166.033563 166.032165 166.031326 166.030767 166.030207 166.029648 166.029368 166.029088 166.029088 166.028809 166.028809 166.028809 166.028809 166.028809 166.029088 166.029648 166.029927 166.030487 166.031046 166.031326 166.031885 166.032445 166.032724 166.033284 166.033843 166.034123 166.034682 166.035242 166.035801 166.036081 166.036640 166.037200 166.037759 166.038318 166.038878 166.039437 166.039996 166.040556 166.041395 0.000000 0.000000 0.000000 0.000000 0.000000 0.000000 0.000000 0.000000 0.000000 
0.000000 0.000000 0.000000 0.000000 0.000000 0.000000 0.000000 0.000000 0.000000 0.000000 0.000000 0.000000 0.000000 0.000000 0.000000 0.000000 0.000000 0.000000 166.041395 166.040556 166.039996 166.039157 166.038598 166.038318 166.037759 166.037759 166.037200 166.037200 166.036920 166.036920 166.036920 166.036920 166.036920 166.037200 166.037200 166.037759 166.038039 166.038318 166.038878 166.039437 166.039717 166.040276 166.040836 166.041115 166.041667 0.000000 0.000000 0.000000 0.000000 0.000000 0.000000 0.000000 0.000000 0.000000 0.000000 0.000000 0.000000 0.000000 0.000000 0.000000 0.000000 
