test/output/constant/M3M470_S060_A270_WD045.0_WS015.0/M3M470_S060_A270_WD045.0_WS015.0_intensity.asc
ncols         13
nrows         26
xllcorner     425503.990666
yllcorner     12748655.311160
cellsize      100.000000
NODATA_value  0.000000
0 36514 7541 36514 0 0 0 0 0 0 0 0 0 
0 36514 36514 36514 15427 0 0 0 0 0 0 0 0 
36514 36514 36514 27098 9919 15427 0 0 0 0 0 0 0 
36514 36514 36514 36514 29641 7541 33720 0 0 0 0 0 0 
0 36514 36514 36514 18395 7541 7541 7541 0 0 0 0 0 
0 36514 36514 36514 21390 18395 29641 27098 0 0 0 0 0 
0 36514 36514 36514 36514 36514 15427 33720 15427 0 0 0 0 
0 28662 36514 36514 36514 36514 15427 12573 21390 0 0 0 0 
0 3499 36514 36514 36514 36514 27098 15427 9919 18395 0 0 0 
0 26021 31022 36514 36514 36514 36514 7541 27098 18395 0 0 0 
0 0 4948 36387 35753 36514 31870 15427 27098 24320 12573 0 0 
0 0 26021 3499 35753 36514 36514 29641 9919 9919 12573 0 0 
0 0 4948 3499 36514 36514 36514 36514 29641 12573 12573 0 0 
0 0 0 3499 3499 36514 36514 36069 27098 9919 12573 7541 0 
0 0 0 26021 3499 33029 36514 36514 36514 29641 12573 15427 0 
0 0 0 4948 4948 2471 36514 36514 36514 15427 12573 12573 0 
0 0 0 0 23180 26021 26021 36514 36514 21390 15427 15427 0 
0 0 0 0 2471 4948 4948 35753 36514 35134 9919 12573 7541 
0 0 0 0 0 26021 26021 31022 36514 36514 33720 9919 12573 
0 0 0 0 0 2471 3499 26021 34622 36514 29641 12573 15427 
0 0 0 0 0 0 1833 23180 4948 36514 36069 9919 9919 
0 0 0 0 0 0 0 1833 2471 36514 36514 7541 7541 
0 0 0 0 0 0 0 3499 2471 2471 36514 7541 7541 
0 0 0 0 0 0 0 0 2471 23180 36514 36514 7541 
0 0 0 0 0 0 0 0 0 1833 4948 0 1342 
0 0 0 0 0 0 0 0 0 0 1833 1266 1154 
