test/output/constant/M3100_S000_A000_WD270.0_WS050.0/M3100_S000_A000_WD270.0_WS050.0_arrival.asc
ncols         65
nrows         11
xllcorner     426603.990666
yllcorner     12748255.311160
cellsize      100.000000
NODATA_value  0.000000
0.000000 0.000000 0.000000 0.000000 0.000000 0.000000 0.000000 0.000000 0.000000 0.000000 0.000000 0.000000 0.000000 0.000000 0.000000 0.000000 0.000000 0.000000 0.000000 166.041623 166.040847 166.040330 166.039296 166.038779 166.038262 166.038003 166.037745 166.037228 166.037228 166.036969 166.036969 166.036969 166.036969 166.036711 166.036711 166.036969 166.036969 166.037228 166.037745 166.038003 166.038520 166.038779 166.039296 166.039555 166.040072 166.040589 166.040847 166.041364 0.000000 0.000000 0.000000 0.000000 0.000000 0.000000 0.000000 0.000000 0.000000 0.000000 0.000000 0.000000 0.000000 0.000000 0.000000 0.000000 0.000000 
0.000000 0.000000 0.000000 0.000000 0.000000 0.000000 0.000000 0.000000 0.000000 0.000000 166.040847 166.038520 166.036452 166.034901 166.033608 166.032057 166.031540 166.030765 166.030248 166.029731 166.029472 166.029213 166.028955 166.028955 166.028696 166.028696 166.028696 166.028696 166.028696 166.028955 166.029472 166.029731 166.030248 166.030765 166.031023 166.031540 166.032057 166.032316 166.032833 166.033350 166.033867 166.034125 166.034643 166.035160 166.035677 166.036194 166.036452 166.036969 166.037486 166.038003 166.038520 166.039037 166.039555 166.040072 166.040589 166.041106 0.000000 0.000000 0.000000 0.000000 0.000000 0.000000 0.000000 0.000000 0.000000 
0.000000 0.000000 0.000000 0.000000 0.000000 166.037486 166.033350 166.029213 166.027145 166.025336 166.024043 166.022750 166.021975 166.021458 166.020941 166.020941 166.020682 166.020682 166.020424 166.020424 166.020682 166.020941 166.021199 166.021716 166.021975 166.022492 166.023009 166.023267 166.023784 166.024301 166.024819 166.025077 166.025594 166.026111 166.026628 166.027145 166.027662 166.028179 166.028696 166.029213 166.029731 166.030506 166.031023 166.031540 166.032316 166.032833 166.033350 166.033867 166.034643 166.035160 166.035677 166.036194 166.036969 166.037486 166.038003 166.038779 166.039296 166.039813 166.040589 166.041106 166.041623 0.000000 0.000000 0.000000 0.000000 
0.000000 166.040847 166.029731 166.021716 166.018097 166.015770 166.014219 166.013443 166.012926 166.012409 166.012409 166.012409 166.012409 166.012668 166.013185 166.013443 166.013960 166.014477 166.014736 166.015253 166.015770 166.016287 166.016804 166.017321 166.017838 166.018355 166.019131 166.019648 166.020165 166.020682 166.021458 166.021975 166.022492 166.023267 166.023784 166.024301 166.025077 166.025594 166.026111 166.026628 166.027404 166.027921 166.028696 166.029213 166.029989 166.030506 166.031282 166.031799 166.032316 166.033091 166.033608 166.034125 166.034901 166.035418 166.036194 166.036711 166.037486 166.038003 166.038520 166.039296 166.039813 166.040589 166.041106 0.000000 0.000000 
166.014995 166.006463 166.004653 166.004136 166.004136 166.004395 166.004912 166.005429 166.005946 166.006463 166.006980 166.007756 166.008273 166.008790 166.009565 166.010083 166.010600 166.011375 166.011892 166.012668 166.013185 166.013960 166.014477 166.015253 166.015770 166.016546 166.017063 166.017838 166.018355 166.019131 166.019648 166.020424 166.020941 166.021716 166.022233 166.023009 166.023526 166.024301 166.024819 166.025336 166.026111 166.026628 166.027404 166.027921 166.028696 166.029213 166.029989 166.030506 166.031282 166.031799 166.032316 166.033091 166.033608 166.034384 166.034901 166.035677 166.036194 166.036969 166.037486 166.038262 166.038779 166.039555 166.040072 166.040847 166.041364 
166.000000 166.000517 166.001034 166.001810 166.002327 166.003102 166.003619 166.004395 166.004912 166.005688 166.006205 166.006980 166.007497 166.008273 166.008790 166.009565 166.010083 166.010858 166.011375 166.012151 166.012668 166.013443 166.013960 166.014736 166.015253 166.016029 166.016546 166.017321 166.017838 166.018614 166.019131 166.019907 166.020424 166.021199 166.021716 166.022492 166.023009 166.023784 166.024301 166.025077 166.025594 166.026370 166.026887 166.027662 166.028179 166.028955 166.029472 166.030248 166.030765 166.031540 166.032057 166.032833 166.033350 166.034125 166.034643 166.035418 166.035935 166.036711 166.037228 166.038003 166.038520 166.039296 166.039813 166.040589 166.041106 
166.014995 166.006463 166.004653 166.004136 166.004136 166.004395 166.004912 166.005429 166.005946 166.006463 166.006980 166.007756 166.008273 166.008790 166.009565 166.010083 166.010600 166.011375 166.011892 166.012668 166.013185 166.013960 166.014477 166.015253 166.015770 166.016546 166.017063 166.017838 166.018355 166.019131 166.019648 166.020424 166.020941 166.021716 166.022233 166.023009 166.023526 166.024301 166.024819 166.025336 166.026111 166.026628 166.027404 166.027921 166.028696 166.029213 166.029989 166.030506 166.031282 166.031799 166.032316 166.033091 166.033608 166.034384 166.034901 166.035677 166.036194 166.036969 166.037486 166.038262 166.038779 166.039555 166.040072 166.040847 166.041364 
0.000000 166.040847 166.029731 166.021716 166.018097 166.015770 166.014219 166.013443 166.012926 166.012409 166.012409 166.012409 166.012409 166.012668 166.013185 166.013443 166.013960 166.014477 166.014736 166.015253 166.015770 166.016287 166.016804 166.017321 166.017838 166.018355 166.019131 166.019648 166.020165 166.020682 166.021458 166.021975 166.022492 166.023267 166.023784 166.024301 166.025077 166.025594 166.026111 166.026628 166.027404 166.027921 166.028696 166.029213 166.029989 166.030506 166.031282 166.031799 166.032316 166.033091 166.033608 166.034125 166.034901 166.035418 166.036194 166.036711 166.037486 166.038003 166.038520 166.039296 166.039813 166.040589 166.041106 0.000000 0.000000 
0.000000 0.000000 0.000000 0.000000 0.000000 166.037486 166.033350 166.029213 166.027145 166.025336 166.024043 166.022750 166.021975 166.021458 166.020941 166.020941 166.020682 166.020682 166.020424 166.020424 166.020682 166.020941 166.021199 166.021716 166.021975 166.022492 166.023009 166.023267 166.023784 166.024301 166.024819 166.025077 166.025594 166.026111 166.026628 166.027145 166.027662 166.028179 166.028696 166.029213 166.029731 166.030506 166.031023 166.031540 166.032316 166.032833 166.033350 166.033867 166.034643 166.035160 166.035677 166.036194 166.036969 166.037486 166.038003 166.038779 166.039296 166.039813 166.040589 166.041106 166.041623 0.000000 0.000000 0.000000 0.000000 
0.000000 0.000000 0.000000 0.000000 0.000000 0.000000 0.000000 0.000000 0.000000 0.000000 166.040847 166.038520 166.036452 166.034901 166.033608 166.032057 166.031540 166.030765 166.030248 166.029731 166.029472 166.029213 166.028955 166.028955 166.028696 166.028696 166.028696 166.028696 166.028696 166.028955 166.029472 166.029731 166.030248 166.030765 166.031023 166.031540 166.032057 166.032316 166.032833 166.033350 166.033867 166.034125 166.034643 166.035160 166.035677 166.036194 166.036452 166.036969 166.037486 166.038003 166.038520 166.039037 166.039555 166.040072 166.040589 166.041106 0.000000 0.000000 0.000000 0.000000 0.000000 0.000000 0.000000 0.000000 0.000000 
0.000000 0.000000 0.000000 0.000000 0.000000 0.000000 0.000000 0.000000 0.000000 0.000000 0.000000 0.000000 0.000000 0.000000 0.000000 0.000000 0.000000 0.000000 0.000000 166.041623 166.040847 166.040330 166.039296 166.038779 166.038262 166.038003 166.037745 166.037228 166.037228 166.036969 166.036969 166.036969 166.036969 166.036711 166.036711 166.036969 166.036969 166.037228 166.037745 166.038003 166.038520 166.038779 166.039296 166.039555 166.040072 166.040589 166.040847 166.041364 0.000000 0.000000 0.000000 0.000000 0.000000 0.000000 0.000000 0.000000 0.000000 0.000000 0.000000 0.000000 0.000000 0.000000 0.000000 0.000000 0.000000 
