test/output/constant/M355_S000_A270_WD090.0_WS045.0/M355_S000_A270_WD090.0_WS045.0_arrival.asc
ncols         39
nrows         7
xllcorner     422803.990666
yllcorner     12748455.311160
cellsize      100.000000
NODATA_value  0.000000
0.000000 0.000000 0.000000 0.000000 0.000000 0.000000 0.000000 166.041538 166.040654 166.039770 166.039328 166.038445 166.037561 166.036677 166.036235 166.035351 166.034468 166.034026 166.033142 166.032700 166.032258 166.032258 166.032258 166.032258 166.032258 166.033142 166.033584 166.034026 166.035351 166.037561 166.039770 0.000000 0.000000 0.000000 0.000000 0.000000 0.000000 0.000000 0.000000 
0.000000 0.000000 0.000000 166.041096 166.040212 166.038886 166.038003 166.037119 166.035793 166.034909 166.034026 166.032700 166.031816 166.030932 166.030049 166.028723 166.027839 166.026955 166.026072 166.025188 166.024304 166.023862 166.022978 166.022095 166.021211 166.020769 166.019885 166.019443 166.019443 166.019443 166.019885 166.020327 166.021211 166.022978 166.026072 166.031374 166.041096 0.000000 0.000000 
0.000000 166.041096 166.039770 166.038886 166.038003 166.036677 166.035793 166.034468 166.033584 166.032258 166.031374 166.030491 166.029165 166.028281 166.026955 166.026072 166.024746 166.023862 166.022536 166.021653 166.020327 166.019443 166.018118 166.017234 166.016350 166.015024 166.014141 166.012815 166.011931 166.011047 166.009722 166.008838 166.007954 166.007512 166.006628 166.006628 166.007070 166.009722 166.022536 
166.041538 166.040654 166.039328 166.038445 166.037119 166.036235 166.034909 166.034026 166.032700 166.031816 166.030491 166.029607 166.028281 166.027397 166.026072 166.025188 166.023862 166.022978 166.021653 166.020769 166.019443 166.018559 166.017234 166.016350 166.015024 166.014141 166.012815 166.011931 166.010605 166.009722 166.008396 166.007512 166.006186 166.005303 166.003977 166.003093 166.001768 166.000884 166.000000 
0.000000 166.041096 166.039770 166.038886 166.038003 166.036677 166.035793 166.034468 166.033584 166.032258 166.031374 166.030491 166.029165 166.028281 166.026955 166.026072 166.024746 166.023862 166.022536 166.021653 166.020327 166.019443 166.018118 166.017234 166.016350 166.015024 166.014141 166.012815 166.011931 166.011047 166.009722 166.008838 166.007954 166.007512 166.006628 166.006628 166.007070 166.009722 166.022536 
0.000000 0.000000 0.000000 166.041096 166.040212 166.038886 166.038003 166.037119 166.035793 166.034909 166.034026 166.032700 166.031816 166.030932 166.030049 166.028723 166.027839 166.026955 166.026072 166.025188 166.024304 166.023862 166.022978 166.022095 166.021211 166.020769 166.019885 166.019443 166.019443 166.019443 166.019885 166.020327 166.021211 166.022978 166.026072 166.031374 166.041096 0.000000 0.000000 
0.000000 0.000000 0.000000 0.000000 0.000000 0.000000 0.000000 166.041538 166.040654 166.039770 166.039328 166.038445 166.037561 166.036677 166.036235 166.035351 166.034468 166.034026 166.033142 166.032700 166.032258 166.032258 166.032258 166.032258 166.032258 166.033142 166.033584 166.034026 166.035351 166.037561 166.039770 0.000000 0.000000 0.000000 0.000000 0.000000 0.000000 0.000000 0.000000 
