test/output/constant/M3100_S060_A180_WD000.0_WS005.0/M3100_S060_A180_WD000.0_WS005.0_arrival.asc
ncols         60
nrows         14
xllcorner     426503.990666
yllcorner     12747755.311160
cellsize      100.000000
NODATA_value  0.000000
0.000000 0.000000 0.000000 0.000000 0.000000 0.000000 0.000000 0.000000 0.000000 166.041667 166.040287 166.039719 166.039435 166.039435 166.039152 166.039152 166.039152 166.039435 166.039719 166.040003 166.040570 166.040854 166.041421 0.000000 0.000000 0.000000 0.000000 0.000000 0.000000 0.000000 0.000000 0.000000 0.000000 0.000000 0.000000 0.000000 0.000000 0.000000 0.000000 0.000000 0.000000 0.000000 0.000000 0.000000 0.000000 0.000000 0.000000 0.000000 0.000000 0.000000 0.000000 0.000000 0.000000 0.000000 0.000000 0.000000 0.000000 0.000000 0.000000 0.000000 
0.000000 0.000000 0.000000 166.035747 166.029222 166.026952 166.024683 166.024399 166.024115 166.023832 166.023832 166.024115 166.024399 166.024683 166.025250 166.026101 166.026669 166.027236 166.028087 166.028938 166.029506 166.030357 166.031208 166.032059 166.032910 166.033478 166.034329 166.035180 166.036031 166.036882 166.037733 166.038584 166.039435 166.040287 166.041138 0.000000 0.000000 0.000000 0.000000 0.000000 0.000000 0.000000 0.000000 0.000000 0.000000 0.000000 0.000000 0.000000 0.000000 0.000000 0.000000 0.000000 0.000000 0.000000 0.000000 0.000000 0.000000 0.000000 0.000000 0.000000 
0.000000 166.016171 166.010214 166.008511 166.008511 166.008511 166.009079 166.009646 166.010497 166.011348 166.012199 166.013051 166.013902 166.014753 166.015604 166.016455 166.017306 166.018157 166.019292 166.020143 166.020994 166.022129 166.022980 166.023832 166.024966 166.025817 166.026952 166.027803 166.028938 166.029789 166.030924 166.031775 166.032910 166.033761 166.034896 166.035747 166.036598 166.037733 166.038584 166.039719 166.040570 166.041667 0.000000 0.000000 0.000000 0.000000 0.000000 0.000000 0.000000 0.000000 0.000000 0.000000 0.000000 0.000000 0.000000 0.000000 0.000000 0.000000 0.000000 0.000000 
166.039719 166.000000 166.000567 166.001135 166.001986 166.002553 166.003405 166.004256 166.005107 166.005958 166.006809 166.007944 166.008795 166.009646 166.010781 166.011632 166.012483 166.013618 166.014469 166.015320 166.016455 166.017306 166.018441 166.019292 166.020427 166.021278 166.022413 166.023264 166.024399 166.025250 166.026385 166.027236 166.028371 166.029222 166.030073 166.031208 166.032059 166.033194 166.034045 166.035180 166.036031 166.037166 166.038017 166.039152 166.040003 166.041138 0.000000 0.000000 0.000000 0.000000 0.000000 0.000000 0.000000 0.000000 0.000000 0.000000 0.000000 0.000000 0.000000 0.000000 
0.000000 166.009079 166.002553 166.002270 166.002270 166.002837 166.003405 166.003972 166.004823 166.005390 166.006242 166.007093 166.007660 166.008511 166.009079 166.009930 166.010497 166.011348 166.012199 166.013051 166.013902 166.014753 166.015888 166.016739 166.017590 166.018441 166.019576 166.020427 166.021278 166.022413 166.023264 166.024115 166.025250 166.026101 166.026952 166.027803 166.028938 166.029789 166.030641 166.031775 166.032626 166.033478 166.034612 166.035464 166.036598 166.037450 166.038301 166.039435 166.040287 166.041421 0.000000 0.000000 0.000000 0.000000 0.000000 0.000000 0.000000 0.000000 0.000000 0.000000 
0.000000 0.000000 166.024399 166.015037 166.009646 166.007660 166.006525 166.006525 166.006525 166.006525 166.006809 166.007376 166.007944 166.008511 166.009079 166.009930 166.010497 166.011348 166.011916 166.012767 166.013334 166.014185 166.014753 166.015604 166.016455 166.017023 166.017874 166.018725 166.019576 166.020427 166.021278 166.022129 166.022980 166.023832 166.024683 166.025534 166.026669 166.027520 166.028371 166.029222 166.030073 166.031208 166.032059 166.033194 166.034045 166.034896 166.035747 166.036882 166.037733 166.038584 166.039435 166.040570 166.041421 0.000000 0.000000 0.000000 0.000000 0.000000 0.000000 0.000000 
0.000000 0.000000 0.000000 166.040003 166.028938 166.021562 166.017023 166.014185 166.012483 166.011348 166.010781 166.010497 166.010497 166.010781 166.010781 166.011065 166.011348 166.011916 166.012483 166.013051 166.013618 166.014185 166.014753 166.015604 166.016171 166.017023 166.017874 166.018441 166.019292 166.019860 166.020711 166.021278 166.022129 166.022980 166.023548 166.024399 166.025250 166.026101 166.026669 166.027520 166.028371 166.029222 166.030073 166.030924 166.031775 166.032910 166.033761 166.034612 166.035464 166.036315 166.037166 166.038301 166.039152 166.040003 166.040854 0.000000 0.000000 0.000000 0.000000 0.000000 
0.000000 0.000000 0.000000 0.000000 0.000000 0.000000 166.034896 166.028655 166.024399 166.021278 166.019008 166.017306 166.015888 166.015320 166.014753 166.014753 166.014753 166.014753 166.014753 166.015037 166.015320 166.015604 166.016171 166.016455 166.017023 166.017590 166.018157 166.018725 166.019292 166.019860 166.020711 166.021278 166.022129 166.022697 166.023548 166.024115 166.024966 166.025534 166.026385 166.026952 166.027803 166.028655 166.029506 166.030073 166.030924 166.031492 166.032626 166.033194 166.034045 166.034896 166.035747 166.036598 166.037450 166.038301 166.039152 166.040003 166.040854 166.041667 0.000000 0.000000 
0.000000 0.000000 0.000000 0.000000 0.000000 0.000000 0.000000 0.000000 166.041667 166.036315 166.031492 166.028371 166.025817 166.023548 166.022129 166.020711 166.019860 166.019292 166.019008 166.019008 166.019008 166.019008 166.019008 166.019008 166.019292 166.019576 166.019860 166.020143 166.020711 166.020994 166.021562 166.022129 166.022697 166.023264 166.023832 166.024399 166.024966 166.025534 166.026385 166.026952 166.027803 166.028371 166.029222 166.030073 166.030641 166.031492 166.032059 166.032910 166.033478 166.034329 166.034896 166.035747 166.036598 166.037166 166.038017 166.038868 166.039719 166.040570 166.041421 0.000000 
0.000000 0.000000 0.000000 0.000000 0.000000 0.000000 0.000000 0.000000 0.000000 0.000000 0.000000 0.000000 166.038584 166.035464 166.032910 166.030357 166.028371 166.026669 166.025534 166.024683 166.023832 166.023264 166.023264 166.023264 166.023264 166.023264 166.023264 166.023264 166.023264 166.023548 166.023832 166.024115 166.024399 166.024966 166.025250 166.025817 166.026101 166.026669 166.027236 166.027803 166.028371 166.028938 166.029506 166.030073 166.030641 166.031492 166.032059 166.032910 166.033478 166.034329 166.034896 166.035747 166.036315 166.037166 166.037733 166.038584 166.039152 166.040003 166.040854 166.041421 
0.000000 0.000000 0.000000 0.000000 0.000000 0.000000 0.000000 0.000000 0.000000 0.000000 0.000000 0.000000 0.000000 0.000000 0.000000 0.000000 166.040003 166.037166 166.035180 166.033194 166.031492 166.030357 166.029506 166.028655 166.028087 166.027520 166.027520 166.027236 166.027236 166.027236 166.027236 166.027236 166.027236 166.027520 166.027520 166.027803 166.028371 166.028655 166.028938 166.029506 166.029789 166.030357 166.030641 166.031208 166.031775 166.032343 166.032910 166.033478 166.034045 166.034612 166.035180 166.035747 166.036598 166.037166 166.037733 166.038584 166.039152 166.040003 166.040854 166.041421 
0.000000 0.000000 0.000000 0.000000 0.000000 0.000000 0.000000 0.000000 0.000000 0.000000 0.000000 0.000000 0.000000 0.000000 0.000000 0.000000 0.000000 0.000000 0.000000 0.000000 0.000000 166.039719 166.038017 166.036315 166.035180 166.034045 166.033478 166.032626 166.032059 166.031775 166.031492 166.031492 166.031492 166.031492 166.031492 166.031492 166.031492 166.031492 166.031775 166.031775 166.032059 166.032343 166.032910 166.033194 166.033478 166.034045 166.034612 166.034896 166.035464 166.035747 166.036315 166.036882 166.037450 166.038017 166.038584 166.039152 166.039719 166.040287 166.040854 166.041667 
0.000000 0.000000 0.000000 0.000000 0.000000 0.000000 0.000000 0.000000 0.000000 0.000000 0.000000 0.000000 0.000000 0.000000 0.000000 0.000000 0.000000 0.000000 0.000000 0.000000 0.000000 0.000000 0.000000 0.000000 0.000000 0.000000 166.041138 166.040003 166.038868 166.038017 166.037166 166.036598 166.036031 166.035747 166.035747 166.035747 166.035747 166.035747 166.035747 166.035747 166.035747 166.035747 166.035747 166.035747 166.036031 166.036315 166.036598 166.036882 166.037450 166.037733 166.038301 166.038584 166.039152 166.039435 166.040003 166.040287 166.040854 166.041421 0.000000 0.000000 
0.000000 0.000000 0.000000 0.000000 0.000000 0.000000 0.000000 0.000000 0.000000 0.000000 0.000000 0.000000 0.000000 0.000000 0.000000 0.000000 0.000000 0.000000 0.000000 0.000000 0.000000 0.000000 0.000000 0.000000 0.000000 0.000000 0.000000 0.000000 0.000000 0.000000 0.000000 0.000000 0.000000 0.000000 166.041421 166.040854 166.040287 166.040003 166.040003 166.040003 166.040003 166.040003 166.039719 166.039719 166.040003 166.040003 166.040003 166.040003 166.040003 166.040287 166.040570 166.040854 166.041138 166.041421 0.000000 0.000000 0.000000 0.000000 0.000000 0.000000 
