test/output/constant/M3M490_S060_A180_WD270.0_WS035.0/M3M490_S060_A180_WD270.0_WS035.0_arrival.asc
ncols         60
nrows         9
xllcorner     426603.990666
yllcorner     12748355.311160
cellsize      100.000000
NODATA_value  0.000000
0.000000 0.000000 0.000000 0.000000 0.000000 0.000000 0.000000 0.000000 0.000000 0.000000 0.000000 0.000000 0.000000 0.000000 0.000000 0.000000 0.000000 0.000000 0.000000 0.000000 0.000000 0.000000 0.000000 0.000000 0.000000 0.000000 0.000000 0.000000 166.041667 166.041390 166.041390 166.041107 166.041107 166.040823 166.040823 166.041107 166.041107 166.041107 166.041667 0.000000 0.000000 0.000000 0.000000 0.000000 0.000000 0.000000 0.000000 0.000000 0.000000 0.000000 0.000000 0.000000 0.000000 0.000000 0.000000 0.000000 0.000000 0.000000 0.000000 0.000000 
0.000000 0.000000 0.000000 0.000000 0.000000 0.000000 0.000000 0.000000 0.000000 0.000000 0.000000 166.039689 166.037421 166.035720 166.034303 166.033169 166.032035 166.031468 166.030901 166.030050 166.029767 166.029767 166.029483 166.029200 166.029200 166.029200 166.029483 166.029767 166.030050 166.030617 166.030901 166.031468 166.032035 166.032318 166.032885 166.033452 166.033736 166.034303 166.034870 166.035437 166.035720 166.036287 166.036854 166.037421 166.037988 166.038555 166.038839 166.039406 166.040256 166.040823 166.041390 0.000000 0.000000 0.000000 0.000000 0.000000 0.000000 0.000000 0.000000 0.000000 
0.000000 0.000000 0.000000 0.000000 166.035437 166.029767 166.025231 166.022963 166.021262 166.019845 166.018994 166.018427 166.017860 166.017860 166.017577 166.017577 166.017860 166.018144 166.018711 166.018994 166.019561 166.020128 166.020412 166.020978 166.021545 166.022112 166.022396 166.022963 166.023530 166.024097 166.024664 166.025514 166.026081 166.026648 166.027215 166.028066 166.028633 166.029483 166.030050 166.030617 166.031468 166.032035 166.032602 166.033452 166.034019 166.034586 166.035153 166.036004 166.036571 166.037138 166.037988 166.038555 166.039406 166.039973 166.040823 166.041390 0.000000 0.000000 0.000000 0.000000 
166.039689 166.013608 166.008221 166.006804 166.005953 166.005953 166.006237 166.006520 166.007087 166.007654 166.008221 166.008788 166.009639 166.010206 166.010773 166.011623 166.012190 166.013041 166.013608 166.014175 166.015025 166.015592 166.016443 166.017010 166.017860 166.018427 166.019278 166.019845 166.020412 166.021262 166.021829 166.022679 166.023246 166.024097 166.024664 166.025514 166.026081 166.026648 166.027499 166.028066 166.028916 166.029483 166.030334 166.030901 166.031751 166.032318 166.033169 166.033736 166.034586 166.035153 166.035720 166.036571 166.037138 166.037988 166.038555 166.039406 166.039973 166.040823 166.041390 0.000000 
166.000000 166.000567 166.001134 166.001984 166.002551 166.003402 166.003969 166.004819 166.005386 166.006237 166.006804 166.007654 166.008221 166.009072 166.009639 166.010489 166.011056 166.011907 166.012474 166.013324 166.013891 166.014742 166.015309 166.016159 166.016726 166.017577 166.018144 166.018994 166.019561 166.020412 166.020978 166.021829 166.022396 166.023246 166.023813 166.024664 166.025231 166.026081 166.026648 166.027499 166.028066 166.028916 166.029483 166.030334 166.030901 166.031751 166.032318 166.033169 166.033736 166.034586 166.035153 166.036004 166.036571 166.037421 166.037988 166.038839 166.039406 166.040256 166.040823 166.041667 
166.039689 166.013608 166.008221 166.006804 166.005953 166.005953 166.006237 166.006520 166.007087 166.007654 166.008221 166.008788 166.009639 166.010206 166.010773 166.011623 166.012190 166.013041 166.013608 166.014175 166.015025 166.015592 166.016443 166.017010 166.017860 166.018427 166.019278 166.019845 166.020412 166.021262 166.021829 166.022679 166.023246 166.024097 166.024664 166.025514 166.026081 166.026648 166.027499 166.028066 166.028916 166.029483 166.030334 166.030901 166.031751 166.032318 166.033169 166.033736 166.034586 166.035153 166.035720 166.036571 166.037138 166.037988 166.038555 166.039406 166.039973 166.040823 166.041390 0.000000 
0.000000 0.000000 0.000000 0.000000 166.035437 166.029767 166.025231 166.022963 166.021262 166.019845 166.018994 166.018427 166.017860 166.017860 166.017577 166.017577 166.017860 166.018144 166.018711 166.018994 166.019561 166.020128 166.020412 166.020978 166.021545 166.022112 166.022396 166.022963 166.023530 166.024097 166.024664 166.025514 166.026081 166.026648 166.027215 166.028066 166.028633 166.029483 166.030050 166.030617 166.031468 166.032035 166.032602 166.033452 166.034019 166.034586 166.035153 166.036004 166.036571 166.037138 166.037988 166.038555 166.039406 166.039973 166.040823 166.041390 0.000000 0.000000 0.000000 0.000000 
0.000000 0.000000 0.000000 0.000000 0.000000 0.000000 0.000000 0.000000 0.000000 0.000000 0.000000 166.039689 166.037421 166.035720 166.034303 166.033169 166.032035 166.031468 166.030901 166.030050 166.029767 166.029767 166.029483 166.029200 166.029200 166.029200 166.029483 166.029767 166.030050 166.030617 166.030901 166.031468 166.032035 166.032318 166.032885 166.033452 166.033736 166.034303 166.034870 166.035437 166.035720 166.036287 166.036854 166.037421 166.037988 166.038555 166.038839 166.039406 166.040256 166.040823 166.041390 0.000000 0.000000 0.000000 0.000000 0.000000 0.000000 0.000000 0.000000 0.000000 
0.000000 0.000000 0.000000 0.000000 0.000000 0.000000 0.000000 0.000000 0.000000 0.000000 0.000000 0.000000 0.000000 0.000000 0.000000 0.000000 0.000000 0.000000 0.000000 0.000000 0.000000 0.000000 0.000000 0.000000 0.000000 0.000000 0.000000 0.000000 166.041667 166.041390 166.041390 166.041107 166.041107 166.040823 166.040823 166.041107 166.041107 166.041107 166.041667 0.000000 0.000000 0.000000 0.000000 0.000000 0.000000 0.000000 0.000000 0.000000 0.000000 0.000000 0.000000 0.000000 0.000000 0.000000 0.000000 0.000000 0.000000 0.000000 0.000000 0.000000 
