test/output/constant/M3M495_S000_A180_WD090.0_WS035.0/M3M495_S000_A180_WD090.0_WS035.0_arrival.asc
ncols         47
nrows         11
xllcorner     422103.990666
yllcorner     12748255.311160
cellsize      100.000000
NODATA_value  0.000000
0.000000 0.000000 0.000000 0.000000 0.000000 0.000000 0.000000 0.000000 0.000000 0.000000 0.000000 0.000000 0.000000 166.041165 166.040797 166.040062 166.039695 166.038959 166.038592 166.038224 166.037857 166.037857 166.037857 166.037857 166.037857 166.038224 166.038224 166.038592 166.039327 166.039695 166.040430 166.041165 0.000000 0.000000 0.000000 0.000000 0.000000 0.000000 0.000000 0.000000 0.000000 0.000000 0.000000 0.000000 0.000000 0.000000 0.000000 
0.000000 0.000000 0.000000 0.000000 0.000000 0.000000 166.041532 166.040797 166.040062 166.039327 166.038592 166.037857 166.037122 166.036754 166.036019 166.035284 166.034549 166.034181 166.033446 166.032711 166.031976 166.031609 166.030874 166.030506 166.029771 166.029771 166.029403 166.029403 166.029403 166.029771 166.029771 166.030138 166.030506 166.031241 166.031976 166.033079 166.034549 166.036754 166.038959 0.000000 0.000000 0.000000 0.000000 0.000000 0.000000 0.000000 0.000000 
0.000000 0.000000 0.000000 166.041532 166.040797 166.039695 166.038959 166.038224 166.037489 166.036387 166.035652 166.034917 166.033814 166.033079 166.032344 166.031241 166.030506 166.029771 166.029036 166.028301 166.027566 166.026831 166.026096 166.025728 166.024993 166.024258 166.023523 166.023155 166.022420 166.022053 166.021317 166.021317 166.021317 166.021317 166.021317 166.021685 166.022053 166.022788 166.023890 166.025728 166.027933 166.031609 166.037122 0.000000 0.000000 0.000000 0.000000 
0.000000 166.041532 166.040797 166.039695 166.038959 166.037857 166.037122 166.036387 166.035284 166.034549 166.033446 166.032711 166.031609 166.030874 166.029771 166.029036 166.028301 166.027198 166.026463 166.025728 166.024625 166.023890 166.023155 166.022053 166.021317 166.020582 166.019480 166.018745 166.018010 166.017274 166.016539 166.015804 166.015069 166.014702 166.013967 166.013232 166.012864 166.012864 166.012864 166.012864 166.013599 166.014702 166.016539 166.020582 166.027198 166.038592 0.000000 
166.041165 166.040430 166.039327 166.038592 166.037489 166.036754 166.035652 166.034917 166.033814 166.033079 166.031976 166.031241 166.030138 166.029403 166.028301 166.027566 166.026463 166.025728 166.024625 166.023890 166.023155 166.022053 166.021317 166.020215 166.019480 166.018377 166.017642 166.016539 166.015804 166.015069 166.013967 166.013232 166.012129 166.011394 166.010659 166.009556 166.008821 166.007718 166.006983 166.006248 166.005513 166.004778 166.004411 166.004411 166.005146 166.009924 166.038959 
166.041165 166.040062 166.039327 166.038224 166.037489 166.036387 166.035652 166.034549 166.033814 166.032711 166.031976 166.030874 166.030138 166.029036 166.028301 166.027198 166.026463 166.025360 166.024625 166.023523 166.022788 166.021685 166.020950 166.019847 166.019112 166.018010 166.017274 166.016172 166.015437 166.014334 166.013599 166.012496 166.011761 166.010659 166.009924 166.008821 166.008086 166.006983 166.006248 166.005146 166.004411 166.003308 166.002573 166.001470 166.000735 166.000000 166.027566 
166.041165 166.040430 166.039327 166.038592 166.037489 166.036754 166.035652 166.034917 166.033814 166.033079 166.031976 166.031241 166.030138 166.029403 166.028301 166.027566 166.026463 166.025728 166.024625 166.023890 166.023155 166.022053 166.021317 166.020215 166.019480 166.018377 166.017642 166.016539 166.015804 166.015069 166.013967 166.013232 166.012129 166.011394 166.010659 166.009556 166.008821 166.007718 166.006983 166.006248 166.005513 166.004778 166.004411 166.004411 166.005146 166.009924 166.038959 
0.000000 166.041532 166.040797 166.039695 166.038959 166.037857 166.037122 166.036387 166.035284 166.034549 166.033446 166.032711 166.031609 166.030874 166.029771 166.029036 166.028301 166.027198 166.026463 166.025728 166.024625 166.023890 166.023155 166.022053 166.021317 166.020582 166.019480 166.018745 166.018010 166.017274 166.016539 166.015804 166.015069 166.014702 166.013967 166.013232 166.012864 166.012864 166.012864 166.012864 166.013599 166.014702 166.016539 166.020582 166.027198 166.038592 0.000000 
0.000000 0.000000 0.000000 166.041532 166.040797 166.039695 166.038959 166.038224 166.037489 166.036387 166.035652 166.034917 166.033814 166.033079 166.032344 166.031241 166.030506 166.029771 166.029036 166.028301 166.027566 166.026831 166.026096 166.025728 166.024993 166.024258 166.023523 166.023155 166.022420 166.022053 166.021317 166.021317 166.021317 166.021317 166.021317 166.021685 166.022053 166.022788 166.023890 166.025728 166.027933 166.031609 166.037122 0.000000 0.000000 0.000000 0.000000 
0.000000 0.000000 0.000000 0.000000 0.000000 0.000000 166.041532 166.040797 166.040062 166.039327 166.038592 166.037857 166.037122 166.036754 166.036019 166.035284 166.034549 166.034181 166.033446 166.032711 166.031976 166.031609 166.030874 166.030506 166.029771 166.029771 166.029403 166.029403 166.029403 166.029771 166.029771 166.030138 166.030506 166.031241 166.031976 166.033079 166.034549 166.036754 166.038959 0.000000 0.000000 0.000000 0.000000 0.000000 0.000000 0.000000 0.000000 
0.000000 0.000000 0.000000 0.000000 0.000000 0.000000 0.000000 0.000000 0.000000 0.000000 0.000000 0.000000 0.000000 166.041165 166.040797 166.040062 166.039695 166.038959 166.038592 166.038224 166.037857 166.037857 166.037857 166.037857 166.037857 166.038224 166.038224 166.038592 166.039327 166.039695 166.040430 166.041165 0.000000 0.000000 0.000000 0.000000 0.000000 0.000000 0.000000 0.000000 0.000000 0.000000 0.000000 0.000000 0.000000 0.000000 0.000000 
