test/output/constant/M360_S060_A180_WD180.0_WS010.0/M360_S060_A180_WD180.0_WS010.0_arrival.asc
ncols         34
nrows         12
xllcorner     426603.990666
yllcorner     12748655.311160
cellsize      100.000000
NODATA_value  0.000000
0.000000 0.000000 0.000000 0.000000 0.000000 0.000000 0.000000 0.000000 0.000000 0.000000 0.000000 0.000000 0.000000 0.000000 0.000000 0.000000 0.000000 0.000000 0.000000 0.000000 0.000000 0.000000 0.000000 166.041542 166.040576 166.040093 166.039610 166.039610 166.039610 166.039610 166.040093 166.040576 166.041059 0.000000 
0.000000 0.000000 0.000000 0.000000 0.000000 0.000000 0.000000 0.000000 0.000000 0.000000 0.000000 0.000000 0.000000 0.000000 0.000000 0.000000 0.000000 0.000000 166.040093 166.038644 166.037677 166.036711 166.035745 166.035745 166.035262 166.035262 166.035745 166.036228 166.036711 166.037194 166.038161 166.039127 166.040093 166.041542 
0.000000 0.000000 0.000000 0.000000 0.000000 0.000000 0.000000 0.000000 0.000000 0.000000 0.000000 0.000000 0.000000 0.000000 166.041059 166.037677 166.035262 166.033813 166.032847 166.031881 166.031398 166.031398 166.031398 166.031398 166.031881 166.032364 166.033330 166.034296 166.035262 166.036228 166.037677 166.039127 166.040093 166.041542 
0.000000 0.000000 0.000000 0.000000 0.000000 0.000000 0.000000 0.000000 0.000000 0.000000 0.000000 166.040576 166.035745 166.032364 166.030432 166.028983 166.028017 166.027534 166.027050 166.027050 166.027534 166.027534 166.028500 166.028983 166.029949 166.031398 166.032847 166.033813 166.035262 166.036711 166.037677 166.039610 166.041059 0.000000 
0.000000 0.000000 0.000000 0.000000 0.000000 0.000000 0.000000 0.000000 0.000000 166.035262 166.030915 166.027534 166.025118 166.024152 166.023186 166.023186 166.023186 166.023186 166.023669 166.024152 166.025118 166.026084 166.027534 166.028983 166.029949 166.031398 166.032847 166.034296 166.035745 166.037677 166.039610 166.041542 0.000000 0.000000 
0.000000 0.000000 0.000000 0.000000 0.000000 0.000000 166.038161 166.030432 166.025601 166.022220 166.020288 166.019322 166.018839 166.018839 166.018839 166.019322 166.020288 166.021254 166.022220 166.023669 166.025118 166.026567 166.027534 166.029466 166.030915 166.032364 166.034779 166.036711 166.038644 166.040576 0.000000 0.000000 0.000000 0.000000 
0.000000 0.000000 0.000000 0.000000 166.035262 166.026084 166.020288 166.016907 166.015457 166.014974 166.014491 166.014974 166.015457 166.016424 166.017390 166.018839 166.019805 166.021254 166.022703 166.024152 166.025601 166.027534 166.029466 166.031881 166.033813 166.036228 166.038161 166.040576 0.000000 0.000000 0.000000 0.000000 0.000000 0.000000 
0.000000 0.000000 166.035745 166.022703 166.015457 166.012076 166.010627 166.010627 166.010627 166.011110 166.012076 166.013525 166.014974 166.015940 166.017390 166.018839 166.020771 166.022703 166.024635 166.027050 166.029466 166.031398 166.033813 166.036228 166.039127 166.041542 0.000000 0.000000 0.000000 0.000000 0.000000 0.000000 0.000000 0.000000 
0.000000 166.022220 166.010627 166.006763 166.006280 166.006280 166.007246 166.008695 166.009661 166.011110 166.012559 166.014008 166.015457 166.017873 166.019805 166.022220 166.024635 166.027050 166.029466 166.032364 166.035262 166.037677 166.040576 0.000000 0.000000 0.000000 0.000000 0.000000 0.000000 0.000000 0.000000 0.000000 0.000000 0.000000 
166.008212 166.002415 166.002415 166.003381 166.004830 166.005797 166.007246 166.008695 166.010627 166.013042 166.015457 166.017873 166.020771 166.023186 166.026084 166.028500 166.031398 166.034296 166.037677 166.040576 0.000000 0.000000 0.000000 0.000000 0.000000 0.000000 0.000000 0.000000 0.000000 0.000000 0.000000 0.000000 0.000000 0.000000 
166.000000 166.000966 166.001932 166.003864 166.006280 166.008695 166.011593 166.014491 166.017873 166.020771 166.023669 166.027050 166.029949 166.033330 166.036228 166.039127 0.000000 0.000000 0.000000 0.000000 0.000000 0.000000 0.000000 0.000000 0.000000 0.000000 0.000000 0.000000 0.000000 0.000000 0.000000 0.000000 0.000000 0.000000 
166.028983 166.023669 166.024152 166.025601 166.026567 166.029949 166.032364 166.035262 166.038644 166.041542 0.000000 0.000000 0.000000 0.000000 0.000000 0.000000 0.000000 0.000000 0.000000 0.000000 0.000000 0.000000 0.000000 0.000000 0.000000 0.000000 0.000000 0.000000 0.000000 0.000000 0.000000 0.000000 0.000000 0.000000 
