test/output/constant/M160_S060_A270_WD135.0_WS020.0/M160_S060_A270_WD135.0_WS020.0_arrival.asc
ncols         9
nrows         24
xllcorner     425803.990666
yllcorner     12748755.311160
cellsize      100.000000
NODATA_value  0.000000
166.041345 166.041345 0.000000 0.000000 0.000000 0.000000 0.000000 0.000000 0.000000 
166.039989 166.039312 166.040667 0.000000 0.000000 0.000000 0.000000 0.000000 0.000000 
166.039312 166.037956 166.037956 166.041345 0.000000 0.000000 0.000000 0.000000 0.000000 
166.039312 166.035923 166.035923 166.037956 0.000000 0.000000 0.000000 0.000000 0.000000 
166.039312 166.034567 166.033889 166.035245 166.040667 0.000000 0.000000 0.000000 0.000000 
166.039312 166.033889 166.031856 166.032534 166.036600 0.000000 0.000000 0.000000 0.000000 
166.040667 166.033889 166.030500 166.030500 166.033212 166.041345 0.000000 0.000000 0.000000 
0.000000 166.033889 166.029823 166.028467 166.029823 166.036600 0.000000 0.000000 0.000000 
0.000000 166.035245 166.029145 166.026434 166.027111 166.031856 0.000000 0.000000 0.000000 
0.000000 166.036600 166.028467 166.025078 166.025078 166.027789 166.037956 0.000000 0.000000 
0.000000 166.039312 166.029145 166.023723 166.023045 166.024400 166.033212 0.000000 0.000000 
0.000000 0.000000 166.030500 166.023723 166.021011 166.021689 166.028467 0.000000 0.000000 
0.000000 0.000000 166.033212 166.023723 166.019656 166.019656 166.023723 166.036600 0.000000 
0.000000 0.000000 166.037956 166.024400 166.018300 166.017622 166.019656 166.031178 0.000000 
0.000000 0.000000 0.000000 166.027111 166.018300 166.015589 166.016267 166.025078 0.000000 
0.000000 0.000000 0.000000 166.031856 166.018978 166.014234 166.014234 166.020334 166.039989 
0.000000 0.000000 0.000000 166.039989 166.021011 166.013556 166.012200 166.015589 166.033212 
0.000000 0.000000 0.000000 0.000000 166.025756 166.013556 166.010167 166.011522 166.025756 
0.000000 0.000000 0.000000 0.000000 166.035923 166.014911 166.008811 166.008811 166.018978 
0.000000 0.000000 0.000000 0.000000 0.000000 166.019656 166.008133 166.006778 166.012878 
0.000000 0.000000 0.000000 0.000000 0.000000 166.032534 166.008133 166.004745 166.006778 
0.000000 0.000000 0.000000 0.000000 0.000000 0.000000 166.014234 166.003389 166.003389 
0.000000 0.000000 0.000000 0.000000 0.000000 0.000000 166.036600 166.002711 166.001356 
0.000000 0.000000 0.000000 0.000000 0.000000 0.000000 0.000000 166.013556 166.000000 
