test/output/constant/M3M470_S060_A000_WD225.0_WS030.0/M3M470_S060_A000_WD225.0_WS030.0_ros.asc
ncols         16
nrows         20
xllcorner     425203.990666
yllcorner     12748655.311160
cellsize      100.000000
NODATA_value  0.000000
0.000000 36.562424 20.478130 31.057402 0.000000 0.000000 0.000000 0.000000 0.000000 0.000000 0.000000 0.000000 0.000000 0.000000 0.000000 0.000000 
36.562424 36.562424 36.562424 36.562424 28.736267 0.000000 0.000000 0.000000 0.000000 0.000000 0.000000 0.000000 0.000000 0.000000 0.000000 0.000000 
36.562424 36.562424 36.562424 36.562424 36.562424 35.759712 31.057402 0.000000 0.000000 0.000000 0.000000 0.000000 0.000000 0.000000 0.000000 0.000000 
33.918854 36.562424 36.562424 36.562424 36.415333 31.057402 7.410566 23.365709 0.000000 0.000000 0.000000 0.000000 0.000000 0.000000 0.000000 0.000000 
0.000000 36.559155 36.562424 36.163177 36.562424 36.562424 34.623020 9.575421 9.575421 0.000000 0.000000 0.000000 0.000000 0.000000 0.000000 0.000000 
0.000000 36.562424 32.138573 36.562424 36.562424 28.736267 36.562424 4.178607 7.410566 4.178607 0.000000 0.000000 0.000000 0.000000 0.000000 0.000000 
0.000000 32.138573 27.529692 36.562424 36.562424 36.562424 36.562424 5.599146 2.653427 23.365709 7.410566 0.000000 0.000000 0.000000 0.000000 0.000000 
0.000000 0.000000 6.481208 35.274082 36.562424 36.562424 36.562424 12.037820 9.575421 9.575421 20.478130 0.000000 0.000000 0.000000 0.000000 0.000000 
0.000000 0.000000 4.815125 4.815125 32.138573 36.562424 36.562424 36.562424 31.057402 31.057402 26.146326 5.599146 0.000000 0.000000 0.000000 0.000000 
0.000000 0.000000 0.000000 27.529692 36.163177 27.529692 36.562424 36.562424 33.039627 20.478130 28.736267 23.365709 5.599146 0.000000 0.000000 0.000000 
0.000000 0.000000 0.000000 6.481208 24.840401 4.815125 36.562424 36.562424 36.562424 36.562424 2.653427 3.159109 4.178607 0.000000 0.000000 0.000000 
0.000000 0.000000 0.000000 0.000000 4.815125 6.481208 4.815125 16.209995 36.562424 36.562424 28.736267 26.146326 20.478130 9.575421 0.000000 0.000000 
0.000000 0.000000 0.000000 0.000000 0.000000 6.481208 4.815125 29.987158 36.562424 36.562424 36.562424 36.415333 4.178607 7.410566 0.000000 0.000000 
0.000000 0.000000 0.000000 0.000000 0.000000 0.000000 6.481208 24.840401 32.138573 36.562424 36.562424 36.562424 7.410566 7.410566 5.599146 0.000000 
0.000000 0.000000 0.000000 0.000000 0.000000 0.000000 4.815125 4.815125 6.481208 33.918854 36.562424 36.562424 36.562424 3.159109 4.178607 0.000000 
0.000000 0.000000 0.000000 0.000000 0.000000 0.000000 0.000000 4.815125 4.815125 6.481208 32.138573 36.562424 36.562424 4.178607 7.410566 4.178607 
0.000000 0.000000 0.000000 0.000000 0.000000 0.000000 0.000000 0.000000 4.815125 4.815125 4.815125 4.815125 36.562424 36.562424 7.410566 3.159109 
0.000000 0.000000 0.000000 0.000000 0.000000 0.000000 0.000000 0.000000 0.000000 4.815125 4.815125 4.815125 6.481208 36.562424 36.562424 2.653427 
0.000000 0.000000 0.000000 0.000000 0.000000 0.000000 0.000000 0.000000 0.000000 0.000000 4.815125 4.815125 4.815125 27.529692 -1.000000 4.178607 
0.000000 0.000000 0.000000 0.000000 0.000000 0.000000 0.000000 0.000000 0.000000 0.000000 0.000000 0.000000 4.815125 4.815125 2.823931 1.669608 
