test/output/constant/M3M470_S060_A000_WD225.0_WS030.0/M3M470_S060_A000_WD225.0_WS030.0_arrival.asc
ncols         16
nrows         20
xllcorner     425203.990666
yllcorner     12748655.311160
cellsize      100.000000
NODATA_value  0.000000
0.000000 166.041667 166.041667 166.041667 0.000000 0.000000 0.000000 0.000000 0.000000 0.000000 0.000000 0.000000 0.000000 0.000000 0.000000 0.000000 
166.041667 166.039679 166.038995 166.038995 166.039679 0.000000 0.000000 0.000000 0.000000 0.000000 0.000000 0.000000 0.000000 0.000000 0.000000 0.000000 
166.041667 166.038995 166.036943 166.036943 166.036943 166.038311 166.041047 0.000000 0.000000 0.000000 0.000000 0.000000 0.000000 0.000000 0.000000 0.000000 
166.041667 166.038995 166.036259 166.034890 166.034206 166.034890 166.036943 166.040363 0.000000 0.000000 0.000000 0.000000 0.000000 0.000000 0.000000 0.000000 
0.000000 166.038995 166.035574 166.032838 166.032154 166.032154 166.032838 166.035574 166.040363 0.000000 0.000000 0.000000 0.000000 0.000000 0.000000 0.000000 
0.000000 166.039679 166.035574 166.032838 166.030101 166.030101 166.030101 166.031470 166.034890 166.041047 0.000000 0.000000 0.000000 0.000000 0.000000 0.000000 
0.000000 166.041047 166.036259 166.032838 166.029417 166.028049 166.027365 166.028049 166.030101 166.034206 166.041667 0.000000 0.000000 0.000000 0.000000 0.000000 
0.000000 0.000000 166.038311 166.032838 166.029417 166.026681 166.025313 166.025313 166.025997 166.029417 166.034890 0.000000 0.000000 0.000000 0.000000 0.000000 
0.000000 0.000000 166.041047 166.034890 166.030101 166.026681 166.023944 166.022576 166.022576 166.023944 166.028733 166.036943 0.000000 0.000000 0.000000 0.000000 
0.000000 0.000000 0.000000 166.037627 166.031470 166.026681 166.023260 166.020524 166.020524 166.020524 166.023260 166.029417 166.040363 0.000000 0.000000 0.000000 
0.000000 0.000000 0.000000 166.041667 166.034206 166.028733 166.023260 166.020524 166.018471 166.017787 166.019155 166.023260 166.032154 0.000000 0.000000 0.000000 
0.000000 0.000000 0.000000 0.000000 166.038995 166.031470 166.025313 166.020524 166.017103 166.015735 166.015735 166.017787 166.023944 166.036259 0.000000 0.000000 
0.000000 0.000000 0.000000 0.000000 0.000000 166.036259 166.028049 166.021892 166.017103 166.014367 166.013682 166.013682 166.017787 166.027365 0.000000 0.000000 
0.000000 0.000000 0.000000 0.000000 0.000000 0.000000 166.033522 166.024628 166.018471 166.014367 166.011630 166.010946 166.012314 166.019155 166.034206 0.000000 
0.000000 0.000000 0.000000 0.000000 0.000000 0.000000 166.041047 166.030786 166.021892 166.015051 166.010946 166.008894 166.008894 166.012314 166.024628 0.000000 
0.000000 0.000000 0.000000 0.000000 0.000000 0.000000 0.000000 166.040363 166.028733 166.019155 166.011630 166.008209 166.006157 166.006841 166.015051 166.040363 
0.000000 0.000000 0.000000 0.000000 0.000000 0.000000 0.000000 0.000000 166.038995 166.027365 166.016419 166.008894 166.004789 166.004105 166.006841 166.030786 
0.000000 0.000000 0.000000 0.000000 0.000000 0.000000 0.000000 0.000000 0.000000 166.039679 166.025997 166.014367 166.005473 166.002052 166.001368 166.021208 
0.000000 0.000000 0.000000 0.000000 0.000000 0.000000 0.000000 0.000000 0.000000 0.000000 166.041667 166.027365 166.013682 166.002052 166.000000 166.020524 
0.000000 0.000000 0.000000 0.000000 0.000000 0.000000 0.000000 0.000000 0.000000 0.000000 0.000000 0.000000 166.038995 166.028733 166.023944 166.032838 
