test/output/constant/M3M445_S060_A270_WD090.0_WS010.0/M3M445_S060_A270_WD090.0_WS010.0_arrival.asc
ncols         9
nrows         23
xllcorner     425903.990666
yllcorner     12748755.311160
cellsize      100.000000
NODATA_value  0.000000
0.000000 166.041661 0.000000 0.000000 0.000000 0.000000 0.000000 0.000000 0.000000 
166.040930 166.040199 166.040199 0.000000 0.000000 0.000000 0.000000 0.000000 0.000000 
166.039469 166.038007 166.038007 166.040930 0.000000 0.000000 0.000000 0.000000 0.000000 
166.038738 166.036545 166.036545 166.037276 0.000000 0.000000 0.000000 0.000000 0.000000 
166.038738 166.034352 166.034352 166.035083 166.038738 0.000000 0.000000 0.000000 0.000000 
166.038007 166.033621 166.032160 166.032890 166.035814 0.000000 0.000000 0.000000 0.000000 
166.038738 166.032890 166.030698 166.030698 166.032890 166.038738 0.000000 0.000000 0.000000 
166.039469 166.032890 166.028505 166.028505 166.029236 166.035083 0.000000 0.000000 0.000000 
166.040930 166.032890 166.027774 166.026312 166.027043 166.031429 166.040930 0.000000 0.000000 
0.000000 166.032890 166.027043 166.024851 166.024851 166.027774 166.036545 0.000000 0.000000 
0.000000 166.034352 166.027043 166.022658 166.022658 166.024851 166.032160 0.000000 0.000000 
0.000000 166.035814 166.027043 166.021927 166.020465 166.021927 166.028505 166.041661 0.000000 
0.000000 166.039469 166.027774 166.021196 166.019003 166.019003 166.024120 166.036545 0.000000 
0.000000 0.000000 166.029236 166.021196 166.016811 166.016811 166.020465 166.032160 0.000000 
0.000000 0.000000 166.032160 166.021196 166.015349 166.014618 166.016811 166.027774 0.000000 
0.000000 0.000000 166.038007 166.022658 166.015349 166.013156 166.013887 166.022658 0.000000 
0.000000 0.000000 0.000000 166.025581 166.015349 166.010963 166.010963 166.018272 0.000000 
0.000000 0.000000 0.000000 166.032890 166.016080 166.009502 166.008771 166.013887 0.000000 
0.000000 0.000000 0.000000 0.000000 166.019003 166.009502 166.007309 166.009502 166.038738 
0.000000 0.000000 0.000000 0.000000 166.027774 166.009502 166.005116 166.005847 166.034352 
0.000000 0.000000 0.000000 0.000000 0.000000 166.013156 166.003654 166.002924 166.032890 
0.000000 0.000000 0.000000 0.000000 0.000000 166.027043 166.003654 166.001462 166.031429 
0.000000 0.000000 0.000000 0.000000 0.000000 0.000000 166.010233 166.000000 166.038007 
