test/output/constant/M490_S000_A000_WD090.0_WS040.0/M490_S000_A000_WD090.0_WS040.0_arrival.asc
ncols         35
nrows         7
xllcorner     423203.990666
yllcorner     12748455.311160
cellsize      100.000000
NODATA_value  0.000000
0.000000 0.000000 0.000000 0.000000 0.000000 0.000000 166.041250 166.040279 166.039309 166.038338 166.037853 166.036882 166.035912 166.034941 166.034456 166.033485 166.033000 166.032029 166.032029 166.032029 166.032029 166.032029 166.032515 166.033000 166.033971 166.034941 166.036882 166.039309 0.000000 0.000000 0.000000 0.000000 0.000000 0.000000 0.000000 
0.000000 0.000000 166.041250 166.040279 166.038824 166.037853 166.036882 166.035426 166.034456 166.033485 166.032029 166.031059 166.030088 166.029118 166.027662 166.026691 166.025721 166.024750 166.023779 166.023294 166.022324 166.021353 166.020382 166.019897 166.019412 166.019412 166.019412 166.019412 166.020382 166.021353 166.024265 166.028632 166.036397 0.000000 0.000000 
166.041250 166.040279 166.038824 166.037853 166.036397 166.035426 166.033971 166.033000 166.031544 166.030574 166.029603 166.028147 166.027176 166.025721 166.024750 166.023294 166.022324 166.021353 166.019897 166.018926 166.017471 166.016500 166.015044 166.014074 166.013103 166.011647 166.010676 166.009706 166.008250 166.007765 166.006794 166.006794 166.006794 166.009221 166.019412 
166.040765 166.039794 166.038338 166.037368 166.035912 166.034941 166.033485 166.032515 166.031059 166.030088 166.028632 166.027662 166.026206 166.025235 166.023779 166.022809 166.021353 166.020382 166.018926 166.017956 166.016500 166.015529 166.014074 166.013103 166.011647 166.010676 166.009221 166.008250 166.006794 166.005824 166.004368 166.003397 166.001941 166.000971 166.000000 
166.041250 166.040279 166.038824 166.037853 166.036397 166.035426 166.033971 166.033000 166.031544 166.030574 166.029603 166.028147 166.027176 166.025721 166.024750 166.023294 166.022324 166.021353 166.019897 166.018926 166.017471 166.016500 166.015044 166.014074 166.013103 166.011647 166.010676 166.009706 166.008250 166.007765 166.006794 166.006794 166.006794 166.009221 166.019412 
0.000000 0.000000 166.041250 166.040279 166.038824 166.037853 166.036882 166.035426 166.034456 166.033485 166.032029 166.031059 166.030088 166.029118 166.027662 166.026691 166.025721 166.024750 166.023779 166.023294 166.022324 166.021353 166.020382 166.019897 166.019412 166.019412 166.019412 166.019412 166.020382 166.021353 166.024265 166.028632 166.036397 0.000000 0.000000 
0.000000 0.000000 0.000000 0.000000 0.000000 0.000000 166.041250 166.040279 166.039309 166.038338 166.037853 166.036882 166.035912 166.034941 166.034456 166.033485 166.033000 166.032029 166.032029 166.032029 166.032029 166.032029 166.032515 166.033000 166.033971 166.034941 166.036882 166.039309 0.000000 0.000000 0.000000 0.000000 0.000000 0.000000 0.000000 
