test/output/constant/S1_S000_A000_WD270.0_WS045.0/S1_S000_A000_WD270.0_WS045.0_arrival.asc
ncols         32
nrows         7
xllcorner     426603.990666
yllcorner     12748455.311160
cellsize      100.000000
NODATA_value  0.000000
0.000000 0.000000 0.000000 0.000000 0.000000 0.000000 0.000000 0.000000 0.000000 0.000000 0.000000 0.000000 166.041423 166.040878 166.039788 166.039788 166.039788 166.039788 166.039788 166.040333 166.040878 166.041667 0.000000 0.000000 0.000000 0.000000 0.000000 0.000000 0.000000 0.000000 0.000000 0.000000 
0.000000 0.000000 0.000000 166.038698 166.032158 166.028887 166.026162 166.025072 166.024527 166.023982 166.023982 166.023982 166.024527 166.025617 166.026162 166.027252 166.028342 166.028887 166.029977 166.031067 166.032158 166.033248 166.034338 166.035428 166.037063 166.038153 166.039243 166.040878 166.041667 0.000000 0.000000 0.000000 
166.026162 166.011991 166.008721 166.008176 166.008176 166.009266 166.009811 166.010901 166.011991 166.013626 166.014716 166.015806 166.017441 166.018531 166.020167 166.021257 166.022347 166.023982 166.025072 166.026707 166.027797 166.029432 166.030522 166.032158 166.033248 166.034883 166.035973 166.037608 166.038698 166.039788 166.041423 0.000000 
166.000000 166.001090 166.002180 166.003815 166.004905 166.006541 166.007631 166.009266 166.010356 166.011991 166.013081 166.014716 166.015806 166.017441 166.018531 166.020167 166.021257 166.022892 166.023982 166.025617 166.026707 166.028342 166.029432 166.031067 166.032158 166.033793 166.034883 166.036518 166.037608 166.039243 166.040333 166.041667 
166.026162 166.011991 166.008721 166.008176 166.008176 166.009266 166.009811 166.010901 166.011991 166.013626 166.014716 166.015806 166.017441 166.018531 166.020167 166.021257 166.022347 166.023982 166.025072 166.026707 166.027797 166.029432 166.030522 166.032158 166.033248 166.034883 166.035973 166.037608 166.038698 166.039788 166.041423 0.000000 
0.000000 0.000000 0.000000 166.038698 166.032158 166.028887 166.026162 166.025072 166.024527 166.023982 166.023982 166.023982 166.024527 166.025617 166.026162 166.027252 166.028342 166.028887 166.029977 166.031067 166.032158 166.033248 166.034338 166.035428 166.037063 166.038153 166.039243 166.040878 166.041667 0.000000 0.000000 0.000000 
0.000000 0.000000 0.000000 0.000000 0.000000 0.000000 0.000000 0.000000 0.000000 0.000000 0.000000 0.000000 166.041423 166.040878 166.039788 166.039788 166.039788 166.039788 166.039788 166.040333 166.040878 166.041667 0.000000 0.000000 0.000000 0.000000 0.000000 0.000000 0.000000 0.000000 0.000000 0.000000 
