test/output/constant/M3M465_S060_A270_WD180.0_WS020.0/M3M465_S060_A270_WD180.0_WS020.0_arrival.asc
ncols         7
nrows         44
xllcorner     426303.990666
yllcorner     12748755.311160
cellsize      100.000000
NODATA_value  0.000000
0.000000 0.000000 166.041667 166.041163 166.041667 0.000000 0.000000 
0.000000 0.000000 166.040778 166.040008 166.040778 0.000000 0.000000 
0.000000 0.000000 166.040008 166.039239 166.040008 0.000000 0.000000 
0.000000 166.041547 166.038854 166.038085 166.038854 166.041547 0.000000 
0.000000 166.040393 166.038085 166.037316 166.038085 166.040393 0.000000 
0.000000 166.039624 166.036931 166.036161 166.036931 166.039624 0.000000 
0.000000 166.038470 166.036161 166.035392 166.036161 166.038470 0.000000 
0.000000 166.037700 166.035007 166.034238 166.035007 166.037700 0.000000 
0.000000 166.036931 166.034238 166.033469 166.034238 166.036931 0.000000 
166.041163 166.035777 166.033084 166.032315 166.033084 166.035777 166.041163 
166.040393 166.035007 166.032315 166.031545 166.032315 166.035007 166.040393 
166.040008 166.034238 166.031160 166.030391 166.031160 166.034238 166.040008 
166.039239 166.033084 166.030391 166.029622 166.030391 166.033084 166.039239 
166.038470 166.032315 166.029237 166.028468 166.029237 166.032315 166.038470 
166.037700 166.031545 166.028468 166.027698 166.028468 166.031545 166.037700 
166.037316 166.030776 166.027698 166.026544 166.027698 166.030776 166.037316 
166.036546 166.029622 166.026544 166.025775 166.026544 166.029622 166.036546 
166.035777 166.028852 166.025775 166.024621 166.025775 166.028852 166.035777 
166.035392 166.028083 166.024621 166.023851 166.024621 166.028083 166.035392 
166.034623 166.027313 166.023851 166.022697 166.023851 166.027313 166.034623 
166.034238 166.026544 166.022697 166.021928 166.022697 166.026544 166.034238 
166.033469 166.025775 166.021928 166.020774 166.021928 166.025775 166.033469 
166.033469 166.025005 166.020774 166.020004 166.020774 166.025005 166.033469 
166.033469 166.024236 166.020004 166.018850 166.020004 166.024236 166.033469 
166.033469 166.023851 166.019235 166.018081 166.019235 166.023851 166.033469 
166.033853 166.023082 166.018081 166.016927 166.018081 166.023082 166.033853 
166.034238 166.022312 166.017311 166.016157 166.017311 166.022312 166.034238 
166.034623 166.021928 166.016157 166.015003 166.016157 166.021928 166.034623 
166.035007 166.021158 166.015388 166.014234 166.015388 166.021158 166.035007 
166.035777 166.020389 166.014234 166.013080 166.014234 166.020389 166.035777 
166.036931 166.020004 166.013464 166.012310 166.013464 166.020004 166.036931 
166.038470 166.020004 166.012695 166.011156 166.012695 166.020004 166.038470 
166.040008 166.020389 166.011541 166.010387 166.011541 166.020389 166.040008 
0.000000 166.020774 166.010772 166.009233 166.010772 166.020774 0.000000 
0.000000 166.021158 166.010002 166.008463 166.010002 166.021158 0.000000 
0.000000 166.021928 166.009233 166.007309 166.009233 166.021928 0.000000 
0.000000 166.023466 166.008463 166.006540 166.008463 166.023466 0.000000 
0.000000 166.025390 166.007694 166.005386 166.007694 166.025390 0.000000 
0.000000 166.028852 166.006925 166.004616 166.006925 166.028852 0.000000 
0.000000 166.034238 166.006925 166.003462 166.006925 166.034238 0.000000 
0.000000 0.000000 166.007309 166.002693 166.007309 0.000000 0.000000 
0.000000 0.000000 166.008463 166.001539 166.008463 0.000000 0.000000 
0.000000 0.000000 166.013849 166.000769 166.013849 0.000000 0.000000 
0.000000 0.000000 166.034623 166.000000 166.034623 0.000000 0.000000 
