test/output/constant/C4_S060_A000_WD045.0_WS010.0/C4_S060_A000_WD045.0_WS010.0_arrival.asc
ncols         27
nrows         8
xllcorner     424003.990666
yllcorner     12748155.311160
cellsize      100.000000
NODATA_value  0.000000
0.000000 0.000000 0.000000 0.000000 0.000000 0.000000 0.000000 0.000000 0.000000 0.000000 0.000000 0.000000 0.000000 0.000000 0.000000 0.000000 166.039355 166.036816 166.034277 166.031103 166.028564 166.026025 166.024121 166.023486 166.023486 166.026025 166.041260 
0.000000 0.000000 0.000000 0.000000 0.000000 0.000000 0.000000 0.000000 0.000000 166.041260 166.038721 166.036182 166.033008 166.030469 166.027295 166.024756 166.022217 166.019043 166.016504 166.013965 166.010791 166.008887 166.006348 166.004443 166.002539 166.001270 166.000000 
0.000000 0.000000 0.000000 0.000000 0.000000 0.000000 166.040625 166.038086 166.035547 166.033008 166.030469 166.027930 166.025391 166.022852 166.020312 166.018408 166.015869 166.013965 166.012695 166.010791 166.009521 166.007617 166.005713 166.004443 166.003809 166.003809 166.014600 
0.000000 0.000000 0.000000 0.000000 166.039355 166.036816 166.034912 166.032373 166.030469 166.027930 166.026025 166.024121 166.022217 166.020947 166.019043 166.017773 166.015869 166.013965 166.012695 166.011426 166.010791 166.010791 166.010791 166.012695 166.020312 166.039990 0.000000 
0.000000 0.000000 166.039990 166.038086 166.036182 166.034277 166.032373 166.030469 166.028564 166.027295 166.025391 166.024121 166.022217 166.020947 166.019678 166.018408 166.017773 166.017773 166.017773 166.017773 166.019678 166.022852 166.029834 0.000000 0.000000 0.000000 0.000000 
0.000000 166.040625 166.038721 166.036816 166.035547 166.033643 166.032373 166.030469 166.029199 166.027295 166.026660 166.025391 166.024756 166.024121 166.024121 166.024756 166.025391 166.026025 166.028564 166.032373 166.039990 0.000000 0.000000 0.000000 0.000000 0.000000 0.000000 
166.041667 166.039990 166.038721 166.036816 166.035547 166.034912 166.033643 166.032373 166.031738 166.031103 166.031103 166.031103 166.031738 166.032373 166.033008 166.034912 166.038086 0.000000 0.000000 0.000000 0.000000 0.000000 0.000000 0.000000 0.000000 0.000000 0.000000 
0.000000 166.041260 166.040625 166.039355 166.038721 166.038721 166.038086 166.038086 166.038086 166.038721 166.039355 166.039990 0.000000 0.000000 0.000000 0.000000 0.000000 0.000000 0.000000 0.000000 0.000000 0.000000 0.000000 0.000000 0.000000 0.000000 0.000000 
