test/output/constant/M390_S060_A090_WD135.0_WS010.0/M390_S060_A090_WD135.0_WS010.0_intensity.asc
ncols         14
nrows         44
xllcorner     425503.990666
yllcorner     12744555.311160
cellsize      100.000000
NODATA_value  0.000000
0 0 0 0 0 0 0 0 0 0 1846 1846 1239 0 
0 0 0 0 0 0 0 0 0 1301 2183 0 1239 0 
0 0 0 0 0 0 0 0 1846 1846 53072 64431 23499 0 
0 0 0 0 0 0 0 0 2183 2675 56937 64431 18540 14029 
0 0 0 0 0 0 0 2183 1504 6445 64431 44714 14029 18540 
0 0 0 0 0 0 0 43692 43692 43692 64431 39527 34153 23499 
0 0 0 0 0 0 1504 4168 4168 64431 64431 39527 14029 18540 
0 0 0 0 0 0 2183 43692 43692 64431 64431 39527 34153 23499 
0 0 0 0 0 0 43692 6445 53072 64431 64431 39527 34153 18540 
0 0 0 0 0 38462 43692 48612 64431 64431 64431 34153 39527 18540 
0 0 0 0 0 2675 43692 4168 64431 64431 53911 23499 34153 10100 
0 0 0 0 2675 4168 43692 53072 64431 64431 34153 34153 28756 34153 
0 0 0 0 2675 1504 1846 64431 64431 62805 18540 23499 34153 14029 
0 0 0 0 48612 48612 48612 64431 64431 64431 44714 14029 23499 34153 
0 0 0 2183 4168 43692 53072 64431 64431 64431 34153 44714 34153 28756 
0 0 0 4168 43692 43692 64431 64431 64431 34153 34153 14029 39527 34153 
0 0 0 6445 4168 43692 64431 64431 64431 39527 34153 39527 18540 0 
0 0 0 43692 48612 64431 63895 64431 64431 49558 34153 28756 39527 0 
0 0 43692 48612 43692 60089 64431 64431 64431 44714 39527 34153 14029 0 
0 0 43692 43692 43692 56937 64431 64431 64431 34153 34153 34153 34153 0 
0 0 43692 48612 6445 64431 64431 64431 18540 34153 14029 28756 23499 0 
0 0 48612 48612 64431 64431 64431 62805 34153 23499 34153 39527 34153 0 
0 4168 43692 43692 64431 64431 64431 64431 28756 34153 34153 14029 18540 0 
0 43692 4168 62432 62432 64431 64431 64431 44714 39527 60637 34153 0 0 
0 48612 48612 53072 64431 64431 64431 34153 18540 34153 18540 28756 0 0 
0 2675 2675 64431 64431 64431 64431 64431 34153 34153 34153 34153 0 0 
0 43692 64431 64431 62432 64431 64431 49558 23499 39527 44714 39527 0 0 
0 43692 64431 64431 64431 64431 64431 34153 53911 39527 14029 18540 0 0 
43692 43692 64431 64431 64431 64431 64431 39527 34153 34153 39527 0 0 0 
48612 64431 64431 64431 64431 62805 34153 57642 39527 39527 39527 0 0 0 
43692 64431 64431 64431 64431 64431 64431 53911 39527 18540 23499 0 0 0 
48612 64431 64431 64431 64431 57642 49558 39527 23499 23499 0 0 0 0 
64431 64431 64431 64431 64431 64431 53911 49558 28756 34153 0 0 0 0 
4168 64431 64431 64431 64431 64431 34153 39527 62805 39527 0 0 0 0 
62432 64431 64431 64431 64431 39527 44714 39527 34153 0 0 0 0 0 
60089 64431 64431 53072 64431 64431 60637 23499 39527 0 0 0 0 0 
64431 64431 62432 64431 39527 44714 62805 39527 39527 0 0 0 0 0 
64431 64431 64273 64431 62805 64431 34153 39527 0 0 0 0 0 0 
64431 64431 64431 64431 60637 57642 64431 39527 0 0 0 0 0 0 
64431 60089 64431 64431 34153 23499 39527 0 0 0 0 0 0 0 
64431 64431 64273 64431 64431 34153 62805 0 0 0 0 0 0 0 
0 62432 64431 64431 34153 62805 0 0 0 0 0 0 0 0 
0 64431 64431 44714 39527 0 0 0 0 0 0 0 0 0 
0 0 64431 64431 0 0 0 0 0 0 0 0 0 0 
