test/output/constant/M295_S060_A000_WD090.0_WS035.0/M295_S060_A000_WD090.0_WS035.0_arrival.asc
ncols         42
nrows         7
xllcorner     422503.990666
yllcorner     12748455.311160
cellsize      100.000000
NODATA_value  0.000000
0.000000 0.000000 0.000000 0.000000 0.000000 0.000000 0.000000 0.000000 0.000000 0.000000 0.000000 0.000000 166.041667 166.040888 166.040078 166.039674 166.038864 166.038459 166.038459 166.038459 166.038459 166.038864 166.038864 166.039269 166.040078 166.040483 166.041667 0.000000 0.000000 0.000000 0.000000 0.000000 0.000000 0.000000 0.000000 0.000000 0.000000 0.000000 0.000000 0.000000 0.000000 0.000000 
0.000000 0.000000 0.000000 0.000000 166.041293 166.040078 166.039269 166.038459 166.037649 166.036435 166.035625 166.034816 166.033601 166.032791 166.031982 166.031172 166.030362 166.029553 166.028743 166.027933 166.027529 166.026719 166.025909 166.025100 166.024695 166.023885 166.023480 166.023075 166.023075 166.023480 166.023480 166.024290 166.025100 166.026719 166.028338 166.031577 166.035625 0.000000 0.000000 0.000000 0.000000 0.000000 
0.000000 166.041293 166.040078 166.039269 166.038054 166.037245 166.036030 166.035220 166.034006 166.033196 166.031982 166.031172 166.029958 166.029148 166.027933 166.027124 166.025909 166.025100 166.023885 166.023075 166.022266 166.021051 166.020242 166.019432 166.018217 166.017408 166.016193 166.015384 166.014169 166.013359 166.012550 166.011335 166.010526 166.009716 166.009311 166.008501 166.007692 166.008097 166.008501 166.010526 166.017408 0.000000 
166.041293 166.040078 166.039269 166.038054 166.037245 166.036030 166.035220 166.034006 166.033196 166.031982 166.031172 166.029958 166.029148 166.027933 166.027124 166.025909 166.025100 166.023885 166.023075 166.021861 166.021051 166.019837 166.019027 166.017813 166.017003 166.015788 166.014979 166.013764 166.012955 166.011740 166.010930 166.009716 166.008906 166.007692 166.006882 166.005668 166.004858 166.003643 166.002834 166.001619 166.000810 166.000000 
0.000000 166.041293 166.040078 166.039269 166.038054 166.037245 166.036030 166.035220 166.034006 166.033196 166.031982 166.031172 166.029958 166.029148 166.027933 166.027124 166.025909 166.025100 166.023885 166.023075 166.022266 166.021051 166.020242 166.019432 166.018217 166.017408 166.016193 166.015384 166.014169 166.013359 166.012550 166.011335 166.010526 166.009716 166.009311 166.008501 166.007692 166.008097 166.008501 166.010526 166.017408 0.000000 
0.000000 0.000000 0.000000 0.000000 166.041293 166.040078 166.039269 166.038459 166.037649 166.036435 166.035625 166.034816 166.033601 166.032791 166.031982 166.031172 166.030362 166.029553 166.028743 166.027933 166.027529 166.026719 166.025909 166.025100 166.024695 166.023885 166.023480 166.023075 166.023075 166.023480 166.023480 166.024290 166.025100 166.026719 166.028338 166.031577 166.035625 0.000000 0.000000 0.000000 0.000000 0.000000 
0.000000 0.000000 0.000000 0.000000 0.000000 0.000000 0.000000 0.000000 0.000000 0.000000 0.000000 0.000000 166.041667 166.040888 166.040078 166.039674 166.038864 166.038459 166.038459 166.038459 166.038459 166.038864 166.038864 166.039269 166.040078 166.040483 166.041667 0.000000 0.000000 0.000000 0.000000 0.000000 0.000000 0.000000 0.000000 0.000000 0.000000 0.000000 0.000000 0.000000 0.000000 0.000000 
