test/output/constant/M3M470_S060_A090_WD315.0_WS015.0/M3M470_S060_A090_WD315.0_WS015.0_arrival.asc
ncols         13
nrows         44
xllcorner     426503.990666
yllcorner     12744455.311160
cellsize      100.000000
NODATA_value  0.000000
166.040023 166.000000 166.012718 0.000000 0.000000 0.000000 0.000000 0.000000 0.000000 0.000000 0.000000 0.000000 0.000000 
166.028427 166.000748 166.002244 166.033290 0.000000 0.000000 0.000000 0.000000 0.000000 0.000000 0.000000 0.000000 0.000000 
166.026183 166.001496 166.002244 166.016084 0.000000 0.000000 0.000000 0.000000 0.000000 0.000000 0.000000 0.000000 0.000000 
166.026931 166.002618 166.002618 166.008603 166.034038 0.000000 0.000000 0.000000 0.000000 0.000000 0.000000 0.000000 0.000000 
166.028053 166.004114 166.003740 166.006359 166.022817 0.000000 0.000000 0.000000 0.000000 0.000000 0.000000 0.000000 0.000000 
166.030672 166.006359 166.004489 166.005985 166.015710 166.038527 0.000000 0.000000 0.000000 0.000000 0.000000 0.000000 0.000000 
166.032168 166.008603 166.005611 166.005985 166.012343 166.029550 0.000000 0.000000 0.000000 0.000000 0.000000 0.000000 0.000000 
166.034786 166.010847 166.006359 166.006359 166.010847 166.022817 0.000000 0.000000 0.000000 0.000000 0.000000 0.000000 0.000000 
166.037030 166.013092 166.007481 166.007481 166.010099 166.018702 166.036282 0.000000 0.000000 0.000000 0.000000 0.000000 0.000000 
166.039649 166.015710 166.008977 166.008229 166.010099 166.016084 166.029924 0.000000 0.000000 0.000000 0.000000 0.000000 0.000000 
0.000000 166.017954 166.010473 166.009351 166.010099 166.014962 166.025435 0.000000 0.000000 0.000000 0.000000 0.000000 0.000000 
0.000000 166.020572 166.012343 166.010473 166.010473 166.014214 166.022069 166.037030 0.000000 0.000000 0.000000 0.000000 0.000000 
0.000000 166.022817 166.014214 166.011221 166.011221 166.013840 166.020198 166.032168 0.000000 0.000000 0.000000 0.000000 0.000000 
0.000000 166.025435 166.016458 166.012343 166.012343 166.013840 166.019076 166.028427 0.000000 0.000000 0.000000 0.000000 0.000000 
0.000000 166.028053 166.018702 166.013840 166.013466 166.014214 166.018328 166.026183 166.038901 0.000000 0.000000 0.000000 0.000000 
0.000000 166.030298 166.020572 166.015336 166.014214 166.014588 166.017954 166.024313 166.035160 0.000000 0.000000 0.000000 0.000000 
0.000000 166.032916 166.022817 166.016832 166.015336 166.015336 166.017580 166.023191 166.032168 0.000000 0.000000 0.000000 0.000000 
0.000000 166.035534 166.025061 166.018702 166.016084 166.016084 166.017954 166.022443 166.029924 0.000000 0.000000 0.000000 0.000000 
0.000000 166.037778 166.027305 166.020572 166.017206 166.017206 166.018328 166.021695 166.028427 166.038527 0.000000 0.000000 0.000000 
0.000000 166.040397 166.029550 166.022443 166.018702 166.017954 166.018702 166.021695 166.027305 166.035908 0.000000 0.000000 0.000000 
0.000000 0.000000 166.031794 166.024313 166.020198 166.019076 166.019076 166.021695 166.026557 166.033664 0.000000 0.000000 0.000000 
0.000000 0.000000 166.034412 166.026557 166.021695 166.020198 166.020198 166.021695 166.025809 166.032542 0.000000 0.000000 0.000000 
0.000000 0.000000 166.036656 166.028801 166.023191 166.020946 166.020946 166.022069 166.025435 166.031420 166.040023 0.000000 0.000000 
0.000000 0.000000 166.038901 166.030672 166.025061 166.022443 166.022069 166.022443 166.025435 166.030672 166.037778 0.000000 0.000000 
0.000000 0.000000 166.041519 166.032916 166.026931 166.023565 166.022817 166.023191 166.025435 166.029924 166.036656 0.000000 0.000000 
0.000000 0.000000 0.000000 166.034786 166.028427 166.025061 166.023939 166.023939 166.025809 166.029550 166.035534 0.000000 0.000000 
0.000000 0.000000 0.000000 166.037030 166.030298 166.026557 166.025061 166.025061 166.026183 166.029550 166.034786 0.000000 0.000000 
0.000000 0.000000 0.000000 166.039275 166.032542 166.028053 166.026183 166.025809 166.026557 166.029550 166.034038 166.040771 0.000000 
0.000000 0.000000 0.000000 166.041519 166.034412 166.029924 166.027305 166.026931 166.026931 166.029550 166.033664 166.040023 0.000000 
0.000000 0.000000 0.000000 0.000000 166.036656 166.031420 166.028427 166.027679 166.028053 166.029550 166.033290 166.038901 0.000000 
0.000000 0.000000 0.000000 0.000000 166.038901 166.033290 166.029924 166.028801 166.028801 166.030298 166.033290 166.038153 0.000000 
0.000000 0.000000 0.000000 0.000000 166.040771 166.034786 166.031420 166.029924 166.029924 166.030672 166.033290 166.037778 0.000000 
0.000000 0.000000 0.000000 0.000000 0.000000 166.036656 166.032916 166.031046 166.030672 166.031046 166.033664 166.037404 0.000000 
0.000000 0.000000 0.000000 0.000000 0.000000 166.038527 166.034412 166.032168 166.031794 166.031794 166.033664 166.037404 0.000000 
0.000000 0.000000 0.000000 0.000000 0.000000 166.040397 166.036282 166.033290 166.032542 166.032542 166.034038 166.037404 0.000000 
0.000000 0.000000 0.000000 0.000000 0.000000 0.000000 166.037778 166.034786 166.033664 166.033664 166.034412 166.037404 166.041519 
0.000000 0.000000 0.000000 0.000000 0.000000 0.000000 166.039649 166.036282 166.034786 166.034412 166.035160 166.037404 166.041145 
0.000000 0.000000 0.000000 0.000000 0.000000 0.000000 166.041145 166.037778 166.035908 166.035534 166.035534 166.037778 166.041145 
0.000000 0.000000 0.000000 0.000000 0.000000 0.000000 0.000000 166.039275 166.037030 166.036656 166.036656 166.038153 166.041145 
0.000000 0.000000 0.000000 0.000000 0.000000 0.000000 0.000000 166.040771 166.038527 166.037404 166.037404 166.038527 166.041519 
0.000000 0.000000 0.000000 0.000000 0.000000 0.000000 0.000000 0.000000 166.039649 166.038527 166.038527 166.039275 166.041519 
0.000000 0.000000 0.000000 0.000000 0.000000 0.000000 0.000000 0.000000 166.041145 166.039649 166.039275 166.039649 0.000000 
0.000000 0.000000 0.000000 0.000000 0.000000 0.000000 0.000000 0.000000 0.000000 166.040771 166.040397 166.040397 0.000000 
0.000000 0.000000 0.000000 0.000000 0.000000 0.000000 0.000000 0.000000 0.000000 0.000000 166.041519 166.041519 0.000000 
