test/output/constant/M475_S060_A000_WD090.0_WS030.0/M475_S060_A000_WD090.0_WS030.0_arrival.asc
ncols         38
nrows         7
xllcorner     422903.990666
yllcorner     12748455.311160
cellsize      100.000000
NODATA_value  0.000000
0.000000 0.000000 0.000000 0.000000 0.000000 0.000000 0.000000 0.000000 0.000000 0.000000 0.000000 0.000000 0.000000 0.000000 166.041667 166.041667 166.041667 166.041667 0.000000 0.000000 0.000000 0.000000 0.000000 0.000000 0.000000 0.000000 0.000000 0.000000 0.000000 0.000000 0.000000 0.000000 0.000000 0.000000 0.000000 0.000000 0.000000 0.000000 
0.000000 0.000000 0.000000 0.000000 166.041667 166.040835 166.039473 166.038566 166.037659 166.036751 166.035390 166.034483 166.033575 166.032668 166.031760 166.030853 166.030399 166.029492 166.028584 166.028130 166.027223 166.026316 166.025408 166.024954 166.024954 166.024954 166.025408 166.025862 166.026769 166.028130 166.029945 166.033575 166.037205 0.000000 0.000000 0.000000 0.000000 0.000000 
0.000000 166.041667 166.040381 166.039473 166.038112 166.037205 166.035844 166.034936 166.033575 166.032668 166.031306 166.030399 166.029038 166.028130 166.026769 166.025862 166.024954 166.023593 166.022686 166.021325 166.020417 166.019510 166.018149 166.017241 166.015880 166.014973 166.013612 166.012704 166.011797 166.010889 166.009982 166.009528 166.008621 166.008621 166.009074 166.011343 166.016788 0.000000 
166.041667 166.040381 166.039473 166.038112 166.037205 166.035844 166.034936 166.033575 166.032668 166.031306 166.030399 166.029038 166.028130 166.026769 166.025862 166.024501 166.023593 166.022232 166.021325 166.019964 166.019056 166.017695 166.016788 166.015426 166.014519 166.013158 166.012250 166.010889 166.009982 166.008621 166.007713 166.006352 166.005445 166.004083 166.003176 166.001815 166.000907 166.000000 
0.000000 166.041667 166.040381 166.039473 166.038112 166.037205 166.035844 166.034936 166.033575 166.032668 166.031306 166.030399 166.029038 166.028130 166.026769 166.025862 166.024954 166.023593 166.022686 166.021325 166.020417 166.019510 166.018149 166.017241 166.015880 166.014973 166.013612 166.012704 166.011797 166.010889 166.009982 166.009528 166.008621 166.008621 166.009074 166.011343 166.016788 0.000000 
0.000000 0.000000 0.000000 0.000000 166.041667 166.040835 166.039473 166.038566 166.037659 166.036751 166.035390 166.034483 166.033575 166.032668 166.031760 166.030853 166.030399 166.029492 166.028584 166.028130 166.027223 166.026316 166.025408 166.024954 166.024954 166.024954 166.025408 166.025862 166.026769 166.028130 166.029945 166.033575 166.037205 0.000000 0.000000 0.000000 0.000000 0.000000 
0.000000 0.000000 0.000000 0.000000 0.000000 0.000000 0.000000 0.000000 0.000000 0.000000 0.000000 0.000000 0.000000 0.000000 166.041667 166.041667 166.041667 166.041667 0.000000 0.000000 0.000000 0.000000 0.000000 0.000000 0.000000 0.000000 0.000000 0.000000 0.000000 0.000000 0.000000 0.000000 0.000000 0.000000 0.000000 0.000000 0.000000 0.000000 
