test/output/constant/C4_S060_A090_WD000.0_WS050.0/C4_S060_A090_WD000.0_WS050.0_arrival.asc
ncols         7
nrows         44
xllcorner     426303.990666
yllcorner     12744455.311160
cellsize      100.000000
NODATA_value  0.000000
0.000000 0.000000 0.000000 166.000000 0.000000 0.000000 0.000000 
0.000000 0.000000 166.020467 166.000772 166.020467 0.000000 0.000000 
0.000000 0.000000 166.011971 166.001545 166.011971 0.000000 0.000000 
0.000000 0.000000 166.009654 166.002703 166.009654 0.000000 0.000000 
0.000000 0.000000 166.008882 166.003476 166.008882 0.000000 0.000000 
0.000000 0.000000 166.008496 166.004634 166.008496 0.000000 0.000000 
0.000000 166.037072 166.008496 166.005406 166.008496 166.037072 0.000000 
0.000000 166.033211 166.009268 166.006565 166.009268 166.033211 0.000000 
0.000000 166.030894 166.010040 166.007337 166.010040 166.030894 0.000000 
0.000000 166.028577 166.010427 166.008496 166.010427 166.028577 0.000000 
0.000000 166.027032 166.011199 166.009268 166.011199 166.027032 0.000000 
0.000000 166.026260 166.011971 166.010427 166.011971 166.026260 0.000000 
0.000000 166.025487 166.013130 166.011199 166.013130 166.025487 0.000000 
0.000000 166.025101 166.013902 166.012357 166.013902 166.025101 0.000000 
0.000000 166.025101 166.015061 166.013130 166.015061 166.025101 0.000000 
0.000000 166.024715 166.015833 166.014288 166.015833 166.024715 0.000000 
0.000000 166.024715 166.016605 166.015061 166.016605 166.024715 0.000000 
0.000000 166.025101 166.017764 166.016219 166.017764 166.025101 0.000000 
0.000000 166.025873 166.018536 166.016992 166.018536 166.025873 0.000000 
0.000000 166.026260 166.019695 166.018150 166.019695 166.026260 0.000000 
0.000000 166.027032 166.020467 166.018922 166.020467 166.027032 0.000000 
0.000000 166.027804 166.021626 166.020081 166.021626 166.027804 0.000000 
166.041667 166.028191 166.022398 166.020853 166.022398 166.028191 166.041667 
166.041667 166.028963 166.023170 166.022012 166.023170 166.028963 166.041667 
166.041320 166.029735 166.024329 166.022784 166.024329 166.029735 166.041320 
166.041320 166.030508 166.025101 166.023943 166.025101 166.030508 166.041320 
166.041320 166.030894 166.026260 166.024715 166.026260 166.030894 166.041320 
166.041320 166.031666 166.027032 166.025873 166.027032 166.031666 166.041320 
166.041667 166.032438 166.028191 166.026646 166.028191 166.032438 166.041667 
0.000000 166.033211 166.028963 166.027804 166.028963 166.033211 0.000000 
0.000000 166.033983 166.030121 166.028577 166.030121 166.033983 0.000000 
0.000000 166.034755 166.030894 166.029735 166.030894 166.034755 0.000000 
0.000000 166.035914 166.031666 166.030508 166.031666 166.035914 0.000000 
0.000000 166.036686 166.032825 166.031666 166.032825 166.036686 0.000000 
0.000000 166.037459 166.033597 166.032438 166.033597 166.037459 0.000000 
0.000000 166.038617 166.034755 166.033597 166.034755 166.038617 0.000000 
0.000000 166.039389 166.035528 166.034369 166.035528 166.039389 0.000000 
0.000000 166.040162 166.036686 166.035528 166.036686 166.040162 0.000000 
0.000000 166.041320 166.037459 166.036300 166.037459 166.041320 0.000000 
0.000000 0.000000 166.038617 166.037459 166.038617 0.000000 0.000000 
0.000000 0.000000 166.039389 166.038231 166.039389 0.000000 0.000000 
0.000000 0.000000 166.040548 166.039389 166.040548 0.000000 0.000000 
0.000000 0.000000 166.041320 166.040162 166.041320 0.000000 0.000000 
0.000000 0.000000 0.000000 166.041320 0.000000 0.000000 0.000000 
