test/output/constant/M3M400_S060_A000_WD000.0_WS010.0/M3M400_S060_A000_WD000.0_WS010.0_ros.asc
ncols         58
nrows         19
xllcorner     420903.990666
yllcorner     12747155.311160
cellsize      100.000000
NODATA_value  0.000000
0.000000 0.000000 0.000000 0.000000 0.000000 0.000000 0.000000 0.000000 0.000000 0.000000 0.000000 0.000000 0.000000 0.000000 0.000000 0.000000 0.000000 0.000000 0.000000 0.000000 0.000000 0.000000 0.000000 0.000000 0.000000 0.000000 0.000000 0.000000 0.000000 0.000000 0.000000 0.000000 0.000000 0.000000 0.000000 0.000000 0.000000 0.000000 0.000000 0.000000 0.000000 0.000000 0.000000 0.000000 0.000000 0.000000 0.000000 0.000000 0.000000 0.000000 0.000000 0.000000 0.000000 20.691452 0.000000 0.000000 0.000000 0.000000 
0.000000 0.000000 0.000000 0.000000 0.000000 0.000000 0.000000 0.000000 0.000000 0.000000 0.000000 0.000000 0.000000 0.000000 0.000000 0.000000 0.000000 0.000000 0.000000 0.000000 0.000000 0.000000 0.000000 0.000000 0.000000 0.000000 0.000000 0.000000 0.000000 0.000000 0.000000 0.000000 0.000000 0.000000 0.000000 0.000000 0.000000 0.000000 0.000000 20.691452 43.727703 35.524544 20.691452 43.727703 35.524544 35.524544 35.524544 20.691452 35.524544 43.727703 27.767502 35.524544 20.691452 20.691452 35.524544 20.691452 20.691452 1.062169 
0.000000 0.000000 0.000000 0.000000 0.000000 0.000000 0.000000 0.000000 0.000000 0.000000 0.000000 0.000000 0.000000 0.000000 0.000000 0.000000 0.000000 0.000000 0.000000 0.000000 0.000000 0.000000 0.000000 0.000000 0.000000 0.000000 0.000000 0.000000 0.000000 0.000000 0.000000 35.524544 20.691452 43.727703 35.524544 35.524544 43.727703 20.691452 35.524544 35.524544 27.767502 35.524544 14.510248 27.767502 35.524544 20.691452 27.767502 43.727703 35.524544 35.524544 27.767502 27.767502 43.727703 35.524544 92.950180 98.516449 98.516449 0.000000 
0.000000 0.000000 0.000000 0.000000 0.000000 0.000000 0.000000 0.000000 0.000000 0.000000 0.000000 0.000000 0.000000 0.000000 0.000000 0.000000 0.000000 0.000000 0.000000 0.000000 0.000000 0.000000 0.000000 0.000000 0.000000 0.000000 0.000000 43.727703 43.727703 20.691452 27.767502 35.524544 43.727703 43.727703 35.524544 14.510248 20.691452 27.767502 35.524544 35.524544 60.471745 27.767502 43.727703 27.767502 35.524544 27.767502 82.681320 27.767502 43.727703 35.524544 88.394646 98.516449 98.516449 98.516449 98.516449 98.318687 81.539833 0.852417 
0.000000 0.000000 0.000000 0.000000 0.000000 0.000000 0.000000 0.000000 0.000000 0.000000 0.000000 0.000000 0.000000 0.000000 0.000000 0.000000 0.000000 0.000000 0.000000 0.000000 0.000000 0.000000 0.000000 43.727703 35.524544 43.727703 43.727703 43.727703 43.727703 43.727703 43.727703 27.767502 43.727703 27.767502 35.524544 27.767502 35.524544 27.767502 43.727703 43.727703 43.727703 75.983589 35.524544 92.950180 27.767502 98.516449 68.504738 98.516449 98.516449 98.516449 98.516449 98.516449 81.539833 74.689156 5.161050 5.161050 1.522273 1.115673 
0.000000 0.000000 0.000000 0.000000 0.000000 0.000000 0.000000 0.000000 0.000000 0.000000 0.000000 0.000000 0.000000 0.000000 0.000000 0.000000 0.000000 0.000000 0.000000 0.000000 68.504738 27.767502 35.524544 27.767502 43.727703 75.983589 43.727703 92.950180 35.524544 43.727703 35.524544 35.524544 27.767502 60.471745 35.524544 35.524544 14.510248 35.524544 35.524544 43.727703 96.209694 88.394646 98.516449 98.516449 98.516449 98.516449 98.516449 98.516449 98.516449 98.318687 81.539833 67.098816 2.019786 2.819099 1.522273 1.115673 0.000000 0.000000 
0.000000 0.000000 0.000000 0.000000 0.000000 0.000000 0.000000 0.000000 0.000000 0.000000 0.000000 0.000000 0.000000 0.000000 0.000000 0.000000 0.000000 35.524544 14.510248 82.681320 43.727703 43.727703 43.727703 27.767502 43.727703 43.727703 43.727703 52.128357 27.767502 43.727703 35.524544 82.681320 35.524544 27.767502 68.504738 43.727703 88.394646 98.516449 82.681320 98.516449 98.516449 98.516449 98.516449 98.516449 98.516449 98.516449 81.539833 5.161050 67.098816 67.098816 67.098816 5.161050 67.098816 2.019786 1.115673 0.000000 0.000000 0.000000 
0.000000 0.000000 0.000000 0.000000 0.000000 0.000000 0.000000 0.000000 0.000000 0.000000 0.000000 0.000000 0.000000 0.000000 43.727703 82.681320 43.727703 43.727703 20.691452 82.681320 20.691452 35.524544 82.681320 20.691452 35.524544 35.524544 82.681320 35.524544 35.524544 35.524544 98.516449 43.727703 35.524544 98.516449 98.516449 98.516449 98.516449 98.516449 98.516449 95.719856 98.516449 98.516449 92.217590 81.539833 67.098816 5.161050 5.161050 67.098816 1.115673 2.019786 67.098816 2.019786 1.522273 0.000000 0.000000 0.000000 0.000000 0.000000 
0.000000 0.000000 0.000000 0.000000 0.000000 0.000000 0.000000 0.000000 0.000000 0.000000 0.000000 43.727703 43.727703 52.128357 75.983589 35.524544 35.524544 88.394646 43.727703 75.983589 20.691452 43.727703 43.727703 68.504738 75.983589 43.727703 98.074318 98.516449 92.950180 88.394646 98.516449 98.516449 98.516449 98.516449 98.516449 98.516449 98.516449 98.516449 98.516449 81.539833 74.689156 67.098816 67.098816 67.098816 67.098816 2.819099 67.098816 67.098816 2.019786 67.098816 2.819099 0.000000 0.000000 0.000000 0.000000 0.000000 0.000000 0.000000 
0.000000 0.000000 0.000000 0.000000 0.000000 0.000000 0.000000 0.000000 0.000000 35.524544 43.727703 88.394646 20.691452 88.394646 14.510248 52.128357 43.727703 43.727703 35.524544 43.727703 60.471745 35.524544 88.394646 92.950180 98.516449 98.516449 98.516449 98.516449 98.516449 98.516449 98.516449 98.516449 98.516449 92.217590 95.719856 74.689156 81.539833 2.819099 67.098816 2.019786 5.161050 67.098816 2.819099 67.098816 5.161050 2.019786 67.098816 1.115673 0.000000 0.000000 0.000000 0.000000 0.000000 0.000000 0.000000 0.000000 0.000000 0.000000 
0.000000 0.000000 0.000000 0.000000 0.000000 0.000000 75.983589 43.727703 75.983589 98.516449 43.727703 35.524544 82.681320 27.767502 60.471745 43.727703 98.516449 98.516449 43.727703 27.767502 35.524544 52.128357 98.516449 98.516449 98.516449 98.516449 98.516449 98.516449 98.516449 98.516449 98.516449 81.539833 98.516449 74.689156 81.539833 67.098816 67.098816 67.098816 67.098816 5.161050 8.782124 8.782124 67.098816 1.522273 2.019786 67.098816 0.000000 0.000000 0.000000 0.000000 0.000000 0.000000 0.000000 0.000000 0.000000 0.000000 0.000000 0.000000 
0.000000 0.000000 0.000000 0.000000 0.000000 88.394646 43.727703 60.471745 35.524544 88.394646 60.471745 98.516449 82.681320 98.434837 98.516449 92.950180 98.516449 98.516449 98.516449 98.516449 98.516449 98.516449 98.516449 95.719856 98.516449 98.516449 98.516449 81.539833 98.516449 74.689156 81.539833 81.539833 74.689156 74.689156 5.161050 67.098816 2.819099 5.161050 67.098816 67.098816 5.161050 67.098816 5.161050 0.000000 0.000000 0.000000 0.000000 0.000000 0.000000 0.000000 0.000000 0.000000 0.000000 0.000000 0.000000 0.000000 0.000000 0.000000 
0.000000 0.000000 0.000000 35.524544 52.128357 35.524544 88.394646 35.524544 35.524544 82.681320 88.394646 98.516449 35.524544 98.516449 98.516449 98.516449 98.516449 98.516449 98.516449 98.516449 98.516449 98.318687 98.516449 98.516449 98.516449 98.516449 95.719856 81.539833 81.539833 67.098816 8.782124 67.098816 67.098816 5.161050 74.689156 67.098816 74.689156 8.782124 74.689156 2.819099 0.000000 0.000000 0.000000 0.000000 0.000000 0.000000 0.000000 0.000000 0.000000 0.000000 0.000000 0.000000 0.000000 0.000000 0.000000 0.000000 0.000000 0.000000 
0.000000 35.524544 60.471745 98.516449 98.516449 35.524544 35.524544 98.516449 98.516449 98.516449 98.434837 98.516449 98.516449 98.516449 98.516449 98.516449 98.516449 98.516449 98.516449 95.719856 87.442497 98.516449 97.842720 74.689156 81.539833 81.539833 67.098816 67.098816 8.782124 5.161050 67.098816 67.098816 67.098816 74.689156 67.098816 74.689156 67.098816 0.000000 0.000000 0.000000 0.000000 0.000000 0.000000 0.000000 0.000000 0.000000 0.000000 0.000000 0.000000 0.000000 0.000000 0.000000 0.000000 0.000000 0.000000 0.000000 0.000000 0.000000 
82.681320 98.516449 60.471745 98.516449 96.209694 98.516449 98.516449 98.516449 98.516449 98.516449 98.516449 98.516449 98.516449 98.516449 98.516449 98.516449 98.516449 98.318687 74.689156 92.217590 81.539833 81.539833 5.161050 5.161050 67.098816 67.098816 74.689156 67.098816 67.098816 74.689156 67.098816 5.161050 67.098816 67.098816 0.000000 0.000000 0.000000 0.000000 0.000000 0.000000 0.000000 0.000000 0.000000 0.000000 0.000000 0.000000 0.000000 0.000000 0.000000 0.000000 0.000000 0.000000 0.000000 0.000000 0.000000 0.000000 0.000000 0.000000 
82.681320 52.128357 98.516449 98.516449 98.516449 98.516449 98.516449 98.516449 98.516449 98.318687 98.516449 98.516449 98.516449 92.217590 74.689156 87.442497 81.539833 74.689156 81.539833 81.539833 67.098816 74.689156 67.098816 5.161050 67.098816 67.098816 67.098816 67.098816 67.098816 74.689156 0.000000 0.000000 0.000000 0.000000 0.000000 0.000000 0.000000 0.000000 0.000000 0.000000 0.000000 0.000000 0.000000 0.000000 0.000000 0.000000 0.000000 0.000000 0.000000 0.000000 0.000000 0.000000 0.000000 0.000000 0.000000 0.000000 0.000000 0.000000 
98.516449 98.516449 98.516449 98.516449 98.516449 98.516449 98.516449 97.842720 98.516449 92.217590 74.689156 95.719856 81.539833 92.217590 81.539833 81.539833 81.539833 67.098816 74.689156 74.689156 67.098816 67.098816 5.161050 74.689156 5.161050 0.000000 0.000000 0.000000 0.000000 0.000000 0.000000 0.000000 0.000000 0.000000 0.000000 0.000000 0.000000 0.000000 0.000000 0.000000 0.000000 0.000000 0.000000 0.000000 0.000000 0.000000 0.000000 0.000000 0.000000 0.000000 0.000000 0.000000 0.000000 0.000000 0.000000 0.000000 0.000000 0.000000 
97.842720 98.516449 98.516449 98.516449 98.516449 98.516449 81.539833 97.842720 74.689156 95.719856 87.442497 81.539833 81.539833 81.539833 5.161050 1.522273 67.098816 74.689156 5.161050 67.098816 0.000000 0.000000 0.000000 0.000000 0.000000 0.000000 0.000000 0.000000 0.000000 0.000000 0.000000 0.000000 0.000000 0.000000 0.000000 0.000000 0.000000 0.000000 0.000000 0.000000 0.000000 0.000000 0.000000 0.000000 0.000000 0.000000 0.000000 0.000000 0.000000 0.000000 0.000000 0.000000 0.000000 0.000000 0.000000 0.000000 0.000000 0.000000 
0.000000 0.000000 0.000000 0.000000 97.842720 98.318687 81.539833 97.842720 81.539833 81.539833 67.098816 0.000000 0.000000 0.000000 0.000000 0.000000 0.000000 0.000000 0.000000 0.000000 0.000000 0.000000 0.000000 0.000000 0.000000 0.000000 0.000000 0.000000 0.000000 0.000000 0.000000 0.000000 0.000000 0.000000 0.000000 0.000000 0.000000 0.000000 0.000000 0.000000 0.000000 0.000000 0.000000 0.000000 0.000000 0.000000 0.000000 0.000000 0.000000 0.000000 0.000000 0.000000 0.000000 0.000000 0.000000 0.000000 0.000000 0.000000 
