test/output/constant/M490_S000_A180_WD000.0_WS040.0/M490_S000_A180_WD000.0_WS040.0_arrival.asc
ncols         7
nrows         35
xllcorner     426303.990666
yllcorner     12745355.311160
cellsize      100.000000
NODATA_value  0.000000
0.000000 0.000000 166.019412 166.000000 166.019412 0.000000 0.000000 
0.000000 0.000000 166.009221 166.000971 166.009221 0.000000 0.000000 
0.000000 166.036397 166.006794 166.001941 166.006794 166.036397 0.000000 
0.000000 166.028632 166.006794 166.003397 166.006794 166.028632 0.000000 
0.000000 166.024265 166.006794 166.004368 166.006794 166.024265 0.000000 
0.000000 166.021353 166.007765 166.005824 166.007765 166.021353 0.000000 
0.000000 166.020382 166.008250 166.006794 166.008250 166.020382 0.000000 
166.039309 166.019412 166.009706 166.008250 166.009706 166.019412 166.039309 
166.036882 166.019412 166.010676 166.009221 166.010676 166.019412 166.036882 
166.034941 166.019412 166.011647 166.010676 166.011647 166.019412 166.034941 
166.033971 166.019412 166.013103 166.011647 166.013103 166.019412 166.033971 
166.033000 166.019897 166.014074 166.013103 166.014074 166.019897 166.033000 
166.032515 166.020382 166.015044 166.014074 166.015044 166.020382 166.032515 
166.032029 166.021353 166.016500 166.015529 166.016500 166.021353 166.032029 
166.032029 166.022324 166.017471 166.016500 166.017471 166.022324 166.032029 
166.032029 166.023294 166.018926 166.017956 166.018926 166.023294 166.032029 
166.032029 166.023779 166.019897 166.018926 166.019897 166.023779 166.032029 
166.032029 166.024750 166.021353 166.020382 166.021353 166.024750 166.032029 
166.033000 166.025721 166.022324 166.021353 166.022324 166.025721 166.033000 
166.033485 166.026691 166.023294 166.022809 166.023294 166.026691 166.033485 
166.034456 166.027662 166.024750 166.023779 166.024750 166.027662 166.034456 
166.034941 166.029118 166.025721 166.025235 166.025721 166.029118 166.034941 
166.035912 166.030088 166.027176 166.026206 166.027176 166.030088 166.035912 
166.036882 166.031059 166.028147 166.027662 166.028147 166.031059 166.036882 
166.037853 166.032029 166.029603 166.028632 166.029603 166.032029 166.037853 
166.038338 166.033485 166.030574 166.030088 166.030574 166.033485 166.038338 
166.039309 166.034456 166.031544 166.031059 166.031544 166.034456 166.039309 
166.040279 166.035426 166.033000 166.032515 166.033000 166.035426 166.040279 
166.041250 166.036882 166.033971 166.033485 166.033971 166.036882 166.041250 
0.000000 166.037853 166.035426 166.034941 166.035426 166.037853 0.000000 
0.000000 166.038824 166.036397 166.035912 166.036397 166.038824 0.000000 
0.000000 166.040279 166.037853 166.037368 166.037853 166.040279 0.000000 
0.000000 166.041250 166.038824 166.038338 166.038824 166.041250 0.000000 
0.000000 0.000000 166.040279 166.039794 166.040279 0.000000 0.000000 
0.000000 0.000000 166.041250 166.040765 166.041250 0.000000 0.000000 
