test/output/constant/M3M470_S060_A000_WD090.0_WS045.0/M3M470_S060_A000_WD090.0_WS045.0_arrival.asc
ncols         48
nrows         7
xllcorner     421903.990666
yllcorner     12748455.311160
cellsize      100.000000
NODATA_value  0.000000
0.000000 0.000000 0.000000 0.000000 0.000000 0.000000 0.000000 0.000000 0.000000 0.000000 0.000000 0.000000 0.000000 166.041667 166.041081 166.040730 166.040028 166.039326 166.038974 166.038272 166.037921 166.037921 166.037921 166.038272 166.038272 166.038623 166.038974 166.039326 166.040028 166.040730 166.041667 0.000000 0.000000 0.000000 0.000000 0.000000 0.000000 0.000000 0.000000 0.000000 0.000000 0.000000 0.000000 0.000000 0.000000 0.000000 0.000000 0.000000 
0.000000 0.000000 0.000000 0.000000 166.041432 166.040730 166.040028 166.039326 166.038272 166.037570 166.036868 166.035814 166.035112 166.034410 166.033356 166.032654 166.031952 166.031250 166.030547 166.029845 166.029143 166.028441 166.027739 166.027036 166.026685 166.025983 166.025281 166.024930 166.024227 166.023525 166.023174 166.022823 166.022823 166.023174 166.023525 166.023876 166.024227 166.025281 166.026334 166.028792 166.031250 166.034410 166.040028 0.000000 0.000000 0.000000 0.000000 0.000000 
0.000000 166.041081 166.040379 166.039326 166.038623 166.037570 166.036868 166.035814 166.035112 166.034059 166.033356 166.032303 166.031601 166.030547 166.029845 166.028792 166.028090 166.027387 166.026334 166.025632 166.024578 166.023876 166.022823 166.022121 166.021418 166.020365 166.019663 166.018609 166.017907 166.016854 166.016152 166.015449 166.014396 166.013694 166.012640 166.011938 166.011236 166.010534 166.009831 166.009129 166.008427 166.007725 166.007725 166.008076 166.009129 166.011236 166.019312 0.000000 
166.041081 166.040028 166.039326 166.038272 166.037570 166.036517 166.035814 166.034761 166.034059 166.033005 166.032303 166.031250 166.030547 166.029494 166.028792 166.027739 166.027036 166.025983 166.025281 166.024227 166.023525 166.022472 166.021769 166.020716 166.020014 166.018961 166.018258 166.017205 166.016503 166.015449 166.014747 166.013694 166.012991 166.011938 166.011236 166.010182 166.009480 166.008427 166.007725 166.006671 166.005969 166.004916 166.004213 166.003160 166.002458 166.001404 166.000702 166.000000 
0.000000 166.041081 166.040379 166.039326 166.038623 166.037570 166.036868 166.035814 166.035112 166.034059 166.033356 166.032303 166.031601 166.030547 166.029845 166.028792 166.028090 166.027387 166.026334 166.025632 166.024578 166.023876 166.022823 166.022121 166.021418 166.020365 166.019663 166.018609 166.017907 166.016854 166.016152 166.015449 166.014396 166.013694 166.012640 166.011938 166.011236 166.010534 166.009831 166.009129 166.008427 166.007725 166.007725 166.008076 166.009129 166.011236 166.019312 0.000000 
0.000000 0.000000 0.000000 0.000000 166.041432 166.040730 166.040028 166.039326 166.038272 166.037570 166.036868 166.035814 166.035112 166.034410 166.033356 166.032654 166.031952 166.031250 166.030547 166.029845 166.029143 166.028441 166.027739 166.027036 166.026685 166.025983 166.025281 166.024930 166.024227 166.023525 166.023174 166.022823 166.022823 166.023174 166.023525 166.023876 166.024227 166.025281 166.026334 166.028792 166.031250 166.034410 166.040028 0.000000 0.000000 0.000000 0.000000 0.000000 
0.000000 0.000000 0.000000 0.000000 0.000000 0.000000 0.000000 0.000000 0.000000 0.000000 0.000000 0.000000 0.000000 166.041667 166.041081 166.040730 166.040028 166.039326 166.038974 166.038272 166.037921 166.037921 166.037921 166.038272 166.038272 166.038623 166.038974 166.039326 166.040028 166.040730 166.041667 0.000000 0.000000 0.000000 0.000000 0.000000 0.000000 0.000000 0.000000 0.000000 0.000000 0.000000 0.000000 0.000000 0.000000 0.000000 0.000000 0.000000 
