test/output/constant/M285_S060_A090_WD000.0_WS030.0/M285_S060_A090_WD000.0_WS030.0_arrival.asc
ncols         7
nrows         37
xllcorner     426303.990666
yllcorner     12745155.311160
cellsize      100.000000
NODATA_value  0.000000
0.000000 0.000000 0.000000 166.000000 0.000000 0.000000 0.000000 
0.000000 0.000000 166.017008 166.000919 166.017008 0.000000 0.000000 
0.000000 0.000000 166.010572 166.001839 166.010572 0.000000 0.000000 
0.000000 0.000000 166.008734 166.003218 166.008734 0.000000 0.000000 
0.000000 0.000000 166.008274 166.004137 166.008274 0.000000 0.000000 
0.000000 166.036773 166.008734 166.005516 166.008734 166.036773 0.000000 
0.000000 166.031717 166.009193 166.006435 166.009193 166.031717 0.000000 
0.000000 166.029419 166.010113 166.007814 166.010113 166.029419 0.000000 
0.000000 166.027580 166.011032 166.008734 166.011032 166.027580 0.000000 
0.000000 166.026201 166.011951 166.010113 166.011951 166.026201 0.000000 
0.000000 166.025741 166.012871 166.011032 166.012871 166.025741 0.000000 
0.000000 166.025282 166.013790 166.012411 166.013790 166.025282 0.000000 
0.000000 166.024822 166.015169 166.013330 166.015169 166.024822 0.000000 
0.000000 166.024822 166.016088 166.014709 166.016088 166.024822 0.000000 
0.000000 166.024822 166.017467 166.015629 166.017467 166.024822 0.000000 
0.000000 166.025741 166.018387 166.017008 166.018387 166.025741 0.000000 
0.000000 166.026661 166.019306 166.017927 166.019306 166.026661 0.000000 
0.000000 166.027120 166.020685 166.019306 166.020685 166.027120 0.000000 
0.000000 166.028040 166.021604 166.020225 166.021604 166.028040 0.000000 
166.041370 166.028959 166.022983 166.021604 166.022983 166.028959 166.041370 
166.041370 166.029419 166.023903 166.022524 166.023903 166.029419 166.041370 
166.041370 166.030338 166.025282 166.023903 166.025282 166.030338 166.041370 
166.041370 166.031257 166.026201 166.024822 166.026201 166.031257 166.041370 
166.041370 166.032177 166.027580 166.026201 166.027580 166.032177 166.041370 
0.000000 166.033096 166.028499 166.027120 166.028499 166.033096 0.000000 
0.000000 166.034015 166.029419 166.028499 166.029419 166.034015 0.000000 
0.000000 166.034934 166.030798 166.029419 166.030798 166.034934 0.000000 
0.000000 166.035854 166.031717 166.030798 166.031717 166.035854 0.000000 
0.000000 166.036773 166.033096 166.031717 166.033096 166.036773 0.000000 
0.000000 166.038152 166.034015 166.033096 166.034015 166.038152 0.000000 
0.000000 166.039071 166.035394 166.034015 166.035394 166.039071 0.000000 
0.000000 166.039991 166.036313 166.035394 166.036313 166.039991 0.000000 
0.000000 166.041370 166.037692 166.036313 166.037692 166.041370 0.000000 
0.000000 0.000000 166.038612 166.037692 166.038612 0.000000 0.000000 
0.000000 0.000000 166.039991 166.038612 166.039991 0.000000 0.000000 
0.000000 0.000000 166.040910 166.039991 166.040910 0.000000 0.000000 
0.000000 0.000000 0.000000 166.040910 0.000000 0.000000 0.000000 
