test/output/constant/M3M490_S060_A270_WD000.0_WS000.0/M3M490_S060_A270_WD000.0_WS000.0_arrival.asc
ncols         11
nrows         51
xllcorner     426103.990666
yllcorner     12748655.311160
cellsize      100.000000
NODATA_value  0.000000
0.000000 0.000000 0.000000 0.000000 0.000000 166.041667 0.000000 0.000000 0.000000 0.000000 0.000000 
0.000000 0.000000 0.000000 0.000000 166.041038 166.040696 166.041038 0.000000 0.000000 0.000000 0.000000 
0.000000 0.000000 0.000000 166.041379 166.040012 166.040012 166.040012 166.041379 0.000000 0.000000 0.000000 
0.000000 0.000000 0.000000 166.040696 166.039328 166.038986 166.039328 166.040696 0.000000 0.000000 0.000000 
0.000000 0.000000 166.041667 166.039670 166.038302 166.038302 166.038302 166.039670 166.041667 0.000000 0.000000 
0.000000 0.000000 166.041038 166.038986 166.037618 166.037276 166.037618 166.038986 166.041038 0.000000 0.000000 
0.000000 0.000000 166.040012 166.037960 166.036592 166.036592 166.036592 166.037960 166.040012 0.000000 0.000000 
0.000000 0.000000 166.039328 166.037276 166.035908 166.035566 166.035908 166.037276 166.039328 0.000000 0.000000 
0.000000 166.041379 166.038644 166.036592 166.034882 166.034882 166.034882 166.036592 166.038644 166.041379 0.000000 
0.000000 166.041038 166.037960 166.035566 166.034198 166.033856 166.034198 166.035566 166.037960 166.041038 0.000000 
0.000000 166.040354 166.036934 166.034882 166.033172 166.033172 166.033172 166.034882 166.036934 166.040354 0.000000 
0.000000 166.039670 166.036250 166.033856 166.032488 166.032146 166.032488 166.033856 166.036250 166.039670 0.000000 
0.000000 166.038986 166.035566 166.033172 166.031462 166.031462 166.031462 166.033172 166.035566 166.038986 0.000000 
0.000000 166.038302 166.034540 166.032146 166.030778 166.030436 166.030778 166.032146 166.034540 166.038302 0.000000 
0.000000 166.037618 166.033856 166.031462 166.029752 166.029752 166.029752 166.031462 166.033856 166.037618 0.000000 
0.000000 166.037276 166.033172 166.030778 166.029068 166.028726 166.029068 166.030778 166.033172 166.037276 0.000000 
166.041667 166.036592 166.032488 166.029752 166.028384 166.028042 166.028384 166.029752 166.032488 166.036592 166.041667 
166.041038 166.035908 166.031462 166.029068 166.027358 166.027016 166.027358 166.029068 166.031462 166.035908 166.041038 
166.040354 166.035224 166.030778 166.028042 166.026674 166.026332 166.026674 166.028042 166.030778 166.035224 166.040354 
166.040012 166.034882 166.030094 166.027358 166.025648 166.025306 166.025648 166.027358 166.030094 166.034882 166.040012 
166.039670 166.034198 166.029410 166.026674 166.024964 166.024623 166.024964 166.026674 166.029410 166.034198 166.039670 
166.039670 166.033514 166.028726 166.025648 166.023939 166.023597 166.023939 166.025648 166.028726 166.033514 166.039670 
166.039670 166.033172 166.028042 166.024964 166.023255 166.022913 166.023255 166.024964 166.028042 166.033172 166.039670 
166.039670 166.032488 166.027700 166.024281 166.022229 166.021887 166.022229 166.024281 166.027700 166.032488 166.039670 
166.039670 166.032146 166.027016 166.023255 166.021545 166.021203 166.021545 166.023255 166.027016 166.032146 166.039670 
166.039670 166.031462 166.026332 166.022571 166.020519 166.020177 166.020519 166.022571 166.026332 166.031462 166.039670 
166.040012 166.031120 166.025648 166.021887 166.019835 166.019493 166.019835 166.021887 166.025648 166.031120 166.040012 
166.040354 166.031120 166.025306 166.021203 166.019151 166.018467 166.019151 166.021203 166.025306 166.031120 166.040354 
166.040354 166.030778 166.024623 166.020177 166.018125 166.017783 166.018125 166.020177 166.024623 166.030778 166.040354 
166.040696 166.031120 166.023939 166.019493 166.017441 166.016757 166.017441 166.019493 166.023939 166.031120 166.040696 
166.041379 166.031120 166.023597 166.018809 166.016415 166.016073 166.016415 166.018809 166.023597 166.031120 166.041379 
0.000000 166.031120 166.022913 166.018125 166.015731 166.015047 166.015731 166.018125 166.022913 166.031120 0.000000 
0.000000 166.031462 166.022229 166.017441 166.014705 166.014363 166.014705 166.017441 166.022229 166.031462 0.000000 
0.000000 166.031462 166.022229 166.016757 166.014021 166.013337 166.014021 166.016757 166.022229 166.031462 0.000000 
0.000000 166.032146 166.022229 166.016073 166.013337 166.012653 166.013337 166.016073 166.022229 166.032146 0.000000 
0.000000 166.032488 166.022229 166.015389 166.012311 166.011627 166.012311 166.015389 166.022229 166.032488 0.000000 
0.000000 166.033514 166.022229 166.015047 166.011627 166.010943 166.011627 166.015047 166.022229 166.033514 0.000000 
0.000000 166.034540 166.022571 166.014363 166.010601 166.009917 166.010601 166.014363 166.022571 166.034540 0.000000 
0.000000 166.036250 166.022571 166.013679 166.009917 166.009233 166.009917 166.013679 166.022571 166.036250 0.000000 
0.000000 166.037960 166.023255 166.013337 166.008891 166.008208 166.008891 166.013337 166.023255 166.037960 0.000000 
0.000000 166.040354 166.024281 166.013337 166.008208 166.007524 166.008208 166.013337 166.024281 166.040354 0.000000 
0.000000 0.000000 166.025306 166.013337 166.007524 166.006498 166.007524 166.013337 166.025306 0.000000 0.000000 
0.000000 0.000000 166.027358 166.013679 166.006498 166.005814 166.006498 166.013679 166.027358 0.000000 0.000000 
0.000000 0.000000 166.029752 166.014021 166.005814 166.004788 166.005814 166.014021 166.029752 0.000000 0.000000 
0.000000 0.000000 166.033172 166.015047 166.005472 166.004104 166.005472 166.015047 166.033172 0.000000 0.000000 
0.000000 0.000000 166.039328 166.016757 166.004788 166.003078 166.004788 166.016757 166.039328 0.000000 0.000000 
0.000000 0.000000 0.000000 166.019493 166.004446 166.002394 166.004446 166.019493 0.000000 0.000000 0.000000 
0.000000 0.000000 0.000000 166.025648 166.004788 166.001368 166.004788 166.025648 0.000000 0.000000 0.000000 
0.000000 0.000000 0.000000 166.036250 166.006156 166.000684 166.006156 166.036250 0.000000 0.000000 0.000000 
0.000000 0.000000 0.000000 0.000000 166.013679 166.000000 166.013679 0.000000 0.000000 0.000000 0.000000 
0.000000 0.000000 0.000000 0.000000 0.000000 166.038986 0.000000 0.000000 0.000000 0.000000 0.000000 
