test/output/constant/M380_S060_A000_WD225.0_WS050.0/M380_S060_A000_WD225.0_WS050.0_arrival.asc
ncols         9
nrows         37
xllcorner     426003.990666
yllcorner     12748655.311160
cellsize      100.000000
NODATA_value  0.000000
0.000000 0.000000 166.040950 166.040950 166.041351 0.000000 0.000000 0.000000 0.000000 
0.000000 166.041351 166.039746 166.039746 166.040147 166.041351 0.000000 0.000000 0.000000 
0.000000 166.040548 166.038943 166.038541 166.038943 166.040147 0.000000 0.000000 0.000000 
0.000000 166.039746 166.037738 166.037337 166.037738 166.038943 166.041667 0.000000 0.000000 
0.000000 166.038943 166.036534 166.036132 166.036534 166.037337 166.040147 0.000000 0.000000 
166.041351 166.037738 166.035731 166.034928 166.035329 166.036132 166.038943 0.000000 0.000000 
166.040950 166.037337 166.034526 166.033723 166.034125 166.034928 166.037337 0.000000 0.000000 
166.040548 166.036132 166.033723 166.032519 166.032921 166.033322 166.036132 166.040548 0.000000 
166.040147 166.035731 166.032519 166.031716 166.031716 166.032118 166.034928 166.039344 0.000000 
166.039746 166.034928 166.031716 166.030512 166.030512 166.030913 166.033322 166.038140 0.000000 
166.039344 166.034125 166.030913 166.029307 166.029307 166.029709 166.032118 166.036534 0.000000 
166.038943 166.033723 166.030110 166.028103 166.028103 166.028504 166.030512 166.035329 0.000000 
166.039344 166.033322 166.029307 166.026899 166.026899 166.027300 166.029307 166.033723 166.040950 
166.039344 166.032519 166.028504 166.026096 166.025694 166.026096 166.028103 166.032519 166.039746 
166.039746 166.032118 166.027701 166.024891 166.024490 166.024490 166.026497 166.031315 166.038541 
166.040147 166.032118 166.026899 166.024088 166.023285 166.023285 166.025293 166.029709 166.037337 
166.040548 166.032118 166.026497 166.022884 166.022081 166.022081 166.023687 166.028504 166.036132 
166.041351 166.032118 166.025694 166.022081 166.020876 166.020876 166.022482 166.026899 166.034928 
0.000000 166.032519 166.025293 166.021278 166.019672 166.019672 166.021278 166.025694 166.033723 
0.000000 166.032921 166.024891 166.020475 166.018468 166.018468 166.019672 166.024088 166.032921 
0.000000 166.033723 166.024891 166.019672 166.017263 166.017263 166.018468 166.022884 166.032118 
0.000000 166.034526 166.024891 166.019271 166.016460 166.016059 166.016862 166.021679 166.031315 
0.000000 166.035329 166.025293 166.018468 166.015256 166.014854 166.015657 166.020074 166.030512 
0.000000 166.037337 166.026096 166.018066 166.014051 166.014051 166.014453 166.018869 166.029307 
0.000000 166.039344 166.026899 166.018066 166.013249 166.012847 166.012847 166.017665 166.028504 
0.000000 166.041667 166.027701 166.018066 166.012446 166.011643 166.011643 166.016460 166.027701 
0.000000 0.000000 166.029307 166.018468 166.012044 166.010438 166.010438 166.015256 166.027300 
0.000000 0.000000 166.031716 166.018869 166.011241 166.009234 166.009234 166.014051 166.026899 
0.000000 0.000000 166.034526 166.020074 166.010840 166.008029 166.008029 166.012847 166.026899 
0.000000 0.000000 166.039344 166.021679 166.010840 166.006825 166.006825 166.011643 166.027300 
0.000000 0.000000 0.000000 166.024490 166.011241 166.005621 166.005621 166.010840 166.027701 
0.000000 0.000000 0.000000 166.029307 166.012044 166.004818 166.004416 166.010037 166.028504 
0.000000 0.000000 0.000000 166.034928 166.014453 166.004015 166.003212 166.009635 166.030512 
0.000000 0.000000 0.000000 0.000000 166.019271 166.003613 166.002007 166.009635 166.034526 
0.000000 0.000000 0.000000 0.000000 166.026899 166.004416 166.000803 166.010438 166.040147 
0.000000 0.000000 0.000000 0.000000 166.039746 166.009635 166.000000 166.014453 0.000000 
0.000000 0.000000 0.000000 0.000000 0.000000 0.000000 166.038140 0.000000 0.000000 
