test/output/constant/M270_S060_A270_WD135.0_WS020.0/M270_S060_A270_WD135.0_WS020.0_arrival.asc
ncols         9
nrows         25
xllcorner     425803.990666
yllcorner     12748755.311160
cellsize      100.000000
NODATA_value  0.000000
166.041596 166.041596 0.000000 0.000000 0.000000 0.000000 0.000000 0.000000 0.000000 
166.039646 166.039646 166.040946 0.000000 0.000000 0.000000 0.000000 0.000000 0.000000 
166.038996 166.037696 166.038346 0.000000 0.000000 0.000000 0.000000 0.000000 0.000000 
166.037696 166.035747 166.036396 166.039646 0.000000 0.000000 0.000000 0.000000 0.000000 
166.037696 166.034447 166.034447 166.036396 0.000000 0.000000 0.000000 0.000000 0.000000 
166.037696 166.033147 166.032497 166.033797 166.038346 0.000000 0.000000 0.000000 0.000000 
166.038346 166.032497 166.030547 166.031197 166.035097 0.000000 0.000000 0.000000 0.000000 
166.039646 166.032497 166.029247 166.029247 166.031847 166.038996 0.000000 0.000000 0.000000 
166.041596 166.032497 166.027947 166.027297 166.028597 166.034447 0.000000 0.000000 0.000000 
0.000000 166.033797 166.027947 166.025348 166.025997 166.030547 166.041596 0.000000 0.000000 
0.000000 166.035747 166.027947 166.024048 166.024048 166.026647 166.036396 0.000000 0.000000 
0.000000 166.038346 166.027947 166.023398 166.022098 166.023398 166.031197 0.000000 0.000000 
0.000000 0.000000 166.029897 166.022748 166.020148 166.020798 166.026647 166.041596 0.000000 
0.000000 0.000000 166.032497 166.022748 166.018848 166.018848 166.022748 166.035097 0.000000 
0.000000 0.000000 166.037046 166.024048 166.017548 166.016898 166.018848 166.029247 0.000000 
0.000000 0.000000 0.000000 166.025997 166.017548 166.014949 166.015598 166.024048 0.000000 
0.000000 0.000000 0.000000 166.030547 166.018198 166.013649 166.013649 166.018848 166.038346 
0.000000 0.000000 0.000000 166.038996 166.020148 166.012999 166.011699 166.014299 166.031197 
0.000000 0.000000 0.000000 0.000000 166.024698 166.012999 166.009749 166.011049 166.024698 
0.000000 0.000000 0.000000 0.000000 166.034447 166.014299 166.008449 166.008449 166.018198 
0.000000 0.000000 0.000000 0.000000 0.000000 166.018848 166.007799 166.006499 166.011699 
0.000000 0.000000 0.000000 0.000000 0.000000 166.030547 166.008449 166.004550 166.006499 
0.000000 0.000000 0.000000 0.000000 0.000000 0.000000 166.013649 166.003250 166.003250 
0.000000 0.000000 0.000000 0.000000 0.000000 0.000000 166.033797 166.002600 166.001300 
0.000000 0.000000 0.000000 0.000000 0.000000 0.000000 0.000000 166.012999 166.000000 
