test/output/constant/M3M490_S060_A180_WD045.0_WS045.0/M3M490_S060_A180_WD045.0_WS045.0_ros.asc
ncols         12
nrows         35
xllcorner     426403.990666
yllcorner     12745455.311160
cellsize      100.000000
NODATA_value  0.000000
0.000000 1.298852 1.755522 1.755522 0.000000 0.000000 0.000000 0.000000 0.000000 0.000000 0.000000 0.000000 
0.000000 1.298852 -1.000000 1.242947 2.303392 0.000000 0.000000 0.000000 0.000000 0.000000 0.000000 0.000000 
0.000000 16.426781 57.177063 57.177063 2.303392 2.738726 0.000000 0.000000 0.000000 0.000000 0.000000 0.000000 
1.842390 16.426781 57.177063 55.719925 44.128284 3.302477 0.000000 0.000000 0.000000 0.000000 0.000000 0.000000 
12.589003 16.426781 57.177063 56.852333 57.113136 2.738726 2.303392 0.000000 0.000000 0.000000 0.000000 0.000000 
12.589003 16.426781 57.177063 57.177063 47.927555 44.128284 39.906219 0.000000 0.000000 0.000000 0.000000 0.000000 
25.209223 29.891850 57.177063 57.177063 55.719925 47.927555 1.755522 1.755522 0.000000 0.000000 0.000000 0.000000 
16.426781 16.426781 57.177063 57.177063 56.852333 53.812737 47.927555 47.927555 0.000000 0.000000 0.000000 0.000000 
0.000000 29.891850 57.177063 57.177063 57.177063 47.927555 47.927555 44.128284 0.000000 0.000000 0.000000 0.000000 
0.000000 20.675529 43.422592 57.177063 57.177063 57.177063 47.927555 1.755522 47.927555 0.000000 0.000000 0.000000 
0.000000 39.138439 29.891850 57.177063 57.177063 57.177063 53.812737 47.927555 47.927555 0.000000 0.000000 0.000000 
0.000000 25.209223 20.675529 57.177063 57.177063 56.852333 53.812737 44.128284 51.188713 0.000000 0.000000 0.000000 
0.000000 47.304810 57.043644 50.667362 57.177063 55.719925 47.927555 2.738726 2.303392 44.128284 0.000000 0.000000 
0.000000 34.582199 34.582199 34.582199 57.177063 57.177063 57.177063 57.177063 47.927555 44.128284 0.000000 0.000000 
0.000000 12.589003 12.589003 55.444344 57.177063 51.188713 57.177063 47.927555 47.927555 44.128284 0.000000 0.000000 
0.000000 39.138439 53.408257 12.589003 57.177063 57.177063 51.188713 51.188713 57.177063 47.927555 2.303392 0.000000 
0.000000 25.209223 29.891850 12.589003 57.177063 57.177063 57.177063 57.177063 51.188713 44.128284 47.927555 0.000000 
0.000000 0.000000 57.043644 25.209223 55.444344 57.177063 57.177063 57.177063 53.812737 47.927555 55.719925 0.000000 
0.000000 0.000000 50.667362 20.675529 50.667362 57.177063 55.719925 57.177063 47.927555 57.113136 47.927555 0.000000 
0.000000 0.000000 25.209223 50.667362 12.589003 57.177063 57.177063 55.719925 51.188713 47.927555 55.719925 4.840524 
0.000000 0.000000 55.444344 20.675529 39.138439 57.177063 57.177063 57.177063 57.177063 47.927555 55.719925 1.755522 
0.000000 0.000000 29.891850 25.209223 50.667362 57.177063 57.177063 57.177063 57.177063 53.812737 51.188713 56.852333 
0.000000 0.000000 0.000000 25.209223 50.667362 57.177063 57.177063 57.177063 57.177063 57.177063 51.188713 1.755522 
0.000000 0.000000 0.000000 47.304810 25.209223 55.444344 57.177063 57.177063 53.812737 57.177063 51.188713 47.927555 
0.000000 0.000000 0.000000 39.138439 25.209223 47.304810 57.177063 51.188713 57.177063 57.177063 44.128284 57.177063 
0.000000 0.000000 0.000000 0.000000 39.138439 25.209223 57.177063 57.177063 57.177063 55.719925 53.812737 47.927555 
0.000000 0.000000 0.000000 0.000000 39.138439 57.177063 57.177063 57.177063 57.177063 57.177063 51.188713 53.812737 
0.000000 0.000000 0.000000 0.000000 57.177063 16.426781 57.177063 57.177063 57.177063 55.719925 57.177063 47.927555 
0.000000 0.000000 0.000000 0.000000 0.000000 34.582199 57.177063 57.177063 57.177063 57.113136 53.812737 57.177063 
0.000000 0.000000 0.000000 0.000000 0.000000 55.444344 55.444344 57.177063 57.177063 55.719925 53.812737 57.177063 
0.000000 0.000000 0.000000 0.000000 0.000000 0.000000 55.444344 57.177063 57.177063 57.177063 55.719925 53.812737 
0.000000 0.000000 0.000000 0.000000 0.000000 0.000000 25.209223 57.177063 57.177063 57.177063 55.719925 57.177063 
0.000000 0.000000 0.000000 0.000000 0.000000 0.000000 0.000000 57.177063 57.177063 57.177063 57.177063 51.188713 
0.000000 0.000000 0.000000 0.000000 0.000000 0.000000 0.000000 57.177063 57.177063 57.177063 57.177063 57.177063 
0.000000 0.000000 0.000000 0.000000 0.000000 0.000000 0.000000 0.000000 57.177063 57.113136 57.177063 53.812737 
