test/output/constant/M3M490_S060_A180_WD045.0_WS045.0/M3M490_S060_A180_WD045.0_WS045.0_raz.asc
ncols         12
nrows         35
xllcorner     426403.990666
yllcorner     12745455.311160
cellsize      100.000000
NODATA_value  0.000000
0 324 56 56 0 0 0 0 0 0 0 0 
0 324 254 9 76 0 0 0 0 0 0 0 
0 189 166 166 76 87 0 0 0 0 0 0 
276 189 166 164 159 97 0 0 0 0 0 0 
194 189 166 165 166 87 76 0 0 0 0 0 
194 189 166 166 160 159 157 0 0 0 0 0 
182 180 166 166 164 160 56 56 0 0 0 0 
189 189 166 166 165 163 160 160 0 0 0 0 
0 180 166 166 166 160 160 159 0 0 0 0 
0 185 174 166 166 166 160 56 160 0 0 0 
0 176 180 166 166 166 163 160 160 0 0 0 
0 182 185 166 166 165 163 159 161 0 0 0 
0 173 167 171 166 164 160 87 76 159 0 0 
0 178 178 178 166 166 166 166 160 159 0 0 
0 194 194 169 166 161 166 160 160 159 0 0 
0 176 170 194 166 166 161 161 166 160 76 0 
0 182 180 194 166 166 166 166 161 159 160 0 
0 0 167 182 169 166 166 166 163 160 164 0 
0 0 171 185 171 166 164 166 160 166 160 0 
0 0 182 171 194 166 166 164 161 160 164 113 
0 0 169 185 176 166 166 166 166 160 164 56 
0 0 180 182 171 166 166 166 166 163 161 165 
0 0 0 182 171 166 166 166 166 166 161 56 
0 0 0 173 182 169 166 166 163 166 161 160 
0 0 0 176 182 173 166 161 166 166 159 166 
0 0 0 0 176 182 166 166 166 164 163 160 
0 0 0 0 176 166 166 166 166 166 161 163 
0 0 0 0 166 189 166 166 166 164 166 160 
0 0 0 0 0 178 166 166 166 166 163 166 
0 0 0 0 0 169 169 166 166 164 163 166 
0 0 0 0 0 0 169 166 166 166 164 163 
0 0 0 0 0 0 182 166 166 166 164 166 
0 0 0 0 0 0 0 166 166 166 166 161 
0 0 0 0 0 0 0 166 166 166 166 166 
0 0 0 0 0 0 0 0 166 166 166 163 
