test/output/constant/M3M400_S060_A180_WD090.0_WS050.0/M3M400_S060_A180_WD090.0_WS050.0_arrival.asc
ncols         21
nrows         13
xllcorner     425103.990666
yllcorner     12748155.311160
cellsize      100.000000
NODATA_value  0.000000
0.000000 0.000000 0.000000 0.000000 0.000000 166.041340 166.039105 166.037988 166.037988 166.036871 166.036871 166.036871 166.037988 166.039105 166.041340 0.000000 0.000000 0.000000 0.000000 0.000000 0.000000 
0.000000 0.000000 0.000000 166.040223 166.039105 166.036871 166.034636 166.033519 166.032402 166.031284 166.030167 166.030167 166.030167 166.031284 166.033519 166.035754 166.039105 0.000000 0.000000 0.000000 0.000000 
0.000000 0.000000 166.040223 166.037988 166.035754 166.033519 166.031284 166.029050 166.026815 166.025698 166.024581 166.023463 166.023463 166.023463 166.025698 166.026815 166.030167 166.034636 166.040223 0.000000 0.000000 
0.000000 166.040223 166.037988 166.035754 166.032402 166.030167 166.027932 166.025698 166.023463 166.021229 166.018994 166.017877 166.017877 166.016759 166.017877 166.018994 166.022346 166.027932 166.033519 166.040223 0.000000 
166.041667 166.039105 166.036871 166.033519 166.031284 166.027932 166.025698 166.023463 166.020111 166.017877 166.015642 166.013408 166.011173 166.011173 166.010056 166.011173 166.014525 166.020111 166.026815 166.034636 0.000000 
166.041340 166.037988 166.035754 166.032402 166.030167 166.026815 166.024581 166.021229 166.018994 166.016759 166.013408 166.011173 166.007821 166.005586 166.004469 166.003352 166.006704 166.014525 166.023463 166.032402 166.041340 
166.041340 166.037988 166.035754 166.032402 166.030167 166.026815 166.024581 166.021229 166.018994 166.015642 166.013408 166.010056 166.007821 166.004469 166.002235 166.000000 166.004469 166.013408 166.022346 166.031284 166.039105 
166.041340 166.037988 166.035754 166.032402 166.030167 166.026815 166.024581 166.021229 166.018994 166.016759 166.013408 166.011173 166.007821 166.005586 166.004469 166.003352 166.006704 166.014525 166.023463 166.032402 166.041340 
166.041667 166.039105 166.036871 166.033519 166.031284 166.027932 166.025698 166.023463 166.020111 166.017877 166.015642 166.013408 166.011173 166.011173 166.010056 166.011173 166.014525 166.020111 166.026815 166.034636 0.000000 
0.000000 166.040223 166.037988 166.035754 166.032402 166.030167 166.027932 166.025698 166.023463 166.021229 166.018994 166.017877 166.017877 166.016759 166.017877 166.018994 166.022346 166.027932 166.033519 166.040223 0.000000 
0.000000 0.000000 166.040223 166.037988 166.035754 166.033519 166.031284 166.029050 166.026815 166.025698 166.024581 166.023463 166.023463 166.023463 166.025698 166.026815 166.030167 166.034636 166.040223 0.000000 0.000000 
0.000000 0.000000 0.000000 166.040223 166.039105 166.036871 166.034636 166.033519 166.032402 166.031284 166.030167 166.030167 166.030167 166.031284 166.033519 166.035754 166.039105 0.000000 0.000000 0.000000 0.000000 
0.000000 0.000000 0.000000 0.000000 0.000000 166.041340 166.039105 166.037988 166.037988 166.036871 166.036871 166.036871 166.037988 166.039105 166.041340 0.000000 0.000000 0.000000 0.000000 0.000000 0.000000 
