test/output/constant/M3M490_S060_A180_WD270.0_WS050.0/M3M490_S060_A180_WD270.0_WS050.0_arrival.asc
ncols         60
nrows         7
xllcorner     426603.990666
yllcorner     12748455.311160
cellsize      100.000000
NODATA_value  0.000000
0.000000 0.000000 0.000000 0.000000 0.000000 0.000000 0.000000 0.000000 0.000000 0.000000 0.000000 0.000000 0.000000 166.041501 166.039525 166.037831 166.036420 166.035290 166.034443 166.033879 166.033314 166.032749 166.032467 166.032185 166.031902 166.031620 166.031620 166.031620 166.031620 166.031902 166.032467 166.032749 166.033314 166.033596 166.034161 166.034726 166.035008 166.035573 166.036137 166.036702 166.036984 166.037549 166.038114 166.038396 166.038961 166.039525 166.040090 166.040654 166.040937 166.041501 0.000000 0.000000 0.000000 0.000000 0.000000 0.000000 0.000000 0.000000 0.000000 0.000000 
0.000000 0.000000 0.000000 0.000000 0.000000 166.035008 166.030209 166.026821 166.024562 166.022868 166.021457 166.020610 166.020045 166.019480 166.019480 166.019198 166.018916 166.019198 166.019480 166.019763 166.020327 166.020892 166.021174 166.021739 166.022303 166.022586 166.023150 166.023715 166.024280 166.024844 166.025409 166.025974 166.026538 166.027103 166.027668 166.028515 166.029079 166.029644 166.030209 166.031056 166.031620 166.032467 166.033032 166.033596 166.034161 166.035008 166.035573 166.036420 166.036984 166.037549 166.038114 166.038961 166.039525 166.040090 166.040937 166.041501 0.000000 0.000000 0.000000 0.000000 
0.000000 166.016939 166.010164 166.007623 166.006776 166.006493 166.006493 166.007058 166.007340 166.007905 166.008470 166.009034 166.009599 166.010446 166.011011 166.011575 166.012422 166.012987 166.013834 166.014398 166.015245 166.015810 166.016375 166.017222 166.017786 166.018633 166.019198 166.020045 166.020610 166.021174 166.022021 166.022586 166.023433 166.023997 166.024562 166.025409 166.025974 166.026821 166.027385 166.028232 166.028797 166.029644 166.030209 166.031056 166.031620 166.032467 166.033032 166.033879 166.034443 166.035008 166.035855 166.036420 166.037267 166.037831 166.038396 166.039243 166.039808 166.040654 166.041219 0.000000 
166.000000 166.000565 166.001129 166.001976 166.002541 166.003388 166.003953 166.004799 166.005364 166.006211 166.006776 166.007623 166.008187 166.009034 166.009599 166.010446 166.011011 166.011858 166.012422 166.013269 166.013834 166.014681 166.015245 166.016092 166.016657 166.017504 166.018069 166.018916 166.019480 166.020327 166.020892 166.021739 166.022303 166.023150 166.023715 166.024562 166.025127 166.025974 166.026538 166.027385 166.027950 166.028797 166.029362 166.030209 166.030773 166.031620 166.032185 166.033032 166.033596 166.034443 166.035008 166.035855 166.036420 166.037267 166.037831 166.038678 166.039243 166.040090 166.040654 166.041501 
0.000000 166.016939 166.010164 166.007623 166.006776 166.006493 166.006493 166.007058 166.007340 166.007905 166.008470 166.009034 166.009599 166.010446 166.011011 166.011575 166.012422 166.012987 166.013834 166.014398 166.015245 166.015810 166.016375 166.017222 166.017786 166.018633 166.019198 166.020045 166.020610 166.021174 166.022021 166.022586 166.023433 166.023997 166.024562 166.025409 166.025974 166.026821 166.027385 166.028232 166.028797 166.029644 166.030209 166.031056 166.031620 166.032467 166.033032 166.033879 166.034443 166.035008 166.035855 166.036420 166.037267 166.037831 166.038396 166.039243 166.039808 166.040654 166.041219 0.000000 
0.000000 0.000000 0.000000 0.000000 0.000000 166.035008 166.030209 166.026821 166.024562 166.022868 166.021457 166.020610 166.020045 166.019480 166.019480 166.019198 166.018916 166.019198 166.019480 166.019763 166.020327 166.020892 166.021174 166.021739 166.022303 166.022586 166.023150 166.023715 166.024280 166.024844 166.025409 166.025974 166.026538 166.027103 166.027668 166.028515 166.029079 166.029644 166.030209 166.031056 166.031620 166.032467 166.033032 166.033596 166.034161 166.035008 166.035573 166.036420 166.036984 166.037549 166.038114 166.038961 166.039525 166.040090 166.040937 166.041501 0.000000 0.000000 0.000000 0.000000 
0.000000 0.000000 0.000000 0.000000 0.000000 0.000000 0.000000 0.000000 0.000000 0.000000 0.000000 0.000000 0.000000 166.041501 166.039525 166.037831 166.036420 166.035290 166.034443 166.033879 166.033314 166.032749 166.032467 166.032185 166.031902 166.031620 166.031620 166.031620 166.031620 166.031902 166.032467 166.032749 166.033314 166.033596 166.034161 166.034726 166.035008 166.035573 166.036137 166.036702 166.036984 166.037549 166.038114 166.038396 166.038961 166.039525 166.040090 166.040654 166.040937 166.041501 0.000000 0.000000 0.000000 0.000000 0.000000 0.000000 0.000000 0.000000 0.000000 0.000000 
