test/output/constant/M3M495_S060_A090_WD225.0_WS015.0/M3M495_S060_A090_WD225.0_WS015.0_raz.asc
ncols         16
nrows         38
xllcorner     426503.990666
yllcorner     12745155.311160
cellsize      100.000000
NODATA_value  0.000000
4 74 50 0 0 0 0 0 0 0 0 0 0 0 0 0 
315 254 146 79 0 0 0 0 0 0 0 0 0 0 0 0 
191 160 160 79 97 0 0 0 0 0 0 0 0 0 0 0 
198 160 160 150 79 50 0 0 0 0 0 0 0 0 0 0 
191 167 160 160 150 74 79 0 0 0 0 0 0 0 0 0 
178 169 160 160 150 149 149 0 0 0 0 0 0 0 0 0 
175 175 160 160 160 149 4 79 0 0 0 0 0 0 0 0 
175 169 185 160 155 158 149 150 97 0 0 0 0 0 0 0 
175 169 170 160 158 160 149 150 149 0 0 0 0 0 0 0 
191 185 198 160 160 152 160 150 150 149 0 0 0 0 0 0 
191 185 169 191 160 160 160 159 150 150 0 0 0 0 0 0 
191 178 170 160 160 160 155 160 150 150 150 0 0 0 0 0 
185 178 164 164 160 156 160 160 160 150 150 0 0 0 0 0 
0 178 185 160 160 160 160 158 160 150 149 0 0 0 0 0 
0 175 169 164 165 160 160 160 160 150 149 150 0 0 0 0 
0 175 185 185 160 164 160 160 160 160 150 150 0 0 0 0 
0 175 169 169 160 160 160 160 160 160 150 149 150 0 0 0 
0 175 185 164 160 185 160 160 160 160 160 158 150 0 0 0 
0 0 170 165 164 160 165 160 160 160 155 158 79 0 0 0 
0 0 175 173 167 160 160 160 160 160 160 160 160 150 0 0 
0 0 169 185 169 160 160 160 160 160 160 160 156 150 0 0 
0 0 0 163 198 165 181 160 160 160 160 160 156 50 0 0 
0 0 0 173 185 167 160 160 160 155 160 160 155 159 160 0 
0 0 0 169 175 169 165 160 160 160 158 160 160 158 150 0 
0 0 0 0 165 163 160 165 160 160 158 158 156 160 159 0 
0 0 0 0 185 173 167 185 160 160 160 160 155 160 159 0 
0 0 0 0 0 161 160 160 160 160 160 160 160 158 155 160 
0 0 0 0 0 160 170 198 160 160 160 160 160 160 160 159 
0 0 0 0 0 0 191 161 164 160 160 160 156 160 160 155 
0 0 0 0 0 0 165 169 160 160 160 160 160 160 160 160 
0 0 0 0 0 0 0 167 160 160 160 160 160 160 160 160 
0 0 0 0 0 0 0 167 160 160 167 160 160 158 160 160 
0 0 0 0 0 0 0 0 170 191 160 160 156 160 160 152 
0 0 0 0 0 0 0 0 0 160 160 165 160 160 158 158 
0 0 0 0 0 0 0 0 0 167 191 185 160 160 160 160 
0 0 0 0 0 0 0 0 0 0 169 160 160 160 160 160 
0 0 0 0 0 0 0 0 0 0 0 160 181 160 160 158 
0 0 0 0 0 0 0 0 0 0 0 0 160 160 160 160 
