test/output/constant/M375_S060_A000_WD045.0_WS010.0/M375_S060_A000_WD045.0_WS010.0_ros.asc
ncols         49
nrows         12
xllcorner     421803.990666
yllcorner     12747855.311160
cellsize      100.000000
NODATA_value  0.000000
0.000000 0.000000 0.000000 0.000000 0.000000 0.000000 0.000000 0.000000 0.000000 0.000000 0.000000 0.000000 0.000000 0.000000 0.000000 0.000000 0.000000 0.000000 0.000000 0.000000 0.000000 0.000000 0.000000 0.000000 0.000000 0.000000 0.000000 0.000000 0.000000 0.000000 0.000000 0.000000 0.000000 0.000000 0.000000 0.000000 0.000000 0.000000 22.574806 16.731491 16.731491 22.574806 0.000000 0.000000 0.000000 0.000000 0.000000 0.000000 0.000000 
0.000000 0.000000 0.000000 0.000000 0.000000 0.000000 0.000000 0.000000 0.000000 0.000000 0.000000 0.000000 0.000000 0.000000 0.000000 0.000000 0.000000 0.000000 0.000000 0.000000 0.000000 0.000000 0.000000 0.000000 0.000000 49.607239 42.708195 49.607239 49.607239 16.731491 49.607239 28.983620 42.708195 49.607239 35.763363 42.708195 28.983620 42.708195 49.607239 28.983620 42.708195 22.574806 16.731491 42.708195 16.731491 28.983620 22.574806 22.574806 0.981586 
0.000000 0.000000 0.000000 0.000000 0.000000 0.000000 0.000000 0.000000 0.000000 0.000000 0.000000 0.000000 0.000000 0.000000 0.000000 0.000000 0.000000 0.000000 49.607239 22.574806 16.731491 42.708195 28.983620 42.708195 49.607239 22.574806 42.708195 42.708195 28.983620 49.607239 49.607239 22.574806 42.708195 49.607239 22.574806 56.251007 49.607239 49.607239 22.574806 42.708195 49.607239 49.607239 56.251007 28.983620 76.480026 81.100601 81.100601 81.100601 -1.000000 
0.000000 0.000000 0.000000 0.000000 0.000000 0.000000 0.000000 0.000000 0.000000 0.000000 0.000000 0.000000 0.000000 0.000000 49.607239 42.708195 49.607239 35.763363 49.607239 42.708195 28.983620 28.983620 42.708195 49.607239 28.983620 42.708195 49.607239 42.708195 42.708195 28.983620 42.708195 49.607239 67.979568 56.251007 49.607239 42.708195 81.100601 80.727768 81.100601 81.100601 81.100601 81.100601 81.100601 81.100601 81.100601 81.100601 67.394821 61.773643 0.981586 
0.000000 0.000000 0.000000 0.000000 0.000000 0.000000 0.000000 0.000000 0.000000 0.000000 49.607239 49.607239 28.983620 42.708195 49.607239 42.708195 49.607239 49.607239 67.979568 42.708195 42.708195 49.607239 62.437744 28.983620 49.607239 49.607239 42.708195 81.100601 72.708191 28.983620 81.100601 81.100601 76.480026 81.100601 81.100601 81.100601 81.100601 81.100601 81.100601 81.100601 81.100601 80.612656 61.773643 55.528809 2.120138 2.120138 48.850220 0.981586 0.000000 
0.000000 0.000000 0.000000 0.000000 0.000000 0.000000 0.000000 42.708195 49.607239 22.574806 49.607239 49.607239 35.763363 22.574806 42.708195 49.607239 42.708195 42.708195 49.607239 72.708191 49.607239 81.100601 49.607239 81.100601 81.100601 81.100601 81.100601 81.100601 81.100601 81.100601 81.100601 81.100601 81.100601 81.100601 81.100601 81.100601 81.100601 78.932381 4.069104 55.528809 61.773643 55.528809 55.528809 55.528809 55.528809 1.406262 0.000000 0.000000 0.000000 
0.000000 0.000000 0.000000 0.000000 49.607239 49.607239 28.983620 49.607239 67.979568 49.607239 56.251007 76.480026 42.708195 81.100601 72.708191 42.708195 81.100601 81.100601 81.100601 62.437744 81.100601 81.100601 81.100601 81.100601 81.100601 81.100601 81.100601 81.100601 76.106644 81.100601 78.932381 78.932381 81.100601 76.106644 55.528809 61.773643 55.528809 61.773643 55.528809 55.528809 55.528809 55.528809 0.981586 0.000000 0.000000 0.000000 0.000000 0.000000 0.000000 
0.000000 0.000000 42.708195 67.979568 49.607239 35.763363 81.100601 42.708195 56.251007 81.100601 81.100601 81.100601 81.100601 81.100601 81.100601 81.100601 81.100601 81.100601 81.100601 81.100601 81.100601 81.100601 81.100601 81.100601 81.100601 81.100601 81.100601 72.221405 61.773643 2.120138 61.773643 4.069104 7.101775 61.773643 1.406262 4.069104 61.773643 55.528809 55.528809 2.120138 0.000000 0.000000 0.000000 0.000000 0.000000 0.000000 0.000000 0.000000 0.000000 
81.100601 22.574806 81.100601 56.251007 76.480026 81.100601 67.979568 42.708195 81.100601 81.100601 81.100601 81.100601 81.100601 81.100601 81.100601 81.100601 81.100601 81.100601 81.100601 81.100601 81.100601 81.100601 81.100601 80.963997 67.394821 55.528809 61.773643 55.528809 55.528809 55.528809 61.773643 55.528809 61.773643 55.528809 61.773643 61.773643 55.528809 0.000000 0.000000 0.000000 0.000000 0.000000 0.000000 0.000000 0.000000 0.000000 0.000000 0.000000 0.000000 
79.180542 81.100601 81.100601 81.100601 81.100601 81.100601 81.100601 81.100601 81.100601 81.100601 76.106644 81.100601 81.100601 81.100601 81.100601 81.100601 81.100601 81.100601 81.100601 78.932381 61.773643 61.773643 4.069104 55.528809 55.528809 55.528809 61.773643 61.773643 55.528809 55.528809 55.528809 7.101775 0.000000 0.000000 0.000000 0.000000 0.000000 0.000000 0.000000 0.000000 0.000000 0.000000 0.000000 0.000000 0.000000 0.000000 0.000000 0.000000 0.000000 
81.100601 81.100601 81.100601 81.100601 81.100601 81.100601 81.100601 81.100601 81.100601 81.100601 81.100601 81.100601 80.612656 80.612656 81.100601 81.100601 61.773643 0.981586 61.773643 4.069104 61.773643 55.528809 61.773643 61.773643 61.773643 4.069104 55.528809 61.773643 0.000000 0.000000 0.000000 0.000000 0.000000 0.000000 0.000000 0.000000 0.000000 0.000000 0.000000 0.000000 0.000000 0.000000 0.000000 0.000000 0.000000 0.000000 0.000000 0.000000 0.000000 
0.000000 0.000000 81.100601 81.100601 81.100601 78.932381 81.100601 81.100601 76.106644 78.932381 81.100601 61.773643 61.773643 7.101775 61.773643 4.069104 7.101775 4.069104 55.528809 7.101775 61.773643 0.000000 0.000000 0.000000 0.000000 0.000000 0.000000 0.000000 0.000000 0.000000 0.000000 0.000000 0.000000 0.000000 0.000000 0.000000 0.000000 0.000000 0.000000 0.000000 0.000000 0.000000 0.000000 0.000000 0.000000 0.000000 0.000000 0.000000 0.000000 
