test/output/constant/M390_S060_A090_WD225.0_WS010.0/M390_S060_A090_WD225.0_WS010.0_intensity.asc
ncols         14
nrows         44
xllcorner     426403.990666
yllcorner     12744555.311160
cellsize      100.000000
NODATA_value  0.000000
0 1301 1846 1504 0 0 0 0 0 0 0 0 0 0 
0 1239 0 1846 1504 0 0 0 0 0 0 0 0 0 
0 23499 64431 53072 1846 1846 0 0 0 0 0 0 0 0 
14029 18540 64431 56937 43692 2183 0 0 0 0 0 0 0 0 
18540 14029 64431 62432 48612 1504 2183 0 0 0 0 0 0 0 
23499 39527 64431 64431 62432 43692 43692 0 0 0 0 0 0 0 
18540 14029 64431 64431 64273 43692 43692 1846 0 0 0 0 0 0 
23499 39527 64431 64431 64431 64273 43692 38462 0 0 0 0 0 0 
18540 39527 62805 64431 64431 63895 43692 43692 0 0 0 0 0 0 
18540 39527 34153 64431 53072 64431 48612 43692 38462 0 0 0 0 0 
10100 34153 62805 64431 64431 64431 64431 43692 48612 0 0 0 0 0 
34153 28756 53911 60637 64431 64431 62432 43692 43692 48612 0 0 0 0 
14029 34153 23499 64431 64431 64431 64431 1846 1504 43692 0 0 0 0 
39527 23499 57642 64082 64431 63895 62432 48612 48612 48612 0 0 0 0 
28756 44714 49558 64431 64431 64431 64431 64431 60089 43692 43692 0 0 0 
34153 39527 14029 64431 64431 64431 64431 64431 43692 43692 43692 0 0 0 
0 53911 57642 64431 64431 64431 60089 48612 62432 62432 48612 0 0 0 
0 44714 28756 64431 64367 64431 64431 63895 64431 48612 43692 0 0 0 
0 14029 60637 62805 64431 64431 64431 64431 60089 56937 48612 43692 0 0 
0 44714 49558 34153 64431 64431 64431 64431 56937 63895 43692 43692 0 0 
0 53911 60637 14029 60637 64431 64431 64431 60089 64431 60089 43692 0 0 
0 39527 53911 64431 23499 64431 64431 64431 64431 62432 56937 48612 0 0 
0 18540 14029 62805 34153 64431 64431 64431 64431 60089 62432 62432 62432 0 
0 0 44714 60637 60637 64431 64431 64431 64431 62432 48612 60089 43692 0 
0 0 28756 18540 64431 64431 64431 64431 64431 64431 64431 48612 48612 0 
0 0 49558 57642 64431 53911 64431 64431 64431 64431 53072 64431 64431 0 
0 0 39527 44714 64431 23499 64431 64431 64431 62432 60089 62432 62432 0 
0 0 53911 14029 64431 57642 64431 64431 64431 64431 62432 64431 60089 0 
0 0 0 62805 64431 64431 64431 64431 64431 64431 64273 53072 43692 56937 
0 0 0 49558 53911 64431 64431 64431 64431 64431 64431 64273 64431 64273 
0 0 0 64431 18540 64431 64082 64431 64431 64431 64431 64431 64431 62432 
0 0 0 0 64431 23499 64431 64431 64431 64431 64431 64431 48612 63895 
0 0 0 0 64431 28756 64367 64431 64431 60089 64431 64431 53072 64431 
0 0 0 0 60637 64431 64431 64431 64431 64431 63895 64431 60089 48612 
0 0 0 0 0 64431 64431 64431 64431 64367 64273 64431 64431 60089 
0 0 0 0 0 64431 23499 64431 64431 64431 53072 64431 64431 60089 
0 0 0 0 0 64431 64367 64367 53911 64431 64431 62432 64431 64273 
0 0 0 0 0 0 64431 64431 64431 64431 63895 64273 64431 64431 
0 0 0 0 0 0 64431 64431 64431 64431 64431 64431 64431 64431 
0 0 0 0 0 0 0 64431 64431 64431 64431 64431 60089 64431 
0 0 0 0 0 0 0 64367 64431 64431 64273 64273 63895 64431 
0 0 0 0 0 0 0 0 64431 64431 64431 64431 62432 0 
0 0 0 0 0 0 0 0 0 64431 64431 64431 64431 0 
0 0 0 0 0 0 0 0 0 0 64431 63895 0 0 
