test/output/constant/M3M480_S060_A000_WD315.0_WS040.0/M3M480_S060_A000_WD315.0_WS040.0_arrival.asc
ncols         12
nrows         28
xllcorner     425603.990666
yllcorner     12746155.311160
cellsize      100.000000
NODATA_value  0.000000
0.000000 0.000000 0.000000 0.000000 0.000000 0.000000 0.000000 0.000000 0.000000 166.033200 166.026975 166.035275 
0.000000 0.000000 0.000000 0.000000 0.000000 0.000000 0.000000 0.000000 166.023862 166.004669 166.000000 166.017637 
0.000000 0.000000 0.000000 0.000000 0.000000 0.000000 0.000000 166.030606 166.012450 166.002075 166.001037 166.017119 
0.000000 0.000000 0.000000 0.000000 0.000000 0.000000 166.037350 166.020231 166.007262 166.002594 166.002594 166.019194 
0.000000 0.000000 0.000000 0.000000 0.000000 0.000000 166.027494 166.014006 166.006225 166.004150 166.005187 166.022306 
0.000000 0.000000 0.000000 0.000000 0.000000 166.035275 166.021269 166.010894 166.006225 166.005706 166.008300 166.025419 
0.000000 0.000000 0.000000 0.000000 0.000000 166.029050 166.017119 166.010375 166.007262 166.007262 166.011931 166.029050 
0.000000 0.000000 0.000000 0.000000 166.036831 166.023862 166.015044 166.010375 166.008819 166.009337 166.015562 166.033200 
0.000000 0.000000 0.000000 0.000000 166.031125 166.020750 166.014525 166.010894 166.010375 166.011931 166.019194 166.036831 
0.000000 0.000000 0.000000 166.038387 166.027494 166.019194 166.014525 166.011931 166.012450 166.015044 166.022825 166.040462 
0.000000 0.000000 0.000000 166.034237 166.024900 166.018675 166.014525 166.013487 166.014006 166.017637 166.026456 0.000000 
0.000000 0.000000 166.040981 166.030606 166.023344 166.018675 166.015562 166.015044 166.016081 166.021269 166.030606 0.000000 
0.000000 0.000000 166.037350 166.028531 166.022825 166.018675 166.016600 166.017119 166.018675 166.024381 166.034237 0.000000 
0.000000 0.000000 166.034756 166.027494 166.022825 166.019194 166.018156 166.018675 166.021269 166.028012 166.037869 0.000000 
0.000000 166.040981 166.032681 166.026975 166.022825 166.020231 166.020231 166.020750 166.024381 166.031644 166.041667 0.000000 
0.000000 166.038387 166.031644 166.026456 166.022825 166.021787 166.021787 166.023344 166.027494 166.034756 0.000000 0.000000 
0.000000 166.036312 166.031125 166.026456 166.023862 166.023344 166.023344 166.025937 166.030606 166.038387 0.000000 0.000000 
0.000000 166.035275 166.030606 166.026975 166.024900 166.024900 166.025419 166.028531 166.033719 0.000000 0.000000 0.000000 
166.040462 166.035275 166.030606 166.027494 166.026456 166.026456 166.027494 166.031125 166.037350 0.000000 0.000000 0.000000 
166.039425 166.034756 166.031125 166.028531 166.028012 166.028012 166.030087 166.034237 166.040462 0.000000 0.000000 0.000000 
166.038906 166.034756 166.031125 166.029569 166.029569 166.030087 166.032681 166.037350 0.000000 0.000000 0.000000 0.000000 
166.038906 166.034756 166.032162 166.031125 166.031125 166.032162 166.035275 166.040462 0.000000 0.000000 0.000000 0.000000 
166.038906 166.035275 166.033200 166.032681 166.032681 166.034756 166.037869 0.000000 0.000000 0.000000 0.000000 0.000000 
166.038906 166.035794 166.034237 166.034237 166.034756 166.036831 166.040981 0.000000 0.000000 0.000000 0.000000 0.000000 
166.038906 166.036831 166.035794 166.035794 166.036831 166.039425 0.000000 0.000000 0.000000 0.000000 0.000000 0.000000 
166.039425 166.037869 166.037350 166.037350 166.038906 0.000000 0.000000 0.000000 0.000000 0.000000 0.000000 0.000000 
166.040462 166.038906 166.038906 166.039425 166.041500 0.000000 0.000000 0.000000 0.000000 0.000000 0.000000 0.000000 
166.041500 166.040462 166.040462 166.041500 0.000000 0.000000 0.000000 0.000000 0.000000 0.000000 0.000000 0.000000 
