test/output/constant/M475_S000_A180_WD270.0_WS050.0/M475_S000_A180_WD270.0_WS050.0_arrival.asc
ncols         36
nrows         7
xllcorner     426603.990666
yllcorner     12748455.311160
cellsize      100.000000
NODATA_value  0.000000
0.000000 0.000000 0.000000 0.000000 0.000000 0.000000 0.000000 0.000000 0.000000 0.000000 0.000000 0.000000 166.041300 166.040340 166.039860 166.038899 166.038419 166.037939 166.037939 166.038419 166.038419 166.038899 166.039379 166.040340 166.041300 0.000000 0.000000 0.000000 0.000000 0.000000 0.000000 0.000000 0.000000 0.000000 0.000000 0.000000 
0.000000 0.000000 0.000000 0.000000 166.034577 166.029775 166.026893 166.024972 166.024012 166.023532 166.023051 166.023051 166.023051 166.023532 166.024492 166.024972 166.025933 166.026893 166.027373 166.028334 166.029294 166.030255 166.031215 166.032176 166.033136 166.034097 166.035537 166.036498 166.037458 166.038419 166.039860 166.040820 0.000000 0.000000 0.000000 0.000000 
166.033136 166.012966 166.009124 166.008164 166.007684 166.008164 166.009124 166.010085 166.011045 166.012006 166.012966 166.013927 166.015368 166.016328 166.017769 166.018729 166.019690 166.021130 166.022091 166.023051 166.024492 166.025452 166.026893 166.027854 166.029294 166.030255 166.031696 166.032656 166.034097 166.035057 166.036498 166.037458 166.038899 166.039860 166.041300 0.000000 
166.000000 166.000960 166.001921 166.003362 166.004322 166.005763 166.006723 166.008164 166.009124 166.010565 166.011526 166.012966 166.013927 166.015368 166.016328 166.017769 166.018729 166.020170 166.021130 166.022571 166.023532 166.024972 166.025933 166.027373 166.028334 166.029775 166.030735 166.032176 166.033136 166.034577 166.035537 166.036978 166.037939 166.039379 166.040340 166.041667 
166.033136 166.012966 166.009124 166.008164 166.007684 166.008164 166.009124 166.010085 166.011045 166.012006 166.012966 166.013927 166.015368 166.016328 166.017769 166.018729 166.019690 166.021130 166.022091 166.023051 166.024492 166.025452 166.026893 166.027854 166.029294 166.030255 166.031696 166.032656 166.034097 166.035057 166.036498 166.037458 166.038899 166.039860 166.041300 0.000000 
0.000000 0.000000 0.000000 0.000000 166.034577 166.029775 166.026893 166.024972 166.024012 166.023532 166.023051 166.023051 166.023051 166.023532 166.024492 166.024972 166.025933 166.026893 166.027373 166.028334 166.029294 166.030255 166.031215 166.032176 166.033136 166.034097 166.035537 166.036498 166.037458 166.038419 166.039860 166.040820 0.000000 0.000000 0.000000 0.000000 
0.000000 0.000000 0.000000 0.000000 0.000000 0.000000 0.000000 0.000000 0.000000 0.000000 0.000000 0.000000 166.041300 166.040340 166.039860 166.038899 166.038419 166.037939 166.037939 166.038419 166.038419 166.038899 166.039379 166.040340 166.041300 0.000000 0.000000 0.000000 0.000000 0.000000 0.000000 0.000000 0.000000 0.000000 0.000000 0.000000 
