test/output/constant/M3M480_S060_A180_WD045.0_WS035.0/M3M480_S060_A180_WD045.0_WS035.0_arrival.asc
ncols         15
nrows         25
xllcorner     426503.990666
yllcorner     12746455.311160
cellsize      100.000000
NODATA_value  0.000000
166.031799 166.023431 166.029010 0.000000 0.000000 0.000000 0.000000 0.000000 0.000000 0.000000 0.000000 0.000000 0.000000 0.000000 0.000000 
166.017852 166.000000 166.002789 166.016736 166.032915 0.000000 0.000000 0.000000 0.000000 0.000000 0.000000 0.000000 0.000000 0.000000 0.000000 
166.018968 166.001116 166.001674 166.006695 166.019526 166.034030 0.000000 0.000000 0.000000 0.000000 0.000000 0.000000 0.000000 0.000000 0.000000 
166.023989 166.003905 166.002789 166.005021 166.011158 166.022873 166.036820 0.000000 0.000000 0.000000 0.000000 0.000000 0.000000 0.000000 0.000000 
166.030125 166.008926 166.005021 166.005021 166.008368 166.015621 166.026778 166.039609 0.000000 0.000000 0.000000 0.000000 0.000000 0.000000 0.000000 
166.036262 166.014505 166.007252 166.006695 166.008368 166.012273 166.020084 166.030683 0.000000 0.000000 0.000000 0.000000 0.000000 0.000000 0.000000 
0.000000 166.020641 166.010600 166.008368 166.008368 166.011158 166.016178 166.024547 166.035146 0.000000 0.000000 0.000000 0.000000 0.000000 0.000000 
0.000000 166.026778 166.015063 166.010600 166.010042 166.011158 166.014505 166.020084 166.029010 166.039051 0.000000 0.000000 0.000000 0.000000 0.000000 
0.000000 166.032915 166.020641 166.013947 166.011715 166.012273 166.014505 166.018410 166.024547 166.032915 0.000000 0.000000 0.000000 0.000000 0.000000 
0.000000 166.039051 166.025662 166.017852 166.013947 166.013947 166.014505 166.017294 166.022315 166.028452 166.037378 0.000000 0.000000 0.000000 0.000000 
0.000000 0.000000 166.031799 166.022315 166.017294 166.015621 166.015621 166.017294 166.020641 166.026220 166.032915 166.041667 0.000000 0.000000 0.000000 
0.000000 0.000000 166.037378 166.026778 166.020641 166.017852 166.017294 166.017852 166.020641 166.024547 166.030125 166.037378 0.000000 0.000000 0.000000 
0.000000 0.000000 0.000000 166.031799 166.024547 166.020084 166.018968 166.019526 166.020641 166.023989 166.028452 166.034030 166.041283 0.000000 0.000000 
0.000000 0.000000 0.000000 166.037378 166.029010 166.023431 166.021199 166.020641 166.021199 166.023989 166.027336 166.031799 166.038493 0.000000 0.000000 
0.000000 0.000000 0.000000 0.000000 166.033473 166.027336 166.023989 166.022873 166.022873 166.023989 166.026778 166.030683 166.035704 0.000000 0.000000 
0.000000 0.000000 0.000000 0.000000 166.038493 166.031799 166.026778 166.024547 166.024547 166.024547 166.026778 166.030125 166.034588 166.039609 0.000000 
0.000000 0.000000 0.000000 0.000000 0.000000 166.035704 166.030683 166.027336 166.026220 166.026220 166.027336 166.030125 166.033473 166.037936 0.000000 
0.000000 0.000000 0.000000 0.000000 0.000000 166.040167 166.034588 166.030125 166.028452 166.027894 166.028452 166.030125 166.032915 166.036820 0.000000 
0.000000 0.000000 0.000000 0.000000 0.000000 0.000000 166.038493 166.033473 166.030683 166.030125 166.029567 166.030683 166.032915 166.036262 166.040725 
0.000000 0.000000 0.000000 0.000000 0.000000 0.000000 0.000000 166.037378 166.033473 166.031799 166.031799 166.031799 166.033473 166.036262 166.039609 
0.000000 0.000000 0.000000 0.000000 0.000000 0.000000 0.000000 166.041283 166.036820 166.034588 166.033473 166.033473 166.034030 166.036262 166.039609 
0.000000 0.000000 0.000000 0.000000 0.000000 0.000000 0.000000 0.000000 166.040725 166.037378 166.035704 166.035146 166.035146 166.036820 166.039609 
0.000000 0.000000 0.000000 0.000000 0.000000 0.000000 0.000000 0.000000 0.000000 166.040167 166.037936 166.037378 166.036820 166.037936 166.039609 
0.000000 0.000000 0.000000 0.000000 0.000000 0.000000 0.000000 0.000000 0.000000 0.000000 166.040725 166.039051 166.039051 166.039051 166.040167 
0.000000 0.000000 0.000000 0.000000 0.000000 0.000000 0.000000 0.000000 0.000000 0.000000 0.000000 166.041283 166.040725 166.040725 166.041283 
