test/output/constant/M3M480_S060_A000_WD225.0_WS040.0/M3M480_S060_A000_WD225.0_WS040.0_ros.asc
ncols         12
nrows         28
xllcorner     425603.990666
yllcorner     12748655.311160
cellsize      100.000000
NODATA_value  0.000000
46.579735 46.579735 46.579735 33.559814 0.000000 0.000000 0.000000 0.000000 0.000000 0.000000 0.000000 0.000000 
46.579735 46.579735 46.579735 22.449778 39.838062 0.000000 0.000000 0.000000 0.000000 0.000000 0.000000 0.000000 
46.579735 46.579735 46.579735 45.696449 33.559814 0.000000 0.000000 0.000000 0.000000 0.000000 0.000000 0.000000 
46.579735 46.579735 46.579735 46.579735 33.559814 18.737436 0.000000 0.000000 0.000000 0.000000 0.000000 0.000000 
46.579735 46.579735 46.579735 46.579735 18.737436 39.838062 18.737436 0.000000 0.000000 0.000000 0.000000 0.000000 
46.579735 46.579735 46.579735 46.579735 46.579735 15.207524 22.449778 0.000000 0.000000 0.000000 0.000000 0.000000 
46.579735 46.579735 46.579735 46.579735 33.559814 18.737436 18.737436 18.737436 0.000000 0.000000 0.000000 0.000000 
45.963848 46.579735 46.579735 46.579735 46.579735 46.579735 18.737436 15.207524 0.000000 0.000000 0.000000 0.000000 
40.566460 44.748962 46.579735 46.579735 46.579735 29.974394 18.737436 18.737436 18.737436 0.000000 0.000000 0.000000 
40.566460 46.579735 46.579735 46.579735 46.579735 18.737436 22.449778 18.737436 22.449778 0.000000 0.000000 0.000000 
0.000000 34.495838 46.579735 46.579735 46.579735 46.579735 39.838062 15.207524 18.737436 0.000000 0.000000 0.000000 
0.000000 34.495838 46.579735 44.748962 46.579735 46.579735 26.233397 9.102548 18.737436 18.737436 0.000000 0.000000 
0.000000 37.725861 5.290757 46.539158 46.579735 46.579735 36.881222 18.737436 18.737436 22.449778 0.000000 0.000000 
0.000000 5.290757 3.747885 46.579735 46.579735 46.579735 26.233397 36.881222 18.737436 18.737436 15.207524 0.000000 
0.000000 0.000000 5.290757 3.747885 46.579735 46.579735 46.579735 18.737436 39.838062 11.964610 18.737436 0.000000 
0.000000 0.000000 2.676759 40.566460 45.963848 46.579735 46.579735 9.102548 36.881222 18.737436 9.102548 0.000000 
0.000000 0.000000 3.747885 37.725861 37.725861 46.579735 46.579735 46.579735 46.579735 15.207524 15.207524 0.000000 
0.000000 0.000000 0.000000 3.747885 5.290757 42.931431 46.579735 46.579735 33.559814 33.559814 18.737436 0.000000 
0.000000 0.000000 0.000000 3.747885 3.747885 37.725861 46.579735 46.579735 18.737436 15.207524 18.737436 18.737436 
0.000000 0.000000 0.000000 0.000000 3.747885 37.725861 37.725861 46.579735 46.579735 18.737436 6.699553 11.964610 
0.000000 0.000000 0.000000 0.000000 2.676759 37.725861 37.725861 46.579735 46.579735 18.737436 15.207524 15.207524 
0.000000 0.000000 0.000000 0.000000 0.000000 3.747885 34.495838 37.725861 46.579735 46.579735 9.102548 18.737436 
0.000000 0.000000 0.000000 0.000000 0.000000 30.974348 3.747885 37.725861 46.579735 46.579735 18.737436 18.737436 
0.000000 0.000000 0.000000 0.000000 0.000000 0.000000 3.747885 3.747885 46.579735 46.579735 18.737436 6.699553 
0.000000 0.000000 0.000000 0.000000 0.000000 0.000000 3.747885 3.747885 2.676759 46.579735 29.974394 18.737436 
0.000000 0.000000 0.000000 0.000000 0.000000 0.000000 0.000000 3.747885 2.676759 46.539158 46.579735 9.102548 
0.000000 0.000000 0.000000 0.000000 0.000000 0.000000 0.000000 0.000000 2.676759 2.676759 -1.000000 1.417339 
0.000000 0.000000 0.000000 0.000000 0.000000 0.000000 0.000000 0.000000 0.000000 2.479879 1.805855 2.306199 
