test/output/constant/M480_S060_A180_WD270.0_WS030.0/M480_S060_A180_WD270.0_WS030.0_arrival.asc
ncols         40
nrows         7
xllcorner     426603.990666
yllcorner     12748455.311160
cellsize      100.000000
NODATA_value  0.000000
0.000000 0.000000 0.000000 0.000000 0.000000 0.000000 0.000000 0.000000 0.000000 0.000000 0.000000 0.000000 0.000000 0.000000 0.000000 166.041667 166.040933 166.040506 166.040080 166.039654 166.039227 166.039227 166.039227 166.039227 166.039654 166.040506 166.040933 166.041667 0.000000 0.000000 0.000000 0.000000 0.000000 0.000000 0.000000 0.000000 0.000000 0.000000 0.000000 0.000000 
0.000000 0.000000 0.000000 0.000000 0.000000 166.035390 166.031126 166.028994 166.026436 166.025157 166.024730 166.023877 166.023877 166.023451 166.023451 166.024304 166.024730 166.025583 166.026436 166.026862 166.027715 166.028568 166.029420 166.029847 166.030700 166.031552 166.032405 166.033258 166.034537 166.035390 166.036243 166.037095 166.038375 166.039227 166.040080 166.041359 0.000000 0.000000 0.000000 0.000000 
0.000000 166.015776 166.010660 166.008528 166.008101 166.008101 166.008954 166.009380 166.010233 166.011086 166.011939 166.013218 166.014071 166.014923 166.016203 166.017055 166.018334 166.019187 166.020040 166.021319 166.022172 166.023451 166.024304 166.025157 166.026436 166.027289 166.028568 166.029420 166.030700 166.031552 166.032832 166.033684 166.034963 166.035816 166.037095 166.037948 166.039227 166.040080 166.041359 0.000000 
166.000000 166.000853 166.001706 166.002985 166.003837 166.005117 166.005969 166.007249 166.008101 166.009380 166.010233 166.011512 166.012365 166.013644 166.014497 166.015776 166.016629 166.017908 166.018761 166.020040 166.020893 166.022172 166.023025 166.024304 166.025157 166.026436 166.027289 166.028568 166.029420 166.030700 166.031552 166.032832 166.033684 166.034963 166.035816 166.037095 166.037948 166.039227 166.040080 166.041359 
0.000000 166.015776 166.010660 166.008528 166.008101 166.008101 166.008954 166.009380 166.010233 166.011086 166.011939 166.013218 166.014071 166.014923 166.016203 166.017055 166.018334 166.019187 166.020040 166.021319 166.022172 166.023451 166.024304 166.025157 166.026436 166.027289 166.028568 166.029420 166.030700 166.031552 166.032832 166.033684 166.034963 166.035816 166.037095 166.037948 166.039227 166.040080 166.041359 0.000000 
0.000000 0.000000 0.000000 0.000000 0.000000 166.035390 166.031126 166.028994 166.026436 166.025157 166.024730 166.023877 166.023877 166.023451 166.023451 166.024304 166.024730 166.025583 166.026436 166.026862 166.027715 166.028568 166.029420 166.029847 166.030700 166.031552 166.032405 166.033258 166.034537 166.035390 166.036243 166.037095 166.038375 166.039227 166.040080 166.041359 0.000000 0.000000 0.000000 0.000000 
0.000000 0.000000 0.000000 0.000000 0.000000 0.000000 0.000000 0.000000 0.000000 0.000000 0.000000 0.000000 0.000000 0.000000 0.000000 166.041667 166.040933 166.040506 166.040080 166.039654 166.039227 166.039227 166.039227 166.039227 166.039654 166.040506 166.040933 166.041667 0.000000 0.000000 0.000000 0.000000 0.000000 0.000000 0.000000 0.000000 0.000000 0.000000 0.000000 0.000000 
