test/output/constant/M470_S060_A270_WD180.0_WS020.0/M470_S060_A270_WD180.0_WS020.0_arrival.asc
ncols         7
nrows         34
xllcorner     426303.990666
yllcorner     12748755.311160
cellsize      100.000000
NODATA_value  0.000000
0.000000 0.000000 0.000000 166.041667 0.000000 0.000000 0.000000 
0.000000 0.000000 166.041382 166.040360 166.041382 0.000000 0.000000 
0.000000 0.000000 166.039849 166.039338 166.039849 0.000000 0.000000 
0.000000 0.000000 166.038828 166.037806 166.038828 0.000000 0.000000 
0.000000 166.041382 166.037295 166.036784 166.037295 166.041382 0.000000 
0.000000 166.039849 166.036273 166.035251 166.036273 166.039849 0.000000 
0.000000 166.038828 166.034740 166.034230 166.034740 166.038828 0.000000 
0.000000 166.037806 166.033719 166.032697 166.033719 166.037806 0.000000 
0.000000 166.036273 166.032186 166.031675 166.032186 166.036273 0.000000 
0.000000 166.035251 166.031164 166.030142 166.031164 166.035251 0.000000 
0.000000 166.034230 166.029632 166.029121 166.029632 166.034230 0.000000 
0.000000 166.033208 166.028610 166.027588 166.028610 166.033208 0.000000 
166.041382 166.032186 166.027077 166.026566 166.027077 166.032186 166.041382 
166.041382 166.031164 166.026055 166.025034 166.026055 166.031164 166.041382 
166.041382 166.030653 166.025034 166.024012 166.025034 166.030653 166.041382 
166.041382 166.029632 166.023501 166.022479 166.023501 166.029632 166.041382 
166.041382 166.028610 166.022479 166.021457 166.022479 166.028610 166.041382 
166.041667 166.027588 166.020946 166.019925 166.020946 166.027588 166.041667 
0.000000 166.027077 166.019925 166.018903 166.019925 166.027077 0.000000 
0.000000 166.026055 166.018903 166.017370 166.018903 166.026055 0.000000 
0.000000 166.025034 166.017370 166.016348 166.017370 166.025034 0.000000 
0.000000 166.025034 166.016348 166.014816 166.016348 166.025034 0.000000 
0.000000 166.025034 166.015327 166.013794 166.015327 166.025034 0.000000 
0.000000 166.025034 166.013794 166.012261 166.013794 166.025034 0.000000 
0.000000 166.025034 166.012772 166.011240 166.012772 166.025034 0.000000 
0.000000 166.026055 166.011750 166.009707 166.011750 166.026055 0.000000 
0.000000 166.027077 166.010729 166.008685 166.010729 166.027077 0.000000 
0.000000 166.029121 166.009707 166.007152 166.009707 166.029121 0.000000 
0.000000 166.032697 166.008685 166.006131 166.008685 166.032697 0.000000 
0.000000 166.037806 166.008685 166.004598 166.008685 166.037806 0.000000 
0.000000 0.000000 166.008685 166.003576 166.008685 0.000000 0.000000 
0.000000 0.000000 166.009707 166.002044 166.009707 0.000000 0.000000 
0.000000 0.000000 166.014816 166.001022 166.014816 0.000000 0.000000 
0.000000 0.000000 166.041667 166.000000 166.041667 0.000000 0.000000 
