test/output/constant/M3M400_S060_A090_WD225.0_WS015.0/M3M400_S060_A090_WD225.0_WS015.0_ros.asc
ncols         19
nrows         44
xllcorner     426403.990666
yllcorner     12744555.311160
cellsize      100.000000
NODATA_value  0.000000
0.000000 1.628824 2.420548 1.757138 0.000000 0.000000 0.000000 0.000000 0.000000 0.000000 0.000000 0.000000 0.000000 0.000000 0.000000 0.000000 0.000000 0.000000 0.000000 
0.000000 1.628824 -1.000000 2.020247 2.420548 0.000000 0.000000 0.000000 0.000000 0.000000 0.000000 0.000000 0.000000 0.000000 0.000000 0.000000 0.000000 0.000000 0.000000 
0.000000 12.050106 73.615662 73.615662 3.344083 2.799337 0.000000 0.000000 0.000000 0.000000 0.000000 0.000000 0.000000 0.000000 0.000000 0.000000 0.000000 0.000000 0.000000 
1.628824 33.346008 73.615662 73.615662 1.757138 2.799337 3.344083 0.000000 0.000000 0.000000 0.000000 0.000000 0.000000 0.000000 0.000000 0.000000 0.000000 0.000000 0.000000 
12.050106 16.555075 71.849319 73.615662 73.615662 7.561337 2.020247 2.020247 0.000000 0.000000 0.000000 0.000000 0.000000 0.000000 0.000000 0.000000 0.000000 0.000000 0.000000 
8.324304 39.478287 73.260155 73.615662 73.615662 55.265377 49.650249 43.696671 0.000000 0.000000 0.000000 0.000000 0.000000 0.000000 0.000000 0.000000 0.000000 0.000000 0.000000 
12.050106 21.710182 45.575394 73.615662 73.615662 72.925507 49.650249 2.420548 37.585484 0.000000 0.000000 0.000000 0.000000 0.000000 0.000000 0.000000 0.000000 0.000000 0.000000 
12.050106 33.346008 51.453171 73.615662 73.615662 73.615662 2.020247 55.265377 43.696671 2.799337 0.000000 0.000000 0.000000 0.000000 0.000000 0.000000 0.000000 0.000000 0.000000 
0.000000 39.478287 21.710182 73.615662 73.615662 73.615662 2.799337 49.650249 7.561337 49.650249 0.000000 0.000000 0.000000 0.000000 0.000000 0.000000 0.000000 0.000000 0.000000 
0.000000 12.050106 33.346008 73.615662 73.615662 73.615662 73.615662 73.615662 49.650249 2.420548 49.650249 0.000000 0.000000 0.000000 0.000000 0.000000 0.000000 0.000000 0.000000 
0.000000 12.050106 33.346008 21.710182 71.849319 73.615662 73.615662 73.615662 71.187119 2.020247 49.650249 0.000000 0.000000 0.000000 0.000000 0.000000 0.000000 0.000000 0.000000 
0.000000 21.710182 39.478287 21.710182 56.933849 73.615662 73.615662 72.925507 71.187119 55.265377 55.265377 49.650249 0.000000 0.000000 0.000000 0.000000 0.000000 0.000000 0.000000 
0.000000 21.710182 39.478287 16.555075 73.615662 73.615662 73.615662 73.615662 72.925507 49.650249 55.265377 2.420548 0.000000 0.000000 0.000000 0.000000 0.000000 0.000000 0.000000 
0.000000 21.710182 39.478287 16.555075 16.555075 73.615662 73.615662 73.615662 73.615662 49.650249 2.020247 49.650249 2.799337 0.000000 0.000000 0.000000 0.000000 0.000000 0.000000 
0.000000 27.363409 39.478287 69.423935 73.615662 73.615662 73.615662 73.615662 73.400719 73.615662 73.615662 55.265377 49.650249 0.000000 0.000000 0.000000 0.000000 0.000000 0.000000 
0.000000 0.000000 12.050106 16.555075 21.710182 71.849319 73.615662 73.615662 73.615662 73.615662 73.615662 55.265377 49.650249 0.000000 0.000000 0.000000 0.000000 0.000000 0.000000 
0.000000 0.000000 21.710182 45.575394 69.423935 73.615662 73.615662 73.615662 73.615662 68.455231 73.615662 73.400719 49.650249 49.650249 0.000000 0.000000 0.000000 0.000000 0.000000 
0.000000 0.000000 21.710182 71.849319 73.568703 8.324304 73.615662 73.615662 73.615662 72.925507 73.615662 55.265377 55.265377 49.650249 0.000000 0.000000 0.000000 0.000000 0.000000 
0.000000 0.000000 21.710182 39.478287 73.568703 21.710182 16.555075 73.615662 73.615662 73.615662 68.455231 73.615662 55.265377 49.650249 49.650249 0.000000 0.000000 0.000000 0.000000 
0.000000 0.000000 27.363409 33.346008 73.260155 69.423935 56.933849 73.615662 73.615662 73.615662 71.187119 73.400719 55.265377 2.420548 49.650249 0.000000 0.000000 0.000000 0.000000 
0.000000 0.000000 0.000000 51.453171 66.057365 39.478287 73.615662 73.615662 73.615662 73.615662 73.615662 73.615662 60.371395 55.265377 72.925507 0.000000 0.000000 0.000000 0.000000 
0.000000 0.000000 0.000000 45.575394 45.575394 73.615662 45.575394 61.851547 73.615662 73.615662 73.615662 71.187119 60.371395 73.615662 73.615662 49.650249 0.000000 0.000000 0.000000 
0.000000 0.000000 0.000000 12.050106 71.849319 61.851547 45.575394 73.615662 51.453171 73.615662 73.615662 73.400719 73.615662 73.615662 73.615662 49.650249 0.000000 0.000000 0.000000 
0.000000 0.000000 0.000000 0.000000 45.575394 73.615662 39.478287 61.851547 73.615662 73.615662 73.615662 73.615662 2.020247 73.400719 68.455231 49.650249 0.000000 0.000000 0.000000 
0.000000 0.000000 0.000000 0.000000 69.423935 66.057365 69.423935 12.050106 8.324304 66.057365 73.615662 73.615662 71.187119 71.187119 73.400719 68.455231 49.650249 0.000000 0.000000 
0.000000 0.000000 0.000000 0.000000 39.478287 16.555075 45.575394 51.453171 73.615662 61.851547 73.615662 73.615662 73.400719 73.615662 73.615662 49.650249 49.650249 0.000000 0.000000 
0.000000 0.000000 0.000000 0.000000 0.000000 16.555075 73.568703 56.933849 69.423935 8.324304 73.615662 73.615662 73.615662 73.615662 73.400719 2.799337 1.757138 0.000000 0.000000 
0.000000 0.000000 0.000000 0.000000 0.000000 12.050106 8.324304 73.615662 61.851547 66.057365 61.851547 73.615662 68.455231 71.187119 73.615662 72.925507 73.615662 0.000000 0.000000 
0.000000 0.000000 0.000000 0.000000 0.000000 66.057365 66.057365 45.575394 56.933849 66.057365 61.851547 73.615662 73.615662 73.400719 73.615662 73.615662 73.615662 73.615662 0.000000 
0.000000 0.000000 0.000000 0.000000 0.000000 0.000000 45.575394 69.423935 56.933849 73.615662 73.615662 73.615662 73.615662 71.187119 68.455231 73.615662 73.615662 71.187119 0.000000 
0.000000 0.000000 0.000000 0.000000 0.000000 0.000000 61.851547 39.478287 73.615662 73.260155 56.933849 21.710182 73.615662 73.615662 73.615662 73.615662 73.615662 72.925507 0.000000 
0.000000 0.000000 0.000000 0.000000 0.000000 0.000000 0.000000 66.057365 61.851547 73.615662 73.615662 73.615662 73.615662 73.615662 73.615662 73.615662 73.615662 73.615662 0.000000 
0.000000 0.000000 0.000000 0.000000 0.000000 0.000000 0.000000 66.057365 51.453171 45.575394 73.615662 73.615662 73.615662 73.615662 73.615662 72.925507 73.615662 73.615662 0.000000 
0.000000 0.000000 0.000000 0.000000 0.000000 0.000000 0.000000 0.000000 45.575394 73.615662 73.615662 73.615662 73.615662 73.615662 73.615662 73.615662 73.615662 71.187119 72.925507 
0.000000 0.000000 0.000000 0.000000 0.000000 0.000000 0.000000 0.000000 73.615662 73.615662 73.615662 73.615662 73.615662 73.568703 73.615662 68.455231 73.615662 73.615662 68.455231 
0.000000 0.000000 0.000000 0.000000 0.000000 0.000000 0.000000 0.000000 0.000000 73.615662 73.615662 73.615662 73.615662 73.615662 73.615662 73.615662 73.615662 73.615662 73.615662 
0.000000 0.000000 0.000000 0.000000 0.000000 0.000000 0.000000 0.000000 0.000000 73.615662 51.453171 73.615662 73.615662 73.615662 73.615662 73.615662 73.615662 73.615662 73.615662 
0.000000 0.000000 0.000000 0.000000 0.000000 0.000000 0.000000 0.000000 0.000000 0.000000 73.615662 73.615662 73.615662 73.615662 73.615662 73.615662 73.615662 73.615662 73.615662 
0.000000 0.000000 0.000000 0.000000 0.000000 0.000000 0.000000 0.000000 0.000000 0.000000 0.000000 56.933849 73.615662 73.615662 73.615662 73.615662 73.615662 73.615662 73.615662 
0.000000 0.000000 0.000000 0.000000 0.000000 0.000000 0.000000 0.000000 0.000000 0.000000 0.000000 73.615662 56.933849 73.615662 73.615662 73.615662 73.615662 73.615662 73.615662 
0.000000 0.000000 0.000000 0.000000 0.000000 0.000000 0.000000 0.000000 0.000000 0.000000 0.000000 0.000000 73.615662 73.615662 73.615662 73.615662 73.615662 73.615662 73.615662 
0.000000 0.000000 0.000000 0.000000 0.000000 0.000000 0.000000 0.000000 0.000000 0.000000 0.000000 0.000000 0.000000 73.615662 73.615662 73.615662 73.615662 73.615662 73.615662 
0.000000 0.000000 0.000000 0.000000 0.000000 0.000000 0.000000 0.000000 0.000000 0.000000 0.000000 0.000000 0.000000 0.000000 56.933849 73.615662 73.615662 73.615662 0.000000 
0.000000 0.000000 0.000000 0.000000 0.000000 0.000000 0.000000 0.000000 0.000000 0.000000 0.000000 0.000000 0.000000 0.000000 0.000000 73.615662 73.615662 73.615662 0.000000 
