test/output/constant/M490_S060_A090_WD000.0_WS045.0/M490_S060_A090_WD000.0_WS045.0_arrival.asc
ncols         7
nrows         46
xllcorner     426303.990666
yllcorner     12744255.311160
cellsize      100.000000
NODATA_value  0.000000
0.000000 0.000000 0.000000 166.000000 0.000000 0.000000 0.000000 
0.000000 0.000000 166.019349 166.000744 166.019349 0.000000 0.000000 
0.000000 0.000000 166.011535 166.001488 166.011535 0.000000 0.000000 
0.000000 0.000000 166.008930 166.002605 166.008930 0.000000 0.000000 
0.000000 0.000000 166.008186 166.003349 166.008186 0.000000 0.000000 
0.000000 166.040931 166.007814 166.004465 166.007814 166.040931 0.000000 
0.000000 166.034233 166.008186 166.005209 166.008186 166.034233 0.000000 
0.000000 166.031256 166.008930 166.006326 166.008930 166.031256 0.000000 
0.000000 166.028651 166.009302 166.007070 166.009302 166.028651 0.000000 
0.000000 166.026791 166.010047 166.008186 166.010047 166.026791 0.000000 
0.000000 166.025675 166.010791 166.008930 166.010791 166.025675 0.000000 
0.000000 166.024558 166.011535 166.010047 166.011535 166.024558 0.000000 
0.000000 166.024186 166.012651 166.010791 166.012651 166.024186 0.000000 
0.000000 166.023814 166.013395 166.011907 166.013395 166.023814 0.000000 
0.000000 166.023442 166.014140 166.012651 166.014140 166.023442 0.000000 
0.000000 166.023442 166.015256 166.013768 166.015256 166.023442 0.000000 
0.000000 166.023442 166.016000 166.014512 166.016000 166.023442 0.000000 
0.000000 166.023814 166.017116 166.015628 166.017116 166.023814 0.000000 
166.041303 166.024558 166.017861 166.016372 166.017861 166.024558 166.041303 
166.040558 166.025303 166.018977 166.017489 166.018977 166.025303 166.040558 
166.040186 166.025675 166.019721 166.018233 166.019721 166.025675 166.040186 
166.039814 166.026419 166.020837 166.019349 166.020837 166.026419 166.039814 
166.039442 166.027163 166.021582 166.020093 166.021582 166.027163 166.039442 
166.039070 166.027907 166.022326 166.021209 166.022326 166.027907 166.039070 
166.039070 166.028279 166.023442 166.021954 166.023442 166.028279 166.039070 
166.039070 166.029024 166.024186 166.023070 166.024186 166.029024 166.039070 
166.039070 166.029768 166.025303 166.023814 166.025303 166.029768 166.039070 
166.039442 166.030512 166.026047 166.024930 166.026047 166.030512 166.039442 
166.039814 166.031256 166.027163 166.025675 166.027163 166.031256 166.039814 
166.040558 166.032000 166.027907 166.026791 166.027907 166.032000 166.040558 
166.040931 166.032744 166.028651 166.027535 166.028651 166.032744 166.040931 
166.041667 166.033489 166.029768 166.028651 166.029768 166.033489 166.041667 
0.000000 166.034233 166.030512 166.029396 166.030512 166.034233 0.000000 
0.000000 166.034977 166.031628 166.030512 166.031628 166.034977 0.000000 
0.000000 166.036093 166.032372 166.031256 166.032372 166.036093 0.000000 
0.000000 166.036838 166.033489 166.032372 166.033489 166.036838 0.000000 
0.000000 166.037582 166.034233 166.033117 166.034233 166.037582 0.000000 
0.000000 166.038326 166.035349 166.034233 166.035349 166.038326 0.000000 
0.000000 166.039442 166.036093 166.034977 166.036093 166.039442 0.000000 
0.000000 166.040186 166.037210 166.036093 166.037210 166.040186 0.000000 
0.000000 166.041303 166.037954 166.036838 166.037954 166.041303 0.000000 
0.000000 0.000000 166.038698 166.037954 166.038698 0.000000 0.000000 
0.000000 0.000000 166.039814 166.038698 166.039814 0.000000 0.000000 
0.000000 0.000000 166.040558 166.039814 166.040558 0.000000 0.000000 
0.000000 0.000000 166.041667 166.040558 166.041667 0.000000 0.000000 
0.000000 0.000000 0.000000 166.041667 0.000000 0.000000 0.000000 
