test/output/constant/M290_S060_A180_WD270.0_WS050.0/M290_S060_A180_WD270.0_WS050.0_arrival.asc
ncols         41
nrows         5
xllcorner     426603.990666
yllcorner     12748555.311160
cellsize      100.000000
NODATA_value  0.000000
0.000000 0.000000 0.000000 0.000000 0.000000 0.000000 166.039424 166.035275 166.032785 166.030295 166.029050 166.027805 166.027390 166.026975 166.026560 166.026560 166.026560 166.026975 166.027805 166.028220 166.029050 166.029880 166.030295 166.031125 166.031955 166.032785 166.033200 166.034030 166.034860 166.035690 166.036520 166.037350 166.038595 166.039424 166.040254 166.041499 0.000000 0.000000 0.000000 0.000000 0.000000 
0.000000 166.021580 166.012865 166.010375 166.009130 166.009130 166.009130 166.009960 166.010790 166.011205 166.012035 166.012865 166.014110 166.014940 166.016185 166.017015 166.017845 166.019090 166.019920 166.021165 166.021995 166.023240 166.024070 166.024900 166.026145 166.026975 166.028220 166.029050 166.030295 166.031125 166.032370 166.033200 166.034030 166.035275 166.036105 166.037350 166.038180 166.039424 166.040254 166.041499 0.000000 
166.000000 166.000830 166.001660 166.002905 166.003735 166.004980 166.005810 166.007055 166.007885 166.009130 166.009960 166.011205 166.012035 166.013280 166.014110 166.015355 166.016185 166.017430 166.018260 166.019505 166.020335 166.021580 166.022410 166.023655 166.024485 166.025730 166.026560 166.027805 166.028635 166.029880 166.030710 166.031955 166.032785 166.034030 166.034860 166.036105 166.036935 166.038180 166.039010 166.040254 166.041084 
0.000000 166.021580 166.012865 166.010375 166.009130 166.009130 166.009130 166.009960 166.010790 166.011205 166.012035 166.012865 166.014110 166.014940 166.016185 166.017015 166.017845 166.019090 166.019920 166.021165 166.021995 166.023240 166.024070 166.024900 166.026145 166.026975 166.028220 166.029050 166.030295 166.031125 166.032370 166.033200 166.034030 166.035275 166.036105 166.037350 166.038180 166.039424 166.040254 166.041499 0.000000 
0.000000 0.000000 0.000000 0.000000 0.000000 0.000000 166.039424 166.035275 166.032785 166.030295 166.029050 166.027805 166.027390 166.026975 166.026560 166.026560 166.026560 166.026975 166.027805 166.028220 166.029050 166.029880 166.030295 166.031125 166.031955 166.032785 166.033200 166.034030 166.034860 166.035690 166.036520 166.037350 166.038595 166.039424 166.040254 166.041499 0.000000 0.000000 0.000000 0.000000 0.000000 
