test/output/constant/M395_S060_A000_WD315.0_WS045.0/M395_S060_A000_WD315.0_WS045.0_ros.asc
ncols         15
nrows         39
xllcorner     425403.990666
yllcorner     12745055.311160
cellsize      100.000000
NODATA_value  0.000000
0.000000 0.000000 0.000000 0.000000 0.000000 0.000000 0.000000 0.000000 0.000000 0.000000 0.000000 2.512607 1.352881 1.331028 0.000000 
0.000000 0.000000 0.000000 0.000000 0.000000 0.000000 0.000000 0.000000 0.000000 0.000000 3.002312 3.002312 -1.000000 2.012437 0.000000 
0.000000 0.000000 0.000000 0.000000 0.000000 0.000000 0.000000 0.000000 0.000000 1.905247 3.002312 63.982632 63.982632 13.995973 2.012437 
0.000000 0.000000 0.000000 0.000000 0.000000 0.000000 0.000000 0.000000 3.639341 5.372298 3.639341 63.916599 63.982632 13.995973 13.995973 
0.000000 0.000000 0.000000 0.000000 0.000000 0.000000 0.000000 0.000000 3.002312 5.372298 49.429874 63.982632 59.743343 18.292742 10.284856 
0.000000 0.000000 0.000000 0.000000 0.000000 0.000000 0.000000 3.002312 44.705090 5.372298 63.982632 63.982632 28.129547 13.995973 18.292742 
0.000000 0.000000 0.000000 0.000000 0.000000 0.000000 0.000000 3.639341 49.429874 49.429874 63.982632 63.982632 33.376003 18.292742 10.284856 
0.000000 0.000000 0.000000 0.000000 0.000000 0.000000 2.512607 3.002312 5.372298 3.639341 63.982632 48.541954 23.051001 18.292742 13.995973 
0.000000 0.000000 0.000000 0.000000 0.000000 0.000000 7.818912 5.372298 5.372298 63.982632 63.982632 62.030106 28.129547 18.292742 0.000000 
0.000000 0.000000 0.000000 0.000000 0.000000 0.000000 3.639341 1.905247 53.678879 63.982632 63.982632 59.743343 18.292742 28.129547 0.000000 
0.000000 0.000000 0.000000 0.000000 0.000000 44.705090 53.678879 5.372298 63.982632 63.982632 63.982632 28.129547 18.292742 18.292742 0.000000 
0.000000 0.000000 0.000000 0.000000 0.000000 5.372298 1.905247 53.678879 63.982632 63.982632 63.982632 28.129547 18.292742 28.129547 0.000000 
0.000000 0.000000 0.000000 0.000000 49.429874 1.905247 5.372298 53.678879 63.982632 63.982632 63.982632 33.376003 18.292742 28.129547 0.000000 
0.000000 0.000000 0.000000 0.000000 49.429874 49.429874 53.678879 63.982632 63.982632 63.982632 28.129547 23.051001 28.129547 28.129547 0.000000 
0.000000 0.000000 0.000000 0.000000 49.429874 5.372298 57.323116 63.982632 63.982632 63.982632 43.739006 33.376003 28.129547 23.051001 0.000000 
0.000000 0.000000 0.000000 3.002312 49.429874 53.678879 53.678879 63.982632 63.982632 63.982632 33.376003 33.376003 23.051001 10.284856 0.000000 
0.000000 0.000000 0.000000 49.429874 49.429874 49.429874 60.251934 63.982632 63.982632 63.982632 48.541954 28.129547 23.051001 0.000000 0.000000 
0.000000 0.000000 0.000000 49.429874 49.429874 63.982632 63.982632 63.982632 63.982632 33.376003 23.051001 33.376003 7.258893 0.000000 0.000000 
0.000000 0.000000 0.000000 53.678879 53.678879 63.982632 63.982632 63.982632 56.667336 52.895401 13.995973 10.284856 28.129547 0.000000 0.000000 
0.000000 0.000000 5.372298 2.512607 53.678879 63.982632 63.982632 63.982632 63.982632 56.667336 33.376003 18.292742 33.376003 0.000000 0.000000 
0.000000 0.000000 53.678879 49.429874 63.982632 62.376366 62.376366 63.982632 63.982632 18.292742 28.129547 13.995973 18.292742 0.000000 0.000000 
0.000000 0.000000 3.002312 53.678879 63.982632 63.982632 63.982632 63.982632 63.982632 43.739006 13.995973 10.284856 18.292742 0.000000 0.000000 
0.000000 0.000000 53.678879 5.372298 63.982632 63.982632 63.982632 33.376003 38.632141 28.129547 28.129547 18.292742 0.000000 0.000000 0.000000 
0.000000 49.429874 5.372298 49.429874 63.982632 63.982632 63.982632 63.982632 59.743343 33.376003 23.051001 13.995973 0.000000 0.000000 0.000000 
0.000000 53.678879 3.639341 62.376366 63.982632 63.982632 63.982632 63.982632 33.376003 28.129547 28.129547 10.284856 0.000000 0.000000 0.000000 
0.000000 53.678879 53.678879 63.982632 63.982632 63.982632 63.982632 63.982632 18.292742 28.129547 18.292742 0.000000 0.000000 0.000000 0.000000 
0.000000 3.639341 63.982632 63.982632 63.916599 63.982632 63.982632 63.829483 28.129547 18.292742 33.376003 0.000000 0.000000 0.000000 0.000000 
0.000000 57.323116 63.982632 63.982632 63.982632 63.982632 63.982632 18.292742 18.292742 33.376003 28.129547 0.000000 0.000000 0.000000 0.000000 
0.000000 5.372298 63.982632 63.982632 63.982632 62.030106 43.739006 28.129547 23.051001 33.376003 0.000000 0.000000 0.000000 0.000000 0.000000 
0.000000 63.982632 63.982632 63.982632 63.982632 56.667336 23.051001 62.030106 23.051001 13.995973 0.000000 0.000000 0.000000 0.000000 0.000000 
0.000000 63.982632 60.251934 63.982632 63.982632 62.030106 59.743343 18.292742 33.376003 0.000000 0.000000 0.000000 0.000000 0.000000 0.000000 
63.982632 63.982632 63.982632 63.982632 63.982632 63.982632 13.995973 62.030106 33.376003 0.000000 0.000000 0.000000 0.000000 0.000000 0.000000 
63.982632 63.982632 63.982632 63.982632 63.982632 59.743343 18.292742 18.292742 33.376003 0.000000 0.000000 0.000000 0.000000 0.000000 0.000000 
0.000000 63.631866 63.982632 63.982632 63.982632 28.129547 43.739006 43.739006 0.000000 0.000000 0.000000 0.000000 0.000000 0.000000 0.000000 
0.000000 57.323116 63.916599 63.982632 48.541954 63.829483 62.030106 33.376003 0.000000 0.000000 0.000000 0.000000 0.000000 0.000000 0.000000 
0.000000 63.982632 63.982632 63.982632 63.982632 56.667336 48.541954 0.000000 0.000000 0.000000 0.000000 0.000000 0.000000 0.000000 0.000000 
0.000000 63.982632 63.982632 63.982632 63.982632 56.667336 0.000000 0.000000 0.000000 0.000000 0.000000 0.000000 0.000000 0.000000 0.000000 
0.000000 63.982632 63.982632 63.982632 43.739006 0.000000 0.000000 0.000000 0.000000 0.000000 0.000000 0.000000 0.000000 0.000000 0.000000 
0.000000 63.982632 63.982632 28.129547 63.982632 0.000000 0.000000 0.000000 0.000000 0.000000 0.000000 0.000000 0.000000 0.000000 0.000000 
