test/output/constant/M395_S060_A000_WD315.0_WS045.0/M395_S060_A000_WD315.0_WS045.0_raz.asc
ncols         15
nrows         39
xllcorner     425403.990666
yllcorner     12745055.311160
cellsize      100.000000
NODATA_value  0.000000
0 0 0 0 0 0 0 0 0 0 0 284 352 14 0 
0 0 0 0 0 0 0 0 0 0 274 274 254 84 0 
0 0 0 0 0 0 0 0 0 305 274 194 194 167 84 
0 0 0 0 0 0 0 0 264 248 264 195 194 167 167 
0 0 0 0 0 0 0 0 274 248 202 194 191 172 161 
0 0 0 0 0 0 0 274 204 248 194 194 179 167 172 
0 0 0 0 0 0 0 264 202 202 194 194 181 172 161 
0 0 0 0 0 0 284 274 248 264 194 187 176 172 167 
0 0 0 0 0 0 236 248 248 194 194 192 179 172 0 
0 0 0 0 0 0 264 305 201 194 194 191 172 179 0 
0 0 0 0 0 204 201 248 194 194 194 179 172 172 0 
0 0 0 0 0 248 305 201 194 194 194 179 172 179 0 
0 0 0 0 202 305 248 201 194 194 194 181 172 179 0 
0 0 0 0 202 202 201 194 194 194 179 176 179 179 0 
0 0 0 0 202 248 199 194 194 194 185 181 179 176 0 
0 0 0 274 202 201 201 194 194 194 181 181 176 161 0 
0 0 0 202 202 202 198 194 194 194 187 179 176 0 0 
0 0 0 202 202 194 194 194 194 181 176 181 153 0 0 
0 0 0 201 201 194 194 194 190 188 167 161 179 0 0 
0 0 248 284 201 194 194 194 194 190 181 172 181 0 0 
0 0 201 202 194 197 197 194 194 172 179 167 172 0 0 
0 0 274 201 194 194 194 194 194 185 167 161 172 0 0 
0 0 201 248 194 194 194 181 183 179 179 172 0 0 0 
0 202 248 202 194 194 194 194 191 181 176 167 0 0 0 
0 201 264 197 194 194 194 194 181 179 179 161 0 0 0 
0 201 201 194 194 194 194 194 172 179 172 0 0 0 0 
0 264 194 194 195 194 194 194 179 172 181 0 0 0 0 
0 199 194 194 194 194 194 172 172 181 179 0 0 0 0 
0 248 194 194 194 192 185 179 176 181 0 0 0 0 0 
0 194 194 194 194 190 176 192 176 167 0 0 0 0 0 
0 194 198 194 194 192 191 172 181 0 0 0 0 0 0 
194 194 194 194 194 194 167 192 181 0 0 0 0 0 0 
194 194 194 194 194 191 172 172 181 0 0 0 0 0 0 
0 196 194 194 194 179 185 185 0 0 0 0 0 0 0 
0 199 195 194 187 194 192 181 0 0 0 0 0 0 0 
0 194 194 194 194 190 187 0 0 0 0 0 0 0 0 
0 194 194 194 194 190 0 0 0 0 0 0 0 0 0 
0 194 194 194 185 0 0 0 0 0 0 0 0 0 0 
0 194 194 179 194 0 0 0 0 0 0 0 0 0 0 
