test/output/constant/M3M445_S060_A000_WD045.0_WS010.0/M3M445_S060_A000_WD045.0_WS010.0_arrival.asc
ncols         28
nrows         8
xllcorner     423903.990666
yllcorner     12748155.311160
cellsize      100.000000
NODATA_value  0.000000
0.000000 0.000000 0.000000 0.000000 0.000000 0.000000 0.000000 0.000000 0.000000 0.000000 0.000000 0.000000 0.000000 0.000000 0.000000 0.000000 166.041014 166.038602 166.035586 166.033173 166.030158 166.028951 166.027142 166.025332 166.024126 166.023523 166.027142 166.038602 
0.000000 0.000000 0.000000 0.000000 0.000000 0.000000 0.000000 0.000000 0.000000 166.041617 166.038602 166.036189 166.033173 166.030761 166.028348 166.025332 166.022920 166.020507 166.017491 166.015079 166.012666 166.010254 166.007841 166.006032 166.004222 166.002413 166.001206 166.000000 
0.000000 0.000000 0.000000 0.000000 0.000000 0.000000 166.039808 166.037395 166.034380 166.032570 166.030158 166.027745 166.025332 166.022920 166.021110 166.018698 166.016888 166.015079 166.013269 166.012063 166.010254 166.009047 166.007238 166.005428 166.004222 166.004222 166.004222 166.016285 
0.000000 0.000000 0.000000 166.040411 166.038602 166.036189 166.033776 166.031967 166.029554 166.027745 166.025936 166.024126 166.022920 166.021110 166.019301 166.018095 166.016285 166.015079 166.013269 166.012063 166.011460 166.010857 166.011460 166.012063 166.015682 166.025332 0.000000 0.000000 
0.000000 166.041014 166.038602 166.036792 166.034983 166.033776 166.031967 166.030158 166.028951 166.027142 166.025936 166.024126 166.022920 166.021110 166.019904 166.019301 166.018698 166.018095 166.018698 166.018698 166.019904 166.022317 166.027142 166.036189 0.000000 0.000000 0.000000 0.000000 
166.041014 166.039808 166.037999 166.036792 166.034983 166.033173 166.031967 166.030761 166.028951 166.028348 166.027142 166.026539 166.025936 166.025332 166.025332 166.025936 166.026539 166.027142 166.030158 166.033776 166.039205 0.000000 0.000000 0.000000 0.000000 0.000000 0.000000 0.000000 
166.041014 166.039808 166.038602 166.036792 166.036189 166.034983 166.034380 166.033173 166.033173 166.032570 166.032570 166.033173 166.033173 166.033776 166.034983 166.037395 166.041014 0.000000 0.000000 0.000000 0.000000 0.000000 0.000000 0.000000 0.000000 0.000000 0.000000 0.000000 
0.000000 0.000000 166.041014 166.040411 166.040411 166.039808 166.039808 166.040411 166.040411 166.041014 166.041617 0.000000 0.000000 0.000000 0.000000 0.000000 0.000000 0.000000 0.000000 0.000000 0.000000 0.000000 0.000000 0.000000 0.000000 0.000000 0.000000 0.000000 
