test/output/constant/M3M460_S060_A270_WD045.0_WS030.0/M3M460_S060_A270_WD045.0_WS030.0_arrival.asc
ncols         17
nrows         13
xllcorner     425103.990666
yllcorner     12748655.311160
cellsize      100.000000
NODATA_value  0.000000
166.041665 166.040848 166.040848 166.041665 0.000000 0.000000 0.000000 0.000000 0.000000 0.000000 0.000000 0.000000 0.000000 0.000000 0.000000 0.000000 0.000000 
166.040031 166.038397 166.037580 166.036763 166.037580 166.038397 166.041665 0.000000 0.000000 0.000000 0.000000 0.000000 0.000000 0.000000 0.000000 0.000000 0.000000 
166.040031 166.037580 166.035129 166.033495 166.033495 166.033495 166.034312 166.036763 166.040848 0.000000 0.000000 0.000000 0.000000 0.000000 0.000000 0.000000 0.000000 
166.040848 166.037580 166.035129 166.031861 166.030227 166.029410 166.029410 166.030227 166.032678 166.036763 0.000000 0.000000 0.000000 0.000000 0.000000 0.000000 0.000000 
0.000000 166.039214 166.035129 166.031861 166.029410 166.026959 166.025326 166.025326 166.026142 166.028593 166.032678 166.040848 0.000000 0.000000 0.000000 0.000000 0.000000 
0.000000 0.000000 166.037580 166.032678 166.029410 166.026142 166.023692 166.022058 166.021241 166.022058 166.023692 166.028593 166.037580 0.000000 0.000000 0.000000 0.000000 
0.000000 0.000000 0.000000 166.036763 166.031044 166.026959 166.023692 166.021241 166.018790 166.017973 166.017973 166.019607 166.025326 166.035129 0.000000 0.000000 0.000000 
0.000000 0.000000 0.000000 0.000000 166.036763 166.031044 166.025326 166.021241 166.017973 166.015522 166.013888 166.013888 166.015522 166.021241 166.032678 0.000000 0.000000 
0.000000 0.000000 0.000000 0.000000 0.000000 166.037580 166.031044 166.024509 166.019607 166.015522 166.013071 166.010620 166.009803 166.011437 166.017973 166.033495 0.000000 
0.000000 0.000000 0.000000 0.000000 0.000000 0.000000 166.040848 166.032678 166.025326 166.018790 166.013071 166.009803 166.007353 166.006536 166.006536 166.017156 0.000000 
0.000000 0.000000 0.000000 0.000000 0.000000 0.000000 0.000000 0.000000 166.036763 166.027776 166.019607 166.012254 166.007353 166.004902 166.002451 166.002451 166.032678 
0.000000 0.000000 0.000000 0.000000 0.000000 0.000000 0.000000 0.000000 0.000000 0.000000 166.035129 166.025326 166.015522 166.006536 166.001634 166.000000 166.026959 
0.000000 0.000000 0.000000 0.000000 0.000000 0.000000 0.000000 0.000000 0.000000 0.000000 0.000000 0.000000 0.000000 166.032678 166.024509 166.021241 166.036763 
