test/output/constant/M3M460_S060_A270_WD045.0_WS030.0/M3M460_S060_A270_WD045.0_WS030.0_ros.asc
ncols         17
nrows         13
xllcorner     425103.990666
yllcorner     12748655.311160
cellsize      100.000000
NODATA_value  0.000000
30.447876 30.447876 28.249733 4.167531 0.000000 0.000000 0.000000 0.000000 0.000000 0.000000 0.000000 0.000000 0.000000 0.000000 0.000000 0.000000 0.000000 
30.447876 30.447876 30.447876 30.112692 13.595134 22.958555 4.167531 0.000000 0.000000 0.000000 0.000000 0.000000 0.000000 0.000000 0.000000 0.000000 0.000000 
30.447876 30.447876 30.447876 30.112692 15.980460 3.091964 30.112692 22.958555 22.958555 0.000000 0.000000 0.000000 0.000000 0.000000 0.000000 0.000000 0.000000 
29.779535 30.324108 30.447876 30.447876 30.447876 30.447876 30.447876 22.958555 22.958555 22.958555 0.000000 0.000000 0.000000 0.000000 0.000000 0.000000 0.000000 
0.000000 8.106818 30.447876 30.447876 30.447876 30.447876 29.373823 30.447876 30.443903 4.167531 20.733160 4.167531 0.000000 0.000000 0.000000 0.000000 0.000000 
0.000000 0.000000 8.106818 25.884230 29.779535 30.447876 30.447876 30.447876 30.112692 4.167531 20.733160 20.733160 2.071957 0.000000 0.000000 0.000000 0.000000 
0.000000 0.000000 0.000000 8.106818 25.884230 28.837194 30.447876 30.447876 30.447876 30.447876 26.774502 22.958555 2.505089 3.091964 0.000000 0.000000 0.000000 
0.000000 0.000000 0.000000 0.000000 6.314233 6.314233 27.525549 30.324108 30.447876 30.447876 30.447876 30.112692 5.549362 5.549362 5.549362 0.000000 0.000000 
0.000000 0.000000 0.000000 0.000000 0.000000 19.518227 6.314233 21.819273 8.106818 21.819273 30.447876 30.447876 30.112692 2.505089 4.167531 2.505089 0.000000 
0.000000 0.000000 0.000000 0.000000 0.000000 0.000000 8.106818 6.314233 8.106818 6.314233 27.525549 30.447876 30.447876 30.447876 22.958555 3.091964 0.000000 
0.000000 0.000000 0.000000 0.000000 0.000000 0.000000 0.000000 0.000000 12.371702 8.106818 6.314233 19.518227 30.447876 30.447876 30.447876 22.958555 3.091964 
0.000000 0.000000 0.000000 0.000000 0.000000 0.000000 0.000000 0.000000 0.000000 0.000000 8.106818 6.314233 6.314233 17.128868 30.447876 -1.000000 3.091964 
0.000000 0.000000 0.000000 0.000000 0.000000 0.000000 0.000000 0.000000 0.000000 0.000000 0.000000 0.000000 0.000000 6.314233 6.314233 2.783724 1.351508 
