test/output/constant/M195_S000_A090_WD270.0_WS050.0/M195_S000_A090_WD270.0_WS050.0_arrival.asc
ncols         39
nrows         7
xllcorner     426603.990666
yllcorner     12748455.311160
cellsize      100.000000
NODATA_value  0.000000
0.000000 0.000000 0.000000 0.000000 0.000000 0.000000 0.000000 0.000000 0.000000 0.000000 166.041373 166.039613 166.037852 166.036972 166.036532 166.035651 166.035211 166.035211 166.035211 166.035211 166.035211 166.035651 166.036092 166.036972 166.037852 166.038292 166.039173 166.040053 166.040493 166.041373 0.000000 0.000000 0.000000 0.000000 0.000000 0.000000 0.000000 0.000000 0.000000 
0.000000 0.000000 0.000000 166.038732 166.031250 166.027289 166.024648 166.022887 166.022007 166.021567 166.021127 166.021127 166.021127 166.021567 166.022447 166.022887 166.023768 166.024648 166.025088 166.025968 166.026849 166.027729 166.028609 166.029489 166.030370 166.031250 166.032570 166.033451 166.034331 166.035211 166.036532 166.037412 166.038292 166.039613 166.040493 166.041667 0.000000 0.000000 0.000000 
166.032130 166.011884 166.007923 166.007482 166.007042 166.007482 166.008363 166.009243 166.010123 166.011004 166.011884 166.013204 166.014085 166.014965 166.016285 166.017165 166.018046 166.019366 166.020246 166.021567 166.022447 166.023768 166.024648 166.025968 166.026849 166.028169 166.029049 166.030370 166.031250 166.032570 166.033451 166.034771 166.035651 166.036532 166.037852 166.038732 166.040053 166.040933 0.000000 
166.000000 166.000880 166.001761 166.003081 166.003961 166.005282 166.006162 166.007482 166.008363 166.009683 166.010563 166.011884 166.012764 166.014085 166.014965 166.016285 166.017165 166.018486 166.019366 166.020687 166.021567 166.022887 166.023768 166.025088 166.025968 166.027289 166.028169 166.029489 166.030370 166.031690 166.032570 166.033891 166.034771 166.036092 166.036972 166.038292 166.039173 166.040493 166.041373 
166.032130 166.011884 166.007923 166.007482 166.007042 166.007482 166.008363 166.009243 166.010123 166.011004 166.011884 166.013204 166.014085 166.014965 166.016285 166.017165 166.018046 166.019366 166.020246 166.021567 166.022447 166.023768 166.024648 166.025968 166.026849 166.028169 166.029049 166.030370 166.031250 166.032570 166.033451 166.034771 166.035651 166.036532 166.037852 166.038732 166.040053 166.040933 0.000000 
0.000000 0.000000 0.000000 166.038732 166.031250 166.027289 166.024648 166.022887 166.022007 166.021567 166.021127 166.021127 166.021127 166.021567 166.022447 166.022887 166.023768 166.024648 166.025088 166.025968 166.026849 166.027729 166.028609 166.029489 166.030370 166.031250 166.032570 166.033451 166.034331 166.035211 166.036532 166.037412 166.038292 166.039613 166.040493 166.041667 0.000000 0.000000 0.000000 
0.000000 0.000000 0.000000 0.000000 0.000000 0.000000 0.000000 0.000000 0.000000 0.000000 166.041373 166.039613 166.037852 166.036972 166.036532 166.035651 166.035211 166.035211 166.035211 166.035211 166.035211 166.035651 166.036092 166.036972 166.037852 166.038292 166.039173 166.040053 166.040493 166.041373 0.000000 0.000000 0.000000 0.000000 0.000000 0.000000 0.000000 0.000000 0.000000 
