test/output/constant/M380_S060_A270_WD045.0_WS045.0/M380_S060_A270_WD045.0_WS045.0_arrival.asc
ncols         33
nrows         12
xllcorner     423503.990666
yllcorner     12748555.311160
cellsize      100.000000
NODATA_value  0.000000
0.000000 0.000000 0.000000 0.000000 0.000000 0.000000 166.041667 0.000000 0.000000 0.000000 0.000000 0.000000 0.000000 0.000000 0.000000 0.000000 0.000000 0.000000 0.000000 0.000000 0.000000 0.000000 0.000000 0.000000 0.000000 0.000000 0.000000 0.000000 0.000000 0.000000 0.000000 0.000000 0.000000 
166.041318 166.040429 166.039541 166.039097 166.038208 166.037764 166.037764 166.037319 166.036875 166.036875 166.036875 166.037319 166.037764 166.039097 166.039985 166.041318 0.000000 0.000000 0.000000 0.000000 0.000000 0.000000 0.000000 0.000000 0.000000 0.000000 0.000000 0.000000 0.000000 0.000000 0.000000 0.000000 0.000000 
166.040874 166.039541 166.038208 166.036875 166.035987 166.035098 166.034654 166.033765 166.033321 166.032877 166.032432 166.031988 166.031988 166.031988 166.032432 166.033321 166.034209 166.035542 166.037764 166.040874 0.000000 0.000000 0.000000 0.000000 0.000000 0.000000 0.000000 0.000000 0.000000 0.000000 0.000000 0.000000 0.000000 
166.040874 166.039541 166.038208 166.036875 166.035542 166.034209 166.032877 166.031544 166.030655 166.029767 166.028878 166.028434 166.027545 166.027545 166.027101 166.027101 166.027101 166.027545 166.028434 166.029767 166.031544 166.034654 166.038208 0.000000 0.000000 0.000000 0.000000 0.000000 0.000000 0.000000 0.000000 0.000000 0.000000 
166.041318 166.039541 166.038208 166.036875 166.035542 166.034209 166.032877 166.031544 166.030211 166.028878 166.027545 166.026212 166.025324 166.023991 166.023547 166.023102 166.022658 166.022214 166.022214 166.022214 166.023102 166.023991 166.025768 166.028878 166.032432 166.037319 0.000000 0.000000 0.000000 0.000000 0.000000 0.000000 0.000000 
0.000000 166.041318 166.039541 166.038208 166.036431 166.034654 166.032877 166.031544 166.030211 166.028878 166.027545 166.026212 166.024880 166.023547 166.022214 166.020881 166.019548 166.018660 166.018215 166.017771 166.017327 166.017327 166.017327 166.018660 166.019993 166.023102 166.027101 166.032877 166.040429 0.000000 0.000000 0.000000 0.000000 
0.000000 0.000000 0.000000 166.040429 166.038652 166.036875 166.035098 166.033321 166.031544 166.029767 166.027990 166.026212 166.024880 166.023547 166.022214 166.020881 166.019548 166.018215 166.016883 166.015550 166.014217 166.013328 166.012884 166.012440 166.012440 166.012884 166.014217 166.016883 166.021770 166.029322 166.039985 0.000000 0.000000 
0.000000 0.000000 0.000000 0.000000 0.000000 166.040874 166.038652 166.036875 166.034654 166.032877 166.030655 166.028878 166.026657 166.024880 166.023102 166.021325 166.019993 166.018215 166.016883 166.015550 166.014217 166.012884 166.011551 166.010218 166.008886 166.007997 166.007553 166.007553 166.008441 166.011107 166.018215 166.029767 0.000000 
0.000000 0.000000 0.000000 0.000000 0.000000 0.000000 0.000000 0.000000 166.039985 166.037764 166.035542 166.033321 166.031544 166.029322 166.027101 166.024880 166.023102 166.020881 166.019104 166.016883 166.015105 166.013328 166.011551 166.010218 166.008886 166.007553 166.006220 166.004887 166.003554 166.002666 166.002666 166.006664 166.037319 
0.000000 0.000000 0.000000 0.000000 0.000000 0.000000 0.000000 0.000000 0.000000 0.000000 0.000000 166.039985 166.037764 166.035542 166.033321 166.031099 166.028878 166.026657 166.024435 166.022214 166.019993 166.017771 166.015550 166.013328 166.011107 166.009330 166.007108 166.005331 166.003554 166.002221 166.000889 166.000000 166.030655 
0.000000 0.000000 0.000000 0.000000 0.000000 0.000000 0.000000 0.000000 0.000000 0.000000 0.000000 0.000000 0.000000 0.000000 0.000000 0.000000 166.040874 166.038208 166.035987 166.033765 166.031544 166.029322 166.027101 166.024880 166.022658 166.020881 166.018660 166.016883 166.015105 166.014661 166.014217 166.015550 166.039985 
0.000000 0.000000 0.000000 0.000000 0.000000 0.000000 0.000000 0.000000 0.000000 0.000000 0.000000 0.000000 0.000000 0.000000 0.000000 0.000000 0.000000 0.000000 0.000000 0.000000 0.000000 0.000000 0.000000 0.000000 166.041667 166.040874 166.040429 166.039985 166.039985 166.041318 0.000000 0.000000 0.000000 
