test/output/constant/M285_S060_A270_WD180.0_WS015.0/M285_S060_A270_WD180.0_WS015.0_arrival.asc
ncols         7
nrows         31
xllcorner     426303.990666
yllcorner     12748755.311160
cellsize      100.000000
NODATA_value  0.000000
0.000000 0.000000 0.000000 166.041051 0.000000 0.000000 0.000000 
0.000000 0.000000 166.040496 166.039941 166.040496 0.000000 0.000000 
0.000000 0.000000 166.039387 166.038277 166.039387 0.000000 0.000000 
0.000000 166.041051 166.037722 166.037168 166.037722 166.041051 0.000000 
0.000000 166.039941 166.036613 166.035503 166.036613 166.039941 0.000000 
0.000000 166.038832 166.034949 166.034394 166.034949 166.038832 0.000000 
0.000000 166.037168 166.033839 166.032730 166.033839 166.037168 0.000000 
0.000000 166.036058 166.032175 166.031620 166.032175 166.036058 0.000000 
0.000000 166.034949 166.031066 166.029956 166.031066 166.034949 0.000000 
0.000000 166.033839 166.029956 166.028847 166.029956 166.033839 0.000000 
166.041051 166.032730 166.028292 166.027182 166.028292 166.032730 166.041051 
166.040496 166.031620 166.027182 166.026073 166.027182 166.031620 166.040496 
166.039941 166.030511 166.025518 166.024409 166.025518 166.030511 166.039941 
166.039941 166.029401 166.024409 166.023299 166.024409 166.029401 166.039941 
166.039941 166.028292 166.022744 166.021635 166.022744 166.028292 166.039941 
166.039941 166.027737 166.021635 166.020525 166.021635 166.027737 166.039941 
166.039941 166.026628 166.020525 166.018861 166.020525 166.026628 166.039941 
166.040496 166.025518 166.018861 166.017752 166.018861 166.025518 166.040496 
166.041051 166.024963 166.017752 166.016088 166.017752 166.024963 166.041051 
0.000000 166.023854 166.016088 166.014978 166.016088 166.023854 0.000000 
0.000000 166.023854 166.014978 166.013314 166.014978 166.023854 0.000000 
0.000000 166.024409 166.013314 166.012204 166.013314 166.024409 0.000000 
0.000000 166.024409 166.012204 166.010540 166.012204 166.024409 0.000000 
0.000000 166.024963 166.011095 166.009431 166.011095 166.024963 0.000000 
0.000000 166.026628 166.009985 166.007766 166.009985 166.026628 0.000000 
0.000000 166.028847 166.008876 166.006657 166.008876 166.028847 0.000000 
0.000000 166.033285 166.008321 166.004993 166.008321 166.033285 0.000000 
0.000000 166.039941 166.008321 166.003883 166.008321 166.039941 0.000000 
0.000000 0.000000 166.008876 166.002219 166.008876 0.000000 0.000000 
0.000000 0.000000 166.012204 166.001109 166.012204 0.000000 0.000000 
0.000000 0.000000 166.032175 166.000000 166.032175 0.000000 0.000000 
