test/output/constant/M485_S060_A000_WD090.0_WS015.0/M485_S060_A000_WD090.0_WS015.0_arrival.asc
ncols         38
nrows         7
xllcorner     422903.990666
yllcorner     12748455.311160
cellsize      100.000000
NODATA_value  0.000000
0.000000 0.000000 0.000000 0.000000 0.000000 0.000000 0.000000 166.041391 166.040501 166.040056 166.039166 166.038276 166.037831 166.036941 166.036050 166.035160 166.034715 166.033825 166.033380 166.033380 166.033380 166.033380 166.033825 166.033825 166.034270 166.035160 166.036495 166.037831 166.040056 0.000000 0.000000 0.000000 0.000000 0.000000 0.000000 0.000000 0.000000 0.000000 
0.000000 0.000000 166.041391 166.040501 166.039611 166.038276 166.037386 166.036495 166.035160 166.034270 166.033380 166.032045 166.031155 166.030265 166.029374 166.028484 166.027149 166.026704 166.025814 166.024924 166.024034 166.023143 166.022698 166.021808 166.020918 166.020473 166.020028 166.020028 166.020028 166.020473 166.021363 166.022698 166.025369 166.028929 166.035605 0.000000 0.000000 0.000000 
166.041391 166.040501 166.039166 166.038276 166.036941 166.036050 166.034715 166.033825 166.032935 166.031600 166.030710 166.029374 166.028484 166.027149 166.026259 166.024924 166.024034 166.022698 166.021808 166.020473 166.019583 166.018248 166.017358 166.016022 166.015132 166.014242 166.012907 166.012017 166.011127 166.009791 166.008901 166.008456 166.007566 166.006676 166.007121 166.007566 166.010682 166.028484 
166.040946 166.039611 166.038721 166.037386 166.036495 166.035160 166.034270 166.032935 166.032045 166.030710 166.029819 166.028484 166.027594 166.026259 166.025369 166.024034 166.023143 166.021808 166.020918 166.019583 166.018693 166.017358 166.016467 166.015132 166.014242 166.012907 166.012017 166.010682 166.009791 166.008456 166.007566 166.006231 166.005341 166.004006 166.003115 166.001780 166.000890 166.000000 
166.041391 166.040501 166.039166 166.038276 166.036941 166.036050 166.034715 166.033825 166.032935 166.031600 166.030710 166.029374 166.028484 166.027149 166.026259 166.024924 166.024034 166.022698 166.021808 166.020473 166.019583 166.018248 166.017358 166.016022 166.015132 166.014242 166.012907 166.012017 166.011127 166.009791 166.008901 166.008456 166.007566 166.006676 166.007121 166.007566 166.010682 166.028484 
0.000000 0.000000 166.041391 166.040501 166.039611 166.038276 166.037386 166.036495 166.035160 166.034270 166.033380 166.032045 166.031155 166.030265 166.029374 166.028484 166.027149 166.026704 166.025814 166.024924 166.024034 166.023143 166.022698 166.021808 166.020918 166.020473 166.020028 166.020028 166.020028 166.020473 166.021363 166.022698 166.025369 166.028929 166.035605 0.000000 0.000000 0.000000 
0.000000 0.000000 0.000000 0.000000 0.000000 0.000000 0.000000 166.041391 166.040501 166.040056 166.039166 166.038276 166.037831 166.036941 166.036050 166.035160 166.034715 166.033825 166.033380 166.033380 166.033380 166.033380 166.033825 166.033825 166.034270 166.035160 166.036495 166.037831 166.040056 0.000000 0.000000 0.000000 0.000000 0.000000 0.000000 0.000000 0.000000 0.000000 
