test/output/constant/M4100_S060_A270_WD045.0_WS005.0/M4100_S060_A270_WD045.0_WS005.0_arrival.asc
ncols         8
nrows         25
xllcorner     426103.990666
yllcorner     12748655.311160
cellsize      100.000000
NODATA_value  0.000000
0.000000 0.000000 166.041193 166.041667 0.000000 0.000000 0.000000 0.000000 
0.000000 166.041193 166.039747 166.039747 166.041193 0.000000 0.000000 0.000000 
0.000000 166.039025 166.037579 166.037579 166.039025 0.000000 0.000000 0.000000 
0.000000 166.038302 166.036134 166.036134 166.036857 166.040470 0.000000 0.000000 
166.041193 166.036857 166.034689 166.033966 166.034689 166.038302 0.000000 0.000000 
166.040470 166.035411 166.032521 166.032521 166.032521 166.036134 166.041667 0.000000 
166.040470 166.033966 166.031075 166.030353 166.031075 166.033966 166.039747 0.000000 
166.039747 166.033243 166.029630 166.028907 166.028907 166.031798 166.037579 0.000000 
166.039747 166.032521 166.028185 166.026739 166.026739 166.029630 166.035411 0.000000 
166.039747 166.031798 166.026739 166.025294 166.025294 166.027462 166.033243 0.000000 
166.039747 166.031075 166.025294 166.023126 166.023126 166.025294 166.031075 166.041193 
166.040470 166.031075 166.024571 166.021680 166.021680 166.023126 166.028907 166.039747 
0.000000 166.031075 166.023126 166.019512 166.019512 166.020958 166.026739 166.038302 
0.000000 166.031075 166.022403 166.018067 166.018067 166.018790 166.024571 166.036857 
0.000000 166.031798 166.022403 166.016622 166.015899 166.016622 166.022403 166.035411 
0.000000 166.033243 166.022403 166.015176 166.013731 166.014454 166.020235 166.034689 
0.000000 166.036134 166.022403 166.014454 166.012286 166.012286 166.018067 166.033966 
0.000000 166.040470 166.023126 166.013731 166.010118 166.010840 166.016622 166.033966 
0.000000 0.000000 166.025294 166.013731 166.008672 166.008672 166.014454 166.033966 
0.000000 0.000000 166.030353 166.013731 166.006504 166.006504 166.013008 166.033966 
0.000000 0.000000 166.036857 166.015176 166.005059 166.005059 166.012286 166.036134 
0.000000 0.000000 0.000000 166.019512 166.005059 166.002891 166.011563 0.000000 
0.000000 0.000000 0.000000 166.029630 166.005059 166.001445 166.012286 0.000000 
0.000000 0.000000 0.000000 0.000000 166.010840 166.000000 166.019512 0.000000 
0.000000 0.000000 0.000000 0.000000 0.000000 166.041193 0.000000 0.000000 
