test/output/constant/M380_S060_A270_WD315.0_WS010.0/M380_S060_A270_WD315.0_WS010.0_ros.asc
ncols         13
nrows         38
xllcorner     426403.990666
yllcorner     12748655.311160
cellsize      100.000000
NODATA_value  0.000000
0.000000 0.000000 0.000000 0.000000 0.000000 0.000000 0.000000 0.000000 0.000000 61.548916 61.548916 57.357159 0.000000 
0.000000 0.000000 0.000000 0.000000 0.000000 0.000000 0.000000 0.000000 61.548916 61.548916 61.548916 61.548916 0.000000 
0.000000 0.000000 0.000000 0.000000 0.000000 0.000000 0.000000 61.548916 61.548916 61.548916 61.548916 61.548916 0.000000 
0.000000 0.000000 0.000000 0.000000 0.000000 0.000000 61.548916 61.210567 61.548916 61.548916 61.548916 61.548916 61.391647 
0.000000 0.000000 0.000000 0.000000 0.000000 0.000000 61.548916 61.548916 61.548916 61.548916 61.548916 61.548916 61.548916 
0.000000 0.000000 0.000000 0.000000 0.000000 61.548916 61.548916 55.059452 61.548916 61.548916 61.548916 61.548916 61.391647 
0.000000 0.000000 0.000000 0.000000 0.000000 59.988045 61.548916 61.548916 61.548916 61.548916 61.548916 61.548916 61.548916 
0.000000 0.000000 0.000000 0.000000 57.916759 61.548916 61.548916 61.548916 61.548916 61.548916 61.548916 61.548916 61.548916 
0.000000 0.000000 0.000000 0.000000 61.548916 61.548916 61.548916 61.548916 61.548916 61.548916 61.391647 61.548916 61.548916 
0.000000 0.000000 0.000000 0.000000 61.548916 61.548916 61.488415 61.548916 59.605724 61.548916 61.548916 57.357159 59.605724 
0.000000 0.000000 0.000000 32.683582 61.548916 61.548916 61.548916 61.548916 61.548916 61.548916 61.548916 61.017784 41.699776 
0.000000 0.000000 0.000000 57.916759 61.548916 61.488415 61.548916 61.548916 61.548916 61.548916 61.548916 59.605724 59.605724 
0.000000 0.000000 0.000000 61.488415 61.548916 61.548916 61.548916 61.548916 59.605724 59.605724 61.548916 61.548916 59.605724 
0.000000 0.000000 57.916759 51.502728 61.548916 37.800072 61.548916 61.548916 61.391647 61.017784 61.548916 59.605724 0.000000 
0.000000 0.000000 47.354401 61.548916 61.548916 61.548916 61.548916 59.605724 61.548916 61.548916 61.548916 61.548916 0.000000 
0.000000 0.000000 57.916759 61.548916 61.548916 61.488415 61.548916 61.548916 61.548916 59.605724 57.357159 61.548916 0.000000 
0.000000 0.000000 37.800072 61.548916 61.548916 61.548916 61.548916 61.548916 61.548916 59.605724 54.340553 41.699776 0.000000 
0.000000 0.000000 55.059452 61.210567 61.548916 61.548916 61.548916 61.548916 61.548916 57.357159 59.605724 41.699776 0.000000 
0.000000 57.916759 61.210567 61.548916 61.488415 61.548916 61.548916 61.548916 61.548916 61.548916 57.357159 59.605724 0.000000 
0.000000 51.502728 51.502728 61.548916 42.740234 61.548916 61.548916 61.548916 61.548916 61.017784 50.647705 0.000000 0.000000 
0.000000 37.800072 59.988045 61.548916 61.548916 61.548916 61.548916 61.548916 61.548916 57.357159 41.699776 0.000000 0.000000 
0.000000 47.354401 47.354401 59.988045 61.548916 61.548916 61.548916 61.548916 59.605724 59.605724 46.390957 0.000000 0.000000 
0.000000 55.059452 57.916759 61.548916 61.548916 61.548916 61.548916 59.605724 61.548916 46.390957 46.390957 0.000000 0.000000 
0.000000 32.683582 61.488415 61.548916 61.548916 61.548916 59.605724 59.605724 59.605724 46.390957 0.000000 0.000000 0.000000 
0.000000 32.683582 55.059452 61.548916 61.548916 61.548916 54.340553 54.340553 59.605724 41.699776 0.000000 0.000000 0.000000 
37.800072 42.740234 59.988045 61.548916 61.548916 61.548916 61.548916 61.548916 41.699776 41.699776 0.000000 0.000000 0.000000 
37.800072 42.740234 51.502728 61.548916 61.548916 61.548916 61.548916 41.699776 41.699776 0.000000 0.000000 0.000000 0.000000 
32.683582 37.800072 61.488415 61.548916 61.548916 61.548916 61.017784 41.699776 46.390957 0.000000 0.000000 0.000000 0.000000 
32.683582 37.800072 61.488415 61.548916 61.548916 57.357159 46.390957 41.699776 41.699776 0.000000 0.000000 0.000000 0.000000 
17.822725 47.354401 47.354401 61.548916 61.548916 57.357159 57.357159 46.390957 0.000000 0.000000 0.000000 0.000000 0.000000 
32.683582 32.683582 61.488415 61.548916 61.548916 59.605724 41.699776 36.716808 0.000000 0.000000 0.000000 0.000000 0.000000 
17.822725 37.800072 61.548916 61.548916 61.548916 46.390957 41.699776 2.245645 0.000000 0.000000 0.000000 0.000000 0.000000 
1.526114 32.683582 61.548916 61.548916 61.548916 41.699776 36.716808 0.000000 0.000000 0.000000 0.000000 0.000000 0.000000 
1.526114 37.800072 61.548916 61.391647 46.390957 46.390957 2.710317 0.000000 0.000000 0.000000 0.000000 0.000000 0.000000 
1.526114 37.800072 61.548916 61.391647 36.716808 31.593527 0.000000 0.000000 0.000000 0.000000 0.000000 0.000000 0.000000 
0.000000 22.541719 61.548916 61.017784 2.710317 0.000000 0.000000 0.000000 0.000000 0.000000 0.000000 0.000000 0.000000 
0.000000 1.526114 -1.000000 36.716808 2.245645 0.000000 0.000000 0.000000 0.000000 0.000000 0.000000 0.000000 0.000000 
0.000000 1.526114 1.382559 1.923069 0.000000 0.000000 0.000000 0.000000 0.000000 0.000000 0.000000 0.000000 0.000000 
