test/output/constant/M455_S060_A270_WD135.0_WS020.0/M455_S060_A270_WD135.0_WS020.0_arrival.asc
ncols         9
nrows         24
xllcorner     425803.990666
yllcorner     12748755.311160
cellsize      100.000000
NODATA_value  0.000000
166.041168 166.041168 0.000000 0.000000 0.000000 0.000000 0.000000 0.000000 0.000000 
166.040493 166.039144 166.039819 0.000000 0.000000 0.000000 0.000000 0.000000 0.000000 
166.040493 166.037119 166.037119 166.039819 0.000000 0.000000 0.000000 0.000000 0.000000 
166.039819 166.035769 166.035769 166.037119 0.000000 0.000000 0.000000 0.000000 0.000000 
166.040493 166.035094 166.033745 166.034419 166.039144 0.000000 0.000000 0.000000 0.000000 
166.041168 166.035094 166.031720 166.031720 166.035094 0.000000 0.000000 0.000000 0.000000 
0.000000 166.034419 166.030370 166.030370 166.031720 166.039144 0.000000 0.000000 0.000000 
0.000000 166.035094 166.029695 166.028345 166.029020 166.035094 0.000000 0.000000 0.000000 
0.000000 166.036444 166.029695 166.026321 166.026996 166.031045 166.041667 0.000000 0.000000 
0.000000 166.039144 166.029695 166.024971 166.024971 166.026996 166.036444 0.000000 0.000000 
0.000000 0.000000 166.030370 166.024296 166.022946 166.023621 166.031720 0.000000 0.000000 
0.000000 0.000000 166.032395 166.024296 166.020922 166.021596 166.026996 166.041667 0.000000 
0.000000 0.000000 166.035769 166.024296 166.019572 166.019572 166.022946 166.035769 0.000000 
0.000000 0.000000 166.041168 166.026321 166.018897 166.017547 166.018897 166.029695 0.000000 
0.000000 0.000000 0.000000 166.029020 166.018897 166.015522 166.016197 166.024296 0.000000 
0.000000 0.000000 0.000000 166.034419 166.019572 166.014173 166.014173 166.018897 166.038469 
0.000000 0.000000 0.000000 0.000000 166.022271 166.013498 166.012148 166.014848 166.031720 
0.000000 0.000000 0.000000 0.000000 166.027671 166.013498 166.010123 166.010798 166.024971 
0.000000 0.000000 0.000000 0.000000 166.039144 166.015522 166.008774 166.008774 166.018222 
0.000000 0.000000 0.000000 0.000000 0.000000 166.020922 166.008099 166.006749 166.012148 
0.000000 0.000000 0.000000 0.000000 0.000000 166.035094 166.008774 166.004724 166.006749 
0.000000 0.000000 0.000000 0.000000 0.000000 0.000000 166.015522 166.003374 166.003374 
0.000000 0.000000 0.000000 0.000000 0.000000 0.000000 166.039819 166.002700 166.001350 
0.000000 0.000000 0.000000 0.000000 0.000000 0.000000 0.000000 166.014173 166.000000 
