test/output/constant/M3M400_S000_A180_WD000.0_WS050.0/M3M400_S000_A180_WD000.0_WS050.0_arrival.asc
ncols         11
nrows         65
xllcorner     426103.990666
yllcorner     12742355.311160
cellsize      100.000000
NODATA_value  0.000000
0.000000 0.000000 0.000000 0.000000 166.014995 166.000000 166.014995 0.000000 0.000000 0.000000 0.000000 
0.000000 0.000000 0.000000 166.040847 166.006463 166.000517 166.006463 166.040847 0.000000 0.000000 0.000000 
0.000000 0.000000 0.000000 166.029731 166.004653 166.001034 166.004653 166.029731 0.000000 0.000000 0.000000 
0.000000 0.000000 0.000000 166.021716 166.004136 166.001810 166.004136 166.021716 0.000000 0.000000 0.000000 
0.000000 0.000000 0.000000 166.018097 166.004136 166.002327 166.004136 166.018097 0.000000 0.000000 0.000000 
0.000000 0.000000 166.037486 166.015770 166.004395 166.003102 166.004395 166.015770 166.037486 0.000000 0.000000 
0.000000 0.000000 166.033350 166.014219 166.004912 166.003619 166.004912 166.014219 166.033350 0.000000 0.000000 
0.000000 0.000000 166.029213 166.013443 166.005429 166.004395 166.005429 166.013443 166.029213 0.000000 0.000000 
0.000000 0.000000 166.027145 166.012926 166.005946 166.004912 166.005946 166.012926 166.027145 0.000000 0.000000 
0.000000 0.000000 166.025336 166.012409 166.006463 166.005688 166.006463 166.012409 166.025336 0.000000 0.000000 
0.000000 166.040847 166.024043 166.012409 166.006980 166.006205 166.006980 166.012409 166.024043 166.040847 0.000000 
0.000000 166.038520 166.022750 166.012409 166.007756 166.006980 166.007756 166.012409 166.022750 166.038520 0.000000 
0.000000 166.036452 166.021975 166.012409 166.008273 166.007497 166.008273 166.012409 166.021975 166.036452 0.000000 
0.000000 166.034901 166.021458 166.012668 166.008790 166.008273 166.008790 166.012668 166.021458 166.034901 0.000000 
0.000000 166.033608 166.020941 166.013185 166.009565 166.008790 166.009565 166.013185 166.020941 166.033608 0.000000 
0.000000 166.032057 166.020941 166.013443 166.010083 166.009565 166.010083 166.013443 166.020941 166.032057 0.000000 
0.000000 166.031540 166.020682 166.013960 166.010600 166.010083 166.010600 166.013960 166.020682 166.031540 0.000000 
0.000000 166.030765 166.020682 166.014477 166.011375 166.010858 166.011375 166.014477 166.020682 166.030765 0.000000 
0.000000 166.030248 166.020424 166.014736 166.011892 166.011375 166.011892 166.014736 166.020424 166.030248 0.000000 
166.041623 166.029731 166.020424 166.015253 166.012668 166.012151 166.012668 166.015253 166.020424 166.029731 166.041623 
166.040847 166.029472 166.020682 166.015770 166.013185 166.012668 166.013185 166.015770 166.020682 166.029472 166.040847 
166.040330 166.029213 166.020941 166.016287 166.013960 166.013443 166.013960 166.016287 166.020941 166.029213 166.040330 
166.039296 166.028955 166.021199 166.016804 166.014477 166.013960 166.014477 166.016804 166.021199 166.028955 166.039296 
166.038779 166.028955 166.021716 166.017321 166.015253 166.014736 166.015253 166.017321 166.021716 166.028955 166.038779 
166.038262 166.028696 166.021975 166.017838 166.015770 166.015253 166.015770 166.017838 166.021975 166.028696 166.038262 
166.038003 166.028696 166.022492 166.018355 166.016546 166.016029 166.016546 166.018355 166.022492 166.028696 166.038003 
166.037745 166.028696 166.023009 166.019131 166.017063 166.016546 166.017063 166.019131 166.023009 166.028696 166.037745 
166.037228 166.028696 166.023267 166.019648 166.017838 166.017321 166.017838 166.019648 166.023267 166.028696 166.037228 
166.037228 166.028696 166.023784 166.020165 166.018355 166.017838 166.018355 166.020165 166.023784 166.028696 166.037228 
166.036969 166.028955 166.024301 166.020682 166.019131 166.018614 166.019131 166.020682 166.024301 166.028955 166.036969 
166.036969 166.029472 166.024819 166.021458 166.019648 166.019131 166.019648 166.021458 166.024819 166.029472 166.036969 
166.036969 166.029731 166.025077 166.021975 166.020424 166.019907 166.020424 166.021975 166.025077 166.029731 166.036969 
166.036969 166.030248 166.025594 166.022492 166.020941 166.020424 166.020941 166.022492 166.025594 166.030248 166.036969 
166.036711 166.030765 166.026111 166.023267 166.021716 166.021199 166.021716 166.023267 166.026111 166.030765 166.036711 
166.036711 166.031023 166.026628 166.023784 166.022233 166.021716 166.022233 166.023784 166.026628 166.031023 166.036711 
166.036969 166.031540 166.027145 166.024301 166.023009 166.022492 166.023009 166.024301 166.027145 166.031540 166.036969 
166.036969 166.032057 166.027662 166.025077 166.023526 166.023009 166.023526 166.025077 166.027662 166.032057 166.036969 
166.037228 166.032316 166.028179 166.025594 166.024301 166.023784 166.024301 166.025594 166.028179 166.032316 166.037228 
166.037745 166.032833 166.028696 166.026111 166.024819 166.024301 166.024819 166.026111 166.028696 166.032833 166.037745 
166.038003 166.033350 166.029213 166.026628 166.025336 166.025077 166.025336 166.026628 166.029213 166.033350 166.038003 
166.038520 166.033867 166.029731 166.027404 166.026111 166.025594 166.026111 166.027404 166.029731 166.033867 166.038520 
166.038779 166.034125 166.030506 166.027921 166.026628 166.026370 166.026628 166.027921 166.030506 166.034125 166.038779 
166.039296 166.034643 166.031023 166.028696 166.027404 166.026887 166.027404 166.028696 166.031023 166.034643 166.039296 
166.039555 166.035160 166.031540 166.029213 166.027921 166.027662 166.027921 166.029213 166.031540 166.035160 166.039555 
166.040072 166.035677 166.032316 166.029989 166.028696 166.028179 166.028696 166.029989 166.032316 166.035677 166.040072 
166.040589 166.036194 166.032833 166.030506 166.029213 166.028955 166.029213 166.030506 166.032833 166.036194 166.040589 
166.040847 166.036452 166.033350 166.031282 166.029989 166.029472 166.029989 166.031282 166.033350 166.036452 166.040847 
166.041364 166.036969 166.033867 166.031799 166.030506 166.030248 166.030506 166.031799 166.033867 166.036969 166.041364 
0.000000 166.037486 166.034643 166.032316 166.031282 166.030765 166.031282 166.032316 166.034643 166.037486 0.000000 
0.000000 166.038003 166.035160 166.033091 166.031799 166.031540 166.031799 166.033091 166.035160 166.038003 0.000000 
0.000000 166.038520 166.035677 166.033608 166.032316 166.032057 166.032316 166.033608 166.035677 166.038520 0.000000 
0.000000 166.039037 166.036194 166.034125 166.033091 166.032833 166.033091 166.034125 166.036194 166.039037 0.000000 
0.000000 166.039555 166.036969 166.034901 166.033608 166.033350 166.033608 166.034901 166.036969 166.039555 0.000000 
0.000000 166.040072 166.037486 166.035418 166.034384 166.034125 166.034384 166.035418 166.037486 166.040072 0.000000 
0.000000 166.040589 166.038003 166.036194 166.034901 166.034643 166.034901 166.036194 166.038003 166.040589 0.000000 
0.000000 166.041106 166.038779 166.036711 166.035677 166.035418 166.035677 166.036711 166.038779 166.041106 0.000000 
0.000000 0.000000 166.039296 166.037486 166.036194 166.035935 166.036194 166.037486 166.039296 0.000000 0.000000 
0.000000 0.000000 166.039813 166.038003 166.036969 166.036711 166.036969 166.038003 166.039813 0.000000 0.000000 
0.000000 0.000000 166.040589 166.038520 166.037486 166.037228 166.037486 166.038520 166.040589 0.000000 0.000000 
0.000000 0.000000 166.041106 166.039296 166.038262 166.038003 166.038262 166.039296 166.041106 0.000000 0.000000 
0.000000 0.000000 166.041623 166.039813 166.038779 166.038520 166.038779 166.039813 166.041623 0.000000 0.000000 
0.000000 0.000000 0.000000 166.040589 166.039555 166.039296 166.039555 166.040589 0.000000 0.000000 0.000000 
0.000000 0.000000 0.000000 166.041106 166.040072 166.039813 166.040072 166.041106 0.000000 0.000000 0.000000 
0.000000 0.000000 0.000000 0.000000 166.040847 166.040589 166.040847 0.000000 0.000000 0.000000 0.000000 
0.000000 0.000000 0.000000 0.000000 166.041364 166.041106 166.041364 0.000000 0.000000 0.000000 0.000000 
