test/output/constant/M455_S060_A180_WD225.0_WS020.0/M455_S060_A180_WD225.0_WS020.0_arrival.asc
ncols         24
nrows         9
xllcorner     426603.990666
yllcorner     12748755.311160
cellsize      100.000000
NODATA_value  0.000000
0.000000 0.000000 0.000000 0.000000 0.000000 0.000000 0.000000 0.000000 0.000000 0.000000 0.000000 0.000000 0.000000 0.000000 0.000000 0.000000 0.000000 0.000000 166.041168 166.040493 166.039819 166.040493 166.040493 166.041168 
0.000000 0.000000 0.000000 0.000000 0.000000 0.000000 0.000000 0.000000 0.000000 0.000000 0.000000 0.000000 0.000000 0.000000 166.039144 166.036444 166.035094 166.034419 166.035094 166.035094 166.035769 166.037119 166.039144 166.041168 
0.000000 0.000000 0.000000 0.000000 0.000000 0.000000 0.000000 0.000000 0.000000 0.000000 166.041168 166.035769 166.032395 166.030370 166.029695 166.029695 166.029695 166.030370 166.031720 166.033745 166.035769 166.037119 166.039819 0.000000 
0.000000 0.000000 0.000000 0.000000 0.000000 0.000000 0.000000 0.000000 166.034419 166.029020 166.026321 166.024296 166.024296 166.024296 166.024971 166.026321 166.028345 166.030370 166.031720 166.034419 166.037119 166.039819 0.000000 0.000000 
0.000000 0.000000 0.000000 0.000000 0.000000 166.039144 166.027671 166.022271 166.019572 166.018897 166.018897 166.019572 166.020922 166.022946 166.024971 166.026996 166.029020 166.031720 166.035094 166.039144 0.000000 0.000000 0.000000 0.000000 
0.000000 0.000000 0.000000 166.035094 166.020922 166.015522 166.013498 166.013498 166.014173 166.015522 166.017547 166.019572 166.021596 166.023621 166.026996 166.031045 166.035094 166.039144 0.000000 0.000000 0.000000 0.000000 0.000000 0.000000 
0.000000 166.039819 166.015522 166.008774 166.008099 166.008774 166.010123 166.012148 166.014173 166.016197 166.018897 166.022946 166.026996 166.031720 166.036444 166.041667 0.000000 0.000000 0.000000 0.000000 0.000000 0.000000 0.000000 0.000000 
166.014173 166.002700 166.003374 166.004724 166.006749 166.008774 166.010798 166.014848 166.018897 166.024296 166.029695 166.035769 166.041667 0.000000 0.000000 0.000000 0.000000 0.000000 0.000000 0.000000 0.000000 0.000000 0.000000 0.000000 
166.000000 166.001350 166.003374 166.006749 166.012148 166.018222 166.024971 166.031720 166.038469 0.000000 0.000000 0.000000 0.000000 0.000000 0.000000 0.000000 0.000000 0.000000 0.000000 0.000000 0.000000 0.000000 0.000000 0.000000 
