test/output/constant/M380_S060_A000_WD090.0_WS030.0/M380_S060_A000_WD090.0_WS030.0_arrival.asc
ncols         57
nrows         9
xllcorner     421003.990666
yllcorner     12748355.311160
cellsize      100.000000
NODATA_value  0.000000
0.000000 0.000000 0.000000 0.000000 0.000000 0.000000 0.000000 0.000000 0.000000 0.000000 0.000000 0.000000 0.000000 0.000000 0.000000 0.000000 0.000000 0.000000 0.000000 0.000000 0.000000 166.041577 166.041278 166.041278 166.041278 166.041278 166.041577 166.041577 0.000000 0.000000 0.000000 0.000000 0.000000 0.000000 0.000000 0.000000 0.000000 0.000000 0.000000 0.000000 0.000000 0.000000 0.000000 0.000000 0.000000 0.000000 0.000000 0.000000 0.000000 0.000000 0.000000 0.000000 0.000000 0.000000 0.000000 0.000000 0.000000 
0.000000 0.000000 0.000000 0.000000 0.000000 0.000000 0.000000 0.000000 0.000000 166.041278 166.040679 166.039782 166.039483 166.038885 166.038286 166.037688 166.037090 166.036492 166.035894 166.035594 166.034996 166.034398 166.034099 166.033501 166.032902 166.032304 166.032005 166.031407 166.030809 166.030509 166.029911 166.029612 166.029612 166.029612 166.029612 166.029911 166.029911 166.030210 166.030809 166.031108 166.032005 166.032603 166.033800 166.034996 166.036791 166.038885 166.041577 0.000000 0.000000 0.000000 0.000000 0.000000 0.000000 0.000000 0.000000 0.000000 0.000000 
0.000000 0.000000 0.000000 0.000000 166.041278 166.040679 166.039782 166.039184 166.038586 166.037688 166.037090 166.036492 166.035594 166.034996 166.034099 166.033501 166.032902 166.032005 166.031407 166.030509 166.029911 166.029313 166.028715 166.027817 166.027219 166.026621 166.025724 166.025125 166.024527 166.023929 166.023331 166.022733 166.022134 166.021835 166.021237 166.020639 166.020041 166.019741 166.019143 166.018545 166.018246 166.017947 166.017648 166.017947 166.017947 166.018246 166.018844 166.019741 166.020938 166.022433 166.025425 166.028416 166.034398 0.000000 0.000000 0.000000 0.000000 
0.000000 166.041577 166.040679 166.040081 166.039184 166.038586 166.037688 166.037090 166.036193 166.035594 166.034697 166.034099 166.033201 166.032603 166.032005 166.031108 166.030509 166.029612 166.029014 166.028117 166.027518 166.026621 166.026023 166.025125 166.024527 166.023929 166.023032 166.022433 166.021536 166.020938 166.020041 166.019442 166.018844 166.017947 166.017349 166.016451 166.015853 166.014956 166.014357 166.013460 166.012862 166.012264 166.011366 166.010768 166.009871 166.009272 166.008674 166.008076 166.007478 166.006880 166.006281 166.005982 166.005982 166.006580 166.008375 166.013759 166.038286 
166.041577 166.040978 166.040081 166.039483 166.038586 166.037987 166.037090 166.036492 166.035594 166.034996 166.034099 166.033501 166.032603 166.032005 166.031108 166.030509 166.029612 166.029014 166.028117 166.027518 166.026621 166.026023 166.025125 166.024527 166.023630 166.023032 166.022134 166.021536 166.020639 166.020041 166.019143 166.018545 166.017648 166.017049 166.016152 166.015554 166.014657 166.014058 166.013161 166.012563 166.011665 166.011067 166.010170 166.009572 166.008674 166.008076 166.007179 166.006580 166.005683 166.005085 166.004188 166.003589 166.002692 166.002094 166.001196 166.000598 166.000000 
0.000000 166.041577 166.040679 166.040081 166.039184 166.038586 166.037688 166.037090 166.036193 166.035594 166.034697 166.034099 166.033201 166.032603 166.032005 166.031108 166.030509 166.029612 166.029014 166.028117 166.027518 166.026621 166.026023 166.025125 166.024527 166.023929 166.023032 166.022433 166.021536 166.020938 166.020041 166.019442 166.018844 166.017947 166.017349 166.016451 166.015853 166.014956 166.014357 166.013460 166.012862 166.012264 166.011366 166.010768 166.009871 166.009272 166.008674 166.008076 166.007478 166.006880 166.006281 166.005982 166.005982 166.006580 166.008375 166.013759 166.038286 
0.000000 0.000000 0.000000 0.000000 166.041278 166.040679 166.039782 166.039184 166.038586 166.037688 166.037090 166.036492 166.035594 166.034996 166.034099 166.033501 166.032902 166.032005 166.031407 166.030509 166.029911 166.029313 166.028715 166.027817 166.027219 166.026621 166.025724 166.025125 166.024527 166.023929 166.023331 166.022733 166.022134 166.021835 166.021237 166.020639 166.020041 166.019741 166.019143 166.018545 166.018246 166.017947 166.017648 166.017947 166.017947 166.018246 166.018844 166.019741 166.020938 166.022433 166.025425 166.028416 166.034398 0.000000 0.000000 0.000000 0.000000 
0.000000 0.000000 0.000000 0.000000 0.000000 0.000000 0.000000 0.000000 0.000000 166.041278 166.040679 166.039782 166.039483 166.038885 166.038286 166.037688 166.037090 166.036492 166.035894 166.035594 166.034996 166.034398 166.034099 166.033501 166.032902 166.032304 166.032005 166.031407 166.030809 166.030509 166.029911 166.029612 166.029612 166.029612 166.029612 166.029911 166.029911 166.030210 166.030809 166.031108 166.032005 166.032603 166.033800 166.034996 166.036791 166.038885 166.041577 0.000000 0.000000 0.000000 0.000000 0.000000 0.000000 0.000000 0.000000 0.000000 0.000000 
0.000000 0.000000 0.000000 0.000000 0.000000 0.000000 0.000000 0.000000 0.000000 0.000000 0.000000 0.000000 0.000000 0.000000 0.000000 0.000000 0.000000 0.000000 0.000000 0.000000 0.000000 166.041577 166.041278 166.041278 166.041278 166.041278 166.041577 166.041577 0.000000 0.000000 0.000000 0.000000 0.000000 0.000000 0.000000 0.000000 0.000000 0.000000 0.000000 0.000000 0.000000 0.000000 0.000000 0.000000 0.000000 0.000000 0.000000 0.000000 0.000000 0.000000 0.000000 0.000000 0.000000 0.000000 0.000000 0.000000 0.000000 
