test/output/constant/M390_S000_A090_WD180.0_WS010.0/M390_S000_A090_WD180.0_WS010.0_arrival.asc
ncols         13
nrows         19
xllcorner     426003.990666
yllcorner     12748355.311160
cellsize      100.000000
NODATA_value  0.000000
0.000000 0.000000 0.000000 0.000000 166.041001 166.039829 166.039829 166.039829 166.041001 0.000000 0.000000 0.000000 0.000000 
0.000000 0.000000 166.041667 166.039829 166.038658 166.037486 166.037486 166.037486 166.038658 166.039829 166.041667 0.000000 0.000000 
0.000000 0.000000 166.039829 166.037486 166.035143 166.033972 166.033972 166.033972 166.035143 166.037486 166.039829 0.000000 0.000000 
0.000000 166.041001 166.037486 166.033972 166.032800 166.031629 166.031629 166.031629 166.032800 166.033972 166.037486 166.041001 0.000000 
0.000000 166.038658 166.035143 166.031629 166.029286 166.028115 166.028115 166.028115 166.029286 166.031629 166.035143 166.038658 0.000000 
166.041001 166.036315 166.032800 166.029286 166.026943 166.025772 166.025772 166.025772 166.026943 166.029286 166.032800 166.036315 166.041001 
166.039829 166.035143 166.030458 166.026943 166.024600 166.022257 166.022257 166.022257 166.024600 166.026943 166.030458 166.035143 166.039829 
166.038658 166.032800 166.028115 166.024600 166.021086 166.019915 166.019915 166.019915 166.021086 166.024600 166.028115 166.032800 166.038658 
166.038658 166.031629 166.026943 166.022257 166.018743 166.016400 166.016400 166.016400 166.018743 166.022257 166.026943 166.031629 166.038658 
166.037486 166.031629 166.025772 166.019915 166.016400 166.014057 166.014057 166.014057 166.016400 166.019915 166.025772 166.031629 166.037486 
166.038658 166.031629 166.024600 166.018743 166.014057 166.011714 166.010543 166.011714 166.014057 166.018743 166.024600 166.031629 166.038658 
166.038658 166.031629 166.024600 166.017572 166.011714 166.008200 166.008200 166.008200 166.011714 166.017572 166.024600 166.031629 166.038658 
166.039829 166.031629 166.024600 166.017572 166.010543 166.005857 166.004686 166.005857 166.010543 166.017572 166.024600 166.031629 166.039829 
166.041001 166.032800 166.025772 166.017572 166.010543 166.003514 166.002343 166.003514 166.010543 166.017572 166.025772 166.032800 166.041001 
0.000000 166.035143 166.026943 166.019915 166.011714 166.003514 166.000000 166.003514 166.011714 166.019915 166.026943 166.035143 0.000000 
0.000000 166.038658 166.030458 166.023429 166.015229 166.008200 166.005857 166.008200 166.015229 166.023429 166.030458 166.038658 0.000000 
0.000000 0.000000 166.036315 166.029286 166.021086 166.016400 166.015229 166.016400 166.021086 166.029286 166.036315 0.000000 0.000000 
0.000000 0.000000 0.000000 166.035143 166.030458 166.026943 166.025772 166.026943 166.030458 166.035143 0.000000 0.000000 0.000000 
0.000000 0.000000 0.000000 0.000000 166.039829 166.037486 166.036315 166.037486 166.039829 0.000000 0.000000 0.000000 0.000000 
