test/output/constant/C2_S060_A270_WD180.0_WS050.0/C2_S060_A270_WD180.0_WS050.0_arrival.asc
ncols         5
nrows         42
xllcorner     426403.990666
yllcorner     12748755.311160
cellsize      100.000000
NODATA_value  0.000000
0.000000 0.000000 166.041009 0.000000 0.000000 
0.000000 166.041009 166.039803 166.041009 0.000000 
0.000000 166.040205 166.038999 166.040205 0.000000 
0.000000 166.038999 166.037792 166.038999 0.000000 
0.000000 166.038194 166.036988 166.038194 0.000000 
166.041009 166.036988 166.035782 166.036988 166.041009 
166.040205 166.036184 166.034978 166.036184 166.040205 
166.038999 166.034978 166.033772 166.034978 166.038999 
166.038194 166.034174 166.032968 166.034174 166.038194 
166.037390 166.032968 166.031762 166.032968 166.037390 
166.036184 166.032164 166.030958 166.032164 166.036184 
166.035380 166.031360 166.029751 166.031360 166.035380 
166.034576 166.030154 166.028947 166.030154 166.034576 
166.033772 166.029349 166.027741 166.029349 166.033772 
166.032968 166.028143 166.026937 166.028143 166.032968 
166.032164 166.027339 166.025731 166.027339 166.032164 
166.031360 166.026133 166.024927 166.026133 166.031360 
166.030958 166.025329 166.023721 166.025329 166.030958 
166.030154 166.024123 166.022917 166.024123 166.030154 
166.029349 166.023319 166.021711 166.023319 166.029349 
166.028947 166.022515 166.020906 166.022515 166.028947 
166.028143 166.021308 166.019700 166.021308 166.028143 
166.027339 166.020504 166.018896 166.020504 166.027339 
166.026937 166.019298 166.017690 166.019298 166.026937 
166.026133 166.018494 166.016886 166.018494 166.026133 
166.025731 166.017288 166.015680 166.017288 166.025731 
166.025731 166.016484 166.014876 166.016484 166.025731 
166.026133 166.015680 166.013670 166.015680 166.026133 
166.026133 166.014474 166.012866 166.014474 166.026133 
166.026535 166.013670 166.011659 166.013670 166.026535 
166.027339 166.012463 166.010855 166.012463 166.027339 
166.028143 166.011659 166.009649 166.011659 166.028143 
166.029751 166.010855 166.008845 166.010855 166.029751 
166.032164 166.010453 166.007639 166.010453 166.032164 
166.034576 166.009649 166.006835 166.009649 166.034576 
166.038597 166.008845 166.005629 166.008845 166.038597 
0.000000 166.008845 166.004825 166.008845 0.000000 
0.000000 166.008845 166.003618 166.008845 0.000000 
0.000000 166.010051 166.002814 166.010051 0.000000 
0.000000 166.012866 166.001608 166.012866 0.000000 
0.000000 166.021308 166.000804 166.021308 0.000000 
0.000000 0.000000 166.000000 0.000000 0.000000 
