test/output/constant/M3M455_S060_A270_WD135.0_WS010.0/M3M455_S060_A270_WD135.0_WS010.0_arrival.asc
ncols         9
nrows         34
xllcorner     425903.990666
yllcorner     12748755.311160
cellsize      100.000000
NODATA_value  0.000000
0.000000 166.041493 166.041493 0.000000 0.000000 0.000000 0.000000 0.000000 0.000000 
0.000000 166.040011 166.040011 166.040505 0.000000 0.000000 0.000000 0.000000 0.000000 
166.041493 166.039023 166.038529 166.039023 166.041493 0.000000 0.000000 0.000000 0.000000 
166.040999 166.038035 166.037541 166.037541 166.040011 0.000000 0.000000 0.000000 0.000000 
166.040505 166.037047 166.036059 166.036059 166.038035 0.000000 0.000000 0.000000 0.000000 
166.040011 166.036553 166.035071 166.035071 166.036553 166.040505 0.000000 0.000000 0.000000 
166.039517 166.035565 166.033589 166.033589 166.034577 166.038529 0.000000 0.000000 0.000000 
166.039517 166.035071 166.032601 166.032601 166.033095 166.036553 0.000000 0.000000 0.000000 
166.040011 166.034577 166.031613 166.031119 166.031613 166.034577 166.040505 0.000000 0.000000 
166.040011 166.034083 166.030626 166.030132 166.030132 166.033095 166.038529 0.000000 0.000000 
166.040505 166.033589 166.029638 166.028650 166.028650 166.031119 166.036059 0.000000 0.000000 
166.040999 166.033589 166.029144 166.027168 166.027168 166.029144 166.034083 0.000000 0.000000 
166.041493 166.033589 166.028650 166.026180 166.026180 166.027662 166.032107 166.040011 0.000000 
0.000000 166.034083 166.028156 166.025192 166.024698 166.025686 166.030132 166.038035 0.000000 
0.000000 166.034577 166.027662 166.024204 166.023710 166.024204 166.028156 166.035565 0.000000 
0.000000 166.035071 166.027662 166.023216 166.022228 166.022722 166.026180 166.033589 0.000000 
0.000000 166.035565 166.027662 166.022722 166.021240 166.021240 166.024204 166.031613 0.000000 
0.000000 166.037047 166.028156 166.022228 166.019758 166.019758 166.022228 166.029144 0.000000 
0.000000 166.039023 166.028650 166.021734 166.018770 166.018770 166.020746 166.027168 0.000000 
0.000000 0.000000 166.029144 166.021240 166.017289 166.017289 166.018770 166.025192 166.040011 
0.000000 0.000000 166.030132 166.021734 166.016795 166.015807 166.016795 166.022722 166.038035 
0.000000 0.000000 166.032601 166.022228 166.015807 166.014819 166.015313 166.020746 166.036059 
0.000000 0.000000 166.036059 166.022228 166.015807 166.013337 166.013831 166.018770 166.033589 
0.000000 0.000000 166.040011 166.023710 166.015313 166.012349 166.012349 166.016301 166.032107 
0.000000 0.000000 0.000000 166.026180 166.015807 166.010867 166.010867 166.014325 166.029638 
0.000000 0.000000 0.000000 166.029638 166.015807 166.010373 166.009879 166.012349 166.027662 
0.000000 0.000000 0.000000 166.034577 166.017289 166.009385 166.008397 166.010373 166.025192 
0.000000 0.000000 0.000000 0.000000 166.019758 166.009385 166.007409 166.008397 166.023710 
0.000000 0.000000 0.000000 0.000000 166.024204 166.009385 166.005928 166.006421 166.021734 
0.000000 0.000000 0.000000 0.000000 166.032601 166.010373 166.004446 166.004940 166.021240 
0.000000 0.000000 0.000000 0.000000 0.000000 166.013831 166.003458 166.003458 166.020746 
0.000000 0.000000 0.000000 0.000000 0.000000 166.022722 166.003458 166.001976 166.020746 
0.000000 0.000000 0.000000 0.000000 0.000000 166.040999 166.003458 166.000988 166.023216 
0.000000 0.000000 0.000000 0.000000 0.000000 0.000000 166.015313 166.000000 166.034083 
