test/output/constant/M3M495_S000_A270_WD090.0_WS040.0/M3M495_S000_A270_WD090.0_WS040.0_arrival.asc
ncols         54
nrows         11
xllcorner     421403.990666
yllcorner     12748255.311160
cellsize      100.000000
NODATA_value  0.000000
0.000000 0.000000 0.000000 0.000000 0.000000 0.000000 0.000000 0.000000 0.000000 0.000000 0.000000 0.000000 0.000000 0.000000 166.041441 166.041122 166.040484 166.040166 166.039528 166.038890 166.038572 166.038253 166.037615 166.037615 166.037615 166.037297 166.037297 166.037297 166.037615 166.037934 166.037934 166.037934 166.038572 166.038890 166.039528 166.040484 166.041441 0.000000 0.000000 0.000000 0.000000 0.000000 0.000000 0.000000 0.000000 0.000000 0.000000 0.000000 0.000000 0.000000 0.000000 0.000000 0.000000 0.000000 
0.000000 0.000000 0.000000 0.000000 0.000000 0.000000 0.000000 166.041441 166.040803 166.040166 166.039528 166.038890 166.038253 166.037615 166.036978 166.036659 166.036021 166.035384 166.034746 166.034109 166.033790 166.033152 166.032515 166.031877 166.031559 166.030921 166.030602 166.029965 166.029646 166.029327 166.029327 166.029008 166.029008 166.029327 166.029327 166.029646 166.029646 166.030284 166.030602 166.031877 166.032515 166.033790 166.035384 166.037615 166.039847 0.000000 0.000000 0.000000 0.000000 0.000000 0.000000 0.000000 0.000000 0.000000 
0.000000 0.000000 0.000000 0.000000 166.041122 166.040484 166.039528 166.038890 166.038253 166.037615 166.036659 166.036021 166.035384 166.034428 166.033790 166.033152 166.032515 166.031877 166.030921 166.030284 166.029646 166.029008 166.028371 166.027733 166.027096 166.026458 166.025821 166.025183 166.024546 166.024227 166.023589 166.022952 166.022633 166.021995 166.021358 166.021039 166.021039 166.020720 166.021039 166.021039 166.021039 166.021358 166.021995 166.022952 166.023908 166.025502 166.027733 166.031240 166.035384 0.000000 0.000000 0.000000 0.000000 0.000000 
0.000000 166.041667 166.040803 166.040166 166.039528 166.038572 166.037934 166.036978 166.036340 166.035384 166.034746 166.033790 166.033152 166.032515 166.031559 166.030921 166.029965 166.029327 166.028690 166.027733 166.027096 166.026139 166.025502 166.024864 166.023908 166.023271 166.022633 166.021677 166.021039 166.020402 166.019764 166.018808 166.018170 166.017533 166.016895 166.016257 166.015620 166.015301 166.014664 166.014026 166.013389 166.013070 166.012751 166.012751 166.012751 166.012751 166.013070 166.014026 166.015620 166.017851 166.022952 166.031240 0.000000 0.000000 
166.041441 166.040484 166.039847 166.038890 166.038253 166.037297 166.036659 166.035703 166.035065 166.034109 166.033471 166.032515 166.031877 166.030921 166.030284 166.029327 166.028690 166.027733 166.027096 166.026458 166.025502 166.024864 166.023908 166.023271 166.022314 166.021677 166.020720 166.020083 166.019126 166.018489 166.017851 166.016895 166.016257 166.015301 166.014664 166.014026 166.013070 166.012432 166.011476 166.010838 166.009882 166.009244 166.008288 166.007651 166.007013 166.006375 166.005738 166.005100 166.004463 166.004463 166.004463 166.005738 166.011476 0.000000 
166.041122 166.040484 166.039528 166.038890 166.037934 166.037297 166.036340 166.035703 166.034746 166.034109 166.033152 166.032515 166.031559 166.030921 166.029965 166.029327 166.028371 166.027733 166.026777 166.026139 166.025183 166.024546 166.023589 166.022952 166.021995 166.021358 166.020402 166.019764 166.018808 166.018170 166.017214 166.016576 166.015620 166.014982 166.014026 166.013389 166.012432 166.011795 166.010838 166.010201 166.009244 166.008607 166.007651 166.007013 166.006057 166.005419 166.004463 166.003825 166.002869 166.002231 166.001275 166.000638 166.000000 166.038890 
166.041441 166.040484 166.039847 166.038890 166.038253 166.037297 166.036659 166.035703 166.035065 166.034109 166.033471 166.032515 166.031877 166.030921 166.030284 166.029327 166.028690 166.027733 166.027096 166.026458 166.025502 166.024864 166.023908 166.023271 166.022314 166.021677 166.020720 166.020083 166.019126 166.018489 166.017851 166.016895 166.016257 166.015301 166.014664 166.014026 166.013070 166.012432 166.011476 166.010838 166.009882 166.009244 166.008288 166.007651 166.007013 166.006375 166.005738 166.005100 166.004463 166.004463 166.004463 166.005738 166.011476 0.000000 
0.000000 166.041667 166.040803 166.040166 166.039528 166.038572 166.037934 166.036978 166.036340 166.035384 166.034746 166.033790 166.033152 166.032515 166.031559 166.030921 166.029965 166.029327 166.028690 166.027733 166.027096 166.026139 166.025502 166.024864 166.023908 166.023271 166.022633 166.021677 166.021039 166.020402 166.019764 166.018808 166.018170 166.017533 166.016895 166.016257 166.015620 166.015301 166.014664 166.014026 166.013389 166.013070 166.012751 166.012751 166.012751 166.012751 166.013070 166.014026 166.015620 166.017851 166.022952 166.031240 0.000000 0.000000 
0.000000 0.000000 0.000000 0.000000 166.041122 166.040484 166.039528 166.038890 166.038253 166.037615 166.036659 166.036021 166.035384 166.034428 166.033790 166.033152 166.032515 166.031877 166.030921 166.030284 166.029646 166.029008 166.028371 166.027733 166.027096 166.026458 166.025821 166.025183 166.024546 166.024227 166.023589 166.022952 166.022633 166.021995 166.021358 166.021039 166.021039 166.020720 166.021039 166.021039 166.021039 166.021358 166.021995 166.022952 166.023908 166.025502 166.027733 166.031240 166.035384 0.000000 0.000000 0.000000 0.000000 0.000000 
0.000000 0.000000 0.000000 0.000000 0.000000 0.000000 0.000000 166.041441 166.040803 166.040166 166.039528 166.038890 166.038253 166.037615 166.036978 166.036659 166.036021 166.035384 166.034746 166.034109 166.033790 166.033152 166.032515 166.031877 166.031559 166.030921 166.030602 166.029965 166.029646 166.029327 166.029327 166.029008 166.029008 166.029327 166.029327 166.029646 166.029646 166.030284 166.030602 166.031877 166.032515 166.033790 166.035384 166.037615 166.039847 0.000000 0.000000 0.000000 0.000000 0.000000 0.000000 0.000000 0.000000 0.000000 
0.000000 0.000000 0.000000 0.000000 0.000000 0.000000 0.000000 0.000000 0.000000 0.000000 0.000000 0.000000 0.000000 0.000000 166.041441 166.041122 166.040484 166.040166 166.039528 166.038890 166.038572 166.038253 166.037615 166.037615 166.037615 166.037297 166.037297 166.037297 166.037615 166.037934 166.037934 166.037934 166.038572 166.038890 166.039528 166.040484 166.041441 0.000000 0.000000 0.000000 0.000000 0.000000 0.000000 0.000000 0.000000 0.000000 0.000000 0.000000 0.000000 0.000000 0.000000 0.000000 0.000000 0.000000 
