test/output/constant/C2_S060_A000_WD090.0_WS020.0/C2_S060_A000_WD090.0_WS020.0_arrival.asc
ncols         37
nrows         7
xllcorner     423003.990666
yllcorner     12748455.311160
cellsize      100.000000
NODATA_value  0.000000
0.000000 0.000000 0.000000 0.000000 0.000000 0.000000 0.000000 0.000000 0.000000 166.041271 166.040354 166.039895 166.038978 166.038061 166.037603 166.036685 166.036227 166.036227 166.036227 166.036227 166.036685 166.036685 166.037144 166.038061 166.039437 166.040354 0.000000 0.000000 0.000000 0.000000 0.000000 0.000000 0.000000 0.000000 0.000000 0.000000 0.000000 
0.000000 0.000000 0.000000 166.041271 166.039895 166.038978 166.038061 166.036685 166.035768 166.034851 166.033475 166.032558 166.031641 166.030724 166.029807 166.028890 166.027973 166.027055 166.026138 166.025221 166.024763 166.023846 166.022928 166.022470 166.022011 166.022011 166.022011 166.022011 166.022928 166.023846 166.025221 166.027973 166.033017 166.040813 0.000000 0.000000 0.000000 
166.041667 166.040354 166.039437 166.038061 166.037144 166.035768 166.034851 166.033475 166.032558 166.031183 166.030265 166.028890 166.027973 166.026597 166.025680 166.024304 166.023387 166.022011 166.021094 166.020177 166.018801 166.017884 166.016967 166.015591 166.014674 166.013757 166.012381 166.011464 166.010547 166.009630 166.008713 166.007796 166.007337 166.007337 166.008254 166.012840 166.035768 
166.040813 166.039895 166.038520 166.037603 166.036227 166.035310 166.033934 166.033017 166.031641 166.030724 166.029348 166.028431 166.027055 166.026138 166.024763 166.023846 166.022470 166.021553 166.020177 166.019260 166.017884 166.016967 166.015591 166.014674 166.013298 166.012381 166.011006 166.010088 166.008713 166.007796 166.006420 166.005503 166.004127 166.003210 166.001834 166.000917 166.000000 
166.041667 166.040354 166.039437 166.038061 166.037144 166.035768 166.034851 166.033475 166.032558 166.031183 166.030265 166.028890 166.027973 166.026597 166.025680 166.024304 166.023387 166.022011 166.021094 166.020177 166.018801 166.017884 166.016967 166.015591 166.014674 166.013757 166.012381 166.011464 166.010547 166.009630 166.008713 166.007796 166.007337 166.007337 166.008254 166.012840 166.035768 
0.000000 0.000000 0.000000 166.041271 166.039895 166.038978 166.038061 166.036685 166.035768 166.034851 166.033475 166.032558 166.031641 166.030724 166.029807 166.028890 166.027973 166.027055 166.026138 166.025221 166.024763 166.023846 166.022928 166.022470 166.022011 166.022011 166.022011 166.022011 166.022928 166.023846 166.025221 166.027973 166.033017 166.040813 0.000000 0.000000 0.000000 
0.000000 0.000000 0.000000 0.000000 0.000000 0.000000 0.000000 0.000000 0.000000 166.041271 166.040354 166.039895 166.038978 166.038061 166.037603 166.036685 166.036227 166.036227 166.036227 166.036227 166.036685 166.036685 166.037144 166.038061 166.039437 166.040354 0.000000 0.000000 0.000000 0.000000 0.000000 0.000000 0.000000 0.000000 0.000000 0.000000 0.000000 
