test/output/constant/M395_S060_A000_WD270.0_WS015.0/M395_S060_A000_WD270.0_WS015.0_raz.asc
ncols         36
nrows         11
xllcorner     423303.990666
yllcorner     12748255.311160
cellsize      100.000000
NODATA_value  0.000000
0 0 0 0 0 0 0 0 0 274 279 279 279 283 283 283 281 337 337 337 360 281 281 324 281 0 0 0 0 0 0 0 0 0 0 0 
0 0 0 0 0 274 274 275 277 275 281 274 275 272 279 274 285 283 281 283 337 288 288 285 337 283 283 58 360 360 0 0 0 0 0 0 
0 0 0 274 274 275 274 270 279 272 272 270 279 281 281 285 270 275 277 274 279 279 283 281 281 281 281 283 283 58 58 58 360 0 0 0 
0 272 270 281 275 275 279 270 283 272 270 274 270 275 272 274 274 275 270 283 272 272 274 274 279 275 283 281 281 324 285 360 15 15 0 0 
272 272 272 272 272 272 272 272 272 272 272 272 272 272 272 274 275 275 279 283 272 270 277 270 283 275 270 272 274 275 279 281 15 15 58 0 
270 270 270 270 270 270 270 270 270 270 270 270 270 270 270 270 270 270 270 270 270 270 270 270 270 270 270 270 270 270 270 270 270 65535 58 15 
270 270 270 270 270 270 270 270 270 270 270 270 270 270 270 270 270 270 270 270 270 270 270 270 270 270 270 270 270 270 270 258 164 164 121 0 
0 270 270 270 270 270 260 270 270 270 270 270 270 270 270 270 270 270 270 270 270 270 270 270 270 264 270 258 258 215 254 180 164 90 0 0 
0 0 0 270 270 270 270 270 270 270 270 270 270 270 270 270 270 270 262 270 270 260 256 270 258 258 258 256 256 121 121 121 164 0 0 0 
0 0 0 0 0 270 270 270 270 264 270 270 270 270 260 270 254 270 258 256 270 251 251 254 202 256 256 121 180 180 0 0 0 0 0 0 
0 0 0 0 0 0 0 0 0 265 270 270 260 256 256 256 258 202 202 202 180 258 258 215 258 0 0 0 0 0 0 0 0 0 0 0 
