test/output/constant/M395_S000_A090_WD315.0_WS010.0/M395_S000_A090_WD315.0_WS010.0_arrival.asc
ncols         17
nrows         17
xllcorner     426203.990666
yllcorner     12747555.311160
cellsize      100.000000
NODATA_value  0.000000
0.000000 0.000000 166.037858 166.034518 166.033404 166.033404 166.034518 166.036745 166.038972 0.000000 0.000000 0.000000 0.000000 0.000000 0.000000 0.000000 0.000000 
0.000000 166.034518 166.028950 166.025610 166.024496 166.024496 166.025610 166.028950 166.031177 166.035631 166.038972 0.000000 0.000000 0.000000 0.000000 0.000000 0.000000 
166.037858 166.028950 166.021156 166.015589 166.014475 166.014475 166.017816 166.021156 166.024496 166.028950 166.033404 166.037858 166.041198 0.000000 0.000000 0.000000 0.000000 
166.034518 166.025610 166.015589 166.007794 166.005567 166.006681 166.010021 166.014475 166.018929 166.023383 166.027837 166.032291 166.036745 166.041198 0.000000 0.000000 0.000000 
166.033404 166.024496 166.014475 166.005567 166.000000 166.002227 166.005567 166.010021 166.014475 166.018929 166.023383 166.028950 166.033404 166.037858 166.041667 0.000000 0.000000 
166.033404 166.024496 166.014475 166.006681 166.002227 166.002227 166.005567 166.008908 166.013362 166.016702 166.021156 166.025610 166.030064 166.034518 166.038972 0.000000 0.000000 
166.034518 166.025610 166.017816 166.010021 166.005567 166.005567 166.006681 166.008908 166.012248 166.016702 166.020042 166.024496 166.027837 166.032291 166.036745 166.041198 0.000000 
166.036745 166.028950 166.021156 166.014475 166.010021 166.008908 166.008908 166.010021 166.013362 166.016702 166.020042 166.023383 166.026723 166.031177 166.034518 166.038972 0.000000 
166.038972 166.031177 166.024496 166.018929 166.014475 166.013362 166.012248 166.013362 166.014475 166.016702 166.020042 166.023383 166.026723 166.030064 166.034518 166.037858 166.041667 
0.000000 166.035631 166.028950 166.023383 166.018929 166.016702 166.016702 166.016702 166.016702 166.017816 166.021156 166.023383 166.026723 166.030064 166.033404 166.037858 166.041198 
0.000000 166.038972 166.033404 166.027837 166.023383 166.021156 166.020042 166.020042 166.020042 166.021156 166.022269 166.024496 166.027837 166.030064 166.033404 166.036745 166.041198 
0.000000 0.000000 166.037858 166.032291 166.028950 166.025610 166.024496 166.023383 166.023383 166.023383 166.024496 166.025610 166.028950 166.031177 166.034518 166.036745 166.041198 
0.000000 0.000000 166.041198 166.036745 166.033404 166.030064 166.027837 166.026723 166.026723 166.026723 166.027837 166.028950 166.030064 166.032291 166.034518 166.037858 166.041198 
0.000000 0.000000 0.000000 166.041198 166.037858 166.034518 166.032291 166.031177 166.030064 166.030064 166.030064 166.031177 166.032291 166.034518 166.036745 166.038972 166.041198 
0.000000 0.000000 0.000000 0.000000 166.041667 166.038972 166.036745 166.034518 166.034518 166.033404 166.033404 166.034518 166.034518 166.036745 166.037858 166.040085 0.000000 
0.000000 0.000000 0.000000 0.000000 0.000000 0.000000 166.041198 166.038972 166.037858 166.037858 166.036745 166.036745 166.037858 166.038972 166.040085 166.041667 0.000000 
0.000000 0.000000 0.000000 0.000000 0.000000 0.000000 0.000000 0.000000 166.041667 166.041198 166.041198 166.041198 166.041198 166.041198 0.000000 0.000000 0.000000 
