test/output/constant/M3100_S060_A090_WD225.0_WS015.0/M3100_S060_A090_WD225.0_WS015.0_raz.asc
ncols         19
nrows         44
xllcorner     426403.990666
yllcorner     12744555.311160
cellsize      100.000000
NODATA_value  0.000000
0 317 70 4 0 0 0 0 0 0 0 0 0 0 0 0 0 0 0 
0 317 254 51 70 0 0 0 0 0 0 0 0 0 0 0 0 0 0 
0 194 160 160 90 80 0 0 0 0 0 0 0 0 0 0 0 0 0 
317 176 160 160 4 80 90 0 0 0 0 0 0 0 0 0 0 0 0 
194 188 163 160 160 118 51 51 0 0 0 0 0 0 0 0 0 0 0 
203 174 161 160 160 152 150 149 0 0 0 0 0 0 0 0 0 0 0 
194 183 172 160 160 159 150 70 146 0 0 0 0 0 0 0 0 0 0 
194 176 170 160 160 160 51 152 149 80 0 0 0 0 0 0 0 0 0 
0 174 183 160 160 160 80 150 118 150 0 0 0 0 0 0 0 0 0 
0 194 176 160 160 160 160 160 150 70 150 0 0 0 0 0 0 0 0 
0 194 176 183 163 160 160 160 158 51 150 0 0 0 0 0 0 0 0 
0 183 174 183 168 160 160 159 158 152 152 150 0 0 0 0 0 0 0 
0 183 174 188 160 160 160 160 159 150 152 70 0 0 0 0 0 0 0 
0 183 174 188 188 160 160 160 160 150 51 150 80 0 0 0 0 0 0 
0 179 174 164 160 160 160 160 160 160 160 152 150 0 0 0 0 0 0 
0 0 194 188 183 163 160 160 160 160 160 152 150 0 0 0 0 0 0 
0 0 183 172 164 160 160 160 160 156 160 160 150 150 0 0 0 0 0 
0 0 183 163 161 203 160 160 160 159 160 152 152 150 0 0 0 0 0 
0 0 183 174 161 183 188 160 160 160 156 160 152 150 150 0 0 0 0 
0 0 179 176 161 164 168 160 160 160 158 160 152 70 150 0 0 0 0 
0 0 0 170 165 174 160 160 160 160 160 160 154 152 159 0 0 0 0 
0 0 0 172 172 160 172 167 160 160 160 158 154 160 160 150 0 0 0 
0 0 0 194 163 167 172 160 170 160 160 160 160 160 160 150 0 0 0 
0 0 0 0 172 160 174 167 160 160 160 160 51 160 156 150 0 0 0 
0 0 0 0 164 165 164 194 203 165 160 160 158 158 160 156 150 0 0 
0 0 0 0 174 188 172 170 160 167 160 160 160 160 160 150 150 0 0 
0 0 0 0 0 188 161 168 164 203 160 160 160 160 160 80 4 0 0 
0 0 0 0 0 194 203 160 167 165 167 160 156 158 160 159 160 0 0 
0 0 0 0 0 165 165 172 168 165 167 160 160 160 160 160 160 160 0 
0 0 0 0 0 0 172 164 168 160 160 160 160 158 156 160 160 158 0 
0 0 0 0 0 0 167 174 160 161 168 183 160 160 160 160 160 159 0 
0 0 0 0 0 0 0 165 167 160 160 160 160 160 160 160 160 160 0 
0 0 0 0 0 0 0 165 170 172 160 160 160 160 160 159 160 160 0 
0 0 0 0 0 0 0 0 172 160 160 160 160 160 160 160 160 158 159 
0 0 0 0 0 0 0 0 160 160 160 160 160 161 160 156 160 160 156 
0 0 0 0 0 0 0 0 0 160 160 160 160 160 160 160 160 160 160 
0 0 0 0 0 0 0 0 0 160 170 160 160 160 160 160 160 160 160 
0 0 0 0 0 0 0 0 0 0 160 160 160 160 160 160 160 160 160 
0 0 0 0 0 0 0 0 0 0 0 168 160 160 160 160 160 160 160 
0 0 0 0 0 0 0 0 0 0 0 160 168 160 160 160 160 160 160 
0 0 0 0 0 0 0 0 0 0 0 0 160 160 160 160 160 160 160 
0 0 0 0 0 0 0 0 0 0 0 0 0 160 160 160 160 160 160 
0 0 0 0 0 0 0 0 0 0 0 0 0 0 168 160 160 160 0 
0 0 0 0 0 0 0 0 0 0 0 0 0 0 0 160 160 160 0 
