test/output/constant/M3M490_S060_A090_WD315.0_WS005.0/M3M490_S060_A090_WD315.0_WS005.0_arrival.asc
ncols         11
nrows         53
xllcorner     426303.990666
yllcorner     12743555.311160
cellsize      100.000000
NODATA_value  0.000000
0.000000 0.000000 166.019049 166.000000 166.013017 0.000000 0.000000 0.000000 0.000000 0.000000 0.000000 
0.000000 0.000000 166.010160 166.000635 166.004127 166.033972 0.000000 0.000000 0.000000 0.000000 0.000000 
0.000000 166.038099 166.008255 166.001270 166.002857 166.020002 0.000000 0.000000 0.000000 0.000000 0.000000 
0.000000 166.030797 166.007937 166.002222 166.002857 166.013970 166.040321 0.000000 0.000000 0.000000 0.000000 
0.000000 166.026987 166.007937 166.002857 166.003175 166.011112 166.030797 0.000000 0.000000 0.000000 0.000000 
0.000000 166.024764 166.008255 166.003810 166.003810 166.009525 166.024764 0.000000 0.000000 0.000000 0.000000 
0.000000 166.023494 166.008890 166.004445 166.004445 166.008572 166.020954 166.041274 0.000000 0.000000 0.000000 
0.000000 166.023177 166.009525 166.005397 166.005397 166.008572 166.018097 166.034924 0.000000 0.000000 0.000000 
166.041591 166.022542 166.010160 166.006350 166.006032 166.008572 166.016510 166.031114 0.000000 0.000000 0.000000 
166.040004 166.022542 166.010795 166.006985 166.006985 166.008890 166.015240 166.027939 0.000000 0.000000 0.000000 
166.039051 166.022859 166.011747 166.007937 166.007620 166.009207 166.014605 166.025399 166.041274 0.000000 0.000000 
166.038099 166.022859 166.012700 166.008890 166.008572 166.009525 166.014287 166.023812 166.037781 0.000000 0.000000 
166.038099 166.023177 166.013652 166.009842 166.009207 166.010160 166.014287 166.022224 166.034924 0.000000 0.000000 
166.037464 166.023494 166.014605 166.010795 166.010160 166.010795 166.014287 166.021272 166.032702 0.000000 0.000000 
166.037146 166.024129 166.015557 166.011747 166.010795 166.011430 166.014605 166.020319 166.031114 0.000000 0.000000 
166.037146 166.024447 166.016510 166.012382 166.011747 166.012065 166.014605 166.020002 166.029209 0.000000 0.000000 
166.037464 166.025082 166.017462 166.013335 166.012382 166.012700 166.014922 166.020002 166.027939 166.039686 0.000000 
166.037781 166.025717 166.018414 166.014287 166.013335 166.013335 166.015240 166.020002 166.026987 166.038099 0.000000 
166.037781 166.026352 166.019367 166.015240 166.013970 166.014287 166.015875 166.020002 166.026352 166.036511 0.000000 
166.038099 166.026987 166.020319 166.016192 166.014922 166.014922 166.016192 166.020319 166.025717 166.034924 0.000000 
166.038416 166.027622 166.021272 166.017145 166.015875 166.015875 166.016827 166.020319 166.025717 166.033654 0.000000 
166.038734 166.028257 166.022224 166.018097 166.016510 166.016510 166.017462 166.020637 166.025717 166.033019 0.000000 
166.039369 166.028892 166.023177 166.019049 166.017462 166.017462 166.018097 166.020954 166.025717 166.032384 0.000000 
166.039686 166.029844 166.024129 166.020002 166.018414 166.018097 166.018732 166.021272 166.025717 166.031749 166.040639 
166.040004 166.030479 166.025082 166.020954 166.019049 166.019049 166.019367 166.021589 166.025717 166.031114 166.039369 
166.040639 166.031114 166.026034 166.021907 166.020002 166.019684 166.020002 166.021907 166.026034 166.031114 166.038734 
166.041274 166.032067 166.026987 166.022859 166.020954 166.020637 166.020954 166.022542 166.026352 166.031114 166.038099 
166.041667 166.033019 166.027939 166.023812 166.021907 166.021272 166.021589 166.023177 166.026352 166.031432 166.037464 
0.000000 166.033972 166.028892 166.024764 166.022542 166.022224 166.022224 166.023812 166.026669 166.031432 166.037146 
0.000000 166.034924 166.029844 166.025717 166.023494 166.022859 166.022859 166.024447 166.026987 166.031432 166.036829 
0.000000 166.035877 166.030797 166.026669 166.024447 166.023812 166.023812 166.025082 166.027304 166.031749 166.036829 
0.000000 166.036829 166.031749 166.027622 166.025399 166.024447 166.024447 166.025399 166.027939 166.031749 166.036829 
0.000000 166.037781 166.032702 166.028574 166.026352 166.025399 166.025399 166.026034 166.028257 166.032067 166.037146 
0.000000 166.038734 166.033337 166.029527 166.027304 166.026352 166.026034 166.026987 166.028892 166.032067 166.037146 
0.000000 166.039369 166.034289 166.030479 166.027939 166.026987 166.026987 166.027622 166.029527 166.032384 166.037146 
0.000000 166.040321 166.035242 166.031432 166.028892 166.027939 166.027622 166.028257 166.029844 166.032702 166.037464 
0.000000 166.041274 166.036194 166.032384 166.029844 166.028574 166.028574 166.028892 166.030479 166.033337 166.037464 
0.000000 0.000000 166.037146 166.033337 166.030797 166.029527 166.029209 166.029527 166.031114 166.033654 166.037781 
0.000000 0.000000 166.038099 166.034289 166.031749 166.030479 166.030162 166.030162 166.031749 166.033972 166.037781 
0.000000 0.000000 166.039051 166.035242 166.032702 166.031114 166.030797 166.031114 166.032384 166.034607 166.038099 
0.000000 0.000000 166.040004 166.036194 166.033654 166.032067 166.031749 166.031749 166.033019 166.035242 166.038416 
0.000000 0.000000 166.040956 166.036829 166.034607 166.033019 166.032384 166.032702 166.033654 166.035559 166.038734 
0.000000 0.000000 0.000000 166.037781 166.035559 166.033654 166.033337 166.033337 166.034289 166.036194 166.039051 
0.000000 0.000000 0.000000 166.038734 166.036194 166.034607 166.033972 166.034289 166.034924 166.036829 166.039369 
0.000000 0.000000 0.000000 166.039686 166.037146 166.035559 166.034924 166.034924 166.035559 166.037464 166.040004 
0.000000 0.000000 0.000000 166.040639 166.038099 166.036511 166.035877 166.035559 166.036194 166.037781 166.040321 
0.000000 0.000000 0.000000 166.041591 166.039051 166.037464 166.036511 166.036511 166.037146 166.038416 166.040639 
0.000000 0.000000 0.000000 0.000000 166.040004 166.038099 166.037464 166.037464 166.037781 166.039051 166.041274 
0.000000 0.000000 0.000000 0.000000 166.040956 166.039051 166.038416 166.038099 166.038416 166.039686 0.000000 
0.000000 0.000000 0.000000 0.000000 0.000000 166.040004 166.039051 166.039051 166.039051 166.040321 0.000000 
0.000000 0.000000 0.000000 0.000000 0.000000 166.040956 166.040004 166.039686 166.039686 166.040956 0.000000 
0.000000 0.000000 0.000000 0.000000 0.000000 166.041667 166.040639 166.040639 166.040639 166.041591 0.000000 
0.000000 0.000000 0.000000 0.000000 0.000000 0.000000 166.041591 166.041274 166.041274 0.000000 0.000000 
