test/output/constant/M3M490_S060_A090_WD315.0_WS005.0/M3M490_S060_A090_WD315.0_WS005.0_intensity.asc
ncols         11
nrows         53
xllcorner     426303.990666
yllcorner     12743555.311160
cellsize      100.000000
NODATA_value  0.000000
0 0 1121 0 40511 0 0 0 0 0 0 
0 0 784 78137 53569 1525 0 0 0 0 0 
0 784 47566 78137 53569 2179 0 0 0 0 0 
0 621 47566 78137 59570 4085 798 0 0 0 0 
0 621 27762 78137 76055 53569 47151 0 0 0 0 
0 34262 47566 78137 78137 53569 53569 0 0 0 0 
0 34262 59935 78137 78137 53569 53569 2179 0 0 0 
0 40931 47566 78137 78137 53569 53569 53569 0 0 0 
34262 27762 73547 78137 78137 64971 53569 53569 0 0 0 
27762 40931 69877 78137 73340 59570 53569 53569 0 0 0 
34262 47566 78137 78137 78137 73340 69608 59570 53569 0 0 
34262 40931 73547 78137 78137 64971 64971 53569 53569 0 0 
40931 59935 78137 40931 78137 78137 53569 53569 53569 0 0 
47566 34262 73547 59935 78137 59570 69608 73340 53569 0 0 
34262 40931 73547 59935 78137 78137 59570 53569 53569 0 0 
34262 34262 73547 77733 78137 78137 64971 59570 53569 0 0 
47566 47566 78137 65293 78137 77668 69608 78137 53569 53569 0 
47566 53966 73547 69877 78137 78137 78137 59570 53569 53569 0 
40931 47566 73547 69877 78137 78137 78137 69608 59570 53569 0 
40931 47566 34262 78137 78137 78137 73340 53569 53569 59570 0 
40931 47566 34262 78137 78137 78137 78137 73340 78011 53569 0 
27762 53966 78137 77733 78137 78137 78137 53569 59570 73340 0 
47566 69877 27762 76193 78137 78137 78137 73340 59570 69608 0 
47566 59935 76193 76193 78137 78137 78137 77668 53569 64971 53569 
34262 47566 27762 77733 78137 78137 78137 73340 59570 53569 53569 
40931 65293 40931 77733 78137 78137 78137 73340 73340 64971 59570 
53966 65293 40931 73547 78137 78137 78137 78137 53569 53569 53569 
78137 78137 40931 76193 53966 78137 76055 73340 73340 53569 53569 
0 47566 40931 77733 78137 78137 78137 78137 59570 53569 69608 
0 53966 47566 78137 78137 78137 78137 64971 76055 53569 69608 
0 53966 59935 76193 78137 78137 78137 78137 78137 53569 53569 
0 53966 59935 76193 78137 78137 69608 78011 64971 64971 59570 
0 59935 65293 78137 78137 78137 59570 78137 78137 53569 53569 
0 59935 65293 78137 78137 40931 78137 78137 76055 53569 59570 
0 69877 65293 40931 76193 78137 78137 78011 78137 78137 59570 
0 69877 65293 40931 65293 78137 78137 78137 73340 77668 59570 
0 69877 69877 47566 78137 78137 78137 78137 78137 73340 59570 
0 0 65293 59935 78137 78137 78137 78011 78137 76055 53569 
0 0 65293 59935 78137 78137 78137 77668 59570 76055 69608 
0 0 65293 59935 78137 78137 78137 78137 78137 78011 69608 
0 0 69877 59935 78137 78137 78137 78137 73340 78137 78137 
0 0 65293 65293 53966 78137 78137 78137 78137 76055 69608 
0 0 0 65293 53966 78137 78137 73340 78137 78137 76055 
0 0 0 65293 76193 73547 78137 78137 78137 69608 77668 
0 0 0 69877 65293 78137 78137 78137 64971 78137 64971 
0 0 0 65293 69877 78137 78137 78137 78137 77668 78137 
0 0 0 65293 78137 53966 78137 78137 76055 59570 59570 
0 0 0 0 76193 78137 78137 78137 78137 78137 78011 
0 0 0 0 73547 78137 78137 78137 78137 78137 0 
0 0 0 0 0 78137 78137 78137 78137 78137 0 
0 0 0 0 0 78137 78137 78137 78137 78137 0 
0 0 0 0 0 65293 78137 76055 78137 76055 0 
0 0 0 0 0 0 78137 78137 78137 0 0 
