test/output/constant/M3M490_S060_A090_WD315.0_WS005.0/M3M490_S060_A090_WD315.0_WS005.0_ros.asc
ncols         11
nrows         53
xllcorner     426303.990666
yllcorner     12743555.311160
cellsize      100.000000
NODATA_value  0.000000
0.000000 0.000000 1.254041 -1.000000 45.306076 0.000000 0.000000 0.000000 0.000000 0.000000 0.000000 
0.000000 0.000000 0.877264 87.384659 59.909473 1.705762 0.000000 0.000000 0.000000 0.000000 0.000000 
0.000000 0.877264 53.196590 87.384659 59.909473 2.437079 0.000000 0.000000 0.000000 0.000000 0.000000 
0.000000 0.695002 53.196590 87.384659 66.620438 4.569161 0.892780 0.000000 0.000000 0.000000 0.000000 
0.000000 0.695002 31.048096 87.384659 85.056259 59.909473 52.731934 0.000000 0.000000 0.000000 0.000000 
0.000000 38.317924 53.196590 87.384659 87.384659 59.909473 59.909473 0.000000 0.000000 0.000000 0.000000 
0.000000 38.317924 67.029129 87.384659 87.384659 59.909473 59.909473 2.437079 0.000000 0.000000 0.000000 
0.000000 45.776302 53.196590 87.384659 87.384659 59.909473 59.909473 59.909473 0.000000 0.000000 0.000000 
38.317924 31.048096 82.252052 87.384659 87.384659 72.660774 59.909473 59.909473 0.000000 0.000000 0.000000 
31.048096 45.776302 78.147354 87.384659 82.020981 66.620438 59.909473 59.909473 0.000000 0.000000 0.000000 
38.317924 53.196590 87.384659 87.384659 87.384659 82.020981 77.846848 66.620438 59.909473 0.000000 0.000000 
38.317924 45.776302 82.252052 87.384659 87.384659 72.660774 72.660774 59.909473 59.909473 0.000000 0.000000 
45.776302 67.029129 87.384659 45.776302 87.384659 87.384659 59.909473 59.909473 59.909473 0.000000 0.000000 
53.196590 38.317924 82.252052 67.029129 87.384659 66.620438 77.846848 82.020981 59.909473 0.000000 0.000000 
38.317924 45.776302 82.252052 67.029129 87.384659 87.384659 66.620438 59.909473 59.909473 0.000000 0.000000 
38.317924 38.317924 82.252052 86.933037 87.384659 87.384659 72.660774 66.620438 59.909473 0.000000 0.000000 
53.196590 53.196590 87.384659 73.021141 87.384659 86.860397 77.846848 87.384659 59.909473 59.909473 0.000000 
53.196590 60.353344 82.252052 78.147354 87.384659 87.384659 87.384659 66.620438 59.909473 59.909473 0.000000 
45.776302 53.196590 82.252052 78.147354 87.384659 87.384659 87.384659 77.846848 66.620438 59.909473 0.000000 
45.776302 53.196590 38.317924 87.384659 87.384659 87.384659 82.020981 59.909473 59.909473 66.620438 0.000000 
45.776302 53.196590 38.317924 87.384659 87.384659 87.384659 87.384659 82.020981 87.244286 59.909473 0.000000 
31.048096 60.353344 87.384659 86.933037 87.384659 87.384659 87.384659 59.909473 66.620438 82.020981 0.000000 
53.196590 78.147354 31.048096 85.210564 87.384659 87.384659 87.384659 82.020981 66.620438 77.846848 0.000000 
53.196590 67.029129 85.210564 85.210564 87.384659 87.384659 87.384659 86.860397 59.909473 72.660774 59.909473 
38.317924 53.196590 31.048096 86.933037 87.384659 87.384659 87.384659 82.020981 66.620438 59.909473 59.909473 
45.776302 73.021141 45.776302 86.933037 87.384659 87.384659 87.384659 82.020981 82.020981 72.660774 66.620438 
60.353344 73.021141 45.776302 82.252052 87.384659 87.384659 87.384659 87.384659 59.909473 59.909473 59.909473 
87.384659 87.384659 45.776302 85.210564 60.353344 87.384659 85.056259 82.020981 82.020981 59.909473 59.909473 
0.000000 53.196590 45.776302 86.933037 87.384659 87.384659 87.384659 87.384659 66.620438 59.909473 77.846848 
0.000000 60.353344 53.196590 87.384659 87.384659 87.384659 87.384659 72.660774 85.056259 59.909473 77.846848 
0.000000 60.353344 67.029129 85.210564 87.384659 87.384659 87.384659 87.384659 87.384659 59.909473 59.909473 
0.000000 60.353344 67.029129 85.210564 87.384659 87.384659 77.846848 87.244286 72.660774 72.660774 66.620438 
0.000000 67.029129 73.021141 87.384659 87.384659 87.384659 66.620438 87.384659 87.384659 59.909473 59.909473 
0.000000 67.029129 73.021141 87.384659 87.384659 45.776302 87.384659 87.384659 85.056259 59.909473 66.620438 
0.000000 78.147354 73.021141 45.776302 85.210564 87.384659 87.384659 87.244286 87.384659 87.384659 66.620438 
0.000000 78.147354 73.021141 45.776302 73.021141 87.384659 87.384659 87.384659 82.020981 86.860397 66.620438 
0.000000 78.147354 78.147354 53.196590 87.384659 87.384659 87.384659 87.384659 87.384659 82.020981 66.620438 
0.000000 0.000000 73.021141 67.029129 87.384659 87.384659 87.384659 87.244286 87.384659 85.056259 59.909473 
0.000000 0.000000 73.021141 67.029129 87.384659 87.384659 87.384659 86.860397 66.620438 85.056259 77.846848 
0.000000 0.000000 73.021141 67.029129 87.384659 87.384659 87.384659 87.384659 87.384659 87.244286 77.846848 
0.000000 0.000000 78.147354 67.029129 87.384659 87.384659 87.384659 87.384659 82.020981 87.384659 87.384659 
0.000000 0.000000 73.021141 73.021141 60.353344 87.384659 87.384659 87.384659 87.384659 85.056259 77.846848 
0.000000 0.000000 0.000000 73.021141 60.353344 87.384659 87.384659 82.020981 87.384659 87.384659 85.056259 
0.000000 0.000000 0.000000 73.021141 85.210564 82.252052 87.384659 87.384659 87.384659 77.846848 86.860397 
0.000000 0.000000 0.000000 78.147354 73.021141 87.384659 87.384659 87.384659 72.660774 87.384659 72.660774 
0.000000 0.000000 0.000000 73.021141 78.147354 87.384659 87.384659 87.384659 87.384659 86.860397 87.384659 
0.000000 0.000000 0.000000 73.021141 87.384659 60.353344 87.384659 87.384659 85.056259 66.620438 66.620438 
0.000000 0.000000 0.000000 0.000000 85.210564 87.384659 87.384659 87.384659 87.384659 87.384659 87.244286 
0.000000 0.000000 0.000000 0.000000 82.252052 87.384659 87.384659 87.384659 87.384659 87.384659 0.000000 
0.000000 0.000000 0.000000 0.000000 0.000000 87.384659 87.384659 87.384659 87.384659 87.384659 0.000000 
0.000000 0.000000 0.000000 0.000000 0.000000 87.384659 87.384659 87.384659 87.384659 87.384659 0.000000 
0.000000 0.000000 0.000000 0.000000 0.000000 73.021141 87.384659 85.056259 87.384659 85.056259 0.000000 
0.000000 0.000000 0.000000 0.000000 0.000000 0.000000 87.384659 87.384659 87.384659 0.000000 0.000000 
