test/output/constant/M395_S060_A270_WD315.0_WS045.0/M395_S060_A270_WD315.0_WS045.0_raz.asc
ncols         39
nrows         15
xllcorner     426503.990666
yllcorner     12748555.311160
cellsize      100.000000
NODATA_value  0.000000
0 0 0 0 0 0 0 0 0 0 0 0 0 0 0 0 0 0 0 0 0 0 0 0 0 0 0 0 0 0 0 73 72 0 0 0 0 0 0 
0 0 0 0 0 0 0 0 0 0 0 0 0 0 0 0 0 0 0 0 0 0 0 67 68 72 75 74 75 75 75 75 75 75 70 75 75 75 75 
0 0 0 0 0 0 0 0 0 0 0 0 0 0 0 0 0 0 0 67 68 73 68 72 75 73 75 75 75 75 71 75 75 75 74 75 75 75 75 
0 0 0 0 0 0 0 0 0 0 0 0 0 0 0 68 67 67 68 67 75 68 75 71 74 75 75 75 75 75 75 75 75 75 75 75 75 75 75 
0 0 0 0 0 0 0 0 0 0 0 0 67 67 67 67 67 67 68 74 75 75 75 75 75 75 74 75 75 75 75 75 75 75 75 75 75 75 75 
0 0 0 0 0 0 0 0 0 0 65 68 67 67 74 68 72 72 75 75 72 75 75 75 75 75 75 75 75 75 77 75 78 75 75 75 75 0 0 
0 0 0 0 0 0 0 65 33 67 68 68 71 68 73 68 70 75 75 75 72 75 75 75 75 75 75 75 84 75 77 75 75 75 75 82 0 0 0 
0 0 0 0 0 65 67 68 67 68 68 75 72 75 75 75 75 75 75 75 75 75 75 75 75 75 75 75 75 75 75 75 75 75 75 0 0 0 0 
0 0 0 5 65 65 67 67 68 68 71 75 75 75 75 75 75 75 75 75 75 75 75 75 77 75 78 75 75 75 81 81 77 0 0 0 0 0 0 
0 0 355 21 67 67 67 74 75 75 75 75 75 75 75 75 75 75 75 76 75 75 75 76 75 75 75 79 81 75 0 0 0 0 0 0 0 0 0 
0 5 5 68 67 74 75 75 75 75 75 75 75 75 75 75 77 75 79 79 82 75 82 75 82 75 84 82 0 0 0 0 0 0 0 0 0 0 0 
345 65 75 74 75 75 75 75 75 75 75 79 78 75 75 86 82 81 75 75 75 75 75 75 75 0 0 0 0 0 0 0 0 0 0 0 0 0 0 
277 254 75 75 78 75 79 75 75 75 75 81 86 86 86 84 82 86 86 88 84 86 0 0 0 0 0 0 0 0 0 0 0 0 0 0 0 0 0 
255 185 102 102 86 86 86 86 86 88 86 86 86 86 86 86 0 0 0 0 0 0 0 0 0 0 0 0 0 0 0 0 0 0 0 0 0 0 0 
0 0 185 102 108 97 108 88 0 0 0 0 0 0 0 0 0 0 0 0 0 0 0 0 0 0 0 0 0 0 0 0 0 0 0 0 0 0 0 
