test/output/constant/S1_S060_A270_WD090.0_WS010.0/S1_S060_A270_WD090.0_WS010.0_arrival.asc
ncols         9
nrows         23
xllcorner     425903.990666
yllcorner     12748755.311160
cellsize      100.000000
NODATA_value  0.000000
0.000000 166.041561 0.000000 0.000000 0.000000 0.000000 0.000000 0.000000 0.000000 
166.041561 166.040103 166.040103 0.000000 0.000000 0.000000 0.000000 0.000000 0.000000 
166.040103 166.037916 166.037916 166.039374 0.000000 0.000000 0.000000 0.000000 0.000000 
166.040103 166.036457 166.035728 166.036457 166.041561 0.000000 0.000000 0.000000 0.000000 
166.039374 166.034999 166.034270 166.034270 166.037916 0.000000 0.000000 0.000000 0.000000 
166.039374 166.034270 166.032082 166.032082 166.034999 166.041561 0.000000 0.000000 0.000000 
166.040103 166.033541 166.030624 166.029895 166.032082 166.037916 0.000000 0.000000 0.000000 
166.041561 166.033541 166.029166 166.028437 166.029166 166.034270 0.000000 0.000000 0.000000 
0.000000 166.034270 166.028437 166.026249 166.026978 166.030624 166.040103 0.000000 0.000000 
0.000000 166.034270 166.027708 166.024791 166.024791 166.026978 166.035728 0.000000 0.000000 
0.000000 166.035728 166.027708 166.022603 166.022603 166.024062 166.031353 0.000000 0.000000 
0.000000 166.037916 166.027708 166.021874 166.020416 166.021145 166.027708 166.040832 0.000000 
0.000000 0.000000 166.029166 166.021874 166.018958 166.018958 166.024062 166.036457 0.000000 
0.000000 0.000000 166.031353 166.021874 166.016770 166.016770 166.019687 166.031353 0.000000 
0.000000 0.000000 166.035728 166.022603 166.016041 166.014583 166.016770 166.026978 0.000000 
0.000000 0.000000 0.000000 166.024062 166.015312 166.013125 166.013125 166.022603 0.000000 
0.000000 0.000000 0.000000 166.027708 166.016041 166.010937 166.010937 166.018229 0.000000 
0.000000 0.000000 0.000000 166.036457 166.016770 166.009479 166.008750 166.013854 0.000000 
0.000000 0.000000 0.000000 0.000000 166.021145 166.009479 166.007291 166.009479 166.040103 
0.000000 0.000000 0.000000 0.000000 166.030624 166.010208 166.005104 166.005833 166.035728 
0.000000 0.000000 0.000000 0.000000 0.000000 166.014583 166.003646 166.002917 166.034270 
0.000000 0.000000 0.000000 0.000000 0.000000 166.030624 166.003646 166.001458 166.033541 
0.000000 0.000000 0.000000 0.000000 0.000000 0.000000 166.010937 166.000000 166.039374 
