test/output/constant/M360_S000_A090_WD225.0_WS025.0/M360_S000_A090_WD225.0_WS025.0_arrival.asc
ncols         17
nrows         17
xllcorner     426503.990666
yllcorner     12748655.311160
cellsize      100.000000
NODATA_value  0.000000
0.000000 0.000000 0.000000 0.000000 0.000000 0.000000 0.000000 0.000000 0.000000 0.000000 0.000000 0.000000 166.041237 166.039681 166.039681 166.039681 166.040459 
0.000000 0.000000 0.000000 0.000000 0.000000 0.000000 0.000000 0.000000 0.000000 0.000000 166.041667 166.038903 166.037347 166.036569 166.036569 166.037347 166.039681 
0.000000 0.000000 0.000000 0.000000 0.000000 0.000000 0.000000 0.000000 0.000000 166.039681 166.036569 166.034235 166.034235 166.034235 166.035013 166.036569 166.039681 
0.000000 0.000000 0.000000 0.000000 0.000000 0.000000 0.000000 0.000000 166.038125 166.034235 166.031901 166.031123 166.031123 166.031901 166.034235 166.036569 166.039681 
0.000000 0.000000 0.000000 0.000000 0.000000 0.000000 0.000000 166.036569 166.031901 166.029566 166.028788 166.028788 166.029566 166.031123 166.034235 166.037347 166.041237 
0.000000 0.000000 0.000000 0.000000 0.000000 0.000000 166.035013 166.030344 166.027232 166.025676 166.026454 166.026454 166.028788 166.031123 166.034235 166.038903 0.000000 
0.000000 0.000000 0.000000 0.000000 0.000000 166.034235 166.028010 166.024898 166.023342 166.023342 166.024120 166.026454 166.028788 166.031901 166.036569 166.041667 0.000000 
0.000000 0.000000 0.000000 0.000000 166.034235 166.027232 166.022564 166.021008 166.021008 166.021008 166.023342 166.025676 166.029566 166.034235 166.039681 0.000000 0.000000 
0.000000 0.000000 0.000000 166.035791 166.026454 166.020230 166.017895 166.017895 166.017895 166.021008 166.023342 166.027232 166.031901 166.038125 0.000000 0.000000 0.000000 
0.000000 0.000000 166.038125 166.025676 166.018674 166.015561 166.015561 166.015561 166.017895 166.021008 166.024898 166.030344 166.036569 0.000000 0.000000 0.000000 0.000000 
0.000000 0.000000 166.028010 166.017895 166.013227 166.012449 166.012449 166.015561 166.017895 166.022564 166.028010 166.035013 0.000000 0.000000 0.000000 0.000000 0.000000 
0.000000 166.031901 166.017895 166.010893 166.010115 166.010115 166.012449 166.015561 166.020230 166.027232 166.034235 0.000000 0.000000 0.000000 0.000000 0.000000 0.000000 
0.000000 166.020230 166.009337 166.007003 166.007003 166.010115 166.013227 166.018674 166.026454 166.034235 0.000000 0.000000 0.000000 0.000000 0.000000 0.000000 0.000000 
166.032679 166.009337 166.004668 166.004668 166.007003 166.010893 166.017895 166.025676 166.035791 0.000000 0.000000 0.000000 0.000000 0.000000 0.000000 0.000000 0.000000 
166.022564 166.001556 166.001556 166.004668 166.009337 166.017895 166.028010 166.038125 0.000000 0.000000 0.000000 0.000000 0.000000 0.000000 0.000000 0.000000 0.000000 
166.020230 166.000000 166.001556 166.009337 166.020230 166.031901 0.000000 0.000000 0.000000 0.000000 0.000000 0.000000 0.000000 0.000000 0.000000 0.000000 0.000000 
166.028788 166.020230 166.022564 166.032679 0.000000 0.000000 0.000000 0.000000 0.000000 0.000000 0.000000 0.000000 0.000000 0.000000 0.000000 0.000000 0.000000 
