test/output/constant/M3M480_S060_A270_WD000.0_WS015.0/M3M480_S060_A270_WD000.0_WS015.0_arrival.asc
ncols         9
nrows         26
xllcorner     426203.990666
yllcorner     12748655.311160
cellsize      100.000000
NODATA_value  0.000000
0.000000 0.000000 0.000000 166.041667 166.041268 166.041667 0.000000 0.000000 0.000000 
0.000000 0.000000 166.041268 166.039869 166.039869 166.039869 166.041268 0.000000 0.000000 
0.000000 0.000000 166.039869 166.038470 166.037771 166.038470 166.039869 0.000000 0.000000 
0.000000 166.041268 166.037771 166.036372 166.036372 166.036372 166.037771 166.041268 0.000000 
0.000000 166.039170 166.036372 166.034973 166.034274 166.034973 166.036372 166.039170 0.000000 
0.000000 166.037771 166.034973 166.032875 166.032875 166.032875 166.034973 166.037771 0.000000 
166.041667 166.036372 166.032875 166.031476 166.030776 166.031476 166.032875 166.036372 166.041667 
166.040569 166.034973 166.031476 166.029377 166.029377 166.029377 166.031476 166.034973 166.040569 
166.039170 166.033574 166.030077 166.027979 166.027279 166.027979 166.030077 166.033574 166.039170 
166.038470 166.032175 166.027979 166.025880 166.025880 166.025880 166.027979 166.032175 166.038470 
166.037072 166.031476 166.026580 166.024481 166.023782 166.024481 166.026580 166.031476 166.037072 
166.037072 166.030077 166.025181 166.022383 166.022383 166.022383 166.025181 166.030077 166.037072 
166.036372 166.028678 166.023782 166.020984 166.020284 166.020984 166.023782 166.028678 166.036372 
166.036372 166.027279 166.022383 166.018886 166.018886 166.018886 166.022383 166.027279 166.036372 
166.036372 166.026580 166.020984 166.017487 166.016787 166.017487 166.020984 166.026580 166.036372 
166.036372 166.025880 166.019585 166.016088 166.015388 166.016088 166.019585 166.025880 166.036372 
166.037072 166.025880 166.018186 166.013989 166.013290 166.013989 166.018186 166.025880 166.037072 
166.037072 166.025880 166.016787 166.012590 166.011891 166.012590 166.016787 166.025880 166.037072 
166.039869 166.025880 166.016088 166.010492 166.009792 166.010492 166.016088 166.025880 166.039869 
0.000000 166.026580 166.015388 166.009093 166.008394 166.009093 166.015388 166.026580 0.000000 
0.000000 166.028678 166.016088 166.007694 166.006295 166.007694 166.016088 166.028678 0.000000 
0.000000 166.032175 166.016088 166.006295 166.004896 166.006295 166.016088 166.032175 0.000000 
0.000000 166.037072 166.018186 166.005596 166.002798 166.005596 166.018186 166.037072 0.000000 
0.000000 0.000000 166.022383 166.005596 166.001399 166.005596 166.022383 0.000000 0.000000 
0.000000 0.000000 166.030776 166.008394 166.000000 166.008394 166.030776 0.000000 0.000000 
0.000000 0.000000 0.000000 166.022383 166.014689 166.022383 0.000000 0.000000 0.000000 
