test/output/constant/M495_S000_A000_WD270.0_WS040.0/M495_S000_A000_WD270.0_WS040.0_arrival.asc
ncols         37
nrows         7
xllcorner     426603.990666
yllcorner     12748455.311160
cellsize      100.000000
NODATA_value  0.000000
0.000000 0.000000 0.000000 0.000000 0.000000 0.000000 166.041000 166.037315 166.035011 166.033169 166.032247 166.031326 166.030865 166.030405 166.030405 166.030405 166.030405 166.030405 166.031326 166.031787 166.032708 166.033169 166.034090 166.035011 166.035933 166.036393 166.037315 166.038236 166.039157 166.040079 166.041000 166.041667 0.000000 0.000000 0.000000 0.000000 0.000000 
0.000000 0.000000 166.035933 166.027180 166.023034 166.020730 166.019348 166.018427 166.018427 166.018427 166.018427 166.018888 166.019348 166.020270 166.021191 166.022112 166.022573 166.023494 166.024416 166.025337 166.026258 166.027640 166.028562 166.029483 166.030405 166.031787 166.032708 166.033629 166.035011 166.035933 166.036854 166.038236 166.039157 166.040079 166.041461 0.000000 0.000000 
166.018427 166.008292 166.006449 166.006449 166.006449 166.007371 166.007831 166.009213 166.010135 166.011056 166.012438 166.013360 166.014281 166.015663 166.016584 166.017966 166.018888 166.020270 166.021191 166.022112 166.023494 166.024416 166.025798 166.026719 166.028101 166.029022 166.029944 166.031326 166.032247 166.033629 166.034551 166.035933 166.036854 166.038236 166.039157 166.040079 166.041461 
166.000000 166.000921 166.001843 166.003225 166.004146 166.005528 166.006449 166.007831 166.008753 166.010135 166.011056 166.012438 166.013360 166.014742 166.015663 166.017045 166.017966 166.019348 166.020270 166.021652 166.022573 166.023955 166.024876 166.026258 166.027180 166.028562 166.029483 166.030865 166.031787 166.033169 166.034090 166.035472 166.036393 166.037775 166.038697 166.040079 166.041000 
166.018427 166.008292 166.006449 166.006449 166.006449 166.007371 166.007831 166.009213 166.010135 166.011056 166.012438 166.013360 166.014281 166.015663 166.016584 166.017966 166.018888 166.020270 166.021191 166.022112 166.023494 166.024416 166.025798 166.026719 166.028101 166.029022 166.029944 166.031326 166.032247 166.033629 166.034551 166.035933 166.036854 166.038236 166.039157 166.040079 166.041461 
0.000000 0.000000 166.035933 166.027180 166.023034 166.020730 166.019348 166.018427 166.018427 166.018427 166.018427 166.018888 166.019348 166.020270 166.021191 166.022112 166.022573 166.023494 166.024416 166.025337 166.026258 166.027640 166.028562 166.029483 166.030405 166.031787 166.032708 166.033629 166.035011 166.035933 166.036854 166.038236 166.039157 166.040079 166.041461 0.000000 0.000000 
0.000000 0.000000 0.000000 0.000000 0.000000 0.000000 166.041000 166.037315 166.035011 166.033169 166.032247 166.031326 166.030865 166.030405 166.030405 166.030405 166.030405 166.030405 166.031326 166.031787 166.032708 166.033169 166.034090 166.035011 166.035933 166.036393 166.037315 166.038236 166.039157 166.040079 166.041000 166.041667 0.000000 0.000000 0.000000 0.000000 0.000000 
