test/output/constant/M3M470_S060_A090_WD090.0_WS010.0/M3M470_S060_A090_WD090.0_WS010.0_arrival.asc
ncols         13
nrows         37
xllcorner     425503.990666
yllcorner     12745155.311160
cellsize      100.000000
NODATA_value  0.000000
0.000000 0.000000 0.000000 0.000000 0.000000 0.000000 0.000000 0.000000 0.000000 0.000000 166.007987 166.000000 166.027512 
0.000000 0.000000 0.000000 0.000000 0.000000 0.000000 0.000000 0.000000 0.000000 166.020856 166.002219 166.000887 166.021743 
0.000000 0.000000 0.000000 0.000000 0.000000 0.000000 0.000000 0.000000 166.033724 166.010206 166.002219 166.001775 166.022631 
0.000000 0.000000 0.000000 0.000000 0.000000 0.000000 0.000000 0.000000 166.021299 166.006656 166.003106 166.003550 166.023962 
0.000000 0.000000 0.000000 0.000000 0.000000 0.000000 0.000000 166.033724 166.014643 166.006212 166.004437 166.005769 166.025293 
0.000000 0.000000 0.000000 0.000000 0.000000 0.000000 0.000000 166.025293 166.011537 166.006212 166.005325 166.007987 166.027512 
0.000000 0.000000 0.000000 0.000000 0.000000 0.000000 166.036387 166.019524 166.010206 166.006656 166.006656 166.010650 166.030174 
0.000000 0.000000 0.000000 0.000000 0.000000 0.000000 166.029730 166.016418 166.009762 166.007987 166.007987 166.013312 166.033280 
0.000000 0.000000 0.000000 0.000000 0.000000 166.040380 166.024406 166.014643 166.009762 166.008875 166.009762 166.015975 166.035943 
0.000000 0.000000 0.000000 0.000000 0.000000 166.033724 166.021299 166.013756 166.010206 166.010206 166.011981 166.019081 166.038605 
0.000000 0.000000 0.000000 0.000000 0.000000 166.029287 166.019081 166.013756 166.011093 166.011537 166.013756 166.021743 166.041667 
0.000000 0.000000 0.000000 0.000000 166.038605 166.026181 166.018193 166.013756 166.012425 166.012868 166.016418 166.024406 0.000000 
0.000000 0.000000 0.000000 0.000000 166.034168 166.023962 166.017750 166.014200 166.013756 166.014200 166.018637 166.027512 0.000000 
0.000000 0.000000 0.000000 0.000000 166.031062 166.022631 166.017750 166.015087 166.014643 166.015975 166.021299 166.030174 0.000000 
0.000000 0.000000 0.000000 166.039049 166.028843 166.022187 166.017750 166.015975 166.015975 166.018193 166.023518 166.033280 0.000000 
0.000000 0.000000 0.000000 166.035943 166.027512 166.021299 166.018193 166.017306 166.017306 166.019968 166.026181 166.035943 0.000000 
0.000000 0.000000 0.000000 166.033724 166.026181 166.021299 166.018637 166.018193 166.018637 166.022187 166.028843 166.038605 0.000000 
0.000000 0.000000 166.040824 166.031949 166.025737 166.021743 166.019524 166.019524 166.020412 166.024406 166.031505 166.041667 0.000000 
0.000000 0.000000 166.038605 166.030618 166.025293 166.021743 166.020412 166.020856 166.022187 166.027068 166.034168 0.000000 0.000000 
0.000000 0.000000 166.036387 166.030174 166.025293 166.022187 166.021743 166.022187 166.024406 166.029287 166.036830 0.000000 0.000000 
0.000000 0.000000 166.035499 166.029730 166.025293 166.023074 166.023074 166.023518 166.026624 166.031949 166.039936 0.000000 0.000000 
0.000000 166.041268 166.034612 166.029287 166.025737 166.023962 166.023962 166.025293 166.028399 166.034168 0.000000 0.000000 0.000000 
0.000000 166.039936 166.033724 166.029287 166.026181 166.025293 166.025293 166.027068 166.030618 166.036830 0.000000 0.000000 0.000000 
0.000000 166.039049 166.033280 166.029287 166.026624 166.026624 166.026624 166.028843 166.032837 166.039049 0.000000 0.000000 0.000000 
0.000000 166.038161 166.032837 166.029730 166.027512 166.027512 166.027955 166.030618 166.035055 166.041667 0.000000 0.000000 0.000000 
0.000000 166.037718 166.032837 166.030174 166.028843 166.028843 166.029730 166.032837 166.037718 0.000000 0.000000 0.000000 0.000000 
0.000000 166.036830 166.033280 166.030618 166.029730 166.030174 166.031505 166.035055 166.039936 0.000000 0.000000 0.000000 0.000000 
166.041667 166.036830 166.033280 166.031505 166.031062 166.031505 166.033280 166.036830 0.000000 0.000000 0.000000 0.000000 0.000000 
166.041268 166.036830 166.033724 166.032393 166.032393 166.032837 166.035055 166.039049 0.000000 0.000000 0.000000 0.000000 0.000000 
166.040824 166.036830 166.034168 166.033280 166.033280 166.034168 166.037274 166.041268 0.000000 0.000000 0.000000 0.000000 0.000000 
166.040824 166.037274 166.035055 166.034612 166.034612 166.035943 166.039049 0.000000 0.000000 0.000000 0.000000 0.000000 0.000000 
166.040824 166.037718 166.035943 166.035943 166.035943 166.037718 166.041268 0.000000 0.000000 0.000000 0.000000 0.000000 0.000000 
166.040824 166.038161 166.036830 166.036830 166.037718 166.039493 0.000000 0.000000 0.000000 0.000000 0.000000 0.000000 0.000000 
166.041268 166.038605 166.038161 166.038161 166.039049 166.041268 0.000000 0.000000 0.000000 0.000000 0.000000 0.000000 0.000000 
166.041667 166.039493 166.039493 166.039493 166.040380 0.000000 0.000000 0.000000 0.000000 0.000000 0.000000 0.000000 0.000000 
0.000000 166.040380 166.040380 166.040824 0.000000 0.000000 0.000000 0.000000 0.000000 0.000000 0.000000 0.000000 0.000000 
0.000000 166.041667 166.041667 0.000000 0.000000 0.000000 0.000000 0.000000 0.000000 0.000000 0.000000 0.000000 0.000000 
