test/output/constant/M390_S060_A090_WD180.0_WS010.0/M390_S060_A090_WD180.0_WS010.0_raz.asc
ncols         11
nrows         40
xllcorner     426103.990666
yllcorner     12744955.311160
cellsize      100.000000
NODATA_value  0.000000
0 0 0 0 288 360 71 0 0 0 0 
0 0 0 334 360 65535 71 71 0 0 0 
0 0 0 360 191 180 168 71 0 0 0 
0 0 360 270 189 180 170 168 71 0 0 
0 0 360 260 187 180 172 170 71 0 0 
0 0 270 189 180 180 168 170 168 0 0 
0 0 260 189 189 180 170 166 99 0 0 
0 191 189 243 180 180 177 173 170 168 0 
0 260 265 193 180 180 175 166 173 168 0 
0 265 189 193 189 180 170 166 170 170 0 
0 243 191 182 180 180 179 172 168 168 0 
0 260 189 184 183 180 176 175 168 166 0 
0 189 183 189 180 180 176 170 175 170 0 
0 243 186 184 186 180 173 175 168 170 0 
260 260 186 182 180 180 175 177 166 172 170 
189 189 184 182 180 180 176 177 175 170 170 
191 191 183 180 191 180 168 179 176 170 168 
243 189 187 187 180 180 179 172 172 170 170 
189 182 180 180 184 180 175 177 176 168 170 
260 182 187 186 180 180 179 173 172 168 173 
189 186 183 183 182 180 177 176 176 173 176 
182 186 182 180 180 180 170 175 170 173 116 
183 186 186 180 180 177 175 176 173 173 168 
187 182 180 186 180 180 173 173 175 170 168 
184 184 180 180 180 179 175 176 176 175 175 
180 191 180 180 180 180 176 177 177 168 173 
189 186 180 180 180 179 176 170 176 173 170 
180 182 182 180 180 180 176 179 177 177 173 
0 187 184 186 180 176 176 173 175 172 0 
0 183 180 180 180 180 176 173 179 176 0 
0 180 184 180 180 176 176 177 175 177 0 
0 189 182 180 180 180 176 179 177 170 0 
0 187 180 180 180 179 176 177 170 172 0 
0 187 180 184 180 180 176 175 179 172 0 
0 0 187 180 180 179 176 179 172 0 0 
0 0 180 183 180 180 176 176 177 0 0 
0 0 180 180 180 179 177 176 179 0 0 
0 0 0 182 180 180 177 177 0 0 0 
0 0 0 0 180 179 177 0 0 0 0 
0 0 0 0 0 180 0 0 0 0 0 
