test/output/constant/M3M400_S000_A090_WD090.0_WS020.0/M3M400_S000_A090_WD090.0_WS020.0_arrival.asc
ncols         30
nrows         13
xllcorner     423903.990666
yllcorner     12748155.311160
cellsize      100.000000
NODATA_value  0.000000
0.000000 0.000000 0.000000 0.000000 0.000000 0.000000 0.000000 0.000000 0.000000 0.000000 0.000000 0.000000 0.000000 0.000000 166.041667 166.041588 166.041588 0.000000 0.000000 0.000000 0.000000 0.000000 0.000000 0.000000 0.000000 0.000000 0.000000 0.000000 0.000000 0.000000 
0.000000 0.000000 0.000000 0.000000 0.000000 0.000000 166.041588 166.040347 166.039726 166.038484 166.037243 166.036622 166.035381 166.035381 166.034760 166.034760 166.034139 166.034139 166.034139 166.034760 166.035381 166.036622 166.038484 166.040967 0.000000 0.000000 0.000000 0.000000 0.000000 0.000000 
0.000000 0.000000 0.000000 166.041588 166.040347 166.039105 166.037864 166.036622 166.035381 166.034139 166.033519 166.032277 166.031036 166.029794 166.029174 166.027932 166.027312 166.027312 166.026691 166.026691 166.026691 166.027312 166.027932 166.029794 166.031657 166.034760 166.039105 0.000000 0.000000 0.000000 
0.000000 0.000000 166.040967 166.039726 166.037864 166.036622 166.035381 166.033519 166.032277 166.031036 166.029794 166.028553 166.027312 166.026070 166.024829 166.023587 166.022346 166.021104 166.020484 166.019863 166.019242 166.019242 166.019242 166.019863 166.021104 166.022967 166.026070 166.031036 166.039726 0.000000 
0.000000 166.040967 166.039105 166.037864 166.036622 166.034760 166.033519 166.031657 166.030415 166.028553 166.027312 166.026070 166.024208 166.022967 166.021725 166.019863 166.018622 166.017380 166.016139 166.014897 166.013656 166.012414 166.011794 166.011794 166.011794 166.012414 166.013656 166.018001 166.026070 166.037864 
166.041588 166.040347 166.038484 166.037243 166.035381 166.034139 166.032277 166.031036 166.029174 166.027932 166.026070 166.024829 166.022967 166.021725 166.019863 166.018622 166.016759 166.015518 166.013656 166.012414 166.010552 166.009311 166.008069 166.006207 166.004966 166.004345 166.004345 166.004966 166.013035 166.028553 
166.041588 166.039726 166.038484 166.036622 166.035381 166.033519 166.032277 166.030415 166.029174 166.027312 166.026070 166.024208 166.022967 166.021104 166.019863 166.018001 166.016759 166.014897 166.013656 166.011794 166.010552 166.008690 166.007449 166.005586 166.004345 166.002483 166.001241 166.000000 166.009311 166.027312 
166.041588 166.040347 166.038484 166.037243 166.035381 166.034139 166.032277 166.031036 166.029174 166.027932 166.026070 166.024829 166.022967 166.021725 166.019863 166.018622 166.016759 166.015518 166.013656 166.012414 166.010552 166.009311 166.008069 166.006207 166.004966 166.004345 166.004345 166.004966 166.013035 166.028553 
0.000000 166.040967 166.039105 166.037864 166.036622 166.034760 166.033519 166.031657 166.030415 166.028553 166.027312 166.026070 166.024208 166.022967 166.021725 166.019863 166.018622 166.017380 166.016139 166.014897 166.013656 166.012414 166.011794 166.011794 166.011794 166.012414 166.013656 166.018001 166.026070 166.037864 
0.000000 0.000000 166.040967 166.039726 166.037864 166.036622 166.035381 166.033519 166.032277 166.031036 166.029794 166.028553 166.027312 166.026070 166.024829 166.023587 166.022346 166.021104 166.020484 166.019863 166.019242 166.019242 166.019242 166.019863 166.021104 166.022967 166.026070 166.031036 166.039726 0.000000 
0.000000 0.000000 0.000000 166.041588 166.040347 166.039105 166.037864 166.036622 166.035381 166.034139 166.033519 166.032277 166.031036 166.029794 166.029174 166.027932 166.027312 166.027312 166.026691 166.026691 166.026691 166.027312 166.027932 166.029794 166.031657 166.034760 166.039105 0.000000 0.000000 0.000000 
0.000000 0.000000 0.000000 0.000000 0.000000 0.000000 166.041588 166.040347 166.039726 166.038484 166.037243 166.036622 166.035381 166.035381 166.034760 166.034760 166.034139 166.034139 166.034139 166.034760 166.035381 166.036622 166.038484 166.040967 0.000000 0.000000 0.000000 0.000000 0.000000 0.000000 
0.000000 0.000000 0.000000 0.000000 0.000000 0.000000 0.000000 0.000000 0.000000 0.000000 0.000000 0.000000 0.000000 0.000000 166.041667 166.041588 166.041588 0.000000 0.000000 0.000000 0.000000 0.000000 0.000000 0.000000 0.000000 0.000000 0.000000 0.000000 0.000000 0.000000 
