test/output/constant/M390_S060_A090_WD000.0_WS035.0/M390_S060_A090_WD000.0_WS035.0_arrival.asc
ncols         9
nrows         63
xllcorner     426203.990666
yllcorner     12742555.311160
cellsize      100.000000
NODATA_value  0.000000
0.000000 0.000000 0.000000 166.040537 166.000000 166.040537 0.000000 0.000000 0.000000 
0.000000 0.000000 0.000000 166.012972 166.000540 166.012972 0.000000 0.000000 0.000000 
0.000000 0.000000 0.000000 166.008107 166.001081 166.008107 0.000000 0.000000 0.000000 
0.000000 0.000000 0.000000 166.006486 166.001892 166.006486 0.000000 0.000000 0.000000 
0.000000 0.000000 166.034051 166.005945 166.002432 166.005945 166.034051 0.000000 0.000000 
0.000000 0.000000 166.028646 166.005675 166.003243 166.005675 166.028646 0.000000 0.000000 
0.000000 0.000000 166.024322 166.005945 166.003783 166.005945 166.024322 0.000000 0.000000 
0.000000 0.000000 166.022160 166.006216 166.004594 166.006216 166.022160 0.000000 0.000000 
0.000000 0.000000 166.020269 166.006756 166.005135 166.006756 166.020269 0.000000 0.000000 
0.000000 0.000000 166.019188 166.007297 166.005945 166.007297 166.019188 0.000000 0.000000 
0.000000 166.041078 166.018107 166.007837 166.006486 166.007837 166.018107 166.041078 0.000000 
0.000000 166.038375 166.017566 166.008378 166.007297 166.008378 166.017566 166.038375 0.000000 
0.000000 166.036213 166.017296 166.009188 166.007837 166.009188 166.017296 166.036213 0.000000 
0.000000 166.034321 166.017026 166.009729 166.008648 166.009729 166.017026 166.034321 0.000000 
0.000000 166.032970 166.017026 166.010269 166.009188 166.010269 166.017026 166.032970 0.000000 
0.000000 166.031619 166.016755 166.011080 166.009999 166.011080 166.016755 166.031619 0.000000 
0.000000 166.030538 166.017026 166.011621 166.010540 166.011621 166.017026 166.030538 0.000000 
0.000000 166.029998 166.017296 166.012431 166.011350 166.012431 166.017296 166.029998 0.000000 
0.000000 166.029457 166.017836 166.012972 166.011891 166.012972 166.017836 166.029457 0.000000 
0.000000 166.028917 166.018107 166.013783 166.012702 166.013783 166.018107 166.028917 0.000000 
0.000000 166.028646 166.018647 166.014323 166.013242 166.014323 166.018647 166.028646 0.000000 
0.000000 166.028376 166.019188 166.014864 166.014053 166.014864 166.019188 166.028376 0.000000 
0.000000 166.028106 166.019458 166.015674 166.014593 166.015674 166.019458 166.028106 0.000000 
0.000000 166.028106 166.019998 166.016215 166.015404 166.016215 166.019998 166.028106 0.000000 
0.000000 166.028106 166.020539 166.017026 166.015945 166.017026 166.020539 166.028106 0.000000 
166.041348 166.028106 166.021079 166.017566 166.016755 166.017566 166.021079 166.028106 166.041348 
166.040807 166.028106 166.021350 166.018377 166.017296 166.018377 166.021350 166.028106 166.040807 
166.040267 166.028376 166.021890 166.018917 166.018107 166.018917 166.021890 166.028376 166.040267 
166.039997 166.028646 166.022431 166.019728 166.018647 166.019728 166.022431 166.028646 166.039997 
166.039726 166.029187 166.022971 166.020269 166.019458 166.020269 166.022971 166.029187 166.039726 
166.039456 166.029727 166.023512 166.020809 166.019998 166.020809 166.023512 166.029727 166.039456 
166.039456 166.029998 166.024322 166.021620 166.020809 166.021620 166.024322 166.029998 166.039456 
166.039186 166.030538 166.024863 166.022160 166.021350 166.022160 166.024863 166.030538 166.039186 
166.039186 166.031079 166.025403 166.022971 166.022160 166.022971 166.025403 166.031079 166.039186 
166.039186 166.031349 166.025944 166.023512 166.022701 166.023512 166.025944 166.031349 166.039186 
166.039186 166.031889 166.026755 166.024322 166.023512 166.024322 166.026755 166.031889 166.039186 
166.039186 166.032430 166.027295 166.024863 166.024052 166.024863 166.027295 166.032430 166.039186 
166.039456 166.032700 166.027836 166.025674 166.024863 166.025674 166.027836 166.032700 166.039456 
166.039726 166.033240 166.028646 166.026214 166.025403 166.026214 166.028646 166.033240 166.039726 
166.040267 166.033781 166.029187 166.026755 166.026214 166.026755 166.029187 166.033781 166.040267 
166.040537 166.034321 166.029727 166.027565 166.026755 166.027565 166.029727 166.034321 166.040537 
166.041078 166.034592 166.030538 166.028106 166.027565 166.028106 166.030538 166.034592 166.041078 
166.041348 166.035132 166.031079 166.028917 166.028106 166.028917 166.031079 166.035132 166.041348 
0.000000 166.035673 166.031619 166.029457 166.028917 166.029457 166.031619 166.035673 0.000000 
0.000000 166.036213 166.032430 166.030268 166.029457 166.030268 166.032430 166.036213 0.000000 
0.000000 166.036754 166.032970 166.030808 166.030268 166.030808 166.032970 166.036754 0.000000 
0.000000 166.037024 166.033511 166.031619 166.030808 166.031619 166.033511 166.037024 0.000000 
0.000000 166.037564 166.034321 166.032159 166.031619 166.032159 166.034321 166.037564 0.000000 
0.000000 166.038375 166.034862 166.032970 166.032159 166.032970 166.034862 166.038375 0.000000 
0.000000 166.038916 166.035673 166.033511 166.032970 166.033511 166.035673 166.038916 0.000000 
0.000000 166.039456 166.036213 166.034051 166.033511 166.034051 166.036213 166.039456 0.000000 
0.000000 166.039997 166.036754 166.034862 166.034321 166.034862 166.036754 166.039997 0.000000 
0.000000 166.040807 166.037564 166.035402 166.034862 166.035402 166.037564 166.040807 0.000000 
0.000000 166.041348 166.038105 166.036213 166.035673 166.036213 166.038105 166.041348 0.000000 
0.000000 0.000000 166.038916 166.036754 166.036213 166.036754 166.038916 0.000000 0.000000 
0.000000 0.000000 166.039456 166.037564 166.037024 166.037564 166.039456 0.000000 0.000000 
0.000000 0.000000 166.040267 166.038105 166.037564 166.038105 166.040267 0.000000 0.000000 
0.000000 0.000000 166.040807 166.038916 166.038375 166.038916 166.040807 0.000000 0.000000 
0.000000 0.000000 166.041348 166.039456 166.038916 166.039456 166.041348 0.000000 0.000000 
0.000000 0.000000 0.000000 166.040267 166.039726 166.040267 0.000000 0.000000 0.000000 
0.000000 0.000000 0.000000 166.040807 166.040267 166.040807 0.000000 0.000000 0.000000 
0.000000 0.000000 0.000000 166.041618 166.041078 166.041618 0.000000 0.000000 0.000000 
0.000000 0.000000 0.000000 0.000000 166.041618 0.000000 0.000000 0.000000 0.000000 
