test/output/constant/M3M495_S000_A090_WD315.0_WS020.0/M3M495_S000_A090_WD315.0_WS020.0_raz.asc
ncols         21
nrows         21
xllcorner     426403.990666
yllcorner     12746955.311160
cellsize      100.000000
NODATA_value  0.000000
0 356 44 62 62 82 0 0 0 0 0 0 0 0 0 0 0 0 0 0 0 
356 356 82 73 73 82 62 73 0 0 0 0 0 0 0 0 0 0 0 0 0 
224 187 254 125 32 44 82 107 62 82 0 0 0 0 0 0 0 0 0 0 0 
207 196 134 134 134 120 111 82 73 62 90 0 0 0 0 0 0 0 0 0 0 
207 207 146 134 133 134 134 62 125 111 82 82 44 0 0 0 0 0 0 0 0 
187 187 158 149 134 134 133 134 131 73 127 32 62 82 0 0 0 0 0 0 0 
0 167 196 158 134 136 133 129 133 134 82 118 82 73 73 0 0 0 0 0 0 
0 224 162 155 146 134 134 134 129 82 134 131 73 125 82 114 0 0 0 0 0 
0 0 158 224 144 138 136 134 134 134 131 134 134 73 133 53 123 0 0 0 0 
0 0 196 158 158 140 134 138 134 134 134 134 134 134 120 131 62 0 0 0 0 
0 0 0 179 216 142 134 134 138 134 131 133 129 73 134 134 62 134 0 0 0 
0 0 0 0 216 142 151 138 134 134 129 134 134 134 133 134 134 123 134 0 0 
0 0 0 0 196 144 138 196 134 134 134 134 134 133 133 134 134 134 134 0 0 
0 0 0 0 0 207 187 144 134 134 138 134 134 131 134 134 82 133 134 134 0 
0 0 0 0 0 0 196 187 136 149 134 136 134 134 134 134 123 134 73 134 0 
0 0 0 0 0 0 0 155 142 138 134 134 134 134 136 134 134 134 134 134 0 
0 0 0 0 0 0 0 0 146 134 134 134 134 136 134 134 134 134 134 131 133 
0 0 0 0 0 0 0 0 0 0 134 146 134 136 134 134 131 134 133 134 134 
0 0 0 0 0 0 0 0 0 0 0 134 134 134 134 134 134 138 134 134 134 
0 0 0 0 0 0 0 0 0 0 0 0 0 134 134 134 134 134 133 134 133 
0 0 0 0 0 0 0 0 0 0 0 0 0 0 0 0 136 134 134 136 0 
