test/output/constant/M195_S060_A000_WD090.0_WS030.0/M195_S060_A000_WD090.0_WS030.0_arrival.asc
ncols         42
nrows         7
xllcorner     422503.990666
yllcorner     12748455.311160
cellsize      100.000000
NODATA_value  0.000000
0.000000 0.000000 0.000000 0.000000 0.000000 0.000000 0.000000 0.000000 0.000000 0.000000 0.000000 166.041667 166.040927 166.040108 166.039699 166.038881 166.038062 166.037653 166.036834 166.036834 166.036834 166.036834 166.037244 166.037244 166.037653 166.038062 166.038881 166.040108 166.041336 0.000000 0.000000 0.000000 0.000000 0.000000 0.000000 0.000000 0.000000 0.000000 0.000000 0.000000 0.000000 0.000000 
0.000000 0.000000 0.000000 0.000000 166.041336 166.040518 166.039290 166.038471 166.037653 166.036425 166.035607 166.034788 166.033969 166.032742 166.031923 166.031105 166.030286 166.029467 166.028649 166.027830 166.027012 166.026193 166.025784 166.024965 166.024147 166.023738 166.022919 166.022101 166.022101 166.022101 166.022510 166.022919 166.023328 166.024556 166.026193 166.028649 166.032742 166.039290 0.000000 0.000000 0.000000 0.000000 
0.000000 166.041336 166.040518 166.039699 166.038471 166.037653 166.036425 166.035607 166.034379 166.033560 166.032332 166.031514 166.030286 166.029467 166.028240 166.027421 166.026193 166.025375 166.024556 166.023328 166.022510 166.021282 166.020464 166.019236 166.018417 166.017189 166.016371 166.015552 166.014324 166.013506 166.012278 166.011460 166.010641 166.009822 166.009004 166.008185 166.007776 166.007367 166.007776 166.009413 166.015143 0.000000 
166.041667 166.040518 166.039699 166.038471 166.037653 166.036425 166.035607 166.034379 166.033560 166.032332 166.031514 166.030286 166.029467 166.028240 166.027421 166.026193 166.025375 166.024147 166.023328 166.022101 166.021282 166.020054 166.019236 166.018008 166.017189 166.015962 166.015143 166.013915 166.013097 166.011869 166.011050 166.009822 166.009004 166.007776 166.006958 166.005730 166.004911 166.003683 166.002865 166.001637 166.000819 166.000000 
0.000000 166.041336 166.040518 166.039699 166.038471 166.037653 166.036425 166.035607 166.034379 166.033560 166.032332 166.031514 166.030286 166.029467 166.028240 166.027421 166.026193 166.025375 166.024556 166.023328 166.022510 166.021282 166.020464 166.019236 166.018417 166.017189 166.016371 166.015552 166.014324 166.013506 166.012278 166.011460 166.010641 166.009822 166.009004 166.008185 166.007776 166.007367 166.007776 166.009413 166.015143 0.000000 
0.000000 0.000000 0.000000 0.000000 166.041336 166.040518 166.039290 166.038471 166.037653 166.036425 166.035607 166.034788 166.033969 166.032742 166.031923 166.031105 166.030286 166.029467 166.028649 166.027830 166.027012 166.026193 166.025784 166.024965 166.024147 166.023738 166.022919 166.022101 166.022101 166.022101 166.022510 166.022919 166.023328 166.024556 166.026193 166.028649 166.032742 166.039290 0.000000 0.000000 0.000000 0.000000 
0.000000 0.000000 0.000000 0.000000 0.000000 0.000000 0.000000 0.000000 0.000000 0.000000 0.000000 166.041667 166.040927 166.040108 166.039699 166.038881 166.038062 166.037653 166.036834 166.036834 166.036834 166.036834 166.037244 166.037244 166.037653 166.038062 166.038881 166.040108 166.041336 0.000000 0.000000 0.000000 0.000000 0.000000 0.000000 0.000000 0.000000 0.000000 0.000000 0.000000 0.000000 0.000000 
