test/output/constant/M375_S060_A090_WD000.0_WS035.0/M375_S060_A090_WD000.0_WS035.0_arrival.asc
ncols         7
nrows         54
xllcorner     426303.990666
yllcorner     12743455.311160
cellsize      100.000000
NODATA_value  0.000000
0.000000 0.000000 0.000000 166.000000 0.000000 0.000000 0.000000 
0.000000 0.000000 166.014774 166.000629 166.014774 0.000000 0.000000 
0.000000 0.000000 166.009116 166.001257 166.009116 0.000000 0.000000 
0.000000 0.000000 166.007230 166.002200 166.007230 0.000000 0.000000 
0.000000 166.038978 166.006601 166.002829 166.006601 166.038978 0.000000 
0.000000 166.032691 166.006601 166.003772 166.006601 166.032691 0.000000 
0.000000 166.027976 166.006915 166.004401 166.006915 166.027976 0.000000 
0.000000 166.024833 166.007230 166.005344 166.007230 166.024833 0.000000 
0.000000 166.023261 166.007858 166.005972 166.007858 166.023261 0.000000 
0.000000 166.021689 166.008487 166.006915 166.008487 166.021689 0.000000 
0.000000 166.020746 166.009116 166.007544 166.009116 166.020746 0.000000 
0.000000 166.020117 166.009744 166.008487 166.009744 166.020117 0.000000 
166.040864 166.019803 166.010687 166.009116 166.010687 166.019803 166.040864 
166.039292 166.019489 166.011316 166.010059 166.011316 166.019489 166.039292 
166.037092 166.019489 166.011945 166.010687 166.011945 166.019489 166.037092 
166.035834 166.019489 166.012888 166.011630 166.012888 166.019489 166.035834 
166.034891 166.019489 166.013516 166.012259 166.013516 166.019489 166.034891 
166.034263 166.020117 166.014459 166.013202 166.014459 166.020117 166.034263 
166.033634 166.020432 166.015088 166.013831 166.015088 166.020432 166.033634 
166.033320 166.021060 166.015717 166.014774 166.015717 166.021060 166.033320 
166.033005 166.021689 166.016660 166.015402 166.016660 166.021689 166.033005 
166.032377 166.022003 166.017288 166.016345 166.017288 166.022003 166.032377 
166.032377 166.022632 166.018231 166.016974 166.018231 166.022632 166.032377 
166.032062 166.023261 166.018860 166.017917 166.018860 166.023261 166.032062 
166.032062 166.023890 166.019803 166.018546 166.019803 166.023890 166.032062 
166.032062 166.024204 166.020432 166.019489 166.020432 166.024204 166.032062 
166.032377 166.024833 166.021375 166.020117 166.021375 166.024833 166.032377 
166.032691 166.025461 166.022003 166.021060 166.022003 166.025461 166.032691 
166.033320 166.026090 166.022632 166.021689 166.022632 166.026090 166.033320 
166.033634 166.026719 166.023575 166.022632 166.023575 166.026719 166.033634 
166.034263 166.027347 166.024204 166.023261 166.024204 166.027347 166.034263 
166.034577 166.028290 166.025147 166.024204 166.025147 166.028290 166.034577 
166.035206 166.028919 166.025776 166.024833 166.025776 166.028919 166.035206 
166.035834 166.029548 166.026719 166.025776 166.026719 166.029548 166.035834 
166.036149 166.030491 166.027347 166.026404 166.027347 166.030491 166.036149 
166.036777 166.031119 166.028290 166.027347 166.028290 166.031119 166.036777 
166.037406 166.031748 166.028919 166.027976 166.028919 166.031748 166.037406 
166.038035 166.032377 166.029862 166.028919 166.029862 166.032377 166.038035 
166.038349 166.033320 166.030491 166.029548 166.030491 166.033320 166.038349 
166.038978 166.033948 166.031119 166.030491 166.031119 166.033948 166.038978 
166.039606 166.034577 166.032062 166.031119 166.032062 166.034577 166.039606 
166.040235 166.035520 166.032691 166.032062 166.032691 166.035520 166.040235 
166.040864 166.036149 166.033634 166.032691 166.033634 166.036149 166.040864 
166.041492 166.036777 166.034263 166.033634 166.034263 166.036777 166.041492 
0.000000 166.037720 166.035206 166.034263 166.035206 166.037720 0.000000 
0.000000 166.038349 166.035834 166.035206 166.035834 166.038349 0.000000 
0.000000 166.038978 166.036777 166.035834 166.036777 166.038978 0.000000 
0.000000 166.039921 166.037406 166.036777 166.037406 166.039921 0.000000 
0.000000 166.040549 166.038349 166.037406 166.038349 166.040549 0.000000 
0.000000 166.041178 166.038978 166.038349 166.038978 166.041178 0.000000 
0.000000 0.000000 166.039606 166.038978 166.039606 0.000000 0.000000 
0.000000 0.000000 166.040549 166.039921 166.040549 0.000000 0.000000 
0.000000 0.000000 166.041178 166.040549 166.041178 0.000000 0.000000 
0.000000 0.000000 0.000000 166.041492 0.000000 0.000000 0.000000 
