test/output/constant/M390_S000_A000_WD090.0_WS015.0/M390_S000_A000_WD090.0_WS015.0_arrival.asc
ncols         23
nrows         11
xllcorner     424703.990666
yllcorner     12748255.311160
cellsize      100.000000
NODATA_value  0.000000
0.000000 0.000000 0.000000 0.000000 0.000000 166.041667 166.039912 166.039025 166.037251 166.036364 166.036364 166.035477 166.035477 166.035477 166.036364 166.036364 166.038138 166.040799 0.000000 0.000000 0.000000 0.000000 0.000000 
0.000000 0.000000 0.000000 166.040799 166.039025 166.037251 166.035477 166.033703 166.031929 166.031042 166.029269 166.028382 166.028382 166.027495 166.027495 166.027495 166.028382 166.030156 166.032816 166.037251 0.000000 0.000000 0.000000 
0.000000 166.041667 166.039912 166.038138 166.036364 166.033703 166.031929 166.030156 166.028382 166.026608 166.024834 166.023060 166.022173 166.020399 166.020399 166.020399 166.019512 166.020399 166.023060 166.025721 166.031929 166.039912 0.000000 
0.000000 166.040799 166.038138 166.036364 166.033703 166.031929 166.029269 166.027495 166.025721 166.023060 166.021286 166.019512 166.017739 166.015965 166.014191 166.012417 166.012417 166.012417 166.012417 166.015078 166.021286 166.030156 166.041667 
166.041667 166.039912 166.037251 166.035477 166.032816 166.031042 166.028382 166.026608 166.023947 166.022173 166.019512 166.017739 166.015078 166.013304 166.010643 166.008869 166.007095 166.005322 166.004435 166.004435 166.010643 166.023060 166.036364 
166.041667 166.039025 166.037251 166.034590 166.032816 166.030156 166.028382 166.025721 166.023947 166.021286 166.019512 166.016852 166.015078 166.012417 166.010643 166.007982 166.006208 166.003548 166.001774 166.000000 166.007095 166.021286 166.035477 
166.041667 166.039912 166.037251 166.035477 166.032816 166.031042 166.028382 166.026608 166.023947 166.022173 166.019512 166.017739 166.015078 166.013304 166.010643 166.008869 166.007095 166.005322 166.004435 166.004435 166.010643 166.023060 166.036364 
0.000000 166.040799 166.038138 166.036364 166.033703 166.031929 166.029269 166.027495 166.025721 166.023060 166.021286 166.019512 166.017739 166.015965 166.014191 166.012417 166.012417 166.012417 166.012417 166.015078 166.021286 166.030156 166.041667 
0.000000 166.041667 166.039912 166.038138 166.036364 166.033703 166.031929 166.030156 166.028382 166.026608 166.024834 166.023060 166.022173 166.020399 166.020399 166.020399 166.019512 166.020399 166.023060 166.025721 166.031929 166.039912 0.000000 
0.000000 0.000000 0.000000 166.040799 166.039025 166.037251 166.035477 166.033703 166.031929 166.031042 166.029269 166.028382 166.028382 166.027495 166.027495 166.027495 166.028382 166.030156 166.032816 166.037251 0.000000 0.000000 0.000000 
0.000000 0.000000 0.000000 0.000000 0.000000 166.041667 166.039912 166.039025 166.037251 166.036364 166.036364 166.035477 166.035477 166.035477 166.036364 166.036364 166.038138 166.040799 0.000000 0.000000 0.000000 0.000000 0.000000 
