test/output/constant/C4_S060_A270_WD180.0_WS040.0/C4_S060_A270_WD180.0_WS040.0_arrival.asc
ncols         7
nrows         44
xllcorner     426303.990666
yllcorner     12748755.311160
cellsize      100.000000
NODATA_value  0.000000
0.000000 0.000000 0.000000 166.041667 0.000000 0.000000 0.000000 
0.000000 0.000000 166.041667 166.040686 166.041667 0.000000 0.000000 
0.000000 0.000000 166.040686 166.039904 166.040686 0.000000 0.000000 
0.000000 0.000000 166.039904 166.038730 166.039904 0.000000 0.000000 
0.000000 0.000000 166.038730 166.037948 166.038730 0.000000 0.000000 
0.000000 166.041078 166.037948 166.036774 166.037948 166.041078 0.000000 
0.000000 166.040295 166.036774 166.035992 166.036774 166.040295 0.000000 
0.000000 166.039122 166.035992 166.034818 166.035992 166.039122 0.000000 
0.000000 166.038339 166.034818 166.034036 166.034818 166.038339 0.000000 
0.000000 166.037557 166.034036 166.032862 166.034036 166.037557 0.000000 
0.000000 166.036774 166.032862 166.032080 166.032862 166.036774 0.000000 
0.000000 166.035601 166.032080 166.030906 166.032080 166.035601 0.000000 
0.000000 166.034818 166.031297 166.030124 166.031297 166.034818 0.000000 
0.000000 166.034036 166.030124 166.028950 166.030124 166.034036 0.000000 
166.041078 166.032862 166.029341 166.028168 166.029341 166.032862 166.041078 
166.040686 166.032080 166.028168 166.026994 166.028168 166.032080 166.040686 
166.039904 166.031297 166.027385 166.026211 166.027385 166.031297 166.039904 
166.039513 166.030515 166.026211 166.025038 166.026211 166.030515 166.039513 
166.039122 166.029732 166.025429 166.024255 166.025429 166.029732 166.039122 
166.038730 166.029341 166.024255 166.023082 166.024255 166.029341 166.038730 
166.038730 166.028559 166.023473 166.022299 166.023473 166.028559 166.038730 
166.038730 166.027776 166.022691 166.021126 166.022691 166.027776 166.038730 
166.039122 166.026994 166.021517 166.020343 166.021517 166.026994 166.039122 
166.039513 166.026603 166.020734 166.019170 166.020734 166.026603 166.039513 
166.039904 166.025820 166.019561 166.018387 166.019561 166.025820 166.039904 
166.040295 166.025038 166.018778 166.017213 166.018778 166.025038 166.040295 
166.041078 166.024647 166.017605 166.016431 166.017605 166.024647 166.041078 
0.000000 166.023864 166.016822 166.015257 166.016822 166.023864 0.000000 
0.000000 166.023473 166.016040 166.014475 166.016040 166.023473 0.000000 
0.000000 166.023473 166.014866 166.013301 166.014866 166.023473 0.000000 
0.000000 166.023473 166.014084 166.012519 166.014084 166.023473 0.000000 
0.000000 166.023473 166.012910 166.011345 166.012910 166.023473 0.000000 
0.000000 166.024255 166.012128 166.010563 166.012128 166.024255 0.000000 
0.000000 166.025038 166.011345 166.009389 166.011345 166.025038 0.000000 
0.000000 166.026211 166.010563 166.008607 166.010563 166.026211 0.000000 
0.000000 166.027385 166.009780 166.007433 166.009780 166.027385 0.000000 
0.000000 166.030124 166.008998 166.006651 166.008998 166.030124 0.000000 
0.000000 166.032862 166.008216 166.005477 166.008216 166.032862 0.000000 
0.000000 166.038339 166.007824 166.004695 166.007824 166.038339 0.000000 
0.000000 0.000000 166.007824 166.003521 166.007824 0.000000 0.000000 
0.000000 0.000000 166.008998 166.002739 166.008998 0.000000 0.000000 
0.000000 0.000000 166.010563 166.001565 166.010563 0.000000 0.000000 
0.000000 0.000000 166.018778 166.000782 166.018778 0.000000 0.000000 
0.000000 0.000000 0.000000 166.000000 0.000000 0.000000 0.000000 
