test/output/constant/M3M4100_S060_A090_WD000.0_WS010.0/M3M4100_S060_A090_WD000.0_WS010.0_arrival.asc
ncols         11
nrows         63
xllcorner     426103.990666
yllcorner     12742555.311160
cellsize      100.000000
NODATA_value  0.000000
0.000000 0.000000 0.000000 0.000000 166.018076 166.000000 166.018076 0.000000 0.000000 0.000000 0.000000 
0.000000 0.000000 0.000000 0.000000 166.007824 166.000540 166.007824 0.000000 0.000000 0.000000 0.000000 
0.000000 0.000000 0.000000 166.032914 166.005126 166.001079 166.005126 166.032914 0.000000 0.000000 0.000000 
0.000000 0.000000 0.000000 166.024820 166.004586 166.001888 166.004586 166.024820 0.000000 0.000000 0.000000 
0.000000 0.000000 0.000000 166.019694 166.004586 166.002428 166.004586 166.019694 0.000000 0.000000 0.000000 
0.000000 0.000000 166.041007 166.016996 166.004586 166.003237 166.004586 166.016996 166.041007 0.000000 0.000000 
0.000000 0.000000 166.036151 166.015378 166.005126 166.003777 166.005126 166.015378 166.036151 0.000000 0.000000 
0.000000 0.000000 166.031835 166.014299 166.005665 166.004586 166.005665 166.014299 166.031835 0.000000 0.000000 
0.000000 0.000000 166.029137 166.013759 166.006205 166.005126 166.006205 166.013759 166.029137 0.000000 0.000000 
0.000000 0.000000 166.027248 166.013219 166.006745 166.005935 166.006745 166.013219 166.027248 0.000000 0.000000 
0.000000 0.000000 166.025360 166.013219 166.007284 166.006475 166.007284 166.013219 166.025360 0.000000 0.000000 
0.000000 166.041277 166.024550 166.012950 166.008094 166.007284 166.008094 166.012950 166.024550 166.041277 0.000000 
0.000000 166.039388 166.023471 166.013219 166.008633 166.007824 166.008633 166.013219 166.023471 166.039388 0.000000 
0.000000 166.037500 166.022932 166.013219 166.009173 166.008633 166.009173 166.013219 166.022932 166.037500 0.000000 
0.000000 166.035612 166.022392 166.013759 166.009982 166.009173 166.009982 166.013759 166.022392 166.035612 0.000000 
0.000000 166.034532 166.022122 166.014029 166.010522 166.009982 166.010522 166.014029 166.022122 166.034532 0.000000 
0.000000 166.033453 166.021853 166.014568 166.011061 166.010522 166.011061 166.014568 166.021853 166.033453 0.000000 
0.000000 166.032914 166.021853 166.015108 166.011871 166.011331 166.011871 166.015108 166.021853 166.032914 0.000000 
0.000000 166.032104 166.021583 166.015647 166.012410 166.011871 166.012410 166.015647 166.021583 166.032104 0.000000 
0.000000 166.031565 166.021583 166.015917 166.012950 166.012680 166.012950 166.015917 166.021583 166.031565 0.000000 
0.000000 166.031295 166.021853 166.016457 166.013759 166.013219 166.013759 166.016457 166.021853 166.031295 0.000000 
0.000000 166.030755 166.021853 166.016996 166.014299 166.014029 166.014299 166.016996 166.021853 166.030755 0.000000 
0.000000 166.030486 166.022392 166.017536 166.015108 166.014568 166.015108 166.017536 166.022392 166.030486 0.000000 
166.041277 166.030486 166.022662 166.018076 166.015647 166.015378 166.015647 166.018076 166.022662 166.030486 166.041277 
166.041007 166.030486 166.023201 166.018615 166.016457 166.015917 166.016457 166.018615 166.023201 166.030486 166.041007 
166.040468 166.030216 166.023471 166.019155 166.016996 166.016727 166.016996 166.019155 166.023471 166.030216 166.040468 
166.039928 166.030216 166.024011 166.019964 166.017806 166.017266 166.017806 166.019964 166.024011 166.030216 166.039928 
166.039658 166.030216 166.024550 166.020504 166.018345 166.018076 166.018345 166.020504 166.024550 166.030216 166.039658 
166.039388 166.030486 166.025090 166.021043 166.019155 166.018615 166.019155 166.021043 166.025090 166.030486 166.039388 
166.039119 166.030486 166.025360 166.021583 166.019694 166.019424 166.019694 166.021583 166.025360 166.030486 166.039119 
166.039119 166.031025 166.025899 166.022392 166.020504 166.019964 166.020504 166.022392 166.025899 166.031025 166.039119 
166.038849 166.031295 166.026439 166.022932 166.021043 166.020773 166.021043 166.022932 166.026439 166.031295 166.038849 
166.038849 166.031835 166.026978 166.023471 166.021853 166.021313 166.021853 166.023471 166.026978 166.031835 166.038849 
166.038849 166.032104 166.027518 166.024281 166.022392 166.022122 166.022392 166.024281 166.027518 166.032104 166.038849 
166.038849 166.032644 166.027788 166.024820 166.023201 166.022662 166.023201 166.024820 166.027788 166.032644 166.038849 
166.038849 166.032914 166.028327 166.025629 166.023741 166.023471 166.023741 166.025629 166.028327 166.032914 166.038849 
166.039119 166.033453 166.028867 166.026169 166.024550 166.024011 166.024550 166.026169 166.028867 166.033453 166.039119 
166.039119 166.033993 166.029406 166.026709 166.025090 166.024820 166.025090 166.026709 166.029406 166.033993 166.039119 
166.039658 166.034532 166.029946 166.027248 166.025899 166.025360 166.025899 166.027248 166.029946 166.034532 166.039658 
166.039928 166.034802 166.030486 166.028058 166.026439 166.026169 166.026439 166.028058 166.030486 166.034802 166.039928 
166.040198 166.035342 166.031295 166.028597 166.026978 166.026709 166.026978 166.028597 166.031295 166.035342 166.040198 
166.040737 166.035881 166.031835 166.029406 166.027788 166.027518 166.027788 166.029406 166.031835 166.035881 166.040737 
166.041277 166.036421 166.032374 166.029946 166.028327 166.028058 166.028327 166.029946 166.032374 166.036421 166.041277 
166.041547 166.036691 166.032914 166.030486 166.029137 166.028867 166.029137 166.030486 166.032914 166.036691 166.041547 
0.000000 166.037230 166.033453 166.031295 166.029676 166.029406 166.029676 166.031295 166.033453 166.037230 0.000000 
0.000000 166.037770 166.034263 166.031835 166.030486 166.030216 166.030486 166.031835 166.034263 166.037770 0.000000 
0.000000 166.038309 166.034802 166.032374 166.031025 166.030755 166.031025 166.032374 166.034802 166.038309 0.000000 
0.000000 166.038849 166.035342 166.033183 166.031835 166.031565 166.031835 166.033183 166.035342 166.038849 0.000000 
0.000000 166.039119 166.036151 166.033723 166.032374 166.032104 166.032374 166.033723 166.036151 166.039119 0.000000 
0.000000 166.039658 166.036691 166.034532 166.033183 166.032914 166.033183 166.034532 166.036691 166.039658 0.000000 
0.000000 166.040198 166.037230 166.035072 166.033723 166.033453 166.033723 166.035072 166.037230 166.040198 0.000000 
0.000000 166.040737 166.037770 166.035612 166.034532 166.034263 166.034532 166.035612 166.037770 166.040737 0.000000 
0.000000 166.041277 166.038579 166.036421 166.035072 166.034802 166.035072 166.036421 166.038579 166.041277 0.000000 
0.000000 0.000000 166.039119 166.036960 166.035881 166.035612 166.035881 166.036960 166.039119 0.000000 0.000000 
0.000000 0.000000 166.039658 166.037770 166.036421 166.036151 166.036421 166.037770 166.039658 0.000000 0.000000 
0.000000 0.000000 166.040468 166.038309 166.037230 166.036960 166.037230 166.038309 166.040468 0.000000 0.000000 
0.000000 0.000000 166.041007 166.039119 166.037770 166.037500 166.037770 166.039119 166.041007 0.000000 0.000000 
0.000000 0.000000 166.041667 166.039658 166.038579 166.038309 166.038579 166.039658 166.041667 0.000000 0.000000 
0.000000 0.000000 0.000000 166.040468 166.039119 166.038849 166.039119 166.040468 0.000000 0.000000 0.000000 
0.000000 0.000000 0.000000 166.041007 166.039928 166.039658 166.039928 166.041007 0.000000 0.000000 0.000000 
0.000000 0.000000 0.000000 166.041547 166.040468 166.040198 166.040468 166.041547 0.000000 0.000000 0.000000 
0.000000 0.000000 0.000000 0.000000 166.041007 166.041007 166.041007 0.000000 0.000000 0.000000 0.000000 
0.000000 0.000000 0.000000 0.000000 0.000000 166.041547 0.000000 0.000000 0.000000 0.000000 0.000000 
