test/output/constant/M3100_S000_A270_WD270.0_WS045.0/M3100_S000_A270_WD270.0_WS045.0_arrival.asc
ncols         63
nrows         11
xllcorner     426603.990666
yllcorner     12748255.311160
cellsize      100.000000
NODATA_value  0.000000
0.000000 0.000000 0.000000 0.000000 0.000000 0.000000 0.000000 0.000000 0.000000 0.000000 0.000000 0.000000 0.000000 0.000000 0.000000 0.000000 166.041051 166.039978 166.038905 166.038100 166.037295 166.036758 166.036222 166.035954 166.035685 166.035417 166.035149 166.035149 166.035149 166.035149 166.035149 166.035149 166.035149 166.035149 166.035417 166.035954 166.036222 166.036758 166.037027 166.037563 166.038100 166.038368 166.038905 166.039442 166.039710 166.040247 166.040783 166.041051 166.041588 0.000000 0.000000 0.000000 0.000000 0.000000 0.000000 0.000000 0.000000 0.000000 0.000000 0.000000 0.000000 0.000000 0.000000 
0.000000 0.000000 0.000000 0.000000 0.000000 0.000000 0.000000 0.000000 166.041588 166.038100 166.035954 166.033807 166.032466 166.031124 166.030319 166.029514 166.028709 166.028441 166.027904 166.027636 166.027368 166.027368 166.027368 166.027368 166.027368 166.027368 166.027368 166.027904 166.028173 166.028709 166.028977 166.029514 166.029782 166.030319 166.030856 166.031392 166.031661 166.032197 166.032734 166.033270 166.033807 166.034075 166.034612 166.035149 166.035685 166.036222 166.036758 166.037295 166.037832 166.038368 166.038905 166.039442 166.040247 166.040783 166.041320 0.000000 0.000000 0.000000 0.000000 0.000000 0.000000 0.000000 0.000000 
0.000000 0.000000 0.000000 0.000000 166.038100 166.032197 166.028441 166.026026 166.024148 166.022538 166.021733 166.020928 166.020392 166.019855 166.019587 166.019587 166.019587 166.019587 166.019587 166.019855 166.020123 166.020660 166.020928 166.021465 166.022001 166.022270 166.022806 166.023343 166.023880 166.024148 166.024685 166.025221 166.025758 166.026294 166.026831 166.027368 166.027904 166.028441 166.029246 166.029782 166.030319 166.030856 166.031661 166.032197 166.032734 166.033539 166.034075 166.034612 166.035149 166.035954 166.036490 166.037027 166.037832 166.038368 166.038905 166.039710 166.040247 166.040783 166.041588 0.000000 0.000000 0.000000 0.000000 
0.000000 166.034344 166.024416 166.019050 166.015562 166.013952 166.013147 166.012342 166.011806 166.011806 166.011806 166.011806 166.012074 166.012611 166.012879 166.013416 166.013952 166.014220 166.014757 166.015294 166.015830 166.016367 166.016904 166.017440 166.018245 166.018782 166.019318 166.019855 166.020660 166.021196 166.021733 166.022538 166.023075 166.023611 166.024416 166.024953 166.025489 166.026294 166.026831 166.027636 166.028173 166.028977 166.029514 166.030319 166.030856 166.031392 166.032197 166.032734 166.033539 166.034075 166.034880 166.035417 166.035954 166.036758 166.037295 166.037832 166.038637 166.039173 166.039978 166.040515 166.041320 0.000000 0.000000 
166.012611 166.005903 166.004293 166.004025 166.004025 166.004561 166.004830 166.005366 166.005903 166.006708 166.007244 166.007781 166.008586 166.009123 166.009927 166.010464 166.011001 166.011806 166.012342 166.013147 166.013684 166.014489 166.015025 166.015830 166.016367 166.017172 166.017708 166.018513 166.019050 166.019587 166.020392 166.020928 166.021733 166.022270 166.023075 166.023611 166.024148 166.024953 166.025489 166.026294 166.026831 166.027636 166.028173 166.028977 166.029514 166.030051 166.030856 166.031392 166.032197 166.032734 166.033539 166.034075 166.034880 166.035417 166.036222 166.036758 166.037563 166.038100 166.038905 166.039442 166.040247 166.040783 166.041588 
166.000000 166.000537 166.001073 166.001878 166.002415 166.003220 166.003756 166.004561 166.005098 166.005903 166.006439 166.007244 166.007781 166.008586 166.009123 166.009927 166.010464 166.011269 166.011806 166.012611 166.013147 166.013952 166.014489 166.015294 166.015830 166.016635 166.017172 166.017977 166.018513 166.019318 166.019855 166.020660 166.021196 166.022001 166.022538 166.023343 166.023880 166.024685 166.025221 166.026026 166.026563 166.027368 166.027904 166.028709 166.029246 166.030051 166.030587 166.031392 166.031929 166.032734 166.033270 166.034075 166.034612 166.035417 166.035954 166.036758 166.037295 166.038100 166.038637 166.039442 166.039978 166.040783 166.041320 
166.012611 166.005903 166.004293 166.004025 166.004025 166.004561 166.004830 166.005366 166.005903 166.006708 166.007244 166.007781 166.008586 166.009123 166.009927 166.010464 166.011001 166.011806 166.012342 166.013147 166.013684 166.014489 166.015025 166.015830 166.016367 166.017172 166.017708 166.018513 166.019050 166.019587 166.020392 166.020928 166.021733 166.022270 166.023075 166.023611 166.024148 166.024953 166.025489 166.026294 166.026831 166.027636 166.028173 166.028977 166.029514 166.030051 166.030856 166.031392 166.032197 166.032734 166.033539 166.034075 166.034880 166.035417 166.036222 166.036758 166.037563 166.038100 166.038905 166.039442 166.040247 166.040783 166.041588 
0.000000 166.034344 166.024416 166.019050 166.015562 166.013952 166.013147 166.012342 166.011806 166.011806 166.011806 166.011806 166.012074 166.012611 166.012879 166.013416 166.013952 166.014220 166.014757 166.015294 166.015830 166.016367 166.016904 166.017440 166.018245 166.018782 166.019318 166.019855 166.020660 166.021196 166.021733 166.022538 166.023075 166.023611 166.024416 166.024953 166.025489 166.026294 166.026831 166.027636 166.028173 166.028977 166.029514 166.030319 166.030856 166.031392 166.032197 166.032734 166.033539 166.034075 166.034880 166.035417 166.035954 166.036758 166.037295 166.037832 166.038637 166.039173 166.039978 166.040515 166.041320 0.000000 0.000000 
0.000000 0.000000 0.000000 0.000000 166.038100 166.032197 166.028441 166.026026 166.024148 166.022538 166.021733 166.020928 166.020392 166.019855 166.019587 166.019587 166.019587 166.019587 166.019587 166.019855 166.020123 166.020660 166.020928 166.021465 166.022001 166.022270 166.022806 166.023343 166.023880 166.024148 166.024685 166.025221 166.025758 166.026294 166.026831 166.027368 166.027904 166.028441 166.029246 166.029782 166.030319 166.030856 166.031661 166.032197 166.032734 166.033539 166.034075 166.034612 166.035149 166.035954 166.036490 166.037027 166.037832 166.038368 166.038905 166.039710 166.040247 166.040783 166.041588 0.000000 0.000000 0.000000 0.000000 
0.000000 0.000000 0.000000 0.000000 0.000000 0.000000 0.000000 0.000000 166.041588 166.038100 166.035954 166.033807 166.032466 166.031124 166.030319 166.029514 166.028709 166.028441 166.027904 166.027636 166.027368 166.027368 166.027368 166.027368 166.027368 166.027368 166.027368 166.027904 166.028173 166.028709 166.028977 166.029514 166.029782 166.030319 166.030856 166.031392 166.031661 166.032197 166.032734 166.033270 166.033807 166.034075 166.034612 166.035149 166.035685 166.036222 166.036758 166.037295 166.037832 166.038368 166.038905 166.039442 166.040247 166.040783 166.041320 0.000000 0.000000 0.000000 0.000000 0.000000 0.000000 0.000000 0.000000 
0.000000 0.000000 0.000000 0.000000 0.000000 0.000000 0.000000 0.000000 0.000000 0.000000 0.000000 0.000000 0.000000 0.000000 0.000000 0.000000 166.041051 166.039978 166.038905 166.038100 166.037295 166.036758 166.036222 166.035954 166.035685 166.035417 166.035149 166.035149 166.035149 166.035149 166.035149 166.035149 166.035149 166.035149 166.035417 166.035954 166.036222 166.036758 166.037027 166.037563 166.038100 166.038368 166.038905 166.039442 166.039710 166.040247 166.040783 166.041051 166.041588 0.000000 0.000000 0.000000 0.000000 0.000000 0.000000 0.000000 0.000000 0.000000 0.000000 0.000000 0.000000 0.000000 0.000000 
