test/output/constant/M3M465_S060_A180_WD045.0_WS015.0/M3M465_S060_A180_WD045.0_WS015.0_ros.asc
ncols         24
nrows         12
xllcorner     426503.990666
yllcorner     12747755.311160
cellsize      100.000000
NODATA_value  0.000000
1.313487 8.203872 6.023267 8.203872 6.023267 13.593135 10.751168 13.593135 0.000000 0.000000 0.000000 0.000000 0.000000 0.000000 0.000000 0.000000 0.000000 0.000000 0.000000 0.000000 0.000000 0.000000 0.000000 0.000000 
1.445948 0.000000 39.191364 39.191364 36.208981 6.023267 23.025646 29.130426 13.593135 13.593135 16.647089 19.822813 0.000000 0.000000 0.000000 0.000000 0.000000 0.000000 0.000000 0.000000 0.000000 0.000000 0.000000 0.000000 
1.863390 1.615948 39.191364 39.191364 39.191364 39.191364 39.174644 38.718094 39.191364 8.203872 23.025646 29.130426 13.593135 31.848604 13.593135 0.000000 0.000000 0.000000 0.000000 0.000000 0.000000 0.000000 0.000000 0.000000 
0.000000 2.751198 21.726978 35.438732 39.191364 39.191364 39.191364 39.191364 39.191364 39.191364 39.191364 39.191364 38.718094 31.848604 29.130426 34.232113 34.232113 0.000000 0.000000 0.000000 0.000000 0.000000 0.000000 0.000000 
0.000000 0.000000 2.210744 21.726978 27.931137 39.191364 39.191364 38.365288 39.191364 39.191364 39.191364 39.191364 8.203872 13.593135 39.191364 39.191364 34.232113 31.848604 34.232113 0.000000 0.000000 0.000000 0.000000 0.000000 
0.000000 0.000000 0.000000 1.615948 27.931137 27.931137 39.050903 39.191364 39.191364 39.191364 39.191364 39.191364 39.191364 39.191364 39.191364 29.130426 39.191364 10.751168 36.208981 34.232113 0.000000 0.000000 0.000000 0.000000 
0.000000 0.000000 0.000000 0.000000 0.000000 24.889818 27.931137 39.050903 38.365288 35.438732 39.050903 39.191364 39.191364 39.191364 39.191364 39.191364 39.191364 39.191364 39.191364 31.848604 39.191364 36.208981 0.000000 0.000000 
0.000000 0.000000 0.000000 0.000000 0.000000 0.000000 5.401663 27.931137 27.931137 39.191364 33.286892 39.050903 39.191364 39.191364 39.191364 39.191364 39.191364 39.191364 39.191364 31.848604 13.593135 29.130426 39.174644 0.000000 
0.000000 0.000000 0.000000 0.000000 0.000000 0.000000 0.000000 0.000000 24.889818 27.931137 27.931137 27.931137 35.438732 39.191364 39.191364 39.191364 39.191364 39.191364 39.191364 39.191364 39.191364 8.203872 39.191364 0.000000 
0.000000 0.000000 0.000000 0.000000 0.000000 0.000000 0.000000 0.000000 0.000000 0.000000 0.000000 39.050903 27.931137 39.191364 35.438732 39.191364 39.191364 39.191364 39.191364 39.191364 39.191364 39.191364 39.191364 39.191364 
0.000000 0.000000 0.000000 0.000000 0.000000 0.000000 0.000000 0.000000 0.000000 0.000000 0.000000 0.000000 0.000000 27.931137 39.050903 39.191364 39.191364 38.365288 39.191364 39.191364 39.191364 39.191364 39.191364 39.191364 
0.000000 0.000000 0.000000 0.000000 0.000000 0.000000 0.000000 0.000000 0.000000 0.000000 0.000000 0.000000 0.000000 0.000000 0.000000 0.000000 0.000000 7.385426 39.191364 38.365288 39.191364 39.191364 39.191364 0.000000 
