test/output/constant/M390_S060_A090_WD225.0_WS015.0/M390_S060_A090_WD225.0_WS015.0_intensity.asc
ncols         16
nrows         38
xllcorner     426503.990666
yllcorner     12745155.311160
cellsize      100.000000
NODATA_value  0.000000
1540 2221 1757 0 0 0 0 0 0 0 0 0 0 0 0 0 
1421 0 32232 2385 0 0 0 0 0 0 0 0 0 0 0 0 
11439 58377 58377 2385 3394 0 0 0 0 0 0 0 0 0 0 0 
8173 58377 58377 41609 2385 1757 0 0 0 0 0 0 0 0 0 0 
11439 47198 58377 58377 41609 2221 2385 0 0 0 0 0 0 0 0 0 
24171 43074 58377 58377 41609 37018 37018 0 0 0 0 0 0 0 0 0 
28974 28974 58377 58377 58377 37018 1540 2385 0 0 0 0 0 0 0 0 
28974 43074 15271 58377 52883 57216 37018 41609 3394 0 0 0 0 0 0 0 
28974 43074 38571 58377 57216 58377 37018 41609 37018 0 0 0 0 0 0 0 
11439 15271 8173 58377 58377 45868 58377 41609 41609 37018 0 0 0 0 0 0 
11439 15271 43074 11439 58377 58377 58377 58198 41609 41609 0 0 0 0 0 0 
11439 24171 38571 58377 58377 58377 52883 58377 41609 41609 41609 0 0 0 0 0 
15271 24171 53819 53819 58377 55426 58377 58377 58377 41609 41609 0 0 0 0 0 
0 24171 15271 58377 58377 58377 58377 57216 58377 41609 37018 0 0 0 0 0 
0 28974 43074 53819 50816 58377 58377 58377 58377 41609 37018 41609 0 0 0 0 
0 28974 15271 15271 58377 53819 58377 58377 58377 58377 41609 41609 0 0 0 0 
0 28974 43074 43074 58377 58342 58377 58377 58377 58377 41609 37018 41609 0 0 0 
0 28974 15271 53819 58342 15271 58377 58377 58377 58377 58377 57216 41609 0 0 0 
0 0 38571 50816 53819 58377 50816 58377 58377 58377 52883 57216 2385 0 0 0 
0 0 28974 33823 47198 58377 58377 58377 58342 58377 58377 58377 58377 41609 0 0 
0 0 43074 15271 43074 58377 58377 58377 58377 58377 58377 58377 55426 41609 0 0 
0 0 0 56117 8173 50816 19557 58377 58377 58377 58377 58377 55426 1757 0 0 
0 0 0 33823 15271 47198 58377 58377 58377 52883 58377 58377 52883 58198 58377 0 
0 0 0 43074 28974 43074 50816 58377 58377 58377 57216 58377 58377 57216 41609 0 
0 0 0 0 50816 56117 58377 50816 58377 58377 57216 57216 55426 58377 58198 0 
0 0 0 0 15271 33823 47198 15271 58377 58377 58377 58377 52883 58377 58198 0 
0 0 0 0 0 57640 58377 58377 58377 58377 58377 58377 58377 57216 52883 58377 
0 0 0 0 0 58377 38571 8173 58377 58377 58377 58377 58377 58377 58377 58198 
0 0 0 0 0 0 11439 57640 53819 58377 58377 58377 55426 58377 58377 52883 
0 0 0 0 0 0 50816 43074 58377 58377 58377 58377 58342 58377 58377 58377 
0 0 0 0 0 0 0 47198 58377 58377 58377 58377 58377 58377 58377 58377 
0 0 0 0 0 0 0 47198 58377 58377 47198 58377 58377 57216 58377 58377 
0 0 0 0 0 0 0 0 38571 11439 58377 58342 55426 58377 58377 45868 
0 0 0 0 0 0 0 0 0 58377 58377 50816 58377 58377 57216 57216 
0 0 0 0 0 0 0 0 0 47198 11439 15271 58377 58377 58377 58377 
0 0 0 0 0 0 0 0 0 0 43074 58377 58377 58377 58377 58377 
0 0 0 0 0 0 0 0 0 0 0 58377 19557 58377 58377 57216 
0 0 0 0 0 0 0 0 0 0 0 0 58377 58377 58377 58377 
