test/output/constant/M390_S060_A090_WD225.0_WS015.0/M390_S060_A090_WD225.0_WS015.0_ros.asc
ncols         16
nrows         38
xllcorner     426503.990666
yllcorner     12745155.311160
cellsize      100.000000
NODATA_value  0.000000
1.699693 2.451372 1.939284 0.000000 0.000000 0.000000 0.000000 0.000000 0.000000 0.000000 0.000000 0.000000 0.000000 0.000000 0.000000 0.000000 
1.568649 -1.000000 35.570431 2.632985 0.000000 0.000000 0.000000 0.000000 0.000000 0.000000 0.000000 0.000000 0.000000 0.000000 0.000000 0.000000 
12.624068 64.421616 64.421616 2.632985 3.745533 0.000000 0.000000 0.000000 0.000000 0.000000 0.000000 0.000000 0.000000 0.000000 0.000000 0.000000 
9.019303 64.421616 64.421616 45.917973 2.632985 1.939284 0.000000 0.000000 0.000000 0.000000 0.000000 0.000000 0.000000 0.000000 0.000000 0.000000 
12.624068 52.085178 64.421616 64.421616 45.917973 2.451372 2.632985 0.000000 0.000000 0.000000 0.000000 0.000000 0.000000 0.000000 0.000000 0.000000 
26.674179 47.535004 64.421616 64.421616 45.917973 40.850922 40.850922 0.000000 0.000000 0.000000 0.000000 0.000000 0.000000 0.000000 0.000000 0.000000 
31.974884 31.974884 64.421616 64.421616 64.421616 40.850922 1.699693 2.632985 0.000000 0.000000 0.000000 0.000000 0.000000 0.000000 0.000000 0.000000 
31.974884 47.535004 16.852734 64.421616 58.359154 63.140785 40.850922 45.917973 3.745533 0.000000 0.000000 0.000000 0.000000 0.000000 0.000000 0.000000 
31.974884 47.535004 42.565052 64.421616 63.140785 64.421616 40.850922 45.917973 40.850922 0.000000 0.000000 0.000000 0.000000 0.000000 0.000000 0.000000 
12.624068 16.852734 9.019303 64.421616 64.421616 50.617676 64.421616 45.917973 45.917973 40.850922 0.000000 0.000000 0.000000 0.000000 0.000000 0.000000 
12.624068 16.852734 47.535004 12.624068 64.421616 64.421616 64.421616 64.224846 45.917973 45.917973 0.000000 0.000000 0.000000 0.000000 0.000000 0.000000 
12.624068 26.674179 42.565052 64.421616 64.421616 64.421616 58.359154 64.421616 45.917973 45.917973 45.917973 0.000000 0.000000 0.000000 0.000000 0.000000 
16.852734 26.674179 59.392334 59.392334 64.421616 61.165489 64.421616 64.421616 64.421616 45.917973 45.917973 0.000000 0.000000 0.000000 0.000000 0.000000 
0.000000 26.674179 16.852734 64.421616 64.421616 64.421616 64.421616 63.140785 64.421616 45.917973 40.850922 0.000000 0.000000 0.000000 0.000000 0.000000 
0.000000 31.974884 47.535004 59.392334 56.077904 64.421616 64.421616 64.421616 64.421616 45.917973 40.850922 45.917973 0.000000 0.000000 0.000000 0.000000 
0.000000 31.974884 16.852734 16.852734 64.421616 59.392334 64.421616 64.421616 64.421616 64.421616 45.917973 45.917973 0.000000 0.000000 0.000000 0.000000 
0.000000 31.974884 47.535004 47.535004 64.421616 64.382988 64.421616 64.421616 64.421616 64.421616 45.917973 40.850922 45.917973 0.000000 0.000000 0.000000 
0.000000 31.974884 16.852734 59.392334 64.382988 16.852734 64.421616 64.421616 64.421616 64.421616 64.421616 63.140785 45.917973 0.000000 0.000000 0.000000 
0.000000 0.000000 42.565052 56.077904 59.392334 64.421616 56.077904 64.421616 64.421616 64.421616 58.359154 63.140785 2.632985 0.000000 0.000000 0.000000 
0.000000 0.000000 31.974884 37.325603 52.085178 64.421616 64.421616 64.421616 64.382988 64.421616 64.421616 64.421616 64.421616 45.917973 0.000000 0.000000 
0.000000 0.000000 47.535004 16.852734 47.535004 64.421616 64.421616 64.421616 64.421616 64.421616 64.421616 64.421616 61.165489 45.917973 0.000000 0.000000 
0.000000 0.000000 0.000000 61.928150 9.019303 56.077904 21.582748 64.421616 64.421616 64.421616 64.421616 64.421616 61.165489 1.939284 0.000000 0.000000 
0.000000 0.000000 0.000000 37.325603 16.852734 52.085178 64.421616 64.421616 64.421616 58.359154 64.421616 64.421616 58.359154 64.224846 64.421616 0.000000 
0.000000 0.000000 0.000000 47.535004 31.974884 47.535004 56.077904 64.421616 64.421616 64.421616 63.140785 64.421616 64.421616 63.140785 45.917973 0.000000 
0.000000 0.000000 0.000000 0.000000 56.077904 61.928150 64.421616 56.077904 64.421616 64.421616 63.140785 63.140785 61.165489 64.421616 64.224846 0.000000 
0.000000 0.000000 0.000000 0.000000 16.852734 37.325603 52.085178 16.852734 64.421616 64.421616 64.421616 64.421616 58.359154 64.421616 64.224846 0.000000 
0.000000 0.000000 0.000000 0.000000 0.000000 63.608627 64.421616 64.421616 64.421616 64.421616 64.421616 64.421616 64.421616 63.140785 58.359154 64.421616 
0.000000 0.000000 0.000000 0.000000 0.000000 64.421616 42.565052 9.019303 64.421616 64.421616 64.421616 64.421616 64.421616 64.421616 64.421616 64.224846 
0.000000 0.000000 0.000000 0.000000 0.000000 0.000000 12.624068 63.608627 59.392334 64.421616 64.421616 64.421616 61.165489 64.421616 64.421616 58.359154 
0.000000 0.000000 0.000000 0.000000 0.000000 0.000000 56.077904 47.535004 64.421616 64.421616 64.421616 64.421616 64.382988 64.421616 64.421616 64.421616 
0.000000 0.000000 0.000000 0.000000 0.000000 0.000000 0.000000 52.085178 64.421616 64.421616 64.421616 64.421616 64.421616 64.421616 64.421616 64.421616 
0.000000 0.000000 0.000000 0.000000 0.000000 0.000000 0.000000 52.085178 64.421616 64.421616 52.085178 64.421616 64.421616 63.140785 64.421616 64.421616 
0.000000 0.000000 0.000000 0.000000 0.000000 0.000000 0.000000 0.000000 42.565052 12.624068 64.421616 64.382988 61.165489 64.421616 64.421616 50.617676 
0.000000 0.000000 0.000000 0.000000 0.000000 0.000000 0.000000 0.000000 0.000000 64.421616 64.421616 56.077904 64.421616 64.421616 63.140785 63.140785 
0.000000 0.000000 0.000000 0.000000 0.000000 0.000000 0.000000 0.000000 0.000000 52.085178 12.624068 16.852734 64.421616 64.421616 64.421616 64.421616 
0.000000 0.000000 0.000000 0.000000 0.000000 0.000000 0.000000 0.000000 0.000000 0.000000 47.535004 64.421616 64.421616 64.421616 64.421616 64.421616 
0.000000 0.000000 0.000000 0.000000 0.000000 0.000000 0.000000 0.000000 0.000000 0.000000 0.000000 64.421616 21.582748 64.421616 64.421616 63.140785 
0.000000 0.000000 0.000000 0.000000 0.000000 0.000000 0.000000 0.000000 0.000000 0.000000 0.000000 0.000000 64.421616 64.421616 64.421616 64.421616 
