test/output/constant/M390_S060_A270_WD225.0_WS010.0/M390_S060_A270_WD225.0_WS010.0_arrival.asc
ncols         14
nrows         58
xllcorner     426403.990666
yllcorner     12748755.311160
cellsize      100.000000
NODATA_value  0.000000
0.000000 0.000000 0.000000 0.000000 0.000000 0.000000 0.000000 0.000000 0.000000 0.000000 166.041464 166.041464 0.000000 0.000000 
0.000000 0.000000 0.000000 0.000000 0.000000 0.000000 0.000000 0.000000 0.000000 166.040888 166.040888 166.040888 166.041667 0.000000 
0.000000 0.000000 0.000000 0.000000 0.000000 0.000000 0.000000 0.000000 166.041464 166.040024 166.040024 166.040312 166.041176 0.000000 
0.000000 0.000000 0.000000 0.000000 0.000000 0.000000 0.000000 0.000000 166.040312 166.039448 166.039448 166.039448 166.040600 0.000000 
0.000000 0.000000 0.000000 0.000000 0.000000 0.000000 0.000000 166.041176 166.039448 166.038585 166.038585 166.038873 166.040312 0.000000 
0.000000 0.000000 0.000000 0.000000 0.000000 0.000000 0.000000 166.040312 166.038585 166.038009 166.038009 166.038297 166.040024 0.000000 
0.000000 0.000000 0.000000 0.000000 0.000000 0.000000 166.041667 166.039160 166.037721 166.037145 166.037145 166.037721 166.039448 0.000000 
0.000000 0.000000 0.000000 0.000000 0.000000 0.000000 166.040888 166.038297 166.036857 166.036569 166.036569 166.037145 166.039160 166.041667 
0.000000 0.000000 0.000000 0.000000 0.000000 0.000000 166.039736 166.037145 166.035993 166.035705 166.035705 166.036857 166.038585 166.041464 
0.000000 0.000000 0.000000 0.000000 0.000000 166.041464 166.038585 166.036281 166.035129 166.034841 166.035129 166.036281 166.038297 166.041176 
0.000000 0.000000 0.000000 0.000000 0.000000 166.040312 166.037433 166.035417 166.034265 166.034265 166.034265 166.035993 166.038009 166.041176 
0.000000 0.000000 0.000000 0.000000 0.000000 166.039448 166.036569 166.034265 166.033402 166.033402 166.033977 166.035417 166.038009 166.041176 
0.000000 0.000000 0.000000 0.000000 0.000000 166.038297 166.035417 166.033690 166.032826 166.032826 166.033402 166.035129 166.037721 166.041464 
0.000000 0.000000 0.000000 0.000000 166.040888 166.037145 166.034265 166.032538 166.031962 166.031962 166.032826 166.034841 166.037433 166.041464 
0.000000 0.000000 0.000000 0.000000 166.039736 166.035993 166.033402 166.031674 166.031386 166.031386 166.032250 166.034265 166.037433 166.041667 
0.000000 0.000000 0.000000 0.000000 166.038585 166.035129 166.032250 166.030810 166.030522 166.030522 166.031962 166.033977 166.037145 0.000000 
0.000000 0.000000 0.000000 0.000000 166.037433 166.033977 166.031386 166.029946 166.029946 166.029946 166.031386 166.033977 166.037433 0.000000 
0.000000 0.000000 0.000000 166.041176 166.035993 166.032826 166.030522 166.029082 166.029082 166.029370 166.031098 166.033690 166.037433 0.000000 
0.000000 0.000000 0.000000 166.040024 166.034841 166.031674 166.029370 166.028507 166.028507 166.029082 166.030810 166.033402 166.037721 0.000000 
0.000000 0.000000 0.000000 166.038585 166.033690 166.030522 166.028507 166.027643 166.027643 166.028219 166.030234 166.033402 166.038009 0.000000 
0.000000 0.000000 0.000000 166.037433 166.032538 166.029658 166.027643 166.026779 166.026779 166.027931 166.029946 166.033402 166.038009 0.000000 
0.000000 0.000000 166.041667 166.036281 166.031386 166.028507 166.026779 166.026203 166.026203 166.027355 166.029946 166.033402 166.038297 0.000000 
0.000000 0.000000 166.040312 166.034841 166.030234 166.027355 166.025627 166.025339 166.025627 166.027067 166.029658 166.033690 166.038585 0.000000 
0.000000 0.000000 166.039160 166.033690 166.029082 166.026491 166.025051 166.024763 166.025051 166.026779 166.029370 166.033977 166.038873 0.000000 
0.000000 0.000000 166.037721 166.032538 166.028219 166.025339 166.023899 166.023899 166.024475 166.026203 166.029370 166.034265 166.039448 0.000000 
0.000000 0.000000 166.036569 166.031386 166.027067 166.024475 166.023324 166.023324 166.023899 166.025915 166.029658 166.034265 166.040312 0.000000 
0.000000 0.000000 166.035417 166.029946 166.025915 166.023324 166.022460 166.022460 166.023324 166.025915 166.029658 166.034553 166.041176 0.000000 
0.000000 0.000000 166.033977 166.028794 166.025051 166.022460 166.021884 166.021884 166.023036 166.025627 166.029946 166.035129 0.000000 0.000000 
0.000000 0.000000 166.032826 166.027643 166.023899 166.021596 166.021020 166.021020 166.022748 166.025627 166.030234 166.035705 0.000000 0.000000 
0.000000 166.041464 166.031674 166.026203 166.022748 166.020732 166.020444 166.020444 166.022172 166.025627 166.030522 166.036569 0.000000 0.000000 
0.000000 166.040312 166.030234 166.025051 166.021596 166.019868 166.019580 166.020156 166.021884 166.025627 166.030810 166.037721 0.000000 0.000000 
0.000000 166.039160 166.029082 166.023899 166.020444 166.019004 166.018716 166.019292 166.021884 166.025915 166.031098 166.038873 0.000000 0.000000 
0.000000 166.037721 166.027931 166.022748 166.019580 166.018141 166.018141 166.019004 166.021596 166.026203 166.031962 166.040312 0.000000 0.000000 
0.000000 166.036569 166.026491 166.021596 166.018428 166.017277 166.017277 166.018716 166.021596 166.026491 166.033114 0.000000 0.000000 0.000000 
0.000000 166.035129 166.025339 166.020444 166.017565 166.016701 166.016701 166.018141 166.021884 166.026779 166.034265 0.000000 0.000000 0.000000 
0.000000 166.033977 166.024187 166.019004 166.016701 166.015837 166.016125 166.017853 166.021884 166.027355 166.035705 0.000000 0.000000 0.000000 
0.000000 166.032826 166.022748 166.018141 166.015549 166.015261 166.015549 166.017853 166.022172 166.028507 166.037721 0.000000 0.000000 0.000000 
0.000000 166.031386 166.021596 166.016989 166.014685 166.014397 166.014973 166.017853 166.022460 166.029370 166.040024 0.000000 0.000000 0.000000 
0.000000 166.030234 166.020444 166.015837 166.013821 166.013821 166.014685 166.017853 166.022748 166.030810 0.000000 0.000000 0.000000 0.000000 
0.000000 166.029082 166.019004 166.014685 166.012958 166.012958 166.014109 166.017853 166.023611 166.033114 0.000000 0.000000 0.000000 0.000000 
166.041176 166.027643 166.017853 166.013821 166.012382 166.012382 166.014109 166.018141 166.024763 166.035705 0.000000 0.000000 0.000000 0.000000 
166.040024 166.026491 166.016701 166.012670 166.011518 166.011518 166.013821 166.018428 166.026203 166.038009 0.000000 0.000000 0.000000 0.000000 
166.039160 166.025339 166.015549 166.011518 166.010654 166.010942 166.013821 166.019004 166.028507 166.041464 0.000000 0.000000 0.000000 0.000000 
166.038297 166.023899 166.014109 166.010654 166.010078 166.010654 166.014109 166.020156 166.030810 0.000000 0.000000 0.000000 0.000000 0.000000 
166.037721 166.022748 166.012958 166.009502 166.009214 166.010078 166.014109 166.021596 166.033977 0.000000 0.000000 0.000000 0.000000 0.000000 
166.036857 166.021308 166.011806 166.008638 166.008638 166.010078 166.014685 166.023611 166.037433 0.000000 0.000000 0.000000 0.000000 0.000000 
166.036569 166.020156 166.010366 166.007775 166.007775 166.009790 166.015549 166.026203 0.000000 0.000000 0.000000 0.000000 0.000000 0.000000 
166.036281 166.019004 166.009214 166.007199 166.007199 166.010078 166.016701 166.029658 0.000000 0.000000 0.000000 0.000000 0.000000 0.000000 
166.035705 166.017565 166.008062 166.006335 166.006623 166.010366 166.019004 166.033977 0.000000 0.000000 0.000000 0.000000 0.000000 0.000000 
166.035705 166.016701 166.006911 166.005759 166.006047 166.010942 166.022172 166.040312 0.000000 0.000000 0.000000 0.000000 0.000000 0.000000 
166.035417 166.016125 166.005759 166.004895 166.006047 166.012094 166.026203 0.000000 0.000000 0.000000 0.000000 0.000000 0.000000 0.000000 
166.035993 166.014685 166.004607 166.004031 166.006047 166.014397 166.032538 0.000000 0.000000 0.000000 0.000000 0.000000 0.000000 0.000000 
166.037721 166.013533 166.003743 166.003455 166.006335 166.018141 166.040312 0.000000 0.000000 0.000000 0.000000 0.000000 0.000000 0.000000 
166.040024 166.013245 166.002592 166.002592 166.007487 166.024475 0.000000 0.000000 0.000000 0.000000 0.000000 0.000000 0.000000 0.000000 
0.000000 166.012958 166.002016 166.002016 166.010366 166.033977 0.000000 0.000000 0.000000 0.000000 0.000000 0.000000 0.000000 0.000000 
0.000000 166.012958 166.001152 166.002016 166.016701 0.000000 0.000000 0.000000 0.000000 0.000000 0.000000 0.000000 0.000000 0.000000 
0.000000 166.014973 166.000576 166.002592 166.031098 0.000000 0.000000 0.000000 0.000000 0.000000 0.000000 0.000000 0.000000 0.000000 
0.000000 166.024475 166.000000 166.010942 0.000000 0.000000 0.000000 0.000000 0.000000 0.000000 0.000000 0.000000 0.000000 0.000000 
