test/output/constant/M3M480_S060_A000_WD315.0_WS010.0/M3M480_S060_A000_WD315.0_WS010.0_raz.asc
ncols         35
nrows         12
xllcorner     423303.990666
yllcorner     12747855.311160
cellsize      100.000000
NODATA_value  0.000000
0 0 0 0 0 0 0 0 0 0 0 0 0 0 0 0 0 0 0 0 0 0 0 0 271 291 280 276 285 285 53 0 0 0 0 
0 0 0 0 0 0 0 0 0 0 0 0 0 0 0 0 0 271 273 271 276 271 271 280 280 276 273 280 271 271 271 285 280 53 53 
0 0 0 0 0 0 0 0 0 0 0 0 285 268 280 271 271 276 268 268 276 271 276 273 271 276 273 271 271 266 266 257 257 65535 53 
0 0 0 0 0 0 0 0 0 280 271 271 271 276 268 268 268 280 276 276 268 268 268 276 271 257 257 257 257 257 257 253 250 147 147 
0 0 0 0 0 0 268 268 271 271 271 258 266 273 271 268 266 271 259 271 257 257 273 257 257 257 257 254 250 202 247 249 167 147 0 
0 0 0 0 268 271 268 263 280 268 266 271 273 265 271 257 257 271 257 257 257 257 257 257 257 257 247 247 247 186 245 100 0 0 0 
0 0 268 271 291 268 268 280 257 268 257 257 257 257 257 257 257 257 254 257 257 257 252 249 147 186 247 147 100 186 147 0 0 0 0 
0 271 263 268 268 257 257 257 257 257 257 257 257 257 257 257 257 257 257 252 247 250 147 247 249 249 186 147 0 0 0 0 0 0 0 
257 257 257 257 257 257 257 257 257 257 257 257 257 257 257 257 250 247 247 249 186 177 249 202 247 186 0 0 0 0 0 0 0 0 0 
260 257 257 257 254 257 257 257 257 257 254 257 257 257 247 186 247 247 249 214 249 202 186 0 0 0 0 0 0 0 0 0 0 0 0 
257 257 257 257 257 257 257 257 257 257 250 247 249 249 247 249 186 214 249 0 0 0 0 0 0 0 0 0 0 0 0 0 0 0 0 
0 257 257 257 257 254 252 250 250 247 186 247 247 249 249 0 0 0 0 0 0 0 0 0 0 0 0 0 0 0 0 0 0 0 0 
