test/output/constant/M3M480_S060_A000_WD315.0_WS010.0/M3M480_S060_A000_WD315.0_WS010.0_intensity.asc
ncols         35
nrows         12
xllcorner     423303.990666
yllcorner     12747855.311160
cellsize      100.000000
NODATA_value  0.000000
0 0 0 0 0 0 0 0 0 0 0 0 0 0 0 0 0 0 0 0 0 0 0 0 26298 7940 14379 18164 10937 10937 1116 0 0 0 0 
0 0 0 0 0 0 0 0 0 0 0 0 0 0 0 0 0 26298 22177 26298 18164 26298 26298 14379 14379 18164 22177 14379 26298 26298 26298 10937 14379 1116 1116 
0 0 0 0 0 0 0 0 0 0 0 0 10937 30403 14379 26298 26298 18164 30403 30403 18164 26298 18164 22177 26298 18164 22177 26298 26298 34366 34366 49470 49470 0 1116 
0 0 0 0 0 0 0 0 0 14379 26298 26298 26298 18164 30403 30403 30403 14379 18164 18164 30403 30403 30403 18164 26298 49470 49470 49470 49470 49470 49470 46081 40686 1344 1344 
0 0 0 0 0 0 30403 30403 26298 26298 26298 49196 34366 22177 26298 30403 34366 26298 48212 26298 49470 49470 22177 49470 49470 49470 49470 47893 40686 3391 33500 37267 1621 1344 0 
0 0 0 0 30403 26298 30403 41398 14379 30403 34366 26298 22177 38069 26298 49470 49470 26298 49470 49422 49470 49470 49470 49470 49470 49470 33500 33500 33500 2252 29502 1178 0 0 0 
0 0 30403 26298 7940 30403 30403 14379 49470 30403 49470 49470 49470 49470 49470 49470 49470 49470 47893 49470 49470 49470 43654 37267 1344 2252 33500 1344 1178 2252 1344 0 0 0 0 
0 26298 41398 30403 30403 49470 49470 49470 49470 49470 49470 49470 49470 49470 49470 49470 49470 49470 49470 43654 33500 40686 1344 33500 37267 37267 2252 1344 0 0 0 0 0 0 0 
49470 49470 49470 49422 49470 49470 49470 49470 49470 49470 49470 49470 49470 49470 49470 49470 40686 33500 33500 37267 2252 1881 37267 3391 33500 2252 0 0 0 0 0 0 0 0 0 
46548 49470 49470 49470 47893 49470 49470 49470 49470 49470 47893 49470 49470 49470 33500 2252 33500 33500 37267 5120 37267 3391 2252 0 0 0 0 0 0 0 0 0 0 0 0 
49470 49470 49470 49470 49470 49470 49470 49470 49470 49470 40686 33500 37267 37267 33500 37267 2252 5120 37267 0 0 0 0 0 0 0 0 0 0 0 0 0 0 0 0 
0 49470 49470 49470 49470 47893 43654 40686 40686 33500 2252 33500 33500 37267 37267 0 0 0 0 0 0 0 0 0 0 0 0 0 0 0 0 0 0 0 0 
