test/output/constant/M3M490_S060_A270_WD270.0_WS005.0/M3M490_S060_A270_WD270.0_WS005.0_arrival.asc
ncols         12
nrows         50
xllcorner     426403.990666
yllcorner     12748655.311160
cellsize      100.000000
NODATA_value  0.000000
0.000000 0.000000 0.000000 0.000000 0.000000 0.000000 0.000000 166.041057 166.041057 166.041057 0.000000 0.000000 
0.000000 0.000000 0.000000 0.000000 0.000000 0.000000 166.040718 166.040039 166.040039 166.040379 166.041667 0.000000 
0.000000 0.000000 0.000000 0.000000 0.000000 166.041667 166.040039 166.039361 166.039361 166.039700 166.041057 0.000000 
0.000000 0.000000 0.000000 0.000000 0.000000 166.040379 166.039022 166.038343 166.038343 166.039022 166.040718 0.000000 
0.000000 0.000000 0.000000 0.000000 0.000000 166.039361 166.038004 166.037664 166.037664 166.038343 166.040039 0.000000 
0.000000 0.000000 0.000000 0.000000 166.040718 166.038343 166.036986 166.036646 166.036646 166.037664 166.039361 0.000000 
0.000000 0.000000 0.000000 0.000000 166.039700 166.037325 166.035968 166.035968 166.035968 166.036986 166.039022 166.041667 
0.000000 0.000000 0.000000 166.041667 166.038682 166.036307 166.035289 166.034950 166.035289 166.036307 166.038343 166.041397 
0.000000 0.000000 0.000000 166.040379 166.037325 166.035289 166.034271 166.034271 166.034271 166.035628 166.038004 166.041397 
0.000000 0.000000 0.000000 166.039361 166.036307 166.034271 166.033253 166.033253 166.033592 166.035289 166.037664 166.041057 
0.000000 0.000000 0.000000 166.038004 166.035289 166.033253 166.032574 166.032574 166.032914 166.034610 166.036986 166.041057 
0.000000 0.000000 166.041057 166.036986 166.034271 166.032235 166.031557 166.031557 166.032235 166.033932 166.036646 166.041057 
0.000000 0.000000 166.039700 166.035968 166.032914 166.031217 166.030539 166.030539 166.031557 166.033592 166.036646 166.041057 
0.000000 0.000000 166.038682 166.034610 166.031896 166.030199 166.029860 166.029860 166.030878 166.032914 166.036307 166.041057 
0.000000 0.000000 166.037325 166.033592 166.030878 166.029181 166.028842 166.029181 166.030199 166.032574 166.036307 166.041057 
0.000000 166.041667 166.036307 166.032574 166.029860 166.028503 166.028163 166.028163 166.029860 166.032235 166.036307 166.041057 
0.000000 166.040379 166.035289 166.031217 166.028842 166.027485 166.027145 166.027485 166.029181 166.031896 166.036307 166.041397 
0.000000 166.039361 166.033932 166.030199 166.027485 166.026467 166.026467 166.026806 166.028503 166.031557 166.036307 166.041397 
0.000000 166.038004 166.032914 166.029181 166.026467 166.025449 166.025449 166.026127 166.028163 166.031557 166.036307 166.041397 
0.000000 166.036986 166.031557 166.027824 166.025788 166.024770 166.024770 166.025449 166.027824 166.031557 166.036307 0.000000 
0.000000 166.035628 166.030539 166.026806 166.024431 166.023752 166.023752 166.024770 166.027145 166.031557 166.036307 0.000000 
0.000000 166.034610 166.029181 166.025788 166.023413 166.023074 166.023074 166.024431 166.027145 166.031557 166.036646 0.000000 
166.041397 166.033253 166.028163 166.024431 166.022395 166.022056 166.022056 166.023752 166.026806 166.031557 166.036986 0.000000 
166.040379 166.032235 166.026806 166.023413 166.021377 166.021377 166.021377 166.023413 166.026806 166.031557 166.037664 0.000000 
166.039361 166.030878 166.025788 166.022395 166.020698 166.020359 166.020698 166.022734 166.026806 166.031557 166.038343 0.000000 
166.038682 166.029860 166.024431 166.021038 166.019680 166.019341 166.020020 166.022395 166.026467 166.031896 166.039361 0.000000 
166.037664 166.028503 166.023413 166.020020 166.018662 166.018662 166.019341 166.022056 166.026467 166.032235 166.040718 0.000000 
166.036646 166.027485 166.022056 166.019002 166.017645 166.017645 166.019002 166.022056 166.026806 166.032914 0.000000 0.000000 
166.035628 166.026127 166.021038 166.017984 166.016966 166.016966 166.018323 166.021716 166.026806 166.033932 0.000000 0.000000 
166.034610 166.025110 166.019680 166.016966 166.015948 166.016287 166.017984 166.021716 166.027145 166.035289 0.000000 0.000000 
166.033932 166.024092 166.018662 166.015948 166.015269 166.015269 166.017305 166.021716 166.027824 166.036986 0.000000 0.000000 
166.032914 166.022734 166.017305 166.014930 166.014251 166.014591 166.017305 166.022056 166.028842 166.038682 0.000000 0.000000 
166.032235 166.021716 166.016287 166.013573 166.013573 166.013912 166.016966 166.022056 166.029860 166.041057 0.000000 0.000000 
166.031217 166.020698 166.015269 166.012894 166.012555 166.013573 166.016966 166.022395 166.031557 0.000000 0.000000 0.000000 
166.030539 166.019680 166.013912 166.011876 166.011876 166.012894 166.016966 166.023413 166.033253 0.000000 0.000000 0.000000 
166.029521 166.018662 166.012894 166.010858 166.010858 166.012555 166.016966 166.024431 166.035968 0.000000 0.000000 0.000000 
166.028842 166.017305 166.011537 166.010180 166.010180 166.012215 166.017305 166.026127 166.038682 0.000000 0.000000 0.000000 
166.028163 166.016287 166.010519 166.009162 166.009162 166.012215 166.017984 166.028163 0.000000 0.000000 0.000000 0.000000 
166.027485 166.015269 166.009501 166.008483 166.008483 166.012215 166.019002 166.031217 0.000000 0.000000 0.000000 0.000000 
166.027485 166.014251 166.008144 166.007465 166.008144 166.012215 166.021038 166.034610 0.000000 0.000000 0.000000 0.000000 
166.027485 166.013233 166.007126 166.006447 166.007465 166.012555 166.023074 166.039700 0.000000 0.000000 0.000000 0.000000 
166.027145 166.012215 166.006108 166.005768 166.007465 166.013912 166.026467 0.000000 0.000000 0.000000 0.000000 0.000000 
166.027485 166.011537 166.005090 166.004750 166.007465 166.015609 166.031557 0.000000 0.000000 0.000000 0.000000 0.000000 
166.028503 166.010519 166.004072 166.004072 166.007465 166.018662 166.038343 0.000000 0.000000 0.000000 0.000000 0.000000 
166.029860 166.009840 166.003054 166.003054 166.008483 166.024092 0.000000 0.000000 0.000000 0.000000 0.000000 0.000000 
166.032574 166.009501 166.002375 166.002715 166.010519 166.030878 0.000000 0.000000 0.000000 0.000000 0.000000 0.000000 
166.039700 166.009840 166.001357 166.002715 166.016287 0.000000 0.000000 0.000000 0.000000 0.000000 0.000000 0.000000 
0.000000 166.010858 166.000679 166.003054 166.027145 0.000000 0.000000 0.000000 0.000000 0.000000 0.000000 0.000000 
0.000000 166.017984 166.000000 166.010519 0.000000 0.000000 0.000000 0.000000 0.000000 0.000000 0.000000 0.000000 
0.000000 0.000000 166.041667 0.000000 0.000000 0.000000 0.000000 0.000000 0.000000 0.000000 0.000000 0.000000 
