test/output/constant/M3M400_S060_A180_WD090.0_WS020.0/M3M400_S060_A180_WD090.0_WS020.0_arrival.asc
ncols         31
nrows         11
xllcorner     426403.990666
yllcorner     12748255.311160
cellsize      100.000000
NODATA_value  0.000000
0.000000 0.000000 0.000000 0.000000 0.000000 0.000000 0.000000 0.000000 166.039985 166.038195 166.037001 166.035808 166.035808 166.035211 166.035211 166.035808 166.035808 166.036405 166.036405 166.037598 166.038195 166.039389 166.039985 166.041179 0.000000 0.000000 0.000000 0.000000 0.000000 0.000000 0.000000 
0.000000 0.000000 0.000000 0.000000 166.040582 166.035808 166.032824 166.030437 166.028646 166.028050 166.028050 166.027453 166.027453 166.028050 166.028050 166.028646 166.029840 166.030437 166.031630 166.032824 166.034017 166.035211 166.036405 166.037598 166.038195 166.039389 166.040582 0.000000 0.000000 0.000000 0.000000 
0.000000 0.000000 166.037598 166.030437 166.026259 166.022678 166.020888 166.020291 166.019694 166.019694 166.020291 166.020291 166.020888 166.022082 166.023275 166.024469 166.025662 166.026856 166.028050 166.029243 166.030437 166.031630 166.032824 166.034017 166.035808 166.037001 166.038195 166.039389 166.041179 0.000000 0.000000 
0.000000 166.031034 166.021485 166.016114 166.013130 166.011936 166.011936 166.011936 166.012533 166.013726 166.014920 166.016114 166.017307 166.018501 166.019694 166.020888 166.022082 166.023872 166.025066 166.026259 166.028050 166.029243 166.030437 166.032227 166.033421 166.035211 166.036405 166.038195 166.039389 166.041179 0.000000 
166.031034 166.014920 166.005968 166.004178 166.004178 166.005371 166.006565 166.007758 166.008952 166.010742 166.011936 166.013130 166.014920 166.016114 166.017904 166.019098 166.020888 166.022082 166.023872 166.025066 166.026856 166.028050 166.029840 166.031034 166.032824 166.034017 166.035808 166.037001 166.038792 166.039985 166.041667 
166.028646 166.009549 166.000000 166.001194 166.002387 166.004178 166.005371 166.007162 166.008355 166.010146 166.011339 166.013130 166.014323 166.016114 166.017307 166.019098 166.020291 166.022082 166.023275 166.025066 166.026259 166.028050 166.029243 166.031034 166.032227 166.034017 166.035211 166.037001 166.038195 166.039985 166.041179 
166.031034 166.014920 166.005968 166.004178 166.004178 166.005371 166.006565 166.007758 166.008952 166.010742 166.011936 166.013130 166.014920 166.016114 166.017904 166.019098 166.020888 166.022082 166.023872 166.025066 166.026856 166.028050 166.029840 166.031034 166.032824 166.034017 166.035808 166.037001 166.038792 166.039985 166.041667 
0.000000 166.031034 166.021485 166.016114 166.013130 166.011936 166.011936 166.011936 166.012533 166.013726 166.014920 166.016114 166.017307 166.018501 166.019694 166.020888 166.022082 166.023872 166.025066 166.026259 166.028050 166.029243 166.030437 166.032227 166.033421 166.035211 166.036405 166.038195 166.039389 166.041179 0.000000 
0.000000 0.000000 166.037598 166.030437 166.026259 166.022678 166.020888 166.020291 166.019694 166.019694 166.020291 166.020291 166.020888 166.022082 166.023275 166.024469 166.025662 166.026856 166.028050 166.029243 166.030437 166.031630 166.032824 166.034017 166.035808 166.037001 166.038195 166.039389 166.041179 0.000000 0.000000 
0.000000 0.000000 0.000000 0.000000 166.040582 166.035808 166.032824 166.030437 166.028646 166.028050 166.028050 166.027453 166.027453 166.028050 166.028050 166.028646 166.029840 166.030437 166.031630 166.032824 166.034017 166.035211 166.036405 166.037598 166.038195 166.039389 166.040582 0.000000 0.000000 0.000000 0.000000 
0.000000 0.000000 0.000000 0.000000 0.000000 0.000000 0.000000 0.000000 166.039985 166.038195 166.037001 166.035808 166.035808 166.035211 166.035211 166.035808 166.035808 166.036405 166.036405 166.037598 166.038195 166.039389 166.039985 166.041179 0.000000 0.000000 0.000000 0.000000 0.000000 0.000000 0.000000 
