test/output/constant/M3M460_S060_A090_WD315.0_WS015.0/M3M460_S060_A090_WD315.0_WS015.0_arrival.asc
ncols         11
nrows         38
xllcorner     426503.990666
yllcorner     12745055.311160
cellsize      100.000000
NODATA_value  0.000000
0.000000 166.000000 166.012949 0.000000 0.000000 0.000000 0.000000 0.000000 0.000000 0.000000 0.000000 
166.031942 166.000863 166.002590 166.035395 0.000000 0.000000 0.000000 0.000000 0.000000 0.000000 0.000000 
166.029784 166.001727 166.002590 166.016834 0.000000 0.000000 0.000000 0.000000 0.000000 0.000000 0.000000 
166.030647 166.003022 166.003022 166.009496 166.037122 0.000000 0.000000 0.000000 0.000000 0.000000 0.000000 
166.031510 166.005180 166.004316 166.007338 166.024172 0.000000 0.000000 0.000000 0.000000 0.000000 0.000000 
166.034532 166.007338 166.005180 166.006906 166.016834 0.000000 0.000000 0.000000 0.000000 0.000000 0.000000 
166.037122 166.009928 166.006475 166.006906 166.013381 166.031510 0.000000 0.000000 0.000000 0.000000 0.000000 
166.039712 166.012518 166.007338 166.007338 166.011654 166.024604 0.000000 0.000000 0.000000 0.000000 0.000000 
0.000000 166.015539 166.008633 166.008633 166.011223 166.020287 166.039712 0.000000 0.000000 0.000000 0.000000 
0.000000 166.018129 166.010360 166.009928 166.011223 166.017698 166.031942 0.000000 0.000000 0.000000 0.000000 
0.000000 166.020719 166.012518 166.010791 166.011223 166.016403 166.027194 0.000000 0.000000 0.000000 0.000000 
0.000000 166.023741 166.014676 166.012086 166.012086 166.015539 166.024172 166.039712 0.000000 0.000000 0.000000 
0.000000 166.026762 166.016834 166.012949 166.012949 166.015539 166.022014 166.034963 0.000000 0.000000 0.000000 
0.000000 166.029784 166.019424 166.014676 166.014244 166.015539 166.021151 166.031079 0.000000 0.000000 0.000000 
0.000000 166.032374 166.021582 166.015971 166.015108 166.015971 166.020287 166.028489 0.000000 0.000000 0.000000 
0.000000 166.035395 166.024172 166.018129 166.016403 166.016403 166.019856 166.026762 166.037985 0.000000 0.000000 
0.000000 166.038417 166.026762 166.019856 166.017698 166.017698 166.019856 166.025899 166.034963 0.000000 0.000000 
0.000000 166.041438 166.029352 166.022014 166.018992 166.018561 166.020287 166.025036 166.032805 0.000000 0.000000 
0.000000 0.000000 166.031942 166.024172 166.020287 166.019856 166.020719 166.024604 166.031510 0.000000 0.000000 
0.000000 0.000000 166.034532 166.026330 166.022014 166.020719 166.021151 166.024604 166.030215 166.039280 0.000000 
0.000000 0.000000 166.037553 166.028920 166.023741 166.022014 166.022014 166.024604 166.029352 166.037122 0.000000 
0.000000 0.000000 166.040143 166.031079 166.025467 166.023309 166.023309 166.024604 166.028920 166.035827 0.000000 
0.000000 0.000000 0.000000 166.033669 166.027625 166.024604 166.024172 166.025036 166.028920 166.034963 0.000000 
0.000000 0.000000 0.000000 166.035827 166.029352 166.025899 166.025467 166.025899 166.028920 166.034100 166.041667 
0.000000 0.000000 0.000000 166.038417 166.031510 166.027625 166.026330 166.026762 166.028920 166.033669 166.040575 
0.000000 0.000000 0.000000 166.041007 166.033669 166.029352 166.027625 166.027625 166.028920 166.033237 166.039712 
0.000000 0.000000 0.000000 0.000000 166.035827 166.031079 166.028920 166.028920 166.029784 166.033237 166.038417 
0.000000 0.000000 0.000000 0.000000 166.038417 166.032805 166.030215 166.029784 166.030215 166.033237 166.037985 
0.000000 0.000000 0.000000 0.000000 166.040575 166.034963 166.031510 166.031079 166.031079 166.033669 166.037553 
0.000000 0.000000 0.000000 0.000000 0.000000 166.037122 166.033237 166.031942 166.031942 166.033669 166.037553 
0.000000 0.000000 0.000000 0.000000 0.000000 166.038848 166.034963 166.033237 166.033237 166.034532 166.037553 
0.000000 0.000000 0.000000 0.000000 0.000000 166.041007 166.036690 166.034532 166.034532 166.034963 166.037985 
0.000000 0.000000 0.000000 0.000000 0.000000 0.000000 166.038417 166.035827 166.035395 166.035827 166.037985 
0.000000 0.000000 0.000000 0.000000 0.000000 0.000000 166.040575 166.037553 166.036690 166.036690 166.038417 
0.000000 0.000000 0.000000 0.000000 0.000000 0.000000 0.000000 166.038848 166.037553 166.037553 166.038848 
0.000000 0.000000 0.000000 0.000000 0.000000 0.000000 0.000000 166.040575 166.039280 166.038848 166.039712 
0.000000 0.000000 0.000000 0.000000 0.000000 0.000000 0.000000 0.000000 166.040143 166.039712 166.040143 
0.000000 0.000000 0.000000 0.000000 0.000000 0.000000 0.000000 0.000000 166.041438 166.041007 166.041007 
