test/output/constant/M485_S060_A000_WD045.0_WS005.0/M485_S060_A000_WD045.0_WS005.0_arrival.asc
ncols         27
nrows         8
xllcorner     424003.990666
yllcorner     12748255.311160
cellsize      100.000000
NODATA_value  0.000000
0.000000 0.000000 0.000000 0.000000 0.000000 0.000000 0.000000 0.000000 0.000000 0.000000 0.000000 0.000000 166.041667 166.040856 166.039599 166.038971 166.037713 166.037085 166.037085 166.037085 166.037085 166.038342 166.040228 0.000000 0.000000 0.000000 0.000000 
0.000000 0.000000 0.000000 0.000000 0.000000 0.000000 166.041485 166.039599 166.037713 166.035828 166.033942 166.032056 166.030171 166.028285 166.026399 166.024514 166.022628 166.020742 166.018857 166.016971 166.015714 166.014457 166.013200 166.013200 166.013200 166.014457 166.025771 
0.000000 0.000000 166.041667 166.040228 166.038342 166.036456 166.034571 166.032685 166.030799 166.028914 166.027028 166.025142 166.023257 166.021371 166.019485 166.017600 166.015714 166.014457 166.012571 166.010685 166.009428 166.007543 166.005657 166.004400 166.002514 166.001257 166.000000 
0.000000 166.040228 166.038342 166.036456 166.035199 166.033314 166.031428 166.030171 166.028285 166.026399 166.025142 166.023257 166.022000 166.020114 166.018228 166.016971 166.015085 166.013828 166.011943 166.010685 166.008800 166.007543 166.006286 166.005028 166.005028 166.005657 166.016971 
166.040856 166.038971 166.037713 166.035828 166.034571 166.032685 166.031428 166.029542 166.028285 166.026399 166.025142 166.023257 166.022000 166.020114 166.018857 166.017600 166.016343 166.015714 166.015085 166.014457 166.014457 166.014457 166.015714 166.018857 166.027028 0.000000 0.000000 
166.040856 166.038971 166.037713 166.035828 166.034571 166.033314 166.032056 166.030799 166.029542 166.028285 166.027028 166.025771 166.025142 166.024514 166.023885 166.023885 166.023257 166.023257 166.023885 166.025771 166.028285 166.032685 166.040228 0.000000 0.000000 0.000000 0.000000 
0.000000 166.040856 166.039599 166.038342 166.037713 166.036456 166.035199 166.034571 166.033942 166.033314 166.033314 166.032685 166.032685 166.032685 166.033314 166.033942 166.035828 166.038342 166.041485 0.000000 0.000000 0.000000 0.000000 0.000000 0.000000 0.000000 0.000000 
0.000000 0.000000 0.000000 0.000000 0.000000 0.000000 0.000000 0.000000 0.000000 166.041667 0.000000 0.000000 0.000000 0.000000 0.000000 0.000000 0.000000 0.000000 0.000000 0.000000 0.000000 0.000000 0.000000 0.000000 0.000000 0.000000 0.000000 
