test/output/constant/M3M4100_S060_A090_WD315.0_WS010.0/M3M4100_S060_A090_WD315.0_WS010.0_arrival.asc
ncols         14
nrows         61
xllcorner     426403.990666
yllcorner     12742755.311160
cellsize      100.000000
NODATA_value  0.000000
0.000000 166.023810 166.000000 166.010947 0.000000 0.000000 0.000000 0.000000 0.000000 0.000000 0.000000 0.000000 0.000000 0.000000 
0.000000 166.014505 166.000547 166.002463 166.029284 0.000000 0.000000 0.000000 0.000000 0.000000 0.000000 0.000000 0.000000 0.000000 
0.000000 166.012589 166.001095 166.001916 166.016147 0.000000 0.000000 0.000000 0.000000 0.000000 0.000000 0.000000 0.000000 0.000000 
0.000000 166.012316 166.001916 166.002189 166.010126 166.032842 0.000000 0.000000 0.000000 0.000000 0.000000 0.000000 0.000000 0.000000 
166.039136 166.012589 166.002463 166.002463 166.007116 166.023810 0.000000 0.000000 0.000000 0.000000 0.000000 0.000000 0.000000 0.000000 
166.036126 166.013137 166.003284 166.003284 166.006021 166.017789 166.039684 0.000000 0.000000 0.000000 0.000000 0.000000 0.000000 0.000000 
166.035031 166.014231 166.004379 166.003832 166.005747 166.014231 166.031200 0.000000 0.000000 0.000000 0.000000 0.000000 0.000000 0.000000 
166.034484 166.015052 166.005474 166.004653 166.005747 166.011768 166.025726 0.000000 0.000000 0.000000 0.000000 0.000000 0.000000 0.000000 
166.034210 166.015873 166.006568 166.005474 166.006021 166.010400 166.021621 166.039136 0.000000 0.000000 0.000000 0.000000 0.000000 0.000000 
166.034210 166.016968 166.007663 166.006021 166.006295 166.009852 166.018610 166.033389 0.000000 0.000000 0.000000 0.000000 0.000000 0.000000 
166.034484 166.018063 166.008758 166.006842 166.006842 166.009579 166.016421 166.029284 0.000000 0.000000 0.000000 0.000000 0.000000 0.000000 
166.035031 166.019158 166.009852 166.007389 166.007389 166.009579 166.015052 166.025726 166.041052 0.000000 0.000000 0.000000 0.000000 0.000000 
166.036126 166.020526 166.010947 166.008210 166.008210 166.009579 166.013958 166.022989 166.036673 0.000000 0.000000 0.000000 0.000000 0.000000 
166.036673 166.021621 166.012316 166.009305 166.008758 166.009852 166.013684 166.020800 166.033115 0.000000 0.000000 0.000000 0.000000 0.000000 
166.036947 166.022715 166.013410 166.009852 166.009579 166.010126 166.013410 166.019431 166.030105 0.000000 0.000000 0.000000 0.000000 0.000000 
166.037768 166.024084 166.014505 166.010947 166.010126 166.010674 166.013410 166.018610 166.027642 166.040778 0.000000 0.000000 0.000000 0.000000 
166.038589 166.025179 166.015873 166.012042 166.010947 166.010947 166.013410 166.017789 166.025452 166.037220 0.000000 0.000000 0.000000 0.000000 
166.039410 166.026273 166.016968 166.012863 166.011495 166.011768 166.013410 166.017516 166.024084 166.034484 0.000000 0.000000 0.000000 0.000000 
166.040505 166.027642 166.018063 166.013958 166.012316 166.012316 166.013684 166.017242 166.022989 166.032021 0.000000 0.000000 0.000000 0.000000 
166.041326 166.028736 166.019431 166.015052 166.013137 166.013137 166.013958 166.017242 166.022168 166.030105 166.041599 0.000000 0.000000 0.000000 
0.000000 166.029831 166.020526 166.016147 166.013958 166.013684 166.014505 166.016968 166.021621 166.028736 166.038863 0.000000 0.000000 0.000000 
0.000000 166.031200 166.021621 166.016968 166.014779 166.014505 166.014779 166.016968 166.021347 166.027368 166.036673 0.000000 0.000000 0.000000 
0.000000 166.032294 166.022715 166.018063 166.015600 166.015052 166.015326 166.017242 166.021073 166.026547 166.034757 0.000000 0.000000 0.000000 
0.000000 166.033389 166.024084 166.019158 166.016421 166.015873 166.015873 166.017516 166.021073 166.025726 166.033115 0.000000 0.000000 0.000000 
0.000000 166.034757 166.025179 166.020252 166.017516 166.016421 166.016421 166.017789 166.020800 166.025452 166.032021 166.041326 0.000000 0.000000 
0.000000 166.035852 166.026547 166.021621 166.018610 166.017242 166.017242 166.018063 166.020800 166.025179 166.030926 166.039410 0.000000 0.000000 
0.000000 166.037220 166.027642 166.022715 166.019431 166.017789 166.017789 166.018610 166.020800 166.024905 166.030105 166.037768 0.000000 0.000000 
0.000000 166.038315 166.028736 166.023810 166.020526 166.018884 166.018610 166.019158 166.021073 166.024905 166.029557 166.036673 0.000000 0.000000 
0.000000 166.039410 166.030105 166.024905 166.021347 166.019431 166.019158 166.019431 166.021347 166.024631 166.029284 166.035578 0.000000 0.000000 
0.000000 166.040778 166.031200 166.026000 166.022442 166.020252 166.019979 166.019979 166.021621 166.024631 166.029010 166.034484 0.000000 0.000000 
0.000000 0.000000 166.032294 166.027368 166.023536 166.021347 166.020800 166.020800 166.021894 166.024631 166.028736 166.033936 166.041052 0.000000 
0.000000 0.000000 166.033389 166.028463 166.024631 166.022168 166.021347 166.021347 166.022442 166.024631 166.028736 166.033389 166.039957 0.000000 
0.000000 0.000000 166.034757 166.029557 166.025726 166.022989 166.022168 166.022168 166.022715 166.024905 166.028463 166.033115 166.039136 0.000000 
0.000000 0.000000 166.035852 166.030652 166.026547 166.024084 166.022715 166.022715 166.023263 166.025179 166.028463 166.032842 166.038315 0.000000 
0.000000 0.000000 166.037220 166.032021 166.027642 166.025179 166.023536 166.023536 166.023810 166.025452 166.028189 166.032568 166.037494 0.000000 
0.000000 0.000000 166.038315 166.033115 166.028736 166.026000 166.024358 166.024084 166.024358 166.025726 166.028463 166.032568 166.037220 0.000000 
0.000000 0.000000 166.039410 166.034210 166.029831 166.027094 166.025179 166.024905 166.024905 166.026273 166.028463 166.032294 166.036947 0.000000 
0.000000 0.000000 166.040778 166.035578 166.030926 166.027915 166.026000 166.025452 166.025726 166.026547 166.028736 166.032021 166.036673 0.000000 
0.000000 0.000000 0.000000 166.036673 166.032021 166.029010 166.027094 166.026273 166.026273 166.027094 166.029010 166.032021 166.036399 166.041326 
0.000000 0.000000 0.000000 166.037768 166.033115 166.030105 166.027915 166.026821 166.026821 166.027642 166.029284 166.032021 166.036399 166.041052 
0.000000 0.000000 0.000000 166.038863 166.034210 166.030926 166.028736 166.027642 166.027642 166.028189 166.029557 166.032294 166.036126 166.040778 
0.000000 0.000000 0.000000 166.040231 166.035305 166.032021 166.029831 166.028463 166.028189 166.028463 166.030105 166.032568 166.035852 166.040505 
0.000000 0.000000 0.000000 166.041326 166.036673 166.033115 166.030652 166.029284 166.029010 166.029010 166.030378 166.032568 166.035852 166.040231 
0.000000 0.000000 0.000000 0.000000 166.037768 166.034210 166.031473 166.030105 166.029831 166.029831 166.030926 166.032842 166.035852 166.040231 
0.000000 0.000000 0.000000 0.000000 166.038863 166.035031 166.032568 166.030926 166.030378 166.030378 166.031200 166.033115 166.035852 166.039957 
0.000000 0.000000 0.000000 0.000000 166.039957 166.036126 166.033663 166.031747 166.031200 166.031200 166.031747 166.033663 166.036126 166.039684 
0.000000 0.000000 0.000000 0.000000 166.041052 166.037220 166.034484 166.032568 166.031747 166.031747 166.032294 166.033936 166.036399 166.039684 
0.000000 0.000000 0.000000 0.000000 0.000000 166.038315 166.035578 166.033389 166.032568 166.032568 166.032842 166.034210 166.036399 166.039684 
0.000000 0.000000 0.000000 0.000000 0.000000 166.039410 166.036673 166.034484 166.033115 166.033115 166.033389 166.034757 166.036673 166.039684 
0.000000 0.000000 0.000000 0.000000 0.000000 166.040231 166.037494 166.035305 166.034210 166.033936 166.033936 166.035031 166.037220 166.039684 
0.000000 0.000000 0.000000 0.000000 0.000000 166.041326 166.038589 166.036126 166.035031 166.034484 166.034757 166.035578 166.037494 166.039957 
0.000000 0.000000 0.000000 0.000000 0.000000 0.000000 166.039410 166.037220 166.035852 166.035305 166.035305 166.036126 166.037768 166.040231 
0.000000 0.000000 0.000000 0.000000 0.000000 0.000000 166.040505 166.038042 166.036673 166.035852 166.035852 166.036399 166.038042 166.040231 
0.000000 0.000000 0.000000 0.000000 0.000000 0.000000 166.041599 166.039136 166.037220 166.036673 166.036673 166.036947 166.038315 166.040505 
0.000000 0.000000 0.000000 0.000000 0.000000 0.000000 0.000000 166.039957 166.038315 166.037494 166.037494 166.037494 166.038863 166.040778 
0.000000 0.000000 0.000000 0.000000 0.000000 0.000000 0.000000 166.041052 166.039136 166.038042 166.038042 166.038042 166.039410 166.041326 
0.000000 0.000000 0.000000 0.000000 0.000000 0.000000 0.000000 0.000000 166.039957 166.038863 166.038863 166.038863 166.039957 166.041599 
0.000000 0.000000 0.000000 0.000000 0.000000 0.000000 0.000000 0.000000 166.041052 166.039684 166.039410 166.039684 166.040231 0.000000 
0.000000 0.000000 0.000000 0.000000 0.000000 0.000000 0.000000 0.000000 166.041667 166.040505 166.040231 166.040231 166.040778 0.000000 
0.000000 0.000000 0.000000 0.000000 0.000000 0.000000 0.000000 0.000000 0.000000 166.041326 166.040778 166.040778 166.041326 0.000000 
0.000000 0.000000 0.000000 0.000000 0.000000 0.000000 0.000000 0.000000 0.000000 0.000000 166.041599 166.041599 0.000000 0.000000 
