test/output/constant/M3M4100_S060_A090_WD315.0_WS010.0/M3M4100_S060_A090_WD315.0_WS010.0_ros.asc
ncols         14
nrows         61
xllcorner     426403.990666
yllcorner     12742755.311160
cellsize      100.000000
NODATA_value  0.000000
0.000000 0.541022 0.000000 0.726093 0.000000 0.000000 0.000000 0.000000 0.000000 0.000000 0.000000 0.000000 0.000000 0.000000 
0.000000 20.804705 101.101562 69.340523 0.726093 0.000000 0.000000 0.000000 0.000000 0.000000 0.000000 0.000000 0.000000 0.000000 
0.000000 36.120144 101.101562 98.453819 69.340523 0.000000 0.000000 0.000000 0.000000 0.000000 0.000000 0.000000 0.000000 0.000000 
0.000000 28.110661 101.101562 94.954742 69.340523 1.088814 0.000000 0.000000 0.000000 0.000000 0.000000 0.000000 0.000000 0.000000 
0.541022 53.262913 101.101562 94.954742 69.340523 69.340523 0.000000 0.000000 0.000000 0.000000 0.000000 0.000000 0.000000 0.000000 
36.120144 28.110661 90.684875 101.101562 69.340523 1.307963 1.307963 0.000000 0.000000 0.000000 0.000000 0.000000 0.000000 0.000000 
28.110661 53.262913 98.735313 101.101562 98.453819 61.009018 69.340523 0.000000 0.000000 0.000000 0.000000 0.000000 0.000000 0.000000 
28.110661 53.262913 101.101562 101.101562 100.939926 77.124977 69.340523 0.000000 0.000000 0.000000 0.000000 0.000000 0.000000 0.000000 
20.804705 61.875633 20.804705 101.101562 101.101562 69.340523 69.340523 2.595374 0.000000 0.000000 0.000000 0.000000 0.000000 0.000000 
28.110661 61.875633 84.793289 101.101562 101.101562 90.129791 69.340523 61.009018 0.000000 0.000000 0.000000 0.000000 0.000000 0.000000 
61.875633 53.262913 90.684875 101.101562 101.101562 98.453819 69.340523 69.340523 0.000000 0.000000 0.000000 0.000000 0.000000 0.000000 
20.804705 53.262913 61.875633 101.101562 101.101562 101.101562 69.340523 69.340523 69.340523 0.000000 0.000000 0.000000 0.000000 0.000000 
28.110661 20.804705 77.883911 101.101562 101.101562 98.453819 69.340523 77.124977 69.340523 0.000000 0.000000 0.000000 0.000000 0.000000 
28.110661 28.110661 90.684875 20.804705 101.101562 101.101562 98.453819 69.340523 69.340523 0.000000 0.000000 0.000000 0.000000 0.000000 
53.262913 61.875633 70.166565 100.649734 101.101562 101.101562 94.954742 69.340523 69.340523 0.000000 0.000000 0.000000 0.000000 0.000000 
28.110661 20.804705 77.883911 101.101562 101.101562 101.101562 101.101562 98.453819 0.726093 61.009018 0.000000 0.000000 0.000000 0.000000 
53.262913 77.883911 44.589958 53.262913 101.101562 101.101562 77.124977 94.954742 77.124977 77.124977 0.000000 0.000000 0.000000 0.000000 
61.875633 61.875633 84.793289 101.101562 101.101562 101.101562 101.101562 94.954742 77.124977 69.340523 0.000000 0.000000 0.000000 0.000000 
53.262913 84.793289 53.262913 101.101562 101.101562 100.520615 101.101562 94.954742 69.340523 69.340523 0.000000 0.000000 0.000000 0.000000 
28.110661 61.875633 36.120144 101.101562 101.101562 101.101562 90.129791 101.101562 98.453819 69.340523 69.340523 0.000000 0.000000 0.000000 
0.000000 53.262913 77.883911 28.110661 101.101562 101.101562 90.129791 90.129791 90.129791 69.340523 69.340523 0.000000 0.000000 0.000000 
0.000000 77.883911 84.793289 84.793289 98.735313 101.101562 101.101562 100.520615 94.954742 69.340523 69.340523 0.000000 0.000000 0.000000 
0.000000 61.875633 61.875633 95.379738 101.101562 101.101562 94.954742 101.101562 98.453819 69.340523 69.340523 0.000000 0.000000 0.000000 
0.000000 61.875633 84.793289 90.684875 70.166565 101.101562 101.101562 101.101562 101.101562 69.340523 77.124977 0.000000 0.000000 0.000000 
0.000000 77.883911 61.875633 77.883911 101.101562 101.101562 101.101562 101.101562 84.125687 94.954742 69.340523 77.124977 0.000000 0.000000 
0.000000 61.875633 36.120144 44.589958 101.101562 101.101562 101.101562 101.101562 77.124977 98.453819 69.340523 69.340523 0.000000 0.000000 
0.000000 36.120144 84.793289 28.110661 101.101562 101.101562 94.954742 101.101562 100.520615 98.453819 77.124977 69.340523 0.000000 0.000000 
0.000000 70.166565 61.875633 77.883911 101.101562 101.101562 101.101562 101.101562 101.101562 101.101562 98.453819 69.340523 0.000000 0.000000 
0.000000 53.262913 20.804705 84.793289 90.684875 101.101562 101.101562 101.101562 101.101562 100.939926 94.954742 77.124977 0.000000 0.000000 
0.000000 36.120144 20.804705 61.875633 95.379738 100.649734 101.101562 101.101562 101.101562 101.101562 90.129791 69.340523 0.000000 0.000000 
0.000000 0.000000 70.166565 90.684875 101.101562 101.101562 101.101562 101.101562 100.939926 90.129791 98.453819 90.129791 69.340523 0.000000 
0.000000 0.000000 61.875633 95.379738 101.101562 101.101562 101.101562 101.101562 101.101562 98.453819 101.101562 100.939926 69.340523 0.000000 
0.000000 0.000000 84.793289 70.166565 44.589958 90.684875 101.101562 101.101562 101.101562 98.453819 100.939926 90.129791 94.954742 0.000000 
0.000000 0.000000 61.875633 70.166565 90.684875 101.101562 101.101562 101.101562 101.101562 101.101562 101.101562 94.954742 101.101562 0.000000 
0.000000 0.000000 44.589958 36.120144 90.684875 36.120144 101.101562 101.101562 101.101562 101.101562 90.129791 98.453819 69.340523 0.000000 
0.000000 0.000000 70.166565 77.883911 101.004662 101.101562 101.101562 101.101562 101.101562 98.453819 84.125687 101.101562 94.954742 0.000000 
0.000000 0.000000 53.262913 77.883911 101.101562 101.101562 70.166565 101.101562 94.954742 101.101562 94.954742 98.453819 94.954742 0.000000 
0.000000 0.000000 36.120144 44.589958 53.262913 95.379738 101.101562 101.101562 101.101562 100.939926 90.129791 84.125687 94.954742 0.000000 
0.000000 0.000000 0.000000 28.110661 36.120144 101.101562 101.101562 101.101562 101.101562 101.101562 101.101562 94.954742 98.453819 90.129791 
0.000000 0.000000 0.000000 77.883911 84.793289 44.589958 36.120144 101.101562 101.101562 98.453819 100.520615 90.129791 101.101562 90.129791 
0.000000 0.000000 0.000000 61.875633 90.684875 84.793289 101.101562 101.101562 101.101562 101.101562 90.129791 94.954742 98.453819 100.520615 
0.000000 0.000000 0.000000 20.804705 77.883911 98.735313 101.101562 101.101562 101.101562 101.101562 90.129791 101.101562 90.129791 94.954742 
0.000000 0.000000 0.000000 95.379738 44.589958 101.101562 101.101562 101.101562 101.101562 101.101562 101.101562 101.101562 100.939926 98.453819 
0.000000 0.000000 0.000000 0.000000 36.120144 101.101562 70.166565 101.101562 101.101562 101.101562 101.101562 100.520615 101.101562 101.101562 
0.000000 0.000000 0.000000 0.000000 95.379738 77.883911 101.101562 101.101562 101.101562 101.101562 101.101562 98.453819 101.101562 98.453819 
0.000000 0.000000 0.000000 0.000000 70.166565 90.684875 101.101562 101.101562 101.101562 101.101562 101.101562 101.101562 101.101562 84.125687 
0.000000 0.000000 0.000000 0.000000 77.883911 98.735313 101.004662 84.793289 101.101562 101.101562 101.101562 101.101562 77.124977 101.101562 
0.000000 0.000000 0.000000 0.000000 0.000000 101.101562 101.101562 101.101562 101.101562 98.453819 100.520615 90.129791 98.453819 101.101562 
0.000000 0.000000 0.000000 0.000000 0.000000 101.101562 44.589958 44.589958 98.735313 101.101562 101.101562 101.101562 98.453819 77.124977 
0.000000 0.000000 0.000000 0.000000 0.000000 77.883911 101.101562 77.883911 101.101562 101.101562 101.101562 101.101562 101.101562 101.101562 
0.000000 0.000000 0.000000 0.000000 0.000000 84.793289 101.004662 100.649734 101.101562 101.101562 101.101562 101.101562 101.101562 101.101562 
0.000000 0.000000 0.000000 0.000000 0.000000 0.000000 98.735313 101.101562 101.101562 101.101562 90.129791 101.101562 101.101562 77.124977 
0.000000 0.000000 0.000000 0.000000 0.000000 0.000000 95.379738 95.379738 44.589958 100.649734 101.101562 101.101562 94.954742 90.129791 
0.000000 0.000000 0.000000 0.000000 0.000000 0.000000 101.101562 101.101562 98.735313 101.101562 101.101562 94.954742 98.453819 84.125687 
0.000000 0.000000 0.000000 0.000000 0.000000 0.000000 0.000000 84.793289 101.101562 101.101562 101.101562 94.954742 94.954742 101.101562 
0.000000 0.000000 0.000000 0.000000 0.000000 0.000000 0.000000 100.649734 101.101562 101.101562 101.101562 101.101562 100.520615 90.129791 
0.000000 0.000000 0.000000 0.000000 0.000000 0.000000 0.000000 0.000000 101.004662 101.101562 94.954742 101.101562 101.101562 101.101562 
0.000000 0.000000 0.000000 0.000000 0.000000 0.000000 0.000000 0.000000 101.101562 101.101562 101.101562 101.101562 101.101562 0.000000 
0.000000 0.000000 0.000000 0.000000 0.000000 0.000000 0.000000 0.000000 77.883911 101.101562 101.101562 101.101562 101.101562 0.000000 
0.000000 0.000000 0.000000 0.000000 0.000000 0.000000 0.000000 0.000000 0.000000 101.101562 101.101562 100.520615 101.101562 0.000000 
0.000000 0.000000 0.000000 0.000000 0.000000 0.000000 0.000000 0.000000 0.000000 0.000000 101.101562 101.101562 0.000000 0.000000 
