test/output/constant/M185_S060_A000_WD090.0_WS020.0/M185_S060_A000_WD090.0_WS020.0_arrival.asc
ncols         35
nrows         7
xllcorner     423203.990666
yllcorner     12748455.311160
cellsize      100.000000
NODATA_value  0.000000
0.000000 0.000000 0.000000 0.000000 0.000000 0.000000 0.000000 0.000000 0.000000 0.000000 166.041432 166.040457 166.039482 166.038995 166.038507 166.038020 166.038020 166.038020 166.038507 166.038995 166.039482 166.039970 166.040944 0.000000 0.000000 0.000000 0.000000 0.000000 0.000000 0.000000 0.000000 0.000000 0.000000 0.000000 0.000000 
0.000000 0.000000 0.000000 166.041432 166.039970 166.038995 166.038020 166.036558 166.035583 166.034608 166.033633 166.032171 166.031196 166.030221 166.029733 166.028759 166.027784 166.026809 166.026321 166.025347 166.024372 166.023884 166.022909 166.022909 166.022909 166.023397 166.023884 166.024859 166.026809 166.029733 166.034120 0.000000 0.000000 0.000000 0.000000 
0.000000 166.040944 166.039482 166.038507 166.037045 166.036070 166.034608 166.033633 166.032171 166.031196 166.029733 166.028759 166.027296 166.026321 166.024859 166.023884 166.022422 166.021447 166.019985 166.019010 166.018035 166.016573 166.015598 166.014136 166.013161 166.012186 166.011211 166.010236 166.009261 166.008286 166.007799 166.007799 166.008774 166.013648 166.035583 
166.040944 166.039970 166.038507 166.037532 166.036070 166.035095 166.033633 166.032658 166.031196 166.030221 166.028759 166.027784 166.026321 166.025347 166.023884 166.022909 166.021447 166.020472 166.019010 166.018035 166.016573 166.015598 166.014136 166.013161 166.011698 166.010724 166.009261 166.008286 166.006824 166.005849 166.004387 166.003412 166.001950 166.000975 166.000000 
0.000000 166.040944 166.039482 166.038507 166.037045 166.036070 166.034608 166.033633 166.032171 166.031196 166.029733 166.028759 166.027296 166.026321 166.024859 166.023884 166.022422 166.021447 166.019985 166.019010 166.018035 166.016573 166.015598 166.014136 166.013161 166.012186 166.011211 166.010236 166.009261 166.008286 166.007799 166.007799 166.008774 166.013648 166.035583 
0.000000 0.000000 0.000000 166.041432 166.039970 166.038995 166.038020 166.036558 166.035583 166.034608 166.033633 166.032171 166.031196 166.030221 166.029733 166.028759 166.027784 166.026809 166.026321 166.025347 166.024372 166.023884 166.022909 166.022909 166.022909 166.023397 166.023884 166.024859 166.026809 166.029733 166.034120 0.000000 0.000000 0.000000 0.000000 
0.000000 0.000000 0.000000 0.000000 0.000000 0.000000 0.000000 0.000000 0.000000 0.000000 166.041432 166.040457 166.039482 166.038995 166.038507 166.038020 166.038020 166.038020 166.038507 166.038995 166.039482 166.039970 166.040944 0.000000 0.000000 0.000000 0.000000 0.000000 0.000000 0.000000 0.000000 0.000000 0.000000 0.000000 0.000000 
