test/output/constant/M365_S060_A270_WD180.0_WS030.0/M365_S060_A270_WD180.0_WS030.0_arrival.asc
ncols         7
nrows         48
xllcorner     426303.990666
yllcorner     12748755.311160
cellsize      100.000000
NODATA_value  0.000000
0.000000 0.000000 0.000000 166.041442 0.000000 0.000000 0.000000 
0.000000 0.000000 166.041088 166.040380 166.041088 0.000000 0.000000 
0.000000 0.000000 166.040380 166.039671 166.040380 0.000000 0.000000 
0.000000 0.000000 166.039317 166.038609 166.039317 0.000000 0.000000 
0.000000 166.041088 166.038609 166.037900 166.038609 166.041088 0.000000 
0.000000 166.040380 166.037900 166.036838 166.037900 166.040380 0.000000 
0.000000 166.039671 166.036838 166.036129 166.036838 166.039671 0.000000 
0.000000 166.038609 166.036129 166.035067 166.036129 166.038609 0.000000 
0.000000 166.037900 166.035067 166.034358 166.035067 166.037900 0.000000 
0.000000 166.037192 166.034358 166.033296 166.034358 166.037192 0.000000 
166.041667 166.036129 166.033296 166.032587 166.033296 166.036129 166.041667 
166.041088 166.035421 166.032587 166.031524 166.032587 166.035421 166.041088 
166.040380 166.034712 166.031524 166.030816 166.031524 166.034712 166.040380 
166.040025 166.033650 166.030816 166.029753 166.030816 166.033650 166.040025 
166.039317 166.032941 166.029753 166.029045 166.029753 166.032941 166.039317 
166.038609 166.032233 166.029045 166.027982 166.029045 166.032233 166.038609 
166.038254 166.031524 166.027982 166.027274 166.027982 166.031524 166.038254 
166.037546 166.030462 166.027274 166.026211 166.027274 166.030462 166.037546 
166.036838 166.029753 166.026566 166.025503 166.026566 166.029753 166.036838 
166.036483 166.029045 166.025503 166.024440 166.025503 166.029045 166.036483 
166.035775 166.028337 166.024795 166.023732 166.024795 166.028337 166.035775 
166.035067 166.027628 166.023732 166.022669 166.023732 166.027628 166.035067 
166.034712 166.026920 166.023024 166.021961 166.023024 166.026920 166.034712 
166.034358 166.026211 166.021961 166.020898 166.021961 166.026211 166.034358 
166.034358 166.025503 166.021252 166.020190 166.021252 166.025503 166.034358 
166.034358 166.024795 166.020190 166.019127 166.020190 166.024795 166.034358 
166.034712 166.024440 166.019481 166.018419 166.019481 166.024440 166.034712 
166.034712 166.023732 166.018773 166.017356 166.018773 166.023732 166.034712 
166.035067 166.023024 166.017710 166.016648 166.017710 166.023024 166.035067 
166.035775 166.022669 166.017002 166.015585 166.017002 166.022669 166.035775 
166.036129 166.021961 166.015939 166.014877 166.015939 166.021961 166.036129 
166.037192 166.021252 166.015231 166.013814 166.015231 166.021252 166.037192 
166.037900 166.020898 166.014523 166.013106 166.014523 166.020898 166.037900 
166.038963 166.020544 166.013460 166.012043 166.013460 166.020544 166.038963 
166.040734 166.020898 166.012751 166.011335 166.012751 166.020898 166.040734 
0.000000 166.020898 166.011689 166.010272 166.011689 166.020898 0.000000 
0.000000 166.021252 166.010980 166.009564 166.010980 166.021252 0.000000 
0.000000 166.021961 166.009918 166.008501 166.009918 166.021961 0.000000 
0.000000 166.023024 166.009209 166.007793 166.009209 166.023024 0.000000 
0.000000 166.024086 166.008855 166.006730 166.008855 166.024086 0.000000 
0.000000 166.025857 166.008147 166.006022 166.008147 166.025857 0.000000 
0.000000 166.028337 166.007438 166.004959 166.007438 166.028337 0.000000 
0.000000 166.032941 166.007084 166.004250 166.007084 166.032941 0.000000 
0.000000 166.039671 166.007084 166.003188 166.007084 166.039671 0.000000 
0.000000 0.000000 166.007793 166.002479 166.007793 0.000000 0.000000 
0.000000 0.000000 166.009564 166.001417 166.009564 0.000000 0.000000 
0.000000 0.000000 166.016294 166.000708 166.016294 0.000000 0.000000 
0.000000 0.000000 0.000000 166.000000 0.000000 0.000000 0.000000 
