test/output/constant/M3M460_S060_A270_WD135.0_WS015.0/M3M460_S060_A270_WD135.0_WS015.0_arrival.asc
ncols         11
nrows         38
xllcorner     425703.990666
yllcorner     12748755.311160
cellsize      100.000000
NODATA_value  0.000000
166.041007 166.041007 166.041438 0.000000 0.000000 0.000000 0.000000 0.000000 0.000000 0.000000 0.000000 
166.040143 166.039712 166.040143 0.000000 0.000000 0.000000 0.000000 0.000000 0.000000 0.000000 0.000000 
166.039712 166.038848 166.039280 166.040575 0.000000 0.000000 0.000000 0.000000 0.000000 0.000000 0.000000 
166.038848 166.037553 166.037553 166.038848 0.000000 0.000000 0.000000 0.000000 0.000000 0.000000 0.000000 
166.038417 166.036690 166.036690 166.037553 166.040575 0.000000 0.000000 0.000000 0.000000 0.000000 0.000000 
166.037985 166.035827 166.035395 166.035827 166.038417 0.000000 0.000000 0.000000 0.000000 0.000000 0.000000 
166.037985 166.034963 166.034532 166.034532 166.036690 166.041007 0.000000 0.000000 0.000000 0.000000 0.000000 
166.037553 166.034532 166.033237 166.033237 166.034963 166.038848 0.000000 0.000000 0.000000 0.000000 0.000000 
166.037553 166.033669 166.031942 166.031942 166.033237 166.037122 0.000000 0.000000 0.000000 0.000000 0.000000 
166.037553 166.033669 166.031079 166.031079 166.031510 166.034963 166.040575 0.000000 0.000000 0.000000 0.000000 
166.037985 166.033237 166.030215 166.029784 166.030215 166.032805 166.038417 0.000000 0.000000 0.000000 0.000000 
166.038417 166.033237 166.029784 166.028920 166.028920 166.031079 166.035827 0.000000 0.000000 0.000000 0.000000 
166.039712 166.033237 166.028920 166.027625 166.027625 166.029352 166.033669 166.041007 0.000000 0.000000 0.000000 
166.040575 166.033669 166.028920 166.026762 166.026330 166.027625 166.031510 166.038417 0.000000 0.000000 0.000000 
166.041667 166.034100 166.028920 166.025899 166.025467 166.025899 166.029352 166.035827 0.000000 0.000000 0.000000 
0.000000 166.034963 166.028920 166.025036 166.024172 166.024604 166.027625 166.033669 0.000000 0.000000 0.000000 
0.000000 166.035827 166.028920 166.024604 166.023309 166.023309 166.025467 166.031079 166.040143 0.000000 0.000000 
0.000000 166.037122 166.029352 166.024604 166.022014 166.022014 166.023741 166.028920 166.037553 0.000000 0.000000 
0.000000 166.039280 166.030215 166.024604 166.021151 166.020719 166.022014 166.026330 166.034532 0.000000 0.000000 
0.000000 0.000000 166.031510 166.024604 166.020719 166.019856 166.020287 166.024172 166.031942 0.000000 0.000000 
0.000000 0.000000 166.032805 166.025036 166.020287 166.018561 166.018992 166.022014 166.029352 166.041438 0.000000 
0.000000 0.000000 166.034963 166.025899 166.019856 166.017698 166.017698 166.019856 166.026762 166.038417 0.000000 
0.000000 0.000000 166.037985 166.026762 166.019856 166.016403 166.016403 166.018129 166.024172 166.035395 0.000000 
0.000000 0.000000 0.000000 166.028489 166.020287 166.015971 166.015108 166.015971 166.021582 166.032374 0.000000 
0.000000 0.000000 0.000000 166.031079 166.021151 166.015539 166.014244 166.014676 166.019424 166.029784 0.000000 
0.000000 0.000000 0.000000 166.034963 166.022014 166.015539 166.012949 166.012949 166.016834 166.026762 0.000000 
0.000000 0.000000 0.000000 166.039712 166.024172 166.015539 166.012086 166.012086 166.014676 166.023741 0.000000 
0.000000 0.000000 0.000000 0.000000 166.027194 166.016403 166.011223 166.010791 166.012518 166.020719 0.000000 
0.000000 0.000000 0.000000 0.000000 166.031942 166.017698 166.011223 166.009928 166.010360 166.018129 0.000000 
0.000000 0.000000 0.000000 0.000000 166.039712 166.020287 166.011223 166.008633 166.008633 166.015539 0.000000 
0.000000 0.000000 0.000000 0.000000 0.000000 166.024604 166.011654 166.007338 166.007338 166.012518 166.039712 
0.000000 0.000000 0.000000 0.000000 0.000000 166.031510 166.013381 166.006906 166.006475 166.009928 166.037122 
0.000000 0.000000 0.000000 0.000000 0.000000 0.000000 166.016834 166.006906 166.005180 166.007338 166.034532 
0.000000 0.000000 0.000000 0.000000 0.000000 0.000000 166.024172 166.007338 166.004316 166.005180 166.031510 
0.000000 0.000000 0.000000 0.000000 0.000000 0.000000 166.037122 166.009496 166.003022 166.003022 166.030647 
0.000000 0.000000 0.000000 0.000000 0.000000 0.000000 0.000000 166.016834 166.002590 166.001727 166.029784 
0.000000 0.000000 0.000000 0.000000 0.000000 0.000000 0.000000 166.035395 166.002590 166.000863 166.031942 
0.000000 0.000000 0.000000 0.000000 0.000000 0.000000 0.000000 0.000000 166.012949 166.000000 0.000000 
