test/output/constant/M395_S060_A000_WD045.0_WS015.0/M395_S060_A000_WD045.0_WS015.0_ros.asc
ncols         61
nrows         16
xllcorner     420603.990666
yllcorner     12747355.311160
cellsize      100.000000
NODATA_value  0.000000
0.000000 0.000000 0.000000 0.000000 0.000000 0.000000 0.000000 0.000000 0.000000 0.000000 0.000000 0.000000 0.000000 0.000000 0.000000 0.000000 0.000000 0.000000 0.000000 0.000000 0.000000 0.000000 0.000000 0.000000 0.000000 0.000000 0.000000 0.000000 0.000000 0.000000 0.000000 0.000000 0.000000 0.000000 0.000000 0.000000 0.000000 0.000000 0.000000 0.000000 0.000000 0.000000 0.000000 0.000000 28.776960 36.981728 45.645817 21.280355 36.981728 28.776960 36.981728 36.981728 21.280355 14.719502 45.645817 36.981728 28.776960 14.719502 21.280355 14.719502 0.404840 
0.000000 0.000000 0.000000 0.000000 0.000000 0.000000 0.000000 0.000000 0.000000 0.000000 0.000000 0.000000 0.000000 0.000000 0.000000 0.000000 0.000000 0.000000 0.000000 0.000000 0.000000 0.000000 0.000000 0.000000 0.000000 0.000000 0.000000 0.000000 0.000000 0.000000 0.000000 0.000000 0.000000 0.000000 45.645817 28.776960 36.981728 36.981728 21.280355 36.981728 21.280355 36.981728 28.776960 14.719502 36.981728 21.280355 45.645817 21.280355 36.981728 28.776960 36.981728 36.981728 28.776960 28.776960 28.776960 45.645817 36.981728 71.742989 103.005951 103.005951 -1.000000 
0.000000 0.000000 0.000000 0.000000 0.000000 0.000000 0.000000 0.000000 0.000000 0.000000 0.000000 0.000000 0.000000 0.000000 0.000000 0.000000 0.000000 0.000000 0.000000 0.000000 0.000000 0.000000 0.000000 0.000000 0.000000 0.000000 0.000000 0.000000 0.000000 45.645817 28.776960 36.981728 36.981728 28.776960 36.981728 21.280355 36.981728 36.981728 14.719502 28.776960 28.776960 71.742989 28.776960 36.981728 63.294315 21.280355 36.981728 14.719502 79.595818 45.645817 86.614365 45.645817 103.005951 103.005951 103.005951 103.005951 103.005951 103.005951 96.780762 5.144527 0.897488 
0.000000 0.000000 0.000000 0.000000 0.000000 0.000000 0.000000 0.000000 0.000000 0.000000 0.000000 0.000000 0.000000 0.000000 0.000000 0.000000 0.000000 0.000000 0.000000 0.000000 0.000000 0.000000 0.000000 0.000000 45.645817 21.280355 14.719502 45.645817 63.294315 54.506325 14.719502 36.981728 45.645817 28.776960 36.981728 79.595818 21.280355 79.595818 28.776960 36.981728 14.719502 97.327911 79.595818 63.294315 14.719502 21.280355 45.645817 36.981728 103.005951 103.005951 103.005951 103.005951 103.005951 103.005951 103.005951 78.612488 70.671173 78.612488 2.619001 1.238763 0.000000 
0.000000 0.000000 0.000000 0.000000 0.000000 0.000000 0.000000 0.000000 0.000000 0.000000 0.000000 0.000000 0.000000 0.000000 0.000000 0.000000 0.000000 0.000000 0.000000 0.000000 45.645817 14.719502 36.981728 54.506325 21.280355 36.981728 54.506325 14.719502 54.506325 21.280355 63.294315 21.280355 63.294315 71.742989 45.645817 71.742989 45.645817 79.595818 71.742989 36.981728 63.294315 45.645817 63.294315 103.005951 103.005951 103.005951 103.005951 103.005951 103.005951 103.005951 103.005951 85.750710 70.671173 5.144527 70.671173 1.238763 62.168232 2.619001 0.000000 0.000000 0.000000 
0.000000 0.000000 0.000000 0.000000 0.000000 0.000000 0.000000 0.000000 0.000000 0.000000 0.000000 0.000000 0.000000 0.000000 0.000000 0.000000 0.000000 28.776960 36.981728 63.294315 21.280355 36.981728 21.280355 79.595818 36.981728 45.645817 86.614365 45.645817 36.981728 79.595818 63.294315 36.981728 45.645817 63.294315 36.981728 45.645817 36.981728 103.005951 103.005951 103.005951 103.005951 103.005951 103.005951 103.005951 96.780762 96.780762 100.337196 78.612488 78.612488 0.563228 70.671173 70.671173 2.619001 70.671173 70.671173 62.168232 0.000000 0.000000 0.000000 0.000000 0.000000 
0.000000 0.000000 0.000000 0.000000 0.000000 0.000000 0.000000 0.000000 0.000000 0.000000 0.000000 0.000000 0.000000 21.280355 45.645817 45.645817 21.280355 71.742989 36.981728 45.645817 71.742989 45.645817 71.742989 45.645817 45.645817 86.614365 36.981728 36.981728 36.981728 63.294315 63.294315 103.005951 103.005951 103.005951 103.005951 103.005951 103.005951 103.005951 103.005951 103.005951 103.005951 103.005951 78.612488 100.337196 5.144527 70.671173 2.619001 70.671173 70.671173 78.612488 78.612488 70.671173 70.671173 5.144527 0.000000 0.000000 0.000000 0.000000 0.000000 0.000000 0.000000 
0.000000 0.000000 0.000000 0.000000 0.000000 0.000000 0.000000 0.000000 0.000000 0.000000 36.981728 54.506325 36.981728 86.614365 36.981728 103.005951 28.776960 97.327911 79.595818 86.614365 54.506325 54.506325 71.742989 21.280355 102.922806 100.697624 103.005951 103.005951 100.697624 103.005951 103.005951 103.005951 103.005951 103.005951 103.005951 103.005951 103.005951 103.005951 78.612488 85.750710 5.144527 78.612488 78.612488 78.612488 70.671173 1.238763 70.671173 70.671173 2.619001 5.144527 1.238763 0.000000 0.000000 0.000000 0.000000 0.000000 0.000000 0.000000 0.000000 0.000000 0.000000 
0.000000 0.000000 0.000000 0.000000 0.000000 0.000000 0.000000 0.000000 36.981728 36.981728 45.645817 71.742989 45.645817 79.595818 28.776960 21.280355 63.294315 28.776960 63.294315 71.742989 21.280355 103.005951 103.005951 36.981728 103.005951 103.005951 103.005951 103.005951 103.005951 103.005951 103.005951 103.005951 103.005951 96.780762 102.429955 85.750710 79.595818 78.612488 78.612488 70.671173 78.612488 70.671173 78.612488 78.612488 70.671173 78.612488 5.144527 70.671173 0.000000 0.000000 0.000000 0.000000 0.000000 0.000000 0.000000 0.000000 0.000000 0.000000 0.000000 0.000000 0.000000 
0.000000 0.000000 0.000000 0.000000 0.000000 45.645817 28.776960 54.506325 45.645817 97.327911 45.645817 36.981728 92.585495 36.981728 92.585495 103.005951 103.005951 103.005951 28.776960 103.005951 103.005951 103.005951 103.005951 103.005951 103.005951 103.005951 103.005951 103.005951 103.005951 100.337196 96.780762 78.612488 78.612488 78.612488 70.671173 8.936824 70.671173 2.619001 5.144527 78.612488 5.144527 2.619001 70.671173 78.612488 70.671173 0.000000 0.000000 0.000000 0.000000 0.000000 0.000000 0.000000 0.000000 0.000000 0.000000 0.000000 0.000000 0.000000 0.000000 0.000000 0.000000 
0.000000 0.000000 0.000000 100.697624 54.506325 79.595818 102.922806 79.595818 36.981728 103.005951 103.005951 103.005951 103.005951 103.005951 103.005951 103.005951 103.005951 103.005951 103.005951 103.005951 103.005951 103.005951 103.005951 103.005951 100.337196 103.005951 103.005951 96.780762 85.750710 78.612488 78.612488 70.671173 8.936824 5.144527 8.936824 70.671173 70.671173 70.671173 78.612488 70.671173 70.671173 8.936824 0.000000 0.000000 0.000000 0.000000 0.000000 0.000000 0.000000 0.000000 0.000000 0.000000 0.000000 0.000000 0.000000 0.000000 0.000000 0.000000 0.000000 0.000000 0.000000 
0.000000 102.922806 36.981728 97.327911 45.645817 36.981728 103.005951 103.005951 103.005951 103.005951 103.005951 103.005951 103.005951 103.005951 103.005951 103.005951 103.005951 102.429955 103.005951 96.780762 103.005951 103.005951 78.612488 100.337196 85.750710 85.750710 5.144527 78.612488 70.671173 70.671173 70.671173 70.671173 5.144527 5.144527 70.671173 2.619001 70.671173 78.612488 0.000000 0.000000 0.000000 0.000000 0.000000 0.000000 0.000000 0.000000 0.000000 0.000000 0.000000 0.000000 0.000000 0.000000 0.000000 0.000000 0.000000 0.000000 0.000000 0.000000 0.000000 0.000000 0.000000 
45.645817 103.005951 103.005951 103.005951 36.981728 103.005951 103.005951 103.005951 103.005951 103.005951 103.005951 103.005951 103.005951 103.005951 103.005951 103.005951 103.005951 103.005951 78.612488 78.612488 103.005951 85.750710 78.612488 78.612488 5.144527 70.671173 78.612488 70.671173 70.671173 70.671173 70.671173 78.612488 70.671173 70.671173 0.000000 0.000000 0.000000 0.000000 0.000000 0.000000 0.000000 0.000000 0.000000 0.000000 0.000000 0.000000 0.000000 0.000000 0.000000 0.000000 0.000000 0.000000 0.000000 0.000000 0.000000 0.000000 0.000000 0.000000 0.000000 0.000000 0.000000 
103.005951 103.005951 103.005951 103.005951 103.005951 103.005951 103.005951 103.005951 103.005951 103.005951 103.005951 103.005951 102.841400 100.337196 78.612488 78.612488 91.868813 78.612488 85.750710 70.671173 78.612488 8.936824 70.671173 70.671173 70.671173 70.671173 70.671173 70.671173 2.619001 0.000000 0.000000 0.000000 0.000000 0.000000 0.000000 0.000000 0.000000 0.000000 0.000000 0.000000 0.000000 0.000000 0.000000 0.000000 0.000000 0.000000 0.000000 0.000000 0.000000 0.000000 0.000000 0.000000 0.000000 0.000000 0.000000 0.000000 0.000000 0.000000 0.000000 0.000000 0.000000 
103.005951 103.005951 103.005951 103.005951 103.005951 102.429955 102.841400 103.005951 103.005951 103.005951 100.337196 78.612488 78.612488 100.337196 78.612488 78.612488 78.612488 78.612488 70.671173 5.144527 5.144527 70.671173 70.671173 103.005951 0.000000 0.000000 0.000000 0.000000 0.000000 0.000000 0.000000 0.000000 0.000000 0.000000 0.000000 0.000000 0.000000 0.000000 0.000000 0.000000 0.000000 0.000000 0.000000 0.000000 0.000000 0.000000 0.000000 0.000000 0.000000 0.000000 0.000000 0.000000 0.000000 0.000000 0.000000 0.000000 0.000000 0.000000 0.000000 0.000000 0.000000 
0.000000 0.000000 103.005951 103.005951 103.005951 103.005951 91.868813 102.429955 78.612488 79.595818 100.337196 5.144527 78.612488 70.671173 78.612488 0.000000 0.000000 0.000000 0.000000 0.000000 0.000000 0.000000 0.000000 0.000000 0.000000 0.000000 0.000000 0.000000 0.000000 0.000000 0.000000 0.000000 0.000000 0.000000 0.000000 0.000000 0.000000 0.000000 0.000000 0.000000 0.000000 0.000000 0.000000 0.000000 0.000000 0.000000 0.000000 0.000000 0.000000 0.000000 0.000000 0.000000 0.000000 0.000000 0.000000 0.000000 0.000000 0.000000 0.000000 0.000000 0.000000 
