test/output/constant/M3M400_S060_A090_WD315.0_WS005.0/M3M400_S060_A090_WD315.0_WS005.0_intensity.asc
ncols         12
nrows         62
xllcorner     426303.990666
yllcorner     12742655.311160
cellsize      100.000000
NODATA_value  0.000000
0 0 672 0 1248 0 0 0 0 0 0 0 
0 0 41960 95675 65668 870 0 0 0 0 0 0 
0 672 41960 95675 79629 1747 0 0 0 0 0 0 
0 672 58277 95675 89858 65668 870 0 0 0 0 0 
0 1767 50141 95675 95675 65668 65668 0 0 0 0 0 
0 41960 33984 95675 93165 73018 65668 0 0 0 0 0 
0 41960 73434 95675 95675 73018 65668 57803 0 0 0 0 
855 66121 41960 95675 95675 73018 65668 65668 0 0 0 0 
41960 58277 41960 95675 95675 73018 65668 65668 0 0 0 0 
41960 58277 73434 95675 95675 73018 73018 65668 0 0 0 0 
33984 58277 85605 95675 95675 93165 65668 65668 57803 0 0 0 
58277 41960 79995 95675 95675 95675 85299 65668 57803 0 0 0 
41960 50141 79995 73434 95675 85299 65668 65668 73018 0 0 0 
41960 58277 79995 95194 95675 95675 65668 85299 65668 0 0 0 
58277 58277 79995 85605 95675 95675 85299 65668 73018 65668 0 0 
50141 41960 85605 95675 95675 95675 65668 73018 65668 65668 0 0 
66121 73434 85605 95563 95675 95675 73018 89858 79629 65668 0 0 
66121 41960 85605 93321 95675 95121 95121 65668 73018 65668 0 0 
41960 41960 85605 93321 95675 95675 73018 79629 89858 65668 0 0 
58277 58277 90092 90092 95675 85299 95675 73018 89858 65668 0 0 
33984 50141 90092 90092 95675 95675 95675 85299 89858 65668 65668 0 
58277 50141 90092 90092 95675 95675 93165 65668 95675 89858 65668 0 
50141 79995 90092 90092 95675 95675 95675 85299 65668 65668 870 0 
73434 73434 95675 90092 95194 95675 95675 85299 65668 79629 65668 0 
66121 26453 90092 93321 95675 95675 95675 89858 89858 73018 85299 0 
58277 73434 90092 95194 95675 95675 95675 95675 65668 73018 73018 0 
66121 90092 90092 95675 95675 95675 95675 95675 89858 65668 85299 0 
50141 50141 90092 95675 95675 95675 93165 95675 73018 65668 65668 0 
58277 66121 90092 95675 95675 95675 95675 93165 85299 65668 79629 73018 
58277 58277 90092 41960 95675 95675 95675 95675 79629 85299 65668 85299 
90092 73434 95194 50141 58277 95675 95675 95675 73018 65668 65668 65668 
58277 79995 95675 66121 73434 95675 95675 95675 85299 73018 65668 79629 
73434 79995 33984 66121 95675 95675 95675 95121 95675 65668 65668 65668 
66121 79995 41960 73434 95675 95675 95675 95675 95675 65668 65668 65668 
66121 90092 50141 73434 95675 95675 95675 95675 95675 93165 73018 85299 
50141 95675 50141 73434 95675 95675 95675 95675 95675 93165 89858 65668 
79995 90092 66121 79995 73434 95675 95675 79629 95675 95675 73018 65668 
85605 95675 66121 79995 73434 95675 95675 95675 93165 95675 73018 65668 
0 90092 66121 79995 73434 95675 95675 95675 95675 79629 73018 65668 
0 90092 73434 79995 90092 95675 95675 95675 93165 95675 89858 73018 
0 33984 73434 85605 79995 95675 95675 85299 95675 95675 85299 65668 
0 33984 73434 79995 85605 95675 95675 95675 95675 95675 73018 79629 
0 50141 79995 79995 85605 95675 95675 95675 79629 95675 95675 65668 
0 50141 79995 85605 95675 95675 95675 73018 95675 89858 95675 85299 
0 95675 79995 85605 95675 66121 95675 93165 95675 95675 95675 65668 
0 0 79995 85605 95675 95675 95675 95675 95675 95675 85299 73018 
0 0 79995 85605 95675 95675 95675 95675 95675 95121 95675 73018 
0 0 79995 85605 95675 95675 95675 95675 95675 85299 95121 85299 
0 0 85605 85605 50141 58277 95675 95675 95121 85299 89858 89858 
0 0 79995 85605 50141 58277 95675 95675 95675 95675 95675 89858 
0 0 0 90092 58277 95675 95675 95121 95675 95675 79629 95675 
0 0 0 90092 73434 95675 95675 73018 95675 79629 95675 95675 
0 0 0 90092 73434 95675 66121 95675 95675 95675 95121 85299 
0 0 0 90092 73434 66121 95675 95675 95675 95675 95527 95675 
0 0 0 85605 79995 93321 95675 95675 95675 95675 85299 85299 
0 0 0 0 79995 95675 58277 95675 95121 95675 95675 93165 
0 0 0 0 79995 95675 95675 95675 85299 95675 95675 0 
0 0 0 0 0 95675 95675 95675 95675 95527 95675 0 
0 0 0 0 0 95675 95675 95675 95675 95675 89858 0 
0 0 0 0 0 95675 95675 95675 89858 95675 95675 0 
0 0 0 0 0 0 95675 95675 95675 95675 0 0 
0 0 0 0 0 0 95675 95675 95675 95527 0 0 
