test/output/constant/M3M400_S060_A090_WD315.0_WS005.0/M3M400_S060_A090_WD315.0_WS005.0_arrival.asc
ncols         12
nrows         62
xllcorner     426303.990666
yllcorner     12742655.311160
cellsize      100.000000
NODATA_value  0.000000
0.000000 0.000000 166.016725 166.000000 166.011599 0.000000 0.000000 0.000000 0.000000 0.000000 0.000000 0.000000 
0.000000 0.000000 166.009441 166.000540 166.003777 166.031292 0.000000 0.000000 0.000000 0.000000 0.000000 0.000000 
0.000000 166.034798 166.007283 166.001079 166.002698 166.018883 0.000000 0.000000 0.000000 0.000000 0.000000 0.000000 
0.000000 166.027785 166.007014 166.001888 166.002698 166.013218 166.037226 0.000000 0.000000 0.000000 0.000000 0.000000 
0.000000 166.024548 166.007014 166.002428 166.002967 166.010251 166.028594 0.000000 0.000000 0.000000 0.000000 0.000000 
0.000000 166.022390 166.007283 166.003237 166.003237 166.008632 166.022659 0.000000 0.000000 0.000000 0.000000 0.000000 
0.000000 166.021041 166.007823 166.003777 166.003777 166.007823 166.019153 166.037766 0.000000 0.000000 0.000000 0.000000 
166.040194 166.020501 166.008093 166.004586 166.004586 166.007553 166.016725 166.032101 0.000000 0.000000 0.000000 0.000000 
166.037766 166.019962 166.008632 166.005395 166.005125 166.007553 166.015106 166.028324 0.000000 0.000000 0.000000 0.000000 
166.035877 166.019962 166.009441 166.005935 166.005935 166.007823 166.013758 166.025357 0.000000 0.000000 0.000000 0.000000 
166.034798 166.019962 166.009981 166.006744 166.006474 166.007823 166.012948 166.022929 166.037766 0.000000 0.000000 0.000000 
166.033719 166.019962 166.010790 166.007553 166.007283 166.008362 166.012678 166.021311 166.034259 0.000000 0.000000 0.000000 
166.033450 166.020232 166.011599 166.008362 166.007823 166.008632 166.012678 166.019962 166.031831 0.000000 0.000000 0.000000 
166.032910 166.020771 166.012409 166.008902 166.008632 166.009172 166.012678 166.019153 166.029403 0.000000 0.000000 0.000000 
166.032910 166.021041 166.013218 166.009711 166.009172 166.009711 166.012678 166.018343 166.027785 166.040733 0.000000 0.000000 
166.032910 166.021311 166.014027 166.010520 166.009981 166.010251 166.012948 166.017804 166.026436 166.038305 0.000000 0.000000 
166.032910 166.021580 166.014837 166.011330 166.010520 166.010790 166.012948 166.017534 166.025357 166.035877 0.000000 0.000000 
166.032910 166.022120 166.015646 166.012139 166.011330 166.011330 166.013218 166.017534 166.024278 166.034259 0.000000 0.000000 
166.033180 166.022659 166.016455 166.012948 166.011869 166.012139 166.013758 166.017534 166.023738 166.032910 0.000000 0.000000 
166.033450 166.023199 166.017264 166.013758 166.012678 166.012678 166.014027 166.017804 166.023199 166.031561 0.000000 0.000000 
166.033450 166.023738 166.018074 166.014567 166.013488 166.013488 166.014567 166.017804 166.022659 166.030482 166.040733 0.000000 
166.033989 166.024278 166.018883 166.015376 166.014027 166.014027 166.015106 166.018074 166.022659 166.029673 166.039384 0.000000 
166.034259 166.024817 166.019692 166.016185 166.014837 166.014837 166.015646 166.018074 166.022659 166.028864 166.038035 0.000000 
166.034798 166.025627 166.020501 166.016995 166.015376 166.015376 166.016185 166.018343 166.022659 166.028324 166.036687 0.000000 
166.035068 166.026166 166.021311 166.017804 166.016185 166.016185 166.016725 166.018613 166.022659 166.027785 166.035877 0.000000 
166.035338 166.026706 166.022120 166.018613 166.016995 166.016725 166.017264 166.019153 166.022929 166.027515 166.034798 0.000000 
166.035877 166.027515 166.022929 166.019422 166.017534 166.017534 166.017804 166.019422 166.022929 166.027515 166.034259 0.000000 
166.036147 166.028324 166.023738 166.020232 166.018343 166.018074 166.018343 166.019962 166.023199 166.027515 166.033450 0.000000 
166.036687 166.029134 166.024548 166.021041 166.019153 166.018883 166.018883 166.020501 166.023199 166.027515 166.033180 166.041003 
166.037226 166.029943 166.025357 166.021850 166.019962 166.019422 166.019422 166.021041 166.023469 166.027515 166.032640 166.040194 
166.037766 166.030752 166.026166 166.022659 166.020771 166.020232 166.020232 166.021311 166.023738 166.027785 166.032371 166.039384 
166.038305 166.031292 166.026976 166.023469 166.021580 166.020771 166.020771 166.021850 166.024008 166.027785 166.032371 166.038845 
166.038845 166.032101 166.027785 166.024278 166.022120 166.021580 166.021580 166.022390 166.024548 166.028055 166.032371 166.038305 
166.039384 166.032910 166.028594 166.025087 166.022929 166.022120 166.022120 166.022929 166.024817 166.028324 166.032640 166.037766 
166.039924 166.033719 166.029403 166.025897 166.023738 166.022929 166.022929 166.023469 166.025357 166.028324 166.032640 166.037496 
166.040463 166.034529 166.030213 166.026706 166.024548 166.023469 166.023469 166.024278 166.025897 166.028594 166.032640 166.037496 
166.041003 166.035338 166.031022 166.027245 166.025357 166.024278 166.024278 166.024548 166.026436 166.028864 166.032910 166.037496 
166.041667 166.036147 166.031831 166.028055 166.026166 166.025087 166.024817 166.025357 166.026706 166.029134 166.032910 166.037496 
0.000000 166.036956 166.032640 166.028864 166.026976 166.025627 166.025627 166.025897 166.027245 166.029403 166.033180 166.037496 
0.000000 166.037766 166.033450 166.029673 166.027515 166.026436 166.026166 166.026436 166.027785 166.029943 166.033180 166.037496 
0.000000 166.038575 166.034259 166.030482 166.028324 166.027245 166.026976 166.026976 166.028324 166.030213 166.033450 166.037766 
0.000000 166.039384 166.035068 166.031292 166.029134 166.027785 166.027515 166.027785 166.028864 166.030752 166.033719 166.037766 
0.000000 166.040194 166.035608 166.032101 166.029943 166.028594 166.028324 166.028324 166.029403 166.031292 166.033989 166.038035 
0.000000 166.041003 166.036417 166.032910 166.030752 166.029403 166.028864 166.029134 166.029943 166.031561 166.034259 166.038035 
0.000000 166.041667 166.037226 166.033719 166.031561 166.030213 166.029673 166.029673 166.030482 166.032101 166.034529 166.038305 
0.000000 0.000000 166.038035 166.034529 166.032371 166.030752 166.030213 166.030213 166.031022 166.032640 166.034798 166.038305 
0.000000 0.000000 166.038845 166.035338 166.033180 166.031561 166.031022 166.031022 166.031561 166.033180 166.035338 166.038575 
0.000000 0.000000 166.039654 166.036147 166.033989 166.032371 166.031831 166.031561 166.032101 166.033450 166.035608 166.038575 
0.000000 0.000000 166.040463 166.036956 166.034798 166.033180 166.032371 166.032371 166.032910 166.033989 166.036147 166.038845 
0.000000 0.000000 166.041273 166.037766 166.035608 166.033989 166.033180 166.032910 166.033450 166.034529 166.036687 166.039384 
0.000000 0.000000 0.000000 166.038575 166.036417 166.034529 166.033719 166.033719 166.033989 166.035068 166.036956 166.039654 
0.000000 0.000000 0.000000 166.039384 166.037226 166.035338 166.034529 166.034529 166.034529 166.035608 166.037496 166.039924 
0.000000 0.000000 0.000000 166.040194 166.038035 166.036147 166.035338 166.035068 166.035068 166.036147 166.038035 166.040194 
0.000000 0.000000 0.000000 166.041003 166.038845 166.036956 166.035877 166.035877 166.035877 166.036687 166.038575 166.040733 
0.000000 0.000000 0.000000 166.041667 166.039384 166.037496 166.036687 166.036417 166.036417 166.037226 166.038845 166.041003 
0.000000 0.000000 0.000000 0.000000 166.040194 166.038305 166.037496 166.037226 166.037226 166.038035 166.039384 166.041542 
0.000000 0.000000 0.000000 0.000000 166.041003 166.039115 166.038035 166.037766 166.037766 166.038575 166.039924 0.000000 
0.000000 0.000000 0.000000 0.000000 0.000000 166.039924 166.038845 166.038575 166.038575 166.039115 166.040463 0.000000 
0.000000 0.000000 0.000000 0.000000 0.000000 166.040733 166.039654 166.039115 166.039115 166.039654 166.041003 0.000000 
0.000000 0.000000 0.000000 0.000000 0.000000 166.041542 166.040194 166.039924 166.039924 166.040463 166.041542 0.000000 
0.000000 0.000000 0.000000 0.000000 0.000000 0.000000 166.041003 166.040463 166.040463 166.041003 0.000000 0.000000 
0.000000 0.000000 0.000000 0.000000 0.000000 0.000000 166.041667 166.041273 166.041273 166.041542 0.000000 0.000000 
