test/output/constant/M365_S060_A270_WD180.0_WS005.0/M365_S060_A270_WD180.0_WS005.0_arrival.asc
ncols         9
nrows         42
xllcorner     426203.990666
yllcorner     12748755.311160
cellsize      100.000000
NODATA_value  0.000000
0.000000 0.000000 0.000000 166.041667 166.041299 166.041667 0.000000 0.000000 0.000000 
0.000000 0.000000 0.000000 166.040489 166.040084 166.040489 0.000000 0.000000 0.000000 
0.000000 0.000000 166.041299 166.039679 166.039274 166.039679 166.041299 0.000000 0.000000 
0.000000 0.000000 166.040489 166.038465 166.038060 166.038465 166.040489 0.000000 0.000000 
0.000000 0.000000 166.039274 166.037655 166.037250 166.037655 166.039274 0.000000 0.000000 
0.000000 166.041667 166.038465 166.036440 166.036035 166.036440 166.038465 166.041667 0.000000 
0.000000 166.040489 166.037250 166.035630 166.035226 166.035630 166.037250 166.040489 0.000000 
0.000000 166.039679 166.036440 166.034416 166.034011 166.034416 166.036440 166.039679 0.000000 
0.000000 166.038870 166.035630 166.033606 166.033201 166.033606 166.035630 166.038870 0.000000 
0.000000 166.038060 166.034821 166.032796 166.031986 166.032796 166.034821 166.038060 0.000000 
0.000000 166.037250 166.033606 166.031582 166.031177 166.031582 166.033606 166.037250 0.000000 
0.000000 166.036440 166.032796 166.030772 166.029962 166.030772 166.032796 166.036440 0.000000 
166.041667 166.035630 166.031986 166.029557 166.029152 166.029557 166.031986 166.035630 166.041667 
166.041299 166.034821 166.030772 166.028747 166.027938 166.028747 166.030772 166.034821 166.041299 
166.040489 166.034011 166.029962 166.027533 166.027128 166.027533 166.029962 166.034011 166.040489 
166.039679 166.033606 166.028747 166.026723 166.025913 166.026723 166.028747 166.033606 166.039679 
166.039274 166.032796 166.027938 166.025508 166.025103 166.025508 166.027938 166.032796 166.039274 
166.038870 166.031986 166.027128 166.024698 166.023889 166.024698 166.027128 166.031986 166.038870 
166.038870 166.031582 166.026318 166.023484 166.023079 166.023484 166.026318 166.031582 166.038870 
166.038870 166.030772 166.025103 166.022674 166.021864 166.022674 166.025103 166.030772 166.038870 
166.038870 166.029962 166.024293 166.021459 166.021054 166.021459 166.024293 166.029962 166.038870 
166.038870 166.029557 166.023484 166.020649 166.019840 166.020649 166.023484 166.029557 166.038870 
166.039274 166.028747 166.022674 166.019840 166.019030 166.019840 166.022674 166.028747 166.039274 
166.039274 166.028342 166.021864 166.018625 166.017815 166.018625 166.021864 166.028342 166.039274 
166.039679 166.027938 166.021054 166.017815 166.017005 166.017815 166.021054 166.027938 166.039679 
166.040489 166.027938 166.020245 166.016601 166.015791 166.016601 166.020245 166.027938 166.040489 
166.040894 166.027938 166.019840 166.015791 166.014981 166.015791 166.019840 166.027938 166.040894 
166.041667 166.027938 166.019030 166.014576 166.013766 166.014576 166.019030 166.027938 166.041667 
0.000000 166.027938 166.018220 166.013766 166.012957 166.013766 166.018220 166.027938 0.000000 
0.000000 166.028747 166.017410 166.012957 166.011742 166.012957 166.017410 166.028747 0.000000 
0.000000 166.029152 166.017005 166.011742 166.010932 166.011742 166.017005 166.029152 0.000000 
0.000000 166.029962 166.016601 166.010932 166.009717 166.010932 166.016601 166.029962 0.000000 
0.000000 166.031177 166.016601 166.009717 166.008908 166.009717 166.016601 166.031177 0.000000 
0.000000 166.033606 166.017005 166.008908 166.007693 166.008908 166.017005 166.033606 0.000000 
0.000000 166.036035 166.017410 166.008098 166.006883 166.008098 166.017410 166.036035 0.000000 
0.000000 166.039679 166.018220 166.007288 166.005668 166.007288 166.018220 166.039679 0.000000 
0.000000 0.000000 166.019435 166.006478 166.004859 166.006478 166.019435 0.000000 0.000000 
0.000000 0.000000 166.022269 166.005668 166.003644 166.005668 166.022269 0.000000 0.000000 
0.000000 0.000000 166.026318 166.005668 166.002834 166.005668 166.026318 0.000000 0.000000 
0.000000 0.000000 166.033606 166.006073 166.001620 166.006073 166.033606 0.000000 0.000000 
0.000000 0.000000 0.000000 166.008098 166.000810 166.008098 0.000000 0.000000 0.000000 
0.000000 0.000000 0.000000 166.019030 166.000000 166.019030 0.000000 0.000000 0.000000 
