test/output/constant/M390_S060_A180_WD270.0_WS050.0/M390_S060_A180_WD270.0_WS050.0_arrival.asc
ncols         63
nrows         7
xllcorner     426603.990666
yllcorner     12748455.311160
cellsize      100.000000
NODATA_value  0.000000
0.000000 0.000000 0.000000 0.000000 0.000000 0.000000 0.000000 0.000000 0.000000 0.000000 0.000000 0.000000 166.041457 166.039304 166.037688 166.036073 166.034727 166.033650 166.033112 166.032304 166.031766 166.031497 166.030958 166.030689 166.030420 166.030420 166.030151 166.030151 166.030151 166.030420 166.030958 166.031228 166.031766 166.032304 166.032574 166.033112 166.033650 166.033920 166.034458 166.034996 166.035266 166.035804 166.036342 166.036881 166.037150 166.037688 166.038227 166.038765 166.039304 166.039842 166.040380 166.040919 166.041457 0.000000 0.000000 0.000000 0.000000 0.000000 0.000000 0.000000 0.000000 0.000000 0.000000 
0.000000 0.000000 0.000000 0.000000 166.041457 166.033650 166.028805 166.025305 166.023421 166.021805 166.020459 166.019652 166.019383 166.018844 166.018575 166.018306 166.018306 166.018306 166.018575 166.018844 166.019383 166.019921 166.020190 166.020729 166.021267 166.021536 166.022075 166.022613 166.023151 166.023690 166.024228 166.024767 166.025305 166.025843 166.026382 166.027189 166.027728 166.028266 166.029074 166.029612 166.030151 166.030689 166.031497 166.032035 166.032843 166.033381 166.033920 166.034458 166.035266 166.035804 166.036342 166.037150 166.037688 166.038227 166.039034 166.039573 166.040380 166.040919 166.041667 0.000000 0.000000 0.000000 0.000000 
0.000000 166.018037 166.009960 166.007268 166.006461 166.006192 166.006192 166.006461 166.006999 166.007538 166.008076 166.008614 166.009153 166.009960 166.010499 166.011037 166.011845 166.012383 166.013191 166.013729 166.014537 166.015075 166.015614 166.016421 166.016960 166.017767 166.018306 166.019113 166.019652 166.020190 166.020998 166.021536 166.022344 166.022882 166.023690 166.024228 166.024767 166.025574 166.026113 166.026920 166.027459 166.028266 166.028805 166.029612 166.030151 166.030958 166.031497 166.032304 166.032843 166.033381 166.034189 166.034727 166.035535 166.036073 166.036612 166.037419 166.037958 166.038765 166.039304 166.040111 166.040650 166.041457 0.000000 
166.000000 166.000538 166.001077 166.001884 166.002423 166.003230 166.003769 166.004576 166.005115 166.005922 166.006461 166.007268 166.007807 166.008614 166.009153 166.009960 166.010499 166.011307 166.011845 166.012653 166.013191 166.013999 166.014537 166.015345 166.015883 166.016691 166.017229 166.018037 166.018575 166.019383 166.019921 166.020729 166.021267 166.022075 166.022613 166.023421 166.023959 166.024767 166.025305 166.026113 166.026651 166.027459 166.027997 166.028805 166.029343 166.030151 166.030689 166.031497 166.032035 166.032843 166.033381 166.034189 166.034727 166.035535 166.036073 166.036881 166.037419 166.038227 166.038765 166.039573 166.040111 166.040919 166.041457 
0.000000 166.018037 166.009960 166.007268 166.006461 166.006192 166.006192 166.006461 166.006999 166.007538 166.008076 166.008614 166.009153 166.009960 166.010499 166.011037 166.011845 166.012383 166.013191 166.013729 166.014537 166.015075 166.015614 166.016421 166.016960 166.017767 166.018306 166.019113 166.019652 166.020190 166.020998 166.021536 166.022344 166.022882 166.023690 166.024228 166.024767 166.025574 166.026113 166.026920 166.027459 166.028266 166.028805 166.029612 166.030151 166.030958 166.031497 166.032304 166.032843 166.033381 166.034189 166.034727 166.035535 166.036073 166.036612 166.037419 166.037958 166.038765 166.039304 166.040111 166.040650 166.041457 0.000000 
0.000000 0.000000 0.000000 0.000000 166.041457 166.033650 166.028805 166.025305 166.023421 166.021805 166.020459 166.019652 166.019383 166.018844 166.018575 166.018306 166.018306 166.018306 166.018575 166.018844 166.019383 166.019921 166.020190 166.020729 166.021267 166.021536 166.022075 166.022613 166.023151 166.023690 166.024228 166.024767 166.025305 166.025843 166.026382 166.027189 166.027728 166.028266 166.029074 166.029612 166.030151 166.030689 166.031497 166.032035 166.032843 166.033381 166.033920 166.034458 166.035266 166.035804 166.036342 166.037150 166.037688 166.038227 166.039034 166.039573 166.040380 166.040919 166.041667 0.000000 0.000000 0.000000 0.000000 
0.000000 0.000000 0.000000 0.000000 0.000000 0.000000 0.000000 0.000000 0.000000 0.000000 0.000000 0.000000 166.041457 166.039304 166.037688 166.036073 166.034727 166.033650 166.033112 166.032304 166.031766 166.031497 166.030958 166.030689 166.030420 166.030420 166.030151 166.030151 166.030151 166.030420 166.030958 166.031228 166.031766 166.032304 166.032574 166.033112 166.033650 166.033920 166.034458 166.034996 166.035266 166.035804 166.036342 166.036881 166.037150 166.037688 166.038227 166.038765 166.039304 166.039842 166.040380 166.040919 166.041457 0.000000 0.000000 0.000000 0.000000 0.000000 0.000000 0.000000 0.000000 0.000000 0.000000 
