test/output/constant/M3M495_S060_A090_WD090.0_WS010.0/M3M495_S060_A090_WD090.0_WS010.0_intensity.asc
ncols         16
nrows         52
xllcorner     425203.990666
yllcorner     12743655.311160
cellsize      100.000000
NODATA_value  0.000000
0 0 0 0 0 0 0 0 0 0 0 0 1721 2363 0 931 
0 0 0 0 0 0 0 0 0 0 0 0 1318 65923 79716 11809 
0 0 0 0 0 0 0 0 0 0 0 1318 54238 79716 79716 11809 
0 0 0 0 0 0 0 0 0 0 1318 47690 4248 79716 16800 35408 
0 0 0 0 0 0 0 0 0 0 1318 1318 4248 79716 35408 11809 
0 0 0 0 0 0 0 0 0 1721 54238 4248 74577 79716 48938 35408 
0 0 0 0 0 0 0 0 0 47690 2363 60378 79716 77841 35408 16800 
0 0 0 0 0 0 0 0 47690 2363 2363 65923 79716 28781 28781 28781 
0 0 0 0 0 0 0 0 1318 54238 60378 79716 79716 79716 28781 35408 
0 0 0 0 0 0 0 0 54238 1721 7163 79716 79716 61477 16800 16800 
0 0 0 0 0 0 0 54238 4248 4248 60378 79716 79650 35408 22515 28781 
0 0 0 0 0 0 0 2363 54238 54238 79716 79716 35408 35408 11809 22515 
0 0 0 0 0 0 7163 60378 54238 2363 74577 79716 55431 48938 35408 16800 
0 0 0 0 0 0 54238 54238 54238 65923 79716 79716 35408 16800 16800 35408 
0 0 0 0 0 0 54238 7163 60378 79716 79716 48938 28781 48938 28781 16800 
0 0 0 0 0 54238 60378 4248 60378 79716 79716 75201 28781 7691 22515 28781 
0 0 0 0 0 54238 4248 60378 65923 79716 79716 66893 35408 28781 16800 0 
0 0 0 0 0 54238 7163 54238 79716 79716 79716 35408 28781 28781 28781 0 
0 0 0 0 54238 4248 60378 54238 79716 79716 71514 28781 28781 35408 16800 0 
0 0 0 0 2363 7163 54238 54238 79155 79716 48938 28781 55431 28781 28781 0 
0 0 0 0 2363 4248 60378 79716 79716 79716 77841 35408 11809 22515 22515 0 
0 0 0 0 54238 4248 1721 79716 79716 79650 79716 22515 28781 16800 16800 0 
0 0 0 1721 54238 60378 4248 79716 79716 42196 66893 28781 22515 11809 28781 0 
0 0 0 54238 54238 60378 79716 79716 79716 79716 66893 28781 28781 28781 16800 0 
0 0 0 7163 7163 54238 79716 79716 79716 77841 42196 16800 35408 22515 0 0 
0 0 54238 60378 54238 65923 79716 79716 79716 48938 35408 28781 22515 22515 0 0 
0 0 54238 60378 54238 79155 79716 79716 66893 71514 35408 35408 35408 28781 0 0 
0 0 54238 4248 65923 79716 79716 79716 61477 35408 22515 35408 22515 16800 0 0 
0 0 2363 4248 54238 79716 79716 79716 22515 28781 66893 28781 28781 0 0 0 
0 0 60378 2363 65923 79716 79716 77841 77841 79716 35408 22515 22515 0 0 0 
0 54238 4248 65923 79716 79716 79716 79716 79716 35408 28781 28781 22515 0 0 0 
0 54238 4248 2363 79550 79716 79716 66893 79716 22515 35408 22515 16800 0 0 0 
0 54238 54238 60378 79716 79716 79716 79650 35408 71514 35408 35408 0 0 0 0 
0 60378 60378 79716 79716 79716 79716 79716 35408 28781 35408 16800 0 0 0 0 
0 54238 65923 79716 79716 79716 61477 66893 28781 71514 16800 75201 0 0 0 0 
0 54238 79716 79716 79716 79716 79716 66893 35408 42196 28781 0 0 0 0 0 
54238 54238 79716 79716 74577 79716 79716 35408 35408 22515 35408 0 0 0 0 0 
54238 65923 79716 79716 79716 79716 79716 35408 35408 22515 16800 0 0 0 0 0 
4248 65923 79155 79155 79716 79716 77841 66893 71514 28781 0 0 0 0 0 0 
65923 79716 79716 79716 79716 66893 79716 35408 28781 28781 0 0 0 0 0 0 
65923 79716 79716 79716 79716 79716 28781 35408 28781 35408 0 0 0 0 0 0 
65923 79716 79716 79716 79716 79716 22515 35408 42196 0 0 0 0 0 0 0 
79716 79716 79716 79716 42196 22515 71514 66893 22515 0 0 0 0 0 0 0 
79155 79716 79716 79716 79716 28781 35408 28781 0 0 0 0 0 0 0 0 
79716 79716 79716 79716 48938 35408 79716 61477 0 0 0 0 0 0 0 0 
79716 79716 79716 79716 55431 28781 48938 0 0 0 0 0 0 0 0 0 
79716 79716 79716 66893 66893 79354 28781 0 0 0 0 0 0 0 0 0 
79716 79716 79716 61477 79716 28781 0 0 0 0 0 0 0 0 0 0 
79716 79716 79716 79354 79716 28781 0 0 0 0 0 0 0 0 0 0 
79716 79716 79716 79716 75201 0 0 0 0 0 0 0 0 0 0 0 
79716 79716 28781 79716 79650 0 0 0 0 0 0 0 0 0 0 0 
0 79716 66893 16800 0 0 0 0 0 0 0 0 0 0 0 0 
