test/output/constant/M395_S000_A090_WD180.0_WS020.0/M395_S000_A090_WD180.0_WS020.0_arrival.asc
ncols         11
nrows         29
xllcorner     426103.990666
yllcorner     12748555.311160
cellsize      100.000000
NODATA_value  0.000000
0.000000 0.000000 0.000000 0.000000 0.000000 166.041666 0.000000 0.000000 0.000000 0.000000 0.000000 
0.000000 0.000000 0.000000 166.041015 166.040364 166.040364 166.040364 166.041015 0.000000 0.000000 0.000000 
0.000000 0.000000 166.041666 166.039713 166.039062 166.038411 166.039062 166.039713 166.041666 0.000000 0.000000 
0.000000 0.000000 166.039713 166.038411 166.037109 166.037109 166.037109 166.038411 166.039713 0.000000 0.000000 
0.000000 166.041015 166.038411 166.036458 166.035807 166.035156 166.035807 166.036458 166.038411 166.041015 0.000000 
0.000000 166.039713 166.037109 166.035156 166.033854 166.033854 166.033854 166.035156 166.037109 166.039713 0.000000 
0.000000 166.038411 166.035156 166.033203 166.032552 166.031901 166.032552 166.033203 166.035156 166.038411 0.000000 
166.041666 166.037109 166.033854 166.031901 166.030599 166.030599 166.030599 166.031901 166.033854 166.037109 166.041666 
166.040364 166.035807 166.032552 166.029948 166.029297 166.028646 166.029297 166.029948 166.032552 166.035807 166.040364 
166.039062 166.035156 166.031250 166.028646 166.027343 166.027343 166.027343 166.028646 166.031250 166.035156 166.039062 
166.038411 166.033854 166.029948 166.027343 166.026041 166.025390 166.026041 166.027343 166.029948 166.033854 166.038411 
166.037760 166.032552 166.028646 166.025390 166.024088 166.024088 166.024088 166.025390 166.028646 166.032552 166.037760 
166.037109 166.031250 166.027343 166.024088 166.022786 166.022135 166.022786 166.024088 166.027343 166.031250 166.037109 
166.036458 166.030599 166.026041 166.022786 166.020833 166.020833 166.020833 166.022786 166.026041 166.030599 166.036458 
166.036458 166.029297 166.024739 166.020833 166.019531 166.018880 166.019531 166.020833 166.024739 166.029297 166.036458 
166.035807 166.028646 166.023437 166.019531 166.017578 166.017578 166.017578 166.019531 166.023437 166.028646 166.035807 
166.035807 166.028646 166.022135 166.018229 166.016276 166.015625 166.016276 166.018229 166.022135 166.028646 166.035807 
166.035807 166.027995 166.021484 166.016927 166.014323 166.014323 166.014323 166.016927 166.021484 166.027995 166.035807 
166.036458 166.027995 166.020833 166.015625 166.013021 166.012370 166.013021 166.015625 166.020833 166.027995 166.036458 
166.037109 166.027995 166.020182 166.014323 166.011068 166.011068 166.011068 166.014323 166.020182 166.027995 166.037109 
166.038411 166.028646 166.020182 166.013021 166.009766 166.009114 166.009766 166.013021 166.020182 166.028646 166.038411 
166.040364 166.029297 166.020182 166.012370 166.008463 166.007812 166.008463 166.012370 166.020182 166.029297 166.040364 
0.000000 166.031250 166.020833 166.012370 166.006510 166.005859 166.006510 166.012370 166.020833 166.031250 0.000000 
0.000000 166.033203 166.022135 166.012370 166.005208 166.004557 166.005208 166.012370 166.022135 166.033203 0.000000 
0.000000 166.036458 166.024088 166.013021 166.004557 166.002604 166.004557 166.013021 166.024088 166.036458 0.000000 
0.000000 166.041015 166.027343 166.014974 166.004557 166.001302 166.004557 166.014974 166.027343 166.041015 0.000000 
0.000000 0.000000 166.032552 166.018880 166.005208 166.000000 166.005208 166.018880 166.032552 0.000000 0.000000 
0.000000 0.000000 166.041666 166.027343 166.013672 166.009766 166.013672 166.027343 166.041666 0.000000 0.000000 
0.000000 0.000000 0.000000 166.039713 166.030599 166.028646 166.030599 166.039713 0.000000 0.000000 0.000000 
