test/output/constant/M3M4100_S060_A270_WD315.0_WS015.0/M3M4100_S060_A270_WD315.0_WS015.0_ros.asc
ncols         17
nrows         41
xllcorner     426503.990666
yllcorner     12748655.311160
cellsize      100.000000
NODATA_value  0.000000
0.000000 0.000000 0.000000 0.000000 0.000000 0.000000 0.000000 0.000000 0.000000 0.000000 0.000000 0.000000 0.000000 61.885052 68.959648 68.959648 0.000000 
0.000000 0.000000 0.000000 0.000000 0.000000 0.000000 0.000000 0.000000 0.000000 0.000000 0.000000 0.000000 65.034599 68.959648 64.098396 68.916946 68.959648 
0.000000 0.000000 0.000000 0.000000 0.000000 0.000000 0.000000 0.000000 0.000000 0.000000 0.000000 68.959648 68.959648 68.959648 68.959648 68.959648 68.959648 
0.000000 0.000000 0.000000 0.000000 0.000000 0.000000 0.000000 0.000000 0.000000 0.000000 68.959648 68.959648 68.959648 68.959648 68.959648 68.959648 68.959648 
0.000000 0.000000 0.000000 0.000000 0.000000 0.000000 0.000000 0.000000 0.000000 57.951141 61.885052 68.959648 68.959648 66.663582 68.959648 68.959648 68.959648 
0.000000 0.000000 0.000000 0.000000 0.000000 0.000000 0.000000 0.000000 0.000000 68.959648 68.959648 68.959648 68.959648 68.959648 68.959648 68.959648 68.959648 
0.000000 0.000000 0.000000 0.000000 0.000000 0.000000 0.000000 0.000000 48.226772 53.351974 68.959648 68.959648 68.959648 68.959648 68.959648 68.959648 68.753731 
0.000000 0.000000 0.000000 0.000000 0.000000 0.000000 0.000000 0.000000 48.226772 68.959648 68.959648 68.959648 68.959648 68.959648 66.663582 68.959648 68.959648 
0.000000 0.000000 0.000000 0.000000 0.000000 0.000000 0.000000 48.226772 42.730614 68.959648 61.885052 68.959648 68.959648 68.959648 68.959648 68.300797 68.959648 
0.000000 0.000000 0.000000 0.000000 0.000000 0.000000 0.000000 42.730614 68.959648 68.959648 68.959648 68.959648 68.959648 68.959648 68.959648 68.959648 68.959648 
0.000000 0.000000 0.000000 0.000000 0.000000 0.000000 67.304451 37.029655 48.226772 68.959648 68.959648 68.959648 68.959648 68.959648 64.098396 64.098396 64.098396 
0.000000 0.000000 0.000000 0.000000 0.000000 0.000000 65.034599 68.916946 68.959648 57.951141 68.959648 68.959648 68.959648 68.959648 68.959648 60.683357 46.487667 
0.000000 0.000000 0.000000 0.000000 0.000000 61.885052 53.351974 48.226772 68.959648 68.959648 68.959648 68.959648 68.300797 68.959648 68.959648 64.098396 0.000000 
0.000000 0.000000 0.000000 0.000000 0.000000 68.959648 48.226772 67.304451 68.959648 68.959648 68.959648 68.959648 66.663582 68.959648 60.683357 51.742046 0.000000 
0.000000 0.000000 0.000000 0.000000 68.916946 67.304451 61.885052 48.226772 68.959648 68.959648 68.959648 68.959648 68.959648 68.959648 68.300797 64.098396 0.000000 
0.000000 0.000000 0.000000 0.000000 61.885052 68.959648 42.730614 68.959648 68.959648 68.959648 68.959648 68.959648 68.959648 68.753731 68.300797 46.487667 0.000000 
0.000000 0.000000 0.000000 48.226772 65.034599 68.959648 53.351974 68.959648 68.959648 68.959648 68.959648 68.959648 68.959648 66.663582 68.959648 0.000000 0.000000 
0.000000 0.000000 0.000000 42.730614 57.951141 37.029655 68.959648 53.351974 68.959648 68.959648 68.959648 68.959648 68.300797 68.959648 51.742046 0.000000 0.000000 
0.000000 0.000000 0.000000 67.304451 68.959648 53.351974 68.959648 68.959648 68.959648 68.959648 68.959648 68.959648 68.959648 51.742046 68.753731 0.000000 0.000000 
0.000000 0.000000 53.351974 42.730614 68.959648 37.029655 68.959648 61.885052 68.959648 68.959648 68.959648 68.959648 68.959648 46.487667 51.742046 0.000000 0.000000 
0.000000 0.000000 48.226772 53.351974 48.226772 53.351974 68.916946 68.959648 68.959648 68.959648 68.959648 68.959648 66.663582 51.742046 0.000000 0.000000 0.000000 
0.000000 0.000000 37.029655 68.959648 67.304451 68.959648 68.959648 68.959648 68.959648 68.959648 68.753731 66.663582 46.487667 51.742046 0.000000 0.000000 0.000000 
0.000000 37.029655 31.296021 68.959648 42.730614 61.885052 68.959648 66.663582 68.959648 68.959648 68.959648 66.663582 68.753731 46.487667 0.000000 0.000000 0.000000 
0.000000 37.029655 37.029655 57.951141 53.351974 68.959648 68.959648 68.959648 68.959648 68.959648 46.487667 46.487667 46.487667 0.000000 0.000000 0.000000 0.000000 
0.000000 37.029655 67.304451 68.625938 68.959648 68.959648 68.959648 68.959648 68.959648 68.300797 66.663582 51.742046 51.742046 0.000000 0.000000 0.000000 0.000000 
0.000000 31.296021 42.730614 53.351974 68.916946 68.959648 66.663582 68.959648 68.753731 46.487667 68.959648 46.487667 0.000000 0.000000 0.000000 0.000000 0.000000 
0.000000 37.029655 53.351974 48.226772 68.959648 68.959648 68.959648 68.959648 60.683357 66.663582 51.742046 46.487667 0.000000 0.000000 0.000000 0.000000 0.000000 
37.029655 31.296021 48.226772 53.351974 68.959648 68.959648 68.959648 68.959648 51.742046 51.742046 46.487667 51.742046 0.000000 0.000000 0.000000 0.000000 0.000000 
25.702415 61.885052 57.951141 48.226772 68.959648 68.300797 68.959648 68.753731 64.098396 51.742046 51.742046 0.000000 0.000000 0.000000 0.000000 0.000000 0.000000 
53.351974 37.029655 57.951141 65.034599 68.959648 68.959648 68.959648 68.753731 51.742046 46.487667 40.918919 0.000000 0.000000 0.000000 0.000000 0.000000 0.000000 
53.351974 53.351974 68.625938 53.351974 68.959648 68.959648 68.753731 46.487667 51.742046 40.918919 0.000000 0.000000 0.000000 0.000000 0.000000 0.000000 0.000000 
53.351974 48.226772 53.351974 68.959648 68.959648 68.959648 68.959648 51.742046 40.918919 46.487667 0.000000 0.000000 0.000000 0.000000 0.000000 0.000000 0.000000 
37.029655 53.351974 53.351974 68.959648 68.959648 68.959648 51.742046 46.487667 46.487667 0.000000 0.000000 0.000000 0.000000 0.000000 0.000000 0.000000 0.000000 
37.029655 42.730614 61.885052 68.959648 68.959648 68.959648 46.487667 46.487667 35.204926 0.000000 0.000000 0.000000 0.000000 0.000000 0.000000 0.000000 0.000000 
37.029655 42.730614 68.959648 68.959648 68.959648 51.742046 46.487667 3.225289 0.000000 0.000000 0.000000 0.000000 0.000000 0.000000 0.000000 0.000000 0.000000 
11.383249 67.304451 68.959648 68.959648 68.959648 40.918919 40.918919 0.000000 0.000000 0.000000 0.000000 0.000000 0.000000 0.000000 0.000000 0.000000 0.000000 
31.296021 65.034599 68.959648 68.959648 46.487667 3.225289 3.225289 0.000000 0.000000 0.000000 0.000000 0.000000 0.000000 0.000000 0.000000 0.000000 0.000000 
31.296021 68.959648 68.959648 46.487667 40.918919 3.225289 0.000000 0.000000 0.000000 0.000000 0.000000 0.000000 0.000000 0.000000 0.000000 0.000000 0.000000 
7.897511 68.959648 66.663582 40.918919 3.225289 0.000000 0.000000 0.000000 0.000000 0.000000 0.000000 0.000000 0.000000 0.000000 0.000000 0.000000 0.000000 
1.874879 -1.000000 40.918919 3.225289 0.000000 0.000000 0.000000 0.000000 0.000000 0.000000 0.000000 0.000000 0.000000 0.000000 0.000000 0.000000 0.000000 
1.874879 1.730434 1.981816 0.000000 0.000000 0.000000 0.000000 0.000000 0.000000 0.000000 0.000000 0.000000 0.000000 0.000000 0.000000 0.000000 0.000000 
