test/output/constant/M3100_S060_A270_WD315.0_WS010.0/M3100_S060_A270_WD315.0_WS010.0_ros.asc
ncols         15
nrows         50
xllcorner     426403.990666
yllcorner     12748655.311160
cellsize      100.000000
NODATA_value  0.000000
0.000000 0.000000 0.000000 0.000000 0.000000 0.000000 0.000000 0.000000 0.000000 0.000000 0.000000 81.132637 81.132637 0.000000 0.000000 
0.000000 0.000000 0.000000 0.000000 0.000000 0.000000 0.000000 0.000000 0.000000 0.000000 81.132637 81.132637 81.132637 81.132637 0.000000 
0.000000 0.000000 0.000000 0.000000 0.000000 0.000000 0.000000 0.000000 0.000000 81.132637 81.132637 81.132637 78.658234 80.942337 0.000000 
0.000000 0.000000 0.000000 0.000000 0.000000 0.000000 0.000000 0.000000 81.132637 81.132637 81.132637 81.132637 81.132637 81.132637 71.759491 
0.000000 0.000000 0.000000 0.000000 0.000000 0.000000 0.000000 0.000000 79.097084 81.132637 81.132637 81.132637 81.132637 81.132637 81.132637 
0.000000 0.000000 0.000000 0.000000 0.000000 0.000000 0.000000 81.132637 76.366913 81.132637 81.132637 81.132637 81.132637 81.132637 81.132637 
0.000000 0.000000 0.000000 0.000000 0.000000 0.000000 0.000000 81.132637 79.097084 81.132637 81.132637 81.132637 81.132637 81.132637 78.658234 
0.000000 0.000000 0.000000 0.000000 0.000000 0.000000 81.132637 81.132637 81.132637 81.051575 81.132637 80.481995 81.132637 81.132637 81.132637 
0.000000 0.000000 0.000000 0.000000 0.000000 0.000000 81.132637 81.132637 81.132637 81.132637 81.132637 81.132637 81.132637 71.759491 80.481995 
0.000000 0.000000 0.000000 0.000000 0.000000 79.097084 81.132637 56.279781 81.132637 81.132637 81.132637 81.132637 81.132637 81.132637 81.132637 
0.000000 0.000000 0.000000 0.000000 0.000000 81.132637 79.097084 81.132637 81.132637 81.132637 81.132637 81.132637 81.132637 78.658234 81.132637 
0.000000 0.000000 0.000000 0.000000 0.000000 81.132637 81.132637 81.132637 81.132637 81.132637 81.132637 81.132637 81.132637 81.132637 81.132637 
0.000000 0.000000 0.000000 0.000000 81.132637 81.132637 81.132637 76.366913 81.132637 81.132637 80.942337 81.132637 81.132637 81.132637 81.132637 
0.000000 0.000000 0.000000 0.000000 72.591934 81.132637 80.699677 67.886620 81.132637 81.132637 80.942337 81.132637 81.132637 81.132637 71.759491 
0.000000 0.000000 0.000000 0.000000 81.132637 81.132637 81.132637 81.132637 81.132637 81.132637 81.132637 78.658234 81.132637 81.132637 78.658234 
0.000000 0.000000 0.000000 79.097084 81.132637 81.132637 81.132637 81.132637 81.132637 71.759491 78.658234 81.132637 80.481995 81.132637 81.132637 
0.000000 0.000000 0.000000 56.279781 62.393692 79.097084 81.132637 81.132637 81.132637 81.132637 81.132637 81.132637 75.720932 80.481995 81.132637 
0.000000 0.000000 0.000000 72.591934 81.051575 80.699677 67.886620 81.132637 81.132637 81.132637 81.132637 81.132637 71.759491 71.759491 78.658234 
0.000000 0.000000 0.000000 81.051575 79.097084 79.097084 81.132637 81.132637 81.132637 81.132637 81.132637 71.759491 81.132637 78.658234 71.759491 
0.000000 0.000000 62.393692 67.886620 81.132637 81.132637 81.132637 81.132637 81.132637 81.132637 81.132637 78.658234 78.658234 71.759491 0.000000 
0.000000 0.000000 76.366913 81.051575 76.366913 81.132637 81.132637 81.132637 78.658234 81.132637 75.720932 71.759491 55.068596 55.068596 0.000000 
0.000000 0.000000 49.730312 81.051575 80.699677 81.132637 81.132637 81.132637 81.132637 80.942337 78.658234 71.759491 71.759491 81.132637 0.000000 
0.000000 0.000000 72.591934 67.886620 81.051575 72.591934 81.132637 81.132637 81.132637 81.132637 81.132637 80.942337 78.658234 55.068596 0.000000 
0.000000 0.000000 56.279781 81.132637 81.051575 81.132637 81.132637 81.132637 81.132637 78.658234 78.658234 78.658234 71.759491 55.068596 0.000000 
0.000000 67.886620 76.366913 81.132637 79.097084 76.366913 81.132637 81.132637 81.132637 81.132637 75.720932 78.658234 78.658234 55.068596 0.000000 
0.000000 56.279781 56.279781 67.886620 76.366913 81.132637 81.132637 81.132637 81.132637 81.132637 66.894463 78.658234 55.068596 0.000000 0.000000 
0.000000 67.886620 72.591934 79.097084 81.132637 81.132637 81.132637 81.132637 81.132637 81.132637 78.658234 61.273842 55.068596 0.000000 0.000000 
0.000000 49.730312 49.730312 81.132637 62.393692 81.132637 81.132637 81.132637 81.132637 78.658234 71.759491 61.273842 55.068596 0.000000 0.000000 
0.000000 62.393692 72.591934 62.393692 81.132637 81.132637 81.132637 81.132637 81.132637 55.068596 78.658234 80.481995 55.068596 0.000000 0.000000 
0.000000 72.591934 79.097084 79.097084 79.097084 81.132637 78.658234 81.132637 80.942337 71.759491 55.068596 55.068596 0.000000 0.000000 0.000000 
0.000000 62.393692 72.591934 81.132637 81.132637 81.132637 81.132637 81.132637 81.132637 75.720932 55.068596 55.068596 0.000000 0.000000 0.000000 
49.730312 72.591934 79.097084 81.132637 81.132637 81.132637 81.132637 75.720932 78.658234 80.481995 78.658234 55.068596 0.000000 0.000000 0.000000 
56.279781 62.393692 62.393692 81.132637 81.132637 81.132637 81.132637 81.132637 81.132637 55.068596 61.273842 61.273842 0.000000 0.000000 0.000000 
42.943886 72.591934 72.591934 81.132637 81.132637 81.132637 81.132637 81.132637 80.942337 61.273842 55.068596 0.000000 0.000000 0.000000 0.000000 
56.279781 56.279781 81.051575 81.132637 81.132637 80.481995 80.481995 71.759491 75.720932 61.273842 61.273842 0.000000 0.000000 0.000000 0.000000 
56.279781 67.886620 67.886620 81.132637 81.132637 81.132637 81.132637 80.481995 61.273842 55.068596 61.273842 0.000000 0.000000 0.000000 0.000000 
62.393692 49.730312 79.097084 81.132637 81.132637 81.132637 81.132637 55.068596 55.068596 61.273842 0.000000 0.000000 0.000000 0.000000 0.000000 
42.943886 56.279781 62.393692 62.393692 81.132637 81.132637 80.481995 78.658234 55.068596 61.273842 0.000000 0.000000 0.000000 0.000000 0.000000 
23.217413 42.943886 72.591934 81.132637 81.132637 81.132637 78.658234 55.068596 55.068596 55.068596 0.000000 0.000000 0.000000 0.000000 0.000000 
49.730312 42.943886 79.097084 81.132637 81.132637 81.132637 78.658234 55.068596 55.068596 0.000000 0.000000 0.000000 0.000000 0.000000 0.000000 
23.217413 67.886620 62.393692 81.132637 81.132637 81.132637 78.658234 55.068596 55.068596 0.000000 0.000000 0.000000 0.000000 0.000000 0.000000 
42.943886 42.943886 79.097084 81.132637 81.132637 78.658234 61.273842 55.068596 48.467442 0.000000 0.000000 0.000000 0.000000 0.000000 0.000000 
23.217413 42.943886 81.132637 81.132637 81.132637 61.273842 55.068596 55.068596 0.000000 0.000000 0.000000 0.000000 0.000000 0.000000 0.000000 
49.730312 49.730312 81.132637 81.132637 81.132637 55.068596 55.068596 48.467442 0.000000 0.000000 0.000000 0.000000 0.000000 0.000000 0.000000 
23.217413 49.730312 81.132637 81.132637 81.132637 55.068596 2.559553 0.000000 0.000000 0.000000 0.000000 0.000000 0.000000 0.000000 0.000000 
29.483732 49.730312 81.132637 81.132637 55.068596 48.467442 2.559553 0.000000 0.000000 0.000000 0.000000 0.000000 0.000000 0.000000 0.000000 
17.516294 29.483732 81.132637 81.132637 55.068596 2.559553 0.000000 0.000000 0.000000 0.000000 0.000000 0.000000 0.000000 0.000000 0.000000 
1.658173 29.483732 81.132637 81.132637 2.559553 2.559553 0.000000 0.000000 0.000000 0.000000 0.000000 0.000000 0.000000 0.000000 0.000000 
0.000000 1.658173 -1.000000 2.559553 2.559553 0.000000 0.000000 0.000000 0.000000 0.000000 0.000000 0.000000 0.000000 0.000000 0.000000 
0.000000 1.436997 2.136656 1.720821 0.000000 0.000000 0.000000 0.000000 0.000000 0.000000 0.000000 0.000000 0.000000 0.000000 0.000000 
