test/output/constant/M3M495_S000_A000_WD090.0_WS045.0/M3M495_S000_A000_WD090.0_WS045.0_arrival.asc
ncols         58
nrows         11
xllcorner     420903.990666
yllcorner     12748255.311160
cellsize      100.000000
NODATA_value  0.000000
0.000000 0.000000 0.000000 0.000000 0.000000 0.000000 0.000000 0.000000 0.000000 0.000000 0.000000 0.000000 0.000000 0.000000 0.000000 0.000000 0.000000 166.041667 166.041156 166.040568 166.040274 166.039686 166.039392 166.038804 166.038510 166.038510 166.038510 166.038510 166.038510 166.038510 166.038510 166.038510 166.038804 166.039098 166.039392 166.039980 166.040274 166.040862 166.041450 0.000000 0.000000 0.000000 0.000000 0.000000 0.000000 0.000000 0.000000 0.000000 0.000000 0.000000 0.000000 0.000000 0.000000 0.000000 0.000000 0.000000 0.000000 0.000000 
0.000000 0.000000 0.000000 0.000000 0.000000 0.000000 0.000000 0.000000 0.000000 166.041450 166.040862 166.040274 166.039686 166.039098 166.038510 166.037922 166.037334 166.036746 166.036452 166.035865 166.035277 166.034689 166.034395 166.033807 166.033219 166.032631 166.032337 166.031749 166.031455 166.030867 166.030573 166.029985 166.029985 166.029985 166.029985 166.029985 166.029985 166.029985 166.030279 166.030573 166.031161 166.031749 166.032043 166.033219 166.034101 166.035571 166.037040 166.039686 0.000000 0.000000 0.000000 0.000000 0.000000 0.000000 0.000000 0.000000 0.000000 0.000000 
0.000000 0.000000 0.000000 0.000000 0.000000 166.041450 166.040568 166.039980 166.039392 166.038510 166.037922 166.037334 166.036746 166.035865 166.035277 166.034689 166.033807 166.033219 166.032631 166.032043 166.031161 166.030573 166.029985 166.029397 166.028809 166.028221 166.027633 166.027045 166.026457 166.026163 166.025576 166.024988 166.024400 166.024106 166.023518 166.022930 166.022636 166.022048 166.021754 166.021460 166.021460 166.021460 166.021460 166.021460 166.021754 166.022342 166.022930 166.023812 166.024694 166.026163 166.028221 166.031161 166.035277 166.040862 0.000000 0.000000 0.000000 0.000000 
0.000000 0.000000 166.041450 166.040862 166.040274 166.039392 166.038804 166.038216 166.037334 166.036746 166.035865 166.035277 166.034395 166.033807 166.033219 166.032337 166.031749 166.030867 166.030279 166.029397 166.028809 166.027927 166.027339 166.026751 166.025869 166.025282 166.024694 166.023812 166.023224 166.022636 166.021754 166.021166 166.020578 166.019990 166.019108 166.018520 166.017932 166.017344 166.016756 166.016168 166.015580 166.015287 166.014699 166.014111 166.013817 166.013229 166.012935 166.012935 166.012935 166.012935 166.013523 166.014405 166.015287 166.017638 166.020872 166.027339 166.038216 0.000000 
0.000000 166.041156 166.040274 166.039686 166.038804 166.038216 166.037334 166.036746 166.035865 166.035277 166.034395 166.033807 166.032925 166.032337 166.031749 166.030867 166.030279 166.029397 166.028809 166.027927 166.027339 166.026457 166.025869 166.025282 166.024400 166.023812 166.022930 166.022342 166.021460 166.020872 166.020284 166.019402 166.018814 166.017932 166.017344 166.016462 166.015874 166.014993 166.014405 166.013523 166.012935 166.012053 166.011465 166.010877 166.009995 166.009407 166.008525 166.007937 166.007349 166.006467 166.005879 166.005291 166.004998 166.004410 166.004410 166.004704 166.006467 166.014111 
166.041667 166.040862 166.040274 166.039392 166.038804 166.037922 166.037334 166.036452 166.035865 166.034983 166.034395 166.033513 166.032925 166.032043 166.031455 166.030573 166.029985 166.029103 166.028515 166.027633 166.027045 166.026163 166.025576 166.024694 166.024106 166.023224 166.022636 166.021754 166.021166 166.020284 166.019696 166.018814 166.018226 166.017344 166.016756 166.015874 166.015287 166.014405 166.013817 166.012935 166.012347 166.011465 166.010877 166.009995 166.009407 166.008525 166.007937 166.007055 166.006467 166.005585 166.004998 166.004116 166.003528 166.002646 166.002058 166.001176 166.000588 166.000000 
0.000000 166.041156 166.040274 166.039686 166.038804 166.038216 166.037334 166.036746 166.035865 166.035277 166.034395 166.033807 166.032925 166.032337 166.031749 166.030867 166.030279 166.029397 166.028809 166.027927 166.027339 166.026457 166.025869 166.025282 166.024400 166.023812 166.022930 166.022342 166.021460 166.020872 166.020284 166.019402 166.018814 166.017932 166.017344 166.016462 166.015874 166.014993 166.014405 166.013523 166.012935 166.012053 166.011465 166.010877 166.009995 166.009407 166.008525 166.007937 166.007349 166.006467 166.005879 166.005291 166.004998 166.004410 166.004410 166.004704 166.006467 166.014111 
0.000000 0.000000 166.041450 166.040862 166.040274 166.039392 166.038804 166.038216 166.037334 166.036746 166.035865 166.035277 166.034395 166.033807 166.033219 166.032337 166.031749 166.030867 166.030279 166.029397 166.028809 166.027927 166.027339 166.026751 166.025869 166.025282 166.024694 166.023812 166.023224 166.022636 166.021754 166.021166 166.020578 166.019990 166.019108 166.018520 166.017932 166.017344 166.016756 166.016168 166.015580 166.015287 166.014699 166.014111 166.013817 166.013229 166.012935 166.012935 166.012935 166.012935 166.013523 166.014405 166.015287 166.017638 166.020872 166.027339 166.038216 0.000000 
0.000000 0.000000 0.000000 0.000000 0.000000 166.041450 166.040568 166.039980 166.039392 166.038510 166.037922 166.037334 166.036746 166.035865 166.035277 166.034689 166.033807 166.033219 166.032631 166.032043 166.031161 166.030573 166.029985 166.029397 166.028809 166.028221 166.027633 166.027045 166.026457 166.026163 166.025576 166.024988 166.024400 166.024106 166.023518 166.022930 166.022636 166.022048 166.021754 166.021460 166.021460 166.021460 166.021460 166.021460 166.021754 166.022342 166.022930 166.023812 166.024694 166.026163 166.028221 166.031161 166.035277 166.040862 0.000000 0.000000 0.000000 0.000000 
0.000000 0.000000 0.000000 0.000000 0.000000 0.000000 0.000000 0.000000 0.000000 166.041450 166.040862 166.040274 166.039686 166.039098 166.038510 166.037922 166.037334 166.036746 166.036452 166.035865 166.035277 166.034689 166.034395 166.033807 166.033219 166.032631 166.032337 166.031749 166.031455 166.030867 166.030573 166.029985 166.029985 166.029985 166.029985 166.029985 166.029985 166.029985 166.030279 166.030573 166.031161 166.031749 166.032043 166.033219 166.034101 166.035571 166.037040 166.039686 0.000000 0.000000 0.000000 0.000000 0.000000 0.000000 0.000000 0.000000 0.000000 0.000000 
0.000000 0.000000 0.000000 0.000000 0.000000 0.000000 0.000000 0.000000 0.000000 0.000000 0.000000 0.000000 0.000000 0.000000 0.000000 0.000000 0.000000 166.041667 166.041156 166.040568 166.040274 166.039686 166.039392 166.038804 166.038510 166.038510 166.038510 166.038510 166.038510 166.038510 166.038510 166.038510 166.038804 166.039098 166.039392 166.039980 166.040274 166.040862 166.041450 0.000000 0.000000 0.000000 0.000000 0.000000 0.000000 0.000000 0.000000 0.000000 0.000000 0.000000 0.000000 0.000000 0.000000 0.000000 0.000000 0.000000 0.000000 0.000000 
