test/output/constant/M395_S060_A090_WD225.0_WS005.0/M395_S060_A090_WD225.0_WS005.0_ros.asc
ncols         12
nrows         52
xllcorner     426303.990666
yllcorner     12743755.311160
cellsize      100.000000
NODATA_value  0.000000
0.000000 0.000000 0.000000 1.165139 0.000000 0.000000 0.000000 0.000000 0.000000 0.000000 0.000000 0.000000 
0.000000 0.000000 1.383232 -1.000000 1.408928 2.261740 0.000000 0.000000 0.000000 0.000000 0.000000 0.000000 
0.000000 1.383232 43.993526 83.922577 57.321026 1.408928 0.000000 0.000000 0.000000 0.000000 0.000000 0.000000 
0.000000 29.997726 43.993526 83.922577 78.576172 1.408928 1.818511 0.000000 0.000000 0.000000 0.000000 0.000000 
0.000000 36.900967 36.900967 83.922577 78.576172 57.321026 1.408928 0.000000 0.000000 0.000000 0.000000 0.000000 
0.000000 1.383232 43.993526 83.922577 83.922577 63.742073 57.321026 0.000000 0.000000 0.000000 0.000000 0.000000 
29.997726 2.992571 57.885857 83.922577 83.922577 63.742073 57.321026 1.408928 0.000000 0.000000 0.000000 0.000000 
29.997726 57.885857 64.263718 83.922577 83.922577 83.922577 1.408928 57.321026 0.000000 0.000000 0.000000 0.000000 
29.997726 51.060024 57.885857 83.922577 83.922577 63.742073 1.408928 57.321026 0.000000 0.000000 0.000000 0.000000 
36.900967 43.993526 74.920219 83.922577 83.922577 74.533722 63.742073 57.321026 57.321026 0.000000 0.000000 0.000000 
51.060024 43.993526 69.999908 64.263718 83.922577 83.765160 57.321026 1.408928 63.742073 0.000000 0.000000 0.000000 
36.900967 43.993526 78.875229 69.999908 83.922577 81.542801 57.321026 57.321026 1.818511 0.000000 0.000000 0.000000 
51.060024 43.993526 78.875229 83.922577 83.922577 83.343376 69.538391 69.538391 57.321026 0.000000 0.000000 0.000000 
51.060024 51.060024 78.875229 83.922577 83.922577 83.922577 57.321026 57.321026 63.742073 57.321026 0.000000 0.000000 
51.060024 43.993526 78.875229 83.441948 83.922577 83.922577 69.538391 74.533722 57.321026 57.321026 0.000000 0.000000 
36.900967 57.885857 78.875229 83.922577 83.922577 83.922577 78.576172 57.321026 57.321026 57.321026 0.000000 0.000000 
36.900967 64.263718 78.875229 83.922577 83.922577 83.922577 83.343376 57.321026 57.321026 63.742073 0.000000 0.000000 
43.993526 64.263718 78.875229 83.922577 83.922577 83.922577 83.343376 81.542801 57.321026 57.321026 0.000000 0.000000 
43.993526 64.263718 81.744843 83.922577 83.922577 83.922577 83.922577 63.742073 74.533722 57.321026 57.321026 0.000000 
51.060024 57.885857 78.875229 83.922577 83.922577 83.922577 83.922577 69.538391 63.742073 78.576172 57.321026 0.000000 
29.997726 69.999908 81.744843 83.922577 83.922577 83.922577 81.542801 78.576172 57.321026 57.321026 57.321026 0.000000 
43.993526 64.263718 81.744843 83.922577 83.922577 78.576172 83.343376 74.533722 63.742073 69.538391 57.321026 0.000000 
51.060024 43.993526 81.744843 83.922577 83.922577 83.922577 83.343376 81.542801 57.321026 74.533722 63.742073 0.000000 
64.263718 64.263718 83.922577 83.922577 83.922577 83.922577 83.922577 83.343376 57.321026 8.007515 57.321026 0.000000 
36.900967 69.999908 78.875229 83.922577 83.922577 83.922577 74.533722 83.922577 78.576172 57.321026 1.408928 0.000000 
43.993526 69.999908 78.875229 43.993526 83.922577 83.922577 69.538391 83.765160 78.576172 57.321026 78.576172 57.321026 
36.900967 69.999908 78.875229 43.993526 83.922577 83.922577 83.922577 83.343376 78.576172 69.538391 63.742073 81.542801 
64.263718 78.875229 83.814613 51.060024 83.922577 83.922577 63.742073 83.922577 78.576172 63.742073 63.742073 57.321026 
57.885857 51.060024 81.744843 51.060024 78.875229 83.922577 83.922577 83.922577 83.765160 69.538391 57.321026 69.538391 
64.263718 57.885857 83.922577 51.060024 83.922577 83.922577 83.922577 83.922577 83.922577 78.576172 69.538391 69.538391 
57.885857 64.263718 81.744843 57.885857 78.875229 83.922577 83.922577 83.922577 74.533722 63.742073 57.321026 1.408928 
0.000000 64.263718 83.922577 57.885857 83.922577 83.922577 83.922577 83.922577 83.765160 78.576172 69.538391 4.938422 
0.000000 64.263718 83.922577 57.885857 83.922577 83.922577 83.922577 83.922577 83.922577 83.765160 57.321026 57.321026 
0.000000 74.920219 83.441948 64.263718 83.922577 83.922577 83.922577 83.922577 83.922577 81.542801 63.742073 63.742073 
0.000000 69.999908 83.814613 64.263718 51.060024 83.922577 83.922577 83.922577 83.765160 83.765160 63.742073 78.576172 
0.000000 69.999908 83.814613 64.263718 57.885857 83.922577 83.922577 83.922577 81.542801 83.765160 78.576172 63.742073 
0.000000 69.999908 83.922577 64.263718 57.885857 83.922577 83.922577 83.922577 83.922577 69.538391 69.538391 78.576172 
0.000000 0.000000 83.441948 69.999908 83.922577 83.922577 83.922577 83.922577 83.922577 83.922577 83.765160 63.742073 
0.000000 0.000000 83.814613 69.999908 81.744843 83.922577 83.922577 83.922577 69.538391 63.742073 74.533722 78.576172 
0.000000 0.000000 43.993526 69.999908 74.920219 83.922577 83.922577 83.922577 74.533722 83.922577 83.765160 63.742073 
0.000000 0.000000 43.993526 69.999908 74.920219 83.814613 83.922577 83.922577 78.576172 83.922577 83.922577 69.538391 
0.000000 0.000000 51.060024 74.920219 74.920219 83.922577 83.922577 83.922577 83.922577 83.922577 83.922577 63.742073 
0.000000 0.000000 0.000000 69.999908 74.920219 83.922577 83.922577 83.922577 83.922577 83.922577 69.538391 81.542801 
0.000000 0.000000 0.000000 69.999908 83.922577 83.922577 83.922577 83.922577 81.542801 83.343376 83.922577 63.742073 
0.000000 0.000000 0.000000 69.999908 81.744843 51.060024 83.922577 78.576172 74.533722 69.538391 83.922577 78.576172 
0.000000 0.000000 0.000000 74.920219 83.922577 83.922577 83.922577 83.922577 83.922577 83.922577 83.922577 83.922577 
0.000000 0.000000 0.000000 0.000000 83.922577 69.999908 83.922577 83.922577 83.922577 83.922577 83.922577 0.000000 
0.000000 0.000000 0.000000 0.000000 83.922577 83.922577 83.922577 83.922577 83.922577 83.922577 83.922577 0.000000 
0.000000 0.000000 0.000000 0.000000 0.000000 83.814613 83.922577 83.922577 83.922577 83.922577 83.922577 0.000000 
0.000000 0.000000 0.000000 0.000000 0.000000 83.922577 74.920219 83.922577 83.922577 83.922577 81.542801 0.000000 
0.000000 0.000000 0.000000 0.000000 0.000000 0.000000 83.922577 83.922577 83.922577 83.922577 0.000000 0.000000 
0.000000 0.000000 0.000000 0.000000 0.000000 0.000000 0.000000 83.441948 83.922577 83.922577 0.000000 0.000000 
