test/output/constant/M3M490_S060_A180_WD135.0_WS010.0/M3M490_S060_A180_WD135.0_WS010.0_arrival.asc
ncols         41
nrows         13
xllcorner     426503.990666
yllcorner     12748555.311160
cellsize      100.000000
NODATA_value  0.000000
0.000000 0.000000 0.000000 0.000000 0.000000 0.000000 0.000000 0.000000 0.000000 0.000000 0.000000 0.000000 0.000000 0.000000 0.000000 0.000000 0.000000 0.000000 0.000000 0.000000 0.000000 0.000000 0.000000 166.041087 166.040257 166.039427 166.039012 166.038597 166.038597 166.038182 166.038182 166.038182 166.038182 166.038597 166.039012 166.039427 166.039842 166.040257 166.041087 166.041502 0.000000 
0.000000 0.000000 0.000000 0.000000 0.000000 0.000000 0.000000 0.000000 0.000000 0.000000 0.000000 0.000000 0.000000 0.000000 0.000000 0.000000 0.000000 0.000000 166.041087 166.039427 166.037767 166.036522 166.035692 166.035277 166.034862 166.034447 166.034447 166.034447 166.034447 166.034447 166.034862 166.035277 166.035692 166.036107 166.036522 166.037352 166.038182 166.039012 166.039842 166.040672 166.041502 
0.000000 0.000000 0.000000 0.000000 0.000000 0.000000 0.000000 0.000000 0.000000 0.000000 0.000000 0.000000 0.000000 0.000000 0.000000 166.039012 166.036107 166.034447 166.032787 166.031957 166.031127 166.030712 166.030297 166.030297 166.030297 166.030297 166.030297 166.030712 166.031127 166.031542 166.032372 166.032787 166.033617 166.034447 166.035277 166.036522 166.037352 166.038182 166.039427 166.040257 166.041502 
0.000000 0.000000 0.000000 0.000000 0.000000 0.000000 0.000000 0.000000 0.000000 0.000000 0.000000 166.041502 166.037352 166.034032 166.031127 166.029467 166.028221 166.027391 166.026976 166.026561 166.026146 166.026146 166.026146 166.026561 166.026976 166.027391 166.027806 166.028636 166.029467 166.029882 166.031127 166.031957 166.032787 166.034032 166.035277 166.036107 166.037352 166.038182 166.039427 166.040672 166.041502 
0.000000 0.000000 0.000000 0.000000 0.000000 0.000000 0.000000 0.000000 0.000000 166.036937 166.032372 166.029051 166.026146 166.024486 166.023656 166.022826 166.022411 166.022411 166.022411 166.022411 166.022411 166.022826 166.023241 166.024071 166.024901 166.025731 166.026561 166.027391 166.028636 166.029882 166.030712 166.031957 166.032787 166.034032 166.035277 166.036107 166.037767 166.039012 166.040257 166.041502 0.000000 
0.000000 0.000000 0.000000 0.000000 0.000000 0.000000 166.039842 166.032787 166.027806 166.024071 166.021581 166.019921 166.019091 166.018676 166.018261 166.018261 166.018261 166.018676 166.019091 166.019506 166.020751 166.021166 166.022411 166.023241 166.024486 166.025316 166.026561 166.027391 166.028636 166.029882 166.031127 166.032372 166.033617 166.034862 166.036107 166.037352 166.039012 166.040257 166.041667 0.000000 0.000000 
0.000000 0.000000 0.000000 0.000000 166.038597 166.029467 166.023241 166.019091 166.016601 166.014941 166.014526 166.014111 166.014111 166.014526 166.014941 166.015356 166.016186 166.017016 166.017846 166.019091 166.019921 166.021166 166.022411 166.023241 166.024486 166.025731 166.026976 166.028221 166.029467 166.030712 166.032372 166.033617 166.035277 166.036937 166.038182 166.039842 166.041502 0.000000 0.000000 0.000000 0.000000 
0.000000 0.000000 166.041087 166.027806 166.019091 166.014526 166.011621 166.010376 166.010376 166.010376 166.010376 166.010791 166.011621 166.012451 166.013696 166.014526 166.015771 166.017016 166.017846 166.019091 166.020336 166.021581 166.022826 166.024071 166.025731 166.026976 166.028636 166.030297 166.031957 166.033202 166.034862 166.036522 166.038182 166.039842 166.041502 0.000000 0.000000 0.000000 0.000000 0.000000 0.000000 
0.000000 166.032372 166.017016 166.009961 166.006640 166.006225 166.006225 166.006640 166.007055 166.008300 166.009130 166.010376 166.011621 166.012451 166.013696 166.014941 166.016186 166.017431 166.019091 166.020336 166.021996 166.023656 166.025316 166.026976 166.028636 166.029882 166.031542 166.033202 166.035277 166.036937 166.038597 166.040257 0.000000 0.000000 0.000000 0.000000 0.000000 0.000000 0.000000 0.000000 0.000000 
166.034862 166.006225 166.002075 166.002075 166.002905 166.004150 166.004980 166.006225 166.007055 166.008300 166.009545 166.010791 166.012451 166.014111 166.015356 166.017016 166.018676 166.020336 166.022411 166.024071 166.025731 166.027391 166.029467 166.031127 166.032787 166.034862 166.036522 166.038182 166.040257 166.041667 0.000000 0.000000 0.000000 0.000000 0.000000 0.000000 0.000000 0.000000 0.000000 0.000000 0.000000 
166.025731 166.000000 166.000830 166.001660 166.002905 166.004150 166.005810 166.007470 166.009130 166.011206 166.012866 166.014526 166.016601 166.018261 166.019921 166.021996 166.023656 166.025731 166.027391 166.029467 166.031127 166.032787 166.034862 166.036522 166.038597 166.040257 0.000000 0.000000 0.000000 0.000000 0.000000 0.000000 0.000000 0.000000 0.000000 0.000000 0.000000 0.000000 0.000000 0.000000 0.000000 
166.037767 166.015771 166.012451 166.012451 166.012866 166.013696 166.014941 166.017016 166.018676 166.020336 166.022411 166.024071 166.026146 166.027806 166.029467 166.031127 166.033202 166.034862 166.036937 166.038597 166.040672 0.000000 0.000000 0.000000 0.000000 0.000000 0.000000 0.000000 0.000000 0.000000 0.000000 0.000000 0.000000 0.000000 0.000000 0.000000 0.000000 0.000000 0.000000 0.000000 0.000000 
0.000000 0.000000 0.000000 166.039012 166.035277 166.034862 166.034862 166.034447 166.035277 166.035692 166.036522 166.037352 166.039012 166.039842 166.041667 0.000000 0.000000 0.000000 0.000000 0.000000 0.000000 0.000000 0.000000 0.000000 0.000000 0.000000 0.000000 0.000000 0.000000 0.000000 0.000000 0.000000 0.000000 0.000000 0.000000 0.000000 0.000000 0.000000 0.000000 0.000000 0.000000 
