test/output/constant/M3M4100_S060_A000_WD090.0_WS000.0/M3M4100_S060_A000_WD090.0_WS000.0_raz.asc
ncols         57
nrows         11
xllcorner     421103.990666
yllcorner     12748255.311160
cellsize      100.000000
NODATA_value  0.000000
0 0 0 0 0 0 0 0 0 0 0 0 0 272 276 275 279 276 273 272 279 276 276 277 275 275 279 276 277 277 277 333 277 277 316 280 276 333 277 277 277 0 0 0 0 0 0 0 0 0 0 0 0 0 0 0 0 
0 0 0 0 0 0 0 271 270 270 276 273 272 272 273 272 273 275 279 275 277 272 272 275 279 277 273 279 279 275 279 276 277 305 333 316 276 333 277 279 277 279 277 277 333 279 280 277 0 0 0 0 0 0 0 0 0 
0 0 0 0 276 272 275 275 272 272 270 271 272 273 273 272 275 271 271 271 275 272 270 270 279 277 270 271 272 276 271 275 272 276 273 272 276 277 276 277 277 279 277 280 277 277 279 279 279 23 23 333 0 0 0 0 0 
0 271 270 272 275 272 271 273 272 270 273 275 275 270 272 270 273 272 272 271 270 271 272 270 275 272 270 275 272 271 273 275 270 279 272 273 273 273 273 277 272 279 273 272 277 277 276 276 277 277 277 360 360 360 360 0 0 
271 271 271 271 271 271 271 271 271 271 271 271 271 271 271 272 272 273 273 275 270 270 271 271 275 270 276 270 271 272 271 270 271 272 270 277 275 275 272 272 272 270 273 272 271 271 270 277 271 272 273 271 277 277 279 23 0 
270 270 270 270 270 270 270 270 270 270 270 270 270 270 270 270 270 270 270 270 270 270 270 270 270 270 270 270 270 270 270 270 270 270 270 270 270 270 270 270 270 270 270 270 270 270 270 270 270 270 270 270 270 270 270 65535 90 
270 270 270 270 270 270 270 270 270 270 270 270 270 270 270 270 270 270 270 270 270 270 270 270 270 270 270 270 270 270 270 270 270 270 270 270 264 270 270 270 270 270 270 270 270 270 270 270 270 270 270 268 262 262 260 156 0 
0 270 270 270 270 270 270 270 270 270 270 270 264 270 270 270 270 270 270 270 270 270 270 270 270 270 270 270 270 270 270 264 270 270 270 270 270 266 266 270 270 270 266 270 262 262 263 263 262 262 262 180 180 180 180 0 0 
0 0 0 0 270 270 270 264 270 270 270 270 270 270 270 270 270 270 270 270 270 270 270 270 270 270 270 270 270 270 270 270 270 263 270 267 270 270 263 262 262 260 262 259 262 262 260 260 260 156 156 156 0 0 0 0 0 
0 0 0 0 0 0 0 270 270 270 270 270 270 270 270 270 270 270 270 264 270 270 270 264 270 270 266 270 270 270 270 270 262 234 206 223 263 206 262 260 262 260 262 262 206 260 259 262 0 0 0 0 0 0 0 0 0 
0 0 0 0 0 0 0 0 0 0 0 0 0 267 270 270 270 270 270 267 270 270 263 270 270 270 260 263 262 262 262 206 262 262 223 259 263 206 262 262 262 0 0 0 0 0 0 0 0 0 0 0 0 0 0 0 0 
