test/output/constant/M3M485_S000_A180_WD315.0_WS025.0/M3M485_S000_A180_WD315.0_WS025.0_raz.asc
ncols         22
nrows         22
xllcorner     426503.990666
yllcorner     12746755.311160
cellsize      100.000000
NODATA_value  0.000000
347 67 67 89 67 0 0 0 0 0 0 0 0 0 0 0 0 0 0 0 0 0 
202 254 134 115 79 89 67 0 0 0 0 0 0 0 0 0 0 0 0 0 0 0 
202 134 134 134 67 79 115 67 67 0 0 0 0 0 0 0 0 0 0 0 0 0 
180 154 134 132 129 132 79 115 79 79 0 0 0 0 0 0 0 0 0 0 0 0 
166 154 140 134 132 134 134 121 79 118 115 67 0 0 0 0 0 0 0 0 0 0 
0 180 190 137 134 134 130 134 129 129 79 129 79 0 0 0 0 0 0 0 0 0 
0 180 154 140 135 134 134 118 134 123 67 127 127 79 0 0 0 0 0 0 0 0 
0 0 154 154 148 134 134 134 132 67 134 67 132 127 127 0 0 0 0 0 0 0 
0 0 154 224 190 140 134 134 134 134 134 134 123 89 121 67 0 0 0 0 0 0 
0 0 0 202 151 140 146 134 134 134 134 132 134 125 132 127 67 0 0 0 0 0 
0 0 0 0 154 190 190 134 134 134 134 134 134 134 134 79 129 108 0 0 0 0 
0 0 0 0 202 140 142 240 134 137 134 134 134 134 134 134 123 129 0 0 0 0 
0 0 0 0 0 142 142 137 146 134 134 134 134 134 134 134 134 125 79 0 0 0 
0 0 0 0 0 0 140 142 137 144 134 134 135 134 134 134 134 127 134 123 0 0 
0 0 0 0 0 0 0 142 148 137 134 134 134 134 134 134 134 134 134 134 0 0 
0 0 0 0 0 0 0 0 142 142 190 134 134 134 134 134 134 134 134 134 56 0 
0 0 0 0 0 0 0 0 0 140 140 146 134 134 134 134 132 134 132 134 132 0 
0 0 0 0 0 0 0 0 0 0 161 140 144 142 134 134 135 134 134 129 134 134 
0 0 0 0 0 0 0 0 0 0 0 0 134 134 134 135 134 137 134 134 134 134 
0 0 0 0 0 0 0 0 0 0 0 0 0 146 134 134 134 134 134 134 134 130 
0 0 0 0 0 0 0 0 0 0 0 0 0 0 0 134 137 134 134 134 134 134 
0 0 0 0 0 0 0 0 0 0 0 0 0 0 0 0 0 134 134 134 134 134 
