test/output/constant/M375_S060_A000_WD180.0_WS010.0/M375_S060_A000_WD180.0_WS010.0_arrival.asc
ncols         43
nrows         14
xllcorner     422403.990666
yllcorner     12748655.311160
cellsize      100.000000
NODATA_value  0.000000
0.000000 166.041425 166.040665 166.040285 166.039904 166.039524 166.039524 166.039144 166.039144 166.039524 166.039524 166.039904 166.040665 166.041425 0.000000 0.000000 0.000000 0.000000 0.000000 0.000000 0.000000 0.000000 0.000000 0.000000 0.000000 0.000000 0.000000 0.000000 0.000000 0.000000 0.000000 0.000000 0.000000 0.000000 0.000000 0.000000 0.000000 0.000000 0.000000 0.000000 0.000000 0.000000 0.000000 
166.041425 166.040665 166.039524 166.038764 166.038004 166.037624 166.036864 166.036484 166.036104 166.036104 166.035724 166.035724 166.036104 166.036104 166.036864 166.037244 166.038004 166.039144 166.040285 0.000000 0.000000 0.000000 0.000000 0.000000 0.000000 0.000000 0.000000 0.000000 0.000000 0.000000 0.000000 0.000000 0.000000 0.000000 0.000000 0.000000 0.000000 0.000000 0.000000 0.000000 0.000000 0.000000 0.000000 
166.041425 166.040665 166.039524 166.038384 166.037624 166.036484 166.035724 166.034964 166.034204 166.033444 166.033064 166.032684 166.032684 166.032304 166.032304 166.032684 166.033064 166.033444 166.034204 166.034964 166.036104 166.037624 166.039524 0.000000 0.000000 0.000000 0.000000 0.000000 0.000000 0.000000 0.000000 0.000000 0.000000 0.000000 0.000000 0.000000 0.000000 0.000000 0.000000 0.000000 0.000000 0.000000 0.000000 
0.000000 166.041045 166.039904 166.038384 166.037624 166.036484 166.035344 166.034584 166.033444 166.032684 166.031544 166.030783 166.030403 166.029643 166.029643 166.029263 166.029263 166.029263 166.029263 166.029643 166.030023 166.030783 166.031924 166.033064 166.034964 166.037244 166.040665 0.000000 0.000000 0.000000 0.000000 0.000000 0.000000 0.000000 0.000000 0.000000 0.000000 0.000000 0.000000 0.000000 0.000000 0.000000 0.000000 
0.000000 0.000000 166.041045 166.039524 166.038004 166.036864 166.035724 166.034584 166.033444 166.032684 166.031544 166.030403 166.029643 166.028503 166.027743 166.026983 166.026603 166.026223 166.025843 166.025843 166.025843 166.025843 166.026223 166.026983 166.027743 166.028883 166.030403 166.033064 166.036104 166.040285 0.000000 0.000000 0.000000 0.000000 0.000000 0.000000 0.000000 0.000000 0.000000 0.000000 0.000000 0.000000 0.000000 
0.000000 0.000000 0.000000 0.000000 166.040285 166.038764 166.037244 166.035724 166.034204 166.033064 166.031924 166.030783 166.029643 166.028503 166.027743 166.026603 166.025463 166.024703 166.023943 166.023183 166.022803 166.022423 166.022423 166.022423 166.022423 166.022803 166.023563 166.024703 166.026223 166.028123 166.031544 166.036104 166.041425 0.000000 0.000000 0.000000 0.000000 0.000000 0.000000 0.000000 0.000000 0.000000 0.000000 
0.000000 0.000000 0.000000 0.000000 0.000000 166.041667 166.040285 166.038384 166.036484 166.034964 166.033444 166.031924 166.030403 166.028883 166.027743 166.026603 166.025463 166.024703 166.023563 166.022423 166.021662 166.020522 166.019762 166.019382 166.019002 166.019002 166.019002 166.019002 166.019762 166.020522 166.021662 166.023563 166.027363 166.031544 166.037624 0.000000 0.000000 0.000000 0.000000 0.000000 0.000000 0.000000 0.000000 
0.000000 0.000000 0.000000 0.000000 0.000000 0.000000 0.000000 166.041425 166.039904 166.038004 166.036484 166.034584 166.033064 166.031163 166.029643 166.028123 166.026603 166.025083 166.023943 166.022803 166.021662 166.020522 166.019762 166.018622 166.017482 166.016722 166.015962 166.015582 166.015582 166.015582 166.015582 166.016342 166.017482 166.019382 166.022803 166.027743 166.033824 0.000000 0.000000 0.000000 0.000000 0.000000 0.000000 
0.000000 0.000000 0.000000 0.000000 0.000000 0.000000 0.000000 0.000000 0.000000 0.000000 166.040665 166.038764 166.036484 166.034584 166.032684 166.031163 166.029263 166.027743 166.025843 166.024323 166.022803 166.021282 166.019762 166.018622 166.017482 166.016722 166.015582 166.014442 166.013682 166.012921 166.012161 166.012161 166.012161 166.012541 166.013301 166.014822 166.018242 166.023563 166.031544 0.000000 0.000000 0.000000 0.000000 
0.000000 0.000000 0.000000 0.000000 0.000000 0.000000 0.000000 0.000000 0.000000 0.000000 0.000000 0.000000 0.000000 166.039904 166.038004 166.035724 166.033824 166.031544 166.029643 166.027743 166.025843 166.023943 166.022423 166.020522 166.019002 166.017482 166.015962 166.014822 166.013682 166.012541 166.011781 166.010641 166.009501 166.009121 166.008741 166.008741 166.009121 166.010261 166.013682 166.020142 166.031924 0.000000 0.000000 
0.000000 0.000000 0.000000 0.000000 0.000000 0.000000 0.000000 0.000000 0.000000 0.000000 0.000000 0.000000 0.000000 0.000000 0.000000 166.041667 166.039524 166.037244 166.035344 166.033064 166.031163 166.028883 166.026983 166.024703 166.022803 166.020522 166.018622 166.017102 166.015202 166.013682 166.012161 166.010641 166.009501 166.008741 166.007601 166.006841 166.005701 166.005321 166.005321 166.006081 166.009881 166.019382 0.000000 
0.000000 0.000000 0.000000 0.000000 0.000000 0.000000 0.000000 0.000000 0.000000 0.000000 0.000000 0.000000 0.000000 0.000000 0.000000 0.000000 0.000000 0.000000 0.000000 166.040665 166.038384 166.036104 166.033444 166.031163 166.028883 166.026603 166.024323 166.022042 166.020142 166.017862 166.015582 166.013682 166.011781 166.009881 166.008361 166.006841 166.005701 166.004561 166.003800 166.002660 166.001900 166.001900 166.007221 
0.000000 0.000000 0.000000 0.000000 0.000000 0.000000 0.000000 0.000000 0.000000 0.000000 0.000000 0.000000 0.000000 0.000000 0.000000 0.000000 0.000000 0.000000 0.000000 0.000000 0.000000 0.000000 0.000000 166.040285 166.038004 166.035344 166.033064 166.030403 166.028123 166.025843 166.023183 166.020902 166.018622 166.015962 166.013682 166.011401 166.009121 166.006841 166.004561 166.003040 166.001520 166.000760 166.000000 
0.000000 0.000000 0.000000 0.000000 0.000000 0.000000 0.000000 0.000000 0.000000 0.000000 0.000000 0.000000 0.000000 0.000000 0.000000 0.000000 0.000000 0.000000 0.000000 0.000000 0.000000 0.000000 0.000000 0.000000 0.000000 0.000000 0.000000 0.000000 0.000000 0.000000 166.041045 166.038764 166.036104 166.033824 166.031544 166.029263 166.026983 166.024323 166.022042 166.020902 166.019762 166.019002 166.025083 
