test/output/constant/M3M400_S060_A180_WD090.0_WS035.0/M3M400_S060_A180_WD090.0_WS035.0_arrival.asc
ncols         19
nrows         15
xllcorner     426003.990666
yllcorner     12748055.311160
cellsize      100.000000
NODATA_value  0.000000
0.000000 0.000000 0.000000 0.000000 0.000000 0.000000 0.000000 166.041667 166.040683 166.040683 166.040683 166.040683 166.041667 0.000000 0.000000 0.000000 0.000000 0.000000 0.000000 
0.000000 0.000000 0.000000 0.000000 166.040683 166.037971 166.036615 166.035259 166.033903 166.033903 166.033903 166.035259 166.036615 166.037971 166.039327 166.041667 0.000000 0.000000 0.000000 
0.000000 0.000000 0.000000 166.037971 166.035259 166.031191 166.029835 166.028478 166.028478 166.028478 166.028478 166.029835 166.031191 166.033903 166.035259 166.037971 166.040683 0.000000 0.000000 
0.000000 166.041667 166.036615 166.032547 166.028478 166.025766 166.023054 166.021698 166.021698 166.023054 166.023054 166.024410 166.027122 166.029835 166.032547 166.035259 166.037971 166.040683 0.000000 
0.000000 166.037971 166.032547 166.027122 166.021698 166.018986 166.016273 166.016273 166.016273 166.016273 166.018986 166.020342 166.023054 166.025766 166.029835 166.032547 166.035259 166.039327 166.041667 
166.040683 166.035259 166.028478 166.021698 166.016273 166.012205 166.009493 166.009493 166.010849 166.012205 166.014917 166.017630 166.020342 166.024410 166.027122 166.031191 166.033903 166.037971 166.040683 
166.039327 166.032547 166.025766 166.018986 166.012205 166.005424 166.004068 166.004068 166.006781 166.009493 166.013561 166.016273 166.018986 166.023054 166.025766 166.029835 166.032547 166.036615 166.039327 
166.039327 166.032547 166.024410 166.017630 166.010849 166.004068 166.000000 166.002712 166.005424 166.009493 166.012205 166.016273 166.018986 166.023054 166.025766 166.029835 166.032547 166.036615 166.039327 
166.039327 166.032547 166.025766 166.018986 166.012205 166.005424 166.004068 166.004068 166.006781 166.009493 166.013561 166.016273 166.018986 166.023054 166.025766 166.029835 166.032547 166.036615 166.039327 
166.040683 166.035259 166.028478 166.021698 166.016273 166.012205 166.009493 166.009493 166.010849 166.012205 166.014917 166.017630 166.020342 166.024410 166.027122 166.031191 166.033903 166.037971 166.040683 
0.000000 166.037971 166.032547 166.027122 166.021698 166.018986 166.016273 166.016273 166.016273 166.016273 166.018986 166.020342 166.023054 166.025766 166.029835 166.032547 166.035259 166.039327 166.041667 
0.000000 166.041667 166.036615 166.032547 166.028478 166.025766 166.023054 166.021698 166.021698 166.023054 166.023054 166.024410 166.027122 166.029835 166.032547 166.035259 166.037971 166.040683 0.000000 
0.000000 0.000000 0.000000 166.037971 166.035259 166.031191 166.029835 166.028478 166.028478 166.028478 166.028478 166.029835 166.031191 166.033903 166.035259 166.037971 166.040683 0.000000 0.000000 
0.000000 0.000000 0.000000 0.000000 166.040683 166.037971 166.036615 166.035259 166.033903 166.033903 166.033903 166.035259 166.036615 166.037971 166.039327 166.041667 0.000000 0.000000 0.000000 
0.000000 0.000000 0.000000 0.000000 0.000000 0.000000 0.000000 166.041667 166.040683 166.040683 166.040683 166.040683 166.041667 0.000000 0.000000 0.000000 0.000000 0.000000 0.000000 
