test/output/constant/M345_S000_A000_WD180.0_WS050.0/M345_S000_A000_WD180.0_WS050.0_arrival.asc
ncols         7
nrows         35
xllcorner     426303.990666
yllcorner     12748755.311160
cellsize      100.000000
NODATA_value  0.000000
0.000000 0.000000 0.000000 166.041401 0.000000 0.000000 0.000000 
0.000000 0.000000 166.041401 166.040415 166.041401 0.000000 0.000000 
0.000000 0.000000 166.039922 166.038937 166.039922 0.000000 0.000000 
0.000000 166.041667 166.038937 166.037951 166.038937 166.041667 0.000000 
0.000000 166.040908 166.037458 166.036472 166.037458 166.040908 0.000000 
0.000000 166.039430 166.036472 166.035487 166.036472 166.039430 0.000000 
0.000000 166.038444 166.034994 166.034008 166.034994 166.038444 0.000000 
0.000000 166.037458 166.034008 166.033022 166.034008 166.037458 0.000000 
0.000000 166.036472 166.032529 166.031544 166.032529 166.036472 0.000000 
0.000000 166.034994 166.031544 166.030558 166.031544 166.034994 0.000000 
0.000000 166.034008 166.030065 166.029079 166.030065 166.034008 0.000000 
166.041401 166.033022 166.029079 166.028094 166.029079 166.033022 166.041401 
166.040415 166.032036 166.027601 166.026615 166.027601 166.032036 166.040415 
166.039922 166.031051 166.026615 166.025629 166.026615 166.031051 166.039922 
166.039430 166.030065 166.025136 166.024151 166.025136 166.030065 166.039430 
166.038937 166.029079 166.024151 166.023165 166.024151 166.029079 166.038937 
166.038937 166.028094 166.022672 166.021686 166.022672 166.028094 166.038937 
166.039430 166.027601 166.021686 166.020700 166.021686 166.027601 166.039430 
166.039430 166.026615 166.020208 166.019222 166.020208 166.026615 166.039430 
166.039922 166.025629 166.019222 166.018236 166.019222 166.025629 166.039922 
166.040415 166.025136 166.018236 166.016758 166.018236 166.025136 166.040415 
166.041401 166.024151 166.016758 166.015772 166.016758 166.024151 166.041401 
0.000000 166.023658 166.015772 166.014293 166.015772 166.023658 0.000000 
0.000000 166.023658 166.014786 166.013307 166.014786 166.023658 0.000000 
0.000000 166.023658 166.013307 166.011829 166.013307 166.023658 0.000000 
0.000000 166.024151 166.012322 166.010843 166.012322 166.024151 0.000000 
0.000000 166.024643 166.011336 166.009365 166.011336 166.024643 0.000000 
0.000000 166.025629 166.010350 166.008379 166.010350 166.025629 0.000000 
0.000000 166.027601 166.009365 166.006900 166.009365 166.027601 0.000000 
0.000000 166.030065 166.008379 166.005914 166.008379 166.030065 0.000000 
0.000000 166.034994 166.007886 166.004436 166.007886 166.034994 0.000000 
0.000000 0.000000 166.008379 166.003450 166.008379 0.000000 0.000000 
0.000000 0.000000 166.009365 166.001971 166.009365 0.000000 0.000000 
0.000000 0.000000 166.013307 166.000986 166.013307 0.000000 0.000000 
0.000000 0.000000 166.029572 166.000000 166.029572 0.000000 0.000000 
