test/output/constant/M3M455_S060_A270_WD180.0_WS025.0/M3M455_S060_A270_WD180.0_WS025.0_arrival.asc
ncols         7
nrows         39
xllcorner     426303.990666
yllcorner     12748755.311160
cellsize      100.000000
NODATA_value  0.000000
0.000000 0.000000 0.000000 166.041191 0.000000 0.000000 0.000000 
0.000000 0.000000 166.041191 166.040315 166.041191 0.000000 0.000000 
0.000000 0.000000 166.039877 166.039000 166.039877 0.000000 0.000000 
0.000000 0.000000 166.039000 166.038124 166.039000 0.000000 0.000000 
0.000000 166.041191 166.038124 166.036809 166.038124 166.041191 0.000000 
0.000000 166.040315 166.036809 166.035933 166.036809 166.040315 0.000000 
0.000000 166.039438 166.035933 166.034618 166.035933 166.039438 0.000000 
0.000000 166.038124 166.034618 166.033742 166.034618 166.038124 0.000000 
0.000000 166.037247 166.033742 166.032427 166.033742 166.037247 0.000000 
0.000000 166.036371 166.032427 166.031551 166.032427 166.036371 0.000000 
0.000000 166.035056 166.031551 166.030236 166.031551 166.035056 0.000000 
0.000000 166.034180 166.030236 166.029360 166.030236 166.034180 0.000000 
166.041629 166.033303 166.029360 166.028045 166.029360 166.033303 166.041629 
166.041191 166.032427 166.028045 166.027169 166.028045 166.032427 166.041191 
166.040315 166.031551 166.027169 166.025854 166.027169 166.031551 166.040315 
166.039877 166.030674 166.025854 166.024978 166.025854 166.030674 166.039877 
166.039877 166.029798 166.024978 166.023663 166.024978 166.029798 166.039877 
166.039877 166.028921 166.024101 166.022787 166.024101 166.028921 166.039877 
166.039877 166.028483 166.022787 166.021472 166.022787 166.028483 166.039877 
166.040315 166.027607 166.021910 166.020596 166.021910 166.027607 166.040315 
166.040315 166.026730 166.020596 166.019281 166.020596 166.026730 166.040315 
166.040753 166.025854 166.019719 166.018405 166.019719 166.025854 166.040753 
166.041629 166.025416 166.018843 166.017090 166.018843 166.025416 166.041629 
0.000000 166.024539 166.017528 166.016214 166.017528 166.024539 0.000000 
0.000000 166.024101 166.016652 166.014899 166.016652 166.024101 0.000000 
0.000000 166.024101 166.015337 166.014023 166.015337 166.024101 0.000000 
0.000000 166.024101 166.014461 166.012708 166.014461 166.024101 0.000000 
0.000000 166.024539 166.013146 166.011831 166.013146 166.024539 0.000000 
0.000000 166.024978 166.012270 166.010517 166.012270 166.024978 0.000000 
0.000000 166.025416 166.011393 166.009640 166.011393 166.025416 0.000000 
0.000000 166.026730 166.010517 166.008326 166.010517 166.026730 0.000000 
0.000000 166.028921 166.009640 166.007449 166.009640 166.028921 0.000000 
0.000000 166.031551 166.008764 166.006135 166.008764 166.031551 0.000000 
0.000000 166.035056 166.008326 166.005258 166.008326 166.035056 0.000000 
0.000000 0.000000 166.008326 166.003944 166.008326 0.000000 0.000000 
0.000000 0.000000 166.008764 166.003067 166.008764 0.000000 0.000000 
0.000000 0.000000 166.010517 166.001753 166.010517 0.000000 0.000000 
0.000000 0.000000 166.016214 166.000876 166.016214 0.000000 0.000000 
0.000000 0.000000 0.000000 166.000000 0.000000 0.000000 0.000000 
