test/output/constant/M3M490_S060_A270_WD315.0_WS015.0/M3M490_S060_A270_WD315.0_WS015.0_arrival.asc
ncols         16
nrows         36
xllcorner     426503.990666
yllcorner     12748655.311160
cellsize      100.000000
NODATA_value  0.000000
0.000000 0.000000 0.000000 0.000000 0.000000 0.000000 0.000000 0.000000 0.000000 0.000000 0.000000 0.000000 166.041667 166.041667 166.041667 0.000000 
0.000000 0.000000 0.000000 0.000000 0.000000 0.000000 0.000000 0.000000 0.000000 0.000000 0.000000 166.040787 166.040334 166.040334 166.040787 0.000000 
0.000000 0.000000 0.000000 0.000000 0.000000 0.000000 0.000000 0.000000 0.000000 0.000000 166.040334 166.039428 166.038975 166.038975 166.039881 0.000000 
0.000000 0.000000 0.000000 0.000000 0.000000 0.000000 0.000000 0.000000 0.000000 166.040334 166.038975 166.038068 166.038068 166.038068 166.039428 166.041667 
0.000000 0.000000 0.000000 0.000000 0.000000 0.000000 0.000000 0.000000 166.041241 166.038521 166.037162 166.036709 166.036709 166.037162 166.038975 166.041241 
0.000000 0.000000 0.000000 0.000000 0.000000 0.000000 0.000000 0.000000 166.038975 166.036709 166.035802 166.035349 166.035802 166.036709 166.038521 166.041667 
0.000000 0.000000 0.000000 0.000000 0.000000 0.000000 0.000000 166.039881 166.037162 166.034896 166.033990 166.033990 166.034443 166.036256 166.038521 166.041667 
0.000000 0.000000 0.000000 0.000000 0.000000 0.000000 166.041241 166.037615 166.034896 166.033536 166.033083 166.033083 166.033536 166.035802 166.038521 0.000000 
0.000000 0.000000 0.000000 0.000000 0.000000 0.000000 166.038975 166.035349 166.033083 166.031724 166.031724 166.031724 166.033083 166.035349 166.038521 0.000000 
0.000000 0.000000 0.000000 0.000000 0.000000 166.041241 166.036709 166.033536 166.031270 166.030364 166.030364 166.030817 166.032630 166.035349 166.038975 0.000000 
0.000000 0.000000 0.000000 0.000000 0.000000 166.038521 166.034443 166.031270 166.029911 166.029004 166.029458 166.030364 166.032177 166.035349 166.039428 0.000000 
0.000000 0.000000 0.000000 0.000000 166.041241 166.036256 166.032177 166.029458 166.028098 166.028098 166.028098 166.029911 166.032177 166.035802 166.039881 0.000000 
0.000000 0.000000 0.000000 0.000000 166.038521 166.033536 166.029911 166.027645 166.026738 166.026738 166.027192 166.029458 166.032630 166.036256 166.041241 0.000000 
0.000000 0.000000 0.000000 0.000000 166.035802 166.031270 166.027645 166.025832 166.025379 166.025832 166.026738 166.029458 166.032630 166.037162 0.000000 0.000000 
0.000000 0.000000 0.000000 166.039428 166.033536 166.029004 166.025832 166.024472 166.024472 166.024472 166.026285 166.029458 166.033083 166.038068 0.000000 0.000000 
0.000000 0.000000 0.000000 166.036256 166.030817 166.026738 166.024019 166.023113 166.023113 166.024019 166.026285 166.029458 166.033990 166.039428 0.000000 0.000000 
0.000000 0.000000 166.041241 166.033536 166.028098 166.024019 166.022206 166.021753 166.022206 166.023566 166.026285 166.029911 166.034896 166.041241 0.000000 0.000000 
0.000000 0.000000 166.038068 166.030817 166.025379 166.022206 166.020847 166.020394 166.020847 166.023113 166.026285 166.030817 166.036709 0.000000 0.000000 0.000000 
0.000000 0.000000 166.034896 166.028098 166.023113 166.020394 166.019487 166.019487 166.020394 166.023113 166.026738 166.032177 166.038975 0.000000 0.000000 0.000000 
0.000000 166.040787 166.032177 166.025379 166.020847 166.018581 166.018128 166.018128 166.019941 166.023566 166.027645 166.033990 166.041667 0.000000 0.000000 0.000000 
0.000000 166.037615 166.029004 166.022660 166.018581 166.016768 166.016768 166.017675 166.019941 166.024019 166.029004 166.036256 0.000000 0.000000 0.000000 0.000000 
0.000000 166.034443 166.026285 166.020394 166.016768 166.015409 166.015862 166.017221 166.020394 166.024926 166.031270 166.038975 0.000000 0.000000 0.000000 0.000000 
0.000000 166.031724 166.023113 166.017675 166.014955 166.014502 166.014502 166.017221 166.020847 166.026285 166.033990 0.000000 0.000000 0.000000 0.000000 0.000000 
0.000000 166.028551 166.020394 166.015409 166.013143 166.013143 166.014049 166.017221 166.021753 166.028551 166.037615 0.000000 0.000000 0.000000 0.000000 0.000000 
166.040334 166.025379 166.017675 166.013143 166.011783 166.011783 166.014049 166.017675 166.023566 166.031724 0.000000 0.000000 0.000000 0.000000 0.000000 0.000000 
166.037162 166.022206 166.014955 166.011330 166.010877 166.011330 166.014049 166.018581 166.026285 166.036256 0.000000 0.000000 0.000000 0.000000 0.000000 0.000000 
166.033990 166.019034 166.012236 166.009517 166.009517 166.010877 166.014502 166.020847 166.030364 0.000000 0.000000 0.000000 0.000000 0.000000 0.000000 0.000000 
166.030817 166.015862 166.009970 166.008157 166.008157 166.010877 166.015862 166.024019 166.035802 0.000000 0.000000 0.000000 0.000000 0.000000 0.000000 0.000000 
166.027645 166.012689 166.007704 166.006798 166.007704 166.011330 166.018581 166.029458 0.000000 0.000000 0.000000 0.000000 0.000000 0.000000 0.000000 0.000000 
166.024472 166.009970 166.005892 166.005892 166.008157 166.013143 166.023113 166.036256 0.000000 0.000000 0.000000 0.000000 0.000000 0.000000 0.000000 0.000000 
166.021753 166.006798 166.004532 166.004985 166.008611 166.016768 166.029458 0.000000 0.000000 0.000000 0.000000 0.000000 0.000000 0.000000 0.000000 0.000000 
166.019487 166.004079 166.003172 166.004985 166.010877 166.023113 166.039881 0.000000 0.000000 0.000000 0.000000 0.000000 0.000000 0.000000 0.000000 0.000000 
166.017221 166.002266 166.002266 166.005438 166.017221 166.033990 0.000000 0.000000 0.000000 0.000000 0.000000 0.000000 0.000000 0.000000 0.000000 0.000000 
166.016315 166.000906 166.001813 166.010423 166.028551 0.000000 0.000000 0.000000 0.000000 0.000000 0.000000 0.000000 0.000000 0.000000 0.000000 0.000000 
166.017675 166.000000 166.003626 166.023566 0.000000 0.000000 0.000000 0.000000 0.000000 0.000000 0.000000 0.000000 0.000000 0.000000 0.000000 0.000000 
166.032177 166.021300 166.029004 0.000000 0.000000 0.000000 0.000000 0.000000 0.000000 0.000000 0.000000 0.000000 0.000000 0.000000 0.000000 0.000000 
