test/output/constant/M195_S000_A270_WD000.0_WS040.0/M195_S000_A270_WD000.0_WS040.0_arrival.asc
ncols         7
nrows         31
xllcorner     426303.990666
yllcorner     12745755.311160
cellsize      100.000000
NODATA_value  0.000000
0.000000 0.000000 166.024754 166.000000 166.024754 0.000000 0.000000 
0.000000 0.000000 166.010127 166.001125 166.010127 0.000000 0.000000 
0.000000 0.000000 166.007876 166.002250 166.007876 0.000000 0.000000 
0.000000 166.033193 166.007876 166.003938 166.007876 166.033193 0.000000 
0.000000 166.028130 166.007876 166.005063 166.007876 166.028130 0.000000 
0.000000 166.025317 166.009002 166.006751 166.009002 166.025317 0.000000 
0.000000 166.023629 166.010127 166.007876 166.010127 166.023629 0.000000 
0.000000 166.023067 166.011252 166.009564 166.011252 166.023067 0.000000 
0.000000 166.022504 166.012377 166.010689 166.012377 166.022504 0.000000 
166.040507 166.022504 166.013502 166.012377 166.013502 166.022504 166.040507 
166.038819 166.022504 166.015190 166.013502 166.015190 166.022504 166.038819 
166.038257 166.023067 166.016315 166.015190 166.016315 166.023067 166.038257 
166.037694 166.023629 166.017441 166.016315 166.017441 166.023629 166.037694 
166.037132 166.024754 166.019128 166.018003 166.019128 166.024754 166.037132 
166.037132 166.025880 166.020254 166.019128 166.020254 166.025880 166.037132 
166.037132 166.027005 166.021941 166.020816 166.021941 166.027005 166.037132 
166.037132 166.027567 166.023067 166.021941 166.023067 166.027567 166.037132 
166.037132 166.028693 166.024754 166.023629 166.024754 166.028693 166.037132 
166.038257 166.029818 166.025880 166.024754 166.025880 166.029818 166.038257 
166.038819 166.030943 166.027005 166.026442 166.027005 166.030943 166.038819 
166.039945 166.032068 166.028693 166.027567 166.028693 166.032068 166.039945 
166.040507 166.033756 166.029818 166.029255 166.029818 166.033756 166.040507 
166.041632 166.034881 166.031506 166.030380 166.031506 166.034881 166.041632 
0.000000 166.036006 166.032631 166.032068 166.032631 166.036006 0.000000 
0.000000 166.037132 166.034319 166.033193 166.034319 166.037132 0.000000 
0.000000 166.038819 166.035444 166.034881 166.035444 166.038819 0.000000 
0.000000 166.039945 166.036569 166.036006 166.036569 166.039945 0.000000 
0.000000 166.041070 166.038257 166.037694 166.038257 166.041070 0.000000 
0.000000 0.000000 166.039382 166.038819 166.039382 0.000000 0.000000 
0.000000 0.000000 166.041070 166.040507 166.041070 0.000000 0.000000 
0.000000 0.000000 0.000000 166.041632 0.000000 0.000000 0.000000 
