test/output/constant/M365_S060_A000_WD135.0_WS010.0/M365_S060_A000_WD135.0_WS010.0_arrival.asc
ncols         43
nrows         10
xllcorner     422403.990666
yllcorner     12748655.311160
cellsize      100.000000
NODATA_value  0.000000
0.000000 166.041636 166.040857 166.040468 166.040079 166.039301 166.038912 166.038523 166.038134 166.037745 166.037745 166.037745 166.037745 166.038134 166.038134 166.038523 166.038912 166.039301 166.040079 166.041247 0.000000 0.000000 0.000000 0.000000 0.000000 0.000000 0.000000 0.000000 0.000000 0.000000 0.000000 0.000000 0.000000 0.000000 0.000000 0.000000 0.000000 0.000000 0.000000 0.000000 0.000000 0.000000 0.000000 
166.041247 166.040468 166.039301 166.038523 166.037745 166.036966 166.036188 166.035799 166.035021 166.034632 166.033853 166.033464 166.033075 166.032686 166.032686 166.032686 166.032686 166.033075 166.033075 166.033464 166.033853 166.034632 166.035799 166.037355 166.039301 166.041667 0.000000 0.000000 0.000000 0.000000 0.000000 0.000000 0.000000 0.000000 0.000000 0.000000 0.000000 0.000000 0.000000 0.000000 0.000000 0.000000 0.000000 
166.041247 166.040468 166.039301 166.038523 166.037355 166.036577 166.035410 166.034242 166.033464 166.032686 166.031519 166.031130 166.030351 166.029962 166.029184 166.028795 166.028406 166.028017 166.027627 166.027627 166.027627 166.028017 166.028406 166.028406 166.029184 166.029962 166.031519 166.033464 166.036188 166.039690 0.000000 0.000000 0.000000 0.000000 0.000000 0.000000 0.000000 0.000000 0.000000 0.000000 0.000000 0.000000 0.000000 
0.000000 166.040857 166.040079 166.038523 166.037745 166.036577 166.035410 166.034632 166.033464 166.032297 166.031519 166.030351 166.029573 166.028406 166.027627 166.026460 166.025682 166.025293 166.024514 166.024125 166.023347 166.022958 166.022569 166.022569 166.022569 166.022958 166.023347 166.023736 166.024514 166.025682 166.028017 166.031130 166.034632 166.039690 0.000000 0.000000 0.000000 0.000000 0.000000 0.000000 0.000000 0.000000 0.000000 
0.000000 0.000000 166.041636 166.040468 166.038912 166.037745 166.036577 166.035410 166.033853 166.033075 166.031519 166.030740 166.029573 166.028406 166.027627 166.026460 166.025682 166.024514 166.023347 166.022569 166.021402 166.020623 166.019845 166.019456 166.018678 166.018289 166.017899 166.017510 166.017510 166.017899 166.018289 166.018678 166.020234 166.022569 166.025682 166.030351 166.037355 0.000000 0.000000 0.000000 0.000000 0.000000 0.000000 
0.000000 0.000000 0.000000 0.000000 0.000000 166.040857 166.039301 166.037745 166.036577 166.035021 166.033853 166.032297 166.031130 166.029573 166.028406 166.026849 166.026071 166.024514 166.023736 166.022569 166.021402 166.020623 166.019456 166.018678 166.017510 166.016732 166.015565 166.014787 166.014008 166.013619 166.012841 166.012841 166.012841 166.012841 166.013230 166.014397 166.017121 166.021012 166.028406 166.038523 0.000000 0.000000 0.000000 
0.000000 0.000000 0.000000 0.000000 0.000000 0.000000 0.000000 166.041667 166.040079 166.038912 166.037355 166.035799 166.034242 166.032686 166.031519 166.029962 166.028406 166.026849 166.025293 166.024125 166.022569 166.021402 166.020234 166.019067 166.017510 166.016732 166.015565 166.014397 166.013619 166.012452 166.011674 166.010506 166.009728 166.008561 166.008171 166.007782 166.007782 166.007782 166.008950 166.012063 166.019456 166.035021 0.000000 
0.000000 0.000000 0.000000 0.000000 0.000000 0.000000 0.000000 0.000000 0.000000 0.000000 0.000000 166.041247 166.039690 166.038134 166.036577 166.034632 166.033075 166.031519 166.029962 166.028017 166.026460 166.024904 166.023347 166.021791 166.020234 166.018678 166.017510 166.015954 166.014397 166.013230 166.012063 166.010506 166.009728 166.008561 166.007782 166.006615 166.005837 166.004669 166.003502 166.002724 166.002724 166.003113 166.013619 
0.000000 0.000000 0.000000 0.000000 0.000000 0.000000 0.000000 0.000000 0.000000 0.000000 0.000000 0.000000 0.000000 0.000000 0.000000 166.041636 166.039690 166.038134 166.036188 166.034632 166.033075 166.031519 166.029573 166.028017 166.026071 166.024514 166.022958 166.021012 166.019456 166.017899 166.015954 166.014397 166.012841 166.011284 166.009339 166.007782 166.006226 166.005059 166.003502 166.002724 166.001556 166.000778 166.000000 
0.000000 0.000000 0.000000 0.000000 0.000000 0.000000 0.000000 0.000000 0.000000 0.000000 0.000000 0.000000 0.000000 0.000000 0.000000 0.000000 0.000000 0.000000 0.000000 0.000000 0.000000 0.000000 0.000000 166.040468 166.038912 166.036966 166.035410 166.033853 166.031908 166.030351 166.028795 166.026849 166.025682 166.023736 166.022180 166.020234 166.019067 166.017899 166.017121 166.016343 166.016343 166.018678 166.028795 
