test/output/constant/M385_S000_A180_WD000.0_WS030.0/M385_S000_A180_WD000.0_WS030.0_arrival.asc
ncols         11
nrows         38
xllcorner     426103.990666
yllcorner     12745155.311160
cellsize      100.000000
NODATA_value  0.000000
0.000000 0.000000 0.000000 0.000000 166.028645 166.020790 166.028645 0.000000 0.000000 0.000000 0.000000 
0.000000 0.000000 0.000000 166.033265 166.008778 166.000000 166.008778 166.033265 0.000000 0.000000 0.000000 
0.000000 0.000000 0.000000 166.024024 166.005082 166.000924 166.005082 166.024024 0.000000 0.000000 0.000000 
0.000000 0.000000 166.039733 166.018942 166.004620 166.001848 166.004620 166.018942 166.039733 0.000000 0.000000 
0.000000 0.000000 166.033727 166.015708 166.004620 166.003234 166.004620 166.015708 166.033727 0.000000 0.000000 
0.000000 0.000000 166.029569 166.014322 166.005544 166.004158 166.005544 166.014322 166.029569 0.000000 0.000000 
0.000000 0.000000 166.026335 166.013860 166.006468 166.005544 166.006468 166.013860 166.026335 0.000000 0.000000 
0.000000 166.040195 166.024487 166.013860 166.007392 166.006468 166.007392 166.013860 166.024487 166.040195 0.000000 
0.000000 166.036961 166.023562 166.013860 166.008316 166.007854 166.008316 166.013860 166.023562 166.036961 0.000000 
0.000000 166.035575 166.023100 166.013860 166.009702 166.008778 166.009702 166.013860 166.023100 166.035575 0.000000 
0.000000 166.033727 166.022638 166.014784 166.010626 166.010164 166.010626 166.014784 166.022638 166.033727 0.000000 
0.000000 166.032803 166.022638 166.015246 166.012012 166.011088 166.012012 166.015246 166.022638 166.032803 0.000000 
0.000000 166.032341 166.022638 166.016170 166.012936 166.012474 166.012936 166.016170 166.022638 166.032341 0.000000 
0.000000 166.031879 166.022638 166.017094 166.014322 166.013398 166.014322 166.017094 166.022638 166.031879 0.000000 
0.000000 166.031417 166.023100 166.018018 166.015246 166.014784 166.015246 166.018018 166.023100 166.031417 0.000000 
166.041581 166.031417 166.023562 166.018942 166.016170 166.015708 166.016170 166.018942 166.023562 166.031417 166.041581 
166.041119 166.031417 166.024487 166.019866 166.017556 166.017094 166.017556 166.019866 166.024487 166.031417 166.041119 
166.040657 166.031417 166.024949 166.020790 166.018480 166.018018 166.018480 166.020790 166.024949 166.031417 166.040657 
166.040657 166.031879 166.025873 166.021714 166.019866 166.019404 166.019866 166.021714 166.025873 166.031879 166.040657 
166.040657 166.032341 166.026797 166.022638 166.020790 166.020328 166.020790 166.022638 166.026797 166.032341 166.040657 
166.040657 166.032803 166.027721 166.024024 166.021714 166.021714 166.021714 166.024024 166.027721 166.032803 166.040657 
166.040657 166.033265 166.028645 166.024949 166.023100 166.022638 166.023100 166.024949 166.028645 166.033265 166.040657 
166.040657 166.034189 166.029569 166.025873 166.024024 166.024024 166.024024 166.025873 166.029569 166.034189 166.040657 
166.040657 166.035113 166.030493 166.027259 166.025411 166.024949 166.025411 166.027259 166.030493 166.035113 166.040657 
166.041119 166.035575 166.030955 166.028183 166.026335 166.026335 166.026335 166.028183 166.030955 166.035575 166.041119 
0.000000 166.036499 166.031879 166.029107 166.027721 166.027259 166.027721 166.029107 166.031879 166.036499 0.000000 
0.000000 166.037423 166.032803 166.030493 166.028645 166.028645 166.028645 166.030493 166.032803 166.037423 0.000000 
0.000000 166.038347 166.034189 166.031417 166.030031 166.029569 166.030031 166.031417 166.034189 166.038347 0.000000 
0.000000 166.039271 166.035113 166.032803 166.030955 166.030955 166.030955 166.032803 166.035113 166.039271 0.000000 
0.000000 166.039733 166.036037 166.033727 166.032341 166.031879 166.032341 166.033727 166.036037 166.039733 0.000000 
0.000000 166.040657 166.036961 166.034651 166.033265 166.033265 166.033265 166.034651 166.036961 166.040657 0.000000 
0.000000 166.041581 166.038347 166.036037 166.034651 166.034189 166.034651 166.036037 166.038347 166.041581 0.000000 
0.000000 0.000000 166.039271 166.036961 166.035575 166.035575 166.035575 166.036961 166.039271 0.000000 0.000000 
0.000000 0.000000 166.040195 166.038347 166.036961 166.036499 166.036961 166.038347 166.040195 0.000000 0.000000 
0.000000 0.000000 166.041581 166.039271 166.037885 166.037885 166.037885 166.039271 166.041581 0.000000 0.000000 
0.000000 0.000000 0.000000 166.040657 166.039271 166.038809 166.039271 166.040657 0.000000 0.000000 0.000000 
0.000000 0.000000 0.000000 166.041581 166.040195 166.040195 166.040195 166.041581 0.000000 0.000000 0.000000 
0.000000 0.000000 0.000000 0.000000 166.041581 166.041119 166.041581 0.000000 0.000000 0.000000 0.000000 
