test/output/constant/M3100_S060_A000_WD315.0_WS015.0/M3100_S060_A000_WD315.0_WS015.0_arrival.asc
ncols         44
nrows         19
xllcorner     422403.990666
yllcorner     12747155.311160
cellsize      100.000000
NODATA_value  0.000000
0.000000 0.000000 0.000000 0.000000 0.000000 0.000000 0.000000 0.000000 0.000000 0.000000 0.000000 0.000000 0.000000 0.000000 0.000000 0.000000 0.000000 0.000000 0.000000 0.000000 0.000000 0.000000 0.000000 0.000000 0.000000 0.000000 0.000000 0.000000 0.000000 0.000000 0.000000 0.000000 0.000000 0.000000 0.000000 0.000000 166.041454 166.040344 166.039233 166.038863 166.040714 0.000000 0.000000 0.000000 
0.000000 0.000000 0.000000 0.000000 0.000000 0.000000 0.000000 0.000000 0.000000 0.000000 0.000000 0.000000 0.000000 0.000000 0.000000 0.000000 0.000000 0.000000 0.000000 0.000000 0.000000 0.000000 0.000000 0.000000 0.000000 0.000000 0.000000 0.000000 0.000000 166.041454 166.039233 166.036642 166.034051 166.031461 166.028870 166.026279 166.023688 166.021467 166.018876 166.017026 166.014435 166.013695 166.015175 166.030720 
0.000000 0.000000 0.000000 0.000000 0.000000 0.000000 0.000000 0.000000 0.000000 0.000000 0.000000 0.000000 0.000000 0.000000 0.000000 0.000000 0.000000 0.000000 0.000000 0.000000 0.000000 0.000000 0.000000 0.000000 166.040714 166.038493 166.035902 166.033311 166.030720 166.028129 166.025539 166.022948 166.020357 166.017766 166.015175 166.012954 166.010363 166.007773 166.005552 166.003331 166.001851 166.000740 166.000000 166.020357 
0.000000 0.000000 0.000000 0.000000 0.000000 0.000000 0.000000 0.000000 0.000000 0.000000 0.000000 0.000000 0.000000 0.000000 0.000000 0.000000 0.000000 0.000000 0.000000 0.000000 0.000000 166.040714 166.038123 166.035532 166.032941 166.030350 166.028129 166.025539 166.023318 166.020727 166.018506 166.016285 166.014065 166.011844 166.009623 166.007773 166.005922 166.004812 166.003701 166.002591 166.001851 166.001480 166.003701 166.027019 
0.000000 0.000000 0.000000 0.000000 0.000000 0.000000 0.000000 0.000000 0.000000 0.000000 0.000000 0.000000 0.000000 0.000000 0.000000 0.000000 0.000000 0.000000 166.040714 166.038493 166.035902 166.033681 166.031090 166.028870 166.026649 166.024428 166.022207 166.019987 166.018136 166.015915 166.014065 166.012214 166.010363 166.008883 166.007773 166.006662 166.005552 166.004812 166.004071 166.004071 166.005182 166.009993 166.022578 0.000000 
0.000000 0.000000 0.000000 0.000000 0.000000 0.000000 0.000000 0.000000 0.000000 0.000000 0.000000 0.000000 0.000000 0.000000 0.000000 166.041667 166.039603 166.037383 166.035162 166.032941 166.030720 166.028500 166.026279 166.024058 166.022207 166.020357 166.018506 166.016656 166.014805 166.013324 166.011844 166.010734 166.009623 166.008513 166.007773 166.007032 166.006662 166.006662 166.007402 166.009993 166.015915 166.027019 0.000000 0.000000 
0.000000 0.000000 0.000000 0.000000 0.000000 0.000000 0.000000 0.000000 0.000000 0.000000 0.000000 0.000000 0.000000 166.041084 166.038863 166.036642 166.034792 166.032571 166.030350 166.028500 166.026279 166.024428 166.022578 166.021097 166.019246 166.017766 166.016285 166.014805 166.013695 166.012584 166.011474 166.010734 166.009993 166.009253 166.009253 166.009623 166.010363 166.011844 166.015915 166.022207 166.031831 0.000000 0.000000 0.000000 
0.000000 0.000000 0.000000 0.000000 0.000000 0.000000 0.000000 0.000000 0.000000 0.000000 0.000000 166.040714 166.038863 166.036642 166.034792 166.032571 166.030720 166.028870 166.027019 166.025539 166.023688 166.022207 166.020357 166.019246 166.017766 166.016656 166.015545 166.014805 166.013695 166.012954 166.012214 166.011844 166.011844 166.012214 166.012954 166.014435 166.017026 166.021837 166.028129 166.037383 0.000000 0.000000 0.000000 0.000000 
0.000000 0.000000 0.000000 0.000000 0.000000 0.000000 0.000000 0.000000 0.000000 166.041084 166.038863 166.037012 166.035162 166.033311 166.031461 166.029610 166.028129 166.026279 166.024798 166.023688 166.022207 166.020727 166.019617 166.018506 166.017766 166.016656 166.015915 166.015175 166.014805 166.014435 166.014805 166.014805 166.015545 166.017026 166.019246 166.022578 166.027759 166.034051 0.000000 0.000000 0.000000 0.000000 0.000000 0.000000 
0.000000 0.000000 0.000000 0.000000 0.000000 0.000000 0.000000 166.041454 166.039603 166.037753 166.035902 166.034051 166.032571 166.030720 166.029240 166.027759 166.026279 166.025168 166.023688 166.022578 166.021837 166.020727 166.019617 166.018876 166.018136 166.017396 166.017026 166.017026 166.017396 166.017766 166.018136 166.019246 166.021467 166.024428 166.028500 166.033681 166.040344 0.000000 0.000000 0.000000 0.000000 0.000000 0.000000 0.000000 
0.000000 0.000000 0.000000 0.000000 0.000000 0.000000 166.040344 166.038493 166.037012 166.035162 166.033681 166.032201 166.030720 166.029240 166.028129 166.026649 166.025539 166.024798 166.023688 166.022578 166.021837 166.021097 166.020357 166.019987 166.019617 166.019617 166.019987 166.020357 166.021097 166.022207 166.024058 166.026279 166.029610 166.034051 166.039603 0.000000 0.000000 0.000000 0.000000 0.000000 0.000000 0.000000 0.000000 0.000000 
0.000000 0.000000 0.000000 0.000000 166.041454 166.039603 166.038123 166.036642 166.035162 166.033681 166.032201 166.031090 166.029610 166.028870 166.027759 166.026649 166.025539 166.024798 166.024058 166.023318 166.022948 166.022578 166.022207 166.022578 166.022578 166.022948 166.023688 166.024798 166.026279 166.028500 166.031461 166.035532 166.039973 0.000000 0.000000 0.000000 0.000000 0.000000 0.000000 0.000000 0.000000 0.000000 0.000000 0.000000 
0.000000 0.000000 0.000000 166.040714 166.039233 166.038123 166.036642 166.035162 166.034051 166.032941 166.031831 166.030720 166.029610 166.028500 166.027759 166.027019 166.026279 166.025539 166.025168 166.025168 166.025168 166.025168 166.025168 166.025539 166.026279 166.027389 166.028870 166.030720 166.033311 166.036642 166.041084 0.000000 0.000000 0.000000 0.000000 0.000000 0.000000 0.000000 0.000000 0.000000 0.000000 0.000000 0.000000 0.000000 
0.000000 0.000000 166.041084 166.039603 166.038493 166.037012 166.035902 166.034792 166.033681 166.032571 166.031461 166.030720 166.029980 166.029240 166.028500 166.028129 166.027759 166.027759 166.027759 166.027759 166.028129 166.028500 166.029240 166.029980 166.031461 166.033311 166.035532 166.038493 0.000000 0.000000 0.000000 0.000000 0.000000 0.000000 0.000000 0.000000 0.000000 0.000000 0.000000 0.000000 0.000000 0.000000 0.000000 0.000000 
0.000000 166.041084 166.039973 166.038863 166.037753 166.036642 166.035532 166.034792 166.033681 166.032941 166.032201 166.031461 166.031090 166.030720 166.030350 166.030350 166.030350 166.030350 166.030720 166.031090 166.031831 166.032941 166.034051 166.035902 166.037753 166.040344 0.000000 0.000000 0.000000 0.000000 0.000000 0.000000 0.000000 0.000000 0.000000 0.000000 0.000000 0.000000 0.000000 0.000000 0.000000 0.000000 0.000000 0.000000 
166.041667 166.040714 166.039603 166.038493 166.037753 166.036642 166.035902 166.035162 166.034422 166.034051 166.033311 166.033311 166.032941 166.032941 166.032941 166.033311 166.033311 166.034051 166.034422 166.035532 166.036642 166.038123 166.040344 0.000000 0.000000 0.000000 0.000000 0.000000 0.000000 0.000000 0.000000 0.000000 0.000000 0.000000 0.000000 0.000000 0.000000 0.000000 0.000000 0.000000 0.000000 0.000000 0.000000 0.000000 
166.041454 166.040714 166.039603 166.038863 166.038123 166.037383 166.037012 166.036272 166.035902 166.035532 166.035532 166.035532 166.035532 166.035902 166.036272 166.036642 166.037383 166.038493 166.039233 166.040714 0.000000 0.000000 0.000000 0.000000 0.000000 0.000000 0.000000 0.000000 0.000000 0.000000 0.000000 0.000000 0.000000 0.000000 0.000000 0.000000 0.000000 0.000000 0.000000 0.000000 0.000000 0.000000 0.000000 0.000000 
166.041667 166.041084 166.040344 166.039603 166.039233 166.038863 166.038493 166.038123 166.038123 166.038123 166.038123 166.038493 166.038863 166.039233 166.039973 166.041084 0.000000 0.000000 0.000000 0.000000 0.000000 0.000000 0.000000 0.000000 0.000000 0.000000 0.000000 0.000000 0.000000 0.000000 0.000000 0.000000 0.000000 0.000000 0.000000 0.000000 0.000000 0.000000 0.000000 0.000000 0.000000 0.000000 0.000000 0.000000 
0.000000 0.000000 166.041454 166.041084 166.040714 166.040714 166.040714 166.040714 166.041084 166.041084 166.041454 0.000000 0.000000 0.000000 0.000000 0.000000 0.000000 0.000000 0.000000 0.000000 0.000000 0.000000 0.000000 0.000000 0.000000 0.000000 0.000000 0.000000 0.000000 0.000000 0.000000 0.000000 0.000000 0.000000 0.000000 0.000000 0.000000 0.000000 0.000000 0.000000 0.000000 0.000000 0.000000 0.000000 
