test/output/constant/M3100_S060_A000_WD315.0_WS015.0/M3100_S060_A000_WD315.0_WS015.0_raz.asc
ncols         44
nrows         19
xllcorner     422403.990666
yllcorner     12747155.311160
cellsize      100.000000
NODATA_value  0.000000
0 0 0 0 0 0 0 0 0 0 0 0 0 0 0 0 0 0 0 0 0 0 0 0 0 0 0 0 0 0 0 0 0 0 0 0 284 284 293 284 47 0 0 0 
0 0 0 0 0 0 0 0 0 0 0 0 0 0 0 0 0 0 0 0 0 0 0 0 0 0 0 0 0 269 273 273 273 284 284 278 269 273 273 278 269 284 47 47 
0 0 0 0 0 0 0 0 0 0 0 0 0 0 0 0 0 0 0 0 0 0 0 0 269 273 273 273 284 284 278 269 269 269 269 273 278 266 284 266 278 250 254 160 
0 0 0 0 0 0 0 0 0 0 0 0 0 0 0 0 0 0 0 0 0 284 293 269 269 266 278 269 278 293 278 278 273 273 269 269 260 269 250 250 250 250 141 94 
0 0 0 0 0 0 0 0 0 0 0 0 0 0 0 0 0 0 266 278 269 278 269 269 269 266 269 266 273 269 278 269 269 255 269 250 250 250 250 240 94 180 141 0 
0 0 0 0 0 0 0 0 0 0 0 0 0 0 0 269 284 278 278 278 273 269 269 264 269 273 293 278 262 269 262 260 250 250 250 250 250 249 242 208 170 160 0 0 
0 0 0 0 0 0 0 0 0 0 0 0 0 269 269 264 293 269 266 293 266 266 262 269 269 278 260 251 250 250 250 250 250 250 244 170 141 240 180 141 180 0 0 0 
0 0 0 0 0 0 0 0 0 0 0 266 266 269 284 264 266 269 266 284 269 278 258 258 250 264 250 250 250 250 250 250 246 245 208 240 242 141 180 141 0 0 0 0 
0 0 0 0 0 0 0 0 0 278 266 266 269 269 269 258 269 254 255 293 269 260 260 250 250 250 250 250 250 250 196 245 242 196 180 208 196 236 0 0 0 0 0 0 
0 0 0 0 0 0 0 269 269 266 269 262 269 266 269 264 257 293 257 255 273 250 250 250 250 250 249 245 245 180 240 240 208 141 160 208 170 0 0 0 0 0 0 0 
0 0 0 0 0 0 269 264 284 250 284 262 264 258 284 257 257 273 250 250 250 250 250 250 248 246 242 245 240 196 141 242 242 240 196 0 0 0 0 0 0 0 0 0 
0 0 0 0 273 269 269 273 269 269 257 273 250 273 250 250 250 250 250 250 250 250 248 208 245 240 242 242 242 242 196 160 240 0 0 0 0 0 0 0 0 0 0 0 
0 0 0 258 260 258 269 250 258 278 269 250 250 250 250 250 250 250 250 245 141 245 244 244 242 242 196 240 240 196 170 0 0 0 0 0 0 0 0 0 0 0 0 0 
0 0 260 262 250 250 269 269 250 250 250 250 250 250 248 250 248 250 242 245 208 240 196 242 160 196 240 196 0 0 0 0 0 0 0 0 0 0 0 0 0 0 0 0 
0 258 269 269 264 250 250 250 250 250 250 250 250 250 246 245 246 245 245 240 240 242 208 196 240 240 0 0 0 0 0 0 0 0 0 0 0 0 0 0 0 0 0 0 
250 269 250 250 250 250 250 250 250 250 250 250 250 246 246 180 246 170 240 240 240 240 208 0 0 0 0 0 0 0 0 0 0 0 0 0 0 0 0 0 0 0 0 0 
250 250 250 250 250 250 250 250 250 250 245 245 245 245 196 242 208 94 240 240 0 0 0 0 0 0 0 0 0 0 0 0 0 0 0 0 0 0 0 0 0 0 0 0 
250 250 250 250 250 250 250 250 244 246 245 245 242 245 242 208 0 0 0 0 0 0 0 0 0 0 0 0 0 0 0 0 0 0 0 0 0 0 0 0 0 0 0 0 
0 0 250 250 250 246 246 246 196 244 245 0 0 0 0 0 0 0 0 0 0 0 0 0 0 0 0 0 0 0 0 0 0 0 0 0 0 0 0 0 0 0 0 0 
