test/output/constant/M3M470_S060_A180_WD045.0_WS035.0/M3M470_S060_A180_WD045.0_WS035.0_arrival.asc
ncols         13
nrows         22
xllcorner     426503.990666
yllcorner     12746755.311160
cellsize      100.000000
NODATA_value  0.000000
166.035075 166.025981 166.031827 0.000000 0.000000 0.000000 0.000000 0.000000 0.000000 0.000000 0.000000 0.000000 0.000000 
166.019486 166.000000 166.003248 166.020136 166.038972 0.000000 0.000000 0.000000 0.000000 0.000000 0.000000 0.000000 0.000000 
166.020785 166.001299 166.001949 166.009093 166.024033 166.041570 0.000000 0.000000 0.000000 0.000000 0.000000 0.000000 0.000000 
166.024682 166.003897 166.003248 166.005846 166.014939 166.029229 0.000000 0.000000 0.000000 0.000000 0.000000 0.000000 0.000000 
166.031178 166.009093 166.005196 166.005846 166.010393 166.020785 166.033776 0.000000 0.000000 0.000000 0.000000 0.000000 0.000000 
166.037023 166.014939 166.007794 166.007794 166.009743 166.015589 166.025981 166.039622 0.000000 0.000000 0.000000 0.000000 0.000000 
0.000000 166.020785 166.011042 166.009743 166.010393 166.014290 166.020785 166.031827 0.000000 0.000000 0.000000 0.000000 0.000000 
0.000000 166.026631 166.015589 166.011692 166.011692 166.013640 166.018837 166.026631 166.037673 0.000000 0.000000 0.000000 0.000000 
0.000000 166.033126 166.020785 166.014290 166.013640 166.014290 166.017537 166.023383 166.031827 0.000000 0.000000 0.000000 0.000000 
0.000000 166.038972 166.025981 166.018187 166.015589 166.015589 166.017537 166.022084 166.028580 166.037673 0.000000 0.000000 0.000000 
0.000000 0.000000 166.031178 166.022734 166.018187 166.017537 166.018187 166.021435 166.026631 166.033776 0.000000 0.000000 0.000000 
0.000000 0.000000 166.037023 166.027280 166.021435 166.020136 166.020136 166.021435 166.025981 166.031178 166.038972 0.000000 0.000000 
0.000000 0.000000 0.000000 166.032477 166.025332 166.022084 166.022084 166.022734 166.025332 166.029879 166.035724 0.000000 0.000000 
0.000000 0.000000 0.000000 166.037673 166.029879 166.025332 166.024033 166.024033 166.025981 166.029229 166.034425 166.040921 0.000000 
0.000000 0.000000 0.000000 0.000000 166.034425 166.028580 166.025981 166.025981 166.026631 166.029229 166.033776 166.038972 0.000000 
0.000000 0.000000 0.000000 0.000000 166.038972 166.032477 166.029229 166.027930 166.027930 166.029879 166.033126 166.038323 0.000000 
0.000000 0.000000 0.000000 0.000000 0.000000 166.037023 166.032477 166.030528 166.029879 166.031178 166.033126 166.037023 0.000000 
0.000000 0.000000 0.000000 0.000000 0.000000 166.041570 166.035724 166.032477 166.032477 166.032477 166.033776 166.037023 166.041570 
0.000000 0.000000 0.000000 0.000000 0.000000 0.000000 166.039622 166.035724 166.034425 166.034425 166.035075 166.037023 166.040921 
0.000000 0.000000 0.000000 0.000000 0.000000 0.000000 0.000000 166.039622 166.037023 166.036374 166.036374 166.037673 166.040921 
0.000000 0.000000 0.000000 0.000000 0.000000 0.000000 0.000000 0.000000 166.039622 166.038323 166.038323 166.038972 166.040921 
0.000000 0.000000 0.000000 0.000000 0.000000 0.000000 0.000000 0.000000 0.000000 166.040921 166.040271 166.040271 166.041667 
