test/output/constant/M370_S060_A180_WD270.0_WS015.0/M370_S060_A180_WD270.0_WS015.0_arrival.asc
ncols         49
nrows         9
xllcorner     426603.990666
yllcorner     12748355.311160
cellsize      100.000000
NODATA_value  0.000000
0.000000 0.000000 0.000000 0.000000 0.000000 0.000000 0.000000 0.000000 0.000000 0.000000 0.000000 0.000000 0.000000 0.000000 0.000000 0.000000 0.000000 0.000000 0.000000 0.000000 166.041384 166.041039 166.040349 166.040349 166.040005 166.040005 166.040005 166.040005 166.040005 166.040005 166.040349 166.040694 166.041384 0.000000 0.000000 0.000000 0.000000 0.000000 0.000000 0.000000 0.000000 0.000000 0.000000 0.000000 0.000000 0.000000 0.000000 0.000000 0.000000 
0.000000 0.000000 0.000000 0.000000 0.000000 0.000000 0.000000 0.000000 166.039315 166.036556 166.034832 166.032762 166.031728 166.030693 166.030003 166.029314 166.028969 166.028624 166.028624 166.028624 166.028624 166.028624 166.028969 166.029659 166.030003 166.030693 166.031383 166.031728 166.032418 166.033107 166.033797 166.034142 166.034832 166.035521 166.036211 166.036556 166.037246 166.037935 166.038625 166.039315 166.040349 166.041039 166.041667 0.000000 0.000000 0.000000 0.000000 0.000000 0.000000 
0.000000 0.000000 0.000000 166.032762 166.027245 166.022416 166.021037 166.019313 166.018278 166.017588 166.017243 166.017243 166.017243 166.017243 166.017933 166.018278 166.018968 166.019657 166.020002 166.020692 166.021382 166.022071 166.022761 166.023451 166.024141 166.024830 166.025520 166.026210 166.027245 166.027934 166.028969 166.029659 166.030348 166.031038 166.032073 166.032762 166.033452 166.034487 166.035176 166.035866 166.036901 166.037591 166.038625 166.039315 166.040005 166.041039 166.041667 0.000000 0.000000 
166.026555 166.010001 166.006897 166.005863 166.005863 166.006208 166.006552 166.007242 166.007932 166.008622 166.009656 166.010346 166.011036 166.012070 166.012760 166.013795 166.014484 166.015174 166.016209 166.016898 166.017933 166.018623 166.019657 166.020347 166.021037 166.022071 166.022761 166.023796 166.024486 166.025520 166.026210 166.027245 166.027934 166.028969 166.029659 166.030693 166.031383 166.032073 166.033107 166.033797 166.034832 166.035521 166.036556 166.037246 166.038280 166.038970 166.040005 166.040694 166.041384 
166.000000 166.000690 166.001379 166.002414 166.003104 166.004138 166.004828 166.005863 166.006552 166.007587 166.008277 166.009311 166.010001 166.011036 166.011725 166.012760 166.013450 166.014484 166.015174 166.016209 166.016898 166.017933 166.018623 166.019657 166.020347 166.021382 166.022071 166.023106 166.023796 166.024830 166.025520 166.026555 166.027245 166.028279 166.028969 166.030003 166.030693 166.031728 166.032418 166.033452 166.034142 166.035176 166.035866 166.036901 166.037591 166.038625 166.039315 166.040349 166.041039 
166.026555 166.010001 166.006897 166.005863 166.005863 166.006208 166.006552 166.007242 166.007932 166.008622 166.009656 166.010346 166.011036 166.012070 166.012760 166.013795 166.014484 166.015174 166.016209 166.016898 166.017933 166.018623 166.019657 166.020347 166.021037 166.022071 166.022761 166.023796 166.024486 166.025520 166.026210 166.027245 166.027934 166.028969 166.029659 166.030693 166.031383 166.032073 166.033107 166.033797 166.034832 166.035521 166.036556 166.037246 166.038280 166.038970 166.040005 166.040694 166.041384 
0.000000 0.000000 0.000000 166.032762 166.027245 166.022416 166.021037 166.019313 166.018278 166.017588 166.017243 166.017243 166.017243 166.017243 166.017933 166.018278 166.018968 166.019657 166.020002 166.020692 166.021382 166.022071 166.022761 166.023451 166.024141 166.024830 166.025520 166.026210 166.027245 166.027934 166.028969 166.029659 166.030348 166.031038 166.032073 166.032762 166.033452 166.034487 166.035176 166.035866 166.036901 166.037591 166.038625 166.039315 166.040005 166.041039 166.041667 0.000000 0.000000 
0.000000 0.000000 0.000000 0.000000 0.000000 0.000000 0.000000 0.000000 166.039315 166.036556 166.034832 166.032762 166.031728 166.030693 166.030003 166.029314 166.028969 166.028624 166.028624 166.028624 166.028624 166.028624 166.028969 166.029659 166.030003 166.030693 166.031383 166.031728 166.032418 166.033107 166.033797 166.034142 166.034832 166.035521 166.036211 166.036556 166.037246 166.037935 166.038625 166.039315 166.040349 166.041039 166.041667 0.000000 0.000000 0.000000 0.000000 0.000000 0.000000 
0.000000 0.000000 0.000000 0.000000 0.000000 0.000000 0.000000 0.000000 0.000000 0.000000 0.000000 0.000000 0.000000 0.000000 0.000000 0.000000 0.000000 0.000000 0.000000 0.000000 166.041384 166.041039 166.040349 166.040349 166.040005 166.040005 166.040005 166.040005 166.040005 166.040005 166.040349 166.040694 166.041384 0.000000 0.000000 0.000000 0.000000 0.000000 0.000000 0.000000 0.000000 0.000000 0.000000 0.000000 0.000000 0.000000 0.000000 0.000000 0.000000 
