test/output/constant/M3M490_S000_A000_WD135.0_WS020.0/M3M490_S000_A000_WD135.0_WS020.0_arrival.asc
ncols         20
nrows         20
xllcorner     424903.990666
yllcorner     12748555.311160
cellsize      100.000000
NODATA_value  0.000000
0.000000 166.041667 166.041126 166.041126 166.041126 0.000000 0.000000 0.000000 0.000000 0.000000 0.000000 0.000000 0.000000 0.000000 0.000000 0.000000 0.000000 0.000000 0.000000 0.000000 
166.041667 166.039683 166.038962 166.038962 166.038240 166.038962 166.039683 166.041126 0.000000 0.000000 0.000000 0.000000 0.000000 0.000000 0.000000 0.000000 0.000000 0.000000 0.000000 0.000000 
166.041126 166.038962 166.037519 166.036797 166.036076 166.036076 166.036797 166.037519 166.038962 166.041667 0.000000 0.000000 0.000000 0.000000 0.000000 0.000000 0.000000 0.000000 0.000000 0.000000 
166.041126 166.038962 166.036797 166.034633 166.033911 166.033911 166.033911 166.033911 166.035354 166.037519 166.040405 0.000000 0.000000 0.000000 0.000000 0.000000 0.000000 0.000000 0.000000 0.000000 
166.041126 166.038240 166.036076 166.033911 166.032468 166.031747 166.031025 166.031025 166.031747 166.033190 166.035354 166.038962 0.000000 0.000000 0.000000 0.000000 0.000000 0.000000 0.000000 0.000000 
0.000000 166.038962 166.036076 166.033911 166.031747 166.029582 166.028861 166.028861 166.028861 166.029582 166.031025 166.033911 166.037519 0.000000 0.000000 0.000000 0.000000 0.000000 0.000000 0.000000 
0.000000 166.039683 166.036797 166.033911 166.031025 166.028861 166.027418 166.026696 166.025975 166.026696 166.027418 166.029582 166.032468 166.036797 0.000000 0.000000 0.000000 0.000000 0.000000 0.000000 
0.000000 166.041126 166.037519 166.033911 166.031025 166.028861 166.026696 166.024532 166.023810 166.023810 166.023810 166.025253 166.028139 166.031747 166.036797 0.000000 0.000000 0.000000 0.000000 0.000000 
0.000000 0.000000 166.038962 166.035354 166.031747 166.028861 166.025975 166.023810 166.022367 166.021646 166.021646 166.021646 166.023089 166.025975 166.031025 166.037519 0.000000 0.000000 0.000000 0.000000 
0.000000 0.000000 166.041667 166.037519 166.033190 166.029582 166.026696 166.023810 166.021646 166.019481 166.018759 166.018759 166.019481 166.021646 166.025253 166.031025 166.038240 0.000000 0.000000 0.000000 
0.000000 0.000000 0.000000 166.040405 166.035354 166.031025 166.027418 166.023810 166.021646 166.018759 166.016595 166.016595 166.016595 166.017316 166.020202 166.024532 166.031747 166.041126 0.000000 0.000000 
0.000000 0.000000 0.000000 0.000000 166.038962 166.033911 166.029582 166.025253 166.021646 166.018759 166.016595 166.014430 166.013709 166.013709 166.015152 166.018759 166.025253 166.033911 0.000000 0.000000 
0.000000 0.000000 0.000000 0.000000 0.000000 166.037519 166.032468 166.028139 166.023089 166.019481 166.016595 166.013709 166.011544 166.011544 166.011544 166.013709 166.018759 166.026696 166.039683 0.000000 
0.000000 0.000000 0.000000 0.000000 0.000000 0.000000 166.036797 166.031747 166.025975 166.021646 166.017316 166.013709 166.011544 166.009380 166.008658 166.009380 166.012266 166.020202 166.032468 0.000000 
0.000000 0.000000 0.000000 0.000000 0.000000 0.000000 0.000000 166.036797 166.031025 166.025253 166.020202 166.015152 166.011544 166.008658 166.006494 166.006494 166.007215 166.012987 166.025975 166.041667 
0.000000 0.000000 0.000000 0.000000 0.000000 0.000000 0.000000 0.000000 166.037519 166.031025 166.024532 166.018759 166.013709 166.009380 166.006494 166.004329 166.004329 166.006494 166.018759 166.035354 
0.000000 0.000000 0.000000 0.000000 0.000000 0.000000 0.000000 0.000000 0.000000 166.038240 166.031747 166.025253 166.018759 166.012266 166.007215 166.004329 166.001443 166.001443 166.012987 166.031747 
0.000000 0.000000 0.000000 0.000000 0.000000 0.000000 0.000000 0.000000 0.000000 0.000000 166.041126 166.033911 166.026696 166.020202 166.012987 166.006494 166.001443 166.000000 166.010823 166.031025 
0.000000 0.000000 0.000000 0.000000 0.000000 0.000000 0.000000 0.000000 0.000000 0.000000 0.000000 0.000000 166.039683 166.032468 166.025975 166.018759 166.012987 166.010823 166.015152 166.033911 
0.000000 0.000000 0.000000 0.000000 0.000000 0.000000 0.000000 0.000000 0.000000 0.000000 0.000000 0.000000 0.000000 0.000000 166.041667 166.035354 166.031747 166.031025 166.033911 0.000000 
