test/output/constant/C1_S000_A000_WD270.0_WS045.0/C1_S000_A000_WD270.0_WS045.0_arrival.asc
ncols         37
nrows         7
xllcorner     426603.990666
yllcorner     12748455.311160
cellsize      100.000000
NODATA_value  0.000000
0.000000 0.000000 0.000000 0.000000 0.000000 0.000000 0.000000 0.000000 0.000000 166.039918 166.038062 166.036669 166.035741 166.034812 166.034812 166.034348 166.033884 166.033884 166.033884 166.034348 166.034812 166.035741 166.036669 166.037133 166.038062 166.038990 166.039454 166.040382 166.041311 0.000000 0.000000 0.000000 0.000000 0.000000 0.000000 0.000000 0.000000 
0.000000 0.000000 0.000000 166.034812 166.028314 166.025065 166.022744 166.021816 166.020887 166.020423 166.020423 166.020423 166.020887 166.021816 166.022280 166.023208 166.024137 166.025065 166.025529 166.026457 166.027386 166.028314 166.029242 166.030635 166.031563 166.032492 166.033420 166.034812 166.035741 166.036669 166.037597 166.038990 166.039918 166.040847 0.000000 0.000000 0.000000 
166.031099 166.010676 166.007427 166.006962 166.006962 166.007891 166.008355 166.009283 166.010212 166.011604 166.012532 166.013461 166.014853 166.015782 166.017174 166.018102 166.019031 166.020423 166.021352 166.022744 166.023672 166.025065 166.025993 166.027386 166.028314 166.029707 166.030635 166.031563 166.032956 166.033884 166.035277 166.036205 166.037597 166.038526 166.039918 166.040847 0.000000 
166.000000 166.000928 166.001857 166.003249 166.004177 166.005570 166.006498 166.007891 166.008819 166.010212 166.011140 166.012532 166.013461 166.014853 166.015782 166.017174 166.018102 166.019495 166.020423 166.021816 166.022744 166.024137 166.025065 166.026457 166.027386 166.028778 166.029707 166.031099 166.032027 166.033420 166.034348 166.035741 166.036669 166.038062 166.038990 166.040382 166.041311 
166.031099 166.010676 166.007427 166.006962 166.006962 166.007891 166.008355 166.009283 166.010212 166.011604 166.012532 166.013461 166.014853 166.015782 166.017174 166.018102 166.019031 166.020423 166.021352 166.022744 166.023672 166.025065 166.025993 166.027386 166.028314 166.029707 166.030635 166.031563 166.032956 166.033884 166.035277 166.036205 166.037597 166.038526 166.039918 166.040847 0.000000 
0.000000 0.000000 0.000000 166.034812 166.028314 166.025065 166.022744 166.021816 166.020887 166.020423 166.020423 166.020423 166.020887 166.021816 166.022280 166.023208 166.024137 166.025065 166.025529 166.026457 166.027386 166.028314 166.029242 166.030635 166.031563 166.032492 166.033420 166.034812 166.035741 166.036669 166.037597 166.038990 166.039918 166.040847 0.000000 0.000000 0.000000 
0.000000 0.000000 0.000000 0.000000 0.000000 0.000000 0.000000 0.000000 0.000000 166.039918 166.038062 166.036669 166.035741 166.034812 166.034812 166.034348 166.033884 166.033884 166.033884 166.034348 166.034812 166.035741 166.036669 166.037133 166.038062 166.038990 166.039454 166.040382 166.041311 0.000000 0.000000 0.000000 0.000000 0.000000 0.000000 0.000000 0.000000 
