test/output/constant/M380_S060_A180_WD090.0_WS020.0/M380_S060_A180_WD090.0_WS020.0_arrival.asc
ncols         23
nrows         9
xllcorner     426403.990666
yllcorner     12748355.311160
cellsize      100.000000
NODATA_value  0.000000
0.000000 0.000000 0.000000 0.000000 0.000000 166.040114 166.037658 166.035202 166.034384 166.033565 166.033565 166.033565 166.034384 166.034384 166.036021 166.036840 166.038477 166.039296 166.040933 0.000000 0.000000 0.000000 0.000000 
0.000000 0.000000 166.040933 166.034384 166.029472 166.026197 166.024560 166.023741 166.023741 166.024560 166.024560 166.026197 166.027016 166.028653 166.030291 166.031928 166.033565 166.035202 166.036840 166.038477 166.040114 0.000000 0.000000 
0.000000 166.033565 166.023741 166.018011 166.015555 166.014736 166.014736 166.014736 166.016373 166.018011 166.019648 166.021285 166.022923 166.024560 166.026197 166.027835 166.030291 166.031928 166.033565 166.036021 166.037658 166.040114 166.041667 
166.033565 166.015555 166.006549 166.004912 166.005731 166.006549 166.008187 166.010643 166.012280 166.013917 166.016373 166.018011 166.020467 166.022104 166.024560 166.026197 166.028653 166.030291 166.032747 166.034384 166.036840 166.038477 166.040933 
166.030291 166.010643 166.000000 166.001637 166.003275 166.005731 166.007368 166.009824 166.011461 166.013917 166.015555 166.018011 166.019648 166.022104 166.023741 166.026197 166.027835 166.030291 166.031928 166.034384 166.036021 166.038477 166.040114 
166.033565 166.015555 166.006549 166.004912 166.005731 166.006549 166.008187 166.010643 166.012280 166.013917 166.016373 166.018011 166.020467 166.022104 166.024560 166.026197 166.028653 166.030291 166.032747 166.034384 166.036840 166.038477 166.040933 
0.000000 166.033565 166.023741 166.018011 166.015555 166.014736 166.014736 166.014736 166.016373 166.018011 166.019648 166.021285 166.022923 166.024560 166.026197 166.027835 166.030291 166.031928 166.033565 166.036021 166.037658 166.040114 166.041667 
0.000000 0.000000 166.040933 166.034384 166.029472 166.026197 166.024560 166.023741 166.023741 166.024560 166.024560 166.026197 166.027016 166.028653 166.030291 166.031928 166.033565 166.035202 166.036840 166.038477 166.040114 0.000000 0.000000 
0.000000 0.000000 0.000000 0.000000 0.000000 166.040114 166.037658 166.035202 166.034384 166.033565 166.033565 166.033565 166.034384 166.034384 166.036021 166.036840 166.038477 166.039296 166.040933 0.000000 0.000000 0.000000 0.000000 
