test/output/constant/M460_S060_A180_WD225.0_WS015.0/M460_S060_A180_WD225.0_WS015.0_arrival.asc
ncols         25
nrows         8
xllcorner     426603.990666
yllcorner     12748755.311160
cellsize      100.000000
NODATA_value  0.000000
0.000000 0.000000 0.000000 0.000000 0.000000 0.000000 0.000000 0.000000 0.000000 0.000000 0.000000 0.000000 0.000000 0.000000 0.000000 0.000000 0.000000 0.000000 166.041213 166.040537 166.039862 166.040537 166.040537 166.041213 0.000000 
0.000000 0.000000 0.000000 0.000000 0.000000 0.000000 0.000000 0.000000 0.000000 0.000000 0.000000 0.000000 166.040537 166.037835 166.035808 166.034457 166.033781 166.033781 166.034457 166.034457 166.035808 166.036484 166.038510 166.039862 166.041667 
0.000000 0.000000 0.000000 0.000000 0.000000 0.000000 0.000000 0.000000 0.000000 166.036484 166.032430 166.029727 166.028376 166.027700 166.027700 166.028376 166.028376 166.029727 166.031079 166.033105 166.035132 166.036484 166.038510 166.040537 0.000000 
0.000000 0.000000 0.000000 0.000000 0.000000 0.000000 166.035808 166.027700 166.024322 166.022296 166.021620 166.021620 166.022296 166.022971 166.024322 166.025674 166.027700 166.029727 166.031079 166.033105 166.035132 166.037835 166.040537 0.000000 0.000000 
0.000000 0.000000 0.000000 166.040537 166.027025 166.019593 166.016891 166.015539 166.015539 166.016215 166.016891 166.018917 166.020944 166.022296 166.024322 166.026349 166.028376 166.031079 166.033781 166.036484 166.039862 0.000000 0.000000 0.000000 0.000000 
0.000000 166.040537 166.018917 166.010810 166.009459 166.009459 166.010134 166.012161 166.013512 166.015539 166.016891 166.018917 166.021620 166.024322 166.027025 166.030403 166.033781 166.037835 166.041213 0.000000 0.000000 0.000000 0.000000 0.000000 0.000000 
166.016215 166.003378 166.003378 166.004729 166.006756 166.008107 166.010134 166.012161 166.014864 166.017566 166.020944 166.024998 166.029052 166.033105 166.036484 166.041213 0.000000 0.000000 0.000000 0.000000 0.000000 0.000000 0.000000 0.000000 0.000000 
166.000000 166.001351 166.002702 166.005405 166.008783 166.012837 166.016891 166.020944 166.025674 166.030403 166.035132 166.039862 0.000000 0.000000 0.000000 0.000000 0.000000 0.000000 0.000000 0.000000 0.000000 0.000000 0.000000 0.000000 0.000000 
