test/output/constant/M3M4100_S060_A090_WD135.0_WS015.0/M3M4100_S060_A090_WD135.0_WS015.0_intensity.asc
ncols         17
nrows         41
xllcorner     425103.990666
yllcorner     12744855.311160
cellsize      100.000000
NODATA_value  0.000000
0 0 0 0 0 0 0 0 0 0 0 0 0 0 1588 1588 1588 
0 0 0 0 0 0 0 0 0 0 0 0 0 2961 37570 0 1469 
0 0 0 0 0 0 0 0 0 0 0 0 1588 2495 63316 63316 7251 
0 0 0 0 0 0 0 0 0 0 0 2169 2169 6577 63316 10451 14320 
0 0 0 0 0 0 0 0 0 0 2961 2169 4395 63316 63316 23599 10451 
0 0 0 0 0 0 0 0 0 0 37570 2495 6577 63316 63316 23599 10451 
0 0 0 0 0 0 0 0 0 2495 2961 47508 55717 63316 39234 28735 23599 
0 0 0 0 0 0 0 0 2495 42683 42683 2169 63316 63316 56821 23599 10451 
0 0 0 0 0 0 0 0 2495 1819 47508 55717 63316 63316 23599 14320 18746 
0 0 0 0 0 0 0 42683 37570 6577 6577 63316 63316 48986 23599 18746 10451 
0 0 0 0 0 0 0 6577 1819 42683 55717 63316 63316 48986 23599 18746 14320 
0 0 0 0 0 0 37570 2961 2495 42683 63316 62711 63316 59713 23599 18746 18746 
0 0 0 0 0 0 6577 47508 47508 42683 63316 63316 53209 23599 14320 18746 23599 
0 0 0 0 0 47508 6577 6577 47508 58853 63316 63316 23599 23599 10451 23599 18746 
0 0 0 0 0 2961 47508 42683 55717 63316 63316 63316 44280 33999 14320 23599 0 
0 0 0 0 0 6577 4395 42683 58853 63316 63316 53209 10451 23599 23599 23599 0 
0 0 0 0 47508 47508 42683 4395 63316 63316 63316 18746 23599 23599 14320 23599 0 
0 0 0 0 2169 42683 42683 58853 63316 63316 63316 56821 23599 14320 23599 18746 0 
0 0 0 42683 2495 42683 4395 63316 63316 63316 53209 48986 23599 18746 23599 14320 0 
0 0 0 1819 42683 2169 55717 63316 63316 63316 10451 18746 14320 14320 14320 0 0 
0 0 0 6577 47508 55717 58853 63316 63316 23599 63277 28735 23599 14320 14320 0 0 
0 0 6577 42683 6577 55717 63316 63316 63316 48986 44280 23599 28735 23599 18746 0 0 
0 0 4395 47508 47508 4395 63316 63316 63316 14320 23599 23599 28735 18746 0 0 0 
0 0 47508 47508 51897 63316 63316 63316 23599 44280 10451 28735 18746 23599 0 0 0 
0 0 1819 55717 58853 63316 63127 63316 18746 39234 39234 23599 14320 10451 0 0 0 
0 42683 47508 42683 63316 63316 63316 63316 23599 18746 23599 18746 14320 0 0 0 0 
0 2169 58853 55717 63316 58853 63316 63316 18746 23599 56821 28735 14320 0 0 0 0 
0 47508 55717 2961 63316 63316 63316 18746 23599 14320 33999 23599 0 0 0 0 0 
0 58853 63316 63316 62711 63316 63316 18746 10451 33999 48986 10451 0 0 0 0 0 
42683 55717 2961 63316 63316 63316 63316 53209 23599 59713 23599 0 0 0 0 0 0 
2961 58853 58853 63316 63316 63316 48986 28735 23599 23599 18746 0 0 0 0 0 0 
6577 55717 63316 63316 62711 63316 33999 44280 23599 28735 0 0 0 0 0 0 0 
55717 63127 63316 62711 63316 63316 53209 23599 39234 28735 0 0 0 0 0 0 0 
4395 63316 61208 63316 63316 53209 56821 28735 33999 0 0 0 0 0 0 0 0 
63316 63316 61208 63316 63316 44280 28735 33999 23599 0 0 0 0 0 0 0 0 
63316 63316 63316 63316 63316 48986 18746 23599 0 0 0 0 0 0 0 0 0 
63316 61208 63316 63316 53209 53209 56821 53209 0 0 0 0 0 0 0 0 0 
63316 63316 63316 44280 48986 63316 14320 0 0 0 0 0 0 0 0 0 0 
63316 63316 63316 63316 63316 48986 0 0 0 0 0 0 0 0 0 0 0 
63316 63277 63316 53209 53209 0 0 0 0 0 0 0 0 0 0 0 0 
0 63316 23599 48986 0 0 0 0 0 0 0 0 0 0 0 0 0 
