test/output/constant/M3M4100_S060_A090_WD135.0_WS015.0/M3M4100_S060_A090_WD135.0_WS015.0_ros.asc
ncols         17
nrows         41
xllcorner     425103.990666
yllcorner     12744855.311160
cellsize      100.000000
NODATA_value  0.000000
0.000000 0.000000 0.000000 0.000000 0.000000 0.000000 0.000000 0.000000 0.000000 0.000000 0.000000 0.000000 0.000000 0.000000 1.730434 1.730434 1.730434 
0.000000 0.000000 0.000000 0.000000 0.000000 0.000000 0.000000 0.000000 0.000000 0.000000 0.000000 0.000000 0.000000 3.225289 40.918919 0.000000 1.600555 
0.000000 0.000000 0.000000 0.000000 0.000000 0.000000 0.000000 0.000000 0.000000 0.000000 0.000000 0.000000 1.730434 2.717909 68.959648 68.959648 7.897511 
0.000000 0.000000 0.000000 0.000000 0.000000 0.000000 0.000000 0.000000 0.000000 0.000000 0.000000 2.362908 2.362908 7.163710 68.959648 11.383249 15.596363 
0.000000 0.000000 0.000000 0.000000 0.000000 0.000000 0.000000 0.000000 0.000000 0.000000 3.225289 2.362908 4.787724 68.959648 68.959648 25.702415 11.383249 
0.000000 0.000000 0.000000 0.000000 0.000000 0.000000 0.000000 0.000000 0.000000 0.000000 40.918919 2.717909 7.163710 68.959648 68.959648 25.702415 11.383249 
0.000000 0.000000 0.000000 0.000000 0.000000 0.000000 0.000000 0.000000 0.000000 2.717909 3.225289 51.742046 60.683357 68.959648 42.730614 31.296021 25.702415 
0.000000 0.000000 0.000000 0.000000 0.000000 0.000000 0.000000 0.000000 2.717909 46.487667 46.487667 2.362908 68.959648 68.959648 61.885052 25.702415 11.383249 
0.000000 0.000000 0.000000 0.000000 0.000000 0.000000 0.000000 0.000000 2.717909 1.981816 51.742046 60.683357 68.959648 68.959648 25.702415 15.596363 20.416683 
0.000000 0.000000 0.000000 0.000000 0.000000 0.000000 0.000000 46.487667 40.918919 7.163710 7.163710 68.959648 68.959648 53.351974 25.702415 20.416683 11.383249 
0.000000 0.000000 0.000000 0.000000 0.000000 0.000000 0.000000 7.163710 1.981816 46.487667 60.683357 68.959648 68.959648 53.351974 25.702415 20.416683 15.596363 
0.000000 0.000000 0.000000 0.000000 0.000000 0.000000 40.918919 3.225289 2.717909 46.487667 68.959648 68.300797 68.959648 65.034599 25.702415 20.416683 20.416683 
0.000000 0.000000 0.000000 0.000000 0.000000 0.000000 7.163710 51.742046 51.742046 46.487667 68.959648 68.959648 57.951141 25.702415 15.596363 20.416683 25.702415 
0.000000 0.000000 0.000000 0.000000 0.000000 51.742046 7.163710 7.163710 51.742046 64.098396 68.959648 68.959648 25.702415 25.702415 11.383249 25.702415 20.416683 
0.000000 0.000000 0.000000 0.000000 0.000000 3.225289 51.742046 46.487667 60.683357 68.959648 68.959648 68.959648 48.226772 37.029655 15.596363 25.702415 0.000000 
0.000000 0.000000 0.000000 0.000000 0.000000 7.163710 4.787724 46.487667 64.098396 68.959648 68.959648 57.951141 11.383249 25.702415 25.702415 25.702415 0.000000 
0.000000 0.000000 0.000000 0.000000 51.742046 51.742046 46.487667 4.787724 68.959648 68.959648 68.959648 20.416683 25.702415 25.702415 15.596363 25.702415 0.000000 
0.000000 0.000000 0.000000 0.000000 2.362908 46.487667 46.487667 64.098396 68.959648 68.959648 68.959648 61.885052 25.702415 15.596363 25.702415 20.416683 0.000000 
0.000000 0.000000 0.000000 46.487667 2.717909 46.487667 4.787724 68.959648 68.959648 68.959648 57.951141 53.351974 25.702415 20.416683 25.702415 15.596363 0.000000 
0.000000 0.000000 0.000000 1.981816 46.487667 2.362908 60.683357 68.959648 68.959648 68.959648 11.383249 20.416683 15.596363 15.596363 15.596363 0.000000 0.000000 
0.000000 0.000000 0.000000 7.163710 51.742046 60.683357 64.098396 68.959648 68.959648 25.702415 68.916946 31.296021 25.702415 15.596363 15.596363 0.000000 0.000000 
0.000000 0.000000 7.163710 46.487667 7.163710 60.683357 68.959648 68.959648 68.959648 53.351974 48.226772 25.702415 31.296021 25.702415 20.416683 0.000000 0.000000 
0.000000 0.000000 4.787724 51.742046 51.742046 4.787724 68.959648 68.959648 68.959648 15.596363 25.702415 25.702415 31.296021 20.416683 0.000000 0.000000 0.000000 
0.000000 0.000000 51.742046 51.742046 56.522392 68.959648 68.959648 68.959648 25.702415 48.226772 11.383249 31.296021 20.416683 25.702415 0.000000 0.000000 0.000000 
0.000000 0.000000 1.981816 60.683357 64.098396 68.959648 68.753731 68.959648 20.416683 42.730614 42.730614 25.702415 15.596363 11.383249 0.000000 0.000000 0.000000 
0.000000 46.487667 51.742046 46.487667 68.959648 68.959648 68.959648 68.959648 25.702415 20.416683 25.702415 20.416683 15.596363 0.000000 0.000000 0.000000 0.000000 
0.000000 2.362908 64.098396 60.683357 68.959648 64.098396 68.959648 68.959648 20.416683 25.702415 61.885052 31.296021 15.596363 0.000000 0.000000 0.000000 0.000000 
0.000000 51.742046 60.683357 3.225289 68.959648 68.959648 68.959648 20.416683 25.702415 15.596363 37.029655 25.702415 0.000000 0.000000 0.000000 0.000000 0.000000 
0.000000 64.098396 68.959648 68.959648 68.300797 68.959648 68.959648 20.416683 11.383249 37.029655 53.351974 11.383249 0.000000 0.000000 0.000000 0.000000 0.000000 
46.487667 60.683357 3.225289 68.959648 68.959648 68.959648 68.959648 57.951141 25.702415 65.034599 25.702415 0.000000 0.000000 0.000000 0.000000 0.000000 0.000000 
3.225289 64.098396 64.098396 68.959648 68.959648 68.959648 53.351974 31.296021 25.702415 25.702415 20.416683 0.000000 0.000000 0.000000 0.000000 0.000000 0.000000 
7.163710 60.683357 68.959648 68.959648 68.300797 68.959648 37.029655 48.226772 25.702415 31.296021 0.000000 0.000000 0.000000 0.000000 0.000000 0.000000 0.000000 
60.683357 68.753731 68.959648 68.300797 68.959648 68.959648 57.951141 25.702415 42.730614 31.296021 0.000000 0.000000 0.000000 0.000000 0.000000 0.000000 0.000000 
4.787724 68.959648 66.663582 68.959648 68.959648 57.951141 61.885052 31.296021 37.029655 0.000000 0.000000 0.000000 0.000000 0.000000 0.000000 0.000000 0.000000 
68.959648 68.959648 66.663582 68.959648 68.959648 48.226772 31.296021 37.029655 25.702415 0.000000 0.000000 0.000000 0.000000 0.000000 0.000000 0.000000 0.000000 
68.959648 68.959648 68.959648 68.959648 68.959648 53.351974 20.416683 25.702415 0.000000 0.000000 0.000000 0.000000 0.000000 0.000000 0.000000 0.000000 0.000000 
68.959648 66.663582 68.959648 68.959648 57.951141 57.951141 61.885052 57.951141 0.000000 0.000000 0.000000 0.000000 0.000000 0.000000 0.000000 0.000000 0.000000 
68.959648 68.959648 68.959648 48.226772 53.351974 68.959648 15.596363 0.000000 0.000000 0.000000 0.000000 0.000000 0.000000 0.000000 0.000000 0.000000 0.000000 
68.959648 68.959648 68.959648 68.959648 68.959648 53.351974 0.000000 0.000000 0.000000 0.000000 0.000000 0.000000 0.000000 0.000000 0.000000 0.000000 0.000000 
68.959648 68.916946 68.959648 57.951141 57.951141 0.000000 0.000000 0.000000 0.000000 0.000000 0.000000 0.000000 0.000000 0.000000 0.000000 0.000000 0.000000 
0.000000 68.959648 25.702415 53.351974 0.000000 0.000000 0.000000 0.000000 0.000000 0.000000 0.000000 0.000000 0.000000 0.000000 0.000000 0.000000 0.000000 
