test/output/constant/M3M465_S060_A000_WD180.0_WS005.0/M3M465_S060_A000_WD180.0_WS005.0_arrival.asc
ncols         34
nrows         9
xllcorner     423303.990666
yllcorner     12748555.311160
cellsize      100.000000
NODATA_value  0.000000
0.000000 166.041667 166.040847 166.039851 166.038854 166.038356 166.037858 166.037360 166.036862 166.036364 166.036364 166.036364 166.036364 166.036364 166.036364 166.036862 166.037360 166.038356 166.039851 0.000000 0.000000 0.000000 0.000000 0.000000 0.000000 0.000000 0.000000 0.000000 0.000000 0.000000 0.000000 0.000000 0.000000 0.000000 
166.041345 166.040349 166.038854 166.037858 166.036862 166.035865 166.034869 166.033873 166.032877 166.032379 166.031382 166.030884 166.030386 166.029888 166.029888 166.029888 166.029888 166.029888 166.029888 166.030386 166.031382 166.033375 166.035865 166.038854 0.000000 0.000000 0.000000 0.000000 0.000000 0.000000 0.000000 0.000000 0.000000 0.000000 
166.041345 166.039851 166.038854 166.037360 166.036364 166.034869 166.033873 166.032379 166.031382 166.029888 166.028892 166.027895 166.026899 166.025903 166.025405 166.024408 166.023910 166.023412 166.023412 166.022914 166.023412 166.023412 166.023412 166.024408 166.026401 166.029390 166.032877 166.038854 0.000000 0.000000 0.000000 0.000000 0.000000 0.000000 
0.000000 166.040349 166.039352 166.037858 166.036364 166.034869 166.033873 166.032379 166.031382 166.029888 166.028892 166.027397 166.025903 166.024907 166.023910 166.022416 166.021420 166.020423 166.019427 166.018431 166.017435 166.016936 166.016936 166.016438 166.016438 166.016936 166.017435 166.019925 166.023412 166.028393 166.038356 0.000000 0.000000 0.000000 
0.000000 0.000000 166.040847 166.039352 166.037858 166.036364 166.034869 166.033375 166.031880 166.030386 166.028892 166.027895 166.026401 166.024907 166.023412 166.022416 166.020922 166.019925 166.018431 166.017435 166.015940 166.014944 166.013450 166.012453 166.011457 166.010461 166.009963 166.009963 166.009963 166.010959 166.013450 166.019925 166.032379 0.000000 
0.000000 0.000000 0.000000 0.000000 166.041345 166.039851 166.038356 166.036364 166.034869 166.033375 166.031382 166.029888 166.028393 166.026401 166.024907 166.023412 166.021918 166.020423 166.018929 166.017435 166.015940 166.014944 166.013450 166.012453 166.010959 166.009963 166.008468 166.006974 166.005978 166.004483 166.003487 166.003487 166.003985 166.011955 
0.000000 0.000000 0.000000 0.000000 0.000000 0.000000 0.000000 166.041345 166.039851 166.037858 166.036364 166.034371 166.032877 166.030884 166.029390 166.027397 166.025903 166.023910 166.022416 166.020922 166.018929 166.017435 166.015940 166.013948 166.012453 166.010461 166.008966 166.007472 166.005978 166.004483 166.003487 166.001993 166.000996 166.000000 
0.000000 0.000000 0.000000 0.000000 0.000000 0.000000 0.000000 0.000000 0.000000 0.000000 0.000000 166.041667 166.039851 166.038356 166.036364 166.034869 166.033375 166.031382 166.029888 166.028393 166.026899 166.024907 166.023412 166.021918 166.020423 166.018929 166.017435 166.015940 166.014446 166.013450 166.012951 166.012453 166.013948 166.021918 
0.000000 0.000000 0.000000 0.000000 0.000000 0.000000 0.000000 0.000000 0.000000 0.000000 0.000000 0.000000 0.000000 0.000000 0.000000 0.000000 0.000000 0.000000 0.000000 0.000000 166.041345 166.040349 166.038854 166.037858 166.037360 166.036364 166.036364 166.036364 166.036862 166.038854 166.041345 0.000000 0.000000 0.000000 
