test/output/constant/M3100_S060_A270_WD000.0_WS030.0/M3100_S060_A270_WD000.0_WS030.0_arrival.asc
ncols         13
nrows         21
xllcorner     426003.990666
yllcorner     12748355.311160
cellsize      100.000000
NODATA_value  0.000000
0.000000 0.000000 0.000000 166.041562 166.040549 166.039535 166.039535 166.039535 166.040549 166.041562 0.000000 0.000000 0.000000 
0.000000 0.000000 166.041562 166.039535 166.038521 166.037507 166.037507 166.037507 166.038521 166.039535 166.041562 0.000000 0.000000 
0.000000 0.000000 166.039535 166.037507 166.035480 166.034466 166.034466 166.034466 166.035480 166.037507 166.039535 0.000000 0.000000 
0.000000 166.040549 166.037507 166.034466 166.033453 166.032439 166.032439 166.032439 166.033453 166.034466 166.037507 166.040549 0.000000 
0.000000 166.038521 166.035480 166.032439 166.030411 166.030411 166.029398 166.030411 166.030411 166.032439 166.035480 166.038521 0.000000 
166.041562 166.036494 166.033453 166.030411 166.028384 166.027370 166.027370 166.027370 166.028384 166.030411 166.033453 166.036494 166.041562 
166.040549 166.035480 166.031425 166.028384 166.026357 166.025343 166.024329 166.025343 166.026357 166.028384 166.031425 166.035480 166.040549 
166.039535 166.034466 166.029398 166.026357 166.023315 166.022302 166.022302 166.022302 166.023315 166.026357 166.029398 166.034466 166.039535 
166.038521 166.032439 166.027370 166.024329 166.021288 166.020274 166.019261 166.020274 166.021288 166.024329 166.027370 166.032439 166.038521 
166.038521 166.032439 166.026357 166.022302 166.019261 166.017233 166.017233 166.017233 166.019261 166.022302 166.026357 166.032439 166.038521 
166.038521 166.031425 166.025343 166.020274 166.016219 166.015206 166.014192 166.015206 166.016219 166.020274 166.025343 166.031425 166.038521 
166.038521 166.031425 166.025343 166.019261 166.014192 166.012165 166.012165 166.012165 166.014192 166.019261 166.025343 166.031425 166.038521 
166.039535 166.031425 166.024329 166.018247 166.013178 166.010137 166.009123 166.010137 166.013178 166.018247 166.024329 166.031425 166.039535 
166.040549 166.032439 166.024329 166.018247 166.011151 166.007096 166.007096 166.007096 166.011151 166.018247 166.024329 166.032439 166.040549 
0.000000 166.033453 166.025343 166.018247 166.011151 166.005069 166.004055 166.005069 166.011151 166.018247 166.025343 166.033453 0.000000 
0.000000 166.036494 166.027370 166.019261 166.011151 166.004055 166.002027 166.004055 166.011151 166.019261 166.027370 166.036494 0.000000 
0.000000 166.039535 166.030411 166.021288 166.012165 166.004055 166.000000 166.004055 166.012165 166.021288 166.030411 166.039535 0.000000 
0.000000 0.000000 166.034466 166.025343 166.016219 166.008110 166.005069 166.008110 166.016219 166.025343 166.034466 0.000000 0.000000 
0.000000 0.000000 166.039535 166.030411 166.022302 166.016219 166.015206 166.016219 166.022302 166.030411 166.039535 0.000000 0.000000 
0.000000 0.000000 0.000000 166.036494 166.030411 166.026357 166.024329 166.026357 166.030411 166.036494 0.000000 0.000000 0.000000 
0.000000 0.000000 0.000000 0.000000 166.038521 166.035480 166.034466 166.035480 166.038521 0.000000 0.000000 0.000000 0.000000 
