test/output/constant/C4_S060_A000_WD090.0_WS040.0/C4_S060_A000_WD090.0_WS040.0_arrival.asc
ncols         44
nrows         7
xllcorner     422303.990666
yllcorner     12748455.311160
cellsize      100.000000
NODATA_value  0.000000
0.000000 0.000000 0.000000 0.000000 0.000000 0.000000 0.000000 0.000000 0.000000 0.000000 0.000000 0.000000 0.000000 0.000000 166.041078 166.040686 166.039904 166.039513 166.039122 166.038730 166.038730 166.038730 166.039122 166.039513 166.039904 166.040295 166.041078 0.000000 0.000000 0.000000 0.000000 0.000000 0.000000 0.000000 0.000000 0.000000 0.000000 0.000000 0.000000 0.000000 0.000000 0.000000 0.000000 0.000000 
0.000000 0.000000 0.000000 0.000000 0.000000 166.041078 166.040295 166.039122 166.038339 166.037557 166.036774 166.035601 166.034818 166.034036 166.032862 166.032080 166.031297 166.030515 166.029732 166.029341 166.028559 166.027776 166.026994 166.026603 166.025820 166.025038 166.024647 166.023864 166.023473 166.023473 166.023473 166.023473 166.024255 166.025038 166.026211 166.027385 166.030124 166.032862 166.038339 0.000000 0.000000 0.000000 0.000000 0.000000 
0.000000 166.041667 166.040686 166.039904 166.038730 166.037948 166.036774 166.035992 166.034818 166.034036 166.032862 166.032080 166.031297 166.030124 166.029341 166.028168 166.027385 166.026211 166.025429 166.024255 166.023473 166.022691 166.021517 166.020734 166.019561 166.018778 166.017605 166.016822 166.016040 166.014866 166.014084 166.012910 166.012128 166.011345 166.010563 166.009780 166.008998 166.008216 166.007824 166.007824 166.008998 166.010563 166.018778 0.000000 
166.041667 166.040686 166.039904 166.038730 166.037948 166.036774 166.035992 166.034818 166.034036 166.032862 166.032080 166.030906 166.030124 166.028950 166.028168 166.026994 166.026211 166.025038 166.024255 166.023082 166.022299 166.021126 166.020343 166.019170 166.018387 166.017213 166.016431 166.015257 166.014475 166.013301 166.012519 166.011345 166.010563 166.009389 166.008607 166.007433 166.006651 166.005477 166.004695 166.003521 166.002739 166.001565 166.000782 166.000000 
0.000000 166.041667 166.040686 166.039904 166.038730 166.037948 166.036774 166.035992 166.034818 166.034036 166.032862 166.032080 166.031297 166.030124 166.029341 166.028168 166.027385 166.026211 166.025429 166.024255 166.023473 166.022691 166.021517 166.020734 166.019561 166.018778 166.017605 166.016822 166.016040 166.014866 166.014084 166.012910 166.012128 166.011345 166.010563 166.009780 166.008998 166.008216 166.007824 166.007824 166.008998 166.010563 166.018778 0.000000 
0.000000 0.000000 0.000000 0.000000 0.000000 166.041078 166.040295 166.039122 166.038339 166.037557 166.036774 166.035601 166.034818 166.034036 166.032862 166.032080 166.031297 166.030515 166.029732 166.029341 166.028559 166.027776 166.026994 166.026603 166.025820 166.025038 166.024647 166.023864 166.023473 166.023473 166.023473 166.023473 166.024255 166.025038 166.026211 166.027385 166.030124 166.032862 166.038339 0.000000 0.000000 0.000000 0.000000 0.000000 
0.000000 0.000000 0.000000 0.000000 0.000000 0.000000 0.000000 0.000000 0.000000 0.000000 0.000000 0.000000 0.000000 0.000000 166.041078 166.040686 166.039904 166.039513 166.039122 166.038730 166.038730 166.038730 166.039122 166.039513 166.039904 166.040295 166.041078 0.000000 0.000000 0.000000 0.000000 0.000000 0.000000 0.000000 0.000000 0.000000 0.000000 0.000000 0.000000 0.000000 0.000000 0.000000 0.000000 0.000000 
