test/output/constant/M3M400_S060_A270_WD180.0_WS020.0/M3M400_S060_A270_WD180.0_WS020.0_arrival.asc
ncols         11
nrows         68
xllcorner     426103.990666
yllcorner     12748755.311160
cellsize      100.000000
NODATA_value  0.000000
0.000000 0.000000 0.000000 0.000000 0.000000 166.041667 0.000000 0.000000 0.000000 0.000000 0.000000 
0.000000 0.000000 0.000000 0.000000 166.041552 166.041051 166.041552 0.000000 0.000000 0.000000 0.000000 
0.000000 0.000000 0.000000 0.000000 166.040801 166.040551 166.040801 0.000000 0.000000 0.000000 0.000000 
0.000000 0.000000 0.000000 166.041552 166.040300 166.039800 166.040300 166.041552 0.000000 0.000000 0.000000 
0.000000 0.000000 0.000000 166.040801 166.039549 166.039299 166.039549 166.040801 0.000000 0.000000 0.000000 
0.000000 0.000000 0.000000 166.040300 166.039049 166.038548 166.039049 166.040300 0.000000 0.000000 0.000000 
0.000000 0.000000 0.000000 166.039549 166.038298 166.038048 166.038298 166.039549 0.000000 0.000000 0.000000 
0.000000 0.000000 166.041302 166.039049 166.037797 166.037297 166.037797 166.039049 166.041302 0.000000 0.000000 
0.000000 0.000000 166.040801 166.038548 166.037046 166.036796 166.037046 166.038548 166.040801 0.000000 0.000000 
0.000000 0.000000 166.040300 166.037797 166.036546 166.036045 166.036546 166.037797 166.040300 0.000000 0.000000 
0.000000 0.000000 166.039549 166.037297 166.035795 166.035544 166.035795 166.037297 166.039549 0.000000 0.000000 
0.000000 0.000000 166.039049 166.036796 166.035294 166.034793 166.035294 166.036796 166.039049 0.000000 0.000000 
0.000000 166.041667 166.038548 166.036045 166.034543 166.034293 166.034543 166.036045 166.038548 166.041667 0.000000 
0.000000 166.041302 166.037797 166.035544 166.034043 166.033542 166.034043 166.035544 166.037797 166.041302 0.000000 
0.000000 166.040801 166.037297 166.034793 166.033292 166.033041 166.033292 166.034793 166.037297 166.040801 0.000000 
0.000000 166.040300 166.036796 166.034293 166.032791 166.032290 166.032791 166.034293 166.036796 166.040300 0.000000 
0.000000 166.040050 166.036045 166.033792 166.032290 166.031790 166.032290 166.033792 166.036045 166.040050 0.000000 
0.000000 166.039549 166.035544 166.033041 166.031539 166.031039 166.031539 166.033041 166.035544 166.039549 0.000000 
0.000000 166.039049 166.035044 166.032541 166.031039 166.030538 166.031039 166.032541 166.035044 166.039049 0.000000 
0.000000 166.038548 166.034543 166.031790 166.030288 166.029787 166.030288 166.031790 166.034543 166.038548 0.000000 
0.000000 166.038048 166.033792 166.031289 166.029787 166.029287 166.029787 166.031289 166.033792 166.038048 0.000000 
0.000000 166.037797 166.033292 166.030788 166.029036 166.028536 166.029036 166.030788 166.033292 166.037797 0.000000 
0.000000 166.037297 166.032791 166.030038 166.028536 166.028035 166.028536 166.030038 166.032791 166.037297 0.000000 
0.000000 166.036796 166.032290 166.029537 166.027785 166.027284 166.027785 166.029537 166.032290 166.036796 0.000000 
0.000000 166.036295 166.031539 166.028786 166.027284 166.026783 166.027284 166.028786 166.031539 166.036295 0.000000 
166.041552 166.036045 166.031039 166.028285 166.026783 166.026033 166.026783 166.028285 166.031039 166.036045 166.041552 
166.041302 166.035544 166.030538 166.027785 166.026033 166.025532 166.026033 166.027785 166.030538 166.035544 166.041302 
166.041302 166.035044 166.030038 166.027034 166.025532 166.024781 166.025532 166.027034 166.030038 166.035044 166.041302 
166.041302 166.034793 166.029787 166.026533 166.024781 166.024280 166.024781 166.026533 166.029787 166.034793 166.041302 
166.041302 166.034293 166.029287 166.026033 166.024280 166.023529 166.024280 166.026033 166.029287 166.034293 166.041302 
166.041302 166.033792 166.028786 166.025282 166.023529 166.023029 166.023529 166.025282 166.028786 166.033792 166.041302 
166.041552 166.033542 166.028285 166.024781 166.023029 166.022278 166.023029 166.024781 166.028285 166.033542 166.041552 
166.041552 166.033041 166.027785 166.024280 166.022278 166.021777 166.022278 166.024280 166.027785 166.033041 166.041552 
166.041667 166.032791 166.027534 166.023529 166.021777 166.021026 166.021777 166.023529 166.027534 166.032791 166.041667 
0.000000 166.032290 166.027034 166.023029 166.021026 166.020526 166.021026 166.023029 166.027034 166.032290 0.000000 
0.000000 166.032290 166.026533 166.022528 166.020526 166.019775 166.020526 166.022528 166.026533 166.032290 0.000000 
0.000000 166.032040 166.026033 166.021777 166.019775 166.019274 166.019775 166.021777 166.026033 166.032040 0.000000 
0.000000 166.032040 166.025782 166.021277 166.019274 166.018523 166.019274 166.021277 166.025782 166.032040 0.000000 
0.000000 166.032290 166.025282 166.020776 166.018523 166.018023 166.018523 166.020776 166.025282 166.032290 0.000000 
0.000000 166.032290 166.024781 166.020275 166.018023 166.017272 166.018023 166.020275 166.024781 166.032290 0.000000 
0.000000 166.032290 166.024531 166.019524 166.017272 166.016771 166.017272 166.019524 166.024531 166.032290 0.000000 
0.000000 166.032541 166.024030 166.019024 166.016771 166.016020 166.016771 166.019024 166.024030 166.032541 0.000000 
0.000000 166.032791 166.023780 166.018523 166.016020 166.015519 166.016020 166.018523 166.023780 166.032791 0.000000 
0.000000 166.033041 166.023279 166.018023 166.015519 166.014768 166.015519 166.018023 166.023279 166.033041 0.000000 
0.000000 166.033292 166.023029 166.017522 166.014768 166.014268 166.014768 166.017522 166.023029 166.033292 0.000000 
0.000000 166.033792 166.023029 166.017272 166.014268 166.013517 166.014268 166.017272 166.023029 166.033792 0.000000 
0.000000 166.034293 166.023029 166.016771 166.013767 166.013016 166.013767 166.016771 166.023029 166.034293 0.000000 
0.000000 166.035044 166.023029 166.016270 166.013016 166.012265 166.013016 166.016270 166.023029 166.035044 0.000000 
0.000000 166.035795 166.023279 166.015770 166.012516 166.011765 166.012516 166.015770 166.023279 166.035795 0.000000 
0.000000 166.036546 166.023529 166.015519 166.011765 166.011014 166.011765 166.015519 166.023529 166.036546 0.000000 
0.000000 166.038048 166.023780 166.015019 166.011264 166.010513 166.011264 166.015019 166.023780 166.038048 0.000000 
0.000000 166.039049 166.024030 166.014518 166.010763 166.009762 166.010763 166.014518 166.024030 166.039049 0.000000 
0.000000 166.040801 166.024531 166.014268 166.010013 166.009262 166.010013 166.014268 166.024531 166.040801 0.000000 
0.000000 0.000000 166.025282 166.013767 166.009512 166.008511 166.009512 166.013767 166.025282 0.000000 0.000000 
0.000000 0.000000 166.026283 166.013767 166.008761 166.008010 166.008761 166.013767 166.026283 0.000000 0.000000 
0.000000 0.000000 166.027284 166.013767 166.008260 166.007259 166.008260 166.013767 166.027284 0.000000 0.000000 
0.000000 0.000000 166.028536 166.014018 166.007760 166.006758 166.007760 166.014018 166.028536 0.000000 0.000000 
0.000000 0.000000 166.030538 166.014268 166.007009 166.006008 166.007009 166.014268 166.030538 0.000000 0.000000 
0.000000 0.000000 166.032290 166.014768 166.006508 166.005507 166.006508 166.014768 166.032290 0.000000 0.000000 
0.000000 0.000000 166.035294 166.015770 166.006008 166.004756 166.006008 166.015770 166.035294 0.000000 0.000000 
0.000000 0.000000 166.040050 166.016771 166.005507 166.004255 166.005507 166.016771 166.040050 0.000000 0.000000 
0.000000 0.000000 0.000000 166.018273 166.005006 166.003504 166.005006 166.018273 0.000000 0.000000 0.000000 
0.000000 0.000000 0.000000 166.020526 166.004756 166.003004 166.004756 166.020526 0.000000 0.000000 0.000000 
0.000000 0.000000 0.000000 166.025282 166.004756 166.002253 166.004756 166.025282 0.000000 0.000000 0.000000 
0.000000 0.000000 0.000000 166.031039 166.005006 166.001752 166.005006 166.031039 0.000000 0.000000 0.000000 
0.000000 0.000000 0.000000 0.000000 166.006008 166.001001 166.006008 0.000000 0.000000 0.000000 0.000000 
0.000000 0.000000 0.000000 0.000000 166.010013 166.000501 166.010013 0.000000 0.000000 0.000000 0.000000 
0.000000 0.000000 0.000000 0.000000 166.024531 166.000000 166.024531 0.000000 0.000000 0.000000 0.000000 
