test/output/constant/M395_S060_A000_WD315.0_WS015.0/M395_S060_A000_WD315.0_WS015.0_arrival.asc
ncols         41
nrows         17
xllcorner     422703.990666
yllcorner     12747255.311160
cellsize      100.000000
NODATA_value  0.000000
0.000000 0.000000 0.000000 0.000000 0.000000 0.000000 0.000000 0.000000 0.000000 0.000000 0.000000 0.000000 0.000000 0.000000 0.000000 0.000000 0.000000 0.000000 0.000000 0.000000 0.000000 0.000000 0.000000 0.000000 0.000000 0.000000 0.000000 166.041460 166.038696 166.036327 166.033563 166.030799 166.028035 166.025271 166.022507 166.019743 166.017768 166.015794 166.015004 166.016584 166.031194 
0.000000 0.000000 0.000000 0.000000 0.000000 0.000000 0.000000 0.000000 0.000000 0.000000 0.000000 0.000000 0.000000 0.000000 0.000000 0.000000 0.000000 0.000000 0.000000 0.000000 0.000000 0.000000 166.041065 166.038301 166.035537 166.032773 166.030009 166.027245 166.024876 166.022112 166.019348 166.016584 166.013820 166.011056 166.008292 166.005923 166.003554 166.001974 166.000790 166.000000 166.020532 
0.000000 0.000000 0.000000 0.000000 0.000000 0.000000 0.000000 0.000000 0.000000 0.000000 0.000000 0.000000 0.000000 0.000000 0.000000 0.000000 0.000000 0.000000 0.000000 166.041065 166.038301 166.035537 166.032773 166.030009 166.027640 166.024876 166.022507 166.019743 166.017374 166.015004 166.012635 166.010266 166.008292 166.006318 166.005133 166.003949 166.002764 166.001974 166.001579 166.003554 166.027640 
0.000000 0.000000 0.000000 0.000000 0.000000 0.000000 0.000000 0.000000 0.000000 0.000000 0.000000 0.000000 0.000000 0.000000 0.000000 0.000000 166.041460 166.038696 166.036327 166.033563 166.031194 166.028824 166.026455 166.024086 166.021717 166.019348 166.016979 166.015004 166.013030 166.011056 166.009477 166.008292 166.007107 166.005923 166.005133 166.004343 166.004343 166.005133 166.010266 166.022507 0.000000 
0.000000 0.000000 0.000000 0.000000 0.000000 0.000000 0.000000 0.000000 0.000000 0.000000 0.000000 0.000000 0.000000 0.000000 166.040275 166.037906 166.035537 166.033168 166.030799 166.028430 166.026060 166.024086 166.021717 166.019743 166.017768 166.016189 166.014215 166.013030 166.011451 166.010266 166.009082 166.008292 166.007502 166.007107 166.007107 166.007897 166.010266 166.016584 166.027245 0.000000 0.000000 
0.000000 0.000000 0.000000 0.000000 0.000000 0.000000 0.000000 0.000000 0.000000 0.000000 0.000000 0.000000 166.039880 166.037511 166.035142 166.033168 166.030799 166.028430 166.026455 166.024481 166.022507 166.020927 166.018953 166.017374 166.016189 166.014610 166.013425 166.012635 166.011451 166.010661 166.009871 166.009871 166.009871 166.010661 166.012240 166.016189 166.022507 166.032378 0.000000 0.000000 0.000000 
0.000000 0.000000 0.000000 0.000000 0.000000 0.000000 0.000000 0.000000 0.000000 0.000000 166.039880 166.037511 166.035142 166.033168 166.031194 166.029219 166.027245 166.025666 166.023691 166.022112 166.020532 166.019348 166.017768 166.016584 166.015794 166.014610 166.013820 166.013030 166.012635 166.012635 166.012635 166.013425 166.014610 166.017374 166.022112 166.028430 166.037906 0.000000 0.000000 0.000000 0.000000 
0.000000 0.000000 0.000000 0.000000 0.000000 0.000000 0.000000 0.000000 166.039880 166.037906 166.035932 166.033958 166.031983 166.030404 166.028430 166.026850 166.025271 166.023691 166.022507 166.020927 166.020138 166.018953 166.017768 166.016979 166.016189 166.015399 166.015399 166.015399 166.015399 166.016189 166.017374 166.019743 166.023296 166.028035 166.034747 0.000000 0.000000 0.000000 0.000000 0.000000 0.000000 
0.000000 0.000000 0.000000 0.000000 0.000000 0.000000 166.040670 166.038696 166.036721 166.035142 166.033168 166.031588 166.030009 166.028430 166.027245 166.025666 166.024481 166.023296 166.022112 166.020927 166.020138 166.019348 166.018558 166.018163 166.018163 166.018163 166.018163 166.018953 166.020138 166.022112 166.024876 166.028824 166.034352 166.041065 0.000000 0.000000 0.000000 0.000000 0.000000 0.000000 0.000000 
0.000000 0.000000 0.000000 0.000000 166.041460 166.039880 166.037906 166.036327 166.034747 166.033168 166.031588 166.030009 166.028824 166.027640 166.026455 166.025271 166.024086 166.023296 166.022507 166.021717 166.020927 166.020927 166.020927 166.020927 166.021322 166.021717 166.022902 166.024481 166.026850 166.030404 166.034747 166.040275 0.000000 0.000000 0.000000 0.000000 0.000000 0.000000 0.000000 0.000000 0.000000 
0.000000 0.000000 0.000000 166.041065 166.039091 166.037906 166.036327 166.034747 166.033168 166.031983 166.030799 166.029614 166.028430 166.027245 166.026455 166.025666 166.024876 166.024086 166.023691 166.023691 166.023691 166.023691 166.024086 166.024481 166.025666 166.027245 166.029219 166.031983 166.035932 166.040670 0.000000 0.000000 0.000000 0.000000 0.000000 0.000000 0.000000 0.000000 0.000000 0.000000 0.000000 
0.000000 0.000000 166.041065 166.039485 166.037906 166.036721 166.035142 166.033958 166.032773 166.031588 166.030799 166.029614 166.028824 166.028035 166.027245 166.026850 166.026455 166.026455 166.026455 166.026455 166.026850 166.027640 166.028430 166.029614 166.031588 166.034352 166.037511 166.041460 0.000000 0.000000 0.000000 0.000000 0.000000 0.000000 0.000000 0.000000 0.000000 0.000000 0.000000 0.000000 0.000000 
0.000000 166.041065 166.039880 166.038301 166.037116 166.035932 166.034747 166.033958 166.032773 166.031983 166.031194 166.030404 166.029614 166.029219 166.029219 166.029219 166.029219 166.029219 166.029614 166.030404 166.031194 166.032378 166.034352 166.036721 166.039091 0.000000 0.000000 0.000000 0.000000 0.000000 0.000000 0.000000 0.000000 0.000000 0.000000 0.000000 0.000000 0.000000 0.000000 0.000000 0.000000 
166.041460 166.040275 166.039091 166.038301 166.037116 166.035932 166.035142 166.034352 166.033563 166.032773 166.032378 166.031983 166.031983 166.031983 166.031983 166.031983 166.032378 166.033168 166.033958 166.035142 166.036721 166.039091 166.041460 0.000000 0.000000 0.000000 0.000000 0.000000 0.000000 0.000000 0.000000 0.000000 0.000000 0.000000 0.000000 0.000000 0.000000 0.000000 0.000000 0.000000 0.000000 
166.041460 166.040275 166.039091 166.038301 166.037511 166.036721 166.035932 166.035142 166.034747 166.034747 166.034352 166.034747 166.034747 166.034747 166.035142 166.035932 166.037116 166.037906 166.039485 166.041460 0.000000 0.000000 0.000000 0.000000 0.000000 0.000000 0.000000 0.000000 0.000000 0.000000 0.000000 0.000000 0.000000 0.000000 0.000000 0.000000 0.000000 0.000000 0.000000 0.000000 0.000000 
166.041460 166.040275 166.039880 166.039091 166.038301 166.037906 166.037511 166.037511 166.037116 166.037511 166.037511 166.037511 166.037906 166.038696 166.039880 166.040670 0.000000 0.000000 0.000000 0.000000 0.000000 0.000000 0.000000 0.000000 0.000000 0.000000 0.000000 0.000000 0.000000 0.000000 0.000000 0.000000 0.000000 0.000000 0.000000 0.000000 0.000000 0.000000 0.000000 0.000000 0.000000 
0.000000 166.041460 166.041065 166.040670 166.040275 166.039880 166.039880 166.040275 166.040275 166.040670 166.041065 166.041460 0.000000 0.000000 0.000000 0.000000 0.000000 0.000000 0.000000 0.000000 0.000000 0.000000 0.000000 0.000000 0.000000 0.000000 0.000000 0.000000 0.000000 0.000000 0.000000 0.000000 0.000000 0.000000 0.000000 0.000000 0.000000 0.000000 0.000000 0.000000 0.000000 
