test/output/constant/M395_S060_A000_WD315.0_WS015.0/M395_S060_A000_WD315.0_WS015.0_ros.asc
ncols         41
nrows         17
xllcorner     422703.990666
yllcorner     12747255.311160
cellsize      100.000000
NODATA_value  0.000000
0.000000 0.000000 0.000000 0.000000 0.000000 0.000000 0.000000 0.000000 0.000000 0.000000 0.000000 0.000000 0.000000 0.000000 0.000000 0.000000 0.000000 0.000000 0.000000 0.000000 0.000000 0.000000 0.000000 0.000000 0.000000 0.000000 0.000000 20.416683 25.702415 20.416683 15.596363 11.383249 20.416683 11.383249 25.702415 11.383249 11.383249 15.596363 7.897511 1.600555 1.874879 
0.000000 0.000000 0.000000 0.000000 0.000000 0.000000 0.000000 0.000000 0.000000 0.000000 0.000000 0.000000 0.000000 0.000000 0.000000 0.000000 0.000000 0.000000 0.000000 0.000000 0.000000 0.000000 15.596363 20.416683 25.702415 25.702415 25.702415 25.702415 20.416683 20.416683 20.416683 20.416683 15.596363 25.702415 31.296021 25.702415 25.702415 11.383249 68.959648 0.000000 1.730434 
0.000000 0.000000 0.000000 0.000000 0.000000 0.000000 0.000000 0.000000 0.000000 0.000000 0.000000 0.000000 0.000000 0.000000 0.000000 0.000000 0.000000 0.000000 0.000000 20.416683 15.596363 15.596363 25.702415 25.702415 15.596363 25.702415 15.596363 11.383249 15.596363 25.702415 25.702415 25.702415 25.702415 61.885052 42.730614 68.959648 68.959648 68.959648 68.959648 40.918919 1.730434 
0.000000 0.000000 0.000000 0.000000 0.000000 0.000000 0.000000 0.000000 0.000000 0.000000 0.000000 0.000000 0.000000 0.000000 0.000000 0.000000 11.383249 25.702415 20.416683 25.702415 15.596363 15.596363 20.416683 15.596363 25.702415 25.702415 37.029655 25.702415 25.702415 65.034599 53.351974 53.351974 68.959648 68.959648 68.959648 68.959648 51.742046 7.163710 2.717909 3.225289 0.000000 
0.000000 0.000000 0.000000 0.000000 0.000000 0.000000 0.000000 0.000000 0.000000 0.000000 0.000000 0.000000 0.000000 0.000000 15.596363 15.596363 15.596363 20.416683 31.296021 31.296021 25.702415 15.596363 25.702415 25.702415 25.702415 11.383249 48.226772 25.702415 57.951141 68.959648 68.959648 68.959648 68.959648 68.959648 60.683357 7.163710 4.787724 2.362908 1.730434 0.000000 0.000000 
0.000000 0.000000 0.000000 0.000000 0.000000 0.000000 0.000000 0.000000 0.000000 0.000000 0.000000 0.000000 11.383249 25.702415 31.296021 20.416683 25.702415 31.296021 25.702415 25.702415 31.296021 20.416683 53.351974 61.885052 20.416683 57.951141 68.959648 68.959648 68.959648 68.959648 68.959648 51.742046 60.683357 2.362908 51.742046 2.717909 2.362908 2.362908 0.000000 0.000000 0.000000 
0.000000 0.000000 0.000000 0.000000 0.000000 0.000000 0.000000 0.000000 0.000000 0.000000 20.416683 25.702415 53.351974 37.029655 61.885052 25.702415 42.730614 11.383249 25.702415 48.226772 68.916946 11.383249 57.951141 68.959648 68.959648 68.959648 68.959648 68.959648 68.959648 60.683357 60.683357 7.163710 51.742046 46.487667 3.225289 40.918919 3.225289 0.000000 0.000000 0.000000 0.000000 
0.000000 0.000000 0.000000 0.000000 0.000000 0.000000 0.000000 0.000000 31.296021 31.296021 25.702415 65.034599 37.029655 15.596363 25.702415 20.416683 42.730614 48.226772 15.596363 53.351974 68.959648 68.959648 68.959648 68.959648 68.959648 68.959648 60.683357 64.098396 46.487667 46.487667 46.487667 7.163710 1.981816 46.487667 2.717909 0.000000 0.000000 0.000000 0.000000 0.000000 0.000000 
0.000000 0.000000 0.000000 0.000000 0.000000 0.000000 25.702415 37.029655 42.730614 25.702415 25.702415 25.702415 11.383249 25.702415 20.416683 25.702415 20.416683 68.959648 68.959648 68.959648 68.959648 68.959648 68.959648 68.959648 64.098396 64.098396 60.683357 51.742046 51.742046 2.717909 1.981816 40.918919 2.717909 2.717909 0.000000 0.000000 0.000000 0.000000 0.000000 0.000000 0.000000 
0.000000 0.000000 0.000000 0.000000 57.951141 25.702415 37.029655 31.296021 25.702415 48.226772 31.296021 57.951141 20.416683 20.416683 68.959648 68.959648 68.959648 68.959648 68.959648 68.959648 68.959648 60.683357 64.098396 64.098396 4.787724 46.487667 46.487667 7.163710 51.742046 3.225289 7.163710 46.487667 0.000000 0.000000 0.000000 0.000000 0.000000 0.000000 0.000000 0.000000 0.000000 
0.000000 0.000000 0.000000 15.596363 61.885052 20.416683 31.296021 61.885052 57.951141 37.029655 53.351974 68.959648 68.959648 68.959648 68.959648 68.959648 68.959648 68.959648 64.098396 56.522392 64.098396 60.683357 4.787724 46.487667 46.487667 4.787724 51.742046 7.163710 7.163710 40.918919 0.000000 0.000000 0.000000 0.000000 0.000000 0.000000 0.000000 0.000000 0.000000 0.000000 0.000000 
0.000000 0.000000 53.351974 68.959648 57.951141 53.351974 48.226772 57.951141 68.959648 68.959648 68.959648 68.959648 68.959648 68.959648 68.959648 68.959648 68.959648 60.683357 4.787724 60.683357 60.683357 2.362908 46.487667 46.487667 51.742046 7.163710 3.225289 51.742046 0.000000 0.000000 0.000000 0.000000 0.000000 0.000000 0.000000 0.000000 0.000000 0.000000 0.000000 0.000000 0.000000 
0.000000 57.951141 68.959648 53.351974 57.951141 68.959648 68.959648 68.959648 68.959648 68.959648 68.959648 68.959648 68.300797 66.663582 56.522392 60.683357 64.098396 56.522392 51.742046 7.163710 51.742046 46.487667 2.717909 2.362908 51.742046 0.000000 0.000000 0.000000 0.000000 0.000000 0.000000 0.000000 0.000000 0.000000 0.000000 0.000000 0.000000 0.000000 0.000000 0.000000 0.000000 
53.351974 57.951141 68.959648 68.959648 68.959648 68.959648 68.959648 68.959648 68.959648 68.959648 68.959648 68.753731 56.522392 3.225289 60.683357 46.487667 60.683357 51.742046 51.742046 46.487667 7.163710 1.981816 46.487667 0.000000 0.000000 0.000000 0.000000 0.000000 0.000000 0.000000 0.000000 0.000000 0.000000 0.000000 0.000000 0.000000 0.000000 0.000000 0.000000 0.000000 0.000000 
68.959648 68.959648 68.959648 68.959648 68.959648 68.959648 68.959648 66.663582 68.959648 64.098396 64.098396 3.225289 51.742046 60.683357 64.098396 51.742046 1.981816 51.742046 4.787724 7.163710 0.000000 0.000000 0.000000 0.000000 0.000000 0.000000 0.000000 0.000000 0.000000 0.000000 0.000000 0.000000 0.000000 0.000000 0.000000 0.000000 0.000000 0.000000 0.000000 0.000000 0.000000 
68.959648 68.916946 68.959648 68.959648 66.663582 68.959648 68.959648 68.959648 68.753731 60.683357 64.098396 60.683357 64.098396 51.742046 2.362908 46.487667 0.000000 0.000000 0.000000 0.000000 0.000000 0.000000 0.000000 0.000000 0.000000 0.000000 0.000000 0.000000 0.000000 0.000000 0.000000 0.000000 0.000000 0.000000 0.000000 0.000000 0.000000 0.000000 0.000000 0.000000 0.000000 
0.000000 68.959648 68.959648 68.959648 68.959648 68.959648 64.098396 4.787724 60.683357 7.163710 3.225289 46.487667 0.000000 0.000000 0.000000 0.000000 0.000000 0.000000 0.000000 0.000000 0.000000 0.000000 0.000000 0.000000 0.000000 0.000000 0.000000 0.000000 0.000000 0.000000 0.000000 0.000000 0.000000 0.000000 0.000000 0.000000 0.000000 0.000000 0.000000 0.000000 0.000000 
