test/output/constant/M395_S060_A000_WD315.0_WS015.0/M395_S060_A000_WD315.0_WS015.0_intensity.asc
ncols         41
nrows         17
xllcorner     422703.990666
yllcorner     12747255.311160
cellsize      100.000000
NODATA_value  0.000000
0 0 0 0 0 0 0 0 0 0 0 0 0 0 0 0 0 0 0 0 0 0 0 0 0 0 0 18746 23599 18746 14320 10451 18746 10451 23599 10451 10451 14320 7251 1469 1721 
0 0 0 0 0 0 0 0 0 0 0 0 0 0 0 0 0 0 0 0 0 0 14320 18746 23599 23599 23599 23599 18746 18746 18746 18746 14320 23599 28735 23599 23599 10451 63316 0 1588 
0 0 0 0 0 0 0 0 0 0 0 0 0 0 0 0 0 0 0 18746 14320 14320 23599 23599 14320 23599 14320 10451 14320 23599 23599 23599 23599 56821 39234 63316 63316 63316 63316 37570 1588 
0 0 0 0 0 0 0 0 0 0 0 0 0 0 0 0 10451 23599 18746 23599 14320 14320 18746 14320 23599 23599 33999 23599 23599 59713 48986 48986 63316 63316 63316 63316 47508 6577 2495 2961 0 
0 0 0 0 0 0 0 0 0 0 0 0 0 0 14320 14320 14320 18746 28735 28735 23599 14320 23599 23599 23599 10451 44280 23599 53209 63316 63316 63316 63316 63316 55717 6577 4395 2169 1588 0 0 
0 0 0 0 0 0 0 0 0 0 0 0 10451 23599 28735 18746 23599 28735 23599 23599 28735 18746 48986 56821 18746 53209 63316 63316 63316 63316 63316 47508 55717 2169 47508 2495 2169 2169 0 0 0 
0 0 0 0 0 0 0 0 0 0 18746 23599 48986 33999 56821 23599 39234 10451 23599 44280 63277 10451 53209 63316 63316 63316 63316 63316 63316 55717 55717 6577 47508 42683 2961 37570 2961 0 0 0 0 
0 0 0 0 0 0 0 0 28735 28735 23599 59713 33999 14320 23599 18746 39234 44280 14320 48986 63316 63316 63316 63316 63316 63316 55717 58853 42683 42683 42683 6577 1819 42683 2495 0 0 0 0 0 0 
0 0 0 0 0 0 23599 33999 39234 23599 23599 23599 10451 23599 18746 23599 18746 63316 63316 63316 63316 63316 63316 63316 58853 58853 55717 47508 47508 2495 1819 37570 2495 2495 0 0 0 0 0 0 0 
0 0 0 0 53209 23599 33999 28735 23599 44280 28735 53209 18746 18746 63316 63316 63316 63316 63316 63316 63316 55717 58853 58853 4395 42683 42683 6577 47508 2961 6577 42683 0 0 0 0 0 0 0 0 0 
0 0 0 14320 56821 18746 28735 56821 53209 33999 48986 63316 63316 63316 63316 63316 63316 63316 58853 51897 58853 55717 4395 42683 42683 4395 47508 6577 6577 37570 0 0 0 0 0 0 0 0 0 0 0 
0 0 48986 63316 53209 48986 44280 53209 63316 63316 63316 63316 63316 63316 63316 63316 63316 55717 4395 55717 55717 2169 42683 42683 47508 6577 2961 47508 0 0 0 0 0 0 0 0 0 0 0 0 0 
0 53209 63316 48986 53209 63316 63316 63316 63316 63316 63316 63316 62711 61208 51897 55717 58853 51897 47508 6577 47508 42683 2495 2169 47508 0 0 0 0 0 0 0 0 0 0 0 0 0 0 0 0 
48986 53209 63316 63316 63316 63316 63316 63316 63316 63316 63316 63127 51897 2961 55717 42683 55717 47508 47508 42683 6577 1819 42683 0 0 0 0 0 0 0 0 0 0 0 0 0 0 0 0 0 0 
63316 63316 63316 63316 63316 63316 63316 61208 63316 58853 58853 2961 47508 55717 58853 47508 1819 47508 4395 6577 0 0 0 0 0 0 0 0 0 0 0 0 0 0 0 0 0 0 0 0 0 
63316 63277 63316 63316 61208 63316 63316 63316 63127 55717 58853 55717 58853 47508 2169 42683 0 0 0 0 0 0 0 0 0 0 0 0 0 0 0 0 0 0 0 0 0 0 0 0 0 
0 63316 63316 63316 63316 63316 58853 4395 55717 6577 2961 42683 0 0 0 0 0 0 0 0 0 0 0 0 0 0 0 0 0 0 0 0 0 0 0 0 0 0 0 0 0 
