test/output/constant/M495_S000_A180_WD000.0_WS040.0/M495_S000_A180_WD000.0_WS040.0_arrival.asc
ncols         7
nrows         37
xllcorner     426303.990666
yllcorner     12745155.311160
cellsize      100.000000
NODATA_value  0.000000
0.000000 0.000000 166.018427 166.000000 166.018427 0.000000 0.000000 
0.000000 0.000000 166.008292 166.000921 166.008292 0.000000 0.000000 
0.000000 166.035933 166.006449 166.001843 166.006449 166.035933 0.000000 
0.000000 166.027180 166.006449 166.003225 166.006449 166.027180 0.000000 
0.000000 166.023034 166.006449 166.004146 166.006449 166.023034 0.000000 
0.000000 166.020730 166.007371 166.005528 166.007371 166.020730 0.000000 
166.041000 166.019348 166.007831 166.006449 166.007831 166.019348 166.041000 
166.037315 166.018427 166.009213 166.007831 166.009213 166.018427 166.037315 
166.035011 166.018427 166.010135 166.008753 166.010135 166.018427 166.035011 
166.033169 166.018427 166.011056 166.010135 166.011056 166.018427 166.033169 
166.032247 166.018427 166.012438 166.011056 166.012438 166.018427 166.032247 
166.031326 166.018888 166.013360 166.012438 166.013360 166.018888 166.031326 
166.030865 166.019348 166.014281 166.013360 166.014281 166.019348 166.030865 
166.030405 166.020270 166.015663 166.014742 166.015663 166.020270 166.030405 
166.030405 166.021191 166.016584 166.015663 166.016584 166.021191 166.030405 
166.030405 166.022112 166.017966 166.017045 166.017966 166.022112 166.030405 
166.030405 166.022573 166.018888 166.017966 166.018888 166.022573 166.030405 
166.030405 166.023494 166.020270 166.019348 166.020270 166.023494 166.030405 
166.031326 166.024416 166.021191 166.020270 166.021191 166.024416 166.031326 
166.031787 166.025337 166.022112 166.021652 166.022112 166.025337 166.031787 
166.032708 166.026258 166.023494 166.022573 166.023494 166.026258 166.032708 
166.033169 166.027640 166.024416 166.023955 166.024416 166.027640 166.033169 
166.034090 166.028562 166.025798 166.024876 166.025798 166.028562 166.034090 
166.035011 166.029483 166.026719 166.026258 166.026719 166.029483 166.035011 
166.035933 166.030405 166.028101 166.027180 166.028101 166.030405 166.035933 
166.036393 166.031787 166.029022 166.028562 166.029022 166.031787 166.036393 
166.037315 166.032708 166.029944 166.029483 166.029944 166.032708 166.037315 
166.038236 166.033629 166.031326 166.030865 166.031326 166.033629 166.038236 
166.039157 166.035011 166.032247 166.031787 166.032247 166.035011 166.039157 
166.040079 166.035933 166.033629 166.033169 166.033629 166.035933 166.040079 
166.041000 166.036854 166.034551 166.034090 166.034551 166.036854 166.041000 
166.041667 166.038236 166.035933 166.035472 166.035933 166.038236 166.041667 
0.000000 166.039157 166.036854 166.036393 166.036854 166.039157 0.000000 
0.000000 166.040079 166.038236 166.037775 166.038236 166.040079 0.000000 
0.000000 166.041461 166.039157 166.038697 166.039157 166.041461 0.000000 
0.000000 0.000000 166.040079 166.040079 166.040079 0.000000 0.000000 
0.000000 0.000000 166.041461 166.041000 166.041461 0.000000 0.000000 
