test/output/constant/M485_S060_A270_WD225.0_WS010.0/M485_S060_A270_WD225.0_WS010.0_arrival.asc
ncols         9
nrows         31
xllcorner     426503.990666
yllcorner     12748755.311160
cellsize      100.000000
NODATA_value  0.000000
0.000000 0.000000 0.000000 0.000000 0.000000 166.041121 166.040587 166.040587 0.000000 
0.000000 0.000000 0.000000 0.000000 0.000000 166.039519 166.039519 166.039519 166.041655 
0.000000 0.000000 0.000000 0.000000 166.040587 166.037917 166.037917 166.038451 166.041121 
0.000000 0.000000 0.000000 0.000000 166.038451 166.036849 166.036849 166.037383 166.040587 
0.000000 0.000000 0.000000 166.041121 166.036849 166.035247 166.035247 166.036315 166.040053 
0.000000 0.000000 0.000000 166.038985 166.034713 166.033644 166.033644 166.035781 166.039519 
0.000000 0.000000 0.000000 166.036849 166.033644 166.032576 166.032576 166.034713 166.039519 
0.000000 0.000000 166.040587 166.034713 166.031508 166.030974 166.031508 166.034178 166.039519 
0.000000 0.000000 166.038451 166.032576 166.029906 166.029906 166.030440 166.033644 166.040053 
0.000000 0.000000 166.035781 166.030974 166.028304 166.028304 166.029372 166.033644 166.040587 
0.000000 166.041655 166.033644 166.028838 166.027236 166.027236 166.028838 166.033644 166.040587 
0.000000 166.039519 166.031508 166.026702 166.025634 166.025634 166.028304 166.033644 166.041655 
0.000000 166.036849 166.029372 166.025100 166.024032 166.024566 166.027770 166.034178 0.000000 
0.000000 166.034713 166.027236 166.023498 166.022964 166.023498 166.027770 166.034713 0.000000 
0.000000 166.032042 166.025100 166.021896 166.021362 166.022964 166.027770 166.035247 0.000000 
0.000000 166.029906 166.022964 166.020293 166.020293 166.021896 166.027770 166.036315 0.000000 
0.000000 166.027770 166.020828 166.018691 166.018691 166.021362 166.028304 166.038451 0.000000 
166.040587 166.025100 166.019225 166.017623 166.017623 166.021362 166.028838 166.041121 0.000000 
166.037917 166.022964 166.017089 166.016021 166.016555 166.021362 166.029906 0.000000 0.000000 
166.036315 166.020828 166.014953 166.014419 166.016021 166.021896 166.032576 0.000000 0.000000 
166.033644 166.018157 166.013351 166.013351 166.015487 166.022430 166.035781 0.000000 0.000000 
166.031508 166.016021 166.011749 166.011749 166.015487 166.024032 166.040053 0.000000 0.000000 
166.029372 166.013885 166.010681 166.010681 166.015487 166.026702 0.000000 0.000000 0.000000 
166.026702 166.011215 166.009079 166.009613 166.016021 166.030440 0.000000 0.000000 0.000000 
166.025100 166.009079 166.008011 166.009613 166.017623 166.037383 0.000000 0.000000 0.000000 
166.022430 166.006943 166.006408 166.009613 166.021362 0.000000 0.000000 0.000000 0.000000 
166.021362 166.005340 166.004806 166.009613 166.028304 0.000000 0.000000 0.000000 0.000000 
166.021362 166.003738 166.003738 166.012283 166.039519 0.000000 0.000000 0.000000 0.000000 
166.020828 166.002136 166.003204 166.019759 0.000000 0.000000 0.000000 0.000000 0.000000 
166.023498 166.001068 166.003204 166.036315 0.000000 0.000000 0.000000 0.000000 0.000000 
166.035781 166.000000 166.013885 0.000000 0.000000 0.000000 0.000000 0.000000 0.000000 
