test/output/constant/M3M480_S060_A180_WD045.0_WS040.0/M3M480_S060_A180_WD045.0_WS040.0_intensity.asc
ncols         12
nrows         28
xllcorner     426503.990666
yllcorner     12746155.311160
cellsize      100.000000
NODATA_value  0.000000
1233 1571 2329 0 0 0 0 0 0 0 0 0 
1233 0 1571 1571 0 0 0 0 0 0 0 0 
7920 40532 38939 26952 2329 0 0 0 0 0 0 0 
19535 40532 40532 32827 2329 2329 0 0 0 0 0 0 
5829 34665 40532 32827 30017 2006 0 0 0 0 0 0 
19535 34665 40532 38939 32827 32827 26952 0 0 0 0 0 
19535 36843 40532 40532 40532 30017 2006 0 0 0 0 0 
26082 10411 40532 40532 39996 32827 32827 2329 0 0 0 0 
4186 22827 40532 40532 40532 40532 32827 2006 0 0 0 0 
22827 22827 7920 40532 40532 32827 40497 35299 32827 0 0 0 
0 16304 32092 40532 40532 40532 39996 2329 32827 0 0 0 
0 7920 10411 40532 40532 40532 35299 40532 32827 30017 0 0 
0 22827 32092 40532 40532 40532 40532 40497 35299 32827 0 0 
0 22827 34665 34665 40532 40532 40532 40532 40532 2329 0 0 
0 10411 13233 34665 40532 40532 40532 40532 40532 37357 1571 0 
0 0 29202 34665 40532 40532 40532 40532 38939 2329 32827 0 
0 0 22827 34665 13233 40532 40532 40532 39996 2329 30017 0 
0 0 0 26082 13233 40532 40532 40532 40532 40532 30017 0 
0 0 0 13233 38560 38560 40532 40532 40532 38939 2329 35299 
0 0 0 32092 38560 40532 40532 40532 40532 32827 40532 35299 
0 0 0 0 34665 40532 40532 40532 40532 40532 32827 39996 
0 0 0 0 40417 40532 40532 40532 40532 40532 40497 40532 
0 0 0 0 0 34665 40532 40532 40532 40532 40532 35299 
0 0 0 0 0 40532 38560 40532 40532 40532 40532 35299 
0 0 0 0 0 0 40532 40532 40532 40532 40532 38939 
0 0 0 0 0 0 0 40532 39763 40532 38939 40532 
0 0 0 0 0 0 0 40532 40532 40532 40532 39996 
0 0 0 0 0 0 0 0 40532 40532 40532 40532 
