test/output/constant/M3M480_S060_A180_WD045.0_WS040.0/M3M480_S060_A180_WD045.0_WS040.0_ros.asc
ncols         12
nrows         28
xllcorner     426503.990666
yllcorner     12746155.311160
cellsize      100.000000
NODATA_value  0.000000
1.417339 1.805855 2.676759 0.000000 0.000000 0.000000 0.000000 0.000000 0.000000 0.000000 0.000000 0.000000 
1.417339 0.000000 1.805855 1.805855 0.000000 0.000000 0.000000 0.000000 0.000000 0.000000 0.000000 0.000000 
9.102548 46.579735 44.748962 30.974348 2.676759 0.000000 0.000000 0.000000 0.000000 0.000000 0.000000 0.000000 
22.449778 46.579735 46.579735 37.725861 2.676759 2.676759 0.000000 0.000000 0.000000 0.000000 0.000000 0.000000 
6.699553 39.838062 46.579735 37.725861 34.495838 2.306199 0.000000 0.000000 0.000000 0.000000 0.000000 0.000000 
22.449778 39.838062 46.579735 44.748962 37.725861 37.725861 30.974348 0.000000 0.000000 0.000000 0.000000 0.000000 
22.449778 42.340759 46.579735 46.579735 46.579735 34.495838 2.306199 0.000000 0.000000 0.000000 0.000000 0.000000 
29.974394 11.964610 46.579735 46.579735 45.963848 37.725861 37.725861 2.676759 0.000000 0.000000 0.000000 0.000000 
4.810887 26.233397 46.579735 46.579735 46.579735 46.579735 37.725861 2.306199 0.000000 0.000000 0.000000 0.000000 
26.233397 26.233397 9.102548 46.579735 46.579735 37.725861 46.539158 40.566460 37.725861 0.000000 0.000000 0.000000 
0.000000 18.737436 36.881222 46.579735 46.579735 46.579735 45.963848 2.676759 37.725861 0.000000 0.000000 0.000000 
0.000000 9.102548 11.964610 46.579735 46.579735 46.579735 40.566460 46.579735 37.725861 34.495838 0.000000 0.000000 
0.000000 26.233397 36.881222 46.579735 46.579735 46.579735 46.579735 46.539158 40.566460 37.725861 0.000000 0.000000 
0.000000 26.233397 39.838062 39.838062 46.579735 46.579735 46.579735 46.579735 46.579735 2.676759 0.000000 0.000000 
0.000000 11.964610 15.207524 39.838062 46.579735 46.579735 46.579735 46.579735 46.579735 42.931431 1.805855 0.000000 
0.000000 0.000000 33.559814 39.838062 46.579735 46.579735 46.579735 46.579735 44.748962 2.676759 37.725861 0.000000 
0.000000 0.000000 26.233397 39.838062 15.207524 46.579735 46.579735 46.579735 45.963848 2.676759 34.495838 0.000000 
0.000000 0.000000 0.000000 29.974394 15.207524 46.579735 46.579735 46.579735 46.579735 46.579735 34.495838 0.000000 
0.000000 0.000000 0.000000 15.207524 44.313484 44.313484 46.579735 46.579735 46.579735 44.748962 2.676759 40.566460 
0.000000 0.000000 0.000000 36.881222 44.313484 46.579735 46.579735 46.579735 46.579735 37.725861 46.579735 40.566460 
0.000000 0.000000 0.000000 0.000000 39.838062 46.579735 46.579735 46.579735 46.579735 46.579735 37.725861 45.963848 
0.000000 0.000000 0.000000 0.000000 46.447758 46.579735 46.579735 46.579735 46.579735 46.579735 46.539158 46.579735 
0.000000 0.000000 0.000000 0.000000 0.000000 39.838062 46.579735 46.579735 46.579735 46.579735 46.579735 40.566460 
0.000000 0.000000 0.000000 0.000000 0.000000 46.579735 44.313484 46.579735 46.579735 46.579735 46.579735 40.566460 
0.000000 0.000000 0.000000 0.000000 0.000000 0.000000 46.579735 46.579735 46.579735 46.579735 46.579735 44.748962 
0.000000 0.000000 0.000000 0.000000 0.000000 0.000000 0.000000 46.579735 45.696449 46.579735 44.748962 46.579735 
0.000000 0.000000 0.000000 0.000000 0.000000 0.000000 0.000000 46.579735 46.579735 46.579735 46.579735 45.963848 
0.000000 0.000000 0.000000 0.000000 0.000000 0.000000 0.000000 0.000000 46.579735 46.579735 46.579735 46.579735 
