test/output/constant/M195_S060_A270_WD180.0_WS010.0/M195_S060_A270_WD180.0_WS010.0_arrival.asc
ncols         7
nrows         29
xllcorner     426303.990666
yllcorner     12748755.311160
cellsize      100.000000
NODATA_value  0.000000
0.000000 0.000000 166.041471 166.040878 166.041471 0.000000 0.000000 
0.000000 0.000000 166.040286 166.039693 166.040286 0.000000 0.000000 
0.000000 166.041667 166.038508 166.037916 166.038508 166.041667 0.000000 
0.000000 166.040286 166.037324 166.036731 166.037324 166.040286 0.000000 
0.000000 166.039101 166.035546 166.034954 166.035546 166.039101 0.000000 
0.000000 166.037916 166.034361 166.033769 166.034361 166.037916 0.000000 
0.000000 166.036139 166.033177 166.031992 166.033177 166.036139 0.000000 
0.000000 166.034954 166.031399 166.030807 166.031399 166.034954 0.000000 
166.041471 166.033769 166.030214 166.029029 166.030214 166.033769 166.041471 
166.040286 166.032584 166.028437 166.027845 166.028437 166.032584 166.040286 
166.039693 166.031399 166.027252 166.026067 166.027252 166.031399 166.039693 
166.038508 166.030214 166.025475 166.024882 166.025475 166.030214 166.038508 
166.038508 166.029029 166.024290 166.023105 166.024290 166.029029 166.038508 
166.037916 166.027845 166.023105 166.021920 166.023105 166.027845 166.037916 
166.038508 166.026660 166.021328 166.020143 166.021328 166.026660 166.038508 
166.038508 166.026067 166.020143 166.018958 166.020143 166.026067 166.038508 
166.038508 166.024882 166.018366 166.017181 166.018366 166.024882 166.038508 
166.039693 166.023698 166.017181 166.015996 166.017181 166.023698 166.039693 
166.040286 166.023105 166.015403 166.014219 166.015403 166.023105 166.040286 
0.000000 166.023105 166.014219 166.013034 166.014219 166.023105 0.000000 
0.000000 166.023105 166.013034 166.011256 166.013034 166.023105 0.000000 
0.000000 166.023698 166.011256 166.010071 166.011256 166.023698 0.000000 
0.000000 166.024290 166.010071 166.008294 166.010071 166.024290 0.000000 
0.000000 166.026067 166.009479 166.007109 166.009479 166.026067 0.000000 
0.000000 166.029029 166.008294 166.005332 166.008294 166.029029 0.000000 
0.000000 166.034954 166.007702 166.004147 166.007702 166.034954 0.000000 
0.000000 0.000000 166.008294 166.002370 166.008294 0.000000 0.000000 
0.000000 0.000000 166.010664 166.001185 166.010664 0.000000 0.000000 
0.000000 0.000000 166.027845 166.000000 166.027845 0.000000 0.000000 
