test/output/constant/M3M490_S060_A180_WD045.0_WS040.0/M3M490_S060_A180_WD045.0_WS040.0_raz.asc
ncols         15
nrows         32
xllcorner     426503.990666
yllcorner     12745755.311160
cellsize      100.000000
NODATA_value  0.000000
313 78 78 0 0 0 0 0 0 0 0 0 0 0 0 
313 254 147 95 95 0 0 0 0 0 0 0 0 0 0 
208 158 158 149 78 0 0 0 0 0 0 0 0 0 0 
185 158 158 149 73 147 0 0 0 0 0 0 0 0 0 
190 164 158 154 152 151 95 0 0 0 0 0 0 0 0 
174 166 158 158 149 149 151 0 0 0 0 0 0 0 0 
174 172 158 158 158 149 149 109 0 0 0 0 0 0 0 
190 177 185 158 158 149 152 78 149 0 0 0 0 0 0 
174 166 198 158 158 158 151 151 78 0 0 0 0 0 0 
185 174 166 158 158 156 158 149 151 149 0 0 0 0 0 
0 174 164 158 158 158 158 151 151 149 0 0 0 0 0 
0 190 170 158 158 158 158 158 152 50 149 0 0 0 0 
0 174 164 163 158 158 154 156 50 78 151 0 0 0 0 
0 185 170 208 158 158 158 158 158 151 151 0 0 0 0 
0 0 166 166 162 158 158 158 155 68 152 149 0 0 0 
0 0 177 163 190 158 159 158 154 151 158 152 0 0 0 
0 0 177 166 163 180 158 158 155 158 155 152 0 0 0 
0 0 0 198 160 172 158 158 158 158 158 158 152 0 0 
0 0 0 163 159 163 164 158 156 158 158 68 149 0 0 
0 0 0 163 166 163 158 158 158 158 158 158 158 0 0 
0 0 0 0 163 166 185 158 158 158 158 158 158 151 0 
0 0 0 0 164 163 158 164 158 158 158 151 158 158 0 
0 0 0 0 0 164 158 164 158 158 154 154 151 158 0 
0 0 0 0 0 159 158 162 158 158 158 158 158 155 0 
0 0 0 0 0 0 158 158 158 158 158 158 155 158 0 
0 0 0 0 0 0 164 160 158 158 158 156 158 158 151 
0 0 0 0 0 0 0 164 166 158 158 158 156 158 158 
0 0 0 0 0 0 0 0 170 163 158 158 158 158 158 
0 0 0 0 0 0 0 0 163 158 158 158 158 158 151 
0 0 0 0 0 0 0 0 0 162 158 158 158 158 156 
0 0 0 0 0 0 0 0 0 0 162 158 158 158 0 
0 0 0 0 0 0 0 0 0 0 0 0 158 158 0 
