test/output/constant/M3100_S060_A270_WD225.0_WS015.0/M3100_S060_A270_WD225.0_WS015.0_arrival.asc
ncols         17
nrows         64
xllcorner     426503.990666
yllcorner     12748755.311160
cellsize      100.000000
NODATA_value  0.000000
0.000000 0.000000 0.000000 0.000000 0.000000 0.000000 0.000000 0.000000 0.000000 0.000000 0.000000 0.000000 0.000000 166.041412 166.041412 166.041667 0.000000 
0.000000 0.000000 0.000000 0.000000 0.000000 0.000000 0.000000 0.000000 0.000000 0.000000 0.000000 0.000000 166.041156 166.040645 166.040645 166.041156 0.000000 
0.000000 0.000000 0.000000 0.000000 0.000000 0.000000 0.000000 0.000000 0.000000 0.000000 0.000000 166.041412 166.040389 166.039878 166.040134 166.040901 0.000000 
0.000000 0.000000 0.000000 0.000000 0.000000 0.000000 0.000000 0.000000 0.000000 0.000000 0.000000 166.040389 166.039367 166.039367 166.039367 166.040389 0.000000 
0.000000 0.000000 0.000000 0.000000 0.000000 0.000000 0.000000 0.000000 0.000000 0.000000 166.041412 166.039622 166.038600 166.038600 166.038856 166.040134 0.000000 
0.000000 0.000000 0.000000 0.000000 0.000000 0.000000 0.000000 0.000000 0.000000 0.000000 166.040134 166.038600 166.038089 166.038089 166.038344 166.039878 0.000000 
0.000000 0.000000 0.000000 0.000000 0.000000 0.000000 0.000000 0.000000 0.000000 166.041667 166.039111 166.037833 166.037322 166.037322 166.038089 166.039622 0.000000 
0.000000 0.000000 0.000000 0.000000 0.000000 0.000000 0.000000 0.000000 0.000000 166.040389 166.038089 166.037066 166.036810 166.036810 166.037577 166.039367 166.041667 
0.000000 0.000000 0.000000 0.000000 0.000000 0.000000 0.000000 0.000000 0.000000 166.039367 166.037322 166.036044 166.036044 166.036299 166.037322 166.039111 166.041667 
0.000000 0.000000 0.000000 0.000000 0.000000 0.000000 0.000000 0.000000 166.040901 166.038089 166.036299 166.035277 166.035277 166.035532 166.037066 166.039111 166.041667 
0.000000 0.000000 0.000000 0.000000 0.000000 0.000000 0.000000 0.000000 166.039878 166.037066 166.035532 166.034765 166.034765 166.035277 166.036810 166.038856 0.000000 
0.000000 0.000000 0.000000 0.000000 0.000000 0.000000 0.000000 166.041667 166.038600 166.036044 166.034510 166.033999 166.033999 166.034765 166.036555 166.038856 0.000000 
0.000000 0.000000 0.000000 0.000000 0.000000 0.000000 0.000000 166.040389 166.037322 166.035021 166.033743 166.033487 166.033487 166.034510 166.036299 166.038856 0.000000 
0.000000 0.000000 0.000000 0.000000 0.000000 0.000000 0.000000 166.039111 166.036299 166.033999 166.032976 166.032720 166.032976 166.033999 166.036299 166.038856 0.000000 
0.000000 0.000000 0.000000 0.000000 0.000000 0.000000 0.000000 166.038089 166.035277 166.033232 166.032209 166.032209 166.032209 166.033743 166.036044 166.039111 0.000000 
0.000000 0.000000 0.000000 0.000000 0.000000 0.000000 166.040645 166.036810 166.033999 166.032209 166.031442 166.031442 166.031954 166.033487 166.036044 166.039367 0.000000 
0.000000 0.000000 0.000000 0.000000 0.000000 0.000000 166.039111 166.035532 166.032976 166.031442 166.030675 166.030675 166.031698 166.033487 166.036044 166.039622 0.000000 
0.000000 0.000000 0.000000 0.000000 0.000000 0.000000 166.037833 166.034510 166.031954 166.030420 166.030164 166.030164 166.031187 166.033232 166.036044 166.040134 0.000000 
0.000000 0.000000 0.000000 0.000000 0.000000 166.041156 166.036555 166.033232 166.030931 166.029653 166.029397 166.029653 166.030931 166.033232 166.036299 166.040645 0.000000 
0.000000 0.000000 0.000000 0.000000 0.000000 166.039878 166.035021 166.032209 166.029909 166.028886 166.028886 166.029142 166.030675 166.032976 166.036555 166.040901 0.000000 
0.000000 0.000000 0.000000 0.000000 0.000000 166.038344 166.033999 166.030931 166.028886 166.028119 166.028119 166.028886 166.030420 166.032976 166.036810 166.041667 0.000000 
0.000000 0.000000 0.000000 0.000000 0.000000 166.037066 166.032720 166.029909 166.028119 166.027352 166.027608 166.028375 166.030420 166.033232 166.037322 0.000000 0.000000 
0.000000 0.000000 0.000000 0.000000 166.040645 166.035532 166.031442 166.028886 166.027097 166.026841 166.026841 166.028119 166.030164 166.033487 166.037833 0.000000 0.000000 
0.000000 0.000000 0.000000 0.000000 166.039111 166.034254 166.030420 166.027608 166.026330 166.026074 166.026330 166.027863 166.030164 166.033743 166.038344 0.000000 0.000000 
0.000000 0.000000 0.000000 0.000000 166.037577 166.032720 166.029142 166.026585 166.025563 166.025563 166.025818 166.027608 166.030164 166.034254 166.038856 0.000000 0.000000 
0.000000 0.000000 0.000000 0.000000 166.036299 166.031442 166.028119 166.025818 166.024796 166.024796 166.025563 166.027608 166.030420 166.034765 166.039622 0.000000 0.000000 
0.000000 0.000000 0.000000 166.040645 166.034765 166.029909 166.026841 166.024796 166.024285 166.024285 166.025307 166.027352 166.030675 166.035021 166.040389 0.000000 0.000000 
0.000000 0.000000 0.000000 166.039111 166.033487 166.028630 166.025818 166.023773 166.023518 166.023518 166.024796 166.027352 166.031187 166.035788 166.041667 0.000000 0.000000 
0.000000 0.000000 0.000000 166.037577 166.031954 166.027352 166.024540 166.023007 166.022751 166.023007 166.024796 166.027352 166.031442 166.036299 0.000000 0.000000 0.000000 
0.000000 0.000000 0.000000 166.036044 166.030675 166.026330 166.023518 166.022240 166.022240 166.022751 166.024540 166.027608 166.031954 166.037322 0.000000 0.000000 0.000000 
0.000000 0.000000 166.041667 166.034254 166.029142 166.025052 166.022495 166.021473 166.021473 166.022240 166.024540 166.027863 166.032465 166.038344 0.000000 0.000000 0.000000 
0.000000 0.000000 166.040134 166.032720 166.027608 166.024029 166.021728 166.020962 166.020962 166.021984 166.024540 166.028375 166.033232 166.039878 0.000000 0.000000 0.000000 
0.000000 0.000000 166.038344 166.031442 166.026330 166.022751 166.020706 166.020195 166.020450 166.021984 166.024540 166.028886 166.033999 166.041412 0.000000 0.000000 0.000000 
0.000000 0.000000 166.036810 166.029909 166.024796 166.021728 166.019939 166.019683 166.019939 166.021728 166.024796 166.029397 166.035277 0.000000 0.000000 0.000000 0.000000 
0.000000 0.000000 166.035021 166.028375 166.023518 166.020450 166.018916 166.018916 166.019428 166.021728 166.025307 166.029909 166.036555 0.000000 0.000000 0.000000 0.000000 
0.000000 0.000000 166.033487 166.027097 166.022240 166.019428 166.018150 166.018150 166.019172 166.021728 166.025563 166.030675 166.038344 0.000000 0.000000 0.000000 0.000000 
0.000000 166.040134 166.031954 166.025563 166.020962 166.018405 166.017638 166.017638 166.018916 166.021728 166.026074 166.031954 166.040389 0.000000 0.000000 0.000000 0.000000 
0.000000 166.038344 166.030164 166.024029 166.019683 166.017383 166.016871 166.017127 166.018916 166.021984 166.026841 166.033487 0.000000 0.000000 0.000000 0.000000 0.000000 
0.000000 166.036810 166.028630 166.022751 166.018661 166.016616 166.016360 166.016616 166.018661 166.022495 166.027608 166.035277 0.000000 0.000000 0.000000 0.000000 0.000000 
0.000000 166.035021 166.027097 166.021217 166.017383 166.015593 166.015593 166.016360 166.018661 166.023007 166.028886 166.037577 0.000000 0.000000 0.000000 0.000000 0.000000 
0.000000 166.033487 166.025307 166.019939 166.016360 166.014826 166.014826 166.016105 166.018916 166.023518 166.030420 166.040134 0.000000 0.000000 0.000000 0.000000 0.000000 
0.000000 166.031698 166.023773 166.018405 166.015338 166.014315 166.014315 166.015849 166.019428 166.024285 166.032209 0.000000 0.000000 0.000000 0.000000 0.000000 0.000000 
0.000000 166.030164 166.022240 166.017127 166.014315 166.013548 166.013804 166.015849 166.019683 166.025563 166.034510 0.000000 0.000000 0.000000 0.000000 0.000000 0.000000 
0.000000 166.028375 166.020706 166.015593 166.013293 166.013037 166.013548 166.015849 166.020450 166.027097 166.037322 0.000000 0.000000 0.000000 0.000000 0.000000 0.000000 
0.000000 166.026841 166.019172 166.014571 166.012526 166.012270 166.013293 166.016105 166.021217 166.029142 166.040645 0.000000 0.000000 0.000000 0.000000 0.000000 0.000000 
0.000000 166.025052 166.017638 166.013293 166.011759 166.011759 166.013037 166.016616 166.022495 166.031698 0.000000 0.000000 0.000000 0.000000 0.000000 0.000000 0.000000 
166.040901 166.023262 166.016105 166.012270 166.010992 166.010992 166.013037 166.017127 166.024029 166.035021 0.000000 0.000000 0.000000 0.000000 0.000000 0.000000 0.000000 
166.039367 166.021728 166.014826 166.010992 166.010225 166.010481 166.013037 166.017894 166.026330 166.038856 0.000000 0.000000 0.000000 0.000000 0.000000 0.000000 0.000000 
166.037577 166.019939 166.013293 166.010225 166.009714 166.010225 166.013548 166.019172 166.029142 0.000000 0.000000 0.000000 0.000000 0.000000 0.000000 0.000000 0.000000 
166.036044 166.018405 166.012015 166.009203 166.008947 166.010225 166.014060 166.020962 166.032720 0.000000 0.000000 0.000000 0.000000 0.000000 0.000000 0.000000 0.000000 
166.034254 166.016616 166.010481 166.008436 166.008436 166.010225 166.014571 166.023518 166.037066 0.000000 0.000000 0.000000 0.000000 0.000000 0.000000 0.000000 0.000000 
166.032465 166.015082 166.009203 166.007669 166.007669 166.010225 166.016105 166.026841 0.000000 0.000000 0.000000 0.000000 0.000000 0.000000 0.000000 0.000000 0.000000 
166.030931 166.013548 166.008180 166.007158 166.007413 166.010736 166.018150 166.031187 0.000000 0.000000 0.000000 0.000000 0.000000 0.000000 0.000000 0.000000 0.000000 
166.029142 166.011759 166.006902 166.006391 166.007158 166.011503 166.021217 166.036810 0.000000 0.000000 0.000000 0.000000 0.000000 0.000000 0.000000 0.000000 0.000000 
166.027608 166.010225 166.005879 166.005624 166.007413 166.012781 166.025052 0.000000 0.000000 0.000000 0.000000 0.000000 0.000000 0.000000 0.000000 0.000000 0.000000 
166.025818 166.008691 166.005113 166.005113 166.007669 166.015338 166.030675 0.000000 0.000000 0.000000 0.000000 0.000000 0.000000 0.000000 0.000000 0.000000 0.000000 
166.024285 166.006902 166.004346 166.004601 166.008180 166.019172 166.038089 0.000000 0.000000 0.000000 0.000000 0.000000 0.000000 0.000000 0.000000 0.000000 0.000000 
166.022751 166.005368 166.003834 166.004346 166.009970 166.024796 0.000000 0.000000 0.000000 0.000000 0.000000 0.000000 0.000000 0.000000 0.000000 0.000000 0.000000 
166.021728 166.004090 166.003068 166.004601 166.013293 166.032976 0.000000 0.000000 0.000000 0.000000 0.000000 0.000000 0.000000 0.000000 0.000000 0.000000 0.000000 
166.020962 166.002812 166.002301 166.004857 166.018916 0.000000 0.000000 0.000000 0.000000 0.000000 0.000000 0.000000 0.000000 0.000000 0.000000 0.000000 0.000000 
166.019939 166.001789 166.001789 166.007158 166.028886 0.000000 0.000000 0.000000 0.000000 0.000000 0.000000 0.000000 0.000000 0.000000 0.000000 0.000000 0.000000 
166.020195 166.001023 166.001534 166.013548 0.000000 0.000000 0.000000 0.000000 0.000000 0.000000 0.000000 0.000000 0.000000 0.000000 0.000000 0.000000 0.000000 
166.020195 166.000511 166.001789 166.027608 0.000000 0.000000 0.000000 0.000000 0.000000 0.000000 0.000000 0.000000 0.000000 0.000000 0.000000 0.000000 0.000000 
166.031698 166.000000 166.009970 0.000000 0.000000 0.000000 0.000000 0.000000 0.000000 0.000000 0.000000 0.000000 0.000000 0.000000 0.000000 0.000000 0.000000 
