test/output/constant/S3_S000_A180_WD270.0_WS050.0/S3_S000_A180_WD270.0_WS050.0_arrival.asc
ncols         38
nrows         7
xllcorner     426603.990666
yllcorner     12748455.311160
cellsize      100.000000
NODATA_value  0.000000
0.000000 0.000000 0.000000 0.000000 0.000000 0.000000 0.000000 0.000000 0.000000 0.000000 0.000000 166.040989 166.039622 166.038711 166.037801 166.036890 166.036434 166.036434 166.036434 166.036434 166.036434 166.036890 166.037345 166.038256 166.038711 166.039622 166.040533 166.041444 0.000000 0.000000 0.000000 0.000000 0.000000 0.000000 0.000000 0.000000 0.000000 0.000000 
0.000000 0.000000 0.000000 166.040989 166.033702 166.028237 166.025504 166.024138 166.023227 166.022316 166.021861 166.021861 166.021861 166.022316 166.023227 166.023682 166.024593 166.025504 166.025959 166.026870 166.027781 166.028692 166.029603 166.030514 166.031425 166.032335 166.033702 166.034613 166.035523 166.036890 166.037801 166.038711 166.039622 166.040989 0.000000 0.000000 0.000000 0.000000 
0.000000 166.012297 166.008653 166.007742 166.007287 166.007742 166.008653 166.009564 166.010475 166.011386 166.012297 166.013663 166.014574 166.015485 166.016851 166.017762 166.018673 166.020039 166.020950 166.022316 166.023227 166.024138 166.025504 166.026415 166.027781 166.028692 166.030058 166.030969 166.032335 166.033246 166.034613 166.035523 166.036890 166.037801 166.039167 166.040078 166.041444 0.000000 
166.000000 166.000911 166.001822 166.003188 166.004099 166.005465 166.006376 166.007742 166.008653 166.010019 166.010930 166.012297 166.013207 166.014574 166.015485 166.016851 166.017762 166.019128 166.020039 166.021405 166.022316 166.023682 166.024593 166.025959 166.026870 166.028237 166.029147 166.030514 166.031425 166.032791 166.033702 166.035068 166.035979 166.037345 166.038256 166.039622 166.040533 166.041667 
0.000000 166.012297 166.008653 166.007742 166.007287 166.007742 166.008653 166.009564 166.010475 166.011386 166.012297 166.013663 166.014574 166.015485 166.016851 166.017762 166.018673 166.020039 166.020950 166.022316 166.023227 166.024138 166.025504 166.026415 166.027781 166.028692 166.030058 166.030969 166.032335 166.033246 166.034613 166.035523 166.036890 166.037801 166.039167 166.040078 166.041444 0.000000 
0.000000 0.000000 0.000000 166.040989 166.033702 166.028237 166.025504 166.024138 166.023227 166.022316 166.021861 166.021861 166.021861 166.022316 166.023227 166.023682 166.024593 166.025504 166.025959 166.026870 166.027781 166.028692 166.029603 166.030514 166.031425 166.032335 166.033702 166.034613 166.035523 166.036890 166.037801 166.038711 166.039622 166.040989 0.000000 0.000000 0.000000 0.000000 
0.000000 0.000000 0.000000 0.000000 0.000000 0.000000 0.000000 0.000000 0.000000 0.000000 0.000000 166.040989 166.039622 166.038711 166.037801 166.036890 166.036434 166.036434 166.036434 166.036434 166.036434 166.036890 166.037345 166.038256 166.038711 166.039622 166.040533 166.041444 0.000000 0.000000 0.000000 0.000000 0.000000 0.000000 0.000000 0.000000 0.000000 0.000000 
