test/output/constant/M3M495_S060_A270_WD000.0_WS005.0/M3M495_S060_A270_WD000.0_WS005.0_arrival.asc
ncols         11
nrows         47
xllcorner     426103.990666
yllcorner     12748655.311160
cellsize      100.000000
NODATA_value  0.000000
0.000000 0.000000 0.000000 0.000000 166.041565 166.041565 166.041565 0.000000 0.000000 0.000000 0.000000 
0.000000 0.000000 0.000000 166.041667 166.040823 166.040452 166.040823 166.041667 0.000000 0.000000 0.000000 
0.000000 0.000000 0.000000 166.040823 166.039709 166.039709 166.039709 166.040823 0.000000 0.000000 0.000000 
0.000000 0.000000 0.000000 166.040081 166.038967 166.038596 166.038967 166.040081 0.000000 0.000000 0.000000 
0.000000 0.000000 166.040823 166.039338 166.037854 166.037854 166.037854 166.039338 166.040823 0.000000 0.000000 
0.000000 0.000000 166.040081 166.038225 166.037112 166.036741 166.037112 166.038225 166.040081 0.000000 0.000000 
0.000000 0.000000 166.039338 166.037483 166.035998 166.035998 166.035998 166.037483 166.039338 0.000000 0.000000 
0.000000 166.041194 166.038225 166.036369 166.035256 166.034885 166.035256 166.036369 166.038225 166.041194 0.000000 
0.000000 166.040452 166.037483 166.035627 166.034143 166.034143 166.034143 166.035627 166.037483 166.040452 0.000000 
0.000000 166.039709 166.036741 166.034514 166.033400 166.033029 166.033400 166.034514 166.036741 166.039709 0.000000 
0.000000 166.038967 166.035998 166.033772 166.032287 166.032287 166.032287 166.033772 166.035998 166.038967 0.000000 
0.000000 166.038225 166.034885 166.032658 166.031545 166.031174 166.031545 166.032658 166.034885 166.038225 0.000000 
0.000000 166.037854 166.034143 166.031916 166.030432 166.030432 166.030432 166.031916 166.034143 166.037854 0.000000 
166.041565 166.037112 166.033400 166.031174 166.029689 166.029318 166.029689 166.031174 166.033400 166.037112 166.041565 
166.041194 166.036369 166.032658 166.030060 166.028576 166.028576 166.028576 166.030060 166.032658 166.036369 166.041194 
166.040452 166.035627 166.031545 166.029318 166.027834 166.027463 166.027834 166.029318 166.031545 166.035627 166.040452 
166.039709 166.034885 166.030803 166.028576 166.026720 166.026720 166.026720 166.028576 166.030803 166.034885 166.039709 
166.039338 166.034143 166.030060 166.027463 166.025978 166.025607 166.025978 166.027463 166.030060 166.034143 166.039338 
166.038967 166.033772 166.029318 166.026720 166.024865 166.024865 166.024865 166.026720 166.029318 166.033772 166.038967 
166.038596 166.033029 166.028576 166.025607 166.024123 166.023751 166.024123 166.025607 166.028576 166.033029 166.038596 
166.038225 166.032287 166.027834 166.024865 166.023380 166.023009 166.023380 166.024865 166.027834 166.032287 166.038225 
166.038225 166.031916 166.027091 166.024123 166.022267 166.021896 166.022267 166.024123 166.027091 166.031916 166.038225 
166.038225 166.031174 166.026349 166.023009 166.021525 166.021154 166.021525 166.023009 166.026349 166.031174 166.038225 
166.038225 166.030803 166.025978 166.022267 166.020411 166.020040 166.020411 166.022267 166.025978 166.030803 166.038225 
166.038225 166.030060 166.025236 166.021525 166.019669 166.019298 166.019669 166.021525 166.025236 166.030060 166.038225 
166.038596 166.030060 166.024494 166.020411 166.018556 166.018185 166.018556 166.020411 166.024494 166.030060 166.038596 
166.038596 166.029689 166.023751 166.019669 166.017814 166.017442 166.017814 166.019669 166.023751 166.029689 166.038596 
166.038967 166.029689 166.023380 166.018927 166.016700 166.016329 166.016700 166.018927 166.023380 166.029689 166.038967 
166.039338 166.029689 166.022638 166.018185 166.015958 166.015587 166.015958 166.018185 166.022638 166.029689 166.039338 
166.040081 166.030060 166.022267 166.017442 166.015216 166.014474 166.015216 166.017442 166.022267 166.030060 166.040081 
166.041194 166.030060 166.021525 166.016700 166.014102 166.013731 166.014102 166.016700 166.021525 166.030060 166.041194 
0.000000 166.030432 166.021525 166.015958 166.013360 166.012618 166.013360 166.015958 166.021525 166.030432 0.000000 
0.000000 166.030803 166.021525 166.015216 166.012247 166.011876 166.012247 166.015216 166.021525 166.030803 0.000000 
0.000000 166.031545 166.021154 166.014474 166.011505 166.010762 166.011505 166.014474 166.021154 166.031545 0.000000 
0.000000 166.032658 166.021525 166.014102 166.010762 166.010020 166.010762 166.014102 166.021525 166.032658 0.000000 
0.000000 166.033400 166.021896 166.013360 166.009649 166.008907 166.009649 166.013360 166.021896 166.033400 0.000000 
0.000000 166.035627 166.022267 166.012989 166.008907 166.008165 166.008907 166.012989 166.022267 166.035627 0.000000 
0.000000 166.037854 166.023009 166.012989 166.007793 166.007051 166.007793 166.012989 166.023009 166.037854 0.000000 
0.000000 166.040452 166.024123 166.012989 166.007051 166.006309 166.007051 166.012989 166.024123 166.040452 0.000000 
0.000000 0.000000 166.025978 166.012989 166.006309 166.005196 166.006309 166.012989 166.025978 0.000000 0.000000 
0.000000 0.000000 166.028576 166.013731 166.005567 166.004453 166.005567 166.013731 166.028576 0.000000 0.000000 
0.000000 0.000000 166.033400 166.014845 166.004825 166.003340 166.004825 166.014845 166.033400 0.000000 0.000000 
0.000000 0.000000 166.040081 166.016700 166.004453 166.002598 166.004453 166.016700 166.040081 0.000000 0.000000 
0.000000 0.000000 0.000000 166.021896 166.004453 166.001484 166.004453 166.021896 0.000000 0.000000 0.000000 
0.000000 0.000000 0.000000 166.030060 166.005196 166.000742 166.005196 166.030060 0.000000 0.000000 0.000000 
0.000000 0.000000 0.000000 0.000000 166.011133 166.000000 166.011133 0.000000 0.000000 0.000000 0.000000 
0.000000 0.000000 0.000000 0.000000 166.041565 166.027091 166.041565 0.000000 0.000000 0.000000 0.000000 
