test/output/constant/M360_S060_A180_WD270.0_WS050.0/M360_S060_A180_WD270.0_WS050.0_arrival.asc
ncols         46
nrows         7
xllcorner     426603.990666
yllcorner     12748455.311160
cellsize      100.000000
NODATA_value  0.000000
0.000000 0.000000 0.000000 0.000000 0.000000 0.000000 0.000000 0.000000 0.000000 0.000000 0.000000 0.000000 0.000000 0.000000 0.000000 0.000000 0.000000 0.000000 0.000000 0.000000 0.000000 0.000000 0.000000 0.000000 166.041667 166.041439 166.041439 166.041439 166.041439 0.000000 0.000000 0.000000 0.000000 0.000000 0.000000 0.000000 0.000000 0.000000 0.000000 0.000000 0.000000 0.000000 0.000000 0.000000 0.000000 0.000000 
0.000000 0.000000 0.000000 0.000000 0.000000 0.000000 166.038452 166.035092 166.031732 166.029492 166.027626 166.026506 166.026132 166.025386 166.025012 166.025012 166.025012 166.025012 166.025386 166.026132 166.026879 166.027252 166.027999 166.028746 166.029119 166.029866 166.030612 166.031359 166.031732 166.032479 166.033225 166.033972 166.035092 166.035839 166.036585 166.037332 166.038079 166.039199 166.039945 166.040692 166.041667 0.000000 0.000000 0.000000 0.000000 0.000000 
0.000000 166.021279 166.013066 166.010080 166.008960 166.008586 166.008586 166.008960 166.009706 166.010453 166.011200 166.011946 166.012693 166.013440 166.014559 166.015306 166.016426 166.017173 166.017919 166.019039 166.019786 166.020906 166.021653 166.022773 166.023519 166.024266 166.025386 166.026132 166.027252 166.027999 166.029119 166.029866 166.030986 166.031732 166.032479 166.033599 166.034345 166.035465 166.036212 166.037332 166.038079 166.039199 166.039945 166.041065 166.041667 0.000000 
166.000000 166.000747 166.001493 166.002613 166.003360 166.004480 166.005226 166.006346 166.007093 166.008213 166.008960 166.010080 166.010826 166.011946 166.012693 166.013813 166.014559 166.015679 166.016426 166.017546 166.018293 166.019413 166.020159 166.021279 166.022026 166.023146 166.023892 166.025012 166.025759 166.026879 166.027626 166.028746 166.029492 166.030612 166.031359 166.032479 166.033225 166.034345 166.035092 166.036212 166.036959 166.038079 166.038825 166.039945 166.040692 166.041667 
0.000000 166.021279 166.013066 166.010080 166.008960 166.008586 166.008586 166.008960 166.009706 166.010453 166.011200 166.011946 166.012693 166.013440 166.014559 166.015306 166.016426 166.017173 166.017919 166.019039 166.019786 166.020906 166.021653 166.022773 166.023519 166.024266 166.025386 166.026132 166.027252 166.027999 166.029119 166.029866 166.030986 166.031732 166.032479 166.033599 166.034345 166.035465 166.036212 166.037332 166.038079 166.039199 166.039945 166.041065 166.041667 0.000000 
0.000000 0.000000 0.000000 0.000000 0.000000 0.000000 166.038452 166.035092 166.031732 166.029492 166.027626 166.026506 166.026132 166.025386 166.025012 166.025012 166.025012 166.025012 166.025386 166.026132 166.026879 166.027252 166.027999 166.028746 166.029119 166.029866 166.030612 166.031359 166.031732 166.032479 166.033225 166.033972 166.035092 166.035839 166.036585 166.037332 166.038079 166.039199 166.039945 166.040692 166.041667 0.000000 0.000000 0.000000 0.000000 0.000000 
0.000000 0.000000 0.000000 0.000000 0.000000 0.000000 0.000000 0.000000 0.000000 0.000000 0.000000 0.000000 0.000000 0.000000 0.000000 0.000000 0.000000 0.000000 0.000000 0.000000 0.000000 0.000000 0.000000 0.000000 166.041667 166.041439 166.041439 166.041439 166.041439 0.000000 0.000000 0.000000 0.000000 0.000000 0.000000 0.000000 0.000000 0.000000 0.000000 0.000000 0.000000 0.000000 0.000000 0.000000 0.000000 0.000000 
