test/output/constant/M180_S060_A180_WD315.0_WS015.0/M180_S060_A180_WD315.0_WS015.0_arrival.asc
ncols         26
nrows         10
xllcorner     426603.990666
yllcorner     12747955.311160
cellsize      100.000000
NODATA_value  0.000000
0.000000 166.040002 166.038127 166.039377 0.000000 0.000000 0.000000 0.000000 0.000000 0.000000 0.000000 0.000000 0.000000 0.000000 0.000000 0.000000 0.000000 0.000000 0.000000 0.000000 0.000000 0.000000 0.000000 0.000000 0.000000 0.000000 
166.000000 166.001250 166.002500 166.005000 166.008125 166.011876 166.015626 166.020001 166.024376 166.028752 166.032502 166.037502 166.041667 0.000000 0.000000 0.000000 0.000000 0.000000 0.000000 0.000000 0.000000 0.000000 0.000000 0.000000 0.000000 0.000000 
166.013126 166.003125 166.003125 166.004375 166.006250 166.007500 166.009376 166.011251 166.013751 166.016876 166.020001 166.023751 166.027502 166.030627 166.035002 166.038752 0.000000 0.000000 0.000000 0.000000 0.000000 0.000000 0.000000 0.000000 0.000000 0.000000 
0.000000 166.036877 166.015626 166.009376 166.008751 166.008751 166.009376 166.011251 166.012501 166.014376 166.016251 166.018126 166.020001 166.023126 166.025626 166.028752 166.031877 166.035627 166.039377 0.000000 0.000000 0.000000 0.000000 0.000000 0.000000 0.000000 
0.000000 0.000000 0.000000 166.034377 166.023126 166.016876 166.015001 166.014376 166.014376 166.014376 166.015626 166.017501 166.019376 166.020626 166.022501 166.024376 166.026877 166.029377 166.031877 166.035002 166.038127 166.040627 0.000000 0.000000 0.000000 0.000000 
0.000000 0.000000 0.000000 0.000000 0.000000 166.040002 166.030002 166.024376 166.021251 166.020001 166.019376 166.019376 166.020001 166.021251 166.022501 166.024376 166.025626 166.027502 166.029377 166.031252 166.033127 166.035627 166.038127 166.041252 0.000000 0.000000 
0.000000 0.000000 0.000000 0.000000 0.000000 0.000000 0.000000 0.000000 166.037502 166.031252 166.028127 166.026252 166.025626 166.025001 166.025001 166.025626 166.026252 166.027502 166.028752 166.030627 166.032502 166.033752 166.035627 166.037502 166.040002 0.000000 
0.000000 0.000000 0.000000 0.000000 0.000000 0.000000 0.000000 0.000000 0.000000 0.000000 0.000000 166.038752 166.035002 166.033127 166.031877 166.030627 166.030627 166.030627 166.031252 166.031252 166.032502 166.033752 166.035627 166.037502 166.038752 166.040627 
0.000000 0.000000 0.000000 0.000000 0.000000 0.000000 0.000000 0.000000 0.000000 0.000000 0.000000 0.000000 0.000000 0.000000 0.000000 166.040002 166.038127 166.036877 166.036252 166.036252 166.036252 166.036252 166.036877 166.038127 166.038752 166.040627 
0.000000 0.000000 0.000000 0.000000 0.000000 0.000000 0.000000 0.000000 0.000000 0.000000 0.000000 0.000000 0.000000 0.000000 0.000000 0.000000 0.000000 0.000000 0.000000 0.000000 0.000000 166.041667 166.041667 166.041667 0.000000 0.000000 
