test/output/constant/M290_S000_A000_WD270.0_WS050.0/M290_S000_A000_WD270.0_WS050.0_arrival.asc
ncols         37
nrows         7
xllcorner     426603.990666
yllcorner     12748455.311160
cellsize      100.000000
NODATA_value  0.000000
0.000000 0.000000 0.000000 0.000000 0.000000 0.000000 0.000000 0.000000 0.000000 0.000000 0.000000 0.000000 166.040223 166.039288 166.038352 166.037885 166.037417 166.037417 166.037417 166.037417 166.037417 166.037885 166.038352 166.039288 166.040223 166.040691 166.041626 0.000000 0.000000 0.000000 0.000000 0.000000 0.000000 0.000000 0.000000 0.000000 0.000000 
0.000000 0.000000 0.000000 166.040223 166.033207 166.028998 166.026192 166.024321 166.023386 166.022918 166.022450 166.022450 166.022450 166.022918 166.023853 166.024321 166.025256 166.026192 166.026659 166.027595 166.028530 166.029466 166.030401 166.031337 166.032272 166.033207 166.034611 166.035546 166.036481 166.037417 166.038820 166.039755 166.040691 0.000000 0.000000 0.000000 0.000000 
166.034143 166.012628 166.008419 166.007951 166.007483 166.007951 166.008886 166.009822 166.010757 166.011693 166.012628 166.014031 166.014967 166.015902 166.017305 166.018241 166.019176 166.020579 166.021515 166.022918 166.023853 166.025256 166.026192 166.027595 166.028530 166.029933 166.030869 166.032272 166.033207 166.034611 166.035546 166.036949 166.037885 166.038820 166.040223 166.041159 0.000000 
166.000000 166.000935 166.001871 166.003274 166.004209 166.005613 166.006548 166.007951 166.008886 166.010290 166.011225 166.012628 166.013564 166.014967 166.015902 166.017305 166.018241 166.019644 166.020579 166.021982 166.022918 166.024321 166.025256 166.026659 166.027595 166.028998 166.029933 166.031337 166.032272 166.033675 166.034611 166.036014 166.036949 166.038352 166.039288 166.040691 166.041626 
166.034143 166.012628 166.008419 166.007951 166.007483 166.007951 166.008886 166.009822 166.010757 166.011693 166.012628 166.014031 166.014967 166.015902 166.017305 166.018241 166.019176 166.020579 166.021515 166.022918 166.023853 166.025256 166.026192 166.027595 166.028530 166.029933 166.030869 166.032272 166.033207 166.034611 166.035546 166.036949 166.037885 166.038820 166.040223 166.041159 0.000000 
0.000000 0.000000 0.000000 166.040223 166.033207 166.028998 166.026192 166.024321 166.023386 166.022918 166.022450 166.022450 166.022450 166.022918 166.023853 166.024321 166.025256 166.026192 166.026659 166.027595 166.028530 166.029466 166.030401 166.031337 166.032272 166.033207 166.034611 166.035546 166.036481 166.037417 166.038820 166.039755 166.040691 0.000000 0.000000 0.000000 0.000000 
0.000000 0.000000 0.000000 0.000000 0.000000 0.000000 0.000000 0.000000 0.000000 0.000000 0.000000 0.000000 166.040223 166.039288 166.038352 166.037885 166.037417 166.037417 166.037417 166.037417 166.037417 166.037885 166.038352 166.039288 166.040223 166.040691 166.041626 0.000000 0.000000 0.000000 0.000000 0.000000 0.000000 0.000000 0.000000 0.000000 0.000000 
