test/output/constant/M3M470_S060_A090_WD135.0_WS040.0/M3M470_S060_A090_WD135.0_WS040.0_ros.asc
ncols         25
nrows         10
xllcorner     424303.990666
yllcorner     12747955.311160
cellsize      100.000000
NODATA_value  0.000000
0.000000 0.000000 0.000000 0.000000 0.000000 0.000000 0.000000 0.000000 0.000000 0.000000 0.000000 0.000000 0.000000 0.000000 0.000000 19.497402 10.445084 13.245949 7.971821 16.293461 7.971821 10.445084 7.971821 1.265843 1.172271 
0.000000 0.000000 0.000000 0.000000 0.000000 0.000000 0.000000 0.000000 0.000000 0.000000 13.245949 19.497402 16.293461 7.971821 7.971821 13.245949 10.445084 16.293461 10.445084 19.497402 19.497402 38.343643 40.286331 -1.000000 2.389027 
0.000000 0.000000 0.000000 0.000000 0.000000 0.000000 0.000000 19.497402 16.293461 19.497402 19.497402 7.971821 19.497402 19.497402 7.971821 7.971821 40.174915 36.646187 40.286331 40.286331 40.286331 40.286331 23.572332 1.189554 1.629644 
0.000000 0.000000 0.000000 0.000000 0.000000 29.080257 19.497402 13.245949 22.761877 19.497402 29.080257 5.893536 36.646187 36.646187 31.943256 40.286331 40.286331 40.286331 40.286331 39.741535 35.061268 3.311443 2.389027 1.629644 0.000000 
0.000000 0.000000 0.000000 19.497402 19.497402 34.490955 10.445084 19.497402 19.497402 7.971821 40.286331 40.286331 40.286331 40.286331 40.286331 40.286331 40.286331 32.604561 35.061268 32.604561 1.629644 1.189554 2.389027 0.000000 0.000000 
0.000000 0.000000 19.497402 34.490955 16.293461 13.245949 16.293461 29.080257 40.286331 40.286331 40.286331 40.286331 40.286331 40.286331 40.286331 40.246891 2.389027 32.604561 32.604561 1.629644 1.629644 0.000000 0.000000 0.000000 0.000000 
0.000000 5.893536 19.497402 40.286331 40.286331 40.286331 40.286331 40.286331 40.286331 40.286331 40.286331 37.108727 32.604561 35.061268 2.389027 4.637072 3.311443 2.389027 2.389027 0.000000 0.000000 0.000000 0.000000 0.000000 0.000000 
39.531883 40.286331 40.286331 40.286331 37.108727 40.286331 40.286331 40.286331 38.684776 32.604561 40.246891 3.311443 32.604561 3.311443 2.389027 35.061268 29.813152 0.000000 0.000000 0.000000 0.000000 0.000000 0.000000 0.000000 0.000000 
40.286331 40.286331 40.286331 40.286331 40.286331 37.108727 40.286331 38.684776 32.604561 32.604561 35.061268 32.604561 3.311443 3.311443 0.000000 0.000000 0.000000 0.000000 0.000000 0.000000 0.000000 0.000000 0.000000 0.000000 0.000000 
40.286331 40.286331 39.741535 40.286331 40.286331 39.741535 3.311443 35.061268 32.604561 35.061268 0.000000 0.000000 0.000000 0.000000 0.000000 0.000000 0.000000 0.000000 0.000000 0.000000 0.000000 0.000000 0.000000 0.000000 0.000000 
