test/output/constant/M1M290_S060_A270_WD180.0_WS025.0/M1M290_S060_A270_WD180.0_WS025.0_arrival.asc
ncols         7
nrows         39
xllcorner     426303.990666
yllcorner     12748755.311160
cellsize      100.000000
NODATA_value  0.000000
0.000000 0.000000 0.000000 166.041460 0.000000 0.000000 0.000000 
0.000000 0.000000 166.041019 166.040578 166.041019 0.000000 0.000000 
0.000000 0.000000 166.040137 166.039255 166.040137 0.000000 0.000000 
0.000000 0.000000 166.039255 166.038373 166.039255 0.000000 0.000000 
0.000000 166.041019 166.037932 166.037049 166.037932 166.041019 0.000000 
0.000000 166.040137 166.037049 166.036167 166.037049 166.040137 0.000000 
0.000000 166.038814 166.035726 166.034844 166.035726 166.038814 0.000000 
0.000000 166.037932 166.034844 166.033962 166.034844 166.037932 0.000000 
0.000000 166.037049 166.033521 166.032639 166.033521 166.037049 0.000000 
0.000000 166.036167 166.032639 166.031757 166.032639 166.036167 0.000000 
0.000000 166.034844 166.031316 166.030433 166.031316 166.034844 0.000000 
166.041019 166.033962 166.030433 166.029551 166.030433 166.033962 166.041019 
166.040578 166.033080 166.029551 166.028228 166.029551 166.033080 166.040578 
166.039696 166.031757 166.028228 166.027346 166.028228 166.031757 166.039696 
166.038814 166.030875 166.027346 166.026023 166.027346 166.030875 166.038814 
166.038373 166.029992 166.026023 166.025141 166.026023 166.029992 166.038373 
166.037491 166.029110 166.025141 166.023817 166.025141 166.029110 166.037491 
166.037491 166.028228 166.023817 166.022935 166.023817 166.028228 166.037491 
166.037491 166.027787 166.022935 166.021612 166.022935 166.027787 166.037491 
166.037491 166.026905 166.021612 166.020730 166.021612 166.026905 166.037491 
166.037491 166.026023 166.020730 166.019407 166.020730 166.026023 166.037491 
166.037491 166.025141 166.019848 166.018525 166.019848 166.025141 166.037491 
166.037932 166.024700 166.018525 166.017202 166.018525 166.024700 166.037932 
166.038373 166.023817 166.017643 166.016319 166.017643 166.023817 166.038373 
166.039696 166.022935 166.016319 166.014996 166.016319 166.022935 166.039696 
166.040578 166.022494 166.015437 166.014114 166.015437 166.022494 166.040578 
0.000000 166.022494 166.014114 166.012791 166.014114 166.022494 0.000000 
0.000000 166.022494 166.013232 166.011909 166.013232 166.022494 0.000000 
0.000000 166.022935 166.012350 166.010586 166.012350 166.022935 0.000000 
0.000000 166.023376 166.011027 166.009703 166.011027 166.023376 0.000000 
0.000000 166.024259 166.010144 166.008380 166.010144 166.024259 0.000000 
0.000000 166.025582 166.009262 166.007498 166.009262 166.025582 0.000000 
0.000000 166.027787 166.008821 166.006175 166.008821 166.027787 0.000000 
0.000000 166.030433 166.007939 166.005293 166.007939 166.030433 0.000000 
0.000000 166.036608 166.007498 166.003970 166.007498 166.036608 0.000000 
0.000000 0.000000 166.007939 166.003087 166.007939 0.000000 0.000000 
0.000000 0.000000 166.009262 166.001764 166.009262 0.000000 0.000000 
0.000000 0.000000 166.014555 166.000882 166.014555 0.000000 0.000000 
0.000000 0.000000 166.041667 166.000000 166.041667 0.000000 0.000000 
