test/output/constant/M3M470_S000_A090_WD180.0_WS035.0/M3M470_S000_A090_WD180.0_WS035.0_arrival.asc
ncols         9
nrows         36
xllcorner     426203.990666
yllcorner     12748655.311160
cellsize      100.000000
NODATA_value  0.000000
0.000000 0.000000 0.000000 166.041526 166.041038 166.041526 0.000000 0.000000 0.000000 
0.000000 0.000000 0.000000 166.040061 166.040061 166.040061 0.000000 0.000000 0.000000 
0.000000 0.000000 166.041038 166.039083 166.038595 166.039083 166.041038 0.000000 0.000000 
0.000000 0.000000 166.039572 166.037618 166.037618 166.037618 166.039572 0.000000 0.000000 
0.000000 166.041526 166.038595 166.036641 166.036152 166.036641 166.038595 166.041526 0.000000 
0.000000 166.040549 166.037618 166.035175 166.035175 166.035175 166.037618 166.040549 0.000000 
0.000000 166.039572 166.036152 166.034198 166.033710 166.034198 166.036152 166.039572 0.000000 
0.000000 166.038595 166.035175 166.032732 166.032732 166.032732 166.035175 166.038595 0.000000 
0.000000 166.037618 166.034198 166.031755 166.031267 166.031755 166.034198 166.037618 0.000000 
0.000000 166.036641 166.032732 166.030778 166.030290 166.030778 166.032732 166.036641 0.000000 
0.000000 166.035664 166.031755 166.029313 166.028824 166.029313 166.031755 166.035664 0.000000 
166.041038 166.034687 166.030778 166.028336 166.027847 166.028336 166.030778 166.034687 166.041038 
166.040549 166.034198 166.029313 166.026870 166.026381 166.026870 166.029313 166.034198 166.040549 
166.039572 166.033221 166.028336 166.025893 166.025404 166.025893 166.028336 166.033221 166.039572 
166.039572 166.032244 166.027358 166.024427 166.023939 166.024427 166.027358 166.032244 166.039572 
166.039083 166.031267 166.025893 166.023450 166.022962 166.023450 166.025893 166.031267 166.039083 
166.039083 166.030778 166.024916 166.021984 166.021496 166.021984 166.024916 166.030778 166.039083 
166.039083 166.029801 166.023939 166.021007 166.020519 166.021007 166.023939 166.029801 166.039083 
166.039572 166.029313 166.022962 166.020030 166.019053 166.020030 166.022962 166.029313 166.039572 
166.039572 166.028336 166.021984 166.018565 166.018076 166.018565 166.021984 166.028336 166.039572 
166.040061 166.028336 166.021007 166.017588 166.016610 166.017588 166.021007 166.028336 166.040061 
166.040549 166.028336 166.020030 166.016122 166.015633 166.016122 166.020030 166.028336 166.040549 
166.041526 166.028336 166.019542 166.015145 166.014168 166.015145 166.019542 166.028336 166.041526 
0.000000 166.028336 166.018565 166.014168 166.013191 166.014168 166.018565 166.028336 0.000000 
0.000000 166.028824 166.017588 166.012702 166.011725 166.012702 166.017588 166.028824 0.000000 
0.000000 166.029313 166.017099 166.011725 166.010748 166.011725 166.017099 166.029313 0.000000 
0.000000 166.030290 166.017099 166.010259 166.009282 166.010259 166.017099 166.030290 0.000000 
0.000000 166.031755 166.017099 166.009282 166.008305 166.009282 166.017099 166.031755 0.000000 
0.000000 166.033710 166.017588 166.008305 166.006840 166.008305 166.017588 166.033710 0.000000 
0.000000 166.036641 166.018076 166.007328 166.005863 166.007328 166.018076 166.036641 0.000000 
0.000000 0.000000 166.019542 166.006351 166.004397 166.006351 166.019542 0.000000 0.000000 
0.000000 0.000000 166.021496 166.005863 166.003420 166.005863 166.021496 0.000000 0.000000 
0.000000 0.000000 166.027358 166.005863 166.001954 166.005863 166.027358 0.000000 0.000000 
0.000000 0.000000 166.035664 166.006840 166.000977 166.006840 166.035664 0.000000 0.000000 
0.000000 0.000000 0.000000 166.013191 166.000000 166.013191 0.000000 0.000000 0.000000 
0.000000 0.000000 0.000000 0.000000 166.037618 0.000000 0.000000 0.000000 0.000000 
