test/output/constant/M380_S060_A090_WD135.0_WS005.0/M380_S060_A090_WD135.0_WS005.0_ros.asc
ncols         11
nrows         43
xllcorner     425903.990666
yllcorner     12744655.311160
cellsize      100.000000
NODATA_value  0.000000
0.000000 0.000000 0.000000 0.000000 0.000000 0.000000 0.000000 1.110320 0.000000 0.000000 0.000000 
0.000000 0.000000 0.000000 0.000000 0.000000 0.000000 1.675415 0.000000 1.675415 0.000000 0.000000 
0.000000 0.000000 0.000000 0.000000 0.000000 1.323212 4.204055 68.407028 1.298818 1.298818 0.000000 
0.000000 0.000000 0.000000 0.000000 0.000000 1.323212 68.407028 68.407028 24.525339 1.110320 0.000000 
0.000000 0.000000 0.000000 0.000000 1.323212 46.671703 66.426201 68.407028 30.127947 35.886917 0.000000 
0.000000 0.000000 0.000000 0.000000 41.102459 2.580497 63.994534 68.407028 35.886917 24.525339 0.000000 
0.000000 0.000000 0.000000 2.039115 46.671703 2.580497 68.407028 41.627445 47.175243 30.127947 0.000000 
0.000000 0.000000 0.000000 2.039115 51.896313 68.407028 68.407028 52.361855 35.886917 47.175243 0.000000 
0.000000 0.000000 0.000000 2.580497 46.671703 68.271896 68.407028 68.407028 30.127947 24.525339 0.000000 
0.000000 0.000000 0.000000 1.323212 2.039115 68.407028 68.407028 41.627445 35.886917 24.525339 30.127947 
0.000000 0.000000 4.204055 46.671703 2.580497 68.407028 68.407028 30.127947 35.886917 19.249062 30.127947 
0.000000 0.000000 46.671703 46.671703 68.407028 68.407028 68.407028 57.029789 41.627445 24.525339 35.886917 
0.000000 0.000000 4.204055 1.675415 68.407028 68.407028 68.407028 57.029789 30.127947 35.886917 30.127947 
0.000000 0.000000 46.671703 46.671703 56.617416 68.407028 68.407028 57.029789 35.886917 47.175243 35.886917 
0.000000 4.204055 51.896313 66.426201 68.407028 60.691456 68.407028 57.029789 41.627445 19.249062 35.886917 
0.000000 1.675415 4.204055 60.691456 63.994534 68.407028 64.262711 57.029789 41.627445 24.525339 35.886917 
0.000000 4.204055 2.580497 68.407028 67.912483 68.407028 68.407028 57.029789 47.175243 35.886917 41.627445 
0.000000 46.671703 51.896313 67.912483 68.407028 68.407028 30.127947 52.361855 47.175243 35.886917 35.886917 
0.000000 4.204055 68.407028 68.407028 51.896313 68.407028 47.175243 57.029789 47.175243 41.627445 30.127947 
0.000000 2.580497 66.426201 63.994534 56.617416 68.407028 52.361855 57.029789 41.627445 35.886917 24.525339 
0.000000 46.671703 56.617416 51.896313 68.407028 68.407028 68.316956 57.029789 41.627445 52.361855 35.886917 
60.691456 46.671703 68.407028 68.407028 68.407028 68.407028 52.361855 57.029789 47.175243 41.627445 0.000000 
51.896313 68.407028 51.896313 68.407028 68.407028 68.407028 57.029789 57.029789 47.175243 52.361855 0.000000 
2.580497 68.407028 68.407028 60.691456 68.407028 52.361855 52.361855 61.037304 47.175243 57.029789 0.000000 
51.896313 66.426201 68.407028 68.407028 68.407028 68.002266 52.361855 35.886917 52.361855 57.029789 0.000000 
46.671703 68.407028 60.691456 66.426201 68.407028 57.029789 57.029789 35.886917 52.361855 30.127947 0.000000 
68.407028 66.426201 68.407028 68.407028 68.407028 68.407028 57.029789 30.127947 52.361855 30.127947 0.000000 
68.407028 68.407028 68.407028 68.407028 68.407028 52.361855 19.249062 35.886917 52.361855 47.175243 0.000000 
68.407028 63.994534 68.407028 68.407028 68.407028 68.407028 41.627445 35.886917 52.361855 47.175243 0.000000 
60.691456 68.407028 68.407028 68.407028 68.407028 57.029789 64.262711 41.627445 52.361855 47.175243 0.000000 
68.407028 68.407028 66.426201 68.407028 68.407028 57.029789 52.361855 30.127947 52.361855 0.000000 0.000000 
60.691456 66.426201 68.407028 68.407028 68.407028 52.361855 52.361855 41.627445 52.361855 0.000000 0.000000 
68.271896 68.407028 66.426201 68.407028 68.407028 57.029789 57.029789 47.175243 52.361855 0.000000 0.000000 
68.407028 68.407028 68.407028 68.407028 52.361855 68.407028 57.029789 47.175243 52.361855 0.000000 0.000000 
66.426201 66.426201 66.426201 68.407028 68.407028 57.029789 57.029789 47.175243 0.000000 0.000000 0.000000 
63.994534 68.407028 68.407028 68.407028 68.407028 57.029789 24.525339 52.361855 0.000000 0.000000 0.000000 
68.407028 51.896313 68.407028 68.407028 52.361855 35.886917 61.037304 52.361855 0.000000 0.000000 0.000000 
0.000000 68.407028 68.407028 68.407028 61.037304 19.249062 35.886917 52.361855 0.000000 0.000000 0.000000 
0.000000 68.407028 68.407028 68.407028 57.029789 68.407028 57.029789 0.000000 0.000000 0.000000 0.000000 
0.000000 68.407028 68.407028 68.407028 68.316956 57.029789 41.627445 0.000000 0.000000 0.000000 0.000000 
0.000000 68.407028 68.407028 61.037304 57.029789 30.127947 0.000000 0.000000 0.000000 0.000000 0.000000 
0.000000 0.000000 51.896313 68.407028 57.029789 24.525339 0.000000 0.000000 0.000000 0.000000 0.000000 
0.000000 0.000000 68.407028 47.175243 57.029789 0.000000 0.000000 0.000000 0.000000 0.000000 0.000000 
