test/output/constant/M380_S060_A090_WD135.0_WS005.0/M380_S060_A090_WD135.0_WS005.0_raz.asc
ncols         11
nrows         43
xllcorner     425903.990666
yllcorner     12744655.311160
cellsize      100.000000
NODATA_value  0.000000
0 0 0 0 0 0 0 5 0 0 0 
0 0 0 0 0 0 275 65535 95 0 0 
0 0 0 0 0 297 236 185 74 74 0 
0 0 0 0 0 297 185 185 168 5 0 
0 0 0 0 297 194 187 185 170 173 0 
0 0 0 0 196 253 189 185 173 168 0 
0 0 0 264 194 253 185 175 176 170 0 
0 0 0 264 193 185 185 178 173 176 0 
0 0 0 253 194 186 185 185 170 168 0 
0 0 0 297 264 185 185 175 173 168 170 
0 0 236 194 253 185 185 170 173 164 170 
0 0 194 194 185 185 185 179 175 168 173 
0 0 236 275 185 185 185 179 170 173 170 
0 0 194 194 191 185 185 179 173 176 173 
0 236 193 187 185 190 185 179 175 164 173 
0 275 236 190 189 185 182 179 175 168 173 
0 236 253 185 186 185 185 179 176 173 175 
0 194 193 186 185 185 170 178 176 173 173 
0 236 185 185 193 185 176 179 176 175 170 
0 253 187 189 191 185 178 179 175 173 168 
0 194 191 193 185 185 185 179 175 178 173 
190 194 185 185 185 185 178 179 176 175 0 
193 185 193 185 185 185 179 179 176 178 0 
253 185 185 190 185 178 178 181 176 179 0 
193 187 185 185 185 184 178 173 178 179 0 
194 185 190 187 185 179 179 173 178 170 0 
185 187 185 185 185 185 179 170 178 170 0 
185 185 185 185 185 178 164 173 178 176 0 
185 189 185 185 185 185 175 173 178 176 0 
190 185 185 185 185 179 182 175 178 176 0 
185 185 187 185 185 179 178 170 178 0 0 
190 187 185 185 185 178 178 175 178 0 0 
186 185 187 185 185 179 179 176 178 0 0 
185 185 185 185 178 185 179 176 178 0 0 
187 187 187 185 185 179 179 176 0 0 0 
189 185 185 185 185 179 168 178 0 0 0 
185 193 185 185 178 173 181 178 0 0 0 
0 185 185 185 181 164 173 178 0 0 0 
0 185 185 185 179 185 179 0 0 0 0 
0 185 185 185 185 179 175 0 0 0 0 
0 185 185 181 179 170 0 0 0 0 0 
0 0 193 185 179 168 0 0 0 0 0 
0 0 185 176 179 0 0 0 0 0 0 
