test/output/constant/M495_S060_A090_WD045.0_WS015.0/M495_S060_A090_WD045.0_WS015.0_ros.asc
ncols         13
nrows         39
xllcorner     425503.990666
yllcorner     12744955.311160
cellsize      100.000000
NODATA_value  0.000000
0.000000 0.000000 0.000000 0.000000 0.000000 0.000000 0.000000 0.000000 0.000000 0.000000 1.020163 -1.000000 0.000000 
0.000000 0.000000 0.000000 0.000000 0.000000 0.000000 0.000000 0.000000 0.000000 0.418865 54.414040 65.735771 9.427282 
0.000000 0.000000 0.000000 0.000000 0.000000 0.000000 0.000000 0.000000 0.000000 0.680605 65.735771 65.735771 13.582964 
0.000000 0.000000 0.000000 0.000000 0.000000 0.000000 0.000000 0.000000 39.313789 49.827469 65.735771 55.165276 23.545763 
0.000000 0.000000 0.000000 0.000000 0.000000 0.000000 0.000000 0.000000 1.572381 54.414040 65.735771 40.283230 23.545763 
0.000000 0.000000 0.000000 0.000000 0.000000 0.000000 0.000000 39.313789 3.149375 65.735771 65.735771 23.545763 23.545763 
0.000000 0.000000 0.000000 0.000000 0.000000 0.000000 0.000000 44.742493 44.742493 65.735771 65.735771 23.545763 13.582964 
0.000000 0.000000 0.000000 0.000000 0.000000 0.000000 44.742493 3.149375 3.149375 65.682747 23.545763 9.427282 13.582964 
0.000000 0.000000 0.000000 0.000000 0.000000 0.000000 44.742493 3.149375 65.735771 65.735771 58.988869 23.545763 9.427282 
0.000000 0.000000 0.000000 0.000000 0.000000 0.000000 49.827469 5.590394 63.888828 65.735771 29.051624 13.582964 0.000000 
0.000000 0.000000 0.000000 0.000000 0.000000 44.742493 44.742493 44.742493 65.735771 65.735771 50.679729 13.582964 0.000000 
0.000000 0.000000 0.000000 0.000000 0.000000 49.827469 3.149375 65.735771 65.735771 23.545763 23.545763 18.336992 0.000000 
0.000000 0.000000 0.000000 0.000000 0.000000 3.149375 44.742493 65.735771 65.735771 62.034473 40.283230 29.051624 0.000000 
0.000000 0.000000 0.000000 0.000000 3.149375 44.742493 44.742493 65.735771 65.735771 23.545763 45.668358 23.545763 0.000000 
0.000000 0.000000 0.000000 0.000000 44.742493 3.149375 65.735771 65.735771 58.988869 50.679729 23.545763 23.545763 0.000000 
0.000000 0.000000 0.000000 0.000000 44.742493 5.590394 65.735771 65.735771 62.034473 23.545763 23.545763 23.545763 0.000000 
0.000000 0.000000 0.000000 44.742493 44.742493 44.742493 61.553314 65.735771 55.165276 29.051624 23.545763 23.545763 0.000000 
0.000000 0.000000 0.000000 5.590394 44.742493 63.888828 65.735771 65.735771 23.545763 23.545763 9.427282 18.336992 0.000000 
0.000000 0.000000 0.000000 44.742493 44.742493 65.735771 65.735771 65.735771 23.545763 18.336992 23.545763 0.000000 0.000000 
0.000000 0.000000 0.000000 44.742493 5.590394 65.735771 65.735771 40.283230 34.687744 23.545763 18.336992 0.000000 0.000000 
0.000000 0.000000 49.827469 44.742493 54.414040 65.735771 65.735771 65.735771 23.545763 23.545763 23.545763 0.000000 0.000000 
0.000000 0.000000 44.742493 44.742493 65.735771 65.735771 65.735771 65.735771 50.679729 13.582964 9.427282 0.000000 0.000000 
0.000000 0.000000 44.742493 49.827469 65.735771 65.735771 45.668358 13.582964 29.051624 40.283230 0.000000 0.000000 0.000000 
0.000000 0.000000 3.149375 54.414040 65.735771 65.735771 65.682747 18.336992 29.051624 23.545763 0.000000 0.000000 0.000000 
0.000000 44.742493 5.590394 65.735771 65.735771 65.735771 50.679729 29.051624 13.582964 23.545763 0.000000 0.000000 0.000000 
0.000000 3.149375 5.590394 65.735771 65.735771 65.735771 55.165276 62.034473 29.051624 23.545763 0.000000 0.000000 0.000000 
0.000000 44.742493 54.414040 65.735771 65.735771 62.034473 23.545763 34.687744 9.427282 0.000000 0.000000 0.000000 0.000000 
0.000000 44.742493 65.735771 65.735771 65.735771 58.988869 13.582964 29.051624 45.668358 0.000000 0.000000 0.000000 0.000000 
0.000000 44.742493 65.735771 65.735771 65.735771 65.735771 50.679729 13.582964 29.051624 0.000000 0.000000 0.000000 0.000000 
0.000000 54.414040 65.607338 65.735771 65.735771 23.545763 13.582964 50.679729 0.000000 0.000000 0.000000 0.000000 0.000000 
0.000000 65.735771 65.735771 65.735771 65.735771 65.735771 34.687744 18.336992 0.000000 0.000000 0.000000 0.000000 0.000000 
0.000000 65.735771 65.735771 65.735771 65.735771 62.034473 23.545763 0.000000 0.000000 0.000000 0.000000 0.000000 0.000000 
65.735771 65.735771 65.735771 65.735771 65.735771 50.679729 58.988869 0.000000 0.000000 0.000000 0.000000 0.000000 0.000000 
65.735771 65.735771 65.735771 65.735771 65.735771 65.735771 23.545763 0.000000 0.000000 0.000000 0.000000 0.000000 0.000000 
65.735771 63.888828 65.735771 50.679729 58.988869 65.735771 0.000000 0.000000 0.000000 0.000000 0.000000 0.000000 0.000000 
65.735771 65.735771 65.735771 65.735771 55.165276 23.545763 0.000000 0.000000 0.000000 0.000000 0.000000 0.000000 0.000000 
0.000000 65.735771 65.735771 65.735771 40.283230 0.000000 0.000000 0.000000 0.000000 0.000000 0.000000 0.000000 0.000000 
0.000000 63.888828 65.735771 64.209686 50.679729 0.000000 0.000000 0.000000 0.000000 0.000000 0.000000 0.000000 0.000000 
0.000000 65.735771 65.735771 18.336992 0.000000 0.000000 0.000000 0.000000 0.000000 0.000000 0.000000 0.000000 0.000000 
