test/output/constant/M495_S060_A090_WD045.0_WS015.0/M495_S060_A090_WD045.0_WS015.0_arrival.asc
ncols         13
nrows         39
xllcorner     425503.990666
yllcorner     12744955.311160
cellsize      100.000000
NODATA_value  0.000000
0.000000 0.000000 0.000000 0.000000 0.000000 0.000000 0.000000 0.000000 0.000000 0.000000 166.010035 166.000000 0.000000 
0.000000 0.000000 0.000000 0.000000 0.000000 0.000000 0.000000 0.000000 0.000000 166.028433 166.002091 166.000836 166.027597 
0.000000 0.000000 0.000000 0.000000 0.000000 0.000000 0.000000 0.000000 0.000000 166.013380 166.002091 166.001673 166.027179 
0.000000 0.000000 0.000000 0.000000 0.000000 0.000000 0.000000 0.000000 166.028433 166.007527 166.002927 166.002927 166.028015 
0.000000 0.000000 0.000000 0.000000 0.000000 0.000000 0.000000 0.000000 166.018816 166.006272 166.004181 166.005018 166.029688 
0.000000 0.000000 0.000000 0.000000 0.000000 0.000000 0.000000 166.032197 166.013380 166.006272 166.005018 166.007527 166.031779 
0.000000 0.000000 0.000000 0.000000 0.000000 0.000000 0.000000 166.024252 166.010872 166.006272 166.006272 166.010035 166.034706 
0.000000 0.000000 0.000000 0.000000 0.000000 0.000000 166.037633 166.019234 166.010453 166.007108 166.007527 166.012962 166.037633 
0.000000 0.000000 0.000000 0.000000 0.000000 0.000000 166.030524 166.016307 166.010035 166.008363 166.008781 166.015471 166.040560 
0.000000 0.000000 0.000000 0.000000 0.000000 0.000000 166.025088 166.015053 166.010035 166.009617 166.010872 166.018398 0.000000 
0.000000 0.000000 0.000000 0.000000 0.000000 166.036378 166.021743 166.014217 166.010872 166.010453 166.012544 166.021325 0.000000 
0.000000 0.000000 0.000000 0.000000 0.000000 166.031360 166.020071 166.014217 166.011708 166.011708 166.015053 166.024252 0.000000 
0.000000 0.000000 0.000000 0.000000 0.000000 166.027597 166.018816 166.014217 166.012544 166.012962 166.017144 166.026761 0.000000 
0.000000 0.000000 0.000000 0.000000 166.037214 166.025088 166.018398 166.014217 166.013799 166.014635 166.019653 166.029688 0.000000 
0.000000 0.000000 0.000000 0.000000 166.033451 166.023834 166.017980 166.015053 166.015053 166.016307 166.022161 166.032615 0.000000 
0.000000 0.000000 0.000000 0.000000 166.030524 166.022998 166.017980 166.015889 166.015889 166.018398 166.024670 166.035542 0.000000 
0.000000 0.000000 0.000000 166.039305 166.028852 166.022161 166.017980 166.017144 166.017144 166.020489 166.027179 166.038469 0.000000 
0.000000 0.000000 0.000000 166.036378 166.027597 166.021743 166.018816 166.017980 166.018816 166.022580 166.030106 166.041396 0.000000 
0.000000 0.000000 0.000000 166.033869 166.026761 166.022161 166.019234 166.019234 166.020489 166.025088 166.032615 0.000000 0.000000 
0.000000 0.000000 0.000000 166.032615 166.026343 166.022161 166.020489 166.020489 166.022161 166.027179 166.035542 0.000000 0.000000 
0.000000 0.000000 166.039723 166.031360 166.025925 166.022161 166.021325 166.021743 166.024252 166.029688 166.038051 0.000000 0.000000 
0.000000 0.000000 166.037633 166.030524 166.025925 166.022998 166.022580 166.022998 166.025925 166.032197 166.040978 0.000000 0.000000 
0.000000 0.000000 166.036378 166.030106 166.025925 166.023834 166.023834 166.024670 166.028015 166.034287 0.000000 0.000000 0.000000 
0.000000 0.000000 166.035542 166.029688 166.026343 166.024670 166.024670 166.026343 166.030106 166.036796 0.000000 0.000000 0.000000 
0.000000 166.041396 166.034706 166.029688 166.026761 166.025925 166.025925 166.028015 166.032615 166.039305 0.000000 0.000000 0.000000 
0.000000 166.040560 166.034287 166.030106 166.027179 166.026761 166.027179 166.029688 166.034706 166.041667 0.000000 0.000000 0.000000 
0.000000 166.039305 166.033869 166.030106 166.028015 166.028015 166.028852 166.031779 166.037214 0.000000 0.000000 0.000000 0.000000 
0.000000 166.038469 166.033869 166.030106 166.029270 166.029270 166.030524 166.033869 166.039305 0.000000 0.000000 0.000000 0.000000 
0.000000 166.038051 166.033869 166.030942 166.030106 166.030106 166.031779 166.035960 166.041667 0.000000 0.000000 0.000000 0.000000 
0.000000 166.037633 166.033869 166.031779 166.031360 166.031779 166.033869 166.037633 0.000000 0.000000 0.000000 0.000000 0.000000 
0.000000 166.037633 166.034287 166.032615 166.032197 166.033033 166.035542 166.040141 0.000000 0.000000 0.000000 0.000000 0.000000 
0.000000 166.037633 166.034706 166.033451 166.033451 166.034287 166.037633 0.000000 0.000000 0.000000 0.000000 0.000000 0.000000 
166.041667 166.038051 166.035124 166.034706 166.034706 166.035960 166.039305 0.000000 0.000000 0.000000 0.000000 0.000000 0.000000 
166.041667 166.038051 166.035960 166.035542 166.035960 166.037633 166.041396 0.000000 0.000000 0.000000 0.000000 0.000000 0.000000 
166.041667 166.038051 166.036796 166.036796 166.037214 166.039305 0.000000 0.000000 0.000000 0.000000 0.000000 0.000000 0.000000 
166.041667 166.038887 166.037633 166.038051 166.038469 166.041396 0.000000 0.000000 0.000000 0.000000 0.000000 0.000000 0.000000 
0.000000 166.039723 166.038887 166.038887 166.040141 0.000000 0.000000 0.000000 0.000000 0.000000 0.000000 0.000000 0.000000 
0.000000 166.040560 166.040141 166.040141 166.041667 0.000000 0.000000 0.000000 0.000000 0.000000 0.000000 0.000000 0.000000 
0.000000 166.040978 166.040978 166.041667 0.000000 0.000000 0.000000 0.000000 0.000000 0.000000 0.000000 0.000000 0.000000 
