test/output/constant/M385_S000_A090_WD180.0_WS045.0/M385_S000_A090_WD180.0_WS045.0_arrival.asc
ncols         11
nrows         55
xllcorner     426103.990666
yllcorner     12748755.311160
cellsize      100.000000
NODATA_value  0.000000
0.000000 0.000000 0.000000 0.000000 166.041667 166.041371 166.041667 0.000000 0.000000 0.000000 0.000000 
0.000000 0.000000 0.000000 0.000000 166.040753 166.040753 166.040753 0.000000 0.000000 0.000000 0.000000 
0.000000 0.000000 0.000000 166.041371 166.040136 166.039827 166.040136 166.041371 0.000000 0.000000 0.000000 
0.000000 0.000000 0.000000 166.040753 166.039209 166.039209 166.039209 166.040753 0.000000 0.000000 0.000000 
0.000000 0.000000 0.000000 166.040136 166.038592 166.038283 166.038592 166.040136 0.000000 0.000000 0.000000 
0.000000 0.000000 166.041371 166.039209 166.037666 166.037666 166.037666 166.039209 166.041371 0.000000 0.000000 
0.000000 0.000000 166.040444 166.038592 166.037048 166.036740 166.037048 166.038592 166.040444 0.000000 0.000000 
0.000000 0.000000 166.039827 166.037666 166.036122 166.036122 166.036122 166.037666 166.039827 0.000000 0.000000 
0.000000 0.000000 166.039209 166.037048 166.035505 166.035196 166.035505 166.037048 166.039209 0.000000 0.000000 
0.000000 166.041667 166.038592 166.036122 166.034578 166.034578 166.034578 166.036122 166.038592 166.041667 0.000000 
0.000000 166.041062 166.037666 166.035505 166.033961 166.033652 166.033961 166.035505 166.037666 166.041062 0.000000 
0.000000 166.040444 166.037048 166.034887 166.033343 166.033035 166.033343 166.034887 166.037048 166.040444 0.000000 
0.000000 166.039827 166.036431 166.033961 166.032417 166.032108 166.032417 166.033961 166.036431 166.039827 0.000000 
0.000000 166.039209 166.035505 166.033343 166.031800 166.031491 166.031800 166.033343 166.035505 166.039209 0.000000 
0.000000 166.038901 166.034887 166.032417 166.030874 166.030565 166.030874 166.032417 166.034887 166.038901 0.000000 
0.000000 166.038283 166.034270 166.031800 166.030256 166.029947 166.030256 166.031800 166.034270 166.038283 0.000000 
0.000000 166.037666 166.033652 166.030874 166.029330 166.029021 166.029330 166.030874 166.033652 166.037666 0.000000 
0.000000 166.037048 166.032726 166.030256 166.028712 166.028404 166.028712 166.030256 166.032726 166.037048 0.000000 
166.041667 166.036431 166.032108 166.029330 166.027786 166.027477 166.027786 166.029330 166.032108 166.036431 166.041667 
166.041371 166.036122 166.031491 166.028712 166.027169 166.026860 166.027169 166.028712 166.031491 166.036122 166.041371 
166.040753 166.035505 166.030874 166.028095 166.026551 166.025934 166.026551 166.028095 166.030874 166.035505 166.040753 
166.040444 166.034887 166.030256 166.027477 166.025625 166.025316 166.025625 166.027477 166.030256 166.034887 166.040444 
166.040444 166.034270 166.029639 166.026551 166.025008 166.024390 166.025008 166.026551 166.029639 166.034270 166.040444 
166.040444 166.033961 166.029021 166.025934 166.024081 166.023773 166.024081 166.025934 166.029021 166.033961 166.040444 
166.040444 166.033343 166.028404 166.025008 166.023464 166.022846 166.023464 166.025008 166.028404 166.033343 166.040444 
166.040444 166.033035 166.027786 166.024390 166.022538 166.022229 166.022538 166.024390 166.027786 166.033035 166.040444 
166.040444 166.032417 166.027477 166.023773 166.021920 166.021303 166.021920 166.023773 166.027477 166.032417 166.040444 
166.040444 166.032108 166.026860 166.022846 166.021303 166.020685 166.021303 166.022846 166.026860 166.032108 166.040444 
166.040444 166.031491 166.026243 166.022229 166.020377 166.019759 166.020377 166.022229 166.026243 166.031491 166.040444 
166.040753 166.031491 166.025625 166.021611 166.019759 166.019142 166.019759 166.021611 166.025625 166.031491 166.040753 
166.041062 166.031491 166.025316 166.020994 166.018833 166.018215 166.018833 166.020994 166.025316 166.031491 166.041062 
166.041371 166.031491 166.024699 166.020068 166.018215 166.017598 166.018215 166.020068 166.024699 166.031491 166.041371 
0.000000 166.031491 166.024081 166.019450 166.017289 166.016672 166.017289 166.019450 166.024081 166.031491 0.000000 
0.000000 166.031491 166.023773 166.018833 166.016672 166.016054 166.016672 166.018833 166.023773 166.031491 0.000000 
0.000000 166.031491 166.023155 166.018215 166.015746 166.015128 166.015746 166.018215 166.023155 166.031491 0.000000 
0.000000 166.031800 166.022846 166.017598 166.015128 166.014511 166.015128 166.017598 166.022846 166.031800 0.000000 
0.000000 166.032108 166.022538 166.016980 166.014202 166.013584 166.014202 166.016980 166.022538 166.032108 0.000000 
0.000000 166.032726 166.022538 166.016363 166.013584 166.012967 166.013584 166.016363 166.022538 166.032726 0.000000 
0.000000 166.033035 166.022538 166.016054 166.012658 166.012041 166.012658 166.016054 166.022538 166.033035 0.000000 
0.000000 166.033961 166.022538 166.015437 166.012041 166.011423 166.012041 166.015437 166.022538 166.033961 0.000000 
0.000000 166.034887 166.022538 166.014819 166.011423 166.010497 166.011423 166.014819 166.022538 166.034887 0.000000 
0.000000 166.035813 166.022846 166.014511 166.010497 166.009880 166.010497 166.014511 166.022846 166.035813 0.000000 
0.000000 166.037357 166.023464 166.013893 166.009880 166.008953 166.009880 166.013893 166.023464 166.037357 0.000000 
0.000000 166.039209 166.024081 166.013584 166.008953 166.008336 166.008953 166.013584 166.024081 166.039209 0.000000 
0.000000 166.041371 166.025008 166.013584 166.008336 166.007410 166.008336 166.013584 166.025008 166.041371 0.000000 
0.000000 0.000000 166.025934 166.013584 166.007718 166.006792 166.007718 166.013584 166.025934 0.000000 0.000000 
0.000000 0.000000 166.027786 166.013584 166.006792 166.005866 166.006792 166.013584 166.027786 0.000000 0.000000 
0.000000 0.000000 166.029947 166.014202 166.006175 166.005249 166.006175 166.014202 166.029947 0.000000 0.000000 
0.000000 0.000000 166.032726 166.015128 166.005557 166.004322 166.005557 166.015128 166.032726 0.000000 0.000000 
0.000000 0.000000 166.037048 166.016054 166.005249 166.003705 166.005249 166.016054 166.037048 0.000000 0.000000 
0.000000 0.000000 0.000000 166.018524 166.004631 166.002779 166.004631 166.018524 0.000000 0.000000 0.000000 
0.000000 0.000000 0.000000 166.021920 166.004631 166.002161 166.004631 166.021920 0.000000 0.000000 0.000000 
0.000000 0.000000 0.000000 166.029021 166.004940 166.001235 166.004940 166.029021 0.000000 0.000000 0.000000 
0.000000 0.000000 0.000000 166.040136 166.006792 166.000617 166.006792 166.040136 0.000000 0.000000 0.000000 
0.000000 0.000000 0.000000 0.000000 166.014819 166.000000 166.014819 0.000000 0.000000 0.000000 0.000000 
