test/output/constant/M3M480_S060_A270_WD045.0_WS050.0/M3M480_S060_A270_WD045.0_WS050.0_arrival.asc
ncols         35
nrows         8
xllcorner     423303.990666
yllcorner     12748555.311160
cellsize      100.000000
NODATA_value  0.000000
0.000000 0.000000 0.000000 0.000000 166.040910 166.040484 166.039631 166.038779 166.038353 166.037501 166.037075 166.036648 166.036648 166.036648 166.036648 166.036648 166.037075 166.037927 166.038779 166.039631 166.040910 0.000000 0.000000 0.000000 0.000000 0.000000 0.000000 0.000000 0.000000 0.000000 0.000000 0.000000 0.000000 0.000000 0.000000 
166.041667 166.040484 166.039631 166.038779 166.037927 166.036648 166.035796 166.034944 166.034092 166.033239 166.032387 166.031535 166.030682 166.030256 166.029404 166.028978 166.028552 166.028552 166.028552 166.028552 166.028978 166.029830 166.030682 166.031961 166.033665 166.036222 166.039631 0.000000 0.000000 0.000000 0.000000 0.000000 0.000000 0.000000 0.000000 
166.040910 166.039631 166.038353 166.037075 166.035796 166.034944 166.033665 166.032387 166.031535 166.030256 166.028978 166.028126 166.027273 166.025995 166.025142 166.024290 166.023438 166.022586 166.021733 166.021307 166.020881 166.020455 166.020455 166.020455 166.020881 166.021733 166.023012 166.025142 166.028126 166.032387 166.038779 0.000000 0.000000 0.000000 0.000000 
166.040910 166.039631 166.038353 166.037075 166.035796 166.034518 166.033239 166.031961 166.030682 166.029830 166.028552 166.027273 166.025995 166.024716 166.023438 166.022159 166.020881 166.019603 166.018750 166.017472 166.016620 166.015767 166.014489 166.014063 166.013210 166.012358 166.012358 166.012358 166.012784 166.014063 166.016620 166.021307 166.028978 0.000000 0.000000 
166.041667 166.040058 166.038779 166.037501 166.036222 166.034944 166.033665 166.032387 166.031109 166.029830 166.028552 166.027273 166.025995 166.024716 166.023438 166.022159 166.020881 166.019603 166.018324 166.017046 166.015767 166.014489 166.013210 166.011932 166.010654 166.009801 166.008523 166.007244 166.005966 166.005114 166.004261 166.004261 166.005114 166.010654 0.000000 
0.000000 0.000000 166.040910 166.039631 166.038353 166.036648 166.035370 166.034092 166.032813 166.031109 166.029830 166.028552 166.027273 166.025569 166.024290 166.023012 166.021733 166.020455 166.018750 166.017472 166.016193 166.014915 166.013637 166.012358 166.011080 166.009801 166.008523 166.007244 166.005966 166.004688 166.003409 166.002131 166.000852 166.000000 166.040484 
0.000000 0.000000 0.000000 0.000000 0.000000 166.040910 166.039631 166.038353 166.036648 166.035370 166.034092 166.032813 166.031109 166.029830 166.028552 166.027273 166.025569 166.024290 166.023012 166.021733 166.020029 166.018750 166.017472 166.016193 166.014915 166.013637 166.012358 166.011506 166.010654 166.009801 166.009375 166.008949 166.009801 166.014489 0.000000 
0.000000 0.000000 0.000000 0.000000 0.000000 0.000000 0.000000 0.000000 0.000000 166.041336 166.040058 166.038779 166.037501 166.036648 166.035370 166.034518 166.033239 166.032387 166.031109 166.030256 166.029404 166.028552 166.027699 166.027273 166.026847 166.026421 166.025995 166.026421 166.026847 166.028126 166.029830 166.034092 166.040910 0.000000 0.000000 
