test/output/constant/M3M485_S060_A270_WD045.0_WS005.0/M3M485_S060_A270_WD045.0_WS005.0_arrival.asc
ncols         11
nrows         43
xllcorner     425903.990666
yllcorner     12748655.311160
cellsize      100.000000
NODATA_value  0.000000
0.000000 0.000000 166.041667 166.041667 166.041667 0.000000 0.000000 0.000000 0.000000 0.000000 0.000000 
0.000000 0.000000 166.040939 166.040533 166.040533 166.041667 0.000000 0.000000 0.000000 0.000000 0.000000 
0.000000 166.041344 166.039723 166.039723 166.039723 166.040533 0.000000 0.000000 0.000000 0.000000 0.000000 
0.000000 166.040533 166.038912 166.038507 166.038507 166.039317 166.041344 0.000000 0.000000 0.000000 0.000000 
0.000000 166.040128 166.038101 166.037696 166.037696 166.038101 166.040128 0.000000 0.000000 0.000000 0.000000 
0.000000 166.039317 166.037291 166.036480 166.036480 166.037291 166.038912 166.041667 0.000000 0.000000 0.000000 
166.041344 166.038507 166.036480 166.035669 166.035669 166.036075 166.037696 166.040533 0.000000 0.000000 0.000000 
166.040939 166.037696 166.035669 166.034453 166.034453 166.034859 166.036480 166.039317 0.000000 0.000000 0.000000 
166.040533 166.036885 166.034859 166.033643 166.033237 166.033643 166.035264 166.038101 0.000000 0.000000 0.000000 
166.040533 166.036480 166.034048 166.032427 166.032427 166.032832 166.034048 166.036885 166.040939 0.000000 0.000000 
166.040128 166.035669 166.033237 166.031616 166.031211 166.031616 166.032832 166.035669 166.039723 0.000000 0.000000 
166.039723 166.035264 166.032427 166.030805 166.030400 166.030400 166.031616 166.034453 166.038507 0.000000 0.000000 
166.039723 166.034859 166.031616 166.029995 166.029184 166.029589 166.030400 166.033237 166.037291 0.000000 0.000000 
166.039317 166.034453 166.031211 166.029184 166.028373 166.028373 166.029184 166.032021 166.036075 166.041667 0.000000 
166.039317 166.034048 166.030400 166.027968 166.027157 166.027157 166.028373 166.030805 166.034859 166.040533 0.000000 
166.039317 166.034048 166.029589 166.027157 166.026347 166.026347 166.027157 166.029589 166.034048 166.039317 0.000000 
166.039317 166.033643 166.029184 166.026752 166.025131 166.025131 166.025941 166.028373 166.032832 166.038101 0.000000 
166.039317 166.033643 166.028373 166.025536 166.024320 166.024320 166.024725 166.027157 166.031616 166.036885 0.000000 
166.039317 166.033237 166.028373 166.025131 166.023104 166.023104 166.023509 166.025941 166.030400 166.035669 0.000000 
166.040128 166.033237 166.027968 166.024320 166.022293 166.022293 166.022699 166.024725 166.029184 166.034453 0.000000 
166.040939 166.033237 166.027563 166.023509 166.021483 166.021077 166.021483 166.023509 166.027968 166.033643 0.000000 
166.041667 166.033237 166.027563 166.023104 166.020672 166.020267 166.020267 166.022293 166.026752 166.032427 0.000000 
0.000000 166.033643 166.027157 166.022293 166.019861 166.019051 166.019051 166.021077 166.025536 166.031616 166.041667 
0.000000 166.034453 166.027157 166.021888 166.019051 166.018240 166.018240 166.019861 166.024320 166.030400 166.040939 
0.000000 166.035264 166.027157 166.021888 166.018240 166.017024 166.017024 166.018645 166.023104 166.029589 166.040533 
0.000000 166.036075 166.027157 166.021483 166.017429 166.016213 166.016213 166.017429 166.021888 166.028779 166.040128 
0.000000 166.037696 166.027968 166.021483 166.016619 166.014997 166.014997 166.016213 166.020672 166.027968 166.040128 
0.000000 166.039723 166.028779 166.021077 166.016213 166.014187 166.014187 166.014997 166.019456 166.026752 166.039317 
0.000000 166.041667 166.029589 166.021077 166.015808 166.012971 166.012971 166.013781 166.018240 166.025941 166.038912 
0.000000 0.000000 166.031211 166.021483 166.015403 166.012160 166.011755 166.012565 166.017024 166.025536 166.038912 
0.000000 0.000000 166.033237 166.022293 166.015403 166.011349 166.010944 166.011349 166.015808 166.025131 166.038507 
0.000000 0.000000 166.035669 166.023104 166.015403 166.010944 166.009728 166.010133 166.014592 166.024320 166.038912 
0.000000 0.000000 166.038912 166.024725 166.015403 166.010133 166.008917 166.009323 166.013376 166.023915 166.039723 
0.000000 0.000000 0.000000 166.027157 166.015808 166.009728 166.007701 166.008107 166.012160 166.023509 166.040128 
0.000000 0.000000 0.000000 166.029995 166.016619 166.009323 166.006891 166.006891 166.010944 166.023509 0.000000 
0.000000 0.000000 0.000000 166.034859 166.018240 166.009323 166.005675 166.006080 166.010133 166.023509 0.000000 
0.000000 0.000000 0.000000 166.040533 166.021483 166.009323 166.004864 166.004864 166.009323 166.024320 0.000000 
0.000000 0.000000 0.000000 0.000000 166.025536 166.010133 166.004053 166.003648 166.008512 166.025536 0.000000 
0.000000 0.000000 0.000000 0.000000 166.032021 166.012160 166.003243 166.002837 166.008107 166.028373 0.000000 
0.000000 0.000000 0.000000 0.000000 0.000000 166.017429 166.003243 166.001621 166.008107 166.033237 0.000000 
0.000000 0.000000 0.000000 0.000000 0.000000 166.026752 166.003648 166.000811 166.009728 166.040939 0.000000 
0.000000 0.000000 0.000000 0.000000 0.000000 0.000000 166.010133 166.000000 166.014997 0.000000 0.000000 
0.000000 0.000000 0.000000 0.000000 0.000000 0.000000 0.000000 166.032832 0.000000 0.000000 0.000000 
