test/output/constant/M390_S060_A000_WD315.0_WS015.0/M390_S060_A000_WD315.0_WS015.0_raz.asc
ncols         38
nrows         16
xllcorner     423003.990666
yllcorner     12747355.311160
cellsize      100.000000
NODATA_value  0.000000
0 0 0 0 0 0 0 0 0 0 0 0 0 0 0 0 0 0 0 0 0 0 0 0 0 275 281 281 281 281 281 271 271 281 288 281 45 45 
0 0 0 0 0 0 0 0 0 0 0 0 0 0 0 0 0 0 0 0 281 268 268 271 268 268 268 275 275 281 268 265 268 268 281 250 65535 164 
0 0 0 0 0 0 0 0 0 0 0 0 0 0 0 0 0 281 271 268 275 271 275 281 275 268 271 271 288 265 275 260 250 250 250 250 187 140 
0 0 0 0 0 0 0 0 0 0 0 0 0 0 271 268 268 275 263 268 271 268 275 271 275 257 268 281 257 250 250 250 250 242 240 169 169 0 
0 0 0 0 0 0 0 0 0 0 0 0 275 265 268 275 288 268 260 268 275 281 257 255 271 259 250 250 250 248 245 245 240 187 94 187 0 0 
0 0 0 0 0 0 0 0 0 0 281 271 268 275 271 268 271 271 268 271 275 271 259 250 250 250 250 250 242 201 240 239 187 164 140 0 0 0 
0 0 0 0 0 0 0 0 271 281 268 271 268 254 263 268 271 257 268 255 250 250 250 250 250 250 248 187 240 239 239 94 239 169 0 0 0 0 
0 0 0 0 0 0 268 260 268 268 288 275 275 255 263 260 281 250 250 250 250 250 250 250 246 244 240 201 201 240 240 169 0 0 0 0 0 0 
0 0 0 0 0 260 288 254 275 259 257 268 250 271 250 250 250 250 250 250 250 250 246 187 240 201 187 240 169 239 187 0 0 0 0 0 0 0 
0 0 0 268 268 281 268 281 260 255 268 250 250 250 250 250 250 250 250 242 240 187 201 240 187 240 201 211 169 0 0 0 0 0 0 0 0 0 
0 0 259 281 257 250 257 260 250 250 250 250 250 248 250 250 250 245 244 245 187 240 240 239 239 201 240 0 0 0 0 0 0 0 0 0 0 0 
0 275 265 275 259 253 271 250 250 250 250 250 250 248 244 245 240 187 211 240 240 239 201 240 0 0 0 0 0 0 0 0 0 0 0 0 0 0 
271 271 271 250 250 250 250 250 250 250 250 250 245 246 245 245 201 240 211 169 240 211 0 0 0 0 0 0 0 0 0 0 0 0 0 0 0 0 
250 250 250 250 250 250 248 250 250 250 245 245 240 187 187 240 140 187 169 0 0 0 0 0 0 0 0 0 0 0 0 0 0 0 0 0 0 0 
250 250 250 250 250 250 250 250 245 246 244 245 201 240 240 187 0 0 0 0 0 0 0 0 0 0 0 0 0 0 0 0 0 0 0 0 0 0 
250 250 250 250 248 242 245 245 245 245 187 240 0 0 0 0 0 0 0 0 0 0 0 0 0 0 0 0 0 0 0 0 0 0 0 0 0 0 
