test/output/constant/C2_S060_A090_WD000.0_WS030.0/C2_S060_A090_WD000.0_WS030.0_arrival.asc
ncols         7
nrows         41
xllcorner     426303.990666
yllcorner     12744755.311160
cellsize      100.000000
NODATA_value  0.000000
0.000000 0.000000 0.000000 166.000000 0.000000 0.000000 0.000000 
0.000000 0.000000 166.015579 166.000842 166.015579 0.000000 0.000000 
0.000000 0.000000 166.009684 166.001684 166.009684 0.000000 0.000000 
0.000000 0.000000 166.008000 166.002947 166.008000 0.000000 0.000000 
0.000000 166.040420 166.007579 166.003789 166.007579 166.040420 0.000000 
0.000000 166.034105 166.008000 166.005053 166.008000 166.034105 0.000000 
0.000000 166.029894 166.008421 166.005895 166.008421 166.029894 0.000000 
0.000000 166.026947 166.009263 166.007158 166.009263 166.026947 0.000000 
0.000000 166.025263 166.010105 166.008000 166.010105 166.025263 0.000000 
0.000000 166.024000 166.010947 166.009263 166.010947 166.024000 0.000000 
0.000000 166.023579 166.011789 166.010105 166.011789 166.023579 0.000000 
0.000000 166.023157 166.012631 166.011368 166.012631 166.023157 0.000000 
0.000000 166.022736 166.013894 166.012210 166.013894 166.022736 0.000000 
0.000000 166.022736 166.014737 166.013473 166.014737 166.022736 0.000000 
166.041262 166.023157 166.016000 166.014316 166.016000 166.023157 166.041262 
166.039999 166.023579 166.016842 166.015579 166.016842 166.023579 166.039999 
166.039578 166.024421 166.017684 166.016421 166.017684 166.024421 166.039578 
166.038736 166.024842 166.018947 166.017684 166.018947 166.024842 166.038736 
166.038315 166.025684 166.019789 166.018526 166.019789 166.025684 166.038315 
166.038315 166.026526 166.021052 166.019789 166.021052 166.026526 166.038315 
166.037894 166.026947 166.021894 166.020631 166.021894 166.026947 166.037894 
166.037894 166.027789 166.023157 166.021894 166.023157 166.027789 166.037894 
166.037894 166.028631 166.024000 166.022736 166.024000 166.028631 166.037894 
166.038315 166.029473 166.025263 166.024000 166.025263 166.029473 166.038315 
166.038736 166.030315 166.026105 166.024842 166.026105 166.030315 166.038736 
166.039578 166.031157 166.026947 166.026105 166.026947 166.031157 166.039578 
166.039999 166.031999 166.028210 166.026947 166.028210 166.031999 166.039999 
166.040841 166.032841 166.029052 166.028210 166.029052 166.032841 166.040841 
166.041262 166.034105 166.030315 166.029052 166.030315 166.034105 166.041262 
0.000000 166.034947 166.031157 166.030315 166.031157 166.034947 0.000000 
0.000000 166.035789 166.032420 166.031157 166.032420 166.035789 0.000000 
0.000000 166.036631 166.033263 166.032420 166.033263 166.036631 0.000000 
0.000000 166.037894 166.034526 166.033263 166.034526 166.037894 0.000000 
0.000000 166.038736 166.035368 166.034526 166.035368 166.038736 0.000000 
0.000000 166.039578 166.036631 166.035368 166.036631 166.039578 0.000000 
0.000000 166.040420 166.037473 166.036631 166.037473 166.040420 0.000000 
0.000000 166.041667 166.038315 166.037473 166.038315 166.041667 0.000000 
0.000000 0.000000 166.039578 166.038736 166.039578 0.000000 0.000000 
0.000000 0.000000 166.040420 166.039578 166.040420 0.000000 0.000000 
0.000000 0.000000 166.041667 166.040841 166.041667 0.000000 0.000000 
0.000000 0.000000 0.000000 166.041667 0.000000 0.000000 0.000000 
