test/output/constant/M3100_S000_A090_WD135.0_WS015.0/M3100_S000_A090_WD135.0_WS015.0_arrival.asc
ncols         20
nrows         20
xllcorner     425003.990666
yllcorner     12748455.311160
cellsize      100.000000
NODATA_value  0.000000
0.000000 0.000000 0.000000 166.041667 166.041667 166.041667 0.000000 0.000000 0.000000 0.000000 0.000000 0.000000 0.000000 0.000000 0.000000 0.000000 0.000000 0.000000 0.000000 0.000000 
0.000000 166.041667 166.040991 166.039384 166.039384 166.039384 166.039384 166.039384 166.040991 0.000000 0.000000 0.000000 0.000000 0.000000 0.000000 0.000000 0.000000 0.000000 0.000000 0.000000 
0.000000 166.040991 166.038580 166.037776 166.036973 166.036169 166.036169 166.036973 166.036973 166.038580 166.040188 0.000000 0.000000 0.000000 0.000000 0.000000 0.000000 0.000000 0.000000 0.000000 
166.041667 166.039384 166.037776 166.036169 166.035365 166.034561 166.033758 166.033758 166.033758 166.034561 166.036169 166.038580 166.040991 0.000000 0.000000 0.000000 0.000000 0.000000 0.000000 0.000000 
166.041667 166.039384 166.036973 166.035365 166.032954 166.032150 166.031346 166.031346 166.031346 166.031346 166.032954 166.034561 166.036973 166.040188 0.000000 0.000000 0.000000 0.000000 0.000000 0.000000 
166.041667 166.039384 166.036169 166.034561 166.032150 166.030543 166.028935 166.028935 166.028131 166.028935 166.028935 166.030543 166.032954 166.035365 166.039384 0.000000 0.000000 0.000000 0.000000 0.000000 
0.000000 166.039384 166.036169 166.033758 166.031346 166.028935 166.027328 166.026524 166.025720 166.025720 166.025720 166.026524 166.028935 166.031346 166.034561 166.039384 0.000000 0.000000 0.000000 0.000000 
0.000000 166.039384 166.036973 166.033758 166.031346 166.028935 166.026524 166.024916 166.024113 166.023309 166.023309 166.023309 166.024916 166.027328 166.030543 166.034561 166.040188 0.000000 0.000000 0.000000 
0.000000 166.040991 166.036973 166.033758 166.031346 166.028131 166.025720 166.024113 166.021701 166.020898 166.020094 166.020898 166.020898 166.022505 166.025720 166.029739 166.035365 166.041667 0.000000 0.000000 
0.000000 0.000000 166.038580 166.034561 166.031346 166.028935 166.025720 166.023309 166.020898 166.018486 166.017683 166.017683 166.017683 166.018486 166.020898 166.024916 166.030543 166.036973 0.000000 0.000000 
0.000000 0.000000 166.040188 166.036169 166.032954 166.028935 166.025720 166.023309 166.020094 166.017683 166.016075 166.015271 166.015271 166.015271 166.016879 166.020094 166.024916 166.032150 166.040188 0.000000 
0.000000 0.000000 0.000000 166.038580 166.034561 166.030543 166.026524 166.023309 166.020898 166.017683 166.015271 166.012860 166.012056 166.012056 166.012860 166.015271 166.020094 166.026524 166.035365 0.000000 
0.000000 0.000000 0.000000 166.040991 166.036973 166.032954 166.028935 166.024916 166.020898 166.017683 166.015271 166.012056 166.010449 166.009645 166.009645 166.011253 166.015271 166.021701 166.030543 166.040991 
0.000000 0.000000 0.000000 0.000000 166.040188 166.035365 166.031346 166.027328 166.022505 166.018486 166.015271 166.012056 166.009645 166.007234 166.007234 166.007234 166.010449 166.016879 166.026524 166.036973 
0.000000 0.000000 0.000000 0.000000 0.000000 166.039384 166.034561 166.030543 166.025720 166.020898 166.016879 166.012860 166.009645 166.007234 166.004823 166.004019 166.005626 166.012056 166.022505 166.033758 
0.000000 0.000000 0.000000 0.000000 0.000000 0.000000 166.039384 166.034561 166.029739 166.024916 166.020094 166.015271 166.011253 166.007234 166.004019 166.001608 166.001608 166.008038 166.019290 166.032150 
0.000000 0.000000 0.000000 0.000000 0.000000 0.000000 0.000000 166.040188 166.035365 166.030543 166.024916 166.020094 166.015271 166.010449 166.005626 166.001608 166.000000 166.006430 166.019290 166.032150 
0.000000 0.000000 0.000000 0.000000 0.000000 0.000000 0.000000 0.000000 166.041667 166.036973 166.032150 166.026524 166.021701 166.016879 166.012056 166.008038 166.006430 166.009645 166.020898 166.032954 
0.000000 0.000000 0.000000 0.000000 0.000000 0.000000 0.000000 0.000000 0.000000 0.000000 166.040188 166.035365 166.030543 166.026524 166.022505 166.019290 166.019290 166.020898 166.027328 166.037776 
0.000000 0.000000 0.000000 0.000000 0.000000 0.000000 0.000000 0.000000 0.000000 0.000000 0.000000 0.000000 166.040991 166.036973 166.033758 166.032150 166.032150 166.032954 166.037776 0.000000 
