test/output/constant/M195_S000_A180_WD270.0_WS040.0/M195_S000_A180_WD270.0_WS040.0_arrival.asc
ncols         31
nrows         7
xllcorner     426603.990666
yllcorner     12748455.311160
cellsize      100.000000
NODATA_value  0.000000
0.000000 0.000000 0.000000 0.000000 0.000000 0.000000 0.000000 0.000000 0.000000 166.040507 166.038819 166.038257 166.037694 166.037132 166.037132 166.037132 166.037132 166.037132 166.038257 166.038819 166.039945 166.040507 166.041632 0.000000 0.000000 0.000000 0.000000 0.000000 0.000000 0.000000 0.000000 
0.000000 0.000000 0.000000 166.033193 166.028130 166.025317 166.023629 166.023067 166.022504 166.022504 166.022504 166.023067 166.023629 166.024754 166.025880 166.027005 166.027567 166.028693 166.029818 166.030943 166.032068 166.033756 166.034881 166.036006 166.037132 166.038819 166.039945 166.041070 0.000000 0.000000 0.000000 
166.024754 166.010127 166.007876 166.007876 166.007876 166.009002 166.010127 166.011252 166.012377 166.013502 166.015190 166.016315 166.017441 166.019128 166.020254 166.021941 166.023067 166.024754 166.025880 166.027005 166.028693 166.029818 166.031506 166.032631 166.034319 166.035444 166.036569 166.038257 166.039382 166.041070 0.000000 
166.000000 166.001125 166.002250 166.003938 166.005063 166.006751 166.007876 166.009564 166.010689 166.012377 166.013502 166.015190 166.016315 166.018003 166.019128 166.020816 166.021941 166.023629 166.024754 166.026442 166.027567 166.029255 166.030380 166.032068 166.033193 166.034881 166.036006 166.037694 166.038819 166.040507 166.041632 
166.024754 166.010127 166.007876 166.007876 166.007876 166.009002 166.010127 166.011252 166.012377 166.013502 166.015190 166.016315 166.017441 166.019128 166.020254 166.021941 166.023067 166.024754 166.025880 166.027005 166.028693 166.029818 166.031506 166.032631 166.034319 166.035444 166.036569 166.038257 166.039382 166.041070 0.000000 
0.000000 0.000000 0.000000 166.033193 166.028130 166.025317 166.023629 166.023067 166.022504 166.022504 166.022504 166.023067 166.023629 166.024754 166.025880 166.027005 166.027567 166.028693 166.029818 166.030943 166.032068 166.033756 166.034881 166.036006 166.037132 166.038819 166.039945 166.041070 0.000000 0.000000 0.000000 
0.000000 0.000000 0.000000 0.000000 0.000000 0.000000 0.000000 0.000000 0.000000 166.040507 166.038819 166.038257 166.037694 166.037132 166.037132 166.037132 166.037132 166.037132 166.038257 166.038819 166.039945 166.040507 166.041632 0.000000 0.000000 0.000000 0.000000 0.000000 0.000000 0.000000 0.000000 
