test/output/constant/M485_S060_A090_WD045.0_WS010.0/M485_S060_A090_WD045.0_WS010.0_arrival.asc
ncols         9
nrows         31
xllcorner     425903.990666
yllcorner     12745755.311160
cellsize      100.000000
NODATA_value  0.000000
0.000000 0.000000 0.000000 0.000000 0.000000 0.000000 166.013885 166.000000 166.035781 
0.000000 0.000000 0.000000 0.000000 0.000000 166.036315 166.003204 166.001068 166.023498 
0.000000 0.000000 0.000000 0.000000 0.000000 166.019759 166.003204 166.002136 166.020828 
0.000000 0.000000 0.000000 0.000000 166.039519 166.012283 166.003738 166.003738 166.021362 
0.000000 0.000000 0.000000 0.000000 166.028304 166.009613 166.004806 166.005340 166.021362 
0.000000 0.000000 0.000000 0.000000 166.021362 166.009613 166.006408 166.006943 166.022430 
0.000000 0.000000 0.000000 166.037383 166.017623 166.009613 166.008011 166.009079 166.025100 
0.000000 0.000000 0.000000 166.030440 166.016021 166.009613 166.009079 166.011215 166.026702 
0.000000 0.000000 0.000000 166.026702 166.015487 166.010681 166.010681 166.013885 166.029372 
0.000000 0.000000 166.040053 166.024032 166.015487 166.011749 166.011749 166.016021 166.031508 
0.000000 0.000000 166.035781 166.022430 166.015487 166.013351 166.013351 166.018157 166.033644 
0.000000 0.000000 166.032576 166.021896 166.016021 166.014419 166.014953 166.020828 166.036315 
0.000000 0.000000 166.029906 166.021362 166.016555 166.016021 166.017089 166.022964 166.037917 
0.000000 166.041121 166.028838 166.021362 166.017623 166.017623 166.019225 166.025100 166.040587 
0.000000 166.038451 166.028304 166.021362 166.018691 166.018691 166.020828 166.027770 0.000000 
0.000000 166.036315 166.027770 166.021896 166.020293 166.020293 166.022964 166.029906 0.000000 
0.000000 166.035247 166.027770 166.022964 166.021362 166.021896 166.025100 166.032042 0.000000 
0.000000 166.034713 166.027770 166.023498 166.022964 166.023498 166.027236 166.034713 0.000000 
0.000000 166.034178 166.027770 166.024566 166.024032 166.025100 166.029372 166.036849 0.000000 
166.041655 166.033644 166.028304 166.025634 166.025634 166.026702 166.031508 166.039519 0.000000 
166.040587 166.033644 166.028838 166.027236 166.027236 166.028838 166.033644 166.041655 0.000000 
166.040587 166.033644 166.029372 166.028304 166.028304 166.030974 166.035781 0.000000 0.000000 
166.040053 166.033644 166.030440 166.029906 166.029906 166.032576 166.038451 0.000000 0.000000 
166.039519 166.034178 166.031508 166.030974 166.031508 166.034713 166.040587 0.000000 0.000000 
166.039519 166.034713 166.032576 166.032576 166.033644 166.036849 0.000000 0.000000 0.000000 
166.039519 166.035781 166.033644 166.033644 166.034713 166.038985 0.000000 0.000000 0.000000 
166.040053 166.036315 166.035247 166.035247 166.036849 166.041121 0.000000 0.000000 0.000000 
166.040587 166.037383 166.036849 166.036849 166.038451 0.000000 0.000000 0.000000 0.000000 
166.041121 166.038451 166.037917 166.037917 166.040587 0.000000 0.000000 0.000000 0.000000 
166.041655 166.039519 166.039519 166.039519 0.000000 0.000000 0.000000 0.000000 0.000000 
0.000000 166.040587 166.040587 166.041121 0.000000 0.000000 0.000000 0.000000 0.000000 
