test/output/constant/M295_S060_A270_WD180.0_WS030.0/M295_S060_A270_WD180.0_WS030.0_arrival.asc
ncols         7
nrows         41
xllcorner     426303.990666
yllcorner     12748755.311160
cellsize      100.000000
NODATA_value  0.000000
0.000000 0.000000 0.000000 166.040901 0.000000 0.000000 0.000000 
0.000000 0.000000 166.040901 166.040075 166.040901 0.000000 0.000000 
0.000000 0.000000 166.040075 166.038835 166.040075 0.000000 0.000000 
0.000000 166.041667 166.038835 166.038009 166.038835 166.041667 0.000000 
0.000000 166.040901 166.038009 166.036770 166.038009 166.040901 0.000000 
0.000000 166.039662 166.036770 166.035943 166.036770 166.039662 0.000000 
0.000000 166.038835 166.035943 166.034704 166.035943 166.038835 0.000000 
0.000000 166.038009 166.034704 166.033878 166.034704 166.038009 0.000000 
0.000000 166.036770 166.033878 166.032638 166.033878 166.036770 0.000000 
0.000000 166.035943 166.032638 166.031812 166.032638 166.035943 0.000000 
0.000000 166.035117 166.031812 166.030573 166.031812 166.035117 0.000000 
166.041314 166.034291 166.030573 166.029746 166.030573 166.034291 166.041314 
166.040488 166.033051 166.029746 166.028507 166.029746 166.033051 166.040488 
166.040075 166.032225 166.028507 166.027681 166.028507 166.032225 166.040075 
166.039249 166.031399 166.027681 166.026441 166.027681 166.031399 166.039249 
166.038422 166.030573 166.026441 166.025615 166.026441 166.030573 166.038422 
166.038009 166.029746 166.025615 166.024375 166.025615 166.029746 166.038009 
166.037183 166.028920 166.024789 166.023549 166.024789 166.028920 166.037183 
166.037183 166.028094 166.023549 166.022310 166.023549 166.028094 166.037183 
166.037183 166.027267 166.022723 166.021483 166.022723 166.027267 166.037183 
166.037183 166.026441 166.021483 166.020244 166.021483 166.026441 166.037183 
166.037596 166.026028 166.020657 166.019418 166.020657 166.026028 166.037596 
166.037596 166.025202 166.019418 166.018178 166.019418 166.025202 166.037596 
166.038009 166.024375 166.018591 166.017352 166.018591 166.024375 166.038009 
166.038422 166.023962 166.017352 166.016113 166.017352 166.023962 166.038422 
166.039249 166.023136 166.016526 166.015286 166.016526 166.023136 166.039249 
166.040488 166.022310 166.015699 166.014047 166.015699 166.022310 166.040488 
166.041667 166.022310 166.014460 166.013221 166.014460 166.022310 166.041667 
0.000000 166.022310 166.013634 166.011981 166.013634 166.022310 0.000000 
0.000000 166.022723 166.012394 166.011155 166.012394 166.022723 0.000000 
0.000000 166.023136 166.011568 166.009915 166.011568 166.023136 0.000000 
0.000000 166.023549 166.010742 166.009089 166.010742 166.023549 0.000000 
0.000000 166.024789 166.009915 166.007850 166.009915 166.024789 0.000000 
0.000000 166.026441 166.009089 166.007023 166.009089 166.026441 0.000000 
0.000000 166.028920 166.008263 166.005784 166.008263 166.028920 0.000000 
0.000000 166.033051 166.007850 166.004958 166.007850 166.033051 0.000000 
0.000000 166.039662 166.007437 166.003718 166.007437 166.039662 0.000000 
0.000000 0.000000 166.007850 166.002892 166.007850 0.000000 0.000000 
0.000000 0.000000 166.009502 166.001653 166.009502 0.000000 0.000000 
0.000000 0.000000 166.015286 166.000826 166.015286 0.000000 0.000000 
0.000000 0.000000 0.000000 166.000000 0.000000 0.000000 0.000000 
