test/output/constant/M3M400_S060_A000_WD225.0_WS015.0/M3M400_S060_A000_WD225.0_WS015.0_intensity.asc
ncols         44
nrows         19
xllcorner     422403.990666
yllcorner     12748555.311160
cellsize      100.000000
NODATA_value  0.000000
0 0 68475 68475 68475 63675 63675 63675 4665 56155 60287 0 0 0 0 0 0 0 0 0 0 0 0 0 0 0 0 0 0 0 0 0 0 0 0 0 0 0 0 0 0 0 0 0 
68475 68475 68475 68475 68475 68475 68475 68475 56155 63675 60287 60287 51406 60287 51406 7033 0 0 0 0 0 0 0 0 0 0 0 0 0 0 0 0 0 0 0 0 0 0 0 0 0 0 0 0 
68475 68475 68475 68475 68475 68475 68475 68475 68475 68475 60287 60287 60287 60287 4665 51406 7033 7033 46183 46183 0 0 0 0 0 0 0 0 0 0 0 0 0 0 0 0 0 0 0 0 0 0 0 0 
68475 25452 68475 68475 68475 68475 68475 68475 68475 63675 68475 56155 68475 63675 63675 3110 63675 2603 46183 46183 46183 46183 7033 0 0 0 0 0 0 0 0 0 0 0 0 0 0 0 0 0 0 0 0 0 
0 52958 25452 25452 36721 68475 68475 68475 68475 68475 68475 68475 68475 68475 63675 60287 63675 60287 60287 46183 46183 51406 7033 4665 46183 46183 0 0 0 0 0 0 0 0 0 0 0 0 0 0 0 0 0 0 
0 0 47860 42393 68475 68475 25452 25452 68475 68475 68475 68475 68475 68475 66216 68275 66216 68475 51406 60287 7033 46183 4665 51406 2251 4665 46183 4665 0 0 0 0 0 0 0 0 0 0 0 0 0 0 0 0 
0 0 0 52958 47860 52958 25452 68475 52958 25452 25452 68475 68475 68475 68475 68475 63675 68475 68275 60287 1879 60287 56155 56155 51406 51406 4665 46183 46183 4665 2603 0 0 0 0 0 0 0 0 0 0 0 0 0 
0 0 0 0 25452 25452 25452 25452 25452 25452 57532 25452 68475 25452 68475 68475 68475 68475 68475 68475 68475 68275 66216 7033 60287 46183 51406 51406 51406 51406 4665 2251 46183 0 0 0 0 0 0 0 0 0 0 0 
0 0 0 0 0 0 25452 36721 25452 68475 31017 42393 36721 52958 25452 57532 57532 68475 68475 68475 68475 68475 68475 68475 66216 63675 51406 60287 46183 4665 7033 51406 51406 46183 4665 0 0 0 0 0 0 0 0 0 
0 0 0 0 0 0 0 25452 25452 31017 25452 42393 25452 31017 25452 36721 57532 31017 57532 61444 68475 68475 68475 68475 68475 68475 67833 60287 60287 3110 46183 46183 7033 1879 2251 7033 3110 0 0 0 0 0 0 0 
0 0 0 0 0 0 0 0 0 25452 31017 31017 25452 25452 25452 52958 25452 64576 61444 25452 25452 47860 47860 68475 68475 68475 68475 68475 68475 68475 4665 60287 51406 4665 3110 7033 4665 34961 0 0 0 0 0 0 
0 0 0 0 0 0 0 0 0 0 0 31017 31017 25452 25452 36721 31017 25452 31017 31017 25452 31017 52958 52958 68475 36721 68475 68475 68475 68475 68475 68475 63675 60287 7033 46183 51406 2251 3110 1879 0 0 0 0 
0 0 0 0 0 0 0 0 0 0 0 0 0 25452 25452 36721 25452 25452 31017 25452 31017 31017 42393 25452 25452 25452 47860 68431 68475 68475 68475 68475 68475 68475 56155 2603 7033 46183 3110 1879 3110 0 0 0 
0 0 0 0 0 0 0 0 0 0 0 0 0 0 0 25452 25452 25452 25452 25452 25452 25452 25452 36721 25452 25452 25452 25452 42393 25452 42393 47860 68475 68475 68475 68475 68475 67833 51406 7033 2603 2603 0 0 
0 0 0 0 0 0 0 0 0 0 0 0 0 0 0 0 0 0 31017 25452 25452 25452 25452 25452 25452 31017 25452 31017 31017 25452 25452 25452 25452 61444 25452 68475 68475 68475 68475 46183 51406 3110 2251 0 
0 0 0 0 0 0 0 0 0 0 0 0 0 0 0 0 0 0 0 0 0 25452 25452 25452 25452 31017 25452 25452 25452 25452 25452 25452 25452 31017 25452 25452 47860 25452 68475 68475 68475 68475 3110 1634 
0 0 0 0 0 0 0 0 0 0 0 0 0 0 0 0 0 0 0 0 0 0 0 0 25452 25452 25452 25452 25452 25452 25452 25452 25452 25452 25452 25452 20194 31017 25452 31017 31017 68475 0 2251 
0 0 0 0 0 0 0 0 0 0 0 0 0 0 0 0 0 0 0 0 0 0 0 0 0 0 0 0 0 25452 25452 25452 25452 25452 25452 25452 25452 25452 25452 25452 25452 11208 1515 1515 
0 0 0 0 0 0 0 0 0 0 0 0 0 0 0 0 0 0 0 0 0 0 0 0 0 0 0 0 0 0 0 0 0 0 0 0 11208 25452 7743 11208 1515 0 0 0 
