test/output/constant/M3M480_S060_A000_WD090.0_WS010.0/M3M480_S060_A000_WD090.0_WS010.0_arrival.asc
ncols         51
nrows         9
xllcorner     421603.990666
yllcorner     12748355.311160
cellsize      100.000000
NODATA_value  0.000000
0.000000 0.000000 0.000000 0.000000 0.000000 0.000000 0.000000 0.000000 0.000000 0.000000 0.000000 0.000000 0.000000 166.041425 166.040757 166.040089 166.039421 166.039087 166.038419 166.038085 166.037416 166.036748 166.036414 166.036080 166.036080 166.036080 166.036080 166.036080 166.036414 166.036414 166.036748 166.037082 166.038085 166.038419 166.039421 166.040423 166.041425 0.000000 0.000000 0.000000 0.000000 0.000000 0.000000 0.000000 0.000000 0.000000 0.000000 0.000000 0.000000 0.000000 0.000000 
0.000000 0.000000 0.000000 0.000000 0.000000 0.000000 166.041425 166.040423 166.039755 166.039087 166.038419 166.037416 166.036748 166.036080 166.035412 166.034744 166.034076 166.033408 166.032739 166.032071 166.031737 166.031069 166.030401 166.029733 166.029065 166.028730 166.028062 166.027394 166.027060 166.026392 166.026058 166.025724 166.025724 166.025724 166.026058 166.026058 166.026392 166.027060 166.027728 166.028730 166.029733 166.031737 166.034076 166.036748 166.041425 0.000000 0.000000 0.000000 0.000000 0.000000 0.000000 
0.000000 0.000000 166.041425 166.040757 166.040089 166.039087 166.038419 166.037750 166.037082 166.036080 166.035412 166.034410 166.033742 166.032739 166.032071 166.031403 166.030401 166.029733 166.029065 166.028396 166.027394 166.026726 166.026058 166.025056 166.024387 166.023719 166.023051 166.022049 166.021381 166.020713 166.020045 166.019376 166.019042 166.018374 166.017706 166.017038 166.016704 166.016036 166.015702 166.015702 166.015702 166.015702 166.016370 166.016704 166.018040 166.020045 166.022717 166.027728 166.038085 0.000000 0.000000 
0.000000 166.041091 166.040089 166.039421 166.038419 166.037750 166.037082 166.036080 166.035412 166.034410 166.033742 166.032739 166.032071 166.031069 166.030401 166.029733 166.028730 166.028062 166.027060 166.026392 166.025390 166.024722 166.023719 166.023051 166.022049 166.021381 166.020379 166.019710 166.018708 166.018040 166.017038 166.016370 166.015367 166.014699 166.013697 166.013029 166.012027 166.011359 166.010690 166.009688 166.009020 166.008352 166.007684 166.007016 166.006347 166.005679 166.005345 166.005345 166.006013 166.008686 166.020045 
166.041425 166.040757 166.039755 166.039087 166.038085 166.037416 166.036414 166.035746 166.034744 166.034076 166.033073 166.032405 166.031403 166.030735 166.029733 166.029065 166.028062 166.027394 166.026392 166.025724 166.024722 166.024053 166.023051 166.022383 166.021381 166.020713 166.019710 166.019042 166.018040 166.017372 166.016370 166.015702 166.014699 166.014031 166.013029 166.012361 166.011359 166.010690 166.009688 166.009020 166.008018 166.007350 166.006347 166.005679 166.004677 166.004009 166.003007 166.002339 166.001336 166.000668 166.000000 
0.000000 166.041091 166.040089 166.039421 166.038419 166.037750 166.037082 166.036080 166.035412 166.034410 166.033742 166.032739 166.032071 166.031069 166.030401 166.029733 166.028730 166.028062 166.027060 166.026392 166.025390 166.024722 166.023719 166.023051 166.022049 166.021381 166.020379 166.019710 166.018708 166.018040 166.017038 166.016370 166.015367 166.014699 166.013697 166.013029 166.012027 166.011359 166.010690 166.009688 166.009020 166.008352 166.007684 166.007016 166.006347 166.005679 166.005345 166.005345 166.006013 166.008686 166.020045 
0.000000 0.000000 166.041425 166.040757 166.040089 166.039087 166.038419 166.037750 166.037082 166.036080 166.035412 166.034410 166.033742 166.032739 166.032071 166.031403 166.030401 166.029733 166.029065 166.028396 166.027394 166.026726 166.026058 166.025056 166.024387 166.023719 166.023051 166.022049 166.021381 166.020713 166.020045 166.019376 166.019042 166.018374 166.017706 166.017038 166.016704 166.016036 166.015702 166.015702 166.015702 166.015702 166.016370 166.016704 166.018040 166.020045 166.022717 166.027728 166.038085 0.000000 0.000000 
0.000000 0.000000 0.000000 0.000000 0.000000 0.000000 166.041425 166.040423 166.039755 166.039087 166.038419 166.037416 166.036748 166.036080 166.035412 166.034744 166.034076 166.033408 166.032739 166.032071 166.031737 166.031069 166.030401 166.029733 166.029065 166.028730 166.028062 166.027394 166.027060 166.026392 166.026058 166.025724 166.025724 166.025724 166.026058 166.026058 166.026392 166.027060 166.027728 166.028730 166.029733 166.031737 166.034076 166.036748 166.041425 0.000000 0.000000 0.000000 0.000000 0.000000 0.000000 
0.000000 0.000000 0.000000 0.000000 0.000000 0.000000 0.000000 0.000000 0.000000 0.000000 0.000000 0.000000 0.000000 166.041425 166.040757 166.040089 166.039421 166.039087 166.038419 166.038085 166.037416 166.036748 166.036414 166.036080 166.036080 166.036080 166.036080 166.036080 166.036414 166.036414 166.036748 166.037082 166.038085 166.038419 166.039421 166.040423 166.041425 0.000000 0.000000 0.000000 0.000000 0.000000 0.000000 0.000000 0.000000 0.000000 0.000000 0.000000 0.000000 0.000000 0.000000 
