test/output/constant/M3M400_S060_A180_WD315.0_WS010.0/M3M400_S060_A180_WD315.0_WS010.0_arrival.asc
ncols         64
nrows         15
xllcorner     426603.990666
yllcorner     12747555.311160
cellsize      100.000000
NODATA_value  0.000000
0.000000 0.000000 0.000000 0.000000 166.037836 166.034705 166.033661 166.033661 166.033139 166.033400 166.033400 166.033661 166.034183 166.034705 166.035488 166.036010 166.036792 166.037836 166.038097 166.039141 166.040446 166.041228 0.000000 0.000000 0.000000 0.000000 0.000000 0.000000 0.000000 0.000000 0.000000 0.000000 0.000000 0.000000 0.000000 0.000000 0.000000 0.000000 0.000000 0.000000 0.000000 0.000000 0.000000 0.000000 0.000000 0.000000 0.000000 0.000000 0.000000 0.000000 0.000000 0.000000 0.000000 0.000000 0.000000 0.000000 0.000000 0.000000 0.000000 0.000000 0.000000 0.000000 0.000000 0.000000 
166.023745 166.014613 166.012003 166.012264 166.012264 166.012525 166.013569 166.014352 166.015134 166.016178 166.017222 166.018266 166.019570 166.020614 166.021658 166.022702 166.024006 166.025050 166.026355 166.027399 166.028442 166.029747 166.030791 166.031835 166.033139 166.034183 166.035227 166.036532 166.037575 166.038619 166.039924 166.040967 0.000000 0.000000 0.000000 0.000000 0.000000 0.000000 0.000000 0.000000 0.000000 0.000000 0.000000 0.000000 0.000000 0.000000 0.000000 0.000000 0.000000 0.000000 0.000000 0.000000 0.000000 0.000000 0.000000 0.000000 0.000000 0.000000 0.000000 0.000000 0.000000 0.000000 0.000000 0.000000 
166.000000 166.000522 166.001044 166.001827 166.002348 166.003131 166.004175 166.005219 166.006263 166.007306 166.008350 166.009394 166.010438 166.011742 166.012786 166.013830 166.014874 166.016178 166.017222 166.018266 166.019570 166.020614 166.021658 166.022963 166.024006 166.025050 166.026355 166.027399 166.028442 166.029486 166.030791 166.031835 166.032878 166.034183 166.035227 166.036271 166.037575 166.038619 166.039924 166.040967 0.000000 0.000000 0.000000 0.000000 0.000000 0.000000 0.000000 0.000000 0.000000 0.000000 0.000000 0.000000 0.000000 0.000000 0.000000 0.000000 0.000000 0.000000 0.000000 0.000000 0.000000 0.000000 0.000000 0.000000 
166.010699 166.002609 166.001827 166.002088 166.002348 166.003131 166.003653 166.004436 166.005219 166.005741 166.006523 166.007045 166.007828 166.008611 166.009394 166.010438 166.011220 166.012264 166.013308 166.014352 166.015134 166.016178 166.017222 166.018266 166.019310 166.020353 166.021397 166.022702 166.023745 166.024789 166.025833 166.026877 166.028181 166.029225 166.030269 166.031313 166.032617 166.033661 166.034705 166.035749 166.037053 166.038097 166.039141 166.040446 166.041489 0.000000 0.000000 0.000000 0.000000 0.000000 0.000000 0.000000 0.000000 0.000000 0.000000 0.000000 0.000000 0.000000 0.000000 0.000000 0.000000 0.000000 0.000000 0.000000 
0.000000 166.029486 166.015917 166.009655 166.007045 166.005741 166.005741 166.005480 166.005741 166.006002 166.006523 166.007045 166.007828 166.008350 166.009133 166.009655 166.010438 166.010959 166.011742 166.012525 166.013308 166.014091 166.014874 166.015656 166.016700 166.017483 166.018527 166.019310 166.020353 166.021397 166.022441 166.023224 166.024267 166.025311 166.026355 166.027399 166.028181 166.029225 166.030269 166.031313 166.032356 166.033661 166.034705 166.035749 166.036792 166.037836 166.038880 166.040185 166.041228 0.000000 0.000000 0.000000 0.000000 0.000000 0.000000 0.000000 0.000000 0.000000 0.000000 0.000000 0.000000 0.000000 0.000000 0.000000 
0.000000 0.000000 0.000000 166.032878 166.023485 166.017483 166.013569 166.011481 166.010177 166.009655 166.009394 166.009133 166.009133 166.009394 166.009655 166.010177 166.010438 166.011220 166.011742 166.012525 166.013047 166.013830 166.014352 166.015134 166.015656 166.016439 166.016961 166.017744 166.018527 166.019570 166.020092 166.021136 166.021919 166.022702 166.023745 166.024789 166.025572 166.026616 166.027660 166.028442 166.029486 166.030530 166.031313 166.032356 166.033400 166.034444 166.035488 166.036271 166.037314 166.038358 166.039402 166.040446 166.041489 0.000000 0.000000 0.000000 0.000000 0.000000 0.000000 0.000000 0.000000 0.000000 0.000000 0.000000 
0.000000 0.000000 0.000000 0.000000 0.000000 166.038619 166.030791 166.025050 166.021136 166.018266 166.015917 166.014613 166.013569 166.013308 166.013047 166.012786 166.012786 166.012786 166.013047 166.013308 166.013830 166.014091 166.014613 166.015134 166.015656 166.016439 166.016961 166.017744 166.018266 166.019049 166.019570 166.020353 166.021136 166.021658 166.022441 166.023224 166.024006 166.024789 166.025572 166.026355 166.027138 166.028181 166.028964 166.030008 166.031052 166.031835 166.032878 166.033661 166.034705 166.035749 166.036532 166.037575 166.038619 166.039663 166.040446 166.041489 0.000000 0.000000 0.000000 0.000000 0.000000 0.000000 0.000000 0.000000 
0.000000 0.000000 0.000000 0.000000 0.000000 0.000000 0.000000 0.000000 166.038619 166.032617 166.028442 166.025050 166.022441 166.020614 166.019049 166.018005 166.017222 166.016961 166.016700 166.016439 166.016439 166.016439 166.016439 166.016700 166.017222 166.017483 166.017744 166.018266 166.018788 166.019049 166.019831 166.020353 166.021136 166.021658 166.022441 166.022963 166.023745 166.024267 166.025050 166.025572 166.026355 166.027138 166.027921 166.028703 166.029486 166.030269 166.031052 166.031835 166.032617 166.033661 166.034444 166.035227 166.036271 166.037053 166.038097 166.039141 166.039924 166.040967 0.000000 0.000000 0.000000 0.000000 0.000000 0.000000 
0.000000 0.000000 0.000000 0.000000 0.000000 0.000000 0.000000 0.000000 0.000000 0.000000 0.000000 166.040446 166.036010 166.032096 166.029225 166.026877 166.025050 166.023485 166.022180 166.021397 166.020875 166.020614 166.020353 166.020353 166.020092 166.020092 166.020092 166.020353 166.020353 166.020875 166.021136 166.021397 166.021919 166.022180 166.022963 166.023224 166.023745 166.024267 166.025050 166.025572 166.026355 166.026877 166.027660 166.028442 166.028964 166.029747 166.030269 166.031052 166.031574 166.032617 166.033139 166.033922 166.034705 166.035749 166.036271 166.037314 166.038097 166.038880 166.039663 166.040446 166.041489 0.000000 0.000000 0.000000 
0.000000 0.000000 0.000000 0.000000 0.000000 0.000000 0.000000 0.000000 0.000000 0.000000 0.000000 0.000000 0.000000 0.000000 0.000000 166.039402 166.036271 166.033661 166.031574 166.029486 166.027921 166.026616 166.025833 166.025050 166.024528 166.024267 166.024267 166.024006 166.023745 166.023745 166.023745 166.023745 166.024006 166.024267 166.024528 166.024789 166.025050 166.025572 166.025833 166.026355 166.026877 166.027399 166.027921 166.028442 166.028964 166.029747 166.030269 166.031052 166.031574 166.032356 166.032878 166.033661 166.034183 166.034966 166.035749 166.036271 166.037053 166.037836 166.038619 166.039402 166.040185 166.040967 166.041667 0.000000 
0.000000 0.000000 0.000000 0.000000 0.000000 0.000000 0.000000 0.000000 0.000000 0.000000 0.000000 0.000000 0.000000 0.000000 0.000000 0.000000 0.000000 0.000000 0.000000 166.040707 166.038097 166.035749 166.033922 166.032356 166.031052 166.030008 166.029225 166.028703 166.028181 166.027921 166.027921 166.027660 166.027399 166.027399 166.027138 166.027399 166.027399 166.027660 166.027921 166.028181 166.028442 166.028964 166.029225 166.029486 166.030008 166.030269 166.031052 166.031313 166.031835 166.032356 166.032878 166.033661 166.034444 166.034966 166.035749 166.036271 166.037053 166.037575 166.038358 166.038880 166.039663 166.040185 166.040967 166.041667 
0.000000 0.000000 0.000000 0.000000 0.000000 0.000000 0.000000 0.000000 0.000000 0.000000 0.000000 0.000000 0.000000 0.000000 0.000000 0.000000 0.000000 0.000000 0.000000 0.000000 0.000000 0.000000 0.000000 0.000000 166.040446 166.038358 166.036792 166.035488 166.034444 166.033400 166.032878 166.032356 166.032096 166.031835 166.031574 166.031313 166.031313 166.031052 166.030791 166.030791 166.031052 166.031052 166.031313 166.031574 166.031835 166.032096 166.032617 166.032878 166.033139 166.033661 166.034183 166.034444 166.034966 166.035488 166.036010 166.036532 166.037053 166.037575 166.038358 166.038880 166.039663 166.040185 166.040967 166.041489 
0.000000 0.000000 0.000000 0.000000 0.000000 0.000000 0.000000 0.000000 0.000000 0.000000 0.000000 0.000000 0.000000 0.000000 0.000000 0.000000 0.000000 0.000000 0.000000 0.000000 0.000000 0.000000 0.000000 0.000000 0.000000 0.000000 0.000000 0.000000 0.000000 166.041228 166.039924 166.038880 166.037836 166.037053 166.036271 166.036010 166.035749 166.035488 166.035227 166.034966 166.034966 166.034705 166.034705 166.034444 166.034444 166.034705 166.034705 166.034966 166.035227 166.035488 166.035749 166.036271 166.036532 166.037053 166.037314 166.037836 166.038097 166.038619 166.039141 166.039402 166.039924 166.040446 166.041228 166.041667 
0.000000 0.000000 0.000000 0.000000 0.000000 0.000000 0.000000 0.000000 0.000000 0.000000 0.000000 0.000000 0.000000 0.000000 0.000000 0.000000 0.000000 0.000000 0.000000 0.000000 0.000000 0.000000 0.000000 0.000000 0.000000 0.000000 0.000000 0.000000 0.000000 0.000000 0.000000 0.000000 0.000000 0.000000 0.000000 0.000000 166.041228 166.040446 166.039924 166.039663 166.039402 166.039141 166.038880 166.038880 166.038619 166.038358 166.038358 166.038097 166.038097 166.038097 166.038358 166.038358 166.038619 166.038880 166.039141 166.039663 166.039924 166.040185 166.040446 166.040967 166.041228 166.041667 0.000000 0.000000 
0.000000 0.000000 0.000000 0.000000 0.000000 0.000000 0.000000 0.000000 0.000000 0.000000 0.000000 0.000000 0.000000 0.000000 0.000000 0.000000 0.000000 0.000000 0.000000 0.000000 0.000000 0.000000 0.000000 0.000000 0.000000 0.000000 0.000000 0.000000 0.000000 0.000000 0.000000 0.000000 0.000000 0.000000 0.000000 0.000000 0.000000 0.000000 0.000000 0.000000 0.000000 0.000000 0.000000 0.000000 0.000000 0.000000 0.000000 0.000000 0.000000 0.000000 0.000000 0.000000 166.041667 166.041667 0.000000 0.000000 0.000000 0.000000 0.000000 0.000000 0.000000 0.000000 0.000000 0.000000 
