test/output/constant/C4_S060_A270_WD180.0_WS030.0/C4_S060_A270_WD180.0_WS030.0_arrival.asc
ncols         7
nrows         42
xllcorner     426303.990666
yllcorner     12748755.311160
cellsize      100.000000
NODATA_value  0.000000
0.000000 0.000000 0.000000 166.041172 0.000000 0.000000 0.000000 
0.000000 0.000000 166.040769 166.039962 166.040769 0.000000 0.000000 
0.000000 0.000000 166.039962 166.039154 166.039962 0.000000 0.000000 
0.000000 166.041576 166.038751 166.037943 166.038751 166.041576 0.000000 
0.000000 166.040769 166.037943 166.037136 166.037943 166.040769 0.000000 
0.000000 166.039962 166.036732 166.035925 166.036732 166.039962 0.000000 
0.000000 166.038751 166.035925 166.035118 166.035925 166.038751 0.000000 
0.000000 166.037943 166.035118 166.033907 166.035118 166.037943 0.000000 
0.000000 166.037136 166.033907 166.033099 166.033907 166.037136 0.000000 
0.000000 166.036329 166.033099 166.031888 166.033099 166.036329 0.000000 
166.041667 166.035118 166.031888 166.031081 166.031888 166.035118 166.041667 
166.041172 166.034310 166.031081 166.029870 166.031081 166.034310 166.041172 
166.040365 166.033503 166.029870 166.029063 166.029870 166.033503 166.040365 
166.039558 166.032696 166.029063 166.027852 166.029063 166.032696 166.039558 
166.039154 166.031485 166.027852 166.027045 166.027852 166.031485 166.039154 
166.038347 166.030678 166.027045 166.025834 166.027045 166.030678 166.038347 
166.037943 166.029870 166.025834 166.025026 166.025834 166.029870 166.037943 
166.037136 166.029063 166.025026 166.023815 166.025026 166.029063 166.037136 
166.036732 166.028256 166.024219 166.023008 166.024219 166.028256 166.036732 
166.036329 166.027448 166.023008 166.021797 166.023008 166.027448 166.036329 
166.036329 166.026641 166.022201 166.020990 166.022201 166.026641 166.036329 
166.036329 166.026237 166.020990 166.019779 166.020990 166.026237 166.036329 
166.036732 166.025430 166.020183 166.018972 166.020183 166.025430 166.036732 
166.037136 166.024623 166.018972 166.017761 166.018972 166.024623 166.037136 
166.037540 166.023815 166.018164 166.016953 166.018164 166.023815 166.037540 
166.037943 166.023412 166.016953 166.015742 166.016953 166.023412 166.037943 
166.038347 166.022604 166.016146 166.014935 166.016146 166.022604 166.038347 
166.039558 166.022201 166.015339 166.013724 166.015339 166.022201 166.039558 
166.040769 166.021797 166.014128 166.012917 166.014128 166.021797 166.040769 
0.000000 166.021797 166.013321 166.011706 166.013321 166.021797 0.000000 
0.000000 166.022201 166.012110 166.010899 166.012110 166.022201 0.000000 
0.000000 166.022604 166.011302 166.009688 166.011302 166.022604 0.000000 
0.000000 166.023008 166.010495 166.008880 166.010495 166.023008 0.000000 
0.000000 166.024219 166.009688 166.007669 166.009688 166.024219 0.000000 
0.000000 166.025834 166.008880 166.006862 166.008880 166.025834 0.000000 
0.000000 166.028256 166.008073 166.005651 166.008073 166.028256 0.000000 
0.000000 166.032696 166.007669 166.004844 166.007669 166.032696 0.000000 
0.000000 166.039558 166.007266 166.003633 166.007266 166.039558 0.000000 
0.000000 0.000000 166.007669 166.002826 166.007669 0.000000 0.000000 
0.000000 0.000000 166.009284 166.001615 166.009284 0.000000 0.000000 
0.000000 0.000000 166.015742 166.000807 166.015742 0.000000 0.000000 
0.000000 0.000000 0.000000 166.000000 0.000000 0.000000 0.000000 
