test/output/constant/M295_S060_A180_WD225.0_WS015.0/M295_S060_A180_WD225.0_WS015.0_arrival.asc
ncols         30
nrows         11
xllcorner     426603.990666
yllcorner     12748655.311160
cellsize      100.000000
NODATA_value  0.000000
0.000000 0.000000 0.000000 0.000000 0.000000 0.000000 0.000000 0.000000 0.000000 0.000000 0.000000 0.000000 0.000000 0.000000 0.000000 0.000000 0.000000 0.000000 0.000000 0.000000 0.000000 0.000000 0.000000 0.000000 166.041531 166.041531 166.041531 166.041667 0.000000 0.000000 
0.000000 0.000000 0.000000 0.000000 0.000000 0.000000 0.000000 0.000000 0.000000 0.000000 0.000000 0.000000 0.000000 0.000000 0.000000 0.000000 0.000000 166.041531 166.039891 166.038798 166.037705 166.037159 166.036612 166.036612 166.037159 166.037159 166.037705 166.038798 166.039891 166.040984 
0.000000 0.000000 0.000000 0.000000 0.000000 0.000000 0.000000 0.000000 0.000000 0.000000 0.000000 0.000000 0.000000 166.041531 166.037705 166.035520 166.033880 166.032787 166.032241 166.031694 166.031694 166.032241 166.032241 166.033334 166.033880 166.035520 166.036612 166.038252 166.039891 166.040984 
0.000000 0.000000 0.000000 0.000000 0.000000 0.000000 0.000000 0.000000 0.000000 0.000000 166.040438 166.034973 166.031148 166.029509 166.027869 166.027323 166.027323 166.026776 166.027323 166.027869 166.028416 166.029509 166.031148 166.032787 166.033880 166.035520 166.037159 166.038798 166.040438 0.000000 
0.000000 0.000000 0.000000 0.000000 0.000000 0.000000 0.000000 166.041531 166.033334 166.028416 166.025137 166.023498 166.022405 166.022405 166.022405 166.022405 166.022951 166.024044 166.025137 166.026776 166.028416 166.029509 166.031148 166.032787 166.034427 166.036612 166.038798 166.040984 0.000000 0.000000 
0.000000 0.000000 0.000000 0.000000 0.000000 166.036612 166.026776 166.021858 166.019126 166.017487 166.017487 166.017487 166.017487 166.018579 166.019672 166.021312 166.022405 166.024044 166.025683 166.027323 166.028962 166.031148 166.033334 166.035520 166.038252 166.040984 0.000000 0.000000 0.000000 0.000000 
0.000000 0.000000 0.000000 166.031148 166.020765 166.014754 166.013115 166.012568 166.012568 166.012568 166.013661 166.015301 166.016940 166.018033 166.019672 166.021312 166.022951 166.025683 166.027869 166.030055 166.032787 166.035520 166.038252 166.041531 0.000000 0.000000 0.000000 0.000000 0.000000 0.000000 
0.000000 166.031694 166.014754 166.008743 166.007650 166.007650 166.008197 166.009836 166.010929 166.012568 166.014208 166.015847 166.017487 166.019672 166.022405 166.025137 166.027869 166.031148 166.033880 166.037159 166.040438 0.000000 0.000000 0.000000 0.000000 0.000000 0.000000 0.000000 0.000000 0.000000 
166.012022 166.002732 166.002732 166.003825 166.005465 166.006557 166.008197 166.009836 166.012022 166.014754 166.017487 166.020765 166.023498 166.026776 166.030055 166.033334 166.037159 166.040984 0.000000 0.000000 0.000000 0.000000 0.000000 0.000000 0.000000 0.000000 0.000000 0.000000 0.000000 0.000000 
166.000000 166.001093 166.002186 166.004372 166.007104 166.010383 166.013661 166.017487 166.020765 166.024590 166.028416 166.032241 166.036066 166.039891 0.000000 0.000000 0.000000 0.000000 0.000000 0.000000 0.000000 0.000000 0.000000 0.000000 0.000000 0.000000 0.000000 0.000000 0.000000 0.000000 
0.000000 166.034427 166.034973 166.036066 166.037705 166.040984 0.000000 0.000000 0.000000 0.000000 0.000000 0.000000 0.000000 0.000000 0.000000 0.000000 0.000000 0.000000 0.000000 0.000000 0.000000 0.000000 0.000000 0.000000 0.000000 0.000000 0.000000 0.000000 0.000000 0.000000 
