test/output/constant/M185_S060_A270_WD180.0_WS050.0/M185_S060_A270_WD180.0_WS050.0_arrival.asc
ncols         5
nrows         40
xllcorner     426403.990666
yllcorner     12748755.311160
cellsize      100.000000
NODATA_value  0.000000
0.000000 0.000000 166.041186 0.000000 0.000000 
0.000000 166.041186 166.039912 166.041186 0.000000 
0.000000 166.040337 166.039063 166.040337 0.000000 
0.000000 166.039063 166.037789 166.039063 0.000000 
0.000000 166.038214 166.036940 166.038214 0.000000 
166.041186 166.036940 166.035666 166.036940 166.041186 
166.040337 166.036091 166.034817 166.036091 166.040337 
166.039488 166.034817 166.033543 166.034817 166.039488 
166.038214 166.033968 166.032694 166.033968 166.038214 
166.037365 166.033119 166.031420 166.033119 166.037365 
166.036516 166.031845 166.030571 166.031845 166.036516 
166.035666 166.030996 166.029297 166.030996 166.035666 
166.034817 166.029722 166.028448 166.029722 166.034817 
166.033968 166.028873 166.027174 166.028873 166.033968 
166.033543 166.027599 166.026325 166.027599 166.033543 
166.032694 166.026750 166.025051 166.026750 166.032694 
166.031845 166.025476 166.024202 166.025476 166.031845 
166.030996 166.024627 166.022928 166.024627 166.030996 
166.030571 166.023778 166.022079 166.023778 166.030571 
166.029722 166.022504 166.020805 166.022504 166.029722 
166.028873 166.021655 166.019956 166.021655 166.028873 
166.028448 166.020381 166.018682 166.020381 166.028448 
166.027599 166.019532 166.017833 166.019532 166.027599 
166.027174 166.018258 166.016559 166.018258 166.027174 
166.027174 166.017409 166.015710 166.017409 166.027174 
166.027174 166.016135 166.014436 166.016135 166.027174 
166.027599 166.015286 166.013587 166.015286 166.027599 
166.028024 166.014436 166.012313 166.014436 166.028024 
166.028873 166.013163 166.011464 166.013163 166.028873 
166.029722 166.012313 166.010190 166.012313 166.029722 
166.031420 166.011464 166.009341 166.011464 166.031420 
166.033119 166.011040 166.008067 166.011040 166.033119 
166.036091 166.010190 166.007218 166.010190 166.036091 
166.040337 166.009341 166.005944 166.009341 166.040337 
0.000000 166.009341 166.005095 166.009341 0.000000 
0.000000 166.009341 166.003821 166.009341 0.000000 
0.000000 166.010615 166.002972 166.010615 0.000000 
0.000000 166.013163 166.001698 166.013163 0.000000 
0.000000 166.022079 166.000849 166.022079 0.000000 
0.000000 0.000000 166.000000 0.000000 0.000000 
