test/output/constant/M390_S060_A090_WD270.0_WS010.0/M390_S060_A090_WD270.0_WS010.0_intensity.asc
ncols         16
nrows         52
xllcorner     426503.990666
yllcorner     12743655.311160
cellsize      100.000000
NODATA_value  0.000000
931 0 2363 1721 0 0 0 0 0 0 0 0 0 0 0 0 
11809 79716 79550 1318 0 0 0 0 0 0 0 0 0 0 0 0 
11809 79716 74577 54238 1318 0 0 0 0 0 0 0 0 0 0 0 
35408 79716 79716 60378 47690 1318 0 0 0 0 0 0 0 0 0 0 
35408 75201 79716 79716 1318 1318 0 0 0 0 0 0 0 0 0 0 
35408 61477 79716 74577 54238 54238 47690 0 0 0 0 0 0 0 0 0 
16800 66893 79716 79716 60378 54238 47690 0 0 0 0 0 0 0 0 0 
35408 55431 79716 79716 79716 54238 54238 47690 0 0 0 0 0 0 0 0 
35408 28781 79716 79716 79716 60378 54238 1318 0 0 0 0 0 0 0 0 
16800 16800 75201 79716 79716 79550 54238 54238 0 0 0 0 0 0 0 0 
42196 66893 79716 79716 79716 70705 74577 54238 54238 0 0 0 0 0 0 0 
22515 61477 79716 79716 79716 70705 79716 54238 54238 0 0 0 0 0 0 0 
35408 35408 66893 79716 79716 74577 79155 54238 60378 7163 0 0 0 0 0 0 
35408 16800 79716 79716 79716 79716 79716 54238 54238 54238 0 0 0 0 0 0 
42196 42196 66893 79716 79716 79716 79716 79716 54238 54238 0 0 0 0 0 0 
42196 22515 75201 28781 79716 77423 79716 79716 77423 60378 54238 0 0 0 0 0 
0 48938 28781 79716 71514 79716 79716 79155 74577 60378 54238 0 0 0 0 0 
0 35408 61477 79716 79716 79716 79716 79716 79716 54238 54238 0 0 0 0 0 
0 16800 61477 79716 75201 79716 79716 60378 77423 79716 54238 54238 0 0 0 0 
0 42196 28781 66893 79716 79716 79716 79155 74577 74577 60378 60378 0 0 0 0 
0 22515 75201 11809 79354 79716 79716 79716 79716 77423 77423 54238 0 0 0 0 
0 35408 71514 77841 79716 79716 79716 79716 70705 77423 79716 54238 0 0 0 0 
0 35408 66893 77841 79716 71514 79716 79716 79716 79716 60378 54238 54238 0 0 0 
0 16800 61477 66893 79716 77841 79716 79550 79716 79155 60378 54238 54238 0 0 0 
0 0 22515 77841 79716 79716 79716 79716 79716 79716 79716 77423 60378 0 0 0 
0 0 22515 22515 79716 79716 55431 79716 74577 77423 79155 54238 60378 54238 0 0 
0 0 66893 71514 75201 79716 75201 79716 79716 79716 79155 54238 79716 54238 0 0 
0 0 66893 22515 79716 79716 79716 79716 79716 79716 79716 79716 77423 54238 0 0 
0 0 0 28781 75201 79354 71514 79716 79716 79716 79716 74577 79716 79716 0 0 
0 0 0 22515 22515 79716 79716 79716 79716 79716 79716 79716 79550 79716 0 0 
0 0 0 22515 71514 28781 79716 79716 79716 79716 79716 79155 65923 77423 54238 0 
0 0 0 71514 22515 79716 79716 79716 79716 79716 79716 79550 79716 77423 54238 0 
0 0 0 0 71514 79716 79716 75201 79716 79716 79716 79155 79716 74577 79716 0 
0 0 0 0 16800 75201 79716 79716 79716 79716 79716 79716 77423 79716 79716 0 
0 0 0 0 75201 79716 79354 79716 71514 79716 79716 79716 79716 79716 79716 0 
0 0 0 0 0 79716 79716 79716 79716 79650 79716 79716 79716 70705 70705 0 
0 0 0 0 0 42196 22515 79716 79716 79716 79716 74577 79716 79716 77423 79716 
0 0 0 0 0 79716 22515 79716 77841 79716 79716 79716 79716 79716 74577 79716 
0 0 0 0 0 0 79716 79650 71514 79716 79716 79716 79155 77423 79716 77423 
0 0 0 0 0 0 79716 79716 79716 79716 79716 79716 79650 79550 79716 65923 
0 0 0 0 0 0 77841 28781 79716 79716 79716 79716 74577 74577 79716 79716 
0 0 0 0 0 0 0 77841 61477 79716 79716 79716 79716 79716 79716 79716 
0 0 0 0 0 0 0 79716 77841 77841 79716 79716 79716 79716 79716 77423 
0 0 0 0 0 0 0 0 79716 71514 79716 79716 79550 79716 79716 70705 
0 0 0 0 0 0 0 0 79354 79716 79716 79716 79716 79550 79716 79716 
0 0 0 0 0 0 0 0 0 79716 28781 79716 79716 79716 79716 74577 
0 0 0 0 0 0 0 0 0 79716 79716 79716 79716 79716 79716 79716 
0 0 0 0 0 0 0 0 0 0 79716 79716 79716 79716 79716 74577 
0 0 0 0 0 0 0 0 0 0 79716 79716 79716 79716 79716 79716 
0 0 0 0 0 0 0 0 0 0 0 75201 79716 79155 79716 77423 
0 0 0 0 0 0 0 0 0 0 0 79716 79716 79716 79716 79716 
0 0 0 0 0 0 0 0 0 0 0 0 79716 79716 79716 0 
