test/output/constant/M370_S060_A090_WD315.0_WS015.0/M370_S060_A090_WD315.0_WS015.0_ros.asc
ncols         13
nrows         47
xllcorner     426503.990666
yllcorner     12744155.311160
cellsize      100.000000
NODATA_value  0.000000
0.482807 -1.000000 0.977623 0.000000 0.000000 0.000000 0.000000 0.000000 0.000000 0.000000 0.000000 0.000000 0.000000 
16.264156 78.541679 53.777550 1.988568 0.000000 0.000000 0.000000 0.000000 0.000000 0.000000 0.000000 0.000000 0.000000 
11.276312 78.541679 78.541679 1.988568 0.000000 0.000000 0.000000 0.000000 0.000000 0.000000 0.000000 0.000000 0.000000 
34.801609 78.541679 78.541679 53.777550 47.296940 0.000000 0.000000 0.000000 0.000000 0.000000 0.000000 0.000000 0.000000 
7.198689 74.186462 78.541679 78.541679 47.296940 0.000000 0.000000 0.000000 0.000000 0.000000 0.000000 0.000000 0.000000 
34.801609 74.186462 78.541679 78.079247 53.777550 53.777550 0.000000 0.000000 0.000000 0.000000 0.000000 0.000000 0.000000 
41.546993 54.675182 78.541679 78.408501 53.777550 53.777550 0.000000 0.000000 0.000000 0.000000 0.000000 0.000000 0.000000 
11.276312 21.965546 78.541679 78.408501 53.777550 53.777550 0.000000 0.000000 0.000000 0.000000 0.000000 0.000000 0.000000 
34.801609 60.659466 78.541679 78.541679 73.725952 53.777550 53.777550 0.000000 0.000000 0.000000 0.000000 0.000000 0.000000 
34.801609 54.675182 78.541679 78.541679 78.541679 53.777550 53.777550 0.000000 0.000000 0.000000 0.000000 0.000000 0.000000 
16.264156 21.965546 78.541679 78.541679 78.541679 78.408501 53.777550 0.000000 0.000000 0.000000 0.000000 0.000000 0.000000 
0.000000 34.801609 78.541679 78.541679 78.541679 76.458939 53.777550 53.777550 0.000000 0.000000 0.000000 0.000000 0.000000 
0.000000 34.801609 78.541679 78.541679 78.408501 78.541679 59.835228 53.777550 0.000000 0.000000 0.000000 0.000000 0.000000 
0.000000 21.965546 66.010391 78.541679 76.458939 78.541679 78.541679 53.777550 0.000000 0.000000 0.000000 0.000000 0.000000 
0.000000 34.801609 74.186462 78.541679 78.541679 78.541679 78.541679 53.777550 53.777550 0.000000 0.000000 0.000000 0.000000 
0.000000 41.546993 74.186462 78.541679 78.541679 78.541679 73.725952 53.777550 53.777550 0.000000 0.000000 0.000000 0.000000 
0.000000 28.207783 60.659466 78.541679 78.541679 78.541679 78.541679 53.777550 53.777550 0.000000 0.000000 0.000000 0.000000 
0.000000 34.801609 60.659466 78.541679 78.218071 78.541679 78.541679 73.725952 53.777550 53.777550 0.000000 0.000000 0.000000 
0.000000 34.801609 66.010391 74.186462 78.478096 76.458939 73.725952 59.835228 53.777550 53.777550 0.000000 0.000000 0.000000 
0.000000 21.965546 60.659466 74.186462 78.541679 78.541679 78.541679 78.541679 53.777550 0.868927 0.000000 0.000000 0.000000 
0.000000 34.801609 11.276312 21.965546 78.541679 78.541679 78.541679 78.541679 78.079247 53.777550 0.000000 0.000000 0.000000 
0.000000 0.000000 60.659466 66.010391 78.541679 78.541679 78.541679 78.408501 59.835228 59.835228 53.777550 0.000000 0.000000 
0.000000 0.000000 54.675182 74.186462 78.541679 76.763390 78.541679 78.541679 76.458939 78.541679 53.777550 0.000000 0.000000 
0.000000 0.000000 16.264156 54.675182 16.264156 78.541679 78.079247 78.541679 78.541679 78.541679 76.458939 0.000000 0.000000 
0.000000 0.000000 54.675182 70.565483 78.218071 78.541679 78.541679 78.541679 78.541679 78.541679 78.079247 0.000000 0.000000 
0.000000 0.000000 70.565483 76.763390 78.541679 76.763390 78.541679 78.541679 78.541679 59.835228 53.777550 0.000000 0.000000 
0.000000 0.000000 0.000000 21.965546 16.264156 76.763390 78.541679 78.541679 78.541679 78.541679 76.458939 76.458939 0.000000 
0.000000 0.000000 0.000000 60.659466 78.478096 78.541679 78.478096 78.541679 78.541679 78.541679 76.458939 53.777550 0.000000 
0.000000 0.000000 0.000000 66.010391 74.186462 78.541679 78.541679 78.408501 78.541679 65.285759 78.541679 78.541679 0.000000 
0.000000 0.000000 0.000000 70.565483 70.565483 21.965546 78.541679 78.541679 78.541679 76.458939 0.507037 78.408501 0.000000 
0.000000 0.000000 0.000000 0.000000 16.264156 76.763390 78.541679 78.541679 78.541679 78.541679 76.458939 78.408501 0.000000 
0.000000 0.000000 0.000000 0.000000 60.659466 78.541679 78.541679 78.541679 78.541679 78.541679 73.725952 78.541679 0.000000 
0.000000 0.000000 0.000000 0.000000 78.541679 70.565483 76.763390 76.763390 78.541679 76.458939 78.541679 59.835228 53.777550 
0.000000 0.000000 0.000000 0.000000 0.000000 78.218071 11.276312 11.276312 78.541679 78.541679 78.079247 78.541679 53.777550 
0.000000 0.000000 0.000000 0.000000 0.000000 54.675182 78.541679 78.541679 78.541679 78.541679 76.458939 78.541679 78.541679 
0.000000 0.000000 0.000000 0.000000 0.000000 11.276312 70.565483 78.541679 78.541679 78.541679 78.541679 76.458939 78.541679 
0.000000 0.000000 0.000000 0.000000 0.000000 66.010391 78.541679 78.541679 78.541679 78.541679 78.541679 78.541679 78.541679 
0.000000 0.000000 0.000000 0.000000 0.000000 0.000000 78.541679 78.541679 28.207783 78.541679 78.541679 78.408501 73.725952 
0.000000 0.000000 0.000000 0.000000 0.000000 0.000000 74.186462 74.186462 78.541679 78.541679 78.541679 78.541679 73.725952 
0.000000 0.000000 0.000000 0.000000 0.000000 0.000000 78.541679 70.565483 78.541679 78.541679 73.725952 78.541679 78.541679 
0.000000 0.000000 0.000000 0.000000 0.000000 0.000000 0.000000 78.541679 78.541679 78.541679 78.408501 78.541679 76.458939 
0.000000 0.000000 0.000000 0.000000 0.000000 0.000000 0.000000 74.186462 66.010391 78.541679 78.541679 78.541679 78.541679 
0.000000 0.000000 0.000000 0.000000 0.000000 0.000000 0.000000 0.000000 78.541679 78.541679 78.541679 78.541679 78.541679 
0.000000 0.000000 0.000000 0.000000 0.000000 0.000000 0.000000 0.000000 78.541679 78.541679 78.541679 78.541679 76.458939 
0.000000 0.000000 0.000000 0.000000 0.000000 0.000000 0.000000 0.000000 0.000000 78.541679 78.541679 78.541679 78.541679 
0.000000 0.000000 0.000000 0.000000 0.000000 0.000000 0.000000 0.000000 0.000000 21.965546 78.541679 78.541679 78.541679 
0.000000 0.000000 0.000000 0.000000 0.000000 0.000000 0.000000 0.000000 0.000000 0.000000 78.541679 78.541679 78.541679 
