test/output/constant/M370_S060_A090_WD315.0_WS015.0/M370_S060_A090_WD315.0_WS015.0_arrival.asc
ncols         13
nrows         47
xllcorner     426503.990666
yllcorner     12744155.311160
cellsize      100.000000
NODATA_value  0.000000
166.038933 166.000000 166.012276 0.000000 0.000000 0.000000 0.000000 0.000000 0.000000 0.000000 0.000000 0.000000 0.000000 
166.026306 166.000702 166.002105 166.031568 0.000000 0.000000 0.000000 0.000000 0.000000 0.000000 0.000000 0.000000 0.000000 
166.023500 166.001403 166.002105 166.015433 0.000000 0.000000 0.000000 0.000000 0.000000 0.000000 0.000000 0.000000 0.000000 
166.024202 166.002455 166.002455 166.008418 166.032620 0.000000 0.000000 0.000000 0.000000 0.000000 0.000000 0.000000 0.000000 
166.025605 166.003858 166.003508 166.006314 166.021747 0.000000 0.000000 0.000000 0.000000 0.000000 0.000000 0.000000 0.000000 
166.028060 166.005963 166.004209 166.005612 166.015433 166.037881 0.000000 0.000000 0.000000 0.000000 0.000000 0.000000 0.000000 
166.030515 166.007717 166.005261 166.005612 166.011575 166.028762 0.000000 0.000000 0.000000 0.000000 0.000000 0.000000 0.000000 
166.032620 166.010172 166.005963 166.005963 166.010172 166.022097 0.000000 0.000000 0.000000 0.000000 0.000000 0.000000 0.000000 
166.035075 166.012276 166.007015 166.007015 166.009470 166.017888 166.035426 0.000000 0.000000 0.000000 0.000000 0.000000 0.000000 
166.037180 166.014381 166.008418 166.007717 166.009470 166.015433 166.029112 0.000000 0.000000 0.000000 0.000000 0.000000 0.000000 
166.039635 166.016836 166.009821 166.008769 166.009470 166.014381 166.024553 0.000000 0.000000 0.000000 0.000000 0.000000 0.000000 
0.000000 166.018941 166.011575 166.009821 166.009821 166.013329 166.021396 166.035777 0.000000 0.000000 0.000000 0.000000 0.000000 
0.000000 166.021396 166.013329 166.010523 166.010523 166.013329 166.019291 166.031217 0.000000 0.000000 0.000000 0.000000 0.000000 
0.000000 166.023851 166.015082 166.011575 166.011575 166.013329 166.018239 166.027709 0.000000 0.000000 0.000000 0.000000 0.000000 
0.000000 166.025956 166.017187 166.012978 166.012276 166.013329 166.017538 166.024903 166.037881 0.000000 0.000000 0.000000 0.000000 
0.000000 166.028411 166.019291 166.014381 166.013329 166.013679 166.016836 166.023150 166.034023 0.000000 0.000000 0.000000 0.000000 
0.000000 166.030866 166.021045 166.015784 166.014381 166.014381 166.016836 166.022097 166.030866 0.000000 0.000000 0.000000 0.000000 
0.000000 166.032971 166.023150 166.017538 166.015082 166.015082 166.016836 166.021396 166.028762 166.040687 0.000000 0.000000 0.000000 
0.000000 166.035426 166.025254 166.018941 166.016135 166.016135 166.017187 166.020694 166.027008 166.037180 0.000000 0.000000 0.000000 
0.000000 166.037881 166.027359 166.020694 166.017538 166.016836 166.017538 166.020694 166.025956 166.034724 0.000000 0.000000 0.000000 
0.000000 166.039986 166.029814 166.022799 166.018941 166.017888 166.017888 166.020694 166.025254 166.032620 0.000000 0.000000 0.000000 
0.000000 0.000000 166.031918 166.024553 166.020344 166.018941 166.018941 166.020694 166.024553 166.030866 166.040687 0.000000 0.000000 
0.000000 0.000000 166.034023 166.026657 166.021747 166.019642 166.019642 166.020694 166.024202 166.030165 166.038232 0.000000 0.000000 
0.000000 0.000000 166.036478 166.028411 166.023500 166.020694 166.020694 166.021396 166.024202 166.029463 166.036478 0.000000 0.000000 
0.000000 0.000000 166.038583 166.030515 166.024903 166.022097 166.021396 166.021747 166.024202 166.028762 166.035075 0.000000 0.000000 
0.000000 0.000000 166.041038 166.032620 166.026657 166.023150 166.022448 166.022448 166.024553 166.028060 166.034023 0.000000 0.000000 
0.000000 0.000000 0.000000 166.034724 166.028411 166.024553 166.023500 166.023150 166.024553 166.028060 166.033321 166.040336 0.000000 
0.000000 0.000000 0.000000 166.036478 166.030165 166.026306 166.024202 166.024202 166.024903 166.028060 166.032620 166.038933 0.000000 
0.000000 0.000000 0.000000 166.038583 166.031918 166.027709 166.025254 166.025254 166.025605 166.028060 166.032269 166.038232 0.000000 
0.000000 0.000000 0.000000 166.040687 166.034023 166.029463 166.026657 166.025956 166.026306 166.028060 166.031918 166.037180 0.000000 
0.000000 0.000000 0.000000 0.000000 166.036127 166.030866 166.028060 166.027008 166.027008 166.028411 166.031568 166.036478 0.000000 
0.000000 0.000000 0.000000 0.000000 166.037881 166.032620 166.029112 166.028060 166.027709 166.028762 166.031568 166.036127 0.000000 
0.000000 0.000000 0.000000 0.000000 166.039986 166.034023 166.030515 166.028762 166.028762 166.029112 166.031918 166.035426 166.041038 
0.000000 0.000000 0.000000 0.000000 0.000000 166.035777 166.032269 166.030165 166.029814 166.029814 166.031918 166.035426 166.040336 
0.000000 0.000000 0.000000 0.000000 0.000000 166.037530 166.033672 166.031217 166.030515 166.030866 166.032269 166.035426 166.039986 
0.000000 0.000000 0.000000 0.000000 0.000000 166.039635 166.035075 166.032620 166.031568 166.031568 166.032620 166.035426 166.039635 
0.000000 0.000000 0.000000 0.000000 0.000000 166.041389 166.036829 166.033672 166.032620 166.032269 166.032971 166.035426 166.039284 
0.000000 0.000000 0.000000 0.000000 0.000000 0.000000 166.038583 166.035075 166.033672 166.033321 166.033672 166.035777 166.038933 
0.000000 0.000000 0.000000 0.000000 0.000000 0.000000 166.039986 166.036478 166.034724 166.034023 166.034374 166.036127 166.038933 
0.000000 0.000000 0.000000 0.000000 0.000000 0.000000 166.041667 166.037881 166.035777 166.035075 166.035075 166.036478 166.039284 
0.000000 0.000000 0.000000 0.000000 0.000000 0.000000 0.000000 166.039635 166.037180 166.036127 166.036127 166.036829 166.039284 
0.000000 0.000000 0.000000 0.000000 0.000000 0.000000 0.000000 166.041038 166.038232 166.037180 166.036829 166.037530 166.039635 
0.000000 0.000000 0.000000 0.000000 0.000000 0.000000 0.000000 0.000000 166.039635 166.038232 166.037881 166.037881 166.039635 
0.000000 0.000000 0.000000 0.000000 0.000000 0.000000 0.000000 0.000000 166.041038 166.039284 166.038583 166.038933 166.040336 
0.000000 0.000000 0.000000 0.000000 0.000000 0.000000 0.000000 0.000000 0.000000 166.040336 166.039635 166.039635 166.040687 
0.000000 0.000000 0.000000 0.000000 0.000000 0.000000 0.000000 0.000000 0.000000 166.041667 166.040687 166.040687 166.041038 
0.000000 0.000000 0.000000 0.000000 0.000000 0.000000 0.000000 0.000000 0.000000 0.000000 166.041667 166.041389 166.041667 
