test/output/constant/M390_S060_A270_WD135.0_WS005.0/M390_S060_A270_WD135.0_WS005.0_arrival.asc
ncols         12
nrows         56
xllcorner     425803.990666
yllcorner     12748755.311160
cellsize      100.000000
NODATA_value  0.000000
0.000000 0.000000 0.000000 166.041352 166.041352 166.041652 0.000000 0.000000 0.000000 0.000000 0.000000 0.000000 
0.000000 0.000000 166.041352 166.040453 166.040453 166.040753 0.000000 0.000000 0.000000 0.000000 0.000000 0.000000 
0.000000 0.000000 166.040753 166.039854 166.039854 166.039854 166.041052 0.000000 0.000000 0.000000 0.000000 0.000000 
0.000000 0.000000 166.040153 166.038955 166.038955 166.039255 166.040153 0.000000 0.000000 0.000000 0.000000 0.000000 
0.000000 166.041352 166.039554 166.038356 166.038356 166.038356 166.039255 166.041352 0.000000 0.000000 0.000000 0.000000 
0.000000 166.040753 166.038955 166.037457 166.037457 166.037756 166.038356 166.040453 0.000000 0.000000 0.000000 0.000000 
0.000000 166.040453 166.038356 166.036857 166.036857 166.036857 166.037756 166.039554 0.000000 0.000000 0.000000 0.000000 
0.000000 166.039854 166.037457 166.036258 166.035958 166.035958 166.036857 166.038655 166.041052 0.000000 0.000000 0.000000 
0.000000 166.039255 166.036857 166.035659 166.035359 166.035359 166.035958 166.037756 166.040153 0.000000 0.000000 0.000000 
0.000000 166.038655 166.036558 166.035059 166.034460 166.034460 166.035059 166.036857 166.039255 0.000000 0.000000 0.000000 
0.000000 166.038356 166.035958 166.034160 166.033861 166.033861 166.034460 166.035958 166.038356 0.000000 0.000000 0.000000 
166.041652 166.037756 166.035359 166.033561 166.032962 166.032962 166.033561 166.035059 166.037457 166.041352 0.000000 0.000000 
166.041652 166.037457 166.035059 166.032962 166.032362 166.032362 166.032662 166.034160 166.036558 166.040453 0.000000 0.000000 
166.041352 166.037157 166.034460 166.032362 166.031464 166.031464 166.031763 166.033261 166.035659 166.039554 0.000000 0.000000 
166.041052 166.036857 166.033861 166.031763 166.030864 166.030864 166.031164 166.032362 166.034760 166.038655 0.000000 0.000000 
166.041052 166.036558 166.033261 166.031164 166.029965 166.029965 166.030265 166.031464 166.033861 166.037756 0.000000 0.000000 
166.041052 166.036258 166.032662 166.030565 166.029366 166.029066 166.029366 166.030565 166.032962 166.036857 166.041652 0.000000 
166.040753 166.036258 166.032362 166.029965 166.028767 166.028467 166.028467 166.029965 166.032063 166.035958 166.040753 0.000000 
166.040753 166.035958 166.032063 166.029366 166.028167 166.027568 166.027868 166.029066 166.031464 166.035359 166.039854 0.000000 
166.040753 166.035659 166.031464 166.029066 166.027268 166.026969 166.026969 166.028167 166.030565 166.034460 166.039255 0.000000 
166.040753 166.035659 166.031164 166.028467 166.026669 166.026070 166.026369 166.027268 166.029666 166.033561 166.038356 0.000000 
166.040753 166.035359 166.030864 166.027868 166.026070 166.025470 166.025470 166.026369 166.028767 166.032662 166.037457 0.000000 
166.040753 166.035359 166.030864 166.027268 166.025470 166.024572 166.024572 166.025470 166.027868 166.031763 166.036558 0.000000 
166.041352 166.035359 166.030565 166.026969 166.024871 166.023972 166.023972 166.024871 166.026969 166.030864 166.035659 0.000000 
166.041652 166.035359 166.030265 166.026369 166.024272 166.023073 166.023073 166.023972 166.026070 166.029965 166.034760 0.000000 
0.000000 166.035359 166.030265 166.026070 166.023673 166.022474 166.022474 166.023073 166.025171 166.029066 166.033861 166.041352 
0.000000 166.035359 166.029965 166.025770 166.023073 166.021575 166.021575 166.022174 166.024272 166.028167 166.032962 166.040753 
0.000000 166.035659 166.029965 166.025470 166.022474 166.020976 166.020976 166.021275 166.023373 166.027268 166.032063 166.040153 
0.000000 166.035958 166.029965 166.025171 166.021875 166.020376 166.020077 166.020376 166.022474 166.026369 166.031164 166.039554 
0.000000 166.036558 166.029965 166.024871 166.021575 166.019777 166.019477 166.019777 166.021575 166.025470 166.030265 166.039255 
0.000000 166.037457 166.029965 166.024871 166.020976 166.018878 166.018578 166.018878 166.020676 166.024572 166.029666 166.038655 
0.000000 166.038356 166.029965 166.024572 166.020376 166.018279 166.017979 166.017979 166.019777 166.023673 166.028767 166.038056 
0.000000 166.039255 166.030565 166.024572 166.020077 166.017680 166.017080 166.017080 166.018878 166.022774 166.028167 166.037457 
0.000000 166.040753 166.031164 166.024572 166.019777 166.017080 166.016481 166.016481 166.017979 166.021875 166.027268 166.037157 
0.000000 0.000000 166.031763 166.024572 166.019477 166.016481 166.015582 166.015582 166.017080 166.020976 166.026669 166.036857 
0.000000 0.000000 166.032662 166.024572 166.019477 166.016181 166.014983 166.014983 166.016181 166.020077 166.026070 166.036558 
0.000000 0.000000 166.033861 166.024871 166.019178 166.015582 166.014084 166.014084 166.015282 166.019178 166.025470 166.036258 
0.000000 0.000000 166.035059 166.025171 166.019178 166.014983 166.013484 166.013484 166.014383 166.018279 166.024871 166.035958 
0.000000 0.000000 166.036857 166.026070 166.019178 166.014683 166.012585 166.012585 166.013484 166.017380 166.024272 166.035659 
0.000000 0.000000 166.038356 166.027268 166.019178 166.014084 166.011986 166.011986 166.012585 166.016481 166.023673 166.035659 
0.000000 0.000000 166.040453 166.028167 166.019178 166.014084 166.011387 166.011087 166.011686 166.015582 166.023073 166.035659 
0.000000 0.000000 0.000000 166.029666 166.019777 166.013784 166.010787 166.010488 166.010787 166.014683 166.022774 166.035659 
0.000000 0.000000 0.000000 166.031464 166.020376 166.013784 166.010188 166.009589 166.009889 166.013784 166.022474 166.035958 
0.000000 0.000000 0.000000 166.033561 166.021575 166.013784 166.009589 166.008690 166.009289 166.012885 166.022174 166.036258 
0.000000 0.000000 0.000000 166.036558 166.023073 166.013784 166.008990 166.008091 166.008390 166.011986 166.021875 166.036558 
0.000000 0.000000 0.000000 166.040153 166.024572 166.014084 166.008690 166.007192 166.007491 166.011087 166.021575 166.037457 
0.000000 0.000000 0.000000 0.000000 166.026969 166.014683 166.008390 166.006592 166.006592 166.010188 166.021575 166.038655 
0.000000 0.000000 0.000000 0.000000 166.029965 166.016181 166.008390 166.005693 166.005693 166.009589 166.021575 166.040153 
0.000000 0.000000 0.000000 0.000000 166.033861 166.017680 166.008390 166.005094 166.005094 166.008990 166.022174 0.000000 
0.000000 0.000000 0.000000 0.000000 166.039854 166.020077 166.008390 166.004195 166.004195 166.008390 166.022474 0.000000 
0.000000 0.000000 0.000000 0.000000 0.000000 166.023673 166.009289 166.003596 166.003596 166.007791 166.023673 0.000000 
0.000000 0.000000 0.000000 0.000000 0.000000 166.029666 166.010787 166.002997 166.002697 166.007791 166.026070 0.000000 
0.000000 0.000000 0.000000 0.000000 0.000000 166.038955 166.013784 166.002997 166.002098 166.007491 166.030565 0.000000 
0.000000 0.000000 0.000000 0.000000 0.000000 0.000000 166.019777 166.002997 166.001199 166.007791 166.037457 0.000000 
0.000000 0.000000 0.000000 0.000000 0.000000 0.000000 166.032962 166.003895 166.000599 166.009889 0.000000 0.000000 
0.000000 0.000000 0.000000 0.000000 0.000000 0.000000 0.000000 166.011986 166.000000 166.018578 0.000000 0.000000 
