test/output/constant/M395_S060_A000_WD270.0_WS010.0/M395_S060_A000_WD270.0_WS010.0_arrival.asc
ncols         42
nrows         11
xllcorner     422603.990666
yllcorner     12748255.311160
cellsize      100.000000
NODATA_value  0.000000
0.000000 0.000000 0.000000 0.000000 0.000000 0.000000 0.000000 0.000000 0.000000 0.000000 166.041667 166.040886 166.040473 166.039647 166.039234 166.038408 166.037995 166.037169 166.037169 166.037169 166.037169 166.037169 166.037169 166.037169 166.037582 166.037995 166.038408 166.039234 166.040060 166.041667 0.000000 0.000000 0.000000 0.000000 0.000000 0.000000 0.000000 0.000000 0.000000 0.000000 0.000000 0.000000 
0.000000 0.000000 0.000000 0.000000 0.000000 166.041667 166.040886 166.039647 166.039234 166.038408 166.037582 166.036756 166.035930 166.035104 166.034278 166.033865 166.033039 166.032213 166.031387 166.030974 166.030148 166.029735 166.029322 166.028909 166.028909 166.028909 166.028909 166.028909 166.029322 166.029735 166.030561 166.031387 166.033039 166.035104 166.038408 0.000000 0.000000 0.000000 0.000000 0.000000 0.000000 0.000000 
0.000000 0.000000 0.000000 166.040886 166.040060 166.038821 166.037995 166.037169 166.036343 166.035104 166.034278 166.033452 166.032213 166.031387 166.030561 166.029735 166.028909 166.028083 166.027258 166.026432 166.025606 166.024780 166.023954 166.023541 166.022715 166.021889 166.021476 166.021063 166.020650 166.020650 166.020650 166.021063 166.021476 166.021889 166.023128 166.024780 166.028496 166.032626 166.039647 0.000000 0.000000 0.000000 
0.000000 166.041299 166.040060 166.039234 166.037995 166.037169 166.035930 166.035104 166.034278 166.033039 166.032213 166.031387 166.030148 166.029322 166.028083 166.027258 166.026432 166.025193 166.024367 166.023128 166.022302 166.021476 166.020650 166.019411 166.018585 166.017759 166.016933 166.016107 166.015281 166.014455 166.014042 166.013216 166.012803 166.012390 166.012390 166.012803 166.013216 166.014868 166.018585 166.023954 166.034691 0.000000 
166.041299 166.040060 166.039234 166.037995 166.037169 166.035930 166.035104 166.033865 166.033039 166.031800 166.030974 166.029735 166.028909 166.027670 166.026845 166.025606 166.024780 166.023541 166.022715 166.021476 166.020650 166.019824 166.018585 166.017759 166.016520 166.015694 166.014455 166.013629 166.012803 166.011564 166.010738 166.009499 166.008673 166.007434 166.006608 166.005782 166.004956 166.004543 166.004130 166.004543 166.008673 166.028083 
166.040886 166.040060 166.038821 166.037995 166.036756 166.035930 166.034691 166.033865 166.032626 166.031800 166.030561 166.029735 166.028496 166.027670 166.026432 166.025606 166.024367 166.023541 166.022302 166.021476 166.020237 166.019411 166.018172 166.017346 166.016107 166.015281 166.014042 166.013216 166.011977 166.011151 166.009912 166.009086 166.007847 166.007021 166.005782 166.004956 166.003717 166.002891 166.001652 166.000826 166.000000 166.018998 
166.041299 166.040060 166.039234 166.037995 166.037169 166.035930 166.035104 166.033865 166.033039 166.031800 166.030974 166.029735 166.028909 166.027670 166.026845 166.025606 166.024780 166.023541 166.022715 166.021476 166.020650 166.019824 166.018585 166.017759 166.016520 166.015694 166.014455 166.013629 166.012803 166.011564 166.010738 166.009499 166.008673 166.007434 166.006608 166.005782 166.004956 166.004543 166.004130 166.004543 166.008673 166.028083 
0.000000 166.041299 166.040060 166.039234 166.037995 166.037169 166.035930 166.035104 166.034278 166.033039 166.032213 166.031387 166.030148 166.029322 166.028083 166.027258 166.026432 166.025193 166.024367 166.023128 166.022302 166.021476 166.020650 166.019411 166.018585 166.017759 166.016933 166.016107 166.015281 166.014455 166.014042 166.013216 166.012803 166.012390 166.012390 166.012803 166.013216 166.014868 166.018585 166.023954 166.034691 0.000000 
0.000000 0.000000 0.000000 166.040886 166.040060 166.038821 166.037995 166.037169 166.036343 166.035104 166.034278 166.033452 166.032213 166.031387 166.030561 166.029735 166.028909 166.028083 166.027258 166.026432 166.025606 166.024780 166.023954 166.023541 166.022715 166.021889 166.021476 166.021063 166.020650 166.020650 166.020650 166.021063 166.021476 166.021889 166.023128 166.024780 166.028496 166.032626 166.039647 0.000000 0.000000 0.000000 
0.000000 0.000000 0.000000 0.000000 0.000000 166.041667 166.040886 166.039647 166.039234 166.038408 166.037582 166.036756 166.035930 166.035104 166.034278 166.033865 166.033039 166.032213 166.031387 166.030974 166.030148 166.029735 166.029322 166.028909 166.028909 166.028909 166.028909 166.028909 166.029322 166.029735 166.030561 166.031387 166.033039 166.035104 166.038408 0.000000 0.000000 0.000000 0.000000 0.000000 0.000000 0.000000 
0.000000 0.000000 0.000000 0.000000 0.000000 0.000000 0.000000 0.000000 0.000000 0.000000 166.041667 166.040886 166.040473 166.039647 166.039234 166.038408 166.037995 166.037169 166.037169 166.037169 166.037169 166.037169 166.037169 166.037169 166.037582 166.037995 166.038408 166.039234 166.040060 166.041667 0.000000 0.000000 0.000000 0.000000 0.000000 0.000000 0.000000 0.000000 0.000000 0.000000 0.000000 0.000000 
