test/output/constant/M180_S060_A090_WD000.0_WS030.0/M180_S060_A090_WD000.0_WS030.0_arrival.asc
ncols         7
nrows         37
xllcorner     426303.990666
yllcorner     12745155.311160
cellsize      100.000000
NODATA_value  0.000000
0.000000 0.000000 0.000000 166.000000 0.000000 0.000000 0.000000 
0.000000 0.000000 166.017261 166.000933 166.017261 0.000000 0.000000 
0.000000 0.000000 166.010730 166.001866 166.010730 0.000000 0.000000 
0.000000 0.000000 166.008864 166.003266 166.008864 0.000000 0.000000 
0.000000 0.000000 166.008397 166.004199 166.008397 0.000000 0.000000 
0.000000 166.037322 166.008397 166.005598 166.008397 166.037322 0.000000 
0.000000 166.032190 166.009331 166.006531 166.009331 166.032190 0.000000 
0.000000 166.029858 166.010264 166.007931 166.010264 166.029858 0.000000 
0.000000 166.027992 166.011197 166.008864 166.011197 166.027992 0.000000 
0.000000 166.026592 166.012130 166.010264 166.012130 166.026592 0.000000 
0.000000 166.025659 166.013063 166.011197 166.013063 166.025659 0.000000 
0.000000 166.025659 166.013996 166.012596 166.013996 166.025659 0.000000 
0.000000 166.025192 166.015395 166.013529 166.015395 166.025192 0.000000 
0.000000 166.025192 166.016328 166.014929 166.016328 166.025192 0.000000 
0.000000 166.025192 166.017728 166.015862 166.017728 166.025192 0.000000 
0.000000 166.026125 166.018661 166.017261 166.018661 166.026125 0.000000 
0.000000 166.026592 166.019594 166.018195 166.019594 166.026592 0.000000 
0.000000 166.027525 166.020994 166.019594 166.020994 166.027525 0.000000 
0.000000 166.028458 166.021927 166.020527 166.021927 166.028458 0.000000 
0.000000 166.029391 166.023326 166.021927 166.023326 166.029391 0.000000 
0.000000 166.029858 166.024259 166.022860 166.024259 166.029858 0.000000 
166.041667 166.030791 166.025659 166.024259 166.025659 166.030791 166.041667 
166.041667 166.031724 166.026592 166.025192 166.026592 166.031724 166.041667 
0.000000 166.032657 166.027525 166.026592 166.027525 166.032657 0.000000 
0.000000 166.033590 166.028925 166.027525 166.028925 166.033590 0.000000 
0.000000 166.034523 166.029858 166.028925 166.029858 166.034523 0.000000 
0.000000 166.035456 166.031257 166.029858 166.031257 166.035456 0.000000 
0.000000 166.036389 166.032190 166.031257 166.032190 166.036389 0.000000 
0.000000 166.037322 166.033590 166.032190 166.033590 166.037322 0.000000 
0.000000 166.038722 166.034523 166.033590 166.034523 166.038722 0.000000 
0.000000 166.039655 166.035923 166.034523 166.035923 166.039655 0.000000 
0.000000 166.040588 166.036856 166.035923 166.036856 166.040588 0.000000 
0.000000 166.041521 166.038255 166.036856 166.038255 166.041521 0.000000 
0.000000 0.000000 166.039188 166.038255 166.039188 0.000000 0.000000 
0.000000 0.000000 166.040588 166.039188 166.040588 0.000000 0.000000 
0.000000 0.000000 166.041521 166.040588 166.041521 0.000000 0.000000 
0.000000 0.000000 0.000000 166.041521 0.000000 0.000000 0.000000 
