test/output/constant/M390_S060_A270_WD135.0_WS010.0/M390_S060_A270_WD135.0_WS010.0_ros.asc
ncols         14
nrows         58
xllcorner     425503.990666
yllcorner     12748755.311160
cellsize      100.000000
NODATA_value  0.000000
0.000000 0.000000 96.084328 96.084328 0.000000 0.000000 0.000000 0.000000 0.000000 0.000000 0.000000 0.000000 0.000000 0.000000 
0.000000 96.084328 96.084328 93.828835 96.084328 0.000000 0.000000 0.000000 0.000000 0.000000 0.000000 0.000000 0.000000 0.000000 
0.000000 96.084328 96.084328 96.084328 90.637070 42.374756 0.000000 0.000000 0.000000 0.000000 0.000000 0.000000 0.000000 0.000000 
0.000000 95.928703 96.084328 86.173378 90.637070 66.673615 0.000000 0.000000 0.000000 0.000000 0.000000 0.000000 0.000000 0.000000 
0.000000 96.084328 96.084328 96.084328 96.084328 50.613678 58.796124 0.000000 0.000000 0.000000 0.000000 0.000000 0.000000 0.000000 
0.000000 96.084328 96.084328 96.084328 50.613678 58.796124 50.613678 0.000000 0.000000 0.000000 0.000000 0.000000 0.000000 0.000000 
0.000000 96.084328 96.084328 96.084328 96.084328 58.796124 58.796124 93.828835 0.000000 0.000000 0.000000 0.000000 0.000000 0.000000 
96.084328 96.084328 96.084328 96.084328 58.796124 96.084328 96.084328 50.613678 0.000000 0.000000 0.000000 0.000000 0.000000 0.000000 
96.084328 85.634079 96.084328 96.084328 80.573303 58.796124 80.573303 50.613678 0.000000 0.000000 0.000000 0.000000 0.000000 0.000000 
93.554977 90.223969 96.084328 96.084328 96.084328 58.796124 50.613678 58.796124 50.613678 0.000000 0.000000 0.000000 0.000000 0.000000 
96.084328 95.525803 96.084328 96.084328 96.084328 86.173378 50.613678 58.796124 58.796124 0.000000 0.000000 0.000000 0.000000 0.000000 
93.554977 96.084328 96.084328 96.084328 96.084328 96.084328 80.573303 50.613678 42.374756 0.000000 0.000000 0.000000 0.000000 0.000000 
96.084328 96.084328 96.084328 96.084328 96.084328 96.084328 19.784109 58.796124 58.796124 0.000000 0.000000 0.000000 0.000000 0.000000 
73.269958 96.084328 96.084328 96.084328 96.084328 96.084328 96.084328 58.796124 58.796124 58.796124 0.000000 0.000000 0.000000 0.000000 
96.084328 96.084328 85.634079 96.084328 96.084328 58.796124 58.796124 50.613678 93.828835 58.796124 0.000000 0.000000 0.000000 0.000000 
0.000000 90.223969 93.554977 96.084328 96.084328 96.084328 96.084328 58.796124 34.329544 19.784109 0.000000 0.000000 0.000000 0.000000 
0.000000 96.084328 96.084328 96.084328 96.084328 86.173378 58.796124 34.329544 26.722338 34.329544 0.000000 0.000000 0.000000 0.000000 
0.000000 73.269958 96.084328 96.084328 96.084328 96.084328 96.084328 50.613678 58.796124 74.006912 58.796124 0.000000 0.000000 0.000000 
0.000000 93.554977 96.084328 96.084328 96.084328 96.084328 58.796124 50.613678 58.796124 80.573303 50.613678 0.000000 0.000000 0.000000 
0.000000 96.084328 96.084328 90.223969 96.084328 96.084328 96.084328 26.722338 66.673615 58.796124 58.796124 0.000000 0.000000 0.000000 
0.000000 65.871666 90.223969 93.554977 96.084328 96.084328 96.084328 50.613678 26.722338 58.796124 50.613678 0.000000 0.000000 0.000000 
0.000000 73.269958 85.634079 96.084328 96.084328 96.084328 80.573303 80.573303 58.796124 50.613678 58.796124 42.374756 0.000000 0.000000 
0.000000 65.871666 65.871666 96.084328 96.084328 96.084328 96.084328 80.573303 58.796124 58.796124 50.613678 58.796124 0.000000 0.000000 
0.000000 65.871666 96.084328 93.554977 96.084328 96.084328 96.084328 50.613678 26.722338 74.006912 58.796124 26.722338 0.000000 0.000000 
0.000000 65.871666 96.084328 95.928703 95.928703 96.084328 96.084328 90.637070 58.796124 34.329544 26.722338 58.796124 0.000000 0.000000 
0.000000 4.791258 73.269958 96.084328 90.223969 96.084328 96.084328 50.613678 19.784109 50.613678 34.329544 50.613678 0.000000 0.000000 
0.000000 65.871666 65.871666 65.871666 96.084328 96.084328 96.084328 96.084328 96.084328 58.796124 58.796124 42.374756 0.000000 0.000000 
0.000000 0.000000 4.791258 90.223969 96.084328 96.084328 96.084328 50.613678 58.796124 42.374756 58.796124 50.613678 0.000000 0.000000 
0.000000 0.000000 65.871666 93.554977 96.084328 96.084328 96.084328 96.084328 96.084328 26.722338 34.329544 58.796124 0.000000 0.000000 
0.000000 0.000000 65.871666 95.928703 95.928703 96.084328 96.084328 96.084328 58.796124 58.796124 58.796124 42.374756 58.796124 0.000000 
0.000000 0.000000 73.269958 4.791258 65.871666 93.554977 96.084328 96.084328 42.374756 50.613678 58.796124 58.796124 50.613678 0.000000 
0.000000 0.000000 8.363758 65.871666 96.084328 96.084328 95.525803 96.084328 34.329544 58.796124 58.796124 50.613678 50.613678 0.000000 
0.000000 0.000000 65.871666 65.871666 90.223969 96.084328 96.084328 96.084328 90.637070 34.329544 26.722338 42.374756 50.613678 0.000000 
0.000000 0.000000 0.000000 2.474146 65.871666 73.269958 96.084328 96.084328 96.084328 50.613678 42.374756 50.613678 58.796124 0.000000 
0.000000 0.000000 0.000000 1.259645 73.269958 96.084328 96.084328 96.084328 86.173378 34.329544 42.374756 58.796124 50.613678 0.000000 
0.000000 0.000000 0.000000 73.269958 73.269958 73.269958 90.223969 96.084328 96.084328 42.374756 58.796124 34.329544 19.784109 0.000000 
0.000000 0.000000 0.000000 65.871666 4.791258 65.871666 96.084328 96.084328 96.084328 96.084328 34.329544 58.796124 42.374756 0.000000 
0.000000 0.000000 0.000000 65.871666 65.871666 65.871666 96.084328 96.084328 96.084328 50.613678 50.613678 58.796124 58.796124 0.000000 
0.000000 0.000000 0.000000 0.000000 73.269958 65.871666 95.525803 96.084328 96.084328 50.613678 58.796124 42.374756 50.613678 0.000000 
0.000000 0.000000 0.000000 0.000000 65.871666 65.871666 65.871666 96.084328 96.084328 86.173378 58.796124 50.613678 50.613678 0.000000 
0.000000 0.000000 0.000000 0.000000 1.259645 65.871666 65.871666 96.084328 96.084328 96.084328 42.374756 58.796124 50.613678 50.613678 
0.000000 0.000000 0.000000 0.000000 65.871666 65.871666 65.871666 96.084328 96.084328 96.084328 50.613678 58.796124 19.784109 50.613678 
0.000000 0.000000 0.000000 0.000000 57.954971 65.871666 73.269958 90.223969 96.084328 96.084328 50.613678 42.374756 26.722338 50.613678 
0.000000 0.000000 0.000000 0.000000 0.000000 4.791258 65.871666 96.084328 96.084328 96.084328 50.613678 50.613678 58.796124 50.613678 
0.000000 0.000000 0.000000 0.000000 0.000000 65.871666 4.791258 65.871666 93.554977 96.084328 96.084328 19.784109 34.329544 50.613678 
0.000000 0.000000 0.000000 0.000000 0.000000 65.871666 65.871666 4.791258 96.084328 96.084328 74.006912 42.374756 58.796124 26.722338 
0.000000 0.000000 0.000000 0.000000 0.000000 0.000000 65.871666 4.791258 90.223969 96.084328 96.084328 58.796124 58.796124 42.374756 
0.000000 0.000000 0.000000 0.000000 0.000000 0.000000 65.871666 73.269958 96.084328 96.084328 50.613678 58.796124 42.374756 50.613678 
0.000000 0.000000 0.000000 0.000000 0.000000 0.000000 65.871666 65.871666 2.474146 96.084328 96.084328 50.613678 50.613678 19.784109 
0.000000 0.000000 0.000000 0.000000 0.000000 0.000000 65.871666 2.474146 8.363758 93.554977 96.084328 26.722338 19.784109 34.329544 
0.000000 0.000000 0.000000 0.000000 0.000000 0.000000 0.000000 65.871666 73.269958 96.084328 96.084328 58.796124 42.374756 19.784109 
0.000000 0.000000 0.000000 0.000000 0.000000 0.000000 0.000000 1.259645 65.871666 90.223969 96.084328 50.613678 50.613678 26.722338 
0.000000 0.000000 0.000000 0.000000 0.000000 0.000000 0.000000 2.474146 65.871666 65.871666 96.084328 42.374756 50.613678 19.784109 
0.000000 0.000000 0.000000 0.000000 0.000000 0.000000 0.000000 0.000000 65.871666 65.871666 96.084328 95.991859 26.722338 19.784109 
0.000000 0.000000 0.000000 0.000000 0.000000 0.000000 0.000000 0.000000 57.954971 2.474146 79.924881 96.084328 19.784109 0.000000 
0.000000 0.000000 0.000000 0.000000 0.000000 0.000000 0.000000 0.000000 0.000000 4.791258 95.525803 96.084328 26.722338 0.000000 
0.000000 0.000000 0.000000 0.000000 0.000000 0.000000 0.000000 0.000000 0.000000 1.259645 4.791258 96.084328 26.722338 0.000000 
0.000000 0.000000 0.000000 0.000000 0.000000 0.000000 0.000000 0.000000 0.000000 0.000000 1.259645 -1.000000 1.066736 0.000000 
