test/output/constant/M360_S060_A180_WD135.0_WS015.0/M360_S060_A180_WD135.0_WS015.0_arrival.asc
ncols         24
nrows         12
xllcorner     426503.990666
yllcorner     12748655.311160
cellsize      100.000000
NODATA_value  0.000000
0.000000 0.000000 0.000000 0.000000 0.000000 0.000000 0.000000 0.000000 0.000000 0.000000 0.000000 0.000000 0.000000 0.000000 0.000000 0.000000 0.000000 166.041667 166.041448 166.040757 166.040757 166.040757 166.041667 0.000000 
0.000000 0.000000 0.000000 0.000000 0.000000 0.000000 0.000000 0.000000 0.000000 0.000000 0.000000 0.000000 0.000000 166.041448 166.039375 166.037994 166.037303 166.036612 166.036612 166.036612 166.037303 166.038685 166.040066 166.041448 
0.000000 0.000000 0.000000 0.000000 0.000000 0.000000 0.000000 0.000000 0.000000 0.000000 0.000000 166.038685 166.035231 166.033849 166.032467 166.032467 166.032467 166.032467 166.033158 166.034540 166.035921 166.037994 166.039375 166.041448 
0.000000 0.000000 0.000000 0.000000 0.000000 0.000000 0.000000 0.000000 166.041448 166.035921 166.031777 166.029704 166.028323 166.028323 166.028323 166.028323 166.029013 166.030395 166.032467 166.033849 166.035921 166.037994 166.040066 0.000000 
0.000000 0.000000 0.000000 0.000000 0.000000 0.000000 166.041667 166.033849 166.029013 166.026250 166.024178 166.024178 166.023487 166.024178 166.024869 166.026250 166.028323 166.030395 166.031777 166.033849 166.036612 166.038685 166.041448 0.000000 
0.000000 0.000000 0.000000 0.000000 0.000000 166.034540 166.026941 166.022796 166.020724 166.019342 166.019342 166.020033 166.020724 166.022796 166.024178 166.026250 166.028323 166.030395 166.033158 166.035921 166.038685 166.041448 0.000000 0.000000 
0.000000 0.000000 0.000000 166.039375 166.026941 166.020033 166.016579 166.015198 166.015198 166.015888 166.016579 166.018652 166.020724 166.022106 166.024869 166.026941 166.029704 166.033158 166.035921 166.039375 0.000000 0.000000 0.000000 0.000000 
0.000000 0.000000 166.033158 166.019342 166.013125 166.011053 166.011053 166.011053 166.013125 166.014507 166.016579 166.018652 166.021415 166.024178 166.026941 166.030395 166.033849 166.037303 166.041448 0.000000 0.000000 0.000000 0.000000 0.000000 
0.000000 166.027632 166.011744 166.006908 166.006908 166.006908 166.008980 166.011053 166.013125 166.015198 166.017961 166.021415 166.024869 166.028323 166.032467 166.036612 166.040757 0.000000 0.000000 0.000000 0.000000 0.000000 0.000000 0.000000 
166.033849 166.004836 166.002763 166.003454 166.004836 166.006908 166.008980 166.012434 166.015888 166.020033 166.023487 166.027632 166.032467 166.036612 166.041448 0.000000 0.000000 0.000000 0.000000 0.000000 0.000000 0.000000 0.000000 0.000000 
166.024869 166.000000 166.001382 166.003454 166.006908 166.011053 166.015198 166.020033 166.024869 166.029704 166.033849 166.038685 0.000000 0.000000 0.000000 0.000000 0.000000 0.000000 0.000000 0.000000 0.000000 0.000000 0.000000 0.000000 
166.037994 166.022106 166.020724 166.022796 166.026250 166.031086 166.035231 166.040066 0.000000 0.000000 0.000000 0.000000 0.000000 0.000000 0.000000 0.000000 0.000000 0.000000 0.000000 0.000000 0.000000 0.000000 0.000000 0.000000 
