test/output/constant/M3M490_S060_A270_WD090.0_WS005.0/M3M490_S060_A270_WD090.0_WS005.0_arrival.asc
ncols         12
nrows         50
xllcorner     425703.990666
yllcorner     12748655.311160
cellsize      100.000000
NODATA_value  0.000000
0.000000 0.000000 166.041057 166.041057 166.041057 0.000000 0.000000 0.000000 0.000000 0.000000 0.000000 0.000000 
0.000000 166.041667 166.040379 166.040039 166.040039 166.040718 0.000000 0.000000 0.000000 0.000000 0.000000 0.000000 
0.000000 166.041057 166.039700 166.039361 166.039361 166.040039 166.041667 0.000000 0.000000 0.000000 0.000000 0.000000 
0.000000 166.040718 166.039022 166.038343 166.038343 166.039022 166.040379 0.000000 0.000000 0.000000 0.000000 0.000000 
0.000000 166.040039 166.038343 166.037664 166.037664 166.038004 166.039361 0.000000 0.000000 0.000000 0.000000 0.000000 
0.000000 166.039361 166.037664 166.036646 166.036646 166.036986 166.038343 166.040718 0.000000 0.000000 0.000000 0.000000 
166.041667 166.039022 166.036986 166.035968 166.035968 166.035968 166.037325 166.039700 0.000000 0.000000 0.000000 0.000000 
166.041397 166.038343 166.036307 166.035289 166.034950 166.035289 166.036307 166.038682 166.041667 0.000000 0.000000 0.000000 
166.041397 166.038004 166.035628 166.034271 166.034271 166.034271 166.035289 166.037325 166.040379 0.000000 0.000000 0.000000 
166.041057 166.037664 166.035289 166.033592 166.033253 166.033253 166.034271 166.036307 166.039361 0.000000 0.000000 0.000000 
166.041057 166.036986 166.034610 166.032914 166.032574 166.032574 166.033253 166.035289 166.038004 0.000000 0.000000 0.000000 
166.041057 166.036646 166.033932 166.032235 166.031557 166.031557 166.032235 166.034271 166.036986 166.041057 0.000000 0.000000 
166.041057 166.036646 166.033592 166.031557 166.030539 166.030539 166.031217 166.032914 166.035968 166.039700 0.000000 0.000000 
166.041057 166.036307 166.032914 166.030878 166.029860 166.029860 166.030199 166.031896 166.034610 166.038682 0.000000 0.000000 
166.041057 166.036307 166.032574 166.030199 166.029181 166.028842 166.029181 166.030878 166.033592 166.037325 0.000000 0.000000 
166.041057 166.036307 166.032235 166.029860 166.028163 166.028163 166.028503 166.029860 166.032574 166.036307 166.041667 0.000000 
166.041397 166.036307 166.031896 166.029181 166.027485 166.027145 166.027485 166.028842 166.031217 166.035289 166.040379 0.000000 
166.041397 166.036307 166.031557 166.028503 166.026806 166.026467 166.026467 166.027485 166.030199 166.033932 166.039361 0.000000 
166.041397 166.036307 166.031557 166.028163 166.026127 166.025449 166.025449 166.026467 166.029181 166.032914 166.038004 0.000000 
0.000000 166.036307 166.031557 166.027824 166.025449 166.024770 166.024770 166.025788 166.027824 166.031557 166.036986 0.000000 
0.000000 166.036307 166.031557 166.027145 166.024770 166.023752 166.023752 166.024431 166.026806 166.030539 166.035628 0.000000 
0.000000 166.036646 166.031557 166.027145 166.024431 166.023074 166.023074 166.023413 166.025788 166.029181 166.034610 0.000000 
0.000000 166.036986 166.031557 166.026806 166.023752 166.022056 166.022056 166.022395 166.024431 166.028163 166.033253 166.041397 
0.000000 166.037664 166.031557 166.026806 166.023413 166.021377 166.021377 166.021377 166.023413 166.026806 166.032235 166.040379 
0.000000 166.038343 166.031557 166.026806 166.022734 166.020698 166.020359 166.020698 166.022395 166.025788 166.030878 166.039361 
0.000000 166.039361 166.031896 166.026467 166.022395 166.020020 166.019341 166.019680 166.021038 166.024431 166.029860 166.038682 
0.000000 166.040718 166.032235 166.026467 166.022056 166.019341 166.018662 166.018662 166.020020 166.023413 166.028503 166.037664 
0.000000 0.000000 166.032914 166.026806 166.022056 166.019002 166.017645 166.017645 166.019002 166.022056 166.027485 166.036646 
0.000000 0.000000 166.033932 166.026806 166.021716 166.018323 166.016966 166.016966 166.017984 166.021038 166.026127 166.035628 
0.000000 0.000000 166.035289 166.027145 166.021716 166.017984 166.016287 166.015948 166.016966 166.019680 166.025110 166.034610 
0.000000 0.000000 166.036986 166.027824 166.021716 166.017305 166.015269 166.015269 166.015948 166.018662 166.024092 166.033932 
0.000000 0.000000 166.038682 166.028842 166.022056 166.017305 166.014591 166.014251 166.014930 166.017305 166.022734 166.032914 
0.000000 0.000000 166.041057 166.029860 166.022056 166.016966 166.013912 166.013573 166.013573 166.016287 166.021716 166.032235 
0.000000 0.000000 0.000000 166.031557 166.022395 166.016966 166.013573 166.012555 166.012894 166.015269 166.020698 166.031217 
0.000000 0.000000 0.000000 166.033253 166.023413 166.016966 166.012894 166.011876 166.011876 166.013912 166.019680 166.030539 
0.000000 0.000000 0.000000 166.035968 166.024431 166.016966 166.012555 166.010858 166.010858 166.012894 166.018662 166.029521 
0.000000 0.000000 0.000000 166.038682 166.026127 166.017305 166.012215 166.010180 166.010180 166.011537 166.017305 166.028842 
0.000000 0.000000 0.000000 0.000000 166.028163 166.017984 166.012215 166.009162 166.009162 166.010519 166.016287 166.028163 
0.000000 0.000000 0.000000 0.000000 166.031217 166.019002 166.012215 166.008483 166.008483 166.009501 166.015269 166.027485 
0.000000 0.000000 0.000000 0.000000 166.034610 166.021038 166.012215 166.008144 166.007465 166.008144 166.014251 166.027485 
0.000000 0.000000 0.000000 0.000000 166.039700 166.023074 166.012555 166.007465 166.006447 166.007126 166.013233 166.027485 
0.000000 0.000000 0.000000 0.000000 0.000000 166.026467 166.013912 166.007465 166.005768 166.006108 166.012215 166.027145 
0.000000 0.000000 0.000000 0.000000 0.000000 166.031557 166.015609 166.007465 166.004750 166.005090 166.011537 166.027485 
0.000000 0.000000 0.000000 0.000000 0.000000 166.038343 166.018662 166.007465 166.004072 166.004072 166.010519 166.028503 
0.000000 0.000000 0.000000 0.000000 0.000000 0.000000 166.024092 166.008483 166.003054 166.003054 166.009840 166.029860 
0.000000 0.000000 0.000000 0.000000 0.000000 0.000000 166.030878 166.010519 166.002715 166.002375 166.009501 166.032574 
0.000000 0.000000 0.000000 0.000000 0.000000 0.000000 0.000000 166.016287 166.002715 166.001357 166.009840 166.039700 
0.000000 0.000000 0.000000 0.000000 0.000000 0.000000 0.000000 166.027145 166.003054 166.000679 166.010858 0.000000 
0.000000 0.000000 0.000000 0.000000 0.000000 0.000000 0.000000 0.000000 166.010519 166.000000 166.017984 0.000000 
0.000000 0.000000 0.000000 0.000000 0.000000 0.000000 0.000000 0.000000 0.000000 166.041667 0.000000 0.000000 
