test/output/constant/M355_S060_A090_WD225.0_WS015.0/M355_S060_A090_WD225.0_WS015.0_arrival.asc
ncols         11
nrows         22
xllcorner     426503.990666
yllcorner     12746755.311160
cellsize      100.000000
NODATA_value  0.000000
166.039749 166.025990 166.035163 0.000000 0.000000 0.000000 0.000000 0.000000 0.000000 0.000000 0.000000 
166.022932 166.000000 166.004586 166.029048 0.000000 0.000000 0.000000 0.000000 0.000000 0.000000 0.000000 
166.022932 166.001529 166.003058 166.012231 166.033634 0.000000 0.000000 0.000000 0.000000 0.000000 0.000000 
166.024461 166.003822 166.003822 166.007644 166.020639 166.040514 0.000000 0.000000 0.000000 0.000000 0.000000 
166.028283 166.007644 166.005351 166.007644 166.013759 166.028283 0.000000 0.000000 0.000000 0.000000 0.000000 
166.032870 166.012231 166.007644 166.007644 166.012231 166.020639 166.035927 0.000000 0.000000 0.000000 0.000000 
166.038220 166.017581 166.010702 166.009937 166.012231 166.017581 166.028283 0.000000 0.000000 0.000000 0.000000 
0.000000 166.022168 166.013759 166.012231 166.012231 166.016817 166.023697 166.035927 0.000000 0.000000 0.000000 
0.000000 166.027519 166.017581 166.014524 166.014524 166.016817 166.022168 166.030576 0.000000 0.000000 0.000000 
0.000000 166.032870 166.022168 166.016817 166.016053 166.016817 166.021403 166.027519 166.037456 0.000000 0.000000 
0.000000 166.038220 166.026754 166.020639 166.018346 166.018346 166.021403 166.025990 166.033634 0.000000 0.000000 
0.000000 0.000000 166.031341 166.023697 166.020639 166.020639 166.021403 166.025990 166.032105 166.040514 0.000000 
0.000000 0.000000 166.035927 166.028283 166.023697 166.022932 166.022932 166.025990 166.030576 166.038220 0.000000 
0.000000 0.000000 166.041278 166.032105 166.026754 166.025225 166.025225 166.026754 166.030576 166.035927 0.000000 
0.000000 0.000000 0.000000 166.036692 166.030576 166.027519 166.026754 166.027519 166.030576 166.035163 0.000000 
0.000000 0.000000 0.000000 166.041278 166.034398 166.030576 166.029048 166.029048 166.031341 166.035163 166.040514 
0.000000 0.000000 0.000000 0.000000 166.038220 166.033634 166.031341 166.031341 166.032105 166.035163 166.039749 
0.000000 0.000000 0.000000 0.000000 0.000000 166.036692 166.034398 166.033634 166.033634 166.035927 166.039749 
0.000000 0.000000 0.000000 0.000000 0.000000 166.040514 166.036692 166.035927 166.035927 166.036692 166.039749 
0.000000 0.000000 0.000000 0.000000 0.000000 0.000000 166.039749 166.038220 166.037456 166.038220 166.040514 
0.000000 0.000000 0.000000 0.000000 0.000000 0.000000 0.000000 166.040514 166.039749 166.039749 166.041278 
0.000000 0.000000 0.000000 0.000000 0.000000 0.000000 0.000000 0.000000 166.041667 166.041667 0.000000 
