test/output/constant/M395_S060_A090_WD315.0_WS005.0/M395_S060_A090_WD315.0_WS005.0_arrival.asc
ncols         12
nrows         59
xllcorner     426303.990666
yllcorner     12742955.311160
cellsize      100.000000
NODATA_value  0.000000
0.000000 0.000000 166.017045 166.000000 166.011648 0.000000 0.000000 0.000000 0.000000 0.000000 0.000000 0.000000 
0.000000 0.000000 166.009659 166.000568 166.003693 166.031250 0.000000 0.000000 0.000000 0.000000 0.000000 0.000000 
0.000000 166.035795 166.007670 166.001136 166.002841 166.019602 0.000000 0.000000 0.000000 0.000000 0.000000 0.000000 
0.000000 166.028977 166.007102 166.001989 166.002841 166.013068 166.038068 0.000000 0.000000 0.000000 0.000000 0.000000 
0.000000 166.025000 166.007386 166.002557 166.003125 166.010511 166.028693 0.000000 0.000000 0.000000 0.000000 0.000000 
0.000000 166.023011 166.007670 166.003409 166.003409 166.008807 166.023011 0.000000 0.000000 0.000000 0.000000 0.000000 
0.000000 166.021875 166.007954 166.003977 166.003977 166.007954 166.019602 166.038636 0.000000 0.000000 0.000000 0.000000 
166.040624 166.021022 166.008523 166.004829 166.004829 166.007954 166.017045 166.032954 0.000000 0.000000 0.000000 0.000000 
166.038920 166.020738 166.009091 166.005398 166.005398 166.007954 166.015341 166.028977 0.000000 0.000000 0.000000 0.000000 
166.037215 166.020454 166.009659 166.006250 166.006250 166.007954 166.014204 166.026136 0.000000 0.000000 0.000000 0.000000 
166.036079 166.020738 166.010511 166.007102 166.006818 166.008239 166.013636 166.023579 166.038920 0.000000 0.000000 0.000000 
166.035227 166.021022 166.011363 166.007954 166.007670 166.008523 166.013068 166.022159 166.035511 0.000000 0.000000 0.000000 
166.034659 166.021307 166.012216 166.008807 166.008239 166.009091 166.013068 166.020738 166.032670 0.000000 0.000000 0.000000 
166.034374 166.021591 166.013068 166.009375 166.009091 166.009659 166.013068 166.019602 166.030397 0.000000 0.000000 0.000000 
166.033806 166.021875 166.013920 166.010227 166.009943 166.010227 166.013352 166.019034 166.028693 0.000000 0.000000 0.000000 
166.033806 166.022443 166.014773 166.011079 166.010511 166.010795 166.013352 166.018466 166.027272 166.039204 0.000000 0.000000 
166.034090 166.022727 166.015625 166.011932 166.011363 166.011363 166.013636 166.018182 166.026136 166.036931 0.000000 0.000000 
166.034374 166.023295 166.016477 166.012784 166.011932 166.011932 166.013920 166.018182 166.025000 166.035227 0.000000 0.000000 
166.034659 166.023579 166.017329 166.013636 166.012784 166.012784 166.014204 166.018466 166.024431 166.033806 0.000000 0.000000 
166.034943 166.024147 166.018182 166.014488 166.013352 166.013352 166.014773 166.018466 166.023863 166.032670 0.000000 0.000000 
166.034943 166.024716 166.019034 166.015341 166.014204 166.014204 166.015341 166.018466 166.023579 166.031534 0.000000 0.000000 
166.035511 166.025568 166.019886 166.016193 166.014773 166.014773 166.015909 166.018750 166.023579 166.030681 166.040340 0.000000 
166.035795 166.026136 166.020738 166.017045 166.015625 166.015625 166.016193 166.019034 166.023579 166.029829 166.039204 0.000000 
166.036079 166.026704 166.021591 166.017897 166.016193 166.016193 166.017045 166.019318 166.023579 166.029261 166.037784 0.000000 
166.036647 166.027556 166.022443 166.018750 166.017045 166.017045 166.017329 166.019602 166.023579 166.028977 166.036931 0.000000 
166.036931 166.028125 166.023295 166.019602 166.017897 166.017613 166.017897 166.019886 166.023863 166.028693 166.036079 0.000000 
166.037499 166.028977 166.024147 166.020454 166.018750 166.018466 166.018750 166.020454 166.023863 166.028693 166.035227 0.000000 
166.037784 166.029829 166.025000 166.021307 166.019318 166.019034 166.019318 166.021022 166.024147 166.028693 166.034943 0.000000 
166.038352 166.030397 166.025852 166.022159 166.020170 166.019886 166.019886 166.021591 166.024147 166.028693 166.034374 0.000000 
166.038920 166.031250 166.026704 166.023011 166.021022 166.020454 166.020454 166.021875 166.024431 166.028693 166.033806 166.041477 
166.039488 166.032102 166.027556 166.023863 166.021875 166.021307 166.021307 166.022443 166.024716 166.028977 166.033806 166.040908 
166.040056 166.032954 166.028409 166.024716 166.022443 166.021875 166.021875 166.023011 166.025284 166.028977 166.033806 166.040340 
166.040624 166.033806 166.029261 166.025568 166.023295 166.022727 166.022727 166.023579 166.025568 166.029261 166.033806 166.039772 
166.041193 166.034659 166.030113 166.026420 166.024147 166.023295 166.023295 166.024147 166.026136 166.029261 166.033806 166.039204 
0.000000 166.035511 166.030965 166.027272 166.025000 166.024147 166.024147 166.024716 166.026420 166.029545 166.034090 166.038920 
0.000000 166.036363 166.031818 166.028125 166.025852 166.025000 166.024716 166.025284 166.026988 166.029829 166.034090 166.038920 
0.000000 166.037215 166.032670 166.028977 166.026704 166.025568 166.025568 166.025852 166.027556 166.030113 166.034090 166.038920 
0.000000 166.038068 166.033238 166.029545 166.027556 166.026420 166.026136 166.026420 166.028125 166.030397 166.034374 166.038920 
0.000000 166.038920 166.034090 166.030397 166.028409 166.026988 166.026988 166.026988 166.028693 166.030965 166.034659 166.039204 
0.000000 166.039772 166.034943 166.031250 166.029261 166.027840 166.027556 166.027840 166.028977 166.031250 166.034659 166.039204 
0.000000 166.040624 166.035795 166.032102 166.029829 166.028693 166.028409 166.028409 166.029829 166.031818 166.034943 166.039204 
0.000000 166.041477 166.036647 166.032954 166.030681 166.029261 166.028977 166.029261 166.030113 166.032102 166.034943 166.039488 
0.000000 0.000000 166.037499 166.033806 166.031534 166.030113 166.029829 166.029829 166.030681 166.032670 166.035227 166.039488 
0.000000 0.000000 166.038352 166.034659 166.032386 166.030965 166.030681 166.030397 166.031534 166.033238 166.035795 166.039772 
0.000000 0.000000 166.039204 166.035511 166.033238 166.031818 166.031250 166.031250 166.031818 166.033806 166.036079 166.039772 
0.000000 0.000000 166.040056 166.036363 166.034090 166.032386 166.032102 166.032102 166.032386 166.034374 166.036647 166.040056 
0.000000 0.000000 166.040908 166.037215 166.034943 166.033238 166.032670 166.032670 166.033238 166.034659 166.036931 166.040056 
0.000000 0.000000 0.000000 166.038068 166.035795 166.034090 166.033522 166.033522 166.033806 166.035227 166.037499 166.040340 
0.000000 0.000000 0.000000 166.038920 166.036647 166.034943 166.034090 166.034090 166.034374 166.035795 166.037784 166.040624 
0.000000 0.000000 0.000000 166.039772 166.037499 166.035795 166.034943 166.034943 166.034943 166.036363 166.038352 166.040908 
0.000000 0.000000 0.000000 166.040624 166.038352 166.036363 166.035511 166.035511 166.035795 166.036931 166.038920 166.041477 
0.000000 0.000000 0.000000 166.041477 166.039204 166.037215 166.036363 166.036363 166.036363 166.037499 166.039204 0.000000 
0.000000 0.000000 0.000000 0.000000 166.040056 166.038068 166.037215 166.036931 166.037215 166.038068 166.040056 0.000000 
0.000000 0.000000 0.000000 0.000000 166.040908 166.038920 166.038068 166.037784 166.037784 166.038636 166.040340 0.000000 
0.000000 0.000000 0.000000 0.000000 166.041667 166.039772 166.038636 166.038352 166.038352 166.039204 166.040908 0.000000 
0.000000 0.000000 0.000000 0.000000 0.000000 166.040624 166.039488 166.039204 166.039204 166.039772 166.041477 0.000000 
0.000000 0.000000 0.000000 0.000000 0.000000 166.041477 166.040056 166.039772 166.039772 166.040624 0.000000 0.000000 
0.000000 0.000000 0.000000 0.000000 0.000000 0.000000 166.040908 166.040624 166.040624 166.040908 0.000000 0.000000 
0.000000 0.000000 0.000000 0.000000 0.000000 0.000000 166.041667 166.041193 166.041193 166.041477 0.000000 0.000000 
