test/output/constant/M395_S060_A090_WD315.0_WS005.0/M395_S060_A090_WD315.0_WS005.0_ros.asc
ncols         12
nrows         59
xllcorner     426303.990666
yllcorner     12742955.311160
cellsize      100.000000
NODATA_value  0.000000
0.000000 0.000000 0.716973 -1.000000 0.925616 0.000000 0.000000 0.000000 0.000000 0.000000 0.000000 0.000000 
0.000000 0.000000 34.693901 97.665733 67.008148 1.317518 0.000000 0.000000 0.000000 0.000000 0.000000 0.000000 
0.000000 34.693901 59.477257 97.665733 91.708122 0.925616 0.000000 0.000000 0.000000 0.000000 0.000000 0.000000 
0.000000 1.317518 34.693901 97.665733 97.093147 58.981461 1.317518 0.000000 0.000000 0.000000 0.000000 0.000000 
0.000000 34.693901 59.477257 97.665733 97.665733 67.008148 58.981461 0.000000 0.000000 0.000000 0.000000 0.000000 
0.000000 42.830532 51.176186 97.665733 97.665733 74.510185 5.036931 0.000000 0.000000 0.000000 0.000000 0.000000 
0.000000 42.830532 74.945831 97.665733 97.512764 67.008148 0.925616 58.981461 0.000000 0.000000 0.000000 0.000000 
51.176186 59.477257 51.176186 97.665733 74.510185 97.093147 67.008148 67.008148 0.000000 0.000000 0.000000 0.000000 
59.477257 59.477257 51.176186 97.665733 95.089844 67.008148 67.008148 58.981461 0.000000 0.000000 0.000000 0.000000 
51.176186 42.830532 81.643387 97.665733 97.665733 74.510185 67.008148 67.008148 0.000000 0.000000 0.000000 0.000000 
42.830532 51.176186 81.643387 97.665733 97.665733 87.050797 91.708122 67.008148 74.510185 0.000000 0.000000 0.000000 
51.176186 67.481537 81.643387 97.665733 97.665733 87.050797 91.708122 67.008148 67.008148 0.000000 0.000000 0.000000 
51.176186 59.477257 87.370735 42.830532 97.665733 97.093147 67.008148 67.008148 67.008148 0.000000 0.000000 0.000000 
67.481537 51.176186 87.370735 95.253647 97.665733 87.050797 74.510185 67.008148 67.008148 0.000000 0.000000 0.000000 
27.013578 59.477257 97.665733 81.643387 97.665733 97.665733 74.510185 67.008148 67.008148 0.000000 0.000000 0.000000 
34.693901 74.945831 87.370735 97.665733 97.665733 95.089844 87.050797 74.510185 67.008148 67.008148 0.000000 0.000000 
51.176186 74.945831 91.953888 95.253647 97.665733 97.665733 95.089844 67.008148 67.008148 67.008148 0.000000 0.000000 
59.477257 67.481537 91.953888 95.253647 97.665733 95.089844 95.089844 87.050797 67.008148 67.008148 0.000000 0.000000 
59.477257 34.693901 91.953888 95.253647 97.665733 97.665733 95.089844 67.008148 67.008148 67.008148 0.000000 0.000000 
67.481537 34.693901 97.665733 95.253647 97.665733 97.665733 97.665733 67.008148 74.510185 87.050797 0.000000 0.000000 
51.176186 81.643387 91.953888 95.253647 97.665733 74.510185 95.089844 81.259460 87.050797 67.008148 0.000000 0.000000 
67.481537 51.176186 91.953888 97.169792 97.665733 97.665733 97.665733 95.089844 67.008148 87.050797 67.008148 0.000000 
74.945831 67.481537 91.953888 97.551201 97.665733 97.665733 97.665733 74.510185 8.722729 67.008148 74.510185 0.000000 
51.176186 87.370735 97.169792 97.551201 97.665733 95.089844 97.665733 97.093147 67.008148 67.008148 67.008148 0.000000 
74.945831 42.830532 42.830532 97.665733 87.370735 97.665733 97.093147 97.665733 87.050797 87.050797 74.510185 0.000000 
42.830532 42.830532 95.253647 97.665733 97.665733 97.665733 97.665733 97.512764 74.510185 87.050797 87.050797 0.000000 
67.481537 67.481537 97.665733 97.665733 97.665733 97.665733 97.665733 97.093147 91.708122 97.665733 67.008148 0.000000 
51.176186 59.477257 34.693901 95.253647 97.665733 97.665733 97.093147 97.665733 74.510185 67.008148 0.925616 0.000000 
34.693901 81.643387 34.693901 97.665733 97.665733 97.665733 97.665733 97.665733 74.510185 67.008148 95.089844 0.000000 
67.481537 87.370735 42.830532 95.253647 97.665733 97.665733 91.708122 97.665733 81.259460 74.510185 67.008148 81.259460 
59.477257 87.370735 42.830532 95.253647 97.665733 97.665733 97.665733 97.665733 95.089844 67.008148 97.665733 91.708122 
74.945831 97.665733 51.176186 51.176186 97.665733 97.665733 97.665733 95.089844 97.665733 81.259460 67.008148 87.050797 
67.481537 87.370735 59.477257 59.477257 97.665733 97.665733 97.665733 81.259460 97.093147 67.008148 74.510185 91.708122 
59.477257 97.665733 59.477257 59.477257 95.253647 97.665733 87.050797 87.050797 97.665733 67.008148 74.510185 74.510185 
0.000000 42.830532 74.945831 74.945831 97.665733 97.665733 97.665733 97.665733 95.089844 91.708122 67.008148 81.259460 
0.000000 59.477257 74.945831 74.945831 97.665733 97.665733 97.665733 97.093147 97.512764 87.050797 67.008148 67.008148 
0.000000 59.477257 74.945831 81.643387 97.665733 97.665733 97.665733 97.093147 97.665733 95.089844 74.510185 67.008148 
0.000000 42.830532 81.643387 81.643387 67.481537 97.665733 97.665733 91.708122 97.665733 97.512764 87.050797 81.259460 
0.000000 67.481537 81.643387 81.643387 67.481537 91.953888 97.665733 91.708122 97.665733 97.665733 67.008148 67.008148 
0.000000 67.481537 81.643387 81.643387 74.945831 97.665733 97.665733 97.665733 95.089844 97.665733 87.050797 67.008148 
0.000000 67.481537 87.370735 81.643387 97.551201 97.665733 97.665733 95.089844 97.665733 97.665733 74.510185 74.510185 
0.000000 74.945831 81.643387 81.643387 91.953888 91.953888 97.665733 95.089844 97.665733 97.665733 87.050797 67.008148 
0.000000 0.000000 81.643387 81.643387 91.953888 97.665733 97.665733 97.665733 97.512764 87.050797 81.259460 87.050797 
0.000000 0.000000 81.643387 87.370735 81.643387 97.665733 97.665733 97.665733 97.665733 97.665733 97.665733 67.008148 
0.000000 0.000000 87.370735 81.643387 87.370735 97.665733 97.665733 97.665733 95.089844 97.665733 97.665733 87.050797 
0.000000 0.000000 81.643387 81.643387 97.665733 97.665733 97.665733 97.665733 91.708122 97.665733 97.665733 74.510185 
0.000000 0.000000 81.643387 87.370735 97.665733 97.665733 97.665733 97.512764 97.665733 97.512764 97.665733 81.259460 
0.000000 0.000000 0.000000 81.643387 97.665733 97.665733 97.665733 97.665733 74.510185 67.008148 97.665733 91.708122 
0.000000 0.000000 0.000000 81.643387 97.665733 97.665733 97.665733 97.665733 95.089844 97.665733 97.665733 74.510185 
0.000000 0.000000 0.000000 81.643387 97.665733 59.477257 97.665733 97.665733 87.050797 91.708122 97.665733 87.050797 
0.000000 0.000000 0.000000 87.370735 97.665733 97.665733 97.665733 97.665733 97.665733 97.665733 97.665733 97.665733 
0.000000 0.000000 0.000000 87.370735 97.665733 81.643387 97.665733 97.665733 97.665733 95.089844 97.665733 0.000000 
0.000000 0.000000 0.000000 0.000000 97.665733 97.665733 97.665733 97.665733 97.665733 97.665733 97.665733 0.000000 
0.000000 0.000000 0.000000 0.000000 97.665733 97.665733 67.481537 97.665733 97.665733 97.093147 97.093147 0.000000 
0.000000 0.000000 0.000000 0.000000 97.665733 97.665733 97.665733 97.665733 97.665733 97.665733 97.665733 0.000000 
0.000000 0.000000 0.000000 0.000000 0.000000 67.481537 97.665733 97.665733 97.665733 95.089844 97.665733 0.000000 
0.000000 0.000000 0.000000 0.000000 0.000000 67.481537 97.665733 97.665733 97.665733 97.665733 0.000000 0.000000 
0.000000 0.000000 0.000000 0.000000 0.000000 0.000000 87.370735 97.665733 91.708122 91.708122 0.000000 0.000000 
0.000000 0.000000 0.000000 0.000000 0.000000 0.000000 97.665733 97.665733 81.259460 95.089844 0.000000 0.000000 
