test/output/constant/M1M280_S060_A090_WD000.0_WS015.0/M1M280_S060_A090_WD000.0_WS015.0_arrival.asc
ncols         7
nrows         30
xllcorner     426303.990666
yllcorner     12745855.311160
cellsize      100.000000
NODATA_value  0.000000
0.000000 0.000000 166.033422 166.000000 166.033422 0.000000 0.000000 
0.000000 0.000000 166.012462 166.001133 166.012462 0.000000 0.000000 
0.000000 0.000000 166.009064 166.002266 166.009064 0.000000 0.000000 
0.000000 166.040220 166.008497 166.003965 166.008497 166.040220 0.000000 
0.000000 166.033422 166.008497 166.005098 166.008497 166.033422 0.000000 
0.000000 166.029457 166.009064 166.006798 166.009064 166.029457 0.000000 
0.000000 166.026624 166.010197 166.007931 166.010197 166.026624 0.000000 
0.000000 166.025491 166.011329 166.009630 166.011329 166.025491 0.000000 
0.000000 166.024925 166.012462 166.010763 166.012462 166.024925 0.000000 
0.000000 166.024358 166.013595 166.012462 166.013595 166.024358 0.000000 
0.000000 166.024358 166.015295 166.013595 166.015295 166.024358 0.000000 
0.000000 166.024358 166.016428 166.015295 166.016428 166.024358 0.000000 
0.000000 166.025491 166.018127 166.016428 166.018127 166.025491 0.000000 
166.041353 166.026058 166.019260 166.018127 166.019260 166.026058 166.041353 
166.040786 166.027191 166.020960 166.019260 166.020960 166.027191 166.040786 
166.040786 166.027757 166.022092 166.020960 166.022092 166.027757 166.040786 
166.040220 166.028890 166.023225 166.022092 166.023225 166.028890 166.040220 
166.040220 166.030023 166.024925 166.023792 166.024925 166.030023 166.040220 
166.040786 166.031156 166.026058 166.024925 166.026058 166.031156 166.040786 
166.041353 166.032289 166.027757 166.026624 166.027757 166.032289 166.041353 
0.000000 166.033422 166.028890 166.027757 166.028890 166.033422 0.000000 
0.000000 166.034555 166.030590 166.029457 166.030590 166.034555 0.000000 
0.000000 166.035688 166.031723 166.030590 166.031723 166.035688 0.000000 
0.000000 166.036821 166.032855 166.032289 166.032855 166.036821 0.000000 
0.000000 166.037954 166.034555 166.033422 166.034555 166.037954 0.000000 
0.000000 166.039653 166.035688 166.035121 166.035688 166.039653 0.000000 
0.000000 166.040786 166.037387 166.036254 166.037387 166.040786 0.000000 
0.000000 0.000000 166.038520 166.037954 166.038520 0.000000 0.000000 
0.000000 0.000000 166.040220 166.039087 166.040220 0.000000 0.000000 
0.000000 0.000000 166.041353 166.040786 166.041353 0.000000 0.000000 
