test/output/constant/M3M400_S060_A090_WD045.0_WS005.0/M3M400_S060_A090_WD045.0_WS005.0_raz.asc
ncols         12
nrows         62
xllcorner     425803.990666
yllcorner     12742655.311160
cellsize      100.000000
NODATA_value  0.000000
0 0 0 0 0 0 0 274 254 68 0 0 
0 0 0 0 0 0 4 258 184 172 0 0 
0 0 0 0 0 0 258 191 184 172 4 0 
0 0 0 0 0 300 191 184 184 174 68 0 
0 0 0 0 0 258 191 184 184 174 110 0 
0 0 0 0 0 191 228 186 184 170 172 0 
0 0 0 0 245 258 190 184 184 172 172 0 
0 0 0 0 191 245 186 184 178 172 170 68 
0 0 0 0 191 191 186 184 177 172 172 172 
0 0 0 0 191 190 184 184 178 178 172 172 
0 0 0 258 191 191 186 184 179 180 172 170 
0 0 0 228 191 190 184 184 179 178 172 176 
0 0 0 190 191 184 188 184 178 178 174 170 
0 0 0 191 228 184 184 184 178 178 174 172 
0 0 191 190 191 186 184 184 179 178 172 170 
0 0 191 191 191 184 184 184 178 179 167 170 
0 0 228 217 184 190 184 184 178 179 170 174 
0 0 228 190 184 185 184 181 180 179 172 174 
0 0 191 191 186 184 184 184 179 179 172 172 
0 0 245 245 184 184 184 184 179 179 176 170 
0 191 191 228 184 184 184 178 180 179 174 170 
0 258 228 184 184 186 184 184 179 179 174 170 
0 300 191 184 188 184 184 178 179 180 172 174 
0 191 228 184 188 184 184 180 179 179 178 174 
0 258 190 184 187 184 184 179 179 179 167 172 
0 190 191 184 184 184 184 178 179 172 178 176 
0 228 184 184 184 184 184 184 179 179 174 174 
0 191 184 184 184 184 184 179 174 179 174 174 
245 228 185 187 186 184 181 179 174 172 177 176 
228 191 188 185 184 184 181 176 172 179 176 176 
191 188 184 190 184 184 178 176 174 172 178 177 
228 188 190 188 184 184 184 178 177 174 179 176 
190 191 184 184 185 184 178 182 177 170 178 172 
191 184 184 184 184 184 184 180 178 172 178 172 
190 184 186 184 184 184 184 179 178 174 179 177 
184 187 184 184 184 184 184 176 178 174 179 174 
184 184 184 184 189 184 177 178 179 177 179 170 
184 188 184 186 184 184 178 178 178 177 179 172 
185 184 189 184 184 184 184 178 178 177 179 0 
189 187 184 186 184 184 179 178 178 178 172 0 
184 184 184 184 188 184 179 179 178 178 170 0 
188 184 184 184 184 184 184 180 178 178 170 0 
184 184 184 189 184 184 179 179 178 178 174 0 
186 184 187 184 184 184 179 179 178 178 174 0 
184 184 184 184 184 180 177 178 178 178 179 0 
190 188 184 184 184 184 184 180 179 179 0 0 
184 184 185 184 184 177 180 179 178 179 0 0 
188 185 188 184 184 179 167 179 179 179 0 0 
187 187 188 185 184 184 176 174 179 179 0 0 
184 184 184 184 184 184 176 174 180 178 0 0 
184 189 184 184 184 183 184 176 179 0 0 0 
184 184 189 184 180 179 179 178 179 0 0 0 
188 184 184 184 184 177 176 178 179 0 0 0 
184 184 184 184 178 184 177 178 179 0 0 0 
188 188 184 184 184 181 180 178 180 0 0 0 
186 184 184 184 184 176 179 178 0 0 0 0 
0 184 184 184 183 184 179 178 0 0 0 0 
0 184 184 184 178 179 179 0 0 0 0 0 
0 187 184 184 184 176 179 0 0 0 0 0 
0 184 184 184 180 184 179 0 0 0 0 0 
0 0 184 184 178 178 0 0 0 0 0 0 
0 0 184 184 178 184 0 0 0 0 0 0 
