test/output/constant/M1M295_S060_A180_WD270.0_WS040.0/M1M295_S060_A180_WD270.0_WS040.0_arrival.asc
ncols         43
nrows         7
xllcorner     426603.990666
yllcorner     12748455.311160
cellsize      100.000000
NODATA_value  0.000000
0.000000 0.000000 0.000000 0.000000 0.000000 0.000000 0.000000 0.000000 0.000000 0.000000 0.000000 0.000000 0.000000 0.000000 0.000000 0.000000 0.000000 166.041565 166.040773 166.039982 166.039586 166.039586 166.039190 166.039190 166.039190 166.039586 166.039982 166.040378 166.041169 166.041565 0.000000 0.000000 0.000000 0.000000 0.000000 0.000000 0.000000 0.000000 0.000000 0.000000 0.000000 0.000000 0.000000 
0.000000 0.000000 0.000000 0.000000 0.000000 166.038002 166.033252 166.030085 166.027710 166.026127 166.025335 166.024147 166.023752 166.023752 166.023752 166.023752 166.024147 166.024939 166.025335 166.026127 166.026523 166.027314 166.028106 166.028898 166.029294 166.030085 166.030877 166.031669 166.032460 166.033252 166.034440 166.035231 166.036023 166.036815 166.038002 166.038794 166.039586 166.040378 166.041565 0.000000 0.000000 0.000000 0.000000 
0.000000 166.019001 166.010688 166.009105 166.007917 166.007917 166.008313 166.009105 166.009896 166.010688 166.011480 166.012272 166.013063 166.014251 166.015043 166.016230 166.017022 166.017814 166.019001 166.019793 166.020981 166.021772 166.022960 166.023752 166.024543 166.025731 166.026523 166.027710 166.028502 166.029294 166.030481 166.031273 166.032460 166.033252 166.034440 166.035231 166.036419 166.037211 166.038398 166.039190 166.040378 166.041169 0.000000 
166.000000 166.000792 166.001583 166.002771 166.003563 166.004750 166.005542 166.006730 166.007521 166.008709 166.009501 166.010688 166.011480 166.012667 166.013459 166.014647 166.015438 166.016626 166.017418 166.018605 166.019397 166.020585 166.021376 166.022564 166.023356 166.024543 166.025335 166.026523 166.027314 166.028502 166.029294 166.030481 166.031273 166.032460 166.033252 166.034440 166.035231 166.036419 166.037211 166.038398 166.039190 166.040378 166.041169 
0.000000 166.019001 166.010688 166.009105 166.007917 166.007917 166.008313 166.009105 166.009896 166.010688 166.011480 166.012272 166.013063 166.014251 166.015043 166.016230 166.017022 166.017814 166.019001 166.019793 166.020981 166.021772 166.022960 166.023752 166.024543 166.025731 166.026523 166.027710 166.028502 166.029294 166.030481 166.031273 166.032460 166.033252 166.034440 166.035231 166.036419 166.037211 166.038398 166.039190 166.040378 166.041169 0.000000 
0.000000 0.000000 0.000000 0.000000 0.000000 166.038002 166.033252 166.030085 166.027710 166.026127 166.025335 166.024147 166.023752 166.023752 166.023752 166.023752 166.024147 166.024939 166.025335 166.026127 166.026523 166.027314 166.028106 166.028898 166.029294 166.030085 166.030877 166.031669 166.032460 166.033252 166.034440 166.035231 166.036023 166.036815 166.038002 166.038794 166.039586 166.040378 166.041565 0.000000 0.000000 0.000000 0.000000 
0.000000 0.000000 0.000000 0.000000 0.000000 0.000000 0.000000 0.000000 0.000000 0.000000 0.000000 0.000000 0.000000 0.000000 0.000000 0.000000 0.000000 166.041565 166.040773 166.039982 166.039586 166.039586 166.039190 166.039190 166.039190 166.039586 166.039982 166.040378 166.041169 166.041565 0.000000 0.000000 0.000000 0.000000 0.000000 0.000000 0.000000 0.000000 0.000000 0.000000 0.000000 0.000000 0.000000 
