test/output/constant/M475_S060_A270_WD180.0_WS030.0/M475_S060_A270_WD180.0_WS030.0_arrival.asc
ncols         7
nrows         38
xllcorner     426303.990666
yllcorner     12748755.311160
cellsize      100.000000
NODATA_value  0.000000
0.000000 0.000000 0.000000 166.041667 0.000000 0.000000 0.000000 
0.000000 0.000000 166.041667 166.040381 166.041667 0.000000 0.000000 
0.000000 0.000000 166.040381 166.039473 166.040381 0.000000 0.000000 
0.000000 0.000000 166.039473 166.038112 166.039473 0.000000 0.000000 
0.000000 166.041667 166.038112 166.037205 166.038112 166.041667 0.000000 
0.000000 166.040835 166.037205 166.035844 166.037205 166.040835 0.000000 
0.000000 166.039473 166.035844 166.034936 166.035844 166.039473 0.000000 
0.000000 166.038566 166.034936 166.033575 166.034936 166.038566 0.000000 
0.000000 166.037659 166.033575 166.032668 166.033575 166.037659 0.000000 
0.000000 166.036751 166.032668 166.031306 166.032668 166.036751 0.000000 
0.000000 166.035390 166.031306 166.030399 166.031306 166.035390 0.000000 
0.000000 166.034483 166.030399 166.029038 166.030399 166.034483 0.000000 
0.000000 166.033575 166.029038 166.028130 166.029038 166.033575 0.000000 
0.000000 166.032668 166.028130 166.026769 166.028130 166.032668 0.000000 
166.041667 166.031760 166.026769 166.025862 166.026769 166.031760 166.041667 
166.041667 166.030853 166.025862 166.024501 166.025862 166.030853 166.041667 
166.041667 166.030399 166.024954 166.023593 166.024954 166.030399 166.041667 
166.041667 166.029492 166.023593 166.022232 166.023593 166.029492 166.041667 
0.000000 166.028584 166.022686 166.021325 166.022686 166.028584 0.000000 
0.000000 166.028130 166.021325 166.019964 166.021325 166.028130 0.000000 
0.000000 166.027223 166.020417 166.019056 166.020417 166.027223 0.000000 
0.000000 166.026316 166.019510 166.017695 166.019510 166.026316 0.000000 
0.000000 166.025408 166.018149 166.016788 166.018149 166.025408 0.000000 
0.000000 166.024954 166.017241 166.015426 166.017241 166.024954 0.000000 
0.000000 166.024954 166.015880 166.014519 166.015880 166.024954 0.000000 
0.000000 166.024954 166.014973 166.013158 166.014973 166.024954 0.000000 
0.000000 166.025408 166.013612 166.012250 166.013612 166.025408 0.000000 
0.000000 166.025862 166.012704 166.010889 166.012704 166.025862 0.000000 
0.000000 166.026769 166.011797 166.009982 166.011797 166.026769 0.000000 
0.000000 166.028130 166.010889 166.008621 166.010889 166.028130 0.000000 
0.000000 166.029945 166.009982 166.007713 166.009982 166.029945 0.000000 
0.000000 166.033575 166.009528 166.006352 166.009528 166.033575 0.000000 
0.000000 166.037205 166.008621 166.005445 166.008621 166.037205 0.000000 
0.000000 0.000000 166.008621 166.004083 166.008621 0.000000 0.000000 
0.000000 0.000000 166.009074 166.003176 166.009074 0.000000 0.000000 
0.000000 0.000000 166.011343 166.001815 166.011343 0.000000 0.000000 
0.000000 0.000000 166.016788 166.000907 166.016788 0.000000 0.000000 
0.000000 0.000000 0.000000 166.000000 0.000000 0.000000 0.000000 
