test/output/constant/C1_S000_A090_WD000.0_WS040.0/C1_S000_A090_WD000.0_WS040.0_arrival.asc
ncols         7
nrows         30
xllcorner     426303.990666
yllcorner     12745855.311160
cellsize      100.000000
NODATA_value  0.000000
0.000000 0.000000 166.033329 166.000000 166.033329 0.000000 0.000000 
0.000000 0.000000 166.010343 166.001149 166.010343 0.000000 0.000000 
0.000000 0.000000 166.008045 166.002299 166.008045 0.000000 0.000000 
0.000000 166.034478 166.008045 166.004022 166.008045 166.034478 0.000000 
0.000000 166.028732 166.008045 166.005172 166.008045 166.028732 0.000000 
0.000000 166.025859 166.009194 166.006896 166.009194 166.025859 0.000000 
0.000000 166.024135 166.010343 166.008045 166.010343 166.024135 0.000000 
0.000000 166.023560 166.011493 166.009769 166.011493 166.023560 0.000000 
0.000000 166.022985 166.012642 166.010918 166.012642 166.022985 0.000000 
0.000000 166.022985 166.013791 166.012642 166.013791 166.022985 0.000000 
166.040799 166.022985 166.015515 166.013791 166.015515 166.022985 166.040799 
166.039650 166.023560 166.016664 166.015515 166.016664 166.023560 166.039650 
166.038501 166.024709 166.017814 166.016664 166.017814 166.024709 166.038501 
166.038501 166.025284 166.019538 166.018388 166.019538 166.025284 166.038501 
166.037926 166.026433 166.020687 166.019538 166.020687 166.026433 166.037926 
166.037926 166.027582 166.022411 166.021262 166.022411 166.027582 166.037926 
166.037926 166.028157 166.023560 166.022411 166.023560 166.028157 166.037926 
166.038501 166.029306 166.025284 166.024135 166.025284 166.029306 166.038501 
166.039075 166.030456 166.026433 166.025284 166.026433 166.030456 166.039075 
166.039650 166.031605 166.027582 166.027008 166.027582 166.031605 166.039650 
166.040799 166.032754 166.029306 166.028157 166.029306 166.032754 166.040799 
166.041667 166.034478 166.030456 166.029881 166.030456 166.034478 166.041667 
0.000000 166.035627 166.032180 166.031030 166.032180 166.035627 0.000000 
0.000000 166.036777 166.033329 166.032754 166.033329 166.036777 0.000000 
0.000000 166.037926 166.034478 166.033903 166.034478 166.037926 0.000000 
0.000000 166.039650 166.036202 166.035627 166.036202 166.039650 0.000000 
0.000000 166.040799 166.037351 166.036777 166.037351 166.040799 0.000000 
0.000000 0.000000 166.039075 166.038501 166.039075 0.000000 0.000000 
0.000000 0.000000 166.040224 166.039650 166.040224 0.000000 0.000000 
0.000000 0.000000 166.041667 166.041374 166.041667 0.000000 0.000000 
