test/output/constant/M380_S060_A180_WD270.0_WS030.0/M380_S060_A180_WD270.0_WS030.0_arrival.asc
ncols         57
nrows         9
xllcorner     426603.990666
yllcorner     12748355.311160
cellsize      100.000000
NODATA_value  0.000000
0.000000 0.000000 0.000000 0.000000 0.000000 0.000000 0.000000 0.000000 0.000000 0.000000 0.000000 0.000000 0.000000 0.000000 0.000000 0.000000 0.000000 0.000000 0.000000 0.000000 0.000000 0.000000 0.000000 0.000000 0.000000 0.000000 0.000000 0.000000 0.000000 166.041577 166.041577 166.041278 166.041278 166.041278 166.041278 166.041577 0.000000 0.000000 0.000000 0.000000 0.000000 0.000000 0.000000 0.000000 0.000000 0.000000 0.000000 0.000000 0.000000 0.000000 0.000000 0.000000 0.000000 0.000000 0.000000 0.000000 0.000000 
0.000000 0.000000 0.000000 0.000000 0.000000 0.000000 0.000000 0.000000 0.000000 0.000000 166.041577 166.038885 166.036791 166.034996 166.033800 166.032603 166.032005 166.031108 166.030809 166.030210 166.029911 166.029911 166.029612 166.029612 166.029612 166.029612 166.029911 166.030509 166.030809 166.031407 166.032005 166.032304 166.032902 166.033501 166.034099 166.034398 166.034996 166.035594 166.035894 166.036492 166.037090 166.037688 166.038286 166.038885 166.039483 166.039782 166.040679 166.041278 0.000000 0.000000 0.000000 0.000000 0.000000 0.000000 0.000000 0.000000 0.000000 
0.000000 0.000000 0.000000 0.000000 166.034398 166.028416 166.025425 166.022433 166.020938 166.019741 166.018844 166.018246 166.017947 166.017947 166.017648 166.017947 166.018246 166.018545 166.019143 166.019741 166.020041 166.020639 166.021237 166.021835 166.022134 166.022733 166.023331 166.023929 166.024527 166.025125 166.025724 166.026621 166.027219 166.027817 166.028715 166.029313 166.029911 166.030509 166.031407 166.032005 166.032902 166.033501 166.034099 166.034996 166.035594 166.036492 166.037090 166.037688 166.038586 166.039184 166.039782 166.040679 166.041278 0.000000 0.000000 0.000000 0.000000 
166.038286 166.013759 166.008375 166.006580 166.005982 166.005982 166.006281 166.006880 166.007478 166.008076 166.008674 166.009272 166.009871 166.010768 166.011366 166.012264 166.012862 166.013460 166.014357 166.014956 166.015853 166.016451 166.017349 166.017947 166.018844 166.019442 166.020041 166.020938 166.021536 166.022433 166.023032 166.023929 166.024527 166.025125 166.026023 166.026621 166.027518 166.028117 166.029014 166.029612 166.030509 166.031108 166.032005 166.032603 166.033201 166.034099 166.034697 166.035594 166.036193 166.037090 166.037688 166.038586 166.039184 166.040081 166.040679 166.041577 0.000000 
166.000000 166.000598 166.001196 166.002094 166.002692 166.003589 166.004188 166.005085 166.005683 166.006580 166.007179 166.008076 166.008674 166.009572 166.010170 166.011067 166.011665 166.012563 166.013161 166.014058 166.014657 166.015554 166.016152 166.017049 166.017648 166.018545 166.019143 166.020041 166.020639 166.021536 166.022134 166.023032 166.023630 166.024527 166.025125 166.026023 166.026621 166.027518 166.028117 166.029014 166.029612 166.030509 166.031108 166.032005 166.032603 166.033501 166.034099 166.034996 166.035594 166.036492 166.037090 166.037987 166.038586 166.039483 166.040081 166.040978 166.041577 
166.038286 166.013759 166.008375 166.006580 166.005982 166.005982 166.006281 166.006880 166.007478 166.008076 166.008674 166.009272 166.009871 166.010768 166.011366 166.012264 166.012862 166.013460 166.014357 166.014956 166.015853 166.016451 166.017349 166.017947 166.018844 166.019442 166.020041 166.020938 166.021536 166.022433 166.023032 166.023929 166.024527 166.025125 166.026023 166.026621 166.027518 166.028117 166.029014 166.029612 166.030509 166.031108 166.032005 166.032603 166.033201 166.034099 166.034697 166.035594 166.036193 166.037090 166.037688 166.038586 166.039184 166.040081 166.040679 166.041577 0.000000 
0.000000 0.000000 0.000000 0.000000 166.034398 166.028416 166.025425 166.022433 166.020938 166.019741 166.018844 166.018246 166.017947 166.017947 166.017648 166.017947 166.018246 166.018545 166.019143 166.019741 166.020041 166.020639 166.021237 166.021835 166.022134 166.022733 166.023331 166.023929 166.024527 166.025125 166.025724 166.026621 166.027219 166.027817 166.028715 166.029313 166.029911 166.030509 166.031407 166.032005 166.032902 166.033501 166.034099 166.034996 166.035594 166.036492 166.037090 166.037688 166.038586 166.039184 166.039782 166.040679 166.041278 0.000000 0.000000 0.000000 0.000000 
0.000000 0.000000 0.000000 0.000000 0.000000 0.000000 0.000000 0.000000 0.000000 0.000000 166.041577 166.038885 166.036791 166.034996 166.033800 166.032603 166.032005 166.031108 166.030809 166.030210 166.029911 166.029911 166.029612 166.029612 166.029612 166.029612 166.029911 166.030509 166.030809 166.031407 166.032005 166.032304 166.032902 166.033501 166.034099 166.034398 166.034996 166.035594 166.035894 166.036492 166.037090 166.037688 166.038286 166.038885 166.039483 166.039782 166.040679 166.041278 0.000000 0.000000 0.000000 0.000000 0.000000 0.000000 0.000000 0.000000 0.000000 
0.000000 0.000000 0.000000 0.000000 0.000000 0.000000 0.000000 0.000000 0.000000 0.000000 0.000000 0.000000 0.000000 0.000000 0.000000 0.000000 0.000000 0.000000 0.000000 0.000000 0.000000 0.000000 0.000000 0.000000 0.000000 0.000000 0.000000 0.000000 0.000000 166.041577 166.041577 166.041278 166.041278 166.041278 166.041278 166.041577 0.000000 0.000000 0.000000 0.000000 0.000000 0.000000 0.000000 0.000000 0.000000 0.000000 0.000000 0.000000 0.000000 0.000000 0.000000 0.000000 0.000000 0.000000 0.000000 0.000000 0.000000 
