test/output/constant/M3M485_S060_A090_WD135.0_WS010.0/M3M485_S060_A090_WD135.0_WS010.0_raz.asc
ncols         13
nrows         38
xllcorner     425603.990666
yllcorner     12745155.311160
cellsize      100.000000
NODATA_value  0.000000
0 0 0 0 0 0 0 0 0 349 349 35 0 
0 0 0 0 0 0 0 0 349 282 254 35 0 
0 0 0 0 0 0 0 0 262 199 192 173 0 
0 0 0 0 0 0 0 206 204 193 192 169 82 
0 0 0 0 0 0 302 246 200 192 179 179 35 
0 0 0 0 0 0 262 202 192 192 184 179 165 
0 0 0 0 0 272 262 200 192 192 179 179 165 
0 0 0 0 0 262 349 202 192 192 179 179 169 
0 0 0 0 0 262 302 193 192 192 183 173 173 
0 0 0 0 202 246 200 193 192 181 169 179 165 
0 0 0 0 246 246 202 192 192 181 181 181 165 
0 0 0 0 202 202 192 192 192 176 181 173 179 
0 0 0 234 202 246 192 192 179 181 169 179 179 
0 0 0 246 262 246 192 192 192 181 179 179 0 
0 0 0 262 202 193 192 192 192 173 176 179 0 
0 0 262 234 202 192 192 192 184 179 181 176 0 
0 0 200 246 200 192 192 188 181 184 179 181 0 
0 0 202 202 192 192 192 192 176 169 165 181 0 
0 0 234 202 192 192 192 192 179 173 181 181 0 
0 246 234 262 192 192 192 192 181 179 165 173 0 
0 202 262 193 192 192 192 181 169 181 179 0 0 
0 202 262 192 192 192 187 179 181 176 181 0 0 
0 200 192 195 192 192 179 183 179 169 165 0 0 
0 202 192 192 192 192 190 183 181 179 179 0 0 
0 200 192 195 193 192 192 179 181 181 173 0 0 
202 246 192 196 192 192 181 181 181 176 0 0 0 
202 192 192 192 192 192 179 181 173 179 0 0 0 
202 192 192 192 192 179 192 181 179 179 0 0 0 
200 195 192 192 192 190 184 179 181 0 0 0 0 
192 192 193 192 192 192 181 169 179 0 0 0 0 
192 192 192 192 192 181 191 176 181 0 0 0 0 
192 192 192 192 186 179 179 190 0 0 0 0 0 
193 192 192 192 192 183 173 181 0 0 0 0 0 
192 192 192 192 192 190 181 0 0 0 0 0 0 
193 192 192 188 192 187 179 0 0 0 0 0 0 
0 192 192 192 183 181 0 0 0 0 0 0 0 
0 192 192 192 179 0 0 0 0 0 0 0 0 
0 192 192 179 0 0 0 0 0 0 0 0 0 
