test/output/constant/M380_S060_A090_WD225.0_WS000.0/M380_S060_A090_WD225.0_WS000.0_arrival.asc
ncols         9
nrows         47
xllcorner     426203.990666
yllcorner     12744255.311160
cellsize      100.000000
NODATA_value  0.000000
0.000000 0.000000 0.000000 0.000000 166.039564 0.000000 0.000000 0.000000 0.000000 
0.000000 0.000000 0.000000 166.013921 166.000000 166.013921 0.000000 0.000000 0.000000 
0.000000 0.000000 166.037732 166.006228 166.000733 166.006228 166.037732 0.000000 0.000000 
0.000000 0.000000 166.026376 166.005129 166.001465 166.005129 166.026376 0.000000 0.000000 
0.000000 0.000000 166.020148 166.004762 166.002564 166.004762 166.020148 0.000000 0.000000 
0.000000 166.040297 166.017218 166.005129 166.003297 166.005129 166.017218 166.040297 0.000000 
0.000000 166.034435 166.015752 166.005495 166.004396 166.005495 166.015752 166.034435 0.000000 
0.000000 166.031138 166.014653 166.006228 166.005129 166.006228 166.014653 166.031138 0.000000 
0.000000 166.028208 166.014287 166.006960 166.006228 166.006960 166.014287 166.028208 0.000000 
0.000000 166.026742 166.014287 166.008059 166.006960 166.008059 166.014287 166.026742 0.000000 
0.000000 166.025277 166.014287 166.008792 166.008059 166.008792 166.014287 166.025277 0.000000 
166.039198 166.024544 166.014287 166.009525 166.008792 166.009525 166.014287 166.024544 166.039198 
166.037732 166.023812 166.014653 166.010624 166.009891 166.010624 166.014653 166.023812 166.037732 
166.036267 166.023812 166.015386 166.011356 166.010624 166.011356 166.015386 166.023812 166.036267 
166.035168 166.023445 166.015752 166.012455 166.011723 166.012455 166.015752 166.023445 166.035168 
166.034435 166.023445 166.016485 166.013188 166.012455 166.013188 166.016485 166.023445 166.034435 
166.033703 166.023445 166.017218 166.014287 166.013554 166.014287 166.017218 166.023445 166.033703 
166.033336 166.023445 166.017950 166.015020 166.014287 166.015020 166.017950 166.023445 166.033336 
166.032970 166.023812 166.018683 166.015752 166.015386 166.015752 166.018683 166.023812 166.032970 
166.032604 166.024178 166.019049 166.016851 166.016119 166.016851 166.019049 166.024178 166.032604 
166.032604 166.024911 166.020148 166.017584 166.017218 166.017584 166.020148 166.024911 166.032604 
166.032604 166.025643 166.020881 166.018683 166.017950 166.018683 166.020881 166.025643 166.032604 
166.032604 166.026010 166.021614 166.019416 166.019049 166.019416 166.021614 166.026010 166.032604 
166.032604 166.026742 166.022346 166.020148 166.019782 166.020148 166.022346 166.026742 166.032604 
166.032970 166.027475 166.023445 166.021247 166.020881 166.021247 166.023445 166.027475 166.032970 
166.033336 166.027841 166.024178 166.021980 166.021614 166.021980 166.024178 166.027841 166.033336 
166.034069 166.028574 166.024911 166.023079 166.022713 166.023079 166.024911 166.028574 166.034069 
166.034435 166.029307 166.025643 166.023812 166.023445 166.023812 166.025643 166.029307 166.034435 
166.035168 166.030039 166.026742 166.024911 166.024544 166.024911 166.026742 166.030039 166.035168 
166.035534 166.030772 166.027475 166.025643 166.025277 166.025643 166.027475 166.030772 166.035534 
166.036267 166.031505 166.028208 166.026742 166.026376 166.026742 166.028208 166.031505 166.036267 
166.037000 166.032237 166.029307 166.027475 166.027109 166.027475 166.029307 166.032237 166.037000 
166.037732 166.032970 166.030039 166.028574 166.028208 166.028574 166.030039 166.032970 166.037732 
166.038099 166.033703 166.031138 166.029307 166.028940 166.029307 166.031138 166.033703 166.038099 
166.038831 166.034435 166.031871 166.030406 166.030039 166.030406 166.031871 166.034435 166.038831 
166.039564 166.035168 166.032604 166.031138 166.030772 166.031138 166.032604 166.035168 166.039564 
166.040297 166.036267 166.033703 166.031871 166.031871 166.031871 166.033703 166.036267 166.040297 
166.040663 166.037000 166.034435 166.032970 166.032604 166.032970 166.034435 166.037000 166.040663 
166.041396 166.037732 166.035534 166.033703 166.033703 166.033703 166.035534 166.037732 166.041396 
0.000000 166.038831 166.036267 166.034802 166.034435 166.034802 166.036267 166.038831 0.000000 
0.000000 166.039564 166.037000 166.035534 166.035534 166.035534 166.037000 166.039564 0.000000 
0.000000 166.040297 166.038099 166.036633 166.036267 166.036633 166.038099 166.040297 0.000000 
0.000000 166.041029 166.038831 166.037366 166.037366 166.037366 166.038831 166.041029 0.000000 
0.000000 0.000000 166.039930 166.038465 166.038099 166.038465 166.039930 0.000000 0.000000 
0.000000 0.000000 166.040663 166.039198 166.039198 166.039198 166.040663 0.000000 0.000000 
0.000000 0.000000 166.041667 166.040297 166.039930 166.040297 166.041667 0.000000 0.000000 
0.000000 0.000000 0.000000 166.041029 166.041029 166.041029 0.000000 0.000000 0.000000 
