test/output/constant/M495_S060_A180_WD225.0_WS010.0/M495_S060_A180_WD225.0_WS010.0_arrival.asc
ncols         35
nrows         10
xllcorner     426603.990666
yllcorner     12748655.311160
cellsize      100.000000
NODATA_value  0.000000
0.000000 0.000000 0.000000 0.000000 0.000000 0.000000 0.000000 0.000000 0.000000 0.000000 0.000000 0.000000 0.000000 0.000000 0.000000 0.000000 0.000000 0.000000 0.000000 0.000000 0.000000 0.000000 0.000000 0.000000 166.041667 166.041438 166.040967 166.040967 166.040496 166.040496 166.040967 166.041438 166.041667 0.000000 0.000000 
0.000000 0.000000 0.000000 0.000000 0.000000 0.000000 0.000000 0.000000 0.000000 0.000000 0.000000 0.000000 0.000000 0.000000 0.000000 0.000000 0.000000 166.040025 166.038141 166.037200 166.036729 166.036258 166.035787 166.035316 166.035316 166.035316 166.035316 166.035787 166.036258 166.037200 166.037671 166.038612 166.039083 166.040025 166.040967 
0.000000 0.000000 0.000000 0.000000 0.000000 0.000000 0.000000 0.000000 0.000000 0.000000 0.000000 0.000000 166.040967 166.037200 166.034374 166.032491 166.031549 166.031078 166.030607 166.030136 166.030136 166.029666 166.030136 166.030607 166.031078 166.031549 166.032491 166.032962 166.033903 166.034845 166.035787 166.037200 166.038141 166.039554 166.040496 
0.000000 0.000000 0.000000 0.000000 0.000000 0.000000 0.000000 0.000000 0.000000 166.036258 166.032491 166.029195 166.027311 166.025898 166.025428 166.024957 166.024486 166.024486 166.024486 166.024957 166.025428 166.026369 166.026840 166.027782 166.028724 166.030136 166.031078 166.032491 166.033433 166.034845 166.035787 166.037200 166.038141 166.039554 166.040967 
0.000000 0.000000 0.000000 0.000000 0.000000 0.000000 166.034374 166.027782 166.024015 166.021661 166.020248 166.019777 166.019306 166.019306 166.019306 166.019777 166.020248 166.020719 166.021661 166.022602 166.024015 166.024957 166.026369 166.027311 166.028724 166.029666 166.031078 166.032491 166.033903 166.034845 166.036258 166.037671 166.039554 166.040967 0.000000 
0.000000 0.000000 0.000000 166.036258 166.025428 166.019306 166.016010 166.014597 166.014126 166.013656 166.013656 166.014126 166.014597 166.015539 166.016481 166.017893 166.018835 166.020248 166.021190 166.022602 166.024015 166.024957 166.026369 166.027782 166.029195 166.030607 166.032491 166.033903 166.035316 166.037200 166.039083 166.040967 0.000000 0.000000 0.000000 
0.000000 166.033433 166.017893 166.011301 166.008947 166.008476 166.008476 166.008476 166.009418 166.010359 166.011772 166.012714 166.014126 166.015539 166.016481 166.017893 166.019306 166.020248 166.022131 166.023544 166.024957 166.026840 166.028724 166.030607 166.032491 166.033903 166.035787 166.037671 166.039554 166.041438 0.000000 0.000000 0.000000 0.000000 0.000000 
166.013185 166.003296 166.002825 166.003296 166.004238 166.005651 166.007063 166.008005 166.009418 166.010359 166.011772 166.013185 166.015068 166.016481 166.018364 166.020248 166.022131 166.024015 166.025428 166.027782 166.029666 166.031549 166.033433 166.035787 166.037671 166.039554 166.041438 0.000000 0.000000 0.000000 0.000000 0.000000 0.000000 0.000000 0.000000 
166.000000 166.000942 166.001884 166.003296 166.004709 166.006121 166.008005 166.009889 166.011772 166.014126 166.016010 166.017893 166.020248 166.022131 166.024486 166.026369 166.028253 166.030607 166.032491 166.034845 166.036729 166.038612 166.040967 0.000000 0.000000 0.000000 0.000000 0.000000 0.000000 0.000000 0.000000 0.000000 0.000000 0.000000 0.000000 
166.032962 166.020719 166.018364 166.018364 166.019306 166.020248 166.022131 166.024015 166.025428 166.027782 166.029666 166.031549 166.033903 166.035787 166.038141 166.040025 0.000000 0.000000 0.000000 0.000000 0.000000 0.000000 0.000000 0.000000 0.000000 0.000000 0.000000 0.000000 0.000000 0.000000 0.000000 0.000000 0.000000 0.000000 0.000000 
