test/output/constant/M390_S060_A090_WD225.0_WS005.0/M390_S060_A090_WD225.0_WS005.0_intensity.asc
ncols         12
nrows         49
xllcorner     426303.990666
yllcorner     12744055.311160
cellsize      100.000000
NODATA_value  0.000000
0 0 0 1044 0 0 0 0 0 0 0 0 
0 0 1233 0 1256 1256 0 0 0 0 0 0 
0 1233 25472 71193 54052 1610 0 0 0 0 0 0 
0 1233 49102 71193 54052 1256 1987 0 0 0 0 0 
0 1233 37329 71193 69160 48608 2555 0 0 0 0 0 
0 37329 49102 71193 54052 48608 1256 0 0 0 0 0 
0 43317 31320 71193 71193 69160 48608 1610 0 0 0 0 
37329 25472 54508 71193 71193 54052 48608 48608 0 0 0 0 
31320 43317 54508 71193 69160 48608 54052 48608 0 0 0 0 
31320 25472 66901 71193 71193 66639 48608 48608 54052 0 0 0 
43317 43317 63545 71193 71193 71193 66639 54052 48608 0 0 0 
37329 31320 69337 71193 71193 71193 54052 48608 42801 0 0 0 
31320 37329 66901 71193 71193 58968 48608 48608 54052 0 0 0 
37329 31320 69337 70781 71193 71193 66639 63206 48608 54052 0 0 
31320 37329 69337 71193 71193 71193 71058 69160 48608 54052 0 0 
43317 49102 71101 71193 71193 63206 58968 54052 54052 48608 0 0 
25472 54508 66901 71193 71193 71193 63206 48608 69160 54052 0 0 
25472 37329 25472 71193 71193 71193 71193 58968 66639 54052 0 0 
37329 43317 31320 71193 71193 71193 69160 54052 66639 63206 0 0 
43317 63545 37329 71193 71193 71193 71193 58968 48608 54052 48608 0 
37329 37329 19963 71193 71193 70694 71193 69160 54052 54052 54052 0 
31320 37329 19963 71193 71193 71193 71193 69160 48608 69160 58968 0 
54508 54508 25472 71193 71193 71193 71193 71058 54052 48608 48608 0 
25472 63545 31320 71193 71193 71193 71193 71193 48608 63206 63206 0 
31320 31320 31320 31320 71193 71193 63206 71193 63206 48608 48608 0 
43317 49102 37329 31320 66901 71193 71193 71193 54052 54052 54052 0 
37329 54508 43317 49102 71193 71193 63206 69160 54052 63206 71193 0 
25472 59372 31320 49102 71193 71193 71193 63206 66639 48608 48608 54052 
0 59372 31320 49102 71193 71193 71193 63206 71193 63206 54052 54052 
0 63545 37329 54508 71193 71193 71193 58968 70694 69160 48608 63206 
0 63545 37329 54508 66901 54508 71193 58968 71193 69160 66639 71193 
0 63545 43317 54508 71193 71193 71193 58968 66639 63206 48608 54052 
0 59372 43317 54508 71193 71193 71193 71193 71193 69160 63206 48608 
0 66901 49102 59372 63545 71101 71193 66639 63206 71193 69160 63206 
0 66901 49102 59372 71193 71193 71193 71193 63206 71193 48608 54052 
0 0 49102 59372 71193 71193 71193 71193 71193 71193 58968 54052 
0 0 54508 59372 49102 71193 71193 71193 71193 71193 63206 63206 
0 0 54508 59372 69337 69337 71193 63206 71193 71193 69160 63206 
0 0 54508 59372 59372 71193 71193 71193 71193 71193 54052 48608 
0 0 0 59372 59372 71193 71193 71193 71193 71193 58968 58968 
0 0 0 59372 63545 71193 71193 66639 71193 71193 66639 0 
0 0 0 59372 71193 49102 71193 71193 71193 71193 71193 0 
0 0 0 59372 66901 71193 71193 66639 71193 63206 71193 0 
0 0 0 0 63545 71193 71193 71193 71193 71193 71193 0 
0 0 0 0 71193 71193 71193 71193 66639 71193 66639 0 
0 0 0 0 0 37329 71193 71193 71193 71193 71193 0 
0 0 0 0 0 37329 71193 71193 71193 71193 0 0 
0 0 0 0 0 0 71193 71193 71193 71193 0 0 
0 0 0 0 0 0 0 71193 71193 0 0 0 
