test/output/constant/M390_S060_A090_WD225.0_WS005.0/M390_S060_A090_WD225.0_WS005.0_ros.asc
ncols         12
nrows         49
xllcorner     426303.990666
yllcorner     12744055.311160
cellsize      100.000000
NODATA_value  0.000000
0.000000 0.000000 0.000000 1.152663 0.000000 0.000000 0.000000 0.000000 0.000000 0.000000 0.000000 0.000000 
0.000000 0.000000 1.361100 0.000000 1.386461 1.386461 0.000000 0.000000 0.000000 0.000000 0.000000 0.000000 
0.000000 1.361100 28.110003 78.565544 59.648918 1.777081 0.000000 0.000000 0.000000 0.000000 0.000000 0.000000 
0.000000 1.361100 54.186207 78.565544 59.648918 1.386461 2.193005 0.000000 0.000000 0.000000 0.000000 0.000000 
0.000000 1.361100 41.194305 78.565544 76.321632 53.641258 2.820282 0.000000 0.000000 0.000000 0.000000 0.000000 
0.000000 41.194305 54.186207 78.565544 59.648918 53.641258 1.386461 0.000000 0.000000 0.000000 0.000000 0.000000 
0.000000 47.802223 34.563118 78.565544 78.565544 76.321632 53.641258 1.777081 0.000000 0.000000 0.000000 0.000000 
41.194305 28.110003 60.152382 78.565544 78.565544 59.648918 53.641258 53.641258 0.000000 0.000000 0.000000 0.000000 
34.563118 47.802223 60.152382 78.565544 76.321632 53.641258 59.648918 53.641258 0.000000 0.000000 0.000000 0.000000 
34.563118 28.110003 73.828133 78.565544 78.565544 73.539024 53.641258 53.641258 59.648918 0.000000 0.000000 0.000000 
47.802223 47.802223 70.124763 78.565544 78.565544 78.565544 73.539024 59.648918 53.641258 0.000000 0.000000 0.000000 
41.194305 34.563118 76.517220 78.565544 78.565544 78.565544 59.648918 53.641258 47.233662 0.000000 0.000000 0.000000 
34.563118 41.194305 73.828133 78.565544 78.565544 65.073952 53.641258 53.641258 59.648918 0.000000 0.000000 0.000000 
41.194305 34.563118 76.517220 78.110405 78.565544 78.565544 73.539024 69.751396 53.641258 59.648918 0.000000 0.000000 
34.563118 41.194305 76.517220 78.565544 78.565544 78.565544 78.415543 76.321632 53.641258 59.648918 0.000000 0.000000 
47.802223 54.186207 78.463615 78.565544 78.565544 69.751396 65.073952 59.648918 59.648918 53.641258 0.000000 0.000000 
28.110003 60.152382 73.828133 78.565544 78.565544 78.565544 69.751396 53.641258 76.321632 59.648918 0.000000 0.000000 
28.110003 41.194305 28.110003 78.565544 78.565544 78.565544 78.565544 65.073952 73.539024 59.648918 0.000000 0.000000 
41.194305 47.802223 34.563118 78.565544 78.565544 78.565544 76.321632 59.648918 73.539024 69.751396 0.000000 0.000000 
47.802223 70.124763 41.194305 78.565544 78.565544 78.565544 78.565544 65.073952 53.641258 59.648918 53.641258 0.000000 
41.194305 41.194305 22.030823 78.565544 78.565544 78.014595 78.565544 76.321632 59.648918 59.648918 59.648918 0.000000 
34.563118 41.194305 22.030823 78.565544 78.565544 78.565544 78.565544 76.321632 53.641258 76.321632 65.073952 0.000000 
60.152382 60.152382 28.110003 78.565544 78.565544 78.565544 78.565544 78.415543 59.648918 53.641258 53.641258 0.000000 
28.110003 70.124763 34.563118 78.565544 78.565544 78.565544 78.565544 78.565544 53.641258 69.751396 69.751396 0.000000 
34.563118 34.563118 34.563118 34.563118 78.565544 78.565544 69.751396 78.565544 69.751396 53.641258 53.641258 0.000000 
47.802223 54.186207 41.194305 34.563118 73.828133 78.565544 78.565544 78.565544 59.648918 59.648918 59.648918 0.000000 
41.194305 60.152382 47.802223 54.186207 78.565544 78.565544 69.751396 76.321632 59.648918 69.751396 78.565544 0.000000 
28.110003 65.519569 34.563118 54.186207 78.565544 78.565544 78.565544 69.751396 73.539024 53.641258 53.641258 59.648918 
0.000000 65.519569 34.563118 54.186207 78.565544 78.565544 78.565544 69.751396 78.565544 69.751396 59.648918 59.648918 
0.000000 70.124763 41.194305 60.152382 78.565544 78.565544 78.565544 65.073952 78.014595 76.321632 53.641258 69.751396 
0.000000 70.124763 41.194305 60.152382 73.828133 60.152382 78.565544 65.073952 78.565544 76.321632 73.539024 78.565544 
0.000000 70.124763 47.802223 60.152382 78.565544 78.565544 78.565544 65.073952 73.539024 69.751396 53.641258 59.648918 
0.000000 65.519569 47.802223 60.152382 78.565544 78.565544 78.565544 78.565544 78.565544 76.321632 69.751396 53.641258 
0.000000 73.828133 54.186207 65.519569 70.124763 78.463615 78.565544 73.539024 69.751396 78.565544 76.321632 69.751396 
0.000000 73.828133 54.186207 65.519569 78.565544 78.565544 78.565544 78.565544 69.751396 78.565544 53.641258 59.648918 
0.000000 0.000000 54.186207 65.519569 78.565544 78.565544 78.565544 78.565544 78.565544 78.565544 65.073952 59.648918 
0.000000 0.000000 60.152382 65.519569 54.186207 78.565544 78.565544 78.565544 78.565544 78.565544 69.751396 69.751396 
0.000000 0.000000 60.152382 65.519569 76.517220 76.517220 78.565544 69.751396 78.565544 78.565544 76.321632 69.751396 
0.000000 0.000000 60.152382 65.519569 65.519569 78.565544 78.565544 78.565544 78.565544 78.565544 59.648918 53.641258 
0.000000 0.000000 0.000000 65.519569 65.519569 78.565544 78.565544 78.565544 78.565544 78.565544 65.073952 65.073952 
0.000000 0.000000 0.000000 65.519569 70.124763 78.565544 78.565544 73.539024 78.565544 78.565544 73.539024 0.000000 
0.000000 0.000000 0.000000 65.519569 78.565544 54.186207 78.565544 78.565544 78.565544 78.565544 78.565544 0.000000 
0.000000 0.000000 0.000000 65.519569 73.828133 78.565544 78.565544 73.539024 78.565544 69.751396 78.565544 0.000000 
0.000000 0.000000 0.000000 0.000000 70.124763 78.565544 78.565544 78.565544 78.565544 78.565544 78.565544 0.000000 
0.000000 0.000000 0.000000 0.000000 78.565544 78.565544 78.565544 78.565544 73.539024 78.565544 73.539024 0.000000 
0.000000 0.000000 0.000000 0.000000 0.000000 41.194305 78.565544 78.565544 78.565544 78.565544 78.565544 0.000000 
0.000000 0.000000 0.000000 0.000000 0.000000 41.194305 78.565544 78.565544 78.565544 78.565544 0.000000 0.000000 
0.000000 0.000000 0.000000 0.000000 0.000000 0.000000 78.565544 78.565544 78.565544 78.565544 0.000000 0.000000 
0.000000 0.000000 0.000000 0.000000 0.000000 0.000000 0.000000 78.565544 78.565544 0.000000 0.000000 0.000000 
