test/output/constant/M480_S060_A270_WD180.0_WS035.0/M480_S060_A270_WD180.0_WS035.0_arrival.asc
ncols         7
nrows         41
xllcorner     426303.990666
yllcorner     12748755.311160
cellsize      100.000000
NODATA_value  0.000000
0.000000 0.000000 0.000000 166.041667 0.000000 0.000000 0.000000 
0.000000 0.000000 166.041667 166.040884 166.041667 0.000000 0.000000 
0.000000 0.000000 166.040884 166.039619 166.040884 0.000000 0.000000 
0.000000 0.000000 166.039619 166.038776 166.039619 0.000000 0.000000 
0.000000 0.000000 166.038776 166.037512 166.038776 0.000000 0.000000 
0.000000 166.040884 166.037512 166.036669 166.037512 166.040884 0.000000 
0.000000 166.040041 166.036669 166.035404 166.036669 166.040041 0.000000 
0.000000 166.039198 166.035404 166.034561 166.035404 166.039198 0.000000 
0.000000 166.038355 166.034561 166.033297 166.034561 166.038355 0.000000 
0.000000 166.037090 166.033297 166.032454 166.033297 166.037090 0.000000 
0.000000 166.036247 166.032454 166.031189 166.032454 166.036247 0.000000 
0.000000 166.035404 166.031189 166.030347 166.031189 166.035404 0.000000 
0.000000 166.034140 166.030347 166.029082 166.030347 166.034140 0.000000 
0.000000 166.033297 166.029082 166.028239 166.029082 166.033297 0.000000 
166.041667 166.032454 166.028239 166.026975 166.028239 166.032454 166.041667 
166.040884 166.032032 166.027396 166.026132 166.027396 166.032032 166.040884 
166.040884 166.031189 166.026132 166.024867 166.026132 166.031189 166.040884 
166.040884 166.030347 166.025289 166.024024 166.025289 166.030347 166.040884 
166.040884 166.029504 166.024024 166.022760 166.024024 166.029504 166.040884 
166.040884 166.028661 166.023181 166.021917 166.023181 166.028661 166.040884 
166.040884 166.028239 166.022338 166.020652 166.022338 166.028239 166.040884 
166.041305 166.027396 166.021074 166.019810 166.021074 166.027396 166.041305 
166.041667 166.026553 166.020231 166.018545 166.020231 166.026553 166.041667 
0.000000 166.026132 166.018967 166.017702 166.018967 166.026132 0.000000 
0.000000 166.025289 166.018124 166.016438 166.018124 166.025289 0.000000 
0.000000 166.024446 166.016859 166.015595 166.016859 166.024446 0.000000 
0.000000 166.024446 166.016016 166.014330 166.016016 166.024446 0.000000 
0.000000 166.024446 166.015173 166.013487 166.015173 166.024446 0.000000 
0.000000 166.024867 166.013909 166.012223 166.013909 166.024867 0.000000 
0.000000 166.024867 166.013066 166.011380 166.013066 166.024867 0.000000 
0.000000 166.025710 166.011801 166.010116 166.011801 166.025710 0.000000 
0.000000 166.026975 166.010958 166.009273 166.010958 166.026975 0.000000 
0.000000 166.028239 166.010116 166.008008 166.010116 166.028239 0.000000 
0.000000 166.030347 166.009694 166.007165 166.009694 166.030347 0.000000 
0.000000 166.033718 166.008851 166.005901 166.008851 166.033718 0.000000 
0.000000 166.038776 166.008430 166.005058 166.008430 166.038776 0.000000 
0.000000 0.000000 166.008430 166.003793 166.008430 0.000000 0.000000 
0.000000 0.000000 166.009273 166.002950 166.009273 0.000000 0.000000 
0.000000 0.000000 166.011380 166.001686 166.011380 0.000000 0.000000 
0.000000 0.000000 166.017702 166.000843 166.017702 0.000000 0.000000 
0.000000 0.000000 0.000000 166.000000 0.000000 0.000000 0.000000 
