test/output/constant/M3M490_S060_A270_WD045.0_WS045.0/M3M490_S060_A270_WD045.0_WS045.0_arrival.asc
ncols         35
nrows         12
xllcorner     423303.990666
yllcorner     12748555.311160
cellsize      100.000000
NODATA_value  0.000000
166.041524 166.041105 166.039847 166.039427 166.039008 166.038588 166.038169 166.038169 166.037749 166.037749 166.037749 166.037749 166.038588 166.039427 166.040685 166.041667 0.000000 0.000000 0.000000 0.000000 0.000000 0.000000 0.000000 0.000000 0.000000 0.000000 0.000000 0.000000 0.000000 0.000000 0.000000 0.000000 0.000000 0.000000 0.000000 
166.041105 166.039847 166.038588 166.037330 166.036911 166.036072 166.035233 166.034394 166.033974 166.033555 166.033555 166.033555 166.033136 166.033136 166.033555 166.034394 166.035233 166.036911 166.038169 166.041105 0.000000 0.000000 0.000000 0.000000 0.000000 0.000000 0.000000 0.000000 0.000000 0.000000 0.000000 0.000000 0.000000 0.000000 0.000000 
166.041105 166.039847 166.038588 166.037330 166.036072 166.034813 166.033555 166.032297 166.031877 166.030619 166.030200 166.029780 166.029361 166.028941 166.028941 166.028941 166.028941 166.029361 166.030200 166.031458 166.033136 166.035652 166.038588 0.000000 0.000000 0.000000 0.000000 0.000000 0.000000 0.000000 0.000000 0.000000 0.000000 0.000000 0.000000 
166.041105 166.039847 166.038588 166.037330 166.036072 166.034813 166.033555 166.032297 166.031038 166.029780 166.028522 166.027263 166.026844 166.026005 166.025166 166.024747 166.024747 166.024327 166.024327 166.024747 166.025166 166.026425 166.028102 166.030619 166.033555 166.037749 0.000000 0.000000 0.000000 0.000000 0.000000 0.000000 0.000000 0.000000 0.000000 
0.000000 166.041524 166.039847 166.038169 166.036491 166.034813 166.033555 166.032297 166.031038 166.029780 166.028522 166.027263 166.026005 166.024747 166.023489 166.022230 166.021811 166.020972 166.020552 166.020133 166.020133 166.020133 166.020552 166.021391 166.022650 166.025586 166.028522 166.033136 166.039008 0.000000 0.000000 0.000000 0.000000 0.000000 0.000000 
0.000000 0.000000 0.000000 166.040685 166.038588 166.036911 166.035233 166.033555 166.031877 166.030200 166.028522 166.027263 166.026005 166.024747 166.023489 166.022230 166.020972 166.019714 166.018455 166.017197 166.016778 166.015939 166.015939 166.015519 166.015519 166.016358 166.017616 166.020133 166.023908 166.028941 166.036491 0.000000 0.000000 0.000000 0.000000 
0.000000 0.000000 0.000000 0.000000 0.000000 166.040266 166.038169 166.036491 166.034394 166.032716 166.030619 166.028941 166.027263 166.025586 166.023908 166.022230 166.020972 166.019714 166.018455 166.017197 166.015939 166.014680 166.013422 166.012583 166.011744 166.011325 166.011325 166.011325 166.012583 166.015100 166.019294 166.026425 166.036491 0.000000 0.000000 
0.000000 0.000000 0.000000 0.000000 0.000000 0.000000 0.000000 166.040685 166.038588 166.036491 166.034813 166.032716 166.030619 166.028522 166.026425 166.024747 166.022650 166.020972 166.019294 166.017616 166.015939 166.014680 166.013422 166.012164 166.010905 166.009647 166.008389 166.007550 166.006711 166.006711 166.007550 166.010067 166.016358 166.027683 0.000000 
0.000000 0.000000 0.000000 0.000000 0.000000 0.000000 0.000000 0.000000 0.000000 0.000000 166.039847 166.037749 166.035652 166.033555 166.031458 166.028941 166.027263 166.025166 166.023069 166.020972 166.018875 166.016778 166.014680 166.013003 166.011325 166.009647 166.008389 166.007130 166.005872 166.004614 166.003356 166.002517 166.002517 166.005872 166.035233 
0.000000 0.000000 0.000000 0.000000 0.000000 0.000000 0.000000 0.000000 0.000000 0.000000 0.000000 0.000000 0.000000 166.040266 166.038169 166.036072 166.033555 166.031458 166.028941 166.026844 166.024747 166.022230 166.020133 166.018036 166.015519 166.013422 166.011325 166.009228 166.007130 166.005033 166.003356 166.002097 166.000839 166.000000 166.028941 
0.000000 0.000000 0.000000 0.000000 0.000000 0.000000 0.000000 0.000000 0.000000 0.000000 0.000000 0.000000 0.000000 0.000000 0.000000 0.000000 0.000000 0.000000 166.041524 166.039008 166.036911 166.034394 166.032297 166.030200 166.027683 166.025586 166.023069 166.021391 166.018875 166.017197 166.015519 166.014680 166.013841 166.015519 166.037749 
0.000000 0.000000 0.000000 0.000000 0.000000 0.000000 0.000000 0.000000 0.000000 0.000000 0.000000 0.000000 0.000000 0.000000 0.000000 0.000000 0.000000 0.000000 0.000000 0.000000 0.000000 0.000000 0.000000 0.000000 0.000000 0.000000 0.000000 166.040685 166.040266 166.039427 166.039427 166.040685 0.000000 0.000000 0.000000 
