test/output/constant/M370_S060_A090_WD225.0_WS050.0/M370_S060_A090_WD225.0_WS050.0_arrival.asc
ncols         32
nrows         7
xllcorner     426603.990666
yllcorner     12748355.311160
cellsize      100.000000
NODATA_value  0.000000
0.000000 0.000000 166.035289 166.030312 166.028050 166.026693 166.025788 166.025336 166.025336 166.026241 166.026693 166.027146 166.028050 166.028503 166.029408 166.030312 166.031217 166.032575 166.033479 166.034837 166.035742 166.037099 166.038456 166.039813 166.041171 0.000000 0.000000 0.000000 0.000000 0.000000 0.000000 0.000000 
166.014930 166.009953 166.008596 166.009049 166.009501 166.010406 166.011311 166.012215 166.013573 166.014930 166.016287 166.017645 166.019002 166.020359 166.021716 166.023074 166.024431 166.025788 166.027598 166.028955 166.030312 166.031670 166.033027 166.034384 166.035742 166.037099 166.038909 166.040266 166.041623 0.000000 0.000000 0.000000 
166.000000 166.000905 166.002262 166.003619 166.004977 166.006334 166.007691 166.009049 166.010406 166.011763 166.013120 166.014478 166.015835 166.017192 166.018549 166.019907 166.021264 166.022621 166.023979 166.025336 166.026693 166.028050 166.029408 166.030765 166.032122 166.033479 166.034837 166.036194 166.038004 166.039361 166.040718 0.000000 
166.011763 166.005882 166.004977 166.004977 166.005882 166.006786 166.007691 166.009049 166.010406 166.011763 166.013120 166.014025 166.015382 166.016740 166.018097 166.019454 166.020812 166.022169 166.023526 166.024883 166.026241 166.027598 166.028955 166.030312 166.031670 166.033027 166.033932 166.035289 166.036646 166.038004 166.039361 166.040718 
0.000000 166.032122 166.023979 166.019002 166.016287 166.014930 166.014025 166.014025 166.014025 166.014930 166.015382 166.016287 166.017192 166.018097 166.019454 166.020359 166.021716 166.022621 166.023979 166.024883 166.026241 166.027598 166.028955 166.030312 166.031670 166.033027 166.034384 166.035742 166.037099 166.038004 166.039361 166.040718 
0.000000 0.000000 0.000000 0.000000 166.037099 166.032122 166.028503 166.026241 166.025336 166.024431 166.023526 166.023526 166.023526 166.023526 166.023979 166.024431 166.025336 166.026241 166.027146 166.028050 166.028955 166.029860 166.030765 166.032122 166.033027 166.033932 166.035289 166.036194 166.037551 166.038909 166.040266 166.041171 
0.000000 0.000000 0.000000 0.000000 0.000000 0.000000 0.000000 0.000000 166.041623 166.038909 166.036646 166.035289 166.034384 166.033932 166.033027 166.032575 166.032575 166.032575 166.032575 166.033027 166.033932 166.034384 166.035289 166.035742 166.036646 166.037551 166.038456 166.039361 166.040718 166.041623 0.000000 0.000000 
