test/output/constant/M3M490_S060_A000_WD135.0_WS015.0/M3M490_S060_A000_WD135.0_WS015.0_raz.asc
ncols         56
nrows         15
xllcorner     421103.990666
yllcorner     12748655.311160
cellsize      100.000000
NODATA_value  0.000000
0 0 0 283 283 287 287 282 287 287 286 286 287 321 286 0 0 0 0 0 0 0 0 0 0 0 0 0 0 0 0 0 0 0 0 0 0 0 0 0 0 0 0 0 0 0 0 0 0 0 0 0 0 0 0 0 
282 282 282 282 282 282 282 282 284 282 286 283 287 287 287 287 287 288 287 288 287 288 0 0 0 0 0 0 0 0 0 0 0 0 0 0 0 0 0 0 0 0 0 0 0 0 0 0 0 0 0 0 0 0 0 0 
282 282 282 282 282 282 282 282 282 282 282 282 285 282 286 283 286 287 286 287 311 287 288 288 288 287 287 287 0 0 0 0 0 0 0 0 0 0 0 0 0 0 0 0 0 0 0 0 0 0 0 0 0 0 0 0 
0 281 269 271 282 282 282 282 282 282 282 282 282 282 282 282 283 282 286 284 287 287 287 288 287 288 321 287 311 359 359 287 0 0 0 0 0 0 0 0 0 0 0 0 0 0 0 0 0 0 0 0 0 0 0 0 
0 0 273 269 282 269 271 271 279 282 282 282 282 282 282 282 282 282 282 282 283 282 287 282 287 286 287 311 321 311 321 288 311 359 288 288 0 0 0 0 0 0 0 0 0 0 0 0 0 0 0 0 0 0 0 0 
0 0 0 0 274 273 282 271 279 280 269 269 282 282 282 282 282 282 282 282 282 282 282 282 284 282 286 283 286 287 287 287 321 288 288 287 288 336 336 288 0 0 0 0 0 0 0 0 0 0 0 0 0 0 0 0 
0 0 0 0 0 0 275 269 273 281 269 269 269 269 282 271 273 282 282 282 282 282 282 282 282 282 282 282 285 282 287 283 286 287 288 288 336 288 288 359 336 288 288 0 0 0 0 0 0 0 0 0 0 0 0 0 
0 0 0 0 0 0 0 0 0 271 271 275 269 276 269 276 271 276 274 282 282 271 282 282 282 282 282 282 282 282 282 282 282 282 287 283 288 287 288 311 288 336 359 288 288 336 0 0 0 0 0 0 0 0 0 0 
0 0 0 0 0 0 0 0 0 0 0 269 276 275 271 271 276 271 276 271 277 269 269 271 269 282 271 282 282 282 282 282 282 282 282 282 283 286 286 321 287 288 336 288 288 288 288 288 359 0 0 0 0 0 0 0 
0 0 0 0 0 0 0 0 0 0 0 0 0 0 0 269 276 269 271 269 276 271 279 276 271 276 271 273 274 282 269 282 282 282 282 282 282 282 282 282 282 282 287 287 287 12 288 288 288 289 5 0 0 0 0 0 
0 0 0 0 0 0 0 0 0 0 0 0 0 0 0 0 0 0 269 271 269 277 271 271 277 269 271 271 271 271 275 271 276 269 269 271 271 282 277 282 282 282 282 282 282 282 286 287 321 288 321 288 289 0 0 0 
0 0 0 0 0 0 0 0 0 0 0 0 0 0 0 0 0 0 0 0 0 0 269 269 271 269 275 271 271 273 269 269 271 269 274 269 269 276 271 274 271 282 282 282 282 282 282 284 282 282 286 359 288 289 5 0 
0 0 0 0 0 0 0 0 0 0 0 0 0 0 0 0 0 0 0 0 0 0 0 0 0 0 269 271 269 269 269 271 271 269 269 271 271 271 269 269 271 269 274 269 278 271 279 282 282 282 282 282 282 282 321 336 
0 0 0 0 0 0 0 0 0 0 0 0 0 0 0 0 0 0 0 0 0 0 0 0 0 0 0 0 0 0 0 269 269 271 269 269 269 271 269 269 269 269 269 269 269 269 271 269 271 271 274 278 273 282 282 254 
0 0 0 0 0 0 0 0 0 0 0 0 0 0 0 0 0 0 0 0 0 0 0 0 0 0 0 0 0 0 0 0 0 0 0 0 0 0 0 0 0 269 269 269 269 269 269 269 269 269 269 269 269 263 259 192 
