test/output/constant/M3M490_S060_A000_WD135.0_WS015.0/M3M490_S060_A000_WD135.0_WS015.0_ros.asc
ncols         56
nrows         15
xllcorner     421103.990666
yllcorner     12748655.311160
cellsize      100.000000
NODATA_value  0.000000
0.000000 0.000000 0.000000 90.788666 90.788666 71.100403 71.100403 92.693710 71.100403 71.100403 77.564301 77.564301 71.100403 4.638003 77.564301 0.000000 0.000000 0.000000 0.000000 0.000000 0.000000 0.000000 0.000000 0.000000 0.000000 0.000000 0.000000 0.000000 0.000000 0.000000 0.000000 0.000000 0.000000 0.000000 0.000000 0.000000 0.000000 0.000000 0.000000 0.000000 0.000000 0.000000 0.000000 0.000000 0.000000 0.000000 0.000000 0.000000 0.000000 0.000000 0.000000 0.000000 0.000000 0.000000 0.000000 0.000000 
93.225334 93.225334 93.225334 93.225334 93.225334 93.225334 93.225334 93.225334 87.560417 93.225334 77.564301 90.788666 71.100403 71.100403 71.100403 71.100403 71.100403 63.911991 71.100403 63.911991 71.100403 63.911991 0.000000 0.000000 0.000000 0.000000 0.000000 0.000000 0.000000 0.000000 0.000000 0.000000 0.000000 0.000000 0.000000 0.000000 0.000000 0.000000 0.000000 0.000000 0.000000 0.000000 0.000000 0.000000 0.000000 0.000000 0.000000 0.000000 0.000000 0.000000 0.000000 0.000000 0.000000 0.000000 0.000000 0.000000 
93.225334 93.225334 93.225334 93.225334 93.225334 93.225334 93.225334 93.225334 93.072998 93.225334 93.072998 93.225334 83.107155 93.225334 77.564301 90.788666 77.564301 71.100403 77.564301 71.100403 8.071699 71.100403 63.911991 63.911991 63.911991 71.100403 71.100403 71.100403 0.000000 0.000000 0.000000 0.000000 0.000000 0.000000 0.000000 0.000000 0.000000 0.000000 0.000000 0.000000 0.000000 0.000000 0.000000 0.000000 0.000000 0.000000 0.000000 0.000000 0.000000 0.000000 0.000000 0.000000 0.000000 0.000000 0.000000 0.000000 
0.000000 93.149956 33.473660 41.309471 93.225334 93.225334 93.225334 93.225334 93.225334 93.225334 93.225334 93.225334 93.225334 93.225334 93.225334 93.225334 90.788666 93.225334 77.564301 87.560417 71.100403 71.100403 71.100403 63.911991 71.100403 63.911991 4.638003 71.100403 8.071699 1.135371 1.135371 71.100403 0.000000 0.000000 0.000000 0.000000 0.000000 0.000000 0.000000 0.000000 0.000000 0.000000 0.000000 0.000000 0.000000 0.000000 0.000000 0.000000 0.000000 0.000000 0.000000 0.000000 0.000000 0.000000 0.000000 0.000000 
0.000000 0.000000 49.323875 33.473660 93.225334 33.473660 41.309471 41.309471 88.074631 93.225334 93.225334 93.225334 93.225334 93.225334 93.225334 93.225334 93.225334 93.225334 93.225334 93.225334 90.788666 93.225334 71.100403 93.072998 71.100403 77.564301 71.100403 8.071699 4.638003 8.071699 4.638003 63.911991 8.071699 1.135371 63.911991 63.911991 0.000000 0.000000 0.000000 0.000000 0.000000 0.000000 0.000000 0.000000 0.000000 0.000000 0.000000 0.000000 0.000000 0.000000 0.000000 0.000000 0.000000 0.000000 0.000000 0.000000 
0.000000 0.000000 0.000000 0.000000 57.273632 49.323875 93.225334 41.309471 88.074631 91.127861 33.473660 33.473660 93.225334 93.225334 93.225334 93.225334 93.225334 93.225334 93.225334 93.225334 93.225334 93.225334 93.225334 93.225334 87.560417 93.225334 77.564301 90.788666 77.564301 71.100403 71.100403 71.100403 4.638003 63.911991 63.911991 71.100403 63.911991 2.365448 2.365448 63.911991 0.000000 0.000000 0.000000 0.000000 0.000000 0.000000 0.000000 0.000000 0.000000 0.000000 0.000000 0.000000 0.000000 0.000000 0.000000 0.000000 
0.000000 0.000000 0.000000 0.000000 0.000000 0.000000 64.917397 33.473660 49.323875 92.847244 33.473660 33.473660 33.473660 33.473660 93.225334 41.309471 49.323875 93.225334 93.225334 93.225334 93.225334 93.225334 93.225334 93.225334 92.693710 93.225334 93.225334 93.225334 83.107155 93.225334 71.100403 90.788666 77.564301 71.100403 63.911991 63.911991 2.365448 63.911991 63.911991 1.135371 2.365448 63.911991 63.911991 0.000000 0.000000 0.000000 0.000000 0.000000 0.000000 0.000000 0.000000 0.000000 0.000000 0.000000 0.000000 0.000000 
0.000000 0.000000 0.000000 0.000000 0.000000 0.000000 0.000000 0.000000 0.000000 41.309471 41.309471 64.917397 33.473660 72.023109 33.473660 72.023109 41.309471 72.023109 57.273632 93.225334 93.225334 41.309471 93.225334 93.225334 93.225334 93.225334 93.225334 93.225334 93.225334 93.225334 93.225334 93.225334 92.693710 93.225334 71.100403 90.788666 63.911991 71.100403 63.911991 8.071699 63.911991 2.365448 1.135371 63.911991 63.911991 2.365448 0.000000 0.000000 0.000000 0.000000 0.000000 0.000000 0.000000 0.000000 0.000000 0.000000 
0.000000 0.000000 0.000000 0.000000 0.000000 0.000000 0.000000 0.000000 0.000000 0.000000 0.000000 33.473660 72.023109 64.917397 41.309471 41.309471 72.023109 41.309471 72.023109 41.309471 78.375008 33.473660 33.473660 41.309471 33.473660 93.225334 41.309471 93.225334 93.225334 93.225334 93.225334 93.225334 93.225334 93.225334 93.225334 93.225334 90.788666 77.564301 77.564301 4.638003 71.100403 63.911991 2.365448 63.911991 63.911991 63.911991 63.911991 63.911991 1.135371 0.000000 0.000000 0.000000 0.000000 0.000000 0.000000 0.000000 
0.000000 0.000000 0.000000 0.000000 0.000000 0.000000 0.000000 0.000000 0.000000 0.000000 0.000000 0.000000 0.000000 0.000000 0.000000 33.473660 72.023109 33.473660 41.309471 33.473660 72.023109 41.309471 88.074631 72.023109 41.309471 72.023109 41.309471 49.323875 57.273632 93.225334 33.473660 93.225334 93.225334 93.225334 93.225334 93.225334 93.225334 93.225334 93.225334 93.225334 93.225334 93.225334 71.100403 71.100403 71.100403 0.854756 63.911991 63.911991 63.911991 56.217648 0.979421 0.000000 0.000000 0.000000 0.000000 0.000000 
0.000000 0.000000 0.000000 0.000000 0.000000 0.000000 0.000000 0.000000 0.000000 0.000000 0.000000 0.000000 0.000000 0.000000 0.000000 0.000000 0.000000 0.000000 33.473660 41.309471 33.473660 78.375008 41.309471 41.309471 78.375008 33.473660 41.309471 41.309471 41.309471 41.309471 64.917397 41.309471 72.023109 33.473660 33.473660 41.309471 41.309471 93.225334 78.375008 93.225334 93.225334 93.225334 93.225334 93.225334 93.225334 93.225334 77.564301 71.100403 4.638003 63.911991 4.638003 63.911991 56.217648 0.000000 0.000000 0.000000 
0.000000 0.000000 0.000000 0.000000 0.000000 0.000000 0.000000 0.000000 0.000000 0.000000 0.000000 0.000000 0.000000 0.000000 0.000000 0.000000 0.000000 0.000000 0.000000 0.000000 0.000000 0.000000 33.473660 33.473660 41.309471 33.473660 64.917397 41.309471 41.309471 49.323875 33.473660 33.473660 41.309471 33.473660 57.273632 33.473660 33.473660 72.023109 41.309471 57.273632 41.309471 93.225334 93.225334 93.225334 93.225334 93.225334 93.225334 87.560417 93.225334 93.225334 77.564301 1.135371 63.911991 56.217648 0.979421 0.000000 
0.000000 0.000000 0.000000 0.000000 0.000000 0.000000 0.000000 0.000000 0.000000 0.000000 0.000000 0.000000 0.000000 0.000000 0.000000 0.000000 0.000000 0.000000 0.000000 0.000000 0.000000 0.000000 0.000000 0.000000 0.000000 0.000000 33.473660 41.309471 33.473660 33.473660 33.473660 41.309471 41.309471 33.473660 33.473660 41.309471 41.309471 41.309471 33.473660 33.473660 41.309471 33.473660 57.273632 33.473660 83.780220 41.309471 88.074631 93.225334 93.225334 93.225334 93.225334 93.225334 93.225334 93.225334 4.638003 2.365448 
0.000000 0.000000 0.000000 0.000000 0.000000 0.000000 0.000000 0.000000 0.000000 0.000000 0.000000 0.000000 0.000000 0.000000 0.000000 0.000000 0.000000 0.000000 0.000000 0.000000 0.000000 0.000000 0.000000 0.000000 0.000000 0.000000 0.000000 0.000000 0.000000 0.000000 0.000000 33.473660 33.473660 41.309471 33.473660 33.473660 33.473660 41.309471 33.473660 33.473660 33.473660 33.473660 33.473660 33.473660 33.473660 33.473660 41.309471 33.473660 41.309471 41.309471 57.273632 83.780220 49.323875 93.225334 93.225334 -1.000000 
0.000000 0.000000 0.000000 0.000000 0.000000 0.000000 0.000000 0.000000 0.000000 0.000000 0.000000 0.000000 0.000000 0.000000 0.000000 0.000000 0.000000 0.000000 0.000000 0.000000 0.000000 0.000000 0.000000 0.000000 0.000000 0.000000 0.000000 0.000000 0.000000 0.000000 0.000000 0.000000 0.000000 0.000000 0.000000 0.000000 0.000000 0.000000 0.000000 0.000000 0.000000 33.473660 33.473660 33.473660 33.473660 33.473660 33.473660 33.473660 33.473660 33.473660 33.473660 33.473660 33.473660 19.276047 13.344627 0.854756 
