test/output/constant/C1_S060_A270_WD180.0_WS050.0/C1_S060_A270_WD180.0_WS050.0_arrival.asc
ncols         7
nrows         44
xllcorner     426303.990666
yllcorner     12748755.311160
cellsize      100.000000
NODATA_value  0.000000
0.000000 0.000000 0.000000 166.041667 0.000000 0.000000 0.000000 
0.000000 0.000000 166.041321 166.040541 166.041321 0.000000 0.000000 
0.000000 0.000000 166.040541 166.039762 166.040541 0.000000 0.000000 
0.000000 0.000000 166.039372 166.038592 166.039372 0.000000 0.000000 
0.000000 166.041321 166.038592 166.037813 166.038592 166.041321 0.000000 
0.000000 166.040151 166.037423 166.036643 166.037423 166.040151 0.000000 
0.000000 166.039372 166.036643 166.035863 166.036643 166.039372 0.000000 
0.000000 166.038592 166.035863 166.034694 166.035863 166.038592 0.000000 
0.000000 166.037813 166.034694 166.033914 166.034694 166.037813 0.000000 
0.000000 166.036643 166.033914 166.032745 166.033914 166.036643 0.000000 
0.000000 166.035863 166.032745 166.031965 166.032745 166.035863 0.000000 
166.041321 166.035084 166.031965 166.030796 166.031965 166.035084 166.041321 
166.040541 166.033914 166.030796 166.030016 166.030796 166.033914 166.040541 
166.039762 166.033135 166.030016 166.028847 166.030016 166.033135 166.039762 
166.039372 166.032355 166.028847 166.028067 166.028847 166.032355 166.039372 
166.038592 166.031575 166.028067 166.026898 166.028067 166.031575 166.038592 
166.037813 166.030406 166.026898 166.026118 166.026898 166.030406 166.037813 
166.037423 166.029626 166.026118 166.024948 166.026118 166.029626 166.037423 
166.036643 166.028847 166.025338 166.024169 166.025338 166.028847 166.036643 
166.036253 166.028067 166.024169 166.022999 166.024169 166.028067 166.036253 
166.035474 166.027287 166.023389 166.022220 166.023389 166.027287 166.035474 
166.035474 166.026508 166.022220 166.021050 166.022220 166.026508 166.035474 
166.035863 166.026118 166.021440 166.020271 166.021440 166.026118 166.035863 
166.035863 166.025338 166.020271 166.019101 166.020271 166.025338 166.035863 
166.035863 166.024559 166.019491 166.018322 166.019491 166.024559 166.035863 
166.036253 166.023779 166.018322 166.017152 166.018322 166.023779 166.036253 
166.036643 166.023389 166.017542 166.016372 166.017542 166.023389 166.036643 
166.037423 166.022610 166.016762 166.015203 166.016762 166.022610 166.037423 
166.037813 166.021830 166.015593 166.014423 166.015593 166.021830 166.037813 
166.038982 166.021440 166.014813 166.013254 166.014813 166.021440 166.038982 
166.040151 166.021440 166.013644 166.012474 166.013644 166.021440 166.040151 
0.000000 166.021440 166.012864 166.011305 166.012864 166.021440 0.000000 
0.000000 166.021830 166.011695 166.010525 166.011695 166.021830 0.000000 
0.000000 166.022220 166.010915 166.009356 166.010915 166.022220 0.000000 
0.000000 166.022999 166.010135 166.008576 166.010135 166.022999 0.000000 
0.000000 166.023779 166.009356 166.007407 166.009356 166.023779 0.000000 
0.000000 166.025728 166.008576 166.006627 166.008576 166.025728 0.000000 
0.000000 166.028067 166.007796 166.005457 166.007796 166.028067 0.000000 
0.000000 166.031965 166.007407 166.004678 166.007407 166.031965 0.000000 
0.000000 166.038202 166.007407 166.003508 166.007407 166.038202 0.000000 
0.000000 0.000000 166.007796 166.002729 166.007796 0.000000 0.000000 
0.000000 0.000000 166.009356 166.001559 166.009356 0.000000 0.000000 
0.000000 0.000000 166.014813 166.000780 166.014813 0.000000 0.000000 
0.000000 0.000000 0.000000 166.000000 0.000000 0.000000 0.000000 
