test/output/constant/C6_S000_A180_WD000.0_WS045.0/C6_S000_A180_WD000.0_WS045.0_arrival.asc
ncols         7
nrows         37
xllcorner     426303.990666
yllcorner     12745155.311160
cellsize      100.000000
NODATA_value  0.000000
0.000000 0.000000 166.032638 166.000000 166.032638 0.000000 0.000000 
0.000000 0.000000 166.010573 166.000919 166.010573 0.000000 0.000000 
0.000000 0.000000 166.007355 166.001839 166.007355 0.000000 0.000000 
0.000000 166.034017 166.006895 166.003218 166.006895 166.034017 0.000000 
0.000000 166.028041 166.006895 166.004137 166.006895 166.028041 0.000000 
0.000000 166.024823 166.007815 166.005516 166.007815 166.024823 0.000000 
0.000000 166.022525 166.008274 166.006436 166.008274 166.022525 0.000000 
0.000000 166.021605 166.009194 166.007815 166.009194 166.021605 0.000000 
0.000000 166.020686 166.010113 166.008734 166.010113 166.020686 0.000000 
166.039533 166.020226 166.011492 166.010113 166.011492 166.020226 166.039533 
166.037695 166.020226 166.012412 166.011033 166.012412 166.020226 166.037695 
166.036315 166.020226 166.013331 166.012412 166.013331 166.020226 166.036315 
166.035396 166.020686 166.014710 166.013331 166.014710 166.020686 166.035396 
166.034477 166.021605 166.015629 166.014710 166.015629 166.021605 166.034477 
166.034017 166.022065 166.017009 166.015629 166.017009 166.022065 166.034017 
166.034017 166.022984 166.017928 166.017009 166.017928 166.022984 166.034017 
166.033557 166.023904 166.018847 166.017928 166.018847 166.023904 166.033557 
166.033557 166.024823 166.020226 166.019307 166.020226 166.024823 166.033557 
166.033557 166.025283 166.021146 166.020226 166.021146 166.025283 166.033557 
166.034017 166.026202 166.022525 166.021605 166.022525 166.026202 166.034017 
166.034477 166.027122 166.023444 166.022525 166.023444 166.027122 166.034477 
166.035396 166.028041 166.024823 166.023904 166.024823 166.028041 166.035396 
166.036315 166.028960 166.025743 166.024823 166.025743 166.028960 166.036315 
166.036775 166.030340 166.027122 166.026202 166.027122 166.030340 166.036775 
166.037695 166.031259 166.028041 166.027122 166.028041 166.031259 166.037695 
166.038614 166.032178 166.029420 166.028501 166.029420 166.032178 166.038614 
166.039074 166.033098 166.030340 166.029420 166.030340 166.033098 166.039074 
166.039993 166.034477 166.031259 166.030799 166.031259 166.034477 166.039993 
166.040912 166.035396 166.032638 166.031719 166.032638 166.035396 166.040912 
166.041667 166.036315 166.033557 166.033098 166.033557 166.036315 166.041667 
0.000000 166.037235 166.034936 166.034017 166.034936 166.037235 0.000000 
0.000000 166.038614 166.035856 166.035396 166.035856 166.038614 0.000000 
0.000000 166.039533 166.037235 166.036315 166.037235 166.039533 0.000000 
0.000000 166.040453 166.038154 166.037695 166.038154 166.040453 0.000000 
0.000000 166.041667 166.039533 166.038614 166.039533 166.041667 0.000000 
0.000000 0.000000 166.040453 166.039993 166.040453 0.000000 0.000000 
0.000000 0.000000 166.041372 166.040912 166.041372 0.000000 0.000000 
