test/output/constant/M3M465_S060_A090_WD090.0_WS010.0/M3M465_S060_A090_WD090.0_WS010.0_arrival.asc
ncols         12
nrows         34
xllcorner     425603.990666
yllcorner     12745455.311160
cellsize      100.000000
NODATA_value  0.000000
0.000000 0.000000 0.000000 0.000000 0.000000 0.000000 0.000000 0.000000 0.000000 166.008212 166.000000 166.028983 
0.000000 0.000000 0.000000 0.000000 0.000000 0.000000 0.000000 0.000000 166.022220 166.002415 166.000966 166.023669 
0.000000 0.000000 0.000000 0.000000 0.000000 0.000000 0.000000 166.035745 166.010627 166.002415 166.001932 166.024152 
0.000000 0.000000 0.000000 0.000000 0.000000 0.000000 0.000000 166.022703 166.006763 166.003381 166.003864 166.025601 
0.000000 0.000000 0.000000 0.000000 0.000000 0.000000 166.035262 166.015457 166.006280 166.004830 166.006280 166.026567 
0.000000 0.000000 0.000000 0.000000 0.000000 0.000000 166.026084 166.012076 166.006280 166.005797 166.008695 166.029949 
0.000000 0.000000 0.000000 0.000000 0.000000 166.038161 166.020288 166.010627 166.007246 166.007246 166.011593 166.032364 
0.000000 0.000000 0.000000 0.000000 0.000000 166.030432 166.016907 166.010627 166.008695 166.008695 166.014491 166.035262 
0.000000 0.000000 0.000000 0.000000 0.000000 166.025601 166.015457 166.010627 166.009661 166.010627 166.017873 166.038644 
0.000000 0.000000 0.000000 0.000000 166.035262 166.022220 166.014974 166.011110 166.011110 166.013042 166.020771 166.041542 
0.000000 0.000000 0.000000 0.000000 166.030915 166.020288 166.014491 166.012076 166.012559 166.015457 166.023669 0.000000 
0.000000 0.000000 0.000000 166.040576 166.027534 166.019322 166.014974 166.013525 166.014008 166.017873 166.027050 0.000000 
0.000000 0.000000 0.000000 166.035745 166.025118 166.018839 166.015457 166.014974 166.015457 166.020771 166.029949 0.000000 
0.000000 0.000000 0.000000 166.032364 166.024152 166.018839 166.016424 166.015940 166.017873 166.023186 166.033330 0.000000 
0.000000 0.000000 166.041059 166.030432 166.023186 166.018839 166.017390 166.017390 166.019805 166.026084 166.036228 0.000000 
0.000000 0.000000 166.037677 166.028983 166.023186 166.019322 166.018839 166.018839 166.022220 166.028500 166.039127 0.000000 
0.000000 0.000000 166.035262 166.028017 166.023186 166.020288 166.019805 166.020771 166.024635 166.031398 0.000000 0.000000 
0.000000 0.000000 166.033813 166.027534 166.023186 166.021254 166.021254 166.022703 166.027050 166.034296 0.000000 0.000000 
0.000000 166.040093 166.032847 166.027050 166.023669 166.022220 166.022703 166.024635 166.029466 166.037677 0.000000 0.000000 
0.000000 166.038644 166.031881 166.027050 166.024152 166.023669 166.024152 166.027050 166.032364 166.040576 0.000000 0.000000 
0.000000 166.037677 166.031398 166.027534 166.025118 166.025118 166.025601 166.029466 166.035262 0.000000 0.000000 0.000000 
0.000000 166.036711 166.031398 166.027534 166.026084 166.026567 166.027534 166.031398 166.037677 0.000000 0.000000 0.000000 
0.000000 166.035745 166.031398 166.028500 166.027534 166.027534 166.029466 166.033813 166.040576 0.000000 0.000000 0.000000 
166.041542 166.035745 166.031398 166.028983 166.028983 166.029466 166.031881 166.036228 0.000000 0.000000 0.000000 0.000000 
166.040576 166.035262 166.031881 166.029949 166.029949 166.030915 166.033813 166.039127 0.000000 0.000000 0.000000 0.000000 
166.040093 166.035262 166.032364 166.031398 166.031398 166.032364 166.036228 166.041542 0.000000 0.000000 0.000000 0.000000 
166.039610 166.035745 166.033330 166.032847 166.032847 166.034779 166.038161 0.000000 0.000000 0.000000 0.000000 0.000000 
166.039610 166.036228 166.034296 166.033813 166.034296 166.036711 166.040576 0.000000 0.000000 0.000000 0.000000 0.000000 
166.039610 166.036711 166.035262 166.035262 166.035745 166.038644 0.000000 0.000000 0.000000 0.000000 0.000000 0.000000 
166.039610 166.037194 166.036228 166.036711 166.037677 166.040576 0.000000 0.000000 0.000000 0.000000 0.000000 0.000000 
166.040093 166.038161 166.037677 166.037677 166.039610 0.000000 0.000000 0.000000 0.000000 0.000000 0.000000 0.000000 
166.040576 166.039127 166.039127 166.039610 166.041542 0.000000 0.000000 0.000000 0.000000 0.000000 0.000000 0.000000 
166.041059 166.040093 166.040093 166.041059 0.000000 0.000000 0.000000 0.000000 0.000000 0.000000 0.000000 0.000000 
0.000000 166.041542 166.041542 0.000000 0.000000 0.000000 0.000000 0.000000 0.000000 0.000000 0.000000 0.000000 
