test/output/constant/M360_S060_A270_WD270.0_WS010.0/M360_S060_A270_WD270.0_WS010.0_arrival.asc
ncols         12
nrows         34
xllcorner     426503.990666
yllcorner     12748755.311160
cellsize      100.000000
NODATA_value  0.000000
0.000000 0.000000 0.000000 0.000000 0.000000 0.000000 0.000000 0.000000 0.000000 166.041542 166.041542 0.000000 
0.000000 0.000000 0.000000 0.000000 0.000000 0.000000 0.000000 0.000000 166.041059 166.040093 166.040093 166.041059 
0.000000 0.000000 0.000000 0.000000 0.000000 0.000000 0.000000 166.041542 166.039610 166.039127 166.039127 166.040576 
0.000000 0.000000 0.000000 0.000000 0.000000 0.000000 0.000000 166.039610 166.037677 166.037677 166.038161 166.040093 
0.000000 0.000000 0.000000 0.000000 0.000000 0.000000 166.040576 166.037677 166.036711 166.036228 166.037194 166.039610 
0.000000 0.000000 0.000000 0.000000 0.000000 0.000000 166.038644 166.035745 166.035262 166.035262 166.036711 166.039610 
0.000000 0.000000 0.000000 0.000000 0.000000 166.040576 166.036711 166.034296 166.033813 166.034296 166.036228 166.039610 
0.000000 0.000000 0.000000 0.000000 0.000000 166.038161 166.034779 166.032847 166.032847 166.033330 166.035745 166.039610 
0.000000 0.000000 0.000000 0.000000 166.041542 166.036228 166.032364 166.031398 166.031398 166.032364 166.035262 166.040093 
0.000000 0.000000 0.000000 0.000000 166.039127 166.033813 166.030915 166.029949 166.029949 166.031881 166.035262 166.040576 
0.000000 0.000000 0.000000 0.000000 166.036228 166.031881 166.029466 166.028983 166.028983 166.031398 166.035745 166.041542 
0.000000 0.000000 0.000000 166.040576 166.033813 166.029466 166.027534 166.027534 166.028500 166.031398 166.035745 0.000000 
0.000000 0.000000 0.000000 166.037677 166.031398 166.027534 166.026567 166.026084 166.027534 166.031398 166.036711 0.000000 
0.000000 0.000000 0.000000 166.035262 166.029466 166.025601 166.025118 166.025118 166.027534 166.031398 166.037677 0.000000 
0.000000 0.000000 166.040576 166.032364 166.027050 166.024152 166.023669 166.024152 166.027050 166.031881 166.038644 0.000000 
0.000000 0.000000 166.037677 166.029466 166.024635 166.022703 166.022220 166.023669 166.027050 166.032847 166.040093 0.000000 
0.000000 0.000000 166.034296 166.027050 166.022703 166.021254 166.021254 166.023186 166.027534 166.033813 0.000000 0.000000 
0.000000 0.000000 166.031398 166.024635 166.020771 166.019805 166.020288 166.023186 166.028017 166.035262 0.000000 0.000000 
0.000000 166.039127 166.028500 166.022220 166.018839 166.018839 166.019322 166.023186 166.028983 166.037677 0.000000 0.000000 
0.000000 166.036228 166.026084 166.019805 166.017390 166.017390 166.018839 166.023186 166.030432 166.041059 0.000000 0.000000 
0.000000 166.033330 166.023186 166.017873 166.015940 166.016424 166.018839 166.024152 166.032364 0.000000 0.000000 0.000000 
0.000000 166.029949 166.020771 166.015457 166.014974 166.015457 166.018839 166.025118 166.035745 0.000000 0.000000 0.000000 
0.000000 166.027050 166.017873 166.014008 166.013525 166.014974 166.019322 166.027534 166.040576 0.000000 0.000000 0.000000 
0.000000 166.023669 166.015457 166.012559 166.012076 166.014491 166.020288 166.030915 0.000000 0.000000 0.000000 0.000000 
166.041542 166.020771 166.013042 166.011110 166.011110 166.014974 166.022220 166.035262 0.000000 0.000000 0.000000 0.000000 
166.038644 166.017873 166.010627 166.009661 166.010627 166.015457 166.025601 0.000000 0.000000 0.000000 0.000000 0.000000 
166.035262 166.014491 166.008695 166.008695 166.010627 166.016907 166.030432 0.000000 0.000000 0.000000 0.000000 0.000000 
166.032364 166.011593 166.007246 166.007246 166.010627 166.020288 166.038161 0.000000 0.000000 0.000000 0.000000 0.000000 
166.029949 166.008695 166.005797 166.006280 166.012076 166.026084 0.000000 0.000000 0.000000 0.000000 0.000000 0.000000 
166.026567 166.006280 166.004830 166.006280 166.015457 166.035262 0.000000 0.000000 0.000000 0.000000 0.000000 0.000000 
166.025601 166.003864 166.003381 166.006763 166.022703 0.000000 0.000000 0.000000 0.000000 0.000000 0.000000 0.000000 
166.024152 166.001932 166.002415 166.010627 166.035745 0.000000 0.000000 0.000000 0.000000 0.000000 0.000000 0.000000 
166.023669 166.000966 166.002415 166.022220 0.000000 0.000000 0.000000 0.000000 0.000000 0.000000 0.000000 0.000000 
166.028983 166.000000 166.008212 0.000000 0.000000 0.000000 0.000000 0.000000 0.000000 0.000000 0.000000 0.000000 
