test/output/constant/C6_S060_A090_WD000.0_WS020.0/C6_S060_A090_WD000.0_WS020.0_arrival.asc
ncols         7
nrows         32
xllcorner     426303.990666
yllcorner     12745655.311160
cellsize      100.000000
NODATA_value  0.000000
0.000000 0.000000 166.031440 166.000000 166.031440 0.000000 0.000000 
0.000000 0.000000 166.008673 166.001084 166.008673 0.000000 0.000000 
0.000000 166.041667 166.007047 166.002168 166.007047 166.041667 0.000000 
0.000000 166.029814 166.007047 166.003795 166.007047 166.029814 0.000000 
0.000000 166.024936 166.007047 166.004879 166.007047 166.024936 0.000000 
0.000000 166.022225 166.008131 166.006505 166.008131 166.022225 0.000000 
0.000000 166.020599 166.009215 166.007589 166.009215 166.020599 0.000000 
166.040656 166.020057 166.010299 166.009215 166.010299 166.020057 166.040656 
166.037945 166.020057 166.011384 166.010299 166.011384 166.020057 166.037945 
166.035777 166.020057 166.013010 166.011926 166.013010 166.020057 166.035777 
166.034693 166.020599 166.014094 166.013010 166.014094 166.020599 166.034693 
166.034151 166.021141 166.015720 166.014636 166.015720 166.021141 166.034151 
166.033609 166.022225 166.016804 166.015720 166.016804 166.022225 166.033609 
166.033609 166.023309 166.018431 166.017346 166.018431 166.023309 166.033609 
166.033067 166.023851 166.019515 166.018431 166.019515 166.023851 166.033067 
166.033609 166.024936 166.020599 166.020057 166.020599 166.024936 166.033609 
166.033609 166.026020 166.022225 166.021141 166.022225 166.026020 166.033609 
166.034151 166.027104 166.023309 166.022767 166.023309 166.027104 166.034151 
166.035235 166.028188 166.024936 166.023851 166.024936 166.028188 166.035235 
166.036319 166.029272 166.026020 166.025478 166.026020 166.029272 166.036319 
166.036861 166.030356 166.027104 166.026562 166.027104 166.030356 166.036861 
166.037945 166.031983 166.028730 166.028188 166.028730 166.031983 166.037945 
166.039029 166.033067 166.029814 166.029272 166.029814 166.033067 166.039029 
166.039572 166.034151 166.031440 166.030898 166.031440 166.034151 166.039572 
166.040656 166.035235 166.032525 166.031983 166.032525 166.035235 166.040656 
166.041667 166.036861 166.034151 166.033609 166.034151 166.036861 166.041667 
0.000000 166.037945 166.035235 166.034693 166.035235 166.037945 0.000000 
0.000000 166.039029 166.036861 166.036319 166.036861 166.039029 0.000000 
0.000000 166.040656 166.037945 166.037403 166.037945 166.040656 0.000000 
0.000000 166.041667 166.039572 166.039029 166.039572 166.041667 0.000000 
0.000000 0.000000 166.040656 166.040114 166.040656 0.000000 0.000000 
0.000000 0.000000 0.000000 166.041667 0.000000 0.000000 0.000000 
