test/output/constant/M3M465_S060_A180_WD270.0_WS005.0/M3M465_S060_A180_WD270.0_WS005.0_arrival.asc
ncols         39
nrows         9
xllcorner     426603.990666
yllcorner     12748355.311160
cellsize      100.000000
NODATA_value  0.000000
0.000000 0.000000 0.000000 0.000000 0.000000 0.000000 0.000000 0.000000 0.000000 0.000000 0.000000 0.000000 0.000000 0.000000 0.000000 0.000000 0.000000 0.000000 166.041575 166.041575 166.041575 166.041575 166.041575 166.041575 166.041575 0.000000 0.000000 0.000000 0.000000 0.000000 0.000000 0.000000 0.000000 0.000000 0.000000 0.000000 0.000000 0.000000 0.000000 
0.000000 0.000000 0.000000 0.000000 0.000000 0.000000 0.000000 166.038074 166.035010 166.033260 166.031509 166.030634 166.030196 166.029759 166.029759 166.029759 166.029759 166.029759 166.030196 166.030634 166.031509 166.032384 166.032822 166.033697 166.034573 166.035010 166.035885 166.036761 166.037636 166.038511 166.039386 166.040262 166.041137 0.000000 0.000000 0.000000 0.000000 0.000000 0.000000 
0.000000 0.000000 166.036761 166.028008 166.023194 166.020568 166.018818 166.018380 166.017943 166.017943 166.017943 166.018380 166.018818 166.019693 166.020131 166.021006 166.021881 166.022757 166.023632 166.024507 166.025382 166.026258 166.027133 166.028008 166.029321 166.030196 166.031072 166.031947 166.033260 166.034135 166.035448 166.036323 166.037198 166.038511 166.039386 166.040262 166.041575 0.000000 0.000000 
166.019256 166.008315 166.006127 166.006127 166.006127 166.007002 166.007877 166.008753 166.009628 166.010503 166.011816 166.012691 166.013566 166.014879 166.015755 166.017067 166.017943 166.019256 166.020131 166.021444 166.022319 166.023194 166.024507 166.025382 166.026695 166.027570 166.028883 166.029759 166.031072 166.031947 166.033260 166.034135 166.035448 166.036323 166.037198 166.038511 166.039386 166.040699 166.041575 
166.000000 166.000875 166.001751 166.003063 166.003939 166.005252 166.006127 166.007440 166.008315 166.009628 166.010503 166.011816 166.012691 166.014004 166.014879 166.016192 166.017067 166.018380 166.019256 166.020568 166.021444 166.022757 166.023632 166.024945 166.025820 166.027133 166.028008 166.029321 166.030196 166.031509 166.032384 166.033697 166.034573 166.035885 166.036761 166.038074 166.038949 166.040262 166.041137 
166.019256 166.008315 166.006127 166.006127 166.006127 166.007002 166.007877 166.008753 166.009628 166.010503 166.011816 166.012691 166.013566 166.014879 166.015755 166.017067 166.017943 166.019256 166.020131 166.021444 166.022319 166.023194 166.024507 166.025382 166.026695 166.027570 166.028883 166.029759 166.031072 166.031947 166.033260 166.034135 166.035448 166.036323 166.037198 166.038511 166.039386 166.040699 166.041575 
0.000000 0.000000 166.036761 166.028008 166.023194 166.020568 166.018818 166.018380 166.017943 166.017943 166.017943 166.018380 166.018818 166.019693 166.020131 166.021006 166.021881 166.022757 166.023632 166.024507 166.025382 166.026258 166.027133 166.028008 166.029321 166.030196 166.031072 166.031947 166.033260 166.034135 166.035448 166.036323 166.037198 166.038511 166.039386 166.040262 166.041575 0.000000 0.000000 
0.000000 0.000000 0.000000 0.000000 0.000000 0.000000 0.000000 166.038074 166.035010 166.033260 166.031509 166.030634 166.030196 166.029759 166.029759 166.029759 166.029759 166.029759 166.030196 166.030634 166.031509 166.032384 166.032822 166.033697 166.034573 166.035010 166.035885 166.036761 166.037636 166.038511 166.039386 166.040262 166.041137 0.000000 0.000000 0.000000 0.000000 0.000000 0.000000 
0.000000 0.000000 0.000000 0.000000 0.000000 0.000000 0.000000 0.000000 0.000000 0.000000 0.000000 0.000000 0.000000 0.000000 0.000000 0.000000 0.000000 0.000000 166.041575 166.041575 166.041575 166.041575 166.041575 166.041575 166.041575 0.000000 0.000000 0.000000 0.000000 0.000000 0.000000 0.000000 0.000000 0.000000 0.000000 0.000000 0.000000 0.000000 0.000000 
