test/output/constant/M3M4100_S000_A180_WD000.0_WS025.0/M3M4100_S000_A180_WD000.0_WS025.0_raz.asc
ncols         11
nrows         35
xllcorner     426103.990666
yllcorner     12745555.311160
cellsize      100.000000
NODATA_value  0.000000
0 0 0 0 0 327 0 0 0 0 0 
0 0 0 285 327 327 32 74 0 0 0 
0 0 0 270 327 254 74 90 0 0 0 
0 0 270 285 285 180 74 74 90 0 0 
0 0 285 285 193 180 166 74 74 0 0 
0 285 270 258 187 180 172 170 90 74 0 
0 270 258 191 180 180 175 166 166 163 0 
0 285 258 189 180 180 177 170 170 74 0 
0 258 247 189 182 180 177 170 166 168 0 
0 258 191 185 180 180 179 174 166 168 0 
285 270 185 185 180 180 177 174 172 168 74 
270 193 187 184 189 180 170 160 168 166 170 
285 247 180 180 180 180 177 168 168 166 74 
191 191 187 187 185 180 174 172 172 175 160 
235 184 185 180 180 180 179 174 174 124 168 
191 187 187 180 180 179 180 174 172 166 172 
193 182 180 182 180 180 170 177 163 168 163 
196 187 191 180 180 179 172 177 168 172 163 
182 185 185 180 180 180 175 179 174 166 124 
187 185 184 185 180 177 175 174 175 174 168 
182 185 189 180 180 180 175 175 170 174 168 
189 180 187 180 180 174 177 177 172 166 170 
184 187 187 182 180 180 177 177 172 172 168 
185 180 182 180 180 174 177 168 177 174 174 
184 180 185 180 180 180 177 179 174 166 166 
185 189 180 196 180 172 177 163 177 170 174 
191 184 180 180 180 180 177 179 177 175 168 
0 184 182 180 180 172 177 179 177 175 0 
0 180 189 180 180 180 177 179 170 179 0 
0 182 180 180 180 172 177 177 177 177 0 
0 184 180 180 180 180 177 175 175 175 0 
0 0 185 180 180 172 177 179 174 0 0 
0 0 180 191 180 180 179 168 179 0 0 
0 0 0 180 180 179 179 179 0 0 0 
0 0 0 0 180 180 179 0 0 0 0 
