test/output/constant/M285_S000_A090_WD090.0_WS045.0/M285_S000_A090_WD090.0_WS045.0_arrival.asc
ncols         32
nrows         7
xllcorner     423503.990666
yllcorner     12748455.311160
cellsize      100.000000
NODATA_value  0.000000
0.000000 0.000000 0.000000 0.000000 0.000000 0.000000 0.000000 0.000000 0.000000 0.000000 166.041377 166.040302 166.039765 166.039227 166.039227 166.039227 166.039227 166.039765 166.040302 166.040840 0.000000 0.000000 0.000000 0.000000 0.000000 0.000000 0.000000 0.000000 0.000000 0.000000 0.000000 0.000000 
0.000000 0.000000 0.000000 166.041377 166.040302 166.038690 166.037615 166.036541 166.034929 166.033854 166.032779 166.031704 166.030630 166.029555 166.029018 166.027943 166.026868 166.025793 166.025256 166.024181 166.023644 166.023644 166.023644 166.024181 166.024719 166.026331 166.029018 166.032242 166.039227 0.000000 0.000000 0.000000 
0.000000 166.040840 166.039227 166.038153 166.036541 166.035466 166.034391 166.032779 166.031704 166.030092 166.029018 166.027405 166.026331 166.024719 166.023644 166.022032 166.020957 166.019882 166.018270 166.017196 166.015584 166.014509 166.013434 166.011822 166.010747 166.009673 166.009135 166.008060 166.008060 166.008598 166.012359 166.030630 
166.041377 166.039765 166.038690 166.037078 166.036003 166.034391 166.033316 166.031704 166.030630 166.029018 166.027943 166.026331 166.025256 166.023644 166.022569 166.020957 166.019882 166.018270 166.017196 166.015584 166.014509 166.012897 166.011822 166.010210 166.009135 166.007523 166.006448 166.004836 166.003762 166.002149 166.001075 166.000000 
0.000000 166.040840 166.039227 166.038153 166.036541 166.035466 166.034391 166.032779 166.031704 166.030092 166.029018 166.027405 166.026331 166.024719 166.023644 166.022032 166.020957 166.019882 166.018270 166.017196 166.015584 166.014509 166.013434 166.011822 166.010747 166.009673 166.009135 166.008060 166.008060 166.008598 166.012359 166.030630 
0.000000 0.000000 0.000000 166.041377 166.040302 166.038690 166.037615 166.036541 166.034929 166.033854 166.032779 166.031704 166.030630 166.029555 166.029018 166.027943 166.026868 166.025793 166.025256 166.024181 166.023644 166.023644 166.023644 166.024181 166.024719 166.026331 166.029018 166.032242 166.039227 0.000000 0.000000 0.000000 
0.000000 0.000000 0.000000 0.000000 0.000000 0.000000 0.000000 0.000000 0.000000 0.000000 166.041377 166.040302 166.039765 166.039227 166.039227 166.039227 166.039227 166.039765 166.040302 166.040840 0.000000 0.000000 0.000000 0.000000 0.000000 0.000000 0.000000 0.000000 0.000000 0.000000 0.000000 0.000000 
