test/output/constant/M3M470_S060_A270_WD270.0_WS010.0/M3M470_S060_A270_WD270.0_WS010.0_arrival.asc
ncols         13
nrows         37
xllcorner     426503.990666
yllcorner     12748755.311160
cellsize      100.000000
NODATA_value  0.000000
0.000000 0.000000 0.000000 0.000000 0.000000 0.000000 0.000000 0.000000 0.000000 0.000000 166.041667 166.041667 0.000000 
0.000000 0.000000 0.000000 0.000000 0.000000 0.000000 0.000000 0.000000 0.000000 166.040824 166.040380 166.040380 0.000000 
0.000000 0.000000 0.000000 0.000000 0.000000 0.000000 0.000000 0.000000 166.040380 166.039493 166.039493 166.039493 166.041667 
0.000000 0.000000 0.000000 0.000000 0.000000 0.000000 0.000000 166.041268 166.039049 166.038161 166.038161 166.038605 166.041268 
0.000000 0.000000 0.000000 0.000000 0.000000 0.000000 0.000000 166.039493 166.037718 166.036830 166.036830 166.038161 166.040824 
0.000000 0.000000 0.000000 0.000000 0.000000 0.000000 166.041268 166.037718 166.035943 166.035943 166.035943 166.037718 166.040824 
0.000000 0.000000 0.000000 0.000000 0.000000 0.000000 166.039049 166.035943 166.034612 166.034612 166.035055 166.037274 166.040824 
0.000000 0.000000 0.000000 0.000000 0.000000 166.041268 166.037274 166.034168 166.033280 166.033280 166.034168 166.036830 166.040824 
0.000000 0.000000 0.000000 0.000000 0.000000 166.039049 166.035055 166.032837 166.032393 166.032393 166.033724 166.036830 166.041268 
0.000000 0.000000 0.000000 0.000000 0.000000 166.036830 166.033280 166.031505 166.031062 166.031505 166.033280 166.036830 166.041667 
0.000000 0.000000 0.000000 0.000000 166.039936 166.035055 166.031505 166.030174 166.029730 166.030618 166.033280 166.036830 0.000000 
0.000000 0.000000 0.000000 0.000000 166.037718 166.032837 166.029730 166.028843 166.028843 166.030174 166.032837 166.037718 0.000000 
0.000000 0.000000 0.000000 166.041667 166.035055 166.030618 166.027955 166.027512 166.027512 166.029730 166.032837 166.038161 0.000000 
0.000000 0.000000 0.000000 166.039049 166.032837 166.028843 166.026624 166.026624 166.026624 166.029287 166.033280 166.039049 0.000000 
0.000000 0.000000 0.000000 166.036830 166.030618 166.027068 166.025293 166.025293 166.026181 166.029287 166.033724 166.039936 0.000000 
0.000000 0.000000 0.000000 166.034168 166.028399 166.025293 166.023962 166.023962 166.025737 166.029287 166.034612 166.041268 0.000000 
0.000000 0.000000 166.039936 166.031949 166.026624 166.023518 166.023074 166.023074 166.025293 166.029730 166.035499 0.000000 0.000000 
0.000000 0.000000 166.036830 166.029287 166.024406 166.022187 166.021743 166.022187 166.025293 166.030174 166.036387 0.000000 0.000000 
0.000000 0.000000 166.034168 166.027068 166.022187 166.020856 166.020412 166.021743 166.025293 166.030618 166.038605 0.000000 0.000000 
0.000000 166.041667 166.031505 166.024406 166.020412 166.019524 166.019524 166.021743 166.025737 166.031949 166.040824 0.000000 0.000000 
0.000000 166.038605 166.028843 166.022187 166.018637 166.018193 166.018637 166.021299 166.026181 166.033724 0.000000 0.000000 0.000000 
0.000000 166.035943 166.026181 166.019968 166.017306 166.017306 166.018193 166.021299 166.027512 166.035943 0.000000 0.000000 0.000000 
0.000000 166.033280 166.023518 166.018193 166.015975 166.015975 166.017750 166.022187 166.028843 166.039049 0.000000 0.000000 0.000000 
0.000000 166.030174 166.021299 166.015975 166.014643 166.015087 166.017750 166.022631 166.031062 0.000000 0.000000 0.000000 0.000000 
0.000000 166.027512 166.018637 166.014200 166.013756 166.014200 166.017750 166.023962 166.034168 0.000000 0.000000 0.000000 0.000000 
0.000000 166.024406 166.016418 166.012868 166.012425 166.013756 166.018193 166.026181 166.038605 0.000000 0.000000 0.000000 0.000000 
166.041667 166.021743 166.013756 166.011537 166.011093 166.013756 166.019081 166.029287 0.000000 0.000000 0.000000 0.000000 0.000000 
166.038605 166.019081 166.011981 166.010206 166.010206 166.013756 166.021299 166.033724 0.000000 0.000000 0.000000 0.000000 0.000000 
166.035943 166.015975 166.009762 166.008875 166.009762 166.014643 166.024406 166.040380 0.000000 0.000000 0.000000 0.000000 0.000000 
166.033280 166.013312 166.007987 166.007987 166.009762 166.016418 166.029730 0.000000 0.000000 0.000000 0.000000 0.000000 0.000000 
166.030174 166.010650 166.006656 166.006656 166.010206 166.019524 166.036387 0.000000 0.000000 0.000000 0.000000 0.000000 0.000000 
166.027512 166.007987 166.005325 166.006212 166.011537 166.025293 0.000000 0.000000 0.000000 0.000000 0.000000 0.000000 0.000000 
166.025293 166.005769 166.004437 166.006212 166.014643 166.033724 0.000000 0.000000 0.000000 0.000000 0.000000 0.000000 0.000000 
166.023962 166.003550 166.003106 166.006656 166.021299 0.000000 0.000000 0.000000 0.000000 0.000000 0.000000 0.000000 0.000000 
166.022631 166.001775 166.002219 166.010206 166.033724 0.000000 0.000000 0.000000 0.000000 0.000000 0.000000 0.000000 0.000000 
166.021743 166.000887 166.002219 166.020856 0.000000 0.000000 0.000000 0.000000 0.000000 0.000000 0.000000 0.000000 0.000000 
166.027512 166.000000 166.007987 0.000000 0.000000 0.000000 0.000000 0.000000 0.000000 0.000000 0.000000 0.000000 0.000000 
