test/output/constant/M355_S060_A180_WD270.0_WS050.0/M355_S060_A180_WD270.0_WS050.0_arrival.asc
ncols         43
nrows         5
xllcorner     426603.990666
yllcorner     12748555.311160
cellsize      100.000000
NODATA_value  0.000000
0.000000 0.000000 0.000000 0.000000 0.000000 0.000000 166.041102 166.037112 166.033919 166.031126 166.029131 166.028333 166.027535 166.027136 166.026736 166.026736 166.026337 166.026736 166.027136 166.027934 166.028333 166.029131 166.029929 166.030328 166.031126 166.031924 166.032722 166.033121 166.033919 166.034718 166.035516 166.036314 166.037511 166.038309 166.039107 166.039905 166.041102 166.041667 0.000000 0.000000 0.000000 0.000000 0.000000 
0.000000 166.024342 166.013568 166.010774 166.009178 166.009178 166.009178 166.009577 166.010375 166.011173 166.011972 166.012770 166.013568 166.014366 166.015563 166.016361 166.017558 166.018356 166.019554 166.020352 166.021150 166.022347 166.023145 166.024342 166.025140 166.025938 166.027136 166.027934 166.029131 166.029929 166.031126 166.031924 166.033121 166.033919 166.035117 166.035915 166.036713 166.037910 166.038708 166.039905 166.040703 166.041667 0.000000 
166.000000 166.000798 166.001596 166.002793 166.003591 166.004789 166.005587 166.006784 166.007582 166.008779 166.009577 166.010774 166.011573 166.012770 166.013568 166.014765 166.015563 166.016760 166.017558 166.018755 166.019554 166.020751 166.021549 166.022746 166.023544 166.024741 166.025539 166.026736 166.027535 166.028732 166.029530 166.030727 166.031525 166.032722 166.033520 166.034718 166.035516 166.036713 166.037511 166.038708 166.039506 166.040703 166.041501 
0.000000 166.024342 166.013568 166.010774 166.009178 166.009178 166.009178 166.009577 166.010375 166.011173 166.011972 166.012770 166.013568 166.014366 166.015563 166.016361 166.017558 166.018356 166.019554 166.020352 166.021150 166.022347 166.023145 166.024342 166.025140 166.025938 166.027136 166.027934 166.029131 166.029929 166.031126 166.031924 166.033121 166.033919 166.035117 166.035915 166.036713 166.037910 166.038708 166.039905 166.040703 166.041667 0.000000 
0.000000 0.000000 0.000000 0.000000 0.000000 0.000000 166.041102 166.037112 166.033919 166.031126 166.029131 166.028333 166.027535 166.027136 166.026736 166.026736 166.026337 166.026736 166.027136 166.027934 166.028333 166.029131 166.029929 166.030328 166.031126 166.031924 166.032722 166.033121 166.033919 166.034718 166.035516 166.036314 166.037511 166.038309 166.039107 166.039905 166.041102 166.041667 0.000000 0.000000 0.000000 0.000000 0.000000 
