test/output/constant/C3_S060_A000_WD090.0_WS045.0/C3_S060_A000_WD090.0_WS045.0_arrival.asc
ncols         44
nrows         7
xllcorner     422303.990666
yllcorner     12748455.311160
cellsize      100.000000
NODATA_value  0.000000
0.000000 0.000000 0.000000 0.000000 0.000000 0.000000 0.000000 0.000000 0.000000 0.000000 166.041270 166.040884 166.040112 166.039341 166.038570 166.038184 166.037413 166.036641 166.036255 166.035484 166.035098 166.035098 166.035098 166.035098 166.035098 166.035484 166.035870 166.036641 166.037413 166.038570 166.039341 166.040884 0.000000 0.000000 0.000000 0.000000 0.000000 0.000000 0.000000 0.000000 0.000000 0.000000 0.000000 0.000000 
0.000000 0.000000 0.000000 166.041655 166.040884 166.039727 166.038955 166.038184 166.037413 166.036255 166.035484 166.034713 166.033556 166.032784 166.032013 166.031241 166.030084 166.029313 166.028542 166.027770 166.026999 166.026227 166.025456 166.025070 166.024299 166.023528 166.022756 166.022370 166.021599 166.021213 166.021213 166.021213 166.021213 166.021599 166.022756 166.023528 166.025070 166.026999 166.031241 166.037413 0.000000 0.000000 0.000000 0.000000 
0.000000 166.040884 166.040112 166.039341 166.038184 166.037413 166.036255 166.035484 166.034327 166.033556 166.032399 166.031627 166.030470 166.029699 166.028542 166.027770 166.026613 166.025842 166.024685 166.023913 166.023142 166.021985 166.021213 166.020056 166.019285 166.018128 166.017356 166.016585 166.015428 166.014656 166.013499 166.012728 166.011571 166.010800 166.010028 166.009257 166.008485 166.007714 166.007328 166.007328 166.007714 166.008871 166.015042 0.000000 
166.041270 166.040112 166.039341 166.038184 166.037413 166.036255 166.035484 166.034327 166.033556 166.032399 166.031627 166.030470 166.029699 166.028542 166.027770 166.026613 166.025842 166.024685 166.023913 166.022756 166.021985 166.020828 166.020056 166.018899 166.018128 166.016971 166.016199 166.015042 166.014271 166.013114 166.012342 166.011185 166.010414 166.009257 166.008485 166.007328 166.006557 166.005400 166.004628 166.003471 166.002700 166.001543 166.000771 166.000000 
0.000000 166.040884 166.040112 166.039341 166.038184 166.037413 166.036255 166.035484 166.034327 166.033556 166.032399 166.031627 166.030470 166.029699 166.028542 166.027770 166.026613 166.025842 166.024685 166.023913 166.023142 166.021985 166.021213 166.020056 166.019285 166.018128 166.017356 166.016585 166.015428 166.014656 166.013499 166.012728 166.011571 166.010800 166.010028 166.009257 166.008485 166.007714 166.007328 166.007328 166.007714 166.008871 166.015042 0.000000 
0.000000 0.000000 0.000000 166.041655 166.040884 166.039727 166.038955 166.038184 166.037413 166.036255 166.035484 166.034713 166.033556 166.032784 166.032013 166.031241 166.030084 166.029313 166.028542 166.027770 166.026999 166.026227 166.025456 166.025070 166.024299 166.023528 166.022756 166.022370 166.021599 166.021213 166.021213 166.021213 166.021213 166.021599 166.022756 166.023528 166.025070 166.026999 166.031241 166.037413 0.000000 0.000000 0.000000 0.000000 
0.000000 0.000000 0.000000 0.000000 0.000000 0.000000 0.000000 0.000000 0.000000 0.000000 166.041270 166.040884 166.040112 166.039341 166.038570 166.038184 166.037413 166.036641 166.036255 166.035484 166.035098 166.035098 166.035098 166.035098 166.035098 166.035484 166.035870 166.036641 166.037413 166.038570 166.039341 166.040884 0.000000 0.000000 0.000000 0.000000 0.000000 0.000000 0.000000 0.000000 0.000000 0.000000 0.000000 0.000000 
