test/output/constant/M3M400_S060_A000_WD045.0_WS010.0/M3M400_S060_A000_WD045.0_WS010.0_intensity.asc
ncols         64
nrows         15
xllcorner     420303.990666
yllcorner     12747555.311160
cellsize      100.000000
NODATA_value  0.000000
0 0 0 0 0 0 0 0 0 0 0 0 0 0 0 0 0 0 0 0 0 0 0 0 0 0 0 0 0 0 0 0 0 0 0 0 0 0 0 0 0 0 51971 43507 51971 51971 27421 51971 60377 27421 51971 51971 20288 27421 35239 35239 35239 27421 27421 27421 0 0 0 0 
0 0 0 0 0 0 0 0 0 0 0 0 0 0 0 0 0 0 0 0 0 0 0 0 0 0 0 0 0 0 0 0 60377 35239 60377 51971 35239 60377 60377 43507 51971 27421 43507 60377 35239 51971 60377 35239 60377 51971 51971 35239 60377 27421 60377 51971 51971 27421 51971 27421 51971 27421 20288 664 
0 0 0 0 0 0 0 0 0 0 0 0 0 0 0 0 0 0 0 0 0 0 0 0 27421 27421 60377 35239 60377 51971 43507 60377 60377 20288 60377 60377 60377 27421 51971 27421 43507 51971 20288 43507 51971 60377 27421 51971 60377 27421 43507 60377 60377 60377 27421 43507 51971 60377 82740 98642 98642 98642 98642 0 
0 0 0 0 0 0 0 0 0 0 0 0 0 0 0 0 0 0 0 27421 20288 60377 60377 35239 60377 60377 35239 35239 60377 51971 27421 51971 60377 51971 51971 35239 43507 60377 51971 60377 60377 51971 51971 60377 35239 51971 60377 60377 60377 68468 98642 51971 98642 98642 98642 98642 98642 98642 98642 98642 98642 87957 2530 1264 
0 0 0 0 0 0 0 0 0 0 0 0 0 0 0 60377 43507 75999 51971 60377 60377 35239 51971 51971 60377 60377 60377 60377 27421 60377 51971 60377 60377 35239 51971 60377 88488 60377 60377 60377 60377 60377 35239 35239 27421 98642 98642 98642 98642 98642 98642 98642 98642 98642 98642 98642 92661 1264 75273 1264 59548 1140 1264 0 
0 0 0 0 0 0 0 0 0 0 0 43507 35239 60377 60377 51971 60377 43507 51971 51971 68468 68468 35239 60377 75999 43507 60377 60377 35239 60377 88488 51971 43507 93067 51971 60377 98642 98548 98642 98642 51971 98642 98642 98642 98642 98642 98642 92661 98642 98642 98642 98486 75273 67678 1264 67678 4922 67678 75273 59548 59548 0 0 0 
0 0 0 0 0 0 0 0 51971 60377 35239 20288 60377 60377 43507 60377 51971 88488 60377 51971 60377 60377 60377 82740 60377 60377 98642 60377 98642 75999 98642 88488 98642 98642 98642 98642 98642 98642 98642 98642 98642 98642 98642 98642 92661 98642 87957 75273 67678 67678 8585 67678 67678 67678 686 686 59548 59548 686 0 0 0 0 0 
0 0 0 0 0 0 60377 51971 35239 51971 60377 51971 60377 43507 27421 60377 60377 43507 98642 68468 93067 51971 35239 98642 98642 98642 98642 98642 98642 98642 98642 98642 98642 98642 98081 98642 98642 98642 98642 98642 92661 96070 75273 67678 67678 67678 75273 67678 67678 2530 67678 67678 59548 4922 67678 4922 0 0 0 0 0 0 0 0 
0 0 0 75999 93067 98642 68468 51971 88488 93067 35239 98642 98642 98642 98642 88488 98642 98642 98642 98642 51971 98642 98642 98642 98486 98642 98642 98642 98642 98642 98642 98642 98486 98486 98642 98642 98642 87957 75273 67678 2530 67678 67678 75273 67678 67678 1264 2530 67678 67678 67678 686 67678 0 0 0 0 0 0 0 0 0 0 0 
0 51971 60377 98642 98642 60377 98642 51971 98642 98642 98642 98642 98642 98642 98642 98642 98642 98642 98642 98642 98642 98642 98642 98642 98642 98081 98642 87957 98642 98642 98642 98642 98642 75273 4922 67678 67678 2530 67678 67678 4922 4922 67678 67678 67678 1264 67678 67678 59548 0 0 0 0 0 0 0 0 0 0 0 0 0 0 0 
43507 51971 98642 98642 98642 98642 98642 98642 98642 98642 98642 98642 98642 98642 98642 98642 98642 98642 96070 98642 98642 98642 98642 82102 98642 98642 98486 98642 98642 92661 67678 75273 75273 67678 67678 67678 67678 67678 67678 67678 1264 2530 67678 75273 67678 0 0 0 0 0 0 0 0 0 0 0 0 0 0 0 0 0 0 0 
98642 98642 98642 98642 98642 98642 98642 98642 98642 98642 98642 98642 98642 98642 98642 98486 98642 98642 98642 98642 92661 98642 96070 98642 96070 67678 67678 2530 75273 67678 2530 2530 75273 2530 67678 67678 67678 67678 4922 2530 0 0 0 0 0 0 0 0 0 0 0 0 0 0 0 0 0 0 0 0 0 0 0 0 
98642 98642 98642 98642 98642 98642 98642 98642 98642 98642 98642 96070 98642 96070 98642 87957 98081 98642 98642 87957 75273 4922 67678 75273 75273 75273 67678 67678 67678 75273 67678 75273 4922 75273 75273 0 0 0 0 0 0 0 0 0 0 0 0 0 0 0 0 0 0 0 0 0 0 0 0 0 0 0 0 0 
0 0 98642 98642 98642 98081 98642 98642 98642 87957 96070 82102 96070 82102 96070 75273 67678 67678 67678 75273 4922 67678 67678 67678 67678 67678 67678 67678 0 0 0 0 0 0 0 0 0 0 0 0 0 0 0 0 0 0 0 0 0 0 0 0 0 0 0 0 0 0 0 0 0 0 0 0 
0 0 0 0 0 0 0 0 0 0 98642 98486 0 0 0 0 0 0 0 0 0 0 0 0 0 0 0 0 0 0 0 0 0 0 0 0 0 0 0 0 0 0 0 0 0 0 0 0 0 0 0 0 0 0 0 0 0 0 0 0 0 0 0 0 
