test/output/constant/M3M400_S060_A000_WD045.0_WS010.0/M3M400_S060_A000_WD045.0_WS010.0_arrival.asc
ncols         64
nrows         15
xllcorner     420303.990666
yllcorner     12747555.311160
cellsize      100.000000
NODATA_value  0.000000
0.000000 0.000000 0.000000 0.000000 0.000000 0.000000 0.000000 0.000000 0.000000 0.000000 0.000000 0.000000 0.000000 0.000000 0.000000 0.000000 0.000000 0.000000 0.000000 0.000000 0.000000 0.000000 0.000000 0.000000 0.000000 0.000000 0.000000 0.000000 0.000000 0.000000 0.000000 0.000000 0.000000 0.000000 0.000000 0.000000 0.000000 0.000000 0.000000 0.000000 0.000000 0.000000 166.041228 166.040446 166.039141 166.038097 166.037836 166.036792 166.036010 166.035488 166.034705 166.034183 166.033661 166.033400 166.033400 166.033139 166.033661 166.033661 166.034705 166.037836 0.000000 0.000000 0.000000 0.000000 
0.000000 0.000000 0.000000 0.000000 0.000000 0.000000 0.000000 0.000000 0.000000 0.000000 0.000000 0.000000 0.000000 0.000000 0.000000 0.000000 0.000000 0.000000 0.000000 0.000000 0.000000 0.000000 0.000000 0.000000 0.000000 0.000000 0.000000 0.000000 0.000000 0.000000 0.000000 0.000000 166.040967 166.039924 166.038619 166.037575 166.036532 166.035227 166.034183 166.033139 166.031835 166.030791 166.029747 166.028442 166.027399 166.026355 166.025050 166.024006 166.022702 166.021658 166.020614 166.019570 166.018266 166.017222 166.016178 166.015134 166.014352 166.013569 166.012525 166.012264 166.012264 166.012003 166.014613 166.023745 
0.000000 0.000000 0.000000 0.000000 0.000000 0.000000 0.000000 0.000000 0.000000 0.000000 0.000000 0.000000 0.000000 0.000000 0.000000 0.000000 0.000000 0.000000 0.000000 0.000000 0.000000 0.000000 0.000000 0.000000 166.040967 166.039924 166.038619 166.037575 166.036271 166.035227 166.034183 166.032878 166.031835 166.030791 166.029486 166.028442 166.027399 166.026355 166.025050 166.024006 166.022963 166.021658 166.020614 166.019570 166.018266 166.017222 166.016178 166.014874 166.013830 166.012786 166.011742 166.010438 166.009394 166.008350 166.007306 166.006263 166.005219 166.004175 166.003131 166.002348 166.001827 166.001044 166.000522 166.000000 
0.000000 0.000000 0.000000 0.000000 0.000000 0.000000 0.000000 0.000000 0.000000 0.000000 0.000000 0.000000 0.000000 0.000000 0.000000 0.000000 0.000000 0.000000 0.000000 166.041489 166.040446 166.039141 166.038097 166.037053 166.035749 166.034705 166.033661 166.032617 166.031313 166.030269 166.029225 166.028181 166.026877 166.025833 166.024789 166.023745 166.022702 166.021397 166.020353 166.019310 166.018266 166.017222 166.016178 166.015134 166.014352 166.013308 166.012264 166.011220 166.010438 166.009394 166.008611 166.007828 166.007045 166.006523 166.005741 166.005219 166.004436 166.003653 166.003131 166.002348 166.002088 166.001827 166.002609 166.010699 
0.000000 0.000000 0.000000 0.000000 0.000000 0.000000 0.000000 0.000000 0.000000 0.000000 0.000000 0.000000 0.000000 0.000000 0.000000 166.041228 166.040185 166.038880 166.037836 166.036792 166.035749 166.034705 166.033661 166.032356 166.031313 166.030269 166.029225 166.028181 166.027399 166.026355 166.025311 166.024267 166.023224 166.022441 166.021397 166.020353 166.019310 166.018527 166.017483 166.016700 166.015656 166.014874 166.014091 166.013308 166.012525 166.011742 166.010959 166.010438 166.009655 166.009133 166.008350 166.007828 166.007045 166.006523 166.006002 166.005741 166.005480 166.005741 166.005741 166.007045 166.009655 166.015917 166.029486 0.000000 
0.000000 0.000000 0.000000 0.000000 0.000000 0.000000 0.000000 0.000000 0.000000 0.000000 0.000000 166.041489 166.040446 166.039402 166.038358 166.037314 166.036271 166.035488 166.034444 166.033400 166.032356 166.031313 166.030530 166.029486 166.028442 166.027660 166.026616 166.025572 166.024789 166.023745 166.022702 166.021919 166.021136 166.020092 166.019570 166.018527 166.017744 166.016961 166.016439 166.015656 166.015134 166.014352 166.013830 166.013047 166.012525 166.011742 166.011220 166.010438 166.010177 166.009655 166.009394 166.009133 166.009133 166.009394 166.009655 166.010177 166.011481 166.013569 166.017483 166.023485 166.032878 0.000000 0.000000 0.000000 
0.000000 0.000000 0.000000 0.000000 0.000000 0.000000 0.000000 0.000000 166.041489 166.040446 166.039663 166.038619 166.037575 166.036532 166.035749 166.034705 166.033661 166.032878 166.031835 166.031052 166.030008 166.028964 166.028181 166.027138 166.026355 166.025572 166.024789 166.024006 166.023224 166.022441 166.021658 166.021136 166.020353 166.019570 166.019049 166.018266 166.017744 166.016961 166.016439 166.015656 166.015134 166.014613 166.014091 166.013830 166.013308 166.013047 166.012786 166.012786 166.012786 166.013047 166.013308 166.013569 166.014613 166.015917 166.018266 166.021136 166.025050 166.030791 166.038619 0.000000 0.000000 0.000000 0.000000 0.000000 
0.000000 0.000000 0.000000 0.000000 0.000000 0.000000 166.040967 166.039924 166.039141 166.038097 166.037053 166.036271 166.035227 166.034444 166.033661 166.032617 166.031835 166.031052 166.030269 166.029486 166.028703 166.027921 166.027138 166.026355 166.025572 166.025050 166.024267 166.023745 166.022963 166.022441 166.021658 166.021136 166.020353 166.019831 166.019049 166.018788 166.018266 166.017744 166.017483 166.017222 166.016700 166.016439 166.016439 166.016439 166.016439 166.016700 166.016961 166.017222 166.018005 166.019049 166.020614 166.022441 166.025050 166.028442 166.032617 166.038619 0.000000 0.000000 0.000000 0.000000 0.000000 0.000000 0.000000 0.000000 
0.000000 0.000000 0.000000 166.041489 166.040446 166.039663 166.038880 166.038097 166.037314 166.036271 166.035749 166.034705 166.033922 166.033139 166.032617 166.031574 166.031052 166.030269 166.029747 166.028964 166.028442 166.027660 166.026877 166.026355 166.025572 166.025050 166.024267 166.023745 166.023224 166.022963 166.022180 166.021919 166.021397 166.021136 166.020875 166.020353 166.020353 166.020092 166.020092 166.020092 166.020353 166.020353 166.020614 166.020875 166.021397 166.022180 166.023485 166.025050 166.026877 166.029225 166.032096 166.036010 166.040446 0.000000 0.000000 0.000000 0.000000 0.000000 0.000000 0.000000 0.000000 0.000000 0.000000 0.000000 
0.000000 166.041667 166.040967 166.040185 166.039402 166.038619 166.037836 166.037053 166.036271 166.035749 166.034966 166.034183 166.033661 166.032878 166.032356 166.031574 166.031052 166.030269 166.029747 166.028964 166.028442 166.027921 166.027399 166.026877 166.026355 166.025833 166.025572 166.025050 166.024789 166.024528 166.024267 166.024006 166.023745 166.023745 166.023745 166.023745 166.024006 166.024267 166.024267 166.024528 166.025050 166.025833 166.026616 166.027921 166.029486 166.031574 166.033661 166.036271 166.039402 0.000000 0.000000 0.000000 0.000000 0.000000 0.000000 0.000000 0.000000 0.000000 0.000000 0.000000 0.000000 0.000000 0.000000 0.000000 
166.041667 166.040967 166.040185 166.039663 166.038880 166.038358 166.037575 166.037053 166.036271 166.035749 166.034966 166.034444 166.033661 166.032878 166.032356 166.031835 166.031313 166.031052 166.030269 166.030008 166.029486 166.029225 166.028964 166.028442 166.028181 166.027921 166.027660 166.027399 166.027399 166.027138 166.027399 166.027399 166.027660 166.027921 166.027921 166.028181 166.028703 166.029225 166.030008 166.031052 166.032356 166.033922 166.035749 166.038097 166.040707 0.000000 0.000000 0.000000 0.000000 0.000000 0.000000 0.000000 0.000000 0.000000 0.000000 0.000000 0.000000 0.000000 0.000000 0.000000 0.000000 0.000000 0.000000 0.000000 
166.041489 166.040967 166.040185 166.039663 166.038880 166.038358 166.037575 166.037053 166.036532 166.036010 166.035488 166.034966 166.034444 166.034183 166.033661 166.033139 166.032878 166.032617 166.032096 166.031835 166.031574 166.031313 166.031052 166.031052 166.030791 166.030791 166.031052 166.031313 166.031313 166.031574 166.031835 166.032096 166.032356 166.032878 166.033400 166.034444 166.035488 166.036792 166.038358 166.040446 0.000000 0.000000 0.000000 0.000000 0.000000 0.000000 0.000000 0.000000 0.000000 0.000000 0.000000 0.000000 0.000000 0.000000 0.000000 0.000000 0.000000 0.000000 0.000000 0.000000 0.000000 0.000000 0.000000 0.000000 
166.041667 166.041228 166.040446 166.039924 166.039402 166.039141 166.038619 166.038097 166.037836 166.037314 166.037053 166.036532 166.036271 166.035749 166.035488 166.035227 166.034966 166.034705 166.034705 166.034444 166.034444 166.034705 166.034705 166.034966 166.034966 166.035227 166.035488 166.035749 166.036010 166.036271 166.037053 166.037836 166.038880 166.039924 166.041228 0.000000 0.000000 0.000000 0.000000 0.000000 0.000000 0.000000 0.000000 0.000000 0.000000 0.000000 0.000000 0.000000 0.000000 0.000000 0.000000 0.000000 0.000000 0.000000 0.000000 0.000000 0.000000 0.000000 0.000000 0.000000 0.000000 0.000000 0.000000 0.000000 
0.000000 0.000000 166.041667 166.041228 166.040967 166.040446 166.040185 166.039924 166.039663 166.039141 166.038880 166.038619 166.038358 166.038358 166.038097 166.038097 166.038097 166.038358 166.038358 166.038619 166.038880 166.038880 166.039141 166.039402 166.039663 166.039924 166.040446 166.041228 0.000000 0.000000 0.000000 0.000000 0.000000 0.000000 0.000000 0.000000 0.000000 0.000000 0.000000 0.000000 0.000000 0.000000 0.000000 0.000000 0.000000 0.000000 0.000000 0.000000 0.000000 0.000000 0.000000 0.000000 0.000000 0.000000 0.000000 0.000000 0.000000 0.000000 0.000000 0.000000 0.000000 0.000000 0.000000 0.000000 
0.000000 0.000000 0.000000 0.000000 0.000000 0.000000 0.000000 0.000000 0.000000 0.000000 166.041667 166.041667 0.000000 0.000000 0.000000 0.000000 0.000000 0.000000 0.000000 0.000000 0.000000 0.000000 0.000000 0.000000 0.000000 0.000000 0.000000 0.000000 0.000000 0.000000 0.000000 0.000000 0.000000 0.000000 0.000000 0.000000 0.000000 0.000000 0.000000 0.000000 0.000000 0.000000 0.000000 0.000000 0.000000 0.000000 0.000000 0.000000 0.000000 0.000000 0.000000 0.000000 0.000000 0.000000 0.000000 0.000000 0.000000 0.000000 0.000000 0.000000 0.000000 0.000000 0.000000 0.000000 
