test/output/constant/M380_S060_A180_WD270.0_WS020.0/M380_S060_A180_WD270.0_WS020.0_arrival.asc
ncols         56
nrows         9
xllcorner     426603.990666
yllcorner     12748355.311160
cellsize      100.000000
NODATA_value  0.000000
0.000000 0.000000 0.000000 0.000000 0.000000 0.000000 0.000000 0.000000 0.000000 0.000000 0.000000 0.000000 0.000000 0.000000 0.000000 0.000000 0.000000 0.000000 0.000000 166.041542 166.040936 166.040026 166.039420 166.039117 166.038813 166.038510 166.038207 166.038207 166.037904 166.037904 166.037904 166.037904 166.038207 166.038510 166.039117 166.039420 166.040026 166.040633 166.040936 166.041542 0.000000 0.000000 0.000000 0.000000 0.000000 0.000000 0.000000 0.000000 0.000000 0.000000 0.000000 0.000000 0.000000 0.000000 0.000000 0.000000 
0.000000 0.000000 0.000000 0.000000 0.000000 0.000000 0.000000 0.000000 166.040633 166.038207 166.034871 166.033052 166.031536 166.030323 166.029413 166.028807 166.028200 166.027594 166.027594 166.027291 166.027291 166.027291 166.027291 166.027291 166.027897 166.028200 166.028807 166.029110 166.029716 166.030323 166.030626 166.031233 166.031839 166.032446 166.033052 166.033355 166.033962 166.034568 166.035175 166.035478 166.036084 166.036994 166.037600 166.038207 166.038813 166.039420 166.040026 166.040936 166.041542 0.000000 0.000000 0.000000 0.000000 0.000000 0.000000 0.000000 
0.000000 0.000000 0.000000 166.034871 166.027594 166.023955 166.020923 166.019103 166.018194 166.017284 166.016678 166.016374 166.016374 166.016374 166.016374 166.016981 166.017284 166.017891 166.018497 166.019103 166.019407 166.020013 166.020620 166.021226 166.021833 166.022439 166.023045 166.023652 166.024258 166.025168 166.025774 166.026381 166.027291 166.027897 166.028504 166.029110 166.030020 166.030626 166.031233 166.032142 166.032749 166.033355 166.034265 166.034871 166.035781 166.036388 166.037297 166.037904 166.038510 166.039420 166.040026 166.040633 166.041542 0.000000 0.000000 0.000000 
166.028504 166.010613 166.006974 166.005761 166.005458 166.005458 166.006065 166.006671 166.007278 166.007884 166.008490 166.009097 166.010007 166.010613 166.011523 166.012129 166.012736 166.013645 166.014252 166.015161 166.015768 166.016678 166.017284 166.017891 166.018800 166.019407 166.020316 166.020923 166.021833 166.022439 166.023349 166.023955 166.024865 166.025471 166.026381 166.026987 166.027897 166.028504 166.029413 166.030020 166.030626 166.031536 166.032142 166.033052 166.033658 166.034568 166.035175 166.036084 166.036691 166.037600 166.038207 166.038813 166.039723 166.040330 166.041239 0.000000 
166.000000 166.000606 166.001213 166.002123 166.002729 166.003639 166.004245 166.005155 166.005761 166.006671 166.007278 166.008187 166.008794 166.009703 166.010310 166.011219 166.011826 166.012736 166.013342 166.014252 166.014858 166.015768 166.016374 166.017284 166.017891 166.018800 166.019407 166.020316 166.020923 166.021833 166.022439 166.023349 166.023955 166.024865 166.025471 166.026381 166.026987 166.027897 166.028504 166.029413 166.030020 166.030929 166.031536 166.032446 166.033052 166.033962 166.034568 166.035478 166.036084 166.036994 166.037600 166.038510 166.039117 166.040026 166.040633 166.041542 
166.028504 166.010613 166.006974 166.005761 166.005458 166.005458 166.006065 166.006671 166.007278 166.007884 166.008490 166.009097 166.010007 166.010613 166.011523 166.012129 166.012736 166.013645 166.014252 166.015161 166.015768 166.016678 166.017284 166.017891 166.018800 166.019407 166.020316 166.020923 166.021833 166.022439 166.023349 166.023955 166.024865 166.025471 166.026381 166.026987 166.027897 166.028504 166.029413 166.030020 166.030626 166.031536 166.032142 166.033052 166.033658 166.034568 166.035175 166.036084 166.036691 166.037600 166.038207 166.038813 166.039723 166.040330 166.041239 0.000000 
0.000000 0.000000 0.000000 166.034871 166.027594 166.023955 166.020923 166.019103 166.018194 166.017284 166.016678 166.016374 166.016374 166.016374 166.016374 166.016981 166.017284 166.017891 166.018497 166.019103 166.019407 166.020013 166.020620 166.021226 166.021833 166.022439 166.023045 166.023652 166.024258 166.025168 166.025774 166.026381 166.027291 166.027897 166.028504 166.029110 166.030020 166.030626 166.031233 166.032142 166.032749 166.033355 166.034265 166.034871 166.035781 166.036388 166.037297 166.037904 166.038510 166.039420 166.040026 166.040633 166.041542 0.000000 0.000000 0.000000 
0.000000 0.000000 0.000000 0.000000 0.000000 0.000000 0.000000 0.000000 166.040633 166.038207 166.034871 166.033052 166.031536 166.030323 166.029413 166.028807 166.028200 166.027594 166.027594 166.027291 166.027291 166.027291 166.027291 166.027291 166.027897 166.028200 166.028807 166.029110 166.029716 166.030323 166.030626 166.031233 166.031839 166.032446 166.033052 166.033355 166.033962 166.034568 166.035175 166.035478 166.036084 166.036994 166.037600 166.038207 166.038813 166.039420 166.040026 166.040936 166.041542 0.000000 0.000000 0.000000 0.000000 0.000000 0.000000 0.000000 
0.000000 0.000000 0.000000 0.000000 0.000000 0.000000 0.000000 0.000000 0.000000 0.000000 0.000000 0.000000 0.000000 0.000000 0.000000 0.000000 0.000000 0.000000 0.000000 166.041542 166.040936 166.040026 166.039420 166.039117 166.038813 166.038510 166.038207 166.038207 166.037904 166.037904 166.037904 166.037904 166.038207 166.038510 166.039117 166.039420 166.040026 166.040633 166.040936 166.041542 0.000000 0.000000 0.000000 0.000000 0.000000 0.000000 0.000000 0.000000 0.000000 0.000000 0.000000 0.000000 0.000000 0.000000 0.000000 0.000000 
