test/output/constant/M3M4100_S060_A000_WD045.0_WS010.0/M3M4100_S060_A000_WD045.0_WS010.0_ros.asc
ncols         61
nrows         14
xllcorner     420603.990666
yllcorner     12747655.311160
cellsize      100.000000
NODATA_value  0.000000
0.000000 0.000000 0.000000 0.000000 0.000000 0.000000 0.000000 0.000000 0.000000 0.000000 0.000000 0.000000 0.000000 0.000000 0.000000 0.000000 0.000000 0.000000 0.000000 0.000000 0.000000 0.000000 0.000000 0.000000 0.000000 0.000000 0.000000 0.000000 0.000000 0.000000 0.000000 0.000000 0.000000 0.000000 0.000000 0.000000 0.000000 0.000000 0.000000 0.000000 0.000000 28.110661 53.262913 53.262913 53.262913 28.110661 53.262913 20.804705 28.110661 20.804705 53.262913 28.110661 20.804705 28.110661 28.110661 36.120144 0.702275 0.000000 0.000000 0.000000 0.000000 
0.000000 0.000000 0.000000 0.000000 0.000000 0.000000 0.000000 0.000000 0.000000 0.000000 0.000000 0.000000 0.000000 0.000000 0.000000 0.000000 0.000000 0.000000 0.000000 0.000000 0.000000 0.000000 0.000000 0.000000 0.000000 0.000000 0.000000 0.000000 0.000000 0.000000 0.000000 36.120144 53.262913 20.804705 36.120144 61.875633 36.120144 61.875633 53.262913 44.589958 53.262913 61.875633 53.262913 61.875633 61.875633 20.804705 53.262913 28.110661 20.804705 53.262913 53.262913 61.875633 53.262913 53.262913 53.262913 28.110661 53.262913 28.110661 36.120144 20.804705 0.702275 
0.000000 0.000000 0.000000 0.000000 0.000000 0.000000 0.000000 0.000000 0.000000 0.000000 0.000000 0.000000 0.000000 0.000000 0.000000 0.000000 0.000000 0.000000 0.000000 0.000000 0.000000 0.000000 0.000000 36.120144 53.262913 20.804705 44.589958 61.875633 36.120144 61.875633 53.262913 20.804705 20.804705 61.875633 28.110661 36.120144 53.262913 36.120144 61.875633 61.875633 53.262913 36.120144 53.262913 53.262913 44.589958 61.875633 61.875633 44.589958 77.883911 61.875633 61.875633 20.804705 20.804705 61.875633 53.262913 84.793289 101.101562 101.101562 101.101562 101.101562 -1.000000 
0.000000 0.000000 0.000000 0.000000 0.000000 0.000000 0.000000 0.000000 0.000000 0.000000 0.000000 0.000000 0.000000 0.000000 0.000000 0.000000 0.000000 0.000000 61.875633 20.804705 61.875633 61.875633 28.110661 44.589958 61.875633 53.262913 36.120144 70.166565 61.875633 20.804705 44.589958 61.875633 61.875633 61.875633 28.110661 44.589958 61.875633 61.875633 61.875633 70.166565 28.110661 28.110661 61.875633 61.875633 53.262913 53.262913 95.379738 20.804705 61.875633 101.101562 101.101562 101.101562 101.101562 101.101562 101.101562 101.101562 101.101562 101.101562 98.453819 69.340523 0.726093 
0.000000 0.000000 0.000000 0.000000 0.000000 0.000000 0.000000 0.000000 0.000000 0.000000 0.000000 0.000000 0.000000 0.000000 61.875633 53.262913 53.262913 36.120144 44.589958 53.262913 53.262913 61.875633 36.120144 53.262913 20.804705 61.875633 61.875633 70.166565 44.589958 36.120144 61.875633 61.875633 70.166565 61.875633 61.875633 53.262913 70.166565 70.166565 101.101562 61.875633 101.101562 61.875633 101.101562 101.101562 101.101562 101.101562 101.101562 101.101562 101.101562 101.101562 101.101562 101.101562 101.101562 100.939926 69.340523 69.340523 69.340523 69.340523 69.340523 0.726093 0.000000 
0.000000 0.000000 0.000000 0.000000 0.000000 0.000000 0.000000 0.000000 0.000000 0.000000 61.875633 70.166565 36.120144 61.875633 61.875633 53.262913 70.166565 28.110661 61.875633 61.875633 77.883911 44.589958 61.875633 53.262913 61.875633 53.262913 36.120144 53.262913 84.793289 77.883911 53.262913 95.379738 101.101562 53.262913 98.735313 101.101562 101.101562 101.101562 101.101562 101.101562 101.101562 101.101562 101.101562 101.101562 101.101562 101.101562 101.101562 101.101562 98.453819 77.124977 69.340523 69.340523 69.340523 8.794341 2.595374 1.307963 69.340523 1.088814 0.000000 0.000000 0.000000 
0.000000 0.000000 0.000000 0.000000 0.000000 0.000000 0.000000 53.262913 61.875633 84.793289 53.262913 61.875633 44.589958 70.166565 61.875633 36.120144 53.262913 61.875633 61.875633 36.120144 70.166565 36.120144 36.120144 100.649734 70.166565 101.101562 61.875633 101.101562 53.262913 101.101562 101.101562 101.101562 101.101562 101.101562 101.101562 101.101562 101.101562 101.101562 101.101562 101.101562 101.101562 90.129791 101.101562 101.101562 77.124977 69.340523 69.340523 69.340523 69.340523 69.340523 69.340523 69.340523 69.340523 69.340523 69.340523 1.307963 0.000000 0.000000 0.000000 0.000000 0.000000 
0.000000 0.000000 0.000000 0.000000 0.000000 53.262913 61.875633 90.684875 90.684875 53.262913 84.793289 53.262913 44.589958 95.379738 53.262913 44.589958 61.875633 61.875633 101.101562 53.262913 101.101562 95.379738 101.101562 101.101562 101.101562 101.101562 101.101562 101.101562 101.101562 101.101562 101.101562 101.101562 101.101562 101.101562 101.101562 101.101562 101.101562 101.101562 101.101562 100.520615 77.124977 5.039415 77.124977 69.340523 69.340523 5.039415 69.340523 69.340523 77.124977 69.340523 69.340523 61.009018 2.595374 0.000000 0.000000 0.000000 0.000000 0.000000 0.000000 0.000000 0.000000 
0.000000 0.000000 77.883911 84.793289 53.262913 61.875633 36.120144 95.379738 44.589958 20.804705 101.004662 70.166565 95.379738 101.101562 101.101562 90.684875 101.101562 101.101562 101.101562 101.101562 101.101562 101.101562 101.101562 101.101562 101.101562 101.101562 101.101562 101.101562 101.101562 101.101562 100.939926 101.101562 101.101562 101.101562 100.520615 77.124977 77.124977 69.340523 77.124977 69.340523 69.340523 69.340523 69.340523 8.794341 77.124977 0.726093 69.340523 2.595374 2.595374 69.340523 0.000000 0.000000 0.000000 0.000000 0.000000 0.000000 0.000000 0.000000 0.000000 0.000000 0.000000 
0.000000 101.101562 101.101562 101.101562 61.875633 101.101562 101.101562 101.101562 100.649734 101.101562 101.101562 101.101562 101.101562 101.101562 101.101562 101.101562 101.101562 101.101562 101.101562 101.101562 101.101562 101.101562 101.101562 100.939926 101.101562 98.453819 101.101562 101.101562 98.453819 98.453819 77.124977 77.124977 69.340523 69.340523 77.124977 69.340523 69.340523 69.340523 5.039415 69.340523 5.039415 69.340523 8.794341 69.340523 77.124977 61.009018 0.000000 0.000000 0.000000 0.000000 0.000000 0.000000 0.000000 0.000000 0.000000 0.000000 0.000000 0.000000 0.000000 0.000000 0.000000 
101.101562 100.649734 101.101562 101.101562 101.101562 101.101562 101.101562 101.101562 101.101562 101.101562 101.101562 101.101562 101.101562 101.101562 101.101562 101.101562 101.101562 101.101562 101.101562 101.101562 90.129791 100.520615 101.101562 90.129791 94.954742 101.101562 98.453819 2.595374 69.340523 2.595374 77.124977 69.340523 69.340523 69.340523 77.124977 69.340523 69.340523 77.124977 69.340523 69.340523 69.340523 69.340523 0.000000 0.000000 0.000000 0.000000 0.000000 0.000000 0.000000 0.000000 0.000000 0.000000 0.000000 0.000000 0.000000 0.000000 0.000000 0.000000 0.000000 0.000000 0.000000 
101.101562 101.101562 101.101562 101.101562 101.101562 101.101562 94.954742 94.954742 101.101562 101.101562 101.101562 101.101562 101.101562 90.129791 101.101562 101.101562 98.453819 100.520615 101.101562 101.101562 101.101562 90.129791 69.340523 84.125687 69.340523 5.039415 77.124977 69.340523 69.340523 69.340523 5.039415 69.340523 77.124977 5.039415 69.340523 5.039415 2.595374 0.000000 0.000000 0.000000 0.000000 0.000000 0.000000 0.000000 0.000000 0.000000 0.000000 0.000000 0.000000 0.000000 0.000000 0.000000 0.000000 0.000000 0.000000 0.000000 0.000000 0.000000 0.000000 0.000000 0.000000 
0.000000 101.101562 101.101562 101.101562 101.101562 101.101562 94.954742 98.453819 94.954742 101.101562 101.101562 101.101562 98.453819 98.453819 101.101562 101.101562 101.101562 77.124977 69.340523 69.340523 69.340523 69.340523 69.340523 69.340523 69.340523 77.124977 69.340523 5.039415 2.595374 69.340523 69.340523 0.000000 0.000000 0.000000 0.000000 0.000000 0.000000 0.000000 0.000000 0.000000 0.000000 0.000000 0.000000 0.000000 0.000000 0.000000 0.000000 0.000000 0.000000 0.000000 0.000000 0.000000 0.000000 0.000000 0.000000 0.000000 0.000000 0.000000 0.000000 0.000000 0.000000 
0.000000 0.000000 0.000000 0.000000 101.101562 101.101562 101.101562 84.125687 90.129791 101.101562 101.101562 101.101562 77.124977 2.595374 69.340523 69.340523 69.340523 69.340523 69.340523 69.340523 77.124977 77.124977 69.340523 0.000000 0.000000 0.000000 0.000000 0.000000 0.000000 0.000000 0.000000 0.000000 0.000000 0.000000 0.000000 0.000000 0.000000 0.000000 0.000000 0.000000 0.000000 0.000000 0.000000 0.000000 0.000000 0.000000 0.000000 0.000000 0.000000 0.000000 0.000000 0.000000 0.000000 0.000000 0.000000 0.000000 0.000000 0.000000 0.000000 0.000000 0.000000 
