test/output/constant/C1_S060_A090_WD000.0_WS045.0/C1_S060_A090_WD000.0_WS045.0_arrival.asc
ncols         7
nrows         43
xllcorner     426303.990666
yllcorner     12744555.311160
cellsize      100.000000
NODATA_value  0.000000
0.000000 0.000000 0.000000 166.000000 0.000000 0.000000 0.000000 
0.000000 0.000000 166.012826 166.000802 166.012826 0.000000 0.000000 
0.000000 0.000000 166.008818 166.001603 166.008818 0.000000 0.000000 
0.000000 0.000000 166.007214 166.002806 166.007214 0.000000 0.000000 
0.000000 166.034068 166.007214 166.003607 166.007214 166.034068 0.000000 
0.000000 166.029259 166.007214 166.004810 166.007214 166.029259 0.000000 
0.000000 166.026052 166.008016 166.005611 166.008016 166.026052 0.000000 
0.000000 166.024048 166.008818 166.006814 166.008818 166.024048 0.000000 
0.000000 166.022445 166.009218 166.007615 166.009218 166.022445 0.000000 
0.000000 166.021643 166.010020 166.008818 166.010020 166.021643 0.000000 
0.000000 166.021243 166.011222 166.009619 166.011222 166.021243 0.000000 
166.041283 166.020842 166.012024 166.010822 166.012024 166.020842 166.041283 
166.039279 166.020842 166.013227 166.011623 166.013227 166.020842 166.039279 
166.037676 166.020842 166.014028 166.012826 166.014028 166.020842 166.037676 
166.036874 166.021243 166.014830 166.013627 166.014830 166.021243 166.036874 
166.036072 166.021643 166.016032 166.014830 166.016032 166.021643 166.036072 
166.035271 166.022445 166.016834 166.015631 166.016834 166.022445 166.035271 
166.034870 166.023247 166.018036 166.016834 166.018036 166.023247 166.034870 
166.034870 166.024048 166.018838 166.017635 166.018838 166.024048 166.034870 
166.034870 166.024449 166.020040 166.018838 166.020040 166.024449 166.034870 
166.034469 166.025251 166.020842 166.019639 166.020842 166.025251 166.034469 
166.034469 166.026052 166.021643 166.020842 166.021643 166.026052 166.034469 
166.034469 166.026854 166.022846 166.021643 166.022846 166.026854 166.034469 
166.035271 166.027655 166.023647 166.022846 166.023647 166.027655 166.035271 
166.035672 166.028056 166.024850 166.023647 166.024850 166.028056 166.035672 
166.036473 166.029259 166.025651 166.024850 166.025651 166.029259 166.036473 
166.037275 166.030060 166.026854 166.025651 166.026854 166.030060 166.037275 
166.037676 166.030862 166.027655 166.026854 166.027655 166.030862 166.037676 
166.038477 166.031663 166.028457 166.027655 166.028457 166.031663 166.038477 
166.039279 166.032866 166.029659 166.028858 166.029659 166.032866 166.039279 
166.039680 166.033667 166.030461 166.029659 166.030461 166.033667 166.039680 
166.040481 166.034469 166.031663 166.030862 166.031663 166.034469 166.040481 
166.041283 166.035271 166.032465 166.031663 166.032465 166.035271 166.041283 
0.000000 166.036473 166.033667 166.032866 166.033667 166.036473 0.000000 
0.000000 166.037275 166.034469 166.033667 166.034469 166.037275 0.000000 
0.000000 166.038477 166.035672 166.034870 166.035672 166.038477 0.000000 
0.000000 166.039279 166.036473 166.035672 166.036473 166.039279 0.000000 
0.000000 166.040080 166.037676 166.036874 166.037676 166.040080 0.000000 
0.000000 166.040882 166.038477 166.037676 166.038477 166.040882 0.000000 
0.000000 0.000000 166.039680 166.038878 166.039680 0.000000 0.000000 
0.000000 0.000000 166.040481 166.039680 166.040481 0.000000 0.000000 
0.000000 0.000000 166.041283 166.040882 166.041283 0.000000 0.000000 
0.000000 0.000000 0.000000 166.041667 0.000000 0.000000 0.000000 
