test/output/constant/C3_S060_A270_WD180.0_WS045.0/C3_S060_A270_WD180.0_WS045.0_arrival.asc
ncols         7
nrows         44
xllcorner     426303.990666
yllcorner     12748755.311160
cellsize      100.000000
NODATA_value  0.000000
0.000000 0.000000 0.000000 166.041270 0.000000 0.000000 0.000000 
0.000000 0.000000 166.040884 166.040112 166.040884 0.000000 0.000000 
0.000000 0.000000 166.040112 166.039341 166.040112 0.000000 0.000000 
0.000000 166.041655 166.039341 166.038184 166.039341 166.041655 0.000000 
0.000000 166.040884 166.038184 166.037413 166.038184 166.040884 0.000000 
0.000000 166.039727 166.037413 166.036255 166.037413 166.039727 0.000000 
0.000000 166.038955 166.036255 166.035484 166.036255 166.038955 0.000000 
0.000000 166.038184 166.035484 166.034327 166.035484 166.038184 0.000000 
0.000000 166.037413 166.034327 166.033556 166.034327 166.037413 0.000000 
0.000000 166.036255 166.033556 166.032399 166.033556 166.036255 0.000000 
166.041270 166.035484 166.032399 166.031627 166.032399 166.035484 166.041270 
166.040884 166.034713 166.031627 166.030470 166.031627 166.034713 166.040884 
166.040112 166.033556 166.030470 166.029699 166.030470 166.033556 166.040112 
166.039341 166.032784 166.029699 166.028542 166.029699 166.032784 166.039341 
166.038570 166.032013 166.028542 166.027770 166.028542 166.032013 166.038570 
166.038184 166.031241 166.027770 166.026613 166.027770 166.031241 166.038184 
166.037413 166.030084 166.026613 166.025842 166.026613 166.030084 166.037413 
166.036641 166.029313 166.025842 166.024685 166.025842 166.029313 166.036641 
166.036255 166.028542 166.024685 166.023913 166.024685 166.028542 166.036255 
166.035484 166.027770 166.023913 166.022756 166.023913 166.027770 166.035484 
166.035098 166.026999 166.023142 166.021985 166.023142 166.026999 166.035098 
166.035098 166.026227 166.021985 166.020828 166.021985 166.026227 166.035098 
166.035098 166.025456 166.021213 166.020056 166.021213 166.025456 166.035098 
166.035098 166.025070 166.020056 166.018899 166.020056 166.025070 166.035098 
166.035098 166.024299 166.019285 166.018128 166.019285 166.024299 166.035098 
166.035484 166.023528 166.018128 166.016971 166.018128 166.023528 166.035484 
166.035870 166.022756 166.017356 166.016199 166.017356 166.022756 166.035870 
166.036641 166.022370 166.016585 166.015042 166.016585 166.022370 166.036641 
166.037413 166.021599 166.015428 166.014271 166.015428 166.021599 166.037413 
166.038570 166.021213 166.014656 166.013114 166.014656 166.021213 166.038570 
166.039341 166.021213 166.013499 166.012342 166.013499 166.021213 166.039341 
166.040884 166.021213 166.012728 166.011185 166.012728 166.021213 166.040884 
0.000000 166.021213 166.011571 166.010414 166.011571 166.021213 0.000000 
0.000000 166.021599 166.010800 166.009257 166.010800 166.021599 0.000000 
0.000000 166.022756 166.010028 166.008485 166.010028 166.022756 0.000000 
0.000000 166.023528 166.009257 166.007328 166.009257 166.023528 0.000000 
0.000000 166.025070 166.008485 166.006557 166.008485 166.025070 0.000000 
0.000000 166.026999 166.007714 166.005400 166.007714 166.026999 0.000000 
0.000000 166.031241 166.007328 166.004628 166.007328 166.031241 0.000000 
0.000000 166.037413 166.007328 166.003471 166.007328 166.037413 0.000000 
0.000000 0.000000 166.007714 166.002700 166.007714 0.000000 0.000000 
0.000000 0.000000 166.008871 166.001543 166.008871 0.000000 0.000000 
0.000000 0.000000 166.015042 166.000771 166.015042 0.000000 0.000000 
0.000000 0.000000 0.000000 166.000000 0.000000 0.000000 0.000000 
