test/output/constant/M480_S060_A000_WD180.0_WS010.0/M480_S060_A000_WD180.0_WS010.0_arrival.asc
ncols         22
nrows         10
xllcorner     424503.990666
yllcorner     12748655.311160
cellsize      100.000000
NODATA_value  0.000000
0.000000 0.000000 166.041667 166.041667 0.000000 0.000000 0.000000 0.000000 0.000000 0.000000 0.000000 0.000000 0.000000 0.000000 0.000000 0.000000 0.000000 0.000000 0.000000 0.000000 0.000000 0.000000 
166.040817 166.039333 166.037849 166.037107 166.036364 166.036364 166.036364 166.037107 166.038591 166.040075 0.000000 0.000000 0.000000 0.000000 0.000000 0.000000 0.000000 0.000000 0.000000 0.000000 0.000000 0.000000 
166.040817 166.039333 166.037107 166.034880 166.033396 166.031912 166.031170 166.031170 166.031170 166.031170 166.032654 166.034138 166.037849 0.000000 0.000000 0.000000 0.000000 0.000000 0.000000 0.000000 0.000000 0.000000 
0.000000 166.039333 166.037107 166.034880 166.033396 166.031170 166.028943 166.027459 166.026717 166.025232 166.025232 166.025232 166.026717 166.028201 166.032654 166.039333 0.000000 0.000000 0.000000 0.000000 0.000000 0.000000 
0.000000 0.000000 166.039333 166.036364 166.034138 166.031170 166.028943 166.027459 166.025232 166.023006 166.021522 166.020038 166.020038 166.020038 166.020780 166.022264 166.027459 166.036364 0.000000 0.000000 0.000000 0.000000 
0.000000 0.000000 0.000000 166.041559 166.037849 166.034138 166.031170 166.028201 166.025232 166.023748 166.021522 166.019295 166.017069 166.015585 166.014100 166.014100 166.014843 166.017069 166.023748 166.037107 0.000000 0.000000 
0.000000 0.000000 0.000000 0.000000 0.000000 166.041559 166.037107 166.033396 166.029685 166.025975 166.023006 166.020038 166.017811 166.015585 166.013358 166.011132 166.009648 166.008906 166.008906 166.011132 166.023006 0.000000 
0.000000 0.000000 0.000000 0.000000 0.000000 0.000000 0.000000 0.000000 166.038591 166.034138 166.029685 166.025975 166.021522 166.017811 166.014843 166.011874 166.009648 166.007421 166.005195 166.003711 166.002969 166.008906 
0.000000 0.000000 0.000000 0.000000 0.000000 0.000000 0.000000 0.000000 0.000000 0.000000 0.000000 166.037849 166.033396 166.028201 166.023748 166.019295 166.014843 166.010390 166.006679 166.003711 166.001484 166.000000 
0.000000 0.000000 0.000000 0.000000 0.000000 0.000000 0.000000 0.000000 0.000000 0.000000 0.000000 0.000000 0.000000 0.000000 0.000000 0.000000 0.000000 166.038591 166.035622 166.031170 166.029685 166.037849 
