test/output/constant/M380_S060_A000_WD180.0_WS010.0/M380_S060_A000_WD180.0_WS010.0_ros.asc
ncols         46
nrows         15
xllcorner     422103.990666
yllcorner     12748655.311160
cellsize      100.000000
NODATA_value  0.000000
0.000000 77.604553 75.344055 64.125481 75.344055 72.562958 68.785118 64.125481 52.750301 58.725792 58.725792 58.725792 77.438431 0.000000 0.000000 0.000000 0.000000 0.000000 0.000000 0.000000 0.000000 0.000000 0.000000 0.000000 0.000000 0.000000 0.000000 0.000000 0.000000 0.000000 0.000000 0.000000 0.000000 0.000000 0.000000 0.000000 0.000000 0.000000 0.000000 0.000000 0.000000 0.000000 0.000000 0.000000 0.000000 0.000000 
77.604553 77.604553 77.604553 77.043755 77.043755 77.604553 68.785118 77.604553 75.344055 64.125481 72.562958 4.207879 58.725792 64.125481 52.750301 52.750301 52.750301 52.750301 2.380464 0.000000 0.000000 0.000000 0.000000 0.000000 0.000000 0.000000 0.000000 0.000000 0.000000 0.000000 0.000000 0.000000 0.000000 0.000000 0.000000 0.000000 0.000000 0.000000 0.000000 0.000000 0.000000 0.000000 0.000000 0.000000 0.000000 0.000000 
77.604553 77.604553 77.604553 77.604553 77.604553 77.604553 77.604553 77.604553 77.604553 77.604553 77.604553 77.604553 58.725792 77.043755 4.207879 64.125481 58.725792 1.761185 52.750301 2.380464 52.750301 4.207879 4.207879 0.000000 0.000000 0.000000 0.000000 0.000000 0.000000 0.000000 0.000000 0.000000 0.000000 0.000000 0.000000 0.000000 0.000000 0.000000 0.000000 0.000000 0.000000 0.000000 0.000000 0.000000 0.000000 0.000000 
77.604553 34.498802 77.604553 77.604553 77.604553 77.604553 77.604553 77.604553 77.604553 77.604553 75.344055 77.604553 77.604553 75.344055 77.604553 75.344055 77.438431 4.207879 52.750301 52.750301 58.725792 52.750301 52.750301 58.725792 4.207879 52.750301 7.030102 0.000000 0.000000 0.000000 0.000000 0.000000 0.000000 0.000000 0.000000 0.000000 0.000000 0.000000 0.000000 0.000000 0.000000 0.000000 0.000000 0.000000 0.000000 0.000000 
0.000000 34.498802 34.498802 69.611443 59.846359 75.771736 53.966194 77.604553 77.604553 77.604553 77.604553 77.604553 77.604553 77.604553 77.604553 75.344055 77.604553 68.785118 77.604553 77.604553 4.207879 52.750301 64.125481 52.750301 52.750301 58.725792 4.207879 52.750301 1.028108 52.750301 0.000000 0.000000 0.000000 0.000000 0.000000 0.000000 0.000000 0.000000 0.000000 0.000000 0.000000 0.000000 0.000000 0.000000 0.000000 0.000000 
0.000000 0.000000 0.000000 34.498802 34.498802 69.611443 34.498802 77.604553 77.604553 77.604553 28.057325 77.604553 77.604553 77.604553 77.604553 77.604553 77.604553 77.438431 77.604553 77.604553 77.043755 58.725792 77.604553 4.207879 58.725792 52.750301 52.750301 7.030102 52.750301 7.030102 58.725792 52.750301 52.750301 0.000000 0.000000 0.000000 0.000000 0.000000 0.000000 0.000000 0.000000 0.000000 0.000000 0.000000 0.000000 0.000000 
0.000000 0.000000 0.000000 0.000000 73.200066 69.611443 53.966194 28.057325 47.652649 28.057325 28.057325 34.498802 69.611443 65.114731 75.771736 77.604553 77.604553 77.604553 77.604553 77.604553 77.604553 77.604553 77.604553 77.604553 52.750301 75.344055 64.125481 52.750301 1.367099 1.761185 52.750301 52.750301 7.030102 4.207879 2.380464 52.750301 0.000000 0.000000 0.000000 0.000000 0.000000 0.000000 0.000000 0.000000 0.000000 0.000000 
0.000000 0.000000 0.000000 0.000000 0.000000 0.000000 34.498802 34.498802 59.846359 28.057325 34.498802 41.097252 34.498802 34.498802 65.114731 34.498802 77.604553 77.604553 34.498802 77.604553 77.604553 77.604553 77.604553 77.604553 77.604553 77.604553 77.604553 64.125481 75.344055 64.125481 52.750301 52.750301 52.750301 52.750301 58.725792 52.750301 2.380464 1.761185 0.000000 0.000000 0.000000 0.000000 0.000000 0.000000 0.000000 0.000000 
0.000000 0.000000 0.000000 0.000000 0.000000 0.000000 0.000000 0.000000 0.000000 34.498802 28.057325 28.057325 47.652649 34.498802 59.846359 34.498802 77.604553 77.604553 34.498802 28.057325 34.498802 28.057325 69.611443 77.604553 77.604553 77.604553 77.604553 77.604553 75.344055 77.604553 72.562958 72.562958 68.785118 52.750301 58.725792 52.750301 58.725792 4.207879 52.750301 52.750301 0.000000 0.000000 0.000000 0.000000 0.000000 0.000000 
0.000000 0.000000 0.000000 0.000000 0.000000 0.000000 0.000000 0.000000 0.000000 0.000000 0.000000 34.498802 34.498802 28.057325 34.498802 69.611443 77.248459 28.057325 28.057325 69.611443 28.057325 47.652649 41.097252 47.652649 34.498802 65.114731 77.604553 77.604553 77.604553 77.604553 77.604553 77.604553 77.604553 77.604553 77.438431 64.125481 58.725792 52.750301 58.725792 52.750301 2.380464 1.367099 0.000000 0.000000 0.000000 0.000000 
0.000000 0.000000 0.000000 0.000000 0.000000 0.000000 0.000000 0.000000 0.000000 0.000000 0.000000 0.000000 0.000000 0.000000 47.652649 34.498802 28.057325 34.498802 34.498802 34.498802 69.611443 34.498802 34.498802 69.611443 28.057325 34.498802 34.498802 53.966194 59.846359 59.846359 28.057325 77.604553 77.604553 77.604553 77.604553 77.604553 77.604553 77.604553 64.125481 52.750301 52.750301 1.761185 2.380464 1.367099 0.000000 0.000000 
0.000000 0.000000 0.000000 0.000000 0.000000 0.000000 0.000000 0.000000 0.000000 0.000000 0.000000 0.000000 0.000000 0.000000 0.000000 0.000000 0.000000 34.498802 34.498802 34.498802 34.498802 34.498802 28.057325 28.057325 28.057325 34.498802 53.966194 34.498802 34.498802 34.498802 73.200066 28.057325 69.611443 28.057325 77.604553 77.604553 77.604553 77.604553 77.604553 77.604553 77.604553 64.125481 52.750301 4.207879 2.380464 1.761185 
0.000000 0.000000 0.000000 0.000000 0.000000 0.000000 0.000000 0.000000 0.000000 0.000000 0.000000 0.000000 0.000000 0.000000 0.000000 0.000000 0.000000 0.000000 0.000000 0.000000 0.000000 28.057325 34.498802 28.057325 28.057325 34.498802 28.057325 28.057325 34.498802 34.498802 28.057325 34.498802 28.057325 28.057325 34.498802 59.846359 34.498802 65.114731 65.114731 77.604553 77.604553 77.604553 77.604553 77.043755 64.125481 1.761185 
0.000000 0.000000 0.000000 0.000000 0.000000 0.000000 0.000000 0.000000 0.000000 0.000000 0.000000 0.000000 0.000000 0.000000 0.000000 0.000000 0.000000 0.000000 0.000000 0.000000 0.000000 0.000000 0.000000 0.000000 0.000000 34.498802 28.057325 28.057325 28.057325 28.057325 28.057325 28.057325 34.498802 28.057325 34.498802 28.057325 28.057325 34.498802 28.057325 28.057325 28.057325 34.498802 28.057325 77.604553 77.604553 -1.000000 
0.000000 0.000000 0.000000 0.000000 0.000000 0.000000 0.000000 0.000000 0.000000 0.000000 0.000000 0.000000 0.000000 0.000000 0.000000 0.000000 0.000000 0.000000 0.000000 0.000000 0.000000 0.000000 0.000000 0.000000 0.000000 0.000000 0.000000 0.000000 0.000000 0.000000 0.000000 0.000000 28.057325 28.057325 28.057325 28.057325 28.057325 28.057325 28.057325 34.498802 28.057325 28.057325 11.565432 16.414778 0.977944 0.977944 
