test/output/constant/C2_S060_A270_WD135.0_WS015.0/C2_S060_A270_WD135.0_WS015.0_arrival.asc
ncols         10
nrows         30
xllcorner     425803.990666
yllcorner     12748755.311160
cellsize      100.000000
NODATA_value  0.000000
166.041482 166.041482 0.000000 0.000000 0.000000 0.000000 0.000000 0.000000 0.000000 0.000000 
166.040375 166.040375 166.040928 0.000000 0.000000 0.000000 0.000000 0.000000 0.000000 0.000000 
166.039269 166.038716 166.039269 166.041482 0.000000 0.000000 0.000000 0.000000 0.000000 0.000000 
166.038163 166.037057 166.037610 166.039269 0.000000 0.000000 0.000000 0.000000 0.000000 0.000000 
166.037610 166.035951 166.035951 166.037057 166.040928 0.000000 0.000000 0.000000 0.000000 0.000000 
166.037610 166.034291 166.034291 166.034845 166.038716 0.000000 0.000000 0.000000 0.000000 0.000000 
166.037057 166.033738 166.033185 166.033185 166.035951 166.041667 0.000000 0.000000 0.000000 0.000000 
166.037057 166.033185 166.031526 166.031526 166.033738 166.038716 0.000000 0.000000 0.000000 0.000000 
166.037610 166.032632 166.029867 166.029867 166.031526 166.035951 0.000000 0.000000 0.000000 0.000000 
166.038163 166.032632 166.028761 166.028761 166.029314 166.033185 166.040928 0.000000 0.000000 0.000000 
166.039269 166.032632 166.028207 166.027101 166.027101 166.030420 166.037610 0.000000 0.000000 0.000000 
166.040375 166.032632 166.027654 166.025442 166.025995 166.028207 166.034291 0.000000 0.000000 0.000000 
0.000000 166.033185 166.027654 166.024336 166.024336 166.025442 166.031526 166.041482 0.000000 0.000000 
0.000000 166.034291 166.027654 166.023230 166.022677 166.023230 166.028207 166.037610 0.000000 0.000000 
0.000000 166.035951 166.027654 166.022677 166.021570 166.021570 166.025442 166.033738 0.000000 0.000000 
0.000000 166.038716 166.028761 166.022677 166.019911 166.019911 166.022677 166.030420 0.000000 0.000000 
0.000000 0.000000 166.029867 166.022677 166.018805 166.018252 166.019911 166.027101 166.040375 0.000000 
0.000000 0.000000 166.032079 166.022677 166.017699 166.017146 166.017699 166.023783 166.036504 0.000000 
0.000000 0.000000 166.035398 166.023783 166.017699 166.015486 166.015486 166.021017 166.032632 0.000000 
0.000000 0.000000 166.041482 166.025442 166.017699 166.013827 166.014380 166.017699 166.028761 0.000000 
0.000000 0.000000 0.000000 166.028761 166.018252 166.012721 166.012721 166.014933 166.024889 0.000000 
0.000000 0.000000 0.000000 166.034291 166.019358 166.012721 166.011062 166.012168 166.021017 0.000000 
0.000000 0.000000 0.000000 0.000000 166.022123 166.012721 166.009956 166.009956 166.017699 0.000000 
0.000000 0.000000 0.000000 0.000000 166.027654 166.013274 166.008296 166.008296 166.013827 0.000000 
0.000000 0.000000 0.000000 0.000000 166.037057 166.015486 166.007743 166.006637 166.010509 166.041667 
0.000000 0.000000 0.000000 0.000000 0.000000 166.021017 166.007743 166.005531 166.007190 166.039269 
0.000000 0.000000 0.000000 0.000000 0.000000 166.032079 166.008849 166.003872 166.004425 166.035951 
0.000000 0.000000 0.000000 0.000000 0.000000 0.000000 166.014933 166.002765 166.002212 166.034845 
0.000000 0.000000 0.000000 0.000000 0.000000 0.000000 166.032632 166.002765 166.001106 166.037610 
0.000000 0.000000 0.000000 0.000000 0.000000 0.000000 0.000000 166.012168 166.000000 0.000000 
