test/output/constant/S3_S000_A000_WD270.0_WS040.0/S3_S000_A000_WD270.0_WS040.0_arrival.asc
ncols         33
nrows         7
xllcorner     426603.990666
yllcorner     12748455.311160
cellsize      100.000000
NODATA_value  0.000000
0.000000 0.000000 0.000000 0.000000 0.000000 0.000000 0.000000 0.000000 166.040792 166.038700 166.037131 166.036085 166.035039 166.035039 166.034516 166.034516 166.034516 166.035039 166.035562 166.036085 166.037131 166.038177 166.038700 166.039746 166.040792 166.041667 0.000000 0.000000 0.000000 0.000000 0.000000 0.000000 0.000000 
0.000000 0.000000 0.000000 166.031378 166.026149 166.024057 166.021965 166.021442 166.020919 166.020919 166.020919 166.021442 166.022488 166.023011 166.024057 166.025103 166.025626 166.026672 166.027718 166.028764 166.029810 166.031378 166.032424 166.033470 166.034516 166.036085 166.037131 166.038177 166.039223 166.040792 0.000000 0.000000 0.000000 
166.028241 166.009937 166.007322 166.007322 166.007322 166.008368 166.009414 166.010459 166.011505 166.012551 166.014120 166.015166 166.016212 166.017781 166.018827 166.020396 166.021442 166.023011 166.024057 166.025103 166.026672 166.027718 166.029287 166.030332 166.031378 166.032947 166.033993 166.035562 166.036608 166.038177 166.039223 166.040792 166.041667 
166.000000 166.001046 166.002092 166.003661 166.004707 166.006276 166.007322 166.008891 166.009937 166.011505 166.012551 166.014120 166.015166 166.016735 166.017781 166.019350 166.020396 166.021965 166.023011 166.024580 166.025626 166.027195 166.028241 166.029810 166.030855 166.032424 166.033470 166.035039 166.036085 166.037654 166.038700 166.040269 166.041315 
166.028241 166.009937 166.007322 166.007322 166.007322 166.008368 166.009414 166.010459 166.011505 166.012551 166.014120 166.015166 166.016212 166.017781 166.018827 166.020396 166.021442 166.023011 166.024057 166.025103 166.026672 166.027718 166.029287 166.030332 166.031378 166.032947 166.033993 166.035562 166.036608 166.038177 166.039223 166.040792 166.041667 
0.000000 0.000000 0.000000 166.031378 166.026149 166.024057 166.021965 166.021442 166.020919 166.020919 166.020919 166.021442 166.022488 166.023011 166.024057 166.025103 166.025626 166.026672 166.027718 166.028764 166.029810 166.031378 166.032424 166.033470 166.034516 166.036085 166.037131 166.038177 166.039223 166.040792 0.000000 0.000000 0.000000 
0.000000 0.000000 0.000000 0.000000 0.000000 0.000000 0.000000 0.000000 166.040792 166.038700 166.037131 166.036085 166.035039 166.035039 166.034516 166.034516 166.034516 166.035039 166.035562 166.036085 166.037131 166.038177 166.038700 166.039746 166.040792 166.041667 0.000000 0.000000 0.000000 0.000000 0.000000 0.000000 0.000000 
