test/output/constant/M360_S060_A000_WD225.0_WS025.0/M360_S060_A000_WD225.0_WS025.0_arrival.asc
ncols         17
nrows         16
xllcorner     425103.990666
yllcorner     12748655.311160
cellsize      100.000000
NODATA_value  0.000000
166.040891 166.040134 166.039377 166.040134 166.041648 0.000000 0.000000 0.000000 0.000000 0.000000 0.000000 0.000000 0.000000 0.000000 0.000000 0.000000 0.000000 
166.040134 166.038619 166.037105 166.037105 166.037105 166.038619 166.041648 0.000000 0.000000 0.000000 0.000000 0.000000 0.000000 0.000000 0.000000 0.000000 0.000000 
166.040891 166.037862 166.035590 166.034076 166.034076 166.034076 166.036348 166.039377 0.000000 0.000000 0.000000 0.000000 0.000000 0.000000 0.000000 0.000000 0.000000 
166.040891 166.037862 166.034833 166.032561 166.031047 166.031047 166.031804 166.034076 166.037105 0.000000 0.000000 0.000000 0.000000 0.000000 0.000000 0.000000 0.000000 
0.000000 166.038619 166.034833 166.032561 166.029532 166.028018 166.028018 166.028775 166.031047 166.035590 0.000000 0.000000 0.000000 0.000000 0.000000 0.000000 0.000000 
0.000000 166.040891 166.036348 166.032561 166.029532 166.026504 166.024989 166.024989 166.025746 166.028775 166.033319 166.041648 0.000000 0.000000 0.000000 0.000000 0.000000 
0.000000 0.000000 166.038619 166.034076 166.029532 166.026504 166.024232 166.022717 166.021960 166.022717 166.026504 166.032561 0.000000 0.000000 0.000000 0.000000 0.000000 
0.000000 0.000000 0.000000 166.037105 166.031804 166.027261 166.024232 166.021203 166.019688 166.019688 166.020446 166.024232 166.031804 0.000000 0.000000 0.000000 0.000000 
0.000000 0.000000 0.000000 0.000000 166.035590 166.029532 166.024989 166.021203 166.018174 166.016659 166.016659 166.017417 166.021960 166.031804 0.000000 0.000000 0.000000 
0.000000 0.000000 0.000000 0.000000 166.041648 166.034076 166.028018 166.022717 166.018174 166.015902 166.013630 166.013630 166.015145 166.021203 166.034076 0.000000 0.000000 
0.000000 0.000000 0.000000 0.000000 0.000000 166.040891 166.033319 166.026504 166.019688 166.015902 166.012873 166.010601 166.010601 166.012873 166.021960 166.039377 0.000000 
0.000000 0.000000 0.000000 0.000000 0.000000 0.000000 166.041667 166.033319 166.024989 166.018174 166.013630 166.009844 166.007572 166.007572 166.011359 166.024989 0.000000 
0.000000 0.000000 0.000000 0.000000 0.000000 0.000000 0.000000 0.000000 166.034076 166.024989 166.017417 166.010601 166.007572 166.004543 166.004543 166.011359 166.039377 
0.000000 0.000000 0.000000 0.000000 0.000000 0.000000 0.000000 0.000000 0.000000 166.037105 166.026504 166.017417 166.009087 166.004543 166.001514 166.001514 166.025746 
0.000000 0.000000 0.000000 0.000000 0.000000 0.000000 0.000000 0.000000 0.000000 0.000000 166.041648 166.030290 166.019688 166.009087 166.001514 166.000000 166.021960 
0.000000 0.000000 0.000000 0.000000 0.000000 0.000000 0.000000 0.000000 0.000000 0.000000 0.000000 0.000000 0.000000 166.034833 166.026504 166.024232 166.033319 
