test/output/constant/M485_S060_A000_WD090.0_WS020.0/M485_S060_A000_WD090.0_WS020.0_arrival.asc
ncols         40
nrows         7
xllcorner     422703.990666
yllcorner     12748455.311160
cellsize      100.000000
NODATA_value  0.000000
0.000000 0.000000 0.000000 0.000000 0.000000 0.000000 0.000000 0.000000 166.041667 166.040934 166.040090 166.039246 166.038402 166.037980 166.037136 166.036292 166.035870 166.035026 166.034604 166.034604 166.034182 166.034604 166.034604 166.035026 166.035448 166.035870 166.036714 166.037980 166.039246 166.040934 0.000000 0.000000 0.000000 0.000000 0.000000 0.000000 0.000000 0.000000 0.000000 0.000000 
0.000000 0.000000 0.000000 166.040934 166.040090 166.038824 166.037980 166.037136 166.035870 166.035026 166.034182 166.032916 166.032072 166.031228 166.030384 166.029118 166.028274 166.027430 166.027008 166.026164 166.025320 166.024476 166.023632 166.023210 166.022366 166.021522 166.021100 166.020678 166.020678 166.020678 166.021100 166.021944 166.022788 166.024476 166.027852 166.032072 166.040934 0.000000 0.000000 0.000000 
166.041356 166.040512 166.039246 166.038402 166.037136 166.036292 166.035448 166.034182 166.033338 166.032072 166.031228 166.029962 166.029118 166.027852 166.027008 166.025742 166.024898 166.023632 166.022788 166.021522 166.020678 166.019412 166.018568 166.017302 166.016458 166.015614 166.014348 166.013504 166.012660 166.011394 166.010550 166.009706 166.008862 166.008018 166.007596 166.007174 166.007174 166.008018 166.011816 166.031650 
166.040934 166.039668 166.038824 166.037558 166.036714 166.035448 166.034604 166.033338 166.032494 166.031228 166.030384 166.029118 166.028274 166.027008 166.026164 166.024898 166.024054 166.022788 166.021944 166.020678 166.019834 166.018568 166.017724 166.016458 166.015614 166.014348 166.013504 166.012238 166.011394 166.010128 166.009284 166.008018 166.007174 166.005908 166.005064 166.003798 166.002954 166.001688 166.000844 166.000000 
166.041356 166.040512 166.039246 166.038402 166.037136 166.036292 166.035448 166.034182 166.033338 166.032072 166.031228 166.029962 166.029118 166.027852 166.027008 166.025742 166.024898 166.023632 166.022788 166.021522 166.020678 166.019412 166.018568 166.017302 166.016458 166.015614 166.014348 166.013504 166.012660 166.011394 166.010550 166.009706 166.008862 166.008018 166.007596 166.007174 166.007174 166.008018 166.011816 166.031650 
0.000000 0.000000 0.000000 166.040934 166.040090 166.038824 166.037980 166.037136 166.035870 166.035026 166.034182 166.032916 166.032072 166.031228 166.030384 166.029118 166.028274 166.027430 166.027008 166.026164 166.025320 166.024476 166.023632 166.023210 166.022366 166.021522 166.021100 166.020678 166.020678 166.020678 166.021100 166.021944 166.022788 166.024476 166.027852 166.032072 166.040934 0.000000 0.000000 0.000000 
0.000000 0.000000 0.000000 0.000000 0.000000 0.000000 0.000000 0.000000 166.041667 166.040934 166.040090 166.039246 166.038402 166.037980 166.037136 166.036292 166.035870 166.035026 166.034604 166.034604 166.034182 166.034604 166.034604 166.035026 166.035448 166.035870 166.036714 166.037980 166.039246 166.040934 0.000000 0.000000 0.000000 0.000000 0.000000 0.000000 0.000000 0.000000 0.000000 0.000000 
