test/output/constant/M3100_S060_A000_WD225.0_WS045.0/M3100_S060_A000_WD225.0_WS045.0_raz.asc
ncols         16
nrows         41
xllcorner     425303.990666
yllcorner     12748655.311160
cellsize      100.000000
NODATA_value  0.000000
0 344 344 346 0 0 0 0 0 0 0 0 0 0 0 0 
0 344 344 344 344 0 0 0 0 0 0 0 0 0 0 0 
0 344 344 344 344 344 0 0 0 0 0 0 0 0 0 0 
344 344 344 344 344 2 359 0 0 0 0 0 0 0 0 0 
344 344 344 344 344 355 6 0 0 0 0 0 0 0 0 0 
344 341 344 344 347 344 350 6 0 0 0 0 0 0 0 0 
344 342 344 344 344 359 344 359 351 0 0 0 0 0 0 0 
343 344 344 344 344 350 359 350 10 0 0 0 0 0 0 0 
344 340 344 344 344 344 359 359 355 0 0 0 0 0 0 0 
337 344 344 344 344 344 359 350 359 357 0 0 0 0 0 0 
344 341 343 344 344 344 349 359 359 353 0 0 0 0 0 0 
0 344 344 344 344 344 344 6 353 359 359 0 0 0 0 0 
0 337 344 344 344 344 346 17 359 353 357 0 0 0 0 0 
0 337 340 344 344 344 344 359 351 359 2 355 0 0 0 0 
0 337 344 344 344 344 344 349 359 2 359 2 0 0 0 0 
0 336 337 344 344 344 344 344 346 10 357 359 0 0 0 0 
0 291 337 337 344 344 344 345 346 355 17 359 0 0 0 0 
0 0 336 337 344 343 344 344 357 344 359 359 359 0 0 0 
0 0 274 337 344 344 344 344 347 359 10 359 6 0 0 0 
0 0 337 337 337 344 344 344 346 17 357 359 359 0 0 0 
0 0 337 291 337 340 344 344 344 344 350 357 359 359 0 0 
0 0 0 336 337 344 341 344 344 349 351 6 359 6 0 0 
0 0 0 291 336 337 344 344 344 344 359 359 359 359 0 0 
0 0 0 274 274 337 336 344 344 344 349 2 6 359 0 0 
0 0 0 0 274 337 337 344 344 344 349 359 359 10 0 0 
0 0 0 0 302 274 337 344 344 344 346 6 359 359 359 0 
0 0 0 0 336 337 336 337 344 344 344 359 359 359 2 0 
0 0 0 0 0 274 336 337 344 344 347 355 359 6 17 0 
0 0 0 0 0 274 337 291 344 344 344 2 353 359 359 0 
0 0 0 0 0 274 274 337 337 344 344 349 17 359 2 0 
0 0 0 0 0 0 274 291 291 344 344 344 353 10 2 0 
0 0 0 0 0 0 334 336 291 337 344 344 355 359 359 0 
0 0 0 0 0 0 0 274 336 337 344 344 359 2 6 0 
0 0 0 0 0 0 0 264 334 274 339 344 344 359 25 6 
0 0 0 0 0 0 0 0 264 291 337 344 344 359 6 25 
0 0 0 0 0 0 0 0 264 274 291 344 344 359 25 17 
0 0 0 0 0 0 0 0 0 274 274 337 344 359 2 6 
0 0 0 0 0 0 0 0 0 274 274 336 344 347 17 17 
0 0 0 0 0 0 0 0 0 0 274 264 344 344 25 94 
0 0 0 0 0 0 0 0 0 0 0 264 264 65535 94 0 
0 0 0 0 0 0 0 0 0 0 0 0 233 254 94 0 
