test/output/constant/M3100_S060_A000_WD225.0_WS045.0/M3100_S060_A000_WD225.0_WS045.0_arrival.asc
ncols         16
nrows         41
xllcorner     425303.990666
yllcorner     12748655.311160
cellsize      100.000000
NODATA_value  0.000000
0.000000 166.041667 166.041450 166.041450 0.000000 0.000000 0.000000 0.000000 0.000000 0.000000 0.000000 0.000000 0.000000 0.000000 0.000000 0.000000 
0.000000 166.041093 166.040378 166.040378 166.040735 0.000000 0.000000 0.000000 0.000000 0.000000 0.000000 0.000000 0.000000 0.000000 0.000000 0.000000 
0.000000 166.040378 166.039306 166.039306 166.039663 166.040735 0.000000 0.000000 0.000000 0.000000 0.000000 0.000000 0.000000 0.000000 0.000000 0.000000 
166.041667 166.039663 166.038591 166.038234 166.038234 166.039306 166.041093 0.000000 0.000000 0.000000 0.000000 0.000000 0.000000 0.000000 0.000000 0.000000 
166.041450 166.039306 166.037877 166.037162 166.037162 166.037877 166.039663 0.000000 0.000000 0.000000 0.000000 0.000000 0.000000 0.000000 0.000000 0.000000 
166.041450 166.038591 166.036805 166.036090 166.036090 166.036447 166.037877 166.040378 0.000000 0.000000 0.000000 0.000000 0.000000 0.000000 0.000000 0.000000 
166.041450 166.038234 166.036447 166.035375 166.035018 166.035375 166.036447 166.038949 166.041667 0.000000 0.000000 0.000000 0.000000 0.000000 0.000000 0.000000 
166.041093 166.038234 166.035733 166.034303 166.033946 166.033946 166.035018 166.036805 166.040021 0.000000 0.000000 0.000000 0.000000 0.000000 0.000000 0.000000 
166.041450 166.037877 166.035375 166.033589 166.032874 166.032874 166.033589 166.035375 166.037877 0.000000 0.000000 0.000000 0.000000 0.000000 0.000000 0.000000 
166.041450 166.037877 166.035018 166.032874 166.031802 166.031802 166.032159 166.033589 166.036090 166.040021 0.000000 0.000000 0.000000 0.000000 0.000000 0.000000 
166.041667 166.037877 166.034661 166.032517 166.031087 166.030730 166.030730 166.032159 166.034303 166.037877 0.000000 0.000000 0.000000 0.000000 0.000000 0.000000 
0.000000 166.038234 166.034661 166.031802 166.030015 166.029658 166.029658 166.030730 166.032517 166.036090 166.040378 0.000000 0.000000 0.000000 0.000000 0.000000 
0.000000 166.038234 166.034661 166.031802 166.029658 166.028586 166.028586 166.029301 166.031087 166.033946 166.038234 0.000000 0.000000 0.000000 0.000000 0.000000 
0.000000 166.038591 166.034661 166.031445 166.029301 166.027871 166.027514 166.027871 166.029301 166.032159 166.036447 166.041667 0.000000 0.000000 0.000000 0.000000 
0.000000 166.039306 166.035018 166.031445 166.028586 166.026799 166.026442 166.026442 166.027871 166.030373 166.034303 166.039663 0.000000 0.000000 0.000000 0.000000 
0.000000 166.040021 166.035018 166.031445 166.028229 166.026085 166.025370 166.025370 166.026085 166.028586 166.032159 166.037162 0.000000 0.000000 0.000000 0.000000 
0.000000 166.041450 166.035733 166.031445 166.028229 166.025728 166.024298 166.024298 166.024656 166.026799 166.030373 166.035018 0.000000 0.000000 0.000000 0.000000 
0.000000 0.000000 166.036447 166.031802 166.028229 166.025013 166.023584 166.023226 166.023584 166.025013 166.028229 166.032874 166.039663 0.000000 0.000000 0.000000 
0.000000 0.000000 166.037877 166.032159 166.028229 166.025013 166.022869 166.022154 166.022154 166.023584 166.026442 166.030730 166.037162 0.000000 0.000000 0.000000 
0.000000 0.000000 166.039306 166.032874 166.028229 166.025013 166.022154 166.021082 166.021082 166.022154 166.024298 166.028586 166.034661 0.000000 0.000000 0.000000 
0.000000 0.000000 166.041093 166.034303 166.028586 166.024656 166.021797 166.020010 166.020010 166.020368 166.022512 166.026442 166.032517 166.040378 0.000000 0.000000 
0.000000 0.000000 0.000000 166.035733 166.029301 166.025013 166.021440 166.019296 166.018938 166.018938 166.020725 166.024656 166.030373 166.037877 0.000000 0.000000 
0.000000 0.000000 0.000000 166.037519 166.030373 166.025013 166.021440 166.018938 166.017866 166.017866 166.019296 166.022512 166.027871 166.035375 0.000000 0.000000 
0.000000 0.000000 0.000000 166.040021 166.032159 166.025728 166.021440 166.018581 166.016794 166.016794 166.017509 166.020725 166.025728 166.032874 0.000000 0.000000 
0.000000 0.000000 0.000000 0.000000 166.033946 166.026799 166.021797 166.018224 166.016080 166.015722 166.016080 166.018581 166.023226 166.030730 0.000000 0.000000 
0.000000 0.000000 0.000000 0.000000 166.036447 166.028586 166.022154 166.018224 166.015365 166.014650 166.014650 166.016794 166.021082 166.028229 166.041450 0.000000 
0.000000 0.000000 0.000000 0.000000 166.039306 166.030373 166.023226 166.018224 166.015008 166.013578 166.013578 166.015008 166.018938 166.026085 166.039306 0.000000 
0.000000 0.000000 0.000000 0.000000 0.000000 166.033231 166.024656 166.018581 166.015008 166.012506 166.012506 166.013221 166.016794 166.023584 166.036805 0.000000 
0.000000 0.000000 0.000000 0.000000 0.000000 166.036447 166.026799 166.019653 166.015008 166.012149 166.011434 166.011792 166.014650 166.021082 166.034303 0.000000 
0.000000 0.000000 0.000000 0.000000 0.000000 166.040735 166.030015 166.021082 166.015008 166.011792 166.010362 166.010362 166.012864 166.018581 166.032159 0.000000 
0.000000 0.000000 0.000000 0.000000 0.000000 0.000000 166.033589 166.023584 166.016080 166.011792 166.009290 166.009290 166.010720 166.016437 166.029658 0.000000 
0.000000 0.000000 0.000000 0.000000 0.000000 0.000000 166.037877 166.026442 166.017509 166.011792 166.008576 166.008219 166.008933 166.013936 166.027157 0.000000 
0.000000 0.000000 0.000000 0.000000 0.000000 0.000000 0.000000 166.030730 166.020010 166.012149 166.008576 166.007147 166.007504 166.011792 166.025013 0.000000 
0.000000 0.000000 0.000000 0.000000 0.000000 0.000000 0.000000 166.036090 166.023584 166.013936 166.008219 166.006075 166.006075 166.009290 166.022512 166.041093 
0.000000 0.000000 0.000000 0.000000 0.000000 0.000000 0.000000 0.000000 166.028586 166.016794 166.008576 166.005360 166.005003 166.007147 166.020368 166.040021 
0.000000 0.000000 0.000000 0.000000 0.000000 0.000000 0.000000 0.000000 166.035018 166.021082 166.010362 166.005003 166.003931 166.005003 166.017866 166.038949 
0.000000 0.000000 0.000000 0.000000 0.000000 0.000000 0.000000 0.000000 0.000000 166.027157 166.013936 166.005003 166.002859 166.003216 166.016080 166.038949 
0.000000 0.000000 0.000000 0.000000 0.000000 0.000000 0.000000 0.000000 0.000000 166.036090 166.020010 166.006789 166.001787 166.001787 166.014293 166.038591 
0.000000 0.000000 0.000000 0.000000 0.000000 0.000000 0.000000 0.000000 0.000000 0.000000 166.028943 166.012149 166.001787 166.000715 166.013936 166.040378 
0.000000 0.000000 0.000000 0.000000 0.000000 0.000000 0.000000 0.000000 0.000000 0.000000 0.000000 166.022512 166.004645 166.000000 166.014293 0.000000 
0.000000 0.000000 0.000000 0.000000 0.000000 0.000000 0.000000 0.000000 0.000000 0.000000 0.000000 0.000000 166.030730 166.025370 166.033231 0.000000 
