test/output/constant/M3M485_S000_A180_WD180.0_WS015.0/M3M485_S000_A180_WD180.0_WS015.0_arrival.asc
ncols         11
nrows         21
xllcorner     426103.990666
yllcorner     12748455.311160
cellsize      100.000000
NODATA_value  0.000000
0.000000 0.000000 0.000000 0.000000 166.041551 166.041551 166.041551 0.000000 0.000000 0.000000 0.000000 
0.000000 0.000000 0.000000 166.040561 166.039572 166.038583 166.039572 166.040561 0.000000 0.000000 0.000000 
0.000000 0.000000 166.040561 166.037594 166.036604 166.036604 166.036604 166.037594 166.040561 0.000000 0.000000 
0.000000 166.041551 166.037594 166.035615 166.034626 166.033636 166.034626 166.035615 166.037594 166.041551 0.000000 
0.000000 166.039572 166.035615 166.032647 166.031658 166.031658 166.031658 166.032647 166.035615 166.039572 0.000000 
0.000000 166.037594 166.033636 166.030668 166.029679 166.028690 166.029679 166.030668 166.033636 166.037594 0.000000 
166.041551 166.035615 166.031658 166.028690 166.026711 166.026711 166.026711 166.028690 166.031658 166.035615 166.041551 
166.040561 166.034626 166.029679 166.025722 166.024733 166.023743 166.024733 166.025722 166.029679 166.034626 166.040561 
166.040561 166.032647 166.027700 166.023743 166.021765 166.021765 166.021765 166.023743 166.027700 166.032647 166.040561 
166.039572 166.031658 166.025722 166.021765 166.019786 166.018797 166.019786 166.021765 166.025722 166.031658 166.039572 
166.039572 166.031658 166.024733 166.019786 166.016818 166.016818 166.016818 166.019786 166.024733 166.031658 166.039572 
166.039572 166.030668 166.022754 166.017807 166.014840 166.013850 166.014840 166.017807 166.022754 166.030668 166.039572 
166.039572 166.030668 166.022754 166.015829 166.011872 166.011872 166.011872 166.015829 166.022754 166.030668 166.039572 
166.040561 166.030668 166.022754 166.013850 166.009893 166.008904 166.009893 166.013850 166.022754 166.030668 166.040561 
0.000000 166.031658 166.021765 166.013850 166.007914 166.006925 166.007914 166.013850 166.021765 166.031658 0.000000 
0.000000 166.033636 166.022754 166.013850 166.005936 166.003957 166.005936 166.013850 166.022754 166.033636 0.000000 
0.000000 166.036604 166.025722 166.013850 166.004947 166.001979 166.004947 166.013850 166.025722 166.036604 0.000000 
0.000000 166.041551 166.028690 166.016818 166.004947 166.000000 166.004947 166.016818 166.028690 166.041551 0.000000 
0.000000 0.000000 166.035615 166.023743 166.011872 166.007914 166.011872 166.023743 166.035615 0.000000 0.000000 
0.000000 0.000000 0.000000 166.033636 166.025722 166.023743 166.025722 166.033636 0.000000 0.000000 0.000000 
0.000000 0.000000 0.000000 0.000000 166.041551 166.039572 166.041551 0.000000 0.000000 0.000000 0.000000 
