test/output/constant/M395_S060_A180_WD270.0_WS015.0/M395_S060_A180_WD270.0_WS015.0_arrival.asc
ncols         64
nrows         11
xllcorner     426603.990666
yllcorner     12748255.311160
cellsize      100.000000
NODATA_value  0.000000
0.000000 0.000000 0.000000 0.000000 0.000000 0.000000 0.000000 0.000000 0.000000 0.000000 0.000000 0.000000 0.000000 0.000000 0.000000 0.000000 0.000000 0.000000 0.000000 0.000000 0.000000 0.000000 0.000000 0.000000 0.000000 0.000000 0.000000 0.000000 0.000000 0.000000 166.041547 166.041547 166.041018 166.041018 166.041018 166.041018 166.041018 166.040754 166.041018 166.041018 166.041283 166.041667 0.000000 0.000000 0.000000 0.000000 0.000000 0.000000 0.000000 0.000000 0.000000 0.000000 0.000000 0.000000 0.000000 0.000000 0.000000 0.000000 0.000000 0.000000 0.000000 0.000000 0.000000 0.000000 
0.000000 0.000000 0.000000 0.000000 0.000000 0.000000 0.000000 0.000000 0.000000 0.000000 0.000000 0.000000 0.000000 0.000000 166.039960 166.038372 166.037049 166.035990 166.034932 166.034138 166.033608 166.033079 166.032815 166.032550 166.032285 166.032021 166.031756 166.031756 166.031756 166.031756 166.032021 166.032021 166.032550 166.032815 166.033344 166.033608 166.034138 166.034667 166.034932 166.035461 166.035990 166.036255 166.036784 166.037313 166.037843 166.038107 166.038636 166.039166 166.039695 166.040224 166.040489 166.041018 166.041547 0.000000 0.000000 0.000000 0.000000 0.000000 0.000000 0.000000 0.000000 0.000000 0.000000 0.000000 
0.000000 0.000000 0.000000 0.000000 0.000000 0.000000 166.041018 166.036255 166.032815 166.030433 166.028316 166.026993 166.025934 166.024876 166.024082 166.023552 166.023288 166.023288 166.022758 166.022758 166.022758 166.022758 166.023023 166.023288 166.023552 166.024082 166.024611 166.024876 166.025405 166.025934 166.026199 166.026728 166.027257 166.027787 166.028051 166.028580 166.029110 166.029639 166.030168 166.030697 166.031227 166.031756 166.032285 166.032815 166.033608 166.034138 166.034667 166.035196 166.035990 166.036519 166.037049 166.037843 166.038372 166.038901 166.039430 166.040224 166.040754 166.041283 0.000000 0.000000 0.000000 0.000000 0.000000 0.000000 
0.000000 0.000000 166.040224 166.028580 166.022494 166.019318 166.017201 166.015613 166.014819 166.014290 166.014026 166.013761 166.013761 166.013761 166.014026 166.014555 166.014819 166.015349 166.015878 166.016143 166.016672 166.017201 166.017730 166.018260 166.018789 166.019318 166.019848 166.020377 166.020906 166.021700 166.022229 166.022758 166.023552 166.024082 166.024611 166.025405 166.025934 166.026463 166.027257 166.027787 166.028316 166.029110 166.029639 166.030168 166.030962 166.031491 166.032021 166.032815 166.033344 166.034138 166.034667 166.035461 166.035990 166.036784 166.037313 166.038107 166.038636 166.039166 166.039960 166.040489 166.041283 0.000000 0.000000 0.000000 
166.021965 166.008468 166.005822 166.004763 166.004763 166.004763 166.005293 166.005822 166.006087 166.006616 166.007410 166.007939 166.008733 166.009262 166.009791 166.010585 166.011115 166.011909 166.012438 166.013232 166.013761 166.014290 166.015084 166.015613 166.016407 166.016937 166.017730 166.018260 166.018789 166.019583 166.020112 166.020906 166.021435 166.022229 166.022758 166.023552 166.024082 166.024876 166.025405 166.026199 166.026728 166.027257 166.028051 166.028580 166.029374 166.029904 166.030697 166.031227 166.032021 166.032550 166.033344 166.033873 166.034402 166.035196 166.035726 166.036519 166.037049 166.037843 166.038372 166.039166 166.039695 166.040489 166.041018 166.041667 
166.000000 166.000529 166.001059 166.001852 166.002382 166.003176 166.003705 166.004499 166.005028 166.005822 166.006351 166.007145 166.007674 166.008468 166.008998 166.009791 166.010321 166.011115 166.011644 166.012438 166.012967 166.013761 166.014290 166.015084 166.015613 166.016407 166.016937 166.017730 166.018260 166.019054 166.019583 166.020377 166.020906 166.021700 166.022229 166.023023 166.023552 166.024346 166.024876 166.025669 166.026199 166.026993 166.027522 166.028316 166.028845 166.029639 166.030168 166.030962 166.031491 166.032285 166.032815 166.033608 166.034138 166.034932 166.035461 166.036255 166.036784 166.037578 166.038107 166.038901 166.039430 166.040224 166.040754 166.041547 
166.021965 166.008468 166.005822 166.004763 166.004763 166.004763 166.005293 166.005822 166.006087 166.006616 166.007410 166.007939 166.008733 166.009262 166.009791 166.010585 166.011115 166.011909 166.012438 166.013232 166.013761 166.014290 166.015084 166.015613 166.016407 166.016937 166.017730 166.018260 166.018789 166.019583 166.020112 166.020906 166.021435 166.022229 166.022758 166.023552 166.024082 166.024876 166.025405 166.026199 166.026728 166.027257 166.028051 166.028580 166.029374 166.029904 166.030697 166.031227 166.032021 166.032550 166.033344 166.033873 166.034402 166.035196 166.035726 166.036519 166.037049 166.037843 166.038372 166.039166 166.039695 166.040489 166.041018 166.041667 
0.000000 0.000000 166.040224 166.028580 166.022494 166.019318 166.017201 166.015613 166.014819 166.014290 166.014026 166.013761 166.013761 166.013761 166.014026 166.014555 166.014819 166.015349 166.015878 166.016143 166.016672 166.017201 166.017730 166.018260 166.018789 166.019318 166.019848 166.020377 166.020906 166.021700 166.022229 166.022758 166.023552 166.024082 166.024611 166.025405 166.025934 166.026463 166.027257 166.027787 166.028316 166.029110 166.029639 166.030168 166.030962 166.031491 166.032021 166.032815 166.033344 166.034138 166.034667 166.035461 166.035990 166.036784 166.037313 166.038107 166.038636 166.039166 166.039960 166.040489 166.041283 0.000000 0.000000 0.000000 
0.000000 0.000000 0.000000 0.000000 0.000000 0.000000 166.041018 166.036255 166.032815 166.030433 166.028316 166.026993 166.025934 166.024876 166.024082 166.023552 166.023288 166.023288 166.022758 166.022758 166.022758 166.022758 166.023023 166.023288 166.023552 166.024082 166.024611 166.024876 166.025405 166.025934 166.026199 166.026728 166.027257 166.027787 166.028051 166.028580 166.029110 166.029639 166.030168 166.030697 166.031227 166.031756 166.032285 166.032815 166.033608 166.034138 166.034667 166.035196 166.035990 166.036519 166.037049 166.037843 166.038372 166.038901 166.039430 166.040224 166.040754 166.041283 0.000000 0.000000 0.000000 0.000000 0.000000 0.000000 
0.000000 0.000000 0.000000 0.000000 0.000000 0.000000 0.000000 0.000000 0.000000 0.000000 0.000000 0.000000 0.000000 0.000000 166.039960 166.038372 166.037049 166.035990 166.034932 166.034138 166.033608 166.033079 166.032815 166.032550 166.032285 166.032021 166.031756 166.031756 166.031756 166.031756 166.032021 166.032021 166.032550 166.032815 166.033344 166.033608 166.034138 166.034667 166.034932 166.035461 166.035990 166.036255 166.036784 166.037313 166.037843 166.038107 166.038636 166.039166 166.039695 166.040224 166.040489 166.041018 166.041547 0.000000 0.000000 0.000000 0.000000 0.000000 0.000000 0.000000 0.000000 0.000000 0.000000 0.000000 
0.000000 0.000000 0.000000 0.000000 0.000000 0.000000 0.000000 0.000000 0.000000 0.000000 0.000000 0.000000 0.000000 0.000000 0.000000 0.000000 0.000000 0.000000 0.000000 0.000000 0.000000 0.000000 0.000000 0.000000 0.000000 0.000000 0.000000 0.000000 0.000000 0.000000 166.041547 166.041547 166.041018 166.041018 166.041018 166.041018 166.041018 166.040754 166.041018 166.041018 166.041283 166.041667 0.000000 0.000000 0.000000 0.000000 0.000000 0.000000 0.000000 0.000000 0.000000 0.000000 0.000000 0.000000 0.000000 0.000000 0.000000 0.000000 0.000000 0.000000 0.000000 0.000000 0.000000 0.000000 
