test/output/constant/M475_S000_A090_WD180.0_WS045.0/M475_S000_A090_WD180.0_WS045.0_arrival.asc
ncols         7
nrows         34
xllcorner     426303.990666
yllcorner     12748755.311160
cellsize      100.000000
NODATA_value  0.000000
0.000000 0.000000 0.000000 166.041667 0.000000 0.000000 0.000000 
0.000000 0.000000 166.041385 166.040363 166.041385 0.000000 0.000000 
0.000000 0.000000 166.039852 166.039341 166.039852 0.000000 0.000000 
0.000000 166.041667 166.038830 166.037808 166.038830 166.041667 0.000000 
0.000000 166.040363 166.037297 166.036786 166.037297 166.040363 0.000000 
0.000000 166.039341 166.036275 166.035254 166.036275 166.039341 0.000000 
0.000000 166.038319 166.034743 166.034232 166.034743 166.038319 0.000000 
0.000000 166.036786 166.033721 166.032699 166.033721 166.036786 0.000000 
0.000000 166.035765 166.032188 166.031677 166.032188 166.035765 0.000000 
166.041667 166.034743 166.031166 166.030144 166.031166 166.034743 166.041667 
166.040874 166.033210 166.030144 166.029123 166.030144 166.033210 166.040874 
166.039852 166.032188 166.028612 166.027590 166.028612 166.032188 166.039852 
166.039341 166.031166 166.027590 166.026568 166.027590 166.031166 166.039341 
166.038319 166.030144 166.026057 166.025035 166.026057 166.030144 166.038319 
166.037808 166.029123 166.025035 166.024013 166.025035 166.029123 166.037808 
166.037297 166.028101 166.023502 166.022481 166.023502 166.028101 166.037297 
166.037297 166.027590 166.022481 166.021459 166.022481 166.027590 166.037297 
166.037297 166.026568 166.020948 166.019926 166.020948 166.026568 166.037297 
166.037297 166.025546 166.019926 166.018904 166.019926 166.025546 166.037297 
166.037808 166.024524 166.018904 166.017371 166.018904 166.024524 166.037808 
166.038319 166.024013 166.017371 166.016350 166.017371 166.024013 166.038319 
166.039341 166.022992 166.016350 166.014817 166.016350 166.022992 166.039341 
166.040363 166.022481 166.014817 166.013795 166.014817 166.022481 166.040363 
166.041385 166.022481 166.013795 166.012262 166.013795 166.022481 166.041385 
0.000000 166.022481 166.012773 166.011240 166.012773 166.022481 0.000000 
0.000000 166.022992 166.011240 166.009708 166.011240 166.022992 0.000000 
0.000000 166.023502 166.010218 166.008686 166.010218 166.023502 0.000000 
0.000000 166.025035 166.009197 166.007153 166.009197 166.025035 0.000000 
0.000000 166.027079 166.008686 166.006131 166.008686 166.027079 0.000000 
0.000000 166.030655 166.007664 166.004598 166.007664 166.030655 0.000000 
0.000000 166.036786 166.007664 166.003576 166.007664 166.036786 0.000000 
0.000000 0.000000 166.008175 166.002044 166.008175 0.000000 0.000000 
0.000000 0.000000 166.011751 166.001022 166.011751 0.000000 0.000000 
0.000000 0.000000 166.029123 166.000000 166.029123 0.000000 0.000000 
