test/output/constant/M3M4100_S000_A090_WD180.0_WS010.0/M3M4100_S000_A090_WD180.0_WS010.0_arrival.asc
ncols         13
nrows         20
xllcorner     426003.990666
yllcorner     12748355.311160
cellsize      100.000000
NODATA_value  0.000000
0.000000 0.000000 0.000000 0.000000 166.041667 166.041198 166.041198 166.041198 166.041667 0.000000 0.000000 0.000000 0.000000 
0.000000 0.000000 0.000000 166.040085 166.038972 166.037858 166.037858 166.037858 166.038972 166.040085 0.000000 0.000000 0.000000 
0.000000 0.000000 166.040085 166.037858 166.036745 166.035631 166.035631 166.035631 166.036745 166.037858 166.040085 0.000000 0.000000 
0.000000 166.040085 166.037858 166.035631 166.033404 166.032291 166.032291 166.032291 166.033404 166.035631 166.037858 166.040085 0.000000 
0.000000 166.038972 166.035631 166.032291 166.031177 166.030064 166.030064 166.030064 166.031177 166.032291 166.035631 166.038972 0.000000 
166.041198 166.036745 166.033404 166.030064 166.027837 166.026723 166.026723 166.026723 166.027837 166.030064 166.033404 166.036745 166.041198 
166.038972 166.034518 166.031177 166.027837 166.025610 166.024496 166.024496 166.024496 166.025610 166.027837 166.031177 166.034518 166.038972 
166.037858 166.033404 166.028950 166.025610 166.023383 166.021156 166.021156 166.021156 166.023383 166.025610 166.028950 166.033404 166.037858 
166.036745 166.031177 166.026723 166.023383 166.020042 166.018929 166.018929 166.018929 166.020042 166.023383 166.026723 166.031177 166.036745 
166.036745 166.030064 166.025610 166.021156 166.017816 166.015589 166.015589 166.015589 166.017816 166.021156 166.025610 166.030064 166.036745 
166.035631 166.030064 166.024496 166.018929 166.015589 166.013362 166.013362 166.013362 166.015589 166.018929 166.024496 166.030064 166.035631 
166.036745 166.030064 166.023383 166.017816 166.013362 166.011135 166.010021 166.011135 166.013362 166.017816 166.023383 166.030064 166.036745 
166.036745 166.030064 166.023383 166.016702 166.011135 166.007794 166.007794 166.007794 166.011135 166.016702 166.023383 166.030064 166.036745 
166.037858 166.030064 166.023383 166.016702 166.010021 166.005567 166.004454 166.005567 166.010021 166.016702 166.023383 166.030064 166.037858 
166.038972 166.031177 166.024496 166.016702 166.010021 166.003340 166.002227 166.003340 166.010021 166.016702 166.024496 166.031177 166.038972 
166.041198 166.033404 166.025610 166.018929 166.011135 166.003340 166.000000 166.003340 166.011135 166.018929 166.025610 166.033404 166.041198 
0.000000 166.036745 166.028950 166.022269 166.014475 166.007794 166.005567 166.007794 166.014475 166.022269 166.028950 166.036745 0.000000 
0.000000 166.041667 166.034518 166.027837 166.020042 166.015589 166.014475 166.015589 166.020042 166.027837 166.034518 166.041667 0.000000 
0.000000 0.000000 166.040085 166.033404 166.028950 166.025610 166.024496 166.025610 166.028950 166.033404 166.040085 0.000000 0.000000 
0.000000 0.000000 0.000000 166.041667 166.037858 166.035631 166.034518 166.035631 166.037858 166.041667 0.000000 0.000000 0.000000 
