test/output/constant/M3M460_S000_A180_WD270.0_WS040.0/M3M460_S000_A180_WD270.0_WS040.0_arrival.asc
ncols         35
nrows         7
xllcorner     426603.990666
yllcorner     12748455.311160
cellsize      100.000000
NODATA_value  0.000000
0.000000 0.000000 0.000000 0.000000 0.000000 0.000000 0.000000 166.039141 166.036725 166.034792 166.033342 166.032859 166.032376 166.031892 166.031892 166.031892 166.031892 166.031892 166.032859 166.033342 166.034308 166.034792 166.035758 166.036725 166.037208 166.038174 166.039141 166.040107 166.041074 166.041667 0.000000 0.000000 0.000000 0.000000 0.000000 
0.000000 0.000000 166.036241 166.028027 166.023678 166.021745 166.020295 166.019329 166.019329 166.019329 166.019329 166.019812 166.020295 166.021262 166.022228 166.023194 166.023678 166.024644 166.025611 166.026577 166.027543 166.028510 166.029959 166.030926 166.031892 166.033342 166.034308 166.035275 166.036241 166.037691 166.038657 166.040107 166.041074 0.000000 0.000000 
166.017879 166.008698 166.006765 166.006765 166.006765 166.007731 166.008698 166.009664 166.010631 166.011597 166.012564 166.014013 166.014980 166.016429 166.017396 166.018845 166.019812 166.021262 166.022228 166.023194 166.024644 166.025611 166.027060 166.028027 166.028993 166.030443 166.031409 166.032859 166.033825 166.035275 166.036241 166.037691 166.038657 166.040107 166.041074 
166.000000 166.000966 166.001933 166.003383 166.004349 166.005799 166.006765 166.008215 166.009181 166.010631 166.011597 166.013047 166.014013 166.015463 166.016429 166.017879 166.018845 166.020295 166.021262 166.022711 166.023678 166.025127 166.026094 166.027543 166.028510 166.029959 166.030926 166.032376 166.033342 166.034792 166.035758 166.037208 166.038174 166.039624 166.040590 
166.017879 166.008698 166.006765 166.006765 166.006765 166.007731 166.008698 166.009664 166.010631 166.011597 166.012564 166.014013 166.014980 166.016429 166.017396 166.018845 166.019812 166.021262 166.022228 166.023194 166.024644 166.025611 166.027060 166.028027 166.028993 166.030443 166.031409 166.032859 166.033825 166.035275 166.036241 166.037691 166.038657 166.040107 166.041074 
0.000000 0.000000 166.036241 166.028027 166.023678 166.021745 166.020295 166.019329 166.019329 166.019329 166.019329 166.019812 166.020295 166.021262 166.022228 166.023194 166.023678 166.024644 166.025611 166.026577 166.027543 166.028510 166.029959 166.030926 166.031892 166.033342 166.034308 166.035275 166.036241 166.037691 166.038657 166.040107 166.041074 0.000000 0.000000 
0.000000 0.000000 0.000000 0.000000 0.000000 0.000000 0.000000 166.039141 166.036725 166.034792 166.033342 166.032859 166.032376 166.031892 166.031892 166.031892 166.031892 166.031892 166.032859 166.033342 166.034308 166.034792 166.035758 166.036725 166.037208 166.038174 166.039141 166.040107 166.041074 166.041667 0.000000 0.000000 0.000000 0.000000 0.000000 
