test/output/constant/M3M470_S060_A180_WD270.0_WS015.0/M3M470_S060_A180_WD270.0_WS015.0_arrival.asc
ncols         46
nrows         7
xllcorner     426603.990666
yllcorner     12748455.311160
cellsize      100.000000
NODATA_value  0.000000
0.000000 0.000000 0.000000 0.000000 0.000000 0.000000 0.000000 0.000000 0.000000 166.038551 166.036348 166.034512 166.033411 166.031942 166.031575 166.030841 166.030474 166.030107 166.030474 166.030107 166.030107 166.030107 166.030841 166.031208 166.031942 166.032677 166.033044 166.033778 166.034512 166.034880 166.035614 166.036348 166.037082 166.037817 166.038184 166.038918 166.039653 166.040387 166.041121 0.000000 0.000000 0.000000 0.000000 0.000000 0.000000 0.000000 
0.000000 0.000000 0.000000 166.035247 166.028271 166.024232 166.022029 166.020193 166.019092 166.018725 166.018358 166.018358 166.018358 166.018358 166.018725 166.019459 166.020193 166.020561 166.021295 166.022029 166.022763 166.023498 166.024232 166.024966 166.025701 166.026435 166.027169 166.027904 166.029005 166.029739 166.030474 166.031208 166.032309 166.033044 166.033778 166.034880 166.035614 166.036348 166.037450 166.038184 166.038918 166.040020 166.040754 166.041488 0.000000 0.000000 
166.026802 166.010647 166.006976 166.006242 166.006242 166.006609 166.006976 166.007710 166.008445 166.009179 166.010280 166.011015 166.011749 166.012483 166.013585 166.014319 166.015420 166.016155 166.016889 166.017991 166.018725 166.019826 166.020561 166.021662 166.022396 166.023498 166.024232 166.025334 166.026068 166.027169 166.027904 166.029005 166.029739 166.030841 166.031575 166.032677 166.033411 166.034145 166.035247 166.035981 166.037082 166.037817 166.038918 166.039653 166.040754 166.041488 
166.000000 166.000734 166.001469 166.002570 166.003304 166.004406 166.005140 166.006242 166.006976 166.008077 166.008812 166.009913 166.010647 166.011749 166.012483 166.013585 166.014319 166.015420 166.016155 166.017256 166.017991 166.019092 166.019826 166.020928 166.021662 166.022763 166.023498 166.024599 166.025334 166.026435 166.027169 166.028271 166.029005 166.030107 166.030841 166.031942 166.032677 166.033778 166.034512 166.035614 166.036348 166.037450 166.038184 166.039285 166.040020 166.041121 
166.026802 166.010647 166.006976 166.006242 166.006242 166.006609 166.006976 166.007710 166.008445 166.009179 166.010280 166.011015 166.011749 166.012483 166.013585 166.014319 166.015420 166.016155 166.016889 166.017991 166.018725 166.019826 166.020561 166.021662 166.022396 166.023498 166.024232 166.025334 166.026068 166.027169 166.027904 166.029005 166.029739 166.030841 166.031575 166.032677 166.033411 166.034145 166.035247 166.035981 166.037082 166.037817 166.038918 166.039653 166.040754 166.041488 
0.000000 0.000000 0.000000 166.035247 166.028271 166.024232 166.022029 166.020193 166.019092 166.018725 166.018358 166.018358 166.018358 166.018358 166.018725 166.019459 166.020193 166.020561 166.021295 166.022029 166.022763 166.023498 166.024232 166.024966 166.025701 166.026435 166.027169 166.027904 166.029005 166.029739 166.030474 166.031208 166.032309 166.033044 166.033778 166.034880 166.035614 166.036348 166.037450 166.038184 166.038918 166.040020 166.040754 166.041488 0.000000 0.000000 
0.000000 0.000000 0.000000 0.000000 0.000000 0.000000 0.000000 0.000000 0.000000 166.038551 166.036348 166.034512 166.033411 166.031942 166.031575 166.030841 166.030474 166.030107 166.030474 166.030107 166.030107 166.030107 166.030841 166.031208 166.031942 166.032677 166.033044 166.033778 166.034512 166.034880 166.035614 166.036348 166.037082 166.037817 166.038184 166.038918 166.039653 166.040387 166.041121 0.000000 0.000000 0.000000 0.000000 0.000000 0.000000 0.000000 
