test/output/constant/M3M465_S060_A270_WD315.0_WS020.0/M3M465_S060_A270_WD315.0_WS020.0_arrival.asc
ncols         14
nrows         20
xllcorner     426503.990666
yllcorner     12748655.311160
cellsize      100.000000
NODATA_value  0.000000
0.000000 0.000000 0.000000 0.000000 0.000000 0.000000 0.000000 0.000000 0.000000 0.000000 166.041287 166.040550 166.040550 166.041287 
0.000000 0.000000 0.000000 0.000000 0.000000 0.000000 0.000000 0.000000 0.000000 166.039075 166.038338 166.037601 166.038338 166.040550 
0.000000 0.000000 0.000000 0.000000 0.000000 0.000000 0.000000 0.000000 166.038338 166.036126 166.035389 166.036126 166.036863 166.040550 
0.000000 0.000000 0.000000 0.000000 0.000000 0.000000 0.000000 166.037601 166.034651 166.033177 166.033177 166.034651 166.036863 166.040550 
0.000000 0.000000 0.000000 0.000000 0.000000 0.000000 166.037601 166.033177 166.031702 166.030965 166.030965 166.033177 166.036863 166.041287 
0.000000 0.000000 0.000000 0.000000 0.000000 166.038338 166.033177 166.029491 166.028753 166.028753 166.030228 166.033177 166.036863 0.000000 
0.000000 0.000000 0.000000 0.000000 166.040550 166.033177 166.028753 166.026542 166.026542 166.027279 166.029491 166.033914 166.038338 0.000000 
0.000000 0.000000 0.000000 0.000000 166.034651 166.028016 166.025067 166.024330 166.024330 166.026542 166.030228 166.034651 166.041287 0.000000 
0.000000 0.000000 0.000000 166.036863 166.028753 166.023592 166.022118 166.022118 166.022855 166.026542 166.030965 166.036863 0.000000 0.000000 
0.000000 0.000000 166.041667 166.030965 166.023592 166.019906 166.019906 166.019906 166.022855 166.026542 166.032440 166.040550 0.000000 0.000000 
0.000000 0.000000 166.034651 166.025067 166.019169 166.017694 166.017694 166.019169 166.022855 166.028753 166.036126 0.000000 0.000000 0.000000 
0.000000 166.041287 166.028016 166.019169 166.015483 166.015483 166.016220 166.019169 166.024330 166.032440 166.041287 0.000000 0.000000 0.000000 
0.000000 166.033914 166.021381 166.014745 166.012534 166.013271 166.016220 166.020643 166.028016 166.037601 0.000000 0.000000 0.000000 0.000000 
0.000000 166.026542 166.014745 166.011059 166.010322 166.012534 166.016220 166.023592 166.033914 0.000000 0.000000 0.000000 0.000000 0.000000 
0.000000 166.019169 166.009584 166.008110 166.008847 166.012534 166.019169 166.029491 0.000000 0.000000 0.000000 0.000000 0.000000 0.000000 
166.036126 166.011796 166.005898 166.005898 166.008847 166.015483 166.025804 166.040550 0.000000 0.000000 0.000000 0.000000 0.000000 0.000000 
166.029491 166.005161 166.003686 166.005898 166.011059 166.022855 166.038338 0.000000 0.000000 0.000000 0.000000 0.000000 0.000000 0.000000 
166.023592 166.001475 166.002212 166.006635 166.019906 166.036863 0.000000 0.000000 0.000000 0.000000 0.000000 0.000000 0.000000 0.000000 
166.022118 166.000000 166.002212 166.018432 166.038338 0.000000 0.000000 0.000000 0.000000 0.000000 0.000000 0.000000 0.000000 0.000000 
166.035389 166.022118 166.029491 0.000000 0.000000 0.000000 0.000000 0.000000 0.000000 0.000000 0.000000 0.000000 0.000000 0.000000 
