test/output/constant/M370_S060_A180_WD000.0_WS010.0/M370_S060_A180_WD000.0_WS010.0_ros.asc
ncols         40
nrows         14
xllcorner     426603.990666
yllcorner     12747555.311160
cellsize      100.000000
NODATA_value  0.000000
0.927283 10.066038 10.066038 29.819010 14.241717 10.066038 29.819010 29.819010 10.066038 29.819010 10.066038 29.819010 0.000000 0.000000 0.000000 0.000000 0.000000 0.000000 0.000000 0.000000 0.000000 0.000000 0.000000 0.000000 0.000000 0.000000 0.000000 0.000000 0.000000 0.000000 0.000000 0.000000 0.000000 0.000000 0.000000 0.000000 0.000000 0.000000 0.000000 0.000000 
-1.000000 66.999519 66.999519 19.024240 35.504711 63.187138 14.241717 56.209938 51.666370 24.269518 24.269518 35.504711 56.209938 14.241717 35.504711 24.269518 35.504711 24.269518 29.819010 0.000000 0.000000 0.000000 0.000000 0.000000 0.000000 0.000000 0.000000 0.000000 0.000000 0.000000 0.000000 0.000000 0.000000 0.000000 0.000000 0.000000 0.000000 0.000000 0.000000 0.000000 
34.334461 66.999519 66.999519 66.999519 66.999519 66.999519 66.999519 66.999519 66.999519 66.687996 66.999519 65.409111 66.999519 56.209938 65.409111 24.269518 66.687996 19.024240 19.024240 24.269518 60.089424 56.209938 51.666370 0.000000 0.000000 0.000000 0.000000 0.000000 0.000000 0.000000 0.000000 0.000000 0.000000 0.000000 0.000000 0.000000 0.000000 0.000000 0.000000 0.000000 
0.000000 34.334461 39.996498 45.489067 65.017281 66.999519 66.999519 66.999519 66.999519 63.187138 66.999519 65.409111 63.187138 66.999519 51.666370 66.999519 19.024240 66.999519 66.999519 14.241717 63.187138 19.024240 56.209938 65.409111 56.209938 63.187138 0.000000 0.000000 0.000000 0.000000 0.000000 0.000000 0.000000 0.000000 0.000000 0.000000 0.000000 0.000000 0.000000 0.000000 
0.000000 0.000000 1.619182 39.996498 45.489067 45.489067 0.758786 66.499054 66.999519 66.999519 66.999519 66.999519 66.999519 66.999519 66.999519 66.999519 66.999519 66.999519 66.999519 63.187138 66.945251 24.269518 66.687996 41.154327 14.241717 66.999519 56.209938 63.187138 19.024240 0.000000 0.000000 0.000000 0.000000 0.000000 0.000000 0.000000 0.000000 0.000000 0.000000 0.000000 
0.000000 0.000000 0.000000 0.000000 39.996498 45.489067 50.645092 50.645092 66.999519 62.604836 55.307735 62.604836 66.999519 66.999519 66.999519 66.999519 66.999519 66.999519 66.999519 60.089424 19.024240 66.999519 51.666370 56.209938 19.024240 65.409111 10.066038 66.999519 66.999519 66.999519 66.999519 0.000000 0.000000 0.000000 0.000000 0.000000 0.000000 0.000000 0.000000 0.000000 
0.000000 0.000000 0.000000 0.000000 0.000000 0.000000 39.996498 39.996498 45.489067 45.489067 45.489067 66.850471 62.604836 66.850471 66.999519 66.999519 66.999519 66.999519 66.999519 66.999519 66.999519 66.999519 66.999519 66.999519 66.999519 63.187138 66.999519 56.209938 46.596569 66.999519 66.945251 66.999519 63.187138 66.999519 0.000000 0.000000 0.000000 0.000000 0.000000 0.000000 
0.000000 0.000000 0.000000 0.000000 0.000000 0.000000 0.000000 0.000000 45.489067 45.489067 50.645092 45.489067 45.489067 66.850471 45.489067 55.307735 66.850471 66.999519 66.999519 66.850471 66.999519 66.999519 66.999519 66.999519 65.409111 66.999519 66.999519 63.187138 66.999519 66.999519 24.269518 46.596569 63.187138 65.409111 66.999519 63.187138 0.000000 0.000000 0.000000 0.000000 
0.000000 0.000000 0.000000 0.000000 0.000000 0.000000 0.000000 0.000000 0.000000 0.000000 0.000000 50.645092 50.645092 45.489067 50.645092 66.499054 66.999519 65.017281 65.017281 66.999519 66.999519 66.999519 66.999519 66.999519 66.999519 66.999519 66.999519 66.999519 66.999519 66.999519 66.999519 66.999519 66.999519 66.999519 66.999519 66.999519 19.024240 0.000000 0.000000 0.000000 
0.000000 0.000000 0.000000 0.000000 0.000000 0.000000 0.000000 0.000000 0.000000 0.000000 0.000000 0.000000 0.000000 0.000000 45.489067 45.489067 45.489067 66.999519 45.489067 62.604836 65.017281 62.604836 66.999519 66.999519 66.999519 66.999519 66.999519 66.999519 66.999519 66.999519 66.999519 66.999519 66.999519 66.999519 66.999519 65.409111 19.024240 66.999519 66.999519 0.000000 
0.000000 0.000000 0.000000 0.000000 0.000000 0.000000 0.000000 0.000000 0.000000 0.000000 0.000000 0.000000 0.000000 0.000000 0.000000 0.000000 0.000000 45.489067 45.489067 66.999519 66.999519 66.999519 66.999519 55.307735 62.604836 66.999519 66.999519 66.999519 66.999519 66.999519 66.999519 66.999519 66.999519 66.999519 66.999519 65.409111 66.999519 66.999519 66.999519 66.999519 
0.000000 0.000000 0.000000 0.000000 0.000000 0.000000 0.000000 0.000000 0.000000 0.000000 0.000000 0.000000 0.000000 0.000000 0.000000 0.000000 0.000000 0.000000 0.000000 0.000000 45.489067 45.489067 45.489067 66.999519 66.999519 66.999519 66.999519 65.017281 66.999519 66.850471 66.999519 66.999519 66.999519 66.999519 66.999519 66.999519 66.999519 66.999519 66.999519 66.999519 
0.000000 0.000000 0.000000 0.000000 0.000000 0.000000 0.000000 0.000000 0.000000 0.000000 0.000000 0.000000 0.000000 0.000000 0.000000 0.000000 0.000000 0.000000 0.000000 0.000000 0.000000 0.000000 0.000000 0.000000 0.000000 45.489067 65.017281 65.017281 62.604836 66.999519 66.999519 66.999519 66.999519 66.999519 66.999519 66.999519 66.999519 66.999519 66.999519 66.999519 
0.000000 0.000000 0.000000 0.000000 0.000000 0.000000 0.000000 0.000000 0.000000 0.000000 0.000000 0.000000 0.000000 0.000000 0.000000 0.000000 0.000000 0.000000 0.000000 0.000000 0.000000 0.000000 0.000000 0.000000 0.000000 0.000000 0.000000 0.000000 0.000000 0.000000 0.000000 0.000000 0.000000 66.850471 66.999519 65.017281 0.000000 0.000000 0.000000 0.000000 
