test/output/constant/M370_S060_A090_WD225.0_WS020.0/M370_S060_A090_WD225.0_WS020.0_intensity.asc
ncols         16
nrows         24
xllcorner     426503.990666
yllcorner     12746555.311160
cellsize      100.000000
NODATA_value  0.000000
1318 1683 2244 0 0 0 0 0 0 0 0 0 0 0 0 0 
4292 0 23414 2244 2244 0 0 0 0 0 0 0 0 0 0 0 
5979 36942 34963 26268 2748 2748 0 0 0 0 0 0 0 0 0 0 
15997 36535 36942 36942 23414 2244 1919 0 0 0 0 0 0 0 0 0 
5979 34232 36942 36942 36942 1683 23414 1683 0 0 0 0 0 0 0 0 
10457 13131 5979 36942 36942 36126 23414 1919 1919 0 0 0 0 0 0 0 
0 8051 8051 36942 36942 36942 36126 1683 2244 0 0 0 0 0 0 0 
0 3026 5979 35624 36942 36942 36126 36126 26268 1683 0 0 0 0 0 0 
0 5979 18972 36942 36939 36942 36942 36942 28926 26268 1683 0 0 0 0 0 
0 15997 5979 34232 36942 36942 36942 36942 36942 31307 23414 0 0 0 0 0 
0 0 21966 32402 36942 36942 36535 36942 36942 2244 1919 2244 0 0 0 0 
0 0 18972 24892 34232 30190 36942 36942 36942 36942 36942 2748 26268 0 0 0 
0 0 0 21966 36942 36535 36942 36942 36942 36942 36942 1683 26268 0 0 0 
0 0 0 21966 15997 36939 24892 36942 36942 36942 36942 36942 2748 23414 0 0 
0 0 0 0 5979 36942 36535 36942 36942 36795 36942 36942 33340 1919 0 0 
0 0 0 0 0 34232 36942 36942 34232 36942 36942 17468 36942 31307 0 0 
0 0 0 0 0 34232 32402 36942 32402 36942 36942 36942 36942 36126 31307 0 
0 0 0 0 0 0 8051 36942 36942 36939 36942 36942 36942 36942 36942 0 
0 0 0 0 0 0 0 32402 36942 32402 36942 36795 34963 36942 36942 0 
0 0 0 0 0 0 0 36535 35624 30190 36942 36942 36942 36942 36126 36942 
0 0 0 0 0 0 0 0 35624 30190 36942 36942 36942 36942 36942 36126 
0 0 0 0 0 0 0 0 0 4292 24892 36942 36942 36942 36942 36942 
0 0 0 0 0 0 0 0 0 0 32402 36535 36942 36942 36126 36942 
0 0 0 0 0 0 0 0 0 0 0 0 36942 36942 36942 36942 
