test/output/constant/M370_S060_A090_WD225.0_WS020.0/M370_S060_A090_WD225.0_WS020.0_arrival.asc
ncols         16
nrows         24
xllcorner     426503.990666
yllcorner     12746555.311160
cellsize      100.000000
NODATA_value  0.000000
166.032656 166.020333 166.027111 0.000000 0.000000 0.000000 0.000000 0.000000 0.000000 0.000000 0.000000 0.000000 0.000000 0.000000 0.000000 0.000000 
166.020333 166.000000 166.002465 166.017868 166.035737 0.000000 0.000000 0.000000 0.000000 0.000000 0.000000 0.000000 0.000000 0.000000 0.000000 0.000000 
166.021565 166.001232 166.001848 166.006161 166.019101 166.035120 0.000000 0.000000 0.000000 0.000000 0.000000 0.000000 0.000000 0.000000 0.000000 0.000000 
166.024646 166.004313 166.003081 166.004929 166.009858 166.021565 166.036353 0.000000 0.000000 0.000000 0.000000 0.000000 0.000000 0.000000 0.000000 0.000000 
166.030807 166.009858 166.004929 166.004929 166.008010 166.014171 166.024646 166.038201 0.000000 0.000000 0.000000 0.000000 0.000000 0.000000 0.000000 0.000000 
166.036353 166.015404 166.008010 166.006778 166.008010 166.011091 166.017868 166.028343 166.041282 0.000000 0.000000 0.000000 0.000000 0.000000 0.000000 0.000000 
0.000000 166.022181 166.012323 166.008626 166.008626 166.011091 166.014788 166.022181 166.032040 0.000000 0.000000 0.000000 0.000000 0.000000 0.000000 0.000000 
0.000000 166.028343 166.017252 166.011707 166.010475 166.011091 166.013555 166.018484 166.025878 166.035737 0.000000 0.000000 0.000000 0.000000 0.000000 0.000000 
0.000000 166.034504 166.022181 166.015404 166.012323 166.012323 166.013555 166.017252 166.022181 166.029575 166.039434 0.000000 0.000000 0.000000 0.000000 0.000000 
0.000000 166.040666 166.028343 166.019717 166.015404 166.014171 166.014788 166.016636 166.020333 166.025878 166.033272 0.000000 0.000000 0.000000 0.000000 0.000000 
0.000000 0.000000 166.033888 166.024646 166.019101 166.016636 166.016020 166.017252 166.019717 166.024030 166.030191 166.037585 0.000000 0.000000 0.000000 0.000000 
0.000000 0.000000 166.040050 166.029575 166.022798 166.019101 166.017868 166.017868 166.019717 166.022798 166.027727 166.033888 166.041282 0.000000 0.000000 0.000000 
0.000000 0.000000 0.000000 166.035120 166.027727 166.022798 166.020333 166.019717 166.020333 166.022798 166.026494 166.031424 166.037585 0.000000 0.000000 0.000000 
0.000000 0.000000 0.000000 166.040666 166.032040 166.026494 166.022798 166.021565 166.021565 166.022798 166.025878 166.029575 166.035120 166.041282 0.000000 0.000000 
0.000000 0.000000 0.000000 0.000000 166.037585 166.030807 166.026494 166.024030 166.023414 166.024030 166.025878 166.028959 166.032656 166.038817 0.000000 0.000000 
0.000000 0.000000 0.000000 0.000000 0.000000 166.035120 166.030191 166.027111 166.025262 166.025262 166.026494 166.028959 166.032040 166.036353 0.000000 0.000000 
0.000000 0.000000 0.000000 0.000000 0.000000 166.040050 166.033888 166.030191 166.027727 166.027111 166.027727 166.028959 166.032040 166.035120 166.040050 0.000000 
0.000000 0.000000 0.000000 0.000000 0.000000 0.000000 166.038817 166.033888 166.030807 166.029575 166.029575 166.029575 166.032040 166.035120 166.038817 0.000000 
0.000000 0.000000 0.000000 0.000000 0.000000 0.000000 0.000000 166.037585 166.033888 166.031424 166.031424 166.031424 166.032040 166.035120 166.038201 0.000000 
0.000000 0.000000 0.000000 0.000000 0.000000 0.000000 0.000000 166.041667 166.037585 166.034504 166.033272 166.033272 166.033272 166.035120 166.037585 166.041282 
0.000000 0.000000 0.000000 0.000000 0.000000 0.000000 0.000000 0.000000 166.041282 166.037585 166.035737 166.035120 166.035120 166.035737 166.037585 166.040666 
0.000000 0.000000 0.000000 0.000000 0.000000 0.000000 0.000000 0.000000 0.000000 166.041282 166.038201 166.036969 166.036969 166.036969 166.038201 166.040666 
0.000000 0.000000 0.000000 0.000000 0.000000 0.000000 0.000000 0.000000 0.000000 0.000000 166.041282 166.039434 166.038817 166.038817 166.039434 166.041282 
0.000000 0.000000 0.000000 0.000000 0.000000 0.000000 0.000000 0.000000 0.000000 0.000000 0.000000 0.000000 166.040666 166.040666 166.040666 166.041667 
