test/output/constant/M370_S060_A090_WD225.0_WS020.0/M370_S060_A090_WD225.0_WS020.0_ros.asc
ncols         16
nrows         24
xllcorner     426503.990666
yllcorner     12746555.311160
cellsize      100.000000
NODATA_value  0.000000
1.536489 1.961471 2.615845 0.000000 0.000000 0.000000 0.000000 0.000000 0.000000 0.000000 0.000000 0.000000 0.000000 0.000000 0.000000 0.000000 
5.002180 0.000000 27.284908 2.615845 2.615845 0.000000 0.000000 0.000000 0.000000 0.000000 0.000000 0.000000 0.000000 0.000000 0.000000 0.000000 
6.967260 43.048065 40.742180 30.610050 3.202407 3.202407 0.000000 0.000000 0.000000 0.000000 0.000000 0.000000 0.000000 0.000000 0.000000 0.000000 
18.642006 42.574341 43.048065 43.048065 27.284908 2.615845 2.236678 0.000000 0.000000 0.000000 0.000000 0.000000 0.000000 0.000000 0.000000 0.000000 
6.967260 39.890522 43.048065 43.048065 43.048065 1.961471 27.284908 1.961471 0.000000 0.000000 0.000000 0.000000 0.000000 0.000000 0.000000 0.000000 
12.186234 15.302350 6.967260 43.048065 43.048065 42.097836 27.284908 2.236678 2.236678 0.000000 0.000000 0.000000 0.000000 0.000000 0.000000 0.000000 
0.000000 9.382339 9.382339 43.048065 43.048065 43.048065 42.097836 1.961471 2.615845 0.000000 0.000000 0.000000 0.000000 0.000000 0.000000 0.000000 
0.000000 3.527122 6.967260 41.512188 43.048065 43.048065 42.097836 42.097836 30.610050 1.961471 0.000000 0.000000 0.000000 0.000000 0.000000 0.000000 
0.000000 6.967260 22.107834 43.048065 43.044960 43.048065 43.048065 43.048065 33.707050 30.610050 1.961471 0.000000 0.000000 0.000000 0.000000 0.000000 
0.000000 18.642006 6.967260 39.890522 43.048065 43.048065 43.048065 43.048065 43.048065 36.482124 27.284908 0.000000 0.000000 0.000000 0.000000 0.000000 
0.000000 0.000000 25.597338 37.758282 43.048065 43.048065 42.574341 43.048065 43.048065 2.615845 2.236678 2.615845 0.000000 0.000000 0.000000 0.000000 
0.000000 0.000000 22.107834 29.006445 39.890522 35.179832 43.048065 43.048065 43.048065 43.048065 43.048065 3.202407 30.610050 0.000000 0.000000 0.000000 
0.000000 0.000000 0.000000 25.597338 43.048065 42.574341 43.048065 43.048065 43.048065 43.048065 43.048065 1.961471 30.610050 0.000000 0.000000 0.000000 
0.000000 0.000000 0.000000 25.597338 18.642006 43.044960 29.006445 43.048065 43.048065 43.048065 43.048065 43.048065 3.202407 27.284908 0.000000 0.000000 
0.000000 0.000000 0.000000 0.000000 6.967260 43.048065 42.574341 43.048065 43.048065 42.876869 43.048065 43.048065 38.851128 2.236678 0.000000 0.000000 
0.000000 0.000000 0.000000 0.000000 0.000000 39.890522 43.048065 43.048065 39.890522 43.048065 43.048065 20.355865 43.048065 36.482124 0.000000 0.000000 
0.000000 0.000000 0.000000 0.000000 0.000000 39.890522 37.758282 43.048065 37.758282 43.048065 43.048065 43.048065 43.048065 42.097836 36.482124 0.000000 
0.000000 0.000000 0.000000 0.000000 0.000000 0.000000 9.382339 43.048065 43.048065 43.044960 43.048065 43.048065 43.048065 43.048065 43.048065 0.000000 
0.000000 0.000000 0.000000 0.000000 0.000000 0.000000 0.000000 37.758282 43.048065 37.758282 43.048065 42.876869 40.742180 43.048065 43.048065 0.000000 
0.000000 0.000000 0.000000 0.000000 0.000000 0.000000 0.000000 42.574341 41.512188 35.179832 43.048065 43.048065 43.048065 43.048065 42.097836 43.048065 
0.000000 0.000000 0.000000 0.000000 0.000000 0.000000 0.000000 0.000000 41.512188 35.179832 43.048065 43.048065 43.048065 43.048065 43.048065 42.097836 
0.000000 0.000000 0.000000 0.000000 0.000000 0.000000 0.000000 0.000000 0.000000 5.002180 29.006445 43.048065 43.048065 43.048065 43.048065 43.048065 
0.000000 0.000000 0.000000 0.000000 0.000000 0.000000 0.000000 0.000000 0.000000 0.000000 37.758282 42.574341 43.048065 43.048065 42.097836 43.048065 
0.000000 0.000000 0.000000 0.000000 0.000000 0.000000 0.000000 0.000000 0.000000 0.000000 0.000000 0.000000 43.048065 43.048065 43.048065 43.048065 
