test/output/constant/M1M280_S060_A000_WD090.0_WS025.0/M1M280_S060_A000_WD090.0_WS025.0_arrival.asc
ncols         36
nrows         7
xllcorner     423103.990666
yllcorner     12748455.311160
cellsize      100.000000
NODATA_value  0.000000
0.000000 0.000000 0.000000 0.000000 0.000000 0.000000 0.000000 0.000000 0.000000 0.000000 0.000000 0.000000 166.041667 166.041042 166.040559 166.040559 166.040559 166.041042 166.041042 166.041525 0.000000 0.000000 0.000000 0.000000 0.000000 0.000000 0.000000 0.000000 0.000000 0.000000 0.000000 0.000000 0.000000 0.000000 0.000000 0.000000 
0.000000 0.000000 0.000000 0.000000 166.041525 166.040559 166.039593 166.038145 166.037179 166.036214 166.034765 166.033799 166.032834 166.031868 166.030902 166.029937 166.029454 166.028488 166.027522 166.027039 166.026074 166.025108 166.024625 166.024625 166.024625 166.024625 166.025108 166.026557 166.028005 166.029937 166.033316 166.039593 0.000000 0.000000 0.000000 0.000000 
0.000000 166.041525 166.040559 166.039111 166.038145 166.036696 166.035731 166.034282 166.033316 166.031868 166.030902 166.029937 166.028488 166.027522 166.026074 166.025108 166.023660 166.022694 166.021728 166.020280 166.019314 166.017865 166.016900 166.015451 166.014485 166.013520 166.012071 166.011105 166.010140 166.009657 166.008691 166.008208 166.008691 166.010140 166.015451 0.000000 
166.041667 166.040559 166.039593 166.038145 166.037179 166.035731 166.034765 166.033316 166.032351 166.030902 166.029937 166.028488 166.027522 166.026074 166.025108 166.023660 166.022694 166.021245 166.020280 166.018831 166.017865 166.016417 166.015451 166.014003 166.013037 166.011588 166.010623 166.009174 166.008208 166.006760 166.005794 166.004346 166.003380 166.001931 166.000966 166.000000 
0.000000 166.041525 166.040559 166.039111 166.038145 166.036696 166.035731 166.034282 166.033316 166.031868 166.030902 166.029937 166.028488 166.027522 166.026074 166.025108 166.023660 166.022694 166.021728 166.020280 166.019314 166.017865 166.016900 166.015451 166.014485 166.013520 166.012071 166.011105 166.010140 166.009657 166.008691 166.008208 166.008691 166.010140 166.015451 0.000000 
0.000000 0.000000 0.000000 0.000000 166.041525 166.040559 166.039593 166.038145 166.037179 166.036214 166.034765 166.033799 166.032834 166.031868 166.030902 166.029937 166.029454 166.028488 166.027522 166.027039 166.026074 166.025108 166.024625 166.024625 166.024625 166.024625 166.025108 166.026557 166.028005 166.029937 166.033316 166.039593 0.000000 0.000000 0.000000 0.000000 
0.000000 0.000000 0.000000 0.000000 0.000000 0.000000 0.000000 0.000000 0.000000 0.000000 0.000000 0.000000 166.041667 166.041042 166.040559 166.040559 166.040559 166.041042 166.041042 166.041525 0.000000 0.000000 0.000000 0.000000 0.000000 0.000000 0.000000 0.000000 0.000000 0.000000 0.000000 0.000000 0.000000 0.000000 0.000000 0.000000 
