test/output/constant/M1M295_S060_A000_WD135.0_WS015.0/M1M295_S060_A000_WD135.0_WS015.0_arrival.asc
ncols         30
nrows         11
xllcorner     423703.990666
yllcorner     12748655.311160
cellsize      100.000000
NODATA_value  0.000000
0.000000 166.041667 166.041667 166.041162 166.041162 166.041162 0.000000 0.000000 0.000000 0.000000 0.000000 0.000000 0.000000 0.000000 0.000000 0.000000 0.000000 0.000000 0.000000 0.000000 0.000000 0.000000 0.000000 0.000000 0.000000 0.000000 0.000000 0.000000 0.000000 0.000000 
166.040620 166.039537 166.038454 166.037371 166.036829 166.036829 166.036287 166.036287 166.036829 166.037371 166.038454 166.039537 166.041162 0.000000 0.000000 0.000000 0.000000 0.000000 0.000000 0.000000 0.000000 0.000000 0.000000 0.000000 0.000000 0.000000 0.000000 0.000000 0.000000 0.000000 
166.040620 166.039537 166.037912 166.036287 166.035204 166.033579 166.033038 166.031955 166.031955 166.031413 166.031413 166.031955 166.032496 166.033579 166.035204 166.037371 166.041162 0.000000 0.000000 0.000000 0.000000 0.000000 0.000000 0.000000 0.000000 0.000000 0.000000 0.000000 0.000000 0.000000 
166.041667 166.040079 166.038454 166.036829 166.035204 166.033579 166.032496 166.030871 166.029247 166.028163 166.027622 166.027080 166.026539 166.027080 166.027080 166.027622 166.029247 166.030871 166.034663 166.040079 0.000000 0.000000 0.000000 0.000000 0.000000 0.000000 0.000000 0.000000 0.000000 0.000000 
0.000000 0.000000 166.040620 166.038454 166.036287 166.034121 166.032496 166.030871 166.029247 166.028163 166.026539 166.024914 166.023831 166.022747 166.022206 166.022206 166.022206 166.022206 166.023289 166.024914 166.028163 166.033038 166.041162 0.000000 0.000000 0.000000 0.000000 0.000000 0.000000 0.000000 
0.000000 0.000000 0.000000 0.000000 166.040620 166.037912 166.035204 166.033038 166.030871 166.028705 166.027080 166.025455 166.023831 166.022206 166.021123 166.019498 166.018415 166.017331 166.017331 166.017331 166.017331 166.018956 166.021664 166.026539 166.035746 0.000000 0.000000 0.000000 0.000000 0.000000 
0.000000 0.000000 0.000000 0.000000 0.000000 0.000000 166.041162 166.037912 166.035204 166.032496 166.029788 166.027622 166.025455 166.022747 166.021123 166.019498 166.017873 166.016790 166.015165 166.013540 166.012457 166.012457 166.012457 166.012998 166.014623 166.020581 166.030330 0.000000 0.000000 0.000000 
0.000000 0.000000 0.000000 0.000000 0.000000 0.000000 0.000000 0.000000 0.000000 166.040079 166.036829 166.033579 166.030871 166.027622 166.024914 166.022206 166.019498 166.017331 166.015707 166.014082 166.012457 166.010832 166.009749 166.008124 166.007582 166.007582 166.008666 166.014623 166.031413 0.000000 
0.000000 0.000000 0.000000 0.000000 0.000000 0.000000 0.000000 0.000000 0.000000 0.000000 0.000000 0.000000 166.040620 166.036829 166.033038 166.029788 166.026539 166.023289 166.020581 166.017331 166.014623 166.011915 166.009749 166.008124 166.006499 166.005416 166.003791 166.002708 166.002708 166.011915 
0.000000 0.000000 0.000000 0.000000 0.000000 0.000000 0.000000 0.000000 0.000000 0.000000 0.000000 0.000000 0.000000 0.000000 0.000000 0.000000 166.039537 166.035746 166.031955 166.028163 166.024372 166.020581 166.017331 166.013540 166.010290 166.007041 166.004333 166.002166 166.001083 166.000000 
0.000000 0.000000 0.000000 0.000000 0.000000 0.000000 0.000000 0.000000 0.000000 0.000000 0.000000 0.000000 0.000000 0.000000 0.000000 0.000000 0.000000 0.000000 0.000000 0.000000 0.000000 0.000000 0.000000 0.000000 166.040079 166.037371 166.034663 166.033579 166.035746 0.000000 
