test/output/constant/M3M495_S060_A000_WD045.0_WS010.0/M3M495_S060_A000_WD045.0_WS010.0_ros.asc
ncols         58
nrows         14
xllcorner     420903.990666
yllcorner     12747655.311160
cellsize      100.000000
NODATA_value  0.000000
0.000000 0.000000 0.000000 0.000000 0.000000 0.000000 0.000000 0.000000 0.000000 0.000000 0.000000 0.000000 0.000000 0.000000 0.000000 0.000000 0.000000 0.000000 0.000000 0.000000 0.000000 0.000000 0.000000 0.000000 0.000000 0.000000 0.000000 0.000000 0.000000 0.000000 0.000000 0.000000 0.000000 0.000000 0.000000 0.000000 0.000000 0.000000 0.000000 0.000000 50.613678 50.613678 50.613678 50.613678 50.613678 34.329544 42.374756 50.613678 19.784109 34.329544 19.784109 26.722338 19.784109 19.784109 0.000000 0.000000 0.000000 0.000000 
0.000000 0.000000 0.000000 0.000000 0.000000 0.000000 0.000000 0.000000 0.000000 0.000000 0.000000 0.000000 0.000000 0.000000 0.000000 0.000000 0.000000 0.000000 0.000000 0.000000 0.000000 0.000000 0.000000 0.000000 0.000000 0.000000 0.000000 0.000000 0.000000 58.796124 26.722338 34.329544 50.613678 34.329544 50.613678 26.722338 42.374756 58.796124 50.613678 34.329544 50.613678 19.784109 19.784109 58.796124 34.329544 58.796124 58.796124 26.722338 50.613678 19.784109 42.374756 50.613678 50.613678 26.722338 26.722338 26.722338 26.722338 1.066736 
0.000000 0.000000 0.000000 0.000000 0.000000 0.000000 0.000000 0.000000 0.000000 0.000000 0.000000 0.000000 0.000000 0.000000 0.000000 0.000000 0.000000 0.000000 0.000000 0.000000 0.000000 42.374756 58.796124 26.722338 58.796124 50.613678 42.374756 50.613678 58.796124 26.722338 58.796124 50.613678 26.722338 50.613678 58.796124 34.329544 58.796124 58.796124 19.784109 50.613678 58.796124 19.784109 26.722338 50.613678 19.784109 19.784109 58.796124 58.796124 50.613678 26.722338 58.796124 50.613678 50.613678 95.991859 96.084328 96.084328 96.084328 -1.000000 
0.000000 0.000000 0.000000 0.000000 0.000000 0.000000 0.000000 0.000000 0.000000 0.000000 0.000000 0.000000 0.000000 0.000000 0.000000 0.000000 0.000000 19.784109 34.329544 58.796124 50.613678 19.784109 50.613678 58.796124 26.722338 42.374756 58.796124 58.796124 34.329544 58.796124 58.796124 58.796124 26.722338 42.374756 19.784109 58.796124 34.329544 50.613678 58.796124 58.796124 26.722338 50.613678 50.613678 50.613678 96.084328 74.006912 96.084328 50.613678 96.084328 96.084328 96.084328 96.084328 96.084328 96.084328 79.924881 95.525803 4.791258 1.259645 
0.000000 0.000000 0.000000 0.000000 0.000000 0.000000 0.000000 0.000000 0.000000 0.000000 0.000000 0.000000 0.000000 58.796124 58.796124 19.784109 34.329544 74.006912 80.573303 58.796124 58.796124 50.613678 58.796124 74.006912 34.329544 50.613678 58.796124 26.722338 26.722338 58.796124 50.613678 58.796124 34.329544 50.613678 50.613678 26.722338 96.084328 50.613678 50.613678 93.828835 96.084328 96.084328 96.084328 96.084328 96.084328 96.084328 96.084328 96.084328 96.084328 93.554977 73.269958 65.871666 65.871666 65.871666 2.474146 4.791258 0.716940 0.000000 
0.000000 0.000000 0.000000 0.000000 0.000000 0.000000 0.000000 0.000000 0.000000 50.613678 58.796124 26.722338 58.796124 58.796124 93.828835 34.329544 26.722338 58.796124 58.796124 66.673615 26.722338 58.796124 58.796124 26.722338 58.796124 19.784109 96.084328 58.796124 96.084328 58.796124 42.374756 34.329544 96.084328 96.084328 96.084328 96.084328 96.084328 96.084328 96.084328 96.084328 96.084328 96.084328 96.084328 96.084328 93.554977 96.084328 90.223969 65.871666 2.474146 1.066736 73.269958 65.871666 65.871666 65.871666 57.954971 0.000000 0.000000 0.000000 
0.000000 0.000000 0.000000 0.000000 0.000000 0.000000 93.828835 34.329544 50.613678 58.796124 58.796124 50.613678 58.796124 58.796124 50.613678 58.796124 26.722338 50.613678 50.613678 26.722338 50.613678 80.573303 86.173378 34.329544 93.828835 50.613678 96.084328 96.084328 96.084328 96.084328 96.084328 96.084328 96.084328 96.084328 96.084328 96.084328 96.084328 96.084328 96.084328 96.084328 96.084328 85.634079 65.871666 65.871666 65.871666 4.791258 4.791258 73.269958 65.871666 2.474146 65.871666 1.259645 2.474146 0.000000 0.000000 0.000000 0.000000 0.000000 
0.000000 0.000000 0.000000 0.000000 58.796124 34.329544 58.796124 96.084328 80.573303 50.613678 50.613678 80.573303 19.784109 96.084328 58.796124 96.084328 58.796124 96.084328 96.084328 96.084328 96.084328 96.084328 96.084328 96.084328 96.084328 96.084328 96.084328 96.084328 96.084328 96.084328 96.084328 95.525803 96.084328 96.084328 96.084328 90.223969 73.269958 74.006912 65.871666 65.871666 65.871666 65.871666 73.269958 65.871666 4.791258 65.871666 65.871666 65.871666 65.871666 65.871666 0.000000 0.000000 0.000000 0.000000 0.000000 0.000000 0.000000 0.000000 
0.000000 0.000000 50.613678 66.673615 50.613678 58.796124 58.796124 96.084328 58.796124 58.796124 96.084328 96.084328 96.084328 96.084328 96.084328 96.084328 96.084328 96.084328 96.084328 96.084328 96.084328 96.084328 96.084328 96.084328 96.084328 96.084328 96.084328 96.084328 96.084328 96.084328 93.554977 96.084328 96.084328 73.269958 4.791258 73.269958 65.871666 65.871666 65.871666 65.871666 65.871666 65.871666 65.871666 4.791258 65.871666 65.871666 0.000000 0.000000 0.000000 0.000000 0.000000 0.000000 0.000000 0.000000 0.000000 0.000000 0.000000 0.000000 
0.000000 96.084328 90.637070 96.084328 96.084328 50.613678 96.084328 96.084328 96.084328 96.084328 96.084328 96.084328 96.084328 96.084328 96.084328 96.084328 96.084328 96.084328 96.084328 96.084328 96.084328 96.084328 96.084328 96.084328 95.928703 90.223969 96.084328 95.525803 65.871666 65.871666 65.871666 65.871666 65.871666 65.871666 73.269958 73.269958 4.791258 65.871666 73.269958 65.871666 1.259645 65.871666 57.954971 0.000000 0.000000 0.000000 0.000000 0.000000 0.000000 0.000000 0.000000 0.000000 0.000000 0.000000 0.000000 0.000000 0.000000 0.000000 
96.084328 96.084328 96.084328 96.084328 96.084328 96.084328 96.084328 96.084328 96.084328 96.084328 96.084328 96.084328 96.084328 96.084328 96.084328 96.084328 96.084328 96.084328 96.084328 90.223969 93.554977 96.084328 96.084328 85.634079 79.924881 4.791258 65.871666 65.871666 4.791258 4.791258 4.791258 65.871666 65.871666 2.474146 1.259645 73.269958 65.871666 65.871666 0.000000 0.000000 0.000000 0.000000 0.000000 0.000000 0.000000 0.000000 0.000000 0.000000 0.000000 0.000000 0.000000 0.000000 0.000000 0.000000 0.000000 0.000000 0.000000 0.000000 
96.084328 96.084328 96.084328 96.084328 96.084328 96.084328 96.084328 96.084328 96.084328 96.084328 96.084328 96.084328 96.084328 96.084328 85.634079 93.554977 96.084328 96.084328 90.223969 65.871666 73.269958 85.634079 65.871666 65.871666 8.363758 73.269958 65.871666 4.791258 65.871666 65.871666 73.269958 8.363758 65.871666 0.000000 0.000000 0.000000 0.000000 0.000000 0.000000 0.000000 0.000000 0.000000 0.000000 0.000000 0.000000 0.000000 0.000000 0.000000 0.000000 0.000000 0.000000 0.000000 0.000000 0.000000 0.000000 0.000000 0.000000 0.000000 
0.000000 96.084328 93.554977 95.928703 96.084328 96.084328 96.084328 96.084328 85.634079 90.223969 95.525803 96.084328 96.084328 96.084328 96.084328 90.223969 65.871666 73.269958 65.871666 4.791258 65.871666 73.269958 65.871666 65.871666 65.871666 4.791258 65.871666 0.000000 0.000000 0.000000 0.000000 0.000000 0.000000 0.000000 0.000000 0.000000 0.000000 0.000000 0.000000 0.000000 0.000000 0.000000 0.000000 0.000000 0.000000 0.000000 0.000000 0.000000 0.000000 0.000000 0.000000 0.000000 0.000000 0.000000 0.000000 0.000000 0.000000 0.000000 
0.000000 0.000000 0.000000 0.000000 0.000000 0.000000 0.000000 93.554977 96.084328 79.924881 79.924881 73.269958 65.871666 73.269958 96.084328 0.000000 0.000000 0.000000 0.000000 0.000000 0.000000 0.000000 0.000000 0.000000 0.000000 0.000000 0.000000 0.000000 0.000000 0.000000 0.000000 0.000000 0.000000 0.000000 0.000000 0.000000 0.000000 0.000000 0.000000 0.000000 0.000000 0.000000 0.000000 0.000000 0.000000 0.000000 0.000000 0.000000 0.000000 0.000000 0.000000 0.000000 0.000000 0.000000 0.000000 0.000000 0.000000 0.000000 
