test/output/constant/M3M485_S060_A000_WD225.0_WS040.0/M3M485_S060_A000_WD225.0_WS040.0_intensity.asc
ncols         13
nrows         30
xllcorner     425503.990666
yllcorner     12748655.311160
cellsize      100.000000
NODATA_value  0.000000
43934 43934 17628 0 0 0 0 0 0 0 0 0 0 
43934 43934 14296 28240 0 0 0 0 0 0 0 0 0 
43934 43934 37558 31626 14296 0 0 0 0 0 0 0 0 
43934 43934 43097 14296 43809 17628 0 0 0 0 0 0 0 
43934 43934 43934 43934 17628 28240 39923 0 0 0 0 0 0 
43934 43934 43934 43934 37558 37558 37558 0 0 0 0 0 0 
43898 43359 43934 43934 43934 14296 17628 17628 0 0 0 0 0 
43934 43934 43934 43934 43934 14296 28240 14296 0 0 0 0 0 
35594 43934 43934 43934 43934 17628 34764 6267 14296 0 0 0 0 
4955 42216 43359 43934 43934 43934 11235 14296 24706 0 0 0 0 
4955 3496 43359 43934 43934 43934 43934 39923 17628 17628 0 0 0 
0 38274 43934 43934 43934 43934 43934 31626 17628 11235 0 0 0 
0 4955 32546 43934 43934 43934 43934 14296 8534 11235 0 0 0 
0 4955 4955 43934 43934 43934 43934 28240 14296 6267 17628 0 0 
0 32546 3496 4955 43898 43934 43934 31626 37558 31626 14296 0 0 
0 0 35594 35594 35594 43934 43934 43934 21133 17628 4486 0 0 
0 0 35594 3496 35594 43934 43934 41788 17628 14296 11235 11235 0 
0 0 0 35594 35594 43934 43934 43934 34764 17628 17628 14296 0 
0 0 0 35594 3496 4955 43934 43934 14296 17628 14296 17628 0 
0 0 0 32546 35594 4955 43934 43934 43934 14296 14296 14296 0 
0 0 0 0 2484 35594 38274 43934 43934 34764 24706 14296 14296 
0 0 0 0 3496 32546 4955 43934 43934 43934 17628 14296 14296 
0 0 0 0 0 2484 35594 4955 43898 43934 11235 14296 11235 
0 0 0 0 0 2484 3496 4955 43934 43934 43934 17628 8534 
0 0 0 0 0 0 29222 3496 32546 43934 43934 17628 14296 
0 0 0 0 0 0 2484 3496 35594 43934 43934 31626 17628 
0 0 0 0 0 0 0 3496 3496 4955 43934 41788 8534 
0 0 0 0 0 0 0 0 2484 2484 43934 43934 6267 
0 0 0 0 0 0 0 0 0 3496 29222 0 8534 
0 0 0 0 0 0 0 0 0 0 2484 2298 1780 
