test/output/constant/M3M485_S060_A000_WD225.0_WS040.0/M3M485_S060_A000_WD225.0_WS040.0_arrival.asc
ncols         13
nrows         30
xllcorner     425503.990666
yllcorner     12748655.311160
cellsize      100.000000
NODATA_value  0.000000
166.041305 166.041305 166.041305 0.000000 0.000000 0.000000 0.000000 0.000000 0.000000 0.000000 0.000000 0.000000 0.000000 
166.040333 166.039847 166.039847 166.040333 0.000000 0.000000 0.000000 0.000000 0.000000 0.000000 0.000000 0.000000 0.000000 
166.039847 166.038389 166.038389 166.038389 166.040333 0.000000 0.000000 0.000000 0.000000 0.000000 0.000000 0.000000 0.000000 
166.038875 166.036931 166.036931 166.036931 166.037903 166.040333 0.000000 0.000000 0.000000 0.000000 0.000000 0.000000 0.000000 
166.038875 166.035959 166.035474 166.034988 166.035959 166.037903 166.041305 0.000000 0.000000 0.000000 0.000000 0.000000 0.000000 
166.038389 166.035474 166.034016 166.033530 166.034016 166.035474 166.038389 0.000000 0.000000 0.000000 0.000000 0.000000 0.000000 
166.038389 166.034988 166.033044 166.032072 166.032072 166.033530 166.035959 166.040819 0.000000 0.000000 0.000000 0.000000 0.000000 
166.038875 166.034988 166.032072 166.030614 166.030614 166.031586 166.033530 166.037903 0.000000 0.000000 0.000000 0.000000 0.000000 
166.038875 166.034988 166.031586 166.029642 166.029156 166.029642 166.031100 166.034988 166.040333 0.000000 0.000000 0.000000 0.000000 
166.039847 166.034988 166.031100 166.028670 166.027699 166.027699 166.029156 166.032072 166.036931 0.000000 0.000000 0.000000 0.000000 
166.040819 166.035474 166.031100 166.028184 166.026727 166.026241 166.026727 166.029156 166.034016 166.040819 0.000000 0.000000 0.000000 
0.000000 166.035959 166.031586 166.027699 166.025269 166.024783 166.024783 166.026727 166.031100 166.037417 0.000000 0.000000 0.000000 
0.000000 166.037417 166.031586 166.027699 166.024297 166.023325 166.023325 166.024783 166.028184 166.034016 0.000000 0.000000 0.000000 
0.000000 166.039361 166.032558 166.027699 166.024297 166.021867 166.021867 166.022353 166.025269 166.030614 166.038875 0.000000 0.000000 
0.000000 166.041305 166.034016 166.028184 166.023811 166.020895 166.020409 166.020409 166.022353 166.027213 166.035474 0.000000 0.000000 
0.000000 0.000000 166.035959 166.028670 166.023811 166.020409 166.018952 166.018952 166.020409 166.024297 166.031586 0.000000 0.000000 
0.000000 0.000000 166.038389 166.030614 166.024297 166.020409 166.017494 166.017494 166.017980 166.021381 166.028184 166.038389 0.000000 
0.000000 0.000000 0.000000 166.032558 166.025269 166.020409 166.017008 166.016036 166.016036 166.018466 166.024783 166.034502 0.000000 
0.000000 0.000000 0.000000 166.035959 166.027213 166.020895 166.016522 166.014578 166.014578 166.016036 166.021381 166.030614 0.000000 
0.000000 0.000000 0.000000 166.040333 166.029642 166.021867 166.016522 166.013120 166.012634 166.013606 166.017980 166.027213 0.000000 
0.000000 0.000000 0.000000 0.000000 166.034016 166.023811 166.017008 166.013120 166.011177 166.011663 166.014578 166.023325 166.040333 
0.000000 0.000000 0.000000 0.000000 166.039361 166.027213 166.018466 166.013120 166.010205 166.009719 166.011663 166.019438 166.036931 
0.000000 0.000000 0.000000 0.000000 0.000000 166.032558 166.020895 166.013606 166.009233 166.008261 166.009233 166.015550 166.033044 
0.000000 0.000000 0.000000 0.000000 0.000000 166.038875 166.025755 166.015064 166.009233 166.006803 166.006803 166.011663 166.029156 
0.000000 0.000000 0.000000 0.000000 0.000000 0.000000 166.031586 166.018952 166.009719 166.005831 166.005345 166.008261 166.025269 
0.000000 0.000000 0.000000 0.000000 0.000000 0.000000 166.040333 166.024783 166.012148 166.005831 166.003888 166.004859 166.021381 
0.000000 0.000000 0.000000 0.000000 0.000000 0.000000 0.000000 166.034016 166.017980 166.006317 166.002430 166.002430 166.018466 
0.000000 0.000000 0.000000 0.000000 0.000000 0.000000 0.000000 0.000000 166.027699 166.011177 166.001944 166.000972 166.017008 
0.000000 0.000000 0.000000 0.000000 0.000000 0.000000 0.000000 0.000000 0.000000 166.021867 166.003888 166.000000 166.017494 
0.000000 0.000000 0.000000 0.000000 0.000000 0.000000 0.000000 0.000000 0.000000 0.000000 166.031586 166.025755 166.033530 
