test/output/constant/M385_S060_A000_WD090.0_WS000.0/M385_S060_A000_WD090.0_WS000.0_arrival.asc
ncols         51
nrows         11
xllcorner     421703.990666
yllcorner     12748255.311160
cellsize      100.000000
NODATA_value  0.000000
0.000000 0.000000 0.000000 0.000000 0.000000 0.000000 0.000000 0.000000 0.000000 0.000000 0.000000 0.000000 0.000000 0.000000 0.000000 0.000000 166.041667 166.041038 166.040354 166.040012 166.039670 166.039670 166.039670 166.039670 166.039670 166.039670 166.040012 166.040354 166.040354 166.040696 166.041379 0.000000 0.000000 0.000000 0.000000 0.000000 0.000000 0.000000 0.000000 0.000000 0.000000 0.000000 0.000000 0.000000 0.000000 0.000000 0.000000 0.000000 0.000000 0.000000 0.000000 
0.000000 0.000000 0.000000 0.000000 0.000000 0.000000 0.000000 0.000000 166.041379 166.041038 166.040354 166.039670 166.038986 166.038302 166.037618 166.037276 166.036592 166.035908 166.035224 166.034882 166.034198 166.033514 166.033172 166.032488 166.032146 166.031462 166.031120 166.031120 166.030778 166.031120 166.031120 166.031120 166.031462 166.031462 166.032146 166.032488 166.033514 166.034540 166.036250 166.037960 166.040354 0.000000 0.000000 0.000000 0.000000 0.000000 0.000000 0.000000 0.000000 0.000000 0.000000 
0.000000 0.000000 0.000000 0.000000 166.041667 166.041038 166.040012 166.039328 166.038644 166.037960 166.036934 166.036250 166.035566 166.034540 166.033856 166.033172 166.032488 166.031462 166.030778 166.030094 166.029410 166.028726 166.028042 166.027700 166.027016 166.026332 166.025648 166.025306 166.024623 166.023939 166.023597 166.022913 166.022229 166.022229 166.022229 166.022229 166.022229 166.022571 166.022571 166.023255 166.024281 166.025306 166.027358 166.029752 166.033172 166.039328 0.000000 0.000000 0.000000 0.000000 0.000000 
0.000000 0.000000 166.041379 166.040696 166.039670 166.038986 166.037960 166.037276 166.036592 166.035566 166.034882 166.033856 166.033172 166.032146 166.031462 166.030778 166.029752 166.029068 166.028042 166.027358 166.026674 166.025648 166.024964 166.024281 166.023255 166.022571 166.021887 166.021203 166.020177 166.019493 166.018809 166.018125 166.017441 166.016757 166.016073 166.015389 166.015047 166.014363 166.013679 166.013337 166.013337 166.013337 166.013679 166.014021 166.015047 166.016757 166.019493 166.025648 166.036250 0.000000 0.000000 
0.000000 166.041038 166.040012 166.039328 166.038302 166.037618 166.036592 166.035908 166.034882 166.034198 166.033172 166.032488 166.031462 166.030778 166.029752 166.029068 166.028384 166.027358 166.026674 166.025648 166.024964 166.023939 166.023255 166.022229 166.021545 166.020519 166.019835 166.019151 166.018125 166.017441 166.016415 166.015731 166.014705 166.014021 166.013337 166.012311 166.011627 166.010601 166.009917 166.008891 166.008208 166.007524 166.006498 166.005814 166.005472 166.004788 166.004446 166.004788 166.006156 166.013679 0.000000 
166.041667 166.040696 166.040012 166.038986 166.038302 166.037276 166.036592 166.035566 166.034882 166.033856 166.033172 166.032146 166.031462 166.030436 166.029752 166.028726 166.028042 166.027016 166.026332 166.025306 166.024623 166.023597 166.022913 166.021887 166.021203 166.020177 166.019493 166.018467 166.017783 166.016757 166.016073 166.015047 166.014363 166.013337 166.012653 166.011627 166.010943 166.009917 166.009233 166.008208 166.007524 166.006498 166.005814 166.004788 166.004104 166.003078 166.002394 166.001368 166.000684 166.000000 166.038986 
0.000000 166.041038 166.040012 166.039328 166.038302 166.037618 166.036592 166.035908 166.034882 166.034198 166.033172 166.032488 166.031462 166.030778 166.029752 166.029068 166.028384 166.027358 166.026674 166.025648 166.024964 166.023939 166.023255 166.022229 166.021545 166.020519 166.019835 166.019151 166.018125 166.017441 166.016415 166.015731 166.014705 166.014021 166.013337 166.012311 166.011627 166.010601 166.009917 166.008891 166.008208 166.007524 166.006498 166.005814 166.005472 166.004788 166.004446 166.004788 166.006156 166.013679 0.000000 
0.000000 0.000000 166.041379 166.040696 166.039670 166.038986 166.037960 166.037276 166.036592 166.035566 166.034882 166.033856 166.033172 166.032146 166.031462 166.030778 166.029752 166.029068 166.028042 166.027358 166.026674 166.025648 166.024964 166.024281 166.023255 166.022571 166.021887 166.021203 166.020177 166.019493 166.018809 166.018125 166.017441 166.016757 166.016073 166.015389 166.015047 166.014363 166.013679 166.013337 166.013337 166.013337 166.013679 166.014021 166.015047 166.016757 166.019493 166.025648 166.036250 0.000000 0.000000 
0.000000 0.000000 0.000000 0.000000 166.041667 166.041038 166.040012 166.039328 166.038644 166.037960 166.036934 166.036250 166.035566 166.034540 166.033856 166.033172 166.032488 166.031462 166.030778 166.030094 166.029410 166.028726 166.028042 166.027700 166.027016 166.026332 166.025648 166.025306 166.024623 166.023939 166.023597 166.022913 166.022229 166.022229 166.022229 166.022229 166.022229 166.022571 166.022571 166.023255 166.024281 166.025306 166.027358 166.029752 166.033172 166.039328 0.000000 0.000000 0.000000 0.000000 0.000000 
0.000000 0.000000 0.000000 0.000000 0.000000 0.000000 0.000000 0.000000 166.041379 166.041038 166.040354 166.039670 166.038986 166.038302 166.037618 166.037276 166.036592 166.035908 166.035224 166.034882 166.034198 166.033514 166.033172 166.032488 166.032146 166.031462 166.031120 166.031120 166.030778 166.031120 166.031120 166.031120 166.031462 166.031462 166.032146 166.032488 166.033514 166.034540 166.036250 166.037960 166.040354 0.000000 0.000000 0.000000 0.000000 0.000000 0.000000 0.000000 0.000000 0.000000 0.000000 
0.000000 0.000000 0.000000 0.000000 0.000000 0.000000 0.000000 0.000000 0.000000 0.000000 0.000000 0.000000 0.000000 0.000000 0.000000 0.000000 166.041667 166.041038 166.040354 166.040012 166.039670 166.039670 166.039670 166.039670 166.039670 166.039670 166.040012 166.040354 166.040354 166.040696 166.041379 0.000000 0.000000 0.000000 0.000000 0.000000 0.000000 0.000000 0.000000 0.000000 0.000000 0.000000 0.000000 0.000000 0.000000 0.000000 0.000000 0.000000 0.000000 0.000000 0.000000 
