test/output/constant/C4_S060_A000_WD090.0_WS015.0/C4_S060_A000_WD090.0_WS015.0_arrival.asc
ncols         36
nrows         7
xllcorner     423103.990666
yllcorner     12748455.311160
cellsize      100.000000
NODATA_value  0.000000
0.000000 0.000000 0.000000 0.000000 0.000000 0.000000 0.000000 0.000000 166.041667 166.040770 166.039811 166.038852 166.038372 166.037413 166.036453 166.035974 166.035014 166.035014 166.034535 166.034535 166.035014 166.035014 166.035494 166.036453 166.037413 166.038372 166.040770 0.000000 0.000000 0.000000 0.000000 0.000000 0.000000 0.000000 0.000000 0.000000 
0.000000 0.000000 0.000000 166.041250 166.040290 166.038852 166.037892 166.036933 166.035494 166.034535 166.033575 166.032616 166.031177 166.030218 166.029259 166.028299 166.027340 166.026381 166.025421 166.024462 166.023982 166.023023 166.022064 166.021584 166.021105 166.021105 166.021105 166.021584 166.022064 166.023023 166.025421 166.029259 166.035014 0.000000 0.000000 0.000000 
0.000000 166.040770 166.039811 166.038852 166.037413 166.036453 166.035014 166.034055 166.032616 166.031657 166.030218 166.029259 166.027820 166.026860 166.025421 166.024462 166.023023 166.022064 166.020625 166.019666 166.018706 166.017267 166.016308 166.015349 166.013910 166.012951 166.011512 166.010552 166.009593 166.008634 166.007674 166.007195 166.007195 166.007674 166.011032 166.028779 
166.041667 166.040290 166.039331 166.037892 166.036933 166.035494 166.034535 166.033096 166.032136 166.030697 166.029738 166.028299 166.027340 166.025901 166.024942 166.023503 166.022543 166.021105 166.020145 166.018706 166.017747 166.016308 166.015349 166.013910 166.012951 166.011512 166.010552 166.009113 166.008154 166.006715 166.005756 166.004317 166.003358 166.001919 166.000959 166.000000 
0.000000 166.040770 166.039811 166.038852 166.037413 166.036453 166.035014 166.034055 166.032616 166.031657 166.030218 166.029259 166.027820 166.026860 166.025421 166.024462 166.023023 166.022064 166.020625 166.019666 166.018706 166.017267 166.016308 166.015349 166.013910 166.012951 166.011512 166.010552 166.009593 166.008634 166.007674 166.007195 166.007195 166.007674 166.011032 166.028779 
0.000000 0.000000 0.000000 166.041250 166.040290 166.038852 166.037892 166.036933 166.035494 166.034535 166.033575 166.032616 166.031177 166.030218 166.029259 166.028299 166.027340 166.026381 166.025421 166.024462 166.023982 166.023023 166.022064 166.021584 166.021105 166.021105 166.021105 166.021584 166.022064 166.023023 166.025421 166.029259 166.035014 0.000000 0.000000 0.000000 
0.000000 0.000000 0.000000 0.000000 0.000000 0.000000 0.000000 0.000000 166.041667 166.040770 166.039811 166.038852 166.038372 166.037413 166.036453 166.035974 166.035014 166.035014 166.034535 166.034535 166.035014 166.035014 166.035494 166.036453 166.037413 166.038372 166.040770 0.000000 0.000000 0.000000 0.000000 0.000000 0.000000 0.000000 0.000000 0.000000 
