test/output/constant/M395_S000_A180_WD090.0_WS025.0/M395_S000_A180_WD090.0_WS025.0_raz.asc
ncols         35
nrows         11
xllcorner     423403.990666
yllcorner     12748255.311160
cellsize      100.000000
NODATA_value  0.000000
0 0 0 0 0 0 0 0 281 275 283 275 281 279 281 281 325 286 283 337 325 281 15 360 15 0 0 0 0 0 0 0 0 0 0 
0 0 0 0 274 272 270 274 274 279 283 275 277 283 275 275 283 277 281 283 325 337 337 283 360 348 348 360 360 360 0 0 0 0 0 
0 0 270 275 274 272 279 272 272 272 275 272 277 277 279 274 275 281 286 277 275 277 281 281 281 281 337 348 348 360 15 360 0 0 0 
0 270 281 270 274 272 270 270 270 286 270 281 272 272 274 275 270 272 272 275 275 277 281 289 275 275 279 283 281 348 15 15 360 15 0 
270 270 270 272 272 272 272 272 272 272 272 272 272 272 274 274 274 277 279 270 270 275 272 279 272 270 272 272 274 277 283 15 15 57 0 
270 270 270 270 270 270 270 270 270 270 270 270 270 270 270 272 270 270 270 270 270 270 270 270 270 270 270 270 270 270 270 270 65535 57 57 
270 270 270 270 270 270 270 270 270 270 270 270 270 270 270 270 270 270 270 270 270 270 270 270 270 270 270 270 270 262 256 164 122 122 0 
0 270 270 270 270 270 270 270 270 270 270 270 270 270 270 264 270 270 270 270 270 262 270 270 270 264 260 256 258 191 164 164 180 164 0 
0 0 270 270 270 270 270 270 270 270 270 270 262 262 260 270 270 270 270 262 270 262 270 258 258 258 202 191 191 180 164 180 0 0 0 
0 0 0 0 270 270 270 270 270 270 270 270 262 270 270 264 270 262 270 256 214 202 202 256 180 191 191 164 180 164 0 0 0 0 0 
0 0 0 0 0 0 0 0 270 264 270 264 270 260 270 258 214 253 256 202 214 258 164 180 164 0 0 0 0 0 0 0 0 0 0 
