test/output/constant/C6_S060_A090_WD000.0_WS045.0/C6_S060_A090_WD000.0_WS045.0_arrival.asc
ncols         7
nrows         40
xllcorner     426303.990666
yllcorner     12744855.311160
cellsize      100.000000
NODATA_value  0.000000
0.000000 0.000000 0.000000 166.000000 0.000000 0.000000 0.000000 
0.000000 0.000000 166.017204 166.000860 166.017204 0.000000 0.000000 
0.000000 0.000000 166.010752 166.001720 166.010752 0.000000 0.000000 
0.000000 0.000000 166.009032 166.003011 166.009032 0.000000 0.000000 
0.000000 0.000000 166.008172 166.003871 166.008172 0.000000 0.000000 
0.000000 166.036558 166.008172 166.005161 166.008172 166.036558 0.000000 
0.000000 166.032257 166.009032 166.006021 166.009032 166.032257 0.000000 
0.000000 166.029246 166.009462 166.007312 166.009462 166.029246 0.000000 
0.000000 166.027526 166.010322 166.008172 166.010322 166.027526 0.000000 
0.000000 166.026236 166.011182 166.009462 166.011182 166.026236 0.000000 
0.000000 166.024945 166.012043 166.010322 166.012043 166.024945 0.000000 
0.000000 166.024515 166.013333 166.011613 166.013333 166.024515 0.000000 
0.000000 166.024085 166.014193 166.012473 166.014193 166.024085 0.000000 
0.000000 166.024085 166.015053 166.013763 166.015053 166.024085 0.000000 
0.000000 166.024085 166.016344 166.014623 166.016344 166.024085 0.000000 
0.000000 166.024515 166.017204 166.015913 166.017204 166.024515 0.000000 
0.000000 166.025375 166.018494 166.016774 166.018494 166.025375 0.000000 
166.041289 166.025806 166.019354 166.018064 166.019354 166.025806 166.041289 
166.040859 166.026666 166.020214 166.018924 166.020214 166.026666 166.040859 
166.040429 166.027526 166.021505 166.020214 166.021505 166.027526 166.040429 
166.039999 166.027956 166.022365 166.021075 166.022365 166.027956 166.039999 
166.039999 166.028816 166.023655 166.022365 166.023655 166.028816 166.039999 
166.039999 166.029676 166.024515 166.023225 166.024515 166.029676 166.039999 
166.039999 166.030537 166.025375 166.024515 166.025375 166.030537 166.039999 
166.040429 166.031397 166.026666 166.025375 166.026666 166.031397 166.040429 
166.040859 166.031827 166.027526 166.026666 166.027526 166.031827 166.040859 
166.041667 166.032687 166.028816 166.027526 166.028816 166.032687 166.041667 
0.000000 166.033547 166.029676 166.028816 166.029676 166.033547 0.000000 
0.000000 166.034838 166.030967 166.029676 166.030967 166.034838 0.000000 
0.000000 166.035698 166.031827 166.030967 166.031827 166.035698 0.000000 
0.000000 166.036558 166.033117 166.031827 166.033117 166.036558 0.000000 
0.000000 166.037848 166.033977 166.033117 166.033977 166.037848 0.000000 
0.000000 166.038708 166.035268 166.033977 166.035268 166.038708 0.000000 
0.000000 166.039569 166.036128 166.035268 166.036128 166.039569 0.000000 
0.000000 166.040429 166.037418 166.036128 166.037418 166.040429 0.000000 
0.000000 166.041667 166.038278 166.037418 166.038278 166.041667 0.000000 
0.000000 0.000000 166.039569 166.038278 166.039569 0.000000 0.000000 
0.000000 0.000000 166.040429 166.039569 166.040429 0.000000 0.000000 
0.000000 0.000000 166.041667 166.040429 166.041667 0.000000 0.000000 
0.000000 0.000000 0.000000 166.041667 0.000000 0.000000 0.000000 
