test/output/constant/M495_S060_A180_WD225.0_WS005.0/M495_S060_A180_WD225.0_WS005.0_arrival.asc
ncols         31
nrows         8
xllcorner     426603.990666
yllcorner     12748555.311160
cellsize      100.000000
NODATA_value  0.000000
0.000000 0.000000 0.000000 0.000000 0.000000 0.000000 0.000000 0.000000 0.000000 0.000000 0.000000 0.000000 0.000000 166.040891 166.039785 166.038680 166.037575 166.037575 166.037575 166.037575 166.037575 166.038128 166.038128 166.038680 166.039233 166.039785 166.040338 166.041443 0.000000 0.000000 0.000000 
0.000000 0.000000 0.000000 0.000000 0.000000 0.000000 0.000000 0.000000 166.038128 166.034812 166.032049 166.030392 166.029839 166.029287 166.029287 166.029287 166.029287 166.029839 166.030392 166.030392 166.031497 166.032049 166.033155 166.034260 166.034812 166.036470 166.037023 166.038128 166.039785 166.040891 0.000000 
0.000000 0.000000 0.000000 0.000000 166.036470 166.029287 166.025419 166.023208 166.021550 166.020998 166.020998 166.020998 166.020998 166.021550 166.022103 166.022656 166.023761 166.024866 166.025971 166.027076 166.028181 166.029287 166.030392 166.031497 166.033155 166.034260 166.035917 166.037023 166.038680 166.039785 166.041443 
0.000000 166.039233 166.023761 166.017130 166.013814 166.012709 166.012709 166.012709 166.013262 166.013814 166.014920 166.015472 166.016577 166.017682 166.019340 166.020445 166.022103 166.023208 166.024866 166.025971 166.027629 166.028734 166.030392 166.031497 166.033155 166.034260 166.035917 166.037023 166.038680 166.040338 166.041443 
166.014920 166.004973 166.004421 166.004421 166.005526 166.006631 166.007736 166.009394 166.010499 166.012157 166.013262 166.014920 166.016577 166.017682 166.019340 166.020445 166.022103 166.023208 166.024866 166.026524 166.027629 166.029287 166.030944 166.032049 166.033707 166.035365 166.037023 166.038680 166.040338 166.041667 0.000000 
166.000000 166.001105 166.002210 166.003868 166.004973 166.006631 166.007736 166.009394 166.011052 166.012709 166.013814 166.015472 166.017130 166.018788 166.020445 166.022103 166.023761 166.025419 166.027076 166.028734 166.030392 166.032049 166.033707 166.035365 166.037023 166.038680 166.040338 166.041667 0.000000 0.000000 0.000000 
166.023761 166.013262 166.011604 166.011604 166.012157 166.012709 166.013814 166.015472 166.016577 166.018235 166.019893 166.021550 166.023208 166.024866 166.026524 166.028181 166.029839 166.031497 166.033155 166.034812 166.036470 166.038128 166.039785 166.041443 0.000000 0.000000 0.000000 0.000000 0.000000 0.000000 0.000000 
0.000000 0.000000 0.000000 166.040338 166.036470 166.034260 166.033155 166.032602 166.032602 166.033155 166.033707 166.034260 166.035365 166.035917 166.037023 166.038128 166.039233 166.040891 166.041667 0.000000 0.000000 0.000000 0.000000 0.000000 0.000000 0.000000 0.000000 0.000000 0.000000 0.000000 0.000000 
