test/output/constant/M3100_S000_A090_WD090.0_WS030.0/M3100_S000_A090_WD090.0_WS030.0_raz.asc
ncols         44
nrows         11
xllcorner     422403.990666
yllcorner     12748255.311160
cellsize      100.000000
NODATA_value  0.000000
0 0 0 0 0 0 0 0 0 0 273 277 285 276 273 281 277 279 277 276 279 281 281 279 283 279 279 350 350 281 18 350 333 283 0 0 0 0 0 0 0 0 0 0 
0 0 0 0 0 271 274 271 271 283 285 283 273 273 274 281 273 276 281 274 279 276 276 279 277 276 285 279 279 350 279 18 279 285 281 360 279 18 283 0 0 0 0 0 
0 0 0 273 270 281 271 270 271 273 271 273 274 276 270 279 273 274 274 277 277 276 271 274 277 281 276 281 274 276 277 279 281 281 281 319 350 355 360 18 18 18 0 0 
0 271 271 271 271 273 274 271 274 271 273 271 273 276 273 270 270 277 277 271 277 271 273 274 277 270 279 274 273 274 276 285 273 277 283 281 18 279 333 279 18 18 360 0 
273 271 271 271 271 271 271 271 271 271 273 273 273 273 273 273 273 273 273 273 276 276 281 271 270 276 270 281 274 274 270 271 274 270 279 276 270 281 283 277 279 279 360 64 
270 270 270 270 270 270 270 270 270 270 270 270 270 270 270 270 270 270 270 270 270 271 270 270 270 270 270 270 270 270 270 270 270 270 270 270 270 270 270 270 270 270 254 18 
270 270 270 270 270 270 270 270 270 270 270 270 270 270 270 270 270 270 270 270 270 270 270 270 270 270 270 270 270 270 270 270 270 270 270 263 270 270 270 262 260 260 180 115 
0 270 270 270 270 270 270 270 270 270 270 270 270 270 270 270 270 270 262 270 270 270 270 270 262 270 270 270 270 270 270 270 270 270 256 258 161 260 206 260 90 161 180 0 
0 0 0 270 270 270 270 270 270 270 270 270 270 263 270 270 270 265 270 262 270 263 270 270 270 270 263 270 265 263 262 260 258 258 258 220 189 184 180 161 161 161 0 0 
0 0 0 0 0 270 265 270 270 270 270 270 270 270 265 270 270 270 270 265 260 270 263 270 270 263 254 260 260 189 260 161 260 254 258 180 260 161 256 0 0 0 0 0 
0 0 0 0 0 0 0 0 0 0 270 270 270 263 270 270 262 260 270 263 260 258 258 270 256 260 260 189 189 258 161 189 206 256 0 0 0 0 0 0 0 0 0 0 
