test/output/constant/M3M450_S060_A270_WD135.0_WS015.0/M3M450_S060_A270_WD135.0_WS015.0_arrival.asc
ncols         10
nrows         32
xllcorner     425803.990666
yllcorner     12748755.311160
cellsize      100.000000
NODATA_value  0.000000
166.040805 166.040805 166.041315 0.000000 0.000000 0.000000 0.000000 0.000000 0.000000 0.000000 
166.039785 166.039275 166.039785 0.000000 0.000000 0.000000 0.000000 0.000000 0.000000 0.000000 
166.039275 166.038255 166.038255 166.039785 0.000000 0.000000 0.000000 0.000000 0.000000 0.000000 
166.038765 166.036725 166.036725 166.037745 0.000000 0.000000 0.000000 0.000000 0.000000 0.000000 
166.038255 166.035705 166.035195 166.036215 166.039785 0.000000 0.000000 0.000000 0.000000 0.000000 
166.038255 166.034684 166.034174 166.034174 166.037235 0.000000 0.000000 0.000000 0.000000 0.000000 
166.038255 166.034174 166.032644 166.032644 166.035195 166.040805 0.000000 0.000000 0.000000 0.000000 
166.038255 166.033154 166.031624 166.031624 166.033154 166.037745 0.000000 0.000000 0.000000 0.000000 
166.038765 166.033154 166.030094 166.030094 166.031114 166.035195 0.000000 0.000000 0.000000 0.000000 
166.039785 166.033154 166.029074 166.028564 166.029074 166.033154 166.040295 0.000000 0.000000 0.000000 
166.040295 166.033154 166.028564 166.027544 166.027544 166.030604 166.037745 0.000000 0.000000 0.000000 
0.000000 166.033664 166.028054 166.026013 166.026013 166.028564 166.034684 0.000000 0.000000 0.000000 
0.000000 166.034174 166.028054 166.024993 166.024993 166.026013 166.031624 166.041667 0.000000 0.000000 
0.000000 166.035195 166.028054 166.023973 166.023463 166.024483 166.029074 166.038255 0.000000 0.000000 
0.000000 166.036725 166.028054 166.023463 166.021933 166.022443 166.026523 166.035195 0.000000 0.000000 
0.000000 166.038765 166.029074 166.022953 166.020913 166.020913 166.023973 166.032134 0.000000 0.000000 
0.000000 0.000000 166.030094 166.022953 166.019383 166.019383 166.021933 166.029074 0.000000 0.000000 
0.000000 0.000000 166.031624 166.022953 166.018362 166.018362 166.019383 166.026013 166.038765 0.000000 
0.000000 0.000000 166.034684 166.023973 166.017852 166.016832 166.017342 166.023463 166.035705 0.000000 
0.000000 0.000000 166.038255 166.024993 166.017852 166.015302 166.015812 166.020403 166.032134 0.000000 
0.000000 0.000000 0.000000 166.027034 166.017852 166.014282 166.014282 166.017342 166.028564 0.000000 
0.000000 0.000000 0.000000 166.030094 166.018872 166.013262 166.012752 166.014792 166.024993 0.000000 
0.000000 0.000000 0.000000 166.035195 166.019893 166.012752 166.011732 166.012752 166.021933 0.000000 
0.000000 0.000000 0.000000 0.000000 166.022443 166.012752 166.010201 166.010711 166.018362 0.000000 
0.000000 0.000000 0.000000 0.000000 166.027034 166.013262 166.008671 166.008671 166.015302 0.000000 
0.000000 0.000000 0.000000 0.000000 166.034684 166.014792 166.008161 166.007651 166.012242 166.041667 
0.000000 0.000000 0.000000 0.000000 0.000000 166.018362 166.007651 166.006121 166.008671 166.039275 
0.000000 0.000000 0.000000 0.000000 0.000000 166.026523 166.008161 166.005101 166.006121 166.036725 
0.000000 0.000000 0.000000 0.000000 0.000000 166.039275 166.010201 166.003570 166.003570 166.033664 
0.000000 0.000000 0.000000 0.000000 0.000000 0.000000 166.018362 166.003060 166.002040 166.032644 
0.000000 0.000000 0.000000 0.000000 0.000000 0.000000 166.039785 166.003060 166.001020 166.034684 
0.000000 0.000000 0.000000 0.000000 0.000000 0.000000 0.000000 166.015812 166.000000 0.000000 
