test/output/constant/M480_S060_A180_WD270.0_WS035.0/M480_S060_A180_WD270.0_WS035.0_arrival.asc
ncols         41
nrows         7
xllcorner     426603.990666
yllcorner     12748455.311160
cellsize      100.000000
NODATA_value  0.000000
0.000000 0.000000 0.000000 0.000000 0.000000 0.000000 0.000000 0.000000 0.000000 0.000000 0.000000 0.000000 0.000000 0.000000 0.000000 0.000000 0.000000 0.000000 166.041667 166.041305 166.040884 166.040884 166.040884 166.040884 166.040884 166.040884 166.041667 0.000000 0.000000 0.000000 0.000000 0.000000 0.000000 0.000000 0.000000 0.000000 0.000000 0.000000 0.000000 0.000000 0.000000 
0.000000 0.000000 0.000000 0.000000 0.000000 166.038776 166.033718 166.030347 166.028239 166.026975 166.025710 166.024867 166.024867 166.024446 166.024446 166.024446 166.025289 166.026132 166.026553 166.027396 166.028239 166.028661 166.029504 166.030347 166.031189 166.032032 166.032454 166.033297 166.034140 166.035404 166.036247 166.037090 166.038355 166.039198 166.040041 166.040884 0.000000 0.000000 0.000000 0.000000 0.000000 
0.000000 166.017702 166.011380 166.009273 166.008430 166.008430 166.008851 166.009694 166.010116 166.010958 166.011801 166.013066 166.013909 166.015173 166.016016 166.016859 166.018124 166.018967 166.020231 166.021074 166.022338 166.023181 166.024024 166.025289 166.026132 166.027396 166.028239 166.029082 166.030347 166.031189 166.032454 166.033297 166.034561 166.035404 166.036669 166.037512 166.038776 166.039619 166.040884 166.041667 0.000000 
166.000000 166.000843 166.001686 166.002950 166.003793 166.005058 166.005901 166.007165 166.008008 166.009273 166.010116 166.011380 166.012223 166.013487 166.014330 166.015595 166.016438 166.017702 166.018545 166.019810 166.020652 166.021917 166.022760 166.024024 166.024867 166.026132 166.026975 166.028239 166.029082 166.030347 166.031189 166.032454 166.033297 166.034561 166.035404 166.036669 166.037512 166.038776 166.039619 166.040884 166.041667 
0.000000 166.017702 166.011380 166.009273 166.008430 166.008430 166.008851 166.009694 166.010116 166.010958 166.011801 166.013066 166.013909 166.015173 166.016016 166.016859 166.018124 166.018967 166.020231 166.021074 166.022338 166.023181 166.024024 166.025289 166.026132 166.027396 166.028239 166.029082 166.030347 166.031189 166.032454 166.033297 166.034561 166.035404 166.036669 166.037512 166.038776 166.039619 166.040884 166.041667 0.000000 
0.000000 0.000000 0.000000 0.000000 0.000000 166.038776 166.033718 166.030347 166.028239 166.026975 166.025710 166.024867 166.024867 166.024446 166.024446 166.024446 166.025289 166.026132 166.026553 166.027396 166.028239 166.028661 166.029504 166.030347 166.031189 166.032032 166.032454 166.033297 166.034140 166.035404 166.036247 166.037090 166.038355 166.039198 166.040041 166.040884 0.000000 0.000000 0.000000 0.000000 0.000000 
0.000000 0.000000 0.000000 0.000000 0.000000 0.000000 0.000000 0.000000 0.000000 0.000000 0.000000 0.000000 0.000000 0.000000 0.000000 0.000000 0.000000 0.000000 166.041667 166.041305 166.040884 166.040884 166.040884 166.040884 166.040884 166.040884 166.041667 0.000000 0.000000 0.000000 0.000000 0.000000 0.000000 0.000000 0.000000 0.000000 0.000000 0.000000 0.000000 0.000000 0.000000 
