test/output/constant/M4100_S060_A270_WD090.0_WS005.0/M4100_S060_A270_WD090.0_WS005.0_arrival.asc
ncols         9
nrows         28
xllcorner     426003.990666
yllcorner     12748755.311160
cellsize      100.000000
NODATA_value  0.000000
0.000000 166.041057 166.041057 166.041057 0.000000 0.000000 0.000000 0.000000 0.000000 
0.000000 166.039849 166.039245 166.039849 166.041661 0.000000 0.000000 0.000000 0.000000 
166.041661 166.038642 166.038038 166.038038 166.039245 0.000000 0.000000 0.000000 0.000000 
166.041057 166.037434 166.036227 166.036227 166.037434 166.041057 0.000000 0.000000 0.000000 
166.040453 166.036830 166.035019 166.035019 166.035623 166.039245 0.000000 0.000000 0.000000 
166.039849 166.035623 166.033811 166.033208 166.033811 166.036830 0.000000 0.000000 0.000000 
166.039245 166.034415 166.032000 166.032000 166.032000 166.035019 166.040453 0.000000 0.000000 
166.039245 166.033811 166.030793 166.030189 166.030793 166.033208 166.038038 0.000000 0.000000 
166.039245 166.033208 166.029585 166.028981 166.028981 166.031396 166.036227 0.000000 0.000000 
166.039245 166.032604 166.028378 166.027170 166.027170 166.028981 166.033811 166.041661 0.000000 
166.039245 166.032000 166.027774 166.025962 166.025962 166.027170 166.032000 166.039849 0.000000 
166.039849 166.032000 166.026566 166.024151 166.024151 166.025359 166.029585 166.037434 0.000000 
166.040453 166.032000 166.025962 166.022944 166.022340 166.023547 166.027774 166.035623 0.000000 
166.041661 166.032000 166.025359 166.021736 166.021132 166.021736 166.025359 166.033208 0.000000 
0.000000 166.032604 166.024755 166.020528 166.019321 166.019925 166.023547 166.031396 0.000000 
0.000000 166.033208 166.024755 166.019321 166.018113 166.018113 166.021132 166.029585 0.000000 
0.000000 166.035019 166.025359 166.018717 166.016302 166.016302 166.019321 166.027774 0.000000 
0.000000 166.037434 166.025359 166.018113 166.015094 166.015094 166.017510 166.025962 0.000000 
0.000000 166.040453 166.025962 166.018113 166.013283 166.013283 166.015094 166.023547 166.041057 
0.000000 0.000000 166.028378 166.018113 166.012679 166.012076 166.013283 166.021736 166.039849 
0.000000 0.000000 166.031396 166.018113 166.011472 166.010264 166.011472 166.019925 166.039849 
0.000000 0.000000 166.036227 166.019321 166.010868 166.009057 166.009057 166.018717 166.039245 
0.000000 0.000000 0.000000 166.022340 166.010868 166.007245 166.007245 166.016906 166.039849 
0.000000 0.000000 0.000000 166.026566 166.010868 166.005434 166.005434 166.015094 166.041661 
0.000000 0.000000 0.000000 166.035019 166.012679 166.004226 166.004226 166.014491 0.000000 
0.000000 0.000000 0.000000 0.000000 166.018113 166.003623 166.002415 166.013887 0.000000 
0.000000 0.000000 0.000000 0.000000 166.030189 166.003623 166.001208 166.015094 0.000000 
0.000000 0.000000 0.000000 0.000000 0.000000 166.011472 166.000000 166.024151 0.000000 
