test/output/constant/M3M4100_S060_A000_WD135.0_WS010.0/M3M4100_S060_A000_WD135.0_WS010.0_intensity.asc
ncols         61
nrows         14
xllcorner     420603.990666
yllcorner     12748555.311160
cellsize      100.000000
NODATA_value  0.000000
0 0 0 0 92828 82754 92828 77241 82754 70814 92828 92828 70814 2383 63666 63666 63666 63666 63666 63666 70814 70814 63666 0 0 0 0 0 0 0 0 0 0 0 0 0 0 0 0 0 0 0 0 0 0 0 0 0 0 0 0 0 0 0 0 0 0 0 0 0 0 
0 92828 92828 92828 92828 92295 87184 90397 87184 92828 92828 92828 90397 90397 70814 92828 92828 70814 63666 63666 63666 63666 63666 63666 63666 70814 63666 4627 2383 63666 63666 0 0 0 0 0 0 0 0 0 0 0 0 0 0 0 0 0 0 0 0 0 0 0 0 0 0 0 0 0 0 
92828 92828 92828 92828 92828 92828 87184 87184 92828 92828 92828 92828 92828 82754 92828 92828 90397 92295 92828 70814 87184 82754 63666 77241 63666 4627 70814 63666 63666 63666 4627 63666 70814 4627 63666 4627 2383 0 0 0 0 0 0 0 0 0 0 0 0 0 0 0 0 0 0 0 0 0 0 0 0 
92828 92413 92828 92828 92828 92828 92828 92828 92828 82754 92828 92828 92828 92295 92828 92828 92828 92828 92828 82754 82754 92295 92828 82754 87184 77241 90397 2383 63666 2383 70814 63666 63666 63666 70814 63666 63666 70814 63666 63666 63666 63666 0 0 0 0 0 0 0 0 0 0 0 0 0 0 0 0 0 0 0 
0 92828 92828 92828 56812 92828 92828 92828 92413 92828 92828 92828 92828 90397 92828 92828 92828 92828 92828 92828 92828 90397 92828 92680 92828 90397 92828 92828 90397 90397 70814 70814 63666 63666 70814 63666 63666 63666 4627 63666 4627 63666 8074 63666 70814 56016 0 0 0 0 0 0 0 0 0 0 0 0 0 0 0 
0 0 71510 77854 48904 56812 48904 87575 48904 56812 92739 64425 87575 92828 92828 83264 92828 92828 92828 92828 92828 92828 92828 92828 87184 92828 92828 92828 92828 92828 92680 92828 92828 92828 92295 70814 70814 63666 70814 63666 63666 63666 63666 8074 70814 666 63666 2383 2383 63666 0 0 0 0 0 0 0 0 0 0 0 
0 0 0 0 0 48904 56812 83264 83264 48904 77854 48904 48904 87575 48904 48904 56812 56812 92828 48904 92828 87575 92828 92828 92828 92828 92828 92828 92828 92828 92828 92828 92828 92828 92828 92828 92828 92828 92828 92295 70814 4627 70814 63666 63666 4627 63666 63666 70814 63666 63666 56016 2383 0 0 0 0 0 0 0 0 
0 0 0 0 0 0 0 48904 56812 77854 48904 56812 56812 64425 56812 56812 48904 56812 56812 48904 64425 56812 56812 92413 64425 92828 56812 92828 77854 92828 92828 92828 92828 92828 92828 92828 92828 92828 87184 92828 82754 82754 92828 92828 70814 63666 63666 63666 63666 63666 63666 63666 63666 63666 63666 1200 0 0 0 0 0 
0 0 0 0 0 0 0 0 0 0 56812 64425 56812 56812 56812 48904 64425 48904 56812 56812 71510 56812 56812 48904 56812 48904 56812 48904 77854 71510 48904 87575 92828 56812 90656 92828 92828 92828 92828 92828 92828 92828 92295 92828 92828 92828 92828 92828 90397 70814 63666 63666 63666 8074 2383 1200 63666 999 0 0 0 
0 0 0 0 0 0 0 0 0 0 0 0 0 0 56812 48904 48904 56812 56812 48904 48904 56812 56812 56812 56812 56812 56812 64425 48904 56812 56812 56812 64425 56812 56812 56812 64425 64425 92828 56812 92828 56812 92828 92828 92828 92828 92828 92828 92828 92828 92828 92828 92828 92680 63666 63666 63666 63666 63666 666 0 
0 0 0 0 0 0 0 0 0 0 0 0 0 0 0 0 0 0 56812 48904 56812 56812 48904 56812 56812 48904 56812 64425 56812 56812 56812 56812 56812 56812 48904 48904 56812 56812 56812 64425 56812 56812 56812 56812 56812 48904 87575 56812 56812 92828 92828 92828 92828 92828 92828 92828 92295 87184 90397 63666 666 
0 0 0 0 0 0 0 0 0 0 0 0 0 0 0 0 0 0 0 0 0 0 0 56812 48904 56812 56812 56812 48904 56812 48904 56812 56812 56812 48904 56812 48904 48904 56812 56812 48904 48904 48904 48904 48904 56812 56812 56812 71510 56812 56812 56812 56812 56812 48904 77854 92828 92828 92828 92828 0 
0 0 0 0 0 0 0 0 0 0 0 0 0 0 0 0 0 0 0 0 0 0 0 0 0 0 0 0 0 0 0 48904 48904 56812 56812 56812 56812 56812 48904 48904 48904 56812 56812 56812 56812 48904 48904 48904 56812 48904 48904 56812 48904 48904 48904 56812 48904 25810 33164 19102 496 
0 0 0 0 0 0 0 0 0 0 0 0 0 0 0 0 0 0 0 0 0 0 0 0 0 0 0 0 0 0 0 0 0 0 0 0 0 0 0 0 0 48904 48904 48904 48904 48904 48904 48904 48904 48904 48904 25810 19102 25810 25810 33164 496 0 0 0 0 
