test/output/constant/M395_S000_A090_WD090.0_WS030.0/M395_S000_A090_WD090.0_WS030.0_arrival.asc
ncols         42
nrows         11
xllcorner     422603.990666
yllcorner     12748255.311160
cellsize      100.000000
NODATA_value  0.000000
0.000000 0.000000 0.000000 0.000000 0.000000 0.000000 0.000000 0.000000 0.000000 0.000000 0.000000 166.040942 166.040524 166.039689 166.038853 166.038435 166.038018 166.037182 166.036764 166.036764 166.036764 166.036764 166.036764 166.036764 166.036764 166.037182 166.037600 166.038018 166.038853 166.040107 166.041360 0.000000 0.000000 0.000000 0.000000 0.000000 0.000000 0.000000 0.000000 0.000000 0.000000 0.000000 
0.000000 0.000000 0.000000 0.000000 0.000000 0.000000 166.040942 166.040107 166.039271 166.038435 166.037600 166.036764 166.035929 166.035511 166.034675 166.033840 166.033004 166.032169 166.031333 166.030915 166.030080 166.029662 166.029244 166.028827 166.028409 166.028409 166.028409 166.028409 166.028827 166.029244 166.029662 166.030915 166.031751 166.033422 166.036347 166.039689 0.000000 0.000000 0.000000 0.000000 0.000000 0.000000 
0.000000 0.000000 0.000000 166.041360 166.040524 166.039271 166.038435 166.037600 166.036347 166.035511 166.034675 166.033422 166.032587 166.031751 166.030915 166.029662 166.028827 166.027991 166.027573 166.026320 166.025902 166.025067 166.024231 166.023395 166.022560 166.022142 166.021307 166.020889 166.020471 166.020471 166.020471 166.020471 166.020889 166.021307 166.022142 166.023813 166.026738 166.030080 166.035929 0.000000 0.000000 0.000000 
0.000000 166.041667 166.040524 166.039689 166.038435 166.037600 166.036347 166.035511 166.034675 166.033422 166.032587 166.031333 166.030498 166.029662 166.028409 166.027573 166.026320 166.025484 166.024649 166.023395 166.022560 166.021724 166.020471 166.019635 166.018800 166.017964 166.017129 166.016293 166.015458 166.014622 166.013787 166.013369 166.012533 166.012533 166.012533 166.012533 166.012951 166.014204 166.017129 166.021724 166.030080 0.000000 
166.041667 166.040524 166.039689 166.038435 166.037600 166.036347 166.035511 166.034258 166.033422 166.032169 166.031333 166.030080 166.029244 166.027991 166.027155 166.025902 166.025067 166.023813 166.022978 166.021724 166.020889 166.020053 166.018800 166.017964 166.016711 166.015876 166.014622 166.013787 166.012951 166.011698 166.010862 166.009609 166.008773 166.007520 166.006684 166.005849 166.005013 166.004178 166.004178 166.004596 166.007520 166.025484 
166.041360 166.040524 166.039271 166.038435 166.037182 166.036347 166.035093 166.034258 166.033004 166.032169 166.030915 166.030080 166.028827 166.027991 166.026738 166.025902 166.024649 166.023813 166.022560 166.021724 166.020471 166.019635 166.018382 166.017547 166.016293 166.015458 166.014204 166.013369 166.012116 166.011280 166.010027 166.009191 166.007938 166.007102 166.005849 166.005013 166.003760 166.002924 166.001671 166.000836 166.000000 166.018800 
166.041667 166.040524 166.039689 166.038435 166.037600 166.036347 166.035511 166.034258 166.033422 166.032169 166.031333 166.030080 166.029244 166.027991 166.027155 166.025902 166.025067 166.023813 166.022978 166.021724 166.020889 166.020053 166.018800 166.017964 166.016711 166.015876 166.014622 166.013787 166.012951 166.011698 166.010862 166.009609 166.008773 166.007520 166.006684 166.005849 166.005013 166.004178 166.004178 166.004596 166.007520 166.025484 
0.000000 166.041667 166.040524 166.039689 166.038435 166.037600 166.036347 166.035511 166.034675 166.033422 166.032587 166.031333 166.030498 166.029662 166.028409 166.027573 166.026320 166.025484 166.024649 166.023395 166.022560 166.021724 166.020471 166.019635 166.018800 166.017964 166.017129 166.016293 166.015458 166.014622 166.013787 166.013369 166.012533 166.012533 166.012533 166.012533 166.012951 166.014204 166.017129 166.021724 166.030080 0.000000 
0.000000 0.000000 0.000000 166.041360 166.040524 166.039271 166.038435 166.037600 166.036347 166.035511 166.034675 166.033422 166.032587 166.031751 166.030915 166.029662 166.028827 166.027991 166.027573 166.026320 166.025902 166.025067 166.024231 166.023395 166.022560 166.022142 166.021307 166.020889 166.020471 166.020471 166.020471 166.020471 166.020889 166.021307 166.022142 166.023813 166.026738 166.030080 166.035929 0.000000 0.000000 0.000000 
0.000000 0.000000 0.000000 0.000000 0.000000 0.000000 166.040942 166.040107 166.039271 166.038435 166.037600 166.036764 166.035929 166.035511 166.034675 166.033840 166.033004 166.032169 166.031333 166.030915 166.030080 166.029662 166.029244 166.028827 166.028409 166.028409 166.028409 166.028409 166.028827 166.029244 166.029662 166.030915 166.031751 166.033422 166.036347 166.039689 0.000000 0.000000 0.000000 0.000000 0.000000 0.000000 
0.000000 0.000000 0.000000 0.000000 0.000000 0.000000 0.000000 0.000000 0.000000 0.000000 0.000000 166.040942 166.040524 166.039689 166.038853 166.038435 166.038018 166.037182 166.036764 166.036764 166.036764 166.036764 166.036764 166.036764 166.036764 166.037182 166.037600 166.038018 166.038853 166.040107 166.041360 0.000000 0.000000 0.000000 0.000000 0.000000 0.000000 0.000000 0.000000 0.000000 0.000000 0.000000 
