test/output/constant/M395_S060_A000_WD315.0_WS010.0/M395_S060_A000_WD315.0_WS010.0_intensity.asc
ncols         46
nrows         15
xllcorner     422203.990666
yllcorner     12747555.311160
cellsize      100.000000
NODATA_value  0.000000
0 0 0 0 0 0 0 0 0 0 0 0 0 0 0 0 0 0 0 0 0 0 0 0 0 0 0 0 0 15119 15119 25383 36930 36930 15119 20009 15119 25383 20009 25383 15119 20009 1280 1922 0 0 
0 0 0 0 0 0 0 0 0 0 0 0 0 0 0 0 0 0 0 0 0 0 25383 36930 15119 42753 20009 42753 36930 31081 36930 31081 36930 25383 36930 36930 20009 15119 36930 25383 15119 25383 20009 20009 1922 1280 
0 0 0 0 0 0 0 0 0 0 0 0 0 0 0 0 25383 42753 20009 36930 25383 36930 36930 36930 42753 20009 36930 25383 36930 36930 31081 42753 15119 42753 36930 31081 36930 42753 36930 36930 36930 48373 69719 69719 0 1558 
0 0 0 0 0 0 0 0 0 0 0 0 0 36930 36930 42753 42753 31081 36930 36930 10861 48373 42753 42753 20009 42753 42753 20009 25383 42753 42753 42753 42753 62375 58335 65618 69719 69719 69719 69719 69719 69719 69719 2286 2286 1922 
0 0 0 0 0 0 0 0 0 0 36930 42753 25383 42753 42753 36930 15119 31081 36930 25383 25383 42753 42753 48373 58335 25383 42753 42753 65618 25383 31081 69719 69719 69719 69719 69719 69719 69719 69719 61635 4439 47298 2286 1922 1922 0 
0 0 0 0 0 0 0 65618 58335 62375 65618 31081 15119 36930 36930 36930 36930 15119 36930 58335 25383 69719 42753 36930 62375 69719 69719 69719 25383 69719 69719 69719 69719 69719 65043 69719 69149 4439 1922 1922 47298 47298 1922 2286 0 0 
0 0 0 0 0 42753 42753 42753 15119 25383 42753 42753 20009 42753 25383 53620 20009 10861 53620 20009 69719 69719 65618 69719 69719 69719 69719 69719 69719 69719 69719 67573 67573 57454 4439 47298 47298 47298 2821 4439 1342 1922 0 0 0 0 
0 0 0 36930 36930 42753 36930 31081 65618 42753 31081 69719 67964 42753 42753 69719 20009 69719 69719 69719 69719 69719 69719 69719 69719 69719 69719 69719 69552 69552 57454 4439 52626 6912 2286 4439 2821 1342 4439 1558 0 0 0 0 0 0 
0 0 42753 48373 62375 53620 42753 69719 36930 42753 69719 67964 69719 69719 36930 69719 69719 69719 69719 69719 69719 69719 69719 69719 69149 69719 69719 52626 52626 47298 52626 47298 47298 52626 47298 47298 1922 47298 0 0 0 0 0 0 0 0 
42753 69719 58335 36930 42753 69719 69719 69719 69719 69719 69719 69719 69719 69719 69719 69719 69719 69719 69719 69719 69719 69719 69719 52626 57454 6912 52626 47298 6912 1922 1922 47298 4439 47298 4439 0 0 0 0 0 0 0 0 0 0 0 
69719 69719 69719 65618 69719 69719 69719 69719 69719 69719 69719 69719 69719 69719 69719 61635 69719 69719 69719 69719 57454 61635 4439 47298 52626 4439 47298 2821 2821 47298 2286 4439 0 0 0 0 0 0 0 0 0 0 0 0 0 0 
69719 69719 69719 69719 69719 69719 69719 69719 69719 69719 69719 69719 69719 69719 61635 69719 65043 57454 47298 4439 47298 52626 52626 47298 1558 47298 47298 52626 47298 0 0 0 0 0 0 0 0 0 0 0 0 0 0 0 0 0 
69719 69719 69719 69719 69719 65043 69719 69719 69719 69719 69719 67573 69719 57454 47298 57454 6912 47298 52626 47298 4439 4439 2821 2286 6912 0 0 0 0 0 0 0 0 0 0 0 0 0 0 0 0 0 0 0 0 0 
0 69719 69719 69719 69719 69552 69719 67573 69719 65043 57454 57454 47298 4439 47298 47298 52626 52626 47298 4439 0 0 0 0 0 0 0 0 0 0 0 0 0 0 0 0 0 0 0 0 0 0 0 0 0 0 
0 0 0 0 0 0 69719 65043 69719 67573 0 0 0 0 0 0 0 0 0 0 0 0 0 0 0 0 0 0 0 0 0 0 0 0 0 0 0 0 0 0 0 0 0 0 0 0 
