test/output/constant/M295_S000_A270_WD180.0_WS050.0/M295_S000_A270_WD180.0_WS050.0_arrival.asc
ncols         7
nrows         39
xllcorner     426303.990666
yllcorner     12748755.311160
cellsize      100.000000
NODATA_value  0.000000
0.000000 0.000000 0.000000 166.041667 0.000000 0.000000 0.000000 
0.000000 0.000000 166.041314 166.040870 166.041314 0.000000 0.000000 
0.000000 0.000000 166.040426 166.039537 166.040426 0.000000 0.000000 
0.000000 0.000000 166.039093 166.038649 166.039093 0.000000 0.000000 
0.000000 166.040870 166.038205 166.037316 166.038205 166.040870 0.000000 
0.000000 166.039982 166.036872 166.036428 166.036872 166.039982 0.000000 
0.000000 166.038649 166.035983 166.035095 166.035983 166.038649 0.000000 
0.000000 166.037760 166.035095 166.034207 166.035095 166.037760 0.000000 
0.000000 166.036872 166.033762 166.032874 166.033762 166.036872 0.000000 
166.041667 166.035539 166.032874 166.031985 166.032874 166.035539 166.041667 
166.040870 166.034651 166.031541 166.030653 166.031541 166.034651 166.040870 
166.040426 166.033762 166.030653 166.029764 166.030653 166.033762 166.040426 
166.039537 166.032874 166.029320 166.028431 166.029320 166.032874 166.039537 
166.038649 166.031541 166.028431 166.027543 166.028431 166.031541 166.038649 
166.038205 166.030653 166.027099 166.026210 166.027099 166.030653 166.038205 
166.037316 166.029764 166.026210 166.025322 166.026210 166.029764 166.037316 
166.036428 166.028876 166.024877 166.023989 166.024877 166.028876 166.036428 
166.035983 166.027987 166.023989 166.023101 166.023989 166.027987 166.035983 
166.035539 166.027099 166.022656 166.021768 166.022656 166.027099 166.035539 
166.035539 166.026210 166.021768 166.020879 166.021768 166.026210 166.035539 
166.035539 166.025322 166.020435 166.019547 166.020435 166.025322 166.035539 
166.035539 166.024877 166.019547 166.018658 166.019547 166.024877 166.035539 
166.035539 166.023989 166.018214 166.017325 166.018214 166.023989 166.035539 
166.035983 166.023101 166.017325 166.016437 166.017325 166.023101 166.035983 
166.036428 166.022656 166.016437 166.015104 166.016437 166.022656 166.036428 
166.037316 166.021768 166.015104 166.014216 166.015104 166.021768 166.037316 
166.038205 166.021324 166.014216 166.012883 166.014216 166.021324 166.038205 
166.039982 166.021324 166.013327 166.011994 166.013327 166.021324 166.039982 
166.041314 166.021324 166.011994 166.010662 166.011994 166.021324 166.041314 
0.000000 166.021768 166.011106 166.009773 166.011106 166.021768 0.000000 
0.000000 166.022212 166.010218 166.008441 166.010218 166.022212 0.000000 
0.000000 166.023101 166.009329 166.007552 166.009329 166.023101 0.000000 
0.000000 166.024877 166.008441 166.006219 166.008441 166.024877 0.000000 
0.000000 166.027543 166.007552 166.005331 166.007552 166.027543 0.000000 
0.000000 166.031541 166.007108 166.003998 166.007108 166.031541 0.000000 
0.000000 166.038205 166.007552 166.003110 166.007552 166.038205 0.000000 
0.000000 0.000000 166.007996 166.001777 166.007996 0.000000 0.000000 
0.000000 0.000000 166.011994 166.000888 166.011994 0.000000 0.000000 
0.000000 0.000000 166.032430 166.000000 166.032430 0.000000 0.000000 
