test/output/constant/M3M495_S060_A180_WD270.0_WS005.0/M3M495_S060_A180_WD270.0_WS005.0_arrival.asc
ncols         58
nrows         11
xllcorner     426603.990666
yllcorner     12748255.311160
cellsize      100.000000
NODATA_value  0.000000
0.000000 0.000000 0.000000 0.000000 0.000000 0.000000 0.000000 0.000000 0.000000 0.000000 0.000000 0.000000 0.000000 0.000000 0.000000 0.000000 0.000000 0.000000 0.000000 0.000000 166.041290 166.040700 166.040110 166.039815 166.039520 166.038930 166.038930 166.038635 166.038635 166.038340 166.038635 166.038635 166.038635 166.038635 166.038930 166.039520 166.039815 166.040405 166.040700 166.041290 166.041585 0.000000 0.000000 0.000000 0.000000 0.000000 0.000000 0.000000 0.000000 0.000000 0.000000 0.000000 0.000000 0.000000 0.000000 0.000000 0.000000 0.000000 
0.000000 0.000000 0.000000 0.000000 0.000000 0.000000 0.000000 0.000000 0.000000 0.000000 166.040110 166.038046 166.036276 166.034801 166.033327 166.032442 166.031852 166.031262 166.030967 166.030672 166.030377 166.030083 166.030083 166.030083 166.030083 166.030083 166.030083 166.030672 166.030967 166.031557 166.031852 166.032442 166.032737 166.033327 166.033917 166.034506 166.034801 166.035391 166.035981 166.036571 166.036866 166.037456 166.038046 166.038635 166.039225 166.039815 166.040405 166.040700 166.041585 0.000000 0.000000 0.000000 0.000000 0.000000 0.000000 0.000000 0.000000 0.000000 
0.000000 0.000000 0.000000 0.000000 0.000000 166.036571 166.031852 166.028608 166.026838 166.025364 166.023594 166.023299 166.022414 166.022120 166.021825 166.021530 166.021530 166.021530 166.021530 166.021825 166.022120 166.022709 166.023004 166.023594 166.023889 166.024479 166.025069 166.025659 166.026248 166.026543 166.027133 166.027723 166.028313 166.028903 166.029493 166.030083 166.030672 166.031262 166.031852 166.032737 166.033327 166.033917 166.034801 166.035391 166.035981 166.036866 166.037456 166.038046 166.038635 166.039520 166.040110 166.040700 166.041585 0.000000 0.000000 0.000000 0.000000 0.000000 
0.000000 0.000000 166.029788 166.021235 166.017696 166.015631 166.014156 166.013567 166.013272 166.012977 166.012977 166.012977 166.013272 166.013567 166.014156 166.014746 166.015336 166.015926 166.016221 166.016811 166.017401 166.017991 166.018580 166.019170 166.020055 166.020645 166.021235 166.021825 166.022709 166.023299 166.024184 166.024774 166.025364 166.026248 166.026838 166.027428 166.028018 166.028903 166.029493 166.030377 166.030967 166.031852 166.032442 166.033032 166.033917 166.034506 166.035391 166.035981 166.036866 166.037456 166.038046 166.038930 166.039520 166.040405 166.040995 166.041667 0.000000 0.000000 
166.015336 166.006488 166.004719 166.004424 166.004424 166.005014 166.005309 166.005899 166.006488 166.007373 166.007963 166.008553 166.009438 166.010028 166.010912 166.011502 166.012092 166.012977 166.013567 166.014451 166.015041 166.015926 166.016516 166.017401 166.017991 166.018875 166.019465 166.020055 166.020940 166.021530 166.022414 166.023004 166.023889 166.024479 166.025364 166.025954 166.026543 166.027428 166.028018 166.028903 166.029493 166.030377 166.030967 166.031852 166.032442 166.033327 166.033917 166.034801 166.035391 166.036276 166.036866 166.037751 166.038340 166.039225 166.039815 166.040700 166.041290 0.000000 
166.000000 166.000590 166.001180 166.002064 166.002654 166.003539 166.004129 166.005014 166.005604 166.006488 166.007078 166.007963 166.008553 166.009438 166.010028 166.010912 166.011502 166.012387 166.012977 166.013862 166.014451 166.015336 166.015926 166.016811 166.017401 166.018285 166.018875 166.019760 166.020350 166.021235 166.021825 166.022709 166.023299 166.024184 166.024774 166.025659 166.026248 166.027133 166.027723 166.028608 166.029198 166.030083 166.030672 166.031557 166.032147 166.033032 166.033622 166.034506 166.035096 166.035981 166.036571 166.037456 166.038046 166.038930 166.039520 166.040405 166.040995 166.041667 
166.015336 166.006488 166.004719 166.004424 166.004424 166.005014 166.005309 166.005899 166.006488 166.007373 166.007963 166.008553 166.009438 166.010028 166.010912 166.011502 166.012092 166.012977 166.013567 166.014451 166.015041 166.015926 166.016516 166.017401 166.017991 166.018875 166.019465 166.020055 166.020940 166.021530 166.022414 166.023004 166.023889 166.024479 166.025364 166.025954 166.026543 166.027428 166.028018 166.028903 166.029493 166.030377 166.030967 166.031852 166.032442 166.033327 166.033917 166.034801 166.035391 166.036276 166.036866 166.037751 166.038340 166.039225 166.039815 166.040700 166.041290 0.000000 
0.000000 0.000000 166.029788 166.021235 166.017696 166.015631 166.014156 166.013567 166.013272 166.012977 166.012977 166.012977 166.013272 166.013567 166.014156 166.014746 166.015336 166.015926 166.016221 166.016811 166.017401 166.017991 166.018580 166.019170 166.020055 166.020645 166.021235 166.021825 166.022709 166.023299 166.024184 166.024774 166.025364 166.026248 166.026838 166.027428 166.028018 166.028903 166.029493 166.030377 166.030967 166.031852 166.032442 166.033032 166.033917 166.034506 166.035391 166.035981 166.036866 166.037456 166.038046 166.038930 166.039520 166.040405 166.040995 166.041667 0.000000 0.000000 
0.000000 0.000000 0.000000 0.000000 0.000000 166.036571 166.031852 166.028608 166.026838 166.025364 166.023594 166.023299 166.022414 166.022120 166.021825 166.021530 166.021530 166.021530 166.021530 166.021825 166.022120 166.022709 166.023004 166.023594 166.023889 166.024479 166.025069 166.025659 166.026248 166.026543 166.027133 166.027723 166.028313 166.028903 166.029493 166.030083 166.030672 166.031262 166.031852 166.032737 166.033327 166.033917 166.034801 166.035391 166.035981 166.036866 166.037456 166.038046 166.038635 166.039520 166.040110 166.040700 166.041585 0.000000 0.000000 0.000000 0.000000 0.000000 
0.000000 0.000000 0.000000 0.000000 0.000000 0.000000 0.000000 0.000000 0.000000 0.000000 166.040110 166.038046 166.036276 166.034801 166.033327 166.032442 166.031852 166.031262 166.030967 166.030672 166.030377 166.030083 166.030083 166.030083 166.030083 166.030083 166.030083 166.030672 166.030967 166.031557 166.031852 166.032442 166.032737 166.033327 166.033917 166.034506 166.034801 166.035391 166.035981 166.036571 166.036866 166.037456 166.038046 166.038635 166.039225 166.039815 166.040405 166.040700 166.041585 0.000000 0.000000 0.000000 0.000000 0.000000 0.000000 0.000000 0.000000 0.000000 
0.000000 0.000000 0.000000 0.000000 0.000000 0.000000 0.000000 0.000000 0.000000 0.000000 0.000000 0.000000 0.000000 0.000000 0.000000 0.000000 0.000000 0.000000 0.000000 0.000000 166.041290 166.040700 166.040110 166.039815 166.039520 166.038930 166.038930 166.038635 166.038635 166.038340 166.038635 166.038635 166.038635 166.038635 166.038930 166.039520 166.039815 166.040405 166.040700 166.041290 166.041585 0.000000 0.000000 0.000000 0.000000 0.000000 0.000000 0.000000 0.000000 0.000000 0.000000 0.000000 0.000000 0.000000 0.000000 0.000000 0.000000 0.000000 
