test/output/constant/M190_S060_A090_WD000.0_WS030.0/M190_S060_A090_WD000.0_WS030.0_arrival.asc
ncols         7
nrows         40
xllcorner     426303.990666
yllcorner     12744855.311160
cellsize      100.000000
NODATA_value  0.000000
0.000000 0.000000 0.000000 166.000000 0.000000 0.000000 0.000000 
0.000000 0.000000 166.015787 166.000853 166.015787 0.000000 0.000000 
0.000000 0.000000 166.009813 166.001707 166.009813 0.000000 0.000000 
0.000000 0.000000 166.008107 166.002987 166.008107 0.000000 0.000000 
0.000000 166.040961 166.007680 166.003840 166.007680 166.040961 0.000000 
0.000000 166.033707 166.008107 166.005120 166.008107 166.033707 0.000000 
0.000000 166.029867 166.008533 166.005973 166.008533 166.029867 0.000000 
0.000000 166.027307 166.009387 166.007253 166.009387 166.027307 0.000000 
0.000000 166.025600 166.010240 166.008107 166.010240 166.025600 0.000000 
0.000000 166.024320 166.011094 166.009387 166.011094 166.024320 0.000000 
0.000000 166.023894 166.011947 166.010240 166.011947 166.023894 0.000000 
0.000000 166.023467 166.012800 166.011520 166.012800 166.023467 0.000000 
0.000000 166.023040 166.014080 166.012374 166.014080 166.023040 0.000000 
0.000000 166.023040 166.014934 166.013654 166.014934 166.023040 0.000000 
0.000000 166.023040 166.016214 166.014507 166.016214 166.023040 0.000000 
166.040534 166.023894 166.017067 166.015787 166.017067 166.023894 166.040534 
166.039681 166.024747 166.017920 166.016640 166.017920 166.024747 166.039681 
166.039254 166.025174 166.019200 166.017920 166.019200 166.025174 166.039254 
166.038827 166.026027 166.020054 166.018774 166.020054 166.026027 166.038827 
166.038827 166.026880 166.021334 166.020054 166.021334 166.026880 166.038827 
166.038401 166.027307 166.022187 166.020907 166.022187 166.027307 166.038401 
166.038401 166.028160 166.023467 166.022187 166.023467 166.028160 166.038401 
166.038401 166.029014 166.024320 166.023040 166.024320 166.029014 166.038401 
166.038401 166.029867 166.025600 166.024320 166.025600 166.029867 166.038401 
166.039254 166.030720 166.026454 166.025174 166.026454 166.030720 166.039254 
166.039681 166.031574 166.027307 166.026454 166.027307 166.031574 166.039681 
166.040534 166.032427 166.028587 166.027307 166.028587 166.032427 166.040534 
166.041387 166.033281 166.029440 166.028587 166.029440 166.033281 166.041387 
0.000000 166.034134 166.030720 166.029440 166.030720 166.034134 0.000000 
0.000000 166.035414 166.031574 166.030720 166.031574 166.035414 0.000000 
0.000000 166.036267 166.032854 166.031574 166.032854 166.036267 0.000000 
0.000000 166.037121 166.033707 166.032854 166.033707 166.037121 0.000000 
0.000000 166.038401 166.034987 166.033707 166.034987 166.038401 0.000000 
0.000000 166.039254 166.035841 166.034987 166.035841 166.039254 0.000000 
0.000000 166.040107 166.037121 166.035841 166.037121 166.040107 0.000000 
0.000000 166.040961 166.037974 166.037121 166.037974 166.040961 0.000000 
0.000000 0.000000 166.039254 166.037974 166.039254 0.000000 0.000000 
0.000000 0.000000 166.040107 166.039254 166.040107 0.000000 0.000000 
0.000000 0.000000 166.041387 166.040107 166.041387 0.000000 0.000000 
0.000000 0.000000 0.000000 166.041387 0.000000 0.000000 0.000000 
