test/output/constant/M3M475_S060_A090_WD225.0_WS010.0/M3M475_S060_A090_WD225.0_WS010.0_ros.asc
ncols         12
nrows         33
xllcorner     426403.990666
yllcorner     12745655.311160
cellsize      100.000000
NODATA_value  0.000000
0.000000 1.311775 1.791113 1.491404 0.000000 0.000000 0.000000 0.000000 0.000000 0.000000 0.000000 0.000000 
0.000000 1.436043 0.000000 1.915881 1.491404 0.000000 0.000000 0.000000 0.000000 0.000000 0.000000 0.000000 
0.000000 17.280159 52.491558 52.491558 2.066804 0.000000 0.000000 0.000000 0.000000 0.000000 0.000000 0.000000 
0.000000 13.439008 52.491558 52.491558 1.791113 1.491404 0.000000 0.000000 0.000000 0.000000 0.000000 0.000000 
21.425093 10.016313 52.440765 52.491558 44.792686 1.791113 2.066804 0.000000 0.000000 0.000000 0.000000 0.000000 
21.425093 13.439008 51.770172 52.491558 51.504250 1.915881 4.500721 0.000000 0.000000 0.000000 0.000000 0.000000 
17.280159 30.121899 52.440765 52.491558 47.666630 37.569077 33.439091 0.000000 0.000000 0.000000 0.000000 0.000000 
21.425093 25.749166 25.749166 52.491558 52.491558 52.491558 37.569077 1.915881 0.000000 0.000000 0.000000 0.000000 
0.000000 30.121899 13.439008 52.491558 52.491558 44.792686 33.439091 37.569077 0.000000 0.000000 0.000000 0.000000 
0.000000 38.486904 52.491558 52.491558 51.504250 47.666630 47.666630 37.569077 29.127935 0.000000 0.000000 0.000000 
0.000000 34.411087 45.514824 50.360352 52.491558 52.491558 49.926750 37.569077 33.439091 0.000000 0.000000 0.000000 
0.000000 17.280159 17.280159 52.491558 52.491558 47.666630 52.491558 51.504250 37.569077 0.000000 0.000000 0.000000 
0.000000 13.439008 50.360352 25.749166 52.491558 52.491558 44.792686 47.666630 37.569077 0.000000 0.000000 0.000000 
0.000000 30.121899 42.225914 52.491558 52.491558 49.926750 51.504250 49.926750 37.569077 37.569077 0.000000 0.000000 
0.000000 21.425093 51.770172 52.491558 52.491558 49.926750 52.491558 52.491558 52.491558 33.439091 0.000000 0.000000 
0.000000 42.225914 48.253967 52.491558 42.225914 52.491558 52.491558 52.491558 52.491558 49.926750 0.000000 0.000000 
0.000000 30.121899 25.749166 52.491558 21.425093 52.491558 52.491558 52.491558 47.666630 1.915881 37.569077 0.000000 
0.000000 0.000000 51.770172 34.411087 52.491558 52.491558 52.491558 52.491558 52.491558 52.491558 37.569077 0.000000 
0.000000 0.000000 45.514824 50.360352 10.016313 52.491558 51.504250 44.792686 49.926750 52.351059 52.491558 0.000000 
0.000000 0.000000 17.280159 13.439008 52.491558 52.491558 51.504250 51.504250 47.666630 37.569077 37.569077 0.000000 
0.000000 0.000000 48.253967 50.360352 34.411087 52.491558 47.666630 52.491558 52.491558 52.491558 2.066804 0.000000 
0.000000 0.000000 34.411087 48.253967 52.491558 52.491558 52.491558 52.491558 52.351059 52.491558 52.351059 0.000000 
0.000000 0.000000 0.000000 30.121899 52.491558 52.491558 52.491558 52.491558 52.491558 52.491558 52.491558 0.000000 
0.000000 0.000000 0.000000 52.491558 52.491558 52.491558 52.491558 52.491558 52.491558 52.491558 49.926750 51.504250 
0.000000 0.000000 0.000000 0.000000 52.491558 52.491558 52.491558 52.491558 52.491558 51.504250 49.926750 51.504250 
0.000000 0.000000 0.000000 0.000000 52.491558 25.749166 52.491558 52.491558 52.491558 47.666630 52.491558 52.491558 
0.000000 0.000000 0.000000 0.000000 13.439008 52.491558 25.749166 52.491558 52.491558 52.491558 52.491558 44.792686 
0.000000 0.000000 0.000000 0.000000 0.000000 34.411087 52.491558 52.491558 52.491558 47.666630 52.491558 51.504250 
0.000000 0.000000 0.000000 0.000000 0.000000 52.491558 45.514824 52.491558 52.491558 51.504250 52.491558 47.666630 
0.000000 0.000000 0.000000 0.000000 0.000000 0.000000 13.439008 52.491558 52.491558 52.351059 51.504250 0.000000 
0.000000 0.000000 0.000000 0.000000 0.000000 0.000000 38.486904 52.491558 52.491558 52.491558 52.491558 0.000000 
0.000000 0.000000 0.000000 0.000000 0.000000 0.000000 0.000000 52.491558 52.491558 52.491558 52.491558 0.000000 
0.000000 0.000000 0.000000 0.000000 0.000000 0.000000 0.000000 0.000000 34.411087 52.491558 0.000000 0.000000 
