test/output/constant/M3M475_S060_A090_WD225.0_WS010.0/M3M475_S060_A090_WD225.0_WS010.0_intensity.asc
ncols         12
nrows         33
xllcorner     426403.990666
yllcorner     12745655.311160
cellsize      100.000000
NODATA_value  0.000000
0 1125 1537 1279 0 0 0 0 0 0 0 0 
0 1232 0 1644 1279 0 0 0 0 0 0 0 
0 14829 45046 45046 1773 0 0 0 0 0 0 0 
0 11532 45046 45046 1537 1279 0 0 0 0 0 0 
18386 8595 45003 45046 38439 1537 1773 0 0 0 0 0 
18386 11532 44427 45046 44199 1644 3862 0 0 0 0 0 
14829 25849 45003 45046 40906 32240 28696 0 0 0 0 0 
18386 22097 22097 45046 45046 45046 32240 1644 0 0 0 0 
0 25849 11532 45046 45046 38439 28696 32240 0 0 0 0 
0 33028 45046 45046 44199 40906 40906 32240 24996 0 0 0 
0 29530 39059 43217 45046 45046 42845 32240 28696 0 0 0 
0 14829 14829 45046 45046 40906 45046 44199 32240 0 0 0 
0 11532 43217 22097 45046 45046 38439 40906 32240 0 0 0 
0 25849 36237 45046 45046 42845 44199 42845 32240 32240 0 0 
0 18386 44427 45046 45046 42845 45046 45046 45046 28696 0 0 
0 36237 41410 45046 36237 45046 45046 45046 45046 42845 0 0 
0 25849 22097 45046 18386 45046 45046 45046 40906 1644 32240 0 
0 0 44427 29530 45046 45046 45046 45046 45046 45046 32240 0 
0 0 39059 43217 8595 45046 44199 38439 42845 44926 45046 0 
0 0 14829 11532 45046 45046 44199 44199 40906 32240 32240 0 
0 0 41410 43217 29530 45046 40906 45046 45046 45046 1773 0 
0 0 29530 41410 45046 45046 45046 45046 44926 45046 44926 0 
0 0 0 25849 45046 45046 45046 45046 45046 45046 45046 0 
0 0 0 45046 45046 45046 45046 45046 45046 45046 42845 44199 
0 0 0 0 45046 45046 45046 45046 45046 44199 42845 44199 
0 0 0 0 45046 22097 45046 45046 45046 40906 45046 45046 
0 0 0 0 11532 45046 22097 45046 45046 45046 45046 38439 
0 0 0 0 0 29530 45046 45046 45046 40906 45046 44199 
0 0 0 0 0 45046 39059 45046 45046 44199 45046 40906 
0 0 0 0 0 0 11532 45046 45046 44926 44199 0 
0 0 0 0 0 0 33028 45046 45046 45046 45046 0 
0 0 0 0 0 0 0 45046 45046 45046 45046 0 
0 0 0 0 0 0 0 0 29530 45046 0 0 
