test/output/constant/M475_S000_A180_WD090.0_WS050.0/M475_S000_A180_WD090.0_WS050.0_arrival.asc
ncols         36
nrows         7
xllcorner     423103.990666
yllcorner     12748455.311160
cellsize      100.000000
NODATA_value  0.000000
0.000000 0.000000 0.000000 0.000000 0.000000 0.000000 0.000000 0.000000 0.000000 0.000000 0.000000 166.041300 166.040340 166.039379 166.038899 166.038419 166.038419 166.037939 166.037939 166.038419 166.038899 166.039860 166.040340 166.041300 0.000000 0.000000 0.000000 0.000000 0.000000 0.000000 0.000000 0.000000 0.000000 0.000000 0.000000 0.000000 
0.000000 0.000000 0.000000 0.000000 166.040820 166.039860 166.038419 166.037458 166.036498 166.035537 166.034097 166.033136 166.032176 166.031215 166.030255 166.029294 166.028334 166.027373 166.026893 166.025933 166.024972 166.024492 166.023532 166.023051 166.023051 166.023051 166.023532 166.024012 166.024972 166.026893 166.029775 166.034577 0.000000 0.000000 0.000000 0.000000 
0.000000 166.041300 166.039860 166.038899 166.037458 166.036498 166.035057 166.034097 166.032656 166.031696 166.030255 166.029294 166.027854 166.026893 166.025452 166.024492 166.023051 166.022091 166.021130 166.019690 166.018729 166.017769 166.016328 166.015368 166.013927 166.012966 166.012006 166.011045 166.010085 166.009124 166.008164 166.007684 166.008164 166.009124 166.012966 166.033136 
166.041667 166.040340 166.039379 166.037939 166.036978 166.035537 166.034577 166.033136 166.032176 166.030735 166.029775 166.028334 166.027373 166.025933 166.024972 166.023532 166.022571 166.021130 166.020170 166.018729 166.017769 166.016328 166.015368 166.013927 166.012966 166.011526 166.010565 166.009124 166.008164 166.006723 166.005763 166.004322 166.003362 166.001921 166.000960 166.000000 
0.000000 166.041300 166.039860 166.038899 166.037458 166.036498 166.035057 166.034097 166.032656 166.031696 166.030255 166.029294 166.027854 166.026893 166.025452 166.024492 166.023051 166.022091 166.021130 166.019690 166.018729 166.017769 166.016328 166.015368 166.013927 166.012966 166.012006 166.011045 166.010085 166.009124 166.008164 166.007684 166.008164 166.009124 166.012966 166.033136 
0.000000 0.000000 0.000000 0.000000 166.040820 166.039860 166.038419 166.037458 166.036498 166.035537 166.034097 166.033136 166.032176 166.031215 166.030255 166.029294 166.028334 166.027373 166.026893 166.025933 166.024972 166.024492 166.023532 166.023051 166.023051 166.023051 166.023532 166.024012 166.024972 166.026893 166.029775 166.034577 0.000000 0.000000 0.000000 0.000000 
0.000000 0.000000 0.000000 0.000000 0.000000 0.000000 0.000000 0.000000 0.000000 0.000000 0.000000 166.041300 166.040340 166.039379 166.038899 166.038419 166.038419 166.037939 166.037939 166.038419 166.038899 166.039860 166.040340 166.041300 0.000000 0.000000 0.000000 0.000000 0.000000 0.000000 0.000000 0.000000 0.000000 0.000000 0.000000 0.000000 
