test/output/constant/M3M460_S060_A180_WD270.0_WS040.0/M3M460_S060_A180_WD270.0_WS040.0_arrival.asc
ncols         43
nrows         7
xllcorner     426603.990666
yllcorner     12748455.311160
cellsize      100.000000
NODATA_value  0.000000
0.000000 0.000000 0.000000 0.000000 0.000000 0.000000 0.000000 0.000000 0.000000 0.000000 0.000000 0.000000 0.000000 0.000000 0.000000 0.000000 0.000000 0.000000 0.000000 0.000000 0.000000 0.000000 0.000000 0.000000 166.041648 166.041648 166.041648 0.000000 0.000000 0.000000 0.000000 0.000000 0.000000 0.000000 0.000000 0.000000 0.000000 0.000000 0.000000 0.000000 0.000000 0.000000 0.000000 
0.000000 0.000000 0.000000 0.000000 0.000000 0.000000 166.036842 166.033238 166.030435 166.028433 166.027231 166.026430 166.025630 166.025630 166.025229 166.025229 166.025229 166.025630 166.026430 166.027231 166.027632 166.028433 166.029234 166.029634 166.030435 166.031236 166.032037 166.032838 166.033238 166.034039 166.034840 166.036042 166.036842 166.037643 166.038845 166.039646 166.040447 166.041248 0.000000 0.000000 0.000000 0.000000 0.000000 
0.000000 166.019623 166.012014 166.009611 166.008810 166.008410 166.008810 166.009611 166.010012 166.010812 166.011613 166.012414 166.013616 166.014417 166.015218 166.016419 166.017220 166.018421 166.019222 166.020424 166.021224 166.022025 166.023227 166.024028 166.025229 166.026030 166.027231 166.028032 166.028833 166.030035 166.030836 166.032037 166.032838 166.034039 166.034840 166.036042 166.036842 166.037643 166.038845 166.039646 166.040847 166.041648 0.000000 
166.000000 166.000801 166.001602 166.002803 166.003604 166.004806 166.005606 166.006808 166.007609 166.008810 166.009611 166.010812 166.011613 166.012815 166.013616 166.014817 166.015618 166.016819 166.017620 166.018822 166.019623 166.020824 166.021625 166.022826 166.023627 166.024829 166.025630 166.026831 166.027632 166.028833 166.029634 166.030836 166.031636 166.032838 166.033639 166.034840 166.035641 166.036842 166.037643 166.038845 166.039646 166.040847 166.041648 
0.000000 166.019623 166.012014 166.009611 166.008810 166.008410 166.008810 166.009611 166.010012 166.010812 166.011613 166.012414 166.013616 166.014417 166.015218 166.016419 166.017220 166.018421 166.019222 166.020424 166.021224 166.022025 166.023227 166.024028 166.025229 166.026030 166.027231 166.028032 166.028833 166.030035 166.030836 166.032037 166.032838 166.034039 166.034840 166.036042 166.036842 166.037643 166.038845 166.039646 166.040847 166.041648 0.000000 
0.000000 0.000000 0.000000 0.000000 0.000000 0.000000 166.036842 166.033238 166.030435 166.028433 166.027231 166.026430 166.025630 166.025630 166.025229 166.025229 166.025229 166.025630 166.026430 166.027231 166.027632 166.028433 166.029234 166.029634 166.030435 166.031236 166.032037 166.032838 166.033238 166.034039 166.034840 166.036042 166.036842 166.037643 166.038845 166.039646 166.040447 166.041248 0.000000 0.000000 0.000000 0.000000 0.000000 
0.000000 0.000000 0.000000 0.000000 0.000000 0.000000 0.000000 0.000000 0.000000 0.000000 0.000000 0.000000 0.000000 0.000000 0.000000 0.000000 0.000000 0.000000 0.000000 0.000000 0.000000 0.000000 0.000000 0.000000 166.041648 166.041648 166.041648 0.000000 0.000000 0.000000 0.000000 0.000000 0.000000 0.000000 0.000000 0.000000 0.000000 0.000000 0.000000 0.000000 0.000000 0.000000 0.000000 
