test/output/constant/M475_S060_A000_WD135.0_WS015.0/M475_S060_A000_WD135.0_WS015.0_arrival.asc
ncols         31
nrows         10
xllcorner     423603.990666
yllcorner     12748655.311160
cellsize      100.000000
NODATA_value  0.000000
166.041667 166.040196 166.039660 166.038588 166.038052 166.037516 166.037516 166.037516 166.037516 166.038052 166.039124 166.040196 0.000000 0.000000 0.000000 0.000000 0.000000 0.000000 0.000000 0.000000 0.000000 0.000000 0.000000 0.000000 0.000000 0.000000 0.000000 0.000000 0.000000 0.000000 0.000000 
166.041667 166.040196 166.038588 166.037516 166.035908 166.034837 166.033765 166.033229 166.032693 166.032693 166.032157 166.032693 166.033229 166.034301 166.035372 166.037516 166.040732 0.000000 0.000000 0.000000 0.000000 0.000000 0.000000 0.000000 0.000000 0.000000 0.000000 0.000000 0.000000 0.000000 0.000000 
0.000000 166.040732 166.039124 166.037516 166.035908 166.034837 166.033229 166.031621 166.030549 166.029477 166.028405 166.027869 166.027869 166.027333 166.027869 166.028405 166.029477 166.031085 166.033765 166.037516 0.000000 0.000000 0.000000 0.000000 0.000000 0.000000 0.000000 0.000000 0.000000 0.000000 0.000000 
0.000000 0.000000 166.041268 166.039660 166.037516 166.035372 166.033765 166.031621 166.030549 166.028941 166.027333 166.026261 166.024654 166.023582 166.023046 166.022510 166.022510 166.022510 166.023582 166.024654 166.026797 166.030013 166.036980 0.000000 0.000000 0.000000 0.000000 0.000000 0.000000 0.000000 0.000000 
0.000000 0.000000 0.000000 0.000000 166.041268 166.039124 166.036444 166.034301 166.032157 166.030013 166.027869 166.026261 166.024654 166.023582 166.021974 166.020366 166.019294 166.018222 166.017686 166.017686 166.017686 166.018222 166.019830 166.023046 166.029477 166.039124 0.000000 0.000000 0.000000 0.000000 0.000000 
0.000000 0.000000 0.000000 0.000000 0.000000 0.000000 0.000000 166.039124 166.036444 166.033765 166.031621 166.028941 166.026261 166.024654 166.022510 166.020902 166.019294 166.017686 166.016614 166.015007 166.013935 166.012863 166.012863 166.012863 166.013399 166.016078 166.022510 166.033765 0.000000 0.000000 0.000000 
0.000000 0.000000 0.000000 0.000000 0.000000 0.000000 0.000000 0.000000 0.000000 166.041667 166.038588 166.035372 166.032157 166.029477 166.026797 166.024118 166.021438 166.019294 166.017150 166.015007 166.013399 166.012327 166.010719 166.009111 166.008039 166.007503 166.007503 166.009111 166.016078 166.034301 0.000000 
0.000000 0.000000 0.000000 0.000000 0.000000 0.000000 0.000000 0.000000 0.000000 0.000000 0.000000 0.000000 0.000000 166.039124 166.035372 166.032157 166.028941 166.025725 166.022510 166.019294 166.016614 166.013935 166.011791 166.009647 166.008039 166.006431 166.005359 166.003752 166.002680 166.002680 166.012327 
0.000000 0.000000 0.000000 0.000000 0.000000 0.000000 0.000000 0.000000 0.000000 0.000000 0.000000 0.000000 0.000000 0.000000 0.000000 0.000000 0.000000 166.038588 166.034837 166.031085 166.027333 166.023582 166.020366 166.016614 166.013399 166.009647 166.006967 166.004288 166.002144 166.001072 166.000000 
0.000000 0.000000 0.000000 0.000000 0.000000 0.000000 0.000000 0.000000 0.000000 0.000000 0.000000 0.000000 0.000000 0.000000 0.000000 0.000000 0.000000 0.000000 0.000000 0.000000 0.000000 0.000000 0.000000 0.000000 0.000000 166.040732 166.036980 166.035372 166.035908 166.036980 0.000000 
