test/output/constant/M290_S060_A270_WD180.0_WS030.0/M290_S060_A270_WD180.0_WS030.0_arrival.asc
ncols         7
nrows         39
xllcorner     426303.990666
yllcorner     12748755.311160
cellsize      100.000000
NODATA_value  0.000000
0.000000 0.000000 0.000000 166.040906 0.000000 0.000000 0.000000 
0.000000 0.000000 166.040906 166.040036 166.040906 0.000000 0.000000 
0.000000 0.000000 166.040036 166.038731 166.040036 0.000000 0.000000 
0.000000 0.000000 166.038731 166.037860 166.038731 0.000000 0.000000 
0.000000 166.040906 166.037860 166.036555 166.037860 166.040906 0.000000 
0.000000 166.040036 166.036555 166.035684 166.036555 166.040036 0.000000 
0.000000 166.039166 166.035684 166.034379 166.035684 166.039166 0.000000 
0.000000 166.037860 166.034379 166.033508 166.034379 166.037860 0.000000 
0.000000 166.036990 166.033508 166.032203 166.033508 166.036990 0.000000 
0.000000 166.036120 166.032203 166.031333 166.032203 166.036120 0.000000 
0.000000 166.034814 166.031333 166.030027 166.031333 166.034814 0.000000 
0.000000 166.033944 166.030027 166.029157 166.030027 166.033944 0.000000 
166.041342 166.033073 166.029157 166.027851 166.029157 166.033073 166.041342 
166.040471 166.032203 166.027851 166.026981 166.027851 166.032203 166.040471 
166.040036 166.031333 166.026981 166.025675 166.026981 166.031333 166.040036 
166.039166 166.030462 166.026110 166.024805 166.026110 166.030462 166.039166 
166.039166 166.029592 166.024805 166.023499 166.024805 166.029592 166.039166 
166.039166 166.028722 166.023935 166.022629 166.023935 166.028722 166.039166 
166.039166 166.027851 166.022629 166.021324 166.022629 166.027851 166.039166 
166.039601 166.027416 166.021759 166.020453 166.021759 166.027416 166.039601 
166.039601 166.026546 166.020453 166.019148 166.020453 166.026546 166.039601 
166.040036 166.025675 166.019583 166.018277 166.019583 166.025675 166.040036 
166.040471 166.025240 166.018277 166.016972 166.018277 166.025240 166.040471 
166.041342 166.024370 166.017407 166.016101 166.017407 166.024370 166.041342 
0.000000 166.023499 166.016537 166.014796 166.016537 166.023499 0.000000 
0.000000 166.023499 166.015231 166.013926 166.015231 166.023499 0.000000 
0.000000 166.023499 166.014361 166.012620 166.014361 166.023499 0.000000 
0.000000 166.023935 166.013055 166.011750 166.013055 166.023935 0.000000 
0.000000 166.024370 166.012185 166.010444 166.012185 166.024370 0.000000 
0.000000 166.024805 166.011315 166.009574 166.011315 166.024805 0.000000 
0.000000 166.026110 166.010444 166.008268 166.010444 166.026110 0.000000 
0.000000 166.027851 166.009574 166.007398 166.009574 166.027851 0.000000 
0.000000 166.030462 166.008703 166.006092 166.008703 166.030462 0.000000 
0.000000 166.034379 166.008268 166.005222 166.008268 166.034379 0.000000 
0.000000 166.041342 166.007833 166.003917 166.007833 166.041342 0.000000 
0.000000 0.000000 166.008268 166.003046 166.008268 0.000000 0.000000 
0.000000 0.000000 166.010009 166.001741 166.010009 0.000000 0.000000 
0.000000 0.000000 166.016101 166.000870 166.016101 0.000000 0.000000 
0.000000 0.000000 0.000000 166.000000 0.000000 0.000000 0.000000 
