test/output/constant/M365_S060_A270_WD000.0_WS005.0/M365_S060_A270_WD000.0_WS005.0_arrival.asc
ncols         9
nrows         32
xllcorner     426203.990666
yllcorner     12748655.311160
cellsize      100.000000
NODATA_value  0.000000
0.000000 0.000000 0.000000 166.041018 166.040471 166.041018 0.000000 0.000000 0.000000 
0.000000 0.000000 166.041565 166.039377 166.039377 166.039377 166.041565 0.000000 0.000000 
0.000000 0.000000 166.040471 166.038283 166.037736 166.038283 166.040471 0.000000 0.000000 
0.000000 0.000000 166.038830 166.036643 166.036643 166.036643 166.038830 0.000000 0.000000 
0.000000 166.041018 166.037736 166.035549 166.035002 166.035549 166.037736 166.041018 0.000000 
0.000000 166.039924 166.036096 166.033908 166.033908 166.033908 166.036096 166.039924 0.000000 
0.000000 166.038830 166.035002 166.032814 166.032267 166.032814 166.035002 166.038830 0.000000 
0.000000 166.037736 166.033908 166.031174 166.031174 166.031174 166.033908 166.037736 0.000000 
0.000000 166.036643 166.032267 166.030080 166.029533 166.030080 166.032267 166.036643 0.000000 
0.000000 166.035549 166.031174 166.028986 166.028439 166.028986 166.031174 166.035549 0.000000 
166.041565 166.034455 166.030080 166.027345 166.026798 166.027345 166.030080 166.034455 166.041565 
166.040471 166.033908 166.028439 166.026251 166.025705 166.026251 166.028439 166.033908 166.040471 
166.040471 166.032814 166.027345 166.024611 166.024064 166.024611 166.027345 166.032814 166.040471 
166.040471 166.031721 166.026251 166.023517 166.022970 166.023517 166.026251 166.031721 166.040471 
166.039924 166.031174 166.025158 166.021876 166.021329 166.021876 166.025158 166.031174 166.039924 
166.040471 166.030080 166.024064 166.020782 166.020235 166.020782 166.024064 166.030080 166.040471 
166.040471 166.029533 166.022970 166.019689 166.018595 166.019689 166.022970 166.029533 166.040471 
166.041018 166.028986 166.021876 166.018048 166.017501 166.018048 166.021876 166.028986 166.041018 
166.041565 166.028986 166.020782 166.016954 166.015860 166.016954 166.020782 166.028986 166.041565 
0.000000 166.028986 166.019689 166.015313 166.014766 166.015313 166.019689 166.028986 0.000000 
0.000000 166.028986 166.019142 166.014220 166.013126 166.014220 166.019142 166.028986 0.000000 
0.000000 166.029533 166.018048 166.012579 166.012032 166.012579 166.018048 166.029533 0.000000 
0.000000 166.030080 166.017501 166.011485 166.010391 166.011485 166.017501 166.030080 0.000000 
0.000000 166.031174 166.017501 166.010391 166.009297 166.010391 166.017501 166.031174 0.000000 
0.000000 166.033361 166.017501 166.008750 166.007657 166.008750 166.017501 166.033361 0.000000 
0.000000 166.036643 166.018048 166.007657 166.006563 166.007657 166.018048 166.036643 0.000000 
0.000000 166.041018 166.019142 166.006563 166.004922 166.006563 166.019142 166.041018 0.000000 
0.000000 0.000000 166.021329 166.006016 166.003828 166.006016 166.021329 0.000000 0.000000 
0.000000 0.000000 166.026798 166.006016 166.002188 166.006016 166.026798 0.000000 0.000000 
0.000000 0.000000 166.036096 166.006563 166.001094 166.006563 166.036096 0.000000 0.000000 
0.000000 0.000000 0.000000 166.012579 166.000000 166.012579 0.000000 0.000000 0.000000 
0.000000 0.000000 0.000000 0.000000 166.030627 0.000000 0.000000 0.000000 0.000000 
