test/output/constant/M3M480_S060_A000_WD315.0_WS015.0/M3M480_S060_A000_WD315.0_WS015.0_intensity.asc
ncols         31
nrows         14
xllcorner     423703.990666
yllcorner     12747555.311160
cellsize      100.000000
NODATA_value  0.000000
0 0 0 0 0 0 0 0 0 0 0 0 0 0 0 0 0 0 0 0 0 15189 15189 9012 6520 9012 15189 11929 6520 1268 1477 
0 0 0 0 0 0 0 0 0 0 0 0 0 0 0 0 11929 9012 6520 11929 15189 15189 15189 9012 15189 18696 11929 15189 44650 0 2057 
0 0 0 0 0 0 0 0 0 0 0 0 0 15189 18696 6520 15189 9012 18696 22345 22345 15189 18696 42943 18696 44650 44650 44650 44650 1384 1384 
0 0 0 0 0 0 0 0 0 0 0 15189 15189 15189 18696 15189 9012 15189 6520 4521 33050 36179 44650 44650 44650 44650 44650 28328 2057 2057 0 
0 0 0 0 0 0 0 0 0 15189 15189 29632 11929 33050 18696 26027 15189 11929 18696 36179 44650 44650 44650 44650 42361 4095 4095 1562 1384 0 0 
0 0 0 0 0 0 0 4521 29632 18696 18696 15189 42943 22345 26027 18696 15189 44650 44650 44650 42361 44650 44650 35062 4095 1384 24693 2057 0 0 0 
0 0 0 0 0 11929 6520 11929 15189 41202 18696 42943 29632 44650 44650 44650 44650 44650 44650 43738 43738 37956 4095 28328 31820 1562 0 0 0 0 0 
0 0 0 0 36179 15189 33050 26027 29632 18696 44650 33050 44650 44650 44650 44650 44650 43738 43738 40413 31820 28328 28328 1562 4095 0 0 0 0 0 0 
0 0 18696 11929 11929 15189 22345 11929 18696 44650 44650 44650 44650 44650 44650 37956 37956 1932 31820 31820 4095 5879 2833 0 0 0 0 0 0 0 0 
0 29632 15189 36179 44650 44650 44650 44650 44650 44650 44650 44650 44650 44650 2833 37956 1562 31820 4095 4095 2833 0 0 0 0 0 0 0 0 0 0 
0 44650 44650 15189 44650 44650 44650 44650 44650 44503 44650 44503 31820 4095 31820 31820 1562 28328 31820 0 0 0 0 0 0 0 0 0 0 0 0 
44650 44650 44650 44650 44650 44650 44650 44650 43738 37956 42361 40413 37956 2833 1827 1562 0 0 0 0 0 0 0 0 0 0 0 0 0 0 0 
44650 44650 44650 40413 44650 44650 44650 44503 44650 35062 31820 35062 2833 37956 0 0 0 0 0 0 0 0 0 0 0 0 0 0 0 0 0 
0 44650 44650 44650 43738 42361 35062 28328 31820 42361 0 0 0 0 0 0 0 0 0 0 0 0 0 0 0 0 0 0 0 0 0 
