test/output/constant/M3M480_S060_A000_WD315.0_WS015.0/M3M480_S060_A000_WD315.0_WS015.0_raz.asc
ncols         31
nrows         14
xllcorner     423703.990666
yllcorner     12747555.311160
cellsize      100.000000
NODATA_value  0.000000
0 0 0 0 0 0 0 0 0 0 0 0 0 0 0 0 0 0 0 0 0 271 271 281 289 281 271 276 289 42 357 
0 0 0 0 0 0 0 0 0 0 0 0 0 0 0 0 276 281 289 276 271 271 271 281 271 268 276 271 248 65535 167 
0 0 0 0 0 0 0 0 0 0 0 0 0 271 268 289 271 281 268 265 265 271 268 252 268 248 248 248 248 95 95 
0 0 0 0 0 0 0 0 0 0 0 271 271 271 268 271 281 271 289 299 258 256 248 248 248 248 248 237 167 167 0 
0 0 0 0 0 0 0 0 0 271 271 260 276 258 268 262 271 276 268 256 248 248 248 248 245 198 198 140 95 0 0 
0 0 0 0 0 0 0 299 260 268 268 271 252 265 262 268 271 248 248 248 245 248 248 240 198 95 235 167 0 0 0 
0 0 0 0 0 276 289 276 271 253 268 252 260 248 248 248 248 248 248 246 246 242 198 237 239 140 0 0 0 0 0 
0 0 0 0 256 271 258 262 260 268 248 258 248 248 248 248 248 246 246 244 239 237 237 140 198 0 0 0 0 0 0 
0 0 268 276 276 271 265 276 268 248 248 248 248 248 248 242 242 163 239 239 198 208 184 0 0 0 0 0 0 0 0 
0 260 271 256 248 248 248 248 248 248 248 248 248 248 184 242 140 239 198 198 184 0 0 0 0 0 0 0 0 0 0 
0 248 248 271 248 248 248 248 248 248 248 248 239 198 239 239 140 237 239 0 0 0 0 0 0 0 0 0 0 0 0 
248 248 248 248 248 248 248 248 246 242 245 244 242 184 158 140 0 0 0 0 0 0 0 0 0 0 0 0 0 0 0 
248 248 248 244 248 248 248 248 248 240 239 240 184 242 0 0 0 0 0 0 0 0 0 0 0 0 0 0 0 0 0 
0 248 248 248 246 245 240 237 239 245 0 0 0 0 0 0 0 0 0 0 0 0 0 0 0 0 0 0 0 0 0 
