test/output/constant/M3M480_S060_A000_WD090.0_WS025.0/M3M480_S060_A000_WD090.0_WS025.0_arrival.asc
ncols         54
nrows         9
xllcorner     421303.990666
yllcorner     12748355.311160
cellsize      100.000000
NODATA_value  0.000000
0.000000 0.000000 0.000000 0.000000 0.000000 0.000000 0.000000 0.000000 0.000000 0.000000 0.000000 0.000000 0.000000 0.000000 0.000000 0.000000 0.000000 0.000000 0.000000 0.000000 166.041562 166.041562 166.041562 166.041667 166.041667 166.041667 0.000000 0.000000 0.000000 0.000000 0.000000 0.000000 0.000000 0.000000 0.000000 0.000000 0.000000 0.000000 0.000000 0.000000 0.000000 0.000000 0.000000 0.000000 0.000000 0.000000 0.000000 0.000000 0.000000 0.000000 0.000000 0.000000 0.000000 0.000000 
0.000000 0.000000 0.000000 0.000000 0.000000 0.000000 0.000000 0.000000 166.041667 166.040927 166.040293 166.039658 166.039024 166.038389 166.038072 166.037437 166.036803 166.036168 166.035851 166.035216 166.034582 166.033947 166.033630 166.032996 166.032361 166.032044 166.031409 166.030775 166.030457 166.029823 166.029823 166.029823 166.029823 166.029823 166.030140 166.030775 166.031092 166.031409 166.032361 166.032996 166.034265 166.035851 166.037437 166.040293 0.000000 0.000000 0.000000 0.000000 0.000000 0.000000 0.000000 0.000000 0.000000 0.000000 
0.000000 0.000000 0.000000 0.000000 166.041244 166.040610 166.039658 166.039024 166.038389 166.037437 166.036803 166.035851 166.035216 166.034582 166.033630 166.032996 166.032361 166.031409 166.030775 166.030140 166.029188 166.028554 166.027919 166.026968 166.026333 166.025698 166.025064 166.024429 166.023795 166.023160 166.022526 166.021891 166.021574 166.020939 166.020305 166.019670 166.019353 166.018719 166.018401 166.018084 166.018084 166.018084 166.018401 166.018719 166.019353 166.020305 166.021891 166.024112 166.027602 166.032996 166.040927 0.000000 0.000000 0.000000 
0.000000 166.041562 166.040927 166.039975 166.039341 166.038389 166.037755 166.036803 166.036168 166.035216 166.034582 166.033947 166.032996 166.032361 166.031409 166.030775 166.029823 166.029188 166.028237 166.027602 166.026650 166.026016 166.025064 166.024429 166.023478 166.022843 166.021891 166.021257 166.020305 166.019670 166.018719 166.018084 166.017450 166.016815 166.015863 166.015229 166.014277 166.013642 166.012691 166.012056 166.011104 166.010470 166.009835 166.008883 166.008249 166.007614 166.006980 166.006663 166.006028 166.006028 166.006663 166.007932 166.013008 166.033947 
166.041667 166.040927 166.040293 166.039341 166.038706 166.037755 166.037120 166.036168 166.035534 166.034582 166.033947 166.032996 166.032361 166.031409 166.030775 166.029823 166.029188 166.028237 166.027602 166.026650 166.026016 166.025064 166.024429 166.023478 166.022843 166.021891 166.021257 166.020305 166.019670 166.018719 166.018084 166.017132 166.016498 166.015546 166.014911 166.013960 166.013325 166.012373 166.011739 166.010787 166.010152 166.009201 166.008566 166.007614 166.006980 166.006028 166.005394 166.004442 166.003807 166.002855 166.002221 166.001269 166.000635 166.000000 
0.000000 166.041562 166.040927 166.039975 166.039341 166.038389 166.037755 166.036803 166.036168 166.035216 166.034582 166.033947 166.032996 166.032361 166.031409 166.030775 166.029823 166.029188 166.028237 166.027602 166.026650 166.026016 166.025064 166.024429 166.023478 166.022843 166.021891 166.021257 166.020305 166.019670 166.018719 166.018084 166.017450 166.016815 166.015863 166.015229 166.014277 166.013642 166.012691 166.012056 166.011104 166.010470 166.009835 166.008883 166.008249 166.007614 166.006980 166.006663 166.006028 166.006028 166.006663 166.007932 166.013008 166.033947 
0.000000 0.000000 0.000000 0.000000 166.041244 166.040610 166.039658 166.039024 166.038389 166.037437 166.036803 166.035851 166.035216 166.034582 166.033630 166.032996 166.032361 166.031409 166.030775 166.030140 166.029188 166.028554 166.027919 166.026968 166.026333 166.025698 166.025064 166.024429 166.023795 166.023160 166.022526 166.021891 166.021574 166.020939 166.020305 166.019670 166.019353 166.018719 166.018401 166.018084 166.018084 166.018084 166.018401 166.018719 166.019353 166.020305 166.021891 166.024112 166.027602 166.032996 166.040927 0.000000 0.000000 0.000000 
0.000000 0.000000 0.000000 0.000000 0.000000 0.000000 0.000000 0.000000 166.041667 166.040927 166.040293 166.039658 166.039024 166.038389 166.038072 166.037437 166.036803 166.036168 166.035851 166.035216 166.034582 166.033947 166.033630 166.032996 166.032361 166.032044 166.031409 166.030775 166.030457 166.029823 166.029823 166.029823 166.029823 166.029823 166.030140 166.030775 166.031092 166.031409 166.032361 166.032996 166.034265 166.035851 166.037437 166.040293 0.000000 0.000000 0.000000 0.000000 0.000000 0.000000 0.000000 0.000000 0.000000 0.000000 
0.000000 0.000000 0.000000 0.000000 0.000000 0.000000 0.000000 0.000000 0.000000 0.000000 0.000000 0.000000 0.000000 0.000000 0.000000 0.000000 0.000000 0.000000 0.000000 0.000000 166.041562 166.041562 166.041562 166.041667 166.041667 166.041667 0.000000 0.000000 0.000000 0.000000 0.000000 0.000000 0.000000 0.000000 0.000000 0.000000 0.000000 0.000000 0.000000 0.000000 0.000000 0.000000 0.000000 0.000000 0.000000 0.000000 0.000000 0.000000 0.000000 0.000000 0.000000 0.000000 0.000000 0.000000 
