test/output/constant/M3M400_S060_A000_WD000.0_WS005.0/M3M400_S060_A000_WD000.0_WS005.0_ros.asc
ncols         60
nrows         14
xllcorner     420803.990666
yllcorner     12747755.311160
cellsize      100.000000
NODATA_value  0.000000
0.000000 0.000000 0.000000 0.000000 0.000000 0.000000 0.000000 0.000000 0.000000 0.000000 0.000000 0.000000 0.000000 0.000000 0.000000 0.000000 0.000000 0.000000 0.000000 0.000000 0.000000 0.000000 0.000000 0.000000 0.000000 0.000000 0.000000 0.000000 0.000000 0.000000 0.000000 0.000000 0.000000 0.000000 0.000000 0.000000 0.000000 67.526497 34.851925 34.851925 42.958691 34.851925 42.958691 34.851925 34.851925 51.274872 42.958691 27.200777 42.958691 34.851925 1.578936 0.000000 0.000000 0.000000 0.000000 0.000000 0.000000 0.000000 0.000000 0.000000 
0.000000 0.000000 0.000000 0.000000 0.000000 0.000000 0.000000 0.000000 0.000000 0.000000 0.000000 0.000000 0.000000 0.000000 0.000000 0.000000 0.000000 0.000000 0.000000 0.000000 0.000000 0.000000 0.000000 0.000000 0.000000 67.526497 34.851925 42.958691 42.958691 27.200777 59.547894 42.958691 34.851925 27.200777 42.958691 67.526497 59.547894 42.958691 34.851925 27.200777 34.851925 34.851925 42.958691 51.274872 34.851925 42.958691 34.851925 34.851925 51.274872 42.958691 42.958691 42.958691 42.958691 34.851925 34.851925 34.851925 1.578936 0.000000 0.000000 0.000000 
0.000000 0.000000 0.000000 0.000000 0.000000 0.000000 0.000000 0.000000 0.000000 0.000000 0.000000 0.000000 0.000000 0.000000 0.000000 0.000000 0.000000 0.000000 34.851925 67.526497 74.968361 67.526497 74.968361 67.526497 74.968361 59.547894 74.968361 51.274872 74.968361 42.958691 74.968361 42.958691 74.968361 74.968361 67.526497 74.968361 67.526497 74.968361 51.274872 67.526497 42.958691 51.274872 67.526497 34.851925 34.851925 59.547894 51.274872 51.274872 42.958691 51.274872 51.274872 42.958691 42.958691 34.851925 42.958691 51.274872 42.958691 1.578936 1.130712 0.000000 
0.000000 0.000000 0.000000 0.000000 0.000000 0.000000 0.000000 0.000000 0.000000 0.000000 0.000000 0.000000 0.000000 0.000000 59.547894 67.526497 51.274872 67.526497 51.274872 67.526497 34.851925 74.968361 67.526497 74.968361 67.526497 74.968361 67.526497 51.274872 67.526497 59.547894 67.526497 51.274872 67.526497 34.851925 74.968361 67.526497 74.968361 67.526497 74.968361 67.526497 74.968361 67.526497 59.547894 67.526497 74.968361 59.547894 74.968361 67.526497 67.526497 74.968361 67.526497 67.526497 74.968361 67.526497 97.650993 97.650993 97.650993 97.650993 -1.000000 1.159449 
0.000000 0.000000 0.000000 0.000000 0.000000 0.000000 0.000000 0.000000 0.000000 0.000000 51.274872 74.968361 59.547894 67.526497 74.968361 59.547894 74.968361 67.526497 74.968361 74.968361 34.851925 74.968361 74.968361 67.526497 67.526497 74.968361 67.526497 51.274872 91.935394 74.968361 34.851925 67.526497 74.968361 42.958691 67.526497 67.526497 67.526497 59.547894 67.526497 67.526497 97.650993 67.526497 97.650993 97.650993 59.547894 97.650993 67.526497 97.650993 97.650993 97.650993 97.650993 97.650993 97.650993 97.650993 97.650993 97.478539 66.774544 66.774544 2.082940 0.000000 
0.000000 0.000000 0.000000 0.000000 0.000000 0.000000 0.000000 67.526497 74.968361 74.968361 67.526497 34.851925 34.851925 74.968361 74.968361 67.526497 59.547894 67.526497 74.968361 74.968361 74.968361 81.647469 34.851925 59.547894 91.935394 67.526497 67.526497 74.968361 95.231796 34.851925 34.851925 67.526497 67.526497 59.547894 97.650993 67.526497 97.650993 97.650993 95.231796 97.650993 97.650993 97.650993 97.650993 97.650993 97.650993 97.650993 97.650993 97.650993 97.650993 97.650993 86.850571 66.774544 74.275513 66.774544 1.578936 66.774544 1.578936 1.159449 0.000000 0.000000 
0.000000 0.000000 0.000000 0.000000 0.000000 67.526497 74.968361 67.526497 51.274872 67.526497 74.968361 74.968361 67.526497 51.274872 67.526497 81.647469 67.526497 74.968361 67.526497 97.650993 67.526497 97.650993 97.150124 74.968361 59.547894 97.650993 42.958691 95.231796 97.650993 97.650993 97.650993 97.650993 97.650993 97.650993 97.650993 97.650993 97.650993 97.650993 97.650993 97.650993 97.650993 97.650993 97.650993 94.968483 97.650993 97.650993 97.650993 86.850571 91.542282 5.237993 5.237993 2.885011 5.237993 58.761261 1.578936 1.578936 1.578936 0.000000 0.000000 0.000000 
0.000000 0.000000 74.968361 51.274872 74.968361 27.200777 97.650993 51.274872 27.200777 74.968361 59.547894 67.526497 97.650993 51.274872 81.647469 67.526497 97.650993 42.958691 91.935394 59.547894 97.650993 97.650993 97.650993 97.650993 97.650993 97.650993 97.650993 97.650993 97.650993 97.650993 97.650993 97.650993 97.650993 97.650993 97.650993 97.650993 97.650993 97.650993 97.650993 97.650993 97.650993 91.542282 66.774544 74.275513 66.774544 66.774544 8.863339 66.774544 5.237993 1.578936 5.237993 2.885011 5.237993 66.774544 0.000000 0.000000 0.000000 0.000000 0.000000 0.000000 
0.000000 51.274872 67.526497 74.968361 67.526497 97.650993 95.231796 97.650993 67.526497 97.541306 97.650993 97.650993 97.650993 97.650993 97.650993 97.650993 97.650993 97.650993 97.650993 97.650993 97.650993 97.650993 97.650993 97.650993 97.650993 97.650993 97.650993 97.650993 97.650993 97.650993 91.542282 97.650993 97.650993 97.650993 97.650993 97.650993 74.275513 74.275513 74.275513 66.774544 66.774544 74.275513 66.774544 66.774544 74.275513 2.082940 66.774544 2.885011 66.774544 2.885011 66.774544 66.774544 0.000000 0.000000 0.000000 0.000000 0.000000 0.000000 0.000000 0.000000 
97.650993 97.650993 51.274872 97.650993 97.650993 97.650993 97.650993 97.650993 97.650993 97.650993 97.650993 97.650993 97.650993 97.650993 97.650993 97.650993 97.650993 97.650993 97.650993 97.650993 97.650993 97.650993 97.650993 97.650993 97.650993 97.650993 97.650993 97.650993 97.650993 97.650993 97.650993 94.968483 66.774544 5.237993 5.237993 5.237993 8.863339 66.774544 66.774544 66.774544 5.237993 66.774544 66.774544 66.774544 66.774544 2.082940 66.774544 5.237993 0.000000 0.000000 0.000000 0.000000 0.000000 0.000000 0.000000 0.000000 0.000000 0.000000 0.000000 0.000000 
97.650993 97.650993 97.650993 97.650993 97.650993 97.650993 97.650993 97.650993 97.650993 97.650993 97.650993 97.650993 97.650993 97.650993 97.650993 97.650993 97.650993 97.650993 97.650993 97.024979 97.650993 97.650993 97.650993 97.650993 97.650993 91.542282 66.774544 81.036049 66.774544 66.774544 66.774544 66.774544 86.850571 5.237993 66.774544 2.885011 5.237993 2.885011 74.275513 66.774544 74.275513 66.774544 5.237993 5.237993 0.000000 0.000000 0.000000 0.000000 0.000000 0.000000 0.000000 0.000000 0.000000 0.000000 0.000000 0.000000 0.000000 0.000000 0.000000 0.000000 
97.650993 97.650993 97.650993 97.650993 97.650993 97.650993 97.650993 97.650993 97.650993 97.650993 97.650993 97.650993 97.650993 97.650993 97.650993 97.650993 97.650993 97.650993 91.542282 97.650993 94.968483 74.275513 97.024979 66.774544 66.774544 66.774544 66.774544 66.774544 66.774544 66.774544 5.237993 66.774544 66.774544 5.237993 74.275513 5.237993 74.275513 8.863339 66.774544 0.000000 0.000000 0.000000 0.000000 0.000000 0.000000 0.000000 0.000000 0.000000 0.000000 0.000000 0.000000 0.000000 0.000000 0.000000 0.000000 0.000000 0.000000 0.000000 0.000000 0.000000 
0.000000 0.000000 97.650993 97.650993 97.650993 97.650993 97.650993 97.650993 97.650993 97.650993 97.650993 97.650993 94.968483 94.968483 97.650993 97.650993 74.275513 86.850571 66.774544 66.774544 66.774544 74.275513 8.863339 66.774544 66.774544 66.774544 66.774544 66.774544 66.774544 66.774544 66.774544 66.774544 2.885011 66.774544 0.000000 0.000000 0.000000 0.000000 0.000000 0.000000 0.000000 0.000000 0.000000 0.000000 0.000000 0.000000 0.000000 0.000000 0.000000 0.000000 0.000000 0.000000 0.000000 0.000000 0.000000 0.000000 0.000000 0.000000 0.000000 0.000000 
0.000000 0.000000 0.000000 0.000000 0.000000 0.000000 91.542282 97.650993 97.650993 81.036049 97.650993 91.542282 66.774544 66.774544 5.237993 97.650993 91.542282 86.850571 66.774544 2.885011 66.774544 66.774544 66.774544 66.774544 5.237993 2.885011 0.000000 0.000000 0.000000 0.000000 0.000000 0.000000 0.000000 0.000000 0.000000 0.000000 0.000000 0.000000 0.000000 0.000000 0.000000 0.000000 0.000000 0.000000 0.000000 0.000000 0.000000 0.000000 0.000000 0.000000 0.000000 0.000000 0.000000 0.000000 0.000000 0.000000 0.000000 0.000000 0.000000 0.000000 
