test/output/constant/M3M465_S000_A270_WD000.0_WS040.0/M3M465_S000_A270_WD000.0_WS040.0_arrival.asc
ncols         9
nrows         38
xllcorner     426203.990666
yllcorner     12745055.311160
cellsize      100.000000
NODATA_value  0.000000
0.000000 0.000000 0.000000 166.016652 166.000000 166.016652 0.000000 0.000000 0.000000 
0.000000 0.000000 0.000000 166.008101 166.000900 166.008101 0.000000 0.000000 0.000000 
0.000000 0.000000 166.033754 166.006301 166.001800 166.006301 166.033754 0.000000 0.000000 
0.000000 0.000000 166.025653 166.006301 166.003150 166.006301 166.025653 0.000000 0.000000 
0.000000 0.000000 166.022503 166.006301 166.004050 166.006301 166.022503 0.000000 0.000000 
0.000000 0.000000 166.019802 166.007201 166.005401 166.007201 166.019802 0.000000 0.000000 
0.000000 166.039605 166.018902 166.008101 166.006301 166.008101 166.018902 166.039605 0.000000 
0.000000 166.036454 166.018002 166.009001 166.007651 166.009001 166.018002 166.036454 0.000000 
0.000000 166.033754 166.018002 166.009901 166.008551 166.009901 166.018002 166.033754 0.000000 
0.000000 166.032404 166.018002 166.010801 166.009901 166.010801 166.018002 166.032404 0.000000 
0.000000 166.031054 166.018002 166.011701 166.010801 166.011701 166.018002 166.031054 0.000000 
0.000000 166.030603 166.018452 166.013051 166.012151 166.013051 166.018452 166.030603 0.000000 
0.000000 166.030153 166.018902 166.013952 166.013051 166.013952 166.018902 166.030153 0.000000 
0.000000 166.029703 166.019802 166.015302 166.014402 166.015302 166.019802 166.029703 0.000000 
0.000000 166.029703 166.020702 166.016202 166.015302 166.016202 166.020702 166.029703 0.000000 
0.000000 166.029253 166.021602 166.017552 166.016652 166.017552 166.021602 166.029253 0.000000 
0.000000 166.029703 166.022053 166.018452 166.017552 166.018452 166.022053 166.029703 0.000000 
166.041667 166.029703 166.022953 166.019802 166.018902 166.019802 166.022953 166.029703 166.041667 
166.041405 166.030603 166.023853 166.020702 166.019802 166.020702 166.023853 166.030603 166.041405 
166.041405 166.031054 166.024753 166.021602 166.021152 166.021602 166.024753 166.031054 166.041405 
166.040955 166.031954 166.025653 166.022953 166.022053 166.022953 166.025653 166.031954 166.040955 
166.040955 166.032404 166.026553 166.023853 166.023403 166.023853 166.026553 166.032404 166.040955 
166.041405 166.033304 166.027903 166.025203 166.024303 166.025203 166.027903 166.033304 166.041405 
166.041405 166.034204 166.028803 166.026103 166.025653 166.026103 166.028803 166.034204 166.041405 
166.041667 166.034654 166.029703 166.027003 166.026553 166.027003 166.029703 166.034654 166.041667 
0.000000 166.035554 166.030603 166.028353 166.027903 166.028353 166.030603 166.035554 0.000000 
0.000000 166.036454 166.031954 166.029253 166.028803 166.029253 166.031954 166.036454 0.000000 
0.000000 166.037354 166.032854 166.030603 166.030153 166.030603 166.032854 166.037354 0.000000 
0.000000 166.038254 166.033754 166.031504 166.031054 166.031504 166.033754 166.038254 0.000000 
0.000000 166.039154 166.035104 166.032854 166.032404 166.032854 166.035104 166.039154 0.000000 
0.000000 166.040055 166.036004 166.033754 166.033304 166.033754 166.036004 166.040055 0.000000 
0.000000 166.040955 166.037354 166.035104 166.034654 166.035104 166.037354 166.040955 0.000000 
0.000000 166.041667 166.038254 166.036004 166.035554 166.036004 166.038254 166.041667 0.000000 
0.000000 0.000000 166.039154 166.037354 166.036904 166.037354 166.039154 0.000000 0.000000 
0.000000 0.000000 166.040505 166.038254 166.037804 166.038254 166.040505 0.000000 0.000000 
0.000000 0.000000 166.041405 166.039154 166.039154 166.039154 166.041405 0.000000 0.000000 
0.000000 0.000000 0.000000 166.040505 166.040055 166.040505 0.000000 0.000000 0.000000 
0.000000 0.000000 0.000000 166.041405 166.041405 166.041405 0.000000 0.000000 0.000000 
