test/output/constant/M3M495_S060_A000_WD225.0_WS010.0/M3M495_S060_A000_WD225.0_WS010.0_arrival.asc
ncols         44
nrows         14
xllcorner     422403.990666
yllcorner     12748555.311160
cellsize      100.000000
NODATA_value  0.000000
0.000000 0.000000 0.000000 166.041469 166.041082 166.040694 166.040307 166.040307 166.039919 166.039919 166.040307 166.040307 166.040307 166.040694 166.041082 166.041469 0.000000 0.000000 0.000000 0.000000 0.000000 0.000000 0.000000 0.000000 0.000000 0.000000 0.000000 0.000000 0.000000 0.000000 0.000000 0.000000 0.000000 0.000000 0.000000 0.000000 0.000000 0.000000 0.000000 0.000000 0.000000 0.000000 0.000000 0.000000 
0.000000 166.041082 166.040694 166.039919 166.039144 166.038369 166.037981 166.037594 166.037206 166.036819 166.036431 166.036431 166.036431 166.036431 166.036431 166.036431 166.036819 166.037206 166.037981 166.038369 166.039532 166.041082 0.000000 0.000000 0.000000 0.000000 0.000000 0.000000 0.000000 0.000000 0.000000 0.000000 0.000000 0.000000 0.000000 0.000000 0.000000 0.000000 0.000000 0.000000 0.000000 0.000000 0.000000 0.000000 
166.041667 166.040694 166.039919 166.038756 166.037981 166.037206 166.036431 166.035656 166.034881 166.034493 166.033718 166.033331 166.032943 166.032555 166.032555 166.032555 166.032555 166.032555 166.032943 166.032943 166.033718 166.034106 166.034881 166.036044 166.037594 166.039532 0.000000 0.000000 0.000000 0.000000 0.000000 0.000000 0.000000 0.000000 0.000000 0.000000 0.000000 0.000000 0.000000 0.000000 0.000000 0.000000 0.000000 0.000000 
166.041667 166.040694 166.039919 166.038756 166.037594 166.036819 166.035656 166.034881 166.034106 166.032943 166.032168 166.031393 166.031005 166.030230 166.029842 166.029455 166.029067 166.028680 166.028680 166.028680 166.028680 166.029067 166.029455 166.029842 166.030230 166.031393 166.032943 166.034881 166.037981 166.041082 0.000000 0.000000 0.000000 0.000000 0.000000 0.000000 0.000000 0.000000 0.000000 0.000000 0.000000 0.000000 0.000000 0.000000 
0.000000 166.041082 166.039919 166.038756 166.037981 166.036819 166.035656 166.034881 166.033718 166.032555 166.031780 166.030618 166.029842 166.029067 166.027905 166.027517 166.026742 166.025967 166.025579 166.025192 166.024804 166.024804 166.024804 166.025192 166.025192 166.025579 166.025967 166.027130 166.028292 166.030230 166.032943 166.036431 166.040307 0.000000 0.000000 0.000000 0.000000 0.000000 0.000000 0.000000 0.000000 0.000000 0.000000 0.000000 
0.000000 0.000000 166.041082 166.039919 166.038756 166.037594 166.036044 166.034881 166.033718 166.032943 166.031780 166.030618 166.029842 166.028680 166.027905 166.026742 166.025579 166.024804 166.024029 166.023254 166.022479 166.022091 166.021704 166.021316 166.020928 166.020928 166.021316 166.021316 166.021704 166.022479 166.023641 166.025579 166.028292 166.031780 166.036044 0.000000 0.000000 0.000000 0.000000 0.000000 0.000000 0.000000 0.000000 0.000000 
0.000000 0.000000 0.000000 166.041469 166.040307 166.038756 166.037594 166.036044 166.034881 166.033718 166.032555 166.031393 166.030230 166.028680 166.027905 166.026742 166.025579 166.024804 166.023641 166.022866 166.021704 166.020928 166.019766 166.018991 166.018603 166.017828 166.017440 166.017440 166.017440 166.017440 166.017440 166.018216 166.018991 166.020541 166.023254 166.027130 166.032168 166.039144 0.000000 0.000000 0.000000 0.000000 0.000000 0.000000 
0.000000 0.000000 0.000000 0.000000 0.000000 166.041469 166.039919 166.038369 166.037206 166.035656 166.034106 166.032555 166.031393 166.029842 166.028680 166.027517 166.026354 166.025192 166.023641 166.022866 166.021704 166.020541 166.019766 166.018603 166.017828 166.016665 166.015890 166.015115 166.014340 166.013952 166.013565 166.013565 166.013565 166.013952 166.014340 166.015890 166.018603 166.022866 166.028680 166.037206 0.000000 0.000000 0.000000 0.000000 
0.000000 0.000000 0.000000 0.000000 0.000000 0.000000 0.000000 166.041469 166.039919 166.038369 166.036819 166.035656 166.034106 166.032555 166.031005 166.029455 166.027905 166.026742 166.025192 166.024029 166.022479 166.021316 166.020153 166.018991 166.017828 166.016665 166.015890 166.014727 166.013565 166.012790 166.011627 166.010852 166.010077 166.009689 166.009689 166.009689 166.010077 166.011239 166.013952 166.018991 166.027130 166.039919 0.000000 0.000000 
0.000000 0.000000 0.000000 0.000000 0.000000 0.000000 0.000000 0.000000 0.000000 0.000000 166.040694 166.039144 166.037594 166.036044 166.034106 166.032555 166.031005 166.029455 166.027905 166.026354 166.024804 166.023641 166.022091 166.020541 166.018991 166.017828 166.016278 166.015115 166.013952 166.012790 166.011627 166.010852 166.009689 166.008526 166.007751 166.006589 166.006201 166.005813 166.005813 166.006589 166.009302 166.016665 166.031780 0.000000 
0.000000 0.000000 0.000000 0.000000 0.000000 0.000000 0.000000 0.000000 0.000000 0.000000 0.000000 0.000000 0.000000 166.040694 166.038756 166.037206 166.035656 166.033718 166.032168 166.030618 166.028680 166.027130 166.025579 166.024029 166.022479 166.020541 166.018991 166.017440 166.015890 166.014340 166.012790 166.011627 166.010077 166.008914 166.007751 166.006589 166.005813 166.004651 166.003876 166.002713 166.001938 166.001938 166.006589 166.034106 
0.000000 0.000000 0.000000 0.000000 0.000000 0.000000 0.000000 0.000000 0.000000 0.000000 0.000000 0.000000 0.000000 0.000000 0.000000 0.000000 166.041082 166.039144 166.037594 166.036044 166.034106 166.032555 166.030618 166.029067 166.027130 166.025579 166.024029 166.022091 166.020541 166.018603 166.017053 166.015503 166.013565 166.012015 166.010464 166.008526 166.006976 166.005426 166.003876 166.002713 166.001550 166.000775 166.000000 166.025192 
0.000000 0.000000 0.000000 0.000000 0.000000 0.000000 0.000000 0.000000 0.000000 0.000000 0.000000 0.000000 0.000000 0.000000 0.000000 0.000000 0.000000 0.000000 0.000000 0.000000 0.000000 166.041469 166.039532 166.037981 166.036044 166.034493 166.032555 166.031005 166.029067 166.027517 166.025967 166.024029 166.022866 166.020928 166.019378 166.017828 166.016278 166.014727 166.013177 166.012015 166.011627 166.012015 166.015115 166.037206 
0.000000 0.000000 0.000000 0.000000 0.000000 0.000000 0.000000 0.000000 0.000000 0.000000 0.000000 0.000000 0.000000 0.000000 0.000000 0.000000 0.000000 0.000000 0.000000 0.000000 0.000000 0.000000 0.000000 0.000000 0.000000 0.000000 0.000000 0.000000 166.041469 166.040307 166.038369 166.037206 166.036044 166.034881 166.034106 166.033331 166.032943 166.032943 166.033331 166.033718 166.036819 0.000000 0.000000 0.000000 
