test/output/constant/M3M495_S060_A000_WD225.0_WS010.0/M3M495_S060_A000_WD225.0_WS010.0_intensity.asc
ncols         44
nrows         14
xllcorner     422403.990666
yllcorner     12748555.311160
cellsize      100.000000
NODATA_value  0.000000
0 0 0 64431 64431 64431 64431 53072 60089 62432 4168 48612 48612 43692 48612 43692 0 0 0 0 0 0 0 0 0 0 0 0 0 0 0 0 0 0 0 0 0 0 0 0 0 0 0 0 
0 64431 62432 63895 60089 64431 64431 64431 64431 64431 60089 53072 48612 53072 48612 43692 43692 43692 2675 48612 43692 4168 0 0 0 0 0 0 0 0 0 0 0 0 0 0 0 0 0 0 0 0 0 0 
63895 64431 64431 64273 64431 64431 64273 62432 64431 64431 64431 64431 64431 64431 53072 53072 53072 48612 2675 48612 4168 43692 48612 43692 43692 43692 0 0 0 0 0 0 0 0 0 0 0 0 0 0 0 0 0 0 
64431 64431 64431 64273 64431 64431 63895 64431 53072 64273 63895 64431 64431 64431 64431 64273 62432 60089 53072 53072 48612 43692 48612 48612 43692 48612 43692 6445 4168 2183 0 0 0 0 0 0 0 0 0 0 0 0 0 0 
0 39527 34153 64431 64431 62805 64431 64431 64431 64431 64431 60089 64431 64431 64431 64431 64431 62432 64431 64431 62432 53072 53072 6445 43692 43692 48612 4168 43692 4168 48612 2675 2675 0 0 0 0 0 0 0 0 0 0 0 
0 0 62805 34153 39527 57642 64431 44714 64431 39527 64431 64431 64431 64431 64431 64431 64431 64431 64431 64431 64431 64431 64431 60089 56937 60089 48612 43692 43692 43692 48612 1504 4168 2675 38462 0 0 0 0 0 0 0 0 0 
0 0 0 62805 39527 64431 34153 62805 60637 44714 34153 53911 57642 64431 64431 64431 64431 64431 64431 64431 64431 64431 64431 64431 64431 64431 63895 48612 48612 53072 48612 1846 43692 43692 43692 43692 2183 1846 0 0 0 0 0 0 
0 0 0 0 0 39527 39527 39527 39527 39527 39527 49558 39527 53911 57642 39527 39527 49558 64431 64431 64431 64431 64431 64431 64431 64431 64431 60089 64431 64431 62432 53072 53072 4168 48612 6445 43692 4168 43692 2183 0 0 0 0 
0 0 0 0 0 0 0 39527 39527 34153 62805 39527 39527 39527 39527 34153 53911 34153 34153 44714 44714 39527 34153 44714 64431 64431 64431 64431 64431 64431 63895 64431 64431 64431 53072 53072 43692 4168 43692 2675 2183 1846 0 0 
0 0 0 0 0 0 0 0 0 0 39527 34153 39527 39527 39527 34153 39527 39527 34153 34153 39527 34153 34153 34153 34153 44714 49558 39527 34153 64431 64431 64431 64431 64431 53072 64431 64431 64273 43692 6445 2675 1846 1504 0 
0 0 0 0 0 0 0 0 0 0 0 0 0 34153 39527 39527 39527 44714 34153 34153 60637 34153 34153 34153 34153 39527 34153 34153 34153 34153 44714 34153 34153 53911 64431 64431 64431 64431 64431 64431 56937 53072 1846 1504 
0 0 0 0 0 0 0 0 0 0 0 0 0 0 0 0 34153 39527 34153 34153 34153 39527 39527 39527 34153 34153 39527 39527 39527 44714 39527 34153 34153 34153 39527 39527 39527 39527 39527 44714 64431 64431 0 1846 
0 0 0 0 0 0 0 0 0 0 0 0 0 0 0 0 0 0 0 0 0 34153 34153 39527 34153 39527 39527 34153 39527 34153 34153 34153 34153 34153 39527 34153 34153 34153 34153 14029 18540 23499 1239 1301 
0 0 0 0 0 0 0 0 0 0 0 0 0 0 0 0 0 0 0 0 0 0 0 0 0 0 0 0 34153 34153 34153 34153 34153 34153 34153 34153 23499 18540 23499 18540 14029 0 0 0 
