test/output/constant/M3M465_S060_A090_WD225.0_WS015.0/M3M465_S060_A090_WD225.0_WS015.0_ros.asc
ncols         12
nrows         24
xllcorner     426503.990666
yllcorner     12746555.311160
cellsize      100.000000
NODATA_value  0.000000
1.313487 1.445948 1.615948 0.000000 0.000000 0.000000 0.000000 0.000000 0.000000 0.000000 0.000000 0.000000 
1.313487 -1.000000 1.615948 1.863390 0.000000 0.000000 0.000000 0.000000 0.000000 0.000000 0.000000 0.000000 
6.023267 39.191364 39.191364 21.726978 2.210744 0.000000 0.000000 0.000000 0.000000 0.000000 0.000000 0.000000 
8.203872 39.191364 39.191364 35.438732 21.726978 1.863390 0.000000 0.000000 0.000000 0.000000 0.000000 0.000000 
8.203872 36.208981 39.191364 30.758764 27.931137 1.863390 0.000000 0.000000 0.000000 0.000000 0.000000 0.000000 
10.751168 31.848604 39.191364 38.365288 39.191364 27.931137 24.889818 0.000000 0.000000 0.000000 0.000000 0.000000 
8.203872 23.025646 39.174644 39.191364 30.758764 39.050903 1.863390 1.863390 0.000000 0.000000 0.000000 0.000000 
10.751168 29.130426 38.718094 39.191364 38.365288 27.931137 2.210744 27.931137 0.000000 0.000000 0.000000 0.000000 
0.000000 10.751168 39.191364 39.191364 39.191364 39.191364 38.365288 27.931137 24.889818 0.000000 0.000000 0.000000 
0.000000 13.593135 8.203872 39.191364 39.191364 38.365288 35.438732 39.191364 2.210744 0.000000 0.000000 0.000000 
0.000000 16.647089 23.025646 39.191364 39.191364 39.191364 39.191364 33.286892 27.931137 0.000000 0.000000 0.000000 
0.000000 19.822813 29.130426 39.191364 39.191364 39.191364 38.365288 2.210744 27.931137 39.050903 0.000000 0.000000 
0.000000 0.000000 10.751168 38.718094 39.191364 39.191364 39.191364 39.191364 35.438732 27.931137 0.000000 0.000000 
0.000000 0.000000 31.848604 31.848604 39.191364 39.191364 37.148876 39.050903 39.191364 39.191364 27.931137 0.000000 
0.000000 0.000000 10.751168 29.130426 39.191364 39.191364 39.191364 39.191364 39.191364 35.438732 39.050903 0.000000 
0.000000 0.000000 0.000000 34.232113 39.191364 29.130426 39.191364 39.191364 39.191364 39.191364 39.191364 0.000000 
0.000000 0.000000 0.000000 34.232113 34.232113 39.191364 39.191364 39.191364 37.148876 39.191364 39.191364 0.000000 
0.000000 0.000000 0.000000 0.000000 31.848604 6.023267 39.191364 37.148876 39.191364 38.365288 39.191364 7.385426 
0.000000 0.000000 0.000000 0.000000 34.232113 36.208981 39.191364 39.191364 39.191364 39.191364 35.438732 39.191364 
0.000000 0.000000 0.000000 0.000000 0.000000 34.232113 31.848604 39.191364 39.191364 39.191364 38.365288 38.365288 
0.000000 0.000000 0.000000 0.000000 0.000000 0.000000 39.191364 39.191364 39.191364 39.191364 39.191364 39.191364 
0.000000 0.000000 0.000000 0.000000 0.000000 0.000000 36.208981 29.130426 39.191364 39.191364 39.191364 39.191364 
0.000000 0.000000 0.000000 0.000000 0.000000 0.000000 0.000000 39.174644 39.191364 39.191364 39.191364 39.191364 
0.000000 0.000000 0.000000 0.000000 0.000000 0.000000 0.000000 0.000000 0.000000 39.191364 39.191364 0.000000 
