test/output/constant/M390_S060_A270_WD000.0_WS050.0/M390_S060_A270_WD000.0_WS050.0_arrival.asc
ncols         13
nrows         19
xllcorner     426003.990666
yllcorner     12747355.311160
cellsize      100.000000
NODATA_value  0.000000
0.000000 0.000000 0.000000 0.000000 166.040534 166.038218 166.037059 166.038218 166.040534 0.000000 0.000000 0.000000 0.000000 
0.000000 0.000000 0.000000 166.039376 166.032427 166.027795 166.026636 166.027795 166.032427 166.039376 0.000000 0.000000 0.000000 
0.000000 0.000000 166.041667 166.032427 166.024320 166.017372 166.016214 166.017372 166.024320 166.032427 166.041667 0.000000 0.000000 
0.000000 0.000000 166.035901 166.026636 166.017372 166.008107 166.005791 166.008107 166.017372 166.026636 166.035901 0.000000 0.000000 
0.000000 166.041667 166.032427 166.023162 166.012739 166.004632 166.000000 166.004632 166.012739 166.023162 166.032427 166.041667 0.000000 
0.000000 166.038218 166.028953 166.020846 166.011581 166.004632 166.002316 166.004632 166.011581 166.020846 166.028953 166.038218 0.000000 
0.000000 166.035901 166.027795 166.019688 166.011581 166.005791 166.004632 166.005791 166.011581 166.019688 166.027795 166.035901 0.000000 
0.000000 166.034743 166.026636 166.019688 166.012739 166.008107 166.008107 166.008107 166.012739 166.019688 166.026636 166.034743 0.000000 
0.000000 166.034743 166.026636 166.019688 166.013897 166.011581 166.010423 166.011581 166.013897 166.019688 166.026636 166.034743 0.000000 
166.041667 166.034743 166.026636 166.020846 166.016214 166.013897 166.013897 166.013897 166.016214 166.020846 166.026636 166.034743 166.041667 
166.041667 166.034743 166.027795 166.023162 166.018530 166.017372 166.016214 166.017372 166.018530 166.023162 166.027795 166.034743 166.041667 
166.041667 166.035901 166.028953 166.024320 166.020846 166.019688 166.019688 166.019688 166.020846 166.024320 166.028953 166.035901 166.041667 
0.000000 166.035901 166.031269 166.026636 166.024320 166.022004 166.022004 166.022004 166.024320 166.026636 166.031269 166.035901 0.000000 
0.000000 166.038218 166.032427 166.028953 166.026636 166.025478 166.025478 166.025478 166.026636 166.028953 166.032427 166.038218 0.000000 
0.000000 166.039376 166.034743 166.031269 166.030111 166.027795 166.027795 166.027795 166.030111 166.031269 166.034743 166.039376 0.000000 
0.000000 166.041667 166.037059 166.034743 166.032427 166.031269 166.031269 166.031269 166.032427 166.034743 166.037059 166.041667 0.000000 
0.000000 0.000000 166.039376 166.037059 166.034743 166.033585 166.033585 166.033585 166.034743 166.037059 166.039376 0.000000 0.000000 
0.000000 0.000000 0.000000 166.039376 166.038218 166.037059 166.037059 166.037059 166.038218 166.039376 0.000000 0.000000 0.000000 
0.000000 0.000000 0.000000 0.000000 166.040534 166.039376 166.039376 166.039376 166.040534 0.000000 0.000000 0.000000 0.000000 
