test/output/constant/M3M475_S060_A270_WD045.0_WS020.0/M3M475_S060_A270_WD045.0_WS020.0_ros.asc
ncols         16
nrows         24
xllcorner     425203.990666
yllcorner     12748655.311160
cellsize      100.000000
NODATA_value  0.000000
43.048065 43.048065 43.048065 43.048065 0.000000 0.000000 0.000000 0.000000 0.000000 0.000000 0.000000 0.000000 0.000000 0.000000 0.000000 0.000000 
43.048065 43.048065 43.048065 32.232952 42.574341 37.758282 0.000000 0.000000 0.000000 0.000000 0.000000 0.000000 0.000000 0.000000 0.000000 0.000000 
43.048065 43.048065 43.048065 43.048065 29.006445 29.006445 9.382339 0.000000 0.000000 0.000000 0.000000 0.000000 0.000000 0.000000 0.000000 0.000000 
42.097836 43.048065 43.048065 43.048065 15.302350 9.382339 35.179832 6.967260 0.000000 0.000000 0.000000 0.000000 0.000000 0.000000 0.000000 0.000000 
38.851128 36.482124 43.048065 43.048065 41.512188 39.890522 35.179832 9.382339 12.186234 0.000000 0.000000 0.000000 0.000000 0.000000 0.000000 0.000000 
0.000000 43.048065 43.048065 40.742180 43.048065 43.048065 37.758282 12.186234 9.382339 0.000000 0.000000 0.000000 0.000000 0.000000 0.000000 0.000000 
0.000000 3.202407 43.048065 43.048065 43.048065 39.890522 43.044960 12.186234 5.002180 6.967260 0.000000 0.000000 0.000000 0.000000 0.000000 0.000000 
0.000000 36.482124 43.048065 43.048065 43.048065 43.048065 43.048065 37.758282 5.002180 12.186234 12.186234 0.000000 0.000000 0.000000 0.000000 0.000000 
0.000000 0.000000 36.482124 38.851128 43.048065 43.048065 43.048065 39.890522 6.967260 12.186234 22.107834 0.000000 0.000000 0.000000 0.000000 0.000000 
0.000000 0.000000 4.398447 38.851128 38.851128 43.048065 43.048065 43.048065 43.044960 6.967260 12.186234 9.382339 0.000000 0.000000 0.000000 0.000000 
0.000000 0.000000 27.284908 6.078733 33.707050 43.048065 43.048065 43.044960 43.048065 29.006445 12.186234 18.642006 18.642006 0.000000 0.000000 0.000000 
0.000000 0.000000 0.000000 30.610050 4.398447 40.742180 43.048065 43.048065 43.048065 12.186234 5.002180 5.002180 12.186234 0.000000 0.000000 0.000000 
0.000000 0.000000 0.000000 6.078733 6.078733 4.398447 40.742180 43.048065 43.048065 43.048065 35.179832 15.302350 22.107834 9.382339 0.000000 0.000000 
0.000000 0.000000 0.000000 0.000000 6.078733 6.078733 6.078733 36.482124 43.048065 43.048065 6.967260 6.967260 5.002180 12.186234 0.000000 0.000000 
0.000000 0.000000 0.000000 0.000000 0.000000 27.284908 36.482124 40.742180 43.048065 43.048065 43.048065 12.186234 12.186234 9.382339 5.002180 0.000000 
0.000000 0.000000 0.000000 0.000000 0.000000 4.398447 4.398447 33.707050 6.078733 43.048065 43.048065 43.044960 12.186234 22.107834 9.382339 0.000000 
0.000000 0.000000 0.000000 0.000000 0.000000 0.000000 3.202407 3.202407 36.482124 40.742180 43.048065 43.048065 3.527122 9.382339 9.382339 0.000000 
0.000000 0.000000 0.000000 0.000000 0.000000 0.000000 0.000000 4.398447 6.078733 30.610050 43.048065 43.048065 32.232952 6.967260 9.382339 0.000000 
0.000000 0.000000 0.000000 0.000000 0.000000 0.000000 0.000000 4.398447 3.202407 6.078733 36.482124 43.048065 43.048065 12.186234 15.302350 9.382339 
0.000000 0.000000 0.000000 0.000000 0.000000 0.000000 0.000000 0.000000 3.202407 4.398447 6.078733 42.097836 43.048065 35.179832 9.382339 5.002180 
0.000000 0.000000 0.000000 0.000000 0.000000 0.000000 0.000000 0.000000 0.000000 3.202407 4.398447 27.284908 43.048065 43.048065 5.002180 5.002180 
0.000000 0.000000 0.000000 0.000000 0.000000 0.000000 0.000000 0.000000 0.000000 0.000000 4.398447 3.202407 30.610050 43.048065 43.048065 6.967260 
0.000000 0.000000 0.000000 0.000000 0.000000 0.000000 0.000000 0.000000 0.000000 0.000000 0.000000 3.202407 4.398447 3.202407 -1.000000 5.002180 
0.000000 0.000000 0.000000 0.000000 0.000000 0.000000 0.000000 0.000000 0.000000 0.000000 0.000000 0.000000 0.000000 2.615845 1.961471 1.536489 
