test/output/constant/M3M475_S060_A270_WD045.0_WS020.0/M3M475_S060_A270_WD045.0_WS020.0_arrival.asc
ncols         16
nrows         24
xllcorner     425203.990666
yllcorner     12748655.311160
cellsize      100.000000
NODATA_value  0.000000
166.041667 166.040666 166.040666 166.040666 0.000000 0.000000 0.000000 0.000000 0.000000 0.000000 0.000000 0.000000 0.000000 0.000000 0.000000 0.000000 
166.041282 166.039434 166.038817 166.038817 166.039434 166.041282 0.000000 0.000000 0.000000 0.000000 0.000000 0.000000 0.000000 0.000000 0.000000 0.000000 
166.040666 166.038201 166.036969 166.036969 166.036969 166.038201 166.041282 0.000000 0.000000 0.000000 0.000000 0.000000 0.000000 0.000000 0.000000 0.000000 
166.040666 166.037585 166.035737 166.035120 166.035120 166.035737 166.037585 166.041282 0.000000 0.000000 0.000000 0.000000 0.000000 0.000000 0.000000 0.000000 
166.041282 166.037585 166.035120 166.033272 166.033272 166.033272 166.034504 166.037585 166.041667 0.000000 0.000000 0.000000 0.000000 0.000000 0.000000 0.000000 
0.000000 166.038201 166.035120 166.032040 166.031424 166.031424 166.031424 166.033888 166.037585 0.000000 0.000000 0.000000 0.000000 0.000000 0.000000 0.000000 
0.000000 166.038817 166.035120 166.032040 166.029575 166.029575 166.029575 166.030807 166.033888 166.038817 0.000000 0.000000 0.000000 0.000000 0.000000 0.000000 
0.000000 166.040050 166.035120 166.032040 166.028959 166.027727 166.027111 166.027727 166.030191 166.033888 166.040050 0.000000 0.000000 0.000000 0.000000 0.000000 
0.000000 0.000000 166.036353 166.032040 166.028959 166.026494 166.025262 166.025262 166.027111 166.030191 166.035120 0.000000 0.000000 0.000000 0.000000 0.000000 
0.000000 0.000000 166.038817 166.032656 166.028959 166.025878 166.024030 166.023414 166.024030 166.026494 166.030807 166.037585 0.000000 0.000000 0.000000 0.000000 
0.000000 0.000000 166.041282 166.035120 166.029575 166.025878 166.022798 166.021565 166.021565 166.022798 166.026494 166.032040 166.040666 0.000000 0.000000 0.000000 
0.000000 0.000000 0.000000 166.037585 166.031424 166.026494 166.022798 166.020333 166.019717 166.020333 166.022798 166.027727 166.035120 0.000000 0.000000 0.000000 
0.000000 0.000000 0.000000 166.041282 166.033888 166.027727 166.022798 166.019717 166.017868 166.017868 166.019101 166.022798 166.029575 166.040050 0.000000 0.000000 
0.000000 0.000000 0.000000 0.000000 166.037585 166.030191 166.024030 166.019717 166.017252 166.016020 166.016636 166.019101 166.024646 166.033888 0.000000 0.000000 
0.000000 0.000000 0.000000 0.000000 0.000000 166.033272 166.025878 166.020333 166.016636 166.014788 166.014171 166.015404 166.019717 166.028343 166.040666 0.000000 
0.000000 0.000000 0.000000 0.000000 0.000000 166.039434 166.029575 166.022181 166.017252 166.013555 166.012323 166.012323 166.015404 166.022181 166.034504 0.000000 
0.000000 0.000000 0.000000 0.000000 0.000000 0.000000 166.035737 166.025878 166.018484 166.013555 166.011091 166.010475 166.011707 166.017252 166.028343 0.000000 
0.000000 0.000000 0.000000 0.000000 0.000000 0.000000 0.000000 166.032040 166.022181 166.014788 166.011091 166.008626 166.008626 166.012323 166.022181 0.000000 
0.000000 0.000000 0.000000 0.000000 0.000000 0.000000 0.000000 166.041282 166.028343 166.017868 166.011091 166.008010 166.006778 166.008010 166.015404 166.036353 
0.000000 0.000000 0.000000 0.000000 0.000000 0.000000 0.000000 0.000000 166.038201 166.024646 166.014171 166.008010 166.004929 166.004929 166.009858 166.030807 
0.000000 0.000000 0.000000 0.000000 0.000000 0.000000 0.000000 0.000000 0.000000 166.036353 166.021565 166.009858 166.004929 166.003081 166.004313 166.024646 
0.000000 0.000000 0.000000 0.000000 0.000000 0.000000 0.000000 0.000000 0.000000 0.000000 166.035120 166.019101 166.006161 166.001848 166.001232 166.021565 
0.000000 0.000000 0.000000 0.000000 0.000000 0.000000 0.000000 0.000000 0.000000 0.000000 0.000000 166.035737 166.017868 166.002465 166.000000 166.020333 
0.000000 0.000000 0.000000 0.000000 0.000000 0.000000 0.000000 0.000000 0.000000 0.000000 0.000000 0.000000 0.000000 166.027111 166.020333 166.032656 
