test/output/constant/M365_S060_A270_WD225.0_WS005.0/M365_S060_A270_WD225.0_WS005.0_arrival.asc
ncols         9
nrows         41
xllcorner     426403.990666
yllcorner     12748755.311160
cellsize      100.000000
NODATA_value  0.000000
0.000000 0.000000 0.000000 0.000000 0.000000 166.041604 166.041604 0.000000 0.000000 
0.000000 0.000000 0.000000 0.000000 166.041188 166.040356 166.040772 166.041667 0.000000 
0.000000 0.000000 0.000000 166.041604 166.039939 166.039523 166.039523 166.041188 0.000000 
0.000000 0.000000 0.000000 166.040356 166.038691 166.038275 166.038691 166.040356 0.000000 
0.000000 0.000000 0.000000 166.039523 166.037443 166.037443 166.037443 166.039523 0.000000 
0.000000 0.000000 166.041188 166.038275 166.036611 166.036195 166.036611 166.038691 166.041604 
0.000000 0.000000 166.039939 166.037027 166.035363 166.035363 166.035779 166.037859 166.041188 
0.000000 0.000000 166.038691 166.035779 166.034115 166.034115 166.034947 166.037027 166.040772 
0.000000 0.000000 166.037443 166.034531 166.033283 166.033283 166.034115 166.036195 166.040356 
0.000000 166.041188 166.036195 166.033283 166.032035 166.032035 166.033283 166.035779 166.039939 
0.000000 166.039939 166.034947 166.032035 166.031203 166.031203 166.032451 166.034947 166.039939 
0.000000 166.038691 166.033699 166.030787 166.029955 166.029955 166.031619 166.034531 166.039523 
0.000000 166.037443 166.032451 166.029955 166.029123 166.029123 166.030787 166.033699 166.039523 
0.000000 166.036195 166.031203 166.028707 166.027874 166.027874 166.029955 166.033283 166.039107 
166.041604 166.034947 166.029955 166.027458 166.027042 166.027042 166.029123 166.032867 166.039107 
166.040356 166.033699 166.028707 166.026210 166.025794 166.026210 166.028290 166.032867 166.039107 
166.039107 166.032451 166.027458 166.025378 166.024962 166.025378 166.027458 166.032451 166.038691 
166.038275 166.031203 166.026210 166.024130 166.023714 166.024546 166.027042 166.032451 166.039107 
166.037027 166.029955 166.024962 166.022882 166.022882 166.023298 166.026626 166.032035 166.039107 
166.036195 166.028707 166.023714 166.021634 166.021634 166.022466 166.025794 166.032035 166.039939 
166.035363 166.027874 166.022466 166.020802 166.020802 166.022050 166.025378 166.032035 166.040772 
166.034115 166.026626 166.021218 166.019554 166.019554 166.020802 166.025378 166.032035 0.000000 
166.033283 166.025378 166.019970 166.018722 166.018722 166.020386 166.024962 166.032035 0.000000 
166.032451 166.024130 166.018722 166.017474 166.017474 166.019554 166.024962 166.032867 0.000000 
166.031619 166.022882 166.017474 166.016641 166.016641 166.019138 166.024962 166.033699 0.000000 
166.031203 166.021634 166.016641 166.015393 166.015809 166.018722 166.024962 166.034947 0.000000 
166.030371 166.020386 166.015393 166.014145 166.014977 166.018306 166.024962 166.037027 0.000000 
166.029955 166.019138 166.014145 166.013313 166.013729 166.017890 166.025794 166.039107 0.000000 
166.029123 166.017890 166.012897 166.012065 166.012897 166.017890 166.027042 166.041188 0.000000 
166.028707 166.016641 166.011649 166.011233 166.012065 166.017890 166.028290 0.000000 0.000000 
166.028290 166.015393 166.010401 166.009985 166.011649 166.017890 166.030371 0.000000 0.000000 
166.028290 166.014145 166.009153 166.009153 166.011233 166.018722 166.032867 0.000000 0.000000 
166.028290 166.012897 166.008321 166.007905 166.010817 166.019970 166.036611 0.000000 0.000000 
166.028290 166.012065 166.007073 166.007073 166.010817 166.021634 166.041188 0.000000 0.000000 
166.029123 166.011233 166.005825 166.005825 166.010817 166.024546 0.000000 0.000000 0.000000 
166.030787 166.010401 166.004992 166.004992 166.011649 166.029123 0.000000 0.000000 0.000000 
166.032451 166.009985 166.003744 166.004160 166.013313 166.035363 0.000000 0.000000 0.000000 
166.036195 166.009985 166.002912 166.003744 166.016641 0.000000 0.000000 0.000000 0.000000 
0.000000 166.009985 166.001664 166.003744 166.024130 0.000000 0.000000 0.000000 0.000000 
0.000000 166.012065 166.000832 166.004992 166.039107 0.000000 0.000000 0.000000 0.000000 
0.000000 166.021634 166.000000 166.014561 0.000000 0.000000 0.000000 0.000000 0.000000 
