test/output/constant/M3M495_S060_A000_WD225.0_WS015.0/M3M495_S060_A000_WD225.0_WS015.0_ros.asc
ncols         38
nrows         16
xllcorner     423003.990666
yllcorner     12748655.311160
cellsize      100.000000
NODATA_value  0.000000
64.421616 64.421616 64.421616 64.421616 63.140785 50.617676 58.359154 58.359154 58.359154 58.359154 3.745533 45.917973 0.000000 0.000000 0.000000 0.000000 0.000000 0.000000 0.000000 0.000000 0.000000 0.000000 0.000000 0.000000 0.000000 0.000000 0.000000 0.000000 0.000000 0.000000 0.000000 0.000000 0.000000 0.000000 0.000000 0.000000 0.000000 0.000000 
64.421616 64.421616 64.421616 64.421616 63.140785 64.421616 64.421616 64.421616 58.359154 61.165489 54.807198 58.359154 5.575231 45.917973 45.917973 3.745533 0.000000 0.000000 0.000000 0.000000 0.000000 0.000000 0.000000 0.000000 0.000000 0.000000 0.000000 0.000000 0.000000 0.000000 0.000000 0.000000 0.000000 0.000000 0.000000 0.000000 0.000000 0.000000 
64.421616 64.421616 64.421616 64.421616 64.421616 64.421616 63.140785 64.421616 64.421616 64.421616 58.359154 58.359154 45.917973 3.745533 3.745533 45.917973 1.939284 3.745533 2.632985 0.000000 0.000000 0.000000 0.000000 0.000000 0.000000 0.000000 0.000000 0.000000 0.000000 0.000000 0.000000 0.000000 0.000000 0.000000 0.000000 0.000000 0.000000 0.000000 
21.582748 26.674179 26.674179 64.421616 64.421616 64.421616 64.421616 64.421616 64.382988 64.224846 64.421616 64.421616 58.359154 61.165489 58.359154 58.359154 5.575231 45.917973 8.173328 8.173328 45.917973 8.173328 0.000000 0.000000 0.000000 0.000000 0.000000 0.000000 0.000000 0.000000 0.000000 0.000000 0.000000 0.000000 0.000000 0.000000 0.000000 0.000000 
0.000000 26.674179 31.974884 26.674179 47.535004 61.928150 64.421616 64.421616 64.421616 64.421616 64.421616 64.421616 64.421616 63.140785 54.807198 58.359154 45.917973 3.745533 8.173328 45.917973 45.917973 40.850922 5.575231 45.917973 0.000000 0.000000 0.000000 0.000000 0.000000 0.000000 0.000000 0.000000 0.000000 0.000000 0.000000 0.000000 0.000000 0.000000 
0.000000 0.000000 47.535004 26.674179 52.085178 64.421616 52.085178 42.565052 64.382988 64.421616 64.421616 64.421616 64.421616 63.140785 64.421616 64.421616 64.421616 58.359154 54.807198 58.359154 3.745533 45.917973 45.917973 40.850922 40.850922 5.575231 45.917973 0.000000 0.000000 0.000000 0.000000 0.000000 0.000000 0.000000 0.000000 0.000000 0.000000 0.000000 
0.000000 0.000000 0.000000 26.674179 26.674179 21.582748 26.674179 21.582748 42.565052 56.077904 26.674179 64.421616 64.421616 64.421616 64.421616 58.359154 64.421616 64.421616 64.421616 50.617676 45.917973 3.745533 5.575231 45.917973 3.745533 45.917973 5.575231 8.173328 2.632985 0.000000 0.000000 0.000000 0.000000 0.000000 0.000000 0.000000 0.000000 0.000000 
0.000000 0.000000 0.000000 0.000000 0.000000 42.565052 26.674179 59.392334 21.582748 47.535004 52.085178 26.674179 64.421616 21.582748 64.421616 64.421616 64.421616 64.421616 64.382988 64.421616 64.421616 64.421616 61.165489 3.745533 45.917973 5.575231 3.745533 45.917973 2.632985 40.850922 3.745533 0.000000 0.000000 0.000000 0.000000 0.000000 0.000000 0.000000 
0.000000 0.000000 0.000000 0.000000 0.000000 0.000000 26.674179 42.565052 26.674179 26.674179 26.674179 21.582748 26.674179 56.077904 37.325603 42.565052 26.674179 64.421616 64.421616 64.421616 64.421616 64.421616 64.421616 64.421616 61.165489 54.807198 45.917973 5.575231 5.575231 45.917973 45.917973 2.632985 0.000000 0.000000 0.000000 0.000000 0.000000 0.000000 
0.000000 0.000000 0.000000 0.000000 0.000000 0.000000 0.000000 0.000000 21.582748 21.582748 26.674179 21.582748 26.674179 59.392334 37.325603 26.674179 21.582748 52.085178 26.674179 56.077904 64.421616 64.421616 64.421616 64.421616 64.421616 64.421616 63.140785 3.745533 45.917973 40.850922 40.850922 5.575231 40.850922 2.632985 0.000000 0.000000 0.000000 0.000000 
0.000000 0.000000 0.000000 0.000000 0.000000 0.000000 0.000000 0.000000 0.000000 0.000000 21.582748 21.582748 26.674179 21.582748 21.582748 26.674179 21.582748 21.582748 26.674179 21.582748 26.674179 21.582748 47.535004 64.421616 64.421616 64.421616 64.421616 64.421616 50.617676 5.575231 45.917973 40.850922 3.745533 2.451372 1.939284 0.000000 0.000000 0.000000 
0.000000 0.000000 0.000000 0.000000 0.000000 0.000000 0.000000 0.000000 0.000000 0.000000 0.000000 0.000000 26.674179 31.974884 26.674179 26.674179 26.674179 26.674179 42.565052 26.674179 21.582748 21.582748 52.085178 56.077904 21.582748 47.535004 64.421616 64.421616 64.421616 63.140785 58.359154 58.359154 45.917973 3.745533 2.632985 3.745533 0.000000 0.000000 
0.000000 0.000000 0.000000 0.000000 0.000000 0.000000 0.000000 0.000000 0.000000 0.000000 0.000000 0.000000 0.000000 0.000000 21.582748 26.674179 26.674179 21.582748 37.325603 26.674179 21.582748 26.674179 21.582748 21.582748 26.674179 52.085178 26.674179 21.582748 52.085178 64.421616 64.421616 64.421616 64.421616 50.617676 45.917973 2.632985 2.632985 0.000000 
0.000000 0.000000 0.000000 0.000000 0.000000 0.000000 0.000000 0.000000 0.000000 0.000000 0.000000 0.000000 0.000000 0.000000 0.000000 0.000000 0.000000 26.674179 21.582748 26.674179 21.582748 21.582748 21.582748 21.582748 21.582748 26.674179 21.582748 21.582748 26.674179 31.974884 26.674179 42.565052 64.421616 64.421616 64.421616 64.421616 3.745533 1.939284 
0.000000 0.000000 0.000000 0.000000 0.000000 0.000000 0.000000 0.000000 0.000000 0.000000 0.000000 0.000000 0.000000 0.000000 0.000000 0.000000 0.000000 0.000000 0.000000 0.000000 26.674179 26.674179 26.674179 21.582748 26.674179 26.674179 26.674179 21.582748 21.582748 21.582748 26.674179 31.974884 26.674179 26.674179 31.974884 64.421616 0.000000 2.451372 
0.000000 0.000000 0.000000 0.000000 0.000000 0.000000 0.000000 0.000000 0.000000 0.000000 0.000000 0.000000 0.000000 0.000000 0.000000 0.000000 0.000000 0.000000 0.000000 0.000000 0.000000 0.000000 0.000000 0.000000 0.000000 21.582748 21.582748 21.582748 21.582748 21.582748 21.582748 21.582748 21.582748 26.674179 9.019303 12.624068 1.568649 1.699693 
