test/output/constant/M390_S000_A180_WD270.0_WS010.0/M390_S000_A180_WD270.0_WS010.0_arrival.asc
ncols         19
nrows         13
xllcorner     426203.990666
yllcorner     12748155.311160
cellsize      100.000000
NODATA_value  0.000000
0.000000 0.000000 0.000000 0.000000 0.000000 166.041001 166.039829 166.038658 166.038658 166.037486 166.038658 166.038658 166.039829 166.041001 0.000000 0.000000 0.000000 0.000000 0.000000 
0.000000 0.000000 0.000000 166.038658 166.035143 166.032800 166.031629 166.031629 166.031629 166.031629 166.031629 166.032800 166.035143 166.036315 166.038658 166.041001 0.000000 0.000000 0.000000 
0.000000 0.000000 166.036315 166.030458 166.026943 166.025772 166.024600 166.024600 166.024600 166.025772 166.026943 166.028115 166.030458 166.032800 166.035143 166.037486 166.039829 166.041667 0.000000 
0.000000 166.035143 166.029286 166.023429 166.019915 166.017572 166.017572 166.017572 166.018743 166.019915 166.022257 166.024600 166.026943 166.029286 166.031629 166.033972 166.037486 166.039829 0.000000 
166.039829 166.030458 166.021086 166.015229 166.011714 166.010543 166.010543 166.011714 166.014057 166.016400 166.018743 166.021086 166.024600 166.026943 166.029286 166.032800 166.035143 166.038658 166.041001 
166.037486 166.026943 166.016400 166.008200 166.003514 166.003514 166.005857 166.008200 166.011714 166.014057 166.016400 166.019915 166.022257 166.025772 166.028115 166.031629 166.033972 166.037486 166.039829 
166.036315 166.025772 166.015229 166.005857 166.000000 166.002343 166.004686 166.008200 166.010543 166.014057 166.016400 166.019915 166.022257 166.025772 166.028115 166.031629 166.033972 166.037486 166.039829 
166.037486 166.026943 166.016400 166.008200 166.003514 166.003514 166.005857 166.008200 166.011714 166.014057 166.016400 166.019915 166.022257 166.025772 166.028115 166.031629 166.033972 166.037486 166.039829 
166.039829 166.030458 166.021086 166.015229 166.011714 166.010543 166.010543 166.011714 166.014057 166.016400 166.018743 166.021086 166.024600 166.026943 166.029286 166.032800 166.035143 166.038658 166.041001 
0.000000 166.035143 166.029286 166.023429 166.019915 166.017572 166.017572 166.017572 166.018743 166.019915 166.022257 166.024600 166.026943 166.029286 166.031629 166.033972 166.037486 166.039829 0.000000 
0.000000 0.000000 166.036315 166.030458 166.026943 166.025772 166.024600 166.024600 166.024600 166.025772 166.026943 166.028115 166.030458 166.032800 166.035143 166.037486 166.039829 166.041667 0.000000 
0.000000 0.000000 0.000000 166.038658 166.035143 166.032800 166.031629 166.031629 166.031629 166.031629 166.031629 166.032800 166.035143 166.036315 166.038658 166.041001 0.000000 0.000000 0.000000 
0.000000 0.000000 0.000000 0.000000 0.000000 166.041001 166.039829 166.038658 166.038658 166.037486 166.038658 166.038658 166.039829 166.041001 0.000000 0.000000 0.000000 0.000000 0.000000 
