test/output/constant/M395_S060_A000_WD000.0_WS010.0/M395_S060_A000_WD000.0_WS010.0_ros.asc
ncols         55
nrows         17
xllcorner     421203.990666
yllcorner     12747255.311160
cellsize      100.000000
NODATA_value  0.000000
0.000000 0.000000 0.000000 0.000000 0.000000 0.000000 0.000000 0.000000 0.000000 0.000000 0.000000 0.000000 0.000000 0.000000 0.000000 0.000000 0.000000 0.000000 0.000000 0.000000 0.000000 0.000000 0.000000 0.000000 0.000000 0.000000 0.000000 0.000000 0.000000 0.000000 0.000000 0.000000 0.000000 0.000000 0.000000 0.000000 0.000000 0.000000 19.632824 33.674248 19.632824 33.674248 33.674248 19.632824 33.674248 19.632824 33.674248 33.674248 19.632824 13.782166 19.632824 19.632824 19.632824 19.632824 1.043390 
0.000000 0.000000 0.000000 0.000000 0.000000 0.000000 0.000000 0.000000 0.000000 0.000000 0.000000 0.000000 0.000000 0.000000 0.000000 0.000000 0.000000 0.000000 0.000000 0.000000 0.000000 0.000000 0.000000 0.000000 0.000000 0.000000 0.000000 0.000000 0.000000 0.000000 33.674248 26.330971 33.674248 19.632824 33.674248 33.674248 26.330971 41.440357 19.632824 41.440357 41.440357 26.330971 41.440357 19.632824 19.632824 41.440357 41.440357 33.674248 41.440357 64.900421 41.440357 88.053871 93.332703 93.332703 0.000000 
0.000000 0.000000 0.000000 0.000000 0.000000 0.000000 0.000000 0.000000 0.000000 0.000000 0.000000 0.000000 0.000000 0.000000 0.000000 0.000000 0.000000 0.000000 0.000000 0.000000 0.000000 0.000000 0.000000 0.000000 0.000000 0.000000 19.632824 33.674248 33.674248 33.674248 13.782166 19.632824 26.330971 41.440357 33.674248 33.674248 19.632824 33.674248 41.440357 26.330971 41.440357 26.330971 33.674248 41.440357 41.440357 78.326180 41.440357 19.632824 93.332703 93.332703 93.332703 93.332703 93.332703 77.219452 1.486592 
0.000000 0.000000 0.000000 0.000000 0.000000 0.000000 0.000000 0.000000 0.000000 0.000000 0.000000 0.000000 0.000000 0.000000 0.000000 0.000000 0.000000 0.000000 0.000000 0.000000 0.000000 0.000000 33.674248 33.674248 41.440357 41.440357 33.674248 33.674248 33.674248 19.632824 57.293858 13.782166 41.440357 19.632824 41.440357 33.674248 26.330971 71.982841 41.440357 49.393951 33.674248 41.440357 93.332703 57.293858 93.332703 93.332703 93.332703 93.332703 92.686142 78.326180 77.219452 63.537952 1.486592 1.486592 1.486592 
0.000000 0.000000 0.000000 0.000000 0.000000 0.000000 0.000000 0.000000 0.000000 0.000000 0.000000 0.000000 0.000000 0.000000 0.000000 0.000000 0.000000 0.000000 26.330971 33.674248 26.330971 41.440357 57.293858 13.782166 71.982841 19.632824 41.440357 41.440357 13.782166 83.737938 33.674248 78.326180 26.330971 41.440357 26.330971 93.332703 83.737938 83.737938 88.053871 93.332703 93.332703 93.332703 93.332703 93.332703 93.332703 93.332703 77.219452 63.537952 63.537952 63.537952 2.712830 2.712830 1.096233 0.000000 0.000000 
0.000000 0.000000 0.000000 0.000000 0.000000 0.000000 0.000000 0.000000 0.000000 0.000000 0.000000 0.000000 0.000000 0.000000 0.000000 33.674248 26.330971 41.440357 19.632824 41.440357 41.440357 78.326180 33.674248 33.674248 41.440357 83.737938 13.782166 41.440357 26.330971 41.440357 41.440357 41.440357 93.332703 19.632824 41.440357 78.326180 93.332703 93.332703 93.332703 93.332703 93.332703 93.332703 82.814476 77.219452 63.537952 63.537952 63.537952 70.728134 63.537952 2.712830 1.486592 1.486592 0.000000 0.000000 0.000000 
0.000000 0.000000 0.000000 0.000000 0.000000 0.000000 0.000000 0.000000 0.000000 0.000000 0.000000 0.000000 49.393951 26.330971 41.440357 41.440357 19.632824 19.632824 41.440357 83.737938 26.330971 41.440357 83.737938 41.440357 33.674248 33.674248 26.330971 49.393951 92.911713 91.143028 83.737938 93.332703 93.332703 93.332703 93.332703 93.332703 93.332703 93.332703 93.332703 93.332703 77.219452 70.728134 4.926519 4.926519 8.348586 2.712830 2.712830 63.537952 2.712830 2.712830 0.000000 0.000000 0.000000 0.000000 0.000000 
0.000000 0.000000 0.000000 0.000000 0.000000 0.000000 0.000000 0.000000 0.000000 0.000000 83.737938 71.982841 41.440357 41.440357 26.330971 49.393951 83.737938 78.326180 71.982841 57.293858 57.293858 41.440357 71.982841 41.440357 78.326180 83.737938 93.332703 64.900421 93.332703 93.332703 93.332703 93.332703 93.332703 93.332703 93.332703 90.667290 90.667290 77.219452 77.219452 63.537952 70.728134 4.926519 63.537952 63.537952 63.537952 70.728134 4.926519 2.712830 0.000000 0.000000 0.000000 0.000000 0.000000 0.000000 0.000000 
0.000000 0.000000 0.000000 0.000000 0.000000 0.000000 0.000000 0.000000 33.674248 33.674248 88.053871 41.440357 71.982841 41.440357 93.332703 41.440357 41.440357 93.332703 83.737938 33.674248 93.332703 33.674248 93.332703 88.053871 93.332703 93.332703 93.332703 93.332703 90.667290 93.332703 93.332703 93.332703 93.332703 70.728134 77.219452 82.814476 63.537952 63.537952 4.926519 63.537952 63.537952 2.712830 63.537952 2.712830 63.537952 0.000000 0.000000 0.000000 0.000000 0.000000 0.000000 0.000000 0.000000 0.000000 0.000000 
0.000000 0.000000 0.000000 0.000000 0.000000 49.393951 49.393951 41.440357 33.674248 41.440357 49.393951 64.900421 57.293858 41.440357 83.737938 91.143028 64.900421 41.440357 93.332703 93.332703 93.332703 93.332703 93.332703 93.332703 93.332703 93.332703 93.332703 93.332703 90.667290 93.332703 93.332703 77.219452 77.219452 70.728134 4.926519 70.728134 4.926519 63.537952 70.728134 63.537952 4.926519 63.537952 63.537952 0.000000 0.000000 0.000000 0.000000 0.000000 0.000000 0.000000 0.000000 0.000000 0.000000 0.000000 0.000000 
0.000000 0.000000 0.000000 0.000000 41.440357 78.326180 93.332703 78.326180 33.674248 41.440357 83.737938 71.982841 71.982841 91.143028 93.332703 83.737938 93.332703 93.332703 93.332703 93.332703 93.332703 87.343010 93.332703 93.332703 93.332703 90.667290 77.219452 70.728134 4.926519 77.219452 63.537952 70.728134 70.728134 63.537952 63.537952 2.712830 63.537952 63.537952 63.537952 8.348586 0.000000 0.000000 0.000000 0.000000 0.000000 0.000000 0.000000 0.000000 0.000000 0.000000 0.000000 0.000000 0.000000 0.000000 0.000000 
0.000000 0.000000 33.674248 91.143028 78.326180 93.332703 57.293858 41.440357 41.440357 78.326180 93.332703 93.332703 93.332703 93.332703 93.332703 93.332703 90.667290 93.332703 93.332703 93.332703 93.332703 90.667290 77.219452 93.332703 77.219452 77.219452 77.219452 8.348586 63.537952 63.537952 4.926519 63.537952 63.537952 70.728134 63.537952 4.926519 63.537952 0.000000 0.000000 0.000000 0.000000 0.000000 0.000000 0.000000 0.000000 0.000000 0.000000 0.000000 0.000000 0.000000 0.000000 0.000000 0.000000 0.000000 0.000000 
0.000000 93.332703 93.332703 91.143028 83.737938 93.332703 93.332703 78.326180 93.332703 93.332703 93.332703 93.332703 93.332703 93.332703 90.667290 93.332703 93.142502 93.332703 90.667290 77.219452 93.332703 90.667290 8.348586 63.537952 63.537952 4.926519 4.926519 63.537952 63.537952 4.926519 63.537952 63.537952 2.712830 70.728134 0.000000 0.000000 0.000000 0.000000 0.000000 0.000000 0.000000 0.000000 0.000000 0.000000 0.000000 0.000000 0.000000 0.000000 0.000000 0.000000 0.000000 0.000000 0.000000 0.000000 0.000000 
93.332703 91.143028 33.674248 93.332703 93.332703 93.332703 93.332703 93.332703 87.343010 93.332703 93.332703 93.332703 93.332703 93.332703 90.667290 77.219452 90.667290 70.728134 77.219452 77.219452 71.982841 1.958527 63.537952 63.537952 63.537952 70.728134 63.537952 4.926519 63.537952 70.728134 0.000000 0.000000 0.000000 0.000000 0.000000 0.000000 0.000000 0.000000 0.000000 0.000000 0.000000 0.000000 0.000000 0.000000 0.000000 0.000000 0.000000 0.000000 0.000000 0.000000 0.000000 0.000000 0.000000 0.000000 0.000000 
93.332703 93.332703 93.332703 93.332703 93.332703 93.332703 93.332703 93.332703 87.343010 93.332703 82.814476 93.332703 90.667290 70.728134 93.332703 77.219452 77.219452 77.219452 70.728134 4.926519 63.537952 63.537952 4.926519 63.537952 4.926519 4.926519 0.000000 0.000000 0.000000 0.000000 0.000000 0.000000 0.000000 0.000000 0.000000 0.000000 0.000000 0.000000 0.000000 0.000000 0.000000 0.000000 0.000000 0.000000 0.000000 0.000000 0.000000 0.000000 0.000000 0.000000 0.000000 0.000000 0.000000 0.000000 0.000000 
93.332703 93.332703 93.332703 93.332703 93.332703 93.332703 93.332703 93.332703 93.332703 93.332703 93.332703 77.219452 70.728134 63.537952 4.926519 77.219452 63.537952 4.926519 4.926519 63.537952 70.728134 0.000000 0.000000 0.000000 0.000000 0.000000 0.000000 0.000000 0.000000 0.000000 0.000000 0.000000 0.000000 0.000000 0.000000 0.000000 0.000000 0.000000 0.000000 0.000000 0.000000 0.000000 0.000000 0.000000 0.000000 0.000000 0.000000 0.000000 0.000000 0.000000 0.000000 0.000000 0.000000 0.000000 0.000000 
0.000000 93.332703 93.332703 93.332703 93.332703 90.667290 77.219452 90.667290 70.728134 70.728134 1.486592 77.219452 63.537952 63.537952 0.000000 0.000000 0.000000 0.000000 0.000000 0.000000 0.000000 0.000000 0.000000 0.000000 0.000000 0.000000 0.000000 0.000000 0.000000 0.000000 0.000000 0.000000 0.000000 0.000000 0.000000 0.000000 0.000000 0.000000 0.000000 0.000000 0.000000 0.000000 0.000000 0.000000 0.000000 0.000000 0.000000 0.000000 0.000000 0.000000 0.000000 0.000000 0.000000 0.000000 0.000000 
