test/output/constant/M3M475_S060_A180_WD315.0_WS005.0/M3M475_S060_A180_WD315.0_WS005.0_arrival.asc
ncols         44
nrows         9
xllcorner     426603.990666
yllcorner     12748155.311160
cellsize      100.000000
NODATA_value  0.000000
0.000000 0.000000 0.000000 166.034731 166.030486 166.028557 166.027013 166.026627 166.026241 166.026241 166.026627 166.026627 166.027399 166.027785 166.028557 166.028942 166.029714 166.030486 166.031258 166.032030 166.032801 166.033959 166.034731 166.035503 166.036660 166.037432 166.038590 166.039748 166.040905 0.000000 0.000000 0.000000 0.000000 0.000000 0.000000 0.000000 0.000000 0.000000 0.000000 0.000000 0.000000 0.000000 0.000000 0.000000 
166.020839 166.011191 166.009262 166.009262 166.009262 166.010033 166.010419 166.011191 166.011963 166.013121 166.014278 166.015436 166.016594 166.017751 166.018909 166.020067 166.021224 166.022382 166.023540 166.024698 166.025855 166.027013 166.028171 166.029328 166.030100 166.031258 166.032416 166.033573 166.034731 166.035889 166.037046 166.038204 166.039362 166.040519 166.041667 0.000000 0.000000 0.000000 0.000000 0.000000 0.000000 0.000000 0.000000 0.000000 
166.000000 166.000772 166.001544 166.002701 166.003473 166.004631 166.005403 166.006560 166.007718 166.008490 166.009647 166.010805 166.011963 166.013121 166.014278 166.015050 166.016208 166.017365 166.018523 166.019681 166.020839 166.021996 166.023154 166.024312 166.025469 166.026627 166.027785 166.028942 166.030100 166.031258 166.032416 166.033573 166.034731 166.035889 166.037046 166.038204 166.039362 166.040519 166.041667 0.000000 0.000000 0.000000 0.000000 0.000000 
166.013892 166.004631 166.003473 166.003473 166.003859 166.004631 166.005403 166.006560 166.007332 166.008490 166.009262 166.010419 166.011191 166.012349 166.013506 166.014278 166.015436 166.016208 166.017365 166.018137 166.019295 166.020067 166.021224 166.022382 166.023154 166.024312 166.025469 166.026627 166.027399 166.028557 166.029714 166.030872 166.032030 166.033187 166.034345 166.035503 166.036660 166.037432 166.038590 166.039748 166.040905 0.000000 0.000000 0.000000 
0.000000 166.037432 166.023540 166.015822 166.012349 166.010805 166.010033 166.010033 166.010419 166.010419 166.010805 166.011577 166.011963 166.013121 166.013892 166.014278 166.015436 166.016208 166.017365 166.018137 166.019295 166.020067 166.021224 166.021996 166.023154 166.023926 166.025083 166.025855 166.027013 166.027785 166.028942 166.029714 166.030872 166.032030 166.032801 166.033959 166.034731 166.035889 166.037046 166.038204 166.038976 166.040133 166.041291 0.000000 
0.000000 0.000000 0.000000 0.000000 166.034345 166.027785 166.023540 166.020453 166.018909 166.017751 166.016980 166.016594 166.016980 166.016980 166.016980 166.017365 166.017751 166.018137 166.018909 166.019681 166.020453 166.021224 166.021996 166.022768 166.023540 166.024312 166.025083 166.025855 166.027013 166.028171 166.028942 166.029714 166.030872 166.031644 166.032801 166.033573 166.034731 166.035503 166.036660 166.037432 166.038590 166.039748 166.040519 166.041667 
0.000000 0.000000 0.000000 0.000000 0.000000 0.000000 0.000000 166.038976 166.034731 166.031258 166.028942 166.027013 166.025469 166.024312 166.023540 166.023154 166.023540 166.023540 166.023540 166.023926 166.023926 166.024312 166.024698 166.025083 166.025855 166.026627 166.027013 166.027785 166.028557 166.029328 166.030100 166.030872 166.031644 166.032416 166.033187 166.033959 166.034731 166.035889 166.036660 166.037818 166.038590 166.039748 166.040519 166.041667 
0.000000 0.000000 0.000000 0.000000 0.000000 0.000000 0.000000 0.000000 0.000000 0.000000 0.000000 0.000000 166.039362 166.036660 166.034731 166.033187 166.032030 166.031258 166.030486 166.030100 166.030100 166.030100 166.030100 166.030100 166.030486 166.030486 166.030872 166.031258 166.031644 166.032030 166.032801 166.033187 166.033959 166.034731 166.035117 166.035889 166.036660 166.037432 166.038204 166.038976 166.039748 166.040519 166.041291 0.000000 
0.000000 0.000000 0.000000 0.000000 0.000000 0.000000 0.000000 0.000000 0.000000 0.000000 0.000000 0.000000 0.000000 0.000000 0.000000 0.000000 0.000000 0.000000 166.041291 166.039748 166.038976 166.037818 166.037046 166.036660 166.036660 166.036660 166.036660 166.036660 166.037046 166.037046 166.037432 166.037432 166.037818 166.038204 166.038590 166.038976 166.039748 166.040133 166.040905 166.041667 0.000000 0.000000 0.000000 0.000000 
