test/output/constant/M3M490_S000_A090_WD270.0_WS020.0/M3M490_S000_A090_WD270.0_WS020.0_arrival.asc
ncols         26
nrows         11
xllcorner     426403.990666
yllcorner     12748255.311160
cellsize      100.000000
NODATA_value  0.000000
0.000000 0.000000 0.000000 0.000000 0.000000 0.000000 0.000000 0.000000 0.000000 166.041126 166.040405 166.039683 166.039683 166.039683 166.040405 166.040405 166.041126 166.041667 0.000000 0.000000 0.000000 0.000000 0.000000 0.000000 0.000000 0.000000 
0.000000 0.000000 0.000000 0.000000 166.041126 166.036797 166.034633 166.032468 166.031747 166.031025 166.031025 166.031025 166.031747 166.031747 166.032468 166.033911 166.034633 166.036076 166.037519 166.038240 166.039683 166.041126 0.000000 0.000000 0.000000 0.000000 
0.000000 0.000000 166.036076 166.030304 166.026696 166.024532 166.023089 166.022367 166.022367 166.022367 166.023089 166.023810 166.024532 166.025975 166.027418 166.028861 166.030304 166.031747 166.033190 166.034633 166.036076 166.037519 166.038962 166.041126 0.000000 0.000000 
0.000000 166.030304 166.020924 166.016595 166.014430 166.013709 166.013709 166.013709 166.014430 166.015873 166.017316 166.018759 166.020202 166.021646 166.023089 166.025253 166.026696 166.028139 166.030304 166.031747 166.033190 166.035354 166.036797 166.038962 166.040405 0.000000 
166.033911 166.015152 166.005772 166.005051 166.005051 166.005772 166.007215 166.009380 166.010823 166.012266 166.014430 166.015873 166.018038 166.019481 166.021646 166.023089 166.025253 166.026696 166.028861 166.030304 166.032468 166.033911 166.036076 166.037519 166.039683 166.041126 
166.031747 166.010823 166.000000 166.001443 166.002886 166.005051 166.006494 166.008658 166.010101 166.012266 166.013709 166.015873 166.017316 166.019481 166.020924 166.023089 166.024532 166.026696 166.028139 166.030304 166.031747 166.033911 166.035354 166.037519 166.038962 166.041126 
166.033911 166.015152 166.005772 166.005051 166.005051 166.005772 166.007215 166.009380 166.010823 166.012266 166.014430 166.015873 166.018038 166.019481 166.021646 166.023089 166.025253 166.026696 166.028861 166.030304 166.032468 166.033911 166.036076 166.037519 166.039683 166.041126 
0.000000 166.030304 166.020924 166.016595 166.014430 166.013709 166.013709 166.013709 166.014430 166.015873 166.017316 166.018759 166.020202 166.021646 166.023089 166.025253 166.026696 166.028139 166.030304 166.031747 166.033190 166.035354 166.036797 166.038962 166.040405 0.000000 
0.000000 0.000000 166.036076 166.030304 166.026696 166.024532 166.023089 166.022367 166.022367 166.022367 166.023089 166.023810 166.024532 166.025975 166.027418 166.028861 166.030304 166.031747 166.033190 166.034633 166.036076 166.037519 166.038962 166.041126 0.000000 0.000000 
0.000000 0.000000 0.000000 0.000000 166.041126 166.036797 166.034633 166.032468 166.031747 166.031025 166.031025 166.031025 166.031747 166.031747 166.032468 166.033911 166.034633 166.036076 166.037519 166.038240 166.039683 166.041126 0.000000 0.000000 0.000000 0.000000 
0.000000 0.000000 0.000000 0.000000 0.000000 0.000000 0.000000 0.000000 0.000000 166.041126 166.040405 166.039683 166.039683 166.039683 166.040405 166.040405 166.041126 166.041667 0.000000 0.000000 0.000000 0.000000 0.000000 0.000000 0.000000 0.000000 
