test/output/constant/C2_S060_A000_WD090.0_WS040.0/C2_S060_A000_WD090.0_WS040.0_arrival.asc
ncols         42
nrows         7
xllcorner     422503.990666
yllcorner     12748455.311160
cellsize      100.000000
NODATA_value  0.000000
0.000000 0.000000 0.000000 0.000000 0.000000 0.000000 0.000000 0.000000 0.000000 0.000000 0.000000 0.000000 0.000000 0.000000 166.041568 166.041160 166.040753 166.040345 166.040345 166.040753 166.040753 166.040753 166.041160 0.000000 0.000000 0.000000 0.000000 0.000000 0.000000 0.000000 0.000000 0.000000 0.000000 0.000000 0.000000 0.000000 0.000000 0.000000 0.000000 0.000000 0.000000 0.000000 
0.000000 0.000000 0.000000 0.000000 0.000000 166.040753 166.039938 166.039123 166.038308 166.037085 166.036270 166.035455 166.034232 166.033417 166.032602 166.031787 166.031380 166.030565 166.029750 166.028935 166.028119 166.027304 166.026897 166.026082 166.025674 166.024859 166.024452 166.024452 166.024452 166.024452 166.025267 166.026082 166.026897 166.028527 166.030972 166.034640 166.039938 0.000000 0.000000 0.000000 0.000000 0.000000 
0.000000 166.041568 166.040345 166.039530 166.038308 166.037493 166.036270 166.035455 166.034232 166.033417 166.032195 166.031380 166.030157 166.029342 166.028527 166.027304 166.026489 166.025267 166.024452 166.023637 166.022414 166.021599 166.020376 166.019561 166.018339 166.017524 166.016709 166.015486 166.014671 166.013448 166.012633 166.011818 166.011003 166.010188 166.009373 166.008558 166.008151 166.008151 166.009373 166.011003 166.019561 0.000000 
166.041568 166.040345 166.039530 166.038308 166.037493 166.036270 166.035455 166.034232 166.033417 166.032195 166.031380 166.030157 166.029342 166.028119 166.027304 166.026082 166.025267 166.024044 166.023229 166.022007 166.021191 166.019969 166.019154 166.017931 166.017116 166.015894 166.015079 166.013856 166.013041 166.011818 166.011003 166.009781 166.008966 166.007743 166.006928 166.005705 166.004890 166.003668 166.002853 166.001630 166.000815 166.000000 
0.000000 166.041568 166.040345 166.039530 166.038308 166.037493 166.036270 166.035455 166.034232 166.033417 166.032195 166.031380 166.030157 166.029342 166.028527 166.027304 166.026489 166.025267 166.024452 166.023637 166.022414 166.021599 166.020376 166.019561 166.018339 166.017524 166.016709 166.015486 166.014671 166.013448 166.012633 166.011818 166.011003 166.010188 166.009373 166.008558 166.008151 166.008151 166.009373 166.011003 166.019561 0.000000 
0.000000 0.000000 0.000000 0.000000 0.000000 166.040753 166.039938 166.039123 166.038308 166.037085 166.036270 166.035455 166.034232 166.033417 166.032602 166.031787 166.031380 166.030565 166.029750 166.028935 166.028119 166.027304 166.026897 166.026082 166.025674 166.024859 166.024452 166.024452 166.024452 166.024452 166.025267 166.026082 166.026897 166.028527 166.030972 166.034640 166.039938 0.000000 0.000000 0.000000 0.000000 0.000000 
0.000000 0.000000 0.000000 0.000000 0.000000 0.000000 0.000000 0.000000 0.000000 0.000000 0.000000 0.000000 0.000000 0.000000 166.041568 166.041160 166.040753 166.040345 166.040345 166.040753 166.040753 166.040753 166.041160 0.000000 0.000000 0.000000 0.000000 0.000000 0.000000 0.000000 0.000000 0.000000 0.000000 0.000000 0.000000 0.000000 0.000000 0.000000 0.000000 0.000000 0.000000 0.000000 
