test/output/constant/M3M490_S060_A270_WD090.0_WS010.0/M3M490_S060_A270_WD090.0_WS010.0_raz.asc
ncols         16
nrows         49
xllcorner     425203.990666
yllcorner     12748755.311160
cellsize      100.000000
NODATA_value  0.000000
0 345 345 358 0 0 0 0 0 0 0 0 0 0 0 0 
0 343 345 345 358 0 0 0 0 0 0 0 0 0 0 0 
0 345 345 350 13 358 0 0 0 0 0 0 0 0 0 0 
0 345 345 352 349 356 0 0 0 0 0 0 0 0 0 0 
345 345 345 345 349 350 358 0 0 0 0 0 0 0 0 0 
345 343 345 345 345 349 358 358 0 0 0 0 0 0 0 0 
345 345 345 345 356 352 358 350 0 0 0 0 0 0 0 0 
344 345 345 345 345 345 346 358 0 0 0 0 0 0 0 0 
345 345 345 345 345 345 349 4 352 0 0 0 0 0 0 0 
339 345 345 345 345 345 345 4 358 0 0 0 0 0 0 0 
0 345 345 345 345 349 1 358 354 8 0 0 0 0 0 0 
0 345 345 345 345 354 1 348 8 1 0 0 0 0 0 0 
0 339 345 345 345 345 1 352 1 349 0 0 0 0 0 0 
0 338 345 345 345 345 345 8 1 358 358 0 0 0 0 0 
0 310 342 343 345 345 354 350 356 358 1 0 0 0 0 0 
0 339 338 345 343 345 345 349 353 8 349 1 0 0 0 0 
0 310 340 345 345 345 345 345 1 358 358 358 0 0 0 0 
0 299 339 345 345 345 345 345 8 352 1 353 0 0 0 0 
0 0 310 338 345 345 345 4 345 358 1 358 0 0 0 0 
0 0 310 338 345 345 345 345 345 8 4 358 350 0 0 0 
0 0 338 310 345 345 345 345 347 349 1 358 358 0 0 0 
0 0 339 310 345 345 345 345 348 4 348 352 353 0 0 0 
0 0 299 299 299 342 345 345 352 358 13 1 358 358 0 0 
0 0 0 282 282 345 345 345 345 348 1 4 358 1 0 0 
0 0 0 310 310 345 345 345 345 350 8 350 4 4 0 0 
0 0 0 299 338 299 345 343 345 345 1 350 1 4 0 0 
0 0 0 310 338 310 345 345 345 1 1 13 1 1 8 0 
0 0 0 0 299 299 345 344 345 345 346 358 4 358 1 0 
0 0 0 0 338 299 299 345 345 345 347 4 350 1 1 0 
0 0 0 0 299 339 310 345 345 345 352 358 358 358 358 0 
0 0 0 0 0 282 338 340 345 345 348 1 1 8 1 0 
0 0 0 0 0 338 310 310 345 345 345 1 347 8 1 0 
0 0 0 0 0 339 338 339 338 345 345 1 349 358 358 0 
0 0 0 0 0 0 338 299 338 345 345 347 358 353 13 0 
0 0 0 0 0 0 338 299 310 345 345 353 350 8 358 1 
0 0 0 0 0 0 338 338 338 343 345 345 346 358 1 4 
0 0 0 0 0 0 0 299 339 338 345 345 354 4 1 1 
0 0 0 0 0 0 0 338 299 339 345 345 353 358 1 4 
0 0 0 0 0 0 0 269 299 339 345 345 345 349 1 358 
0 0 0 0 0 0 0 0 310 299 338 345 345 1 8 8 
0 0 0 0 0 0 0 0 338 338 338 342 345 4 358 1 
0 0 0 0 0 0 0 0 0 338 338 345 345 350 358 4 
0 0 0 0 0 0 0 0 0 282 338 310 345 345 1 358 
0 0 0 0 0 0 0 0 0 282 338 299 345 345 4 13 
0 0 0 0 0 0 0 0 0 0 336 338 340 345 1 13 
0 0 0 0 0 0 0 0 0 0 269 269 339 345 1 13 
0 0 0 0 0 0 0 0 0 0 0 269 338 345 345 13 
0 0 0 0 0 0 0 0 0 0 0 0 334 340 345 13 
0 0 0 0 0 0 0 0 0 0 0 0 269 334 65535 75 
