test/output/constant/M485_S060_A000_WD090.0_WS010.0/M485_S060_A000_WD090.0_WS010.0_arrival.asc
ncols         35
nrows         7
xllcorner     423203.990666
yllcorner     12748455.311160
cellsize      100.000000
NODATA_value  0.000000
0.000000 0.000000 0.000000 0.000000 0.000000 0.000000 0.000000 166.041436 166.040449 166.039956 166.038969 166.037983 166.036996 166.036503 166.035516 166.034530 166.034036 166.033543 166.033543 166.033543 166.033543 166.034036 166.034530 166.035023 166.036010 166.037489 166.039956 0.000000 0.000000 0.000000 0.000000 0.000000 0.000000 0.000000 0.000000 
0.000000 0.000000 0.000000 166.040942 166.039956 166.038476 166.037489 166.036503 166.035023 166.034036 166.033050 166.032063 166.030584 166.029597 166.028610 166.027624 166.026637 166.025651 166.024664 166.023678 166.023184 166.022198 166.021211 166.020718 166.020225 166.020225 166.020225 166.020718 166.021704 166.023184 166.026144 166.031570 0.000000 0.000000 0.000000 
0.000000 166.040942 166.039956 166.038476 166.037489 166.036010 166.035023 166.033543 166.032557 166.031077 166.030090 166.028610 166.027624 166.026144 166.025157 166.024171 166.022691 166.021704 166.020225 166.019238 166.017758 166.016772 166.015292 166.014305 166.013319 166.011839 166.010852 166.009866 166.008879 166.007893 166.006906 166.006906 166.007399 166.009372 166.024664 
166.041436 166.040449 166.038969 166.037983 166.036503 166.035516 166.034036 166.033050 166.031570 166.030584 166.029104 166.028117 166.026637 166.025651 166.024171 166.023184 166.021704 166.020718 166.019238 166.018251 166.016772 166.015785 166.014305 166.013319 166.011839 166.010852 166.009372 166.008386 166.006906 166.005919 166.004440 166.003453 166.001973 166.000987 166.000000 
0.000000 166.040942 166.039956 166.038476 166.037489 166.036010 166.035023 166.033543 166.032557 166.031077 166.030090 166.028610 166.027624 166.026144 166.025157 166.024171 166.022691 166.021704 166.020225 166.019238 166.017758 166.016772 166.015292 166.014305 166.013319 166.011839 166.010852 166.009866 166.008879 166.007893 166.006906 166.006906 166.007399 166.009372 166.024664 
0.000000 0.000000 0.000000 166.040942 166.039956 166.038476 166.037489 166.036503 166.035023 166.034036 166.033050 166.032063 166.030584 166.029597 166.028610 166.027624 166.026637 166.025651 166.024664 166.023678 166.023184 166.022198 166.021211 166.020718 166.020225 166.020225 166.020225 166.020718 166.021704 166.023184 166.026144 166.031570 0.000000 0.000000 0.000000 
0.000000 0.000000 0.000000 0.000000 0.000000 0.000000 0.000000 166.041436 166.040449 166.039956 166.038969 166.037983 166.036996 166.036503 166.035516 166.034530 166.034036 166.033543 166.033543 166.033543 166.033543 166.034036 166.034530 166.035023 166.036010 166.037489 166.039956 0.000000 0.000000 0.000000 0.000000 0.000000 0.000000 0.000000 0.000000 
