test/output/constant/M3M400_S060_A270_WD000.0_WS025.0/M3M400_S060_A270_WD000.0_WS025.0_arrival.asc
ncols         13
nrows         26
xllcorner     426003.990666
yllcorner     12748455.311160
cellsize      100.000000
NODATA_value  0.000000
0.000000 0.000000 0.000000 0.000000 0.000000 166.041667 166.041587 166.041667 0.000000 0.000000 0.000000 0.000000 0.000000 
0.000000 0.000000 0.000000 0.000000 166.040817 166.040046 166.040046 166.040046 166.040817 0.000000 0.000000 0.000000 0.000000 
0.000000 0.000000 0.000000 166.040817 166.039276 166.038506 166.037736 166.038506 166.039276 166.040817 0.000000 0.000000 0.000000 
0.000000 0.000000 166.041587 166.038506 166.036966 166.036196 166.036196 166.036196 166.036966 166.038506 166.041587 0.000000 0.000000 
0.000000 0.000000 166.039276 166.036966 166.035426 166.034656 166.033885 166.034656 166.035426 166.036966 166.039276 0.000000 0.000000 
0.000000 166.041587 166.037736 166.035426 166.033115 166.032345 166.032345 166.032345 166.033115 166.035426 166.037736 166.041587 0.000000 
0.000000 166.040046 166.036196 166.033115 166.031575 166.030805 166.030035 166.030805 166.031575 166.033115 166.036196 166.040046 0.000000 
0.000000 166.038506 166.034656 166.031575 166.029265 166.028495 166.028495 166.028495 166.029265 166.031575 166.034656 166.038506 0.000000 
0.000000 166.037736 166.033115 166.030035 166.027724 166.026954 166.026184 166.026954 166.027724 166.030035 166.033115 166.037736 0.000000 
0.000000 166.036196 166.031575 166.028495 166.026184 166.024644 166.024644 166.024644 166.026184 166.028495 166.031575 166.036196 0.000000 
166.041587 166.035426 166.030805 166.026954 166.023874 166.023104 166.022334 166.023104 166.023874 166.026954 166.030805 166.035426 166.041587 
166.041587 166.034656 166.029265 166.025414 166.022334 166.020793 166.020793 166.020793 166.022334 166.025414 166.029265 166.034656 166.041587 
166.041587 166.033885 166.028495 166.023874 166.020793 166.019253 166.018483 166.019253 166.020793 166.023874 166.028495 166.033885 166.041587 
166.041587 166.033885 166.027724 166.022334 166.019253 166.016943 166.016943 166.016943 166.019253 166.022334 166.027724 166.033885 166.041587 
166.041587 166.033885 166.026954 166.020793 166.016943 166.015402 166.014632 166.015402 166.016943 166.020793 166.026954 166.033885 166.041587 
0.000000 166.033885 166.026954 166.020023 166.015402 166.013092 166.013092 166.013092 166.015402 166.020023 166.026954 166.033885 0.000000 
0.000000 166.034656 166.026954 166.019253 166.013862 166.011552 166.010782 166.011552 166.013862 166.019253 166.026954 166.034656 0.000000 
0.000000 166.035426 166.026954 166.019253 166.013092 166.009241 166.009241 166.009241 166.013092 166.019253 166.026954 166.035426 0.000000 
0.000000 166.037736 166.027724 166.019253 166.011552 166.007701 166.006931 166.007701 166.011552 166.019253 166.027724 166.037736 0.000000 
0.000000 166.040046 166.029265 166.019253 166.011552 166.006161 166.005391 166.006161 166.011552 166.019253 166.029265 166.040046 0.000000 
0.000000 0.000000 166.031575 166.020793 166.011552 166.004621 166.003080 166.004621 166.011552 166.020793 166.031575 0.000000 0.000000 
0.000000 0.000000 166.035426 166.023874 166.013092 166.003851 166.001540 166.003851 166.013092 166.023874 166.035426 0.000000 0.000000 
0.000000 0.000000 166.040817 166.028495 166.016173 166.004621 166.000000 166.004621 166.016173 166.028495 166.040817 0.000000 0.000000 
0.000000 0.000000 0.000000 166.034656 166.022334 166.010782 166.006931 166.010782 166.022334 166.034656 0.000000 0.000000 0.000000 
0.000000 0.000000 0.000000 0.000000 166.031575 166.023104 166.020793 166.023104 166.031575 0.000000 0.000000 0.000000 0.000000 
0.000000 0.000000 0.000000 0.000000 166.041667 166.036196 166.033885 166.036196 166.041667 0.000000 0.000000 0.000000 0.000000 
