test/output/constant/M3M495_S060_A270_WD315.0_WS010.0/M3M495_S060_A270_WD315.0_WS010.0_arrival.asc
ncols         14
nrows         44
xllcorner     426403.990666
yllcorner     12748655.311160
cellsize      100.000000
NODATA_value  0.000000
0.000000 0.000000 0.000000 0.000000 0.000000 0.000000 0.000000 0.000000 0.000000 0.000000 166.041667 166.041667 0.000000 0.000000 
0.000000 0.000000 0.000000 0.000000 0.000000 0.000000 0.000000 0.000000 0.000000 166.041082 166.040694 166.040694 166.041082 0.000000 
0.000000 0.000000 0.000000 0.000000 0.000000 0.000000 0.000000 0.000000 166.041082 166.039919 166.039919 166.039919 166.040694 0.000000 
0.000000 0.000000 0.000000 0.000000 0.000000 0.000000 0.000000 166.041469 166.039919 166.038756 166.038756 166.038756 166.039919 166.041469 
0.000000 0.000000 0.000000 0.000000 0.000000 0.000000 0.000000 166.040307 166.038756 166.037981 166.037594 166.037981 166.039144 166.041082 
0.000000 0.000000 0.000000 0.000000 0.000000 0.000000 166.041469 166.038756 166.037594 166.036819 166.036819 166.037206 166.038369 166.040694 
0.000000 0.000000 0.000000 0.000000 0.000000 0.000000 166.039919 166.037594 166.036044 166.035656 166.035656 166.036431 166.037981 166.040307 
0.000000 0.000000 0.000000 0.000000 0.000000 166.041469 166.038369 166.036044 166.034881 166.034881 166.034881 166.035656 166.037594 166.040307 
0.000000 0.000000 0.000000 0.000000 0.000000 166.039919 166.037206 166.034881 166.033718 166.033718 166.034106 166.034881 166.037206 166.039919 
0.000000 0.000000 0.000000 0.000000 0.000000 166.038369 166.035656 166.033718 166.032943 166.032555 166.032943 166.034493 166.036819 166.039919 
0.000000 0.000000 0.000000 0.000000 166.040694 166.036819 166.034106 166.032555 166.031780 166.031780 166.032168 166.033718 166.036431 166.040307 
0.000000 0.000000 0.000000 0.000000 166.039144 166.035656 166.032555 166.031393 166.030618 166.030618 166.031393 166.033331 166.036431 166.040307 
0.000000 0.000000 0.000000 0.000000 166.037594 166.034106 166.031393 166.030230 166.029842 166.029842 166.031005 166.032943 166.036431 166.040307 
0.000000 0.000000 0.000000 166.040694 166.036044 166.032555 166.029842 166.028680 166.028680 166.029067 166.030230 166.032555 166.036431 166.040694 
0.000000 0.000000 0.000000 166.038756 166.034106 166.031005 166.028680 166.027905 166.027905 166.027905 166.029842 166.032555 166.036431 166.041082 
0.000000 0.000000 0.000000 166.037206 166.032555 166.029455 166.027517 166.026742 166.026742 166.027517 166.029455 166.032555 166.036431 166.041469 
0.000000 0.000000 166.041082 166.035656 166.031005 166.027905 166.026354 166.025579 166.025579 166.026742 166.029067 166.032555 166.036819 0.000000 
0.000000 0.000000 166.039144 166.033718 166.029455 166.026742 166.025192 166.024804 166.024804 166.025967 166.028680 166.032555 166.037206 0.000000 
0.000000 0.000000 166.037594 166.032168 166.027905 166.025192 166.023641 166.023641 166.024029 166.025579 166.028680 166.032943 166.037981 0.000000 
0.000000 0.000000 166.036044 166.030618 166.026354 166.024029 166.022866 166.022866 166.023254 166.025192 166.028680 166.032943 166.038369 0.000000 
0.000000 0.000000 166.034106 166.028680 166.024804 166.022479 166.021704 166.021704 166.022479 166.024804 166.028680 166.033718 166.039532 0.000000 
0.000000 166.041469 166.032555 166.027130 166.023641 166.021316 166.020541 166.020928 166.022091 166.024804 166.029067 166.034106 166.041082 0.000000 
0.000000 166.039532 166.030618 166.025579 166.022091 166.020153 166.019766 166.019766 166.021704 166.024804 166.029455 166.034881 0.000000 0.000000 
0.000000 166.037981 166.029067 166.024029 166.020541 166.018991 166.018603 166.018991 166.021316 166.025192 166.029842 166.036044 0.000000 0.000000 
0.000000 166.036044 166.027130 166.022479 166.018991 166.017828 166.017828 166.018603 166.020928 166.025192 166.030230 166.037594 0.000000 0.000000 
0.000000 166.034493 166.025579 166.020541 166.017828 166.016665 166.016665 166.017828 166.020928 166.025579 166.031393 166.039532 0.000000 0.000000 
0.000000 166.032555 166.024029 166.018991 166.016278 166.015890 166.015890 166.017440 166.021316 166.025967 166.032943 0.000000 0.000000 0.000000 
0.000000 166.031005 166.022091 166.017440 166.015115 166.014727 166.015115 166.017440 166.021316 166.027130 166.034881 0.000000 0.000000 0.000000 
166.041469 166.029067 166.020541 166.015890 166.013952 166.013565 166.014340 166.017440 166.021704 166.028292 166.037981 0.000000 0.000000 0.000000 
166.040307 166.027517 166.018603 166.014340 166.012790 166.012790 166.013952 166.017440 166.022479 166.030230 166.041082 0.000000 0.000000 0.000000 
166.038369 166.025967 166.017053 166.012790 166.011627 166.011627 166.013565 166.017440 166.023641 166.032943 0.000000 0.000000 0.000000 0.000000 
166.037206 166.024029 166.015503 166.011627 166.010852 166.010852 166.013565 166.018216 166.025579 166.036431 0.000000 0.000000 0.000000 0.000000 
166.036044 166.022866 166.013565 166.010077 166.009689 166.010077 166.013565 166.018991 166.028292 166.040307 0.000000 0.000000 0.000000 0.000000 
166.034881 166.020928 166.012015 166.008914 166.008526 166.009689 166.013952 166.020541 166.031780 0.000000 0.000000 0.000000 0.000000 0.000000 
166.034106 166.019378 166.010464 166.007751 166.007751 166.009689 166.014340 166.023254 166.036044 0.000000 0.000000 0.000000 0.000000 0.000000 
166.033331 166.017828 166.008526 166.006589 166.006589 166.009689 166.015890 166.027130 0.000000 0.000000 0.000000 0.000000 0.000000 0.000000 
166.032943 166.016278 166.006976 166.005813 166.006201 166.010077 166.018603 166.032168 0.000000 0.000000 0.000000 0.000000 0.000000 0.000000 
166.032943 166.014727 166.005426 166.004651 166.005813 166.011239 166.022866 166.039144 0.000000 0.000000 0.000000 0.000000 0.000000 0.000000 
166.033331 166.013177 166.003876 166.003876 166.005813 166.013952 166.028680 0.000000 0.000000 0.000000 0.000000 0.000000 0.000000 0.000000 
166.033718 166.012015 166.002713 166.002713 166.006589 166.018991 166.037206 0.000000 0.000000 0.000000 0.000000 0.000000 0.000000 0.000000 
166.036819 166.011627 166.001550 166.001938 166.009302 166.027130 0.000000 0.000000 0.000000 0.000000 0.000000 0.000000 0.000000 0.000000 
0.000000 166.012015 166.000775 166.001938 166.016665 166.039919 0.000000 0.000000 0.000000 0.000000 0.000000 0.000000 0.000000 0.000000 
0.000000 166.015115 166.000000 166.006589 166.031780 0.000000 0.000000 0.000000 0.000000 0.000000 0.000000 0.000000 0.000000 0.000000 
0.000000 166.037206 166.025192 166.034106 0.000000 0.000000 0.000000 0.000000 0.000000 0.000000 0.000000 0.000000 0.000000 0.000000 
