test/output/constant/M3M495_S060_A270_WD315.0_WS010.0/M3M495_S060_A270_WD315.0_WS010.0_ros.asc
ncols         14
nrows         44
xllcorner     426403.990666
yllcorner     12748655.311160
cellsize      100.000000
NODATA_value  0.000000
0.000000 0.000000 0.000000 0.000000 0.000000 0.000000 0.000000 0.000000 0.000000 0.000000 71.102707 70.511665 0.000000 0.000000 
0.000000 0.000000 0.000000 0.000000 0.000000 0.000000 0.000000 0.000000 0.000000 71.102707 71.102707 71.102707 71.102707 0.000000 
0.000000 0.000000 0.000000 0.000000 0.000000 0.000000 0.000000 0.000000 71.102707 71.102707 71.102707 71.102707 71.102707 0.000000 
0.000000 0.000000 0.000000 0.000000 0.000000 0.000000 0.000000 71.032127 71.102707 71.102707 70.928802 70.928802 71.102707 71.102707 
0.000000 0.000000 0.000000 0.000000 0.000000 0.000000 0.000000 71.102707 71.102707 71.102707 71.102707 71.102707 66.311523 71.102707 
0.000000 0.000000 0.000000 0.000000 0.000000 0.000000 71.102707 71.102707 71.102707 71.102707 71.102707 71.102707 71.102707 71.102707 
0.000000 0.000000 0.000000 0.000000 0.000000 0.000000 71.102707 71.102707 71.102707 71.102707 70.511665 71.102707 71.102707 71.102707 
0.000000 0.000000 0.000000 0.000000 0.000000 71.102707 71.032127 71.032127 59.493904 71.102707 71.102707 70.511665 71.102707 71.102707 
0.000000 0.000000 0.000000 0.000000 0.000000 71.102707 71.102707 71.102707 71.102707 71.102707 71.102707 71.102707 71.102707 66.311523 
0.000000 0.000000 0.000000 0.000000 0.000000 71.102707 71.102707 71.102707 71.102707 71.032127 70.928802 71.102707 71.102707 66.311523 
0.000000 0.000000 0.000000 0.000000 66.915916 71.102707 71.102707 71.102707 71.102707 71.102707 70.511665 71.102707 71.102707 71.102707 
0.000000 0.000000 0.000000 0.000000 71.102707 71.102707 71.032127 71.102707 71.102707 66.311523 71.102707 71.102707 71.102707 70.511665 
0.000000 0.000000 0.000000 0.000000 71.102707 71.102707 71.102707 71.102707 71.102707 71.102707 71.102707 71.102707 71.102707 70.511665 
0.000000 0.000000 0.000000 71.102707 71.102707 71.102707 70.717552 71.102707 71.102707 71.102707 71.102707 71.102707 71.102707 68.897270 
0.000000 0.000000 0.000000 54.690025 59.493904 71.102707 71.102707 71.102707 71.102707 71.102707 71.102707 71.102707 68.897270 70.928802 
0.000000 0.000000 0.000000 69.308998 71.102707 71.102707 71.102707 71.102707 71.102707 71.102707 71.102707 71.102707 48.216263 62.833141 
0.000000 0.000000 59.493904 69.308998 71.102707 63.610813 71.102707 71.102707 71.102707 71.102707 71.102707 71.102707 66.311523 0.000000 
0.000000 0.000000 43.620468 49.344860 71.102707 71.102707 71.102707 71.102707 71.102707 68.897270 71.102707 70.511665 68.897270 0.000000 
0.000000 0.000000 54.690025 63.610813 71.102707 59.493904 71.102707 71.102707 71.102707 71.102707 71.102707 62.833141 71.102707 0.000000 
0.000000 0.000000 66.915916 71.102707 71.102707 71.102707 71.102707 71.102707 71.102707 71.102707 68.897270 53.645779 53.645779 0.000000 
0.000000 0.000000 49.344860 66.915916 66.915916 71.102707 71.102707 71.102707 71.102707 68.897270 53.645779 62.833141 48.216263 0.000000 
0.000000 63.610813 63.610813 69.308998 71.102707 71.102707 71.102707 71.102707 71.102707 68.897270 68.897270 68.897270 68.897270 0.000000 
0.000000 43.620468 59.493904 71.102707 71.102707 71.102707 71.102707 71.102707 71.102707 70.511665 62.833141 53.645779 0.000000 0.000000 
0.000000 59.493904 66.915916 71.102707 66.915916 71.102707 71.102707 71.102707 71.102707 71.102707 66.311523 48.216263 0.000000 0.000000 
0.000000 49.344860 54.690025 71.102707 71.102707 71.102707 71.102707 71.102707 62.833141 70.511665 48.216263 48.216263 0.000000 0.000000 
0.000000 59.493904 66.915916 69.308998 71.102707 71.102707 71.102707 71.102707 66.311523 62.833141 53.645779 48.216263 0.000000 0.000000 
0.000000 49.344860 71.032127 71.102707 71.032127 71.102707 71.102707 70.511665 71.102707 53.645779 48.216263 0.000000 0.000000 0.000000 
0.000000 59.493904 63.610813 71.102707 71.102707 71.102707 71.102707 71.102707 68.897270 68.897270 53.645779 0.000000 0.000000 0.000000 
37.690369 43.620468 69.308998 71.102707 71.102707 71.102707 71.102707 71.102707 48.216263 48.216263 48.216263 0.000000 0.000000 0.000000 
54.690025 49.344860 54.690025 71.102707 71.102707 71.102707 71.102707 62.833141 66.311523 48.216263 48.216263 0.000000 0.000000 0.000000 
43.620468 63.610813 63.610813 70.717552 71.102707 70.511665 71.102707 53.645779 53.645779 53.645779 0.000000 0.000000 0.000000 0.000000 
43.620468 37.690369 71.032127 71.102707 71.102707 71.102707 71.102707 70.511665 53.645779 48.216263 0.000000 0.000000 0.000000 0.000000 
37.690369 49.344860 59.493904 66.915916 71.102707 71.102707 66.311523 48.216263 48.216263 53.645779 0.000000 0.000000 0.000000 0.000000 
37.690369 37.690369 69.308998 71.102707 71.102707 71.102707 71.102707 48.216263 53.645779 0.000000 0.000000 0.000000 0.000000 0.000000 
37.690369 43.620468 71.102707 71.102707 58.567974 71.102707 53.645779 48.216263 42.444550 0.000000 0.000000 0.000000 0.000000 0.000000 
43.620468 43.620468 69.308998 71.102707 71.102707 70.511665 48.216263 48.216263 0.000000 0.000000 0.000000 0.000000 0.000000 0.000000 
20.459812 43.620468 71.102707 71.102707 71.102707 70.928802 48.216263 42.444550 0.000000 0.000000 0.000000 0.000000 0.000000 0.000000 
20.459812 37.690369 71.102707 71.102707 68.897270 48.216263 48.216263 42.444550 0.000000 0.000000 0.000000 0.000000 0.000000 0.000000 
25.932247 43.620468 71.102707 71.102707 68.897270 48.216263 48.216263 0.000000 0.000000 0.000000 0.000000 0.000000 0.000000 0.000000 
20.459812 15.481723 71.102707 68.897270 53.645779 53.645779 2.409448 0.000000 0.000000 0.000000 0.000000 0.000000 0.000000 0.000000 
15.481723 20.459812 71.102707 62.833141 48.216263 2.952178 0.000000 0.000000 0.000000 0.000000 0.000000 0.000000 0.000000 0.000000 
0.000000 25.932247 71.102707 58.567974 2.409448 2.409448 0.000000 0.000000 0.000000 0.000000 0.000000 0.000000 0.000000 0.000000 
0.000000 1.599625 -1.000000 42.444550 2.409448 0.000000 0.000000 0.000000 0.000000 0.000000 0.000000 0.000000 0.000000 0.000000 
0.000000 1.436136 2.037767 2.409448 0.000000 0.000000 0.000000 0.000000 0.000000 0.000000 0.000000 0.000000 0.000000 0.000000 
