test/output/constant/M3M495_S060_A270_WD270.0_WS010.0/M3M495_S060_A270_WD270.0_WS010.0_arrival.asc
ncols         16
nrows         52
xllcorner     426503.990666
yllcorner     12748755.311160
cellsize      100.000000
NODATA_value  0.000000
0.000000 0.000000 0.000000 0.000000 0.000000 0.000000 0.000000 0.000000 0.000000 0.000000 0.000000 0.000000 166.041667 166.041241 166.041241 0.000000 
0.000000 0.000000 0.000000 0.000000 0.000000 0.000000 0.000000 0.000000 0.000000 0.000000 0.000000 166.041554 166.040617 166.040617 166.040617 166.041554 
0.000000 0.000000 0.000000 0.000000 0.000000 0.000000 0.000000 0.000000 0.000000 0.000000 0.000000 166.040304 166.039679 166.039679 166.039992 166.040929 
0.000000 0.000000 0.000000 0.000000 0.000000 0.000000 0.000000 0.000000 0.000000 0.000000 166.040929 166.039679 166.038742 166.038742 166.039054 166.040304 
0.000000 0.000000 0.000000 0.000000 0.000000 0.000000 0.000000 0.000000 0.000000 0.000000 166.039679 166.038429 166.038117 166.038117 166.038742 166.039992 
0.000000 0.000000 0.000000 0.000000 0.000000 0.000000 0.000000 0.000000 0.000000 166.040617 166.038429 166.037492 166.037180 166.037180 166.038117 166.039992 
0.000000 0.000000 0.000000 0.000000 0.000000 0.000000 0.000000 0.000000 0.000000 166.039367 166.037492 166.036555 166.036555 166.036555 166.037805 166.039679 
0.000000 0.000000 0.000000 0.000000 0.000000 0.000000 0.000000 0.000000 166.040304 166.037805 166.036242 166.035618 166.035618 166.035930 166.037180 166.039679 
0.000000 0.000000 0.000000 0.000000 0.000000 0.000000 0.000000 0.000000 166.039054 166.036555 166.035305 166.034680 166.034680 166.035618 166.037180 166.039367 
0.000000 0.000000 0.000000 0.000000 0.000000 0.000000 0.000000 166.040617 166.037492 166.035305 166.034368 166.034055 166.034055 166.034993 166.036867 166.039367 
0.000000 0.000000 0.000000 0.000000 0.000000 0.000000 0.000000 166.039054 166.036242 166.034368 166.033431 166.033118 166.033431 166.034368 166.036867 166.039367 
0.000000 0.000000 0.000000 0.000000 0.000000 0.000000 166.041241 166.037805 166.034993 166.033118 166.032493 166.032181 166.032806 166.034055 166.036555 166.039679 
0.000000 0.000000 0.000000 0.000000 0.000000 0.000000 166.039679 166.036242 166.033743 166.032181 166.031556 166.031556 166.032181 166.034055 166.036555 166.039679 
0.000000 0.000000 0.000000 0.000000 0.000000 0.000000 166.038117 166.034680 166.032181 166.030931 166.030619 166.030619 166.031556 166.033743 166.036555 166.040304 
0.000000 0.000000 0.000000 0.000000 0.000000 166.040929 166.036555 166.033431 166.031243 166.030306 166.029994 166.029994 166.031243 166.033743 166.036555 166.040617 
0.000000 0.000000 0.000000 0.000000 0.000000 166.039054 166.034993 166.032181 166.029994 166.029056 166.029056 166.029369 166.031243 166.033431 166.036867 166.041241 
0.000000 0.000000 0.000000 0.000000 0.000000 166.037492 166.033431 166.030619 166.028744 166.028119 166.028432 166.029056 166.030931 166.033431 166.037180 0.000000 
0.000000 0.000000 0.000000 0.000000 166.040617 166.035930 166.031868 166.029369 166.027807 166.027494 166.027494 166.028432 166.030931 166.033743 166.037805 0.000000 
0.000000 0.000000 0.000000 0.000000 166.039054 166.034055 166.030619 166.028119 166.026869 166.026557 166.026869 166.028119 166.030619 166.034055 166.038429 0.000000 
0.000000 0.000000 0.000000 0.000000 166.037180 166.032493 166.029056 166.026869 166.025932 166.025932 166.026245 166.028119 166.030619 166.034368 166.039054 0.000000 
0.000000 0.000000 0.000000 166.041241 166.035618 166.030931 166.027807 166.025620 166.024995 166.024995 166.025620 166.027807 166.030931 166.034993 166.039679 0.000000 
0.000000 0.000000 0.000000 166.039367 166.033743 166.029369 166.026245 166.024682 166.024057 166.024370 166.025307 166.027807 166.030931 166.035618 166.040617 0.000000 
0.000000 0.000000 0.000000 166.037492 166.032181 166.027807 166.024995 166.023433 166.023433 166.023433 166.025307 166.027807 166.031556 166.036242 0.000000 0.000000 
0.000000 0.000000 0.000000 166.035618 166.030306 166.026245 166.023745 166.022808 166.022495 166.023120 166.024995 166.027807 166.032181 166.037180 0.000000 0.000000 
0.000000 0.000000 166.040617 166.033743 166.028744 166.024995 166.022495 166.021870 166.021870 166.022495 166.024995 166.028119 166.032806 166.038117 0.000000 0.000000 
0.000000 0.000000 166.038742 166.031868 166.026869 166.023433 166.021246 166.020933 166.020933 166.022183 166.024682 166.028432 166.033431 166.039679 0.000000 0.000000 
0.000000 0.000000 166.036867 166.030306 166.025307 166.022183 166.020308 166.019996 166.020308 166.022183 166.024995 166.029056 166.034368 166.041554 0.000000 0.000000 
0.000000 0.000000 166.034993 166.028432 166.023745 166.020933 166.019371 166.019371 166.019996 166.021870 166.025307 166.029994 166.035930 0.000000 0.000000 0.000000 
0.000000 166.040929 166.032806 166.026557 166.022183 166.019371 166.018434 166.018434 166.019371 166.021870 166.025620 166.030619 166.037492 0.000000 0.000000 0.000000 
0.000000 166.038742 166.030931 166.024995 166.020621 166.018121 166.017809 166.017809 166.019371 166.022183 166.026245 166.031868 166.039679 0.000000 0.000000 0.000000 
0.000000 166.036867 166.029056 166.023120 166.019371 166.017184 166.016871 166.017184 166.019059 166.022495 166.027182 166.033431 0.000000 0.000000 0.000000 0.000000 
0.000000 166.034993 166.027182 166.021558 166.017809 166.016247 166.015934 166.016559 166.019059 166.022808 166.028119 166.035618 0.000000 0.000000 0.000000 0.000000 
0.000000 166.032806 166.025307 166.019683 166.016559 166.015309 166.015309 166.016247 166.019059 166.023433 166.029681 166.038117 0.000000 0.000000 0.000000 0.000000 
0.000000 166.030931 166.023120 166.018121 166.015309 166.014372 166.014372 166.016247 166.019371 166.024370 166.031556 166.041554 0.000000 0.000000 0.000000 0.000000 
0.000000 166.028744 166.021246 166.016559 166.014060 166.013747 166.014060 166.016247 166.019996 166.025620 166.033743 0.000000 0.000000 0.000000 0.000000 0.000000 
0.000000 166.026869 166.019683 166.014997 166.012810 166.012810 166.013435 166.016247 166.020621 166.027494 166.037180 0.000000 0.000000 0.000000 0.000000 0.000000 
166.039992 166.024995 166.017809 166.013747 166.011873 166.011873 166.013435 166.016559 166.021870 166.029681 166.041241 0.000000 0.000000 0.000000 0.000000 0.000000 
166.038117 166.022808 166.015934 166.012185 166.011248 166.011248 166.013122 166.017184 166.023433 166.033118 0.000000 0.000000 0.000000 0.000000 0.000000 0.000000 
166.035930 166.020933 166.014372 166.010935 166.010310 166.010623 166.013435 166.017809 166.025620 166.036867 0.000000 0.000000 0.000000 0.000000 0.000000 0.000000 
166.034055 166.018746 166.012497 166.009685 166.009373 166.010310 166.013747 166.019371 166.029056 166.041554 0.000000 0.000000 0.000000 0.000000 0.000000 0.000000 
166.032181 166.016871 166.010935 166.008748 166.008748 166.010310 166.014372 166.021558 166.033118 0.000000 0.000000 0.000000 0.000000 0.000000 0.000000 0.000000 
166.029994 166.014997 166.009373 166.007811 166.007811 166.010310 166.015622 166.024995 166.038117 0.000000 0.000000 0.000000 0.000000 0.000000 0.000000 0.000000 
166.028119 166.013122 166.007811 166.007186 166.007498 166.010935 166.017496 166.029056 0.000000 0.000000 0.000000 0.000000 0.000000 0.000000 0.000000 0.000000 
166.025932 166.010935 166.006561 166.006249 166.007498 166.011560 166.020621 166.034680 0.000000 0.000000 0.000000 0.000000 0.000000 0.000000 0.000000 0.000000 
166.024057 166.009061 166.005624 166.005311 166.007498 166.013435 166.025307 166.041554 0.000000 0.000000 0.000000 0.000000 0.000000 0.000000 0.000000 0.000000 
166.022495 166.007186 166.004687 166.004687 166.007811 166.016871 166.031243 0.000000 0.000000 0.000000 0.000000 0.000000 0.000000 0.000000 0.000000 0.000000 
166.020308 166.005311 166.003749 166.004374 166.009373 166.021870 166.040304 0.000000 0.000000 0.000000 0.000000 0.000000 0.000000 0.000000 0.000000 0.000000 
166.018434 166.003749 166.003124 166.004687 166.012810 166.029369 0.000000 0.000000 0.000000 0.000000 0.000000 0.000000 0.000000 0.000000 0.000000 0.000000 
166.017184 166.002499 166.002187 166.005311 166.018746 166.041241 0.000000 0.000000 0.000000 0.000000 0.000000 0.000000 0.000000 0.000000 0.000000 0.000000 
166.016559 166.001250 166.001562 166.008748 166.029681 0.000000 0.000000 0.000000 0.000000 0.000000 0.000000 0.000000 0.000000 0.000000 0.000000 0.000000 
166.018121 166.000625 166.001562 166.018434 0.000000 0.000000 0.000000 0.000000 0.000000 0.000000 0.000000 0.000000 0.000000 0.000000 0.000000 0.000000 
166.021870 166.000000 166.006561 166.038429 0.000000 0.000000 0.000000 0.000000 0.000000 0.000000 0.000000 0.000000 0.000000 0.000000 0.000000 0.000000 
