test/output/constant/M3M480_S060_A090_WD270.0_WS005.0/M3M480_S060_A090_WD270.0_WS005.0_intensity.asc
ncols         11
nrows         43
xllcorner     426403.990666
yllcorner     12744555.311160
cellsize      100.000000
NODATA_value  0.000000
0 886 0 909 0 0 0 0 0 0 0 
0 17274 61700 46834 909 0 0 0 0 0 0 
0 17274 61700 54787 37051 0 0 0 0 0 0 
17274 32409 61700 61700 42101 1518 0 0 0 0 0 
22081 22081 61700 61700 42101 3484 0 0 0 0 0 
17274 27178 61700 57765 59950 37051 37051 0 0 0 0 
17274 42643 61700 61700 46834 42101 42101 0 0 0 0 
32409 22081 61700 61700 61276 42101 42101 0 0 0 0 
17274 22081 61700 61700 61700 59950 42101 0 0 0 0 
27178 42643 42643 61700 61700 61276 42101 46834 0 0 0 
27178 37617 61700 61700 61700 61700 42101 42101 0 0 0 
42643 22081 58051 61700 61700 46834 61276 42101 0 0 0 
42643 27178 37617 61700 61700 61582 54787 42101 5744 0 0 
42643 22081 61700 61700 61700 51106 61700 42101 42101 0 0 
17274 47334 58051 61700 61700 61700 61700 61276 42101 0 0 
32409 32409 27178 61700 61700 61700 42101 42101 42101 0 0 
42643 32409 51548 61700 61700 61700 57765 61700 59950 0 0 
42643 27178 37617 61700 61700 61700 59950 61700 59950 0 0 
22081 47334 55157 61700 61700 61700 61700 46834 42101 1196 0 
22081 22081 42643 61700 61700 61700 61700 61700 59950 59950 0 
47334 47334 51548 61700 61700 61700 61700 46834 61700 59950 0 
42643 32409 37617 51548 61700 61276 61700 57765 42101 46834 0 
0 51548 55157 61700 61700 61700 61700 59950 42101 51106 0 
0 37617 42643 61700 61700 61700 61276 57765 54787 61700 0 
0 51548 51548 47334 61700 61700 61700 59950 51106 59950 0 
0 47334 47334 32409 61700 61700 61700 59950 46834 46834 57765 
0 51548 55157 61700 32409 61700 61700 59950 59950 42101 57765 
0 47334 47334 61369 32409 61700 61700 61700 61582 42101 54787 
0 55157 55157 51548 61700 61700 61700 61700 61276 42101 61700 
0 0 42643 61700 32409 61700 61700 61700 61700 57765 61700 
0 0 55157 60143 61700 61700 61700 59950 61700 51106 61700 
0 0 47334 42643 61700 61700 61700 61700 61700 59950 46834 
0 0 27178 61700 61700 61700 61700 61700 61700 61276 46834 
0 0 51548 60143 61628 61700 61700 61700 61700 61582 42101 
0 0 0 37617 27178 42643 61700 61700 61700 57765 54787 
0 0 0 61700 22081 22081 61700 61700 61700 61700 57765 
0 0 0 60143 61700 58051 61700 54787 61700 54787 46834 
0 0 0 0 51548 51548 61700 61700 61700 61700 54787 
0 0 0 0 61700 32409 61700 61700 61700 61700 0 
0 0 0 0 0 58051 61700 61700 61700 61700 0 
0 0 0 0 0 51548 61700 61700 61700 59950 0 
0 0 0 0 0 0 61700 61700 59950 61700 0 
0 0 0 0 0 0 61700 61700 61700 0 0 
