test/output/constant/M3M465_S060_A270_WD180.0_WS015.0/M3M465_S060_A270_WD180.0_WS015.0_arrival.asc
ncols         7
nrows         43
xllcorner     426303.990666
yllcorner     12748755.311160
cellsize      100.000000
NODATA_value  0.000000
0.000000 0.000000 166.041606 166.040821 166.041606 0.000000 0.000000 
0.000000 0.000000 166.040428 166.040036 166.040428 0.000000 0.000000 
0.000000 166.041606 166.039643 166.038858 166.039643 166.041606 0.000000 
0.000000 166.040821 166.038466 166.038073 166.038466 166.040821 0.000000 
0.000000 166.040036 166.037681 166.036896 166.037681 166.040036 0.000000 
0.000000 166.038858 166.036503 166.036111 166.036503 166.038858 0.000000 
0.000000 166.038073 166.035718 166.034933 166.035718 166.038073 0.000000 
166.041606 166.037288 166.034541 166.034148 166.034541 166.037288 166.041606 
166.040821 166.036111 166.033756 166.032971 166.033756 166.036111 166.040821 
166.040036 166.035326 166.032971 166.032186 166.032971 166.035326 166.040036 
166.039251 166.034541 166.031793 166.031008 166.031793 166.034541 166.039251 
166.038858 166.033363 166.031008 166.030223 166.031008 166.033363 166.038858 
166.038073 166.032578 166.029831 166.029046 166.029831 166.032578 166.038073 
166.037288 166.031793 166.029046 166.028261 166.029046 166.031793 166.037288 
166.036503 166.031008 166.027868 166.027083 166.027868 166.031008 166.036503 
166.036111 166.029831 166.027083 166.026298 166.027083 166.029831 166.036111 
166.035326 166.029046 166.025906 166.025121 166.025906 166.029046 166.035326 
166.034541 166.028261 166.025121 166.024336 166.025121 166.028261 166.034541 
166.034148 166.027476 166.023943 166.023158 166.023943 166.027476 166.034148 
166.033363 166.026298 166.023158 166.022373 166.023158 166.026298 166.033363 
166.032578 166.025513 166.021981 166.021195 166.021981 166.025513 166.032578 
166.032186 166.024728 166.021195 166.020410 166.021195 166.024728 166.032186 
166.032186 166.024336 166.020018 166.019233 166.020018 166.024336 166.032186 
166.031793 166.023551 166.019233 166.018448 166.019233 166.023551 166.031793 
166.031793 166.022766 166.018055 166.017270 166.018055 166.022766 166.031793 
166.032186 166.021981 166.017270 166.016485 166.017270 166.021981 166.032186 
166.032186 166.021195 166.016093 166.015308 166.016093 166.021195 166.032186 
166.032578 166.020803 166.015308 166.014523 166.015308 166.020803 166.032578 
166.033363 166.020018 166.014523 166.013345 166.014523 166.020018 166.033363 
166.033756 166.019625 166.013345 166.012560 166.013345 166.019625 166.033756 
166.034933 166.019233 166.012560 166.011383 166.012560 166.019233 166.034933 
166.036503 166.019233 166.011775 166.010598 166.011775 166.019233 166.036503 
166.038073 166.019233 166.010598 166.009420 166.010598 166.019233 166.038073 
166.040428 166.019625 166.009813 166.008635 166.009813 166.019625 166.040428 
0.000000 166.020018 166.009028 166.007458 166.009028 166.020018 0.000000 
0.000000 166.021195 166.008243 166.006673 166.008243 166.021195 0.000000 
0.000000 166.022766 166.007458 166.005495 166.007458 166.022766 0.000000 
0.000000 166.025513 166.007065 166.004710 166.007065 166.025513 0.000000 
0.000000 166.029831 166.006673 166.003533 166.006673 166.029831 0.000000 
0.000000 166.036503 166.006673 166.002748 166.006673 166.036503 0.000000 
0.000000 0.000000 166.007458 166.001570 166.007458 0.000000 0.000000 
0.000000 0.000000 166.010990 166.000785 166.010990 0.000000 0.000000 
0.000000 0.000000 166.028653 166.000000 166.028653 0.000000 0.000000 
