test/output/constant/M3M480_S000_A000_WD315.0_WS015.0/M3M480_S000_A000_WD315.0_WS015.0_arrival.asc
ncols         16
nrows         16
xllcorner     426303.990666
yllcorner     12747555.311160
cellsize      100.000000
NODATA_value  0.000000
0.000000 0.000000 0.000000 166.041667 166.041667 0.000000 0.000000 0.000000 0.000000 0.000000 0.000000 0.000000 0.000000 0.000000 0.000000 0.000000 
0.000000 166.035696 166.027297 166.025198 166.026247 166.029397 166.034647 166.040946 0.000000 0.000000 0.000000 0.000000 0.000000 0.000000 0.000000 0.000000 
0.000000 166.027297 166.012599 166.008399 166.010499 166.015748 166.022048 166.028347 166.035696 166.041667 0.000000 0.000000 0.000000 0.000000 0.000000 0.000000 
166.041667 166.025198 166.008399 166.000000 166.002100 166.007349 166.013649 166.019948 166.026247 166.032547 166.039896 0.000000 0.000000 0.000000 0.000000 0.000000 
166.041667 166.026247 166.010499 166.002100 166.002100 166.005249 166.009449 166.014699 166.019948 166.026247 166.032547 166.038846 0.000000 0.000000 0.000000 0.000000 
0.000000 166.029397 166.015748 166.007349 166.005249 166.006299 166.009449 166.012599 166.016798 166.022048 166.027297 166.033597 166.039896 0.000000 0.000000 0.000000 
0.000000 166.034647 166.022048 166.013649 166.009449 166.009449 166.009449 166.012599 166.015748 166.019948 166.025198 166.029397 166.035696 166.040946 0.000000 0.000000 
0.000000 166.040946 166.028347 166.019948 166.014699 166.012599 166.012599 166.013649 166.015748 166.019948 166.023098 166.027297 166.032547 166.037796 0.000000 0.000000 
0.000000 0.000000 166.035696 166.026247 166.019948 166.016798 166.015748 166.015748 166.016798 166.019948 166.023098 166.026247 166.030447 166.034647 166.039896 0.000000 
0.000000 0.000000 166.041667 166.032547 166.026247 166.022048 166.019948 166.019948 166.019948 166.020998 166.023098 166.026247 166.030447 166.033597 166.037796 0.000000 
0.000000 0.000000 0.000000 166.039896 166.032547 166.027297 166.025198 166.023098 166.023098 166.023098 166.024148 166.027297 166.030447 166.033597 166.037796 166.040946 
0.000000 0.000000 0.000000 0.000000 166.038846 166.033597 166.029397 166.027297 166.026247 166.026247 166.027297 166.028347 166.031497 166.033597 166.036746 166.040946 
0.000000 0.000000 0.000000 0.000000 0.000000 166.039896 166.035696 166.032547 166.030447 166.030447 166.030447 166.031497 166.032547 166.034647 166.037796 166.040946 
0.000000 0.000000 0.000000 0.000000 0.000000 0.000000 166.040946 166.037796 166.034647 166.033597 166.033597 166.033597 166.034647 166.035696 166.037796 166.040946 
0.000000 0.000000 0.000000 0.000000 0.000000 0.000000 0.000000 0.000000 166.039896 166.037796 166.037796 166.036746 166.037796 166.037796 166.039896 166.041667 
0.000000 0.000000 0.000000 0.000000 0.000000 0.000000 0.000000 0.000000 0.000000 0.000000 166.040946 166.040946 166.040946 166.040946 166.041667 0.000000 
