test/output/constant/M3M400_S060_A270_WD000.0_WS015.0/M3M400_S060_A270_WD000.0_WS015.0_arrival.asc
ncols         11
nrows         38
xllcorner     426103.990666
yllcorner     12748555.311160
cellsize      100.000000
NODATA_value  0.000000
0.000000 0.000000 0.000000 0.000000 166.041211 166.041211 166.041211 0.000000 0.000000 0.000000 0.000000 
0.000000 0.000000 0.000000 166.041211 166.040264 166.039790 166.040264 166.041211 0.000000 0.000000 0.000000 
0.000000 0.000000 166.041667 166.039790 166.038843 166.038843 166.038843 166.039790 166.041667 0.000000 0.000000 
0.000000 0.000000 166.040264 166.038843 166.037896 166.037422 166.037896 166.038843 166.040264 0.000000 0.000000 
0.000000 166.041667 166.039317 166.037422 166.036474 166.036474 166.036474 166.037422 166.039317 166.041667 0.000000 
0.000000 166.040738 166.038369 166.036474 166.035527 166.035053 166.035527 166.036474 166.038369 166.040738 0.000000 
0.000000 166.039790 166.036948 166.035527 166.034106 166.034106 166.034106 166.035527 166.036948 166.039790 0.000000 
0.000000 166.038843 166.036001 166.034106 166.033159 166.032685 166.033159 166.034106 166.036001 166.038843 0.000000 
166.041667 166.037896 166.035053 166.033159 166.031738 166.031738 166.031738 166.033159 166.035053 166.037896 166.041667 
166.040738 166.036948 166.033632 166.031738 166.030790 166.030316 166.030790 166.031738 166.033632 166.036948 166.040738 
166.040264 166.036001 166.032685 166.030790 166.029369 166.029369 166.029369 166.030790 166.032685 166.036001 166.040264 
166.039317 166.035053 166.031738 166.029369 166.028422 166.027948 166.028422 166.029369 166.031738 166.035053 166.039317 
166.038369 166.034106 166.030790 166.028422 166.027001 166.027001 166.027001 166.028422 166.030790 166.034106 166.038369 
166.037896 166.033159 166.029369 166.027001 166.026053 166.025580 166.026053 166.027001 166.029369 166.033159 166.037896 
166.036948 166.032685 166.028422 166.026053 166.024632 166.024632 166.024632 166.026053 166.028422 166.032685 166.036948 
166.036474 166.031738 166.027474 166.025106 166.023685 166.023211 166.023685 166.025106 166.027474 166.031738 166.036474 
166.036001 166.030790 166.026527 166.023685 166.022264 166.022264 166.022264 166.023685 166.026527 166.030790 166.036001 
166.036001 166.029843 166.025580 166.022737 166.021316 166.020843 166.021316 166.022737 166.025580 166.029843 166.036001 
166.035527 166.029369 166.024632 166.021790 166.019895 166.019895 166.019895 166.021790 166.024632 166.029369 166.035527 
166.035527 166.028895 166.024158 166.020369 166.018948 166.018474 166.018948 166.020369 166.024158 166.028895 166.035527 
166.035527 166.028422 166.023211 166.019421 166.017527 166.017527 166.017527 166.019421 166.023211 166.028422 166.035527 
166.035527 166.027948 166.022264 166.018474 166.016579 166.016106 166.016579 166.018474 166.022264 166.027948 166.035527 
166.036001 166.027948 166.021790 166.017527 166.015632 166.015158 166.015632 166.017527 166.021790 166.027948 166.036001 
166.036474 166.027948 166.020843 166.016579 166.014211 166.013737 166.014211 166.016579 166.020843 166.027948 166.036474 
166.036948 166.027948 166.020369 166.015632 166.013263 166.012790 166.013263 166.015632 166.020369 166.027948 166.036948 
166.037896 166.027948 166.019895 166.014685 166.011842 166.011369 166.011842 166.014685 166.019895 166.027948 166.037896 
166.039317 166.028422 166.019895 166.013737 166.010895 166.010421 166.010895 166.013737 166.019895 166.028422 166.039317 
166.041667 166.029369 166.019895 166.013263 166.009474 166.009000 166.009474 166.013263 166.019895 166.029369 166.041667 
0.000000 166.030316 166.019895 166.012316 166.008527 166.008053 166.008527 166.012316 166.019895 166.030316 0.000000 
0.000000 166.032685 166.020843 166.012316 166.007579 166.006632 166.007579 166.012316 166.020843 166.032685 0.000000 
0.000000 166.035527 166.021790 166.011842 166.006158 166.005684 166.006158 166.011842 166.021790 166.035527 0.000000 
0.000000 166.039317 166.023685 166.012316 166.005211 166.004263 166.005211 166.012316 166.023685 166.039317 0.000000 
0.000000 0.000000 166.027001 166.012790 166.004737 166.003316 166.004737 166.012790 166.027001 0.000000 0.000000 
0.000000 0.000000 166.032211 166.015158 166.004263 166.001895 166.004263 166.015158 166.032211 0.000000 0.000000 
0.000000 0.000000 166.038843 166.019895 166.004263 166.000947 166.004263 166.019895 166.038843 0.000000 0.000000 
0.000000 0.000000 0.000000 166.027474 166.007105 166.000000 166.007105 166.027474 0.000000 0.000000 0.000000 
0.000000 0.000000 0.000000 166.041667 166.020369 166.013263 166.020369 166.041667 0.000000 0.000000 0.000000 
0.000000 0.000000 0.000000 0.000000 0.000000 166.039790 0.000000 0.000000 0.000000 0.000000 0.000000 
