test/output/constant/M470_S060_A000_WD045.0_WS010.0/M470_S060_A000_WD045.0_WS010.0_arrival.asc
ncols         25
nrows         8
xllcorner     424203.990666
yllcorner     12748155.311160
cellsize      100.000000
NODATA_value  0.000000
0.000000 0.000000 0.000000 0.000000 0.000000 0.000000 0.000000 0.000000 0.000000 0.000000 0.000000 0.000000 0.000000 0.000000 166.041123 166.038470 166.035817 166.033164 166.029847 166.028521 166.025868 166.025204 166.024541 166.026531 0.000000 
0.000000 0.000000 0.000000 0.000000 0.000000 0.000000 0.000000 0.000000 166.040460 166.037143 166.034490 166.031174 166.028521 166.025868 166.022551 166.019898 166.017245 166.013929 166.011276 166.008623 166.006633 166.004643 166.002653 166.001327 166.000000 
0.000000 0.000000 0.000000 0.000000 0.000000 166.039133 166.036480 166.033827 166.031174 166.028521 166.025868 166.023878 166.021225 166.018572 166.016582 166.014592 166.013265 166.011276 166.009949 166.007959 166.005969 166.004643 166.003980 166.003980 166.015919 
0.000000 0.000000 166.041123 166.038470 166.035817 166.033164 166.031174 166.029184 166.027194 166.025204 166.023215 166.021888 166.019898 166.017908 166.016582 166.014592 166.013265 166.011939 166.011276 166.011276 166.011939 166.014592 166.023215 0.000000 0.000000 
166.041123 166.039133 166.037143 166.035154 166.033827 166.031837 166.029847 166.028521 166.026531 166.025204 166.023215 166.021888 166.020562 166.019235 166.018572 166.018572 166.019235 166.019235 166.021225 166.025204 166.033827 0.000000 0.000000 0.000000 0.000000 
166.040460 166.038470 166.037143 166.035154 166.033827 166.031837 166.030511 166.029184 166.027858 166.027194 166.026531 166.025868 166.025868 166.026531 166.027194 166.028521 166.031837 166.036480 0.000000 0.000000 0.000000 0.000000 0.000000 0.000000 0.000000 
166.040460 166.039133 166.037807 166.036480 166.035154 166.034490 166.033827 166.033164 166.033164 166.033827 166.034490 166.035154 166.035817 166.038470 0.000000 0.000000 0.000000 0.000000 0.000000 0.000000 0.000000 0.000000 0.000000 0.000000 0.000000 
0.000000 0.000000 166.041123 166.041123 166.040460 166.041123 166.041123 166.041667 0.000000 0.000000 0.000000 0.000000 0.000000 0.000000 0.000000 0.000000 0.000000 0.000000 0.000000 0.000000 0.000000 0.000000 0.000000 0.000000 0.000000 
