test/output/constant/M485_S060_A270_WD225.0_WS015.0/M485_S060_A270_WD225.0_WS015.0_arrival.asc
ncols         12
nrows         35
xllcorner     426503.990666
yllcorner     12748755.311160
cellsize      100.000000
NODATA_value  0.000000
0.000000 0.000000 0.000000 0.000000 0.000000 0.000000 0.000000 0.000000 0.000000 166.041375 166.041375 0.000000 
0.000000 0.000000 0.000000 0.000000 0.000000 0.000000 0.000000 0.000000 166.040435 166.039965 166.040435 0.000000 
0.000000 0.000000 0.000000 0.000000 0.000000 0.000000 0.000000 166.040905 166.039025 166.039025 166.039495 0.000000 
0.000000 0.000000 0.000000 0.000000 0.000000 0.000000 0.000000 166.039025 166.037614 166.037614 166.038554 0.000000 
0.000000 0.000000 0.000000 0.000000 0.000000 0.000000 166.040435 166.037144 166.036203 166.036203 166.038084 0.000000 
0.000000 0.000000 0.000000 0.000000 0.000000 0.000000 166.038084 166.035733 166.035263 166.035263 166.038084 166.041667 
0.000000 0.000000 0.000000 0.000000 0.000000 166.040435 166.036203 166.034323 166.033853 166.034793 166.037614 0.000000 
0.000000 0.000000 0.000000 0.000000 0.000000 166.038084 166.034323 166.032912 166.032912 166.033853 166.037614 0.000000 
0.000000 0.000000 0.000000 0.000000 0.000000 166.035733 166.032442 166.031502 166.031502 166.033382 166.037614 0.000000 
0.000000 0.000000 0.000000 0.000000 166.039495 166.033853 166.030561 166.030091 166.030561 166.033382 166.037614 0.000000 
0.000000 0.000000 0.000000 0.000000 166.036674 166.031502 166.029151 166.029151 166.029621 166.032912 166.038554 0.000000 
0.000000 0.000000 0.000000 166.041667 166.034323 166.029621 166.027740 166.027740 166.029151 166.032912 166.039495 0.000000 
0.000000 0.000000 0.000000 166.039025 166.031972 166.027740 166.026800 166.026800 166.029151 166.033382 166.040435 0.000000 
0.000000 0.000000 0.000000 166.036203 166.029621 166.025860 166.025389 166.025860 166.028681 166.033853 166.041375 0.000000 
0.000000 0.000000 0.000000 166.033382 166.027270 166.024449 166.023979 166.024919 166.028681 166.034793 0.000000 0.000000 
0.000000 0.000000 166.039965 166.031032 166.025389 166.023039 166.023039 166.024449 166.029151 166.036203 0.000000 0.000000 
0.000000 0.000000 166.037144 166.028210 166.023039 166.021628 166.021628 166.024449 166.029621 166.037614 0.000000 0.000000 
0.000000 0.000000 166.033853 166.025389 166.021158 166.020688 166.021158 166.024449 166.030561 166.039965 0.000000 0.000000 
0.000000 0.000000 166.031032 166.023039 166.019747 166.019277 166.020218 166.024449 166.031972 0.000000 0.000000 0.000000 
0.000000 166.039965 166.027740 166.020688 166.017867 166.017867 166.020218 166.024919 166.033853 0.000000 0.000000 0.000000 
0.000000 166.037144 166.025389 166.018807 166.016926 166.016926 166.019747 166.026330 166.036674 0.000000 0.000000 0.000000 
0.000000 166.033853 166.022568 166.016456 166.015516 166.015986 166.020218 166.027740 166.040435 0.000000 0.000000 0.000000 
0.000000 166.030561 166.019747 166.014575 166.014105 166.015516 166.020688 166.030091 0.000000 0.000000 0.000000 0.000000 
0.000000 166.027270 166.016926 166.013165 166.013165 166.015516 166.022098 166.033853 0.000000 0.000000 0.000000 0.000000 
0.000000 166.023979 166.014575 166.011754 166.011754 166.015986 166.023979 166.039965 0.000000 0.000000 0.000000 0.000000 
0.000000 166.020688 166.012225 166.010814 166.011284 166.016456 166.027270 0.000000 0.000000 0.000000 0.000000 0.000000 
0.000000 166.017867 166.009874 166.009403 166.011284 166.017867 166.033382 0.000000 0.000000 0.000000 0.000000 0.000000 
166.041667 166.014575 166.008463 166.007993 166.011284 166.021158 166.040905 0.000000 0.000000 0.000000 0.000000 0.000000 
166.039495 166.011284 166.007053 166.007053 166.012225 166.026800 0.000000 0.000000 0.000000 0.000000 0.000000 0.000000 
166.036203 166.008463 166.005642 166.007053 166.014575 166.035263 0.000000 0.000000 0.000000 0.000000 0.000000 0.000000 
166.032912 166.005642 166.004702 166.007053 166.020218 0.000000 0.000000 0.000000 0.000000 0.000000 0.000000 0.000000 
166.031502 166.003291 166.003291 166.007993 166.031502 0.000000 0.000000 0.000000 0.000000 0.000000 0.000000 0.000000 
166.030561 166.001881 166.002351 166.014575 0.000000 0.000000 0.000000 0.000000 0.000000 0.000000 0.000000 0.000000 
166.031032 166.000940 166.002351 166.031972 0.000000 0.000000 0.000000 0.000000 0.000000 0.000000 0.000000 0.000000 
0.000000 166.000000 166.012225 0.000000 0.000000 0.000000 0.000000 0.000000 0.000000 0.000000 0.000000 0.000000 
