test/output/constant/M395_S060_A180_WD225.0_WS005.0/M395_S060_A180_WD225.0_WS005.0_arrival.asc
ncols         59
nrows         12
xllcorner     426603.990666
yllcorner     12748455.311160
cellsize      100.000000
NODATA_value  0.000000
0.000000 0.000000 0.000000 0.000000 0.000000 0.000000 0.000000 0.000000 0.000000 0.000000 0.000000 0.000000 0.000000 0.000000 0.000000 0.000000 0.000000 0.000000 0.000000 0.000000 0.000000 0.000000 0.000000 0.000000 0.000000 0.000000 0.000000 0.000000 0.000000 166.041477 166.040908 166.040340 166.039772 166.039204 166.038920 166.038920 166.038920 166.038920 166.039204 166.039204 166.039204 166.039488 166.039488 166.039772 166.039772 166.040056 166.040056 166.040340 166.040624 166.040908 166.041477 0.000000 0.000000 0.000000 0.000000 0.000000 0.000000 0.000000 0.000000 
0.000000 0.000000 0.000000 0.000000 0.000000 0.000000 0.000000 0.000000 0.000000 0.000000 0.000000 0.000000 0.000000 0.000000 0.000000 0.000000 0.000000 0.000000 0.000000 0.000000 0.000000 166.040340 166.039204 166.037784 166.036931 166.036079 166.035227 166.034943 166.034374 166.033806 166.033806 166.033806 166.033806 166.033806 166.034090 166.034090 166.034090 166.034374 166.034659 166.034659 166.034943 166.034943 166.035227 166.035795 166.036079 166.036647 166.036931 166.037499 166.037784 166.038352 166.038920 166.039204 166.040056 166.040340 166.040908 166.041477 0.000000 0.000000 0.000000 
0.000000 0.000000 0.000000 0.000000 0.000000 0.000000 0.000000 0.000000 0.000000 0.000000 0.000000 0.000000 0.000000 0.000000 0.000000 166.039204 166.036931 166.035227 166.033806 166.032670 166.031534 166.030681 166.029829 166.029261 166.028977 166.028693 166.028693 166.028693 166.028693 166.028693 166.028977 166.028977 166.029261 166.029261 166.029545 166.029829 166.030113 166.030397 166.030965 166.031250 166.031818 166.032102 166.032670 166.033238 166.033806 166.034374 166.034659 166.035227 166.035795 166.036363 166.036931 166.037499 166.038068 166.038636 166.039204 166.039772 166.040624 166.040908 166.041477 
0.000000 0.000000 0.000000 0.000000 0.000000 0.000000 0.000000 0.000000 0.000000 0.000000 166.038920 166.035511 166.032670 166.030397 166.028693 166.027272 166.026136 166.025000 166.024431 166.023863 166.023579 166.023579 166.023579 166.023579 166.023579 166.023863 166.023863 166.024147 166.024147 166.024431 166.024716 166.025284 166.025568 166.026136 166.026420 166.026988 166.027556 166.028125 166.028693 166.028977 166.029829 166.030113 166.030681 166.031534 166.031818 166.032386 166.033238 166.033806 166.034374 166.034943 166.035795 166.036363 166.037215 166.037784 166.038352 166.039204 166.039772 166.040624 166.041193 
0.000000 0.000000 0.000000 0.000000 0.000000 0.000000 166.038636 166.032954 166.028977 166.026136 166.023579 166.022159 166.020738 166.019602 166.019034 166.018466 166.018182 166.018182 166.018466 166.018466 166.018466 166.018750 166.019034 166.019318 166.019602 166.019886 166.020454 166.021022 166.021591 166.021875 166.022443 166.023011 166.023579 166.024147 166.024716 166.025284 166.025852 166.026420 166.026988 166.027840 166.028409 166.029261 166.029829 166.030397 166.031250 166.032102 166.032670 166.033522 166.034090 166.034943 166.035511 166.036363 166.036931 166.037784 166.038352 166.039204 166.039772 166.040624 166.041193 
0.000000 0.000000 0.000000 166.038068 166.028693 166.023011 166.019602 166.017045 166.015341 166.014204 166.013636 166.013068 166.013068 166.013068 166.013352 166.013352 166.013636 166.013920 166.014204 166.014773 166.015341 166.015909 166.016193 166.017045 166.017329 166.017897 166.018750 166.019318 166.019886 166.020454 166.021307 166.021875 166.022727 166.023295 166.024147 166.024716 166.025568 166.026136 166.026988 166.027556 166.028409 166.028977 166.029829 166.030681 166.031250 166.032102 166.032670 166.033522 166.034090 166.034943 166.035511 166.036363 166.037215 166.038068 166.038636 166.039488 166.040056 166.040908 166.041667 
0.000000 166.031250 166.019602 166.013068 166.010511 166.008807 166.007954 166.007954 166.007954 166.007954 166.008239 166.008523 166.009091 166.009659 166.010227 166.010795 166.011363 166.011932 166.012784 166.013352 166.014204 166.014773 166.015625 166.016193 166.017045 166.017613 166.018466 166.019034 166.019886 166.020454 166.021307 166.021875 166.022727 166.023295 166.024147 166.025000 166.025568 166.026420 166.026988 166.027840 166.028693 166.029261 166.030113 166.030965 166.031818 166.032386 166.033238 166.034090 166.034943 166.035795 166.036363 166.037215 166.038068 166.038920 166.039772 166.040624 166.041477 0.000000 0.000000 
166.011648 166.003693 166.002841 166.002841 166.003125 166.003409 166.003977 166.004829 166.005398 166.006250 166.006818 166.007670 166.008239 166.009091 166.009943 166.010511 166.011363 166.011932 166.012784 166.013352 166.014204 166.014773 166.015625 166.016193 166.017045 166.017897 166.018750 166.019318 166.020170 166.021022 166.021875 166.022443 166.023295 166.024147 166.025000 166.025852 166.026704 166.027556 166.028409 166.029261 166.029829 166.030681 166.031534 166.032386 166.033238 166.034090 166.034943 166.035795 166.036647 166.037499 166.038352 166.039204 166.040056 166.040908 166.041667 0.000000 0.000000 0.000000 0.000000 
166.000000 166.000568 166.001136 166.001989 166.002557 166.003409 166.003977 166.004829 166.005398 166.006250 166.007102 166.007954 166.008807 166.009375 166.010227 166.011079 166.011932 166.012784 166.013636 166.014488 166.015341 166.016193 166.017045 166.017897 166.018750 166.019602 166.020454 166.021307 166.022159 166.023011 166.023863 166.024716 166.025568 166.026420 166.027272 166.028125 166.028977 166.029545 166.030397 166.031250 166.032102 166.032954 166.033806 166.034659 166.035511 166.036363 166.037215 166.038068 166.038920 166.039772 166.040624 166.041477 0.000000 0.000000 0.000000 0.000000 0.000000 0.000000 0.000000 
166.017045 166.009659 166.007670 166.007102 166.007386 166.007670 166.007954 166.008523 166.009091 166.009659 166.010511 166.011363 166.012216 166.013068 166.013920 166.014773 166.015625 166.016477 166.017329 166.018182 166.019034 166.019886 166.020738 166.021591 166.022443 166.023295 166.024147 166.025000 166.025852 166.026704 166.027556 166.028409 166.029261 166.030113 166.030965 166.031818 166.032670 166.033238 166.034090 166.034943 166.035795 166.036647 166.037499 166.038352 166.039204 166.040056 166.040908 0.000000 0.000000 0.000000 0.000000 0.000000 0.000000 0.000000 0.000000 0.000000 0.000000 0.000000 0.000000 
0.000000 0.000000 166.035795 166.028977 166.025000 166.023011 166.021875 166.021022 166.020738 166.020454 166.020738 166.021022 166.021307 166.021591 166.021875 166.022443 166.022727 166.023295 166.023579 166.024147 166.024716 166.025568 166.026136 166.026704 166.027556 166.028125 166.028977 166.029829 166.030397 166.031250 166.032102 166.032954 166.033806 166.034659 166.035511 166.036363 166.037215 166.038068 166.038920 166.039772 166.040624 166.041477 0.000000 0.000000 0.000000 0.000000 0.000000 0.000000 0.000000 0.000000 0.000000 0.000000 0.000000 0.000000 0.000000 0.000000 0.000000 0.000000 0.000000 
0.000000 0.000000 0.000000 0.000000 0.000000 0.000000 0.000000 166.040624 166.038920 166.037215 166.036079 166.035227 166.034659 166.034374 166.033806 166.033806 166.034090 166.034374 166.034659 166.034943 166.034943 166.035511 166.035795 166.036079 166.036647 166.036931 166.037499 166.037784 166.038352 166.038920 166.039488 166.040056 166.040624 166.041193 0.000000 0.000000 0.000000 0.000000 0.000000 0.000000 0.000000 0.000000 0.000000 0.000000 0.000000 0.000000 0.000000 0.000000 0.000000 0.000000 0.000000 0.000000 0.000000 0.000000 0.000000 0.000000 0.000000 0.000000 0.000000 
