test/output/constant/C1_S060_A180_WD270.0_WS040.0/C1_S060_A180_WD270.0_WS040.0_arrival.asc
ncols         41
nrows         7
xllcorner     426603.990666
yllcorner     12748455.311160
cellsize      100.000000
NODATA_value  0.000000
0.000000 0.000000 0.000000 0.000000 0.000000 0.000000 0.000000 0.000000 0.000000 0.000000 166.039996 166.037891 166.036628 166.035786 166.034944 166.034523 166.034102 166.034102 166.033681 166.033681 166.034102 166.034102 166.034944 166.035365 166.036207 166.036628 166.037470 166.038312 166.039154 166.039996 166.040417 166.041259 0.000000 0.000000 0.000000 0.000000 0.000000 0.000000 0.000000 0.000000 0.000000 
0.000000 0.000000 0.000000 166.039154 166.031576 166.026945 166.023998 166.022314 166.021472 166.020630 166.020630 166.020209 166.020630 166.020630 166.021472 166.022314 166.022735 166.023577 166.024419 166.024840 166.025682 166.026524 166.027366 166.028208 166.029050 166.030313 166.031155 166.031997 166.032839 166.033681 166.034944 166.035786 166.036628 166.037891 166.038733 166.039575 166.040838 166.041667 0.000000 0.000000 0.000000 
0.000000 166.012209 166.007999 166.007157 166.007157 166.007157 166.007999 166.008841 166.009683 166.010525 166.011367 166.012630 166.013472 166.014314 166.015577 166.016420 166.017262 166.018525 166.019367 166.020630 166.021472 166.022735 166.023577 166.024840 166.025682 166.026945 166.027787 166.029050 166.029892 166.031155 166.031997 166.033260 166.034102 166.035365 166.036207 166.037049 166.038312 166.039154 166.040417 166.041259 0.000000 
166.000000 166.000842 166.001684 166.002947 166.003789 166.005052 166.005894 166.007157 166.007999 166.009262 166.010104 166.011367 166.012209 166.013472 166.014314 166.015577 166.016420 166.017683 166.018525 166.019788 166.020630 166.021893 166.022735 166.023998 166.024840 166.026103 166.026945 166.028208 166.029050 166.030313 166.031155 166.032418 166.033260 166.034523 166.035365 166.036628 166.037470 166.038733 166.039575 166.040838 166.041667 
0.000000 166.012209 166.007999 166.007157 166.007157 166.007157 166.007999 166.008841 166.009683 166.010525 166.011367 166.012630 166.013472 166.014314 166.015577 166.016420 166.017262 166.018525 166.019367 166.020630 166.021472 166.022735 166.023577 166.024840 166.025682 166.026945 166.027787 166.029050 166.029892 166.031155 166.031997 166.033260 166.034102 166.035365 166.036207 166.037049 166.038312 166.039154 166.040417 166.041259 0.000000 
0.000000 0.000000 0.000000 166.039154 166.031576 166.026945 166.023998 166.022314 166.021472 166.020630 166.020630 166.020209 166.020630 166.020630 166.021472 166.022314 166.022735 166.023577 166.024419 166.024840 166.025682 166.026524 166.027366 166.028208 166.029050 166.030313 166.031155 166.031997 166.032839 166.033681 166.034944 166.035786 166.036628 166.037891 166.038733 166.039575 166.040838 166.041667 0.000000 0.000000 0.000000 
0.000000 0.000000 0.000000 0.000000 0.000000 0.000000 0.000000 0.000000 0.000000 0.000000 166.039996 166.037891 166.036628 166.035786 166.034944 166.034523 166.034102 166.034102 166.033681 166.033681 166.034102 166.034102 166.034944 166.035365 166.036207 166.036628 166.037470 166.038312 166.039154 166.039996 166.040417 166.041259 0.000000 0.000000 0.000000 0.000000 0.000000 0.000000 0.000000 0.000000 0.000000 
