test/output/constant/M380_S060_A090_WD225.0_WS045.0/M380_S060_A090_WD225.0_WS045.0_intensity.asc
ncols         33
nrows         12
xllcorner     426503.990666
yllcorner     12747855.311160
cellsize      100.000000
NODATA_value  0.000000
0 0 0 13697 13697 17232 13697 10504 24898 0 0 0 0 0 0 0 0 0 0 0 0 0 0 0 0 0 0 0 0 0 0 0 0 
1543 1543 10504 17232 24898 17232 24898 24898 24898 28799 32587 28799 24898 28799 28799 32587 21003 0 0 0 0 0 0 0 0 0 0 0 0 0 0 0 0 
1932 0 47573 47573 47573 10504 44448 21003 46138 47573 47573 47573 13697 13697 10504 13697 46138 44448 46138 32587 44448 28799 0 0 0 0 0 0 0 0 0 0 0 
1475 1475 44761 47573 47573 47573 47573 47573 24898 39376 32587 47573 47573 47464 21003 28799 17232 28799 47573 17232 24898 28799 47573 17232 10504 0 0 0 0 0 0 0 0 
0 2293 33182 2760 44761 47518 47573 47573 47573 47573 47573 47573 47573 47573 42170 47573 47573 44448 47573 36149 39376 21003 28799 24898 28799 21003 47464 47573 0 0 0 0 0 
0 0 2293 29425 39859 39859 39859 44761 46352 47573 47573 47573 47573 47573 47573 47573 47573 47573 47573 47573 47573 44448 47573 47573 47573 7744 47573 47573 47573 39376 0 0 0 
0 0 0 0 33182 1042 39859 39859 39859 47573 36696 44761 47299 47573 47573 47573 47573 47573 47573 47573 47573 47573 47573 47573 47573 47573 46138 24898 21003 21003 46138 47573 0 
0 0 0 0 0 0 0 2760 39859 39859 36696 36696 46352 44761 47573 46352 47573 47573 47573 42575 47573 47573 47573 47573 47573 24898 47573 47573 47573 47573 47573 47573 47573 
0 0 0 0 0 0 0 0 0 0 39859 39859 39859 39859 39859 39859 42575 46352 42575 47573 44761 47573 47573 47573 47573 47573 47573 47573 47573 47573 47573 47573 47573 
0 0 0 0 0 0 0 0 0 0 0 0 0 39859 39859 39859 39859 46352 47518 47518 46352 44761 47573 47573 47573 47573 47573 47573 47573 47573 47573 47573 47573 
0 0 0 0 0 0 0 0 0 0 0 0 0 0 0 0 0 39859 39859 47573 39859 47299 46352 46352 44761 47573 47573 47573 47518 47573 47573 47573 47573 
0 0 0 0 0 0 0 0 0 0 0 0 0 0 0 0 0 0 0 0 0 0 0 0 0 0 44761 0 0 0 0 0 0 
