test/output/constant/S3_S060_A270_WD180.0_WS030.0/S3_S060_A270_WD180.0_WS030.0_arrival.asc
ncols         7
nrows         36
xllcorner     426303.990666
yllcorner     12748755.311160
cellsize      100.000000
NODATA_value  0.000000
0.000000 0.000000 166.041409 166.040938 166.041409 0.000000 0.000000 
0.000000 0.000000 166.040468 166.039526 166.040468 0.000000 0.000000 
0.000000 166.041667 166.039056 166.038585 166.039056 166.041667 0.000000 
0.000000 166.040468 166.038115 166.037174 166.038115 166.040468 0.000000 
0.000000 166.039526 166.036703 166.036233 166.036703 166.039526 0.000000 
0.000000 166.038585 166.035762 166.034821 166.035762 166.038585 0.000000 
0.000000 166.037174 166.034821 166.033880 166.034821 166.037174 0.000000 
0.000000 166.036233 166.033409 166.032468 166.033409 166.036233 0.000000 
166.041409 166.035292 166.032468 166.031527 166.032468 166.035292 166.041409 
166.040468 166.033880 166.031057 166.030115 166.031057 166.033880 166.040468 
166.039526 166.032939 166.030115 166.029174 166.030115 166.032939 166.039526 
166.039056 166.031998 166.028704 166.027763 166.028704 166.031998 166.039056 
166.038115 166.031057 166.027763 166.026822 166.027763 166.031057 166.038115 
166.037174 166.029645 166.026351 166.025410 166.026351 166.029645 166.037174 
166.036233 166.028704 166.025410 166.024469 166.025410 166.028704 166.036233 
166.035762 166.027763 166.023998 166.023057 166.023998 166.027763 166.035762 
166.035292 166.027292 166.023057 166.022116 166.023057 166.027292 166.035292 
166.035292 166.026351 166.021645 166.020704 166.021645 166.026351 166.035292 
166.035292 166.025410 166.020704 166.019763 166.020704 166.025410 166.035292 
166.035292 166.024469 166.019293 166.018352 166.019293 166.024469 166.035292 
166.035292 166.023528 166.018352 166.017410 166.018352 166.023528 166.035292 
166.035762 166.023057 166.016940 166.015999 166.016940 166.023057 166.035762 
166.036233 166.022116 166.015999 166.015058 166.015999 166.022116 166.036233 
166.037174 166.021645 166.015058 166.013646 166.015058 166.021645 166.037174 
166.038115 166.021175 166.013646 166.012705 166.013646 166.021175 166.038115 
166.039997 166.021175 166.012705 166.011293 166.012705 166.021175 166.039997 
0.000000 166.021645 166.011764 166.010352 166.011764 166.021645 0.000000 
0.000000 166.021645 166.010352 166.008941 166.010352 166.021645 0.000000 
0.000000 166.022587 166.009411 166.007999 166.009411 166.022587 0.000000 
0.000000 166.023998 166.008941 166.006588 166.008941 166.023998 0.000000 
0.000000 166.026822 166.007999 166.005647 166.007999 166.026822 0.000000 
0.000000 166.030115 166.007058 166.004235 166.007058 166.030115 0.000000 
0.000000 166.036703 166.007529 166.003294 166.007529 166.036703 0.000000 
0.000000 0.000000 166.007999 166.001882 166.007999 0.000000 0.000000 
0.000000 0.000000 166.011764 166.000941 166.011764 0.000000 0.000000 
0.000000 0.000000 0.000000 166.000000 0.000000 0.000000 0.000000 
