test/output/constant/M3M400_S000_A270_WD045.0_WS020.0/M3M400_S000_A270_WD045.0_WS020.0_raz.asc
ncols         23
nrows         23
xllcorner     424603.990666
yllcorner     12746755.311160
cellsize      100.000000
NODATA_value  0.000000
0 0 0 0 0 0 0 0 0 0 0 0 0 0 0 0 277 327 286 286 297 24 45 
0 0 0 0 0 0 0 0 0 0 0 0 0 0 269 286 327 306 327 286 297 24 65 
0 0 0 0 0 0 0 0 0 0 0 0 269 286 297 277 286 277 327 230 254 152 152 
0 0 0 0 0 0 0 0 0 0 0 327 252 315 327 277 277 239 225 225 215 163 163 
0 0 0 0 0 0 0 0 0 0 286 306 315 248 269 297 239 225 223 201 122 122 163 
0 0 0 0 0 0 0 0 0 297 297 286 269 286 236 225 226 225 217 210 172 143 122 
0 0 0 0 0 0 0 0 277 248 315 241 277 257 232 225 223 223 210 172 163 122 172 
0 0 0 0 0 0 0 269 277 241 286 236 257 277 225 225 219 225 152 172 172 163 0 
0 0 0 0 0 0 269 262 236 286 257 225 228 225 225 219 217 213 180 122 152 180 0 
0 0 0 0 0 277 297 236 236 262 226 225 225 225 223 172 192 163 201 135 163 0 0 
0 0 0 0 286 262 297 262 234 286 225 225 221 225 221 192 172 180 135 197 180 0 0 
0 0 0 277 269 236 257 225 228 225 225 225 225 180 225 213 208 163 143 122 0 0 0 
0 0 0 277 257 269 225 225 225 225 225 225 219 223 192 163 135 152 163 0 0 0 0 
0 0 236 239 239 262 277 225 225 225 225 225 163 187 163 208 201 152 0 0 0 0 0 
0 0 262 225 286 228 225 225 225 225 221 221 215 213 213 172 172 0 0 0 0 0 0 
0 257 225 228 225 225 225 225 225 225 225 225 187 213 187 180 0 0 0 0 0 0 0 
0 262 230 225 225 225 225 225 213 172 225 192 152 152 180 0 0 0 0 0 0 0 0 
0 286 225 225 225 225 225 225 210 187 180 213 187 172 0 0 0 0 0 0 0 0 0 
230 225 225 225 225 225 225 225 163 210 192 180 163 0 0 0 0 0 0 0 0 0 0 
225 225 225 225 225 225 221 221 225 210 172 172 0 0 0 0 0 0 0 0 0 0 0 
225 225 225 225 225 225 219 225 187 213 0 0 0 0 0 0 0 0 0 0 0 0 0 
0 225 225 225 225 163 187 192 0 0 0 0 0 0 0 0 0 0 0 0 0 0 0 
0 0 225 219 219 0 0 0 0 0 0 0 0 0 0 0 0 0 0 0 0 0 0 
