test/output/constant/M3M400_S060_A000_WD270.0_WS010.0/M3M400_S060_A000_WD270.0_WS010.0_arrival.asc
ncols         45
nrows         11
xllcorner     422303.990666
yllcorner     12748255.311160
cellsize      100.000000
NODATA_value  0.000000
0.000000 0.000000 0.000000 0.000000 0.000000 0.000000 0.000000 0.000000 0.000000 0.000000 166.041384 166.040611 166.040224 166.039450 166.038677 166.038290 166.037516 166.037130 166.036356 166.035969 166.035583 166.035196 166.035196 166.035196 166.035196 166.035583 166.035583 166.035969 166.035969 166.036743 166.037130 166.038677 166.039837 166.041384 0.000000 0.000000 0.000000 0.000000 0.000000 0.000000 0.000000 0.000000 0.000000 0.000000 0.000000 
0.000000 0.000000 0.000000 0.000000 0.000000 166.041667 166.040611 166.039837 166.039064 166.038290 166.037516 166.036743 166.035969 166.035196 166.034422 166.034036 166.033262 166.032488 166.031715 166.030941 166.030555 166.029781 166.029394 166.028621 166.028234 166.027847 166.027460 166.027460 166.027460 166.027460 166.027847 166.027847 166.028621 166.029008 166.030555 166.031715 166.034036 166.037516 166.041384 0.000000 0.000000 0.000000 0.000000 0.000000 0.000000 
0.000000 0.000000 0.000000 166.041384 166.040224 166.039450 166.038290 166.037516 166.036743 166.035583 166.034809 166.034036 166.033262 166.032102 166.031328 166.030555 166.029394 166.028621 166.027847 166.027074 166.026300 166.025527 166.024753 166.024366 166.023593 166.022819 166.022046 166.021272 166.020885 166.020112 166.019725 166.019725 166.019725 166.019725 166.020112 166.020112 166.020885 166.022046 166.023980 166.027847 166.031715 166.039064 0.000000 0.000000 0.000000 
0.000000 166.041384 166.040611 166.039450 166.038677 166.037516 166.036743 166.035583 166.034809 166.034036 166.032875 166.032102 166.030941 166.030168 166.029394 166.028234 166.027460 166.026687 166.025527 166.024753 166.023593 166.022819 166.022046 166.020885 166.020112 166.019338 166.018178 166.017405 166.016631 166.015857 166.015084 166.014310 166.013924 166.013150 166.012377 166.011990 166.011990 166.011990 166.012377 166.012763 166.014310 166.017791 166.023593 166.034036 0.000000 
166.041384 166.040611 166.039450 166.038677 166.037516 166.036743 166.035583 166.034809 166.033649 166.032875 166.031715 166.030941 166.029781 166.029008 166.027847 166.027074 166.025913 166.025140 166.023980 166.023206 166.022046 166.021272 166.020499 166.019338 166.018565 166.017405 166.016631 166.015471 166.014697 166.013537 166.012763 166.011990 166.010829 166.010056 166.008896 166.008122 166.007349 166.006188 166.005415 166.004641 166.004254 166.004254 166.004641 166.008509 166.027847 
166.041384 166.040224 166.039450 166.038290 166.037516 166.036356 166.035583 166.034422 166.033649 166.032488 166.031715 166.030555 166.029781 166.028621 166.027847 166.026687 166.025913 166.024753 166.023980 166.022819 166.022046 166.020885 166.020112 166.018952 166.018178 166.017018 166.016244 166.015084 166.014310 166.013150 166.012377 166.011216 166.010443 166.009282 166.008509 166.007349 166.006575 166.005415 166.004641 166.003481 166.002707 166.001547 166.000774 166.000000 166.018952 
166.041384 166.040611 166.039450 166.038677 166.037516 166.036743 166.035583 166.034809 166.033649 166.032875 166.031715 166.030941 166.029781 166.029008 166.027847 166.027074 166.025913 166.025140 166.023980 166.023206 166.022046 166.021272 166.020499 166.019338 166.018565 166.017405 166.016631 166.015471 166.014697 166.013537 166.012763 166.011990 166.010829 166.010056 166.008896 166.008122 166.007349 166.006188 166.005415 166.004641 166.004254 166.004254 166.004641 166.008509 166.027847 
0.000000 166.041384 166.040611 166.039450 166.038677 166.037516 166.036743 166.035583 166.034809 166.034036 166.032875 166.032102 166.030941 166.030168 166.029394 166.028234 166.027460 166.026687 166.025527 166.024753 166.023593 166.022819 166.022046 166.020885 166.020112 166.019338 166.018178 166.017405 166.016631 166.015857 166.015084 166.014310 166.013924 166.013150 166.012377 166.011990 166.011990 166.011990 166.012377 166.012763 166.014310 166.017791 166.023593 166.034036 0.000000 
0.000000 0.000000 0.000000 166.041384 166.040224 166.039450 166.038290 166.037516 166.036743 166.035583 166.034809 166.034036 166.033262 166.032102 166.031328 166.030555 166.029394 166.028621 166.027847 166.027074 166.026300 166.025527 166.024753 166.024366 166.023593 166.022819 166.022046 166.021272 166.020885 166.020112 166.019725 166.019725 166.019725 166.019725 166.020112 166.020112 166.020885 166.022046 166.023980 166.027847 166.031715 166.039064 0.000000 0.000000 0.000000 
0.000000 0.000000 0.000000 0.000000 0.000000 166.041667 166.040611 166.039837 166.039064 166.038290 166.037516 166.036743 166.035969 166.035196 166.034422 166.034036 166.033262 166.032488 166.031715 166.030941 166.030555 166.029781 166.029394 166.028621 166.028234 166.027847 166.027460 166.027460 166.027460 166.027460 166.027847 166.027847 166.028621 166.029008 166.030555 166.031715 166.034036 166.037516 166.041384 0.000000 0.000000 0.000000 0.000000 0.000000 0.000000 
0.000000 0.000000 0.000000 0.000000 0.000000 0.000000 0.000000 0.000000 0.000000 0.000000 166.041384 166.040611 166.040224 166.039450 166.038677 166.038290 166.037516 166.037130 166.036356 166.035969 166.035583 166.035196 166.035196 166.035196 166.035196 166.035583 166.035583 166.035969 166.035969 166.036743 166.037130 166.038677 166.039837 166.041384 0.000000 0.000000 0.000000 0.000000 0.000000 0.000000 0.000000 0.000000 0.000000 0.000000 0.000000 
