test/output/constant/M3M400_S060_A000_WD270.0_WS010.0/M3M400_S060_A000_WD270.0_WS010.0_raz.asc
ncols         45
nrows         11
xllcorner     422303.990666
yllcorner     12748255.311160
cellsize      100.000000
NODATA_value  0.000000
0 0 0 0 0 0 0 0 0 0 274 277 274 277 274 281 281 277 279 281 281 283 279 279 279 350 279 332 281 279 279 332 318 281 0 0 0 0 0 0 0 0 0 0 0 
0 0 0 0 0 274 274 271 273 281 279 281 274 274 276 281 276 281 273 276 283 279 277 277 276 281 285 279 281 281 332 281 350 279 279 332 65 355 18 0 0 0 0 0 0 
0 0 0 271 270 279 276 270 277 274 270 279 271 270 281 273 276 271 270 279 281 273 276 277 274 277 271 277 276 276 281 281 281 279 332 279 279 283 281 18 18 360 0 0 0 
0 270 283 271 271 270 271 271 274 273 271 285 277 271 271 270 283 270 271 277 273 274 274 273 274 276 276 271 270 281 273 277 271 276 274 283 281 279 332 281 350 360 18 18 0 
271 271 271 271 271 271 271 271 271 271 271 271 271 271 271 271 271 271 271 273 273 277 281 270 274 270 277 271 270 277 273 271 270 279 273 271 271 271 271 276 279 350 318 18 18 
270 270 270 270 270 270 270 270 270 270 270 270 270 270 270 270 270 270 270 270 270 270 270 270 270 270 270 270 270 270 270 270 270 270 270 270 270 270 270 270 270 270 270 254 18 
270 270 270 270 270 270 270 270 270 270 270 270 270 270 270 270 270 270 270 270 270 270 270 270 270 270 270 270 270 270 270 270 270 270 270 270 270 270 270 263 260 189 221 161 161 
0 270 270 270 270 270 270 270 270 270 270 270 270 270 270 270 270 270 270 270 270 270 270 270 270 270 263 270 270 270 270 262 270 270 265 256 258 260 207 258 189 180 161 90 0 
0 0 0 270 270 270 263 270 270 270 270 270 270 270 270 270 263 270 270 270 270 270 270 270 270 270 270 262 270 263 258 258 258 260 207 260 260 256 258 161 161 161 0 0 0 
0 0 0 0 0 270 270 270 270 270 270 270 270 270 263 270 270 270 270 263 270 270 270 270 270 270 254 260 258 258 207 258 189 260 260 207 114 184 114 0 0 0 0 0 0 
0 0 0 0 0 0 0 0 0 0 270 262 270 270 265 270 258 270 260 270 258 256 260 260 260 189 260 207 258 260 260 207 221 258 0 0 0 0 0 0 0 0 0 0 0 
