test/output/constant/M495_S060_A270_WD180.0_WS025.0/M495_S060_A270_WD180.0_WS025.0_arrival.asc
ncols         7
nrows         46
xllcorner     426303.990666
yllcorner     12748755.311160
cellsize      100.000000
NODATA_value  0.000000
0.000000 0.000000 166.041526 166.041158 166.041526 0.000000 0.000000 
0.000000 0.000000 166.040791 166.040056 166.040791 0.000000 0.000000 
0.000000 0.000000 166.039688 166.039321 166.039688 0.000000 0.000000 
0.000000 166.041158 166.038953 166.038218 166.038953 166.041158 0.000000 
0.000000 166.040423 166.038218 166.037483 166.038218 166.040423 0.000000 
0.000000 166.039688 166.037116 166.036381 166.037116 166.039688 0.000000 
0.000000 166.038586 166.036381 166.035646 166.036381 166.038586 0.000000 
0.000000 166.037851 166.035279 166.034544 166.035279 166.037851 0.000000 
166.041526 166.036748 166.034544 166.033809 166.034544 166.036748 166.041526 
166.040791 166.036014 166.033441 166.032706 166.033441 166.036014 166.040791 
166.040056 166.035279 166.032706 166.031971 166.032706 166.035279 166.040056 
166.039321 166.034176 166.031604 166.030869 166.031604 166.034176 166.039321 
166.038953 166.033441 166.030869 166.030134 166.030869 166.033441 166.038953 
166.038218 166.032706 166.029766 166.029031 166.029766 166.032706 166.038218 
166.037483 166.031971 166.029031 166.028296 166.029031 166.031971 166.037483 
166.036748 166.030869 166.027929 166.027194 166.027929 166.030869 166.036748 
166.036381 166.030134 166.027194 166.026459 166.027194 166.030134 166.036381 
166.035646 166.029399 166.026459 166.025356 166.026459 166.029399 166.035646 
166.034911 166.028664 166.025356 166.024621 166.025356 166.028664 166.034911 
166.034176 166.027561 166.024621 166.023519 166.024621 166.027561 166.034176 
166.033809 166.026826 166.023519 166.022784 166.023519 166.026826 166.033809 
166.033074 166.026091 166.022784 166.021682 166.022784 166.026091 166.033074 
166.032706 166.025356 166.021682 166.020947 166.021682 166.025356 166.032706 
166.032339 166.024621 166.020947 166.019844 166.020947 166.024621 166.032339 
166.032339 166.023887 166.019844 166.019109 166.019844 166.023887 166.032339 
166.032339 166.023519 166.019109 166.018007 166.019109 166.023519 166.032339 
166.032339 166.022784 166.018374 166.017272 166.018374 166.022784 166.032339 
166.032339 166.022049 166.017272 166.016169 166.017272 166.022049 166.032339 
166.032706 166.021314 166.016537 166.015434 166.016537 166.021314 166.032706 
166.033074 166.020947 166.015434 166.014332 166.015434 166.020947 166.033074 
166.033809 166.020212 166.014699 166.013597 166.014699 166.020212 166.033809 
166.034544 166.019844 166.013597 166.012494 166.013597 166.019844 166.034544 
166.035646 166.019477 166.012862 166.011760 166.012862 166.019477 166.035646 
166.036748 166.019477 166.012127 166.010657 166.012127 166.019477 166.036748 
166.038586 166.019477 166.011025 166.009922 166.011025 166.019477 166.038586 
166.040791 166.019844 166.010290 166.008820 166.010290 166.019844 166.040791 
0.000000 166.020212 166.009555 166.008085 166.009555 166.020212 0.000000 
0.000000 166.021314 166.008820 166.006982 166.008820 166.021314 0.000000 
0.000000 166.022417 166.008085 166.006247 166.008085 166.022417 0.000000 
0.000000 166.024254 166.007350 166.005145 166.007350 166.024254 0.000000 
0.000000 166.027194 166.006615 166.004410 166.006615 166.027194 0.000000 
0.000000 166.032706 166.006615 166.003307 166.006615 166.032706 0.000000 
0.000000 166.040423 166.006982 166.002572 166.006982 166.040423 0.000000 
0.000000 0.000000 166.008085 166.001470 166.008085 0.000000 0.000000 
0.000000 0.000000 166.012862 166.000735 166.012862 0.000000 0.000000 
0.000000 0.000000 166.036748 166.000000 166.036748 0.000000 0.000000 
