test/output/constant/M490_S060_A090_WD000.0_WS015.0/M490_S060_A090_WD000.0_WS015.0_arrival.asc
ncols         7
nrows         41
xllcorner     426303.990666
yllcorner     12744755.311160
cellsize      100.000000
NODATA_value  0.000000
0.000000 0.000000 166.027731 166.000000 166.027731 0.000000 0.000000 
0.000000 0.000000 166.010084 166.000840 166.010084 0.000000 0.000000 
0.000000 0.000000 166.007143 166.001681 166.007143 0.000000 0.000000 
0.000000 166.033614 166.006723 166.002941 166.006723 166.033614 0.000000 
0.000000 166.027311 166.006723 166.003782 166.006723 166.027311 0.000000 
0.000000 166.023530 166.007143 166.005042 166.007143 166.023530 0.000000 
0.000000 166.021429 166.007983 166.005882 166.007983 166.021429 0.000000 
0.000000 166.020168 166.008403 166.007143 166.008403 166.020168 0.000000 
166.041177 166.019748 166.009244 166.007983 166.009244 166.019748 166.041177 
166.038236 166.019328 166.010504 166.009244 166.010504 166.019328 166.038236 
166.036135 166.019328 166.011345 166.010084 166.011345 166.019328 166.036135 
166.034454 166.019328 166.012185 166.011345 166.012185 166.019328 166.034454 
166.033194 166.019328 166.013446 166.012185 166.013446 166.019328 166.033194 
166.032774 166.019748 166.014286 166.013446 166.014286 166.019748 166.032774 
166.032353 166.020589 166.015126 166.014286 166.015126 166.020589 166.032353 
166.031933 166.021429 166.016387 166.015546 166.016387 166.021429 166.031933 
166.031933 166.022269 166.017227 166.016387 166.017227 166.022269 166.031933 
166.031513 166.022689 166.018488 166.017647 166.018488 166.022689 166.031513 
166.031513 166.023530 166.019328 166.018488 166.019328 166.023530 166.031513 
166.031933 166.024370 166.020589 166.019748 166.020589 166.024370 166.031933 
166.032353 166.025210 166.021429 166.020589 166.021429 166.025210 166.032353 
166.032774 166.026051 166.022689 166.021849 166.022689 166.026051 166.032774 
166.033614 166.026891 166.023530 166.022689 166.023530 166.026891 166.033614 
166.034034 166.027731 166.024790 166.023950 166.024790 166.027731 166.034034 
166.034874 166.028572 166.025631 166.024790 166.025631 166.028572 166.034874 
166.035715 166.029832 166.026891 166.026051 166.026891 166.029832 166.035715 
166.036135 166.030673 166.027731 166.026891 166.027731 166.030673 166.036135 
166.036975 166.031513 166.028992 166.028152 166.028992 166.031513 166.036975 
166.037816 166.032353 166.029832 166.028992 166.029832 166.032353 166.037816 
166.038656 166.033614 166.031093 166.030253 166.031093 166.033614 166.038656 
166.039496 166.034454 166.031933 166.031093 166.031933 166.034454 166.039496 
166.039917 166.035295 166.033194 166.032353 166.033194 166.035295 166.039917 
166.040757 166.036135 166.034034 166.033194 166.034034 166.036135 166.040757 
166.041597 166.037396 166.035295 166.034454 166.035295 166.037396 166.041597 
0.000000 166.038236 166.036135 166.035295 166.036135 166.038236 0.000000 
0.000000 166.039076 166.036975 166.036555 166.036975 166.039076 0.000000 
0.000000 166.040337 166.038236 166.037396 166.038236 166.040337 0.000000 
0.000000 166.041177 166.039076 166.038656 166.039076 166.041177 0.000000 
0.000000 0.000000 166.040337 166.039496 166.040337 0.000000 0.000000 
0.000000 0.000000 166.041177 166.040757 166.041177 0.000000 0.000000 
0.000000 0.000000 0.000000 166.041597 0.000000 0.000000 0.000000 
