test/output/constant/M3M470_S060_A270_WD315.0_WS015.0/M3M470_S060_A270_WD315.0_WS015.0_arrival.asc
ncols         13
nrows         26
xllcorner     426503.990666
yllcorner     12748655.311160
cellsize      100.000000
NODATA_value  0.000000
0.000000 0.000000 0.000000 0.000000 0.000000 0.000000 0.000000 0.000000 0.000000 166.041450 166.041450 166.041450 0.000000 
0.000000 0.000000 0.000000 0.000000 0.000000 0.000000 0.000000 0.000000 166.040194 166.039566 166.039566 166.040194 0.000000 
0.000000 0.000000 0.000000 0.000000 0.000000 0.000000 0.000000 166.040194 166.038310 166.037682 166.037682 166.038938 166.041667 
0.000000 0.000000 0.000000 0.000000 0.000000 0.000000 166.040194 166.037682 166.035797 166.035797 166.036426 166.038310 166.041667 
0.000000 0.000000 0.000000 0.000000 0.000000 166.041667 166.037682 166.035169 166.034541 166.033913 166.035169 166.037682 0.000000 
0.000000 0.000000 0.000000 0.000000 0.000000 166.038310 166.034541 166.032657 166.032657 166.032657 166.034541 166.037682 0.000000 
0.000000 0.000000 0.000000 0.000000 166.040822 166.035169 166.032029 166.030773 166.030773 166.031401 166.033913 166.038310 0.000000 
0.000000 0.000000 0.000000 0.000000 166.037054 166.032657 166.029517 166.028889 166.028889 166.030773 166.033913 166.038310 0.000000 
0.000000 0.000000 0.000000 166.040194 166.033913 166.029517 166.027633 166.027005 166.027633 166.030145 166.033913 166.039566 0.000000 
0.000000 0.000000 0.000000 166.036426 166.030145 166.027005 166.025749 166.025749 166.027005 166.030145 166.034541 166.040822 0.000000 
0.000000 0.000000 166.041450 166.032657 166.027005 166.024493 166.023865 166.023865 166.025749 166.030145 166.035797 0.000000 0.000000 
0.000000 0.000000 166.037054 166.029517 166.024493 166.021981 166.021981 166.022609 166.025749 166.030773 166.037054 0.000000 0.000000 
0.000000 0.000000 166.033285 166.025749 166.021353 166.020097 166.020097 166.021981 166.026377 166.032029 166.039566 0.000000 0.000000 
0.000000 166.039566 166.028889 166.022609 166.018841 166.018841 166.018841 166.021981 166.027005 166.033913 0.000000 0.000000 0.000000 
0.000000 166.035169 166.025121 166.018841 166.016957 166.016957 166.018213 166.021981 166.028261 166.036426 0.000000 0.000000 0.000000 
0.000000 166.030773 166.021353 166.016329 166.015073 166.015073 166.018213 166.023237 166.030773 166.040822 0.000000 0.000000 0.000000 
0.000000 166.026377 166.017585 166.013817 166.013189 166.014445 166.018213 166.024493 166.033913 0.000000 0.000000 0.000000 0.000000 
166.040822 166.022609 166.014445 166.011932 166.011304 166.013817 166.019469 166.027633 166.040194 0.000000 0.000000 0.000000 0.000000 
166.036426 166.018213 166.010676 166.010048 166.010676 166.014445 166.021353 166.032657 0.000000 0.000000 0.000000 0.000000 0.000000 
166.032029 166.013817 166.008164 166.008164 166.010048 166.015701 166.025749 166.040822 0.000000 0.000000 0.000000 0.000000 0.000000 
166.028261 166.010048 166.006280 166.006280 166.010676 166.018841 166.033285 0.000000 0.000000 0.000000 0.000000 0.000000 0.000000 
166.023865 166.006280 166.004396 166.006280 166.012561 166.026377 0.000000 0.000000 0.000000 0.000000 0.000000 0.000000 0.000000 
166.020725 166.003140 166.003140 166.006908 166.018841 166.037682 0.000000 0.000000 0.000000 0.000000 0.000000 0.000000 0.000000 
166.019469 166.001256 166.002512 166.011304 166.031401 0.000000 0.000000 0.000000 0.000000 0.000000 0.000000 0.000000 0.000000 
166.020725 166.000000 166.003768 166.027005 0.000000 0.000000 0.000000 0.000000 0.000000 0.000000 0.000000 0.000000 0.000000 
166.036426 166.023865 166.032657 0.000000 0.000000 0.000000 0.000000 0.000000 0.000000 0.000000 0.000000 0.000000 0.000000 
