test/output/constant/M355_S060_A090_WD135.0_WS015.0/M355_S060_A090_WD135.0_WS015.0_arrival.asc
ncols         11
nrows         22
xllcorner     425703.990666
yllcorner     12746755.311160
cellsize      100.000000
NODATA_value  0.000000
0.000000 0.000000 0.000000 0.000000 0.000000 0.000000 0.000000 0.000000 166.035163 166.025990 166.039749 
0.000000 0.000000 0.000000 0.000000 0.000000 0.000000 0.000000 166.029048 166.004586 166.000000 166.022932 
0.000000 0.000000 0.000000 0.000000 0.000000 0.000000 166.033634 166.012231 166.003058 166.001529 166.022932 
0.000000 0.000000 0.000000 0.000000 0.000000 166.040514 166.020639 166.007644 166.003822 166.003822 166.024461 
0.000000 0.000000 0.000000 0.000000 0.000000 166.028283 166.013759 166.007644 166.005351 166.007644 166.028283 
0.000000 0.000000 0.000000 0.000000 166.035927 166.020639 166.012231 166.007644 166.007644 166.012231 166.032870 
0.000000 0.000000 0.000000 0.000000 166.028283 166.017581 166.012231 166.009937 166.010702 166.017581 166.038220 
0.000000 0.000000 0.000000 166.035927 166.023697 166.016817 166.012231 166.012231 166.013759 166.022168 0.000000 
0.000000 0.000000 0.000000 166.030576 166.022168 166.016817 166.014524 166.014524 166.017581 166.027519 0.000000 
0.000000 0.000000 166.037456 166.027519 166.021403 166.016817 166.016053 166.016817 166.022168 166.032870 0.000000 
0.000000 0.000000 166.033634 166.025990 166.021403 166.018346 166.018346 166.020639 166.026754 166.038220 0.000000 
0.000000 166.040514 166.032105 166.025990 166.021403 166.020639 166.020639 166.023697 166.031341 0.000000 0.000000 
0.000000 166.038220 166.030576 166.025990 166.022932 166.022932 166.023697 166.028283 166.035927 0.000000 0.000000 
0.000000 166.035927 166.030576 166.026754 166.025225 166.025225 166.026754 166.032105 166.041278 0.000000 0.000000 
0.000000 166.035163 166.030576 166.027519 166.026754 166.027519 166.030576 166.036692 0.000000 0.000000 0.000000 
166.040514 166.035163 166.031341 166.029048 166.029048 166.030576 166.034398 166.041278 0.000000 0.000000 0.000000 
166.039749 166.035163 166.032105 166.031341 166.031341 166.033634 166.038220 0.000000 0.000000 0.000000 0.000000 
166.039749 166.035927 166.033634 166.033634 166.034398 166.036692 0.000000 0.000000 0.000000 0.000000 0.000000 
166.039749 166.036692 166.035927 166.035927 166.036692 166.040514 0.000000 0.000000 0.000000 0.000000 0.000000 
166.040514 166.038220 166.037456 166.038220 166.039749 0.000000 0.000000 0.000000 0.000000 0.000000 0.000000 
166.041278 166.039749 166.039749 166.040514 0.000000 0.000000 0.000000 0.000000 0.000000 0.000000 0.000000 
0.000000 166.041667 166.041667 0.000000 0.000000 0.000000 0.000000 0.000000 0.000000 0.000000 0.000000 
