test/output/constant/M365_S060_A000_WD045.0_WS010.0/M365_S060_A000_WD045.0_WS010.0_ros.asc
ncols         43
nrows         10
xllcorner     422403.990666
yllcorner     12747955.311160
cellsize      100.000000
NODATA_value  0.000000
0.000000 0.000000 0.000000 0.000000 0.000000 0.000000 0.000000 0.000000 0.000000 0.000000 0.000000 0.000000 0.000000 0.000000 0.000000 0.000000 0.000000 0.000000 0.000000 0.000000 0.000000 0.000000 0.000000 43.456425 25.403822 43.456425 14.684660 37.416267 43.456425 43.456425 19.796232 37.416267 31.337210 43.456425 25.403822 37.416267 25.403822 25.403822 43.456425 14.684660 31.337210 19.796232 0.614970 
0.000000 0.000000 0.000000 0.000000 0.000000 0.000000 0.000000 0.000000 0.000000 0.000000 0.000000 0.000000 0.000000 0.000000 0.000000 31.337210 43.456425 25.403822 43.456425 37.416267 14.684660 19.796232 43.456425 25.403822 43.456425 43.456425 19.796232 43.456425 37.416267 31.337210 43.456425 37.416267 43.456425 31.337210 43.456425 43.456425 54.693161 43.456425 69.370934 71.063881 71.063881 71.063881 -1.000000 
0.000000 0.000000 0.000000 0.000000 0.000000 0.000000 0.000000 0.000000 0.000000 0.000000 0.000000 37.416267 43.456425 19.796232 25.403822 37.416267 43.456425 19.796232 25.403822 37.416267 37.416267 43.456425 43.456425 37.416267 43.456425 54.693161 14.684660 43.456425 43.456425 37.416267 37.416267 63.692936 71.063881 71.063881 71.063881 71.063881 71.063881 71.063881 71.063881 71.063881 54.082348 54.082348 0.914977 
0.000000 0.000000 0.000000 0.000000 0.000000 0.000000 0.000000 67.000549 49.274277 19.796232 43.456425 37.416267 37.416267 49.274277 25.403822 19.796232 43.456425 43.456425 67.000549 54.693161 59.548527 37.416267 43.456425 54.693161 67.000549 71.063881 43.456425 71.063881 71.063881 71.063881 71.063881 71.063881 71.063881 66.656349 71.063881 69.141731 59.010403 54.082348 3.591627 1.885243 0.914977 0.478769 0.000000 
0.000000 0.000000 0.000000 0.000000 0.000000 37.416267 37.416267 49.274277 19.796232 37.416267 31.337210 43.456425 25.403822 59.548527 43.456425 67.000549 43.456425 69.370934 31.337210 71.063881 69.370934 71.063881 71.063881 71.063881 71.063881 71.063881 71.063881 71.063881 66.656349 71.063881 63.244656 54.082348 48.610355 48.610355 54.082348 54.082348 1.885243 48.610355 48.610355 1.885243 0.000000 0.000000 0.000000 
0.000000 0.000000 67.000549 59.548527 59.548527 71.063881 43.456425 31.337210 69.370934 25.403822 71.063881 43.456425 69.370934 71.063881 14.684660 71.063881 71.063881 71.063881 71.063881 71.063881 71.063881 71.063881 71.063881 71.063881 71.063881 71.063881 71.063881 63.244656 63.244656 48.610355 48.610355 48.610355 48.610355 48.610355 48.610355 48.610355 0.914977 0.000000 0.000000 0.000000 0.000000 0.000000 0.000000 
0.000000 67.000549 25.403822 71.063881 71.063881 43.456425 71.063881 71.063881 37.416267 71.063881 71.063881 71.063881 71.063881 71.063881 71.063881 71.063881 71.063881 71.063881 71.063881 71.063881 71.063881 63.244656 71.063881 54.082348 54.082348 48.610355 48.610355 3.591627 48.610355 48.610355 48.610355 48.610355 54.082348 48.610355 0.000000 0.000000 0.000000 0.000000 0.000000 0.000000 0.000000 0.000000 0.000000 
71.063881 71.063881 71.063881 71.063881 71.063881 71.063881 71.063881 71.063881 71.063881 71.063881 69.141731 71.063881 70.940628 71.063881 71.063881 71.063881 71.063881 71.063881 70.625191 54.082348 54.082348 3.591627 3.591627 48.610355 48.610355 48.610355 48.610355 48.610355 48.610355 48.610355 0.000000 0.000000 0.000000 0.000000 0.000000 0.000000 0.000000 0.000000 0.000000 0.000000 0.000000 0.000000 0.000000 
71.063881 71.063881 71.063881 71.063881 71.063881 71.063881 71.063881 71.063881 71.063881 71.063881 70.625191 70.940628 66.656349 71.063881 48.610355 54.082348 54.082348 3.591627 48.610355 48.610355 48.610355 48.610355 6.252775 3.591627 48.610355 42.760834 0.000000 0.000000 0.000000 0.000000 0.000000 0.000000 0.000000 0.000000 0.000000 0.000000 0.000000 0.000000 0.000000 0.000000 0.000000 0.000000 0.000000 
0.000000 71.063881 63.244656 71.063881 71.063881 71.063881 71.063881 71.063881 71.063881 71.063881 59.010403 3.591627 48.610355 3.591627 48.610355 48.610355 48.610355 54.082348 48.610355 48.610355 0.000000 0.000000 0.000000 0.000000 0.000000 0.000000 0.000000 0.000000 0.000000 0.000000 0.000000 0.000000 0.000000 0.000000 0.000000 0.000000 0.000000 0.000000 0.000000 0.000000 0.000000 0.000000 0.000000 
