test/output/constant/M495_S060_A090_WD000.0_WS010.0/M495_S060_A090_WD000.0_WS010.0_arrival.asc
ncols         7
nrows         39
xllcorner     426303.990666
yllcorner     12744955.311160
cellsize      100.000000
NODATA_value  0.000000
0.000000 0.000000 166.022353 166.000000 166.022353 0.000000 0.000000 
0.000000 0.000000 166.008328 166.000877 166.008328 0.000000 0.000000 
0.000000 166.039009 166.006575 166.001753 166.006575 166.039009 0.000000 
0.000000 166.028928 166.006136 166.003068 166.006136 166.028928 0.000000 
0.000000 166.023668 166.006136 166.003945 166.006136 166.023668 0.000000 
0.000000 166.021477 166.007013 166.005260 166.007013 166.021477 0.000000 
0.000000 166.019724 166.007889 166.006136 166.007889 166.019724 0.000000 
166.039009 166.018847 166.008766 166.007451 166.008766 166.018847 166.039009 
166.035941 166.018409 166.009643 166.008328 166.009643 166.018409 166.035941 
166.033749 166.017970 166.010519 166.009643 166.010519 166.017970 166.033749 
166.032434 166.017970 166.011834 166.010519 166.011834 166.017970 166.032434 
166.031558 166.018409 166.012711 166.011834 166.012711 166.018409 166.031558 
166.031120 166.018847 166.014026 166.012711 166.014026 166.018847 166.031120 
166.030681 166.019724 166.014902 166.014026 166.014902 166.019724 166.030681 
166.030243 166.020600 166.015779 166.014902 166.015779 166.020600 166.030243 
166.030243 166.021477 166.017094 166.016217 166.017094 166.021477 166.030243 
166.029805 166.021915 166.017970 166.017094 166.017970 166.021915 166.029805 
166.030243 166.022792 166.019285 166.018409 166.019285 166.022792 166.030243 
166.030243 166.023668 166.020162 166.019285 166.020162 166.023668 166.030243 
166.031120 166.024545 166.021477 166.020600 166.021477 166.024545 166.031120 
166.031558 166.025422 166.022353 166.021477 166.022353 166.025422 166.031558 
166.032434 166.026298 166.023230 166.022792 166.023230 166.026298 166.032434 
166.033311 166.027175 166.024545 166.023668 166.024545 166.027175 166.033311 
166.033749 166.028490 166.025422 166.024983 166.025422 166.028490 166.033749 
166.034626 166.029366 166.026736 166.025860 166.026736 166.029366 166.034626 
166.035503 166.030243 166.027613 166.027175 166.027613 166.030243 166.035503 
166.036379 166.031120 166.028928 166.028051 166.028928 166.031120 166.036379 
166.036817 166.032434 166.029805 166.029366 166.029805 166.032434 166.036817 
166.037694 166.033311 166.031120 166.030243 166.031120 166.033311 166.037694 
166.038571 166.034188 166.031996 166.031558 166.031996 166.034188 166.038571 
166.039447 166.035503 166.033311 166.032434 166.033311 166.035503 166.039447 
166.040324 166.036379 166.034188 166.033749 166.034188 166.036379 166.040324 
166.041200 166.037256 166.035503 166.034626 166.035503 166.037256 166.041200 
0.000000 166.038571 166.036379 166.035941 166.036379 166.038571 0.000000 
0.000000 166.039447 166.037256 166.036817 166.037256 166.039447 0.000000 
0.000000 166.040324 166.038571 166.038132 166.038571 166.040324 0.000000 
0.000000 166.041639 166.039447 166.039009 166.039447 166.041639 0.000000 
0.000000 0.000000 166.040762 166.040324 166.040762 0.000000 0.000000 
0.000000 0.000000 166.041639 166.041200 166.041639 0.000000 0.000000 
