test/output/constant/C2_S060_A180_WD270.0_WS025.0/C2_S060_A180_WD270.0_WS025.0_arrival.asc
ncols         39
nrows         7
xllcorner     426603.990666
yllcorner     12748455.311160
cellsize      100.000000
NODATA_value  0.000000
0.000000 0.000000 0.000000 0.000000 0.000000 0.000000 0.000000 0.000000 0.000000 0.000000 0.000000 0.000000 166.041667 166.040432 166.039128 166.038258 166.037823 166.037389 166.036954 166.036954 166.036954 166.036954 166.037389 166.037823 166.038693 166.039128 166.039997 166.040432 166.041301 0.000000 0.000000 0.000000 0.000000 0.000000 0.000000 0.000000 0.000000 0.000000 0.000000 
0.000000 0.000000 0.000000 0.000000 166.036519 166.030867 166.027389 166.025216 166.023911 166.023042 166.022607 166.022172 166.022172 166.022172 166.022607 166.023477 166.024346 166.024781 166.025650 166.026520 166.027389 166.028259 166.028694 166.029563 166.030433 166.031302 166.032606 166.033476 166.034345 166.035650 166.036519 166.037389 166.038693 166.039562 166.040432 166.041667 0.000000 0.000000 0.000000 
0.000000 166.013912 166.009130 166.007826 166.007391 166.007826 166.008695 166.009565 166.009999 166.010869 166.012173 166.013043 166.013912 166.015216 166.016086 166.017390 166.018260 166.019564 166.020433 166.021303 166.022607 166.023477 166.024781 166.025650 166.026955 166.027824 166.029128 166.029998 166.030867 166.032172 166.033041 166.034345 166.035215 166.036519 166.037389 166.038693 166.039562 166.040867 166.041667 
166.000000 166.000870 166.001739 166.003043 166.003913 166.005217 166.006087 166.007391 166.008260 166.009565 166.010434 166.011738 166.012608 166.013912 166.014782 166.016086 166.016955 166.018260 166.019129 166.020433 166.021303 166.022607 166.023477 166.024781 166.025650 166.026955 166.027824 166.029128 166.029998 166.031302 166.032172 166.033476 166.034345 166.035650 166.036519 166.037823 166.038693 166.039997 166.040867 
0.000000 166.013912 166.009130 166.007826 166.007391 166.007826 166.008695 166.009565 166.009999 166.010869 166.012173 166.013043 166.013912 166.015216 166.016086 166.017390 166.018260 166.019564 166.020433 166.021303 166.022607 166.023477 166.024781 166.025650 166.026955 166.027824 166.029128 166.029998 166.030867 166.032172 166.033041 166.034345 166.035215 166.036519 166.037389 166.038693 166.039562 166.040867 166.041667 
0.000000 0.000000 0.000000 0.000000 166.036519 166.030867 166.027389 166.025216 166.023911 166.023042 166.022607 166.022172 166.022172 166.022172 166.022607 166.023477 166.024346 166.024781 166.025650 166.026520 166.027389 166.028259 166.028694 166.029563 166.030433 166.031302 166.032606 166.033476 166.034345 166.035650 166.036519 166.037389 166.038693 166.039562 166.040432 166.041667 0.000000 0.000000 0.000000 
0.000000 0.000000 0.000000 0.000000 0.000000 0.000000 0.000000 0.000000 0.000000 0.000000 0.000000 0.000000 166.041667 166.040432 166.039128 166.038258 166.037823 166.037389 166.036954 166.036954 166.036954 166.036954 166.037389 166.037823 166.038693 166.039128 166.039997 166.040432 166.041301 0.000000 0.000000 0.000000 0.000000 0.000000 0.000000 0.000000 0.000000 0.000000 0.000000 
