test/output/constant/M4100_S060_A000_WD090.0_WS030.0/M4100_S060_A000_WD090.0_WS030.0_arrival.asc
ncols         50
nrows         7
xllcorner     421703.990666
yllcorner     12748455.311160
cellsize      100.000000
NODATA_value  0.000000
0.000000 0.000000 0.000000 0.000000 0.000000 0.000000 0.000000 0.000000 0.000000 166.041572 166.040884 166.040197 166.039510 166.039167 166.038480 166.037792 166.037105 166.036762 166.036075 166.035387 166.035044 166.034357 166.033670 166.033326 166.032639 166.032295 166.031952 166.031952 166.031952 166.031952 166.032295 166.032639 166.032982 166.033670 166.034357 166.035731 166.036762 166.038136 166.039854 0.000000 0.000000 0.000000 0.000000 0.000000 0.000000 0.000000 0.000000 0.000000 0.000000 0.000000 
0.000000 0.000000 0.000000 0.000000 166.041572 166.040541 166.039854 166.038823 166.038136 166.037449 166.036418 166.035731 166.034700 166.034013 166.033326 166.032295 166.031608 166.030921 166.029890 166.029203 166.028516 166.027829 166.027142 166.026111 166.025424 166.025080 166.024393 166.023706 166.023019 166.022332 166.021988 166.021301 166.020614 166.020270 166.019583 166.019240 166.019240 166.019240 166.019583 166.019927 166.020614 166.021988 166.023363 166.025424 166.029547 166.035044 0.000000 0.000000 0.000000 0.000000 
0.000000 166.041572 166.040884 166.039854 166.039167 166.038136 166.037449 166.036762 166.035731 166.035044 166.034013 166.033326 166.032295 166.031608 166.030577 166.029890 166.028860 166.028172 166.027142 166.026455 166.025424 166.024737 166.023706 166.023019 166.021988 166.021301 166.020270 166.019583 166.018896 166.017865 166.017178 166.016491 166.015461 166.014773 166.013743 166.013056 166.012025 166.011338 166.010651 166.009620 166.008933 166.008246 166.007558 166.007215 166.006528 166.006528 166.007215 166.008246 166.013056 166.038823 
166.041667 166.040884 166.040197 166.039167 166.038480 166.037449 166.036762 166.035731 166.035044 166.034013 166.033326 166.032295 166.031608 166.030577 166.029890 166.028860 166.028172 166.027142 166.026455 166.025424 166.024737 166.023706 166.023019 166.021988 166.021301 166.020270 166.019583 166.018553 166.017865 166.016835 166.016148 166.015117 166.014430 166.013399 166.012712 166.011681 166.010994 166.009963 166.009276 166.008246 166.007558 166.006528 166.005841 166.004810 166.004123 166.003092 166.002405 166.001374 166.000687 166.000000 
0.000000 166.041572 166.040884 166.039854 166.039167 166.038136 166.037449 166.036762 166.035731 166.035044 166.034013 166.033326 166.032295 166.031608 166.030577 166.029890 166.028860 166.028172 166.027142 166.026455 166.025424 166.024737 166.023706 166.023019 166.021988 166.021301 166.020270 166.019583 166.018896 166.017865 166.017178 166.016491 166.015461 166.014773 166.013743 166.013056 166.012025 166.011338 166.010651 166.009620 166.008933 166.008246 166.007558 166.007215 166.006528 166.006528 166.007215 166.008246 166.013056 166.038823 
0.000000 0.000000 0.000000 0.000000 166.041572 166.040541 166.039854 166.038823 166.038136 166.037449 166.036418 166.035731 166.034700 166.034013 166.033326 166.032295 166.031608 166.030921 166.029890 166.029203 166.028516 166.027829 166.027142 166.026111 166.025424 166.025080 166.024393 166.023706 166.023019 166.022332 166.021988 166.021301 166.020614 166.020270 166.019583 166.019240 166.019240 166.019240 166.019583 166.019927 166.020614 166.021988 166.023363 166.025424 166.029547 166.035044 0.000000 0.000000 0.000000 0.000000 
0.000000 0.000000 0.000000 0.000000 0.000000 0.000000 0.000000 0.000000 0.000000 166.041572 166.040884 166.040197 166.039510 166.039167 166.038480 166.037792 166.037105 166.036762 166.036075 166.035387 166.035044 166.034357 166.033670 166.033326 166.032639 166.032295 166.031952 166.031952 166.031952 166.031952 166.032295 166.032639 166.032982 166.033670 166.034357 166.035731 166.036762 166.038136 166.039854 0.000000 0.000000 0.000000 0.000000 0.000000 0.000000 0.000000 0.000000 0.000000 0.000000 0.000000 
