test/output/constant/C1_S060_A270_WD090.0_WS045.0/C1_S060_A270_WD090.0_WS045.0_arrival.asc
ncols         32
nrows         10
xllcorner     423503.990666
yllcorner     12748655.311160
cellsize      100.000000
NODATA_value  0.000000
0.000000 166.041545 166.040642 166.040642 166.040190 166.040190 166.040190 166.040190 166.040642 166.041545 0.000000 0.000000 0.000000 0.000000 0.000000 0.000000 0.000000 0.000000 0.000000 0.000000 0.000000 0.000000 0.000000 0.000000 0.000000 0.000000 0.000000 0.000000 0.000000 0.000000 0.000000 0.000000 
166.041545 166.040190 166.038836 166.037481 166.036578 166.036126 166.035223 166.034771 166.034771 166.034771 166.034771 166.035223 166.035675 166.037029 166.039287 0.000000 0.000000 0.000000 0.000000 0.000000 0.000000 0.000000 0.000000 0.000000 0.000000 0.000000 0.000000 0.000000 0.000000 0.000000 0.000000 0.000000 
166.041545 166.040190 166.038836 166.037481 166.036126 166.034771 166.033417 166.032062 166.031159 166.030256 166.029804 166.029804 166.029353 166.029804 166.029804 166.030256 166.031610 166.033868 166.037029 166.041094 0.000000 0.000000 0.000000 0.000000 0.000000 0.000000 0.000000 0.000000 0.000000 0.000000 0.000000 0.000000 
0.000000 166.041545 166.039739 166.037933 166.036126 166.034771 166.033417 166.032062 166.030707 166.029353 166.027998 166.026643 166.025740 166.024837 166.024385 166.024385 166.024385 166.024385 166.024837 166.026192 166.028901 166.032514 166.037481 0.000000 0.000000 0.000000 0.000000 0.000000 0.000000 0.000000 0.000000 0.000000 
0.000000 0.000000 0.000000 166.041545 166.039287 166.037029 166.035223 166.032965 166.031159 166.029353 166.027998 166.026643 166.025288 166.023934 166.022579 166.021224 166.019869 166.019418 166.018966 166.018966 166.018966 166.019418 166.021224 166.023934 166.028901 166.036578 0.000000 0.000000 0.000000 0.000000 0.000000 0.000000 
0.000000 0.000000 0.000000 0.000000 0.000000 0.000000 166.040190 166.037481 166.035223 166.032514 166.030256 166.028449 166.026192 166.024385 166.022579 166.021224 166.019869 166.018515 166.017160 166.015805 166.014450 166.013999 166.013547 166.013547 166.013999 166.015805 166.019869 166.027546 166.040642 0.000000 0.000000 0.000000 
0.000000 0.000000 0.000000 0.000000 0.000000 0.000000 0.000000 0.000000 0.000000 166.039287 166.036578 166.033868 166.031159 166.028901 166.026192 166.023934 166.021676 166.019418 166.017612 166.015805 166.014450 166.013096 166.011741 166.010386 166.009032 166.008128 166.008128 166.008580 166.011289 166.019418 166.040642 0.000000 
0.000000 0.000000 0.000000 0.000000 0.000000 0.000000 0.000000 0.000000 0.000000 0.000000 0.000000 0.000000 166.041094 166.037933 166.034771 166.031610 166.028449 166.025740 166.022579 166.019869 166.017160 166.014902 166.012644 166.010386 166.009032 166.007677 166.006322 166.004967 166.003613 166.002709 166.003161 166.014450 
0.000000 0.000000 0.000000 0.000000 0.000000 0.000000 0.000000 0.000000 0.000000 0.000000 0.000000 0.000000 0.000000 0.000000 0.000000 0.000000 0.000000 166.038836 166.035223 166.031610 166.028449 166.024837 166.021676 166.018063 166.014902 166.011741 166.008580 166.005871 166.003613 166.002258 166.000903 166.000000 
0.000000 0.000000 0.000000 0.000000 0.000000 0.000000 0.000000 0.000000 0.000000 0.000000 0.000000 0.000000 0.000000 0.000000 0.000000 0.000000 0.000000 0.000000 0.000000 0.000000 0.000000 0.000000 0.000000 0.000000 0.000000 0.000000 0.000000 166.041094 166.037481 166.041094 166.040190 0.000000 
