test/output/constant/M3M495_S060_A270_WD180.0_WS005.0/M3M495_S060_A270_WD180.0_WS005.0_arrival.asc
ncols         11
nrows         58
xllcorner     426103.990666
yllcorner     12748755.311160
cellsize      100.000000
NODATA_value  0.000000
0.000000 0.000000 0.000000 0.000000 0.000000 166.041667 0.000000 0.000000 0.000000 0.000000 0.000000 
0.000000 0.000000 0.000000 0.000000 166.041290 166.040995 166.041290 0.000000 0.000000 0.000000 0.000000 
0.000000 0.000000 0.000000 166.041667 166.040700 166.040405 166.040700 166.041667 0.000000 0.000000 0.000000 
0.000000 0.000000 0.000000 166.040995 166.039815 166.039520 166.039815 166.040995 0.000000 0.000000 0.000000 
0.000000 0.000000 0.000000 166.040405 166.039225 166.038930 166.039225 166.040405 0.000000 0.000000 0.000000 
0.000000 0.000000 166.041585 166.039520 166.038340 166.038046 166.038340 166.039520 166.041585 0.000000 0.000000 
0.000000 0.000000 166.040700 166.038930 166.037751 166.037456 166.037751 166.038930 166.040700 0.000000 0.000000 
0.000000 0.000000 166.040110 166.038046 166.036866 166.036571 166.036866 166.038046 166.040110 0.000000 0.000000 
0.000000 0.000000 166.039520 166.037456 166.036276 166.035981 166.036276 166.037456 166.039520 0.000000 0.000000 
0.000000 166.041585 166.038635 166.036866 166.035391 166.035096 166.035391 166.036866 166.038635 166.041585 0.000000 
0.000000 166.040700 166.038046 166.035981 166.034801 166.034506 166.034801 166.035981 166.038046 166.040700 0.000000 
0.000000 166.040405 166.037456 166.035391 166.033917 166.033622 166.033917 166.035391 166.037456 166.040405 0.000000 
0.000000 166.039815 166.036866 166.034506 166.033327 166.033032 166.033327 166.034506 166.036866 166.039815 0.000000 
0.000000 166.039225 166.035981 166.033917 166.032442 166.032147 166.032442 166.033917 166.035981 166.039225 0.000000 
0.000000 166.038635 166.035391 166.033032 166.031852 166.031557 166.031852 166.033032 166.035391 166.038635 0.000000 
0.000000 166.038046 166.034801 166.032442 166.030967 166.030672 166.030967 166.032442 166.034801 166.038046 0.000000 
0.000000 166.037456 166.033917 166.031852 166.030377 166.030083 166.030377 166.031852 166.033917 166.037456 0.000000 
166.041585 166.036866 166.033327 166.030967 166.029493 166.029198 166.029493 166.030967 166.033327 166.036866 166.041585 
166.041290 166.036571 166.032737 166.030377 166.028903 166.028608 166.028903 166.030377 166.032737 166.036571 166.041290 
166.040700 166.035981 166.031852 166.029493 166.028018 166.027723 166.028018 166.029493 166.031852 166.035981 166.040700 
166.040405 166.035391 166.031262 166.028903 166.027428 166.027133 166.027428 166.028903 166.031262 166.035391 166.040405 
166.039815 166.034801 166.030672 166.028018 166.026543 166.026248 166.026543 166.028018 166.030672 166.034801 166.039815 
166.039520 166.034506 166.030083 166.027428 166.025954 166.025659 166.025954 166.027428 166.030083 166.034506 166.039520 
166.038930 166.033917 166.029493 166.026838 166.025364 166.024774 166.025364 166.026838 166.029493 166.033917 166.038930 
166.038635 166.033327 166.028903 166.026248 166.024479 166.024184 166.024479 166.026248 166.028903 166.033327 166.038635 
166.038635 166.032737 166.028313 166.025364 166.023889 166.023299 166.023889 166.025364 166.028313 166.032737 166.038635 
166.038635 166.032442 166.027723 166.024774 166.023004 166.022709 166.023004 166.024774 166.027723 166.032442 166.038635 
166.038635 166.031852 166.027133 166.024184 166.022414 166.021825 166.022414 166.024184 166.027133 166.031852 166.038635 
166.038340 166.031557 166.026543 166.023299 166.021530 166.021235 166.021530 166.023299 166.026543 166.031557 166.038340 
166.038635 166.030967 166.026248 166.022709 166.020940 166.020350 166.020940 166.022709 166.026248 166.030967 166.038635 
166.038635 166.030672 166.025659 166.021825 166.020055 166.019760 166.020055 166.021825 166.025659 166.030672 166.038635 
166.038930 166.030083 166.025069 166.021235 166.019465 166.018875 166.019465 166.021235 166.025069 166.030083 166.038930 
166.038930 166.030083 166.024479 166.020645 166.018875 166.018285 166.018875 166.020645 166.024479 166.030083 166.038930 
166.039520 166.030083 166.023889 166.020055 166.017991 166.017401 166.017991 166.020055 166.023889 166.030083 166.039520 
166.039815 166.030083 166.023594 166.019170 166.017401 166.016811 166.017401 166.019170 166.023594 166.030083 166.039815 
166.040110 166.030083 166.023004 166.018580 166.016516 166.015926 166.016516 166.018580 166.023004 166.030083 166.040110 
166.040700 166.030083 166.022709 166.017991 166.015926 166.015336 166.015926 166.017991 166.022709 166.030083 166.040700 
166.041290 166.030377 166.022120 166.017401 166.015041 166.014451 166.015041 166.017401 166.022120 166.030377 166.041290 
0.000000 166.030672 166.021825 166.016811 166.014451 166.013862 166.014451 166.016811 166.021825 166.030672 0.000000 
0.000000 166.030967 166.021530 166.016221 166.013567 166.012977 166.013567 166.016221 166.021530 166.030967 0.000000 
0.000000 166.031262 166.021530 166.015926 166.012977 166.012387 166.012977 166.015926 166.021530 166.031262 0.000000 
0.000000 166.031852 166.021530 166.015336 166.012092 166.011502 166.012092 166.015336 166.021530 166.031852 0.000000 
0.000000 166.032442 166.021530 166.014746 166.011502 166.010912 166.011502 166.014746 166.021530 166.032442 0.000000 
0.000000 166.033327 166.021825 166.014156 166.010912 166.010028 166.010912 166.014156 166.021825 166.033327 0.000000 
0.000000 166.034801 166.022120 166.013567 166.010028 166.009438 166.010028 166.013567 166.022120 166.034801 0.000000 
0.000000 166.036276 166.022414 166.013272 166.009438 166.008553 166.009438 166.013272 166.022414 166.036276 0.000000 
0.000000 166.038046 166.023299 166.012977 166.008553 166.007963 166.008553 166.012977 166.023299 166.038046 0.000000 
0.000000 166.040110 166.023594 166.012977 166.007963 166.007078 166.007963 166.012977 166.023594 166.040110 0.000000 
0.000000 0.000000 166.025364 166.012977 166.007373 166.006488 166.007373 166.012977 166.025364 0.000000 0.000000 
0.000000 0.000000 166.026838 166.013272 166.006488 166.005604 166.006488 166.013272 166.026838 0.000000 0.000000 
0.000000 0.000000 166.028608 166.013567 166.005899 166.005014 166.005899 166.013567 166.028608 0.000000 0.000000 
0.000000 0.000000 166.031852 166.014156 166.005309 166.004129 166.005309 166.014156 166.031852 0.000000 0.000000 
0.000000 0.000000 166.036571 166.015631 166.005014 166.003539 166.005014 166.015631 166.036571 0.000000 0.000000 
0.000000 0.000000 0.000000 166.017696 166.004424 166.002654 166.004424 166.017696 0.000000 0.000000 0.000000 
0.000000 0.000000 0.000000 166.021235 166.004424 166.002064 166.004424 166.021235 0.000000 0.000000 0.000000 
0.000000 0.000000 0.000000 166.029788 166.004719 166.001180 166.004719 166.029788 0.000000 0.000000 0.000000 
0.000000 0.000000 0.000000 0.000000 166.006488 166.000590 166.006488 0.000000 0.000000 0.000000 0.000000 
0.000000 0.000000 0.000000 0.000000 166.015336 166.000000 166.015336 0.000000 0.000000 0.000000 0.000000 
