test/output/constant/M3M480_S060_A270_WD315.0_WS015.0/M3M480_S060_A270_WD315.0_WS015.0_arrival.asc
ncols         14
nrows         31
xllcorner     426503.990666
yllcorner     12748655.311160
cellsize      100.000000
NODATA_value  0.000000
0.000000 0.000000 0.000000 0.000000 0.000000 0.000000 0.000000 0.000000 0.000000 0.000000 0.000000 166.041667 166.041667 0.000000 
0.000000 0.000000 0.000000 0.000000 0.000000 0.000000 0.000000 0.000000 0.000000 166.041667 166.040214 166.040214 166.040214 166.041272 
0.000000 0.000000 0.000000 0.000000 0.000000 0.000000 0.000000 0.000000 166.041667 166.039684 166.038626 166.038626 166.039155 166.040743 
0.000000 0.000000 0.000000 0.000000 0.000000 0.000000 0.000000 0.000000 166.039684 166.037568 166.037568 166.037568 166.038097 166.040214 
0.000000 0.000000 0.000000 0.000000 0.000000 0.000000 0.000000 166.039684 166.037568 166.035981 166.035981 166.035981 166.037568 166.039684 
0.000000 0.000000 0.000000 0.000000 0.000000 0.000000 166.041272 166.037568 166.035451 166.034393 166.034393 166.034922 166.037039 166.039684 
0.000000 0.000000 0.000000 0.000000 0.000000 0.000000 166.038626 166.034922 166.033335 166.032806 166.032806 166.033864 166.036510 166.040214 
0.000000 0.000000 0.000000 0.000000 0.000000 166.040214 166.035981 166.032806 166.031748 166.031748 166.031748 166.033335 166.036510 166.040214 
0.000000 0.000000 0.000000 0.000000 0.000000 166.037039 166.033335 166.030689 166.030160 166.030160 166.030689 166.032806 166.036510 166.040743 
0.000000 0.000000 0.000000 0.000000 166.039684 166.034393 166.030689 166.029102 166.028573 166.028573 166.030160 166.032806 166.037039 166.041667 
0.000000 0.000000 0.000000 0.000000 166.036510 166.031748 166.028573 166.026985 166.026985 166.027515 166.029631 166.033335 166.037568 0.000000 
0.000000 0.000000 0.000000 166.039684 166.033335 166.029102 166.026456 166.025927 166.025927 166.026985 166.029631 166.033335 166.038626 0.000000 
0.000000 0.000000 0.000000 166.036510 166.030689 166.026456 166.024340 166.024340 166.024340 166.026456 166.029631 166.033864 166.040214 0.000000 
0.000000 0.000000 166.041272 166.033335 166.027515 166.024340 166.022752 166.022752 166.023811 166.025927 166.030160 166.035451 166.041667 0.000000 
0.000000 0.000000 166.037568 166.030160 166.024869 166.022223 166.021165 166.021165 166.022752 166.026456 166.030689 166.037039 0.000000 0.000000 
0.000000 0.000000 166.034393 166.026985 166.022223 166.020107 166.020107 166.020107 166.022752 166.026456 166.031748 166.039155 0.000000 0.000000 
0.000000 166.040743 166.030689 166.024340 166.020107 166.018519 166.018519 166.019578 166.022752 166.027515 166.033864 0.000000 0.000000 0.000000 
0.000000 166.037039 166.027515 166.021165 166.017990 166.016932 166.016932 166.019049 166.023282 166.028573 166.035981 0.000000 0.000000 0.000000 
0.000000 166.033335 166.023811 166.018519 166.015874 166.015345 166.016403 166.019049 166.023811 166.030689 166.039684 0.000000 0.000000 0.000000 
0.000000 166.029631 166.020636 166.015874 166.014286 166.014286 166.015874 166.019578 166.025398 166.033864 0.000000 0.000000 0.000000 0.000000 
0.000000 166.025927 166.017461 166.013228 166.012699 166.012699 166.015874 166.020636 166.028044 166.038626 0.000000 0.000000 0.000000 0.000000 
166.039155 166.022223 166.014816 166.011112 166.011112 166.012699 166.015874 166.022223 166.031748 0.000000 0.000000 0.000000 0.000000 0.000000 
166.035451 166.018519 166.011641 166.009524 166.009524 166.012170 166.017461 166.025398 166.037568 0.000000 0.000000 0.000000 0.000000 0.000000 
166.031748 166.015345 166.008995 166.008466 166.008995 166.012699 166.019578 166.031218 0.000000 0.000000 0.000000 0.000000 0.000000 0.000000 
166.028044 166.011641 166.006879 166.006879 166.008995 166.014286 166.024340 166.038097 0.000000 0.000000 0.000000 0.000000 0.000000 0.000000 
166.024869 166.007937 166.005291 166.005820 166.009524 166.017990 166.031748 0.000000 0.000000 0.000000 0.000000 0.000000 0.000000 0.000000 
166.021165 166.005291 166.003704 166.005291 166.011641 166.024340 0.000000 0.000000 0.000000 0.000000 0.000000 0.000000 0.000000 0.000000 
166.019049 166.002646 166.002646 166.005820 166.017990 166.035451 0.000000 0.000000 0.000000 0.000000 0.000000 0.000000 0.000000 0.000000 
166.017461 166.001058 166.002117 166.011112 166.029631 0.000000 0.000000 0.000000 0.000000 0.000000 0.000000 0.000000 0.000000 0.000000 
166.019049 166.000000 166.004233 166.025398 0.000000 0.000000 0.000000 0.000000 0.000000 0.000000 0.000000 0.000000 0.000000 0.000000 
166.034393 166.022752 166.030160 0.000000 0.000000 0.000000 0.000000 0.000000 0.000000 0.000000 0.000000 0.000000 0.000000 0.000000 
