test/output/constant/M3100_S000_A270_WD135.0_WS005.0/M3100_S000_A270_WD135.0_WS005.0_arrival.asc
ncols         18
nrows         18
xllcorner     425603.990666
yllcorner     12748055.311160
cellsize      100.000000
NODATA_value  0.000000
0.000000 0.000000 0.000000 166.041667 166.041255 166.039832 166.039832 166.038410 166.038410 166.039832 166.039832 166.041255 0.000000 0.000000 0.000000 0.000000 0.000000 0.000000 
0.000000 0.000000 166.041255 166.038410 166.036987 166.035564 166.035564 166.035564 166.035564 166.035564 166.035564 166.036987 166.039832 166.041667 0.000000 0.000000 0.000000 0.000000 
0.000000 166.041255 166.038410 166.035564 166.034142 166.032719 166.031297 166.031297 166.031297 166.031297 166.031297 166.032719 166.035564 166.038410 166.041255 0.000000 0.000000 0.000000 
166.041667 166.038410 166.035564 166.032719 166.031297 166.029874 166.028452 166.027029 166.027029 166.027029 166.027029 166.028452 166.031297 166.034142 166.038410 166.041255 0.000000 0.000000 
166.041255 166.036987 166.034142 166.031297 166.028452 166.025606 166.024184 166.022761 166.022761 166.022761 166.022761 166.024184 166.027029 166.029874 166.034142 166.038410 0.000000 0.000000 
166.039832 166.035564 166.032719 166.029874 166.025606 166.022761 166.021339 166.019916 166.018493 166.018493 166.019916 166.019916 166.022761 166.027029 166.031297 166.035564 166.041255 0.000000 
166.039832 166.035564 166.031297 166.028452 166.024184 166.021339 166.018493 166.015648 166.015648 166.014226 166.015648 166.017071 166.019916 166.022761 166.028452 166.032719 166.038410 0.000000 
166.038410 166.035564 166.031297 166.027029 166.022761 166.019916 166.015648 166.012803 166.011381 166.011381 166.011381 166.012803 166.015648 166.019916 166.025606 166.031297 166.036987 0.000000 
166.038410 166.035564 166.031297 166.027029 166.022761 166.018493 166.015648 166.011381 166.008535 166.007113 166.007113 166.008535 166.012803 166.018493 166.024184 166.029874 166.035564 166.041667 
166.039832 166.035564 166.031297 166.027029 166.022761 166.018493 166.014226 166.011381 166.007113 166.002845 166.002845 166.004268 166.009958 166.017071 166.022761 166.029874 166.035564 166.041667 
166.039832 166.035564 166.031297 166.027029 166.022761 166.019916 166.015648 166.011381 166.007113 166.002845 166.000000 166.004268 166.009958 166.017071 166.022761 166.029874 166.035564 166.041667 
166.041255 166.036987 166.032719 166.028452 166.024184 166.019916 166.017071 166.012803 166.008535 166.004268 166.004268 166.005690 166.011381 166.017071 166.024184 166.029874 166.036987 0.000000 
0.000000 166.039832 166.035564 166.031297 166.027029 166.022761 166.019916 166.015648 166.012803 166.009958 166.009958 166.011381 166.014226 166.019916 166.025606 166.032719 166.038410 0.000000 
0.000000 166.041667 166.038410 166.034142 166.029874 166.027029 166.022761 166.019916 166.018493 166.017071 166.017071 166.017071 166.019916 166.024184 166.029874 166.034142 166.041255 0.000000 
0.000000 0.000000 166.041255 166.038410 166.034142 166.031297 166.028452 166.025606 166.024184 166.022761 166.022761 166.024184 166.025606 166.029874 166.034142 166.038410 0.000000 0.000000 
0.000000 0.000000 0.000000 166.041255 166.038410 166.035564 166.032719 166.031297 166.029874 166.029874 166.029874 166.029874 166.032719 166.034142 166.038410 0.000000 0.000000 0.000000 
0.000000 0.000000 0.000000 0.000000 0.000000 166.041255 166.038410 166.036987 166.035564 166.035564 166.035564 166.036987 166.038410 166.041255 0.000000 0.000000 0.000000 0.000000 
0.000000 0.000000 0.000000 0.000000 0.000000 0.000000 0.000000 0.000000 166.041667 166.041667 166.041667 0.000000 0.000000 0.000000 0.000000 0.000000 0.000000 0.000000 
