test/output/constant/M3100_S000_A000_WD315.0_WS020.0/M3100_S000_A000_WD315.0_WS020.0_raz.asc
ncols         23
nrows         23
xllcorner     426403.990666
yllcorner     12746755.311160
cellsize      100.000000
NODATA_value  0.000000
314 356 62 73 82 73 82 0 0 0 0 0 0 0 0 0 0 0 0 0 0 0 0 
294 356 82 73 62 53 73 73 107 0 0 0 0 0 0 0 0 0 0 0 0 0 0 
207 187 254 125 32 111 82 107 62 82 90 0 0 0 0 0 0 0 0 0 0 0 0 
196 196 134 134 134 120 73 82 73 44 107 32 0 0 0 0 0 0 0 0 0 0 0 
196 237 146 134 133 134 134 62 127 111 82 82 73 0 0 0 0 0 0 0 0 0 0 
237 167 158 149 134 134 133 134 131 73 127 73 62 82 0 0 0 0 0 0 0 0 0 
187 237 196 187 134 136 133 129 133 134 82 118 82 111 73 0 0 0 0 0 0 0 0 
0 196 162 144 146 134 134 134 129 82 134 123 73 125 44 127 0 0 0 0 0 0 0 
0 162 158 237 142 138 136 134 134 134 131 134 134 73 133 129 125 0 0 0 0 0 0 
0 0 196 158 158 140 134 138 134 134 134 134 134 134 123 131 62 82 0 0 0 0 0 
0 0 179 162 224 142 134 134 138 134 131 133 129 73 125 134 62 134 73 0 0 0 0 
0 0 0 162 216 142 151 146 134 134 129 134 134 134 133 134 134 123 133 73 0 0 0 
0 0 0 0 196 142 224 196 134 134 134 134 134 133 133 134 134 125 134 82 0 0 0 
0 0 0 0 0 207 158 144 134 134 138 134 134 131 134 134 82 133 134 134 123 0 0 
0 0 0 0 0 0 187 187 136 146 144 136 134 134 134 134 123 134 73 134 125 0 0 
0 0 0 0 0 0 0 142 140 138 134 134 134 134 136 134 134 134 134 134 134 134 0 
0 0 0 0 0 0 0 0 144 140 134 134 134 136 134 134 134 134 134 131 133 133 0 
0 0 0 0 0 0 0 0 0 140 134 146 144 136 134 134 131 134 133 134 134 73 0 
0 0 0 0 0 0 0 0 0 0 196 136 134 134 134 134 134 138 134 134 120 134 134 
0 0 0 0 0 0 0 0 0 0 0 187 136 134 134 134 134 134 133 134 134 134 129 
0 0 0 0 0 0 0 0 0 0 0 0 0 146 144 134 136 134 133 134 134 134 134 
0 0 0 0 0 0 0 0 0 0 0 0 0 0 0 134 136 134 134 134 134 134 0 
0 0 0 0 0 0 0 0 0 0 0 0 0 0 0 0 0 0 136 134 134 0 0 
