test/output/constant/M3M445_S060_A270_WD270.0_WS010.0/M3M445_S060_A270_WD270.0_WS010.0_arrival.asc
ncols         9
nrows         23
xllcorner     426503.990666
yllcorner     12748755.311160
cellsize      100.000000
NODATA_value  0.000000
0.000000 0.000000 0.000000 0.000000 0.000000 0.000000 0.000000 166.041661 0.000000 
0.000000 0.000000 0.000000 0.000000 0.000000 0.000000 166.040199 166.040199 166.040930 
0.000000 0.000000 0.000000 0.000000 0.000000 166.040930 166.038007 166.038007 166.039469 
0.000000 0.000000 0.000000 0.000000 0.000000 166.037276 166.036545 166.036545 166.038738 
0.000000 0.000000 0.000000 0.000000 166.038738 166.035083 166.034352 166.034352 166.038738 
0.000000 0.000000 0.000000 0.000000 166.035814 166.032890 166.032160 166.033621 166.038007 
0.000000 0.000000 0.000000 166.038738 166.032890 166.030698 166.030698 166.032890 166.038738 
0.000000 0.000000 0.000000 166.035083 166.029236 166.028505 166.028505 166.032890 166.039469 
0.000000 0.000000 166.040930 166.031429 166.027043 166.026312 166.027774 166.032890 166.040930 
0.000000 0.000000 166.036545 166.027774 166.024851 166.024851 166.027043 166.032890 0.000000 
0.000000 0.000000 166.032160 166.024851 166.022658 166.022658 166.027043 166.034352 0.000000 
0.000000 166.041661 166.028505 166.021927 166.020465 166.021927 166.027043 166.035814 0.000000 
0.000000 166.036545 166.024120 166.019003 166.019003 166.021196 166.027774 166.039469 0.000000 
0.000000 166.032160 166.020465 166.016811 166.016811 166.021196 166.029236 0.000000 0.000000 
0.000000 166.027774 166.016811 166.014618 166.015349 166.021196 166.032160 0.000000 0.000000 
0.000000 166.022658 166.013887 166.013156 166.015349 166.022658 166.038007 0.000000 0.000000 
0.000000 166.018272 166.010963 166.010963 166.015349 166.025581 0.000000 0.000000 0.000000 
0.000000 166.013887 166.008771 166.009502 166.016080 166.032890 0.000000 0.000000 0.000000 
166.038738 166.009502 166.007309 166.009502 166.019003 0.000000 0.000000 0.000000 0.000000 
166.034352 166.005847 166.005116 166.009502 166.027774 0.000000 0.000000 0.000000 0.000000 
166.032890 166.002924 166.003654 166.013156 0.000000 0.000000 0.000000 0.000000 0.000000 
166.031429 166.001462 166.003654 166.027043 0.000000 0.000000 0.000000 0.000000 0.000000 
166.038007 166.000000 166.010233 0.000000 0.000000 0.000000 0.000000 0.000000 0.000000 
