test/output/constant/M480_S060_A090_WD000.0_WS025.0/M480_S060_A090_WD000.0_WS025.0_arrival.asc
ncols         7
nrows         39
xllcorner     426303.990666
yllcorner     12744955.311160
cellsize      100.000000
NODATA_value  0.000000
0.000000 0.000000 0.000000 166.000000 0.000000 0.000000 0.000000 
0.000000 0.000000 166.014770 166.000869 166.014770 0.000000 0.000000 
0.000000 0.000000 166.009123 166.001738 166.009123 0.000000 0.000000 
0.000000 0.000000 166.008254 166.003041 166.008254 0.000000 0.000000 
0.000000 166.037794 166.007819 166.003910 166.007819 166.037794 0.000000 
0.000000 166.032581 166.007819 166.005213 166.007819 166.032581 0.000000 
0.000000 166.028237 166.008688 166.006082 166.008688 166.028237 0.000000 
0.000000 166.026065 166.009557 166.007385 166.009557 166.026065 0.000000 
0.000000 166.024762 166.010426 166.008254 166.010426 166.024762 0.000000 
0.000000 166.023893 166.011295 166.009557 166.011295 166.023893 0.000000 
0.000000 166.023024 166.012164 166.010426 166.012164 166.023024 0.000000 
0.000000 166.023024 166.013032 166.011729 166.013032 166.023024 0.000000 
0.000000 166.022590 166.014336 166.012598 166.014336 166.022590 0.000000 
166.041269 166.022590 166.015204 166.013901 166.015204 166.022590 166.041269 
166.040401 166.023024 166.016073 166.014770 166.016073 166.023024 166.040401 
166.039532 166.023893 166.017377 166.016073 166.017377 166.023893 166.039532 
166.038663 166.024327 166.018245 166.016942 166.018245 166.024327 166.038663 
166.038228 166.025196 166.019549 166.018245 166.019549 166.025196 166.038228 
166.038228 166.026065 166.020417 166.019114 166.020417 166.026065 166.038228 
166.037794 166.026934 166.021721 166.020417 166.021721 166.026934 166.037794 
166.037794 166.027368 166.022590 166.021286 166.022590 166.027368 166.037794 
166.037794 166.028237 166.023458 166.022590 166.023458 166.028237 166.037794 
166.037794 166.029106 166.024762 166.023458 166.024762 166.029106 166.037794 
166.038228 166.029975 166.025630 166.024762 166.025630 166.029975 166.038228 
166.039097 166.030843 166.026934 166.025630 166.026934 166.030843 166.039097 
166.039532 166.031712 166.027803 166.026934 166.027803 166.031712 166.039532 
166.040401 166.032581 166.029106 166.027803 166.029106 166.032581 166.040401 
166.041269 166.033450 166.029975 166.029106 166.029975 166.033450 166.041269 
0.000000 166.034753 166.031278 166.029975 166.031278 166.034753 0.000000 
0.000000 166.035622 166.032147 166.031278 166.032147 166.035622 0.000000 
0.000000 166.036491 166.033015 166.032147 166.033015 166.036491 0.000000 
0.000000 166.037360 166.034319 166.033450 166.034319 166.037360 0.000000 
0.000000 166.038663 166.035188 166.034319 166.035188 166.038663 0.000000 
0.000000 166.039532 166.036491 166.035622 166.036491 166.039532 0.000000 
0.000000 166.040835 166.037360 166.036491 166.037360 166.040835 0.000000 
0.000000 166.041667 166.038663 166.037794 166.038663 166.041667 0.000000 
0.000000 0.000000 166.039532 166.038663 166.039532 0.000000 0.000000 
0.000000 0.000000 166.040835 166.039966 166.040835 0.000000 0.000000 
0.000000 0.000000 166.041667 166.040835 166.041667 0.000000 0.000000 
