test/output/constant/M375_S060_A180_WD135.0_WS000.0/M375_S060_A180_WD135.0_WS000.0_arrival.asc
ncols         44
nrows         9
xllcorner     426503.990666
yllcorner     12748355.311160
cellsize      100.000000
NODATA_value  0.000000
0.000000 0.000000 0.000000 0.000000 0.000000 0.000000 0.000000 0.000000 0.000000 0.000000 0.000000 166.041358 166.039389 166.038207 166.037026 166.036238 166.035450 166.035056 166.034662 166.034662 166.034662 166.034662 166.034662 166.034662 166.035056 166.035450 166.036238 166.036632 166.037419 166.038207 166.038601 166.039389 166.040177 166.040964 166.041358 0.000000 0.000000 0.000000 0.000000 0.000000 0.000000 0.000000 0.000000 0.000000 
0.000000 0.000000 0.000000 0.000000 0.000000 0.000000 166.035844 166.032693 166.029542 166.027966 166.026784 166.025603 166.025209 166.024815 166.024815 166.024815 166.024815 166.024815 166.025209 166.025997 166.026391 166.027178 166.027966 166.028360 166.029148 166.029936 166.030723 166.031511 166.031905 166.032693 166.033481 166.034268 166.035056 166.036238 166.037026 166.037813 166.038601 166.039783 166.040571 166.041358 0.000000 0.000000 0.000000 0.000000 
0.000000 0.000000 166.039389 166.027572 166.021270 166.018119 166.016543 166.015362 166.014968 166.014968 166.014968 166.014968 166.015756 166.016149 166.016937 166.017725 166.018513 166.018907 166.019694 166.020482 166.021270 166.022452 166.023239 166.024027 166.024815 166.025997 166.026784 166.027572 166.028754 166.029542 166.030329 166.031511 166.032299 166.033087 166.034268 166.035056 166.036238 166.037026 166.037813 166.038995 166.039783 166.040964 0.000000 0.000000 
0.000000 166.014574 166.006696 166.005121 166.005121 166.005514 166.005908 166.006696 166.007484 166.008666 166.009453 166.010241 166.011423 166.012211 166.013392 166.014180 166.014968 166.016149 166.016937 166.018119 166.018907 166.020088 166.020876 166.022058 166.022846 166.023633 166.024815 166.025603 166.026784 166.027572 166.028754 166.029542 166.030723 166.031511 166.032299 166.033481 166.034268 166.035450 166.036238 166.037419 166.038207 166.039389 166.040177 166.041358 
166.040571 166.000000 166.000788 166.001576 166.002757 166.003545 166.004727 166.005514 166.006696 166.007484 166.008666 166.009453 166.010635 166.011423 166.012604 166.013392 166.014574 166.015362 166.016543 166.017331 166.018513 166.019301 166.020482 166.021270 166.022452 166.023239 166.024421 166.025209 166.026391 166.027178 166.028360 166.029148 166.030329 166.031117 166.032299 166.033087 166.034268 166.035056 166.036238 166.037026 166.038207 166.038995 166.040177 166.040964 
0.000000 166.014574 166.006696 166.005121 166.005121 166.005514 166.005908 166.006696 166.007484 166.008666 166.009453 166.010241 166.011423 166.012211 166.013392 166.014180 166.014968 166.016149 166.016937 166.018119 166.018907 166.020088 166.020876 166.022058 166.022846 166.023633 166.024815 166.025603 166.026784 166.027572 166.028754 166.029542 166.030723 166.031511 166.032299 166.033481 166.034268 166.035450 166.036238 166.037419 166.038207 166.039389 166.040177 166.041358 
0.000000 0.000000 166.039389 166.027572 166.021270 166.018119 166.016543 166.015362 166.014968 166.014968 166.014968 166.014968 166.015756 166.016149 166.016937 166.017725 166.018513 166.018907 166.019694 166.020482 166.021270 166.022452 166.023239 166.024027 166.024815 166.025997 166.026784 166.027572 166.028754 166.029542 166.030329 166.031511 166.032299 166.033087 166.034268 166.035056 166.036238 166.037026 166.037813 166.038995 166.039783 166.040964 0.000000 0.000000 
0.000000 0.000000 0.000000 0.000000 0.000000 0.000000 166.035844 166.032693 166.029542 166.027966 166.026784 166.025603 166.025209 166.024815 166.024815 166.024815 166.024815 166.024815 166.025209 166.025997 166.026391 166.027178 166.027966 166.028360 166.029148 166.029936 166.030723 166.031511 166.031905 166.032693 166.033481 166.034268 166.035056 166.036238 166.037026 166.037813 166.038601 166.039783 166.040571 166.041358 0.000000 0.000000 0.000000 0.000000 
0.000000 0.000000 0.000000 0.000000 0.000000 0.000000 0.000000 0.000000 0.000000 0.000000 0.000000 166.041358 166.039389 166.038207 166.037026 166.036238 166.035450 166.035056 166.034662 166.034662 166.034662 166.034662 166.034662 166.034662 166.035056 166.035450 166.036238 166.036632 166.037419 166.038207 166.038601 166.039389 166.040177 166.040964 166.041358 0.000000 0.000000 0.000000 0.000000 0.000000 0.000000 0.000000 0.000000 0.000000 
