test/output/constant/M495_S060_A090_WD315.0_WS005.0/M495_S060_A090_WD315.0_WS005.0_arrival.asc
ncols         8
nrows         31
xllcorner     426403.990666
yllcorner     12745755.311160
cellsize      100.000000
NODATA_value  0.000000
0.000000 166.023761 166.000000 166.014920 0.000000 0.000000 0.000000 0.000000 
0.000000 166.013262 166.001105 166.004973 166.039233 0.000000 0.000000 0.000000 
0.000000 166.011604 166.002210 166.004421 166.023761 0.000000 0.000000 0.000000 
166.040338 166.011604 166.003868 166.004421 166.017130 0.000000 0.000000 0.000000 
166.036470 166.012157 166.004973 166.005526 166.013814 166.036470 0.000000 0.000000 
166.034260 166.012709 166.006631 166.006631 166.012709 166.029287 0.000000 0.000000 
166.033155 166.013814 166.007736 166.007736 166.012709 166.025419 0.000000 0.000000 
166.032602 166.015472 166.009394 166.009394 166.012709 166.023208 0.000000 0.000000 
166.032602 166.016577 166.011052 166.010499 166.013262 166.021550 166.038128 0.000000 
166.033155 166.018235 166.012709 166.012157 166.013814 166.020998 166.034812 0.000000 
166.033707 166.019893 166.013814 166.013262 166.014920 166.020998 166.032049 0.000000 
166.034260 166.021550 166.015472 166.014920 166.015472 166.020998 166.030392 0.000000 
166.035365 166.023208 166.017130 166.016577 166.016577 166.020998 166.029839 0.000000 
166.035917 166.024866 166.018788 166.017682 166.017682 166.021550 166.029287 166.040891 
166.037023 166.026524 166.020445 166.019340 166.019340 166.022103 166.029287 166.039785 
166.038128 166.028181 166.022103 166.020445 166.020445 166.022656 166.029287 166.038680 
166.039233 166.029839 166.023761 166.022103 166.022103 166.023761 166.029287 166.037575 
166.040891 166.031497 166.025419 166.023208 166.023208 166.024866 166.029839 166.037575 
166.041667 166.033155 166.027076 166.024866 166.024866 166.025971 166.030392 166.037575 
0.000000 166.034812 166.028734 166.026524 166.025971 166.027076 166.030392 166.037575 
0.000000 166.036470 166.030392 166.027629 166.027629 166.028181 166.031497 166.037575 
0.000000 166.038128 166.032049 166.029287 166.028734 166.029287 166.032049 166.038128 
0.000000 166.039785 166.033707 166.030944 166.030392 166.030392 166.033155 166.038128 
0.000000 166.041443 166.035365 166.032049 166.031497 166.031497 166.034260 166.038680 
0.000000 0.000000 166.037023 166.033707 166.033155 166.033155 166.034812 166.039233 
0.000000 0.000000 166.038680 166.035365 166.034260 166.034260 166.036470 166.039785 
0.000000 0.000000 166.040338 166.037023 166.035917 166.035917 166.037023 166.040338 
0.000000 0.000000 166.041667 166.038680 166.037023 166.037023 166.038128 166.041443 
0.000000 0.000000 0.000000 166.040338 166.038680 166.038680 166.039785 0.000000 
0.000000 0.000000 0.000000 166.041667 166.040338 166.039785 166.040891 0.000000 
0.000000 0.000000 0.000000 0.000000 166.041443 166.041443 0.000000 0.000000 
