test/output/constant/M485_S060_A000_WD135.0_WS010.0/M485_S060_A000_WD135.0_WS010.0_ros.asc
ncols         31
nrows         9
xllcorner     423603.990666
yllcorner     12748655.311160
cellsize      100.000000
NODATA_value  0.000000
0.000000 51.708202 51.708202 51.708202 51.603321 45.848446 42.740257 42.740257 39.135826 4.555817 35.144806 2.662996 0.000000 0.000000 0.000000 0.000000 0.000000 0.000000 0.000000 0.000000 0.000000 0.000000 0.000000 0.000000 0.000000 0.000000 0.000000 0.000000 0.000000 0.000000 0.000000 
51.708202 51.708202 51.708202 51.708202 48.365826 51.708202 51.708202 42.740257 45.848446 42.740257 39.135826 39.135826 39.135826 1.433573 39.135826 35.144806 2.662996 1.433573 0.000000 0.000000 0.000000 0.000000 0.000000 0.000000 0.000000 0.000000 0.000000 0.000000 0.000000 0.000000 0.000000 
51.708202 51.708202 51.708202 51.708202 51.342037 50.215794 51.708202 51.708202 51.708202 50.215794 51.708202 50.215794 51.342037 39.135826 1.433573 39.135826 39.135826 39.135826 35.144806 39.135826 35.144806 2.662996 0.000000 0.000000 0.000000 0.000000 0.000000 0.000000 0.000000 0.000000 0.000000 
46.268349 48.690041 46.268349 51.708202 51.708202 51.708202 51.708202 51.708202 51.708202 51.708202 51.708202 51.708202 51.708202 51.708202 51.708202 51.708202 51.708202 39.135826 42.740257 35.144806 39.135826 35.144806 39.135826 35.144806 35.144806 0.000000 0.000000 0.000000 0.000000 0.000000 0.000000 
0.000000 0.000000 31.531261 51.708202 31.531261 48.690041 27.145267 31.531261 27.145267 51.708202 51.708202 51.708202 51.708202 51.708202 51.708202 51.708202 51.708202 51.708202 51.708202 51.708202 50.215794 39.135826 39.135826 39.135826 35.144806 35.144806 35.144806 30.888622 0.000000 0.000000 0.000000 
0.000000 0.000000 0.000000 0.000000 31.531261 27.145267 31.531261 27.145267 31.531261 31.531261 31.531261 48.690041 31.531261 27.145267 27.145267 51.447102 39.703819 51.708202 51.708202 51.708202 51.708202 51.708202 51.708202 51.708202 42.740257 1.433573 39.135826 2.662996 1.016732 0.747106 0.000000 
0.000000 0.000000 0.000000 0.000000 0.000000 0.000000 0.000000 27.145267 31.531261 31.531261 27.145267 31.531261 27.145267 27.145267 27.145267 31.531261 31.531261 27.145267 27.145267 50.433922 51.708202 51.708202 48.690041 51.708202 51.708202 51.708202 51.708202 51.708202 51.708202 35.144806 0.506861 
0.000000 0.000000 0.000000 0.000000 0.000000 0.000000 0.000000 0.000000 0.000000 0.000000 31.531261 27.145267 27.145267 27.145267 31.531261 31.531261 27.145267 31.531261 31.531261 31.531261 31.531261 27.145267 27.145267 27.145267 27.145267 35.760231 27.145267 48.690041 51.708202 51.708202 -1.000000 
0.000000 0.000000 0.000000 0.000000 0.000000 0.000000 0.000000 0.000000 0.000000 0.000000 0.000000 0.000000 0.000000 0.000000 0.000000 0.000000 0.000000 27.145267 27.145267 27.145267 27.145267 27.145267 27.145267 27.145267 31.531261 27.145267 18.435352 27.145267 14.375710 22.735357 0.346383 
