test/output/constant/M190_S000_A090_WD000.0_WS050.0/M190_S000_A090_WD000.0_WS050.0_arrival.asc
ncols         7
nrows         37
xllcorner     426303.990666
yllcorner     12745155.311160
cellsize      100.000000
NODATA_value  0.000000
0.000000 0.000000 166.033486 166.000000 166.033486 0.000000 0.000000 
0.000000 0.000000 166.012385 166.000917 166.012385 0.000000 0.000000 
0.000000 0.000000 166.008257 166.001835 166.008257 0.000000 0.000000 
0.000000 166.040367 166.007798 166.003211 166.007798 166.040367 0.000000 
0.000000 166.033027 166.007339 166.004128 166.007339 166.033027 0.000000 
0.000000 166.028440 166.007798 166.005505 166.007798 166.028440 0.000000 
0.000000 166.025688 166.008716 166.006422 166.008716 166.025688 0.000000 
0.000000 166.023853 166.009633 166.007798 166.009633 166.023853 0.000000 
0.000000 166.022936 166.010550 166.008716 166.010550 166.022936 0.000000 
0.000000 166.022477 166.011468 166.010092 166.011468 166.022477 0.000000 
0.000000 166.022018 166.012385 166.011009 166.012385 166.022018 0.000000 
166.040825 166.022018 166.013761 166.012385 166.013761 166.022018 166.040825 
166.039449 166.022018 166.014679 166.013303 166.014679 166.022018 166.039449 
166.038532 166.022477 166.015596 166.014679 166.015596 166.022477 166.038532 
166.037615 166.023394 166.016972 166.015596 166.016972 166.023394 166.037615 
166.037156 166.023853 166.017890 166.016972 166.017890 166.023853 166.037156 
166.036697 166.024771 166.018807 166.017890 166.018807 166.024771 166.036697 
166.036697 166.025688 166.020183 166.019266 166.020183 166.025688 166.036697 
166.036697 166.026147 166.021101 166.020183 166.021101 166.026147 166.036697 
166.036697 166.027064 166.022477 166.021560 166.022477 166.027064 166.036697 
166.036697 166.027982 166.023394 166.022477 166.023394 166.027982 166.036697 
166.037156 166.028899 166.024771 166.023853 166.024771 166.028899 166.037156 
166.037615 166.029816 166.025688 166.024771 166.025688 166.029816 166.037615 
166.038532 166.030734 166.027064 166.026147 166.027064 166.030734 166.038532 
166.039449 166.031651 166.027982 166.027064 166.027982 166.031651 166.039449 
166.039908 166.032569 166.029358 166.028440 166.029358 166.032569 166.039908 
166.040825 166.033945 166.030275 166.029358 166.030275 166.033945 166.040825 
166.041667 166.034862 166.031651 166.030734 166.031651 166.034862 166.041667 
0.000000 166.035780 166.032569 166.031651 166.032569 166.035780 0.000000 
0.000000 166.036697 166.033945 166.033027 166.033945 166.036697 0.000000 
0.000000 166.038073 166.034862 166.033945 166.034862 166.038073 0.000000 
0.000000 166.038991 166.036238 166.035321 166.036238 166.038991 0.000000 
0.000000 166.039908 166.037156 166.036238 166.037156 166.039908 0.000000 
0.000000 166.041284 166.038073 166.037615 166.038073 166.041284 0.000000 
0.000000 0.000000 166.039449 166.038532 166.039449 0.000000 0.000000 
0.000000 0.000000 166.040367 166.039908 166.040367 0.000000 0.000000 
0.000000 0.000000 166.041667 166.040825 166.041667 0.000000 0.000000 
