test/output/constant/M365_S060_A000_WD090.0_WS025.0/M365_S060_A000_WD090.0_WS025.0_arrival.asc
ncols         48
nrows         7
xllcorner     421903.990666
yllcorner     12748455.311160
cellsize      100.000000
NODATA_value  0.000000
0.000000 0.000000 0.000000 0.000000 0.000000 0.000000 0.000000 0.000000 0.000000 0.000000 166.041365 166.040651 166.039938 166.039225 166.038512 166.038155 166.037442 166.036729 166.036016 166.035659 166.034946 166.034589 166.033876 166.033520 166.033163 166.033163 166.033163 166.033163 166.033520 166.033876 166.034233 166.034946 166.035303 166.036372 166.037799 166.039225 166.041008 0.000000 0.000000 0.000000 0.000000 0.000000 0.000000 0.000000 0.000000 0.000000 0.000000 0.000000 
0.000000 0.000000 0.000000 0.000000 166.041008 166.040295 166.039582 166.038869 166.037799 166.037086 166.036372 166.035303 166.034589 166.033520 166.032806 166.032093 166.031023 166.030310 166.029597 166.028884 166.028171 166.027101 166.026388 166.026031 166.025318 166.024605 166.023892 166.023178 166.022822 166.022109 166.021396 166.021039 166.020326 166.019969 166.019969 166.019969 166.020326 166.020682 166.021396 166.022465 166.023892 166.026744 166.030667 166.034589 0.000000 0.000000 0.000000 0.000000 
0.000000 166.041365 166.040651 166.039582 166.038869 166.038155 166.037086 166.036372 166.035303 166.034589 166.033520 166.032806 166.031737 166.031023 166.029954 166.029241 166.028171 166.027458 166.026388 166.025675 166.024605 166.023892 166.022822 166.022109 166.021039 166.020326 166.019613 166.018543 166.017830 166.017116 166.016047 166.015333 166.014264 166.013550 166.012481 166.011768 166.010698 166.009985 166.009271 166.008558 166.007845 166.007488 166.006775 166.006775 166.007132 166.008915 166.013550 166.037442 
166.041667 166.040651 166.039938 166.038869 166.038155 166.037086 166.036372 166.035303 166.034589 166.033520 166.032806 166.031737 166.031023 166.029954 166.029241 166.028171 166.027458 166.026388 166.025675 166.024605 166.023892 166.022822 166.022109 166.021039 166.020326 166.019256 166.018543 166.017473 166.016760 166.015690 166.014977 166.013907 166.013194 166.012124 166.011411 166.010341 166.009628 166.008558 166.007845 166.006775 166.006062 166.004992 166.004279 166.003209 166.002496 166.001426 166.000713 166.000000 
0.000000 166.041365 166.040651 166.039582 166.038869 166.038155 166.037086 166.036372 166.035303 166.034589 166.033520 166.032806 166.031737 166.031023 166.029954 166.029241 166.028171 166.027458 166.026388 166.025675 166.024605 166.023892 166.022822 166.022109 166.021039 166.020326 166.019613 166.018543 166.017830 166.017116 166.016047 166.015333 166.014264 166.013550 166.012481 166.011768 166.010698 166.009985 166.009271 166.008558 166.007845 166.007488 166.006775 166.006775 166.007132 166.008915 166.013550 166.037442 
0.000000 0.000000 0.000000 0.000000 166.041008 166.040295 166.039582 166.038869 166.037799 166.037086 166.036372 166.035303 166.034589 166.033520 166.032806 166.032093 166.031023 166.030310 166.029597 166.028884 166.028171 166.027101 166.026388 166.026031 166.025318 166.024605 166.023892 166.023178 166.022822 166.022109 166.021396 166.021039 166.020326 166.019969 166.019969 166.019969 166.020326 166.020682 166.021396 166.022465 166.023892 166.026744 166.030667 166.034589 0.000000 0.000000 0.000000 0.000000 
0.000000 0.000000 0.000000 0.000000 0.000000 0.000000 0.000000 0.000000 0.000000 0.000000 166.041365 166.040651 166.039938 166.039225 166.038512 166.038155 166.037442 166.036729 166.036016 166.035659 166.034946 166.034589 166.033876 166.033520 166.033163 166.033163 166.033163 166.033163 166.033520 166.033876 166.034233 166.034946 166.035303 166.036372 166.037799 166.039225 166.041008 0.000000 0.000000 0.000000 0.000000 0.000000 0.000000 0.000000 0.000000 0.000000 0.000000 0.000000 
