test/output/constant/M3M450_S060_A000_WD045.0_WS015.0/M3M450_S060_A000_WD045.0_WS015.0_arrival.asc
ncols         32
nrows         10
xllcorner     423503.990666
yllcorner     12747955.311160
cellsize      100.000000
NODATA_value  0.000000
0.000000 0.000000 0.000000 0.000000 0.000000 0.000000 0.000000 0.000000 0.000000 0.000000 0.000000 0.000000 0.000000 0.000000 0.000000 0.000000 0.000000 0.000000 0.000000 0.000000 0.000000 0.000000 0.000000 0.000000 0.000000 166.041667 166.039275 166.036725 166.033664 166.032644 166.034684 0.000000 
0.000000 0.000000 0.000000 0.000000 0.000000 0.000000 0.000000 0.000000 0.000000 0.000000 0.000000 0.000000 0.000000 0.000000 0.000000 0.000000 0.000000 166.038765 166.035705 166.032134 166.028564 166.024993 166.021933 166.018362 166.015302 166.012242 166.008671 166.006121 166.003570 166.002040 166.001020 166.000000 
0.000000 0.000000 0.000000 0.000000 0.000000 0.000000 0.000000 0.000000 0.000000 0.000000 0.000000 0.000000 166.041667 166.038255 166.035195 166.032134 166.029074 166.026013 166.023463 166.020403 166.017342 166.014792 166.012752 166.010711 166.008671 166.007651 166.006121 166.005101 166.003570 166.003060 166.003060 166.015812 
0.000000 0.000000 0.000000 0.000000 0.000000 0.000000 0.000000 0.000000 0.000000 166.040295 166.037745 166.034684 166.031624 166.029074 166.026523 166.023973 166.021933 166.019383 166.017342 166.015812 166.014282 166.012752 166.011732 166.010201 166.008671 166.008161 166.007651 166.008161 166.010201 166.018362 166.039785 0.000000 
0.000000 0.000000 0.000000 0.000000 0.000000 0.000000 166.040805 166.037745 166.035195 166.033154 166.030604 166.028564 166.026013 166.024483 166.022443 166.020913 166.019383 166.018362 166.016832 166.015302 166.014282 166.013262 166.012752 166.012752 166.013262 166.014792 166.018362 166.026523 166.039275 0.000000 0.000000 0.000000 
0.000000 0.000000 0.000000 0.000000 166.039785 166.037235 166.035195 166.033154 166.031114 166.029074 166.027544 166.026013 166.024993 166.023463 166.021933 166.020913 166.019383 166.018362 166.017852 166.017852 166.017852 166.018872 166.019893 166.022443 166.027034 166.034684 0.000000 0.000000 0.000000 0.000000 0.000000 0.000000 
0.000000 0.000000 166.039785 166.037745 166.036215 166.034174 166.032644 166.031624 166.030094 166.028564 166.027544 166.026013 166.024993 166.023973 166.023463 166.022953 166.022953 166.022953 166.023973 166.024993 166.027034 166.030094 166.035195 0.000000 0.000000 0.000000 0.000000 0.000000 0.000000 0.000000 0.000000 0.000000 
166.041315 166.039785 166.038255 166.036725 166.035195 166.034174 166.032644 166.031624 166.030094 166.029074 166.028564 166.028054 166.028054 166.028054 166.028054 166.029074 166.030094 166.031624 166.034684 166.038255 0.000000 0.000000 0.000000 0.000000 0.000000 0.000000 0.000000 0.000000 0.000000 0.000000 0.000000 0.000000 
166.040805 166.039275 166.038255 166.036725 166.035705 166.034684 166.034174 166.033154 166.033154 166.033154 166.033154 166.033664 166.034174 166.035195 166.036725 166.038765 0.000000 0.000000 0.000000 0.000000 0.000000 0.000000 0.000000 0.000000 0.000000 0.000000 0.000000 0.000000 0.000000 0.000000 0.000000 0.000000 
166.040805 166.039785 166.039275 166.038765 166.038255 166.038255 166.038255 166.038255 166.038765 166.039785 166.040295 0.000000 0.000000 0.000000 0.000000 0.000000 0.000000 0.000000 0.000000 0.000000 0.000000 0.000000 0.000000 0.000000 0.000000 0.000000 0.000000 0.000000 0.000000 0.000000 0.000000 0.000000 
