test/output/constant/M3M450_S060_A000_WD045.0_WS015.0/M3M450_S060_A000_WD045.0_WS015.0_ros.asc
ncols         32
nrows         10
xllcorner     423503.990666
yllcorner     12747955.311160
cellsize      100.000000
NODATA_value  0.000000
0.000000 0.000000 0.000000 0.000000 0.000000 0.000000 0.000000 0.000000 0.000000 0.000000 0.000000 0.000000 0.000000 0.000000 0.000000 0.000000 0.000000 0.000000 0.000000 0.000000 0.000000 0.000000 0.000000 0.000000 0.000000 19.386703 7.795886 19.386703 19.386703 4.976351 7.795886 0.000000 
0.000000 0.000000 0.000000 0.000000 0.000000 0.000000 0.000000 0.000000 0.000000 0.000000 0.000000 0.000000 0.000000 0.000000 0.000000 0.000000 0.000000 19.386703 19.386703 15.111601 19.386703 19.386703 11.208619 19.386703 15.111601 15.111601 28.527639 7.795886 41.637608 53.945747 53.945747 -1.000000 
0.000000 0.000000 0.000000 0.000000 0.000000 0.000000 0.000000 0.000000 0.000000 0.000000 0.000000 0.000000 23.904381 19.386703 19.386703 19.386703 23.904381 41.637608 15.111601 19.386703 41.637608 41.637608 19.386703 19.386703 53.945747 53.945747 53.945747 53.945747 53.945747 53.945747 2.662448 0.618635 
0.000000 0.000000 0.000000 0.000000 0.000000 0.000000 0.000000 0.000000 0.000000 28.527639 7.795886 23.904381 41.637608 19.386703 23.904381 45.311760 15.111601 53.945747 41.637608 11.208619 52.708870 53.945747 53.945747 53.945747 53.945747 53.945747 50.575069 36.838295 4.661176 32.390007 0.416517 0.000000 
0.000000 0.000000 0.000000 0.000000 0.000000 0.000000 11.208619 50.932697 41.637608 19.386703 23.904381 11.208619 50.932697 33.116222 53.945747 53.945747 53.945747 53.945747 53.945747 53.945747 53.945747 52.471333 53.606461 44.751305 36.838295 36.838295 41.000927 36.838295 32.390007 0.000000 0.000000 0.000000 
0.000000 0.000000 0.000000 0.000000 23.904381 48.441792 23.904381 19.386703 53.716419 48.441792 53.945747 45.311760 53.945747 53.945747 53.945747 53.945747 53.945747 50.575069 53.847008 44.751305 44.751305 2.662448 36.838295 2.662448 0.900786 36.838295 0.000000 0.000000 0.000000 0.000000 0.000000 0.000000 
0.000000 0.000000 53.945747 45.311760 19.386703 45.311760 53.902142 19.386703 53.945747 53.945747 53.945747 53.945747 53.945747 53.945747 53.945747 53.945747 44.751305 44.751305 41.000927 41.000927 2.662448 36.838295 36.838295 0.000000 0.000000 0.000000 0.000000 0.000000 0.000000 0.000000 0.000000 0.000000 
23.904381 11.208619 53.945747 53.902142 53.945747 53.945747 53.945747 53.945747 53.945747 52.471333 53.945747 47.975368 44.751305 44.751305 41.000927 44.751305 36.838295 36.838295 2.662448 1.377142 0.000000 0.000000 0.000000 0.000000 0.000000 0.000000 0.000000 0.000000 0.000000 0.000000 0.000000 0.000000 
53.945747 53.945747 53.945747 53.945747 53.945747 53.945747 53.945747 52.471333 44.751305 41.000927 44.751305 41.000927 36.838295 36.838295 36.838295 36.838295 0.000000 0.000000 0.000000 0.000000 0.000000 0.000000 0.000000 0.000000 0.000000 0.000000 0.000000 0.000000 0.000000 0.000000 0.000000 0.000000 
53.945747 53.945747 52.471333 53.945747 52.471333 44.751305 44.751305 44.751305 44.751305 1.377142 36.838295 0.000000 0.000000 0.000000 0.000000 0.000000 0.000000 0.000000 0.000000 0.000000 0.000000 0.000000 0.000000 0.000000 0.000000 0.000000 0.000000 0.000000 0.000000 0.000000 0.000000 0.000000 
