test/output/constant/M375_S060_A270_WD000.0_WS010.0/M375_S060_A270_WD000.0_WS010.0_arrival.asc
ncols         9
nrows         32
xllcorner     426203.990666
yllcorner     12748655.311160
cellsize      100.000000
NODATA_value  0.000000
0.000000 0.000000 0.000000 166.041667 166.041455 166.041667 0.000000 0.000000 0.000000 
0.000000 0.000000 166.041667 166.040334 166.040334 166.040334 166.041667 0.000000 0.000000 
0.000000 0.000000 166.040334 166.039214 166.038654 166.039214 166.040334 0.000000 0.000000 
0.000000 0.000000 166.039214 166.037533 166.037533 166.037533 166.039214 0.000000 0.000000 
0.000000 166.040894 166.038093 166.036413 166.035853 166.036413 166.038093 166.040894 0.000000 
0.000000 166.039214 166.036413 166.034732 166.034732 166.034732 166.036413 166.039214 0.000000 
0.000000 166.038093 166.035292 166.033612 166.033052 166.033612 166.035292 166.038093 0.000000 
0.000000 166.036973 166.034172 166.031931 166.031931 166.031931 166.034172 166.036973 0.000000 
166.040894 166.035853 166.032491 166.030811 166.030251 166.030811 166.032491 166.035853 166.040894 
166.040334 166.034732 166.031371 166.029130 166.029130 166.029130 166.031371 166.034732 166.040334 
166.039214 166.033612 166.029690 166.028010 166.027450 166.028010 166.029690 166.033612 166.039214 
166.038093 166.032491 166.028570 166.026329 166.026329 166.026329 166.028570 166.032491 166.038093 
166.037533 166.031371 166.027450 166.025209 166.024649 166.025209 166.027450 166.031371 166.037533 
166.036973 166.030811 166.026329 166.024089 166.023528 166.024089 166.026329 166.030811 166.036973 
166.036413 166.029690 166.024649 166.022408 166.021848 166.022408 166.024649 166.029690 166.036413 
166.035853 166.028570 166.023528 166.021288 166.020727 166.021288 166.023528 166.028570 166.035853 
166.035853 166.027450 166.022408 166.019607 166.019047 166.019607 166.022408 166.027450 166.035853 
166.035853 166.026889 166.021288 166.018487 166.017926 166.018487 166.021288 166.026889 166.035853 
166.036413 166.026329 166.020167 166.016806 166.016246 166.016806 166.020167 166.026329 166.036413 
166.036413 166.025769 166.019047 166.015686 166.015125 166.015686 166.019047 166.025769 166.036413 
166.036973 166.025769 166.017926 166.014005 166.013445 166.014005 166.017926 166.025769 166.036973 
166.038093 166.025769 166.017366 166.012885 166.012324 166.012885 166.017366 166.025769 166.038093 
166.039774 166.026329 166.016246 166.011764 166.010644 166.011764 166.016246 166.026329 166.039774 
166.041455 166.026889 166.015686 166.010084 166.009523 166.010084 166.015686 166.026889 166.041455 
0.000000 166.028010 166.015686 166.008963 166.007843 166.008963 166.015686 166.028010 0.000000 
0.000000 166.029690 166.015686 166.007843 166.006722 166.007843 166.015686 166.029690 0.000000 
0.000000 166.033052 166.016246 166.006722 166.005042 166.006722 166.016246 166.033052 0.000000 
0.000000 166.037533 166.017366 166.005602 166.003921 166.005602 166.017366 166.037533 0.000000 
0.000000 0.000000 166.021288 166.005602 166.002241 166.005602 166.021288 0.000000 0.000000 
0.000000 0.000000 166.026889 166.005602 166.001120 166.005602 166.026889 0.000000 0.000000 
0.000000 0.000000 166.039214 166.009523 166.000000 166.009523 166.039214 0.000000 0.000000 
0.000000 0.000000 0.000000 166.030811 166.020727 166.030811 0.000000 0.000000 0.000000 
