test/output/constant/M385_S000_A090_WD090.0_WS050.0/M385_S000_A090_WD090.0_WS050.0_arrival.asc
ncols         57
nrows         9
xllcorner     421003.990666
yllcorner     12748355.311160
cellsize      100.000000
NODATA_value  0.000000
0.000000 0.000000 0.000000 0.000000 0.000000 0.000000 0.000000 0.000000 0.000000 0.000000 0.000000 166.041289 166.040992 166.040398 166.039804 166.039210 166.038616 166.038319 166.037725 166.037131 166.036834 166.036239 166.035645 166.035348 166.034754 166.034160 166.033863 166.033269 166.032972 166.032972 166.032972 166.032972 166.032972 166.032972 166.033269 166.033566 166.033863 166.034160 166.034754 166.035348 166.036239 166.037131 166.038319 166.040101 0.000000 0.000000 0.000000 0.000000 0.000000 0.000000 0.000000 0.000000 0.000000 0.000000 0.000000 0.000000 0.000000 
0.000000 0.000000 0.000000 0.000000 0.000000 166.041586 166.040992 166.040398 166.039804 166.038913 166.038319 166.037725 166.036834 166.036239 166.035645 166.035051 166.034160 166.033566 166.032972 166.032378 166.031784 166.031190 166.030596 166.030002 166.029407 166.029110 166.028516 166.027922 166.027328 166.026734 166.026437 166.025843 166.025249 166.024952 166.024358 166.024061 166.023764 166.023467 166.023467 166.023467 166.023764 166.024061 166.024358 166.024655 166.025546 166.026437 166.027328 166.029110 166.031190 166.033566 166.037428 0.000000 0.000000 0.000000 0.000000 0.000000 0.000000 
0.000000 0.000000 166.041289 166.040695 166.040101 166.039210 166.038616 166.038022 166.037131 166.036537 166.035645 166.035051 166.034160 166.033566 166.032972 166.032081 166.031487 166.030596 166.030002 166.029407 166.028813 166.027922 166.027328 166.026734 166.025843 166.025249 166.024655 166.023764 166.023170 166.022575 166.021981 166.021090 166.020496 166.019902 166.019308 166.018714 166.018120 166.017526 166.016932 166.016635 166.016040 166.015446 166.015149 166.014555 166.014258 166.014258 166.014258 166.014258 166.014852 166.015446 166.016337 166.018120 166.020793 166.024655 166.033566 0.000000 0.000000 
166.041586 166.040992 166.040101 166.039507 166.038616 166.038022 166.037131 166.036537 166.035942 166.035051 166.034457 166.033566 166.032972 166.032081 166.031487 166.030596 166.030002 166.029110 166.028516 166.027922 166.027031 166.026437 166.025546 166.024952 166.024061 166.023467 166.022575 166.021981 166.021090 166.020496 166.019605 166.019011 166.018120 166.017526 166.016635 166.016040 166.015149 166.014555 166.013664 166.013070 166.012179 166.011585 166.010991 166.010100 166.009505 166.008911 166.008020 166.007426 166.006832 166.006238 166.005644 166.005050 166.004753 166.004753 166.005347 166.007426 166.017229 
166.041289 166.040695 166.039804 166.039210 166.038319 166.037725 166.036834 166.036239 166.035348 166.034754 166.033863 166.033269 166.032378 166.031784 166.030893 166.030299 166.029407 166.028813 166.027922 166.027328 166.026437 166.025843 166.024952 166.024358 166.023467 166.022872 166.021981 166.021387 166.020496 166.019902 166.019011 166.018417 166.017526 166.016932 166.016040 166.015446 166.014555 166.013961 166.013070 166.012476 166.011585 166.010991 166.010100 166.009505 166.008614 166.008020 166.007129 166.006535 166.005644 166.005050 166.004159 166.003565 166.002673 166.002079 166.001188 166.000594 166.000000 
166.041586 166.040992 166.040101 166.039507 166.038616 166.038022 166.037131 166.036537 166.035942 166.035051 166.034457 166.033566 166.032972 166.032081 166.031487 166.030596 166.030002 166.029110 166.028516 166.027922 166.027031 166.026437 166.025546 166.024952 166.024061 166.023467 166.022575 166.021981 166.021090 166.020496 166.019605 166.019011 166.018120 166.017526 166.016635 166.016040 166.015149 166.014555 166.013664 166.013070 166.012179 166.011585 166.010991 166.010100 166.009505 166.008911 166.008020 166.007426 166.006832 166.006238 166.005644 166.005050 166.004753 166.004753 166.005347 166.007426 166.017229 
0.000000 0.000000 166.041289 166.040695 166.040101 166.039210 166.038616 166.038022 166.037131 166.036537 166.035645 166.035051 166.034160 166.033566 166.032972 166.032081 166.031487 166.030596 166.030002 166.029407 166.028813 166.027922 166.027328 166.026734 166.025843 166.025249 166.024655 166.023764 166.023170 166.022575 166.021981 166.021090 166.020496 166.019902 166.019308 166.018714 166.018120 166.017526 166.016932 166.016635 166.016040 166.015446 166.015149 166.014555 166.014258 166.014258 166.014258 166.014258 166.014852 166.015446 166.016337 166.018120 166.020793 166.024655 166.033566 0.000000 0.000000 
0.000000 0.000000 0.000000 0.000000 0.000000 166.041586 166.040992 166.040398 166.039804 166.038913 166.038319 166.037725 166.036834 166.036239 166.035645 166.035051 166.034160 166.033566 166.032972 166.032378 166.031784 166.031190 166.030596 166.030002 166.029407 166.029110 166.028516 166.027922 166.027328 166.026734 166.026437 166.025843 166.025249 166.024952 166.024358 166.024061 166.023764 166.023467 166.023467 166.023467 166.023764 166.024061 166.024358 166.024655 166.025546 166.026437 166.027328 166.029110 166.031190 166.033566 166.037428 0.000000 0.000000 0.000000 0.000000 0.000000 0.000000 
0.000000 0.000000 0.000000 0.000000 0.000000 0.000000 0.000000 0.000000 0.000000 0.000000 0.000000 166.041289 166.040992 166.040398 166.039804 166.039210 166.038616 166.038319 166.037725 166.037131 166.036834 166.036239 166.035645 166.035348 166.034754 166.034160 166.033863 166.033269 166.032972 166.032972 166.032972 166.032972 166.032972 166.032972 166.033269 166.033566 166.033863 166.034160 166.034754 166.035348 166.036239 166.037131 166.038319 166.040101 0.000000 0.000000 0.000000 0.000000 0.000000 0.000000 0.000000 0.000000 0.000000 0.000000 0.000000 0.000000 0.000000 
