test/output/constant/M385_S060_A000_WD225.0_WS010.0/M385_S060_A000_WD225.0_WS010.0_raz.asc
ncols         41
nrows         13
xllcorner     422703.990666
yllcorner     12748555.311160
cellsize      100.000000
NODATA_value  0.000000
0 282 282 282 282 282 282 286 286 288 288 286 335 291 291 291 323 291 0 0 0 0 0 0 0 0 0 0 0 0 0 0 0 0 0 0 0 0 0 0 0 
282 282 282 282 282 282 282 282 284 282 282 286 288 288 290 290 291 290 291 323 291 335 335 0 0 0 0 0 0 0 0 0 0 0 0 0 0 0 0 0 0 
282 282 282 282 282 282 282 282 282 282 282 286 282 282 286 290 288 287 291 290 291 351 291 323 290 291 0 0 0 0 0 0 0 0 0 0 0 0 0 0 0 
281 282 282 282 282 282 282 282 282 282 282 282 287 282 287 283 286 286 284 282 286 290 335 323 335 291 291 291 335 1 0 0 0 0 0 0 0 0 0 0 0 
0 269 269 269 274 281 282 282 281 282 282 286 282 282 282 282 282 284 282 282 283 287 290 323 291 290 335 291 291 291 291 335 0 0 0 0 0 0 0 0 0 
0 0 271 271 271 277 272 272 269 269 272 282 282 282 282 282 282 282 282 282 282 282 282 282 282 287 288 351 1 323 32 335 1 351 12 0 0 0 0 0 0 
0 0 0 0 271 271 271 271 271 282 271 276 272 272 269 269 282 282 272 282 282 287 282 282 282 282 282 287 283 286 290 291 351 290 293 1 1 0 0 0 0 
0 0 0 0 0 0 269 269 269 269 269 269 271 271 271 272 269 276 272 271 271 282 278 282 282 282 282 284 282 282 284 290 323 290 291 12 351 12 1 0 0 
0 0 0 0 0 0 0 0 0 269 271 271 271 271 271 272 269 269 269 269 269 278 269 280 274 277 282 282 282 282 282 284 282 282 282 288 290 12 351 12 0 
0 0 0 0 0 0 0 0 0 0 0 272 271 271 271 271 269 269 271 269 271 269 271 271 271 269 274 271 271 272 272 282 282 282 282 282 282 284 288 1 32 
0 0 0 0 0 0 0 0 0 0 0 0 0 0 0 269 269 269 271 271 269 269 271 269 271 271 271 271 271 269 269 269 269 271 271 271 271 282 282 65535 32 
0 0 0 0 0 0 0 0 0 0 0 0 0 0 0 0 0 0 0 0 271 269 271 271 269 269 269 271 271 271 269 269 269 269 269 269 269 260 260 125 125 
0 0 0 0 0 0 0 0 0 0 0 0 0 0 0 0 0 0 0 0 0 0 0 0 0 0 269 269 269 269 269 260 269 255 266 263 260 260 0 0 0 
