test/output/constant/M385_S060_A000_WD225.0_WS010.0/M385_S060_A000_WD225.0_WS010.0_ros.asc
ncols         41
nrows         13
xllcorner     422703.990666
yllcorner     12748555.311160
cellsize      100.000000
NODATA_value  0.000000
0.000000 66.381508 66.381508 66.381508 66.381508 66.215874 66.215874 61.886707 61.886707 54.653893 54.653893 61.886707 4.364514 44.995365 44.995365 44.995365 6.703326 44.995365 0.000000 0.000000 0.000000 0.000000 0.000000 0.000000 0.000000 0.000000 0.000000 0.000000 0.000000 0.000000 0.000000 0.000000 0.000000 0.000000 0.000000 0.000000 0.000000 0.000000 0.000000 0.000000 0.000000 
66.381508 66.381508 66.381508 66.381508 66.381508 66.381508 66.381508 66.381508 64.305870 66.381508 66.381508 61.886707 54.653893 54.653893 50.060307 50.060307 44.995365 50.060307 44.995365 6.703326 44.995365 4.364514 4.364514 0.000000 0.000000 0.000000 0.000000 0.000000 0.000000 0.000000 0.000000 0.000000 0.000000 0.000000 0.000000 0.000000 0.000000 0.000000 0.000000 0.000000 0.000000 
66.381508 66.381508 66.381508 66.215874 66.381508 66.381508 66.381508 66.381508 66.381508 66.381508 66.381508 61.886707 66.381508 66.381508 61.886707 50.060307 54.653893 58.636410 44.995365 50.060307 44.995365 2.829496 44.995365 6.703326 50.060307 44.995365 0.000000 0.000000 0.000000 0.000000 0.000000 0.000000 0.000000 0.000000 0.000000 0.000000 0.000000 0.000000 0.000000 0.000000 0.000000 
66.019608 66.381508 66.381508 66.381508 66.381508 66.381508 66.381508 66.381508 66.381508 66.381508 66.381508 66.381508 58.636410 66.381508 58.636410 65.820244 61.886707 61.886707 64.305870 66.381508 61.886707 50.060307 4.364514 6.703326 4.364514 44.995365 44.995365 44.995365 4.364514 2.325312 0.000000 0.000000 0.000000 0.000000 0.000000 0.000000 0.000000 0.000000 0.000000 0.000000 0.000000 
0.000000 35.215084 35.215084 35.215084 51.064781 66.019608 66.381508 66.381508 66.315933 66.381508 66.381508 61.886707 66.381508 66.381508 66.381508 66.381508 66.381508 64.305870 66.381508 66.381508 65.820244 58.636410 50.060307 6.703326 44.995365 50.060307 4.364514 44.995365 44.995365 44.995365 44.995365 4.364514 0.000000 0.000000 0.000000 0.000000 0.000000 0.000000 0.000000 0.000000 0.000000 
0.000000 0.000000 40.743454 40.743454 40.743454 59.385120 46.080601 46.080601 35.215084 35.215084 46.080601 66.381508 66.381508 66.381508 66.381508 66.381508 66.381508 66.381508 66.381508 66.381508 66.381508 66.381508 66.381508 66.381508 66.215874 58.636410 54.653893 2.829496 2.325312 6.703326 1.619916 4.364514 2.325312 2.829496 1.977902 0.000000 0.000000 0.000000 0.000000 0.000000 0.000000 
0.000000 0.000000 0.000000 0.000000 40.743454 40.743454 40.743454 40.743454 40.743454 66.381508 40.743454 55.544899 46.080601 46.080601 35.215084 35.215084 66.381508 66.381508 46.080601 66.381508 66.381508 58.636410 66.381508 66.381508 66.381508 66.381508 66.381508 58.636410 65.820244 61.886707 50.060307 44.995365 2.829496 50.060307 39.613098 2.325312 2.325312 0.000000 0.000000 0.000000 0.000000 
0.000000 0.000000 0.000000 0.000000 0.000000 0.000000 35.215084 35.215084 35.215084 35.215084 35.215084 35.215084 40.743454 40.743454 40.743454 46.080601 35.215084 55.544899 46.080601 40.743454 40.743454 66.381508 62.469002 66.381508 66.381508 66.381508 66.381508 64.305870 66.381508 66.381508 64.305870 50.060307 6.703326 50.060307 44.995365 1.977902 2.829496 1.977902 2.325312 0.000000 0.000000 
0.000000 0.000000 0.000000 0.000000 0.000000 0.000000 0.000000 0.000000 0.000000 35.215084 40.743454 40.743454 40.743454 40.743454 40.743454 46.080601 35.215084 35.215084 35.215084 35.215084 35.215084 62.469002 35.215084 64.703056 51.064781 59.385120 66.381508 66.381508 66.381508 66.381508 66.381508 64.305870 66.381508 66.381508 66.381508 54.653893 50.060307 1.977902 2.829496 1.977902 0.000000 
0.000000 0.000000 0.000000 0.000000 0.000000 0.000000 0.000000 0.000000 0.000000 0.000000 0.000000 46.080601 40.743454 40.743454 40.743454 40.743454 35.215084 35.215084 40.743454 35.215084 40.743454 35.215084 40.743454 40.743454 40.743454 35.215084 51.064781 40.743454 40.743454 46.080601 46.080601 66.381508 66.381508 66.381508 66.381508 66.381508 66.381508 64.305870 54.653893 2.325312 1.619916 
0.000000 0.000000 0.000000 0.000000 0.000000 0.000000 0.000000 0.000000 0.000000 0.000000 0.000000 0.000000 0.000000 0.000000 0.000000 35.215084 35.215084 35.215084 40.743454 40.743454 35.215084 35.215084 40.743454 35.215084 40.743454 40.743454 40.743454 40.743454 40.743454 35.215084 35.215084 35.215084 35.215084 40.743454 40.743454 40.743454 40.743454 66.381508 66.381508 -1.000000 1.619916 
0.000000 0.000000 0.000000 0.000000 0.000000 0.000000 0.000000 0.000000 0.000000 0.000000 0.000000 0.000000 0.000000 0.000000 0.000000 0.000000 0.000000 0.000000 0.000000 0.000000 40.743454 35.215084 40.743454 40.743454 35.215084 35.215084 35.215084 40.743454 40.743454 40.743454 35.215084 35.215084 35.215084 35.215084 35.215084 35.215084 35.215084 19.154482 19.154482 1.337477 1.337477 
0.000000 0.000000 0.000000 0.000000 0.000000 0.000000 0.000000 0.000000 0.000000 0.000000 0.000000 0.000000 0.000000 0.000000 0.000000 0.000000 0.000000 0.000000 0.000000 0.000000 0.000000 0.000000 0.000000 0.000000 0.000000 0.000000 35.215084 35.215084 35.215084 35.215084 35.215084 19.154482 35.215084 14.515009 29.662920 24.254946 19.154482 19.154482 0.000000 0.000000 0.000000 
