test/output/constant/M395_S060_A090_WD180.0_WS015.0/M395_S060_A090_WD180.0_WS015.0_raz.asc
ncols         11
nrows         36
xllcorner     426103.990666
yllcorner     12745455.311160
cellsize      100.000000
NODATA_value  0.000000
0 0 0 0 0 285 0 0 0 0 0 
0 0 0 0 328 328 31 0 0 0 0 
0 0 0 360 285 65535 74 74 0 0 0 
0 0 285 285 285 180 74 74 74 0 0 
0 0 328 270 184 180 168 166 31 0 0 
0 0 328 195 180 180 170 164 31 0 0 
0 270 328 234 180 180 174 170 31 90 0 
0 270 193 191 180 180 175 172 166 166 0 
0 328 193 187 182 180 177 168 166 31 0 
0 193 191 185 180 180 179 166 164 166 0 
0 193 191 185 180 180 174 174 166 166 0 
191 247 189 189 180 180 166 170 166 168 168 
234 195 180 184 180 180 179 175 168 164 164 
191 198 193 184 187 180 172 175 166 161 168 
191 198 189 182 180 180 179 177 170 161 164 
270 182 189 182 182 180 177 177 170 112 164 
184 187 184 193 180 180 166 166 175 166 175 
191 191 187 180 180 179 170 179 172 168 175 
191 185 180 180 180 180 174 174 174 166 112 
185 184 180 184 180 179 174 175 179 164 168 
189 184 195 180 180 180 175 175 164 175 166 
185 189 191 180 180 179 177 177 168 170 166 
193 180 191 185 180 180 177 174 168 177 166 
189 185 189 180 180 179 177 179 170 174 170 
189 184 180 180 180 180 177 175 179 175 170 
180 180 180 180 180 174 177 179 177 168 170 
184 185 182 180 180 180 177 177 177 174 175 
0 180 189 193 180 174 177 166 170 172 0 
0 180 180 180 180 180 177 179 179 174 0 
0 180 180 189 180 174 177 170 175 175 0 
0 180 185 180 180 180 177 174 174 175 0 
0 0 180 180 180 174 177 174 175 0 0 
0 0 180 191 180 180 177 168 175 0 0 
0 0 0 180 180 174 177 179 0 0 0 
0 0 0 182 180 180 177 177 0 0 0 
0 0 0 0 180 179 177 0 0 0 0 
