test/output/constant/M3M4100_S060_A180_WD090.0_WS015.0/M3M4100_S060_A180_WD090.0_WS015.0_arrival.asc
ncols         36
nrows         11
xllcorner     426403.990666
yllcorner     12748255.311160
cellsize      100.000000
NODATA_value  0.000000
0.000000 0.000000 0.000000 0.000000 0.000000 0.000000 0.000000 0.000000 0.000000 0.000000 0.000000 166.040609 166.039593 166.038578 166.038071 166.037563 166.037563 166.037563 166.037563 166.037563 166.037563 166.038071 166.038578 166.039086 166.040101 166.041116 166.041624 0.000000 0.000000 0.000000 0.000000 0.000000 0.000000 0.000000 0.000000 0.000000 
0.000000 0.000000 0.000000 0.000000 0.000000 0.000000 166.040101 166.036548 166.034010 166.031472 166.030456 166.029949 166.028934 166.028934 166.028934 166.029441 166.029441 166.029441 166.030456 166.030964 166.031979 166.032487 166.033502 166.034517 166.035533 166.036548 166.037055 166.038071 166.039086 166.040101 166.041116 0.000000 0.000000 0.000000 0.000000 0.000000 
0.000000 0.000000 0.000000 166.040101 166.032487 166.027918 166.024873 166.022335 166.021320 166.020812 166.020812 166.020812 166.021320 166.021320 166.021827 166.022842 166.023858 166.024365 166.025380 166.026396 166.027411 166.028426 166.029441 166.030456 166.031472 166.032487 166.034010 166.035025 166.036040 166.037055 166.038578 166.039593 166.040609 0.000000 0.000000 0.000000 
0.000000 0.000000 166.027918 166.019797 166.015736 166.013198 166.012690 166.012690 166.012690 166.013198 166.013705 166.014721 166.015736 166.016751 166.017766 166.018782 166.019797 166.020812 166.021827 166.023350 166.024365 166.025380 166.026903 166.027918 166.028934 166.030456 166.031472 166.032995 166.034010 166.035025 166.036548 166.037563 166.039086 166.040101 166.041624 0.000000 
0.000000 166.020304 166.007107 166.004568 166.004568 166.005076 166.005584 166.006599 166.008122 166.009137 166.010152 166.011675 166.012690 166.014213 166.015228 166.016751 166.017766 166.018782 166.020304 166.021320 166.022842 166.023858 166.025380 166.026396 166.027918 166.028934 166.030456 166.031472 166.032995 166.034010 166.035533 166.036548 166.038071 166.039086 166.040609 166.041624 
166.040609 166.013705 166.000000 166.001015 166.002030 166.003553 166.004568 166.006091 166.007107 166.008629 166.009645 166.011167 166.012183 166.013705 166.014721 166.016243 166.017259 166.018782 166.019797 166.021320 166.022335 166.023858 166.024873 166.026396 166.027411 166.028934 166.029949 166.031472 166.032487 166.034010 166.035025 166.036548 166.037563 166.039086 166.040101 166.041624 
0.000000 166.020304 166.007107 166.004568 166.004568 166.005076 166.005584 166.006599 166.008122 166.009137 166.010152 166.011675 166.012690 166.014213 166.015228 166.016751 166.017766 166.018782 166.020304 166.021320 166.022842 166.023858 166.025380 166.026396 166.027918 166.028934 166.030456 166.031472 166.032995 166.034010 166.035533 166.036548 166.038071 166.039086 166.040609 166.041624 
0.000000 0.000000 166.027918 166.019797 166.015736 166.013198 166.012690 166.012690 166.012690 166.013198 166.013705 166.014721 166.015736 166.016751 166.017766 166.018782 166.019797 166.020812 166.021827 166.023350 166.024365 166.025380 166.026903 166.027918 166.028934 166.030456 166.031472 166.032995 166.034010 166.035025 166.036548 166.037563 166.039086 166.040101 166.041624 0.000000 
0.000000 0.000000 0.000000 166.040101 166.032487 166.027918 166.024873 166.022335 166.021320 166.020812 166.020812 166.020812 166.021320 166.021320 166.021827 166.022842 166.023858 166.024365 166.025380 166.026396 166.027411 166.028426 166.029441 166.030456 166.031472 166.032487 166.034010 166.035025 166.036040 166.037055 166.038578 166.039593 166.040609 0.000000 0.000000 0.000000 
0.000000 0.000000 0.000000 0.000000 0.000000 0.000000 166.040101 166.036548 166.034010 166.031472 166.030456 166.029949 166.028934 166.028934 166.028934 166.029441 166.029441 166.029441 166.030456 166.030964 166.031979 166.032487 166.033502 166.034517 166.035533 166.036548 166.037055 166.038071 166.039086 166.040101 166.041116 0.000000 0.000000 0.000000 0.000000 0.000000 
0.000000 0.000000 0.000000 0.000000 0.000000 0.000000 0.000000 0.000000 0.000000 0.000000 0.000000 166.040609 166.039593 166.038578 166.038071 166.037563 166.037563 166.037563 166.037563 166.037563 166.037563 166.038071 166.038578 166.039086 166.040101 166.041116 166.041624 0.000000 0.000000 0.000000 0.000000 0.000000 0.000000 0.000000 0.000000 0.000000 
