test/output/constant/M355_S060_A180_WD315.0_WS015.0/M355_S060_A180_WD315.0_WS015.0_arrival.asc
ncols         38
nrows         11
xllcorner     426603.990666
yllcorner     12747855.311160
cellsize      100.000000
NODATA_value  0.000000
0.000000 166.031942 166.029784 166.030647 166.031510 166.034532 166.037122 166.039712 0.000000 0.000000 0.000000 0.000000 0.000000 0.000000 0.000000 0.000000 0.000000 0.000000 0.000000 0.000000 0.000000 0.000000 0.000000 0.000000 0.000000 0.000000 0.000000 0.000000 0.000000 0.000000 0.000000 0.000000 0.000000 0.000000 0.000000 0.000000 0.000000 0.000000 
166.000000 166.000863 166.001727 166.003022 166.005180 166.007338 166.009928 166.012518 166.015539 166.018129 166.020719 166.023741 166.026762 166.029784 166.032374 166.035395 166.038417 166.041438 0.000000 0.000000 0.000000 0.000000 0.000000 0.000000 0.000000 0.000000 0.000000 0.000000 0.000000 0.000000 0.000000 0.000000 0.000000 0.000000 0.000000 0.000000 0.000000 0.000000 
166.012949 166.002590 166.002590 166.003022 166.004316 166.005180 166.006475 166.007338 166.008633 166.010360 166.012518 166.014676 166.016834 166.019424 166.021582 166.024172 166.026762 166.029352 166.031942 166.034532 166.037553 166.040143 0.000000 0.000000 0.000000 0.000000 0.000000 0.000000 0.000000 0.000000 0.000000 0.000000 0.000000 0.000000 0.000000 0.000000 0.000000 0.000000 
0.000000 166.035395 166.016834 166.009496 166.007338 166.006906 166.006906 166.007338 166.008633 166.009928 166.010791 166.012086 166.012949 166.014676 166.015971 166.018129 166.019856 166.022014 166.024172 166.026330 166.028920 166.031079 166.033669 166.035827 166.038417 166.041007 0.000000 0.000000 0.000000 0.000000 0.000000 0.000000 0.000000 0.000000 0.000000 0.000000 0.000000 0.000000 
0.000000 0.000000 0.000000 166.037122 166.024172 166.016834 166.013381 166.011654 166.011223 166.011223 166.011223 166.012086 166.012949 166.014244 166.015108 166.016403 166.017698 166.018992 166.020287 166.022014 166.023741 166.025467 166.027625 166.029352 166.031510 166.033669 166.035827 166.038417 166.040575 0.000000 0.000000 0.000000 0.000000 0.000000 0.000000 0.000000 0.000000 0.000000 
0.000000 0.000000 0.000000 0.000000 0.000000 0.000000 166.031510 166.024604 166.020287 166.017698 166.016403 166.015539 166.015539 166.015539 166.015971 166.016403 166.017698 166.018561 166.019856 166.020719 166.022014 166.023309 166.024604 166.025899 166.027625 166.029352 166.031079 166.032805 166.034963 166.037122 166.038848 166.041007 0.000000 0.000000 0.000000 0.000000 0.000000 0.000000 
0.000000 0.000000 0.000000 0.000000 0.000000 0.000000 0.000000 0.000000 166.039712 166.031942 166.027194 166.024172 166.022014 166.021151 166.020287 166.019856 166.019856 166.020287 166.020719 166.021151 166.022014 166.023309 166.024172 166.025467 166.026330 166.027625 166.028920 166.030215 166.031510 166.033237 166.034963 166.036690 166.038417 166.040575 0.000000 0.000000 0.000000 0.000000 
0.000000 0.000000 0.000000 0.000000 0.000000 0.000000 0.000000 0.000000 0.000000 0.000000 0.000000 166.039712 166.034963 166.031079 166.028489 166.026762 166.025899 166.025036 166.024604 166.024604 166.024604 166.024604 166.025036 166.025899 166.026762 166.027625 166.028920 166.029784 166.031079 166.031942 166.033237 166.034532 166.035827 166.037553 166.038848 166.040575 0.000000 0.000000 
0.000000 0.000000 0.000000 0.000000 0.000000 0.000000 0.000000 0.000000 0.000000 0.000000 0.000000 0.000000 0.000000 0.000000 0.000000 166.037985 166.034963 166.032805 166.031510 166.030215 166.029352 166.028920 166.028920 166.028920 166.028920 166.028920 166.029784 166.030215 166.031079 166.031942 166.033237 166.034532 166.035395 166.036690 166.037553 166.039280 166.040143 166.041438 
0.000000 0.000000 0.000000 0.000000 0.000000 0.000000 0.000000 0.000000 0.000000 0.000000 0.000000 0.000000 0.000000 0.000000 0.000000 0.000000 0.000000 0.000000 0.000000 166.039280 166.037122 166.035827 166.034963 166.034100 166.033669 166.033237 166.033237 166.033237 166.033669 166.033669 166.034532 166.034963 166.035827 166.036690 166.037553 166.038848 166.039712 166.041007 
0.000000 0.000000 0.000000 0.000000 0.000000 0.000000 0.000000 0.000000 0.000000 0.000000 0.000000 0.000000 0.000000 0.000000 0.000000 0.000000 0.000000 0.000000 0.000000 0.000000 0.000000 0.000000 0.000000 166.041667 166.040575 166.039712 166.038417 166.037985 166.037553 166.037553 166.037553 166.037985 166.037985 166.038417 166.038848 166.039712 166.040143 166.041007 
