test/output/constant/M3M485_S060_A090_WD000.0_WS040.0/M3M485_S060_A090_WD000.0_WS040.0_arrival.asc
ncols         7
nrows         57
xllcorner     426303.990666
yllcorner     12743155.311160
cellsize      100.000000
NODATA_value  0.000000
0.000000 0.000000 0.000000 166.000000 0.000000 0.000000 0.000000 
0.000000 0.000000 166.015766 166.000595 166.015766 0.000000 0.000000 
0.000000 0.000000 166.009222 166.001190 166.009222 0.000000 0.000000 
0.000000 0.000000 166.007437 166.002082 166.007437 0.000000 0.000000 
0.000000 166.041052 166.006545 166.002677 166.006545 166.041052 0.000000 
0.000000 166.033318 166.006545 166.003570 166.006545 166.033318 0.000000 
0.000000 166.028261 166.006545 166.004165 166.006545 166.028261 0.000000 
0.000000 166.025286 166.007140 166.005057 166.007140 166.025286 0.000000 
0.000000 166.023501 166.007734 166.005652 166.007734 166.023501 0.000000 
0.000000 166.022013 166.008032 166.006545 166.008032 166.022013 0.000000 
0.000000 166.020824 166.008627 166.007140 166.008627 166.020824 0.000000 
0.000000 166.020229 166.009222 166.008032 166.009222 166.020229 0.000000 
166.041350 166.019634 166.010114 166.008627 166.010114 166.019634 166.041350 
166.039565 166.019336 166.010709 166.009519 166.010709 166.019336 166.039565 
166.037780 166.019039 166.011304 166.010114 166.011304 166.019039 166.037780 
166.036293 166.019039 166.012197 166.011007 166.012197 166.019039 166.036293 
166.035103 166.019039 166.012792 166.011602 166.012792 166.019039 166.035103 
166.034210 166.019336 166.013684 166.012494 166.013684 166.019336 166.034210 
166.033615 166.019931 166.014279 166.013089 166.014279 166.019931 166.033615 
166.033020 166.020229 166.015171 166.013982 166.015171 166.020229 166.033020 
166.032425 166.020824 166.015766 166.014577 166.015766 166.020824 166.032425 
166.032425 166.021419 166.016659 166.015469 166.016659 166.021419 166.032425 
166.032128 166.021716 166.017254 166.016064 166.017254 166.021716 166.032128 
166.031830 166.022311 166.017849 166.016956 166.017849 166.022311 166.031830 
166.031533 166.022906 166.018741 166.017551 166.018741 166.022906 166.031533 
166.031533 166.023501 166.019336 166.018444 166.019336 166.023501 166.031533 
166.031533 166.023798 166.020229 166.019039 166.020229 166.023798 166.031533 
166.031830 166.024393 166.020824 166.019931 166.020824 166.024393 166.031830 
166.032128 166.024988 166.021716 166.020526 166.021716 166.024988 166.032128 
166.032425 166.025583 166.022311 166.021419 166.022311 166.025583 166.032425 
166.033020 166.026178 166.023203 166.022013 166.023203 166.026178 166.033020 
166.033615 166.026773 166.023798 166.022906 166.023798 166.026773 166.033615 
166.033913 166.027666 166.024393 166.023501 166.024393 166.027666 166.033913 
166.034508 166.028261 166.025286 166.024393 166.025286 166.028261 166.034508 
166.035103 166.028856 166.025881 166.024988 166.025881 166.028856 166.035103 
166.035400 166.029748 166.026773 166.025881 166.026773 166.029748 166.035400 
166.035995 166.030343 166.027368 166.026476 166.027368 166.030343 166.035995 
166.036590 166.030938 166.028261 166.027368 166.028261 166.030938 166.036590 
166.036887 166.031830 166.028856 166.027963 166.028856 166.031830 166.036887 
166.037482 166.032425 166.029748 166.028856 166.029748 166.032425 166.037482 
166.038077 166.033020 166.030343 166.029450 166.030343 166.033020 166.038077 
166.038672 166.033615 166.031235 166.030343 166.031235 166.033615 166.038672 
166.039267 166.034508 166.031830 166.030938 166.031830 166.034508 166.039267 
166.039565 166.035103 166.032425 166.031830 166.032425 166.035103 166.039565 
166.040160 166.035995 166.033318 166.032425 166.033318 166.035995 166.040160 
166.040755 166.036590 166.033913 166.033318 166.033913 166.036590 166.040755 
166.041350 166.037185 166.034805 166.033913 166.034805 166.037185 166.041350 
0.000000 166.037780 166.035400 166.034805 166.035400 166.037780 0.000000 
0.000000 166.038672 166.036293 166.035400 166.036293 166.038672 0.000000 
0.000000 166.039267 166.036887 166.036293 166.036887 166.039267 0.000000 
0.000000 166.039862 166.037780 166.036887 166.037780 166.039862 0.000000 
0.000000 166.040755 166.038375 166.037780 166.038375 166.040755 0.000000 
0.000000 166.041350 166.039267 166.038375 166.039267 166.041350 0.000000 
0.000000 0.000000 166.039862 166.039267 166.039862 0.000000 0.000000 
0.000000 0.000000 166.040457 166.039862 166.040457 0.000000 0.000000 
0.000000 0.000000 166.041350 166.040755 166.041350 0.000000 0.000000 
0.000000 0.000000 0.000000 166.041350 0.000000 0.000000 0.000000 
