test/output/constant/M1M295_S000_A000_WD180.0_WS050.0/M1M295_S000_A000_WD180.0_WS050.0_arrival.asc
ncols         7
nrows         39
xllcorner     426303.990666
yllcorner     12748755.311160
cellsize      100.000000
NODATA_value  0.000000
0.000000 0.000000 0.000000 166.041373 0.000000 0.000000 0.000000 
0.000000 0.000000 166.040933 166.040493 166.040933 0.000000 0.000000 
0.000000 0.000000 166.040053 166.039173 166.040053 0.000000 0.000000 
0.000000 166.041667 166.038732 166.038292 166.038732 166.041667 0.000000 
0.000000 166.040493 166.037852 166.036972 166.037852 166.040493 0.000000 
0.000000 166.039613 166.036532 166.036092 166.036532 166.039613 0.000000 
0.000000 166.038292 166.035651 166.034771 166.035651 166.038292 0.000000 
0.000000 166.037412 166.034771 166.033891 166.034771 166.037412 0.000000 
0.000000 166.036532 166.033451 166.032570 166.033451 166.036532 0.000000 
166.041373 166.035211 166.032570 166.031690 166.032570 166.035211 166.041373 
166.040493 166.034331 166.031250 166.030370 166.031250 166.034331 166.040493 
166.040053 166.033451 166.030370 166.029489 166.030370 166.033451 166.040053 
166.039173 166.032570 166.029049 166.028169 166.029049 166.032570 166.039173 
166.038292 166.031250 166.028169 166.027289 166.028169 166.031250 166.038292 
166.037852 166.030370 166.026849 166.025968 166.026849 166.030370 166.037852 
166.036972 166.029489 166.025968 166.025088 166.025968 166.029489 166.036972 
166.036092 166.028609 166.024648 166.023768 166.024648 166.028609 166.036092 
166.035651 166.027729 166.023768 166.022887 166.023768 166.027729 166.035651 
166.035211 166.026849 166.022447 166.021567 166.022447 166.026849 166.035211 
166.035211 166.025968 166.021567 166.020687 166.021567 166.025968 166.035211 
166.035211 166.025088 166.020246 166.019366 166.020246 166.025088 166.035211 
166.035211 166.024648 166.019366 166.018486 166.019366 166.024648 166.035211 
166.035211 166.023768 166.018046 166.017165 166.018046 166.023768 166.035211 
166.035651 166.022887 166.017165 166.016285 166.017165 166.022887 166.035651 
166.036532 166.022447 166.016285 166.014965 166.016285 166.022447 166.036532 
166.036972 166.021567 166.014965 166.014085 166.014965 166.021567 166.036972 
166.037852 166.021127 166.014085 166.012764 166.014085 166.021127 166.037852 
166.039613 166.021127 166.013204 166.011884 166.013204 166.021127 166.039613 
166.041373 166.021127 166.011884 166.010563 166.011884 166.021127 166.041373 
0.000000 166.021567 166.011004 166.009683 166.011004 166.021567 0.000000 
0.000000 166.022007 166.010123 166.008363 166.010123 166.022007 0.000000 
0.000000 166.022887 166.009243 166.007482 166.009243 166.022887 0.000000 
0.000000 166.024648 166.008363 166.006162 166.008363 166.024648 0.000000 
0.000000 166.027289 166.007482 166.005282 166.007482 166.027289 0.000000 
0.000000 166.031250 166.007042 166.003961 166.007042 166.031250 0.000000 
0.000000 166.038732 166.007482 166.003081 166.007482 166.038732 0.000000 
0.000000 0.000000 166.007923 166.001761 166.007923 0.000000 0.000000 
0.000000 0.000000 166.011884 166.000880 166.011884 0.000000 0.000000 
0.000000 0.000000 166.032130 166.000000 166.032130 0.000000 0.000000 
