test/output/constant/M375_S060_A090_WD045.0_WS010.0/M375_S060_A090_WD045.0_WS010.0_arrival.asc
ncols         12
nrows         49
xllcorner     425703.990666
yllcorner     12743955.311160
cellsize      100.000000
NODATA_value  0.000000
0.000000 0.000000 0.000000 0.000000 0.000000 0.000000 0.000000 0.000000 166.012960 166.000000 166.026942 0.000000 
0.000000 0.000000 0.000000 0.000000 0.000000 0.000000 0.000000 166.033422 166.002728 166.000682 166.017393 0.000000 
0.000000 0.000000 0.000000 0.000000 0.000000 0.000000 0.000000 166.018416 166.002387 166.001364 166.015006 0.000000 
0.000000 0.000000 0.000000 0.000000 0.000000 0.000000 166.036151 166.011254 166.002387 166.002387 166.015006 0.000000 
0.000000 0.000000 0.000000 0.000000 0.000000 0.000000 166.026601 166.008185 166.003069 166.003069 166.015347 0.000000 
0.000000 0.000000 0.000000 0.000000 0.000000 0.000000 166.019780 166.007162 166.004093 166.004434 166.016029 0.000000 
0.000000 0.000000 0.000000 0.000000 0.000000 166.035127 166.015688 166.006821 166.005116 166.005457 166.017052 0.000000 
0.000000 0.000000 0.000000 0.000000 0.000000 166.028307 166.013301 166.006821 166.005798 166.006821 166.018075 166.041266 
0.000000 0.000000 0.000000 0.000000 0.000000 166.024214 166.011936 166.007162 166.006821 166.008185 166.019439 166.041607 
0.000000 0.000000 0.000000 0.000000 166.037174 166.020804 166.011595 166.007844 166.007503 166.009549 166.021145 166.041266 
0.000000 0.000000 0.000000 0.000000 166.032399 166.018416 166.011595 166.008526 166.008526 166.011254 166.022509 166.041667 
0.000000 0.000000 0.000000 0.000000 166.028989 166.017052 166.011254 166.009208 166.009208 166.012619 166.023873 0.000000 
0.000000 0.000000 0.000000 166.040925 166.025919 166.016370 166.011595 166.010231 166.010231 166.013983 166.025578 0.000000 
0.000000 0.000000 0.000000 166.037174 166.023873 166.016029 166.011936 166.010913 166.011595 166.015347 166.026601 0.000000 
0.000000 0.000000 0.000000 166.033763 166.022509 166.016029 166.012278 166.011936 166.012619 166.017052 166.028307 0.000000 
0.000000 0.000000 0.000000 166.031035 166.021486 166.015688 166.012960 166.012619 166.013983 166.018416 166.029671 0.000000 
0.000000 0.000000 0.000000 166.028989 166.021145 166.016029 166.013642 166.013642 166.015006 166.019780 166.031035 0.000000 
0.000000 0.000000 166.038879 166.027624 166.020804 166.016029 166.014665 166.014665 166.016370 166.021486 166.032740 0.000000 
0.000000 0.000000 166.036151 166.026601 166.020463 166.016370 166.015347 166.015347 166.017734 166.022850 166.034104 0.000000 
0.000000 0.000000 166.034104 166.025919 166.020463 166.017052 166.016370 166.016711 166.019098 166.024214 166.035809 0.000000 
0.000000 0.000000 166.032740 166.025578 166.020463 166.017393 166.017052 166.017393 166.020463 166.025919 166.037174 0.000000 
0.000000 166.041607 166.031717 166.025237 166.020463 166.018075 166.018075 166.018757 166.021486 166.027283 166.038538 0.000000 
0.000000 166.039220 166.030694 166.024896 166.020804 166.019098 166.018757 166.019780 166.022850 166.028648 166.040243 0.000000 
0.000000 166.038197 166.030353 166.024896 166.021145 166.019780 166.019780 166.020804 166.024555 166.030353 166.041607 0.000000 
0.000000 166.036833 166.030012 166.024896 166.021827 166.020463 166.020463 166.022168 166.025919 166.031717 0.000000 0.000000 
0.000000 166.035809 166.029671 166.024896 166.022168 166.021486 166.021486 166.023532 166.027283 166.033081 0.000000 0.000000 
0.000000 166.035127 166.029671 166.025237 166.022850 166.022168 166.022509 166.024555 166.028648 166.034786 0.000000 0.000000 
0.000000 166.034786 166.029330 166.025578 166.023532 166.023191 166.023532 166.025919 166.030353 166.036151 0.000000 0.000000 
166.040925 166.034445 166.029330 166.025919 166.024214 166.024214 166.024555 166.027283 166.031717 166.037856 0.000000 0.000000 
166.040243 166.034445 166.029330 166.026260 166.024896 166.024896 166.025919 166.028648 166.033081 166.039220 0.000000 0.000000 
166.039561 166.034104 166.029671 166.026942 166.025919 166.025919 166.026942 166.029671 166.034445 166.040584 0.000000 0.000000 
166.039561 166.034104 166.030012 166.027283 166.026601 166.026601 166.027966 166.031035 166.036151 0.000000 0.000000 0.000000 
166.039220 166.033763 166.030012 166.027966 166.027624 166.027624 166.029330 166.032399 166.037515 0.000000 0.000000 0.000000 
166.038879 166.033763 166.030694 166.028648 166.028307 166.028648 166.030353 166.033763 166.038879 0.000000 0.000000 0.000000 
166.038538 166.034104 166.031035 166.029330 166.029330 166.029671 166.031717 166.035127 166.040243 0.000000 0.000000 0.000000 
166.038538 166.034104 166.031717 166.030012 166.030012 166.030694 166.033081 166.036492 0.000000 0.000000 0.000000 0.000000 
166.038197 166.034445 166.032058 166.031035 166.031035 166.032058 166.034445 166.037856 0.000000 0.000000 0.000000 0.000000 
166.038197 166.034786 166.032740 166.032058 166.032058 166.032740 166.035468 166.039220 0.000000 0.000000 0.000000 0.000000 
166.038197 166.035127 166.033081 166.032740 166.032740 166.034104 166.036833 166.040584 0.000000 0.000000 0.000000 0.000000 
166.038538 166.035809 166.033763 166.033763 166.033763 166.035127 166.038197 0.000000 0.000000 0.000000 0.000000 0.000000 
166.038879 166.036151 166.034786 166.034445 166.034786 166.036151 166.039220 0.000000 0.000000 0.000000 0.000000 0.000000 
166.039220 166.036833 166.035468 166.035468 166.035809 166.037515 166.040584 0.000000 0.000000 0.000000 0.000000 0.000000 
166.039561 166.037174 166.036151 166.036151 166.036833 166.038879 0.000000 0.000000 0.000000 0.000000 0.000000 0.000000 
166.039902 166.037856 166.037174 166.037174 166.037856 166.039902 0.000000 0.000000 0.000000 0.000000 0.000000 0.000000 
166.040243 166.038538 166.037856 166.037856 166.038879 166.041266 0.000000 0.000000 0.000000 0.000000 0.000000 0.000000 
166.040925 166.039220 166.038879 166.038879 166.039902 0.000000 0.000000 0.000000 0.000000 0.000000 0.000000 0.000000 
166.041607 166.039902 166.039561 166.039902 166.041266 0.000000 0.000000 0.000000 0.000000 0.000000 0.000000 0.000000 
0.000000 166.040584 166.040584 166.040925 0.000000 0.000000 0.000000 0.000000 0.000000 0.000000 0.000000 0.000000 
0.000000 166.041607 166.041607 166.041667 0.000000 0.000000 0.000000 0.000000 0.000000 0.000000 0.000000 0.000000 
