test/output/constant/M380_S060_A000_WD000.0_WS005.0/M380_S060_A000_WD000.0_WS005.0_intensity.asc
ncols         46
nrows         11
xllcorner     422103.990666
yllcorner     12747955.311160
cellsize      100.000000
NODATA_value  0.000000
0 0 0 0 0 0 0 0 0 0 0 0 0 0 0 0 0 0 0 0 0 0 29607 29607 24046 29607 18801 35315 40995 24046 29607 35315 29607 24046 35315 24046 40995 29607 24046 24046 18801 24046 757 921 0 0 
0 0 0 0 0 0 0 0 0 0 0 0 0 0 0 46476 40995 46476 35315 51591 24046 51591 24046 51591 51591 46476 24046 46476 29607 35315 46476 35315 46476 29607 35315 35315 40995 35315 18801 35315 29607 35315 29607 35315 24046 921 
0 0 0 0 0 0 0 0 0 0 51591 40995 46476 40995 46476 40995 46476 29607 46476 18801 46476 24046 51591 51591 46476 51591 46476 51591 40995 46476 46476 51591 46476 46476 51591 46476 46476 51591 51591 46476 40995 67240 67240 67240 67240 0 
0 0 0 0 0 0 0 29607 46476 51591 29607 46476 51591 40995 46476 51591 40995 46476 46476 40995 51591 46476 35315 51591 63272 46476 51591 18801 18801 66882 56186 40995 67240 67240 67240 67240 67240 67240 67240 67240 67240 66785 67240 59728 51062 1602 
0 0 0 0 51591 29607 46476 46476 51591 35315 67163 51591 46476 46476 35315 66882 67240 56186 56186 60119 24046 35315 46476 46476 67240 63272 67240 46476 67240 67240 67240 67240 67240 67240 67240 67240 67240 55717 55717 59728 3752 51062 45902 2145 945 0 
0 0 56186 51591 46476 65550 46476 51591 51591 67240 46476 56186 65550 40995 40995 67240 67240 67240 67240 67240 46476 67240 67240 67240 67240 67240 67240 67240 67240 67240 67240 67240 67240 67240 51062 45902 3752 2145 45902 3752 2145 45902 2145 0 0 0 
0 51591 67240 35315 60119 46476 65550 67240 35315 67240 46476 67240 67240 67240 67240 67240 67240 67240 67240 67240 67240 67240 67240 67240 59728 67240 67240 67240 66785 51062 45902 51062 51062 51062 51062 3752 3752 2145 45902 40395 1602 0 0 0 0 0 
67240 67163 67240 67240 67240 40995 67240 67240 67240 67240 67240 67240 67240 67240 67240 67240 67240 67240 67240 67240 55717 59728 66785 62970 67240 55717 45902 51062 45902 51062 3752 51062 51062 2145 51062 3752 1253 3752 0 0 0 0 0 0 0 0 
67240 67240 67240 67240 67240 67240 67240 67240 55717 67240 67240 67240 67240 67240 67240 67240 67240 67240 65347 67240 62970 45902 45902 45902 45902 3752 45902 45902 3752 2145 3752 51062 1602 45902 0 0 0 0 0 0 0 0 0 0 0 0 
67240 67240 67240 67113 55717 67240 67240 67240 67240 67240 67240 67113 59728 62970 67113 67240 59728 51062 45902 51062 51062 1602 45902 45902 51062 45902 51062 45902 45902 0 0 0 0 0 0 0 0 0 0 0 0 0 0 0 0 0 
0 0 0 67240 59728 67240 67240 67240 67240 67240 66785 59728 51062 45902 51062 45902 45902 1602 51062 3752 45902 3752 45902 0 0 0 0 0 0 0 0 0 0 0 0 0 0 0 0 0 0 0 0 0 0 0 
