test/output/constant/M360_S060_A090_WD090.0_WS010.0/M360_S060_A090_WD090.0_WS010.0_intensity.asc
ncols         12
nrows         34
xllcorner     425603.990666
yllcorner     12745455.311160
cellsize      100.000000
NODATA_value  0.000000
0 0 0 0 0 0 0 0 0 1591 0 720 
0 0 0 0 0 0 0 0 757 39061 47369 10126 
0 0 0 0 0 0 0 979 32122 47369 47369 10126 
0 0 0 0 0 0 0 979 32122 47369 10126 7181 
0 0 0 0 0 0 28244 1591 45944 47369 13498 7181 
0 0 0 0 0 0 32122 2695 44230 47369 17197 21112 
0 0 0 0 0 28244 32122 39061 47369 29110 21112 7181 
0 0 0 0 0 32122 32122 47369 47369 46239 21112 21112 
0 0 0 0 0 32122 32122 47369 47369 25123 13498 13498 
0 0 0 0 35764 4395 39061 47369 42478 21112 10126 17197 
0 0 0 0 593 35764 44230 47369 47369 10126 17197 0 
0 0 0 35764 2695 32122 47369 47369 17197 21112 17197 0 
0 0 0 32122 32122 41912 47369 47369 32950 10126 17197 0 
0 0 0 32122 32122 47369 47369 47369 17197 21112 17197 0 
0 0 757 2695 39061 47369 47369 47369 21112 7181 10126 0 
0 0 32122 32122 1591 47369 47369 32950 17197 17197 21112 0 
0 0 35764 32122 47369 47369 47369 21112 7181 21112 0 0 
0 0 32122 39061 47369 47369 21112 17197 21112 21112 0 0 
0 32122 35764 39061 45944 47369 44667 17197 39738 13498 0 0 
0 35764 35764 47369 47369 47369 47369 13498 21112 10126 0 0 
0 32122 39061 47369 47369 47369 42478 10126 13498 0 0 0 
0 35764 35764 47369 47369 47369 17197 17197 17197 0 0 0 
0 39061 47369 47369 47369 39738 32950 21112 10126 0 0 0 
2695 757 47369 47369 44667 7181 13498 17197 0 0 0 0 
32122 47369 47369 47369 44667 21112 21112 17197 0 0 0 0 
39061 47259 47369 47369 47369 42478 13498 21112 0 0 0 0 
39061 47369 47369 47369 21112 13498 46239 0 0 0 0 0 
47369 47369 47369 47369 21112 21112 21112 0 0 0 0 0 
47369 47369 47369 21112 42478 17197 0 0 0 0 0 0 
47002 47369 47369 47369 17197 36529 0 0 0 0 0 0 
47369 47369 47369 39738 21112 0 0 0 0 0 0 0 
47369 47369 32950 47369 17197 0 0 0 0 0 0 0 
47369 47369 47369 47369 0 0 0 0 0 0 0 0 
0 47369 47369 0 0 0 0 0 0 0 0 0 
