test/output/constant/C4_S000_A180_WD090.0_WS040.0/C4_S000_A180_WD090.0_WS040.0_arrival.asc
ncols         31
nrows         7
xllcorner     423603.990666
yllcorner     12748455.311160
cellsize      100.000000
NODATA_value  0.000000
0.000000 0.000000 0.000000 0.000000 0.000000 0.000000 0.000000 0.000000 166.040766 166.040216 166.039114 166.038012 166.037461 166.036359 166.036359 166.036359 166.036359 166.036359 166.036910 166.037461 166.038012 166.039665 0.000000 0.000000 0.000000 0.000000 0.000000 0.000000 0.000000 0.000000 0.000000 
0.000000 0.000000 166.041667 166.040216 166.039114 166.038012 166.036359 166.035257 166.034156 166.033054 166.031401 166.030299 166.029198 166.028096 166.026994 166.026443 166.025341 166.024240 166.023138 166.022587 166.022036 166.022036 166.022036 166.022587 166.022587 166.024790 166.027545 166.031952 0.000000 0.000000 0.000000 
166.041317 166.040216 166.038563 166.037461 166.035808 166.034707 166.033605 166.031952 166.030850 166.029198 166.028096 166.026443 166.025341 166.024240 166.022587 166.021485 166.019832 166.018731 166.017078 166.015976 166.014874 166.013222 166.012120 166.011018 166.009916 166.008814 166.007713 166.007713 166.007713 166.009916 166.023138 
166.040766 166.039665 166.038012 166.036910 166.035257 166.034156 166.032503 166.031401 166.029748 166.028647 166.026994 166.025892 166.024240 166.023138 166.021485 166.020383 166.018731 166.017629 166.015976 166.014874 166.013222 166.012120 166.010467 166.009365 166.007713 166.006611 166.004958 166.003856 166.002204 166.001102 166.000000 
166.041317 166.040216 166.038563 166.037461 166.035808 166.034707 166.033605 166.031952 166.030850 166.029198 166.028096 166.026443 166.025341 166.024240 166.022587 166.021485 166.019832 166.018731 166.017078 166.015976 166.014874 166.013222 166.012120 166.011018 166.009916 166.008814 166.007713 166.007713 166.007713 166.009916 166.023138 
0.000000 0.000000 166.041667 166.040216 166.039114 166.038012 166.036359 166.035257 166.034156 166.033054 166.031401 166.030299 166.029198 166.028096 166.026994 166.026443 166.025341 166.024240 166.023138 166.022587 166.022036 166.022036 166.022036 166.022587 166.022587 166.024790 166.027545 166.031952 0.000000 0.000000 0.000000 
0.000000 0.000000 0.000000 0.000000 0.000000 0.000000 0.000000 0.000000 166.040766 166.040216 166.039114 166.038012 166.037461 166.036359 166.036359 166.036359 166.036359 166.036359 166.036910 166.037461 166.038012 166.039665 0.000000 0.000000 0.000000 0.000000 0.000000 0.000000 0.000000 0.000000 0.000000 
