test/output/constant/M490_S060_A270_WD180.0_WS010.0/M490_S060_A270_WD180.0_WS010.0_arrival.asc
ncols         7
nrows         37
xllcorner     426303.990666
yllcorner     12748755.311160
cellsize      100.000000
NODATA_value  0.000000
0.000000 0.000000 0.000000 166.041320 0.000000 0.000000 0.000000 
0.000000 0.000000 166.040856 166.040392 166.040856 0.000000 0.000000 
0.000000 166.041667 166.039463 166.038999 166.039463 166.041667 0.000000 
0.000000 166.040856 166.038535 166.038070 166.038535 166.040856 0.000000 
0.000000 166.039463 166.037606 166.036678 166.037606 166.039463 0.000000 
0.000000 166.038535 166.036213 166.035749 166.036213 166.038535 0.000000 
166.041667 166.037606 166.035285 166.034356 166.035285 166.037606 166.041667 
166.040856 166.036213 166.033892 166.033428 166.033892 166.036213 166.040856 
166.039927 166.035285 166.032963 166.032035 166.032963 166.035285 166.039927 
166.038999 166.033892 166.031571 166.031106 166.031571 166.033892 166.038999 
166.038070 166.032963 166.030642 166.029713 166.030642 166.032963 166.038070 
166.037606 166.032035 166.029249 166.028785 166.029249 166.032035 166.037606 
166.036678 166.031106 166.028321 166.027392 166.028321 166.031106 166.036678 
166.035749 166.030178 166.026928 166.026464 166.026928 166.030178 166.035749 
166.035285 166.028785 166.025999 166.025071 166.025999 166.028785 166.035285 
166.034356 166.027856 166.024606 166.024142 166.024606 166.027856 166.034356 
166.033428 166.026928 166.023678 166.022749 166.023678 166.026928 166.033428 
166.032963 166.025999 166.022749 166.021821 166.022749 166.025999 166.032963 
166.032035 166.025071 166.021357 166.020428 166.021357 166.025071 166.032035 
166.031571 166.024142 166.020428 166.019499 166.020428 166.024142 166.031571 
166.031571 166.023214 166.019035 166.018107 166.019035 166.023214 166.031571 
166.031571 166.022285 166.018107 166.017178 166.018107 166.022285 166.031571 
166.031571 166.021821 166.016714 166.015785 166.016714 166.021821 166.031571 
166.032035 166.020892 166.015785 166.014857 166.015785 166.020892 166.032035 
166.032499 166.019964 166.014392 166.013464 166.014392 166.019964 166.032499 
166.033428 166.019499 166.013464 166.012535 166.013464 166.019499 166.033428 
166.034356 166.019035 166.012535 166.011143 166.012535 166.019035 166.034356 
166.035749 166.019035 166.011143 166.010214 166.011143 166.019035 166.035749 
166.037606 166.019035 166.010214 166.008821 166.010214 166.019035 166.037606 
166.040856 166.019499 166.009285 166.007893 166.009285 166.019499 166.040856 
0.000000 166.020428 166.008357 166.006500 166.008357 166.020428 0.000000 
0.000000 166.021821 166.007428 166.005571 166.007428 166.021821 0.000000 
0.000000 166.024606 166.006500 166.004178 166.006500 166.024606 0.000000 
0.000000 166.030178 166.006500 166.003250 166.006500 166.030178 0.000000 
0.000000 166.040856 166.006964 166.001857 166.006964 166.040856 0.000000 
0.000000 0.000000 166.008821 166.000929 166.008821 0.000000 0.000000 
0.000000 0.000000 166.023214 166.000000 166.023214 0.000000 0.000000 
