test/output/constant/M485_S060_A270_WD180.0_WS035.0/M485_S060_A270_WD180.0_WS035.0_arrival.asc
ncols         7
nrows         43
xllcorner     426303.990666
yllcorner     12748755.311160
cellsize      100.000000
NODATA_value  0.000000
0.000000 0.000000 0.000000 166.041355 0.000000 0.000000 0.000000 
0.000000 0.000000 166.041355 166.040559 166.041355 0.000000 0.000000 
0.000000 0.000000 166.040559 166.039366 166.040559 0.000000 0.000000 
0.000000 0.000000 166.039366 166.038571 166.039366 0.000000 0.000000 
0.000000 166.041667 166.038571 166.037378 166.038571 166.041667 0.000000 
0.000000 166.040559 166.037378 166.036583 166.037378 166.040559 0.000000 
0.000000 166.039764 166.036583 166.035390 166.036583 166.039764 0.000000 
0.000000 166.038969 166.035390 166.034595 166.035390 166.038969 0.000000 
0.000000 166.037776 166.034595 166.033402 166.034595 166.037776 0.000000 
0.000000 166.036980 166.033402 166.032606 166.033402 166.036980 0.000000 
0.000000 166.036185 166.032606 166.031414 166.032606 166.036185 0.000000 
0.000000 166.034992 166.031414 166.030618 166.031414 166.034992 0.000000 
0.000000 166.034197 166.030618 166.029425 166.030618 166.034197 0.000000 
166.041355 166.033402 166.029425 166.028630 166.029425 166.033402 166.041355 
166.040559 166.032606 166.028630 166.027437 166.028630 166.032606 166.040559 
166.040162 166.031414 166.027835 166.026642 166.027835 166.031414 166.040162 
166.039366 166.030618 166.026642 166.025449 166.026642 166.030618 166.039366 
166.038969 166.030221 166.025847 166.024654 166.025847 166.030221 166.038969 
166.038571 166.029425 166.024654 166.023461 166.024654 166.029425 166.038571 
166.038571 166.028630 166.023858 166.022665 166.023858 166.028630 166.038571 
166.038571 166.027835 166.022665 166.021473 166.022665 166.027835 166.038571 
166.038571 166.027039 166.021870 166.020677 166.021870 166.027039 166.038571 
166.038969 166.026642 166.021075 166.019484 166.021075 166.026642 166.038969 
166.039366 166.025847 166.019882 166.018689 166.019882 166.025847 166.039366 
166.039764 166.025051 166.019087 166.017496 166.019087 166.025051 166.039764 
166.040162 166.024654 166.017894 166.016701 166.017894 166.024654 166.040162 
166.040957 166.023858 166.017098 166.015508 166.017098 166.023858 166.040957 
0.000000 166.023461 166.015906 166.014713 166.015906 166.023461 0.000000 
0.000000 166.023063 166.015110 166.013520 166.015110 166.023063 0.000000 
0.000000 166.023063 166.014315 166.012724 166.014315 166.023063 0.000000 
0.000000 166.023461 166.013122 166.011532 166.013122 166.023461 0.000000 
0.000000 166.023858 166.012327 166.010736 166.012327 166.023858 0.000000 
0.000000 166.024256 166.011134 166.009543 166.011134 166.024256 0.000000 
0.000000 166.025449 166.010339 166.008748 166.010339 166.025449 0.000000 
0.000000 166.026642 166.009543 166.007555 166.009543 166.026642 0.000000 
0.000000 166.028630 166.009146 166.006760 166.009146 166.028630 0.000000 
0.000000 166.031811 166.008350 166.005567 166.008350 166.031811 0.000000 
0.000000 166.035788 166.007953 166.004772 166.007953 166.035788 0.000000 
0.000000 0.000000 166.007953 166.003579 166.007953 0.000000 0.000000 
0.000000 0.000000 166.008748 166.002783 166.008748 0.000000 0.000000 
0.000000 0.000000 166.010339 166.001591 166.010339 0.000000 0.000000 
0.000000 0.000000 166.017894 166.000795 166.017894 0.000000 0.000000 
0.000000 0.000000 0.000000 166.000000 0.000000 0.000000 0.000000 
