test/output/constant/M480_S060_A270_WD180.0_WS020.0/M480_S060_A270_WD180.0_WS020.0_arrival.asc
ncols         7
nrows         38
xllcorner     426303.990666
yllcorner     12748755.311160
cellsize      100.000000
NODATA_value  0.000000
0.000000 0.000000 166.041667 166.041233 166.041667 0.000000 0.000000 
0.000000 0.000000 166.040785 166.039889 166.040785 0.000000 0.000000 
0.000000 0.000000 166.039440 166.038992 166.039440 0.000000 0.000000 
0.000000 166.041233 166.038544 166.037648 166.038544 166.041233 0.000000 
0.000000 166.040337 166.037200 166.036751 166.037200 166.040337 0.000000 
0.000000 166.038992 166.036303 166.035407 166.036303 166.038992 0.000000 
0.000000 166.038096 166.034959 166.034510 166.034959 166.038096 0.000000 
0.000000 166.037200 166.034062 166.033166 166.034062 166.037200 0.000000 
0.000000 166.036303 166.032718 166.032269 166.032718 166.036303 0.000000 
166.041667 166.035407 166.031821 166.030925 166.031821 166.035407 166.041667 
166.040785 166.034062 166.030477 166.030029 166.030477 166.034062 166.040785 
166.040337 166.033166 166.029580 166.028684 166.029580 166.033166 166.040337 
166.039440 166.032269 166.028236 166.027788 166.028236 166.032269 166.039440 
166.038544 166.030925 166.027339 166.026443 166.027339 166.030925 166.038544 
166.038096 166.030029 166.025995 166.025547 166.025995 166.030029 166.038096 
166.037200 166.029132 166.025098 166.024202 166.025098 166.029132 166.037200 
166.036751 166.028236 166.023754 166.023306 166.023754 166.028236 166.036751 
166.036303 166.027339 166.022858 166.021961 166.022858 166.027339 166.036303 
166.036303 166.026891 166.021961 166.021065 166.021961 166.026891 166.036303 
166.036303 166.025995 166.020617 166.019720 166.020617 166.025995 166.036303 
166.036303 166.025098 166.019720 166.018824 166.019720 166.025098 166.036303 
166.036751 166.024202 166.018376 166.017479 166.018376 166.024202 166.036751 
166.037200 166.023754 166.017479 166.016583 166.017479 166.023754 166.037200 
166.037648 166.022858 166.016583 166.015238 166.016583 166.022858 166.037648 
166.038992 166.022409 166.015238 166.014342 166.015238 166.022409 166.038992 
166.039889 166.021961 166.014342 166.012997 166.014342 166.021961 166.039889 
166.041233 166.021961 166.013446 166.012101 166.013446 166.021961 166.041233 
0.000000 166.021961 166.012101 166.010756 166.012101 166.021961 0.000000 
0.000000 166.022409 166.011205 166.009860 166.011205 166.022409 0.000000 
0.000000 166.023306 166.010308 166.008516 166.010308 166.023306 0.000000 
0.000000 166.024202 166.009412 166.007619 166.009412 166.024202 0.000000 
0.000000 166.025995 166.008516 166.006275 166.008516 166.025995 0.000000 
0.000000 166.029580 166.007619 166.005378 166.007619 166.029580 0.000000 
0.000000 166.034062 166.007619 166.004034 166.007619 166.034062 0.000000 
0.000000 0.000000 166.007619 166.003137 166.007619 0.000000 0.000000 
0.000000 0.000000 166.008516 166.001793 166.008516 0.000000 0.000000 
0.000000 0.000000 166.012549 166.000896 166.012549 0.000000 0.000000 
0.000000 0.000000 166.037648 166.000000 166.037648 0.000000 0.000000 
