test/output/constant/M360_S060_A000_WD270.0_WS005.0/M360_S060_A000_WD270.0_WS005.0_arrival.asc
ncols         30
nrows         7
xllcorner     423803.990666
yllcorner     12748455.311160
cellsize      100.000000
NODATA_value  0.000000
0.000000 0.000000 0.000000 0.000000 0.000000 166.040767 166.039568 166.038968 166.037769 166.036570 166.035371 166.034772 166.033573 166.032374 166.031774 166.031175 166.031175 166.031175 166.031175 166.031175 166.031774 166.033573 166.035371 166.038369 0.000000 0.000000 0.000000 0.000000 0.000000 0.000000 
0.000000 0.000000 166.041367 166.039568 166.038369 166.036570 166.035371 166.034172 166.032374 166.031175 166.029976 166.028777 166.026978 166.025779 166.024580 166.023381 166.022782 166.021583 166.020383 166.019184 166.018585 166.018585 166.018585 166.019184 166.020383 166.022782 166.028177 166.038369 0.000000 0.000000 
166.041667 166.040167 166.038968 166.037170 166.035971 166.034172 166.032973 166.031774 166.029976 166.028777 166.026978 166.025779 166.023981 166.022782 166.021583 166.019784 166.018585 166.016786 166.015587 166.013789 166.012590 166.011391 166.009592 166.008393 166.007194 166.006595 166.006595 166.007194 166.013789 0.000000 
166.041367 166.040167 166.038369 166.037170 166.035371 166.034172 166.032374 166.031175 166.029376 166.028177 166.026379 166.025180 166.023381 166.022182 166.020383 166.019184 166.017386 166.016187 166.014388 166.013189 166.011391 166.010192 166.008393 166.007194 166.005396 166.004197 166.002398 166.001199 166.000000 166.031175 
166.041667 166.040167 166.038968 166.037170 166.035971 166.034172 166.032973 166.031774 166.029976 166.028777 166.026978 166.025779 166.023981 166.022782 166.021583 166.019784 166.018585 166.016786 166.015587 166.013789 166.012590 166.011391 166.009592 166.008393 166.007194 166.006595 166.006595 166.007194 166.013789 0.000000 
0.000000 0.000000 166.041367 166.039568 166.038369 166.036570 166.035371 166.034172 166.032374 166.031175 166.029976 166.028777 166.026978 166.025779 166.024580 166.023381 166.022782 166.021583 166.020383 166.019184 166.018585 166.018585 166.018585 166.019184 166.020383 166.022782 166.028177 166.038369 0.000000 0.000000 
0.000000 0.000000 0.000000 0.000000 0.000000 166.040767 166.039568 166.038968 166.037769 166.036570 166.035371 166.034772 166.033573 166.032374 166.031774 166.031175 166.031175 166.031175 166.031175 166.031175 166.031774 166.033573 166.035371 166.038369 0.000000 0.000000 0.000000 0.000000 0.000000 0.000000 
