test/output/constant/M380_S060_A090_WD090.0_WS010.0/M380_S060_A090_WD090.0_WS010.0_raz.asc
ncols         15
nrows         46
xllcorner     425303.990666
yllcorner     12744255.311160
cellsize      100.000000
NODATA_value  0.000000
0 0 0 0 0 0 0 0 0 0 0 308 270 254 80 
0 0 0 0 0 0 0 0 0 0 0 258 199 194 80 
0 0 0 0 0 0 0 0 0 0 284 241 194 194 171 
0 0 0 0 0 0 0 0 0 0 284 202 194 171 166 
0 0 0 0 0 0 0 0 0 284 270 199 194 181 171 
0 0 0 0 0 0 0 0 0 258 202 194 194 171 171 
0 0 0 0 0 0 0 0 202 202 202 194 192 175 181 
0 0 0 0 0 0 0 0 202 200 199 194 189 171 175 
0 0 0 0 0 0 0 284 241 202 194 194 189 181 178 
0 0 0 0 0 0 0 258 200 200 194 194 181 178 175 
0 0 0 0 0 0 202 202 202 199 194 191 188 178 166 
0 0 0 0 0 0 258 200 200 194 194 194 175 171 178 
0 0 0 0 0 0 241 202 202 194 194 178 178 178 171 
0 0 0 0 0 202 230 202 198 194 194 190 175 178 178 
0 0 0 0 0 202 202 202 194 194 178 178 181 171 0 
0 0 0 0 0 200 202 202 194 194 166 191 171 178 0 
0 0 0 0 202 230 270 199 194 194 188 181 175 171 0 
0 0 0 0 308 202 284 194 194 192 188 181 175 178 0 
0 0 0 0 202 230 202 194 194 194 186 181 175 175 0 
0 0 0 230 241 202 199 194 194 194 181 186 175 166 0 
0 0 0 202 200 202 194 194 194 188 181 181 181 181 0 
0 0 0 241 202 200 194 194 191 175 171 178 178 0 0 
0 0 0 200 202 241 194 194 178 185 190 178 178 0 0 
0 0 241 202 199 194 194 194 190 183 181 171 178 0 0 
0 0 241 202 202 194 194 194 178 185 181 181 171 0 0 
0 0 202 200 241 195 194 194 181 178 190 166 0 0 0 
0 0 258 202 194 194 194 194 178 190 171 175 0 0 0 
0 258 202 202 194 194 194 181 181 178 181 181 0 0 0 
0 202 270 241 198 194 194 194 194 171 166 178 0 0 0 
0 202 200 194 194 194 194 194 194 193 178 0 0 0 0 
0 202 199 194 194 194 194 175 166 190 171 0 0 0 0 
0 202 241 194 194 194 192 189 188 175 185 0 0 0 0 
0 199 195 196 194 194 189 181 181 178 0 0 0 0 0 
194 200 194 194 194 194 190 181 185 181 0 0 0 0 0 
200 241 194 194 194 194 181 183 178 175 0 0 0 0 0 
200 197 194 194 194 178 178 175 171 0 0 0 0 0 0 
200 194 194 194 194 194 178 175 178 0 0 0 0 0 0 
202 196 194 194 188 194 185 188 0 0 0 0 0 0 0 
194 194 194 194 194 194 178 181 0 0 0 0 0 0 0 
194 194 194 194 186 175 186 181 0 0 0 0 0 0 0 
197 194 194 194 192 190 190 0 0 0 0 0 0 0 0 
194 194 194 194 188 181 191 0 0 0 0 0 0 0 0 
194 194 194 194 190 181 0 0 0 0 0 0 0 0 0 
196 194 194 194 181 0 0 0 0 0 0 0 0 0 0 
194 194 194 166 181 0 0 0 0 0 0 0 0 0 0 
0 194 194 194 0 0 0 0 0 0 0 0 0 0 0 
