test/output/constant/M355_S060_A000_WD045.0_WS005.0/M355_S060_A000_WD045.0_WS005.0_arrival.asc
ncols         34
nrows         8
xllcorner     423303.990666
yllcorner     12748255.311160
cellsize      100.000000
NODATA_value  0.000000
0.000000 0.000000 0.000000 0.000000 0.000000 0.000000 0.000000 0.000000 0.000000 0.000000 0.000000 0.000000 0.000000 166.041491 166.040010 166.039022 166.038034 166.037046 166.036058 166.035070 166.034576 166.034082 166.033094 166.032600 166.032600 166.032106 166.032600 166.033094 166.035070 166.036058 166.040997 0.000000 0.000000 0.000000 
0.000000 0.000000 0.000000 0.000000 0.000000 0.000000 0.000000 166.041491 166.040010 166.038528 166.037046 166.035564 166.034082 166.032600 166.031119 166.029637 166.028155 166.026673 166.025191 166.023709 166.022228 166.020746 166.019758 166.018276 166.016794 166.015312 166.014324 166.012843 166.012349 166.011855 166.011361 166.011361 166.013337 166.024697 
0.000000 0.000000 0.000000 166.041491 166.040010 166.038528 166.037046 166.035564 166.034082 166.032600 166.031119 166.029637 166.028155 166.026673 166.025191 166.023709 166.022721 166.021240 166.019758 166.018276 166.016794 166.015312 166.013830 166.012349 166.011361 166.009879 166.008397 166.006915 166.005927 166.004446 166.003458 166.001976 166.000988 166.000000 
0.000000 166.040997 166.039516 166.038034 166.037046 166.035564 166.034082 166.032600 166.031612 166.030131 166.028649 166.027167 166.026179 166.024697 166.023215 166.022228 166.020746 166.019758 166.018276 166.017288 166.015806 166.014324 166.013337 166.011855 166.010867 166.009385 166.008397 166.006915 166.005927 166.004939 166.004446 166.004446 166.005433 166.015806 
166.040997 166.039516 166.038034 166.037046 166.035564 166.034576 166.033094 166.032106 166.030625 166.029637 166.028155 166.027167 166.025685 166.024697 166.023215 166.022228 166.020746 166.019758 166.018276 166.017288 166.016300 166.015312 166.014324 166.013830 166.012843 166.012843 166.012349 166.012349 166.012843 166.014818 166.018770 166.026673 0.000000 0.000000 
166.040503 166.039516 166.038034 166.037046 166.035564 166.034576 166.033094 166.032106 166.031119 166.029637 166.028649 166.027661 166.026673 166.025685 166.024697 166.023709 166.022721 166.022228 166.021734 166.021240 166.020746 166.020746 166.020746 166.020746 166.021240 166.022228 166.024203 166.027661 166.032106 166.040010 0.000000 0.000000 0.000000 0.000000 
166.040997 166.040010 166.039022 166.038034 166.037046 166.036058 166.035070 166.034082 166.033588 166.032600 166.031612 166.030625 166.030131 166.029637 166.029637 166.029143 166.028649 166.028649 166.028649 166.028649 166.029143 166.030131 166.031612 166.034082 166.036552 166.040997 0.000000 0.000000 0.000000 0.000000 0.000000 0.000000 0.000000 0.000000 
0.000000 0.000000 0.000000 166.040997 166.040010 166.039516 166.039022 166.038034 166.038034 166.037540 166.037540 166.037046 166.037046 166.037046 166.036552 166.036552 166.037540 166.038034 166.039516 166.041491 0.000000 0.000000 0.000000 0.000000 0.000000 0.000000 0.000000 0.000000 0.000000 0.000000 0.000000 0.000000 0.000000 0.000000 
