test/output/constant/M3M485_S060_A180_WD270.0_WS010.0/M3M485_S060_A180_WD270.0_WS010.0_arrival.asc
ncols         54
nrows         9
xllcorner     426603.990666
yllcorner     12748355.311160
cellsize      100.000000
NODATA_value  0.000000
0.000000 0.000000 0.000000 0.000000 0.000000 0.000000 0.000000 0.000000 0.000000 0.000000 0.000000 0.000000 0.000000 166.041611 166.039720 166.038459 166.037513 166.036883 166.036252 166.035622 166.035307 166.034676 166.034676 166.034361 166.034361 166.034361 166.034361 166.034361 166.034676 166.034991 166.035622 166.035937 166.036568 166.036883 166.037513 166.038144 166.038459 166.039090 166.039720 166.040350 166.040666 166.041296 0.000000 0.000000 0.000000 0.000000 0.000000 0.000000 0.000000 0.000000 0.000000 0.000000 0.000000 0.000000 
0.000000 0.000000 0.000000 0.000000 0.000000 0.000000 166.040035 166.035307 166.032785 166.029948 166.028371 166.027110 166.026480 166.025850 166.025219 166.024904 166.024589 166.024589 166.024589 166.024589 166.024904 166.025219 166.025534 166.026165 166.026795 166.027110 166.027741 166.028371 166.028687 166.029317 166.029948 166.030578 166.031209 166.031524 166.032154 166.032785 166.033415 166.034046 166.034676 166.035307 166.036252 166.036883 166.037513 166.038459 166.039090 166.039720 166.040350 166.041296 0.000000 0.000000 0.000000 0.000000 0.000000 0.000000 
0.000000 0.000000 166.036252 166.027110 166.021436 166.018914 166.017023 166.016077 166.015447 166.015131 166.014816 166.014816 166.014816 166.015131 166.015762 166.016392 166.016708 166.017338 166.017969 166.018599 166.019230 166.019545 166.020175 166.020806 166.021751 166.022382 166.023012 166.023958 166.024589 166.025219 166.025850 166.026480 166.027426 166.028056 166.029002 166.029632 166.030263 166.031209 166.031839 166.032785 166.033415 166.034046 166.034991 166.035622 166.036252 166.037198 166.037829 166.038459 166.039405 166.040035 166.040981 166.041611 0.000000 0.000000 
166.020806 166.007881 166.005674 166.005044 166.005044 166.005359 166.005990 166.006620 166.007250 166.007881 166.008511 166.009142 166.010088 166.010718 166.011349 166.012294 166.012925 166.013870 166.014501 166.015447 166.016077 166.017023 166.017653 166.018599 166.019230 166.020175 166.020806 166.021751 166.022382 166.023328 166.023958 166.024904 166.025534 166.026480 166.027110 166.028056 166.028687 166.029317 166.030263 166.030893 166.031839 166.032470 166.033415 166.034046 166.034991 166.035622 166.036252 166.037198 166.037829 166.038774 166.039405 166.040350 166.040981 0.000000 
166.000000 166.000630 166.001261 166.002207 166.002837 166.003783 166.004413 166.005359 166.005990 166.006935 166.007566 166.008511 166.009142 166.010088 166.010718 166.011664 166.012294 166.013240 166.013870 166.014816 166.015447 166.016392 166.017023 166.017969 166.018599 166.019545 166.020175 166.021121 166.021751 166.022697 166.023328 166.024273 166.024904 166.025850 166.026480 166.027426 166.028056 166.029002 166.029632 166.030578 166.031209 166.032154 166.032785 166.033730 166.034361 166.035307 166.035937 166.036883 166.037513 166.038459 166.039090 166.040035 166.040666 166.041611 
166.020806 166.007881 166.005674 166.005044 166.005044 166.005359 166.005990 166.006620 166.007250 166.007881 166.008511 166.009142 166.010088 166.010718 166.011349 166.012294 166.012925 166.013870 166.014501 166.015447 166.016077 166.017023 166.017653 166.018599 166.019230 166.020175 166.020806 166.021751 166.022382 166.023328 166.023958 166.024904 166.025534 166.026480 166.027110 166.028056 166.028687 166.029317 166.030263 166.030893 166.031839 166.032470 166.033415 166.034046 166.034991 166.035622 166.036252 166.037198 166.037829 166.038774 166.039405 166.040350 166.040981 0.000000 
0.000000 0.000000 166.036252 166.027110 166.021436 166.018914 166.017023 166.016077 166.015447 166.015131 166.014816 166.014816 166.014816 166.015131 166.015762 166.016392 166.016708 166.017338 166.017969 166.018599 166.019230 166.019545 166.020175 166.020806 166.021751 166.022382 166.023012 166.023958 166.024589 166.025219 166.025850 166.026480 166.027426 166.028056 166.029002 166.029632 166.030263 166.031209 166.031839 166.032785 166.033415 166.034046 166.034991 166.035622 166.036252 166.037198 166.037829 166.038459 166.039405 166.040035 166.040981 166.041611 0.000000 0.000000 
0.000000 0.000000 0.000000 0.000000 0.000000 0.000000 166.040035 166.035307 166.032785 166.029948 166.028371 166.027110 166.026480 166.025850 166.025219 166.024904 166.024589 166.024589 166.024589 166.024589 166.024904 166.025219 166.025534 166.026165 166.026795 166.027110 166.027741 166.028371 166.028687 166.029317 166.029948 166.030578 166.031209 166.031524 166.032154 166.032785 166.033415 166.034046 166.034676 166.035307 166.036252 166.036883 166.037513 166.038459 166.039090 166.039720 166.040350 166.041296 0.000000 0.000000 0.000000 0.000000 0.000000 0.000000 
0.000000 0.000000 0.000000 0.000000 0.000000 0.000000 0.000000 0.000000 0.000000 0.000000 0.000000 0.000000 0.000000 166.041611 166.039720 166.038459 166.037513 166.036883 166.036252 166.035622 166.035307 166.034676 166.034676 166.034361 166.034361 166.034361 166.034361 166.034361 166.034676 166.034991 166.035622 166.035937 166.036568 166.036883 166.037513 166.038144 166.038459 166.039090 166.039720 166.040350 166.040666 166.041296 0.000000 0.000000 0.000000 0.000000 0.000000 0.000000 0.000000 0.000000 0.000000 0.000000 0.000000 0.000000 
