test/output/constant/M470_S000_A090_WD090.0_WS045.0/M470_S000_A090_WD090.0_WS045.0_arrival.asc
ncols         32
nrows         7
xllcorner     423503.990666
yllcorner     12748455.311160
cellsize      100.000000
NODATA_value  0.000000
0.000000 0.000000 0.000000 0.000000 0.000000 0.000000 0.000000 0.000000 0.000000 0.000000 166.041667 166.040915 166.040369 166.039824 166.039824 166.039824 166.039824 166.040369 166.040915 166.041460 0.000000 0.000000 0.000000 0.000000 0.000000 0.000000 0.000000 0.000000 0.000000 0.000000 0.000000 0.000000 
0.000000 0.000000 0.000000 0.000000 166.040915 166.039278 166.038187 166.037096 166.035460 166.034368 166.033277 166.032186 166.031095 166.030004 166.029459 166.028368 166.027277 166.026185 166.025640 166.024549 166.024003 166.024003 166.024003 166.024549 166.025094 166.026731 166.028913 166.033277 166.039824 0.000000 0.000000 0.000000 
0.000000 166.041460 166.039824 166.038733 166.037096 166.036005 166.034368 166.033277 166.032186 166.030550 166.029459 166.027822 166.026731 166.025094 166.024003 166.022367 166.021276 166.020185 166.018548 166.017457 166.015820 166.014729 166.013638 166.012002 166.010911 166.009820 166.009274 166.008183 166.008183 166.008728 166.012547 166.031095 
166.041667 166.040369 166.039278 166.037642 166.036551 166.034914 166.033823 166.032186 166.031095 166.029459 166.028368 166.026731 166.025640 166.024003 166.022912 166.021276 166.020185 166.018548 166.017457 166.015820 166.014729 166.013093 166.012002 166.010365 166.009274 166.007637 166.006546 166.004910 166.003819 166.002182 166.001091 166.000000 
0.000000 166.041460 166.039824 166.038733 166.037096 166.036005 166.034368 166.033277 166.032186 166.030550 166.029459 166.027822 166.026731 166.025094 166.024003 166.022367 166.021276 166.020185 166.018548 166.017457 166.015820 166.014729 166.013638 166.012002 166.010911 166.009820 166.009274 166.008183 166.008183 166.008728 166.012547 166.031095 
0.000000 0.000000 0.000000 0.000000 166.040915 166.039278 166.038187 166.037096 166.035460 166.034368 166.033277 166.032186 166.031095 166.030004 166.029459 166.028368 166.027277 166.026185 166.025640 166.024549 166.024003 166.024003 166.024003 166.024549 166.025094 166.026731 166.028913 166.033277 166.039824 0.000000 0.000000 0.000000 
0.000000 0.000000 0.000000 0.000000 0.000000 0.000000 0.000000 0.000000 0.000000 0.000000 166.041667 166.040915 166.040369 166.039824 166.039824 166.039824 166.039824 166.040369 166.040915 166.041460 0.000000 0.000000 0.000000 0.000000 0.000000 0.000000 0.000000 0.000000 0.000000 0.000000 0.000000 0.000000 
