test/output/constant/M3M470_S060_A000_WD225.0_WS050.0/M3M470_S060_A000_WD225.0_WS050.0_arrival.asc
ncols         8
nrows         30
xllcorner     426203.990666
yllcorner     12748755.311160
cellsize      100.000000
NODATA_value  0.000000
0.000000 0.000000 166.041118 166.040634 166.041118 0.000000 0.000000 0.000000 
0.000000 166.041602 166.039667 166.039183 166.039667 0.000000 0.000000 0.000000 
0.000000 166.040150 166.038215 166.037732 166.038215 166.041118 0.000000 0.000000 
0.000000 166.039183 166.036764 166.036280 166.036764 166.039667 0.000000 0.000000 
0.000000 166.037732 166.035313 166.034829 166.035313 166.038215 0.000000 0.000000 
166.041602 166.036764 166.033862 166.033862 166.033862 166.036764 166.041118 0.000000 
166.040634 166.035313 166.032894 166.032411 166.032411 166.035313 166.039667 0.000000 
166.039667 166.034345 166.031443 166.030959 166.030959 166.033862 166.038699 0.000000 
166.039183 166.033378 166.029992 166.029508 166.029508 166.032411 166.037248 0.000000 
166.038215 166.032411 166.028541 166.028057 166.028057 166.030959 166.035797 0.000000 
166.038215 166.031443 166.027573 166.026606 166.026606 166.029508 166.034345 0.000000 
166.037732 166.030476 166.026122 166.025154 166.025154 166.028057 166.032894 0.000000 
166.037732 166.029508 166.025154 166.023703 166.023703 166.026606 166.031927 0.000000 
166.037732 166.028541 166.023703 166.022252 166.022252 166.025154 166.030959 0.000000 
166.038215 166.028057 166.022736 166.020801 166.020801 166.023703 166.029992 0.000000 
166.038215 166.027573 166.021285 166.019350 166.019350 166.022252 166.029024 166.041602 
166.039183 166.027089 166.020317 166.017898 166.017898 166.020801 166.028057 166.041602 
166.040150 166.027089 166.019350 166.016931 166.016447 166.019350 166.027089 166.041602 
166.040634 166.027089 166.018382 166.015480 166.014996 166.017898 166.026606 166.041602 
0.000000 166.027573 166.017415 166.014028 166.013545 166.016447 166.026122 166.041602 
0.000000 166.028057 166.016447 166.012577 166.012093 166.014996 166.025638 0.000000 
0.000000 166.029024 166.016447 166.011126 166.011126 166.013545 166.025154 0.000000 
0.000000 166.030959 166.016447 166.009675 166.009675 166.012093 166.025154 0.000000 
0.000000 166.033378 166.016447 166.008707 166.008224 166.011126 166.025154 0.000000 
0.000000 166.036764 166.017415 166.007256 166.006772 166.009675 166.026122 0.000000 
0.000000 166.041602 166.018866 166.006289 166.005321 166.009191 166.027573 0.000000 
0.000000 0.000000 166.021768 166.005805 166.003870 166.008707 166.030959 0.000000 
0.000000 0.000000 166.027089 166.005805 166.002419 166.008707 166.035313 0.000000 
0.000000 0.000000 166.036280 166.006772 166.000967 166.010159 0.000000 0.000000 
0.000000 0.000000 0.000000 166.013545 166.000000 166.015963 0.000000 0.000000 
