test/output/constant/M480_S060_A180_WD225.0_WS015.0/M480_S060_A180_WD225.0_WS015.0_arrival.asc
ncols         33
nrows         11
xllcorner     426603.990666
yllcorner     12748655.311160
cellsize      100.000000
NODATA_value  0.000000
0.000000 0.000000 0.000000 0.000000 0.000000 0.000000 0.000000 0.000000 0.000000 0.000000 0.000000 0.000000 0.000000 0.000000 0.000000 0.000000 0.000000 0.000000 0.000000 0.000000 0.000000 0.000000 0.000000 166.041633 166.040630 166.040128 166.039627 166.039627 166.040128 166.040128 166.040630 166.041131 0.000000 
0.000000 0.000000 0.000000 0.000000 0.000000 0.000000 0.000000 0.000000 0.000000 0.000000 0.000000 0.000000 0.000000 0.000000 0.000000 0.000000 0.000000 166.041667 166.039627 166.038122 166.036617 166.036115 166.035614 166.035112 166.035112 166.035614 166.035614 166.036115 166.037119 166.038122 166.039125 166.040128 166.041633 
0.000000 0.000000 0.000000 0.000000 0.000000 0.000000 0.000000 0.000000 0.000000 0.000000 0.000000 0.000000 0.000000 0.000000 166.038623 166.035614 166.033607 166.032103 166.031099 166.030598 166.030598 166.030598 166.030598 166.031099 166.031601 166.032604 166.033607 166.035112 166.036115 166.037620 166.039125 166.040128 166.041633 
0.000000 0.000000 0.000000 0.000000 0.000000 0.000000 0.000000 0.000000 0.000000 0.000000 166.041633 166.035614 166.031601 166.029093 166.027588 166.026585 166.026083 166.025582 166.026083 166.026083 166.026585 166.027588 166.028591 166.029595 166.031099 166.032103 166.033607 166.035112 166.036617 166.038122 166.039627 166.041633 0.000000 
0.000000 0.000000 0.000000 0.000000 0.000000 0.000000 0.000000 0.000000 166.035112 166.029093 166.025080 166.023074 166.022071 166.021569 166.021067 166.021067 166.021569 166.022071 166.023074 166.024579 166.025582 166.027087 166.028591 166.029595 166.031601 166.033106 166.034611 166.036617 166.038623 166.041131 0.000000 0.000000 0.000000 
0.000000 0.000000 0.000000 0.000000 0.000000 166.037119 166.028090 166.022071 166.019061 166.017556 166.016553 166.016553 166.016553 166.017054 166.018058 166.019061 166.020566 166.022071 166.023074 166.024579 166.026083 166.027588 166.029595 166.031601 166.034109 166.036115 166.038623 166.041131 0.000000 0.000000 0.000000 0.000000 0.000000 
0.000000 0.000000 0.000000 166.032604 166.021067 166.015048 166.013042 166.012038 166.012038 166.012038 166.012540 166.014045 166.015550 166.016553 166.018058 166.019061 166.021067 166.023074 166.024579 166.027087 166.029595 166.031601 166.034109 166.036617 166.039125 0.000000 0.000000 0.000000 0.000000 0.000000 0.000000 0.000000 0.000000 
0.000000 166.033607 166.015048 166.008527 166.007524 166.007022 166.007524 166.008527 166.010032 166.011537 166.012540 166.014045 166.015550 166.018058 166.020064 166.022572 166.024579 166.027588 166.030096 166.033106 166.036115 166.039125 166.041633 0.000000 0.000000 0.000000 0.000000 0.000000 0.000000 0.000000 0.000000 0.000000 0.000000 
166.013042 166.002508 166.002508 166.003511 166.005016 166.006019 166.007524 166.009029 166.010534 166.013042 166.015550 166.018058 166.021067 166.024077 166.027087 166.030096 166.033106 166.036115 166.039627 0.000000 0.000000 0.000000 0.000000 0.000000 0.000000 0.000000 0.000000 0.000000 0.000000 0.000000 0.000000 0.000000 0.000000 
166.000000 166.001003 166.002006 166.004013 166.006019 166.009029 166.012540 166.015550 166.019061 166.022071 166.025582 166.029093 166.032604 166.036115 166.039627 0.000000 0.000000 0.000000 0.000000 0.000000 0.000000 0.000000 0.000000 0.000000 0.000000 0.000000 0.000000 0.000000 0.000000 0.000000 0.000000 0.000000 0.000000 
0.000000 166.034611 166.032103 166.032604 166.036115 166.039125 166.041131 0.000000 0.000000 0.000000 0.000000 0.000000 0.000000 0.000000 0.000000 0.000000 0.000000 0.000000 0.000000 0.000000 0.000000 0.000000 0.000000 0.000000 0.000000 0.000000 0.000000 0.000000 0.000000 0.000000 0.000000 0.000000 0.000000 
