test/output/constant/M175_S060_A270_WD225.0_WS015.0/M175_S060_A270_WD225.0_WS015.0_arrival.asc
ncols         9
nrows         25
xllcorner     426503.990666
yllcorner     12748755.311160
cellsize      100.000000
NODATA_value  0.000000
0.000000 0.000000 0.000000 0.000000 0.000000 0.000000 0.000000 166.040997 166.041658 
0.000000 0.000000 0.000000 0.000000 0.000000 0.000000 166.040336 166.039674 166.039674 
0.000000 0.000000 0.000000 0.000000 0.000000 166.040997 166.037691 166.037691 166.039013 
0.000000 0.000000 0.000000 0.000000 0.000000 166.037691 166.035707 166.035707 166.038352 
0.000000 0.000000 0.000000 0.000000 166.040336 166.035046 166.034384 166.034384 166.038352 
0.000000 0.000000 0.000000 0.000000 166.037029 166.033062 166.032401 166.033062 166.038352 
0.000000 0.000000 0.000000 166.041658 166.033723 166.031078 166.030417 166.033062 166.038352 
0.000000 0.000000 0.000000 166.037691 166.031078 166.029095 166.029095 166.032401 166.039013 
0.000000 0.000000 0.000000 166.034384 166.028433 166.027111 166.027772 166.032401 166.040336 
0.000000 0.000000 166.040997 166.030417 166.025788 166.025788 166.027111 166.032401 0.000000 
0.000000 0.000000 166.037029 166.027111 166.023805 166.023805 166.026450 166.033723 0.000000 
0.000000 0.000000 166.032401 166.024466 166.021821 166.022482 166.026450 166.035046 0.000000 
0.000000 0.000000 166.029095 166.021160 166.020498 166.021160 166.027111 166.037029 0.000000 
0.000000 166.039013 166.025127 166.019176 166.018515 166.020498 166.027772 166.040997 0.000000 
0.000000 166.034384 166.021160 166.017192 166.016531 166.020498 166.029756 0.000000 0.000000 
0.000000 166.029756 166.017853 166.015209 166.015209 166.021160 166.033062 0.000000 0.000000 
0.000000 166.025788 166.014547 166.013225 166.015209 166.022482 166.039674 0.000000 0.000000 
0.000000 166.021160 166.011902 166.011902 166.015209 166.025127 0.000000 0.000000 0.000000 
0.000000 166.016531 166.009919 166.009919 166.015209 166.031739 0.000000 0.000000 0.000000 
0.000000 166.012564 166.007935 166.009257 166.017853 0.000000 0.000000 0.000000 0.000000 
0.000000 166.008596 166.006612 166.009257 166.024466 0.000000 0.000000 0.000000 0.000000 
0.000000 166.005290 166.004629 166.009919 166.035707 0.000000 0.000000 0.000000 0.000000 
166.041658 166.002645 166.003306 166.017192 0.000000 0.000000 0.000000 0.000000 0.000000 
166.040997 166.001322 166.003306 166.037691 0.000000 0.000000 0.000000 0.000000 0.000000 
0.000000 166.000000 166.013886 0.000000 0.000000 0.000000 0.000000 0.000000 0.000000 
