test/output/constant/M370_S060_A090_WD000.0_WS010.0/M370_S060_A090_WD000.0_WS010.0_arrival.asc
ncols         9
nrows         48
xllcorner     426203.990666
yllcorner     12744055.311160
cellsize      100.000000
NODATA_value  0.000000
0.000000 0.000000 0.000000 166.020608 166.000000 166.020608 0.000000 0.000000 0.000000 
0.000000 0.000000 0.000000 166.008883 166.000711 166.008883 0.000000 0.000000 0.000000 
0.000000 0.000000 166.039083 166.006040 166.001421 166.006040 166.039083 0.000000 0.000000 
0.000000 0.000000 166.028780 166.005685 166.002487 166.005685 166.028780 0.000000 0.000000 
0.000000 0.000000 166.023805 166.005685 166.003198 166.005685 166.023805 0.000000 0.000000 
0.000000 0.000000 166.020608 166.006040 166.004264 166.006040 166.020608 0.000000 0.000000 
0.000000 0.000000 166.018831 166.006751 166.004974 166.006751 166.018831 0.000000 0.000000 
0.000000 166.038728 166.017410 166.007461 166.006040 166.007461 166.017410 166.038728 0.000000 
0.000000 166.035175 166.017055 166.008172 166.006751 166.008172 166.017055 166.035175 0.000000 
0.000000 166.033399 166.016699 166.008883 166.007817 166.008883 166.016699 166.033399 0.000000 
0.000000 166.031267 166.016344 166.009593 166.008527 166.009593 166.016344 166.031267 0.000000 
0.000000 166.029846 166.016344 166.010304 166.009593 166.010304 166.016344 166.029846 0.000000 
0.000000 166.028780 166.016344 166.011370 166.010304 166.011370 166.016344 166.028780 0.000000 
0.000000 166.028424 166.017055 166.012080 166.011370 166.012080 166.017055 166.028424 0.000000 
0.000000 166.027714 166.017765 166.012791 166.012080 166.012791 166.017765 166.027714 0.000000 
0.000000 166.027358 166.018121 166.013857 166.013146 166.013857 166.018121 166.027358 0.000000 
166.041215 166.027358 166.018831 166.014567 166.013857 166.014567 166.018831 166.027358 166.041215 
166.040149 166.027003 166.019542 166.015633 166.014923 166.015633 166.019542 166.027003 166.040149 
166.039794 166.027358 166.019897 166.016344 166.015633 166.016344 166.019897 166.027358 166.039794 
166.039083 166.027358 166.020608 166.017410 166.016699 166.017410 166.020608 166.027358 166.039083 
166.038728 166.027358 166.021318 166.018121 166.017410 166.018121 166.021318 166.027358 166.038728 
166.038373 166.028069 166.022029 166.019186 166.018476 166.019186 166.022029 166.028069 166.038373 
166.038018 166.028424 166.022739 166.019897 166.019186 166.019897 166.022739 166.028424 166.038018 
166.038018 166.029135 166.023450 166.020963 166.020252 166.020963 166.023450 166.029135 166.038018 
166.038018 166.029846 166.024161 166.021674 166.020963 166.021674 166.024161 166.029846 166.038018 
166.038018 166.030201 166.025227 166.022739 166.022029 166.022739 166.025227 166.030201 166.038018 
166.038018 166.030911 166.025937 166.023450 166.022739 166.023450 166.025937 166.030911 166.038018 
166.038018 166.031622 166.026648 166.024516 166.023805 166.024516 166.026648 166.031622 166.038018 
166.038373 166.032333 166.027714 166.025227 166.024516 166.025227 166.027714 166.032333 166.038373 
166.039083 166.032688 166.028424 166.026293 166.025582 166.026293 166.028424 166.032688 166.039083 
166.039439 166.033399 166.029135 166.027003 166.026293 166.027003 166.029135 166.033399 166.039439 
166.040149 166.034109 166.029846 166.028069 166.027358 166.028069 166.029846 166.034109 166.040149 
166.040860 166.034820 166.030911 166.028780 166.028069 166.028780 166.030911 166.034820 166.040860 
166.041215 166.035175 166.031622 166.029846 166.029135 166.029846 166.031622 166.035175 166.041215 
0.000000 166.035886 166.032333 166.030556 166.029846 166.030556 166.032333 166.035886 0.000000 
0.000000 166.036596 166.033399 166.031622 166.030911 166.031622 166.033399 166.036596 0.000000 
0.000000 166.037662 166.034109 166.032333 166.031622 166.032333 166.034109 166.037662 0.000000 
0.000000 166.038373 166.034820 166.033043 166.032688 166.033043 166.034820 166.038373 0.000000 
0.000000 166.039083 166.035886 166.034109 166.033399 166.034109 166.035886 166.039083 0.000000 
0.000000 166.039794 166.036596 166.034820 166.034465 166.034820 166.036596 166.039794 0.000000 
0.000000 166.040505 166.037307 166.035886 166.035175 166.035886 166.037307 166.040505 0.000000 
0.000000 166.041571 166.038373 166.036596 166.036241 166.036596 166.038373 166.041571 0.000000 
0.000000 0.000000 166.039083 166.037662 166.036952 166.037662 166.039083 0.000000 0.000000 
0.000000 0.000000 166.039794 166.038373 166.038018 166.038373 166.039794 0.000000 0.000000 
0.000000 0.000000 166.040860 166.039083 166.038728 166.039083 166.040860 0.000000 0.000000 
0.000000 0.000000 166.041571 166.040149 166.039794 166.040149 166.041571 0.000000 0.000000 
0.000000 0.000000 0.000000 166.040860 166.040505 166.040860 0.000000 0.000000 0.000000 
0.000000 0.000000 0.000000 0.000000 166.041571 0.000000 0.000000 0.000000 0.000000 
