test/output/constant/C6_S060_A180_WD315.0_WS015.0/C6_S060_A180_WD315.0_WS015.0_arrival.asc
ncols         21
nrows         10
xllcorner     426603.990666
yllcorner     12747955.311160
cellsize      100.000000
NODATA_value  0.000000
0.000000 0.000000 166.037255 166.038807 0.000000 0.000000 0.000000 0.000000 0.000000 0.000000 0.000000 0.000000 0.000000 0.000000 0.000000 0.000000 0.000000 0.000000 0.000000 0.000000 0.000000 
166.000000 166.001552 166.003881 166.007761 166.012418 166.017851 166.022508 166.028717 166.034150 166.039583 0.000000 0.000000 0.000000 0.000000 0.000000 0.000000 0.000000 0.000000 0.000000 0.000000 0.000000 
166.006985 166.003105 166.003881 166.005433 166.007761 166.010090 166.013194 166.017075 166.021732 166.026389 166.031045 166.035702 166.041135 0.000000 0.000000 0.000000 0.000000 0.000000 0.000000 0.000000 0.000000 
0.000000 166.017851 166.008537 166.007761 166.008537 166.010090 166.012418 166.013970 166.016299 166.019403 166.023284 166.027165 166.031045 166.035702 166.040359 0.000000 0.000000 0.000000 0.000000 0.000000 0.000000 
0.000000 0.000000 166.027941 166.017075 166.013970 166.013194 166.013194 166.013970 166.016299 166.018627 166.020956 166.023284 166.026389 166.029493 166.033374 166.037255 166.041135 0.000000 0.000000 0.000000 0.000000 
0.000000 0.000000 0.000000 166.038807 166.027165 166.020956 166.018627 166.017851 166.017851 166.018627 166.020956 166.022508 166.024836 166.027165 166.029493 166.032598 166.035702 166.038807 0.000000 0.000000 0.000000 
0.000000 0.000000 0.000000 0.000000 0.000000 166.037255 166.029493 166.025612 166.023284 166.023284 166.023284 166.024060 166.024836 166.027165 166.029493 166.031045 166.033374 166.035702 166.038807 0.000000 0.000000 
0.000000 0.000000 0.000000 0.000000 0.000000 0.000000 0.000000 166.038807 166.033374 166.030269 166.028717 166.027941 166.027941 166.028717 166.029493 166.031045 166.033374 166.035702 166.038031 166.039583 0.000000 
0.000000 0.000000 0.000000 0.000000 0.000000 0.000000 0.000000 0.000000 0.000000 166.041667 166.037255 166.034926 166.034150 166.033374 166.033374 166.033374 166.034150 166.035702 166.038031 166.039583 166.041667 
0.000000 0.000000 0.000000 0.000000 0.000000 0.000000 0.000000 0.000000 0.000000 0.000000 0.000000 0.000000 0.000000 166.040359 166.038807 166.038807 166.038031 166.038807 166.039583 166.040359 166.041667 
