test/output/constant/M475_S060_A180_WD270.0_WS015.0/M475_S060_A180_WD270.0_WS015.0_arrival.asc
ncols         34
nrows         7
xllcorner     426603.990666
yllcorner     12748455.311160
cellsize      100.000000
NODATA_value  0.000000
0.000000 0.000000 0.000000 0.000000 0.000000 0.000000 0.000000 0.000000 0.000000 0.000000 0.000000 166.040480 166.039468 166.038456 166.037950 166.037950 166.037444 166.037444 166.037444 166.037950 166.038456 166.038962 166.039974 166.040986 166.041492 0.000000 0.000000 0.000000 0.000000 0.000000 0.000000 0.000000 0.000000 0.000000 
0.000000 0.000000 0.000000 166.039468 166.032384 166.027830 166.024794 166.023782 166.023276 166.022770 166.022770 166.022770 166.022770 166.023782 166.024794 166.025300 166.026312 166.027324 166.028336 166.029348 166.029854 166.030866 166.031878 166.033396 166.034408 166.035420 166.036432 166.037950 166.038962 166.039974 166.041492 0.000000 0.000000 0.000000 
166.031372 166.012144 166.008096 166.007590 166.007590 166.008602 166.009614 166.010120 166.011132 166.012650 166.013662 166.014674 166.016192 166.017204 166.018216 166.019734 166.020746 166.022264 166.023276 166.024794 166.025806 166.027324 166.028336 166.029854 166.030866 166.032384 166.033396 166.034914 166.035926 166.037444 166.038456 166.039468 166.040986 0.000000 
166.000000 166.001012 166.002024 166.003542 166.004554 166.006072 166.007084 166.008602 166.009614 166.011132 166.012144 166.013662 166.014674 166.016192 166.017204 166.018722 166.019734 166.021252 166.022264 166.023782 166.024794 166.026312 166.027324 166.028842 166.029854 166.031372 166.032384 166.033902 166.034914 166.036432 166.037444 166.038962 166.039974 166.041492 
166.031372 166.012144 166.008096 166.007590 166.007590 166.008602 166.009614 166.010120 166.011132 166.012650 166.013662 166.014674 166.016192 166.017204 166.018216 166.019734 166.020746 166.022264 166.023276 166.024794 166.025806 166.027324 166.028336 166.029854 166.030866 166.032384 166.033396 166.034914 166.035926 166.037444 166.038456 166.039468 166.040986 0.000000 
0.000000 0.000000 0.000000 166.039468 166.032384 166.027830 166.024794 166.023782 166.023276 166.022770 166.022770 166.022770 166.022770 166.023782 166.024794 166.025300 166.026312 166.027324 166.028336 166.029348 166.029854 166.030866 166.031878 166.033396 166.034408 166.035420 166.036432 166.037950 166.038962 166.039974 166.041492 0.000000 0.000000 0.000000 
0.000000 0.000000 0.000000 0.000000 0.000000 0.000000 0.000000 0.000000 0.000000 0.000000 0.000000 166.040480 166.039468 166.038456 166.037950 166.037950 166.037444 166.037444 166.037444 166.037950 166.038456 166.038962 166.039974 166.040986 166.041492 0.000000 0.000000 0.000000 0.000000 0.000000 0.000000 0.000000 0.000000 0.000000 
