test/output/constant/M3M480_S060_A270_WD045.0_WS015.0/M3M480_S060_A270_WD045.0_WS015.0_intensity.asc
ncols         14
nrows         31
xllcorner     425403.990666
yllcorner     12748655.311160
cellsize      100.000000
NODATA_value  0.000000
0 44650 44650 0 0 0 0 0 0 0 0 0 0 0 
44650 44650 44650 44650 29632 0 0 0 0 0 0 0 0 0 
44650 44650 44650 44650 15189 18696 0 0 0 0 0 0 0 0 
44650 42361 44650 15189 36179 15189 0 0 0 0 0 0 0 0 
43738 44650 44650 29632 44650 11929 36179 0 0 0 0 0 0 0 
42361 44650 44650 44650 44650 15189 15189 9012 0 0 0 0 0 0 
44650 44650 44650 44650 44650 22345 33050 15189 0 0 0 0 0 0 
28328 44650 44650 44650 44650 11929 26027 11929 11929 0 0 0 0 0 
31820 43738 43738 44650 44650 18696 29632 15189 29632 0 0 0 0 0 
42361 44650 43738 44650 44650 44650 18696 41202 18696 15189 0 0 0 0 
0 31820 44650 44650 44650 44650 44650 18696 18696 15189 0 0 0 0 
0 35062 40413 44650 44650 44650 33050 42943 15189 29632 15189 0 0 0 
0 2833 37956 44650 44650 44650 44096 29632 42943 11929 15189 0 0 0 
0 37956 2833 44650 42361 44650 44650 44650 22345 33050 15189 15189 0 0 
0 0 5879 31820 44650 44650 44650 44650 26027 18696 18696 18696 0 0 
0 0 4095 31820 37956 44650 44650 44650 18696 26027 15189 11929 0 0 
0 0 0 4095 4095 44650 44650 44650 15189 15189 15189 15189 15189 0 
0 0 0 28328 31820 43738 44650 44650 33050 15189 15189 15189 11929 0 
0 0 0 31820 4095 31820 43738 44650 44650 18696 11929 18696 9012 0 
0 0 0 0 4095 31820 40413 44650 44650 36179 11929 22345 11929 0 
0 0 0 0 2833 4095 31820 44650 42361 44650 33050 22345 15189 0 
0 0 0 0 0 5879 28328 37956 44650 44650 36179 15189 15189 15189 
0 0 0 0 0 2833 28328 4095 44650 44650 44650 18696 15189 6520 
0 0 0 0 0 0 2833 28328 35062 44650 44650 42943 15189 15189 
0 0 0 0 0 0 4095 31820 4095 44650 44650 18696 15189 15189 
0 0 0 0 0 0 0 2057 2833 4095 44650 44650 18696 6520 
0 0 0 0 0 0 0 0 24693 4095 43738 44650 11929 15189 
0 0 0 0 0 0 0 0 2057 2833 28328 44650 15189 9012 
0 0 0 0 0 0 0 0 0 2833 2057 42361 44650 6520 
0 0 0 0 0 0 0 0 0 0 2833 2833 0 1268 
0 0 0 0 0 0 0 0 0 0 0 1384 2057 1477 
