test/output/constant/M3M485_S060_A000_WD135.0_WS010.0/M3M485_S060_A000_WD135.0_WS010.0_intensity.asc
ncols         52
nrows         13
xllcorner     421503.990666
yllcorner     12748555.311160
cellsize      100.000000
NODATA_value  0.000000
0 0 0 0 0 75847 75973 73953 75847 57892 57892 52042 3802 52042 52042 6637 0 0 0 0 0 0 0 0 0 0 0 0 0 0 0 0 0 0 0 0 0 0 0 0 0 0 0 0 0 0 0 0 0 0 0 0 
0 75973 75973 75973 75973 75973 75973 73953 75973 63156 75973 73953 75522 63156 67675 3802 52042 3802 52042 52042 52042 52042 3802 52042 3802 71311 0 0 0 0 0 0 0 0 0 0 0 0 0 0 0 0 0 0 0 0 0 0 0 0 0 0 
75973 75973 75973 75973 75973 75973 75973 75973 71311 75973 75973 75973 73953 75973 75973 75973 71311 57892 75847 57892 3802 57892 52042 52042 52042 52042 57892 52042 52042 52042 52042 0 0 0 0 0 0 0 0 0 0 0 0 0 0 0 0 0 0 0 0 0 
75973 71652 63691 75973 75973 75973 75973 75973 75973 73953 75973 75973 75973 75973 75973 73953 71311 75973 75847 75973 75973 57892 73953 57892 57892 3802 52042 52042 57892 57892 1974 52042 1974 52042 3802 52042 0 0 0 0 0 0 0 0 0 0 0 0 0 0 0 0 
0 40012 75973 46477 68120 46477 75973 75973 75973 75973 75973 75973 73953 75973 75973 75973 75973 75973 73953 73953 75973 75973 71311 67675 75973 67675 63156 57892 3802 57892 52042 52042 57892 52042 52042 52042 3802 3802 52042 1974 0 0 0 0 0 0 0 0 0 0 0 0 
0 0 0 40012 68120 46477 75973 40012 46477 46477 52703 68120 75973 75973 40012 75973 75973 75973 75973 73953 75973 75973 75973 75973 75973 75973 63156 75973 75973 67675 57892 71311 57892 52042 1293 52042 52042 52042 52042 52042 52042 52042 1974 0 0 0 0 0 0 0 0 0 
0 0 0 0 0 46477 40012 58499 63691 40012 46477 75973 46477 75899 75973 40012 75973 40012 58499 75973 75973 46477 75973 75973 75973 75973 75973 75973 75973 75973 67675 75973 73953 73953 75522 75973 57892 52042 52042 57892 3802 1974 3802 1974 45784 1293 0 0 0 0 0 0 
0 0 0 0 0 0 0 52703 58499 63691 46477 40012 40012 52703 40012 40012 46477 58499 71652 46477 46477 58499 68120 40012 75973 40012 75626 75973 58499 75973 75973 75973 75973 75973 75973 75973 75973 75973 75973 75847 63156 52042 6637 52042 57892 52042 52042 607 607 0 0 0 
0 0 0 0 0 0 0 0 0 0 0 46477 46477 58499 40012 46477 40012 46477 52703 40012 40012 40012 52703 46477 40012 40012 46477 68120 46477 46477 63691 40012 40012 75973 75973 75899 75973 75973 75973 75973 75847 75973 75973 75973 67675 63156 52042 57892 57892 607 891 0 
0 0 0 0 0 0 0 0 0 0 0 0 0 0 0 40012 46477 46477 40012 46477 46477 46477 46477 46477 46477 46477 40012 46477 46477 46477 46477 40012 46477 46477 46477 46477 40012 40012 71652 46477 75973 75973 75973 75973 75973 75973 75973 75973 75522 57892 891 39309 
0 0 0 0 0 0 0 0 0 0 0 0 0 0 0 0 0 0 0 46477 46477 40012 46477 46477 40012 40012 40012 46477 46477 46477 46477 46477 40012 46477 46477 46477 46477 46477 46477 40012 46477 58499 40012 46477 40012 46477 40012 71652 75973 75973 75973 0 
0 0 0 0 0 0 0 0 0 0 0 0 0 0 0 0 0 0 0 0 0 0 0 0 0 0 0 46477 46477 40012 46477 46477 40012 46477 40012 46477 46477 40012 46477 40012 46477 46477 40012 46477 40012 40012 40012 40012 40012 15662 21140 454 
0 0 0 0 0 0 0 0 0 0 0 0 0 0 0 0 0 0 0 0 0 0 0 0 0 0 0 0 0 0 0 0 0 0 0 0 0 0 40012 33503 40012 27148 40012 27148 15662 27148 21140 0 0 0 0 0 
