test/output/constant/M370_S060_A090_WD135.0_WS005.0/M370_S060_A090_WD135.0_WS005.0_arrival.asc
ncols         9
nrows         37
xllcorner     426003.990666
yllcorner     12745255.311160
cellsize      100.000000
NODATA_value  0.000000
0.000000 0.000000 0.000000 0.000000 0.000000 0.000000 166.034484 0.000000 0.000000 
0.000000 0.000000 0.000000 0.000000 0.000000 166.010865 166.000000 166.017006 0.000000 
0.000000 0.000000 0.000000 0.000000 166.029288 166.003779 166.000945 166.010392 0.000000 
0.000000 0.000000 0.000000 0.000000 166.018423 166.003779 166.001890 166.008975 166.035429 
0.000000 0.000000 0.000000 166.035429 166.013227 166.003779 166.003307 166.009448 166.030705 
0.000000 0.000000 0.000000 166.027871 166.011337 166.004724 166.004251 166.009920 166.028815 
0.000000 0.000000 0.000000 166.023147 166.010392 166.005669 166.005669 166.010865 166.027398 
0.000000 0.000000 166.037791 166.020313 166.010392 166.006613 166.006613 166.011810 166.026454 
0.000000 0.000000 166.033067 166.018423 166.010392 166.008031 166.008031 166.012754 166.026454 
0.000000 0.000000 166.029760 166.017478 166.010865 166.008975 166.009448 166.014172 166.026454 
0.000000 0.000000 166.027398 166.017006 166.011337 166.010392 166.010865 166.015589 166.026926 
0.000000 166.039208 166.025509 166.017006 166.012282 166.011337 166.012282 166.017006 166.027398 
0.000000 166.036374 166.024564 166.017478 166.013227 166.012754 166.013227 166.018423 166.028343 
0.000000 166.034484 166.024092 166.017478 166.014172 166.013699 166.014644 166.019368 166.028815 
0.000000 166.033067 166.024092 166.017951 166.015116 166.015116 166.016061 166.021257 166.029760 
0.000000 166.031650 166.024092 166.018423 166.016533 166.016533 166.017478 166.022674 166.030705 
166.041570 166.031177 166.024092 166.019368 166.017478 166.017478 166.018895 166.023619 166.031650 
166.040153 166.030705 166.024564 166.020313 166.018895 166.018895 166.020313 166.025036 166.033067 
166.039208 166.030705 166.024564 166.021257 166.019840 166.019840 166.021730 166.026454 166.034012 
166.038263 166.030705 166.025036 166.021730 166.021257 166.021257 166.023147 166.027871 166.034956 
166.037791 166.031177 166.025509 166.023147 166.022202 166.022674 166.024564 166.029288 166.036374 
166.037318 166.031177 166.026454 166.024092 166.023619 166.023619 166.025981 166.030705 166.037318 
166.037318 166.031650 166.026926 166.025036 166.024564 166.025036 166.027398 166.032122 166.038736 
166.037791 166.031650 166.027871 166.025981 166.025981 166.026454 166.028815 166.033539 166.040153 
166.037791 166.032122 166.028815 166.026926 166.026926 166.027871 166.030233 166.034956 166.041097 
166.037791 166.032595 166.029760 166.028343 166.028343 166.028815 166.031650 166.036374 0.000000 
166.038263 166.033539 166.030705 166.029288 166.029288 166.030233 166.033067 166.037791 0.000000 
166.038736 166.034012 166.031650 166.030705 166.030705 166.031650 166.034484 166.039208 0.000000 
166.038736 166.034956 166.032595 166.031650 166.031650 166.033067 166.035901 166.040625 0.000000 
166.039208 166.035901 166.033539 166.033067 166.033067 166.034484 166.037318 0.000000 0.000000 
166.039680 166.036846 166.034484 166.034012 166.034484 166.035901 166.038736 0.000000 0.000000 
166.040625 166.037318 166.035429 166.035429 166.035429 166.037318 166.040153 0.000000 0.000000 
166.041097 166.038263 166.036846 166.036374 166.036846 166.038263 166.041570 0.000000 0.000000 
166.041667 166.039208 166.037791 166.037791 166.038263 166.039680 0.000000 0.000000 0.000000 
0.000000 166.040153 166.039208 166.038736 166.039208 166.041097 0.000000 0.000000 0.000000 
0.000000 166.041097 166.040153 166.040153 166.040625 0.000000 0.000000 0.000000 0.000000 
0.000000 0.000000 166.041570 166.041570 0.000000 0.000000 0.000000 0.000000 0.000000 
