test/output/constant/M3M465_S060_A180_WD135.0_WS005.0/M3M465_S060_A180_WD135.0_WS005.0_arrival.asc
ncols         31
nrows         8
xllcorner     426503.990666
yllcorner     12748555.311160
cellsize      100.000000
NODATA_value  0.000000
0.000000 0.000000 0.000000 0.000000 0.000000 0.000000 0.000000 0.000000 0.000000 0.000000 0.000000 0.000000 166.040660 166.038966 166.037272 166.036142 166.035578 166.035578 166.035578 166.035578 166.035578 166.036142 166.036707 166.037272 166.037837 166.038401 166.038966 166.040096 166.041225 0.000000 0.000000 
0.000000 0.000000 0.000000 0.000000 0.000000 0.000000 0.000000 166.041225 166.036142 166.032754 166.030495 166.028801 166.027672 166.027672 166.027672 166.027672 166.028236 166.028236 166.028801 166.029366 166.029930 166.031060 166.032189 166.032754 166.033884 166.035013 166.036142 166.037272 166.038401 166.040096 166.041225 
0.000000 0.000000 0.000000 0.000000 166.038401 166.031060 166.025977 166.022589 166.020895 166.019765 166.019765 166.019765 166.020330 166.020330 166.020895 166.022024 166.022589 166.023718 166.024848 166.025977 166.027107 166.028236 166.029366 166.031060 166.032754 166.033884 166.035013 166.036707 166.037837 166.039531 166.041225 
0.000000 0.000000 166.030495 166.020330 166.014683 166.012424 166.011859 166.011859 166.012424 166.012989 166.013553 166.014683 166.015812 166.016942 166.018071 166.019765 166.020895 166.022589 166.023718 166.025413 166.026542 166.028236 166.029366 166.031060 166.032189 166.033884 166.035578 166.036707 166.038401 166.039531 166.041225 
0.000000 166.011295 166.004518 166.003953 166.004518 166.005647 166.006777 166.007906 166.009600 166.010730 166.012424 166.013553 166.015248 166.016942 166.018071 166.019765 166.020895 166.022589 166.023718 166.025413 166.027107 166.028801 166.029930 166.031625 166.033319 166.034448 166.036707 166.037837 166.039531 166.041225 0.000000 
166.035578 166.000000 166.001129 166.002259 166.003953 166.005083 166.006777 166.008471 166.009600 166.011295 166.012989 166.014683 166.015812 166.017507 166.019201 166.020895 166.022589 166.024283 166.025977 166.027672 166.029366 166.031060 166.032754 166.034448 166.036142 166.037837 166.039531 166.041225 0.000000 0.000000 0.000000 
0.000000 166.018071 166.011859 166.010730 166.010730 166.011295 166.012424 166.013553 166.014683 166.016377 166.018071 166.019765 166.021460 166.023154 166.024848 166.026542 166.028236 166.029930 166.031625 166.033319 166.035013 166.036707 166.038401 166.040096 166.041667 0.000000 0.000000 0.000000 0.000000 0.000000 0.000000 
0.000000 0.000000 0.000000 166.039531 166.035578 166.032189 166.031625 166.030495 166.030495 166.030495 166.031060 166.031625 166.032754 166.033884 166.035013 166.036142 166.037272 166.038401 166.039531 166.041225 0.000000 0.000000 0.000000 0.000000 0.000000 0.000000 0.000000 0.000000 0.000000 0.000000 0.000000 
