test/output/constant/M3M495_S060_A000_WD090.0_WS040.0/M3M495_S060_A000_WD090.0_WS040.0_arrival.asc
ncols         63
nrows         9
xllcorner     420403.990666
yllcorner     12748355.311160
cellsize      100.000000
NODATA_value  0.000000
0.000000 0.000000 0.000000 0.000000 0.000000 0.000000 0.000000 0.000000 0.000000 0.000000 0.000000 0.000000 0.000000 0.000000 0.000000 0.000000 0.000000 0.000000 0.000000 0.000000 0.000000 166.041667 166.041271 166.041001 166.040462 166.040192 166.040192 166.040462 166.040462 166.040462 166.040731 166.040731 166.041001 166.041271 166.041667 0.000000 0.000000 0.000000 0.000000 0.000000 0.000000 0.000000 0.000000 0.000000 0.000000 0.000000 0.000000 0.000000 0.000000 0.000000 0.000000 0.000000 0.000000 0.000000 0.000000 0.000000 0.000000 0.000000 0.000000 0.000000 0.000000 0.000000 0.000000 
0.000000 0.000000 0.000000 0.000000 0.000000 0.000000 0.000000 0.000000 0.000000 166.041541 166.041001 166.040462 166.039652 166.039113 166.038574 166.038034 166.037495 166.036955 166.036416 166.035876 166.035606 166.035067 166.034527 166.034258 166.033718 166.033179 166.032909 166.032369 166.031830 166.031560 166.031021 166.030481 166.030211 166.029672 166.029132 166.028863 166.028863 166.028863 166.028863 166.029132 166.029132 166.029402 166.029942 166.030211 166.030751 166.031560 166.032100 166.033448 166.034527 166.036146 166.038034 166.041001 0.000000 0.000000 0.000000 0.000000 0.000000 0.000000 0.000000 0.000000 0.000000 0.000000 0.000000 
0.000000 0.000000 0.000000 0.000000 166.041541 166.040731 166.040192 166.039383 166.038843 166.038304 166.037495 166.036955 166.036146 166.035606 166.034797 166.034258 166.033718 166.032909 166.032369 166.031830 166.031021 166.030481 166.029942 166.029402 166.028593 166.028053 166.027514 166.026705 166.026165 166.025626 166.025086 166.024547 166.023738 166.023198 166.022659 166.022119 166.021580 166.021310 166.020770 166.020231 166.019961 166.019422 166.018882 166.018612 166.018073 166.017533 166.017264 166.017264 166.017533 166.017533 166.017803 166.018343 166.019152 166.019961 166.021310 166.023198 166.026165 166.030751 166.036955 0.000000 0.000000 0.000000 0.000000 
0.000000 166.041541 166.040731 166.040192 166.039383 166.038843 166.038034 166.037495 166.036685 166.036146 166.035606 166.034797 166.034258 166.033448 166.032909 166.032100 166.031560 166.030751 166.030211 166.029672 166.028863 166.028323 166.027514 166.026974 166.026165 166.025626 166.024817 166.024277 166.023468 166.022928 166.022119 166.021580 166.021040 166.020231 166.019691 166.018882 166.018343 166.017533 166.016994 166.016185 166.015645 166.015106 166.014296 166.013757 166.012948 166.012408 166.011599 166.011060 166.010520 166.009711 166.009171 166.008362 166.007823 166.007283 166.007013 166.006474 166.005934 166.005934 166.006204 166.006744 166.008632 166.014566 0.000000 
166.041541 166.041001 166.040192 166.039652 166.038843 166.038304 166.037495 166.036955 166.036146 166.035606 166.034797 166.034258 166.033448 166.032909 166.032100 166.031560 166.030751 166.030211 166.029402 166.028863 166.028053 166.027514 166.026705 166.026165 166.025356 166.024817 166.024007 166.023468 166.022659 166.022119 166.021310 166.020770 166.019961 166.019422 166.018612 166.018073 166.017264 166.016724 166.015915 166.015375 166.014566 166.014027 166.013217 166.012678 166.011869 166.011329 166.010520 166.009981 166.009171 166.008632 166.007823 166.007283 166.006474 166.005934 166.005125 166.004586 166.003776 166.003237 166.002428 166.001888 166.001079 166.000539 166.000000 
0.000000 166.041541 166.040731 166.040192 166.039383 166.038843 166.038034 166.037495 166.036685 166.036146 166.035606 166.034797 166.034258 166.033448 166.032909 166.032100 166.031560 166.030751 166.030211 166.029672 166.028863 166.028323 166.027514 166.026974 166.026165 166.025626 166.024817 166.024277 166.023468 166.022928 166.022119 166.021580 166.021040 166.020231 166.019691 166.018882 166.018343 166.017533 166.016994 166.016185 166.015645 166.015106 166.014296 166.013757 166.012948 166.012408 166.011599 166.011060 166.010520 166.009711 166.009171 166.008362 166.007823 166.007283 166.007013 166.006474 166.005934 166.005934 166.006204 166.006744 166.008632 166.014566 0.000000 
0.000000 0.000000 0.000000 0.000000 166.041541 166.040731 166.040192 166.039383 166.038843 166.038304 166.037495 166.036955 166.036146 166.035606 166.034797 166.034258 166.033718 166.032909 166.032369 166.031830 166.031021 166.030481 166.029942 166.029402 166.028593 166.028053 166.027514 166.026705 166.026165 166.025626 166.025086 166.024547 166.023738 166.023198 166.022659 166.022119 166.021580 166.021310 166.020770 166.020231 166.019961 166.019422 166.018882 166.018612 166.018073 166.017533 166.017264 166.017264 166.017533 166.017533 166.017803 166.018343 166.019152 166.019961 166.021310 166.023198 166.026165 166.030751 166.036955 0.000000 0.000000 0.000000 0.000000 
0.000000 0.000000 0.000000 0.000000 0.000000 0.000000 0.000000 0.000000 0.000000 166.041541 166.041001 166.040462 166.039652 166.039113 166.038574 166.038034 166.037495 166.036955 166.036416 166.035876 166.035606 166.035067 166.034527 166.034258 166.033718 166.033179 166.032909 166.032369 166.031830 166.031560 166.031021 166.030481 166.030211 166.029672 166.029132 166.028863 166.028863 166.028863 166.028863 166.029132 166.029132 166.029402 166.029942 166.030211 166.030751 166.031560 166.032100 166.033448 166.034527 166.036146 166.038034 166.041001 0.000000 0.000000 0.000000 0.000000 0.000000 0.000000 0.000000 0.000000 0.000000 0.000000 0.000000 
0.000000 0.000000 0.000000 0.000000 0.000000 0.000000 0.000000 0.000000 0.000000 0.000000 0.000000 0.000000 0.000000 0.000000 0.000000 0.000000 0.000000 0.000000 0.000000 0.000000 0.000000 166.041667 166.041271 166.041001 166.040462 166.040192 166.040192 166.040462 166.040462 166.040462 166.040731 166.040731 166.041001 166.041271 166.041667 0.000000 0.000000 0.000000 0.000000 0.000000 0.000000 0.000000 0.000000 0.000000 0.000000 0.000000 0.000000 0.000000 0.000000 0.000000 0.000000 0.000000 0.000000 0.000000 0.000000 0.000000 0.000000 0.000000 0.000000 0.000000 0.000000 0.000000 0.000000 
