test/output/constant/M390_S060_A000_WD045.0_WS010.0/M390_S060_A000_WD045.0_WS010.0_intensity.asc
ncols         58
nrows         14
xllcorner     420903.990666
yllcorner     12747655.311160
cellsize      100.000000
NODATA_value  0.000000
0 0 0 0 0 0 0 0 0 0 0 0 0 0 0 0 0 0 0 0 0 0 0 0 0 0 0 0 0 0 0 0 0 0 0 0 0 0 0 0 45864 45864 45864 45864 45864 31108 38398 45864 17927 31108 17927 24215 17927 17927 0 0 0 0 
0 0 0 0 0 0 0 0 0 0 0 0 0 0 0 0 0 0 0 0 0 0 0 0 0 0 0 0 0 53279 24215 31108 45864 31108 45864 24215 38398 53279 45864 31108 45864 17927 17927 53279 31108 53279 53279 24215 45864 17927 38398 45864 45864 24215 24215 24215 24215 966 
0 0 0 0 0 0 0 0 0 0 0 0 0 0 0 0 0 0 0 0 0 38398 53279 24215 53279 45864 38398 45864 53279 24215 53279 45864 24215 45864 53279 31108 53279 53279 17927 45864 53279 17927 24215 45864 17927 17927 53279 53279 45864 24215 53279 45864 45864 86985 87069 87069 87069 0 
0 0 0 0 0 0 0 0 0 0 0 0 0 0 0 0 0 17927 31108 53279 45864 17927 45864 53279 24215 38398 53279 53279 31108 53279 53279 53279 24215 38398 17927 53279 31108 45864 53279 53279 24215 45864 45864 45864 87069 67063 87069 45864 87069 87069 87069 87069 87069 87069 72425 86562 4341 1141 
0 0 0 0 0 0 0 0 0 0 0 0 0 53279 53279 17927 31108 67063 73013 53279 53279 45864 53279 67063 31108 45864 53279 24215 24215 53279 45864 53279 31108 45864 45864 24215 87069 45864 45864 85025 87069 87069 87069 87069 87069 87069 87069 87069 87069 84777 66395 59691 59691 59691 2242 4341 649 0 
0 0 0 0 0 0 0 0 0 45864 53279 24215 53279 53279 85025 31108 24215 53279 53279 60417 24215 53279 53279 24215 53279 17927 87069 53279 87069 53279 38398 31108 87069 87069 87069 87069 87069 87069 87069 87069 87069 87069 87069 87069 84777 87069 81758 59691 2242 966 66395 59691 59691 59691 52517 0 0 0 
0 0 0 0 0 0 85025 31108 45864 53279 53279 45864 53279 53279 45864 53279 24215 45864 45864 24215 45864 73013 78088 31108 85025 45864 87069 87069 87069 87069 87069 87069 87069 87069 87069 87069 87069 87069 87069 87069 87069 77599 59691 59691 59691 4341 4341 66395 59691 2242 59691 1141 2242 0 0 0 0 0 
0 0 0 0 53279 31108 53279 87069 73013 45864 45864 73013 17927 87069 53279 87069 53279 87069 87069 87069 87069 87069 87069 87069 87069 87069 87069 87069 87069 87069 87069 86562 87069 87069 87069 81758 66395 67063 59691 59691 59691 59691 66395 59691 4341 59691 59691 59691 59691 59691 0 0 0 0 0 0 0 0 
0 0 45864 60417 45864 53279 53279 87069 53279 53279 87069 87069 87069 87069 87069 87069 87069 87069 87069 87069 87069 87069 87069 87069 87069 87069 87069 87069 87069 87069 84777 87069 87069 66395 4341 66395 59691 59691 59691 59691 59691 59691 59691 4341 59691 59691 0 0 0 0 0 0 0 0 0 0 0 0 
0 87069 82132 87069 87069 45864 87069 87069 87069 87069 87069 87069 87069 87069 87069 87069 87069 87069 87069 87069 87069 87069 87069 87069 86928 81758 87069 86562 59691 59691 59691 59691 59691 59691 66395 66395 4341 59691 66395 59691 1141 59691 52517 0 0 0 0 0 0 0 0 0 0 0 0 0 0 0 
87069 87069 87069 87069 87069 87069 87069 87069 87069 87069 87069 87069 87069 87069 87069 87069 87069 87069 87069 81758 84777 87069 87069 77599 72425 4341 59691 59691 4341 4341 4341 59691 59691 2242 1141 66395 59691 59691 0 0 0 0 0 0 0 0 0 0 0 0 0 0 0 0 0 0 0 0 
87069 87069 87069 87069 87069 87069 87069 87069 87069 87069 87069 87069 87069 87069 77599 84777 87069 87069 81758 59691 66395 77599 59691 59691 7579 66395 59691 4341 59691 59691 66395 7579 59691 0 0 0 0 0 0 0 0 0 0 0 0 0 0 0 0 0 0 0 0 0 0 0 0 0 
0 87069 84777 86928 87069 87069 87069 87069 77599 81758 86562 87069 87069 87069 87069 81758 59691 66395 59691 4341 59691 66395 59691 59691 59691 4341 59691 0 0 0 0 0 0 0 0 0 0 0 0 0 0 0 0 0 0 0 0 0 0 0 0 0 0 0 0 0 0 0 
0 0 0 0 0 0 0 84777 87069 72425 72425 66395 59691 66395 87069 0 0 0 0 0 0 0 0 0 0 0 0 0 0 0 0 0 0 0 0 0 0 0 0 0 0 0 0 0 0 0 0 0 0 0 0 0 0 0 0 0 0 0 
