test/output/constant/M385_S060_A270_WD045.0_WS040.0/M385_S060_A270_WD045.0_WS040.0_ros.asc
ncols         32
nrows         15
xllcorner     423603.990666
yllcorner     12748655.311160
cellsize      100.000000
NODATA_value  0.000000
0.000000 0.000000 52.388950 43.013077 43.013077 11.192993 43.013077 0.000000 0.000000 0.000000 0.000000 0.000000 0.000000 0.000000 0.000000 0.000000 0.000000 0.000000 0.000000 0.000000 0.000000 0.000000 0.000000 0.000000 0.000000 0.000000 0.000000 0.000000 0.000000 0.000000 0.000000 0.000000 
53.077087 53.077087 53.077087 53.077087 53.077087 43.013077 46.250923 11.192993 43.013077 46.250923 4.177400 43.013077 0.000000 0.000000 0.000000 0.000000 0.000000 0.000000 0.000000 0.000000 0.000000 0.000000 0.000000 0.000000 0.000000 0.000000 0.000000 0.000000 0.000000 0.000000 0.000000 0.000000 
53.077087 53.077087 53.077087 53.077087 53.077087 52.388950 53.077087 51.011143 53.035740 43.013077 43.013077 46.250923 46.250923 39.328926 4.177400 0.000000 0.000000 0.000000 0.000000 0.000000 0.000000 0.000000 0.000000 0.000000 0.000000 0.000000 0.000000 0.000000 0.000000 0.000000 0.000000 0.000000 
0.000000 53.077087 53.077087 53.077087 53.077087 53.077087 52.388950 53.077087 53.077087 48.944206 43.013077 43.013077 4.177400 2.530750 5.945276 46.250923 5.945276 39.328926 0.000000 0.000000 0.000000 0.000000 0.000000 0.000000 0.000000 0.000000 0.000000 0.000000 0.000000 0.000000 0.000000 0.000000 
0.000000 34.079830 34.079830 53.077087 53.077087 53.077087 53.077087 53.077087 53.077087 48.944206 53.035740 53.077087 43.013077 46.250923 4.177400 4.177400 5.945276 4.177400 2.953609 4.177400 39.328926 0.000000 0.000000 0.000000 0.000000 0.000000 0.000000 0.000000 0.000000 0.000000 0.000000 0.000000 
0.000000 0.000000 17.215378 53.077087 17.215378 45.354515 53.077087 21.245102 53.077087 53.077087 53.077087 53.077087 53.077087 53.077087 22.491407 46.250923 43.013077 2.530750 43.013077 2.953609 1.971088 39.328926 4.177400 0.000000 0.000000 0.000000 0.000000 0.000000 0.000000 0.000000 0.000000 0.000000 
0.000000 0.000000 0.000000 41.973591 17.215378 41.973591 21.245102 38.177044 53.077087 21.245102 53.077087 53.077087 53.077087 52.388950 53.077087 51.011143 48.944206 52.388950 43.013077 1.971088 4.177400 4.177400 43.013077 2.953609 2.953609 0.000000 0.000000 0.000000 0.000000 0.000000 0.000000 0.000000 
0.000000 0.000000 0.000000 0.000000 0.000000 45.354515 45.354515 21.245102 50.475471 29.805882 21.245102 21.245102 53.077087 53.077087 53.077087 53.077087 53.077087 53.077087 53.077087 48.944206 43.013077 43.013077 39.328926 4.177400 2.953609 5.945276 0.000000 0.000000 0.000000 0.000000 0.000000 0.000000 
0.000000 0.000000 0.000000 0.000000 0.000000 0.000000 41.973591 17.215378 21.245102 17.215378 21.245102 17.215378 17.215378 38.177044 38.177044 34.079830 53.077087 53.077087 53.077087 48.944206 53.077087 53.077087 4.177400 5.945276 4.177400 39.328926 43.013077 4.177400 0.000000 0.000000 0.000000 0.000000 
0.000000 0.000000 0.000000 0.000000 0.000000 0.000000 0.000000 0.000000 17.215378 21.245102 21.245102 41.973591 34.079830 48.217396 29.805882 21.245102 29.805882 53.077087 53.077087 53.077087 53.077087 53.077087 52.388950 46.250923 39.328926 39.328926 5.945276 4.177400 2.953609 0.000000 0.000000 0.000000 
0.000000 0.000000 0.000000 0.000000 0.000000 0.000000 0.000000 0.000000 0.000000 0.000000 17.215378 17.215378 21.245102 21.245102 38.177044 21.245102 17.215378 41.973591 21.245102 17.215378 34.079830 53.077087 53.077087 53.077087 53.077087 11.192993 39.328926 4.177400 2.728490 2.953609 4.177400 0.000000 
0.000000 0.000000 0.000000 0.000000 0.000000 0.000000 0.000000 0.000000 0.000000 0.000000 0.000000 0.000000 21.245102 17.215378 21.245102 21.245102 17.215378 21.245102 21.245102 29.805882 21.245102 17.215378 38.177044 53.077087 53.077087 53.077087 53.077087 53.077087 39.328926 2.953609 4.177400 0.000000 
0.000000 0.000000 0.000000 0.000000 0.000000 0.000000 0.000000 0.000000 0.000000 0.000000 0.000000 0.000000 0.000000 0.000000 0.000000 21.245102 17.215378 17.215378 21.245102 21.245102 34.079830 17.215378 21.245102 21.245102 21.245102 21.245102 53.077087 53.077087 53.077087 53.077087 2.953609 2.953609 
0.000000 0.000000 0.000000 0.000000 0.000000 0.000000 0.000000 0.000000 0.000000 0.000000 0.000000 0.000000 0.000000 0.000000 0.000000 0.000000 0.000000 0.000000 17.215378 17.215378 17.215378 25.484262 17.215378 17.215378 21.245102 17.215378 21.245102 21.245102 45.354515 53.077087 0.000000 2.953609 
0.000000 0.000000 0.000000 0.000000 0.000000 0.000000 0.000000 0.000000 0.000000 0.000000 0.000000 0.000000 0.000000 0.000000 0.000000 0.000000 0.000000 0.000000 0.000000 0.000000 0.000000 0.000000 17.215378 17.215378 17.215378 17.215378 17.215378 17.215378 17.215378 5.360840 1.449707 1.560870 
