test/output/constant/M3M475_S060_A090_WD000.0_WS005.0/M3M475_S060_A090_WD000.0_WS005.0_arrival.asc
ncols         9
nrows         45
xllcorner     426203.990666
yllcorner     12744355.311160
cellsize      100.000000
NODATA_value  0.000000
0.000000 0.000000 0.000000 166.017327 166.000000 166.017327 0.000000 0.000000 0.000000 
0.000000 0.000000 0.000000 166.007910 166.000753 166.007910 0.000000 0.000000 0.000000 
0.000000 0.000000 166.032771 166.005650 166.001507 166.005650 166.032771 0.000000 0.000000 
0.000000 0.000000 166.025238 166.005274 166.002637 166.005274 166.025238 0.000000 0.000000 
0.000000 0.000000 166.020718 166.005274 166.003390 166.005274 166.020718 0.000000 0.000000 
0.000000 0.000000 166.018457 166.006027 166.004520 166.006027 166.018457 0.000000 0.000000 
0.000000 166.037668 166.016951 166.006780 166.005274 166.006780 166.016951 166.037668 0.000000 
0.000000 166.034278 166.016197 166.007534 166.006404 166.007534 166.016197 166.034278 0.000000 
0.000000 166.031641 166.016197 166.008287 166.007157 166.008287 166.016197 166.031641 0.000000 
0.000000 166.029758 166.015821 166.009040 166.008287 166.009040 166.015821 166.029758 0.000000 
0.000000 166.028251 166.015821 166.010170 166.009040 166.010170 166.015821 166.028251 0.000000 
0.000000 166.027498 166.015821 166.010924 166.010170 166.010924 166.015821 166.027498 0.000000 
0.000000 166.026744 166.016574 166.012054 166.010924 166.012054 166.016574 166.026744 0.000000 
166.041058 166.026744 166.016951 166.012807 166.012054 166.012807 166.016951 166.026744 166.041058 
166.039552 166.026368 166.017704 166.013561 166.012807 166.013561 166.017704 166.026368 166.039552 
166.038798 166.026368 166.018457 166.014691 166.013937 166.014691 166.018457 166.026368 166.038798 
166.038045 166.026368 166.019211 166.015444 166.014691 166.015444 166.019211 166.026368 166.038045 
166.037668 166.026368 166.019587 166.016574 166.015821 166.016574 166.019587 166.026368 166.037668 
166.037292 166.026368 166.020341 166.017327 166.016574 166.017327 166.020341 166.026368 166.037292 
166.036915 166.027121 166.021094 166.018457 166.017704 166.018457 166.021094 166.027121 166.036915 
166.036915 166.027498 166.021848 166.019211 166.018457 166.019211 166.021848 166.027498 166.036915 
166.036538 166.028251 166.022601 166.019964 166.019587 166.019964 166.022601 166.028251 166.036538 
166.036538 166.028628 166.023354 166.021094 166.020341 166.021094 166.023354 166.028628 166.036538 
166.036538 166.029381 166.024484 166.021848 166.021471 166.021848 166.024484 166.029381 166.036538 
166.036538 166.030135 166.025238 166.022978 166.022224 166.022978 166.025238 166.030135 166.036538 
166.036915 166.030511 166.025991 166.023731 166.023354 166.023731 166.025991 166.030511 166.036915 
166.037292 166.031265 166.026744 166.024861 166.024108 166.024861 166.026744 166.031265 166.037292 
166.038045 166.032018 166.027874 166.025614 166.025238 166.025614 166.027874 166.032018 166.038045 
166.038422 166.032771 166.028628 166.026744 166.025991 166.026744 166.028628 166.032771 166.038422 
166.039175 166.033525 166.029758 166.027498 166.027121 166.027498 166.029758 166.033525 166.039175 
166.039928 166.033901 166.030511 166.028251 166.027874 166.028251 166.030511 166.033901 166.039928 
166.040305 166.034655 166.031265 166.029381 166.029005 166.029381 166.031265 166.034655 166.040305 
166.041058 166.035408 166.032395 166.030135 166.029758 166.030135 166.032395 166.035408 166.041058 
166.041667 166.036161 166.033148 166.031265 166.030888 166.031265 166.033148 166.036161 166.041667 
0.000000 166.036915 166.033901 166.032018 166.031641 166.032018 166.033901 166.036915 0.000000 
0.000000 166.038045 166.035031 166.033148 166.032771 166.033148 166.035031 166.038045 0.000000 
0.000000 166.038798 166.035785 166.033901 166.033525 166.033901 166.035785 166.038798 0.000000 
0.000000 166.039552 166.036538 166.035031 166.034655 166.035031 166.036538 166.039552 0.000000 
0.000000 166.040305 166.037668 166.035785 166.035408 166.035785 166.037668 166.040305 0.000000 
0.000000 166.041435 166.038422 166.036915 166.036538 166.036915 166.038422 166.041435 0.000000 
0.000000 0.000000 166.039552 166.037668 166.037292 166.037668 166.039552 0.000000 0.000000 
0.000000 0.000000 166.040305 166.038422 166.038422 166.038422 166.040305 0.000000 0.000000 
0.000000 0.000000 166.041435 166.039552 166.039175 166.039552 166.041435 0.000000 0.000000 
0.000000 0.000000 0.000000 166.040305 166.040305 166.040305 0.000000 0.000000 0.000000 
0.000000 0.000000 0.000000 166.041435 166.041058 166.041435 0.000000 0.000000 0.000000 
