test/output/constant/M3M455_S060_A090_WD000.0_WS030.0/M3M455_S060_A090_WD000.0_WS030.0_arrival.asc
ncols         7
nrows         39
xllcorner     426303.990666
yllcorner     12744955.311160
cellsize      100.000000
NODATA_value  0.000000
0.000000 0.000000 0.000000 166.000000 0.000000 0.000000 0.000000 
0.000000 0.000000 166.017806 166.000869 166.017806 0.000000 0.000000 
0.000000 0.000000 166.011291 166.001737 166.011291 0.000000 0.000000 
0.000000 0.000000 166.009120 166.003040 166.009120 0.000000 0.000000 
0.000000 0.000000 166.008686 166.003909 166.008686 0.000000 0.000000 
0.000000 166.039086 166.008686 166.005211 166.008686 166.039086 0.000000 
0.000000 166.033006 166.009120 166.006080 166.009120 166.033006 0.000000 
0.000000 166.030400 166.009989 166.007383 166.009989 166.030400 0.000000 
0.000000 166.028663 166.010423 166.008251 166.010423 166.028663 0.000000 
0.000000 166.027360 166.011291 166.009554 166.011291 166.027360 0.000000 
0.000000 166.026057 166.012160 166.010423 166.012160 166.026057 0.000000 
0.000000 166.025189 166.013463 166.011726 166.013463 166.025189 0.000000 
0.000000 166.025189 166.014331 166.012594 166.014331 166.025189 0.000000 
0.000000 166.025189 166.015200 166.013897 166.015200 166.025189 0.000000 
0.000000 166.025189 166.016503 166.014766 166.016503 166.025189 0.000000 
0.000000 166.025189 166.017371 166.016069 166.017371 166.025189 0.000000 
0.000000 166.026057 166.018674 166.016937 166.018674 166.026057 0.000000 
0.000000 166.026491 166.019543 166.018240 166.019543 166.026491 0.000000 
0.000000 166.027360 166.020846 166.019109 166.020846 166.027360 0.000000 
0.000000 166.028228 166.021714 166.020411 166.021714 166.028228 0.000000 
166.041667 166.028663 166.022583 166.021280 166.022583 166.028663 166.041667 
166.041667 166.029531 166.023886 166.022583 166.023886 166.029531 166.041667 
166.041667 166.030400 166.024754 166.023451 166.024754 166.030400 166.041667 
166.041667 166.031268 166.026057 166.024754 166.026057 166.031268 166.041667 
166.041667 166.031703 166.026926 166.025623 166.026926 166.031703 166.041667 
0.000000 166.032571 166.028228 166.026926 166.028228 166.032571 0.000000 
0.000000 166.033440 166.029097 166.027794 166.029097 166.033440 0.000000 
0.000000 166.034308 166.029966 166.029097 166.029966 166.034308 0.000000 
0.000000 166.035177 166.031268 166.029966 166.031268 166.035177 0.000000 
0.000000 166.036480 166.032137 166.031268 166.032137 166.036480 0.000000 
0.000000 166.037348 166.033440 166.032137 166.033440 166.037348 0.000000 
0.000000 166.038217 166.034308 166.033440 166.034308 166.038217 0.000000 
0.000000 166.039086 166.035611 166.034308 166.035611 166.039086 0.000000 
0.000000 166.040388 166.036480 166.035611 166.036480 166.040388 0.000000 
0.000000 166.041257 166.037783 166.036480 166.037783 166.041257 0.000000 
0.000000 0.000000 166.038651 166.037783 166.038651 0.000000 0.000000 
0.000000 0.000000 166.039954 166.038651 166.039954 0.000000 0.000000 
0.000000 0.000000 166.040823 166.039954 166.040823 0.000000 0.000000 
0.000000 0.000000 0.000000 166.040823 0.000000 0.000000 0.000000 
