test/output/constant/M3M490_S000_A180_WD315.0_WS025.0/M3M490_S000_A180_WD315.0_WS025.0_raz.asc
ncols         23
nrows         23
xllcorner     426503.990666
yllcorner     12746655.311160
cellsize      100.000000
NODATA_value  0.000000
347 79 67 67 67 79 0 0 0 0 0 0 0 0 0 0 0 0 0 0 0 0 0 
190 65535 134 115 79 89 79 79 0 0 0 0 0 0 0 0 0 0 0 0 0 0 0 
202 134 134 134 67 79 112 79 79 0 0 0 0 0 0 0 0 0 0 0 0 0 0 
180 154 134 132 129 132 79 115 79 115 67 0 0 0 0 0 0 0 0 0 0 0 0 
166 154 140 134 132 134 134 121 79 118 115 79 0 0 0 0 0 0 0 0 0 0 0 
190 180 190 137 134 134 130 134 129 129 79 129 79 0 0 0 0 0 0 0 0 0 0 
0 180 157 140 135 134 134 118 134 123 67 127 118 79 0 0 0 0 0 0 0 0 0 
0 202 154 154 148 134 134 134 132 67 134 67 132 127 127 0 0 0 0 0 0 0 0 
0 0 180 224 190 140 134 134 134 134 134 134 123 79 118 67 0 0 0 0 0 0 0 
0 0 0 154 151 140 146 134 134 134 134 132 134 125 132 127 67 0 0 0 0 0 0 
0 0 0 154 154 190 190 134 134 134 134 134 134 134 134 79 129 67 0 0 0 0 0 
0 0 0 0 224 140 142 134 134 137 134 134 134 134 134 134 123 129 123 0 0 0 0 
0 0 0 0 0 190 151 137 146 134 134 134 134 134 134 134 134 125 79 129 0 0 0 
0 0 0 0 0 0 140 142 137 144 134 134 135 134 134 134 134 127 134 123 0 0 0 
0 0 0 0 0 0 0 142 151 137 134 134 134 134 134 134 134 134 134 134 123 0 0 
0 0 0 0 0 0 0 0 142 142 190 134 134 134 134 134 134 134 134 134 56 0 0 
0 0 0 0 0 0 0 0 0 140 140 146 134 134 134 134 132 134 132 134 132 134 0 
0 0 0 0 0 0 0 0 0 0 202 140 144 142 134 134 135 134 134 129 134 134 0 
0 0 0 0 0 0 0 0 0 0 0 146 134 134 134 135 134 137 134 134 134 134 134 
0 0 0 0 0 0 0 0 0 0 0 0 140 146 134 134 134 134 134 134 134 130 134 
0 0 0 0 0 0 0 0 0 0 0 0 0 0 146 134 137 134 134 134 134 134 134 
0 0 0 0 0 0 0 0 0 0 0 0 0 0 0 0 134 134 134 134 134 134 134 
0 0 0 0 0 0 0 0 0 0 0 0 0 0 0 0 0 0 134 134 134 134 134 
