test/output/constant/M190_S060_A090_WD000.0_WS040.0/M190_S060_A090_WD000.0_WS040.0_arrival.asc
ncols         7
nrows         41
xllcorner     426303.990666
yllcorner     12744755.311160
cellsize      100.000000
NODATA_value  0.000000
0.000000 0.000000 0.000000 166.000000 0.000000 0.000000 0.000000 
0.000000 0.000000 166.019389 166.000825 166.019389 0.000000 0.000000 
0.000000 0.000000 166.011138 166.001650 166.011138 0.000000 0.000000 
0.000000 0.000000 166.009488 166.002888 166.009488 0.000000 0.000000 
0.000000 0.000000 166.008250 166.003713 166.008250 0.000000 0.000000 
0.000000 166.040015 166.008250 166.004950 166.008250 166.040015 0.000000 
0.000000 166.034652 166.008663 166.005775 166.008663 166.034652 0.000000 
0.000000 166.030939 166.009488 166.007013 166.009488 166.030939 0.000000 
0.000000 166.028877 166.010313 166.007838 166.010313 166.028877 0.000000 
0.000000 166.027227 166.011138 166.009076 166.011138 166.027227 0.000000 
0.000000 166.026402 166.011963 166.009901 166.011963 166.026402 0.000000 
0.000000 166.025577 166.012788 166.011138 166.012788 166.025577 0.000000 
0.000000 166.024751 166.013613 166.011963 166.013613 166.024751 0.000000 
0.000000 166.024751 166.014851 166.013201 166.014851 166.024751 0.000000 
0.000000 166.024751 166.015676 166.014026 166.015676 166.024751 0.000000 
0.000000 166.024751 166.016914 166.015263 166.016914 166.024751 0.000000 
0.000000 166.025164 166.017739 166.016088 166.017739 166.025164 0.000000 
0.000000 166.025577 166.018564 166.017326 166.018564 166.025577 0.000000 
0.000000 166.026402 166.019801 166.018151 166.019801 166.026402 0.000000 
0.000000 166.027227 166.020626 166.019389 166.020626 166.027227 0.000000 
166.041252 166.027639 166.021864 166.020214 166.021864 166.027639 166.041252 
166.041252 166.028464 166.022689 166.021451 166.022689 166.028464 166.041252 
166.040840 166.029289 166.023926 166.022276 166.023926 166.029289 166.040840 
166.040840 166.030114 166.024751 166.023514 166.024751 166.030114 166.040840 
166.040840 166.030527 166.025577 166.024339 166.025577 166.030527 166.040840 
166.041252 166.031352 166.026814 166.025577 166.026814 166.031352 166.041252 
166.041665 166.032177 166.027639 166.026402 166.027639 166.032177 166.041665 
0.000000 166.033002 166.028877 166.027639 166.028877 166.033002 0.000000 
0.000000 166.033827 166.029702 166.028464 166.029702 166.033827 0.000000 
0.000000 166.034652 166.030527 166.029702 166.030527 166.034652 0.000000 
0.000000 166.035890 166.031764 166.030527 166.031764 166.035890 0.000000 
0.000000 166.036715 166.032589 166.031764 166.032589 166.036715 0.000000 
0.000000 166.037540 166.033827 166.032589 166.033827 166.037540 0.000000 
0.000000 166.038365 166.034652 166.033827 166.034652 166.038365 0.000000 
0.000000 166.039602 166.035890 166.034652 166.035890 166.039602 0.000000 
0.000000 166.040427 166.036715 166.035890 166.036715 166.040427 0.000000 
0.000000 166.041252 166.037952 166.036715 166.037952 166.041252 0.000000 
0.000000 0.000000 166.038777 166.037952 166.038777 0.000000 0.000000 
0.000000 0.000000 166.040015 166.038777 166.040015 0.000000 0.000000 
0.000000 0.000000 166.040840 166.040015 166.040840 0.000000 0.000000 
0.000000 0.000000 0.000000 166.040840 0.000000 0.000000 0.000000 
