test/output/constant/M490_S060_A000_WD135.0_WS005.0/M490_S060_A000_WD135.0_WS005.0_arrival.asc
ncols         29
nrows         8
xllcorner     423803.990666
yllcorner     12748555.311160
cellsize      100.000000
NODATA_value  0.000000
0.000000 0.000000 0.000000 0.000000 166.041667 166.041282 166.040692 166.040102 166.040102 166.039512 166.039512 166.039512 166.039512 166.040692 166.041667 0.000000 0.000000 0.000000 0.000000 0.000000 0.000000 0.000000 0.000000 0.000000 0.000000 0.000000 0.000000 0.000000 0.000000 
0.000000 166.040692 166.039512 166.038333 166.037153 166.036564 166.035384 166.034205 166.033615 166.032435 166.031846 166.031256 166.031256 166.031256 166.030666 166.030666 166.031256 166.032435 166.033615 166.036564 166.039512 0.000000 0.000000 0.000000 0.000000 0.000000 0.000000 0.000000 0.000000 
166.041282 166.039512 166.038333 166.036564 166.035384 166.033615 166.032435 166.031256 166.030077 166.028897 166.027718 166.026538 166.025359 166.024179 166.023589 166.023000 166.022410 166.022410 166.022410 166.022410 166.023000 166.024179 166.027128 166.031256 166.037743 0.000000 0.000000 0.000000 0.000000 
166.041282 166.039512 166.038333 166.036564 166.035384 166.033615 166.032435 166.030666 166.029487 166.027718 166.026538 166.024769 166.023589 166.021820 166.020641 166.018872 166.017692 166.016513 166.015923 166.014743 166.014154 166.013564 166.013564 166.013564 166.014743 166.018282 166.025359 0.000000 0.000000 
0.000000 166.041282 166.039512 166.037743 166.035974 166.034205 166.033025 166.031256 166.029487 166.028307 166.026538 166.024769 166.023589 166.021820 166.020641 166.018872 166.017102 166.015923 166.014154 166.012974 166.011205 166.010026 166.008256 166.007077 166.005897 166.004718 166.004718 166.005308 166.015333 
0.000000 0.000000 0.000000 166.041282 166.039512 166.037743 166.035974 166.034205 166.032435 166.030666 166.028897 166.027128 166.025359 166.023589 166.021820 166.020051 166.018282 166.016513 166.014743 166.013564 166.011795 166.010026 166.008846 166.007077 166.005308 166.004128 166.002359 166.001179 166.000000 
0.000000 0.000000 0.000000 0.000000 0.000000 0.000000 0.000000 166.040692 166.038923 166.037153 166.035384 166.033615 166.031846 166.030077 166.028307 166.026538 166.024769 166.023000 166.021231 166.019461 166.017692 166.015923 166.014743 166.013564 166.012384 166.012384 166.012384 166.013564 166.024769 
0.000000 0.000000 0.000000 0.000000 0.000000 0.000000 0.000000 0.000000 0.000000 0.000000 0.000000 0.000000 166.041667 166.040692 166.039512 166.038333 166.037743 166.036564 166.035384 166.034794 166.034794 166.034794 166.035384 166.036564 166.037743 0.000000 0.000000 0.000000 0.000000 
