test/output/constant/M3M4100_S060_A000_WD315.0_WS005.0/M3M4100_S060_A000_WD315.0_WS005.0_intensity.asc
ncols         52
nrows         12
xllcorner     421603.990666
yllcorner     12747955.311160
cellsize      100.000000
NODATA_value  0.000000
0 0 0 0 0 0 0 0 0 0 0 0 0 0 0 0 0 0 0 0 0 53149 59005 40393 27543 33881 40393 33881 27543 46881 40393 27543 46881 40393 40393 33881 33881 46881 46881 46881 33881 46881 33881 27543 27543 27543 0 0 0 0 0 0 
0 0 0 0 0 0 0 0 0 0 0 0 0 0 0 59005 59005 59005 59005 59005 59005 59005 53149 46881 40393 33881 64272 64272 59005 40393 59005 40393 53149 59005 59005 33881 27543 40393 46881 33881 27543 33881 21570 46881 53149 2747 1270 33881 27543 1669 0 0 
0 0 0 0 0 0 0 0 0 0 46881 40393 40393 46881 46881 40393 40393 64272 64272 33881 27543 64272 59005 64272 64272 33881 33881 64272 59005 64272 64272 33881 64272 64272 68789 64272 64272 64272 68789 64272 64272 59005 64272 53149 59005 40393 40393 33881 40393 40393 1270 0 
0 0 0 0 0 0 64272 59005 64272 64272 64272 59005 59005 59005 59005 59005 59005 59005 59005 53149 53149 53149 46881 46881 46881 40393 40393 46881 64272 64272 64272 59005 59005 59005 59005 59005 64272 64272 68789 59005 64272 59005 64272 64272 72421 59005 77055 77055 77055 77055 0 1069 
0 0 0 0 64272 64272 64272 59005 59005 59005 59005 59005 64272 59005 68789 53149 53149 46881 46881 64272 59005 64272 64272 64272 59005 64272 64272 64272 77055 33881 64272 68789 77055 59005 76956 59005 59005 77055 77055 77055 77055 77055 77055 77055 77055 77055 77055 77055 72146 2694 1293 0 
0 0 40393 64272 68789 64272 75055 46881 59005 64272 64272 72421 64272 64272 77055 59005 33881 59005 77055 59005 59005 77055 77055 75055 77055 77055 53149 77055 77055 77055 77055 77055 77055 77055 77055 77055 77055 77055 77055 77055 77055 76910 68434 58526 52630 58526 58526 52630 1293 1293 2076 0 
0 59005 64272 46881 59005 77055 64272 59005 75055 77055 77055 68789 59005 59005 77055 77055 59005 77055 77055 77055 77055 77055 77055 77055 77055 77055 77055 77055 77055 76523 76523 74870 77055 77055 77055 76523 72146 63848 77055 63848 52630 52630 58526 1293 1293 4534 1669 1293 1669 0 0 0 
76614 77055 77055 64272 77055 77055 77055 59005 77055 77055 77055 77055 77055 77055 77055 77055 77055 77055 77055 77055 77055 77055 77055 77055 77055 76523 76910 77055 77055 74870 77055 77055 63848 77055 74870 52630 52630 4534 52630 2694 4534 1293 52630 52630 52630 1293 0 0 0 0 0 0 
77055 77055 77055 77055 77055 77055 77055 77055 77055 77055 77055 77055 77055 77055 77055 77055 77055 77055 77055 77055 76910 68434 77055 76910 77055 77055 77055 72146 77055 52630 77055 52630 58526 52630 52630 52630 52630 52630 2694 52630 1669 1669 2076 0 0 0 0 0 0 0 0 0 
77055 77055 77055 77055 77055 77055 77055 63848 76523 77055 77055 77055 77055 77055 77055 63848 77055 76910 77055 77055 72146 77055 72146 63848 77055 63848 52630 52630 7352 2694 2694 52630 58526 7352 1669 58526 52630 52630 52630 0 0 0 0 0 0 0 0 0 0 0 0 0 
0 0 74870 77055 77055 77055 77055 77055 77055 63848 77055 77055 77055 68434 76910 63848 72146 58526 58526 77055 63848 52630 63848 52630 58526 52630 52630 1293 52630 7352 52630 52630 52630 2694 0 0 0 0 0 0 0 0 0 0 0 0 0 0 0 0 0 0 
0 0 0 0 0 0 77055 72146 58526 74870 58526 63848 77055 72146 77055 72146 77055 72146 58526 52630 4534 1293 58526 58526 52630 4534 52630 0 0 0 0 0 0 0 0 0 0 0 0 0 0 0 0 0 0 0 0 0 0 0 0 0 
