test/output/constant/M3M4100_S060_A000_WD315.0_WS005.0/M3M4100_S060_A000_WD315.0_WS005.0_raz.asc
ncols         52
nrows         12
xllcorner     421603.990666
yllcorner     12747955.311160
cellsize      100.000000
NODATA_value  0.000000
0 0 0 0 0 0 0 0 0 0 0 0 0 0 0 0 0 0 0 0 0 272 271 276 281 278 276 278 281 274 276 281 274 276 276 278 278 274 274 274 278 274 278 281 281 281 0 0 0 0 0 0 
0 0 0 0 0 0 0 0 0 0 0 0 0 0 0 271 271 271 271 271 271 271 272 274 276 278 270 270 271 276 271 276 272 271 271 278 281 276 274 278 281 278 284 274 272 330 16 278 281 354 0 0 
0 0 0 0 0 0 0 0 0 0 274 276 276 274 274 276 276 270 270 278 281 270 271 270 270 278 278 270 271 270 270 278 270 270 268 270 270 270 268 270 270 271 270 272 271 276 276 278 276 276 16 0 
0 0 0 0 0 0 270 271 270 270 270 271 271 271 271 271 271 271 271 272 272 272 274 274 274 276 276 274 270 270 270 271 271 271 271 271 270 270 268 271 270 271 270 270 267 271 264 264 264 264 65535 84 
0 0 0 0 270 270 270 271 271 271 271 271 270 271 268 272 272 274 274 270 271 270 270 270 271 270 270 270 264 278 270 268 264 271 265 271 271 264 264 264 264 264 264 264 264 264 264 264 261 198 152 0 
0 0 276 270 268 270 266 274 271 270 270 267 270 270 264 271 278 271 264 271 271 264 264 266 264 264 272 264 264 264 264 264 264 264 264 264 264 264 264 264 264 264 260 257 256 257 257 256 152 152 186 0 
0 271 270 274 271 264 270 271 266 264 264 268 271 271 264 264 271 264 264 264 264 264 264 264 264 264 264 264 264 263 263 262 264 264 264 263 261 258 264 258 256 256 257 152 152 215 174 152 174 0 0 0 
265 264 264 270 264 264 264 271 264 264 264 264 264 264 264 264 264 264 264 264 264 264 264 264 264 263 264 264 264 262 264 264 258 264 262 256 256 215 256 198 215 152 256 256 256 152 0 0 0 0 0 0 
264 264 264 264 264 264 264 264 264 264 264 264 264 264 264 264 264 264 264 264 264 260 264 264 264 264 264 261 264 256 264 256 257 256 256 256 256 256 198 256 174 174 186 0 0 0 0 0 0 0 0 0 
264 264 264 264 264 264 264 258 263 264 264 264 264 264 264 258 264 264 264 264 261 264 261 258 264 258 256 256 226 198 198 256 257 226 174 257 256 256 256 0 0 0 0 0 0 0 0 0 0 0 0 0 
0 0 262 264 264 264 264 264 264 258 264 264 264 260 264 258 261 257 257 264 258 256 258 256 257 256 256 152 256 226 256 256 256 198 0 0 0 0 0 0 0 0 0 0 0 0 0 0 0 0 0 0 
0 0 0 0 0 0 264 261 257 262 257 258 264 261 264 261 264 261 257 256 215 152 257 257 256 215 256 0 0 0 0 0 0 0 0 0 0 0 0 0 0 0 0 0 0 0 0 0 0 0 0 0 
