test/output/constant/M3M4100_S060_A000_WD315.0_WS005.0/M3M4100_S060_A000_WD315.0_WS005.0_ros.asc
ncols         52
nrows         12
xllcorner     421603.990666
yllcorner     12747955.311160
cellsize      100.000000
NODATA_value  0.000000
0.000000 0.000000 0.000000 0.000000 0.000000 0.000000 0.000000 0.000000 0.000000 0.000000 0.000000 0.000000 0.000000 0.000000 0.000000 0.000000 0.000000 0.000000 0.000000 0.000000 0.000000 57.885857 64.263718 43.993526 29.997726 36.900967 43.993526 36.900967 29.997726 51.060024 43.993526 29.997726 51.060024 43.993526 43.993526 36.900967 36.900967 51.060024 51.060024 51.060024 36.900967 51.060024 36.900967 29.997726 29.997726 29.997726 0.000000 0.000000 0.000000 0.000000 0.000000 0.000000 
0.000000 0.000000 0.000000 0.000000 0.000000 0.000000 0.000000 0.000000 0.000000 0.000000 0.000000 0.000000 0.000000 0.000000 0.000000 64.263718 64.263718 64.263718 64.263718 64.263718 64.263718 64.263718 57.885857 51.060024 43.993526 36.900967 69.999908 69.999908 64.263718 43.993526 64.263718 43.993526 57.885857 64.263718 64.263718 36.900967 29.997726 43.993526 51.060024 36.900967 29.997726 36.900967 23.493380 51.060024 57.885857 2.992571 1.383232 36.900967 29.997726 1.818511 0.000000 0.000000 
0.000000 0.000000 0.000000 0.000000 0.000000 0.000000 0.000000 0.000000 0.000000 0.000000 51.060024 43.993526 43.993526 51.060024 51.060024 43.993526 43.993526 69.999908 69.999908 36.900967 29.997726 69.999908 64.263718 69.999908 69.999908 36.900967 36.900967 69.999908 64.263718 69.999908 69.999908 36.900967 69.999908 69.999908 74.920219 69.999908 69.999908 69.999908 74.920219 69.999908 69.999908 64.263718 69.999908 57.885857 64.263718 43.993526 43.993526 36.900967 43.993526 43.993526 1.383232 0.000000 
0.000000 0.000000 0.000000 0.000000 0.000000 0.000000 69.999908 64.263718 69.999908 69.999908 69.999908 64.263718 64.263718 64.263718 64.263718 64.263718 64.263718 64.263718 64.263718 57.885857 57.885857 57.885857 51.060024 51.060024 51.060024 43.993526 43.993526 51.060024 69.999908 69.999908 69.999908 64.263718 64.263718 64.263718 64.263718 64.263718 69.999908 69.999908 74.920219 64.263718 69.999908 64.263718 69.999908 69.999908 78.875229 64.263718 83.922577 83.922577 83.922577 83.922577 -1.000000 1.165139 
0.000000 0.000000 0.000000 0.000000 69.999908 69.999908 69.999908 64.263718 64.263718 64.263718 64.263718 64.263718 69.999908 64.263718 74.920219 57.885857 57.885857 51.060024 51.060024 69.999908 64.263718 69.999908 69.999908 69.999908 64.263718 69.999908 69.999908 69.999908 83.922577 36.900967 69.999908 74.920219 83.922577 64.263718 83.814613 64.263718 64.263718 83.922577 83.922577 83.922577 83.922577 83.922577 83.922577 83.922577 83.922577 83.922577 83.922577 83.922577 78.576172 2.934896 1.408928 0.000000 
0.000000 0.000000 43.993526 69.999908 74.920219 69.999908 81.744843 51.060024 64.263718 69.999908 69.999908 78.875229 69.999908 69.999908 83.922577 64.263718 36.900967 64.263718 83.922577 64.263718 64.263718 83.922577 83.922577 81.744843 83.922577 83.922577 57.885857 83.922577 83.922577 83.922577 83.922577 83.922577 83.922577 83.922577 83.922577 83.922577 83.922577 83.922577 83.922577 83.922577 83.922577 83.765160 74.533722 63.742073 57.321026 63.742073 63.742073 57.321026 1.408928 1.408928 2.261740 0.000000 
0.000000 64.263718 69.999908 51.060024 64.263718 83.922577 69.999908 64.263718 81.744843 83.922577 83.922577 74.920219 64.263718 64.263718 83.922577 83.922577 64.263718 83.922577 83.922577 83.922577 83.922577 83.922577 83.922577 83.922577 83.922577 83.922577 83.922577 83.922577 83.922577 83.343376 83.343376 81.542801 83.922577 83.922577 83.922577 83.343376 78.576172 69.538391 83.922577 69.538391 57.321026 57.321026 63.742073 1.408928 1.408928 4.938422 1.818511 1.408928 1.818511 0.000000 0.000000 0.000000 
83.441948 83.922577 83.922577 69.999908 83.922577 83.922577 83.922577 64.263718 83.922577 83.922577 83.922577 83.922577 83.922577 83.922577 83.922577 83.922577 83.922577 83.922577 83.922577 83.922577 83.922577 83.922577 83.922577 83.922577 83.922577 83.343376 83.765160 83.922577 83.922577 81.542801 83.922577 83.922577 69.538391 83.922577 81.542801 57.321026 57.321026 4.938422 57.321026 2.934896 4.938422 1.408928 57.321026 57.321026 57.321026 1.408928 0.000000 0.000000 0.000000 0.000000 0.000000 0.000000 
83.922577 83.922577 83.922577 83.922577 83.922577 83.922577 83.922577 83.922577 83.922577 83.922577 83.922577 83.922577 83.922577 83.922577 83.922577 83.922577 83.922577 83.922577 83.922577 83.922577 83.765160 74.533722 83.922577 83.765160 83.922577 83.922577 83.922577 78.576172 83.922577 57.321026 83.922577 57.321026 63.742073 57.321026 57.321026 57.321026 57.321026 57.321026 2.934896 57.321026 1.818511 1.818511 2.261740 0.000000 0.000000 0.000000 0.000000 0.000000 0.000000 0.000000 0.000000 0.000000 
83.922577 83.922577 83.922577 83.922577 83.922577 83.922577 83.922577 69.538391 83.343376 83.922577 83.922577 83.922577 83.922577 83.922577 83.922577 69.538391 83.922577 83.765160 83.922577 83.922577 78.576172 83.922577 78.576172 69.538391 83.922577 69.538391 57.321026 57.321026 8.007515 2.934896 2.934896 57.321026 63.742073 8.007515 1.818511 63.742073 57.321026 57.321026 57.321026 0.000000 0.000000 0.000000 0.000000 0.000000 0.000000 0.000000 0.000000 0.000000 0.000000 0.000000 0.000000 0.000000 
0.000000 0.000000 81.542801 83.922577 83.922577 83.922577 83.922577 83.922577 83.922577 69.538391 83.922577 83.922577 83.922577 74.533722 83.765160 69.538391 78.576172 63.742073 63.742073 83.922577 69.538391 57.321026 69.538391 57.321026 63.742073 57.321026 57.321026 1.408928 57.321026 8.007515 57.321026 57.321026 57.321026 2.934896 0.000000 0.000000 0.000000 0.000000 0.000000 0.000000 0.000000 0.000000 0.000000 0.000000 0.000000 0.000000 0.000000 0.000000 0.000000 0.000000 0.000000 0.000000 
0.000000 0.000000 0.000000 0.000000 0.000000 0.000000 83.922577 78.576172 63.742073 81.542801 63.742073 69.538391 83.922577 78.576172 83.922577 78.576172 83.922577 78.576172 63.742073 57.321026 4.938422 1.408928 63.742073 63.742073 57.321026 4.938422 57.321026 0.000000 0.000000 0.000000 0.000000 0.000000 0.000000 0.000000 0.000000 0.000000 0.000000 0.000000 0.000000 0.000000 0.000000 0.000000 0.000000 0.000000 0.000000 0.000000 0.000000 0.000000 0.000000 0.000000 0.000000 0.000000 
