test/output/constant/M3M490_S060_A090_WD180.0_WS005.0/M3M490_S060_A090_WD180.0_WS005.0_arrival.asc
ncols         11
nrows         44
xllcorner     426103.990666
yllcorner     12744555.311160
cellsize      100.000000
NODATA_value  0.000000
0.000000 0.000000 0.000000 0.000000 0.000000 166.027788 0.000000 0.000000 0.000000 0.000000 0.000000 
0.000000 0.000000 0.000000 0.000000 166.011512 166.000000 166.011512 0.000000 0.000000 0.000000 0.000000 
0.000000 0.000000 0.000000 166.030567 166.005558 166.000794 166.005558 166.030567 0.000000 0.000000 0.000000 
0.000000 0.000000 0.000000 166.022627 166.004764 166.001588 166.004764 166.022627 0.000000 0.000000 0.000000 
0.000000 0.000000 166.041285 166.017467 166.004764 166.002779 166.004764 166.017467 166.041285 0.000000 0.000000 
0.000000 0.000000 166.034536 166.015482 166.005161 166.003573 166.005161 166.015482 166.034536 0.000000 0.000000 
0.000000 0.000000 166.029773 166.014688 166.005955 166.004764 166.005955 166.014688 166.029773 0.000000 0.000000 
0.000000 0.000000 166.026994 166.013894 166.006748 166.005558 166.006748 166.013894 166.026994 0.000000 0.000000 
0.000000 0.000000 166.025406 166.013497 166.007542 166.006748 166.007542 166.013497 166.025406 0.000000 0.000000 
0.000000 166.039300 166.024215 166.013497 166.008336 166.007542 166.008336 166.013497 166.024215 166.039300 0.000000 
0.000000 166.036918 166.023421 166.013894 166.009527 166.008733 166.009527 166.013894 166.023421 166.036918 0.000000 
0.000000 166.035330 166.023024 166.014291 166.010321 166.009527 166.010321 166.014291 166.023024 166.035330 0.000000 
0.000000 166.034139 166.022627 166.015085 166.011115 166.010718 166.011115 166.015085 166.022627 166.034139 0.000000 
0.000000 166.033346 166.022627 166.015482 166.012306 166.011512 166.012306 166.015482 166.022627 166.033346 0.000000 
0.000000 166.032552 166.022627 166.016276 166.013100 166.012703 166.013100 166.016276 166.022627 166.032552 0.000000 
0.000000 166.031758 166.022627 166.017070 166.014291 166.013497 166.014291 166.017070 166.022627 166.031758 0.000000 
0.000000 166.031758 166.023024 166.017864 166.015085 166.014688 166.015085 166.017864 166.023024 166.031758 0.000000 
0.000000 166.031361 166.023421 166.018658 166.016276 166.015482 166.016276 166.018658 166.023421 166.031361 0.000000 
166.041285 166.031361 166.024215 166.019452 166.017070 166.016673 166.017070 166.019452 166.024215 166.031361 166.041285 
166.040888 166.031361 166.024612 166.020245 166.017864 166.017467 166.017864 166.020245 166.024612 166.031361 166.040888 
166.040888 166.031361 166.025406 166.021039 166.019055 166.018658 166.019055 166.021039 166.025406 166.031361 166.040888 
166.040491 166.031758 166.026200 166.022230 166.019849 166.019452 166.019849 166.022230 166.026200 166.031758 166.040491 
166.040491 166.032155 166.026597 166.023024 166.021039 166.020642 166.021039 166.023024 166.026597 166.032155 166.040491 
166.040094 166.032552 166.027391 166.023818 166.021833 166.021436 166.021833 166.023818 166.027391 166.032552 166.040094 
166.040094 166.033346 166.028185 166.024612 166.023024 166.022627 166.023024 166.024612 166.028185 166.033346 166.040094 
166.040491 166.033742 166.028979 166.025803 166.023818 166.023421 166.023818 166.025803 166.028979 166.033742 166.040491 
166.040491 166.034536 166.029773 166.026597 166.024612 166.024612 166.024612 166.026597 166.029773 166.034536 166.040491 
166.040491 166.034933 166.030567 166.027788 166.025803 166.025406 166.025803 166.027788 166.030567 166.034933 166.040491 
166.041285 166.035727 166.031361 166.028582 166.026597 166.026597 166.026597 166.028582 166.031361 166.035727 166.041285 
166.041667 166.036521 166.032155 166.029376 166.027788 166.027391 166.027788 166.029376 166.032155 166.036521 166.041667 
0.000000 166.037315 166.032949 166.030567 166.028582 166.028582 166.028582 166.030567 166.032949 166.037315 0.000000 
0.000000 166.037712 166.033742 166.031361 166.029773 166.029376 166.029773 166.031361 166.033742 166.037712 0.000000 
0.000000 166.038506 166.034933 166.032155 166.030567 166.030567 166.030567 166.032155 166.034933 166.038506 0.000000 
0.000000 166.039300 166.035727 166.033346 166.031758 166.031361 166.031758 166.033346 166.035727 166.039300 0.000000 
0.000000 166.040094 166.036521 166.034139 166.032552 166.032552 166.032552 166.034139 166.036521 166.040094 0.000000 
0.000000 166.040888 166.037315 166.035330 166.033742 166.033346 166.033742 166.035330 166.037315 166.040888 0.000000 
0.000000 166.041667 166.038506 166.036124 166.034536 166.034536 166.034536 166.036124 166.038506 166.041667 0.000000 
0.000000 0.000000 166.039300 166.036918 166.035727 166.035330 166.035727 166.036918 166.039300 0.000000 0.000000 
0.000000 0.000000 166.040094 166.038109 166.036521 166.036521 166.036521 166.038109 166.040094 0.000000 0.000000 
0.000000 0.000000 166.041285 166.038903 166.037712 166.037315 166.037712 166.038903 166.041285 0.000000 0.000000 
0.000000 0.000000 0.000000 166.039697 166.038506 166.038506 166.038506 166.039697 0.000000 0.000000 0.000000 
0.000000 0.000000 0.000000 166.040888 166.039697 166.039300 166.039697 166.040888 0.000000 0.000000 0.000000 
0.000000 0.000000 0.000000 166.041667 166.040491 166.040491 166.040491 166.041667 0.000000 0.000000 0.000000 
0.000000 0.000000 0.000000 0.000000 166.041667 166.041285 166.041667 0.000000 0.000000 0.000000 0.000000 
