test/output/constant/M3M475_S060_A000_WD225.0_WS010.0/M3M475_S060_A000_WD225.0_WS010.0_ros.asc
ncols         33
nrows         12
xllcorner     423503.990666
yllcorner     12748555.311160
cellsize      100.000000
NODATA_value  0.000000
0.000000 0.000000 0.000000 0.000000 47.666630 51.504250 44.792686 4.500721 37.569077 6.646138 0.000000 0.000000 0.000000 0.000000 0.000000 0.000000 0.000000 0.000000 0.000000 0.000000 0.000000 0.000000 0.000000 0.000000 0.000000 0.000000 0.000000 0.000000 0.000000 0.000000 0.000000 0.000000 0.000000 
0.000000 52.491558 52.491558 51.504250 52.491558 52.491558 52.491558 52.491558 49.926750 37.569077 2.987758 37.569077 2.066804 37.569077 6.646138 37.569077 4.500721 0.000000 0.000000 0.000000 0.000000 0.000000 0.000000 0.000000 0.000000 0.000000 0.000000 0.000000 0.000000 0.000000 0.000000 0.000000 0.000000 
52.491558 52.491558 52.491558 52.351059 51.504250 47.666630 52.491558 47.666630 51.504250 52.491558 52.491558 52.491558 37.569077 37.569077 37.569077 2.987758 1.915881 4.500721 33.439091 37.569077 0.000000 0.000000 0.000000 0.000000 0.000000 0.000000 0.000000 0.000000 0.000000 0.000000 0.000000 0.000000 0.000000 
34.411087 52.491558 52.491558 52.491558 52.491558 52.491558 52.491558 52.491558 52.491558 52.491558 52.491558 52.351059 52.491558 47.666630 49.926750 37.569077 37.569077 4.500721 2.066804 37.569077 37.569077 37.569077 33.439091 29.127935 0.000000 0.000000 0.000000 0.000000 0.000000 0.000000 0.000000 0.000000 0.000000 
0.000000 30.121899 52.491558 51.770172 52.491558 42.225914 52.491558 52.491558 52.491558 52.491558 52.491558 52.491558 52.491558 51.504250 44.792686 52.491558 52.491558 52.491558 37.569077 37.569077 2.066804 4.500721 4.500721 4.500721 37.569077 1.915881 0.000000 0.000000 0.000000 0.000000 0.000000 0.000000 0.000000 
0.000000 0.000000 30.121899 30.121899 38.486904 30.121899 25.749166 52.491558 51.770172 52.491558 52.491558 48.253967 52.491558 51.504250 52.491558 52.491558 52.491558 52.491558 52.491558 51.504250 44.792686 4.500721 37.569077 4.500721 33.439091 37.569077 2.066804 4.500721 2.066804 0.000000 0.000000 0.000000 0.000000 
0.000000 0.000000 0.000000 0.000000 30.121899 30.121899 34.411087 30.121899 30.121899 52.491558 30.121899 48.253967 52.440765 52.491558 52.491558 52.491558 52.491558 52.491558 49.926750 52.491558 52.491558 47.666630 52.491558 47.666630 44.792686 37.569077 37.569077 4.500721 1.791113 1.491404 0.000000 0.000000 0.000000 
0.000000 0.000000 0.000000 0.000000 0.000000 0.000000 30.121899 30.121899 30.121899 30.121899 34.411087 25.749166 30.121899 30.121899 34.411087 30.121899 30.121899 30.121899 52.491558 51.770172 48.253967 52.491558 52.491558 51.504250 52.491558 52.491558 47.666630 44.792686 37.569077 1.791113 2.066804 1.491404 0.000000 
0.000000 0.000000 0.000000 0.000000 0.000000 0.000000 0.000000 0.000000 0.000000 30.121899 30.121899 30.121899 25.749166 30.121899 30.121899 30.121899 30.121899 30.121899 30.121899 30.121899 30.121899 30.121899 45.514824 52.491558 51.770172 52.491558 52.491558 52.491558 52.491558 52.491558 44.792686 1.915881 1.491404 
0.000000 0.000000 0.000000 0.000000 0.000000 0.000000 0.000000 0.000000 0.000000 0.000000 0.000000 30.121899 30.121899 30.121899 30.121899 30.121899 30.121899 30.121899 30.121899 30.121899 30.121899 30.121899 30.121899 30.121899 30.121899 30.121899 50.360352 48.253967 30.121899 52.491558 52.491558 0.000000 1.791113 
0.000000 0.000000 0.000000 0.000000 0.000000 0.000000 0.000000 0.000000 0.000000 0.000000 0.000000 0.000000 0.000000 0.000000 0.000000 0.000000 30.121899 30.121899 30.121899 30.121899 30.121899 30.121899 30.121899 30.121899 30.121899 30.121899 30.121899 30.121899 10.016313 13.439008 17.280159 1.436043 1.311775 
0.000000 0.000000 0.000000 0.000000 0.000000 0.000000 0.000000 0.000000 0.000000 0.000000 0.000000 0.000000 0.000000 0.000000 0.000000 0.000000 0.000000 0.000000 0.000000 0.000000 0.000000 0.000000 0.000000 0.000000 0.000000 30.121899 17.280159 21.425093 21.425093 0.000000 0.000000 0.000000 0.000000 
