test/output/constant/M385_S060_A000_WD000.0_WS010.0/M385_S060_A000_WD000.0_WS010.0_raz.asc
ncols         49
nrows         16
xllcorner     421803.990666
yllcorner     12747355.311160
cellsize      100.000000
NODATA_value  0.000000
0 0 0 0 0 0 0 0 0 0 0 0 0 0 0 0 0 0 0 0 0 0 0 0 0 0 0 0 0 0 0 0 0 0 271 278 271 278 268 278 271 278 268 283 283 283 283 283 345 
0 0 0 0 0 0 0 0 0 0 0 0 0 0 0 0 0 0 0 0 0 0 0 0 0 0 278 271 271 271 271 278 268 283 268 271 278 271 271 278 274 268 271 271 271 271 255 255 254 
0 0 0 0 0 0 0 0 0 0 0 0 0 0 0 0 0 0 0 0 0 0 274 271 274 283 278 274 271 268 278 278 268 263 278 268 274 268 259 278 274 260 255 255 255 255 252 250 244 
0 0 0 0 0 0 0 0 0 0 0 0 0 0 0 0 0 0 0 260 268 263 268 268 274 271 271 274 260 268 278 257 259 268 260 256 264 263 255 255 255 255 255 251 250 249 248 165 179 
0 0 0 0 0 0 0 0 0 0 0 0 0 0 0 271 268 263 268 268 268 262 271 274 260 260 283 268 274 268 271 271 271 256 263 255 255 255 255 255 252 179 220 209 165 179 179 0 0 
0 0 0 0 0 0 0 0 0 0 0 0 0 268 278 259 268 283 274 278 271 258 283 271 278 271 271 256 257 259 258 255 255 255 255 255 255 250 248 248 248 248 248 248 246 179 0 0 0 
0 0 0 0 0 0 0 0 0 0 278 274 259 268 268 278 268 262 268 278 259 274 268 258 260 255 271 255 255 255 255 255 255 253 250 248 248 249 249 209 248 248 192 192 0 0 0 0 0 
0 0 0 0 0 0 0 0 262 268 264 278 271 271 266 263 274 278 255 255 257 257 262 255 255 255 255 255 255 255 255 250 248 248 220 248 249 209 209 220 248 0 0 0 0 0 0 0 0 
0 0 0 0 0 268 260 268 274 274 268 258 262 278 260 258 255 255 274 255 255 255 255 255 255 253 252 254 255 209 250 220 249 209 209 248 209 248 179 0 0 0 0 0 0 0 0 0 0 
0 0 0 0 268 268 268 256 259 255 271 271 271 255 264 255 255 255 255 255 255 255 255 255 255 255 192 165 209 220 248 220 248 248 248 248 0 0 0 0 0 0 0 0 0 0 0 0 0 
0 0 268 266 260 258 262 255 255 255 258 255 255 255 255 255 255 255 255 255 252 255 251 220 141 209 220 209 209 249 192 248 141 0 0 0 0 0 0 0 0 0 0 0 0 0 0 0 0 
0 268 283 259 259 255 266 255 255 255 255 255 255 255 255 253 250 253 250 250 248 249 209 192 220 248 248 209 248 209 0 0 0 0 0 0 0 0 0 0 0 0 0 0 0 0 0 0 0 
268 255 260 255 255 255 255 255 255 255 255 255 255 255 253 255 250 250 248 248 220 220 209 192 75 209 220 0 0 0 0 0 0 0 0 0 0 0 0 0 0 0 0 0 0 0 0 0 0 
255 255 255 255 255 255 253 255 254 255 253 255 255 250 252 248 250 249 220 220 248 249 209 0 0 0 0 0 0 0 0 0 0 0 0 0 0 0 0 0 0 0 0 0 0 0 0 0 0 
255 253 255 255 255 253 255 252 255 252 250 209 249 248 165 249 220 209 0 0 0 0 0 0 0 0 0 0 0 0 0 0 0 0 0 0 0 0 0 0 0 0 0 0 0 0 0 0 0 
0 0 0 0 255 255 255 255 220 249 0 0 0 0 0 0 0 0 0 0 0 0 0 0 0 0 0 0 0 0 0 0 0 0 0 0 0 0 0 0 0 0 0 0 0 0 0 0 0 
