test/output/constant/C6_S000_A090_WD000.0_WS035.0/C6_S000_A090_WD000.0_WS035.0_arrival.asc
ncols         7
nrows         30
xllcorner     426303.990666
yllcorner     12745855.311160
cellsize      100.000000
NODATA_value  0.000000
0.000000 0.000000 166.027589 166.000000 166.027589 0.000000 0.000000 
0.000000 0.000000 166.008622 166.001150 166.008622 0.000000 0.000000 
0.000000 166.036786 166.006897 166.002299 166.006897 166.036786 0.000000 
0.000000 166.027589 166.006897 166.004023 166.006897 166.027589 0.000000 
0.000000 166.023566 166.007472 166.005173 166.007472 166.023566 0.000000 
0.000000 166.021841 166.008622 166.006897 166.008622 166.021841 0.000000 
0.000000 166.020692 166.009771 166.008047 166.009771 166.020692 0.000000 
166.039085 166.020117 166.010921 166.009771 166.010921 166.020117 166.039085 
166.036786 166.020117 166.012070 166.010921 166.012070 166.020117 166.036786 
166.035636 166.020117 166.013795 166.012645 166.013795 166.020117 166.035636 
166.034486 166.021267 166.014944 166.013795 166.014944 166.021267 166.034486 
166.033912 166.021841 166.016668 166.015519 166.016668 166.021841 166.033912 
166.033337 166.022991 166.017818 166.016668 166.017818 166.022991 166.033337 
166.033337 166.024141 166.018968 166.018393 166.018968 166.024141 166.033337 
166.033912 166.024715 166.020692 166.019542 166.020692 166.024715 166.033912 
166.033912 166.025865 166.021841 166.021267 166.021841 166.025865 166.033912 
166.034486 166.027014 166.023566 166.022416 166.023566 166.027014 166.034486 
166.035636 166.028164 166.024715 166.024141 166.024715 166.028164 166.035636 
166.036211 166.029313 166.026440 166.025290 166.026440 166.029313 166.036211 
166.037360 166.031038 166.027589 166.027014 166.027589 166.031038 166.037360 
166.038510 166.032187 166.028739 166.028164 166.028739 166.032187 166.038510 
166.039085 166.033337 166.030463 166.029888 166.030463 166.033337 166.039085 
166.040234 166.034486 166.031613 166.031038 166.031613 166.034486 166.040234 
166.041384 166.036211 166.033337 166.032762 166.033337 166.036211 166.041384 
0.000000 166.037360 166.034486 166.033912 166.034486 166.037360 0.000000 
0.000000 166.038510 166.036211 166.035636 166.036211 166.038510 0.000000 
0.000000 166.040234 166.037360 166.036786 166.037360 166.040234 0.000000 
0.000000 166.041384 166.038510 166.038510 166.038510 166.041384 0.000000 
0.000000 0.000000 166.040234 166.039659 166.040234 0.000000 0.000000 
0.000000 0.000000 166.041384 166.041384 166.041384 0.000000 0.000000 
