test/output/constant/C3_S060_A000_WD090.0_WS035.0/C3_S060_A000_WD090.0_WS035.0_arrival.asc
ncols         40
nrows         7
xllcorner     422703.990666
yllcorner     12748455.311160
cellsize      100.000000
NODATA_value  0.000000
0.000000 0.000000 0.000000 0.000000 0.000000 0.000000 0.000000 0.000000 166.041667 166.041021 166.040167 166.039312 166.038885 166.038030 166.037176 166.036321 166.035894 166.035039 166.034612 166.034184 166.034184 166.034184 166.034184 166.034184 166.034612 166.035466 166.035894 166.036748 166.038030 166.039739 0.000000 0.000000 0.000000 0.000000 0.000000 0.000000 0.000000 0.000000 0.000000 0.000000 
0.000000 0.000000 0.000000 166.041449 166.040167 166.039312 166.038457 166.037176 166.036321 166.035466 166.034184 166.033330 166.032475 166.031193 166.030339 166.029484 166.028629 166.027775 166.026920 166.026066 166.025211 166.024356 166.023929 166.023074 166.022220 166.021793 166.020938 166.020511 166.020511 166.020511 166.020938 166.021365 166.022220 166.023929 166.027348 166.031621 166.038457 0.000000 0.000000 0.000000 
166.041667 166.041021 166.039739 166.038885 166.037603 166.036748 166.035466 166.034612 166.033757 166.032475 166.031621 166.030339 166.029484 166.028202 166.027348 166.026066 166.025211 166.023929 166.023074 166.021793 166.020938 166.019656 166.018801 166.017520 166.016665 166.015810 166.014528 166.013674 166.012819 166.011537 166.010683 166.009828 166.008973 166.008119 166.007264 166.006837 166.007264 166.007691 166.012392 0.000000 
166.041449 166.040167 166.039312 166.038030 166.037176 166.035894 166.035039 166.033757 166.032903 166.031621 166.030766 166.029484 166.028629 166.027348 166.026493 166.025211 166.024356 166.023074 166.022220 166.020938 166.020083 166.018801 166.017947 166.016665 166.015810 166.014528 166.013674 166.012392 166.011537 166.010255 166.009401 166.008119 166.007264 166.005982 166.005128 166.003846 166.002991 166.001709 166.000855 166.000000 
166.041667 166.041021 166.039739 166.038885 166.037603 166.036748 166.035466 166.034612 166.033757 166.032475 166.031621 166.030339 166.029484 166.028202 166.027348 166.026066 166.025211 166.023929 166.023074 166.021793 166.020938 166.019656 166.018801 166.017520 166.016665 166.015810 166.014528 166.013674 166.012819 166.011537 166.010683 166.009828 166.008973 166.008119 166.007264 166.006837 166.007264 166.007691 166.012392 0.000000 
0.000000 0.000000 0.000000 166.041449 166.040167 166.039312 166.038457 166.037176 166.036321 166.035466 166.034184 166.033330 166.032475 166.031193 166.030339 166.029484 166.028629 166.027775 166.026920 166.026066 166.025211 166.024356 166.023929 166.023074 166.022220 166.021793 166.020938 166.020511 166.020511 166.020511 166.020938 166.021365 166.022220 166.023929 166.027348 166.031621 166.038457 0.000000 0.000000 0.000000 
0.000000 0.000000 0.000000 0.000000 0.000000 0.000000 0.000000 0.000000 166.041667 166.041021 166.040167 166.039312 166.038885 166.038030 166.037176 166.036321 166.035894 166.035039 166.034612 166.034184 166.034184 166.034184 166.034184 166.034184 166.034612 166.035466 166.035894 166.036748 166.038030 166.039739 0.000000 0.000000 0.000000 0.000000 0.000000 0.000000 0.000000 0.000000 0.000000 0.000000 
