test/output/constant/M3M470_S060_A090_WD135.0_WS005.0/M3M470_S060_A090_WD135.0_WS005.0_arrival.asc
ncols         9
nrows         34
xllcorner     426003.990666
yllcorner     12745555.311160
cellsize      100.000000
NODATA_value  0.000000
0.000000 0.000000 0.000000 0.000000 0.000000 0.000000 166.034453 0.000000 0.000000 
0.000000 0.000000 0.000000 0.000000 0.000000 166.011313 166.000000 166.017483 0.000000 
0.000000 0.000000 0.000000 0.000000 166.029825 166.004114 166.001028 166.010799 0.000000 
0.000000 0.000000 0.000000 0.000000 166.019540 166.004114 166.002057 166.009770 166.037538 
0.000000 0.000000 0.000000 166.036510 166.013884 166.004114 166.003600 166.009770 166.032910 
0.000000 0.000000 0.000000 166.028796 166.011827 166.005142 166.004628 166.010284 166.030339 
0.000000 0.000000 0.000000 166.024168 166.011313 166.006171 166.006171 166.011313 166.028796 
0.000000 0.000000 166.039081 166.021083 166.011313 166.007199 166.007713 166.012341 166.028282 
0.000000 0.000000 166.034453 166.019540 166.011313 166.008742 166.008742 166.013884 166.028282 
0.000000 0.000000 166.031367 166.018512 166.011827 166.009770 166.010284 166.014912 166.028796 
0.000000 0.000000 166.028796 166.018512 166.012341 166.011313 166.011827 166.016455 166.028796 
0.000000 166.041138 166.027254 166.018512 166.013370 166.012341 166.013370 166.017998 166.029825 
0.000000 166.038566 166.026225 166.018512 166.014398 166.013884 166.014912 166.019540 166.030339 
0.000000 166.036510 166.025711 166.019026 166.015427 166.015427 166.015941 166.021083 166.031367 
0.000000 166.034967 166.025711 166.019540 166.016455 166.016455 166.017483 166.022626 166.032396 
0.000000 166.033939 166.025711 166.020055 166.017998 166.017998 166.019026 166.024168 166.033424 
0.000000 166.032910 166.025711 166.020569 166.019026 166.019026 166.020569 166.025711 166.034453 
0.000000 166.032910 166.026225 166.021597 166.020569 166.020569 166.022111 166.027254 166.035481 
166.041652 166.032910 166.026739 166.022626 166.021597 166.021597 166.023654 166.028796 166.036510 
166.040623 166.032910 166.027254 166.023654 166.023140 166.023140 166.025197 166.030339 166.038052 
166.040109 166.033424 166.027768 166.024683 166.024168 166.024683 166.026739 166.031882 166.039081 
166.040109 166.033424 166.028282 166.025711 166.025711 166.025711 166.028282 166.033424 166.040623 
166.040109 166.033939 166.029311 166.027254 166.026739 166.027254 166.029825 166.034967 166.041652 
166.040109 166.033939 166.030339 166.028282 166.028282 166.028796 166.031367 166.036510 0.000000 
166.040623 166.034453 166.031367 166.029825 166.029311 166.030339 166.032910 166.038052 0.000000 
166.040623 166.035481 166.031882 166.030853 166.030853 166.031882 166.034453 166.039595 0.000000 
166.041138 166.035995 166.032910 166.031882 166.032396 166.032910 166.035995 166.041138 0.000000 
166.041138 166.037024 166.034453 166.033424 166.033424 166.034453 166.037538 0.000000 0.000000 
166.041652 166.037538 166.035481 166.034453 166.034967 166.035995 166.039081 0.000000 0.000000 
0.000000 166.038566 166.036510 166.035995 166.035995 166.037538 166.040623 0.000000 0.000000 
0.000000 166.039595 166.037538 166.037538 166.037538 166.039081 0.000000 0.000000 0.000000 
0.000000 166.040623 166.038566 166.038566 166.039081 166.040623 0.000000 0.000000 0.000000 
0.000000 166.041652 166.040109 166.040109 166.040109 0.000000 0.000000 0.000000 0.000000 
0.000000 0.000000 166.041138 166.041138 166.041652 0.000000 0.000000 0.000000 0.000000 
