test/output/constant/M3M400_S060_A000_WD225.0_WS010.0/M3M400_S060_A000_WD225.0_WS010.0_ros.asc
ncols         50
nrows         15
xllcorner     421803.990666
yllcorner     12748555.311160
cellsize      100.000000
NODATA_value  0.000000
0.000000 0.000000 0.000000 71.759491 81.132637 81.132637 78.658234 81.132637 80.481995 66.894463 66.894463 66.894463 66.894463 55.068596 7.960827 5.073306 3.185311 7.960827 61.273842 0.000000 0.000000 0.000000 0.000000 0.000000 0.000000 0.000000 0.000000 0.000000 0.000000 0.000000 0.000000 0.000000 0.000000 0.000000 0.000000 0.000000 0.000000 0.000000 0.000000 0.000000 0.000000 0.000000 0.000000 0.000000 0.000000 0.000000 0.000000 0.000000 0.000000 0.000000 
0.000000 81.132637 80.942337 81.132637 81.132637 81.132637 81.132637 81.132637 71.759491 81.132637 78.658234 66.894463 81.132637 66.894463 5.073306 55.068596 66.894463 2.559553 2.136656 55.068596 55.068596 55.068596 55.068596 55.068596 55.068596 0.000000 0.000000 0.000000 0.000000 0.000000 0.000000 0.000000 0.000000 0.000000 0.000000 0.000000 0.000000 0.000000 0.000000 0.000000 0.000000 0.000000 0.000000 0.000000 0.000000 0.000000 0.000000 0.000000 0.000000 0.000000 
81.132637 81.132637 81.132637 81.132637 81.132637 81.132637 81.132637 81.132637 81.132637 81.132637 81.132637 81.132637 81.132637 81.132637 81.132637 80.942337 71.759491 71.759491 2.136656 66.894463 55.068596 61.273842 61.273842 61.273842 7.960827 55.068596 55.068596 55.068596 5.073306 0.000000 0.000000 0.000000 0.000000 0.000000 0.000000 0.000000 0.000000 0.000000 0.000000 0.000000 0.000000 0.000000 0.000000 0.000000 0.000000 0.000000 0.000000 0.000000 0.000000 0.000000 
81.132637 81.132637 81.132637 81.132637 81.132637 81.132637 81.132637 80.481995 81.132637 81.132637 81.132637 81.132637 81.132637 81.132637 78.658234 81.132637 80.481995 81.132637 66.894463 78.658234 71.759491 71.759491 61.273842 61.273842 55.068596 55.068596 61.273842 61.273842 1.720821 55.068596 3.185311 5.073306 61.273842 0.000000 0.000000 0.000000 0.000000 0.000000 0.000000 0.000000 0.000000 0.000000 0.000000 0.000000 0.000000 0.000000 0.000000 0.000000 0.000000 0.000000 
0.000000 81.132637 81.132637 81.132637 81.132637 81.132637 81.132637 81.132637 81.132637 81.132637 81.132637 81.132637 80.942337 80.942337 81.132637 78.658234 81.132637 81.132637 81.132637 81.132637 71.759491 78.658234 61.273842 81.132637 66.894463 71.759491 55.068596 61.273842 55.068596 55.068596 3.185311 3.185311 2.136656 5.073306 61.273842 5.073306 0.000000 0.000000 0.000000 0.000000 0.000000 0.000000 0.000000 0.000000 0.000000 0.000000 0.000000 0.000000 0.000000 0.000000 
0.000000 0.000000 42.943886 49.730312 67.886620 49.730312 81.132637 81.132637 81.132637 81.132637 81.132637 81.132637 81.132637 81.132637 81.132637 71.759491 81.132637 81.132637 81.132637 81.132637 81.132637 80.942337 81.132637 78.658234 71.759491 81.132637 80.481995 71.759491 55.068596 55.068596 7.960827 5.073306 55.068596 61.273842 5.073306 55.068596 61.273842 2.559553 1.720821 0.000000 0.000000 0.000000 0.000000 0.000000 0.000000 0.000000 0.000000 0.000000 0.000000 0.000000 
0.000000 0.000000 0.000000 42.943886 67.886620 42.943886 76.366913 49.730312 49.730312 42.943886 79.097084 42.943886 42.943886 42.943886 81.132637 81.132637 81.132637 81.132637 81.132637 81.132637 81.132637 81.132637 81.132637 81.132637 81.132637 81.132637 81.132637 75.720932 81.132637 80.942337 66.894463 66.894463 61.273842 3.185311 3.185311 61.273842 5.073306 55.068596 2.559553 3.185311 2.559553 3.185311 0.000000 0.000000 0.000000 0.000000 0.000000 0.000000 0.000000 0.000000 
0.000000 0.000000 0.000000 0.000000 0.000000 49.730312 80.699677 49.730312 42.943886 42.943886 49.730312 79.097084 42.943886 67.886620 49.730312 81.132637 72.591934 49.730312 42.943886 81.132637 81.132637 81.132637 81.132637 81.132637 81.132637 81.132637 81.132637 81.132637 80.942337 81.132637 81.132637 75.720932 81.132637 61.273842 66.894463 3.185311 55.068596 5.073306 55.068596 55.068596 55.068596 3.185311 2.136656 5.073306 0.000000 0.000000 0.000000 0.000000 0.000000 0.000000 
0.000000 0.000000 0.000000 0.000000 0.000000 0.000000 0.000000 49.730312 49.730312 42.943886 76.366913 42.943886 42.943886 42.943886 49.730312 42.943886 42.943886 67.886620 42.943886 42.943886 49.730312 49.730312 49.730312 49.730312 81.132637 42.943886 67.886620 81.132637 81.132637 78.658234 81.132637 81.132637 81.132637 81.132637 80.481995 66.894463 81.132637 66.894463 55.068596 61.273842 3.185311 61.273842 3.185311 3.185311 2.559553 2.136656 0.000000 0.000000 0.000000 0.000000 
0.000000 0.000000 0.000000 0.000000 0.000000 0.000000 0.000000 0.000000 0.000000 42.943886 49.730312 42.943886 42.943886 42.943886 42.943886 42.943886 42.943886 49.730312 72.591934 42.943886 42.943886 42.943886 49.730312 42.943886 56.279781 42.943886 72.591934 49.730312 42.943886 81.132637 81.132637 80.699677 81.132637 81.132637 81.132637 81.132637 81.132637 81.132637 81.132637 80.481995 61.273842 55.068596 61.273842 5.073306 2.559553 48.467442 2.136656 2.136656 0.000000 0.000000 
0.000000 0.000000 0.000000 0.000000 0.000000 0.000000 0.000000 0.000000 0.000000 0.000000 0.000000 0.000000 49.730312 42.943886 42.943886 42.943886 42.943886 42.943886 49.730312 42.943886 49.730312 42.943886 42.943886 49.730312 49.730312 49.730312 49.730312 49.730312 49.730312 49.730312 49.730312 67.886620 49.730312 42.943886 79.097084 81.132637 81.132637 81.132637 81.132637 81.132637 81.132637 75.720932 80.942337 66.894463 61.273842 55.068596 55.068596 2.136656 2.136656 0.000000 
0.000000 0.000000 0.000000 0.000000 0.000000 0.000000 0.000000 0.000000 0.000000 0.000000 0.000000 0.000000 0.000000 0.000000 0.000000 42.943886 42.943886 42.943886 42.943886 49.730312 49.730312 49.730312 49.730312 42.943886 49.730312 42.943886 49.730312 42.943886 49.730312 42.943886 49.730312 42.943886 49.730312 49.730312 49.730312 49.730312 49.730312 49.730312 49.730312 67.886620 81.132637 81.132637 81.132637 81.132637 81.132637 81.132637 81.132637 5.073306 2.559553 1.720821 
0.000000 0.000000 0.000000 0.000000 0.000000 0.000000 0.000000 0.000000 0.000000 0.000000 0.000000 0.000000 0.000000 0.000000 0.000000 0.000000 0.000000 0.000000 0.000000 42.943886 49.730312 49.730312 49.730312 49.730312 42.943886 49.730312 42.943886 42.943886 42.943886 49.730312 49.730312 42.943886 49.730312 49.730312 49.730312 42.943886 42.943886 49.730312 49.730312 49.730312 49.730312 42.943886 42.943886 49.730312 42.943886 62.393692 81.132637 81.132637 0.000000 2.136656 
0.000000 0.000000 0.000000 0.000000 0.000000 0.000000 0.000000 0.000000 0.000000 0.000000 0.000000 0.000000 0.000000 0.000000 0.000000 0.000000 0.000000 0.000000 0.000000 0.000000 0.000000 0.000000 0.000000 0.000000 49.730312 49.730312 42.943886 49.730312 42.943886 49.730312 42.943886 49.730312 49.730312 49.730312 49.730312 42.943886 49.730312 42.943886 42.943886 42.943886 42.943886 42.943886 42.943886 42.943886 42.943886 42.943886 29.483732 29.483732 1.658173 1.436997 
0.000000 0.000000 0.000000 0.000000 0.000000 0.000000 0.000000 0.000000 0.000000 0.000000 0.000000 0.000000 0.000000 0.000000 0.000000 0.000000 0.000000 0.000000 0.000000 0.000000 0.000000 0.000000 0.000000 0.000000 0.000000 0.000000 0.000000 0.000000 0.000000 0.000000 0.000000 42.943886 42.943886 42.943886 42.943886 42.943886 42.943886 42.943886 29.483732 42.943886 23.217413 42.943886 23.217413 42.943886 23.217413 29.483732 17.516294 1.436997 0.000000 0.000000 
