test/output/constant/M3M4100_S060_A180_WD090.0_WS025.0/M3M4100_S060_A180_WD090.0_WS025.0_arrival.asc
ncols         24
nrows         11
xllcorner     426303.990666
yllcorner     12748255.311160
cellsize      100.000000
NODATA_value  0.000000
0.000000 0.000000 0.000000 0.000000 0.000000 0.000000 166.041491 166.039002 166.036512 166.036512 166.035682 166.035682 166.035682 166.035682 166.036512 166.037342 166.038172 166.039831 166.041491 0.000000 0.000000 0.000000 0.000000 0.000000 
0.000000 0.000000 0.000000 166.041491 166.036512 166.033193 166.029874 166.028214 166.028214 166.027384 166.028214 166.028214 166.029044 166.029874 166.030703 166.032363 166.034023 166.035682 166.037342 166.039002 166.040661 0.000000 0.000000 0.000000 
0.000000 0.000000 166.035682 166.029044 166.024895 166.021575 166.020746 166.019916 166.019916 166.019916 166.020746 166.022405 166.024065 166.024895 166.026554 166.028214 166.030703 166.032363 166.034023 166.035682 166.037342 166.039831 166.041491 0.000000 
0.000000 166.031533 166.023235 166.016596 166.013277 166.012447 166.012447 166.012447 166.013277 166.014937 166.016596 166.018256 166.019916 166.022405 166.024065 166.025724 166.028214 166.029874 166.031533 166.034023 166.035682 166.038172 166.039831 166.041667 
166.035682 166.023235 166.010788 166.004979 166.004149 166.004979 166.006639 166.008298 166.009958 166.012447 166.014107 166.016596 166.018256 166.020746 166.022405 166.024895 166.026554 166.029044 166.030703 166.033193 166.034853 166.037342 166.039002 166.041491 
166.034853 166.020746 166.007468 166.000000 166.001660 166.003319 166.005809 166.007468 166.009958 166.011618 166.014107 166.015767 166.018256 166.019916 166.022405 166.024065 166.026554 166.028214 166.030703 166.032363 166.034853 166.036512 166.039002 166.040661 
166.035682 166.023235 166.010788 166.004979 166.004149 166.004979 166.006639 166.008298 166.009958 166.012447 166.014107 166.016596 166.018256 166.020746 166.022405 166.024895 166.026554 166.029044 166.030703 166.033193 166.034853 166.037342 166.039002 166.041491 
0.000000 166.031533 166.023235 166.016596 166.013277 166.012447 166.012447 166.012447 166.013277 166.014937 166.016596 166.018256 166.019916 166.022405 166.024065 166.025724 166.028214 166.029874 166.031533 166.034023 166.035682 166.038172 166.039831 166.041667 
0.000000 0.000000 166.035682 166.029044 166.024895 166.021575 166.020746 166.019916 166.019916 166.019916 166.020746 166.022405 166.024065 166.024895 166.026554 166.028214 166.030703 166.032363 166.034023 166.035682 166.037342 166.039831 166.041491 0.000000 
0.000000 0.000000 0.000000 166.041491 166.036512 166.033193 166.029874 166.028214 166.028214 166.027384 166.028214 166.028214 166.029044 166.029874 166.030703 166.032363 166.034023 166.035682 166.037342 166.039002 166.040661 0.000000 0.000000 0.000000 
0.000000 0.000000 0.000000 0.000000 0.000000 0.000000 166.041491 166.039002 166.036512 166.036512 166.035682 166.035682 166.035682 166.035682 166.036512 166.037342 166.038172 166.039831 166.041491 0.000000 0.000000 0.000000 0.000000 0.000000 
