test/output/constant/M185_S000_A000_WD270.0_WS045.0/M185_S000_A000_WD270.0_WS045.0_arrival.asc
ncols         33
nrows         7
xllcorner     426603.990666
yllcorner     12748455.311160
cellsize      100.000000
NODATA_value  0.000000
0.000000 0.000000 0.000000 0.000000 0.000000 0.000000 0.000000 0.000000 0.000000 0.000000 0.000000 166.040672 166.039629 166.039108 166.038586 166.038065 166.038065 166.038065 166.038065 166.038586 166.039108 166.040151 166.040672 166.041667 0.000000 0.000000 0.000000 0.000000 0.000000 0.000000 0.000000 0.000000 0.000000 
0.000000 0.000000 0.000000 166.038586 166.031808 166.028158 166.025029 166.023986 166.023465 166.022943 166.022943 166.022943 166.023465 166.024508 166.025029 166.026072 166.027115 166.028158 166.028679 166.029722 166.030765 166.031808 166.032851 166.033893 166.035458 166.036501 166.037543 166.039108 166.040151 166.041194 0.000000 0.000000 0.000000 
166.029722 166.011993 166.008343 166.007822 166.007822 166.008864 166.009386 166.010429 166.011472 166.013036 166.014079 166.015122 166.016686 166.017729 166.019293 166.020336 166.021379 166.022943 166.023986 166.025550 166.026593 166.028158 166.029200 166.030765 166.031808 166.033372 166.034415 166.035458 166.037022 166.038065 166.039629 166.040672 0.000000 
166.000000 166.001043 166.002086 166.003650 166.004693 166.006257 166.007300 166.008864 166.009907 166.011472 166.012514 166.014079 166.015122 166.016686 166.017729 166.019293 166.020336 166.021900 166.022943 166.024508 166.025550 166.027115 166.028158 166.029722 166.030765 166.032329 166.033372 166.034936 166.035979 166.037543 166.038586 166.040151 166.041194 
166.029722 166.011993 166.008343 166.007822 166.007822 166.008864 166.009386 166.010429 166.011472 166.013036 166.014079 166.015122 166.016686 166.017729 166.019293 166.020336 166.021379 166.022943 166.023986 166.025550 166.026593 166.028158 166.029200 166.030765 166.031808 166.033372 166.034415 166.035458 166.037022 166.038065 166.039629 166.040672 0.000000 
0.000000 0.000000 0.000000 166.038586 166.031808 166.028158 166.025029 166.023986 166.023465 166.022943 166.022943 166.022943 166.023465 166.024508 166.025029 166.026072 166.027115 166.028158 166.028679 166.029722 166.030765 166.031808 166.032851 166.033893 166.035458 166.036501 166.037543 166.039108 166.040151 166.041194 0.000000 0.000000 0.000000 
0.000000 0.000000 0.000000 0.000000 0.000000 0.000000 0.000000 0.000000 0.000000 0.000000 0.000000 166.040672 166.039629 166.039108 166.038586 166.038065 166.038065 166.038065 166.038065 166.038586 166.039108 166.040151 166.040672 166.041667 0.000000 0.000000 0.000000 0.000000 0.000000 0.000000 0.000000 0.000000 0.000000 
