test/output/constant/M390_S060_A000_WD225.0_WS005.0/M390_S060_A000_WD225.0_WS005.0_ros.asc
ncols         49
nrows         12
xllcorner     421903.990666
yllcorner     12748455.311160
cellsize      100.000000
NODATA_value  0.000000
0.000000 0.000000 0.000000 0.000000 0.000000 0.000000 0.000000 0.000000 0.000000 65.073952 53.641258 69.751396 69.751396 59.648918 59.648918 69.751396 53.641258 59.648918 53.641258 53.641258 53.641258 7.556445 0.000000 0.000000 0.000000 0.000000 0.000000 0.000000 0.000000 0.000000 0.000000 0.000000 0.000000 0.000000 0.000000 0.000000 0.000000 0.000000 0.000000 0.000000 0.000000 0.000000 0.000000 0.000000 0.000000 0.000000 0.000000 0.000000 0.000000 
0.000000 0.000000 0.000000 78.565544 73.539024 78.565544 78.565544 78.565544 73.539024 65.073952 59.648918 76.321632 69.751396 65.073952 53.641258 76.321632 69.751396 53.641258 73.539024 53.641258 59.648918 53.641258 4.692025 59.648918 53.641258 4.692025 53.641258 4.692025 4.692025 4.692025 0.000000 0.000000 0.000000 0.000000 0.000000 0.000000 0.000000 0.000000 0.000000 0.000000 0.000000 0.000000 0.000000 0.000000 0.000000 0.000000 0.000000 0.000000 0.000000 
0.000000 78.565544 78.565544 78.565544 78.565544 78.565544 69.751396 78.565544 78.565544 78.565544 78.565544 78.565544 78.565544 78.565544 78.565544 78.565544 76.321632 69.751396 76.321632 76.321632 69.751396 53.641258 69.751396 59.648918 53.641258 69.751396 53.641258 7.556445 59.648918 59.648918 59.648918 2.820282 59.648918 53.641258 59.648918 59.648918 0.000000 0.000000 0.000000 0.000000 0.000000 0.000000 0.000000 0.000000 0.000000 0.000000 0.000000 0.000000 0.000000 
78.565544 78.565544 78.565544 78.565544 73.539024 78.565544 78.565544 78.565544 78.565544 78.565544 78.565544 78.565544 78.565544 78.565544 69.751396 69.751396 78.565544 73.539024 78.565544 78.014595 78.565544 73.539024 59.648918 59.648918 69.751396 53.641258 59.648918 53.641258 59.648918 53.641258 59.648918 59.648918 2.820282 53.641258 2.193005 53.641258 4.692025 47.233662 53.641258 59.648918 0.000000 0.000000 0.000000 0.000000 0.000000 0.000000 0.000000 0.000000 0.000000 
78.565544 78.565544 78.565544 78.565544 78.565544 78.565544 78.565544 78.565544 73.539024 78.565544 78.565544 69.751396 78.565544 78.565544 78.565544 73.539024 78.565544 65.073952 65.073952 65.073952 69.751396 69.751396 76.321632 78.565544 78.565544 78.565544 78.415543 76.321632 76.321632 65.073952 59.648918 65.073952 53.641258 59.648918 7.556445 53.641258 53.641258 4.692025 4.692025 53.641258 53.641258 53.641258 2.820282 0.000000 0.000000 0.000000 0.000000 0.000000 0.000000 
0.000000 65.519569 78.565544 78.565544 78.565544 65.519569 70.124763 73.828133 78.565544 78.565544 78.565544 78.565544 78.565544 78.565544 78.565544 78.565544 78.565544 78.565544 78.565544 78.565544 78.565544 78.565544 69.751396 78.565544 69.751396 78.565544 78.565544 78.565544 78.565544 78.565544 76.321632 78.565544 69.751396 65.073952 78.415543 73.539024 53.641258 59.648918 2.820282 53.641258 59.648918 53.641258 4.692025 1.386461 2.820282 2.193005 0.000000 0.000000 0.000000 
0.000000 0.000000 65.519569 65.519569 65.519569 65.519569 70.124763 65.519569 65.519569 78.565544 65.519569 65.519569 65.519569 76.517220 65.519569 78.463615 78.565544 78.565544 65.519569 73.828133 78.565544 78.565544 78.565544 78.565544 78.565544 78.565544 78.565544 78.565544 78.014595 78.565544 78.565544 78.565544 78.565544 69.751396 78.565544 78.565544 65.073952 78.565544 78.565544 73.539024 53.641258 59.648918 7.556445 53.641258 53.641258 1.386461 1.777081 1.777081 0.000000 
0.000000 0.000000 0.000000 0.000000 65.519569 65.519569 65.519569 65.519569 70.124763 65.519569 65.519569 65.519569 65.519569 65.519569 65.519569 65.519569 65.519569 65.519569 65.519569 65.519569 65.519569 65.519569 70.124763 65.519569 78.565544 65.519569 65.519569 70.124763 78.565544 78.565544 70.124763 65.519569 78.565544 78.565544 78.565544 78.565544 78.565544 78.565544 78.565544 78.565544 78.565544 78.565544 78.565544 59.648918 76.321632 76.321632 59.648918 1.386461 0.000000 
0.000000 0.000000 0.000000 0.000000 0.000000 0.000000 65.519569 65.519569 65.519569 65.519569 65.519569 65.519569 65.519569 65.519569 65.519569 65.519569 65.519569 65.519569 65.519569 65.519569 65.519569 65.519569 65.519569 65.519569 65.519569 65.519569 65.519569 65.519569 65.519569 65.519569 70.124763 65.519569 65.519569 65.519569 65.519569 65.519569 65.519569 78.565544 65.519569 65.519569 65.519569 70.124763 78.565544 78.565544 78.565544 78.565544 78.565544 -1.000000 1.152663 
0.000000 0.000000 0.000000 0.000000 0.000000 0.000000 0.000000 0.000000 0.000000 0.000000 65.519569 65.519569 65.519569 65.519569 65.519569 65.519569 65.519569 65.519569 65.519569 65.519569 70.124763 65.519569 65.519569 65.519569 65.519569 65.519569 65.519569 65.519569 65.519569 65.519569 65.519569 65.519569 65.519569 65.519569 65.519569 65.519569 65.519569 65.519569 65.519569 65.519569 65.519569 60.152382 34.563118 34.563118 28.110003 54.186207 28.110003 1.361100 0.000000 
0.000000 0.000000 0.000000 0.000000 0.000000 0.000000 0.000000 0.000000 0.000000 0.000000 0.000000 0.000000 0.000000 0.000000 65.519569 65.519569 65.519569 65.519569 65.519569 65.519569 65.519569 65.519569 65.519569 65.519569 65.519569 65.519569 65.519569 65.519569 65.519569 65.519569 65.519569 65.519569 65.519569 65.519569 65.519569 34.563118 65.519569 65.519569 41.194305 28.110003 47.802223 28.110003 47.802223 41.194305 1.361100 1.361100 1.361100 0.000000 0.000000 
0.000000 0.000000 0.000000 0.000000 0.000000 0.000000 0.000000 0.000000 0.000000 0.000000 0.000000 0.000000 0.000000 0.000000 0.000000 0.000000 0.000000 0.000000 0.000000 0.000000 0.000000 65.519569 65.519569 65.519569 65.519569 28.110003 65.519569 34.563118 41.194305 65.519569 65.519569 28.110003 28.110003 65.519569 34.563118 41.194305 34.563118 41.194305 47.802223 34.563118 34.563118 41.194305 0.000000 0.000000 0.000000 0.000000 0.000000 0.000000 0.000000 
