test/output/constant/M395_S060_A270_WD000.0_WS025.0/M395_S060_A270_WD000.0_WS025.0_arrival.asc
ncols         11
nrows         24
xllcorner     426103.990666
yllcorner     12748455.311160
cellsize      100.000000
NODATA_value  0.000000
0.000000 0.000000 0.000000 166.041667 166.041491 166.040661 166.041491 166.041667 0.000000 0.000000 0.000000 
0.000000 0.000000 166.041491 166.039831 166.039002 166.039002 166.039002 166.039831 166.041491 0.000000 0.000000 
0.000000 0.000000 166.039831 166.038172 166.037342 166.036512 166.037342 166.038172 166.039831 0.000000 0.000000 
0.000000 166.040661 166.037342 166.035682 166.034853 166.034853 166.034853 166.035682 166.037342 166.040661 0.000000 
0.000000 166.039002 166.035682 166.034023 166.033193 166.032363 166.033193 166.034023 166.035682 166.039002 0.000000 
166.041491 166.037342 166.034023 166.031533 166.030703 166.030703 166.030703 166.031533 166.034023 166.037342 166.041491 
166.039831 166.035682 166.032363 166.029874 166.029044 166.028214 166.029044 166.029874 166.032363 166.035682 166.039831 
166.038172 166.034023 166.030703 166.028214 166.026554 166.026554 166.026554 166.028214 166.030703 166.034023 166.038172 
166.037342 166.032363 166.028214 166.025724 166.024895 166.024065 166.024895 166.025724 166.028214 166.032363 166.037342 
166.036512 166.030703 166.026554 166.024065 166.022405 166.022405 166.022405 166.024065 166.026554 166.030703 166.036512 
166.035682 166.029874 166.024895 166.022405 166.020746 166.019916 166.020746 166.022405 166.024895 166.029874 166.035682 
166.035682 166.029044 166.024065 166.019916 166.018256 166.018256 166.018256 166.019916 166.024065 166.029044 166.035682 
166.035682 166.028214 166.022405 166.018256 166.016596 166.015767 166.016596 166.018256 166.022405 166.028214 166.035682 
166.035682 166.028214 166.020746 166.016596 166.014107 166.014107 166.014107 166.016596 166.020746 166.028214 166.035682 
166.036512 166.027384 166.019916 166.014937 166.012447 166.011618 166.012447 166.014937 166.019916 166.027384 166.036512 
166.036512 166.028214 166.019916 166.013277 166.009958 166.009958 166.009958 166.013277 166.019916 166.028214 166.036512 
166.039002 166.028214 166.019916 166.012447 166.008298 166.007468 166.008298 166.012447 166.019916 166.028214 166.039002 
166.041491 166.029874 166.020746 166.012447 166.006639 166.005809 166.006639 166.012447 166.020746 166.029874 166.041491 
0.000000 166.033193 166.021575 166.012447 166.004979 166.003319 166.004979 166.012447 166.021575 166.033193 0.000000 
0.000000 166.036512 166.024895 166.013277 166.004149 166.001660 166.004149 166.013277 166.024895 166.036512 0.000000 
0.000000 166.041491 166.029044 166.016596 166.004979 166.000000 166.004979 166.016596 166.029044 166.041491 0.000000 
0.000000 0.000000 166.035682 166.023235 166.010788 166.007468 166.010788 166.023235 166.035682 0.000000 0.000000 
0.000000 0.000000 0.000000 166.031533 166.023235 166.020746 166.023235 166.031533 0.000000 0.000000 0.000000 
0.000000 0.000000 0.000000 0.000000 166.035682 166.034853 166.035682 0.000000 0.000000 0.000000 0.000000 
