test/output/constant/M3100_S060_A090_WD135.0_WS045.0/M3100_S060_A090_WD135.0_WS045.0_intensity.asc
ncols         41
nrows         16
xllcorner     422703.990666
yllcorner     12747455.311160
cellsize      100.000000
NODATA_value  0.000000
0 0 0 0 0 0 0 0 0 0 0 0 0 0 0 0 0 0 0 0 0 0 0 0 0 0 0 0 0 0 0 0 0 10030 13661 10030 17867 10030 1382 0 0 
0 0 0 0 0 0 0 0 0 0 0 0 0 0 0 0 0 0 0 0 0 0 0 0 0 27498 13661 10030 27498 17867 22525 27498 13661 7069 10030 7069 22525 10030 17867 1954 1954 
0 0 0 0 0 0 0 0 0 0 0 0 0 0 0 0 0 0 0 0 22525 13661 27498 27498 13661 27498 22525 13661 27498 27498 13661 27498 10030 27498 27498 27498 27498 62630 62630 0 2437 
0 0 0 0 0 0 0 0 0 0 0 0 0 0 0 0 0 22525 17867 27498 27498 22525 27498 10030 27498 27498 27498 27498 42786 10030 42786 37783 27498 62630 62630 62630 62630 58994 56131 1844 1844 
0 0 0 0 0 0 0 0 0 0 0 0 0 37783 13661 27498 27498 27498 27498 27498 32636 17867 27498 17867 27498 17867 27498 37783 22525 55453 62630 62630 62630 62630 62630 61069 52567 48410 1844 2917 0 
0 0 0 0 0 0 0 0 0 0 0 27498 32636 13661 27498 32636 10030 27498 13661 32636 51756 47491 27498 55453 55453 60711 62630 62630 62630 62630 62630 62568 62630 56131 52567 5246 3544 2917 1312 0 0 
0 0 0 0 0 0 0 0 0 32636 42786 27498 42786 27498 7069 17867 37783 62478 27498 17867 62630 55453 62630 62630 62630 62630 62630 58994 62630 62630 10755 52567 52567 3544 5246 3544 3544 1312 0 0 0 
0 0 0 0 0 0 47491 13661 37783 27498 27498 42786 27498 47491 27498 60711 60711 32636 62478 60711 62630 62630 62630 62630 62630 62293 62630 52567 52567 52567 5246 5246 48410 43785 2917 2917 0 0 0 0 0 
0 0 0 0 0 17867 22525 51756 27498 51756 27498 17867 10030 27498 55453 62630 62630 62630 62630 62630 62630 62630 62630 62630 61069 52567 52567 52567 5246 52567 2437 48410 1844 2917 0 0 0 0 0 0 0 
0 0 0 27498 17867 51756 62630 27498 27498 27498 55453 62630 60711 62630 62630 62630 56131 62630 62630 62630 62630 61069 62630 48410 52567 52567 48410 48410 52567 2917 3544 43785 0 0 0 0 0 0 0 0 0 
0 0 62630 22525 37783 62630 27498 51756 62630 62630 62630 62630 62630 62630 62630 62630 62630 62568 52567 62630 58994 5246 52567 52567 52567 3544 52567 2917 2437 1844 0 0 0 0 0 0 0 0 0 0 0 
0 62630 62630 62630 62630 58468 62630 62630 62630 62630 62630 62630 62630 62630 62568 62630 52567 56131 56131 52567 52567 52567 48410 3544 3544 7648 48410 0 0 0 0 0 0 0 0 0 0 0 0 0 0 
62630 62630 62630 62630 62630 62630 62630 62630 62630 62630 62630 62630 62630 62568 52567 52567 52567 52567 52567 52567 2437 48410 5246 2437 0 0 0 0 0 0 0 0 0 0 0 0 0 0 0 0 0 
62630 62630 62630 62630 62630 56131 62630 62630 62630 56131 62568 48410 48410 48410 3544 52567 52567 48410 3544 52567 52567 0 0 0 0 0 0 0 0 0 0 0 0 0 0 0 0 0 0 0 0 
62630 62630 62630 62630 62630 61069 62293 48410 58994 62568 52567 5246 52567 52567 52567 48410 5246 0 0 0 0 0 0 0 0 0 0 0 0 0 0 0 0 0 0 0 0 0 0 0 0 
0 0 0 62293 62630 52567 62630 62568 56131 52567 62630 0 0 0 0 0 0 0 0 0 0 0 0 0 0 0 0 0 0 0 0 0 0 0 0 0 0 0 0 0 0 
