test/output/constant/M375_S060_A270_WD180.0_WS010.0/M375_S060_A270_WD180.0_WS010.0_arrival.asc
ncols         9
nrows         51
xllcorner     426203.990666
yllcorner     12748755.311160
cellsize      100.000000
NODATA_value  0.000000
0.000000 0.000000 0.000000 0.000000 166.041425 0.000000 0.000000 0.000000 0.000000 
0.000000 0.000000 0.000000 166.041091 166.040757 166.041091 0.000000 0.000000 0.000000 
0.000000 0.000000 166.041425 166.040089 166.039755 166.040089 166.041425 0.000000 0.000000 
0.000000 0.000000 166.040757 166.039421 166.039087 166.039421 166.040757 0.000000 0.000000 
0.000000 0.000000 166.040089 166.038419 166.038085 166.038419 166.040089 0.000000 0.000000 
0.000000 0.000000 166.039087 166.037750 166.037416 166.037750 166.039087 0.000000 0.000000 
0.000000 166.041425 166.038419 166.037082 166.036414 166.037082 166.038419 166.041425 0.000000 
0.000000 166.040423 166.037750 166.036080 166.035746 166.036080 166.037750 166.040423 0.000000 
0.000000 166.039755 166.037082 166.035412 166.034744 166.035412 166.037082 166.039755 0.000000 
0.000000 166.039087 166.036080 166.034410 166.034076 166.034410 166.036080 166.039087 0.000000 
0.000000 166.038419 166.035412 166.033742 166.033073 166.033742 166.035412 166.038419 0.000000 
0.000000 166.037416 166.034410 166.032739 166.032405 166.032739 166.034410 166.037416 0.000000 
0.000000 166.036748 166.033742 166.032071 166.031403 166.032071 166.033742 166.036748 0.000000 
166.041425 166.036080 166.032739 166.031069 166.030735 166.031069 166.032739 166.036080 166.041425 
166.040757 166.035412 166.032071 166.030401 166.029733 166.030401 166.032071 166.035412 166.040757 
166.040089 166.034744 166.031403 166.029733 166.029065 166.029733 166.031403 166.034744 166.040089 
166.039421 166.034076 166.030401 166.028730 166.028062 166.028730 166.030401 166.034076 166.039421 
166.039087 166.033408 166.029733 166.028062 166.027394 166.028062 166.029733 166.033408 166.039087 
166.038419 166.032739 166.029065 166.027060 166.026392 166.027060 166.029065 166.032739 166.038419 
166.038085 166.032071 166.028396 166.026392 166.025724 166.026392 166.028396 166.032071 166.038085 
166.037416 166.031737 166.027394 166.025390 166.024722 166.025390 166.027394 166.031737 166.037416 
166.036748 166.031069 166.026726 166.024722 166.024053 166.024722 166.026726 166.031069 166.036748 
166.036414 166.030401 166.026058 166.023719 166.023051 166.023719 166.026058 166.030401 166.036414 
166.036080 166.029733 166.025056 166.023051 166.022383 166.023051 166.025056 166.029733 166.036080 
166.036080 166.029065 166.024387 166.022049 166.021381 166.022049 166.024387 166.029065 166.036080 
166.036080 166.028730 166.023719 166.021381 166.020713 166.021381 166.023719 166.028730 166.036080 
166.036080 166.028062 166.023051 166.020379 166.019710 166.020379 166.023051 166.028062 166.036080 
166.036080 166.027394 166.022049 166.019710 166.019042 166.019710 166.022049 166.027394 166.036080 
166.036414 166.027060 166.021381 166.018708 166.018040 166.018708 166.021381 166.027060 166.036414 
166.036414 166.026392 166.020713 166.018040 166.017372 166.018040 166.020713 166.026392 166.036414 
166.036748 166.026058 166.020045 166.017038 166.016370 166.017038 166.020045 166.026058 166.036748 
166.037082 166.025724 166.019376 166.016370 166.015702 166.016370 166.019376 166.025724 166.037082 
166.038085 166.025724 166.019042 166.015367 166.014699 166.015367 166.019042 166.025724 166.038085 
166.038419 166.025724 166.018374 166.014699 166.014031 166.014699 166.018374 166.025724 166.038419 
166.039421 166.026058 166.017706 166.013697 166.013029 166.013697 166.017706 166.026058 166.039421 
166.040423 166.026058 166.017038 166.013029 166.012361 166.013029 166.017038 166.026058 166.040423 
166.041425 166.026392 166.016704 166.012027 166.011359 166.012027 166.016704 166.026392 166.041425 
0.000000 166.027060 166.016036 166.011359 166.010690 166.011359 166.016036 166.027060 0.000000 
0.000000 166.027728 166.015702 166.010690 166.009688 166.010690 166.015702 166.027728 0.000000 
0.000000 166.028730 166.015702 166.009688 166.009020 166.009688 166.015702 166.028730 0.000000 
0.000000 166.029733 166.015702 166.009020 166.008018 166.009020 166.015702 166.029733 0.000000 
0.000000 166.031737 166.015702 166.008352 166.007350 166.008352 166.015702 166.031737 0.000000 
0.000000 166.034076 166.016370 166.007684 166.006347 166.007684 166.016370 166.034076 0.000000 
0.000000 166.036748 166.016704 166.007016 166.005679 166.007016 166.016704 166.036748 0.000000 
0.000000 166.041425 166.018040 166.006347 166.004677 166.006347 166.018040 166.041425 0.000000 
0.000000 0.000000 166.020045 166.005679 166.004009 166.005679 166.020045 0.000000 0.000000 
0.000000 0.000000 166.022717 166.005345 166.003007 166.005345 166.022717 0.000000 0.000000 
0.000000 0.000000 166.027728 166.005345 166.002339 166.005345 166.027728 0.000000 0.000000 
0.000000 0.000000 166.038085 166.006013 166.001336 166.006013 166.038085 0.000000 0.000000 
0.000000 0.000000 0.000000 166.008686 166.000668 166.008686 0.000000 0.000000 0.000000 
0.000000 0.000000 0.000000 166.020045 166.000000 166.020045 0.000000 0.000000 0.000000 
