test/output/constant/M390_S060_A270_WD315.0_WS050.0/M390_S060_A270_WD315.0_WS050.0_arrival.asc
ncols         41
nrows         10
xllcorner     426503.990666
yllcorner     12748555.311160
cellsize      100.000000
NODATA_value  0.000000
0.000000 0.000000 0.000000 0.000000 0.000000 0.000000 0.000000 0.000000 0.000000 0.000000 0.000000 0.000000 0.000000 0.000000 0.000000 0.000000 0.000000 0.000000 0.000000 166.040752 166.039670 166.038588 166.037867 166.037506 166.036785 166.036785 166.036424 166.036424 166.036785 166.037145 166.037506 166.037867 166.038227 166.038588 166.038948 166.039670 166.040391 166.040752 166.041473 0.000000 0.000000 
0.000000 0.000000 0.000000 0.000000 0.000000 0.000000 0.000000 0.000000 0.000000 0.000000 0.000000 0.000000 0.000000 166.040391 166.038227 166.036424 166.034981 166.033539 166.032457 166.032096 166.031375 166.031014 166.031014 166.031014 166.031014 166.031375 166.031736 166.032096 166.032457 166.033178 166.033900 166.034260 166.034981 166.035703 166.036424 166.037145 166.037867 166.038588 166.039670 166.040752 166.041473 
0.000000 0.000000 0.000000 0.000000 0.000000 0.000000 0.000000 0.000000 0.000000 166.038948 166.035342 166.032457 166.030293 166.028851 166.027769 166.026687 166.025966 166.025605 166.025244 166.025244 166.025605 166.025966 166.026326 166.026687 166.027048 166.027769 166.028129 166.029211 166.029572 166.030654 166.031375 166.032096 166.033178 166.034260 166.034981 166.036063 166.037145 166.037867 166.038948 166.040030 166.041112 
0.000000 0.000000 0.000000 0.000000 0.000000 0.000000 166.036063 166.031014 166.027408 166.024523 166.022720 166.021638 166.020556 166.020195 166.019835 166.019835 166.019835 166.020195 166.020556 166.021277 166.021638 166.022359 166.023081 166.023802 166.024884 166.025605 166.026687 166.027408 166.028490 166.029572 166.030654 166.031736 166.032818 166.033900 166.034981 166.035703 166.036785 166.038227 166.038948 166.040030 166.041473 
0.000000 0.000000 0.000000 166.036785 166.028490 166.023081 166.019114 166.016950 166.015507 166.014786 166.014065 166.014065 166.014425 166.014786 166.015147 166.015868 166.016589 166.017310 166.018032 166.019114 166.019835 166.020917 166.021999 166.023081 166.024162 166.025244 166.026326 166.027408 166.028490 166.029572 166.030654 166.031736 166.032818 166.033900 166.034981 166.036063 166.037145 166.038588 166.039670 166.040752 0.000000 
0.000000 166.034260 166.022359 166.015507 166.011180 166.009376 166.008655 166.008655 166.008655 166.009376 166.009737 166.010819 166.011540 166.012622 166.013704 166.014786 166.015868 166.016589 166.017671 166.018753 166.019835 166.020917 166.021999 166.023081 166.024162 166.025244 166.026326 166.027769 166.028851 166.029933 166.031014 166.032457 166.033539 166.034981 166.036063 166.037506 166.038588 166.040030 166.041112 0.000000 0.000000 
0.000000 166.007934 166.003246 166.002885 166.003246 166.003967 166.005049 166.006131 166.007213 166.008295 166.009376 166.010458 166.011540 166.012622 166.013704 166.014786 166.015868 166.016950 166.018032 166.019114 166.020556 166.021638 166.023081 166.024162 166.025605 166.026687 166.028129 166.029572 166.031014 166.032096 166.033539 166.034621 166.036063 166.037506 166.038948 166.040030 166.041473 0.000000 0.000000 0.000000 0.000000 
166.034621 166.000000 166.000721 166.001803 166.002885 166.003967 166.005049 166.006131 166.007213 166.008655 166.010098 166.011180 166.012622 166.014065 166.015147 166.016589 166.018032 166.019474 166.020556 166.021999 166.023441 166.024884 166.025966 166.027408 166.028851 166.030293 166.031736 166.032818 166.034260 166.035703 166.037145 166.038588 166.039670 166.041112 0.000000 0.000000 0.000000 0.000000 0.000000 0.000000 0.000000 
0.000000 166.013704 166.010098 166.009737 166.010098 166.010458 166.011540 166.012622 166.013704 166.015147 166.016229 166.017310 166.018753 166.020195 166.021277 166.022720 166.024162 166.025244 166.026687 166.028129 166.029572 166.030654 166.032096 166.033539 166.034981 166.036063 166.037506 166.038948 166.040030 166.041473 0.000000 0.000000 0.000000 0.000000 0.000000 0.000000 0.000000 0.000000 0.000000 0.000000 0.000000 
0.000000 0.000000 166.038227 166.033539 166.030654 166.028851 166.028129 166.027769 166.028129 166.028490 166.028851 166.028851 166.029933 166.031014 166.032096 166.033178 166.033900 166.034981 166.036424 166.037506 166.038588 166.039670 166.041112 0.000000 0.000000 0.000000 0.000000 0.000000 0.000000 0.000000 0.000000 0.000000 0.000000 0.000000 0.000000 0.000000 0.000000 0.000000 0.000000 0.000000 0.000000 
