test/output/constant/M3M495_S060_A180_WD045.0_WS010.0/M3M495_S060_A180_WD045.0_WS010.0_ros.asc
ncols         44
nrows         14
xllcorner     426503.990666
yllcorner     12747655.311160
cellsize      100.000000
NODATA_value  0.000000
0.000000 0.000000 0.000000 15.481723 20.459812 25.932247 20.459812 20.459812 20.459812 20.459812 11.146736 37.690369 15.481723 43.620468 15.481723 37.690369 0.000000 0.000000 0.000000 0.000000 0.000000 0.000000 0.000000 0.000000 0.000000 0.000000 0.000000 0.000000 0.000000 0.000000 0.000000 0.000000 0.000000 0.000000 0.000000 0.000000 0.000000 0.000000 0.000000 0.000000 0.000000 0.000000 0.000000 0.000000 
1.367546 1.599625 25.932247 20.459812 15.481723 43.620468 15.481723 43.620468 43.620468 43.620468 37.690369 31.734203 37.690369 20.459812 49.344860 43.620468 20.459812 49.344860 31.734203 49.344860 25.932247 43.620468 31.734203 0.000000 0.000000 0.000000 0.000000 0.000000 0.000000 0.000000 0.000000 0.000000 0.000000 0.000000 0.000000 0.000000 0.000000 0.000000 0.000000 0.000000 0.000000 0.000000 0.000000 0.000000 
2.037767 0.000000 71.102707 71.102707 71.102707 71.102707 71.102707 71.102707 69.308998 37.690369 25.932247 59.493904 31.734203 15.481723 54.690025 31.734203 63.610813 31.734203 66.915916 54.690025 31.734203 59.493904 37.690369 49.344860 31.734203 54.690025 43.620468 20.459812 0.000000 0.000000 0.000000 0.000000 0.000000 0.000000 0.000000 0.000000 0.000000 0.000000 0.000000 0.000000 0.000000 0.000000 0.000000 0.000000 
2.037767 2.409448 58.567974 62.833141 71.102707 71.102707 71.102707 71.102707 71.102707 71.102707 71.102707 66.915916 20.459812 70.717552 71.102707 71.102707 71.102707 71.102707 69.308998 25.932247 31.734203 71.102707 69.308998 66.915916 31.734203 63.610813 49.344860 25.932247 69.308998 54.690025 25.932247 0.000000 0.000000 0.000000 0.000000 0.000000 0.000000 0.000000 0.000000 0.000000 0.000000 0.000000 0.000000 0.000000 
0.000000 1.436136 2.409448 48.216263 53.645779 68.897270 68.897270 71.102707 71.102707 71.102707 71.102707 71.102707 71.102707 71.102707 71.102707 71.102707 71.102707 71.032127 71.102707 71.102707 66.915916 31.734203 20.459812 66.915916 71.102707 71.102707 71.102707 71.102707 71.102707 59.493904 31.734203 25.932247 71.102707 66.915916 0.000000 0.000000 0.000000 0.000000 0.000000 0.000000 0.000000 0.000000 0.000000 0.000000 
0.000000 0.000000 2.409448 2.952178 1.660479 48.216263 48.216263 70.928802 70.511665 71.102707 71.102707 71.102707 71.102707 71.102707 71.102707 71.102707 71.102707 71.102707 71.102707 71.102707 20.459812 37.690369 31.734203 71.102707 20.459812 59.493904 31.734203 63.610813 71.102707 71.102707 71.102707 25.932247 20.459812 71.102707 71.102707 71.102707 71.102707 0.000000 0.000000 0.000000 0.000000 0.000000 0.000000 0.000000 
0.000000 0.000000 0.000000 0.000000 2.409448 48.216263 48.216263 48.216263 48.216263 53.645779 71.102707 66.311523 71.102707 71.102707 71.102707 71.102707 71.102707 71.102707 71.102707 71.102707 71.102707 71.102707 71.102707 71.102707 71.102707 71.102707 71.102707 37.690369 71.102707 71.102707 70.717552 71.102707 71.032127 71.102707 71.102707 37.690369 71.032127 71.102707 71.102707 0.000000 0.000000 0.000000 0.000000 0.000000 
0.000000 0.000000 0.000000 0.000000 0.000000 0.000000 1.660479 42.444550 48.216263 48.216263 48.216263 48.216263 70.511665 53.645779 62.833141 71.102707 71.102707 70.511665 71.102707 71.102707 71.102707 71.102707 71.102707 71.102707 71.102707 71.102707 71.102707 71.102707 71.102707 71.102707 71.102707 71.102707 71.102707 37.690369 71.102707 71.102707 71.032127 71.102707 71.102707 71.102707 71.032127 0.000000 0.000000 0.000000 
0.000000 0.000000 0.000000 0.000000 0.000000 0.000000 0.000000 0.000000 0.000000 42.444550 53.645779 48.216263 53.645779 53.645779 66.311523 48.216263 68.897270 71.102707 66.311523 62.833141 71.102707 71.102707 71.102707 71.102707 71.102707 71.102707 71.102707 71.102707 71.102707 69.308998 71.102707 71.102707 71.102707 71.102707 54.690025 71.102707 59.493904 71.102707 71.102707 25.932247 37.690369 71.102707 0.000000 0.000000 
0.000000 0.000000 0.000000 0.000000 0.000000 0.000000 0.000000 0.000000 0.000000 0.000000 0.000000 53.645779 48.216263 53.645779 48.216263 48.216263 68.897270 53.645779 62.833141 70.511665 71.102707 70.511665 71.102707 68.897270 71.102707 71.102707 68.897270 71.102707 71.102707 71.102707 71.102707 71.102707 71.102707 71.102707 71.032127 71.102707 54.690025 71.102707 71.102707 71.102707 71.102707 71.102707 71.102707 0.000000 
0.000000 0.000000 0.000000 0.000000 0.000000 0.000000 0.000000 0.000000 0.000000 0.000000 0.000000 0.000000 0.000000 0.000000 48.216263 48.216263 53.645779 48.216263 53.645779 48.216263 66.311523 62.833141 68.897270 68.897270 68.897270 71.102707 71.102707 71.102707 71.102707 71.102707 71.102707 71.102707 71.102707 71.102707 71.102707 71.102707 71.102707 71.102707 71.102707 71.102707 71.102707 71.102707 71.102707 71.102707 
0.000000 0.000000 0.000000 0.000000 0.000000 0.000000 0.000000 0.000000 0.000000 0.000000 0.000000 0.000000 0.000000 0.000000 0.000000 0.000000 0.000000 0.000000 48.216263 48.216263 48.216263 53.645779 68.897270 62.833141 53.645779 62.833141 70.511665 71.102707 71.102707 71.102707 71.102707 71.102707 71.102707 71.102707 71.102707 71.102707 71.102707 71.102707 71.102707 71.102707 70.928802 71.102707 71.102707 71.102707 
0.000000 0.000000 0.000000 0.000000 0.000000 0.000000 0.000000 0.000000 0.000000 0.000000 0.000000 0.000000 0.000000 0.000000 0.000000 0.000000 0.000000 0.000000 0.000000 0.000000 0.000000 0.000000 68.897270 48.216263 53.645779 71.102707 68.897270 66.311523 48.216263 68.897270 71.102707 71.102707 71.102707 71.102707 71.102707 71.102707 71.102707 71.102707 71.102707 71.102707 71.102707 71.102707 71.102707 0.000000 
0.000000 0.000000 0.000000 0.000000 0.000000 0.000000 0.000000 0.000000 0.000000 0.000000 0.000000 0.000000 0.000000 0.000000 0.000000 0.000000 0.000000 0.000000 0.000000 0.000000 0.000000 0.000000 0.000000 0.000000 0.000000 0.000000 0.000000 0.000000 62.833141 70.928802 68.897270 70.511665 70.511665 71.102707 66.311523 66.311523 71.102707 71.102707 71.102707 71.102707 71.102707 0.000000 0.000000 0.000000 
