test/output/constant/M490_S060_A000_WD180.0_WS010.0/M490_S060_A000_WD180.0_WS010.0_arrival.asc
ncols         25
nrows         11
xllcorner     424203.990666
yllcorner     12748655.311160
cellsize      100.000000
NODATA_value  0.000000
0.000000 0.000000 166.041667 0.000000 0.000000 0.000000 0.000000 0.000000 0.000000 0.000000 0.000000 0.000000 0.000000 0.000000 0.000000 0.000000 0.000000 0.000000 0.000000 0.000000 0.000000 0.000000 0.000000 0.000000 0.000000 
166.041432 166.039490 166.038843 166.037548 166.037548 166.036901 166.036901 166.037548 166.038195 166.039490 166.041432 0.000000 0.000000 0.000000 0.000000 0.000000 0.000000 0.000000 0.000000 0.000000 0.000000 0.000000 0.000000 0.000000 0.000000 
166.040785 166.039490 166.037548 166.035606 166.034311 166.033664 166.033016 166.032369 166.032369 166.032369 166.033016 166.034311 166.036253 166.039490 0.000000 0.000000 0.000000 0.000000 0.000000 0.000000 0.000000 0.000000 0.000000 0.000000 0.000000 
166.041432 166.039490 166.037548 166.035606 166.034311 166.032369 166.030427 166.029132 166.028485 166.027190 166.027190 166.027190 166.027837 166.029132 166.031074 166.034311 166.039490 0.000000 0.000000 0.000000 0.000000 0.000000 0.000000 0.000000 0.000000 
0.000000 166.041432 166.038843 166.036901 166.034311 166.032369 166.030427 166.029132 166.027190 166.025248 166.023953 166.023306 166.022658 166.022658 166.022658 166.023953 166.025895 166.029779 166.036253 0.000000 0.000000 0.000000 0.000000 0.000000 0.000000 
0.000000 0.000000 0.000000 166.040137 166.036901 166.034311 166.031722 166.029779 166.027190 166.025248 166.023953 166.022011 166.020069 166.018774 166.018127 166.017479 166.017479 166.018127 166.020716 166.025248 166.033016 0.000000 0.000000 0.000000 0.000000 
0.000000 0.000000 0.000000 0.000000 0.000000 166.038843 166.035606 166.033016 166.029779 166.027190 166.024600 166.022011 166.020069 166.018774 166.016832 166.014890 166.013595 166.012948 166.012300 166.012948 166.014890 166.021363 166.034311 0.000000 0.000000 
0.000000 0.000000 0.000000 0.000000 0.000000 0.000000 0.000000 166.039490 166.035606 166.032369 166.029132 166.025895 166.022658 166.020069 166.017479 166.014890 166.013595 166.011653 166.009711 166.008416 166.007769 166.007769 166.010358 166.021363 0.000000 
0.000000 0.000000 0.000000 0.000000 0.000000 0.000000 0.000000 0.000000 0.000000 166.041432 166.036901 166.033016 166.029779 166.025895 166.022011 166.018774 166.015537 166.012300 166.010358 166.008416 166.006474 166.004532 166.003237 166.002590 166.007769 
0.000000 0.000000 0.000000 0.000000 0.000000 0.000000 0.000000 0.000000 0.000000 0.000000 0.000000 0.000000 166.041432 166.037548 166.033016 166.029132 166.024600 166.020716 166.016832 166.012948 166.009063 166.005179 166.003237 166.001295 166.000000 
0.000000 0.000000 0.000000 0.000000 0.000000 0.000000 0.000000 0.000000 0.000000 0.000000 0.000000 0.000000 0.000000 0.000000 0.000000 0.000000 0.000000 0.000000 166.041432 166.036901 166.033016 166.030427 166.029132 166.027837 166.034311 
