test/output/constant/M495_S060_A270_WD225.0_WS010.0/M495_S060_A270_WD225.0_WS010.0_arrival.asc
ncols         10
nrows         35
xllcorner     426503.990666
yllcorner     12748755.311160
cellsize      100.000000
NODATA_value  0.000000
0.000000 0.000000 0.000000 0.000000 0.000000 0.000000 166.040967 166.040496 166.040967 0.000000 
0.000000 0.000000 0.000000 0.000000 0.000000 166.040967 166.039554 166.039554 166.040025 0.000000 
0.000000 0.000000 0.000000 0.000000 0.000000 166.039554 166.038141 166.038141 166.039083 166.041667 
0.000000 0.000000 0.000000 0.000000 166.040967 166.037671 166.037200 166.037200 166.038612 166.041438 
0.000000 0.000000 0.000000 0.000000 166.039083 166.036258 166.035787 166.035787 166.037671 166.040967 
0.000000 0.000000 0.000000 166.041438 166.037200 166.034845 166.034845 166.034845 166.037200 166.040496 
0.000000 0.000000 0.000000 166.039554 166.035316 166.033903 166.033433 166.033903 166.036258 166.040496 
0.000000 0.000000 0.000000 166.037671 166.033903 166.032491 166.032491 166.032962 166.035787 166.040967 
0.000000 0.000000 166.041438 166.035787 166.032491 166.031078 166.031078 166.032491 166.035316 166.040967 
0.000000 0.000000 166.039554 166.033903 166.030607 166.029666 166.030136 166.031549 166.035316 166.041438 
0.000000 0.000000 166.037671 166.032491 166.029195 166.028724 166.028724 166.031078 166.035316 166.041667 
0.000000 0.000000 166.035787 166.030607 166.027782 166.027311 166.027782 166.030607 166.035316 0.000000 
0.000000 166.040967 166.033433 166.028724 166.026369 166.026369 166.026840 166.030136 166.035787 0.000000 
0.000000 166.038612 166.031549 166.026840 166.024957 166.024957 166.026369 166.029666 166.036258 0.000000 
0.000000 166.036729 166.029666 166.024957 166.024015 166.024015 166.025428 166.030136 166.036729 0.000000 
0.000000 166.034845 166.027782 166.023544 166.022602 166.022602 166.024957 166.030136 166.037200 0.000000 
0.000000 166.032491 166.025428 166.022131 166.021190 166.021661 166.024486 166.030607 166.038141 0.000000 
0.000000 166.030607 166.024015 166.020248 166.020248 166.020719 166.024486 166.031078 166.040025 0.000000 
0.000000 166.028253 166.022131 166.019306 166.018835 166.020248 166.024486 166.031549 0.000000 0.000000 
166.040025 166.026369 166.020248 166.017893 166.017893 166.019777 166.024957 166.032491 0.000000 0.000000 
166.038141 166.024486 166.018364 166.016481 166.016481 166.019306 166.025428 166.034374 0.000000 0.000000 
166.035787 166.022131 166.016481 166.015539 166.015539 166.019306 166.025898 166.037200 0.000000 0.000000 
166.033903 166.020248 166.015068 166.014126 166.014597 166.019306 166.027311 166.040967 0.000000 0.000000 
166.031549 166.017893 166.013185 166.012714 166.014126 166.019777 166.029195 0.000000 0.000000 0.000000 
166.029666 166.016010 166.011772 166.011772 166.013656 166.020248 166.032491 0.000000 0.000000 0.000000 
166.027782 166.014126 166.010359 166.010359 166.013656 166.021661 166.036258 0.000000 0.000000 0.000000 
166.025428 166.011772 166.009418 166.009418 166.014126 166.024015 0.000000 0.000000 0.000000 0.000000 
166.024015 166.009889 166.008005 166.008476 166.014597 166.027782 0.000000 0.000000 0.000000 0.000000 
166.022131 166.008005 166.007063 166.008476 166.016010 166.034374 0.000000 0.000000 0.000000 0.000000 
166.020248 166.006121 166.005651 166.008476 166.019306 0.000000 0.000000 0.000000 0.000000 0.000000 
166.019306 166.004709 166.004238 166.008947 166.025428 0.000000 0.000000 0.000000 0.000000 0.000000 
166.018364 166.003296 166.003296 166.011301 166.036258 0.000000 0.000000 0.000000 0.000000 0.000000 
166.018364 166.001884 166.002825 166.017893 0.000000 0.000000 0.000000 0.000000 0.000000 0.000000 
166.020719 166.000942 166.003296 166.033433 0.000000 0.000000 0.000000 0.000000 0.000000 0.000000 
166.032962 166.000000 166.013185 0.000000 0.000000 0.000000 0.000000 0.000000 0.000000 0.000000 
