test/output/constant/M375_S060_A090_WD135.0_WS035.0/M375_S060_A090_WD135.0_WS035.0_ros.asc
ncols         25
nrows         15
xllcorner     424303.990666
yllcorner     12747455.311160
cellsize      100.000000
NODATA_value  0.000000
0.000000 0.000000 0.000000 0.000000 0.000000 0.000000 0.000000 0.000000 0.000000 0.000000 0.000000 0.000000 0.000000 0.000000 0.000000 0.000000 0.000000 0.000000 0.000000 6.503656 6.503656 6.503656 4.758952 6.503656 1.507926 
0.000000 0.000000 0.000000 0.000000 0.000000 0.000000 0.000000 0.000000 0.000000 0.000000 0.000000 0.000000 0.000000 0.000000 0.000000 6.503656 8.727863 8.727863 4.758952 11.382847 4.758952 6.503656 44.024441 -1.000000 2.634010 
0.000000 0.000000 0.000000 0.000000 0.000000 0.000000 0.000000 0.000000 0.000000 0.000000 0.000000 0.000000 0.000000 11.382847 4.758952 11.382847 6.503656 21.153889 24.695038 6.503656 44.024441 44.024441 43.498085 1.962792 3.890261 
0.000000 0.000000 0.000000 0.000000 0.000000 0.000000 0.000000 0.000000 0.000000 0.000000 0.000000 11.382847 21.153889 11.382847 8.727863 6.503656 4.758952 11.382847 44.024441 44.024441 44.024441 35.895447 32.890064 2.824427 0.000000 
0.000000 0.000000 0.000000 0.000000 0.000000 0.000000 0.000000 0.000000 0.000000 4.758952 14.397919 14.397919 14.397919 11.382847 8.727863 43.119198 44.024441 44.024441 44.024441 32.890064 35.895447 29.606758 2.824427 2.824427 0.000000 
0.000000 0.000000 0.000000 0.000000 0.000000 0.000000 0.000000 39.887848 21.153889 8.727863 14.397919 31.576267 37.507671 8.727863 44.024441 44.024441 44.024441 44.024441 40.719456 2.634010 3.890261 5.402998 1.492461 0.000000 0.000000 
0.000000 0.000000 0.000000 0.000000 0.000000 0.000000 14.397919 8.727863 8.727863 39.887848 6.503656 44.024441 44.024441 44.024441 44.024441 44.024441 38.531887 35.895447 35.895447 3.890261 3.890261 2.824427 0.000000 0.000000 0.000000 
0.000000 0.000000 0.000000 0.000000 14.397919 11.382847 31.576267 34.708923 44.024441 37.507671 17.687117 44.024441 44.024441 44.024441 44.024441 44.004742 5.402998 32.890064 2.824427 5.402998 2.824427 0.000000 0.000000 0.000000 0.000000 
0.000000 0.000000 0.000000 4.758952 24.695038 41.777420 41.777420 11.382847 44.024441 44.024441 44.024441 44.024441 44.024441 40.719456 32.890064 2.824427 5.402998 2.634010 3.890261 0.000000 0.000000 0.000000 0.000000 0.000000 0.000000 
0.000000 0.000000 28.204386 3.508722 6.503656 41.777420 11.382847 44.024441 44.024441 44.024441 44.024441 38.531887 2.465417 5.402998 3.890261 32.890064 3.890261 32.890064 0.000000 0.000000 0.000000 0.000000 0.000000 0.000000 0.000000 
0.000000 14.397919 44.024441 14.397919 44.024441 44.024441 43.872570 44.024441 44.024441 43.498085 35.895447 9.792004 3.890261 5.402998 5.402998 3.890261 0.000000 0.000000 0.000000 0.000000 0.000000 0.000000 0.000000 0.000000 0.000000 
34.708923 21.153889 44.024441 44.024441 44.024441 44.024441 44.024441 44.024441 40.719456 9.792004 35.895447 32.890064 35.895447 5.402998 2.824427 0.000000 0.000000 0.000000 0.000000 0.000000 0.000000 0.000000 0.000000 0.000000 0.000000 
44.024441 44.024441 44.024441 44.024441 44.024441 44.024441 44.004742 44.024441 38.531887 5.402998 32.890064 2.824427 32.890064 0.000000 0.000000 0.000000 0.000000 0.000000 0.000000 0.000000 0.000000 0.000000 0.000000 0.000000 0.000000 
44.024441 44.024441 44.024441 44.024441 44.024441 35.895447 35.895447 32.890064 32.890064 32.890064 0.000000 0.000000 0.000000 0.000000 0.000000 0.000000 0.000000 0.000000 0.000000 0.000000 0.000000 0.000000 0.000000 0.000000 0.000000 
44.024441 42.391781 44.024441 42.391781 1.962792 32.890064 3.890261 0.000000 0.000000 0.000000 0.000000 0.000000 0.000000 0.000000 0.000000 0.000000 0.000000 0.000000 0.000000 0.000000 0.000000 0.000000 0.000000 0.000000 0.000000 
