test/output/constant/M385_S060_A180_WD225.0_WS010.0/M385_S060_A180_WD225.0_WS010.0_arrival.asc
ncols         55
nrows         13
xllcorner     426603.990666
yllcorner     12748555.311160
cellsize      100.000000
NODATA_value  0.000000
0.000000 0.000000 0.000000 0.000000 0.000000 0.000000 0.000000 0.000000 0.000000 0.000000 0.000000 0.000000 0.000000 0.000000 0.000000 0.000000 0.000000 0.000000 0.000000 0.000000 0.000000 0.000000 0.000000 0.000000 0.000000 0.000000 0.000000 0.000000 0.000000 0.000000 0.000000 0.000000 166.041585 166.040977 166.040370 166.040067 166.040067 166.039763 166.039460 166.039156 166.039156 166.038853 166.038853 166.038853 166.039156 166.039460 166.039763 166.039763 166.040370 166.040674 166.040977 166.041585 0.000000 0.000000 0.000000 
0.000000 0.000000 0.000000 0.000000 0.000000 0.000000 0.000000 0.000000 0.000000 0.000000 0.000000 0.000000 0.000000 0.000000 0.000000 0.000000 0.000000 0.000000 0.000000 0.000000 0.000000 0.000000 0.000000 0.000000 0.000000 166.041585 166.040370 166.039156 166.037942 166.037032 166.036424 166.036121 166.035817 166.035514 166.035210 166.035210 166.034907 166.034907 166.034907 166.034907 166.035210 166.035514 166.035817 166.036121 166.036424 166.036728 166.037335 166.037639 166.037942 166.038549 166.039156 166.039763 166.040370 166.040977 166.041585 
0.000000 0.000000 0.000000 0.000000 0.000000 0.000000 0.000000 0.000000 0.000000 0.000000 0.000000 0.000000 0.000000 0.000000 0.000000 0.000000 0.000000 0.000000 0.000000 0.000000 166.041281 166.038853 166.036728 166.035514 166.033996 166.033086 166.032478 166.031871 166.031568 166.031264 166.031264 166.030961 166.030961 166.030657 166.030657 166.030961 166.031264 166.031568 166.031871 166.032175 166.032478 166.033086 166.033389 166.033996 166.034603 166.035210 166.035817 166.036121 166.037032 166.037639 166.038549 166.039156 166.040067 166.040674 166.041585 
0.000000 0.000000 0.000000 0.000000 0.000000 0.000000 0.000000 0.000000 0.000000 0.000000 0.000000 0.000000 0.000000 0.000000 0.000000 0.000000 166.039156 166.036424 166.033996 166.031871 166.030657 166.029443 166.028229 166.027925 166.027622 166.027318 166.027015 166.026711 166.026711 166.026711 166.026711 166.027015 166.027318 166.027622 166.027925 166.028532 166.028836 166.029140 166.029747 166.030354 166.030961 166.031568 166.032175 166.033086 166.033693 166.034603 166.035210 166.036121 166.036728 166.037639 166.038549 166.039156 166.040067 166.040674 166.041585 
0.000000 0.000000 0.000000 0.000000 0.000000 0.000000 0.000000 0.000000 0.000000 0.000000 0.000000 0.000000 166.038853 166.034907 166.031871 166.029140 166.027015 166.025801 166.024586 166.023676 166.023372 166.023069 166.022765 166.022765 166.022462 166.022462 166.022765 166.023069 166.023372 166.023676 166.024283 166.024586 166.025194 166.025801 166.026408 166.027015 166.027622 166.028229 166.029140 166.030050 166.030657 166.031568 166.032175 166.033086 166.033693 166.034603 166.035514 166.036121 166.037032 166.037942 166.038853 166.039763 166.040674 166.041667 0.000000 
0.000000 0.000000 0.000000 0.000000 0.000000 0.000000 0.000000 0.000000 166.041281 166.034907 166.030657 166.027015 166.024283 166.022158 166.020944 166.019730 166.019123 166.018819 166.018819 166.018516 166.018516 166.018516 166.018819 166.019123 166.019730 166.020033 166.020337 166.020944 166.021551 166.022158 166.023069 166.023676 166.024586 166.025194 166.026104 166.026711 166.027622 166.028229 166.029140 166.030050 166.030657 166.031568 166.032478 166.033389 166.034300 166.035514 166.036424 166.037335 166.038246 166.039460 166.040370 166.041585 0.000000 0.000000 0.000000 
0.000000 0.000000 0.000000 0.000000 0.000000 166.041281 166.033086 166.027015 166.022765 166.019730 166.017302 166.016087 166.015177 166.014873 166.014570 166.014570 166.014570 166.014570 166.014873 166.015480 166.015784 166.016391 166.016998 166.017605 166.018212 166.019123 166.019730 166.020641 166.021551 166.022158 166.023069 166.023676 166.024586 166.025194 166.026408 166.027318 166.028229 166.029140 166.030050 166.030961 166.032175 166.033086 166.034300 166.035514 166.036424 166.037639 166.038549 166.039763 166.040977 0.000000 0.000000 0.000000 0.000000 0.000000 0.000000 
0.000000 0.000000 0.000000 166.034603 166.024890 166.018516 166.014873 166.012445 166.011231 166.010624 166.010624 166.010320 166.010320 166.010624 166.011231 166.011534 166.012141 166.013052 166.013659 166.014570 166.015177 166.016087 166.016695 166.017605 166.018212 166.019123 166.020033 166.020944 166.021855 166.022765 166.023979 166.024586 166.025801 166.027015 166.027925 166.029140 166.030050 166.031264 166.032478 166.033693 166.034907 166.035817 166.037032 166.038246 166.039460 166.040370 166.041585 0.000000 0.000000 0.000000 0.000000 0.000000 0.000000 0.000000 0.000000 
0.000000 166.030657 166.016998 166.010624 166.007588 166.006678 166.006374 166.006374 166.006374 166.006981 166.007588 166.008195 166.009106 166.009713 166.010624 166.011231 166.012141 166.013052 166.013659 166.014570 166.015480 166.016391 166.017605 166.018516 166.019426 166.020641 166.021855 166.022765 166.023979 166.025194 166.026408 166.027622 166.028532 166.029747 166.030961 166.032175 166.033389 166.034603 166.035817 166.037032 166.038246 166.039460 166.040977 0.000000 0.000000 0.000000 0.000000 0.000000 0.000000 0.000000 0.000000 0.000000 0.000000 0.000000 0.000000 
166.011231 166.002732 166.002125 166.002125 166.002732 166.003642 166.004250 166.005160 166.006071 166.006678 166.007588 166.008195 166.009410 166.010017 166.011231 166.012141 166.013356 166.014570 166.015784 166.016695 166.017909 166.019123 166.020337 166.021551 166.022765 166.023979 166.025497 166.026711 166.027925 166.029140 166.030354 166.031871 166.033086 166.034300 166.035817 166.037032 166.038246 166.039460 166.040977 0.000000 0.000000 0.000000 0.000000 0.000000 0.000000 0.000000 0.000000 0.000000 0.000000 0.000000 0.000000 0.000000 0.000000 0.000000 0.000000 
166.000000 166.000607 166.001214 166.002125 166.002732 166.003946 166.004857 166.006071 166.007285 166.008499 166.009713 166.011231 166.012445 166.013659 166.014873 166.016391 166.017605 166.018819 166.020337 166.021551 166.022765 166.024283 166.025497 166.026711 166.028229 166.029443 166.030657 166.032175 166.033389 166.034603 166.036121 166.037335 166.038549 166.040067 166.041281 0.000000 0.000000 0.000000 0.000000 0.000000 0.000000 0.000000 0.000000 0.000000 0.000000 0.000000 0.000000 0.000000 0.000000 0.000000 0.000000 0.000000 0.000000 0.000000 0.000000 
166.025497 166.015784 166.013356 166.013659 166.013963 166.014570 166.015784 166.016391 166.017605 166.018819 166.020033 166.021248 166.022765 166.023979 166.025194 166.026711 166.027925 166.029140 166.030354 166.031871 166.033086 166.034603 166.035817 166.037032 166.038549 166.039763 166.040977 0.000000 0.000000 0.000000 0.000000 0.000000 0.000000 0.000000 0.000000 0.000000 0.000000 0.000000 0.000000 0.000000 0.000000 0.000000 0.000000 0.000000 0.000000 0.000000 0.000000 0.000000 0.000000 0.000000 0.000000 0.000000 0.000000 0.000000 0.000000 
0.000000 0.000000 0.000000 0.000000 0.000000 166.039156 166.037942 166.038246 166.037639 166.037639 166.037942 166.038549 166.039156 166.040067 166.040674 0.000000 0.000000 0.000000 0.000000 0.000000 0.000000 0.000000 0.000000 0.000000 0.000000 0.000000 0.000000 0.000000 0.000000 0.000000 0.000000 0.000000 0.000000 0.000000 0.000000 0.000000 0.000000 0.000000 0.000000 0.000000 0.000000 0.000000 0.000000 0.000000 0.000000 0.000000 0.000000 0.000000 0.000000 0.000000 0.000000 0.000000 0.000000 0.000000 0.000000 
