test/output/constant/M3M490_S060_A000_WD225.0_WS010.0/M3M490_S060_A000_WD225.0_WS010.0_intensity.asc
ncols         41
nrows         13
xllcorner     422703.990666
yllcorner     12748555.311160
cellsize      100.000000
NODATA_value  0.000000
0 59356 59356 59356 59356 59208 59208 55337 55337 48870 48870 55337 3902 40233 40233 40233 5993 40233 0 0 0 0 0 0 0 0 0 0 0 0 0 0 0 0 0 0 0 0 0 0 0 
59356 59356 59356 59356 59356 59356 59356 59356 57500 59356 59356 55337 48870 48870 44762 44762 40233 44762 40233 5993 40233 3902 3902 0 0 0 0 0 0 0 0 0 0 0 0 0 0 0 0 0 0 
59356 59356 59356 59208 59356 59356 59356 59356 59356 59356 59356 55337 59356 59356 55337 44762 48870 52431 40233 44762 40233 2530 40233 5993 44762 40233 0 0 0 0 0 0 0 0 0 0 0 0 0 0 0 
59032 59356 59356 59356 59356 59356 59356 59356 59356 59356 59356 59356 52431 59356 52431 58854 55337 55337 57500 59356 55337 44762 3902 5993 3902 40233 40233 40233 3902 2079 0 0 0 0 0 0 0 0 0 0 0 
0 31488 31488 31488 45660 59032 59356 59356 59297 59356 59356 55337 59356 59356 59356 59356 59356 57500 59356 59356 58854 52431 44762 5993 40233 44762 3902 40233 40233 40233 40233 3902 0 0 0 0 0 0 0 0 0 
0 0 36431 36431 36431 53100 41204 41204 31488 31488 41204 59356 59356 59356 59356 59356 59356 59356 59356 59356 59356 59356 59356 59356 59208 52431 48870 2530 2079 5993 1448 3902 2079 2530 1768 0 0 0 0 0 0 
0 0 0 0 36431 36431 36431 36431 36431 59356 36431 49666 41204 41204 31488 31488 59356 59356 41204 59356 59356 52431 59356 59356 59356 59356 59356 52431 58854 55337 44762 40233 2530 44762 35420 2079 2079 0 0 0 0 
0 0 0 0 0 0 31488 31488 31488 31488 31488 31488 36431 36431 36431 41204 31488 49666 41204 36431 36431 59356 55858 59356 59356 59356 59356 57500 59356 59356 57500 44762 5993 44762 40233 1768 2530 1768 2079 0 0 
0 0 0 0 0 0 0 0 0 31488 36431 36431 36431 36431 36431 41204 31488 31488 31488 31488 31488 55858 31488 57855 45660 53100 59356 59356 59356 59356 59356 57500 59356 59356 59356 48870 44762 1768 2530 1768 0 
0 0 0 0 0 0 0 0 0 0 0 41204 36431 36431 36431 36431 31488 31488 36431 31488 36431 31488 36431 36431 36431 31488 45660 36431 36431 41204 41204 59356 59356 59356 59356 59356 59356 57500 48870 2079 1448 
0 0 0 0 0 0 0 0 0 0 0 0 0 0 0 31488 31488 31488 36431 36431 31488 31488 36431 31488 36431 36431 36431 36431 36431 31488 31488 31488 31488 36431 36431 36431 36431 59356 59356 0 1448 
0 0 0 0 0 0 0 0 0 0 0 0 0 0 0 0 0 0 0 0 36431 31488 36431 36431 31488 31488 31488 36431 36431 36431 31488 31488 31488 31488 31488 31488 31488 17127 17127 1195 1195 
0 0 0 0 0 0 0 0 0 0 0 0 0 0 0 0 0 0 0 0 0 0 0 0 0 0 31488 31488 31488 31488 31488 17127 31488 12978 26523 21688 17127 17127 0 0 0 
