test/output/constant/M395_S060_A180_WD090.0_WS030.0/M395_S060_A180_WD090.0_WS030.0_arrival.asc
ncols         20
nrows         13
xllcorner     426203.990666
yllcorner     12748155.311160
cellsize      100.000000
NODATA_value  0.000000
0.000000 0.000000 0.000000 0.000000 0.000000 0.000000 0.000000 166.041593 166.040498 166.039403 166.039403 166.040498 166.040498 166.041593 0.000000 0.000000 0.000000 0.000000 0.000000 0.000000 
0.000000 0.000000 0.000000 0.000000 166.039403 166.037214 166.035025 166.033931 166.032836 166.032836 166.032836 166.033931 166.035025 166.036120 166.037214 166.039403 166.041593 0.000000 0.000000 0.000000 
0.000000 0.000000 166.039403 166.035025 166.030647 166.027364 166.026269 166.025174 166.025174 166.026269 166.026269 166.028458 166.029553 166.031742 166.032836 166.035025 166.037214 166.040498 0.000000 0.000000 
0.000000 166.037214 166.030647 166.025174 166.021891 166.019702 166.018607 166.018607 166.018607 166.019702 166.021891 166.022985 166.025174 166.027364 166.030647 166.032836 166.035025 166.037214 166.040498 0.000000 
166.039403 166.030647 166.022985 166.016418 166.013134 166.010945 166.010945 166.012040 166.013134 166.015324 166.017513 166.020796 166.022985 166.025174 166.028458 166.030647 166.032836 166.036120 166.038309 166.041593 
166.036120 166.026269 166.016418 166.007662 166.004378 166.004378 166.005473 166.007662 166.010945 166.013134 166.016418 166.018607 166.020796 166.024080 166.026269 166.029553 166.031742 166.035025 166.037214 166.040498 
166.035025 166.025174 166.015324 166.005473 166.000000 166.002189 166.004378 166.007662 166.009851 166.013134 166.015324 166.018607 166.020796 166.024080 166.026269 166.029553 166.031742 166.035025 166.037214 166.040498 
166.036120 166.026269 166.016418 166.007662 166.004378 166.004378 166.005473 166.007662 166.010945 166.013134 166.016418 166.018607 166.020796 166.024080 166.026269 166.029553 166.031742 166.035025 166.037214 166.040498 
166.039403 166.030647 166.022985 166.016418 166.013134 166.010945 166.010945 166.012040 166.013134 166.015324 166.017513 166.020796 166.022985 166.025174 166.028458 166.030647 166.032836 166.036120 166.038309 166.041593 
0.000000 166.037214 166.030647 166.025174 166.021891 166.019702 166.018607 166.018607 166.018607 166.019702 166.021891 166.022985 166.025174 166.027364 166.030647 166.032836 166.035025 166.037214 166.040498 0.000000 
0.000000 0.000000 166.039403 166.035025 166.030647 166.027364 166.026269 166.025174 166.025174 166.026269 166.026269 166.028458 166.029553 166.031742 166.032836 166.035025 166.037214 166.040498 0.000000 0.000000 
0.000000 0.000000 0.000000 0.000000 166.039403 166.037214 166.035025 166.033931 166.032836 166.032836 166.032836 166.033931 166.035025 166.036120 166.037214 166.039403 166.041593 0.000000 0.000000 0.000000 
0.000000 0.000000 0.000000 0.000000 0.000000 0.000000 0.000000 166.041593 166.040498 166.039403 166.039403 166.040498 166.040498 166.041593 0.000000 0.000000 0.000000 0.000000 0.000000 0.000000 
