test/output/constant/M365_S060_A270_WD045.0_WS020.0/M365_S060_A270_WD045.0_WS020.0_arrival.asc
ncols         15
nrows         22
xllcorner     425303.990666
yllcorner     12748655.311160
cellsize      100.000000
NODATA_value  0.000000
166.041667 166.040336 166.040336 166.041009 0.000000 0.000000 0.000000 0.000000 0.000000 0.000000 0.000000 0.000000 0.000000 0.000000 0.000000 
166.041009 166.038992 166.038320 166.038320 166.039664 166.041667 0.000000 0.000000 0.000000 0.000000 0.000000 0.000000 0.000000 0.000000 0.000000 
166.040336 166.037647 166.036303 166.036303 166.036975 166.038320 166.041667 0.000000 0.000000 0.000000 0.000000 0.000000 0.000000 0.000000 0.000000 
166.041009 166.037647 166.034958 166.034286 166.034286 166.034958 166.037647 0.000000 0.000000 0.000000 0.000000 0.000000 0.000000 0.000000 0.000000 
166.041009 166.037647 166.034286 166.032269 166.032269 166.032269 166.034286 166.037647 0.000000 0.000000 0.000000 0.000000 0.000000 0.000000 0.000000 
0.000000 166.037647 166.034286 166.031597 166.030252 166.030252 166.030925 166.033614 166.038320 0.000000 0.000000 0.000000 0.000000 0.000000 0.000000 
0.000000 166.038320 166.034286 166.030925 166.028908 166.028235 166.028235 166.030252 166.033614 166.039664 0.000000 0.000000 0.000000 0.000000 0.000000 
0.000000 166.040336 166.034958 166.030925 166.027563 166.026219 166.026219 166.026891 166.029580 166.034286 166.041667 0.000000 0.000000 0.000000 0.000000 
0.000000 0.000000 166.036303 166.031597 166.027563 166.024874 166.024202 166.024202 166.025546 166.029580 166.036303 0.000000 0.000000 0.000000 0.000000 
0.000000 0.000000 166.038992 166.032941 166.028235 166.024202 166.022185 166.022185 166.022185 166.025546 166.030925 166.038992 0.000000 0.000000 0.000000 
0.000000 0.000000 0.000000 166.034958 166.028908 166.024874 166.021513 166.020168 166.020168 166.021513 166.025546 166.032941 0.000000 0.000000 0.000000 
0.000000 0.000000 0.000000 166.038320 166.030925 166.025546 166.021513 166.018151 166.017479 166.018151 166.020840 166.027563 166.037647 0.000000 0.000000 
0.000000 0.000000 0.000000 0.000000 166.034958 166.026891 166.021513 166.018151 166.016135 166.015462 166.016807 166.022185 166.030925 0.000000 0.000000 
0.000000 0.000000 0.000000 0.000000 166.040336 166.030925 166.023530 166.018151 166.014790 166.013445 166.014118 166.016807 166.024874 166.037647 0.000000 
0.000000 0.000000 0.000000 0.000000 0.000000 166.036303 166.026891 166.019496 166.014790 166.012101 166.011429 166.012773 166.018824 166.030925 0.000000 
0.000000 0.000000 0.000000 0.000000 0.000000 0.000000 166.032941 166.022857 166.015462 166.011429 166.009412 166.009412 166.013445 166.024202 0.000000 
0.000000 0.000000 0.000000 0.000000 0.000000 0.000000 0.000000 166.028908 166.018824 166.012101 166.008740 166.007395 166.008740 166.017479 166.039664 
0.000000 0.000000 0.000000 0.000000 0.000000 0.000000 0.000000 166.038992 166.025546 166.014118 166.008740 166.005378 166.005378 166.010756 166.032941 
0.000000 0.000000 0.000000 0.000000 0.000000 0.000000 0.000000 0.000000 166.036975 166.022185 166.010756 166.005378 166.003361 166.004706 166.026219 
0.000000 0.000000 0.000000 0.000000 0.000000 0.000000 0.000000 0.000000 0.000000 166.035630 166.019496 166.006723 166.002017 166.001345 166.022857 
0.000000 0.000000 0.000000 0.000000 0.000000 0.000000 0.000000 0.000000 0.000000 0.000000 166.036975 166.018151 166.002689 166.000000 166.021513 
0.000000 0.000000 0.000000 0.000000 0.000000 0.000000 0.000000 0.000000 0.000000 0.000000 0.000000 0.000000 166.028235 166.021513 166.033614 
