test/output/constant/M3100_S060_A090_WD000.0_WS015.0/M3100_S060_A090_WD000.0_WS015.0_arrival.asc
ncols         11
nrows         67
xllcorner     426103.990666
yllcorner     12742155.311160
cellsize      100.000000
NODATA_value  0.000000
0.000000 0.000000 0.000000 0.000000 166.021751 166.000000 166.021751 0.000000 0.000000 0.000000 0.000000 
0.000000 0.000000 0.000000 0.000000 166.008346 166.000506 166.008346 0.000000 0.000000 0.000000 0.000000 
0.000000 0.000000 0.000000 166.038191 166.005564 166.001012 166.005564 166.038191 0.000000 0.000000 0.000000 
0.000000 0.000000 0.000000 166.027569 166.004553 166.001770 166.004553 166.027569 0.000000 0.000000 0.000000 
0.000000 0.000000 0.000000 166.021751 166.004553 166.002276 166.004553 166.021751 0.000000 0.000000 0.000000 
0.000000 0.000000 0.000000 166.018716 166.004553 166.003035 166.004553 166.018716 0.000000 0.000000 0.000000 
0.000000 0.000000 166.040468 166.016693 166.005058 166.003541 166.005058 166.016693 166.040468 0.000000 0.000000 
0.000000 0.000000 166.035156 166.015175 166.005564 166.004300 166.005564 166.015175 166.035156 0.000000 0.000000 
0.000000 0.000000 166.032121 166.014417 166.006070 166.004806 166.006070 166.014417 166.032121 0.000000 0.000000 
0.000000 0.000000 166.029592 166.013658 166.006323 166.005564 166.006323 166.013658 166.029592 0.000000 0.000000 
0.000000 0.000000 166.027569 166.013405 166.007082 166.006070 166.007082 166.013405 166.027569 0.000000 0.000000 
0.000000 0.000000 166.026051 166.013152 166.007588 166.006829 166.007588 166.013152 166.026051 0.000000 0.000000 
0.000000 0.000000 166.025039 166.013152 166.008346 166.007335 166.008346 166.013152 166.025039 0.000000 0.000000 
0.000000 166.040468 166.024028 166.013152 166.008852 166.008094 166.008852 166.013152 166.024028 166.040468 0.000000 
0.000000 166.038697 166.023269 166.013405 166.009358 166.008599 166.009358 166.013405 166.023269 166.038697 0.000000 
0.000000 166.036927 166.022763 166.013911 166.010117 166.009358 166.010117 166.013911 166.022763 166.036927 0.000000 
0.000000 166.035915 166.022510 166.014164 166.010623 166.009864 166.010623 166.014164 166.022510 166.035915 0.000000 
0.000000 166.034650 166.022257 166.014670 166.011382 166.010623 166.011382 166.014670 166.022257 166.034650 0.000000 
0.000000 166.033639 166.022004 166.015175 166.011887 166.011129 166.011887 166.015175 166.022004 166.033639 0.000000 
0.000000 166.032880 166.022004 166.015681 166.012646 166.011887 166.012646 166.015681 166.022004 166.032880 0.000000 
0.000000 166.032374 166.022004 166.015934 166.013152 166.012393 166.013152 166.015934 166.022004 166.032374 0.000000 
0.000000 166.031868 166.022004 166.016440 166.013658 166.013152 166.013658 166.016440 166.022004 166.031868 0.000000 
0.000000 166.031615 166.022004 166.016946 166.014417 166.013658 166.014417 166.016946 166.022004 166.031615 0.000000 
0.000000 166.031110 166.022257 166.017452 166.014922 166.014417 166.014922 166.017452 166.022257 166.031110 0.000000 
0.000000 166.031110 166.022763 166.017958 166.015681 166.014922 166.015681 166.017958 166.022763 166.031110 0.000000 
0.000000 166.030857 166.023016 166.018463 166.016187 166.015681 166.016187 166.018463 166.023016 166.030857 0.000000 
166.041226 166.030604 166.023522 166.018969 166.016946 166.016187 166.016946 166.018969 166.023522 166.030604 166.041226 
166.040974 166.030604 166.024028 166.019475 166.017452 166.016946 166.017452 166.019475 166.024028 166.030604 166.040974 
166.040468 166.030604 166.024281 166.020234 166.018210 166.017452 166.018210 166.020234 166.024281 166.030604 166.040468 
166.040215 166.030604 166.024786 166.020740 166.018716 166.018210 166.018716 166.020740 166.024786 166.030604 166.040215 
166.039962 166.030604 166.025292 166.021246 166.019222 166.018716 166.019222 166.021246 166.025292 166.030604 166.039962 
166.039962 166.030857 166.025545 166.021751 166.019981 166.019475 166.019981 166.021751 166.025545 166.030857 166.039962 
166.039456 166.031110 166.026051 166.022510 166.020487 166.019981 166.020487 166.022510 166.026051 166.031110 166.039456 
166.039456 166.031615 166.026557 166.023016 166.021246 166.020740 166.021246 166.023016 166.026557 166.031615 166.039456 
166.039456 166.031868 166.027063 166.023522 166.021751 166.021246 166.021751 166.023522 166.027063 166.031868 166.039456 
166.039456 166.032374 166.027569 166.024281 166.022510 166.022004 166.022510 166.024281 166.027569 166.032374 166.039456 
166.039456 166.032627 166.027822 166.024786 166.023016 166.022510 166.023016 166.024786 166.027822 166.032627 166.039456 
166.039456 166.033133 166.028327 166.025292 166.023775 166.023269 166.023775 166.025292 166.028327 166.033133 166.039456 
166.039456 166.033639 166.028833 166.026051 166.024281 166.023775 166.024281 166.026051 166.028833 166.033639 166.039456 
166.039456 166.034145 166.029339 166.026557 166.025039 166.024534 166.025039 166.026557 166.029339 166.034145 166.039456 
166.039709 166.034398 166.029845 166.027063 166.025545 166.025039 166.025545 166.027063 166.029845 166.034398 166.039709 
166.039962 166.034903 166.030351 166.027822 166.026051 166.025798 166.026051 166.027822 166.030351 166.034903 166.039962 
166.040468 166.035409 166.030857 166.028327 166.026810 166.026304 166.026810 166.028327 166.030857 166.035409 166.040468 
166.040721 166.035662 166.031615 166.028833 166.027316 166.027063 166.027316 166.028833 166.031615 166.035662 166.040721 
166.041226 166.036168 166.032121 166.029592 166.028074 166.027569 166.028074 166.029592 166.032121 166.036168 166.041226 
166.041479 166.036674 166.032627 166.030098 166.028580 166.028327 166.028580 166.030098 166.032627 166.036674 166.041479 
0.000000 166.037180 166.033133 166.030857 166.029339 166.028833 166.029339 166.030857 166.033133 166.037180 0.000000 
0.000000 166.037433 166.033892 166.031362 166.029845 166.029592 166.029845 166.031362 166.033892 166.037433 0.000000 
0.000000 166.037938 166.034398 166.032121 166.030604 166.030098 166.030604 166.032121 166.034398 166.037938 0.000000 
0.000000 166.038444 166.034903 166.032627 166.031110 166.030857 166.031110 166.032627 166.034903 166.038444 0.000000 
0.000000 166.038950 166.035409 166.033133 166.031868 166.031362 166.031868 166.033133 166.035409 166.038950 0.000000 
0.000000 166.039456 166.036168 166.033892 166.032374 166.032121 166.032374 166.033892 166.036168 166.039456 0.000000 
0.000000 166.039709 166.036674 166.034398 166.033133 166.032627 166.033133 166.034398 166.036674 166.039709 0.000000 
0.000000 166.040215 166.037180 166.035156 166.033639 166.033386 166.033639 166.035156 166.037180 166.040215 0.000000 
0.000000 166.040721 166.037938 166.035662 166.034398 166.033892 166.034398 166.035662 166.037938 166.040721 0.000000 
0.000000 166.041226 166.038444 166.036168 166.034903 166.034650 166.034903 166.036168 166.038444 166.041226 0.000000 
0.000000 0.000000 166.038950 166.036927 166.035409 166.035156 166.035409 166.036927 166.038950 0.000000 0.000000 
0.000000 0.000000 166.039709 166.037433 166.036168 166.035915 166.036168 166.037433 166.039709 0.000000 0.000000 
0.000000 0.000000 166.040215 166.038191 166.036674 166.036421 166.036674 166.038191 166.040215 0.000000 0.000000 
0.000000 0.000000 166.040721 166.038697 166.037433 166.037180 166.037433 166.038697 166.040721 0.000000 0.000000 
0.000000 0.000000 166.041479 166.039456 166.037938 166.037686 166.037938 166.039456 166.041479 0.000000 0.000000 
0.000000 0.000000 0.000000 166.039962 166.038697 166.038444 166.038697 166.039962 0.000000 0.000000 0.000000 
0.000000 0.000000 0.000000 166.040468 166.039203 166.038950 166.039203 166.040468 0.000000 0.000000 0.000000 
0.000000 0.000000 0.000000 166.041226 166.039962 166.039709 166.039962 166.041226 0.000000 0.000000 0.000000 
0.000000 0.000000 0.000000 166.041667 166.040468 166.040215 166.040468 166.041667 0.000000 0.000000 0.000000 
0.000000 0.000000 0.000000 0.000000 166.041226 166.040974 166.041226 0.000000 0.000000 0.000000 0.000000 
0.000000 0.000000 0.000000 0.000000 166.041667 166.041479 166.041667 0.000000 0.000000 0.000000 0.000000 
