test/output/constant/M190_S000_A180_WD090.0_WS050.0/M190_S000_A180_WD090.0_WS050.0_arrival.asc
ncols         37
nrows         7
xllcorner     423003.990666
yllcorner     12748455.311160
cellsize      100.000000
NODATA_value  0.000000
0.000000 0.000000 0.000000 0.000000 0.000000 0.000000 0.000000 0.000000 0.000000 166.041667 166.040825 166.039908 166.039449 166.038532 166.037615 166.037156 166.036697 166.036697 166.036697 166.036697 166.036697 166.037156 166.037615 166.038532 166.039449 166.040825 0.000000 0.000000 0.000000 0.000000 0.000000 0.000000 0.000000 0.000000 0.000000 0.000000 0.000000 
0.000000 0.000000 0.000000 166.041284 166.039908 166.038991 166.038073 166.036697 166.035780 166.034862 166.033945 166.032569 166.031651 166.030734 166.029816 166.028899 166.027982 166.027064 166.026147 166.025688 166.024771 166.023853 166.023394 166.022477 166.022018 166.022018 166.022018 166.022477 166.022936 166.023853 166.025688 166.028440 166.033027 166.040367 0.000000 0.000000 0.000000 
166.041667 166.040367 166.039449 166.038073 166.037156 166.036238 166.034862 166.033945 166.032569 166.031651 166.030275 166.029358 166.027982 166.027064 166.025688 166.024771 166.023394 166.022477 166.021101 166.020183 166.018807 166.017890 166.016972 166.015596 166.014679 166.013761 166.012385 166.011468 166.010550 166.009633 166.008716 166.007798 166.007339 166.007798 166.008257 166.012385 166.033486 
166.040825 166.039908 166.038532 166.037615 166.036238 166.035321 166.033945 166.033027 166.031651 166.030734 166.029358 166.028440 166.027064 166.026147 166.024771 166.023853 166.022477 166.021560 166.020183 166.019266 166.017890 166.016972 166.015596 166.014679 166.013303 166.012385 166.011009 166.010092 166.008716 166.007798 166.006422 166.005505 166.004128 166.003211 166.001835 166.000917 166.000000 
166.041667 166.040367 166.039449 166.038073 166.037156 166.036238 166.034862 166.033945 166.032569 166.031651 166.030275 166.029358 166.027982 166.027064 166.025688 166.024771 166.023394 166.022477 166.021101 166.020183 166.018807 166.017890 166.016972 166.015596 166.014679 166.013761 166.012385 166.011468 166.010550 166.009633 166.008716 166.007798 166.007339 166.007798 166.008257 166.012385 166.033486 
0.000000 0.000000 0.000000 166.041284 166.039908 166.038991 166.038073 166.036697 166.035780 166.034862 166.033945 166.032569 166.031651 166.030734 166.029816 166.028899 166.027982 166.027064 166.026147 166.025688 166.024771 166.023853 166.023394 166.022477 166.022018 166.022018 166.022018 166.022477 166.022936 166.023853 166.025688 166.028440 166.033027 166.040367 0.000000 0.000000 0.000000 
0.000000 0.000000 0.000000 0.000000 0.000000 0.000000 0.000000 0.000000 0.000000 166.041667 166.040825 166.039908 166.039449 166.038532 166.037615 166.037156 166.036697 166.036697 166.036697 166.036697 166.036697 166.037156 166.037615 166.038532 166.039449 166.040825 0.000000 0.000000 0.000000 0.000000 0.000000 0.000000 0.000000 0.000000 0.000000 0.000000 0.000000 
