test/output/constant/M395_S060_A270_WD135.0_WS015.0/M395_S060_A270_WD135.0_WS015.0_intensity.asc
ncols         16
nrows         61
xllcorner     425203.990666
yllcorner     12748755.311160
cellsize      100.000000
NODATA_value  0.000000
0 94577 94577 41910 0 0 0 0 0 0 0 0 0 0 0 0 
0 94577 94577 94577 94500 0 0 0 0 0 0 0 0 0 0 0 
94577 94577 94577 94577 33955 0 0 0 0 0 0 0 0 0 0 0 
94577 94577 94577 94197 89363 92457 0 0 0 0 0 0 0 0 0 0 
94577 94577 94577 33955 41910 50046 0 0 0 0 0 0 0 0 0 0 
94577 94577 94577 94577 33955 73082 41910 0 0 0 0 0 0 0 0 0 
84351 94577 94577 94577 94577 94500 41910 0 0 0 0 0 0 0 0 0 
94577 94577 94577 94577 94577 73082 50046 0 0 0 0 0 0 0 0 0 
94577 94577 94577 94577 94577 33955 41910 33955 0 0 0 0 0 0 0 0 
94577 94577 94577 94577 94500 94577 89363 33955 0 0 0 0 0 0 0 0 
92126 94577 94577 94577 94577 94577 41910 41910 33955 0 0 0 0 0 0 0 
4723 94577 94577 94577 94577 92457 33955 65872 50046 0 0 0 0 0 0 0 
84351 94577 94426 94577 94577 94577 85009 41910 33955 0 0 0 0 0 0 0 
64888 94577 94577 94577 94577 94577 33955 73082 79526 19539 0 0 0 0 0 0 
72179 88861 94577 94577 94577 94577 85009 26422 13515 41910 0 0 0 0 0 0 
0 72179 94577 94577 94577 94577 94577 19539 94577 41910 0 0 0 0 0 0 
0 72179 92126 94577 94577 94500 94577 58115 26422 19539 0 0 0 0 0 0 
0 72179 94577 94577 94577 94577 94577 26422 89363 65872 41910 0 0 0 0 0 
0 64888 78734 94577 94577 94577 26422 58115 73082 33955 33955 0 0 0 0 0 
0 4723 64888 94577 88861 94577 94577 65872 79526 41910 58115 0 0 0 0 0 
0 4723 72179 94577 94577 94577 94577 19539 50046 65872 19539 41910 0 0 0 0 
0 64888 8205 94577 94577 94577 94577 92457 50046 41910 33955 33955 0 0 0 0 
0 64888 64888 72179 94577 94577 94577 94577 65872 65872 19539 33955 0 0 0 0 
0 94577 64888 72179 92126 94577 94577 33955 13515 41910 73082 50046 0 0 0 0 
0 0 64888 4723 94577 94577 94577 94577 94500 41910 33955 19539 41910 0 0 0 
0 0 64888 64888 94577 94577 94577 94577 92457 79526 41910 33955 19539 0 0 0 
0 0 64888 72179 92126 94577 94577 94577 94577 33955 79526 50046 33955 0 0 0 
0 0 64888 64888 72179 94577 94577 94577 94577 33955 41910 13515 41910 0 0 0 
0 0 2404 64888 64888 94577 94577 94577 85009 33955 33955 50046 58115 0 0 0 
0 0 0 64888 64888 92126 94577 94577 94577 58115 73082 19539 50046 41910 0 0 
0 0 0 64888 64888 72179 94577 94577 85009 58115 58115 58115 33955 26422 0 0 
0 0 0 72179 64888 64888 94577 94577 94577 94197 33955 19539 33955 33955 0 0 
0 0 0 64888 4723 8205 94577 94577 94577 33955 41910 58115 41910 33955 0 0 
0 0 0 64888 4723 4723 72179 88861 94577 94577 58115 65872 26422 33955 0 0 
0 0 0 0 64888 8205 64888 94577 94577 94577 33955 41910 33955 33955 41910 0 
0 0 0 0 2404 64888 8205 94577 94577 94577 41910 65872 73082 19539 33955 0 
0 0 0 0 64888 64888 64888 94577 94577 94577 33955 41910 19539 33955 33955 0 
0 0 0 0 72179 64888 2404 72179 94577 94577 94577 73082 73082 33955 33955 0 
0 0 0 0 0 72179 4723 72179 94577 94577 94577 65872 33955 13515 19539 0 
0 0 0 0 0 64888 72179 64888 94577 94577 94577 33955 33955 26422 33955 0 
0 0 0 0 0 64888 4723 72179 94577 94577 94577 58115 13515 33955 33955 0 
0 0 0 0 0 8205 2404 64888 72179 94577 94577 41910 89363 65872 33955 0 
0 0 0 0 0 0 64888 72179 72179 94577 94577 58115 73082 26422 33955 0 
0 0 0 0 0 0 72179 72179 72179 88861 94577 94577 58115 33955 13515 0 
0 0 0 0 0 0 64888 64888 64888 94426 88861 94577 13515 58115 33955 33955 
0 0 0 0 0 0 0 72179 1137 64888 94577 94577 26422 19539 33955 33955 
0 0 0 0 0 0 0 4723 64888 2404 92126 94577 41910 33955 41910 41910 
0 0 0 0 0 0 0 64888 64888 64888 94426 94577 33955 33955 26422 33955 
0 0 0 0 0 0 0 0 2404 64888 72179 94577 92457 73082 33955 33955 
0 0 0 0 0 0 0 0 4723 72179 8205 94577 94577 41910 26422 33955 
0 0 0 0 0 0 0 0 1137 72179 64888 94577 94577 79526 33955 33955 
0 0 0 0 0 0 0 0 0 64888 64888 78734 94577 41910 33955 33955 
0 0 0 0 0 0 0 0 0 64888 2404 64888 94577 94577 26422 26422 
0 0 0 0 0 0 0 0 0 4723 64888 4723 94577 94577 33955 13515 
0 0 0 0 0 0 0 0 0 0 64888 64888 94577 94577 26422 41910 
0 0 0 0 0 0 0 0 0 0 57081 1137 72179 94577 41910 33955 
0 0 0 0 0 0 0 0 0 0 0 57081 64888 94577 33955 26422 
0 0 0 0 0 0 0 0 0 0 0 2404 72179 94577 65872 13515 
0 0 0 0 0 0 0 0 0 0 0 0 2404 94577 94577 19539 
0 0 0 0 0 0 0 0 0 0 0 0 1137 4723 94577 13515 
0 0 0 0 0 0 0 0 0 0 0 0 0 961 0 824 
