test/output/constant/M395_S060_A270_WD135.0_WS015.0/M395_S060_A270_WD135.0_WS015.0_ros.asc
ncols         16
nrows         61
xllcorner     425203.990666
yllcorner     12748755.311160
cellsize      100.000000
NODATA_value  0.000000
0.000000 103.005951 103.005951 45.645817 0.000000 0.000000 0.000000 0.000000 0.000000 0.000000 0.000000 0.000000 0.000000 0.000000 0.000000 0.000000 
0.000000 103.005951 103.005951 103.005951 102.922806 0.000000 0.000000 0.000000 0.000000 0.000000 0.000000 0.000000 0.000000 0.000000 0.000000 0.000000 
103.005951 103.005951 103.005951 103.005951 36.981728 0.000000 0.000000 0.000000 0.000000 0.000000 0.000000 0.000000 0.000000 0.000000 0.000000 0.000000 
103.005951 103.005951 103.005951 102.592346 97.327911 100.697624 0.000000 0.000000 0.000000 0.000000 0.000000 0.000000 0.000000 0.000000 0.000000 0.000000 
103.005951 103.005951 103.005951 36.981728 45.645817 54.506325 0.000000 0.000000 0.000000 0.000000 0.000000 0.000000 0.000000 0.000000 0.000000 0.000000 
103.005951 103.005951 103.005951 103.005951 36.981728 79.595818 45.645817 0.000000 0.000000 0.000000 0.000000 0.000000 0.000000 0.000000 0.000000 0.000000 
91.868813 103.005951 103.005951 103.005951 103.005951 102.922806 45.645817 0.000000 0.000000 0.000000 0.000000 0.000000 0.000000 0.000000 0.000000 0.000000 
103.005951 103.005951 103.005951 103.005951 103.005951 79.595818 54.506325 0.000000 0.000000 0.000000 0.000000 0.000000 0.000000 0.000000 0.000000 0.000000 
103.005951 103.005951 103.005951 103.005951 103.005951 36.981728 45.645817 36.981728 0.000000 0.000000 0.000000 0.000000 0.000000 0.000000 0.000000 0.000000 
103.005951 103.005951 103.005951 103.005951 102.922806 103.005951 97.327911 36.981728 0.000000 0.000000 0.000000 0.000000 0.000000 0.000000 0.000000 0.000000 
100.337196 103.005951 103.005951 103.005951 103.005951 103.005951 45.645817 45.645817 36.981728 0.000000 0.000000 0.000000 0.000000 0.000000 0.000000 0.000000 
5.144527 103.005951 103.005951 103.005951 103.005951 100.697624 36.981728 71.742989 54.506325 0.000000 0.000000 0.000000 0.000000 0.000000 0.000000 0.000000 
91.868813 103.005951 102.841400 103.005951 103.005951 103.005951 92.585495 45.645817 36.981728 0.000000 0.000000 0.000000 0.000000 0.000000 0.000000 0.000000 
70.671173 103.005951 103.005951 103.005951 103.005951 103.005951 36.981728 79.595818 86.614365 21.280355 0.000000 0.000000 0.000000 0.000000 0.000000 0.000000 
78.612488 96.780762 103.005951 103.005951 103.005951 103.005951 92.585495 28.776960 14.719502 45.645817 0.000000 0.000000 0.000000 0.000000 0.000000 0.000000 
0.000000 78.612488 103.005951 103.005951 103.005951 103.005951 103.005951 21.280355 103.005951 45.645817 0.000000 0.000000 0.000000 0.000000 0.000000 0.000000 
0.000000 78.612488 100.337196 103.005951 103.005951 102.922806 103.005951 63.294315 28.776960 21.280355 0.000000 0.000000 0.000000 0.000000 0.000000 0.000000 
0.000000 78.612488 103.005951 103.005951 103.005951 103.005951 103.005951 28.776960 97.327911 71.742989 45.645817 0.000000 0.000000 0.000000 0.000000 0.000000 
0.000000 70.671173 85.750710 103.005951 103.005951 103.005951 28.776960 63.294315 79.595818 36.981728 36.981728 0.000000 0.000000 0.000000 0.000000 0.000000 
0.000000 5.144527 70.671173 103.005951 96.780762 103.005951 103.005951 71.742989 86.614365 45.645817 63.294315 0.000000 0.000000 0.000000 0.000000 0.000000 
0.000000 5.144527 78.612488 103.005951 103.005951 103.005951 103.005951 21.280355 54.506325 71.742989 21.280355 45.645817 0.000000 0.000000 0.000000 0.000000 
0.000000 70.671173 8.936824 103.005951 103.005951 103.005951 103.005951 100.697624 54.506325 45.645817 36.981728 36.981728 0.000000 0.000000 0.000000 0.000000 
0.000000 70.671173 70.671173 78.612488 103.005951 103.005951 103.005951 103.005951 71.742989 71.742989 21.280355 36.981728 0.000000 0.000000 0.000000 0.000000 
0.000000 103.005951 70.671173 78.612488 100.337196 103.005951 103.005951 36.981728 14.719502 45.645817 79.595818 54.506325 0.000000 0.000000 0.000000 0.000000 
0.000000 0.000000 70.671173 5.144527 103.005951 103.005951 103.005951 103.005951 102.922806 45.645817 36.981728 21.280355 45.645817 0.000000 0.000000 0.000000 
0.000000 0.000000 70.671173 70.671173 103.005951 103.005951 103.005951 103.005951 100.697624 86.614365 45.645817 36.981728 21.280355 0.000000 0.000000 0.000000 
0.000000 0.000000 70.671173 78.612488 100.337196 103.005951 103.005951 103.005951 103.005951 36.981728 86.614365 54.506325 36.981728 0.000000 0.000000 0.000000 
0.000000 0.000000 70.671173 70.671173 78.612488 103.005951 103.005951 103.005951 103.005951 36.981728 45.645817 14.719502 45.645817 0.000000 0.000000 0.000000 
0.000000 0.000000 2.619001 70.671173 70.671173 103.005951 103.005951 103.005951 92.585495 36.981728 36.981728 54.506325 63.294315 0.000000 0.000000 0.000000 
0.000000 0.000000 0.000000 70.671173 70.671173 100.337196 103.005951 103.005951 103.005951 63.294315 79.595818 21.280355 54.506325 45.645817 0.000000 0.000000 
0.000000 0.000000 0.000000 70.671173 70.671173 78.612488 103.005951 103.005951 92.585495 63.294315 63.294315 63.294315 36.981728 28.776960 0.000000 0.000000 
0.000000 0.000000 0.000000 78.612488 70.671173 70.671173 103.005951 103.005951 103.005951 102.592346 36.981728 21.280355 36.981728 36.981728 0.000000 0.000000 
0.000000 0.000000 0.000000 70.671173 5.144527 8.936824 103.005951 103.005951 103.005951 36.981728 45.645817 63.294315 45.645817 36.981728 0.000000 0.000000 
0.000000 0.000000 0.000000 70.671173 5.144527 5.144527 78.612488 96.780762 103.005951 103.005951 63.294315 71.742989 28.776960 36.981728 0.000000 0.000000 
0.000000 0.000000 0.000000 0.000000 70.671173 8.936824 70.671173 103.005951 103.005951 103.005951 36.981728 45.645817 36.981728 36.981728 45.645817 0.000000 
0.000000 0.000000 0.000000 0.000000 2.619001 70.671173 8.936824 103.005951 103.005951 103.005951 45.645817 71.742989 79.595818 21.280355 36.981728 0.000000 
0.000000 0.000000 0.000000 0.000000 70.671173 70.671173 70.671173 103.005951 103.005951 103.005951 36.981728 45.645817 21.280355 36.981728 36.981728 0.000000 
0.000000 0.000000 0.000000 0.000000 78.612488 70.671173 2.619001 78.612488 103.005951 103.005951 103.005951 79.595818 79.595818 36.981728 36.981728 0.000000 
0.000000 0.000000 0.000000 0.000000 0.000000 78.612488 5.144527 78.612488 103.005951 103.005951 103.005951 71.742989 36.981728 14.719502 21.280355 0.000000 
0.000000 0.000000 0.000000 0.000000 0.000000 70.671173 78.612488 70.671173 103.005951 103.005951 103.005951 36.981728 36.981728 28.776960 36.981728 0.000000 
0.000000 0.000000 0.000000 0.000000 0.000000 70.671173 5.144527 78.612488 103.005951 103.005951 103.005951 63.294315 14.719502 36.981728 36.981728 0.000000 
0.000000 0.000000 0.000000 0.000000 0.000000 8.936824 2.619001 70.671173 78.612488 103.005951 103.005951 45.645817 97.327911 71.742989 36.981728 0.000000 
0.000000 0.000000 0.000000 0.000000 0.000000 0.000000 70.671173 78.612488 78.612488 103.005951 103.005951 63.294315 79.595818 28.776960 36.981728 0.000000 
0.000000 0.000000 0.000000 0.000000 0.000000 0.000000 78.612488 78.612488 78.612488 96.780762 103.005951 103.005951 63.294315 36.981728 14.719502 0.000000 
0.000000 0.000000 0.000000 0.000000 0.000000 0.000000 70.671173 70.671173 70.671173 102.841400 96.780762 103.005951 14.719502 63.294315 36.981728 36.981728 
0.000000 0.000000 0.000000 0.000000 0.000000 0.000000 0.000000 78.612488 1.238763 70.671173 103.005951 103.005951 28.776960 21.280355 36.981728 36.981728 
0.000000 0.000000 0.000000 0.000000 0.000000 0.000000 0.000000 5.144527 70.671173 2.619001 100.337196 103.005951 45.645817 36.981728 45.645817 45.645817 
0.000000 0.000000 0.000000 0.000000 0.000000 0.000000 0.000000 70.671173 70.671173 70.671173 102.841400 103.005951 36.981728 36.981728 28.776960 36.981728 
0.000000 0.000000 0.000000 0.000000 0.000000 0.000000 0.000000 0.000000 2.619001 70.671173 78.612488 103.005951 100.697624 79.595818 36.981728 36.981728 
0.000000 0.000000 0.000000 0.000000 0.000000 0.000000 0.000000 0.000000 5.144527 78.612488 8.936824 103.005951 103.005951 45.645817 28.776960 36.981728 
0.000000 0.000000 0.000000 0.000000 0.000000 0.000000 0.000000 0.000000 1.238763 78.612488 70.671173 103.005951 103.005951 86.614365 36.981728 36.981728 
0.000000 0.000000 0.000000 0.000000 0.000000 0.000000 0.000000 0.000000 0.000000 70.671173 70.671173 85.750710 103.005951 45.645817 36.981728 36.981728 
0.000000 0.000000 0.000000 0.000000 0.000000 0.000000 0.000000 0.000000 0.000000 70.671173 2.619001 70.671173 103.005951 103.005951 28.776960 28.776960 
0.000000 0.000000 0.000000 0.000000 0.000000 0.000000 0.000000 0.000000 0.000000 5.144527 70.671173 5.144527 103.005951 103.005951 36.981728 14.719502 
0.000000 0.000000 0.000000 0.000000 0.000000 0.000000 0.000000 0.000000 0.000000 0.000000 70.671173 70.671173 103.005951 103.005951 28.776960 45.645817 
0.000000 0.000000 0.000000 0.000000 0.000000 0.000000 0.000000 0.000000 0.000000 0.000000 62.168232 1.238763 78.612488 103.005951 45.645817 36.981728 
0.000000 0.000000 0.000000 0.000000 0.000000 0.000000 0.000000 0.000000 0.000000 0.000000 0.000000 62.168232 70.671173 103.005951 36.981728 28.776960 
0.000000 0.000000 0.000000 0.000000 0.000000 0.000000 0.000000 0.000000 0.000000 0.000000 0.000000 2.619001 78.612488 103.005951 71.742989 14.719502 
0.000000 0.000000 0.000000 0.000000 0.000000 0.000000 0.000000 0.000000 0.000000 0.000000 0.000000 0.000000 2.619001 103.005951 103.005951 21.280355 
0.000000 0.000000 0.000000 0.000000 0.000000 0.000000 0.000000 0.000000 0.000000 0.000000 0.000000 0.000000 1.238763 5.144527 103.005951 14.719502 
0.000000 0.000000 0.000000 0.000000 0.000000 0.000000 0.000000 0.000000 0.000000 0.000000 0.000000 0.000000 0.000000 1.047244 -1.000000 0.897488 
