test/output/constant/M3M475_S060_A270_WD045.0_WS015.0/M3M475_S060_A270_WD045.0_WS015.0_intensity.asc
ncols         13
nrows         28
xllcorner     425503.990666
yllcorner     12748655.311160
cellsize      100.000000
NODATA_value  0.000000
40393 40393 13829 20285 0 0 0 0 0 0 0 0 0 
40393 40393 40393 40393 32761 0 0 0 0 0 0 0 0 
40393 40393 40373 35235 32761 13829 0 0 0 0 0 0 0 
40393 40373 40393 40393 10887 23606 0 0 0 0 0 0 0 
40393 40393 40393 39896 26857 13829 13829 0 0 0 0 0 0 
40393 40393 40393 40393 40393 16993 35235 13829 0 0 0 0 0 
38311 40256 40393 40393 40393 37288 37288 13829 0 0 0 0 0 
28787 38311 40393 40393 40393 35235 10887 13829 16993 0 0 0 0 
2654 40256 40393 40393 40393 37288 13829 8252 16993 0 0 0 0 
0 3793 40393 40393 40393 38858 8252 13829 26857 13829 0 0 0 
0 3793 36549 40393 40393 40393 40393 29940 16993 10887 0 0 0 
0 28787 28787 40393 40393 40393 40393 29940 13829 13829 10887 0 0 
0 3793 25636 40256 40393 40393 38858 26857 16993 6001 16993 0 0 
0 0 28787 28787 40393 40393 40393 26857 16993 16993 10887 0 0 
0 0 3793 25636 40393 40393 40393 40393 13829 16993 13829 13829 0 
0 0 3793 2654 5401 40393 40393 40393 26857 16993 13829 8252 0 
0 0 0 5401 25636 36549 40393 40393 39896 16993 13829 8252 0 
0 0 0 2654 3793 5401 40393 40393 40393 10887 13829 13829 0 
0 0 0 0 28787 3793 31713 40393 40393 10887 8252 13829 20285 
0 0 0 0 25636 28787 3793 40393 40393 40393 16993 13829 13829 
0 0 0 0 0 2654 28787 36549 40393 40393 29940 13829 10887 
0 0 0 0 0 2654 28787 5401 40393 40393 37288 13829 8252 
0 0 0 0 0 0 3793 2654 28787 39559 40393 16993 8252 
0 0 0 0 0 0 0 2654 2654 40393 40393 6001 4192 
0 0 0 0 0 0 0 2654 2654 28787 40393 13829 4192 
0 0 0 0 0 0 0 0 2654 2654 40393 40393 6001 
0 0 0 0 0 0 0 0 0 1950 2654 0 8252 
0 0 0 0 0 0 0 0 0 0 1497 1332 1217 
