test/output/constant/M350_S060_A090_WD000.0_WS010.0/M350_S060_A090_WD000.0_WS010.0_arrival.asc
ncols         7
nrows         36
xllcorner     426303.990666
yllcorner     12745255.311160
cellsize      100.000000
NODATA_value  0.000000
0.000000 0.000000 166.025774 166.000000 166.025774 0.000000 0.000000 
0.000000 0.000000 166.010978 166.000955 166.010978 0.000000 0.000000 
0.000000 0.000000 166.007637 166.001909 166.007637 0.000000 0.000000 
0.000000 166.035320 166.007159 166.003341 166.007159 166.035320 0.000000 
0.000000 166.029115 166.007159 166.004296 166.007159 166.029115 0.000000 
0.000000 166.025297 166.008114 166.005728 166.008114 166.025297 0.000000 
0.000000 166.022910 166.008591 166.006682 166.008591 166.022910 0.000000 
0.000000 166.021956 166.009546 166.008114 166.009546 166.021956 0.000000 
0.000000 166.021478 166.010501 166.009069 166.010501 166.021478 0.000000 
166.040570 166.021001 166.011932 166.010501 166.011932 166.021001 166.040570 
166.038184 166.021001 166.012887 166.011455 166.012887 166.021001 166.038184 
166.037229 166.021001 166.013842 166.012887 166.013842 166.021001 166.037229 
166.036275 166.021478 166.015273 166.013842 166.015273 166.021478 166.036275 
166.035797 166.022433 166.016228 166.015273 166.016228 166.022433 166.035797 
166.035320 166.022910 166.017660 166.016228 166.017660 166.022910 166.035320 
166.034843 166.023865 166.018615 166.017660 166.018615 166.023865 166.034843 
166.034843 166.024819 166.019569 166.018615 166.019569 166.024819 166.034843 
166.034843 166.025297 166.021001 166.020046 166.021001 166.025297 166.034843 
166.034843 166.026251 166.021956 166.021001 166.021956 166.026251 166.034843 
166.035320 166.027206 166.023388 166.022433 166.023388 166.027206 166.035320 
166.035797 166.028160 166.024342 166.023388 166.024342 166.028160 166.035797 
166.036752 166.029115 166.025774 166.024819 166.025774 166.029115 166.036752 
166.037229 166.030070 166.026729 166.025774 166.026729 166.030070 166.037229 
166.038184 166.031024 166.028160 166.027206 166.028160 166.031024 166.038184 
166.039138 166.032456 166.029115 166.028160 166.029115 166.032456 166.039138 
166.039616 166.033411 166.030547 166.029592 166.030547 166.033411 166.039616 
166.040570 166.034365 166.031502 166.030547 166.031502 166.034365 166.040570 
166.041525 166.035320 166.032933 166.031979 166.032933 166.035320 166.041525 
0.000000 166.036752 166.033888 166.032933 166.033888 166.036752 0.000000 
0.000000 166.037706 166.034843 166.034365 166.034843 166.037706 0.000000 
0.000000 166.038661 166.036275 166.035320 166.036275 166.038661 0.000000 
0.000000 166.040093 166.037229 166.036752 166.037229 166.040093 0.000000 
0.000000 166.041047 166.038661 166.037706 166.038661 166.041047 0.000000 
0.000000 0.000000 166.039616 166.039138 166.039616 0.000000 0.000000 
0.000000 0.000000 166.041047 166.040093 166.041047 0.000000 0.000000 
0.000000 0.000000 0.000000 166.041525 0.000000 0.000000 0.000000 
