test/output/constant/M3M440_S060_A270_WD135.0_WS015.0/M3M440_S060_A270_WD135.0_WS015.0_arrival.asc
ncols         9
nrows         27
xllcorner     425903.990666
yllcorner     12748755.311160
cellsize      100.000000
NODATA_value  0.000000
0.000000 166.041667 0.000000 0.000000 0.000000 0.000000 0.000000 0.000000 0.000000 
166.041222 166.039973 166.040597 0.000000 0.000000 0.000000 0.000000 0.000000 0.000000 
166.039973 166.038723 166.038723 166.041222 0.000000 0.000000 0.000000 0.000000 0.000000 
166.039973 166.036850 166.036850 166.038723 0.000000 0.000000 0.000000 0.000000 0.000000 
166.039348 166.035601 166.034976 166.036225 166.041222 0.000000 0.000000 0.000000 0.000000 
166.039348 166.034351 166.033727 166.034351 166.038099 0.000000 0.000000 0.000000 0.000000 
166.039348 166.033727 166.031853 166.031853 166.035601 0.000000 0.000000 0.000000 0.000000 
166.039973 166.033727 166.030604 166.030604 166.033102 166.039973 0.000000 0.000000 0.000000 
166.041222 166.033102 166.028730 166.028730 166.029979 166.036850 0.000000 0.000000 0.000000 
0.000000 166.033727 166.028106 166.026857 166.027481 166.033102 0.000000 0.000000 0.000000 
0.000000 166.034351 166.027481 166.025607 166.025607 166.029979 166.039973 0.000000 0.000000 
0.000000 166.034976 166.027481 166.023734 166.023734 166.027481 166.036225 0.000000 0.000000 
0.000000 166.036850 166.027481 166.022485 166.022485 166.024358 166.032478 0.000000 0.000000 
0.000000 166.039348 166.028106 166.021860 166.020611 166.021860 166.029355 0.000000 0.000000 
0.000000 0.000000 166.029355 166.021235 166.018737 166.019362 166.025607 166.039973 0.000000 
0.000000 0.000000 166.030604 166.021235 166.017488 166.017488 166.021860 166.035601 0.000000 
0.000000 0.000000 166.034351 166.021860 166.016239 166.015614 166.018737 166.031229 0.000000 
0.000000 0.000000 166.039348 166.023109 166.015614 166.014365 166.015614 166.026857 0.000000 
0.000000 0.000000 0.000000 166.025607 166.015614 166.012491 166.013116 166.023109 0.000000 
0.000000 0.000000 0.000000 166.029979 166.015614 166.010618 166.010618 166.018737 0.000000 
0.000000 0.000000 0.000000 166.038723 166.016863 166.009369 166.009369 166.014990 0.000000 
0.000000 0.000000 0.000000 0.000000 166.020611 166.009369 166.007495 166.011242 0.000000 
0.000000 0.000000 0.000000 0.000000 166.029979 166.009369 166.006246 166.007495 0.000000 
0.000000 0.000000 0.000000 0.000000 0.000000 166.011867 166.004372 166.004372 166.041667 
0.000000 0.000000 0.000000 0.000000 0.000000 166.020611 166.003123 166.002498 166.040597 
0.000000 0.000000 0.000000 0.000000 0.000000 0.000000 166.003123 166.001249 0.000000 
0.000000 0.000000 0.000000 0.000000 0.000000 0.000000 166.017488 166.000000 0.000000 
