test/output/constant/M375_S060_A000_WD180.0_WS005.0/M375_S060_A000_WD180.0_WS005.0_arrival.asc
ncols         43
nrows         11
xllcorner     422403.990666
yllcorner     12748555.311160
cellsize      100.000000
NODATA_value  0.000000
0.000000 0.000000 0.000000 0.000000 0.000000 166.041400 166.041400 166.041009 166.040619 166.040619 166.040619 166.040619 166.040619 166.040619 166.040619 166.040619 166.041009 166.041400 0.000000 0.000000 0.000000 0.000000 0.000000 0.000000 0.000000 0.000000 0.000000 0.000000 0.000000 0.000000 0.000000 0.000000 0.000000 0.000000 0.000000 0.000000 0.000000 0.000000 0.000000 0.000000 0.000000 0.000000 0.000000 
0.000000 166.041400 166.041009 166.039838 166.039447 166.038666 166.037885 166.037494 166.036713 166.036323 166.035932 166.035542 166.035542 166.035151 166.035151 166.035151 166.035151 166.035151 166.035151 166.035542 166.035542 166.036323 166.037494 166.038666 166.040228 0.000000 0.000000 0.000000 0.000000 0.000000 0.000000 0.000000 0.000000 0.000000 0.000000 0.000000 0.000000 0.000000 0.000000 0.000000 0.000000 0.000000 0.000000 
166.041400 166.040619 166.039447 166.038666 166.037494 166.036713 166.035932 166.035151 166.034760 166.033979 166.033198 166.032417 166.032026 166.031245 166.030855 166.030464 166.030074 166.030074 166.029683 166.029683 166.029683 166.029683 166.030074 166.030074 166.030464 166.031636 166.032808 166.033979 166.036323 166.039057 166.041667 0.000000 0.000000 0.000000 0.000000 0.000000 0.000000 0.000000 0.000000 0.000000 0.000000 0.000000 0.000000 
166.041400 166.040228 166.039447 166.038276 166.037494 166.036323 166.035542 166.034370 166.033589 166.032417 166.031636 166.030464 166.029683 166.029292 166.028511 166.027730 166.026949 166.026168 166.025777 166.025387 166.024996 166.024606 166.024606 166.024606 166.024606 166.024606 166.024606 166.024606 166.025777 166.026559 166.028121 166.030855 166.033589 166.037104 0.000000 0.000000 0.000000 0.000000 0.000000 0.000000 0.000000 0.000000 0.000000 
166.041667 166.040619 166.039447 166.038276 166.037494 166.036323 166.035542 166.034370 166.033198 166.032417 166.031245 166.030464 166.029292 166.028511 166.027340 166.026559 166.025387 166.024606 166.023825 166.023043 166.022262 166.021481 166.021091 166.020309 166.019919 166.019528 166.019138 166.019138 166.019138 166.019138 166.019138 166.019919 166.020700 166.022653 166.024996 166.028511 166.033979 166.040619 0.000000 0.000000 0.000000 0.000000 0.000000 
0.000000 0.000000 166.040619 166.039447 166.038666 166.037104 166.035932 166.035151 166.033979 166.032808 166.031636 166.030464 166.029292 166.028511 166.027340 166.026559 166.025387 166.024606 166.023434 166.022653 166.021481 166.020700 166.019528 166.018747 166.017575 166.016794 166.016013 166.015232 166.014842 166.014060 166.013670 166.013670 166.013670 166.013670 166.014060 166.014842 166.017185 166.019919 166.024996 166.033198 0.000000 0.000000 0.000000 
0.000000 0.000000 0.000000 0.000000 166.041009 166.039447 166.038276 166.037104 166.035932 166.034370 166.033198 166.032026 166.030855 166.029683 166.028511 166.027340 166.026168 166.024996 166.023825 166.022653 166.021481 166.020700 166.019528 166.018357 166.017575 166.016404 166.015623 166.014451 166.013670 166.012498 166.011717 166.010545 166.009764 166.009374 166.008592 166.008202 166.008202 166.008202 166.008983 166.011326 166.016794 166.028121 0.000000 
0.000000 0.000000 0.000000 0.000000 0.000000 0.000000 166.041400 166.040228 166.039057 166.037494 166.036323 166.035151 166.033589 166.032417 166.030855 166.029683 166.028511 166.027340 166.025777 166.024606 166.023434 166.021872 166.020700 166.019528 166.018357 166.017185 166.016013 166.014842 166.013670 166.012498 166.011717 166.010545 166.009764 166.008592 166.007811 166.006640 166.005468 166.004687 166.003515 166.003125 166.002734 166.003125 166.010936 
0.000000 0.000000 0.000000 0.000000 0.000000 0.000000 0.000000 0.000000 0.000000 166.041667 166.040619 166.039057 166.037885 166.036323 166.035151 166.033589 166.032417 166.030855 166.029683 166.028121 166.026949 166.025777 166.024215 166.023043 166.021481 166.020309 166.018747 166.017575 166.016013 166.014842 166.013670 166.012108 166.010936 166.009764 166.008202 166.007030 166.005858 166.004687 166.003515 166.002734 166.001562 166.000781 166.000000 
0.000000 0.000000 0.000000 0.000000 0.000000 0.000000 0.000000 0.000000 0.000000 0.000000 0.000000 0.000000 0.000000 0.000000 166.041009 166.039447 166.038276 166.036713 166.035542 166.034370 166.032808 166.031636 166.030074 166.028902 166.027340 166.026168 166.024996 166.023825 166.022262 166.021091 166.019919 166.018747 166.017575 166.016404 166.014842 166.014060 166.012889 166.012108 166.011326 166.010936 166.010545 166.012108 166.019138 
0.000000 0.000000 0.000000 0.000000 0.000000 0.000000 0.000000 0.000000 0.000000 0.000000 0.000000 0.000000 0.000000 0.000000 0.000000 0.000000 0.000000 0.000000 0.000000 0.000000 0.000000 166.041400 166.040228 166.039057 166.038276 166.037104 166.035932 166.035151 166.033979 166.033198 166.032417 166.031636 166.030855 166.030855 166.030074 166.030464 166.030464 166.031245 166.033198 166.035932 0.000000 0.000000 0.000000 
