test/output/constant/M3M445_S060_A000_WD090.0_WS010.0/M3M445_S060_A000_WD090.0_WS010.0_arrival.asc
ncols         30
nrows         7
xllcorner     423703.990666
yllcorner     12748455.311160
cellsize      100.000000
NODATA_value  0.000000
0.000000 0.000000 0.000000 0.000000 0.000000 0.000000 0.000000 0.000000 0.000000 0.000000 166.041520 166.040943 166.040943 166.040943 166.040943 166.041520 166.041520 0.000000 0.000000 0.000000 0.000000 0.000000 0.000000 0.000000 0.000000 0.000000 0.000000 0.000000 0.000000 0.000000 
0.000000 0.000000 0.000000 166.041520 166.040366 166.038636 166.037483 166.036330 166.035176 166.034023 166.032870 166.031716 166.030563 166.029410 166.028256 166.027680 166.026526 166.025373 166.024796 166.024796 166.024796 166.024796 166.025373 166.026526 166.029986 166.033446 166.039790 0.000000 0.000000 0.000000 
0.000000 166.040943 166.039213 166.038060 166.036330 166.035176 166.033446 166.032293 166.031140 166.029410 166.028256 166.026526 166.025373 166.023643 166.022490 166.021337 166.019607 166.018453 166.016723 166.015570 166.013840 166.012687 166.011533 166.010380 166.009227 166.008650 166.008650 166.008650 166.012110 166.029410 
166.041520 166.039790 166.038636 166.036906 166.035753 166.034023 166.032870 166.031140 166.029986 166.028256 166.027103 166.025373 166.024220 166.022490 166.021337 166.019607 166.018453 166.016723 166.015570 166.013840 166.012687 166.010957 166.009803 166.008073 166.006920 166.005190 166.004037 166.002307 166.001153 166.000000 
0.000000 166.040943 166.039213 166.038060 166.036330 166.035176 166.033446 166.032293 166.031140 166.029410 166.028256 166.026526 166.025373 166.023643 166.022490 166.021337 166.019607 166.018453 166.016723 166.015570 166.013840 166.012687 166.011533 166.010380 166.009227 166.008650 166.008650 166.008650 166.012110 166.029410 
0.000000 0.000000 0.000000 166.041520 166.040366 166.038636 166.037483 166.036330 166.035176 166.034023 166.032870 166.031716 166.030563 166.029410 166.028256 166.027680 166.026526 166.025373 166.024796 166.024796 166.024796 166.024796 166.025373 166.026526 166.029986 166.033446 166.039790 0.000000 0.000000 0.000000 
0.000000 0.000000 0.000000 0.000000 0.000000 0.000000 0.000000 0.000000 0.000000 0.000000 166.041520 166.040943 166.040943 166.040943 166.040943 166.041520 166.041520 0.000000 0.000000 0.000000 0.000000 0.000000 0.000000 0.000000 0.000000 0.000000 0.000000 0.000000 0.000000 0.000000 
