test/output/constant/M375_S060_A000_WD225.0_WS035.0/M375_S060_A000_WD225.0_WS035.0_ros.asc
ncols         15
nrows         25
xllcorner     425303.990666
yllcorner     12748655.311160
cellsize      100.000000
NODATA_value  0.000000
44.024441 44.024441 44.024441 34.708923 0.000000 0.000000 0.000000 0.000000 0.000000 0.000000 0.000000 0.000000 0.000000 0.000000 0.000000 
44.024441 44.024441 44.024441 21.153889 14.397919 0.000000 0.000000 0.000000 0.000000 0.000000 0.000000 0.000000 0.000000 0.000000 0.000000 
44.024441 44.024441 44.024441 14.397919 44.024441 28.204386 0.000000 0.000000 0.000000 0.000000 0.000000 0.000000 0.000000 0.000000 0.000000 
44.024441 44.024441 44.024441 44.024441 14.397919 8.727863 8.727863 0.000000 0.000000 0.000000 0.000000 0.000000 0.000000 0.000000 0.000000 
44.024441 44.024441 44.024441 44.024441 44.024441 6.503656 24.695038 14.397919 0.000000 0.000000 0.000000 0.000000 0.000000 0.000000 0.000000 
32.890064 44.024441 44.024441 44.024441 28.204386 41.777420 41.777420 11.382847 0.000000 0.000000 0.000000 0.000000 0.000000 0.000000 0.000000 
3.890261 35.895447 42.391781 44.024441 43.872570 11.382847 41.777420 31.576267 14.397919 0.000000 0.000000 0.000000 0.000000 0.000000 0.000000 
0.000000 32.890064 44.024441 44.024441 44.024441 44.024441 11.382847 34.708923 8.727863 39.887848 0.000000 0.000000 0.000000 0.000000 0.000000 
0.000000 32.890064 38.531887 44.024441 44.024441 44.024441 44.024441 44.024441 8.727863 21.153889 0.000000 0.000000 0.000000 0.000000 0.000000 
0.000000 32.890064 5.402998 9.792004 44.024441 44.024441 44.024441 37.507671 39.887848 8.727863 4.758952 0.000000 0.000000 0.000000 0.000000 
0.000000 0.000000 32.890064 35.895447 44.024441 44.024441 44.024441 17.687117 6.503656 14.397919 14.397919 0.000000 0.000000 0.000000 0.000000 
0.000000 0.000000 7.375977 32.890064 9.792004 44.024441 44.024441 44.024441 44.024441 31.576267 14.397919 11.382847 0.000000 0.000000 0.000000 
0.000000 0.000000 32.890064 35.895447 5.402998 5.402998 44.024441 44.024441 44.024441 37.507671 14.397919 21.153889 0.000000 0.000000 0.000000 
0.000000 0.000000 0.000000 5.402998 5.402998 5.402998 44.024441 44.024441 44.024441 14.397919 11.382847 11.382847 11.382847 0.000000 0.000000 
0.000000 0.000000 0.000000 7.375977 5.402998 7.375977 32.890064 44.024441 44.024441 44.024441 6.503656 8.727863 8.727863 0.000000 0.000000 
0.000000 0.000000 0.000000 0.000000 3.890261 32.890064 5.402998 44.004742 44.024441 44.024441 43.119198 6.503656 11.382847 8.727863 0.000000 
0.000000 0.000000 0.000000 0.000000 0.000000 7.375977 5.402998 5.402998 44.024441 44.024441 44.024441 8.727863 11.382847 8.727863 0.000000 
0.000000 0.000000 0.000000 0.000000 0.000000 32.890064 5.402998 32.890064 35.895447 44.024441 44.024441 11.382847 21.153889 8.727863 0.000000 
0.000000 0.000000 0.000000 0.000000 0.000000 0.000000 3.890261 3.890261 35.895447 40.719456 44.024441 31.576267 24.695038 6.503656 0.000000 
0.000000 0.000000 0.000000 0.000000 0.000000 0.000000 0.000000 5.402998 7.375977 5.402998 44.024441 44.024441 8.727863 11.382847 8.727863 
0.000000 0.000000 0.000000 0.000000 0.000000 0.000000 0.000000 3.890261 3.890261 3.890261 35.895447 44.024441 34.708923 6.503656 8.727863 
0.000000 0.000000 0.000000 0.000000 0.000000 0.000000 0.000000 0.000000 3.890261 5.402998 29.606758 44.024441 44.024441 6.503656 11.382847 
0.000000 0.000000 0.000000 0.000000 0.000000 0.000000 0.000000 0.000000 0.000000 3.890261 3.890261 32.890064 44.024441 44.024441 4.758952 
0.000000 0.000000 0.000000 0.000000 0.000000 0.000000 0.000000 0.000000 0.000000 0.000000 3.890261 3.890261 5.402998 -1.000000 6.503656 
0.000000 0.000000 0.000000 0.000000 0.000000 0.000000 0.000000 0.000000 0.000000 0.000000 0.000000 0.000000 3.890261 2.634010 1.507926 
