test/output/constant/M3M490_S060_A090_WD135.0_WS015.0/M3M490_S060_A090_WD135.0_WS015.0_arrival.asc
ncols         16
nrows         36
xllcorner     425203.990666
yllcorner     12745355.311160
cellsize      100.000000
NODATA_value  0.000000
0.000000 0.000000 0.000000 0.000000 0.000000 0.000000 0.000000 0.000000 0.000000 0.000000 0.000000 0.000000 0.000000 166.029004 166.021300 166.032177 
0.000000 0.000000 0.000000 0.000000 0.000000 0.000000 0.000000 0.000000 0.000000 0.000000 0.000000 0.000000 166.023566 166.003626 166.000000 166.017675 
0.000000 0.000000 0.000000 0.000000 0.000000 0.000000 0.000000 0.000000 0.000000 0.000000 0.000000 166.028551 166.010423 166.001813 166.000906 166.016315 
0.000000 0.000000 0.000000 0.000000 0.000000 0.000000 0.000000 0.000000 0.000000 0.000000 166.033990 166.017221 166.005438 166.002266 166.002266 166.017221 
0.000000 0.000000 0.000000 0.000000 0.000000 0.000000 0.000000 0.000000 0.000000 166.039881 166.023113 166.010877 166.004985 166.003172 166.004079 166.019487 
0.000000 0.000000 0.000000 0.000000 0.000000 0.000000 0.000000 0.000000 0.000000 166.029458 166.016768 166.008611 166.004985 166.004532 166.006798 166.021753 
0.000000 0.000000 0.000000 0.000000 0.000000 0.000000 0.000000 0.000000 166.036256 166.023113 166.013143 166.008157 166.005892 166.005892 166.009970 166.024472 
0.000000 0.000000 0.000000 0.000000 0.000000 0.000000 0.000000 0.000000 166.029458 166.018581 166.011330 166.007704 166.006798 166.007704 166.012689 166.027645 
0.000000 0.000000 0.000000 0.000000 0.000000 0.000000 0.000000 166.035802 166.024019 166.015862 166.010877 166.008157 166.008157 166.009970 166.015862 166.030817 
0.000000 0.000000 0.000000 0.000000 0.000000 0.000000 0.000000 166.030364 166.020847 166.014502 166.010877 166.009517 166.009517 166.012236 166.019034 166.033990 
0.000000 0.000000 0.000000 0.000000 0.000000 0.000000 166.036256 166.026285 166.018581 166.014049 166.011330 166.010877 166.011330 166.014955 166.022206 166.037162 
0.000000 0.000000 0.000000 0.000000 0.000000 0.000000 166.031724 166.023566 166.017675 166.014049 166.011783 166.011783 166.013143 166.017675 166.025379 166.040334 
0.000000 0.000000 0.000000 0.000000 0.000000 166.037615 166.028551 166.021753 166.017221 166.014049 166.013143 166.013143 166.015409 166.020394 166.028551 0.000000 
0.000000 0.000000 0.000000 0.000000 0.000000 166.033990 166.026285 166.020847 166.017221 166.014502 166.014502 166.014955 166.017675 166.023113 166.031724 0.000000 
0.000000 0.000000 0.000000 0.000000 166.038975 166.031270 166.024926 166.020394 166.017221 166.015862 166.015409 166.016768 166.020394 166.026285 166.034443 0.000000 
0.000000 0.000000 0.000000 0.000000 166.036256 166.029004 166.024019 166.019941 166.017675 166.016768 166.016768 166.018581 166.022660 166.029004 166.037615 0.000000 
0.000000 0.000000 0.000000 166.041667 166.033990 166.027645 166.023566 166.019941 166.018128 166.018128 166.018581 166.020847 166.025379 166.032177 166.040787 0.000000 
0.000000 0.000000 0.000000 166.038975 166.032177 166.026738 166.023113 166.020394 166.019487 166.019487 166.020394 166.023113 166.028098 166.034896 0.000000 0.000000 
0.000000 0.000000 0.000000 166.036709 166.030817 166.026285 166.023113 166.020847 166.020394 166.020847 166.022206 166.025379 166.030817 166.038068 0.000000 0.000000 
0.000000 0.000000 166.041241 166.034896 166.029911 166.026285 166.023566 166.022206 166.021753 166.022206 166.024019 166.028098 166.033536 166.041241 0.000000 0.000000 
0.000000 0.000000 166.039428 166.033990 166.029458 166.026285 166.024019 166.023113 166.023113 166.024019 166.026738 166.030817 166.036256 0.000000 0.000000 0.000000 
0.000000 0.000000 166.038068 166.033083 166.029458 166.026285 166.024472 166.024472 166.024472 166.025832 166.029004 166.033536 166.039428 0.000000 0.000000 0.000000 
0.000000 0.000000 166.037162 166.032630 166.029458 166.026738 166.025832 166.025379 166.025832 166.027645 166.031270 166.035802 0.000000 0.000000 0.000000 0.000000 
0.000000 166.041241 166.036256 166.032630 166.029458 166.027192 166.026738 166.026738 166.027645 166.029911 166.033536 166.038521 0.000000 0.000000 0.000000 0.000000 
0.000000 166.039881 166.035802 166.032177 166.029911 166.028098 166.028098 166.028098 166.029458 166.032177 166.036256 166.041241 0.000000 0.000000 0.000000 0.000000 
0.000000 166.039428 166.035349 166.032177 166.030364 166.029458 166.029004 166.029911 166.031270 166.034443 166.038521 0.000000 0.000000 0.000000 0.000000 0.000000 
0.000000 166.038975 166.035349 166.032630 166.030817 166.030364 166.030364 166.031270 166.033536 166.036709 166.041241 0.000000 0.000000 0.000000 0.000000 0.000000 
0.000000 166.038521 166.035349 166.033083 166.031724 166.031724 166.031724 166.033083 166.035349 166.038975 0.000000 0.000000 0.000000 0.000000 0.000000 0.000000 
0.000000 166.038521 166.035802 166.033536 166.033083 166.033083 166.033536 166.034896 166.037615 166.041241 0.000000 0.000000 0.000000 0.000000 0.000000 0.000000 
166.041667 166.038521 166.036256 166.034443 166.033990 166.033990 166.034896 166.037162 166.039881 0.000000 0.000000 0.000000 0.000000 0.000000 0.000000 0.000000 
166.041667 166.038521 166.036709 166.035802 166.035349 166.035802 166.036709 166.038975 0.000000 0.000000 0.000000 0.000000 0.000000 0.000000 0.000000 0.000000 
166.041241 166.038975 166.037162 166.036709 166.036709 166.037162 166.038521 166.041241 0.000000 0.000000 0.000000 0.000000 0.000000 0.000000 0.000000 0.000000 
166.041667 166.039428 166.038068 166.038068 166.038068 166.038975 166.040334 0.000000 0.000000 0.000000 0.000000 0.000000 0.000000 0.000000 0.000000 0.000000 
0.000000 166.039881 166.038975 166.038975 166.039428 166.040334 0.000000 0.000000 0.000000 0.000000 0.000000 0.000000 0.000000 0.000000 0.000000 0.000000 
0.000000 166.040787 166.040334 166.040334 166.040787 0.000000 0.000000 0.000000 0.000000 0.000000 0.000000 0.000000 0.000000 0.000000 0.000000 0.000000 
0.000000 166.041667 166.041667 166.041667 0.000000 0.000000 0.000000 0.000000 0.000000 0.000000 0.000000 0.000000 0.000000 0.000000 0.000000 0.000000 
