test/output/constant/M3M490_S060_A090_WD135.0_WS015.0/M3M490_S060_A090_WD135.0_WS015.0_raz.asc
ncols         16
nrows         36
xllcorner     425203.990666
yllcorner     12745355.311160
cellsize      100.000000
NODATA_value  0.000000
0 0 0 0 0 0 0 0 0 0 0 0 0 309 355 45 
0 0 0 0 0 0 0 0 0 0 0 0 263 285 254 45 
0 0 0 0 0 0 0 0 0 0 0 285 309 200 200 168 
0 0 0 0 0 0 0 0 0 0 309 280 209 200 181 168 
0 0 0 0 0 0 0 0 0 309 263 309 200 200 184 168 
0 0 0 0 0 0 0 0 0 263 263 263 200 200 181 168 
0 0 0 0 0 0 0 0 280 309 249 263 200 187 168 178 
0 0 0 0 0 0 0 0 249 280 209 203 200 161 181 178 
0 0 0 0 0 0 0 209 209 209 204 200 197 174 168 168 
0 0 0 0 0 0 0 309 263 209 200 200 189 181 168 168 
0 0 0 0 0 0 209 309 209 203 200 200 198 161 168 168 
0 0 0 0 0 0 249 285 209 200 199 200 195 174 161 174 
0 0 0 0 0 280 263 239 204 200 200 191 178 168 174 0 
0 0 0 0 0 355 249 280 204 200 197 181 181 168 174 0 
0 0 0 0 209 309 239 249 200 200 199 181 174 178 181 0 
0 0 0 0 263 209 263 203 200 200 194 189 178 168 181 0 
0 0 0 249 263 209 280 203 200 200 195 181 181 174 178 0 
0 0 0 309 209 209 202 200 200 178 184 187 178 178 0 0 
0 0 0 309 209 207 200 200 200 178 197 184 181 168 0 0 
0 0 209 209 209 203 200 200 200 181 194 181 181 174 0 0 
0 0 209 209 204 200 200 200 200 194 168 168 181 0 0 0 
0 0 209 209 204 200 200 191 187 181 174 178 168 0 0 0 
0 0 263 203 204 200 200 200 195 197 168 181 0 0 0 0 
0 209 209 200 200 200 200 200 184 181 181 187 0 0 0 0 
0 209 204 204 200 200 200 198 181 178 174 181 0 0 0 0 
0 263 202 200 200 200 200 178 195 178 181 0 0 0 0 0 
0 249 200 200 200 200 200 181 174 181 181 0 0 0 0 0 
0 203 200 200 200 200 192 198 189 181 0 0 0 0 0 0 
0 204 200 200 200 192 178 195 178 184 0 0 0 0 0 0 
200 200 200 200 200 199 189 168 181 0 0 0 0 0 0 0 
249 200 200 200 200 161 187 178 0 0 0 0 0 0 0 0 
202 200 200 200 192 189 189 178 0 0 0 0 0 0 0 0 
200 200 200 191 192 178 195 0 0 0 0 0 0 0 0 0 
0 200 200 197 178 187 0 0 0 0 0 0 0 0 0 0 
0 200 200 187 199 0 0 0 0 0 0 0 0 0 0 0 
0 200 200 184 0 0 0 0 0 0 0 0 0 0 0 0 
