test/output/constant/M350_S060_A090_WD000.0_WS045.0/M350_S060_A090_WD000.0_WS045.0_arrival.asc
ncols         5
nrows         40
xllcorner     426403.990666
yllcorner     12744855.311160
cellsize      100.000000
NODATA_value  0.000000
0.000000 0.000000 166.000000 0.000000 0.000000 
0.000000 166.023180 166.000859 166.023180 0.000000 
0.000000 166.013736 166.001717 166.013736 0.000000 
0.000000 166.010731 166.003005 166.010731 0.000000 
0.000000 166.009873 166.003863 166.009873 0.000000 
0.000000 166.009444 166.005151 166.009444 0.000000 
0.000000 166.009444 166.006010 166.009444 0.000000 
166.036916 166.010302 166.007297 166.010302 166.036916 
166.034340 166.011161 166.008156 166.011161 166.034340 
166.031765 166.011590 166.009444 166.011590 166.031765 
166.030477 166.012448 166.010302 166.012448 166.030477 
166.029189 166.013307 166.011590 166.013307 166.029189 
166.028760 166.014595 166.012448 166.014595 166.028760 
166.027902 166.015453 166.013736 166.015453 166.027902 
166.027902 166.016741 166.014595 166.016741 166.027902 
166.027472 166.017599 166.015882 166.017599 166.027472 
166.027472 166.018458 166.016741 166.018458 166.027472 
166.027902 166.019746 166.018029 166.019746 166.027902 
166.028760 166.020604 166.018887 166.020604 166.028760 
166.029619 166.021892 166.020175 166.021892 166.029619 
166.030048 166.022751 166.021034 166.022751 166.030048 
166.030906 166.024038 166.022321 166.024038 166.030906 
166.031765 166.024897 166.023180 166.024897 166.031765 
166.032194 166.025755 166.024468 166.025755 166.032194 
166.033053 166.027043 166.025326 166.027043 166.033053 
166.033911 166.027902 166.026614 166.027902 166.033911 
166.034340 166.029189 166.027472 166.029189 166.034340 
166.035199 166.030048 166.028760 166.030048 166.035199 
166.036057 166.031336 166.029619 166.031336 166.036057 
166.036916 166.032194 166.030906 166.032194 166.036916 
166.037774 166.033482 166.031765 166.033482 166.037774 
166.039062 166.034340 166.033053 166.034340 166.039062 
166.039921 166.035199 166.033911 166.035199 166.039921 
166.040779 166.036487 166.035199 166.036487 166.040779 
166.041638 166.037345 166.036057 166.037345 166.041638 
0.000000 166.038633 166.037345 166.038633 0.000000 
0.000000 166.039491 166.038204 166.039491 0.000000 
0.000000 166.040779 166.039491 166.040779 0.000000 
0.000000 166.041638 166.040350 166.041638 0.000000 
0.000000 0.000000 166.041638 0.000000 0.000000 
