test/output/constant/M3M4100_S060_A270_WD315.0_WS045.0/M3M4100_S060_A270_WD315.0_WS045.0_intensity.asc
ncols         39
nrows         15
xllcorner     426503.990666
yllcorner     12748555.311160
cellsize      100.000000
NODATA_value  0.000000
0 0 0 0 0 0 0 0 0 0 0 0 0 0 0 0 0 0 0 0 0 0 0 0 0 0 0 0 0 0 0 58425 57272 0 0 0 0 0 0 
0 0 0 0 0 0 0 0 0 0 0 0 0 0 0 0 0 0 0 0 0 0 0 45385 49286 57272 58747 58686 58747 58747 58747 58747 58747 58747 52632 58747 58747 58747 58747 
0 0 0 0 0 0 0 0 0 0 0 0 0 0 0 0 0 0 0 45385 49286 58425 49286 57272 58747 58425 58747 58747 58747 58747 55321 58747 58747 58747 58686 58747 58747 58747 58747 
0 0 0 0 0 0 0 0 0 0 0 0 0 0 0 49286 45385 45385 49286 45385 58747 49286 58747 55321 58686 58747 58747 58747 58747 58747 58747 58747 58747 58747 58747 58747 58747 58747 58747 
0 0 0 0 0 0 0 0 0 0 0 0 45385 45385 45385 45385 45385 45385 49286 58686 58747 58747 58747 58747 58747 58747 58686 58747 58747 58747 58747 58747 58747 58747 58747 58747 58747 58747 58747 
0 0 0 0 0 0 0 0 0 0 41047 49286 45385 45385 58686 49286 57272 57272 58747 58747 57272 58747 58747 58747 58747 58747 58747 58747 58747 58747 56954 58747 54854 58747 58747 58747 58747 0 0 
0 0 0 0 0 0 0 41047 7179 45385 49286 49286 55321 49286 58425 49286 52632 58747 58747 58747 57272 58747 58747 58747 58747 58747 58747 58747 40159 58747 56954 58747 58747 58747 58747 44569 0 0 0 
0 0 0 0 0 41047 45385 49286 45385 49286 49286 58747 57272 58747 58747 58747 58747 58747 58747 58747 58747 58747 58747 58747 58747 58747 58606 58747 58747 58747 58747 58747 58747 58747 58747 0 0 0 0 
0 0 0 3341 41047 41047 45385 45385 49286 49286 55321 58747 58747 58747 58747 58747 58747 58747 58747 58747 58747 58747 58747 58747 56954 58747 54854 58747 58747 58747 48567 48567 56954 0 0 0 0 0 0 
0 0 2756 4932 45385 45385 45385 58686 58747 58747 58747 58747 58747 58747 58747 58747 58747 58747 58747 58265 58747 58747 58747 58265 58747 58747 58606 52030 48567 58747 0 0 0 0 0 0 0 0 0 
0 3341 3341 49286 45385 58686 58747 58747 58747 58747 58747 58747 58747 58747 58747 58747 56954 58747 52030 52030 44569 58747 44569 58747 44569 58747 40159 44569 0 0 0 0 0 0 0 0 0 0 0 
2307 41047 58747 58686 58747 58747 58747 58747 58747 58747 58747 52030 54854 58747 58747 35470 44569 48567 58747 58747 58747 58747 58747 58747 58606 0 0 0 0 0 0 0 0 0 0 0 0 0 0 
1242 0 58747 58747 54854 58747 52030 58747 58747 58747 58747 48567 35470 35470 35470 40159 44569 35470 35470 30644 40159 35470 0 0 0 0 0 0 0 0 0 0 0 0 0 0 0 0 0 
1222 1847 12850 12850 35470 35470 35470 35470 35470 30644 35470 35470 35470 35470 35470 35470 0 0 0 0 0 0 0 0 0 0 0 0 0 0 0 0 0 0 0 0 0 0 0 
0 0 1847 12850 9443 16795 9443 30644 0 0 0 0 0 0 0 0 0 0 0 0 0 0 0 0 0 0 0 0 0 0 0 0 0 0 0 0 0 0 0 
