test/output/constant/M380_S000_A180_WD045.0_WS025.0/M380_S000_A180_WD045.0_WS025.0_raz.asc
ncols         22
nrows         22
xllcorner     424603.990666
yllcorner     12746755.311160
cellsize      100.000000
NODATA_value  0.000000
0 0 0 0 0 0 0 0 0 0 0 0 0 0 0 0 0 292 270 292 292 45 
0 0 0 0 0 0 0 0 0 0 0 0 0 0 0 292 270 280 270 230 65535 157 
0 0 0 0 0 0 0 0 0 0 0 0 0 292 292 244 280 292 225 225 217 157 
0 0 0 0 0 0 0 0 0 0 0 0 292 315 244 280 234 225 222 202 179 179 
0 0 0 0 0 0 0 0 0 0 292 270 270 280 238 232 225 222 219 157 169 157 
0 0 0 0 0 0 0 0 0 280 270 280 270 236 232 225 225 205 215 169 179 0 
0 0 0 0 0 0 0 0 280 262 238 280 236 229 225 225 220 217 169 205 157 0 
0 0 0 0 0 0 0 262 270 262 330 262 292 225 225 208 217 211 205 157 0 0 
0 0 0 0 0 0 292 238 270 236 229 230 225 225 222 220 213 169 135 157 0 0 
0 0 0 0 0 292 238 270 262 262 227 225 225 211 157 213 179 179 157 0 0 0 
0 0 0 0 251 262 280 229 229 225 225 225 225 211 187 169 169 179 0 0 0 0 
0 0 0 0 236 236 270 230 225 225 224 225 222 220 119 211 179 157 0 0 0 0 
0 0 0 280 234 256 270 225 225 225 225 225 187 213 187 187 169 0 0 0 0 0 
0 0 236 270 270 227 225 225 225 225 225 220 187 179 179 169 0 0 0 0 0 0 
0 0 262 227 229 225 225 225 225 202 219 220 179 211 187 0 0 0 0 0 0 0 
0 303 227 230 225 225 225 225 224 179 179 169 211 157 0 0 0 0 0 0 0 0 
0 229 225 225 225 227 225 220 222 193 213 187 157 0 0 0 0 0 0 0 0 0 
225 225 225 225 225 224 225 220 179 215 213 198 0 0 0 0 0 0 0 0 0 0 
232 225 225 225 225 225 219 222 179 169 0 0 0 0 0 0 0 0 0 0 0 0 
225 225 225 225 219 217 222 187 213 0 0 0 0 0 0 0 0 0 0 0 0 0 
225 225 225 205 217 220 146 0 0 0 0 0 0 0 0 0 0 0 0 0 0 0 
225 225 220 217 225 0 0 0 0 0 0 0 0 0 0 0 0 0 0 0 0 0 
