test/output/constant/M480_S060_A090_WD000.0_WS040.0/M480_S060_A090_WD000.0_WS040.0_arrival.asc
ncols         5
nrows         41
xllcorner     426403.990666
yllcorner     12744755.311160
cellsize      100.000000
NODATA_value  0.000000
0.000000 0.000000 166.000000 0.000000 0.000000 
0.000000 166.019665 166.000837 166.019665 0.000000 
0.000000 166.012133 166.001674 166.012133 0.000000 
0.000000 166.009623 166.002929 166.009623 0.000000 
0.000000 166.008786 166.003766 166.008786 0.000000 
166.041421 166.008786 166.005021 166.008786 166.041421 
166.036400 166.008786 166.005858 166.008786 166.036400 
166.032635 166.009623 166.007113 166.009623 166.032635 
166.030124 166.010460 166.007950 166.010460 166.030124 
166.028033 166.011297 166.009205 166.011297 166.028033 
166.027196 166.012133 166.010041 166.012133 166.027196 
166.026359 166.012970 166.011297 166.012970 166.026359 
166.025941 166.013807 166.012133 166.013807 166.025941 
166.025522 166.015062 166.013389 166.015062 166.025522 
166.025522 166.015899 166.014225 166.015899 166.025522 
166.025522 166.017154 166.015481 166.017154 166.025522 
166.025941 166.017991 166.016317 166.017991 166.025941 
166.026359 166.019246 166.017573 166.019246 166.026359 
166.027196 166.020083 166.018409 166.020083 166.027196 
166.027614 166.020920 166.019665 166.020920 166.027614 
166.028451 166.022175 166.020501 166.022175 166.028451 
166.029288 166.023012 166.021757 166.023012 166.029288 
166.030124 166.024267 166.022593 166.024267 166.030124 
166.030543 166.025104 166.023849 166.025104 166.030543 
166.031380 166.026359 166.024685 166.026359 166.031380 
166.032216 166.027196 166.025941 166.027196 166.032216 
166.033053 166.028033 166.026777 166.028033 166.033053 
166.033890 166.029288 166.028033 166.029288 166.033890 
166.034727 166.030124 166.028869 166.030124 166.034727 
166.035564 166.031380 166.030124 166.031380 166.035564 
166.036400 166.032216 166.030961 166.032216 166.036400 
166.037237 166.033472 166.032216 166.033472 166.037237 
166.038074 166.034308 166.033053 166.034308 166.038074 
166.039329 166.035564 166.034308 166.035564 166.039329 
166.040166 166.036400 166.035145 166.036400 166.040166 
166.041003 166.037237 166.036400 166.037237 166.041003 
0.000000 166.038492 166.037237 166.038492 0.000000 
0.000000 166.039329 166.038492 166.039329 0.000000 
0.000000 166.040584 166.039329 166.040584 0.000000 
0.000000 166.041421 166.040584 166.041421 0.000000 
0.000000 0.000000 166.041421 0.000000 0.000000 
