test/output/constant/M3M490_S060_A000_WD135.0_WS010.0/M3M490_S060_A000_WD135.0_WS010.0_intensity.asc
ncols         55
nrows         13
xllcorner     421203.990666
yllcorner     12748555.311160
cellsize      100.000000
NODATA_value  0.000000
0 0 0 76510 81495 81495 72614 79340 67769 81495 72614 81495 62124 62124 55849 62124 55849 55849 4070 55849 55849 55849 62124 0 0 0 0 0 0 0 0 0 0 0 0 0 0 0 0 0 0 0 0 0 0 0 0 0 0 0 0 0 0 0 0 
81495 81495 81495 81495 81495 81495 76510 81495 81495 81495 81495 81495 81495 81495 81495 76510 62124 4070 62124 55849 62124 55849 55849 62124 55849 55849 55849 4070 4070 55849 0 0 0 0 0 0 0 0 0 0 0 0 0 0 0 0 0 0 0 0 0 0 0 0 0 
81495 81495 81495 79340 81495 81495 81495 81495 79340 81495 81495 81495 81495 81495 79340 81495 81495 81361 81361 81495 81495 67769 4070 55849 4070 55849 55849 55849 4070 55849 55849 2106 55849 62124 55849 0 0 0 0 0 0 0 0 0 0 0 0 0 0 0 0 0 0 0 0 
81495 81495 49862 81495 81495 76868 81495 81495 81495 81495 81495 81495 81495 81495 81495 81495 81495 81495 81495 72614 81495 76510 72614 81361 81495 55849 55849 62124 55849 55849 7105 55849 62124 4070 4070 55849 55849 62124 4070 0 0 0 0 0 0 0 0 0 0 0 0 0 0 0 0 
0 81495 56542 81495 42924 81495 42924 56542 81495 42924 81495 81495 81495 81495 81495 81495 81495 81495 81495 81495 81495 81495 81495 76510 81495 72614 81495 79340 79340 79340 62124 55849 62124 62124 62124 55849 55849 4070 55849 4070 2106 55849 1081 0 0 0 0 0 0 0 0 0 0 0 0 
0 0 0 73081 42924 49862 62761 81495 42924 73081 76868 81495 81416 49862 68331 81495 62761 81495 81495 81495 81495 81495 81495 81495 81495 72614 81495 81495 81495 81495 81016 81495 81495 72614 55849 62124 4070 55849 55849 62124 1081 62124 7105 55849 55849 4070 55849 0 0 0 0 0 0 0 0 
0 0 0 0 0 0 42924 42924 49862 42924 49862 49862 49862 49862 42924 81495 56542 81495 42924 49862 76868 76868 81495 81495 81495 81495 81495 81495 81495 81495 81495 81495 79340 81495 81495 79340 81495 76510 62124 4070 55849 55849 55849 2106 62124 62124 55849 55849 55849 1081 0 0 0 0 0 
0 0 0 0 0 0 0 0 49862 49862 42924 42924 49862 56542 49862 49862 42924 49862 73081 49862 49862 49862 49862 76868 42924 81495 49862 42924 56542 81495 81495 81495 81495 81495 81495 81495 81495 81495 81495 81495 81495 81495 81495 62124 7105 55849 55849 55849 55849 49135 1081 2106 0 0 0 
0 0 0 0 0 0 0 0 0 0 0 0 49862 56542 49862 42924 49862 42924 49862 42924 42924 42924 62761 49862 42924 42924 56542 56542 49862 49862 76868 49862 81495 73081 42924 49862 68331 81495 81495 81495 81495 81495 81495 72614 81495 81495 81495 62124 55849 4070 55849 2106 49135 627 0 
0 0 0 0 0 0 0 0 0 0 0 0 0 0 0 0 49862 49862 49862 42924 49862 49862 42924 49862 56542 49862 42924 42924 49862 42924 42924 42924 49862 49862 42924 42924 42924 42924 42924 49862 49862 76868 49862 81495 81495 81495 81495 81495 81495 81495 81495 76510 62124 55849 927 
0 0 0 0 0 0 0 0 0 0 0 0 0 0 0 0 0 0 0 0 49862 49862 49862 49862 42924 49862 42924 49862 42924 49862 49862 49862 42924 49862 49862 49862 49862 42924 49862 42924 42924 49862 42924 49862 49862 42924 42924 49862 49862 42924 79577 81495 81495 81495 0 
0 0 0 0 0 0 0 0 0 0 0 0 0 0 0 0 0 0 0 0 0 0 0 0 0 0 0 0 42924 42924 49862 42924 49862 49862 49862 42924 49862 42924 42924 49862 42924 49862 42924 49862 42924 42924 42924 42924 49862 42924 42924 42924 16789 16789 606 
0 0 0 0 0 0 0 0 0 0 0 0 0 0 0 0 0 0 0 0 0 0 0 0 0 0 0 0 0 0 0 0 0 0 0 0 0 0 0 0 49862 42924 49862 42924 42924 16789 22670 42924 35939 16789 0 0 0 0 0 
