test/output/constant/M190_S000_A000_WD090.0_WS040.0/M190_S000_A000_WD090.0_WS040.0_arrival.asc
ncols         29
nrows         7
xllcorner     423803.990666
yllcorner     12748455.311160
cellsize      100.000000
NODATA_value  0.000000
0.000000 0.000000 0.000000 0.000000 0.000000 0.000000 0.000000 0.000000 166.041654 166.040480 166.039894 166.038720 166.038720 166.038720 166.038720 166.038720 166.039307 166.039894 166.040480 0.000000 0.000000 0.000000 0.000000 0.000000 0.000000 0.000000 0.000000 0.000000 0.000000 
0.000000 0.000000 166.041654 166.040480 166.038720 166.037547 166.036374 166.035200 166.033440 166.032267 166.031094 166.029920 166.028747 166.028160 166.026987 166.025813 166.024640 166.024053 166.023467 166.023467 166.023467 166.024053 166.024640 166.026400 166.029334 166.035787 0.000000 0.000000 0.000000 
166.041067 166.039894 166.038134 166.036960 166.035787 166.034027 166.032854 166.031094 166.029920 166.028160 166.026987 166.025813 166.024053 166.022880 166.021120 166.019947 166.018187 166.017013 166.015840 166.014080 166.012907 166.011733 166.010560 166.009387 166.008213 166.008213 166.008213 166.010560 166.025813 
166.040480 166.039307 166.037547 166.036374 166.034614 166.033440 166.031680 166.030507 166.028747 166.027574 166.025813 166.024640 166.022880 166.021707 166.019947 166.018773 166.017013 166.015840 166.014080 166.012907 166.011147 166.009973 166.008213 166.007040 166.005280 166.004107 166.002347 166.001173 166.000000 
166.041067 166.039894 166.038134 166.036960 166.035787 166.034027 166.032854 166.031094 166.029920 166.028160 166.026987 166.025813 166.024053 166.022880 166.021120 166.019947 166.018187 166.017013 166.015840 166.014080 166.012907 166.011733 166.010560 166.009387 166.008213 166.008213 166.008213 166.010560 166.025813 
0.000000 0.000000 166.041654 166.040480 166.038720 166.037547 166.036374 166.035200 166.033440 166.032267 166.031094 166.029920 166.028747 166.028160 166.026987 166.025813 166.024640 166.024053 166.023467 166.023467 166.023467 166.024053 166.024640 166.026400 166.029334 166.035787 0.000000 0.000000 0.000000 
0.000000 0.000000 0.000000 0.000000 0.000000 0.000000 0.000000 0.000000 166.041654 166.040480 166.039894 166.038720 166.038720 166.038720 166.038720 166.038720 166.039307 166.039894 166.040480 0.000000 0.000000 0.000000 0.000000 0.000000 0.000000 0.000000 0.000000 0.000000 0.000000 
