test/output/constant/C6_S060_A000_WD090.0_WS045.0/C6_S060_A000_WD090.0_WS045.0_arrival.asc
ncols         40
nrows         7
xllcorner     422703.990666
yllcorner     12748455.311160
cellsize      100.000000
NODATA_value  0.000000
0.000000 0.000000 0.000000 0.000000 0.000000 0.000000 0.000000 0.000000 0.000000 0.000000 0.000000 0.000000 0.000000 166.041667 166.040859 166.040429 166.039999 166.039999 166.039999 166.039999 166.040429 166.040859 166.041289 0.000000 0.000000 0.000000 0.000000 0.000000 0.000000 0.000000 0.000000 0.000000 0.000000 0.000000 0.000000 0.000000 0.000000 0.000000 0.000000 0.000000 
0.000000 0.000000 0.000000 0.000000 166.041667 166.040429 166.039569 166.038708 166.037848 166.036558 166.035698 166.034838 166.033547 166.032687 166.031827 166.031397 166.030537 166.029676 166.028816 166.027956 166.027526 166.026666 166.025806 166.025375 166.024515 166.024085 166.024085 166.024085 166.024515 166.024945 166.026236 166.027526 166.029246 166.032257 166.036558 0.000000 0.000000 0.000000 0.000000 0.000000 
0.000000 166.041667 166.040429 166.039569 166.038278 166.037418 166.036128 166.035268 166.033977 166.033117 166.031827 166.030967 166.029676 166.028816 166.027526 166.026666 166.025375 166.024515 166.023655 166.022365 166.021505 166.020214 166.019354 166.018494 166.017204 166.016344 166.015053 166.014193 166.013333 166.012043 166.011182 166.010322 166.009462 166.009032 166.008172 166.008172 166.009032 166.010752 166.017204 0.000000 
166.041667 166.040429 166.039569 166.038278 166.037418 166.036128 166.035268 166.033977 166.033117 166.031827 166.030967 166.029676 166.028816 166.027526 166.026666 166.025375 166.024515 166.023225 166.022365 166.021075 166.020214 166.018924 166.018064 166.016774 166.015913 166.014623 166.013763 166.012473 166.011613 166.010322 166.009462 166.008172 166.007312 166.006021 166.005161 166.003871 166.003011 166.001720 166.000860 166.000000 
0.000000 166.041667 166.040429 166.039569 166.038278 166.037418 166.036128 166.035268 166.033977 166.033117 166.031827 166.030967 166.029676 166.028816 166.027526 166.026666 166.025375 166.024515 166.023655 166.022365 166.021505 166.020214 166.019354 166.018494 166.017204 166.016344 166.015053 166.014193 166.013333 166.012043 166.011182 166.010322 166.009462 166.009032 166.008172 166.008172 166.009032 166.010752 166.017204 0.000000 
0.000000 0.000000 0.000000 0.000000 166.041667 166.040429 166.039569 166.038708 166.037848 166.036558 166.035698 166.034838 166.033547 166.032687 166.031827 166.031397 166.030537 166.029676 166.028816 166.027956 166.027526 166.026666 166.025806 166.025375 166.024515 166.024085 166.024085 166.024085 166.024515 166.024945 166.026236 166.027526 166.029246 166.032257 166.036558 0.000000 0.000000 0.000000 0.000000 0.000000 
0.000000 0.000000 0.000000 0.000000 0.000000 0.000000 0.000000 0.000000 0.000000 0.000000 0.000000 0.000000 0.000000 166.041667 166.040859 166.040429 166.039999 166.039999 166.039999 166.039999 166.040429 166.040859 166.041289 0.000000 0.000000 0.000000 0.000000 0.000000 0.000000 0.000000 0.000000 0.000000 0.000000 0.000000 0.000000 0.000000 0.000000 0.000000 0.000000 0.000000 
