test/output/constant/M3M485_S060_A000_WD315.0_WS005.0/M3M485_S060_A000_WD315.0_WS005.0_raz.asc
ncols         43
nrows         11
xllcorner     422503.990666
yllcorner     12748055.311160
cellsize      100.000000
NODATA_value  0.000000
0 0 0 0 0 0 0 0 0 0 0 0 0 0 0 0 0 0 0 0 0 0 276 281 279 276 273 276 276 274 276 276 279 279 0 0 0 0 0 0 0 0 0 
0 0 0 0 0 0 0 0 0 0 0 0 0 273 273 273 279 279 270 270 271 274 271 276 274 276 276 281 285 273 274 281 285 281 274 273 279 331 276 84 15 0 0 
0 0 0 0 0 0 0 0 0 271 271 271 271 271 271 271 271 271 271 273 273 273 274 274 273 273 273 274 274 276 279 274 276 276 279 276 273 276 279 281 15 354 0 
0 0 0 0 0 271 271 271 273 273 273 274 279 274 276 276 279 276 276 268 270 270 270 270 270 271 270 270 270 270 270 270 279 274 264 271 271 264 264 264 264 254 84 
0 0 0 274 270 276 268 281 270 270 270 271 271 267 274 285 264 270 271 271 267 271 264 271 273 279 264 264 264 264 264 264 264 264 264 264 264 264 262 255 213 174 0 
0 281 279 270 264 285 276 270 270 264 270 271 270 264 264 271 264 264 264 271 264 264 264 264 264 264 264 264 259 264 264 264 264 264 262 255 196 196 255 152 152 0 0 
270 270 264 264 264 264 270 264 264 271 264 264 264 264 264 264 264 264 264 264 264 264 264 264 264 264 263 264 263 258 256 255 196 185 255 256 255 253 152 0 0 0 0 
273 264 264 264 264 264 264 264 264 264 264 264 264 264 264 264 264 262 264 264 264 264 256 260 264 259 264 258 255 255 174 255 255 152 196 185 185 0 0 0 0 0 0 
264 264 264 264 264 264 264 264 264 264 264 264 262 264 264 264 264 259 264 260 256 255 258 255 255 256 196 213 256 255 213 255 213 0 0 0 0 0 0 0 0 0 0 
0 0 264 264 264 264 264 264 262 264 264 264 264 264 260 264 258 264 258 255 255 255 255 196 213 255 213 174 213 0 0 0 0 0 0 0 0 0 0 0 0 0 0 
0 0 0 0 0 0 264 264 259 264 259 259 256 259 255 255 255 213 256 196 256 259 0 0 0 0 0 0 0 0 0 0 0 0 0 0 0 0 0 0 0 0 0 
