test/output/constant/M3M445_S060_A000_WD000.0_WS010.0/M3M445_S060_A000_WD000.0_WS010.0_arrival.asc
ncols         23
nrows         9
xllcorner     424403.990666
yllcorner     12748055.311160
cellsize      100.000000
NODATA_value  0.000000
0.000000 0.000000 0.000000 0.000000 0.000000 0.000000 0.000000 0.000000 0.000000 0.000000 0.000000 0.000000 0.000000 0.000000 0.000000 0.000000 0.000000 0.000000 166.038738 166.034352 166.032890 166.031429 166.038007 
0.000000 0.000000 0.000000 0.000000 0.000000 0.000000 0.000000 0.000000 0.000000 0.000000 0.000000 166.041661 166.036545 166.032160 166.027774 166.022658 166.018272 166.013887 166.009502 166.005847 166.002924 166.001462 166.000000 
0.000000 0.000000 0.000000 0.000000 0.000000 0.000000 0.000000 0.000000 166.040930 166.036545 166.032160 166.028505 166.024120 166.020465 166.016811 166.013887 166.010963 166.008771 166.007309 166.005116 166.003654 166.003654 166.010233 
0.000000 0.000000 0.000000 0.000000 0.000000 0.000000 166.038738 166.035083 166.031429 166.027774 166.024851 166.021927 166.019003 166.016811 166.014618 166.013156 166.010963 166.009502 166.009502 166.009502 166.013156 166.027043 0.000000 
0.000000 0.000000 0.000000 0.000000 166.038738 166.035814 166.032890 166.029236 166.027043 166.024851 166.022658 166.020465 166.019003 166.016811 166.015349 166.015349 166.015349 166.016080 166.019003 166.027774 0.000000 0.000000 0.000000 
0.000000 0.000000 166.040930 166.037276 166.035083 166.032890 166.030698 166.028505 166.026312 166.024851 166.022658 166.021927 166.021196 166.021196 166.021196 166.022658 166.025581 166.032890 0.000000 0.000000 0.000000 0.000000 0.000000 
0.000000 166.040199 166.038007 166.036545 166.034352 166.032160 166.030698 166.028505 166.027774 166.027043 166.027043 166.027043 166.027774 166.029236 166.032160 166.038007 0.000000 0.000000 0.000000 0.000000 0.000000 0.000000 0.000000 
166.041661 166.040199 166.038007 166.036545 166.034352 166.033621 166.032890 166.032890 166.032890 166.032890 166.034352 166.035814 166.039469 0.000000 0.000000 0.000000 0.000000 0.000000 0.000000 0.000000 0.000000 0.000000 0.000000 
0.000000 166.040930 166.039469 166.038738 166.038738 166.038007 166.038738 166.039469 166.040930 0.000000 0.000000 0.000000 0.000000 0.000000 0.000000 0.000000 0.000000 0.000000 0.000000 0.000000 0.000000 0.000000 0.000000 
