test/output/constant/M375_S060_A270_WD045.0_WS020.0/M375_S060_A270_WD045.0_WS020.0_arrival.asc
ncols         17
nrows         26
xllcorner     425103.990666
yllcorner     12748655.311160
cellsize      100.000000
NODATA_value  0.000000
166.041667 166.040276 166.040276 166.040843 166.041410 0.000000 0.000000 0.000000 0.000000 0.000000 0.000000 0.000000 0.000000 0.000000 0.000000 0.000000 0.000000 
166.041410 166.039708 166.038574 166.038574 166.039141 166.040843 0.000000 0.000000 0.000000 0.000000 0.000000 0.000000 0.000000 0.000000 0.000000 0.000000 0.000000 
166.040843 166.038574 166.037439 166.036872 166.036872 166.038007 166.040276 0.000000 0.000000 0.000000 0.000000 0.000000 0.000000 0.000000 0.000000 0.000000 0.000000 
166.040843 166.038574 166.036305 166.035170 166.035170 166.035738 166.037439 166.040276 0.000000 0.000000 0.000000 0.000000 0.000000 0.000000 0.000000 0.000000 0.000000 
166.041410 166.038007 166.035738 166.034036 166.033468 166.033468 166.034603 166.036872 166.040843 0.000000 0.000000 0.000000 0.000000 0.000000 0.000000 0.000000 0.000000 
0.000000 166.038574 166.035170 166.032901 166.031767 166.031767 166.032334 166.034036 166.036872 166.041410 0.000000 0.000000 0.000000 0.000000 0.000000 0.000000 0.000000 
0.000000 166.039141 166.035170 166.032901 166.030632 166.030065 166.030065 166.031199 166.033468 166.037439 0.000000 0.000000 0.000000 0.000000 0.000000 0.000000 0.000000 
0.000000 166.039708 166.035738 166.032334 166.030065 166.028363 166.028363 166.028930 166.030632 166.034036 166.039141 0.000000 0.000000 0.000000 0.000000 0.000000 0.000000 
0.000000 166.041667 166.036305 166.032901 166.029498 166.027229 166.026661 166.026661 166.027796 166.030065 166.034603 166.040843 0.000000 0.000000 0.000000 0.000000 0.000000 
0.000000 0.000000 166.038574 166.033468 166.030065 166.027229 166.024960 166.024960 166.025527 166.027229 166.030632 166.036305 0.000000 0.000000 0.000000 0.000000 0.000000 
0.000000 0.000000 166.040843 166.035170 166.030065 166.027229 166.024392 166.023258 166.023258 166.024392 166.027229 166.031767 166.038574 0.000000 0.000000 0.000000 0.000000 
0.000000 0.000000 0.000000 166.036872 166.031199 166.027229 166.024392 166.022123 166.021556 166.021556 166.023825 166.027796 166.033468 0.000000 0.000000 0.000000 0.000000 
0.000000 0.000000 0.000000 166.039708 166.033468 166.027796 166.024392 166.021556 166.019854 166.019854 166.020989 166.023825 166.029498 166.036872 0.000000 0.000000 0.000000 
0.000000 0.000000 0.000000 0.000000 166.036305 166.030065 166.024960 166.021556 166.018720 166.018152 166.018152 166.020421 166.024960 166.031767 0.000000 0.000000 0.000000 
0.000000 0.000000 0.000000 0.000000 166.040276 166.032334 166.026094 166.021556 166.018720 166.016451 166.016451 166.017585 166.020989 166.027229 166.036872 0.000000 0.000000 
0.000000 0.000000 0.000000 0.000000 0.000000 166.036305 166.028930 166.022690 166.018720 166.015883 166.014749 166.014749 166.017018 166.022123 166.031199 0.000000 0.000000 
0.000000 0.000000 0.000000 0.000000 0.000000 0.000000 166.032334 166.024960 166.019287 166.015883 166.013614 166.013047 166.013614 166.017585 166.025527 166.037439 0.000000 
0.000000 0.000000 0.000000 0.000000 0.000000 0.000000 166.038574 166.028363 166.021556 166.015883 166.013047 166.011345 166.011345 166.013614 166.020421 166.031767 0.000000 
0.000000 0.000000 0.000000 0.000000 0.000000 0.000000 0.000000 166.034603 166.024960 166.017585 166.013047 166.010211 166.009643 166.010211 166.015316 166.026094 0.000000 
0.000000 0.000000 0.000000 0.000000 0.000000 0.000000 0.000000 0.000000 166.031199 166.020989 166.014182 166.010211 166.007942 166.007942 166.010778 166.019854 166.040276 
0.000000 0.000000 0.000000 0.000000 0.000000 0.000000 0.000000 0.000000 166.040276 166.027796 166.017585 166.010778 166.007374 166.006240 166.006807 166.014182 166.034036 
0.000000 0.000000 0.000000 0.000000 0.000000 0.000000 0.000000 0.000000 0.000000 166.037439 166.024392 166.013614 166.007374 166.004538 166.004538 166.008509 166.028363 
0.000000 0.000000 0.000000 0.000000 0.000000 0.000000 0.000000 0.000000 0.000000 0.000000 166.035170 166.020989 166.009643 166.004538 166.002836 166.003971 166.024392 
0.000000 0.000000 0.000000 0.000000 0.000000 0.000000 0.000000 0.000000 0.000000 0.000000 0.000000 166.034036 166.018720 166.006240 166.001702 166.001135 166.020989 
0.000000 0.000000 0.000000 0.000000 0.000000 0.000000 0.000000 0.000000 0.000000 0.000000 0.000000 0.000000 166.035170 166.017585 166.002269 166.000000 166.019854 
0.000000 0.000000 0.000000 0.000000 0.000000 0.000000 0.000000 0.000000 0.000000 0.000000 0.000000 0.000000 0.000000 0.000000 166.026094 166.019854 166.031199 
