test/output/constant/M3M490_S000_A090_WD090.0_WS010.0/M3M490_S000_A090_WD090.0_WS010.0_arrival.asc
ncols         18
nrows         13
xllcorner     425303.990666
yllcorner     12748155.311160
cellsize      100.000000
NODATA_value  0.000000
0.000000 0.000000 0.000000 0.000000 0.000000 166.041667 166.040781 166.040781 166.039545 166.040781 166.040781 166.041667 0.000000 0.000000 0.000000 0.000000 0.000000 0.000000 
0.000000 0.000000 0.000000 166.040781 166.038309 166.037073 166.034602 166.033366 166.033366 166.033366 166.033366 166.033366 166.034602 166.037073 166.040781 0.000000 0.000000 0.000000 
0.000000 166.041667 166.039545 166.037073 166.034602 166.032130 166.029659 166.028423 166.027187 166.025951 166.025951 166.025951 166.027187 166.028423 166.032130 166.038309 0.000000 0.000000 
166.041667 166.039545 166.035838 166.033366 166.030895 166.028423 166.025951 166.023480 166.021008 166.019773 166.018537 166.018537 166.018537 166.021008 166.024716 166.030895 166.037073 0.000000 
166.040781 166.037073 166.034602 166.030895 166.028423 166.025951 166.022244 166.019773 166.017301 166.014829 166.012358 166.011122 166.011122 166.012358 166.016065 166.022244 166.032130 166.041667 
166.039545 166.035838 166.033366 166.029659 166.027187 166.023480 166.021008 166.017301 166.014829 166.012358 166.008650 166.006179 166.003707 166.003707 166.008650 166.017301 166.028423 166.039545 
166.039545 166.035838 166.033366 166.029659 166.027187 166.023480 166.021008 166.017301 166.014829 166.011122 166.008650 166.004943 166.002472 166.000000 166.006179 166.016065 166.027187 166.038309 
166.039545 166.035838 166.033366 166.029659 166.027187 166.023480 166.021008 166.017301 166.014829 166.012358 166.008650 166.006179 166.003707 166.003707 166.008650 166.017301 166.028423 166.039545 
166.040781 166.037073 166.034602 166.030895 166.028423 166.025951 166.022244 166.019773 166.017301 166.014829 166.012358 166.011122 166.011122 166.012358 166.016065 166.022244 166.032130 166.041667 
166.041667 166.039545 166.035838 166.033366 166.030895 166.028423 166.025951 166.023480 166.021008 166.019773 166.018537 166.018537 166.018537 166.021008 166.024716 166.030895 166.037073 0.000000 
0.000000 166.041667 166.039545 166.037073 166.034602 166.032130 166.029659 166.028423 166.027187 166.025951 166.025951 166.025951 166.027187 166.028423 166.032130 166.038309 0.000000 0.000000 
0.000000 0.000000 0.000000 166.040781 166.038309 166.037073 166.034602 166.033366 166.033366 166.033366 166.033366 166.033366 166.034602 166.037073 166.040781 0.000000 0.000000 0.000000 
0.000000 0.000000 0.000000 0.000000 0.000000 166.041667 166.040781 166.040781 166.039545 166.040781 166.040781 166.041667 0.000000 0.000000 0.000000 0.000000 0.000000 0.000000 
