test/output/constant/C4_S000_A180_WD180.0_WS050.0/C4_S000_A180_WD180.0_WS050.0_arrival.asc
ncols         7
nrows         39
xllcorner     426303.990666
yllcorner     12748755.311160
cellsize      100.000000
NODATA_value  0.000000
0.000000 0.000000 166.041637 166.040770 166.041637 0.000000 0.000000 
0.000000 0.000000 166.040336 166.039902 166.040336 0.000000 0.000000 
0.000000 0.000000 166.039469 166.038601 166.039469 0.000000 0.000000 
0.000000 166.041203 166.038167 166.037734 166.038167 166.041203 0.000000 
0.000000 166.039902 166.037300 166.036433 166.037300 166.039902 0.000000 
0.000000 166.039035 166.035999 166.035565 166.035999 166.039035 0.000000 
0.000000 166.037734 166.035131 166.034264 166.035131 166.037734 0.000000 
0.000000 166.036866 166.034264 166.033396 166.034264 166.036866 0.000000 
166.041637 166.035999 166.032963 166.032095 166.032963 166.035999 166.041637 
166.040770 166.034698 166.032095 166.031228 166.032095 166.034698 166.040770 
166.039902 166.033830 166.030794 166.029927 166.030794 166.033830 166.039902 
166.039469 166.032963 166.029927 166.029059 166.029927 166.032963 166.039469 
166.038601 166.032095 166.028626 166.027758 166.028626 166.032095 166.038601 
166.037734 166.030794 166.027758 166.026891 166.027758 166.030794 166.037734 
166.037300 166.029927 166.026457 166.025589 166.026457 166.029927 166.037300 
166.036433 166.029059 166.025589 166.024722 166.025589 166.029059 166.036433 
166.035565 166.028192 166.024288 166.023421 166.024288 166.028192 166.035565 
166.035131 166.027324 166.023421 166.022553 166.023421 166.027324 166.035131 
166.034698 166.026457 166.022120 166.021252 166.022120 166.026457 166.034698 
166.034698 166.025589 166.021252 166.020385 166.021252 166.025589 166.034698 
166.034698 166.024722 166.019951 166.019084 166.019951 166.024722 166.034698 
166.034698 166.024288 166.019084 166.018216 166.019084 166.024288 166.034698 
166.034698 166.023421 166.017783 166.016915 166.017783 166.023421 166.034698 
166.035131 166.022553 166.016915 166.016048 166.016915 166.022553 166.035131 
166.035565 166.022120 166.016048 166.014746 166.016048 166.022120 166.035565 
166.036433 166.021252 166.014746 166.013879 166.014746 166.021252 166.036433 
166.036866 166.020819 166.013879 166.012578 166.013879 166.020819 166.036866 
166.038601 166.020819 166.013012 166.011710 166.013012 166.020819 166.038601 
166.040336 166.020819 166.011710 166.010409 166.011710 166.020819 166.040336 
0.000000 166.021252 166.010843 166.009542 166.010843 166.021252 0.000000 
0.000000 166.021686 166.009976 166.008241 166.009976 166.021686 0.000000 
0.000000 166.022553 166.009108 166.007373 166.009108 166.022553 0.000000 
0.000000 166.024288 166.008241 166.006072 166.008241 166.024288 0.000000 
0.000000 166.026891 166.007373 166.005205 166.007373 166.026891 0.000000 
0.000000 166.031228 166.006940 166.003903 166.006940 166.031228 0.000000 
0.000000 166.037734 166.007373 166.003036 166.007373 166.037734 0.000000 
0.000000 0.000000 166.007807 166.001735 166.007807 0.000000 0.000000 
0.000000 0.000000 166.011710 166.000867 166.011710 0.000000 0.000000 
0.000000 0.000000 166.034264 166.000000 166.034264 0.000000 0.000000 
