test/output/constant/M3M470_S060_A180_WD225.0_WS000.0/M3M470_S060_A180_WD225.0_WS000.0_arrival.asc
ncols         37
nrows         9
xllcorner     426603.990666
yllcorner     12748355.311160
cellsize      100.000000
NODATA_value  0.000000
0.000000 0.000000 0.000000 0.000000 0.000000 0.000000 0.000000 0.000000 0.000000 0.000000 0.000000 0.000000 0.000000 166.041514 166.040591 166.040130 166.039669 166.039207 166.039207 166.039207 166.039207 166.039207 166.039669 166.040130 166.041052 166.041514 0.000000 0.000000 0.000000 0.000000 0.000000 0.000000 0.000000 0.000000 0.000000 0.000000 0.000000 
0.000000 0.000000 0.000000 0.000000 0.000000 166.039669 166.035978 166.033211 166.031366 166.029982 166.029060 166.028598 166.028137 166.028137 166.028137 166.028137 166.028598 166.029060 166.029982 166.030443 166.031366 166.032288 166.032750 166.033672 166.034595 166.035517 166.036440 166.037362 166.038285 166.039207 166.040130 166.041052 0.000000 0.000000 0.000000 0.000000 0.000000 
0.000000 0.000000 166.030443 166.023524 166.020296 166.018450 166.017528 166.017067 166.017067 166.017067 166.017067 166.017989 166.018912 166.019373 166.020296 166.021218 166.022141 166.023063 166.023986 166.024908 166.025831 166.026753 166.028137 166.029060 166.029982 166.031366 166.032288 166.033211 166.034595 166.035517 166.036440 166.037824 166.038746 166.040130 166.041052 0.000000 0.000000 
166.016144 166.007380 166.005996 166.005996 166.005996 166.006919 166.007841 166.008764 166.009687 166.011070 166.011993 166.013377 166.014299 166.015683 166.016605 166.017528 166.018912 166.019834 166.021218 166.022141 166.023063 166.024447 166.025369 166.026753 166.027676 166.029060 166.029982 166.031366 166.032288 166.033672 166.034595 166.035517 166.036901 166.037824 166.039207 166.040130 166.041514 
166.000000 166.000923 166.001845 166.003229 166.004151 166.005535 166.006458 166.007841 166.008764 166.010148 166.011070 166.012454 166.013377 166.014760 166.015683 166.017067 166.017989 166.019373 166.020296 166.021679 166.022602 166.023986 166.024908 166.026292 166.027214 166.028598 166.029521 166.030905 166.031827 166.033211 166.034133 166.035517 166.036440 166.037824 166.038746 166.040130 166.041052 
166.016144 166.007380 166.005996 166.005996 166.005996 166.006919 166.007841 166.008764 166.009687 166.011070 166.011993 166.013377 166.014299 166.015683 166.016605 166.017528 166.018912 166.019834 166.021218 166.022141 166.023063 166.024447 166.025369 166.026753 166.027676 166.029060 166.029982 166.031366 166.032288 166.033672 166.034595 166.035517 166.036901 166.037824 166.039207 166.040130 166.041514 
0.000000 0.000000 166.030443 166.023524 166.020296 166.018450 166.017528 166.017067 166.017067 166.017067 166.017067 166.017989 166.018912 166.019373 166.020296 166.021218 166.022141 166.023063 166.023986 166.024908 166.025831 166.026753 166.028137 166.029060 166.029982 166.031366 166.032288 166.033211 166.034595 166.035517 166.036440 166.037824 166.038746 166.040130 166.041052 0.000000 0.000000 
0.000000 0.000000 0.000000 0.000000 0.000000 166.039669 166.035978 166.033211 166.031366 166.029982 166.029060 166.028598 166.028137 166.028137 166.028137 166.028137 166.028598 166.029060 166.029982 166.030443 166.031366 166.032288 166.032750 166.033672 166.034595 166.035517 166.036440 166.037362 166.038285 166.039207 166.040130 166.041052 0.000000 0.000000 0.000000 0.000000 0.000000 
0.000000 0.000000 0.000000 0.000000 0.000000 0.000000 0.000000 0.000000 0.000000 0.000000 0.000000 0.000000 0.000000 166.041514 166.040591 166.040130 166.039669 166.039207 166.039207 166.039207 166.039207 166.039207 166.039669 166.040130 166.041052 166.041514 0.000000 0.000000 0.000000 0.000000 0.000000 0.000000 0.000000 0.000000 0.000000 0.000000 0.000000 
