test/output/constant/M3M480_S000_A180_WD090.0_WS015.0/M3M480_S000_A180_WD090.0_WS015.0_arrival.asc
ncols         19
nrows         11
xllcorner     425003.990666
yllcorner     12748255.311160
cellsize      100.000000
NODATA_value  0.000000
0.000000 0.000000 0.000000 0.000000 0.000000 0.000000 0.000000 0.000000 166.041667 166.041667 166.041667 0.000000 0.000000 0.000000 0.000000 0.000000 0.000000 0.000000 0.000000 
0.000000 0.000000 0.000000 0.000000 166.039896 166.037796 166.036746 166.034647 166.033597 166.033597 166.032547 166.032547 166.032547 166.033597 166.035696 166.038846 0.000000 0.000000 0.000000 
0.000000 0.000000 166.039896 166.037796 166.035696 166.033597 166.031497 166.029397 166.027297 166.026247 166.024148 166.024148 166.023098 166.024148 166.024148 166.027297 166.030447 166.037796 0.000000 
0.000000 166.039896 166.037796 166.034647 166.032547 166.030447 166.027297 166.025198 166.023098 166.020998 166.018898 166.016798 166.014699 166.014699 166.014699 166.014699 166.017848 166.025198 166.035696 
166.041667 166.038846 166.036746 166.033597 166.031497 166.028347 166.026247 166.023098 166.020998 166.017848 166.015748 166.012599 166.010499 166.008399 166.006299 166.005249 166.005249 166.012599 166.027297 
166.040946 166.038846 166.035696 166.033597 166.030447 166.028347 166.025198 166.023098 166.019948 166.017848 166.014699 166.012599 166.009449 166.007349 166.004200 166.002100 166.000000 166.008399 166.025198 
166.041667 166.038846 166.036746 166.033597 166.031497 166.028347 166.026247 166.023098 166.020998 166.017848 166.015748 166.012599 166.010499 166.008399 166.006299 166.005249 166.005249 166.012599 166.027297 
0.000000 166.039896 166.037796 166.034647 166.032547 166.030447 166.027297 166.025198 166.023098 166.020998 166.018898 166.016798 166.014699 166.014699 166.014699 166.014699 166.017848 166.025198 166.035696 
0.000000 0.000000 166.039896 166.037796 166.035696 166.033597 166.031497 166.029397 166.027297 166.026247 166.024148 166.024148 166.023098 166.024148 166.024148 166.027297 166.030447 166.037796 0.000000 
0.000000 0.000000 0.000000 0.000000 166.039896 166.037796 166.036746 166.034647 166.033597 166.033597 166.032547 166.032547 166.032547 166.033597 166.035696 166.038846 0.000000 0.000000 0.000000 
0.000000 0.000000 0.000000 0.000000 0.000000 0.000000 0.000000 0.000000 166.041667 166.041667 166.041667 0.000000 0.000000 0.000000 0.000000 0.000000 0.000000 0.000000 0.000000 
