test/output/constant/M3M465_S060_A000_WD180.0_WS000.0/M3M465_S060_A000_WD180.0_WS000.0_arrival.asc
ncols         34
nrows         7
xllcorner     423303.990666
yllcorner     12748455.311160
cellsize      100.000000
NODATA_value  0.000000
0.000000 0.000000 0.000000 0.000000 0.000000 166.041236 166.040231 166.039225 166.038219 166.037213 166.036710 166.035705 166.034699 166.033693 166.033190 166.032184 166.031179 166.030676 166.030173 166.030173 166.030173 166.030173 166.030676 166.031179 166.032184 166.033190 166.035202 166.038219 0.000000 0.000000 0.000000 0.000000 0.000000 0.000000 
0.000000 0.000000 166.041236 166.039728 166.038722 166.037716 166.036208 166.035202 166.033693 166.032687 166.031682 166.030676 166.029167 166.028161 166.027156 166.026150 166.024641 166.024138 166.023133 166.022127 166.021121 166.020115 166.019612 166.018607 166.018104 166.018104 166.018104 166.018607 166.019612 166.021121 166.024641 166.032184 0.000000 0.000000 
166.041236 166.040231 166.038722 166.037716 166.036208 166.035202 166.034196 166.032687 166.031682 166.030173 166.029167 166.027659 166.026653 166.025144 166.024138 166.023133 166.021624 166.020618 166.019110 166.018104 166.017098 166.015589 166.014584 166.013075 166.012069 166.010561 166.009555 166.008549 166.007543 166.006537 166.006035 166.006537 166.007543 166.016595 
166.041236 166.039728 166.038722 166.037213 166.036208 166.034699 166.033693 166.032184 166.031179 166.029670 166.028664 166.027156 166.026150 166.024641 166.023635 166.022127 166.021121 166.019612 166.018607 166.017098 166.016092 166.014584 166.013578 166.012069 166.011063 166.009555 166.008549 166.007040 166.006035 166.004526 166.003520 166.002012 166.001006 166.000000 
166.041236 166.040231 166.038722 166.037716 166.036208 166.035202 166.034196 166.032687 166.031682 166.030173 166.029167 166.027659 166.026653 166.025144 166.024138 166.023133 166.021624 166.020618 166.019110 166.018104 166.017098 166.015589 166.014584 166.013075 166.012069 166.010561 166.009555 166.008549 166.007543 166.006537 166.006035 166.006537 166.007543 166.016595 
0.000000 0.000000 166.041236 166.039728 166.038722 166.037716 166.036208 166.035202 166.033693 166.032687 166.031682 166.030676 166.029167 166.028161 166.027156 166.026150 166.024641 166.024138 166.023133 166.022127 166.021121 166.020115 166.019612 166.018607 166.018104 166.018104 166.018104 166.018607 166.019612 166.021121 166.024641 166.032184 0.000000 0.000000 
0.000000 0.000000 0.000000 0.000000 0.000000 166.041236 166.040231 166.039225 166.038219 166.037213 166.036710 166.035705 166.034699 166.033693 166.033190 166.032184 166.031179 166.030676 166.030173 166.030173 166.030173 166.030173 166.030676 166.031179 166.032184 166.033190 166.035202 166.038219 0.000000 0.000000 0.000000 0.000000 0.000000 0.000000 
