test/output/constant/M490_S060_A000_WD090.0_WS040.0/M490_S060_A000_WD090.0_WS040.0_arrival.asc
ncols         46
nrows         7
xllcorner     422103.990666
yllcorner     12748455.311160
cellsize      100.000000
NODATA_value  0.000000
0.000000 0.000000 0.000000 0.000000 0.000000 0.000000 0.000000 0.000000 0.000000 0.000000 0.000000 0.000000 0.000000 166.041489 166.041116 166.040368 166.039994 166.039247 166.038499 166.038125 166.037752 166.037752 166.037752 166.038125 166.038125 166.038499 166.038873 166.039621 166.039994 166.041116 0.000000 0.000000 0.000000 0.000000 0.000000 0.000000 0.000000 0.000000 0.000000 0.000000 0.000000 0.000000 0.000000 0.000000 0.000000 0.000000 
0.000000 0.000000 0.000000 0.000000 0.000000 166.041116 166.039994 166.039247 166.038499 166.037378 166.036630 166.035883 166.035135 166.034388 166.033266 166.032519 166.031771 166.031024 166.030276 166.029529 166.028781 166.028033 166.027286 166.026912 166.026165 166.025417 166.024669 166.024296 166.023548 166.023174 166.022801 166.022801 166.022801 166.023174 166.023548 166.024669 166.025417 166.027286 166.029529 166.032893 166.037004 0.000000 0.000000 0.000000 0.000000 0.000000 
0.000000 166.041667 166.040742 166.039994 166.038873 166.038125 166.037004 166.036257 166.035135 166.034388 166.033266 166.032519 166.031771 166.030650 166.029902 166.028781 166.028033 166.026912 166.026165 166.025417 166.024296 166.023548 166.022427 166.021679 166.020558 166.019810 166.018689 166.017941 166.017194 166.016072 166.015325 166.014204 166.013456 166.012335 166.011587 166.010840 166.010092 166.009344 166.008597 166.008223 166.007849 166.007849 166.008597 166.010840 166.017568 0.000000 
166.041667 166.040742 166.039994 166.038873 166.038125 166.037004 166.036257 166.035135 166.034388 166.033266 166.032519 166.031397 166.030650 166.029529 166.028781 166.027660 166.026912 166.025791 166.025043 166.023922 166.023174 166.022053 166.021305 166.020184 166.019437 166.018315 166.017568 166.016446 166.015699 166.014577 166.013830 166.012708 166.011961 166.010840 166.010092 166.008971 166.008223 166.007102 166.006354 166.005233 166.004485 166.003364 166.002616 166.001495 166.000748 166.000000 
0.000000 166.041667 166.040742 166.039994 166.038873 166.038125 166.037004 166.036257 166.035135 166.034388 166.033266 166.032519 166.031771 166.030650 166.029902 166.028781 166.028033 166.026912 166.026165 166.025417 166.024296 166.023548 166.022427 166.021679 166.020558 166.019810 166.018689 166.017941 166.017194 166.016072 166.015325 166.014204 166.013456 166.012335 166.011587 166.010840 166.010092 166.009344 166.008597 166.008223 166.007849 166.007849 166.008597 166.010840 166.017568 0.000000 
0.000000 0.000000 0.000000 0.000000 0.000000 166.041116 166.039994 166.039247 166.038499 166.037378 166.036630 166.035883 166.035135 166.034388 166.033266 166.032519 166.031771 166.031024 166.030276 166.029529 166.028781 166.028033 166.027286 166.026912 166.026165 166.025417 166.024669 166.024296 166.023548 166.023174 166.022801 166.022801 166.022801 166.023174 166.023548 166.024669 166.025417 166.027286 166.029529 166.032893 166.037004 0.000000 0.000000 0.000000 0.000000 0.000000 
0.000000 0.000000 0.000000 0.000000 0.000000 0.000000 0.000000 0.000000 0.000000 0.000000 0.000000 0.000000 0.000000 166.041489 166.041116 166.040368 166.039994 166.039247 166.038499 166.038125 166.037752 166.037752 166.037752 166.038125 166.038125 166.038499 166.038873 166.039621 166.039994 166.041116 0.000000 0.000000 0.000000 0.000000 0.000000 0.000000 0.000000 0.000000 0.000000 0.000000 0.000000 0.000000 0.000000 0.000000 0.000000 0.000000 
