test/output/constant/M365_S060_A000_WD045.0_WS015.0/M365_S060_A000_WD045.0_WS015.0_ros.asc
ncols         44
nrows         13
xllcorner     422303.990666
yllcorner     12747655.311160
cellsize      100.000000
NODATA_value  0.000000
0.000000 0.000000 0.000000 0.000000 0.000000 0.000000 0.000000 0.000000 0.000000 0.000000 0.000000 0.000000 0.000000 0.000000 0.000000 0.000000 0.000000 0.000000 0.000000 0.000000 0.000000 0.000000 0.000000 0.000000 0.000000 0.000000 0.000000 0.000000 0.000000 0.000000 0.000000 0.000000 0.000000 0.000000 26.448368 26.448368 20.599066 15.256997 15.256997 26.448368 15.256997 10.583953 10.583953 0.468479 
0.000000 0.000000 0.000000 0.000000 0.000000 0.000000 0.000000 0.000000 0.000000 0.000000 0.000000 0.000000 0.000000 0.000000 0.000000 0.000000 0.000000 0.000000 0.000000 0.000000 0.000000 0.000000 0.000000 0.000000 10.583953 26.448368 20.599066 10.583953 26.448368 20.599066 20.599066 26.448368 26.448368 26.448368 20.599066 32.627571 20.599066 15.256997 15.256997 56.863697 66.151070 73.635368 73.635368 -1.000000 
0.000000 0.000000 0.000000 0.000000 0.000000 0.000000 0.000000 0.000000 0.000000 0.000000 0.000000 0.000000 0.000000 0.000000 0.000000 0.000000 0.000000 0.000000 0.000000 10.583953 32.627571 26.448368 15.256997 26.448368 26.448368 20.599066 26.448368 32.627571 26.448368 20.599066 32.627571 45.221523 69.546837 56.863697 26.448368 73.330238 73.635368 73.635368 73.635368 73.635368 73.635368 73.635368 56.074322 0.492123 
0.000000 0.000000 0.000000 0.000000 0.000000 0.000000 0.000000 0.000000 0.000000 0.000000 0.000000 0.000000 0.000000 0.000000 0.000000 20.599066 26.448368 32.627571 38.949234 10.583953 26.448368 20.599066 26.448368 32.627571 32.627571 32.627571 69.546837 56.863697 26.448368 15.256997 69.546837 66.151070 73.635368 73.635368 73.635368 73.635368 73.635368 73.635368 56.074322 50.394562 50.394562 0.924232 0.750679 0.000000 
0.000000 0.000000 0.000000 0.000000 0.000000 0.000000 0.000000 0.000000 0.000000 0.000000 0.000000 0.000000 32.627571 26.448368 6.748351 32.627571 10.583953 38.949234 51.254059 10.583953 66.151070 56.863697 32.627571 32.627571 38.949234 69.546837 69.546837 73.635368 73.635368 73.635368 73.635368 73.635368 73.508797 73.635368 51.254059 56.863697 3.635001 50.394562 1.863486 0.492123 1.863486 0.000000 0.000000 0.000000 
0.000000 0.000000 0.000000 0.000000 0.000000 0.000000 0.000000 0.000000 0.000000 45.221523 26.448368 71.964348 51.254059 26.448368 66.151070 20.599066 26.448368 26.448368 26.448368 45.221523 32.627571 69.546837 73.330238 73.635368 73.635368 73.635368 73.635368 73.635368 73.635368 73.635368 73.635368 61.186005 6.348993 1.863486 6.348993 3.635001 1.863486 3.635001 3.635001 0.000000 0.000000 0.000000 0.000000 0.000000 
0.000000 0.000000 0.000000 0.000000 0.000000 0.000000 56.863697 32.627571 56.863697 15.256997 69.546837 26.448368 20.599066 38.949234 73.635368 32.627571 32.627571 26.448368 73.635368 73.635368 73.635368 73.635368 73.635368 73.635368 73.635368 73.635368 73.635368 69.105385 1.863486 3.635001 56.074322 3.635001 50.394562 50.394562 3.635001 50.394562 0.000000 0.000000 0.000000 0.000000 0.000000 0.000000 0.000000 0.000000 
0.000000 0.000000 0.000000 0.000000 66.151070 32.627571 20.599066 26.448368 73.330238 71.964348 73.575745 73.635368 26.448368 73.635368 73.635368 73.635368 73.635368 73.635368 73.635368 73.635368 73.635368 73.635368 73.635368 61.186005 56.074322 56.074322 3.635001 56.074322 1.863486 56.074322 50.394562 50.394562 50.394562 0.000000 0.000000 0.000000 0.000000 0.000000 0.000000 0.000000 0.000000 0.000000 0.000000 0.000000 
0.000000 0.000000 26.448368 26.448368 56.863697 73.635368 73.635368 73.635368 73.635368 73.635368 73.635368 73.635368 73.635368 73.635368 73.635368 73.635368 73.635368 73.635368 73.635368 71.672256 56.074322 61.186005 61.186005 50.394562 56.074322 3.635001 50.394562 1.863486 50.394562 44.319447 0.000000 0.000000 0.000000 0.000000 0.000000 0.000000 0.000000 0.000000 0.000000 0.000000 0.000000 0.000000 0.000000 0.000000 
0.000000 73.635368 73.635368 32.627571 73.635368 73.635368 73.635368 73.635368 73.635368 73.635368 73.635368 73.635368 73.635368 73.635368 71.672256 61.186005 50.394562 56.074322 61.186005 61.186005 56.074322 50.394562 6.348993 50.394562 50.394562 1.863486 0.000000 0.000000 0.000000 0.000000 0.000000 0.000000 0.000000 0.000000 0.000000 0.000000 0.000000 0.000000 0.000000 0.000000 0.000000 0.000000 0.000000 0.000000 
73.635368 73.635368 73.635368 73.635368 73.635368 73.635368 73.635368 73.635368 71.672256 73.635368 73.635368 50.394562 71.672256 56.074322 61.186005 56.074322 56.074322 56.074322 50.394562 6.348993 56.074322 56.074322 0.000000 0.000000 0.000000 0.000000 0.000000 0.000000 0.000000 0.000000 0.000000 0.000000 0.000000 0.000000 0.000000 0.000000 0.000000 0.000000 0.000000 0.000000 0.000000 0.000000 0.000000 0.000000 
73.635368 73.635368 69.105385 73.635368 73.635368 73.635368 73.635368 71.672256 56.074322 56.074322 56.863697 56.074322 50.394562 56.074322 50.394562 3.635001 56.074322 0.000000 0.000000 0.000000 0.000000 0.000000 0.000000 0.000000 0.000000 0.000000 0.000000 0.000000 0.000000 0.000000 0.000000 0.000000 0.000000 0.000000 0.000000 0.000000 0.000000 0.000000 0.000000 0.000000 0.000000 0.000000 0.000000 0.000000 
0.000000 0.000000 0.000000 73.635368 61.186005 73.635368 56.074322 61.186005 56.074322 0.000000 0.000000 0.000000 0.000000 0.000000 0.000000 0.000000 0.000000 0.000000 0.000000 0.000000 0.000000 0.000000 0.000000 0.000000 0.000000 0.000000 0.000000 0.000000 0.000000 0.000000 0.000000 0.000000 0.000000 0.000000 0.000000 0.000000 0.000000 0.000000 0.000000 0.000000 0.000000 0.000000 0.000000 0.000000 
