test/output/constant/M365_S060_A000_WD045.0_WS015.0/M365_S060_A000_WD045.0_WS015.0_intensity.asc
ncols         44
nrows         13
xllcorner     422303.990666
yllcorner     12747655.311160
cellsize      100.000000
NODATA_value  0.000000
0 0 0 0 0 0 0 0 0 0 0 0 0 0 0 0 0 0 0 0 0 0 0 0 0 0 0 0 0 0 0 0 0 0 22379 22379 17430 12910 12910 22379 12910 8955 8955 396 
0 0 0 0 0 0 0 0 0 0 0 0 0 0 0 0 0 0 0 0 0 0 0 0 8955 22379 17430 8955 22379 17430 17430 22379 22379 22379 17430 27608 17430 12910 12910 48116 55975 62308 62308 0 
0 0 0 0 0 0 0 0 0 0 0 0 0 0 0 0 0 0 0 8955 27608 22379 12910 22379 22379 17430 22379 27608 22379 17430 27608 38265 58848 48116 22379 62050 62308 62308 62308 62308 62308 62308 47448 416 
0 0 0 0 0 0 0 0 0 0 0 0 0 0 0 17430 22379 27608 32957 8955 22379 17430 22379 27608 27608 27608 58848 48116 22379 12910 58848 55975 62308 62308 62308 62308 62308 62308 47448 42642 42642 782 635 0 
0 0 0 0 0 0 0 0 0 0 0 0 27608 22379 5710 27608 8955 32957 43369 8955 55975 48116 27608 27608 32957 58848 58848 62308 62308 62308 62308 62308 62201 62308 43369 48116 3075 42642 1576 416 1576 0 0 0 
0 0 0 0 0 0 0 0 0 38265 22379 60894 43369 22379 55975 17430 22379 22379 22379 38265 27608 58848 62050 62308 62308 62308 62308 62308 62308 62308 62308 51773 5372 1576 5372 3075 1576 3075 3075 0 0 0 0 0 
0 0 0 0 0 0 48116 27608 48116 12910 58848 22379 17430 32957 62308 27608 27608 22379 62308 62308 62308 62308 62308 62308 62308 62308 62308 58475 1576 3075 47448 3075 42642 42642 3075 42642 0 0 0 0 0 0 0 0 
0 0 0 0 55975 27608 17430 22379 62050 60894 62257 62308 22379 62308 62308 62308 62308 62308 62308 62308 62308 62308 62308 51773 47448 47448 3075 47448 1576 47448 42642 42642 42642 0 0 0 0 0 0 0 0 0 0 0 
0 0 22379 22379 48116 62308 62308 62308 62308 62308 62308 62308 62308 62308 62308 62308 62308 62308 62308 60647 47448 51773 51773 42642 47448 3075 42642 1576 42642 37501 0 0 0 0 0 0 0 0 0 0 0 0 0 0 
0 62308 62308 27608 62308 62308 62308 62308 62308 62308 62308 62308 62308 62308 60647 51773 42642 47448 51773 51773 47448 42642 5372 42642 42642 1576 0 0 0 0 0 0 0 0 0 0 0 0 0 0 0 0 0 0 
62308 62308 62308 62308 62308 62308 62308 62308 60647 62308 62308 42642 60647 47448 51773 47448 47448 47448 42642 5372 47448 47448 0 0 0 0 0 0 0 0 0 0 0 0 0 0 0 0 0 0 0 0 0 0 
62308 62308 58475 62308 62308 62308 62308 60647 47448 47448 48116 47448 42642 47448 42642 3075 47448 0 0 0 0 0 0 0 0 0 0 0 0 0 0 0 0 0 0 0 0 0 0 0 0 0 0 0 
0 0 0 62308 51773 62308 47448 51773 47448 0 0 0 0 0 0 0 0 0 0 0 0 0 0 0 0 0 0 0 0 0 0 0 0 0 0 0 0 0 0 0 0 0 0 0 
