test/output/constant/M370_S000_A000_WD000.0_WS045.0/M370_S000_A000_WD000.0_WS045.0_arrival.asc
ncols         9
nrows         47
xllcorner     426203.990666
yllcorner     12744155.311160
cellsize      100.000000
NODATA_value  0.000000
0.000000 0.000000 0.000000 166.017448 166.000000 166.017448 0.000000 0.000000 0.000000 
0.000000 0.000000 0.000000 166.007997 166.000727 166.007997 0.000000 0.000000 0.000000 
0.000000 0.000000 166.034533 166.005816 166.001454 166.005816 166.034533 0.000000 0.000000 
0.000000 0.000000 166.025445 166.005453 166.002545 166.005453 166.025445 0.000000 0.000000 
0.000000 0.000000 166.021447 166.005453 166.003272 166.005453 166.021447 0.000000 0.000000 
0.000000 0.000000 166.018902 166.006180 166.004362 166.006180 166.018902 0.000000 0.000000 
0.000000 166.038531 166.017812 166.006543 166.005089 166.006543 166.017812 166.038531 0.000000 
0.000000 166.034896 166.016721 166.007270 166.006180 166.007270 166.016721 166.034896 0.000000 
0.000000 166.032715 166.015994 166.007997 166.006907 166.007997 166.015994 166.032715 0.000000 
0.000000 166.030898 166.015994 166.009088 166.007997 166.009088 166.015994 166.030898 0.000000 
0.000000 166.029444 166.015994 166.009815 166.008724 166.009815 166.015994 166.029444 0.000000 
0.000000 166.028353 166.015994 166.010542 166.009815 166.010542 166.015994 166.028353 0.000000 
0.000000 166.027626 166.016358 166.011632 166.010542 166.011632 166.016358 166.027626 0.000000 
0.000000 166.026899 166.017085 166.012359 166.011632 166.012359 166.017085 166.026899 0.000000 
166.041076 166.026536 166.017448 166.013450 166.012359 166.013450 166.017448 166.026536 166.041076 
166.039622 166.026536 166.018175 166.014177 166.013450 166.014177 166.018175 166.026536 166.039622 
166.039258 166.026536 166.018902 166.014904 166.014177 166.014904 166.018902 166.026536 166.039258 
166.038531 166.026536 166.019266 166.015994 166.015267 166.015994 166.019266 166.026536 166.038531 
166.037804 166.026536 166.019993 166.016721 166.015994 166.016721 166.019993 166.026536 166.037804 
166.037441 166.026899 166.020720 166.017812 166.017085 166.017812 166.020720 166.026899 166.037441 
166.037077 166.027263 166.021447 166.018539 166.017812 166.018539 166.021447 166.027263 166.037077 
166.037077 166.027990 166.022174 166.019629 166.018902 166.019629 166.022174 166.027990 166.037077 
166.037077 166.028353 166.022901 166.020356 166.019629 166.020356 166.022901 166.028353 166.037077 
166.037077 166.029080 166.023628 166.021447 166.020720 166.021447 166.023628 166.029080 166.037077 
166.037077 166.029807 166.024718 166.022174 166.021447 166.022174 166.024718 166.029807 166.037077 
166.037077 166.030171 166.025445 166.023264 166.022537 166.023264 166.025445 166.030171 166.037077 
166.037441 166.030898 166.026172 166.023991 166.023264 166.023991 166.026172 166.030898 166.037441 
166.037804 166.031625 166.026899 166.025082 166.024355 166.025082 166.026899 166.031625 166.037804 
166.038168 166.032352 166.027990 166.025809 166.025082 166.025809 166.027990 166.032352 166.038168 
166.038895 166.032715 166.028717 166.026536 166.026172 166.026536 166.028717 166.032715 166.038895 
166.039258 166.033442 166.029444 166.027626 166.026899 166.027626 166.029444 166.033442 166.039258 
166.039985 166.034169 166.030534 166.028353 166.027990 166.028353 166.030534 166.034169 166.039985 
166.040712 166.034896 166.031261 166.029444 166.028717 166.029444 166.031261 166.034896 166.040712 
166.041076 166.035623 166.032352 166.030171 166.029807 166.030171 166.032352 166.035623 166.041076 
0.000000 166.036350 166.033079 166.031261 166.030534 166.031261 166.033079 166.036350 0.000000 
0.000000 166.037077 166.033806 166.031988 166.031625 166.031988 166.033806 166.037077 0.000000 
0.000000 166.037804 166.034533 166.032715 166.032352 166.032715 166.034533 166.037804 0.000000 
0.000000 166.038531 166.035623 166.033806 166.033442 166.033806 166.035623 166.038531 0.000000 
0.000000 166.039622 166.036350 166.034533 166.034169 166.034533 166.036350 166.039622 0.000000 
0.000000 166.040349 166.037441 166.035623 166.035260 166.035623 166.037441 166.040349 0.000000 
0.000000 166.041076 166.038168 166.036350 166.035987 166.036350 166.038168 166.041076 0.000000 
0.000000 0.000000 166.039258 166.037441 166.037077 166.037441 166.039258 0.000000 0.000000 
0.000000 0.000000 166.039985 166.038168 166.037804 166.038168 166.039985 0.000000 0.000000 
0.000000 0.000000 166.041076 166.039258 166.038895 166.039258 166.041076 0.000000 0.000000 
0.000000 0.000000 166.041667 166.039985 166.039622 166.039985 166.041667 0.000000 0.000000 
0.000000 0.000000 0.000000 166.041076 166.040712 166.041076 0.000000 0.000000 0.000000 
0.000000 0.000000 0.000000 166.041667 166.041439 166.041667 0.000000 0.000000 0.000000 
