test/output/constant/M370_S060_A180_WD135.0_WS035.0/M370_S060_A180_WD135.0_WS035.0_arrival.asc
ncols         14
nrows         24
xllcorner     426503.990666
yllcorner     12748655.311160
cellsize      100.000000
NODATA_value  0.000000
0.000000 0.000000 0.000000 0.000000 0.000000 0.000000 0.000000 0.000000 0.000000 0.000000 0.000000 166.041447 166.041447 0.000000 
0.000000 0.000000 0.000000 0.000000 0.000000 0.000000 0.000000 0.000000 0.000000 166.041447 166.039645 166.039645 166.039645 166.040847 
0.000000 0.000000 0.000000 0.000000 0.000000 0.000000 0.000000 0.000000 166.041447 166.038444 166.037843 166.037843 166.038444 166.040246 
0.000000 0.000000 0.000000 0.000000 0.000000 0.000000 0.000000 166.041667 166.038444 166.036041 166.036041 166.036041 166.037243 166.040246 
0.000000 0.000000 0.000000 0.000000 0.000000 0.000000 0.000000 166.037843 166.034840 166.033639 166.033639 166.034840 166.036642 166.040246 
0.000000 0.000000 0.000000 0.000000 0.000000 0.000000 166.039045 166.034840 166.032437 166.031836 166.031836 166.033639 166.036642 166.040847 
0.000000 0.000000 0.000000 0.000000 0.000000 166.040847 166.034840 166.031236 166.030034 166.030034 166.030635 166.033038 166.037243 166.041447 
0.000000 0.000000 0.000000 0.000000 0.000000 166.036041 166.031236 166.028833 166.028232 166.028232 166.030034 166.033038 166.037243 0.000000 
0.000000 0.000000 0.000000 0.000000 166.038444 166.031836 166.027632 166.026430 166.026430 166.027031 166.030034 166.033639 166.039045 0.000000 
0.000000 0.000000 0.000000 0.000000 166.033639 166.027632 166.024628 166.024028 166.024028 166.026430 166.030034 166.034840 166.040847 0.000000 
0.000000 0.000000 0.000000 166.037243 166.029434 166.024028 166.022225 166.022225 166.023427 166.026430 166.030635 166.036041 0.000000 0.000000 
0.000000 0.000000 0.000000 166.031836 166.025229 166.021024 166.020423 166.020423 166.022826 166.026430 166.031836 166.038444 0.000000 0.000000 
0.000000 0.000000 166.037243 166.027031 166.021024 166.018621 166.018621 166.019823 166.022826 166.027632 166.034239 0.000000 0.000000 0.000000 
0.000000 0.000000 166.031836 166.022225 166.017420 166.016819 166.016819 166.019222 166.023427 166.029434 166.037243 0.000000 0.000000 0.000000 
0.000000 166.039045 166.025830 166.018021 166.015017 166.014417 166.015618 166.019823 166.024628 166.032437 0.000000 0.000000 0.000000 0.000000 
0.000000 166.033038 166.020423 166.013816 166.012614 166.013215 166.016219 166.020423 166.027632 166.037843 0.000000 0.000000 0.000000 0.000000 
0.000000 166.026430 166.015618 166.010812 166.010812 166.012614 166.016219 166.022826 166.032437 0.000000 0.000000 0.000000 0.000000 0.000000 
0.000000 166.020423 166.010812 166.009010 166.009010 166.012614 166.018621 166.027632 166.039645 0.000000 0.000000 0.000000 0.000000 0.000000 
166.036041 166.014417 166.007208 166.007208 166.009010 166.013816 166.022826 166.034840 0.000000 0.000000 0.000000 0.000000 0.000000 0.000000 
166.030034 166.009010 166.004806 166.005406 166.009611 166.018021 166.030034 0.000000 0.000000 0.000000 0.000000 0.000000 0.000000 0.000000 
166.024028 166.003604 166.003003 166.005406 166.012614 166.025830 166.040847 0.000000 0.000000 0.000000 0.000000 0.000000 0.000000 0.000000 
166.020423 166.001201 166.001802 166.007809 166.021625 166.037243 0.000000 0.000000 0.000000 0.000000 0.000000 0.000000 0.000000 0.000000 
166.018621 166.000000 166.003003 166.018621 166.036041 0.000000 0.000000 0.000000 0.000000 0.000000 0.000000 0.000000 0.000000 0.000000 
166.033639 166.024628 166.030034 0.000000 0.000000 0.000000 0.000000 0.000000 0.000000 0.000000 0.000000 0.000000 0.000000 0.000000 
