test/output/constant/M3M465_S060_A270_WD225.0_WS015.0/M3M465_S060_A270_WD225.0_WS015.0_arrival.asc
ncols         12
nrows         41
xllcorner     426503.990666
yllcorner     12748755.311160
cellsize      100.000000
NODATA_value  0.000000
0.000000 0.000000 0.000000 0.000000 0.000000 0.000000 0.000000 0.000000 0.000000 166.041266 166.041266 166.041666 
0.000000 0.000000 0.000000 0.000000 0.000000 0.000000 0.000000 0.000000 166.041266 166.040064 166.040064 166.040865 
0.000000 0.000000 0.000000 0.000000 0.000000 0.000000 0.000000 0.000000 166.040064 166.039262 166.039262 166.040464 
0.000000 0.000000 0.000000 0.000000 0.000000 0.000000 0.000000 166.040865 166.038461 166.038061 166.038061 166.040064 
0.000000 0.000000 0.000000 0.000000 0.000000 0.000000 0.000000 166.039262 166.037259 166.036859 166.037660 166.039663 
0.000000 0.000000 0.000000 0.000000 0.000000 0.000000 166.040865 166.037660 166.036057 166.036057 166.036859 166.039663 
0.000000 0.000000 0.000000 0.000000 0.000000 0.000000 166.039262 166.036057 166.034855 166.034855 166.036458 166.039663 
0.000000 0.000000 0.000000 0.000000 0.000000 166.041666 166.037259 166.034455 166.034054 166.034054 166.035657 166.039663 
0.000000 0.000000 0.000000 0.000000 0.000000 166.039663 166.035657 166.033253 166.032852 166.033253 166.035657 166.039663 
0.000000 0.000000 0.000000 0.000000 0.000000 166.037660 166.033654 166.032051 166.031650 166.032452 166.035657 166.039663 
0.000000 0.000000 0.000000 0.000000 166.041666 166.036057 166.032452 166.030849 166.030849 166.032051 166.035256 166.040464 
0.000000 0.000000 0.000000 0.000000 166.039663 166.034054 166.030849 166.029647 166.029647 166.031650 166.035256 166.040865 
0.000000 0.000000 0.000000 0.000000 166.037259 166.032051 166.029247 166.028846 166.028846 166.031250 166.035657 166.041666 
0.000000 0.000000 0.000000 0.000000 166.035256 166.030448 166.028045 166.027644 166.028445 166.031250 166.036057 0.000000 
0.000000 0.000000 0.000000 166.040064 166.032852 166.028846 166.026843 166.026843 166.027644 166.031250 166.036458 0.000000 
0.000000 0.000000 0.000000 166.037660 166.030849 166.026843 166.025641 166.025641 166.027243 166.031250 166.037660 0.000000 
0.000000 0.000000 0.000000 166.035256 166.028846 166.025641 166.024439 166.024840 166.027243 166.031650 166.038461 0.000000 
0.000000 0.000000 0.000000 166.033253 166.027243 166.024038 166.023638 166.024038 166.027243 166.032051 166.039663 0.000000 
0.000000 0.000000 166.039663 166.030849 166.025240 166.022836 166.022436 166.023638 166.027243 166.033253 166.041666 0.000000 
0.000000 0.000000 166.036859 166.028846 166.023638 166.021634 166.021634 166.023237 166.027243 166.034054 0.000000 0.000000 
0.000000 0.000000 166.034455 166.026442 166.021634 166.020433 166.020433 166.022836 166.028045 166.035256 0.000000 0.000000 
0.000000 0.000000 166.032051 166.024439 166.020032 166.019231 166.019631 166.022836 166.028846 166.037660 0.000000 0.000000 
0.000000 166.040865 166.029247 166.022035 166.018830 166.018429 166.019231 166.022836 166.029647 166.040064 0.000000 0.000000 
0.000000 166.038061 166.026843 166.020433 166.017227 166.017227 166.018830 166.023638 166.031250 0.000000 0.000000 0.000000 
0.000000 166.035256 166.024439 166.018429 166.016426 166.016426 166.018830 166.024439 166.033654 0.000000 0.000000 0.000000 
0.000000 166.032852 166.022436 166.016827 166.015224 166.015625 166.018830 166.025240 166.036458 0.000000 0.000000 0.000000 
0.000000 166.030048 166.020032 166.014824 166.014022 166.014824 166.019231 166.027243 166.040865 0.000000 0.000000 0.000000 
0.000000 166.027243 166.017628 166.013622 166.013221 166.014824 166.020032 166.029647 0.000000 0.000000 0.000000 0.000000 
0.000000 166.024840 166.015625 166.012019 166.012019 166.014824 166.021234 166.033654 0.000000 0.000000 0.000000 0.000000 
0.000000 166.022035 166.013221 166.011218 166.011218 166.014824 166.023237 166.038061 0.000000 0.000000 0.000000 0.000000 
0.000000 166.019231 166.011618 166.010016 166.010817 166.015625 166.026442 0.000000 0.000000 0.000000 0.000000 0.000000 
0.000000 166.016827 166.009615 166.008814 166.010417 166.016827 166.030849 0.000000 0.000000 0.000000 0.000000 0.000000 
166.039262 166.014022 166.008013 166.008013 166.010417 166.019231 166.038061 0.000000 0.000000 0.000000 0.000000 0.000000 
166.036859 166.011618 166.006811 166.006811 166.011218 166.023638 0.000000 0.000000 0.000000 0.000000 0.000000 0.000000 
166.034054 166.009215 166.006010 166.006410 166.012820 166.030448 0.000000 0.000000 0.000000 0.000000 0.000000 0.000000 
166.032852 166.006811 166.004808 166.006410 166.016426 166.040464 0.000000 0.000000 0.000000 0.000000 0.000000 0.000000 
166.030448 166.004407 166.004006 166.006811 166.023237 0.000000 0.000000 0.000000 0.000000 0.000000 0.000000 0.000000 
166.028045 166.002804 166.002804 166.008814 166.035256 0.000000 0.000000 0.000000 0.000000 0.000000 0.000000 0.000000 
166.027243 166.001603 166.002404 166.016426 0.000000 0.000000 0.000000 0.000000 0.000000 0.000000 0.000000 0.000000 
166.030448 166.000801 166.002404 166.035256 0.000000 0.000000 0.000000 0.000000 0.000000 0.000000 0.000000 0.000000 
0.000000 166.000000 166.013221 0.000000 0.000000 0.000000 0.000000 0.000000 0.000000 0.000000 0.000000 0.000000 
