test/output/constant/M4100_S060_A270_WD180.0_WS005.0/M4100_S060_A270_WD180.0_WS005.0_arrival.asc
ncols         7
nrows         35
xllcorner     426303.990666
yllcorner     12748755.311160
cellsize      100.000000
NODATA_value  0.000000
0.000000 0.000000 0.000000 166.041494 0.000000 0.000000 0.000000 
0.000000 0.000000 166.040506 166.040506 166.040506 0.000000 0.000000 
0.000000 166.041494 166.039518 166.039024 166.039518 166.041494 0.000000 
0.000000 166.040506 166.038036 166.038036 166.038036 166.040506 0.000000 
0.000000 166.039024 166.037048 166.036554 166.037048 166.039024 0.000000 
166.041667 166.038036 166.036060 166.035566 166.036060 166.038036 166.041667 
166.041000 166.037048 166.034578 166.034084 166.034578 166.037048 166.041000 
166.040012 166.035566 166.033590 166.033096 166.033590 166.035566 166.040012 
166.039024 166.034578 166.032108 166.031614 166.032108 166.034578 166.039024 
166.038036 166.033590 166.031120 166.030626 166.031120 166.033590 166.038036 
166.037048 166.032108 166.029638 166.029144 166.029638 166.032108 166.037048 
166.036060 166.031120 166.028650 166.028156 166.028650 166.031120 166.036060 
166.035566 166.030132 166.027168 166.026674 166.027168 166.030132 166.035566 
166.034578 166.029144 166.026180 166.025686 166.026180 166.029144 166.034578 
166.033590 166.027662 166.024699 166.024205 166.024699 166.027662 166.033590 
166.032602 166.026674 166.023711 166.023217 166.023711 166.026674 166.032602 
166.032108 166.025686 166.022723 166.021735 166.022723 166.025686 166.032108 
166.031120 166.024699 166.021241 166.020747 166.021241 166.024699 166.031120 
166.030626 166.023711 166.020253 166.019265 166.020253 166.023711 166.030626 
166.030132 166.022723 166.018771 166.018277 166.018771 166.022723 166.030132 
166.030132 166.021735 166.017783 166.016795 166.017783 166.021735 166.030132 
166.030132 166.020747 166.016795 166.015807 166.016795 166.020747 166.030132 
166.030626 166.020253 166.015313 166.014325 166.015313 166.020253 166.030626 
166.031120 166.019265 166.014325 166.013337 166.014325 166.019265 166.031120 
166.031614 166.018771 166.012843 166.011855 166.012843 166.018771 166.031614 
166.032602 166.018277 166.011855 166.010867 166.011855 166.018277 166.032602 
166.034084 166.018277 166.010373 166.009385 166.010373 166.018277 166.034084 
166.036060 166.018277 166.009385 166.008398 166.009385 166.018277 166.036060 
166.039024 166.018771 166.008398 166.006916 166.008398 166.018771 166.039024 
0.000000 166.019759 166.007410 166.005928 166.007410 166.019759 0.000000 
0.000000 166.021735 166.006422 166.004446 166.006422 166.021735 0.000000 
0.000000 166.025686 166.006422 166.003458 166.006422 166.025686 0.000000 
0.000000 166.034578 166.006422 166.001976 166.006422 166.034578 0.000000 
0.000000 0.000000 166.007904 166.000988 166.007904 0.000000 0.000000 
0.000000 0.000000 166.019265 166.000000 166.019265 0.000000 0.000000 
