test/output/constant/M3M475_S060_A000_WD090.0_WS010.0/M3M475_S060_A000_WD090.0_WS010.0_raz.asc
ncols         48
nrows         9
xllcorner     421903.990666
yllcorner     12748355.311160
cellsize      100.000000
NODATA_value  0.000000
0 0 0 0 0 0 0 0 0 0 0 0 0 0 277 274 274 273 277 274 275 276 275 276 276 275 276 276 276 311 276 276 0 0 0 0 0 0 0 0 0 0 0 0 0 0 0 0 
0 0 0 0 0 0 271 272 271 275 270 270 273 274 275 272 274 279 273 277 273 276 273 276 275 274 272 274 276 301 277 276 276 276 276 275 276 276 275 277 327 0 0 0 0 0 0 0 
0 0 270 270 270 274 271 271 273 273 270 270 270 270 277 271 272 270 277 272 272 272 273 273 270 277 275 276 273 274 271 274 279 274 273 274 276 276 327 276 277 351 277 276 26 360 0 0 
0 271 272 273 273 272 274 273 271 271 274 273 271 273 272 273 272 274 273 272 274 272 275 271 272 272 270 272 270 272 270 272 275 273 274 273 272 273 274 270 276 273 275 277 276 279 276 360 
270 270 270 270 270 270 270 270 270 270 270 270 270 270 270 270 270 270 270 270 270 270 270 270 270 270 270 270 270 270 270 270 270 270 270 270 270 270 270 270 270 270 270 270 270 270 270 65535 
0 270 270 266 270 270 270 270 270 270 270 270 270 270 270 270 270 270 270 270 270 270 270 270 270 270 270 270 270 270 270 270 270 270 270 270 270 270 270 270 270 270 270 262 263 260 263 180 
0 0 270 270 270 270 270 270 270 270 270 270 270 270 270 270 270 270 270 270 270 270 270 270 270 270 270 270 270 265 270 270 270 270 270 265 263 263 212 263 262 188 262 263 90 153 0 0 
0 0 0 0 0 0 270 270 270 270 270 270 270 270 264 270 270 270 266 270 270 270 266 270 270 265 270 265 263 238 262 263 263 263 263 264 263 263 264 262 212 0 0 0 0 0 0 0 
0 0 0 0 0 0 0 0 0 0 0 0 0 0 270 270 270 266 270 265 264 263 264 263 263 264 263 263 263 228 263 263 0 0 0 0 0 0 0 0 0 0 0 0 0 0 0 0 
