test/output/constant/M385_S000_A180_WD180.0_WS035.0/M385_S000_A180_WD180.0_WS035.0_raz.asc
ncols         11
nrows         45
xllcorner     426103.990666
yllcorner     12748655.311160
cellsize      100.000000
NODATA_value  0.000000
0 0 0 0 360 3 0 0 0 0 0 
0 0 0 360 360 360 3 2 0 0 0 
0 0 0 360 360 3 0 8 0 0 0 
0 0 0 360 360 360 3 0 0 0 0 
0 0 360 360 360 3 0 7 0 0 0 
0 0 360 360 360 360 1 0 7 0 0 
0 0 360 360 360 0 0 3 0 0 0 
0 360 360 360 360 360 1 0 0 2 0 
0 360 360 360 360 0 0 0 5 3 0 
0 355 360 360 360 360 1 2 0 4 0 
0 352 360 360 360 0 0 0 2 7 0 
0 360 360 360 360 360 2 0 2 3 0 
0 360 360 360 360 3 0 3 3 5 0 
0 360 354 360 360 360 0 2 5 2 0 
360 354 360 360 360 3 2 1 1 5 2 
357 360 360 360 360 360 3 1 8 1 10 
360 360 360 360 360 0 3 2 5 4 3 
357 360 360 360 360 360 5 3 10 10 3 
352 352 360 360 360 360 0 3 8 7 8 
355 360 360 360 360 360 1 0 3 4 5 
356 355 354 360 360 360 3 2 5 4 4 
355 360 360 360 360 360 2 2 3 3 5 
349 352 360 360 360 360 4 0 4 7 10 
349 360 360 360 360 360 1 2 8 5 10 
351 352 352 360 360 360 2 3 7 12 8 
352 354 360 360 354 360 5 3 3 5 12 
281 352 360 360 360 360 0 5 7 7 4 
320 351 360 360 360 360 4 5 0 8 5 
0 349 355 360 360 360 0 5 8 10 0 
0 281 358 360 360 360 8 10 1 7 0 
0 352 360 355 360 360 3 4 2 7 0 
0 351 349 360 360 360 1 1 10 8 0 
0 308 351 360 360 360 2 4 8 8 0 
0 351 347 356 360 360 0 3 12 8 0 
0 349 351 356 360 360 5 4 10 10 0 
0 351 351 356 360 360 2 3 8 8 0 
0 349 351 351 360 360 0 8 8 10 0 
0 0 292 351 360 360 2 8 8 0 0 
0 0 347 292 360 360 4 8 12 0 0 
0 0 270 281 360 360 5 8 8 0 0 
0 0 270 308 355 360 5 51 8 0 0 
0 0 0 270 351 360 8 10 0 0 0 
0 0 0 270 351 360 8 90 0 0 0 
0 0 0 270 270 254 90 90 0 0 0 
0 0 0 0 180 111 111 0 0 0 0 
