test/output/constant/M3M465_S060_A090_WD000.0_WS035.0/M3M465_S060_A090_WD000.0_WS035.0_arrival.asc
ncols         7
nrows         45
xllcorner     426303.990666
yllcorner     12744355.311160
cellsize      100.000000
NODATA_value  0.000000
0.000000 0.000000 0.000000 166.000000 0.000000 0.000000 0.000000 
0.000000 0.000000 166.017655 166.000751 166.017655 0.000000 0.000000 
0.000000 0.000000 166.010893 166.001503 166.010893 0.000000 0.000000 
0.000000 0.000000 166.008640 166.002629 166.008640 0.000000 0.000000 
0.000000 0.000000 166.007888 166.003381 166.007888 0.000000 0.000000 
0.000000 166.037563 166.007888 166.004508 166.007888 166.037563 0.000000 
0.000000 166.032304 166.007888 166.005259 166.007888 166.032304 0.000000 
0.000000 166.029299 166.008640 166.006386 166.008640 166.029299 0.000000 
0.000000 166.027421 166.009391 166.007137 166.009391 166.027421 0.000000 
0.000000 166.025543 166.010142 166.008264 166.010142 166.025543 0.000000 
0.000000 166.024416 166.010893 166.009015 166.010893 166.024416 0.000000 
0.000000 166.023665 166.011645 166.010142 166.011645 166.023665 0.000000 
0.000000 166.023289 166.012396 166.010893 166.012396 166.023289 0.000000 
0.000000 166.022914 166.013523 166.012020 166.013523 166.022914 0.000000 
0.000000 166.022914 166.014274 166.012772 166.014274 166.022914 0.000000 
0.000000 166.022914 166.015401 166.013898 166.015401 166.022914 0.000000 
166.040944 166.023289 166.016152 166.014650 166.016152 166.023289 166.040944 
166.040193 166.023665 166.017279 166.015777 166.017279 166.023665 166.040193 
166.039441 166.024416 166.018030 166.016528 166.018030 166.024416 166.039441 
166.039066 166.024792 166.018782 166.017655 166.018782 166.024792 166.039066 
166.038690 166.025543 166.019909 166.018406 166.019909 166.025543 166.038690 
166.038315 166.026294 166.020660 166.019533 166.020660 166.026294 166.038315 
166.038315 166.027046 166.021787 166.020284 166.021787 166.027046 166.038315 
166.037939 166.027421 166.022538 166.021411 166.022538 166.027421 166.037939 
166.037939 166.028172 166.023665 166.022162 166.023665 166.028172 166.037939 
166.037939 166.028924 166.024416 166.023289 166.024416 166.028924 166.037939 
166.038315 166.029675 166.025543 166.024041 166.025543 166.029675 166.038315 
166.038690 166.030426 166.026294 166.025167 166.026294 166.030426 166.038690 
166.039441 166.031178 166.027046 166.025919 166.027046 166.031178 166.039441 
166.039817 166.031929 166.028172 166.027046 166.028172 166.031929 166.039817 
166.040568 166.032680 166.028924 166.027797 166.028924 166.032680 166.040568 
166.041320 166.033431 166.030051 166.028924 166.030051 166.033431 166.041320 
166.041667 166.034183 166.030802 166.029675 166.030802 166.034183 166.041667 
0.000000 166.035310 166.031929 166.030802 166.031929 166.035310 0.000000 
0.000000 166.036061 166.032680 166.031553 166.032680 166.036061 0.000000 
0.000000 166.036812 166.033431 166.032680 166.033431 166.036812 0.000000 
0.000000 166.037939 166.034558 166.033431 166.034558 166.037939 0.000000 
0.000000 166.038690 166.035310 166.034558 166.035310 166.038690 0.000000 
0.000000 166.039441 166.036436 166.035310 166.036436 166.039441 0.000000 
0.000000 166.040193 166.037188 166.036436 166.037188 166.040193 0.000000 
0.000000 166.041320 166.038315 166.037188 166.038315 166.041320 0.000000 
0.000000 0.000000 166.039066 166.038315 166.039066 0.000000 0.000000 
0.000000 0.000000 166.040193 166.039066 166.040193 0.000000 0.000000 
0.000000 0.000000 166.040944 166.040193 166.040944 0.000000 0.000000 
0.000000 0.000000 0.000000 166.040944 0.000000 0.000000 0.000000 
