test/output/constant/M295_S060_A090_WD045.0_WS010.0/M295_S060_A090_WD045.0_WS010.0_arrival.asc
ncols         8
nrows         25
xllcorner     426003.990666
yllcorner     12746355.311160
cellsize      100.000000
NODATA_value  0.000000
0.000000 0.000000 0.000000 0.000000 0.000000 166.015312 166.000000 0.000000 
0.000000 0.000000 0.000000 0.000000 166.039944 166.003994 166.001331 166.026629 
0.000000 0.000000 0.000000 0.000000 166.021303 166.003994 166.002663 166.024632 
0.000000 0.000000 0.000000 0.000000 166.013315 166.004660 166.004660 166.024632 
0.000000 0.000000 0.000000 166.030624 166.011317 166.005992 166.006657 166.025964 
0.000000 0.000000 0.000000 166.023301 166.011317 166.007989 166.009320 166.027295 
0.000000 0.000000 166.040610 166.019972 166.011317 166.009986 166.011317 166.029958 
0.000000 0.000000 166.033952 166.018641 166.011983 166.011317 166.014646 166.032621 
0.000000 0.000000 166.029292 166.017975 166.013315 166.013315 166.017309 166.035950 
0.000000 0.000000 166.027295 166.017975 166.014646 166.014646 166.019972 166.038613 
0.000000 166.039278 166.025964 166.018641 166.016643 166.017309 166.023301 166.041275 
0.000000 166.036615 166.025298 166.019306 166.018641 166.019306 166.025964 0.000000 
0.000000 166.034618 166.025298 166.020638 166.019972 166.021969 166.028627 0.000000 
0.000000 166.033287 166.025298 166.021969 166.021969 166.023966 166.031955 0.000000 
0.000000 166.032621 166.025964 166.023301 166.023301 166.026629 166.034618 0.000000 
166.041275 166.032621 166.026629 166.025298 166.025298 166.029292 166.037947 0.000000 
166.040610 166.032621 166.027961 166.026629 166.027295 166.031955 166.040610 0.000000 
166.039944 166.032621 166.028627 166.028627 166.029292 166.034618 0.000000 0.000000 
166.039944 166.033287 166.030624 166.030624 166.031955 166.037281 0.000000 0.000000 
166.039278 166.033952 166.031955 166.031955 166.033952 166.039944 0.000000 0.000000 
166.039278 166.035284 166.033952 166.033952 166.036615 0.000000 0.000000 0.000000 
166.039944 166.035950 166.035284 166.035950 166.039278 0.000000 0.000000 0.000000 
166.040610 166.037281 166.037281 166.037947 166.041275 0.000000 0.000000 0.000000 
166.041275 166.039278 166.038613 166.039944 0.000000 0.000000 0.000000 0.000000 
0.000000 166.040610 166.040610 0.000000 0.000000 0.000000 0.000000 0.000000 
