test/output/constant/M3M460_S060_A000_WD090.0_WS005.0/M3M460_S060_A000_WD090.0_WS005.0_arrival.asc
ncols         36
nrows         7
xllcorner     423103.990666
yllcorner     12748455.311160
cellsize      100.000000
NODATA_value  0.000000
0.000000 0.000000 0.000000 0.000000 0.000000 0.000000 166.041514 166.040560 166.039605 166.039128 166.038174 166.037219 166.036265 166.035788 166.034833 166.033879 166.033402 166.032448 166.031970 166.031970 166.031970 166.031970 166.031970 166.032448 166.032925 166.033879 166.035311 166.037219 166.040082 0.000000 0.000000 0.000000 0.000000 0.000000 0.000000 0.000000 
0.000000 0.000000 166.041667 166.040560 166.039605 166.038174 166.037219 166.036265 166.035311 166.033879 166.032925 166.031493 166.030539 166.029585 166.028630 166.027199 166.026244 166.025290 166.024813 166.023859 166.022904 166.021950 166.020996 166.020518 166.019564 166.019087 166.019087 166.019564 166.019564 166.020041 166.021950 166.024336 166.029585 166.039128 0.000000 0.000000 
166.041667 166.040560 166.039605 166.038174 166.037219 166.035788 166.034833 166.033402 166.032448 166.031016 166.030062 166.028630 166.027676 166.026722 166.025290 166.024336 166.022904 166.021950 166.020996 166.019564 166.018610 166.017178 166.016224 166.014792 166.013838 166.012884 166.011452 166.010498 166.009543 166.008589 166.007635 166.006680 166.006680 166.006680 166.009066 166.020518 
166.041514 166.040082 166.039128 166.037696 166.036742 166.035311 166.034356 166.032925 166.031970 166.030539 166.029585 166.028153 166.027199 166.025767 166.024813 166.023381 166.022427 166.020996 166.020041 166.018610 166.017655 166.016224 166.015269 166.013838 166.012884 166.011452 166.010498 166.009066 166.008112 166.006680 166.005726 166.004295 166.003340 166.001909 166.000954 166.000000 
166.041667 166.040560 166.039605 166.038174 166.037219 166.035788 166.034833 166.033402 166.032448 166.031016 166.030062 166.028630 166.027676 166.026722 166.025290 166.024336 166.022904 166.021950 166.020996 166.019564 166.018610 166.017178 166.016224 166.014792 166.013838 166.012884 166.011452 166.010498 166.009543 166.008589 166.007635 166.006680 166.006680 166.006680 166.009066 166.020518 
0.000000 0.000000 166.041667 166.040560 166.039605 166.038174 166.037219 166.036265 166.035311 166.033879 166.032925 166.031493 166.030539 166.029585 166.028630 166.027199 166.026244 166.025290 166.024813 166.023859 166.022904 166.021950 166.020996 166.020518 166.019564 166.019087 166.019087 166.019564 166.019564 166.020041 166.021950 166.024336 166.029585 166.039128 0.000000 0.000000 
0.000000 0.000000 0.000000 0.000000 0.000000 0.000000 166.041514 166.040560 166.039605 166.039128 166.038174 166.037219 166.036265 166.035788 166.034833 166.033879 166.033402 166.032448 166.031970 166.031970 166.031970 166.031970 166.031970 166.032448 166.032925 166.033879 166.035311 166.037219 166.040082 0.000000 0.000000 0.000000 0.000000 0.000000 0.000000 0.000000 
