test/output/constant/M3M4100_S060_A090_WD180.0_WS000.0/M3M4100_S060_A090_WD180.0_WS000.0_arrival.asc
ncols         11
nrows         57
xllcorner     426103.990666
yllcorner     12743255.311160
cellsize      100.000000
NODATA_value  0.000000
0.000000 0.000000 0.000000 0.000000 0.000000 166.037734 0.000000 0.000000 0.000000 0.000000 0.000000 
0.000000 0.000000 0.000000 0.000000 166.012377 166.000000 166.012377 0.000000 0.000000 0.000000 0.000000 
0.000000 0.000000 0.000000 166.034111 166.005434 166.000604 166.005434 166.034111 0.000000 0.000000 0.000000 
0.000000 0.000000 0.000000 166.023546 166.004226 166.001207 166.004226 166.023546 0.000000 0.000000 0.000000 
0.000000 0.000000 0.000000 166.018112 166.004226 166.002113 166.004226 166.018112 0.000000 0.000000 0.000000 
0.000000 0.000000 166.036526 166.015395 166.004226 166.002717 166.004226 166.015395 166.036526 0.000000 0.000000 
0.000000 0.000000 166.030791 166.013886 166.004830 166.003622 166.004830 166.013886 166.030791 0.000000 0.000000 
0.000000 0.000000 166.027470 166.012679 166.005434 166.004226 166.005434 166.012679 166.027470 0.000000 0.000000 
0.000000 0.000000 166.025055 166.012377 166.006037 166.005132 166.006037 166.012377 166.025055 0.000000 0.000000 
0.000000 166.040149 166.023244 166.012075 166.006641 166.005736 166.006641 166.012075 166.023244 166.040149 0.000000 
0.000000 166.037130 166.022037 166.012075 166.007245 166.006641 166.007245 166.012075 166.022037 166.037130 0.000000 
0.000000 166.034715 166.021131 166.012075 166.008151 166.007245 166.008151 166.012075 166.021131 166.034715 0.000000 
0.000000 166.033206 166.020829 166.012377 166.008754 166.008151 166.008754 166.012377 166.020829 166.033206 0.000000 
0.000000 166.031696 166.020225 166.012980 166.009358 166.008754 166.009358 166.012980 166.020225 166.031696 0.000000 
0.000000 166.030489 166.020225 166.013282 166.010264 166.009660 166.010264 166.013282 166.020225 166.030489 0.000000 
0.000000 166.029583 166.019923 166.013886 166.010867 166.010264 166.010867 166.013886 166.019923 166.029583 0.000000 
166.041658 166.029281 166.019923 166.014490 166.011773 166.011169 166.011773 166.014490 166.019923 166.029281 166.041658 
166.040149 166.028678 166.019923 166.015094 166.012377 166.011773 166.012377 166.015094 166.019923 166.028678 166.040149 
166.038941 166.028376 166.020225 166.015395 166.013282 166.012679 166.013282 166.015395 166.020225 166.028376 166.038941 
166.038338 166.028376 166.020527 166.015999 166.013886 166.013282 166.013886 166.015999 166.020527 166.028376 166.038338 
166.037734 166.028074 166.021131 166.016603 166.014490 166.014188 166.014490 166.016603 166.021131 166.028074 166.037734 
166.037130 166.028074 166.021433 166.017207 166.015395 166.014792 166.015395 166.017207 166.021433 166.028074 166.037130 
166.036828 166.028074 166.022037 166.018112 166.015999 166.015697 166.015999 166.018112 166.022037 166.028074 166.036828 
166.036526 166.028074 166.022338 166.018716 166.016905 166.016301 166.016905 166.018716 166.022338 166.028074 166.036526 
166.036225 166.028074 166.022942 166.019320 166.017509 166.017207 166.017509 166.019320 166.022942 166.028074 166.036225 
166.036225 166.028376 166.023546 166.019923 166.018414 166.017810 166.018414 166.019923 166.023546 166.028376 166.036225 
166.035923 166.028678 166.024150 166.020829 166.019018 166.018716 166.019018 166.020829 166.024150 166.028678 166.035923 
166.035923 166.029281 166.024753 166.021433 166.019622 166.019320 166.019622 166.021433 166.024753 166.029281 166.035923 
166.035923 166.029583 166.025055 166.022037 166.020527 166.020225 166.020527 166.022037 166.025055 166.029583 166.035923 
166.035923 166.030187 166.025659 166.022942 166.021131 166.020829 166.021131 166.022942 166.025659 166.030187 166.035923 
166.035923 166.030489 166.026263 166.023546 166.022037 166.021735 166.022037 166.023546 166.026263 166.030489 166.035923 
166.036225 166.031093 166.026867 166.024150 166.022640 166.022338 166.022640 166.024150 166.026867 166.031093 166.036225 
166.036526 166.031696 166.027470 166.025055 166.023546 166.023244 166.023546 166.025055 166.027470 166.031696 166.036526 
166.036828 166.031998 166.028074 166.025659 166.024150 166.023848 166.024150 166.025659 166.028074 166.031998 166.036828 
166.037130 166.032602 166.028678 166.026263 166.025055 166.024753 166.025055 166.026263 166.028678 166.032602 166.037130 
166.037734 166.033206 166.029281 166.027168 166.025659 166.025357 166.025659 166.027168 166.029281 166.033206 166.037734 
166.038338 166.033810 166.030187 166.027772 166.026263 166.026263 166.026263 166.027772 166.030187 166.033810 166.038338 
166.038640 166.034111 166.030791 166.028678 166.027168 166.026867 166.027168 166.028678 166.030791 166.034111 166.038640 
166.039243 166.034715 166.031395 166.029281 166.027772 166.027772 166.027772 166.029281 166.031395 166.034715 166.039243 
166.039847 166.035319 166.032300 166.029885 166.028678 166.028376 166.028678 166.029885 166.032300 166.035319 166.039847 
166.040149 166.035923 166.032904 166.030791 166.029281 166.029281 166.029281 166.030791 166.032904 166.035923 166.040149 
166.040753 166.036526 166.033508 166.031395 166.030187 166.029885 166.030187 166.031395 166.033508 166.036526 166.040753 
166.041356 166.037130 166.034111 166.032300 166.030791 166.030791 166.030791 166.032300 166.034111 166.037130 166.041356 
166.041658 166.037734 166.035017 166.032904 166.031696 166.031395 166.031696 166.032904 166.035017 166.037734 166.041658 
0.000000 166.038338 166.035621 166.033508 166.032300 166.032300 166.032300 166.033508 166.035621 166.038338 0.000000 
0.000000 166.038941 166.036225 166.034413 166.033206 166.032904 166.033206 166.034413 166.036225 166.038941 0.000000 
0.000000 166.039545 166.037130 166.035017 166.033810 166.033810 166.033810 166.035017 166.037130 166.039545 0.000000 
0.000000 166.040149 166.037734 166.035923 166.034715 166.034413 166.034715 166.035923 166.037734 166.040149 0.000000 
0.000000 166.040753 166.038338 166.036526 166.035319 166.035319 166.035319 166.036526 166.038338 166.040753 0.000000 
0.000000 166.041658 166.038941 166.037432 166.036225 166.035923 166.036225 166.037432 166.038941 166.041658 0.000000 
0.000000 0.000000 166.039847 166.038036 166.036828 166.036828 166.036828 166.038036 166.039847 0.000000 0.000000 
0.000000 0.000000 166.040451 166.038640 166.037734 166.037432 166.037734 166.038640 166.040451 0.000000 0.000000 
0.000000 0.000000 166.041356 166.039545 166.038338 166.038338 166.038338 166.039545 166.041356 0.000000 0.000000 
0.000000 0.000000 0.000000 166.040149 166.039243 166.038941 166.039243 166.040149 0.000000 0.000000 0.000000 
0.000000 0.000000 0.000000 166.041054 166.039847 166.039847 166.039847 166.041054 0.000000 0.000000 0.000000 
0.000000 0.000000 0.000000 166.041658 166.040753 166.040451 166.040753 166.041658 0.000000 0.000000 0.000000 
0.000000 0.000000 0.000000 0.000000 166.041356 166.041356 166.041356 0.000000 0.000000 0.000000 0.000000 
