test/output/constant/M3M470_S060_A000_WD315.0_WS035.0/M3M470_S060_A000_WD315.0_WS035.0_ros.asc
ncols         13
nrows         22
xllcorner     425503.990666
yllcorner     12746755.311160
cellsize      100.000000
NODATA_value  0.000000
0.000000 0.000000 0.000000 0.000000 0.000000 0.000000 0.000000 0.000000 0.000000 0.000000 2.237818 2.237818 1.495449 
0.000000 0.000000 0.000000 0.000000 0.000000 0.000000 0.000000 0.000000 3.461453 1.357772 25.336678 -1.000000 5.704921 
0.000000 0.000000 0.000000 0.000000 0.000000 0.000000 0.000000 2.237818 2.237818 3.461453 36.239086 37.645168 5.704921 
0.000000 0.000000 0.000000 0.000000 0.000000 0.000000 0.000000 2.755203 3.461453 30.694492 37.645168 12.432656 5.704921 
0.000000 0.000000 0.000000 0.000000 0.000000 0.000000 25.336678 2.237818 30.694492 37.187191 37.645168 3.142221 5.704921 
0.000000 0.000000 0.000000 0.000000 0.000000 2.755203 30.694492 30.694492 37.645168 37.645168 5.704921 5.704921 9.864472 
0.000000 0.000000 0.000000 0.000000 0.000000 3.461453 28.133295 4.750795 37.645168 37.645168 12.432656 5.704921 0.000000 
0.000000 0.000000 0.000000 0.000000 1.793023 2.755203 3.461453 37.645168 37.645168 29.721426 12.432656 5.704921 0.000000 
0.000000 0.000000 0.000000 0.000000 28.133295 28.133295 37.625282 37.187191 37.645168 35.734840 5.704921 3.142221 0.000000 
0.000000 0.000000 0.000000 4.750795 4.750795 32.942711 37.645168 37.645168 37.645168 12.432656 5.704921 7.601935 0.000000 
0.000000 0.000000 0.000000 3.461453 30.694492 32.942711 37.645168 37.645168 37.645168 12.432656 12.432656 0.000000 0.000000 
0.000000 0.000000 2.755203 30.694492 3.461453 37.645168 37.645168 37.645168 27.055725 12.432656 15.233503 0.000000 0.000000 
0.000000 0.000000 28.133295 30.694492 37.645168 37.645168 37.645168 29.721426 12.432656 7.601935 0.000000 0.000000 0.000000 
0.000000 28.133295 30.694492 37.645168 37.645168 37.645168 21.199278 12.432656 4.214402 5.704921 0.000000 0.000000 0.000000 
0.000000 28.133295 30.694492 37.645168 37.645168 37.645168 37.645168 27.055725 4.214402 0.000000 0.000000 0.000000 0.000000 
0.000000 3.461453 37.645168 37.645168 37.645168 37.645168 5.704921 12.432656 12.432656 0.000000 0.000000 0.000000 0.000000 
0.000000 28.133295 37.645168 37.645168 37.515881 9.864472 4.214402 4.214402 0.000000 0.000000 0.000000 0.000000 0.000000 
30.694492 37.645168 37.645168 37.645168 34.127617 35.734840 29.721426 4.214402 0.000000 0.000000 0.000000 0.000000 0.000000 
37.645168 37.645168 37.645168 37.645168 18.184958 27.055725 12.432656 0.000000 0.000000 0.000000 0.000000 0.000000 0.000000 
37.645168 37.645168 37.645168 37.645168 12.432656 7.601935 0.000000 0.000000 0.000000 0.000000 0.000000 0.000000 0.000000 
37.645168 37.645168 37.645168 32.102726 37.645168 0.000000 0.000000 0.000000 0.000000 0.000000 0.000000 0.000000 0.000000 
37.645168 37.645168 37.645168 21.199278 0.000000 0.000000 0.000000 0.000000 0.000000 0.000000 0.000000 0.000000 0.000000 
