test/output/constant/M1M285_S060_A000_WD045.0_WS020.0/M1M285_S060_A000_WD045.0_WS020.0_arrival.asc
ncols         31
nrows         11
xllcorner     423603.990666
yllcorner     12747755.311160
cellsize      100.000000
NODATA_value  0.000000
0.000000 0.000000 0.000000 0.000000 0.000000 0.000000 0.000000 0.000000 0.000000 0.000000 0.000000 0.000000 0.000000 0.000000 0.000000 0.000000 0.000000 0.000000 0.000000 0.000000 166.041101 166.035898 166.030175 166.024973 166.019770 166.014567 166.009365 166.005203 166.002601 166.001041 166.000000 
0.000000 0.000000 0.000000 0.000000 0.000000 0.000000 0.000000 0.000000 0.000000 0.000000 0.000000 0.000000 0.000000 0.000000 0.000000 0.000000 0.000000 166.037979 166.032777 166.028094 166.023412 166.018730 166.015088 166.011446 166.008324 166.006763 166.005203 166.003642 166.002601 166.002081 166.010926 
0.000000 0.000000 0.000000 0.000000 0.000000 0.000000 0.000000 0.000000 0.000000 0.000000 0.000000 0.000000 0.000000 166.041621 166.037459 166.032777 166.028615 166.024973 166.021331 166.017689 166.015088 166.012486 166.010926 166.009365 166.007804 166.006763 166.006243 166.006763 166.010926 166.029135 0.000000 
0.000000 0.000000 0.000000 0.000000 0.000000 0.000000 0.000000 0.000000 0.000000 0.000000 0.000000 166.038500 166.034858 166.031216 166.027574 166.024453 166.021331 166.018730 166.016649 166.015088 166.013527 166.011966 166.010926 166.010405 166.010405 166.011446 166.015608 166.026013 0.000000 0.000000 0.000000 
0.000000 0.000000 0.000000 0.000000 0.000000 0.000000 0.000000 0.000000 166.041101 166.036939 166.033817 166.030696 166.027574 166.024973 166.022892 166.020811 166.019250 166.017689 166.016128 166.015088 166.014567 166.014047 166.014567 166.016649 166.020290 166.028615 166.041621 0.000000 0.000000 0.000000 0.000000 
0.000000 0.000000 0.000000 0.000000 0.000000 0.000000 166.040060 166.036939 166.033817 166.031216 166.028615 166.026534 166.024973 166.023412 166.021851 166.020290 166.019250 166.018730 166.018209 166.018209 166.019250 166.021331 166.024973 166.032256 0.000000 0.000000 0.000000 0.000000 0.000000 0.000000 0.000000 
0.000000 0.000000 0.000000 0.000000 166.040581 166.037979 166.034858 166.032777 166.030696 166.029135 166.027574 166.026013 166.024453 166.023412 166.022371 166.022371 166.022371 166.022892 166.023932 166.026534 166.030175 166.036419 0.000000 0.000000 0.000000 0.000000 0.000000 0.000000 0.000000 0.000000 0.000000 
0.000000 0.000000 166.041621 166.039020 166.036939 166.034858 166.033297 166.031736 166.030175 166.028615 166.027574 166.026534 166.026534 166.026534 166.026534 166.027574 166.029135 166.031216 166.035378 166.041101 0.000000 0.000000 0.000000 0.000000 0.000000 0.000000 0.000000 0.000000 0.000000 0.000000 0.000000 
0.000000 166.041101 166.039020 166.037459 166.035898 166.034338 166.032777 166.031736 166.031216 166.030696 166.030175 166.030175 166.030696 166.032256 166.033817 166.036419 166.040060 0.000000 0.000000 0.000000 0.000000 0.000000 0.000000 0.000000 0.000000 0.000000 0.000000 0.000000 0.000000 0.000000 0.000000 
166.041621 166.040060 166.038500 166.037459 166.035898 166.034858 166.034858 166.034338 166.034338 166.034858 166.035378 166.036939 166.039020 166.041101 0.000000 0.000000 0.000000 0.000000 0.000000 0.000000 0.000000 0.000000 0.000000 0.000000 0.000000 0.000000 0.000000 0.000000 0.000000 0.000000 0.000000 
166.041621 166.040060 166.039020 166.038500 166.038500 166.038500 166.038500 166.039020 166.040060 166.041621 0.000000 0.000000 0.000000 0.000000 0.000000 0.000000 0.000000 0.000000 0.000000 0.000000 0.000000 0.000000 0.000000 0.000000 0.000000 0.000000 0.000000 0.000000 0.000000 0.000000 0.000000 
