test/output/constant/M3100_S060_A270_WD045.0_WS050.0/M3100_S060_A270_WD045.0_WS050.0_arrival.asc
ncols         45
nrows         12
xllcorner     422303.990666
yllcorner     12748555.311160
cellsize      100.000000
NODATA_value  0.000000
0.000000 0.000000 0.000000 166.041551 166.040897 166.040570 166.040243 166.039588 166.039261 166.038934 166.038934 166.038607 166.038607 166.038607 166.038607 166.038607 166.039261 166.039588 166.040243 166.041224 0.000000 0.000000 0.000000 0.000000 0.000000 0.000000 0.000000 0.000000 0.000000 0.000000 0.000000 0.000000 0.000000 0.000000 0.000000 0.000000 0.000000 0.000000 0.000000 0.000000 0.000000 0.000000 0.000000 0.000000 0.000000 
166.041667 166.040897 166.040243 166.039261 166.038607 166.038280 166.037625 166.036971 166.036316 166.035989 166.035662 166.035335 166.035008 166.034353 166.034353 166.034026 166.034026 166.034026 166.034026 166.034353 166.035008 166.035662 166.036316 166.037625 166.038607 166.040570 0.000000 0.000000 0.000000 0.000000 0.000000 0.000000 0.000000 0.000000 0.000000 0.000000 0.000000 0.000000 0.000000 0.000000 0.000000 0.000000 0.000000 0.000000 0.000000 
166.041224 166.040243 166.039588 166.038607 166.037625 166.036971 166.035989 166.035008 166.034353 166.033699 166.033045 166.032390 166.032063 166.031409 166.031082 166.030755 166.030100 166.029773 166.029773 166.029446 166.029446 166.029446 166.029773 166.030427 166.030755 166.031736 166.032718 166.034353 166.036316 166.038280 166.040897 0.000000 0.000000 0.000000 0.000000 0.000000 0.000000 0.000000 0.000000 0.000000 0.000000 0.000000 0.000000 0.000000 0.000000 
166.041224 166.040243 166.039261 166.038280 166.037625 166.036644 166.035662 166.034681 166.033699 166.032718 166.032063 166.031082 166.030100 166.029446 166.028791 166.028137 166.027483 166.026828 166.026501 166.026174 166.025520 166.025193 166.025193 166.024865 166.024865 166.025193 166.025520 166.026174 166.027156 166.028137 166.029773 166.031736 166.034353 166.037625 166.041224 0.000000 0.000000 0.000000 0.000000 0.000000 0.000000 0.000000 0.000000 0.000000 0.000000 
166.041667 166.040897 166.039915 166.038607 166.037625 166.036644 166.035662 166.034681 166.033699 166.032718 166.031736 166.030755 166.029773 166.028791 166.027810 166.026828 166.026174 166.025193 166.024538 166.023557 166.022902 166.022248 166.021921 166.021594 166.020939 166.020612 166.020612 166.020612 166.020612 166.020939 166.021594 166.022575 166.023557 166.025520 166.027810 166.031082 166.035008 166.039915 0.000000 0.000000 0.000000 0.000000 0.000000 0.000000 0.000000 
0.000000 0.000000 166.040897 166.039588 166.038607 166.037298 166.036316 166.035008 166.034026 166.033045 166.032063 166.030755 166.029773 166.028791 166.027810 166.026828 166.025847 166.024865 166.023884 166.022902 166.021921 166.020939 166.020285 166.019303 166.018649 166.017995 166.017340 166.017013 166.016359 166.016032 166.016032 166.016032 166.016032 166.016686 166.017667 166.019303 166.021594 166.024865 166.029119 166.034681 0.000000 0.000000 0.000000 0.000000 0.000000 
0.000000 0.000000 0.000000 166.041551 166.040243 166.039261 166.037952 166.036644 166.035335 166.034026 166.033045 166.031736 166.030755 166.029446 166.028464 166.027156 166.026174 166.025193 166.024211 166.022902 166.021921 166.020939 166.019958 166.018976 166.017995 166.017013 166.016032 166.015377 166.014396 166.013414 166.012760 166.012433 166.011778 166.011451 166.011451 166.011451 166.012105 166.013087 166.015050 166.018322 166.023229 166.030755 166.040570 0.000000 0.000000 
0.000000 0.000000 0.000000 0.000000 0.000000 0.000000 166.040570 166.039261 166.037952 166.036644 166.035335 166.034026 166.032718 166.031409 166.030100 166.028791 166.027483 166.026501 166.025193 166.023884 166.022902 166.021594 166.020285 166.019303 166.018322 166.017340 166.016032 166.015050 166.014396 166.013414 166.012433 166.011451 166.010470 166.009488 166.008507 166.007852 166.007198 166.006871 166.006871 166.007198 166.008834 166.012105 166.018976 166.030100 0.000000 
0.000000 0.000000 0.000000 0.000000 0.000000 0.000000 0.000000 0.000000 166.041667 166.040243 166.038934 166.037625 166.036316 166.035008 166.033372 166.032063 166.030755 166.029446 166.028137 166.026501 166.025193 166.023884 166.022575 166.021266 166.019958 166.018649 166.017340 166.016032 166.015050 166.013741 166.012433 166.011451 166.010470 166.009488 166.008507 166.007525 166.006544 166.005562 166.004580 166.003599 166.002617 166.002290 166.002617 166.006871 166.038934 
0.000000 0.000000 0.000000 0.000000 0.000000 0.000000 0.000000 0.000000 0.000000 0.000000 0.000000 0.000000 166.040570 166.038934 166.037625 166.036316 166.034681 166.033372 166.032063 166.030755 166.029119 166.027810 166.026501 166.025193 166.023557 166.022248 166.020939 166.019631 166.017995 166.016686 166.015377 166.014069 166.012760 166.011124 166.009815 166.008507 166.007198 166.005889 166.004580 166.003599 166.002617 166.001636 166.000654 166.000000 166.031409 
0.000000 0.000000 0.000000 0.000000 0.000000 0.000000 0.000000 0.000000 0.000000 0.000000 0.000000 0.000000 0.000000 0.000000 0.000000 0.000000 0.000000 166.041224 166.039588 166.038280 166.036971 166.035335 166.034026 166.032718 166.031409 166.029773 166.028464 166.027156 166.025520 166.024211 166.022902 166.021594 166.020285 166.018976 166.017667 166.016032 166.014723 166.013414 166.012433 166.011124 166.010797 166.010470 166.010797 166.013087 0.000000 
0.000000 0.000000 0.000000 0.000000 0.000000 0.000000 0.000000 0.000000 0.000000 0.000000 0.000000 0.000000 0.000000 0.000000 0.000000 0.000000 0.000000 0.000000 0.000000 0.000000 0.000000 0.000000 0.000000 0.000000 166.041224 166.039915 166.038607 166.037298 166.035989 166.035008 166.033699 166.032718 166.032063 166.031082 166.030427 166.029773 166.029119 166.028791 166.029119 166.029446 166.030755 166.033045 166.036644 0.000000 0.000000 
