test/output/constant/M4100_S000_A090_WD090.0_WS045.0/M4100_S000_A090_WD090.0_WS045.0_arrival.asc
ncols         44
nrows         9
xllcorner     422303.990666
yllcorner     12748355.311160
cellsize      100.000000
NODATA_value  0.000000
0.000000 0.000000 0.000000 0.000000 0.000000 0.000000 0.000000 0.000000 0.000000 0.000000 0.000000 0.000000 0.000000 0.000000 166.041504 166.040728 166.040340 166.039952 166.039564 166.039564 166.039564 166.039564 166.039564 166.039952 166.040340 166.040728 166.041504 0.000000 0.000000 0.000000 0.000000 0.000000 0.000000 0.000000 0.000000 0.000000 0.000000 0.000000 0.000000 0.000000 0.000000 0.000000 0.000000 0.000000 
0.000000 0.000000 0.000000 0.000000 0.000000 0.000000 166.041116 166.040340 166.039564 166.038788 166.038013 166.037237 166.036461 166.035685 166.034910 166.034522 166.033746 166.032970 166.032194 166.031807 166.031031 166.030255 166.029867 166.029091 166.028703 166.028316 166.028316 166.028316 166.028316 166.028703 166.029091 166.029867 166.030643 166.031419 166.032970 166.035298 166.038401 0.000000 0.000000 0.000000 0.000000 0.000000 0.000000 0.000000 
0.000000 0.000000 166.041667 166.040728 166.039952 166.038788 166.038013 166.037237 166.036073 166.035298 166.034522 166.033358 166.032582 166.031419 166.030643 166.029867 166.029091 166.027928 166.027152 166.026376 166.025213 166.024437 166.023661 166.022885 166.022109 166.021334 166.020946 166.020170 166.019394 166.018618 166.018231 166.017455 166.017067 166.017067 166.017067 166.017455 166.017843 166.019006 166.020558 166.023273 166.027928 166.038013 0.000000 0.000000 
166.041667 166.040728 166.039952 166.038788 166.038013 166.036849 166.036073 166.034910 166.034134 166.033358 166.032194 166.031419 166.030255 166.029479 166.028316 166.027540 166.026376 166.025600 166.024437 166.023661 166.022885 166.021722 166.020946 166.019782 166.019006 166.017843 166.017067 166.015903 166.015128 166.014352 166.013188 166.012412 166.011249 166.010473 166.009697 166.008533 166.007758 166.006982 166.006594 166.005818 166.005818 166.006206 166.008533 166.021722 
166.041504 166.040340 166.039564 166.038401 166.037625 166.036461 166.035685 166.034522 166.033746 166.032582 166.031807 166.030643 166.029867 166.028703 166.027928 166.026764 166.025988 166.024825 166.024049 166.022885 166.022109 166.020946 166.020170 166.019006 166.018231 166.017067 166.016291 166.015128 166.014352 166.013188 166.012412 166.011249 166.010473 166.009309 166.008533 166.007370 166.006594 166.005430 166.004655 166.003491 166.002715 166.001552 166.000776 166.000000 
166.041667 166.040728 166.039952 166.038788 166.038013 166.036849 166.036073 166.034910 166.034134 166.033358 166.032194 166.031419 166.030255 166.029479 166.028316 166.027540 166.026376 166.025600 166.024437 166.023661 166.022885 166.021722 166.020946 166.019782 166.019006 166.017843 166.017067 166.015903 166.015128 166.014352 166.013188 166.012412 166.011249 166.010473 166.009697 166.008533 166.007758 166.006982 166.006594 166.005818 166.005818 166.006206 166.008533 166.021722 
0.000000 0.000000 166.041667 166.040728 166.039952 166.038788 166.038013 166.037237 166.036073 166.035298 166.034522 166.033358 166.032582 166.031419 166.030643 166.029867 166.029091 166.027928 166.027152 166.026376 166.025213 166.024437 166.023661 166.022885 166.022109 166.021334 166.020946 166.020170 166.019394 166.018618 166.018231 166.017455 166.017067 166.017067 166.017067 166.017455 166.017843 166.019006 166.020558 166.023273 166.027928 166.038013 0.000000 0.000000 
0.000000 0.000000 0.000000 0.000000 0.000000 0.000000 166.041116 166.040340 166.039564 166.038788 166.038013 166.037237 166.036461 166.035685 166.034910 166.034522 166.033746 166.032970 166.032194 166.031807 166.031031 166.030255 166.029867 166.029091 166.028703 166.028316 166.028316 166.028316 166.028316 166.028703 166.029091 166.029867 166.030643 166.031419 166.032970 166.035298 166.038401 0.000000 0.000000 0.000000 0.000000 0.000000 0.000000 0.000000 
0.000000 0.000000 0.000000 0.000000 0.000000 0.000000 0.000000 0.000000 0.000000 0.000000 0.000000 0.000000 0.000000 0.000000 166.041504 166.040728 166.040340 166.039952 166.039564 166.039564 166.039564 166.039564 166.039564 166.039952 166.040340 166.040728 166.041504 0.000000 0.000000 0.000000 0.000000 0.000000 0.000000 0.000000 0.000000 0.000000 0.000000 0.000000 0.000000 0.000000 0.000000 0.000000 0.000000 0.000000 
