test/output/constant/M3M485_S060_A270_WD270.0_WS005.0/M3M485_S060_A270_WD270.0_WS005.0_arrival.asc
ncols         11
nrows         46
xllcorner     426403.990666
yllcorner     12748755.311160
cellsize      100.000000
NODATA_value  0.000000
0.000000 0.000000 0.000000 0.000000 0.000000 0.000000 0.000000 166.041060 166.041060 166.041423 0.000000 
0.000000 0.000000 0.000000 0.000000 0.000000 0.000000 166.040697 166.040333 166.040333 166.040697 0.000000 
0.000000 0.000000 0.000000 0.000000 0.000000 166.041060 166.039606 166.039243 166.039243 166.039970 0.000000 
0.000000 0.000000 0.000000 0.000000 0.000000 166.039970 166.038880 166.038516 166.038516 166.039243 166.041423 
0.000000 0.000000 0.000000 0.000000 166.041423 166.038880 166.037790 166.037426 166.037426 166.038516 166.040697 
0.000000 0.000000 0.000000 0.000000 166.040333 166.037790 166.036700 166.036700 166.036700 166.038153 166.040333 
0.000000 0.000000 0.000000 0.000000 166.038880 166.036700 166.035609 166.035609 166.035973 166.037426 166.039970 
0.000000 0.000000 0.000000 166.041060 166.037790 166.035609 166.034883 166.034519 166.034883 166.037063 166.039606 
0.000000 0.000000 0.000000 166.039606 166.036700 166.034519 166.033793 166.033793 166.034156 166.036336 166.039243 
0.000000 0.000000 0.000000 166.038516 166.035609 166.033429 166.032703 166.032703 166.033793 166.035609 166.038880 
0.000000 0.000000 166.041423 166.037426 166.034156 166.032703 166.031976 166.031976 166.033066 166.035246 166.038516 
0.000000 0.000000 166.040333 166.035973 166.033066 166.031249 166.030886 166.031249 166.032339 166.034519 166.038153 
0.000000 0.000000 166.038880 166.034883 166.031976 166.030522 166.030159 166.030159 166.031612 166.034156 166.038153 
0.000000 0.000000 166.037790 166.033793 166.030886 166.029432 166.029069 166.029432 166.031249 166.033793 166.038153 
0.000000 0.000000 166.036336 166.032339 166.029796 166.028342 166.028342 166.028706 166.030522 166.033429 166.038153 
0.000000 166.040697 166.035246 166.031249 166.028342 166.027252 166.027252 166.027979 166.029796 166.033429 166.038153 
0.000000 166.039606 166.033793 166.030159 166.027252 166.026525 166.026525 166.027252 166.029432 166.033066 166.038153 
0.000000 166.038153 166.032703 166.028706 166.026162 166.025435 166.025435 166.026525 166.029069 166.033066 166.038516 
0.000000 166.037063 166.031249 166.027616 166.025072 166.024709 166.024709 166.025799 166.028706 166.033066 166.038516 
0.000000 166.035609 166.030159 166.026525 166.023982 166.023619 166.023619 166.025435 166.028342 166.033066 166.038880 
0.000000 166.034519 166.028706 166.025072 166.023255 166.022892 166.022892 166.024709 166.027979 166.033066 166.039243 
0.000000 166.033066 166.027616 166.023982 166.022165 166.021802 166.022165 166.023982 166.027979 166.033429 166.040333 
166.041060 166.031976 166.026162 166.022892 166.021075 166.020712 166.021438 166.023619 166.027979 166.033429 166.041060 
166.039970 166.030522 166.025072 166.021438 166.019985 166.019985 166.020712 166.023255 166.027979 166.033793 0.000000 
166.038880 166.029432 166.023619 166.020348 166.019258 166.018895 166.019985 166.023255 166.027979 166.034519 0.000000 
166.037790 166.027979 166.022528 166.019258 166.018168 166.018168 166.019622 166.022892 166.028342 166.035609 0.000000 
166.036700 166.026889 166.021075 166.018168 166.017078 166.017441 166.018895 166.022892 166.028342 166.036700 0.000000 
166.035973 166.025435 166.019985 166.017078 166.016351 166.016351 166.018531 166.022892 166.029069 166.038153 0.000000 
166.034883 166.024345 166.018895 166.015988 166.015261 166.015625 166.018168 166.022892 166.030159 166.040333 0.000000 
166.033793 166.023255 166.017441 166.014898 166.014534 166.014898 166.017805 166.023255 166.031249 0.000000 0.000000 
166.033066 166.022165 166.016351 166.013808 166.013444 166.014534 166.017805 166.023619 166.032703 0.000000 0.000000 
166.032339 166.021075 166.014898 166.012718 166.012718 166.013808 166.017805 166.024345 166.034883 0.000000 0.000000 
166.031612 166.019622 166.013808 166.011628 166.011628 166.013444 166.017805 166.025435 166.037426 0.000000 0.000000 
166.030522 166.018531 166.012718 166.010901 166.010901 166.013081 166.018168 166.027252 166.040333 0.000000 0.000000 
166.029796 166.017441 166.011264 166.009811 166.009811 166.012718 166.018895 166.029432 0.000000 0.000000 0.000000 
166.029069 166.016351 166.010174 166.009084 166.009084 166.012718 166.019985 166.032339 0.000000 0.000000 0.000000 
166.029069 166.015261 166.009084 166.007994 166.008721 166.013081 166.021802 166.035973 0.000000 0.000000 0.000000 
166.029069 166.014171 166.007631 166.006904 166.007994 166.013444 166.024345 166.040697 0.000000 0.000000 0.000000 
166.029069 166.013081 166.006541 166.006177 166.007631 166.014171 166.027616 0.000000 0.000000 0.000000 0.000000 
166.029432 166.012354 166.005450 166.005087 166.007631 166.016351 166.032703 0.000000 0.000000 0.000000 0.000000 
166.029796 166.011264 166.004360 166.004360 166.007994 166.019258 166.039243 0.000000 0.000000 0.000000 0.000000 
166.031612 166.010537 166.003270 166.003270 166.008721 166.024345 0.000000 0.000000 0.000000 0.000000 0.000000 
166.035246 166.010174 166.002544 166.002907 166.010901 166.031976 0.000000 0.000000 0.000000 0.000000 0.000000 
166.040333 166.010537 166.001453 166.002544 166.016351 0.000000 0.000000 0.000000 0.000000 0.000000 0.000000 
0.000000 166.011628 166.000727 166.002907 166.027616 0.000000 0.000000 0.000000 0.000000 0.000000 0.000000 
0.000000 166.018531 166.000000 166.009811 0.000000 0.000000 0.000000 0.000000 0.000000 0.000000 0.000000 
