test/output/constant/M3M495_S000_A270_WD090.0_WS035.0/M3M495_S000_A270_WD090.0_WS035.0_raz.asc
ncols         47
nrows         11
xllcorner     422103.990666
yllcorner     12748255.311160
cellsize      100.000000
NODATA_value  0.000000
0 0 0 0 0 0 0 0 0 0 0 0 0 274 280 278 275 280 278 280 282 278 277 278 278 321 280 278 337 278 278 278 0 0 0 0 0 0 0 0 0 0 0 0 0 0 0 
0 0 0 0 0 0 270 280 272 272 273 274 277 273 275 273 275 273 274 272 277 274 274 274 277 278 278 278 277 321 278 321 278 278 337 278 321 360 337 0 0 0 0 0 0 0 0 
0 0 0 272 272 274 270 280 271 270 275 270 272 272 274 277 270 278 277 280 272 272 277 272 275 272 277 280 277 275 280 278 337 321 278 348 278 277 337 21 21 348 21 0 0 0 0 
0 272 270 271 278 270 278 272 273 273 270 272 270 270 273 272 272 271 272 273 273 270 273 272 270 273 273 273 275 277 278 272 274 278 274 273 274 278 321 278 337 360 278 360 21 21 0 
270 270 270 270 270 270 270 270 270 270 270 270 270 270 270 270 272 273 273 275 277 271 274 272 275 271 272 275 270 275 270 282 273 271 272 270 275 272 270 272 275 277 274 278 278 21 21 
270 270 270 270 270 270 270 270 270 270 270 270 270 270 270 270 270 270 270 270 270 270 270 270 270 270 270 270 270 270 270 270 270 270 270 270 270 270 270 270 270 270 270 270 270 65535 90 
270 270 270 270 270 270 270 270 270 270 270 270 270 270 270 270 270 270 270 270 270 270 270 270 270 270 270 264 270 270 270 270 270 270 270 270 270 270 270 270 270 270 265 261 261 158 90 
0 270 270 270 270 270 270 270 270 270 270 270 270 270 270 270 270 270 270 270 270 270 270 270 270 270 270 270 270 270 270 270 265 270 270 266 265 261 218 261 202 180 261 180 90 158 0 
0 0 0 270 270 270 270 270 270 270 270 270 270 270 270 262 270 270 270 270 270 270 262 270 270 270 262 270 270 270 259 261 202 218 261 191 261 262 202 158 90 191 158 0 0 0 0 
0 0 0 0 0 0 270 270 270 270 270 270 262 270 270 270 264 270 270 270 262 270 265 270 262 261 261 261 262 218 261 218 261 261 202 261 218 158 202 0 0 0 0 0 0 0 0 
0 0 0 0 0 0 0 0 0 0 0 0 0 265 270 270 270 259 270 259 257 261 262 261 261 218 259 261 202 261 261 261 0 0 0 0 0 0 0 0 0 0 0 0 0 0 0 
