test/output/constant/M4100_S060_A000_WD090.0_WS020.0/M4100_S060_A000_WD090.0_WS020.0_arrival.asc
ncols         47
nrows         9
xllcorner     422003.990666
yllcorner     12748355.311160
cellsize      100.000000
NODATA_value  0.000000
0.000000 0.000000 0.000000 0.000000 0.000000 0.000000 0.000000 0.000000 0.000000 0.000000 0.000000 0.000000 0.000000 0.000000 0.000000 0.000000 0.000000 166.041667 166.041314 166.041314 166.041314 166.041314 166.041314 166.041667 0.000000 0.000000 0.000000 0.000000 0.000000 0.000000 0.000000 0.000000 0.000000 0.000000 0.000000 0.000000 0.000000 0.000000 0.000000 0.000000 0.000000 0.000000 0.000000 0.000000 0.000000 0.000000 0.000000 
0.000000 0.000000 0.000000 0.000000 0.000000 0.000000 166.041667 166.040955 166.040236 166.039518 166.038799 166.038081 166.037362 166.037003 166.036284 166.035566 166.034847 166.034129 166.033770 166.033051 166.032333 166.031973 166.031255 166.030536 166.030177 166.029818 166.029818 166.029459 166.029459 166.029818 166.030177 166.030177 166.030896 166.031614 166.032692 166.034129 166.035566 166.038081 166.041667 0.000000 0.000000 0.000000 0.000000 0.000000 0.000000 0.000000 0.000000 
0.000000 0.000000 166.041667 166.040955 166.040236 166.039158 166.038440 166.037362 166.036644 166.035925 166.034847 166.034129 166.033051 166.032333 166.031614 166.030896 166.029818 166.029099 166.028022 166.027303 166.026585 166.025866 166.025148 166.024429 166.023711 166.022992 166.022274 166.021555 166.020837 166.020477 166.019759 166.019040 166.018681 166.017963 166.017963 166.017963 166.017963 166.018322 166.019040 166.020118 166.021196 166.024070 166.027662 166.034847 0.000000 0.000000 0.000000 
166.041314 166.040595 166.039877 166.038799 166.038081 166.037003 166.036284 166.035207 166.034488 166.033410 166.032692 166.031614 166.030896 166.029818 166.029099 166.028381 166.027303 166.026585 166.025507 166.024788 166.023711 166.022992 166.021914 166.021196 166.020477 166.019400 166.018681 166.017603 166.016885 166.015807 166.015089 166.014370 166.013292 166.012574 166.011496 166.010778 166.010059 166.008981 166.008263 166.007544 166.006826 166.006467 166.006107 166.006107 166.007185 166.010778 166.031614 
166.040955 166.040236 166.039158 166.038440 166.037362 166.036644 166.035566 166.034847 166.033770 166.033051 166.031973 166.031255 166.030177 166.029459 166.028381 166.027662 166.026585 166.025866 166.024788 166.024070 166.022992 166.022274 166.021196 166.020477 166.019400 166.018681 166.017603 166.016885 166.015807 166.015089 166.014011 166.013292 166.012215 166.011496 166.010418 166.009700 166.008622 166.007904 166.006826 166.006107 166.005030 166.004311 166.003233 166.002515 166.001437 166.000719 166.000000 
166.041314 166.040595 166.039877 166.038799 166.038081 166.037003 166.036284 166.035207 166.034488 166.033410 166.032692 166.031614 166.030896 166.029818 166.029099 166.028381 166.027303 166.026585 166.025507 166.024788 166.023711 166.022992 166.021914 166.021196 166.020477 166.019400 166.018681 166.017603 166.016885 166.015807 166.015089 166.014370 166.013292 166.012574 166.011496 166.010778 166.010059 166.008981 166.008263 166.007544 166.006826 166.006467 166.006107 166.006107 166.007185 166.010778 166.031614 
0.000000 0.000000 166.041667 166.040955 166.040236 166.039158 166.038440 166.037362 166.036644 166.035925 166.034847 166.034129 166.033051 166.032333 166.031614 166.030896 166.029818 166.029099 166.028022 166.027303 166.026585 166.025866 166.025148 166.024429 166.023711 166.022992 166.022274 166.021555 166.020837 166.020477 166.019759 166.019040 166.018681 166.017963 166.017963 166.017963 166.017963 166.018322 166.019040 166.020118 166.021196 166.024070 166.027662 166.034847 0.000000 0.000000 0.000000 
0.000000 0.000000 0.000000 0.000000 0.000000 0.000000 166.041667 166.040955 166.040236 166.039518 166.038799 166.038081 166.037362 166.037003 166.036284 166.035566 166.034847 166.034129 166.033770 166.033051 166.032333 166.031973 166.031255 166.030536 166.030177 166.029818 166.029818 166.029459 166.029459 166.029818 166.030177 166.030177 166.030896 166.031614 166.032692 166.034129 166.035566 166.038081 166.041667 0.000000 0.000000 0.000000 0.000000 0.000000 0.000000 0.000000 0.000000 
0.000000 0.000000 0.000000 0.000000 0.000000 0.000000 0.000000 0.000000 0.000000 0.000000 0.000000 0.000000 0.000000 0.000000 0.000000 0.000000 0.000000 166.041667 166.041314 166.041314 166.041314 166.041314 166.041314 166.041667 0.000000 0.000000 0.000000 0.000000 0.000000 0.000000 0.000000 0.000000 0.000000 0.000000 0.000000 0.000000 0.000000 0.000000 0.000000 0.000000 0.000000 0.000000 0.000000 0.000000 0.000000 0.000000 0.000000 
