test/output/constant/M280_S060_A270_WD135.0_WS015.0/M280_S060_A270_WD135.0_WS015.0_arrival.asc
ncols         9
nrows         25
xllcorner     425903.990666
yllcorner     12748755.311160
cellsize      100.000000
NODATA_value  0.000000
166.040384 166.040384 166.041667 0.000000 0.000000 0.000000 0.000000 0.000000 0.000000 
166.039732 166.039081 166.039081 0.000000 0.000000 0.000000 0.000000 0.000000 0.000000 
166.038429 166.037127 166.037127 166.039732 0.000000 0.000000 0.000000 0.000000 0.000000 
166.037778 166.035173 166.035173 166.037127 0.000000 0.000000 0.000000 0.000000 0.000000 
166.037778 166.033870 166.033870 166.034521 166.039732 0.000000 0.000000 0.000000 0.000000 
166.037778 166.032567 166.031916 166.032567 166.036475 0.000000 0.000000 0.000000 0.000000 
166.037778 166.032567 166.029962 166.030613 166.033219 166.041035 0.000000 0.000000 0.000000 
166.038429 166.031916 166.028659 166.028659 166.030613 166.037127 0.000000 0.000000 0.000000 
166.039732 166.031916 166.027357 166.026705 166.028008 166.033219 0.000000 0.000000 0.000000 
166.041667 166.031916 166.026705 166.025403 166.025403 166.029962 166.040384 0.000000 0.000000 
0.000000 166.033219 166.026054 166.023448 166.023448 166.026705 166.036475 0.000000 0.000000 
0.000000 166.034521 166.026054 166.022146 166.021494 166.024100 166.031916 0.000000 0.000000 
0.000000 166.036475 166.026705 166.020843 166.020192 166.020843 166.028659 0.000000 0.000000 
0.000000 166.040384 166.027357 166.020192 166.018238 166.018889 166.024751 166.039081 0.000000 
0.000000 0.000000 166.029311 166.020192 166.016284 166.016935 166.020843 166.033870 0.000000 
0.000000 0.000000 166.033219 166.020843 166.014981 166.014981 166.017586 166.029962 0.000000 
0.000000 0.000000 166.039081 166.022146 166.014981 166.013027 166.014330 166.025403 0.000000 
0.000000 0.000000 0.000000 166.025403 166.014981 166.011724 166.011724 166.020843 0.000000 
0.000000 0.000000 0.000000 166.031265 166.015632 166.009770 166.009770 166.016284 0.000000 
0.000000 0.000000 0.000000 166.041667 166.017586 166.009119 166.007816 166.012376 0.000000 
0.000000 0.000000 0.000000 0.000000 166.024100 166.009119 166.006513 166.008468 0.000000 
0.000000 0.000000 0.000000 0.000000 166.035824 166.009770 166.004559 166.005211 166.041035 
0.000000 0.000000 0.000000 0.000000 0.000000 166.016935 166.003257 166.002605 166.039732 
0.000000 0.000000 0.000000 0.000000 0.000000 166.035824 166.003257 166.001303 166.041035 
0.000000 0.000000 0.000000 0.000000 0.000000 0.000000 166.013678 166.000000 0.000000 
