test/output/constant/M3M490_S060_A090_WD225.0_WS015.0/M3M490_S060_A090_WD225.0_WS015.0_ros.asc
ncols         16
nrows         36
xllcorner     426503.990666
yllcorner     12745355.311160
cellsize      100.000000
NODATA_value  0.000000
1.532870 1.664691 2.544417 0.000000 0.000000 0.000000 0.000000 0.000000 0.000000 0.000000 0.000000 0.000000 0.000000 0.000000 0.000000 0.000000 
1.532870 -1.000000 2.375498 3.582564 0.000000 0.000000 0.000000 0.000000 0.000000 0.000000 0.000000 0.000000 0.000000 0.000000 0.000000 0.000000 
11.861938 60.001633 56.955555 1.892515 2.544417 0.000000 0.000000 0.000000 0.000000 0.000000 0.000000 0.000000 0.000000 0.000000 0.000000 0.000000 
11.861938 60.001633 60.001633 42.764286 2.544417 1.892515 0.000000 0.000000 0.000000 0.000000 0.000000 0.000000 0.000000 0.000000 0.000000 0.000000 
11.861938 44.315056 60.001633 60.001633 1.892515 3.582564 1.892515 0.000000 0.000000 0.000000 0.000000 0.000000 0.000000 0.000000 0.000000 0.000000 
11.861938 39.696518 60.001633 60.001633 60.001633 42.764286 33.144489 0.000000 0.000000 0.000000 0.000000 0.000000 0.000000 0.000000 0.000000 0.000000 
24.926769 11.861938 60.001633 60.001633 60.001633 42.764286 1.892515 2.544417 0.000000 0.000000 0.000000 0.000000 0.000000 0.000000 0.000000 0.000000 
29.853981 44.315056 60.001633 60.001633 56.955555 42.764286 2.544417 42.764286 0.000000 0.000000 0.000000 0.000000 0.000000 0.000000 0.000000 0.000000 
29.853981 39.696518 15.795208 60.001633 60.001633 58.798725 42.764286 42.764286 42.764286 0.000000 0.000000 0.000000 0.000000 0.000000 0.000000 0.000000 
11.861938 29.853981 60.001633 60.001633 60.001633 60.001633 58.798725 42.764286 1.892515 0.000000 0.000000 0.000000 0.000000 0.000000 0.000000 0.000000 
11.861938 11.861938 8.507235 60.001633 60.001633 60.001633 59.814091 42.764286 1.892515 42.764286 0.000000 0.000000 0.000000 0.000000 0.000000 0.000000 
15.795208 8.507235 15.795208 60.001633 60.001633 59.966927 33.144489 60.001633 2.375498 38.052910 0.000000 0.000000 0.000000 0.000000 0.000000 0.000000 
0.000000 15.795208 11.861938 52.253033 59.248463 60.001633 60.001633 60.001633 58.798725 42.764286 42.764286 0.000000 0.000000 0.000000 0.000000 0.000000 
0.000000 15.795208 44.315056 55.332321 60.001633 60.001633 58.798725 60.001633 2.544417 42.764286 1.664691 0.000000 0.000000 0.000000 0.000000 0.000000 
0.000000 24.926769 20.193432 15.795208 60.001633 59.966927 60.001633 60.001633 60.001633 60.001633 1.892515 42.764286 0.000000 0.000000 0.000000 0.000000 
0.000000 24.926769 44.315056 44.315056 57.687881 52.253033 60.001633 60.001633 56.955555 60.001633 42.764286 42.764286 0.000000 0.000000 0.000000 0.000000 
0.000000 29.853981 15.795208 48.543190 44.315056 60.001633 60.001633 60.001633 56.955555 2.544417 42.764286 58.798725 47.135551 0.000000 0.000000 0.000000 
0.000000 0.000000 39.696518 60.001633 44.315056 60.001633 60.001633 60.001633 60.001633 59.814091 42.764286 59.814091 1.892515 0.000000 0.000000 0.000000 
0.000000 0.000000 44.315056 59.248463 44.315056 60.001633 60.001633 60.001633 60.001633 60.001633 47.135551 56.955555 1.892515 0.000000 0.000000 0.000000 
0.000000 0.000000 48.543190 57.687881 59.966927 52.253033 52.253033 60.001633 60.001633 60.001633 60.001633 58.798725 42.764286 42.764286 0.000000 0.000000 
0.000000 0.000000 0.000000 39.696518 11.861938 11.861938 57.687881 60.001633 60.001633 60.001633 60.001633 60.001633 60.001633 42.764286 0.000000 0.000000 
0.000000 0.000000 0.000000 11.861938 20.193432 15.795208 60.001633 60.001633 60.001633 60.001633 60.001633 60.001633 60.001633 58.798725 0.000000 0.000000 
0.000000 0.000000 0.000000 0.000000 34.827164 57.687881 57.687881 55.332321 60.001633 59.814091 60.001633 60.001633 60.001633 56.955555 0.000000 0.000000 
0.000000 0.000000 0.000000 0.000000 39.696518 55.332321 60.001633 60.001633 60.001633 60.001633 60.001633 60.001633 60.001633 58.798725 60.001633 0.000000 
0.000000 0.000000 0.000000 0.000000 39.696518 15.795208 59.248463 60.001633 59.248463 60.001633 60.001633 60.001633 60.001633 60.001633 42.764286 0.000000 
0.000000 0.000000 0.000000 0.000000 0.000000 44.315056 60.001633 57.687881 20.193432 60.001633 60.001633 60.001633 60.001633 56.955555 60.001633 0.000000 
0.000000 0.000000 0.000000 0.000000 0.000000 48.543190 48.543190 60.001633 60.001633 60.001633 60.001633 60.001633 60.001633 60.001633 60.001633 0.000000 
0.000000 0.000000 0.000000 0.000000 0.000000 0.000000 44.315056 60.001633 60.001633 48.543190 60.001633 60.001633 60.001633 60.001633 60.001633 0.000000 
0.000000 0.000000 0.000000 0.000000 0.000000 0.000000 44.315056 44.315056 60.001633 60.001633 60.001633 60.001633 60.001633 60.001633 60.001633 0.000000 
0.000000 0.000000 0.000000 0.000000 0.000000 0.000000 0.000000 39.696518 60.001633 39.696518 60.001633 60.001633 54.340740 60.001633 60.001633 58.798725 
0.000000 0.000000 0.000000 0.000000 0.000000 0.000000 0.000000 0.000000 60.001633 48.543190 8.507235 60.001633 60.001633 56.955555 59.814091 60.001633 
0.000000 0.000000 0.000000 0.000000 0.000000 0.000000 0.000000 0.000000 20.193432 59.248463 57.687881 60.001633 60.001633 59.814091 60.001633 58.798725 
0.000000 0.000000 0.000000 0.000000 0.000000 0.000000 0.000000 0.000000 0.000000 57.687881 20.193432 60.001633 60.001633 60.001633 60.001633 60.001633 
0.000000 0.000000 0.000000 0.000000 0.000000 0.000000 0.000000 0.000000 0.000000 0.000000 44.315056 60.001633 60.001633 60.001633 60.001633 0.000000 
0.000000 0.000000 0.000000 0.000000 0.000000 0.000000 0.000000 0.000000 0.000000 0.000000 0.000000 60.001633 60.001633 60.001633 60.001633 0.000000 
0.000000 0.000000 0.000000 0.000000 0.000000 0.000000 0.000000 0.000000 0.000000 0.000000 0.000000 0.000000 60.001633 60.001633 60.001633 0.000000 
