test/output/constant/M3M490_S060_A090_WD225.0_WS015.0/M3M490_S060_A090_WD225.0_WS015.0_intensity.asc
ncols         16
nrows         36
xllcorner     426503.990666
yllcorner     12745355.311160
cellsize      100.000000
NODATA_value  0.000000
1370 1488 2275 0 0 0 0 0 0 0 0 0 0 0 0 0 
1370 0 2124 3203 0 0 0 0 0 0 0 0 0 0 0 0 
10606 53651 50928 1692 2275 0 0 0 0 0 0 0 0 0 0 0 
10606 53651 53651 38238 2275 1692 0 0 0 0 0 0 0 0 0 0 
10606 39625 53651 53651 1692 3203 1692 0 0 0 0 0 0 0 0 0 
10606 35495 53651 53651 53651 38238 29636 0 0 0 0 0 0 0 0 0 
22288 10606 53651 53651 53651 38238 1692 2275 0 0 0 0 0 0 0 0 
26694 39625 53651 53651 50928 38238 2275 38238 0 0 0 0 0 0 0 0 
26694 35495 14123 53651 53651 52576 38238 38238 38238 0 0 0 0 0 0 0 
10606 26694 53651 53651 53651 53651 52576 38238 1692 0 0 0 0 0 0 0 
10606 10606 7606 53651 53651 53651 53484 38238 1692 38238 0 0 0 0 0 0 
14123 7606 14123 53651 53651 53620 29636 53651 2124 34025 0 0 0 0 0 0 
0 14123 10606 46723 52978 53651 53651 53651 52576 38238 38238 0 0 0 0 0 
0 14123 39625 49476 53651 53651 52576 53651 2275 38238 1488 0 0 0 0 0 
0 22288 18056 14123 53651 53620 53651 53651 53651 53651 1692 38238 0 0 0 0 
0 22288 39625 39625 51582 46723 53651 53651 50928 53651 38238 38238 0 0 0 0 
0 26694 14123 43406 39625 53651 53651 53651 50928 2275 38238 52576 42147 0 0 0 
0 0 35495 53651 39625 53651 53651 53651 53651 53484 38238 53484 1692 0 0 0 
0 0 39625 52978 39625 53651 53651 53651 53651 53651 42147 50928 1692 0 0 0 
0 0 43406 51582 53620 46723 46723 53651 53651 53651 53651 52576 38238 38238 0 0 
0 0 0 35495 10606 10606 51582 53651 53651 53651 53651 53651 53651 38238 0 0 
0 0 0 10606 18056 14123 53651 53651 53651 53651 53651 53651 53651 52576 0 0 
0 0 0 0 31141 51582 51582 49476 53651 53484 53651 53651 53651 50928 0 0 
0 0 0 0 35495 49476 53651 53651 53651 53651 53651 53651 53651 52576 53651 0 
0 0 0 0 35495 14123 52978 53651 52978 53651 53651 53651 53651 53651 38238 0 
0 0 0 0 0 39625 53651 51582 18056 53651 53651 53651 53651 50928 53651 0 
0 0 0 0 0 43406 43406 53651 53651 53651 53651 53651 53651 53651 53651 0 
0 0 0 0 0 0 39625 53651 53651 43406 53651 53651 53651 53651 53651 0 
0 0 0 0 0 0 39625 39625 53651 53651 53651 53651 53651 53651 53651 0 
0 0 0 0 0 0 0 35495 53651 35495 53651 53651 48590 53651 53651 52576 
0 0 0 0 0 0 0 0 53651 43406 7606 53651 53651 50928 53484 53651 
0 0 0 0 0 0 0 0 18056 52978 51582 53651 53651 53484 53651 52576 
0 0 0 0 0 0 0 0 0 51582 18056 53651 53651 53651 53651 53651 
0 0 0 0 0 0 0 0 0 0 39625 53651 53651 53651 53651 0 
0 0 0 0 0 0 0 0 0 0 0 53651 53651 53651 53651 0 
0 0 0 0 0 0 0 0 0 0 0 0 53651 53651 53651 0 
