test/output/constant/M3M490_S060_A090_WD225.0_WS015.0/M3M490_S060_A090_WD225.0_WS015.0_raz.asc
ncols         16
nrows         36
xllcorner     426503.990666
yllcorner     12745355.311160
cellsize      100.000000
NODATA_value  0.000000
314 4 79 0 0 0 0 0 0 0 0 0 0 0 0 0 
314 254 74 96 0 0 0 0 0 0 0 0 0 0 0 0 
191 159 156 50 79 0 0 0 0 0 0 0 0 0 0 0 
191 159 159 150 79 50 0 0 0 0 0 0 0 0 0 0 
191 168 159 159 50 96 50 0 0 0 0 0 0 0 0 0 
191 170 159 159 159 150 146 0 0 0 0 0 0 0 0 0 
178 191 159 159 159 150 50 79 0 0 0 0 0 0 0 0 
175 168 159 159 156 150 79 150 0 0 0 0 0 0 0 0 
175 170 185 159 159 157 150 150 150 0 0 0 0 0 0 0 
191 175 159 159 159 159 157 150 50 0 0 0 0 0 0 0 
191 191 198 159 159 159 159 150 50 150 0 0 0 0 0 0 
185 198 185 159 159 160 146 159 74 148 0 0 0 0 0 0 
0 185 191 165 161 159 159 159 157 150 150 0 0 0 0 0 
0 185 168 164 159 159 157 159 79 150 4 0 0 0 0 0 
0 178 181 185 159 160 159 159 159 159 50 150 0 0 0 0 
0 178 168 168 162 165 159 159 156 159 150 150 0 0 0 0 
0 175 185 167 168 159 159 159 156 79 150 157 152 0 0 0 
0 0 170 159 168 159 159 159 159 159 150 159 50 0 0 0 
0 0 168 161 168 159 159 159 159 159 152 156 50 0 0 0 
0 0 167 162 160 165 165 159 159 159 159 157 150 150 0 0 
0 0 0 170 191 191 162 159 159 159 159 159 159 150 0 0 
0 0 0 191 181 185 159 159 159 159 159 159 159 157 0 0 
0 0 0 0 172 162 162 164 159 159 159 159 159 156 0 0 
0 0 0 0 170 164 159 159 159 159 159 159 159 157 159 0 
0 0 0 0 170 185 161 159 161 159 159 159 159 159 150 0 
0 0 0 0 0 168 159 162 181 159 159 159 159 156 159 0 
0 0 0 0 0 167 167 159 159 159 159 159 159 159 159 0 
0 0 0 0 0 0 168 159 159 167 159 159 159 159 159 0 
0 0 0 0 0 0 168 168 159 159 159 159 159 159 159 0 
0 0 0 0 0 0 0 170 159 170 159 159 155 159 159 157 
0 0 0 0 0 0 0 0 159 167 198 159 159 156 159 159 
0 0 0 0 0 0 0 0 181 161 162 159 159 159 159 157 
0 0 0 0 0 0 0 0 0 162 181 159 159 159 159 159 
0 0 0 0 0 0 0 0 0 0 168 159 159 159 159 0 
0 0 0 0 0 0 0 0 0 0 0 159 159 159 159 0 
0 0 0 0 0 0 0 0 0 0 0 0 159 159 159 0 
