test/output/constant/M3M480_S060_A180_WD315.0_WS015.0/M3M480_S060_A180_WD315.0_WS015.0_ros.asc
ncols         50
nrows         14
xllcorner     426603.990666
yllcorner     12747555.311160
cellsize      100.000000
NODATA_value  0.000000
0.495367 11.967994 11.967994 11.967994 17.271166 36.977039 29.968102 36.977039 17.271166 23.332409 36.977039 36.977039 29.968102 0.000000 0.000000 0.000000 0.000000 0.000000 0.000000 0.000000 0.000000 0.000000 0.000000 0.000000 0.000000 0.000000 0.000000 0.000000 0.000000 0.000000 0.000000 0.000000 0.000000 0.000000 0.000000 0.000000 0.000000 0.000000 0.000000 0.000000 0.000000 0.000000 0.000000 0.000000 0.000000 0.000000 0.000000 0.000000 0.000000 0.000000 
-1.000000 83.450340 83.450340 83.450340 81.565216 23.332409 58.098843 58.098843 23.332409 11.967994 51.259155 17.271166 64.458000 36.977039 44.146584 29.968102 36.977039 17.271166 36.977039 36.977039 7.649545 29.968102 0.000000 0.000000 0.000000 0.000000 0.000000 0.000000 0.000000 0.000000 0.000000 0.000000 0.000000 0.000000 0.000000 0.000000 0.000000 0.000000 0.000000 0.000000 0.000000 0.000000 0.000000 0.000000 0.000000 0.000000 0.000000 0.000000 0.000000 0.000000 
43.150463 57.164406 83.450340 83.450340 83.450340 83.450340 83.450340 83.450340 83.450340 83.450340 83.450340 23.332409 29.968102 78.829002 17.271166 64.458000 70.143547 11.967994 29.968102 23.332409 64.458000 58.098843 23.332409 64.458000 51.259155 23.332409 58.098843 0.000000 0.000000 0.000000 0.000000 0.000000 0.000000 0.000000 0.000000 0.000000 0.000000 0.000000 0.000000 0.000000 0.000000 0.000000 0.000000 0.000000 0.000000 0.000000 0.000000 0.000000 0.000000 0.000000 
0.000000 1.030323 50.278042 57.164406 81.248894 83.450340 83.450340 81.248894 83.450340 83.450340 83.450340 78.829002 81.565216 83.450340 83.450340 70.143547 83.450340 78.829002 83.450340 17.271166 83.382812 17.271166 70.143547 17.271166 58.098843 74.982857 11.967994 17.271166 58.098843 64.458000 70.143547 0.000000 0.000000 0.000000 0.000000 0.000000 0.000000 0.000000 0.000000 0.000000 0.000000 0.000000 0.000000 0.000000 0.000000 0.000000 0.000000 0.000000 0.000000 0.000000 
0.000000 0.000000 0.000000 50.278042 50.278042 57.164406 63.600132 83.450340 83.450340 83.450340 83.450340 83.450340 83.450340 83.450340 83.450340 83.450340 83.450340 78.829002 83.450340 83.450340 64.458000 64.458000 11.967994 83.450340 17.271166 81.565216 83.450340 81.565216 74.982857 83.382812 58.098843 74.982857 23.332409 23.332409 70.143547 0.000000 0.000000 0.000000 0.000000 0.000000 0.000000 0.000000 0.000000 0.000000 0.000000 0.000000 0.000000 0.000000 0.000000 0.000000 
0.000000 0.000000 0.000000 0.000000 0.000000 57.164406 57.164406 57.164406 57.164406 57.164406 57.164406 83.450340 74.356537 83.450340 83.450340 83.450340 83.450340 83.450340 83.450340 83.450340 83.450340 83.450340 83.450340 83.450340 83.450340 83.450340 83.450340 83.450340 70.143547 83.450340 11.967994 83.450340 29.968102 78.829002 78.829002 11.967994 83.450340 74.982857 0.000000 0.000000 0.000000 0.000000 0.000000 0.000000 0.000000 0.000000 0.000000 0.000000 0.000000 0.000000 
0.000000 0.000000 0.000000 0.000000 0.000000 0.000000 0.000000 0.000000 2.114046 57.164406 57.164406 57.164406 57.164406 83.450340 57.164406 83.450340 78.350143 83.450340 83.450340 83.450340 83.450340 83.450340 83.450340 83.450340 83.450340 83.450340 83.450340 78.829002 83.450340 83.450340 74.982857 51.259155 83.450340 83.450340 81.565216 83.450340 83.382812 83.450340 78.829002 83.450340 83.450340 0.000000 0.000000 0.000000 0.000000 0.000000 0.000000 0.000000 0.000000 0.000000 
0.000000 0.000000 0.000000 0.000000 0.000000 0.000000 0.000000 0.000000 0.000000 0.000000 57.164406 57.164406 63.600132 57.164406 57.164406 57.164406 57.164406 83.450340 83.450340 78.350143 83.450340 82.964607 83.450340 83.450340 83.450340 83.450340 83.450340 83.450340 83.450340 83.450340 83.450340 83.450340 78.829002 83.450340 83.450340 74.982857 83.450340 11.967994 29.968102 83.450340 83.450340 78.829002 83.450340 17.271166 0.000000 0.000000 0.000000 0.000000 0.000000 0.000000 
0.000000 0.000000 0.000000 0.000000 0.000000 0.000000 0.000000 0.000000 0.000000 0.000000 0.000000 0.000000 0.000000 57.164406 57.164406 63.600132 57.164406 57.164406 81.248894 82.964607 83.450340 83.450340 81.248894 81.248894 83.450340 83.450340 83.450340 83.450340 83.450340 83.450340 83.450340 74.356537 83.450340 83.450340 83.450340 83.450340 74.982857 81.565216 83.450340 83.450340 78.829002 83.450340 29.968102 83.450340 78.829002 23.332409 0.000000 0.000000 0.000000 0.000000 
0.000000 0.000000 0.000000 0.000000 0.000000 0.000000 0.000000 0.000000 0.000000 0.000000 0.000000 0.000000 0.000000 0.000000 0.000000 0.000000 0.000000 63.600132 57.164406 63.600132 63.600132 57.164406 57.164406 83.450340 83.450340 81.248894 83.450340 83.450340 83.450340 83.450340 83.450340 83.450340 83.450340 83.450340 83.450340 83.450340 83.450340 83.450340 83.450340 83.450340 83.450340 17.271166 74.982857 83.450340 83.450340 83.450340 83.450340 83.450340 0.000000 0.000000 
0.000000 0.000000 0.000000 0.000000 0.000000 0.000000 0.000000 0.000000 0.000000 0.000000 0.000000 0.000000 0.000000 0.000000 0.000000 0.000000 0.000000 0.000000 0.000000 0.000000 0.000000 57.164406 57.164406 57.164406 83.310699 63.600132 83.450340 83.450340 83.450340 78.350143 78.350143 83.450340 83.450340 83.450340 83.450340 81.248894 83.450340 83.450340 83.450340 83.450340 83.450340 83.450340 83.450340 83.450340 83.450340 83.450340 83.450340 78.829002 83.450340 0.000000 
0.000000 0.000000 0.000000 0.000000 0.000000 0.000000 0.000000 0.000000 0.000000 0.000000 0.000000 0.000000 0.000000 0.000000 0.000000 0.000000 0.000000 0.000000 0.000000 0.000000 0.000000 0.000000 0.000000 0.000000 0.000000 57.164406 57.164406 57.164406 81.248894 82.964607 83.450340 81.248894 83.450340 83.450340 83.450340 83.450340 83.450340 83.450340 83.450340 83.450340 83.450340 83.450340 83.450340 83.450340 83.450340 83.450340 83.450340 83.450340 83.450340 83.450340 
0.000000 0.000000 0.000000 0.000000 0.000000 0.000000 0.000000 0.000000 0.000000 0.000000 0.000000 0.000000 0.000000 0.000000 0.000000 0.000000 0.000000 0.000000 0.000000 0.000000 0.000000 0.000000 0.000000 0.000000 0.000000 0.000000 0.000000 0.000000 0.000000 0.000000 81.248894 57.164406 83.450340 83.450340 83.450340 82.964607 82.964607 83.450340 83.450340 83.450340 83.450340 83.310699 83.450340 83.450340 74.356537 83.450340 83.450340 83.450340 83.450340 83.450340 
0.000000 0.000000 0.000000 0.000000 0.000000 0.000000 0.000000 0.000000 0.000000 0.000000 0.000000 0.000000 0.000000 0.000000 0.000000 0.000000 0.000000 0.000000 0.000000 0.000000 0.000000 0.000000 0.000000 0.000000 0.000000 0.000000 0.000000 0.000000 0.000000 0.000000 0.000000 0.000000 0.000000 0.000000 0.000000 0.000000 0.000000 0.000000 81.248894 81.248894 69.389526 82.964607 83.450340 83.450340 83.450340 83.450340 83.450340 83.450340 0.000000 0.000000 
