test/output/constant/M3M495_S060_A270_WD135.0_WS005.0/M3M495_S060_A270_WD135.0_WS005.0_ros.asc
ncols         12
nrows         56
xllcorner     425803.990666
yllcorner     12748755.311160
cellsize      100.000000
NODATA_value  0.000000
0.000000 0.000000 0.000000 92.589554 92.589554 77.386810 0.000000 0.000000 0.000000 0.000000 0.000000 0.000000 
0.000000 0.000000 92.589554 92.589554 92.589554 77.386810 0.000000 0.000000 0.000000 0.000000 0.000000 0.000000 
0.000000 0.000000 92.589554 92.589554 77.386810 90.295341 77.386810 0.000000 0.000000 0.000000 0.000000 0.000000 
0.000000 0.000000 92.589554 92.589554 92.589554 82.817345 71.037567 0.000000 0.000000 0.000000 0.000000 0.000000 
0.000000 92.589554 92.589554 92.589554 92.589554 92.589554 71.037567 77.386810 0.000000 0.000000 0.000000 0.000000 
0.000000 92.041031 92.589554 92.589554 92.589554 56.376526 82.817345 82.817345 0.000000 0.000000 0.000000 0.000000 
0.000000 92.589554 92.589554 92.589554 82.817345 77.386810 77.386810 77.386810 0.000000 0.000000 0.000000 0.000000 
0.000000 92.589554 92.041031 92.589554 92.589554 87.164192 77.386810 71.037567 71.037567 0.000000 0.000000 0.000000 
0.000000 92.589554 77.014458 92.589554 92.589554 92.589554 71.037567 71.037567 77.386810 0.000000 0.000000 0.000000 
0.000000 92.442856 92.589554 92.589554 92.589554 92.589554 82.817345 71.037567 77.386810 0.000000 0.000000 0.000000 
0.000000 92.589554 92.589554 86.925652 92.589554 71.037567 71.037567 77.386810 71.037567 0.000000 0.000000 0.000000 
92.442856 82.506950 92.589554 90.136223 92.589554 92.589554 32.893394 77.386810 71.037567 77.386810 0.000000 0.000000 
92.589554 92.589554 92.589554 92.589554 92.589554 92.589554 77.386810 82.817345 71.037567 71.037567 0.000000 0.000000 
92.589554 92.589554 92.589554 86.925652 92.589554 92.589554 82.817345 71.037567 77.386810 77.386810 0.000000 0.000000 
86.925652 92.589554 92.589554 92.589554 92.589554 63.962494 71.037567 71.037567 71.037567 77.386810 0.000000 0.000000 
92.589554 92.589554 92.589554 92.589554 92.589554 92.589554 77.386810 71.037567 71.037567 71.037567 0.000000 0.000000 
92.589554 92.041031 82.506950 92.589554 92.589554 92.589554 77.386810 82.817345 71.037567 71.037567 71.037567 0.000000 
82.506950 92.589554 92.589554 92.589554 92.589554 92.589554 92.115685 71.037567 82.817345 71.037567 71.037567 0.000000 
92.589554 92.589554 92.589554 82.506950 92.589554 92.589554 82.817345 56.376526 71.037567 77.386810 71.037567 0.000000 
92.589554 86.925652 86.925652 92.589554 92.589554 92.589554 77.386810 82.817345 71.037567 77.386810 63.962494 0.000000 
92.589554 92.589554 92.589554 92.589554 92.589554 92.589554 71.037567 77.386810 63.962494 71.037567 63.962494 0.000000 
92.589554 70.615158 90.136223 92.589554 92.589554 92.589554 77.386810 77.386810 63.962494 63.962494 63.962494 0.000000 
63.503597 90.136223 92.589554 86.925652 92.589554 92.589554 92.589554 77.386810 63.962494 71.037567 71.037567 0.000000 
4.804014 92.589554 92.589554 92.589554 92.589554 92.589554 92.589554 40.602325 63.962494 71.037567 56.376526 0.000000 
63.503597 92.589554 86.925652 90.136223 92.589554 92.589554 92.589554 32.893394 56.376526 71.037567 40.602325 0.000000 
0.000000 92.589554 92.589554 92.589554 92.589554 92.589554 92.589554 77.386810 32.893394 56.376526 32.893394 63.962494 
0.000000 63.503597 77.014458 92.589554 92.589554 92.589554 92.589554 77.386810 77.386810 56.376526 71.037567 48.510132 
0.000000 70.615158 92.041031 92.589554 92.589554 92.589554 71.037567 77.386810 48.510132 48.510132 77.386810 56.376526 
0.000000 63.503597 92.589554 92.589554 86.925652 92.589554 92.589554 77.386810 82.817345 48.510132 71.037567 48.510132 
0.000000 63.503597 92.589554 86.925652 92.589554 92.589554 92.589554 71.037567 77.386810 40.602325 71.037567 32.893394 
0.000000 4.804014 92.589554 92.589554 92.589554 92.589554 92.589554 77.386810 77.386810 48.510132 71.037567 71.037567 
0.000000 4.804014 63.503597 86.925652 82.506950 92.589554 92.589554 77.386810 77.386810 40.602325 40.602325 71.037567 
0.000000 63.503597 4.804014 92.589554 92.589554 90.136223 92.589554 92.589554 77.386810 71.037567 56.376526 32.893394 
0.000000 63.503597 2.545903 92.589554 92.589554 92.589554 92.589554 77.386810 77.386810 48.510132 71.037567 40.602325 
0.000000 0.000000 8.291405 92.589554 86.925652 90.136223 92.589554 82.817345 71.037567 48.510132 32.893394 71.037567 
0.000000 0.000000 4.804014 77.014458 92.589554 92.589554 92.589554 92.115685 77.386810 32.893394 56.376526 48.510132 
0.000000 0.000000 63.503597 70.615158 90.136223 92.589554 92.589554 92.589554 77.386810 77.386810 63.962494 48.510132 
0.000000 0.000000 63.503597 63.503597 92.589554 92.589554 92.589554 77.386810 77.386810 77.386810 56.376526 40.602325 
0.000000 0.000000 2.545903 70.615158 92.589554 92.589554 92.589554 77.386810 71.037567 77.386810 48.510132 40.602325 
0.000000 0.000000 2.545903 2.545903 92.589554 82.506950 92.589554 71.037567 77.386810 77.386810 48.510132 56.376526 
0.000000 0.000000 55.896004 63.503597 63.503597 92.589554 92.589554 92.589554 77.386810 77.386810 25.617630 56.376526 
0.000000 0.000000 0.000000 63.503597 4.804014 92.442856 92.589554 92.589554 71.037567 77.386810 63.962494 48.510132 
0.000000 0.000000 0.000000 63.503597 63.503597 92.589554 92.589554 92.589554 77.386810 77.386810 63.962494 56.376526 
0.000000 0.000000 0.000000 4.804014 4.804014 92.589554 92.589554 92.589554 71.037567 77.386810 56.376526 48.510132 
0.000000 0.000000 0.000000 2.545903 70.615158 82.506950 92.041031 92.589554 77.386810 71.037567 71.037567 40.602325 
0.000000 0.000000 0.000000 70.615158 2.545903 63.503597 92.589554 92.589554 77.386810 71.037567 40.602325 48.510132 
0.000000 0.000000 0.000000 0.000000 1.763731 63.503597 92.442856 92.589554 77.386810 77.386810 40.602325 48.510132 
0.000000 0.000000 0.000000 0.000000 63.503597 1.763731 92.589554 92.589554 92.589554 63.962494 32.893394 48.510132 
0.000000 0.000000 0.000000 0.000000 2.545903 4.804014 92.589554 92.589554 82.817345 63.962494 48.510132 0.000000 
0.000000 0.000000 0.000000 0.000000 55.896004 55.896004 63.503597 92.589554 90.295341 63.962494 32.893394 0.000000 
0.000000 0.000000 0.000000 0.000000 0.000000 2.545903 2.545903 92.589554 90.295341 40.602325 32.893394 0.000000 
0.000000 0.000000 0.000000 0.000000 0.000000 63.503597 70.615158 82.506950 92.589554 56.376526 63.962494 0.000000 
0.000000 0.000000 0.000000 0.000000 0.000000 48.023712 1.763731 92.589554 92.589554 25.617630 63.962494 0.000000 
0.000000 0.000000 0.000000 0.000000 0.000000 0.000000 1.284113 63.503597 92.589554 32.893394 40.602325 0.000000 
0.000000 0.000000 0.000000 0.000000 0.000000 0.000000 1.284113 63.503597 92.589554 1.284113 0.000000 0.000000 
0.000000 0.000000 0.000000 0.000000 0.000000 0.000000 0.000000 1.284113 -1.000000 1.284113 0.000000 0.000000 
