test/output/constant/C3_S000_A180_WD180.0_WS045.0/C3_S000_A180_WD180.0_WS045.0_arrival.asc
ncols         7
nrows         36
xllcorner     426303.990666
yllcorner     12748755.311160
cellsize      100.000000
NODATA_value  0.000000
0.000000 0.000000 166.041667 166.041318 166.041667 0.000000 0.000000 
0.000000 0.000000 166.040843 166.039894 166.040843 0.000000 0.000000 
0.000000 0.000000 166.039419 166.038944 166.039419 0.000000 0.000000 
0.000000 166.040843 166.038469 166.037519 166.038469 166.040843 0.000000 
0.000000 166.039894 166.037044 166.036569 166.037044 166.039894 0.000000 
0.000000 166.038469 166.036094 166.035144 166.036094 166.038469 0.000000 
0.000000 166.037519 166.034669 166.034194 166.034669 166.037519 0.000000 
0.000000 166.036569 166.033720 166.032770 166.033720 166.036569 0.000000 
166.041318 166.035619 166.032295 166.031820 166.032295 166.035619 166.041318 
166.040368 166.034194 166.031345 166.030395 166.031345 166.034194 166.040368 
166.039894 166.033245 166.030395 166.029445 166.030395 166.033245 166.039894 
166.038944 166.032295 166.028970 166.028020 166.028970 166.032295 166.038944 
166.037994 166.031345 166.028020 166.027071 166.028020 166.031345 166.037994 
166.037519 166.029920 166.026596 166.025646 166.026596 166.029920 166.037519 
166.036569 166.028970 166.025646 166.024696 166.025646 166.028970 166.036569 
166.035619 166.028020 166.024221 166.023271 166.024221 166.028020 166.035619 
166.035144 166.027071 166.023271 166.022321 166.023271 166.027071 166.035144 
166.034669 166.026121 166.021846 166.020897 166.021846 166.026121 166.034669 
166.034669 166.025646 166.020897 166.019947 166.020897 166.025646 166.034669 
166.034669 166.024696 166.019472 166.018522 166.019472 166.024696 166.034669 
166.035144 166.023746 166.018522 166.017572 166.018522 166.023746 166.035144 
166.035619 166.022796 166.017572 166.016147 166.017572 166.022796 166.035619 
166.035619 166.022321 166.016147 166.015198 166.016147 166.022321 166.035619 
166.036569 166.021372 166.015198 166.013773 166.015198 166.021372 166.036569 
166.037044 166.020897 166.013773 166.012823 166.013773 166.020897 166.037044 
166.038944 166.020897 166.012823 166.011398 166.012823 166.020897 166.038944 
166.040843 166.020897 166.011873 166.010448 166.011873 166.020897 166.040843 
0.000000 166.021372 166.010448 166.009024 166.010448 166.021372 0.000000 
0.000000 166.022321 166.009498 166.008074 166.009498 166.022321 0.000000 
0.000000 166.023271 166.008549 166.006649 166.008549 166.023271 0.000000 
0.000000 166.025646 166.008074 166.005699 166.008074 166.025646 0.000000 
0.000000 166.029445 166.007124 166.004274 166.007124 166.029445 0.000000 
0.000000 166.035144 166.007124 166.003324 166.007124 166.035144 0.000000 
0.000000 0.000000 166.007599 166.001900 166.007599 0.000000 0.000000 
0.000000 0.000000 166.010923 166.000950 166.010923 0.000000 0.000000 
0.000000 0.000000 166.033720 166.000000 166.033720 0.000000 0.000000 
