test/output/constant/M390_S060_A090_WD225.0_WS045.0/M390_S060_A090_WD225.0_WS045.0_intensity.asc
ncols         37
nrows         13
xllcorner     426503.990666
yllcorner     12747755.311160
cellsize      100.000000
NODATA_value  0.000000
0 0 0 8852 12028 12028 19776 12028 0 0 0 0 0 0 0 0 0 0 0 0 0 0 0 0 0 0 0 0 0 0 0 0 0 0 0 0 0 
1752 2188 8852 15705 12028 33105 24121 33105 33105 45304 8852 33105 12028 19776 24121 33105 0 0 0 0 0 0 0 0 0 0 0 0 0 0 0 0 0 0 0 0 0 
1180 0 54781 54781 54781 8852 54781 45304 15705 41581 12028 28609 51159 12028 24121 28609 33105 19776 24121 33105 33105 8852 0 0 0 0 0 0 0 0 0 0 0 0 0 0 0 
2188 3149 54722 54781 54781 54781 54781 54781 24121 54781 54781 53114 41581 41581 54781 37473 15705 54781 41581 12028 53114 12028 53114 19776 33105 0 0 0 0 0 0 0 0 0 0 0 0 
0 1180 2606 45939 45939 54475 54781 54781 54781 54781 54781 54781 24121 54781 54781 53114 24121 54781 19776 41581 24121 24121 19776 53114 48529 54781 37473 19776 0 0 0 0 0 0 0 0 0 
0 0 2606 33928 38256 42301 45939 54781 54781 54781 54781 54781 54781 54781 54781 54781 54781 54781 54781 54781 19776 54781 51159 24121 54651 53114 48529 51159 48529 41581 0 0 0 0 0 0 0 
0 0 0 0 1664 42301 45939 45939 45939 45939 49061 54781 54781 54781 54781 54781 54781 54781 54781 54781 24121 54781 54781 53114 54781 53114 15705 15705 54781 53114 19776 24121 0 0 0 0 0 
0 0 0 0 0 0 3149 38256 45939 45939 49061 54722 54722 54781 54781 54781 54781 54781 54781 54781 54781 54781 53114 24121 54781 54781 54781 12028 24121 54781 54334 54781 54781 45304 0 0 0 
0 0 0 0 0 0 0 0 42301 42301 45939 42301 45939 45939 54781 51572 54781 54781 51572 54781 54781 54781 54781 54781 54781 54781 54781 24121 54781 54781 54781 19776 54781 53114 15705 54781 0 
0 0 0 0 0 0 0 0 0 0 0 45939 42301 45939 45939 45939 54722 49061 54781 54781 54781 54781 54781 54781 54781 54781 54781 54781 54781 54781 54781 24121 54781 54781 54781 54781 54781 
0 0 0 0 0 0 0 0 0 0 0 0 0 0 42301 45939 45939 49061 45939 53395 54475 54781 54781 54475 54781 54781 54781 54781 54781 54781 54781 54781 54781 54781 54781 24121 54781 
0 0 0 0 0 0 0 0 0 0 0 0 0 0 0 0 0 45939 45939 45939 45939 53395 54781 53395 54781 54722 54781 54781 54781 54781 54781 54781 54781 54781 54781 54781 54781 
0 0 0 0 0 0 0 0 0 0 0 0 0 0 0 0 0 0 0 0 0 51572 51572 45939 42301 51572 51572 54781 54475 54781 54781 54781 54781 54781 54781 54781 54781 
