test/output/constant/M390_S060_A090_WD225.0_WS045.0/M390_S060_A090_WD225.0_WS045.0_arrival.asc
ncols         37
nrows         13
xllcorner     426503.990666
yllcorner     12747755.311160
cellsize      100.000000
NODATA_value  0.000000
0.000000 0.000000 0.000000 166.039710 166.038916 166.038916 166.039710 166.040901 0.000000 0.000000 0.000000 0.000000 0.000000 0.000000 0.000000 0.000000 0.000000 0.000000 0.000000 0.000000 0.000000 0.000000 0.000000 0.000000 0.000000 0.000000 0.000000 0.000000 0.000000 0.000000 0.000000 0.000000 0.000000 0.000000 0.000000 0.000000 0.000000 
166.036136 166.015090 166.013501 166.014296 166.015487 166.017472 166.019458 166.021443 166.023826 166.026209 166.028591 166.030577 166.032959 166.035342 166.037725 166.039710 0.000000 0.000000 0.000000 0.000000 0.000000 0.000000 0.000000 0.000000 0.000000 0.000000 0.000000 0.000000 0.000000 0.000000 0.000000 0.000000 0.000000 0.000000 0.000000 0.000000 0.000000 
166.027400 166.000000 166.000794 166.001986 166.003177 166.005162 166.007148 166.009133 166.011516 166.013501 166.015884 166.017870 166.020252 166.022635 166.025017 166.027003 166.029385 166.031768 166.034151 166.036136 166.038519 166.040901 0.000000 0.000000 0.000000 0.000000 0.000000 0.000000 0.000000 0.000000 0.000000 0.000000 0.000000 0.000000 0.000000 0.000000 0.000000 
166.033754 166.005162 166.002383 166.002383 166.003177 166.004368 166.005559 166.006751 166.007942 166.009530 166.011119 166.012707 166.014693 166.016678 166.018664 166.020649 166.023032 166.025017 166.027003 166.029385 166.031371 166.033754 166.035739 166.038122 166.040107 0.000000 0.000000 0.000000 0.000000 0.000000 0.000000 0.000000 0.000000 0.000000 0.000000 0.000000 0.000000 
0.000000 166.026209 166.014693 166.008736 166.006354 166.006354 166.006354 166.006751 166.007942 166.009133 166.010325 166.011516 166.012707 166.013899 166.015487 166.017075 166.019061 166.020649 166.022635 166.024223 166.026606 166.028591 166.030577 166.032562 166.034548 166.036533 166.038519 166.040901 0.000000 0.000000 0.000000 0.000000 0.000000 0.000000 0.000000 0.000000 0.000000 
0.000000 0.000000 166.033754 166.023826 166.017075 166.013104 166.011119 166.010325 166.010325 166.010325 166.010722 166.011516 166.012707 166.013899 166.015090 166.016281 166.017472 166.018664 166.020252 166.021841 166.023429 166.025017 166.026606 166.028591 166.030180 166.032165 166.034151 166.036136 166.038122 166.040107 0.000000 0.000000 0.000000 0.000000 0.000000 0.000000 0.000000 
0.000000 0.000000 0.000000 0.000000 166.033356 166.026209 166.021046 166.017870 166.015487 166.014296 166.014296 166.014296 166.014296 166.014693 166.015487 166.016281 166.017472 166.018664 166.019855 166.021046 166.022238 166.023429 166.024620 166.026209 166.027797 166.029385 166.031371 166.032959 166.034548 166.036136 166.038122 166.040107 0.000000 0.000000 0.000000 0.000000 0.000000 
0.000000 0.000000 0.000000 0.000000 0.000000 0.000000 166.034945 166.029385 166.025414 166.022238 166.020252 166.019061 166.018267 166.018267 166.018267 166.018267 166.018664 166.019458 166.020252 166.021046 166.022238 166.023429 166.024620 166.025812 166.027003 166.028194 166.029385 166.030974 166.032562 166.033754 166.035342 166.037327 166.038916 166.040504 0.000000 0.000000 0.000000 
0.000000 0.000000 0.000000 0.000000 0.000000 0.000000 0.000000 0.000000 166.038519 166.033356 166.029783 166.027003 166.024620 166.023429 166.022635 166.022238 166.022238 166.022238 166.022238 166.022635 166.023032 166.023826 166.024620 166.025812 166.027003 166.028194 166.029385 166.030577 166.031768 166.032959 166.034151 166.035739 166.036930 166.038519 166.040107 166.041667 0.000000 
0.000000 0.000000 0.000000 0.000000 0.000000 0.000000 0.000000 0.000000 0.000000 0.000000 0.000000 166.037725 166.034151 166.031371 166.029385 166.027797 166.027003 166.026209 166.026209 166.026209 166.026209 166.026606 166.027003 166.027400 166.028194 166.028591 166.029385 166.030577 166.031768 166.032959 166.034151 166.035342 166.036533 166.037725 166.038916 166.040107 166.041667 
0.000000 0.000000 0.000000 0.000000 0.000000 0.000000 0.000000 0.000000 0.000000 0.000000 0.000000 0.000000 0.000000 0.000000 166.038519 166.036136 166.033754 166.032562 166.031371 166.030577 166.030180 166.030180 166.030180 166.030180 166.030577 166.030577 166.031371 166.031768 166.032562 166.033356 166.034151 166.035342 166.036533 166.037725 166.038916 166.040107 166.041298 
0.000000 0.000000 0.000000 0.000000 0.000000 0.000000 0.000000 0.000000 0.000000 0.000000 0.000000 0.000000 0.000000 0.000000 0.000000 0.000000 0.000000 166.040901 166.038519 166.036930 166.035739 166.034945 166.034548 166.034151 166.034151 166.034151 166.034548 166.034548 166.034945 166.035342 166.035739 166.036533 166.037327 166.038122 166.038916 166.040107 166.041298 
0.000000 0.000000 0.000000 0.000000 0.000000 0.000000 0.000000 0.000000 0.000000 0.000000 0.000000 0.000000 0.000000 0.000000 0.000000 0.000000 0.000000 0.000000 0.000000 0.000000 0.000000 166.041667 166.040504 166.039313 166.038519 166.038122 166.038122 166.038122 166.038122 166.038519 166.038519 166.038916 166.039313 166.039710 166.040504 166.040901 166.041667 
