test/output/constant/M495_S060_A180_WD000.0_WS005.0/M495_S060_A180_WD000.0_WS005.0_arrival.asc
ncols         26
nrows         9
xllcorner     426603.990666
yllcorner     12748155.311160
cellsize      100.000000
NODATA_value  0.000000
0.000000 0.000000 0.000000 0.000000 0.000000 166.041667 166.041184 166.041667 0.000000 0.000000 0.000000 0.000000 0.000000 0.000000 0.000000 0.000000 0.000000 0.000000 0.000000 0.000000 0.000000 0.000000 0.000000 0.000000 0.000000 0.000000 
166.025096 166.015444 166.014800 166.014800 166.016087 166.017374 166.019305 166.021235 166.023166 166.025096 166.027670 166.029601 166.031531 166.033462 166.035392 166.037966 166.039897 0.000000 0.000000 0.000000 0.000000 0.000000 0.000000 0.000000 0.000000 0.000000 
166.000000 166.001287 166.002574 166.004504 166.005791 166.007722 166.009652 166.012226 166.014157 166.016087 166.018661 166.020592 166.022522 166.025096 166.027027 166.029601 166.031531 166.034105 166.036036 166.038610 166.040540 0.000000 0.000000 0.000000 0.000000 0.000000 
166.011583 166.003861 166.003861 166.004504 166.005791 166.007722 166.009652 166.010939 166.012870 166.014157 166.016087 166.017374 166.019305 166.021235 166.023166 166.025096 166.027027 166.028957 166.031531 166.033462 166.035392 166.037323 166.039897 166.041667 0.000000 0.000000 
0.000000 166.031531 166.018661 166.013513 166.011583 166.011583 166.011583 166.012226 166.013513 166.014157 166.016087 166.017374 166.019305 166.020592 166.022522 166.023809 166.025740 166.027670 166.028957 166.030888 166.032818 166.034749 166.036036 166.037966 166.040540 0.000000 
0.000000 0.000000 0.000000 166.036679 166.027670 166.023166 166.020592 166.019305 166.018661 166.019305 166.019305 166.019948 166.020592 166.021879 166.023166 166.024453 166.025740 166.027670 166.028957 166.030888 166.032175 166.034105 166.035392 166.037323 166.038610 166.040540 
0.000000 0.000000 0.000000 0.000000 0.000000 0.000000 166.037966 166.032818 166.029601 166.027670 166.027027 166.026383 166.026383 166.026383 166.027027 166.027670 166.028314 166.028957 166.030244 166.031531 166.032818 166.034105 166.035392 166.037323 166.038610 166.040540 
0.000000 0.000000 0.000000 0.000000 0.000000 0.000000 0.000000 0.000000 0.000000 0.000000 166.039253 166.036679 166.034749 166.034105 166.034105 166.034105 166.034105 166.034105 166.034105 166.034749 166.036036 166.036679 166.037966 166.038610 166.039897 166.041184 
0.000000 0.000000 0.000000 0.000000 0.000000 0.000000 0.000000 0.000000 0.000000 0.000000 0.000000 0.000000 0.000000 0.000000 0.000000 0.000000 166.041667 166.041184 166.041184 166.041184 166.041184 166.041667 0.000000 0.000000 0.000000 0.000000 
