test/output/constant/M395_S060_A090_WD090.0_WS005.0/M395_S060_A090_WD090.0_WS005.0_raz.asc
ncols         14
nrows         57
xllcorner     425603.990666
yllcorner     12743255.311160
cellsize      100.000000
NODATA_value  0.000000
0 0 0 0 0 0 0 0 0 0 301 0 0 0 
0 0 0 0 0 0 0 0 0 277 65535 73 0 0 
0 0 0 0 0 0 0 0 7 194 187 168 0 0 
0 0 0 0 0 0 0 277 277 187 187 174 7 0 
0 0 0 0 0 0 0 196 233 187 187 174 73 0 
0 0 0 0 0 0 0 263 250 187 187 174 171 0 
0 0 0 0 0 0 196 250 250 187 179 168 174 0 
0 0 0 0 0 0 194 277 189 187 180 176 176 0 
0 0 0 0 0 0 301 193 189 187 179 176 171 0 
0 0 0 0 0 194 233 193 187 187 179 177 171 0 
0 0 0 0 0 194 250 194 188 187 180 177 171 0 
0 0 0 0 0 250 233 187 187 187 176 176 171 0 
0 0 0 0 263 193 193 187 187 187 179 176 171 176 
0 0 0 0 250 194 233 187 187 179 180 177 171 171 
0 0 0 0 263 194 194 187 187 187 174 176 174 171 
0 0 0 0 193 233 277 187 187 180 179 171 171 171 
0 0 0 194 193 193 191 187 187 179 180 174 177 171 
0 0 0 193 250 222 187 187 187 181 174 179 171 174 
0 0 0 194 194 194 187 187 187 174 179 176 174 171 
0 0 0 250 194 187 191 187 187 180 176 176 174 0 
0 0 0 193 194 187 187 187 187 180 180 179 177 0 
0 0 277 250 194 187 187 187 179 171 177 177 171 0 
0 0 233 222 194 187 188 187 187 179 180 179 179 0 
0 0 233 194 187 188 187 187 181 180 177 180 168 0 
0 0 194 233 187 187 187 187 177 179 180 179 168 0 
0 0 194 187 187 187 187 187 174 176 180 177 176 0 
0 0 194 194 187 188 187 187 187 179 179 179 176 0 
0 194 250 187 187 187 187 187 171 179 180 179 176 0 
0 194 194 187 187 191 187 183 180 179 179 179 177 0 
0 194 194 187 187 187 187 187 180 180 180 179 177 0 
0 194 187 187 187 187 187 187 179 180 171 180 176 0 
0 193 194 187 187 187 187 184 180 181 179 179 177 0 
0 194 187 189 188 188 187 177 179 171 174 174 174 0 
0 193 233 187 187 187 187 187 179 179 179 179 0 0 
0 250 187 187 187 187 187 179 180 180 174 174 0 0 
0 188 187 187 187 187 187 187 177 176 179 180 0 0 
0 187 187 187 187 187 179 177 168 180 177 176 0 0 
0 187 187 192 187 187 186 176 180 180 179 180 0 0 
194 187 187 187 187 187 187 181 180 171 179 177 0 0 
187 188 192 187 187 187 187 181 179 179 179 0 0 0 
187 189 187 187 187 187 179 176 180 180 177 0 0 0 
187 187 187 187 187 187 177 181 180 174 180 0 0 0 
187 187 187 187 187 187 187 180 186 179 179 0 0 0 
187 187 187 187 187 187 180 176 174 180 180 0 0 0 
187 187 187 187 187 187 187 185 180 174 0 0 0 0 
187 188 191 187 187 180 179 176 179 179 0 0 0 0 
187 191 189 187 187 187 187 179 176 180 0 0 0 0 
189 189 188 187 187 187 179 180 180 179 0 0 0 0 
0 187 187 191 187 187 187 180 180 0 0 0 0 0 
0 189 187 187 187 177 177 177 179 0 0 0 0 0 
0 192 187 187 187 179 179 176 0 0 0 0 0 0 
0 187 187 187 184 187 179 180 0 0 0 0 0 0 
0 187 187 187 187 179 179 180 0 0 0 0 0 0 
0 193 187 187 180 180 180 0 0 0 0 0 0 0 
0 0 187 187 187 187 179 0 0 0 0 0 0 0 
0 0 187 187 187 187 0 0 0 0 0 0 0 0 
0 0 0 187 187 0 0 0 0 0 0 0 0 0 
