test/output/constant/M395_S060_A090_WD090.0_WS005.0/M395_S060_A090_WD090.0_WS005.0_intensity.asc
ncols         14
nrows         57
xllcorner     425603.990666
yllcorner     12743255.311160
cellsize      100.000000
NODATA_value  0.000000
0 0 0 0 0 0 0 0 0 0 1045 0 0 0 
0 0 0 0 0 0 0 0 0 1414 0 1019 0 0 
0 0 0 0 0 0 0 0 826 57978 84820 23644 0 0 
0 0 0 0 0 0 0 1414 1414 84820 84820 37320 826 0 
0 0 0 0 0 0 0 51020 4587 84820 84820 37320 1019 0 
0 0 0 0 0 0 0 1853 2547 84820 84820 37320 30284 0 
0 0 0 0 0 0 51020 2547 2547 84820 58647 23644 37320 0 
0 0 0 0 0 0 57978 1414 79496 84820 65109 44538 44538 0 
0 0 0 0 0 0 1045 64492 79496 84820 58647 44538 30284 0 
0 0 0 0 0 57978 4587 64492 84820 84820 58647 51720 30284 0 
0 0 0 0 0 57978 2547 57978 82477 84820 65109 51720 30284 0 
0 0 0 0 0 2547 4587 84820 84820 84820 44538 44538 30284 0 
0 0 0 0 1853 64492 64492 84820 84820 84820 58647 44538 30284 44538 
0 0 0 0 2547 57978 4587 84820 84820 58647 65109 51720 30284 30284 
0 0 0 0 1853 57978 57978 84820 84820 84820 37320 44538 37320 30284 
0 0 0 0 64492 4587 1414 84820 84820 65109 58647 30284 30284 30284 
0 0 0 57978 64492 64492 75417 84269 84820 58647 65109 37320 51720 30284 
0 0 0 64492 2547 7728 84820 84820 84820 70909 37320 58647 30284 37320 
0 0 0 57978 57978 57978 84820 84820 84820 37320 58647 44538 37320 30284 
0 0 0 2547 57978 84820 75417 84820 84820 65109 44538 44538 37320 0 
0 0 0 64492 57978 84820 84820 84820 84820 65109 65109 58647 51720 0 
0 0 1414 2547 57978 84820 84820 84820 58647 30284 51720 51720 30284 0 
0 0 4587 7728 57978 84820 82477 84820 84820 58647 65109 58647 58647 0 
0 0 4587 57978 84820 82477 84820 84820 70909 65109 51720 65109 23644 0 
0 0 57978 4587 84820 84820 84820 84820 51720 58647 65109 58647 23644 0 
0 0 57978 84820 84820 84668 84820 84820 37320 44538 65109 51720 44538 0 
0 0 57978 57978 84820 82477 84820 84820 84820 58647 58647 58647 44538 0 
0 57978 2547 84668 84820 84820 84820 84820 30284 58647 65109 58647 44538 0 
0 57978 57978 84820 84820 75417 84820 75872 65109 58647 58647 58647 51720 0 
0 57978 57978 84820 84820 84820 84820 84820 65109 65109 65109 58647 51720 0 
0 57978 84820 84820 84820 84820 84820 84820 58647 65109 30284 65109 44538 0 
0 64492 57978 84269 84820 84820 84820 79846 65109 70909 58647 58647 51720 0 
0 57978 84820 79496 82477 82477 84820 51720 58647 30284 37320 37320 37320 0 
0 64492 4587 84820 84820 84820 84820 84820 58647 58647 58647 58647 0 0 
0 2547 84820 84820 84820 84820 84820 58647 65109 65109 37320 37320 0 0 
0 82477 84820 84820 84820 84820 84820 84820 51720 44538 58647 65109 0 0 
0 84269 84820 84820 84820 84820 58647 51720 23644 65109 51720 44538 0 0 
0 84668 84820 70365 84668 84820 84724 44538 65109 65109 58647 65109 0 0 
57978 84269 84820 84668 84820 84820 84820 70909 65109 30284 58647 51720 0 0 
84820 82477 70365 84820 84820 84820 84820 70909 58647 58647 58647 0 0 0 
84820 79496 84820 84269 84820 84820 58647 44538 65109 65109 51720 0 0 0 
84820 84820 84668 84668 84820 84820 51720 70909 65109 37320 65109 0 0 0 
84820 84820 84820 84820 84820 84820 84820 65109 84724 58647 58647 0 0 0 
84820 84668 84269 84269 84820 84820 65109 44538 37320 65109 65109 0 0 0 
84820 84820 84668 84820 84820 84820 84820 82712 65109 37320 0 0 0 0 
84820 82477 75417 84668 84820 65109 58647 44538 58647 58647 0 0 0 0 
84820 75417 79496 84820 84820 84820 84820 58647 44538 65109 0 0 0 0 
79496 79496 82477 84820 84820 84820 58647 65109 65109 58647 0 0 0 0 
0 84820 84820 75417 84820 84820 84820 65109 65109 0 0 0 0 0 
0 79496 84820 84820 84820 51720 51720 51720 58647 0 0 0 0 0 
0 70365 84269 84820 84820 58647 58647 44538 0 0 0 0 0 0 
0 84820 84820 84820 79846 84820 58647 65109 0 0 0 0 0 0 
0 84820 84820 84820 84820 58647 58647 65109 0 0 0 0 0 0 
0 64492 84820 84820 65109 65109 65109 0 0 0 0 0 0 0 
0 0 84820 84820 84820 84820 58647 0 0 0 0 0 0 0 
0 0 84269 84820 84820 84820 0 0 0 0 0 0 0 0 
0 0 0 84820 84820 0 0 0 0 0 0 0 0 0 
