test/output/constant/C6_S060_A180_WD270.0_WS050.0/C6_S060_A180_WD270.0_WS050.0_arrival.asc
ncols         40
nrows         7
xllcorner     426603.990666
yllcorner     12748455.311160
cellsize      100.000000
NODATA_value  0.000000
0.000000 0.000000 0.000000 0.000000 0.000000 0.000000 0.000000 0.000000 0.000000 0.000000 0.000000 0.000000 0.000000 0.000000 0.000000 0.000000 0.000000 0.000000 0.000000 0.000000 0.000000 166.041667 166.041667 166.041488 166.041667 0.000000 0.000000 0.000000 0.000000 0.000000 0.000000 0.000000 0.000000 0.000000 0.000000 0.000000 0.000000 0.000000 0.000000 0.000000 
0.000000 0.000000 0.000000 0.000000 0.000000 166.039777 166.034644 166.031650 166.029084 166.027373 166.026518 166.025662 166.025235 166.025235 166.025235 166.025235 166.025662 166.026518 166.027373 166.027801 166.028656 166.029512 166.029939 166.030795 166.031650 166.032506 166.033361 166.034216 166.035072 166.035927 166.036783 166.038066 166.038921 166.039777 166.040632 166.041667 0.000000 0.000000 0.000000 0.000000 
0.000000 166.019247 166.011548 166.009410 166.008554 166.008554 166.008982 166.009837 166.010693 166.011120 166.011976 166.013259 166.014114 166.015397 166.016253 166.017108 166.018391 166.019247 166.020530 166.021385 166.022668 166.023524 166.024379 166.025662 166.026518 166.027801 166.028656 166.029939 166.030795 166.031650 166.032933 166.033789 166.035072 166.035927 166.037210 166.038066 166.039349 166.040204 166.041488 0.000000 
166.000000 166.000855 166.001711 166.002994 166.003849 166.005132 166.005988 166.007271 166.008126 166.009410 166.010265 166.011548 166.012403 166.013687 166.014542 166.015825 166.016681 166.017964 166.018819 166.020102 166.020958 166.022241 166.023096 166.024379 166.025235 166.026518 166.027373 166.028656 166.029512 166.030795 166.031650 166.032933 166.033789 166.035072 166.035927 166.037210 166.038066 166.039349 166.040204 166.041488 
0.000000 166.019247 166.011548 166.009410 166.008554 166.008554 166.008982 166.009837 166.010693 166.011120 166.011976 166.013259 166.014114 166.015397 166.016253 166.017108 166.018391 166.019247 166.020530 166.021385 166.022668 166.023524 166.024379 166.025662 166.026518 166.027801 166.028656 166.029939 166.030795 166.031650 166.032933 166.033789 166.035072 166.035927 166.037210 166.038066 166.039349 166.040204 166.041488 0.000000 
0.000000 0.000000 0.000000 0.000000 0.000000 166.039777 166.034644 166.031650 166.029084 166.027373 166.026518 166.025662 166.025235 166.025235 166.025235 166.025235 166.025662 166.026518 166.027373 166.027801 166.028656 166.029512 166.029939 166.030795 166.031650 166.032506 166.033361 166.034216 166.035072 166.035927 166.036783 166.038066 166.038921 166.039777 166.040632 166.041667 0.000000 0.000000 0.000000 0.000000 
0.000000 0.000000 0.000000 0.000000 0.000000 0.000000 0.000000 0.000000 0.000000 0.000000 0.000000 0.000000 0.000000 0.000000 0.000000 0.000000 0.000000 0.000000 0.000000 0.000000 0.000000 166.041667 166.041667 166.041488 166.041667 0.000000 0.000000 0.000000 0.000000 0.000000 0.000000 0.000000 0.000000 0.000000 0.000000 0.000000 0.000000 0.000000 0.000000 0.000000 
