test/output/constant/M3M400_S060_A180_WD135.0_WS050.0/M3M400_S060_A180_WD135.0_WS050.0_arrival.asc
ncols         12
nrows         45
xllcorner     426403.990666
yllcorner     12748655.311160
cellsize      100.000000
NODATA_value  0.000000
0.000000 0.000000 0.000000 0.000000 0.000000 0.000000 0.000000 166.041667 166.041224 166.041224 166.041667 0.000000 
0.000000 0.000000 0.000000 0.000000 0.000000 0.000000 0.000000 166.040897 166.040243 166.040243 166.040897 0.000000 
0.000000 0.000000 0.000000 0.000000 0.000000 0.000000 166.040897 166.039915 166.039261 166.039588 166.040243 0.000000 
0.000000 0.000000 0.000000 0.000000 0.000000 166.041551 166.039588 166.038607 166.038280 166.038607 166.039261 166.041551 
0.000000 0.000000 0.000000 0.000000 0.000000 166.040243 166.038607 166.037625 166.037625 166.037625 166.038607 166.040897 
0.000000 0.000000 0.000000 0.000000 0.000000 166.039261 166.037298 166.036644 166.036644 166.036971 166.038280 166.040570 
0.000000 0.000000 0.000000 0.000000 166.040570 166.037952 166.036316 166.035662 166.035662 166.035989 166.037625 166.040243 
0.000000 0.000000 0.000000 0.000000 166.039261 166.036644 166.035008 166.034681 166.034681 166.035008 166.036971 166.039588 
0.000000 0.000000 0.000000 166.041667 166.037952 166.035335 166.034026 166.033699 166.033699 166.034353 166.036316 166.039261 
0.000000 0.000000 0.000000 166.040243 166.036644 166.034026 166.033045 166.032718 166.032718 166.033699 166.035989 166.038934 
0.000000 0.000000 0.000000 166.038934 166.035335 166.033045 166.032063 166.031736 166.032063 166.033045 166.035662 166.038934 
0.000000 0.000000 0.000000 166.037625 166.034026 166.031736 166.030755 166.030755 166.031082 166.032390 166.035335 166.038607 
0.000000 0.000000 166.040570 166.036316 166.032718 166.030755 166.029773 166.029773 166.030100 166.032063 166.035008 166.038607 
0.000000 0.000000 166.038934 166.035008 166.031409 166.029446 166.028791 166.028791 166.029446 166.031409 166.034353 166.038607 
0.000000 0.000000 166.037625 166.033372 166.030100 166.028464 166.027810 166.027810 166.028791 166.031082 166.034353 166.038607 
0.000000 0.000000 166.036316 166.032063 166.028791 166.027156 166.026828 166.026828 166.028137 166.030755 166.034026 166.038607 
0.000000 0.000000 166.034681 166.030755 166.027483 166.026174 166.025847 166.026174 166.027483 166.030100 166.034026 166.039261 
0.000000 166.041224 166.033372 166.029446 166.026501 166.025193 166.024865 166.025193 166.026828 166.029773 166.034026 166.039588 
0.000000 166.039588 166.032063 166.028137 166.025193 166.024211 166.023884 166.024538 166.026501 166.029773 166.034026 166.040243 
0.000000 166.038280 166.030755 166.026501 166.023884 166.022902 166.022902 166.023557 166.026174 166.029446 166.034353 166.041224 
0.000000 166.036971 166.029119 166.025193 166.022902 166.021921 166.021921 166.022902 166.025520 166.029446 166.035008 0.000000 
0.000000 166.035335 166.027810 166.023884 166.021594 166.020939 166.020939 166.022248 166.025193 166.029446 166.035662 0.000000 
0.000000 166.034026 166.026501 166.022575 166.020285 166.019958 166.020285 166.021921 166.025193 166.029773 166.036316 0.000000 
0.000000 166.032718 166.025193 166.021266 166.019303 166.018976 166.019303 166.021594 166.024865 166.030427 166.037625 0.000000 
166.041224 166.031409 166.023557 166.019958 166.018322 166.017995 166.018649 166.020939 166.024865 166.030755 166.038607 0.000000 
166.039915 166.029773 166.022248 166.018649 166.017340 166.017013 166.017995 166.020612 166.025193 166.031736 166.040570 0.000000 
166.038607 166.028464 166.020939 166.017340 166.016032 166.016032 166.017340 166.020612 166.025520 166.032718 0.000000 0.000000 
166.037298 166.027156 166.019631 166.016032 166.015050 166.015377 166.017013 166.020612 166.026174 166.034353 0.000000 0.000000 
166.035989 166.025520 166.017995 166.015050 166.014396 166.014396 166.016359 166.020612 166.027156 166.036316 0.000000 0.000000 
166.035008 166.024211 166.016686 166.013741 166.013414 166.013414 166.016032 166.020939 166.028137 166.038280 0.000000 0.000000 
166.033699 166.022902 166.015377 166.012433 166.012433 166.012760 166.016032 166.021594 166.029773 166.040897 0.000000 0.000000 
166.032718 166.021594 166.014069 166.011451 166.011451 166.012433 166.016032 166.022575 166.031736 0.000000 0.000000 0.000000 
166.032063 166.020285 166.012760 166.010470 166.010470 166.011778 166.016032 166.023557 166.034353 0.000000 0.000000 0.000000 
166.031082 166.018976 166.011124 166.009488 166.009488 166.011451 166.016686 166.025520 166.037625 0.000000 0.000000 0.000000 
166.030427 166.017667 166.009815 166.008507 166.008507 166.011451 166.017667 166.027810 166.041224 0.000000 0.000000 0.000000 
166.029773 166.016032 166.008507 166.007525 166.007852 166.011451 166.019303 166.031082 0.000000 0.000000 0.000000 0.000000 
166.029119 166.014723 166.007198 166.006544 166.007198 166.012105 166.021594 166.035008 0.000000 0.000000 0.000000 0.000000 
166.028791 166.013414 166.005889 166.005562 166.006871 166.013087 166.024865 166.039915 0.000000 0.000000 0.000000 0.000000 
166.029119 166.012433 166.004580 166.004580 166.006871 166.015050 166.029119 0.000000 0.000000 0.000000 0.000000 0.000000 
166.029446 166.011124 166.003599 166.003599 166.007198 166.018322 166.034681 0.000000 0.000000 0.000000 0.000000 0.000000 
166.030755 166.010797 166.002617 166.002617 166.008834 166.023229 0.000000 0.000000 0.000000 0.000000 0.000000 0.000000 
166.033045 166.010470 166.001636 166.002290 166.012105 166.030755 0.000000 0.000000 0.000000 0.000000 0.000000 0.000000 
166.036644 166.010797 166.000654 166.002617 166.018976 166.040570 0.000000 0.000000 0.000000 0.000000 0.000000 0.000000 
0.000000 166.013087 166.000000 166.006871 166.030100 0.000000 0.000000 0.000000 0.000000 0.000000 0.000000 0.000000 
0.000000 0.000000 166.031409 166.038934 0.000000 0.000000 0.000000 0.000000 0.000000 0.000000 0.000000 0.000000 
