test/output/constant/C4_S060_A000_WD090.0_WS025.0/C4_S060_A000_WD090.0_WS025.0_arrival.asc
ncols         41
nrows         7
xllcorner     422603.990666
yllcorner     12748455.311160
cellsize      100.000000
NODATA_value  0.000000
0.000000 0.000000 0.000000 0.000000 0.000000 0.000000 0.000000 0.000000 0.000000 166.041667 166.041210 166.040377 166.039545 166.039128 166.038296 166.037463 166.037047 166.036215 166.035798 166.035382 166.035382 166.035382 166.035798 166.035798 166.036215 166.036631 166.037463 166.038296 166.039961 166.041626 0.000000 0.000000 0.000000 0.000000 0.000000 0.000000 0.000000 0.000000 0.000000 0.000000 0.000000 
0.000000 0.000000 0.000000 166.041626 166.040377 166.039545 166.038712 166.037880 166.036631 166.035798 166.034966 166.034133 166.032884 166.032052 166.031219 166.029971 166.029138 166.028306 166.027473 166.027057 166.026224 166.025392 166.024559 166.024143 166.023311 166.022478 166.021645 166.021229 166.021229 166.021645 166.021645 166.022062 166.022894 166.024143 166.026224 166.029554 166.034966 0.000000 0.000000 0.000000 0.000000 
0.000000 166.041210 166.039961 166.039128 166.037880 166.037047 166.035798 166.034966 166.033717 166.032884 166.031636 166.030803 166.029554 166.028722 166.027889 166.026641 166.025808 166.024559 166.023727 166.022478 166.021645 166.020397 166.019564 166.018732 166.017483 166.016650 166.015402 166.014569 166.013320 166.012488 166.011655 166.010406 166.009574 166.009158 166.008325 166.007493 166.007076 166.007493 166.008741 166.012904 166.041210 
166.041210 166.040377 166.039128 166.038296 166.037047 166.036215 166.034966 166.034133 166.032884 166.032052 166.030803 166.029971 166.028722 166.027889 166.026641 166.025808 166.024559 166.023727 166.022478 166.021645 166.020397 166.019564 166.018315 166.017483 166.016234 166.015402 166.014153 166.013320 166.012072 166.011239 166.009990 166.009158 166.007909 166.007076 166.005828 166.004995 166.003746 166.002914 166.001665 166.000833 166.000000 
0.000000 166.041210 166.039961 166.039128 166.037880 166.037047 166.035798 166.034966 166.033717 166.032884 166.031636 166.030803 166.029554 166.028722 166.027889 166.026641 166.025808 166.024559 166.023727 166.022478 166.021645 166.020397 166.019564 166.018732 166.017483 166.016650 166.015402 166.014569 166.013320 166.012488 166.011655 166.010406 166.009574 166.009158 166.008325 166.007493 166.007076 166.007493 166.008741 166.012904 166.041210 
0.000000 0.000000 0.000000 166.041626 166.040377 166.039545 166.038712 166.037880 166.036631 166.035798 166.034966 166.034133 166.032884 166.032052 166.031219 166.029971 166.029138 166.028306 166.027473 166.027057 166.026224 166.025392 166.024559 166.024143 166.023311 166.022478 166.021645 166.021229 166.021229 166.021645 166.021645 166.022062 166.022894 166.024143 166.026224 166.029554 166.034966 0.000000 0.000000 0.000000 0.000000 
0.000000 0.000000 0.000000 0.000000 0.000000 0.000000 0.000000 0.000000 0.000000 166.041667 166.041210 166.040377 166.039545 166.039128 166.038296 166.037463 166.037047 166.036215 166.035798 166.035382 166.035382 166.035382 166.035798 166.035798 166.036215 166.036631 166.037463 166.038296 166.039961 166.041626 0.000000 0.000000 0.000000 0.000000 0.000000 0.000000 0.000000 0.000000 0.000000 0.000000 0.000000 
