test/output/constant/M3M470_S060_A090_WD000.0_WS025.0/M3M470_S060_A090_WD000.0_WS025.0_arrival.asc
ncols         7
nrows         48
xllcorner     426303.990666
yllcorner     12744055.311160
cellsize      100.000000
NODATA_value  0.000000
0.000000 0.000000 166.037442 166.000000 166.037442 0.000000 0.000000 
0.000000 0.000000 166.013550 166.000713 166.013550 0.000000 0.000000 
0.000000 0.000000 166.008915 166.001426 166.008915 0.000000 0.000000 
0.000000 0.000000 166.007132 166.002496 166.007132 0.000000 0.000000 
0.000000 166.034589 166.006775 166.003209 166.006775 166.034589 0.000000 
0.000000 166.030667 166.006775 166.004279 166.006775 166.030667 0.000000 
0.000000 166.026744 166.007488 166.004992 166.007488 166.026744 0.000000 
0.000000 166.023892 166.007845 166.006062 166.007845 166.023892 0.000000 
0.000000 166.022465 166.008558 166.006775 166.008558 166.022465 0.000000 
0.000000 166.021396 166.009271 166.007845 166.009271 166.021396 0.000000 
0.000000 166.020682 166.009985 166.008558 166.009985 166.020682 0.000000 
166.041008 166.020326 166.010698 166.009628 166.010698 166.020326 166.041008 
166.039225 166.019969 166.011768 166.010341 166.011768 166.019969 166.039225 
166.037799 166.019969 166.012481 166.011411 166.012481 166.019969 166.037799 
166.036372 166.019969 166.013550 166.012124 166.013550 166.019969 166.036372 
166.035303 166.020326 166.014264 166.013194 166.014264 166.020326 166.035303 
166.034946 166.021039 166.015333 166.013907 166.015333 166.021039 166.034946 
166.034233 166.021396 166.016047 166.014977 166.016047 166.021396 166.034233 
166.033876 166.022109 166.017116 166.015690 166.017116 166.022109 166.033876 
166.033520 166.022822 166.017830 166.016760 166.017830 166.022822 166.033520 
166.033163 166.023178 166.018543 166.017473 166.018543 166.023178 166.033163 
166.033163 166.023892 166.019613 166.018543 166.019613 166.023892 166.033163 
166.033163 166.024605 166.020326 166.019256 166.020326 166.024605 166.033163 
166.033163 166.025318 166.021039 166.020326 166.021039 166.025318 166.033163 
166.033520 166.026031 166.022109 166.021039 166.022109 166.026031 166.033520 
166.033876 166.026388 166.022822 166.022109 166.022822 166.026388 166.033876 
166.034589 166.027101 166.023892 166.022822 166.023892 166.027101 166.034589 
166.034946 166.028171 166.024605 166.023892 166.024605 166.028171 166.034946 
166.035659 166.028884 166.025675 166.024605 166.025675 166.028884 166.035659 
166.036016 166.029597 166.026388 166.025675 166.026388 166.029597 166.036016 
166.036729 166.030310 166.027458 166.026388 166.027458 166.030310 166.036729 
166.037442 166.031023 166.028171 166.027458 166.028171 166.031023 166.037442 
166.038155 166.032093 166.029241 166.028171 166.029241 166.032093 166.038155 
166.038512 166.032806 166.029954 166.029241 166.029954 166.032806 166.038512 
166.039225 166.033520 166.031023 166.029954 166.031023 166.033520 166.039225 
166.039938 166.034589 166.031737 166.031023 166.031737 166.034589 166.039938 
166.040651 166.035303 166.032806 166.031737 166.032806 166.035303 166.040651 
166.041365 166.036372 166.033520 166.032806 166.033520 166.036372 166.041365 
0.000000 166.037086 166.034589 166.033520 166.034589 166.037086 0.000000 
0.000000 166.037799 166.035303 166.034589 166.035303 166.037799 0.000000 
0.000000 166.038869 166.036372 166.035303 166.036372 166.038869 0.000000 
0.000000 166.039582 166.037086 166.036372 166.037086 166.039582 0.000000 
0.000000 166.040295 166.038155 166.037086 166.038155 166.040295 0.000000 
0.000000 166.041008 166.038869 166.038155 166.038869 166.041008 0.000000 
0.000000 0.000000 166.039582 166.038869 166.039582 0.000000 0.000000 
0.000000 0.000000 166.040651 166.039938 166.040651 0.000000 0.000000 
0.000000 0.000000 166.041365 166.040651 166.041365 0.000000 0.000000 
0.000000 0.000000 0.000000 166.041667 0.000000 0.000000 0.000000 
