test/output/constant/M380_S060_A180_WD315.0_WS010.0/M380_S060_A180_WD315.0_WS010.0_ros.asc
ncols         52
nrows         13
xllcorner     426603.990666
yllcorner     12747755.311160
cellsize      100.000000
NODATA_value  0.000000
0.000000 0.000000 0.000000 0.000000 0.000000 23.964262 30.774485 17.754223 30.774485 23.964262 17.754223 23.964262 23.964262 52.685478 0.000000 0.000000 0.000000 0.000000 0.000000 0.000000 0.000000 0.000000 0.000000 0.000000 0.000000 0.000000 0.000000 0.000000 0.000000 0.000000 0.000000 0.000000 0.000000 0.000000 0.000000 0.000000 0.000000 0.000000 0.000000 0.000000 0.000000 0.000000 0.000000 0.000000 0.000000 0.000000 0.000000 0.000000 0.000000 0.000000 0.000000 0.000000 
0.665634 23.964262 17.754223 45.356476 23.964262 17.754223 45.356476 45.356476 52.685478 37.978130 23.964262 52.685478 17.754223 52.685478 37.978130 59.742584 52.685478 30.774485 52.685478 23.964262 52.685478 52.685478 37.978130 59.742584 52.685478 0.000000 0.000000 0.000000 0.000000 0.000000 0.000000 0.000000 0.000000 0.000000 0.000000 0.000000 0.000000 0.000000 0.000000 0.000000 0.000000 0.000000 0.000000 0.000000 0.000000 0.000000 0.000000 0.000000 0.000000 0.000000 0.000000 0.000000 
0.000000 86.120865 86.120865 86.120865 86.120865 37.978130 77.219276 85.727928 81.223000 59.742584 66.313477 37.978130 81.223000 59.742584 30.774485 23.964262 66.313477 52.685478 30.774485 59.742584 52.685478 30.774485 59.742584 23.964262 23.964262 52.685478 30.774485 72.198616 59.742584 45.356476 23.964262 52.685478 45.356476 0.000000 0.000000 0.000000 0.000000 0.000000 0.000000 0.000000 0.000000 0.000000 0.000000 0.000000 0.000000 0.000000 0.000000 0.000000 0.000000 0.000000 0.000000 0.000000 
44.559795 58.993011 76.714462 85.609085 86.120865 86.120865 86.120865 86.120865 86.120865 86.120865 66.313477 86.120865 45.356476 86.120865 86.120865 37.978130 77.219276 86.037422 86.120865 45.356476 81.223000 84.088203 81.223000 77.219276 52.685478 37.978130 17.754223 81.223000 72.198616 37.978130 23.964262 66.313477 52.685478 37.978130 81.223000 59.742584 23.964262 0.000000 0.000000 0.000000 0.000000 0.000000 0.000000 0.000000 0.000000 0.000000 0.000000 0.000000 0.000000 0.000000 0.000000 0.000000 
0.000000 1.466139 51.899578 65.624367 65.624367 80.835976 76.714462 76.714462 86.120865 86.120865 86.120865 86.120865 86.120865 86.120865 86.120865 86.120865 86.120865 86.120865 86.120865 86.120865 23.964262 86.120865 86.120865 86.120865 81.223000 72.198616 86.120865 86.120865 30.774485 66.313477 86.037422 86.120865 37.978130 66.313477 77.219276 85.727928 81.223000 59.742584 72.198616 45.356476 85.727928 0.000000 0.000000 0.000000 0.000000 0.000000 0.000000 0.000000 0.000000 0.000000 0.000000 0.000000 
0.000000 0.000000 0.000000 1.010756 51.899578 58.993011 0.688546 65.624367 58.993011 80.835976 85.977829 86.120865 86.120865 86.120865 86.120865 86.120865 86.120865 86.120865 86.120865 86.120865 86.120865 86.120865 86.120865 37.978130 86.120865 86.120865 86.120865 86.120865 59.742584 86.120865 86.120865 86.120865 77.219276 86.120865 72.198616 81.223000 86.120865 23.964262 66.313477 77.219276 86.120865 30.774485 84.088203 77.219276 86.120865 0.000000 0.000000 0.000000 0.000000 0.000000 0.000000 0.000000 
0.000000 0.000000 0.000000 0.000000 0.000000 0.000000 1.466139 51.899578 58.993011 58.993011 58.993011 83.831215 85.609085 83.831215 83.831215 83.831215 86.120865 86.120865 86.120865 83.831215 86.120865 86.120865 86.120865 86.120865 86.120865 86.120865 86.120865 86.120865 37.978130 86.120865 86.120865 86.120865 86.120865 86.120865 86.120865 86.120865 81.223000 86.120865 30.774485 30.774485 86.120865 45.356476 77.219276 86.120865 66.313477 77.219276 86.120865 0.000000 0.000000 0.000000 0.000000 0.000000 
0.000000 0.000000 0.000000 0.000000 0.000000 0.000000 0.000000 0.000000 0.000000 58.993011 58.993011 58.993011 58.993011 58.993011 58.993011 80.835976 58.993011 80.835976 76.714462 80.835976 83.831215 86.120865 76.714462 86.120865 86.120865 71.592003 86.120865 86.120865 86.120865 86.120865 86.120865 86.120865 86.120865 86.120865 86.120865 86.120865 86.120865 23.964262 86.120865 86.120865 81.223000 86.120865 86.120865 45.356476 45.356476 86.120865 52.685478 86.120865 86.120865 0.000000 0.000000 0.000000 
0.000000 0.000000 0.000000 0.000000 0.000000 0.000000 0.000000 0.000000 0.000000 0.000000 0.000000 0.000000 58.993011 58.993011 58.993011 58.993011 58.993011 58.993011 58.993011 86.120865 86.120865 83.831215 80.835976 83.831215 86.120865 86.120865 76.714462 86.120865 86.120865 86.120865 86.120865 86.120865 83.831215 86.120865 86.120865 86.120865 86.120865 86.120865 86.120865 86.120865 86.120865 86.120865 86.120865 86.120865 86.120865 86.120865 30.774485 86.120865 30.774485 86.120865 86.120865 0.000000 
0.000000 0.000000 0.000000 0.000000 0.000000 0.000000 0.000000 0.000000 0.000000 0.000000 0.000000 0.000000 0.000000 0.000000 0.000000 0.000000 58.993011 58.993011 58.993011 58.993011 58.993011 83.831215 83.831215 65.624367 58.993011 58.993011 80.835976 85.977829 86.120865 86.120865 86.120865 86.120865 86.120865 85.977829 86.120865 86.120865 83.831215 86.120865 86.120865 86.120865 86.120865 86.120865 83.831215 86.120865 86.120865 86.120865 86.120865 86.120865 86.120865 86.120865 72.198616 86.120865 
0.000000 0.000000 0.000000 0.000000 0.000000 0.000000 0.000000 0.000000 0.000000 0.000000 0.000000 0.000000 0.000000 0.000000 0.000000 0.000000 0.000000 0.000000 0.000000 0.000000 0.000000 58.993011 58.993011 58.993011 58.993011 65.624367 76.714462 76.714462 76.714462 76.714462 83.831215 86.120865 80.835976 86.120865 86.120865 86.120865 86.120865 86.120865 86.120865 86.120865 86.120865 86.120865 86.120865 86.120865 86.120865 86.120865 86.120865 86.120865 86.120865 86.120865 86.120865 86.120865 
0.000000 0.000000 0.000000 0.000000 0.000000 0.000000 0.000000 0.000000 0.000000 0.000000 0.000000 0.000000 0.000000 0.000000 0.000000 0.000000 0.000000 0.000000 0.000000 0.000000 0.000000 0.000000 0.000000 0.000000 0.000000 0.000000 80.835976 58.993011 58.993011 83.831215 76.714462 80.835976 80.835976 58.993011 85.609085 76.714462 86.120865 71.592003 86.120865 86.120865 86.120865 86.120865 86.120865 86.120865 83.831215 86.120865 86.120865 86.120865 86.120865 86.120865 86.120865 0.000000 
0.000000 0.000000 0.000000 0.000000 0.000000 0.000000 0.000000 0.000000 0.000000 0.000000 0.000000 0.000000 0.000000 0.000000 0.000000 0.000000 0.000000 0.000000 0.000000 0.000000 0.000000 0.000000 0.000000 0.000000 0.000000 0.000000 0.000000 0.000000 0.000000 0.000000 0.000000 0.000000 0.000000 0.000000 0.000000 0.000000 83.831215 80.835976 71.592003 86.120865 83.831215 86.120865 86.120865 85.977829 86.120865 86.120865 86.120865 0.000000 0.000000 0.000000 0.000000 0.000000 
