test/output/constant/M365_S060_A180_WD225.0_WS010.0/M365_S060_A180_WD225.0_WS010.0_arrival.asc
ncols         43
nrows         10
xllcorner     426603.990666
yllcorner     12748655.311160
cellsize      100.000000
NODATA_value  0.000000
0.000000 0.000000 0.000000 0.000000 0.000000 0.000000 0.000000 0.000000 0.000000 0.000000 0.000000 0.000000 0.000000 0.000000 0.000000 0.000000 0.000000 0.000000 0.000000 0.000000 0.000000 0.000000 0.000000 166.041247 166.040079 166.039301 166.038912 166.038523 166.038134 166.038134 166.037745 166.037745 166.037745 166.037745 166.038134 166.038523 166.038912 166.039301 166.040079 166.040468 166.040857 166.041636 0.000000 
0.000000 0.000000 0.000000 0.000000 0.000000 0.000000 0.000000 0.000000 0.000000 0.000000 0.000000 0.000000 0.000000 0.000000 0.000000 0.000000 0.000000 166.041667 166.039301 166.037355 166.035799 166.034632 166.033853 166.033464 166.033075 166.033075 166.032686 166.032686 166.032686 166.032686 166.033075 166.033464 166.033853 166.034632 166.035021 166.035799 166.036188 166.036966 166.037745 166.038523 166.039301 166.040468 166.041247 
0.000000 0.000000 0.000000 0.000000 0.000000 0.000000 0.000000 0.000000 0.000000 0.000000 0.000000 0.000000 0.000000 166.039690 166.036188 166.033464 166.031519 166.029962 166.029184 166.028406 166.028406 166.028017 166.027627 166.027627 166.027627 166.028017 166.028406 166.028795 166.029184 166.029962 166.030351 166.031130 166.031519 166.032686 166.033464 166.034242 166.035410 166.036577 166.037355 166.038523 166.039301 166.040468 166.041247 
0.000000 0.000000 0.000000 0.000000 0.000000 0.000000 0.000000 0.000000 0.000000 166.039690 166.034632 166.031130 166.028017 166.025682 166.024514 166.023736 166.023347 166.022958 166.022569 166.022569 166.022569 166.022958 166.023347 166.024125 166.024514 166.025293 166.025682 166.026460 166.027627 166.028406 166.029573 166.030351 166.031519 166.032297 166.033464 166.034632 166.035410 166.036577 166.037745 166.038523 166.040079 166.040857 0.000000 
0.000000 0.000000 0.000000 0.000000 0.000000 0.000000 166.037355 166.030351 166.025682 166.022569 166.020234 166.018678 166.018289 166.017899 166.017510 166.017510 166.017899 166.018289 166.018678 166.019456 166.019845 166.020623 166.021402 166.022569 166.023347 166.024514 166.025682 166.026460 166.027627 166.028406 166.029573 166.030740 166.031519 166.033075 166.033853 166.035410 166.036577 166.037745 166.038912 166.040468 166.041636 0.000000 0.000000 
0.000000 0.000000 0.000000 166.038523 166.028406 166.021012 166.017121 166.014397 166.013230 166.012841 166.012841 166.012841 166.012841 166.013619 166.014008 166.014787 166.015565 166.016732 166.017510 166.018678 166.019456 166.020623 166.021402 166.022569 166.023736 166.024514 166.026071 166.026849 166.028406 166.029573 166.031130 166.032297 166.033853 166.035021 166.036577 166.037745 166.039301 166.040857 0.000000 0.000000 0.000000 0.000000 0.000000 
0.000000 166.035021 166.019456 166.012063 166.008950 166.007782 166.007782 166.007782 166.008171 166.008561 166.009728 166.010506 166.011674 166.012452 166.013619 166.014397 166.015565 166.016732 166.017510 166.019067 166.020234 166.021402 166.022569 166.024125 166.025293 166.026849 166.028406 166.029962 166.031519 166.032686 166.034242 166.035799 166.037355 166.038912 166.040079 166.041667 0.000000 0.000000 0.000000 0.000000 0.000000 0.000000 0.000000 
166.013619 166.003113 166.002724 166.002724 166.003502 166.004669 166.005837 166.006615 166.007782 166.008561 166.009728 166.010506 166.012063 166.013230 166.014397 166.015954 166.017510 166.018678 166.020234 166.021791 166.023347 166.024904 166.026460 166.028017 166.029962 166.031519 166.033075 166.034632 166.036577 166.038134 166.039690 166.041247 0.000000 0.000000 0.000000 0.000000 0.000000 0.000000 0.000000 0.000000 0.000000 0.000000 0.000000 
166.000000 166.000778 166.001556 166.002724 166.003502 166.005059 166.006226 166.007782 166.009339 166.011284 166.012841 166.014397 166.015954 166.017899 166.019456 166.021012 166.022958 166.024514 166.026071 166.028017 166.029573 166.031519 166.033075 166.034632 166.036188 166.038134 166.039690 166.041636 0.000000 0.000000 0.000000 0.000000 0.000000 0.000000 0.000000 0.000000 0.000000 0.000000 0.000000 0.000000 0.000000 0.000000 0.000000 
166.028795 166.018678 166.016343 166.016343 166.017121 166.017899 166.019067 166.020234 166.022180 166.023736 166.025682 166.026849 166.028795 166.030351 166.031908 166.033853 166.035410 166.036966 166.038912 166.040468 0.000000 0.000000 0.000000 0.000000 0.000000 0.000000 0.000000 0.000000 0.000000 0.000000 0.000000 0.000000 0.000000 0.000000 0.000000 0.000000 0.000000 0.000000 0.000000 0.000000 0.000000 0.000000 0.000000 
