test/output/constant/M485_S060_A180_WD270.0_WS035.0/M485_S060_A180_WD270.0_WS035.0_arrival.asc
ncols         43
nrows         7
xllcorner     426603.990666
yllcorner     12748455.311160
cellsize      100.000000
NODATA_value  0.000000
0.000000 0.000000 0.000000 0.000000 0.000000 0.000000 0.000000 0.000000 0.000000 0.000000 0.000000 0.000000 0.000000 0.000000 0.000000 0.000000 166.040957 166.040162 166.039764 166.039366 166.038969 166.038571 166.038571 166.038571 166.038571 166.038969 166.039366 166.040162 166.040559 166.041355 0.000000 0.000000 0.000000 0.000000 0.000000 0.000000 0.000000 0.000000 0.000000 0.000000 0.000000 0.000000 0.000000 
0.000000 0.000000 0.000000 0.000000 0.000000 166.035788 166.031811 166.028630 166.026642 166.025449 166.024256 166.023858 166.023461 166.023063 166.023063 166.023461 166.023858 166.024654 166.025051 166.025847 166.026642 166.027039 166.027835 166.028630 166.029425 166.030221 166.030618 166.031414 166.032606 166.033402 166.034197 166.034992 166.036185 166.036980 166.037776 166.038969 166.039764 166.040559 166.041667 0.000000 0.000000 0.000000 0.000000 
0.000000 166.017894 166.010339 166.008748 166.007953 166.007953 166.008350 166.009146 166.009543 166.010339 166.011134 166.012327 166.013122 166.014315 166.015110 166.015906 166.017098 166.017894 166.019087 166.019882 166.021075 166.021870 166.022665 166.023858 166.024654 166.025847 166.026642 166.027835 166.028630 166.029425 166.030618 166.031414 166.032606 166.033402 166.034595 166.035390 166.036583 166.037378 166.038571 166.039366 166.040559 166.041355 0.000000 
166.000000 166.000795 166.001591 166.002783 166.003579 166.004772 166.005567 166.006760 166.007555 166.008748 166.009543 166.010736 166.011532 166.012724 166.013520 166.014713 166.015508 166.016701 166.017496 166.018689 166.019484 166.020677 166.021473 166.022665 166.023461 166.024654 166.025449 166.026642 166.027437 166.028630 166.029425 166.030618 166.031414 166.032606 166.033402 166.034595 166.035390 166.036583 166.037378 166.038571 166.039366 166.040559 166.041355 
0.000000 166.017894 166.010339 166.008748 166.007953 166.007953 166.008350 166.009146 166.009543 166.010339 166.011134 166.012327 166.013122 166.014315 166.015110 166.015906 166.017098 166.017894 166.019087 166.019882 166.021075 166.021870 166.022665 166.023858 166.024654 166.025847 166.026642 166.027835 166.028630 166.029425 166.030618 166.031414 166.032606 166.033402 166.034595 166.035390 166.036583 166.037378 166.038571 166.039366 166.040559 166.041355 0.000000 
0.000000 0.000000 0.000000 0.000000 0.000000 166.035788 166.031811 166.028630 166.026642 166.025449 166.024256 166.023858 166.023461 166.023063 166.023063 166.023461 166.023858 166.024654 166.025051 166.025847 166.026642 166.027039 166.027835 166.028630 166.029425 166.030221 166.030618 166.031414 166.032606 166.033402 166.034197 166.034992 166.036185 166.036980 166.037776 166.038969 166.039764 166.040559 166.041667 0.000000 0.000000 0.000000 0.000000 
0.000000 0.000000 0.000000 0.000000 0.000000 0.000000 0.000000 0.000000 0.000000 0.000000 0.000000 0.000000 0.000000 0.000000 0.000000 0.000000 166.040957 166.040162 166.039764 166.039366 166.038969 166.038571 166.038571 166.038571 166.038571 166.038969 166.039366 166.040162 166.040559 166.041355 0.000000 0.000000 0.000000 0.000000 0.000000 0.000000 0.000000 0.000000 0.000000 0.000000 0.000000 0.000000 0.000000 
