test/output/constant/M3M470_S060_A090_WD135.0_WS035.0/M3M470_S060_A090_WD135.0_WS035.0_ros.asc
ncols         22
nrows         13
xllcorner     424603.990666
yllcorner     12747655.311160
cellsize      100.000000
NODATA_value  0.000000
0.000000 0.000000 0.000000 0.000000 0.000000 0.000000 0.000000 0.000000 0.000000 0.000000 0.000000 0.000000 0.000000 0.000000 0.000000 0.000000 9.864472 5.704921 5.704921 5.704921 5.704921 1.495449 
0.000000 0.000000 0.000000 0.000000 0.000000 0.000000 0.000000 0.000000 0.000000 0.000000 0.000000 0.000000 7.601935 3.142221 5.704921 5.704921 5.704921 3.142221 12.432656 37.645168 -1.000000 2.237818 
0.000000 0.000000 0.000000 0.000000 0.000000 0.000000 0.000000 0.000000 0.000000 0.000000 15.233503 12.432656 5.704921 5.704921 12.432656 12.432656 5.704921 37.645168 37.645168 36.239086 25.336678 2.237818 
0.000000 0.000000 0.000000 0.000000 0.000000 0.000000 0.000000 0.000000 5.704921 7.601935 12.432656 12.432656 12.432656 35.734840 29.721426 37.645168 37.645168 37.187191 30.694492 3.461453 1.357772 0.000000 
0.000000 0.000000 0.000000 0.000000 0.000000 0.000000 12.432656 4.214402 4.214402 12.432656 27.055725 37.645168 37.645168 37.645168 37.645168 37.645168 37.645168 30.694492 3.461453 2.237818 3.461453 0.000000 
0.000000 0.000000 0.000000 0.000000 4.214402 4.214402 12.432656 27.055725 12.432656 29.721426 37.645168 37.645168 37.645168 37.187191 37.645168 4.750795 30.694492 2.237818 2.755203 2.237818 0.000000 0.000000 
0.000000 0.000000 0.000000 12.432656 29.721426 4.214402 5.704921 37.645168 37.645168 37.645168 37.645168 37.645168 37.645168 37.625282 3.461453 28.133295 30.694492 25.336678 0.000000 0.000000 0.000000 0.000000 
0.000000 0.000000 7.601935 27.055725 35.734840 9.864472 37.645168 37.645168 37.645168 37.645168 37.645168 32.942711 32.942711 28.133295 2.755203 3.461453 2.755203 0.000000 0.000000 0.000000 0.000000 0.000000 
0.000000 37.645168 12.432656 18.184958 37.645168 37.515881 37.645168 37.645168 37.645168 37.187191 3.461453 30.694492 4.750795 28.133295 1.793023 0.000000 0.000000 0.000000 0.000000 0.000000 0.000000 0.000000 
21.199278 34.127617 37.645168 37.645168 37.645168 37.645168 37.645168 37.187191 28.133295 30.694492 30.694492 3.461453 4.750795 0.000000 0.000000 0.000000 0.000000 0.000000 0.000000 0.000000 0.000000 0.000000 
37.645168 37.645168 37.645168 37.645168 37.645168 37.645168 37.645168 30.694492 30.694492 28.133295 2.755203 0.000000 0.000000 0.000000 0.000000 0.000000 0.000000 0.000000 0.000000 0.000000 0.000000 0.000000 
37.645168 37.645168 37.645168 37.645168 34.809792 28.133295 3.461453 28.133295 28.133295 0.000000 0.000000 0.000000 0.000000 0.000000 0.000000 0.000000 0.000000 0.000000 0.000000 0.000000 0.000000 0.000000 
37.645168 37.645168 32.942711 28.133295 30.694492 0.000000 0.000000 0.000000 0.000000 0.000000 0.000000 0.000000 0.000000 0.000000 0.000000 0.000000 0.000000 0.000000 0.000000 0.000000 0.000000 0.000000 
