test/output/constant/M3M470_S060_A090_WD135.0_WS035.0/M3M470_S060_A090_WD135.0_WS035.0_arrival.asc
ncols         22
nrows         13
xllcorner     424603.990666
yllcorner     12747655.311160
cellsize      100.000000
NODATA_value  0.000000
0.000000 0.000000 0.000000 0.000000 0.000000 0.000000 0.000000 0.000000 0.000000 0.000000 0.000000 0.000000 0.000000 0.000000 0.000000 0.000000 166.037023 166.031178 166.024682 166.020785 166.019486 166.035075 
0.000000 0.000000 0.000000 0.000000 0.000000 0.000000 0.000000 0.000000 0.000000 0.000000 0.000000 0.000000 166.038972 166.033126 166.026631 166.020785 166.014939 166.009093 166.003897 166.001299 166.000000 166.025981 
0.000000 0.000000 0.000000 0.000000 0.000000 0.000000 0.000000 0.000000 0.000000 0.000000 166.037023 166.031178 166.025981 166.020785 166.015589 166.011042 166.007794 166.005196 166.003248 166.001949 166.003248 166.031827 
0.000000 0.000000 0.000000 0.000000 0.000000 0.000000 0.000000 0.000000 166.037673 166.032477 166.027280 166.022734 166.018187 166.014290 166.011692 166.009743 166.007794 166.005846 166.005846 166.009093 166.020136 0.000000 
0.000000 0.000000 0.000000 0.000000 0.000000 0.000000 166.038972 166.034425 166.029879 166.025332 166.021435 166.018187 166.015589 166.013640 166.011692 166.010393 166.009743 166.010393 166.014939 166.024033 166.038972 0.000000 
0.000000 0.000000 0.000000 0.000000 166.041570 166.037023 166.032477 166.028580 166.025332 166.022084 166.020136 166.017537 166.015589 166.014290 166.013640 166.014290 166.015589 166.020785 166.029229 166.041570 0.000000 0.000000 
0.000000 0.000000 0.000000 166.039622 166.035724 166.032477 166.029229 166.025981 166.024033 166.022084 166.020136 166.018187 166.017537 166.017537 166.018837 166.020785 166.025981 166.033776 0.000000 0.000000 0.000000 0.000000 
0.000000 0.000000 166.039622 166.035724 166.032477 166.030528 166.027930 166.025981 166.024033 166.022734 166.021435 166.021435 166.022084 166.023383 166.026631 166.031827 166.039622 0.000000 0.000000 0.000000 0.000000 0.000000 
0.000000 166.039622 166.037023 166.034425 166.032477 166.029879 166.027930 166.026631 166.025981 166.025332 166.025981 166.026631 166.028580 166.031827 166.037673 0.000000 0.000000 0.000000 0.000000 0.000000 0.000000 0.000000 
166.040921 166.038323 166.036374 166.034425 166.032477 166.031178 166.029879 166.029229 166.029229 166.029879 166.031178 166.033776 166.037673 0.000000 0.000000 0.000000 0.000000 0.000000 0.000000 0.000000 0.000000 0.000000 
166.040271 166.038323 166.036374 166.035075 166.033776 166.033126 166.033126 166.033776 166.034425 166.035724 166.038972 0.000000 0.000000 0.000000 0.000000 0.000000 0.000000 0.000000 0.000000 0.000000 0.000000 0.000000 
166.040271 166.038972 166.037673 166.037023 166.037023 166.037023 166.038323 166.038972 166.040921 0.000000 0.000000 0.000000 0.000000 0.000000 0.000000 0.000000 0.000000 0.000000 0.000000 0.000000 0.000000 0.000000 
166.041667 166.040921 166.040921 166.040921 166.041570 0.000000 0.000000 0.000000 0.000000 0.000000 0.000000 0.000000 0.000000 0.000000 0.000000 0.000000 0.000000 0.000000 0.000000 0.000000 0.000000 0.000000 
