test/output/constant/M3M490_S060_A180_WD135.0_WS015.0/M3M490_S060_A180_WD135.0_WS015.0_arrival.asc
ncols         36
nrows         16
xllcorner     426503.990666
yllcorner     12748655.311160
cellsize      100.000000
NODATA_value  0.000000
0.000000 0.000000 0.000000 0.000000 0.000000 0.000000 0.000000 0.000000 0.000000 0.000000 0.000000 0.000000 0.000000 0.000000 0.000000 0.000000 0.000000 0.000000 0.000000 0.000000 0.000000 0.000000 0.000000 0.000000 0.000000 0.000000 0.000000 0.000000 0.000000 166.041667 166.041667 166.041241 166.041667 0.000000 0.000000 0.000000 
0.000000 0.000000 0.000000 0.000000 0.000000 0.000000 0.000000 0.000000 0.000000 0.000000 0.000000 0.000000 0.000000 0.000000 0.000000 0.000000 0.000000 0.000000 0.000000 0.000000 0.000000 0.000000 0.000000 166.041241 166.039881 166.039428 166.038975 166.038521 166.038521 166.038521 166.038521 166.038975 166.039428 166.039881 166.040787 166.041667 
0.000000 0.000000 0.000000 0.000000 0.000000 0.000000 0.000000 0.000000 0.000000 0.000000 0.000000 0.000000 0.000000 0.000000 0.000000 0.000000 0.000000 0.000000 0.000000 166.041241 166.039428 166.038068 166.037162 166.036256 166.035802 166.035349 166.035349 166.035349 166.035802 166.036256 166.036709 166.037162 166.038068 166.038975 166.040334 166.041667 
0.000000 0.000000 0.000000 0.000000 0.000000 0.000000 0.000000 0.000000 0.000000 0.000000 0.000000 0.000000 0.000000 0.000000 0.000000 0.000000 166.041667 166.038975 166.036709 166.034896 166.033990 166.033083 166.032630 166.032630 166.032177 166.032177 166.032630 166.033083 166.033536 166.034443 166.035802 166.036709 166.038068 166.038975 166.040334 166.041667 
0.000000 0.000000 0.000000 0.000000 0.000000 0.000000 0.000000 0.000000 0.000000 0.000000 0.000000 0.000000 0.000000 0.000000 166.038975 166.036256 166.033990 166.032177 166.030817 166.029911 166.029458 166.029458 166.029458 166.029458 166.029911 166.030364 166.030817 166.031724 166.033083 166.033990 166.035349 166.036709 166.038068 166.039428 166.040787 0.000000 
0.000000 0.000000 0.000000 0.000000 0.000000 0.000000 0.000000 0.000000 0.000000 0.000000 0.000000 0.000000 166.037615 166.033990 166.031270 166.029004 166.027645 166.026738 166.026285 166.026285 166.026285 166.026285 166.026738 166.027192 166.028098 166.029458 166.030364 166.031724 166.033083 166.033990 166.035802 166.037162 166.038975 166.040334 0.000000 0.000000 
0.000000 0.000000 0.000000 0.000000 0.000000 0.000000 0.000000 0.000000 0.000000 0.000000 166.036256 166.031724 166.028551 166.026285 166.024926 166.024019 166.023566 166.023113 166.023113 166.023566 166.024019 166.024472 166.025832 166.026738 166.028098 166.029004 166.030364 166.031724 166.033536 166.034896 166.036709 166.038521 166.040334 0.000000 0.000000 0.000000 
0.000000 0.000000 0.000000 0.000000 0.000000 0.000000 0.000000 0.000000 166.035802 166.030364 166.026285 166.023566 166.021753 166.020847 166.020394 166.019941 166.019941 166.020394 166.020847 166.022206 166.023113 166.024472 166.025379 166.026738 166.028098 166.029911 166.031270 166.033083 166.034896 166.037162 166.038975 166.041241 0.000000 0.000000 0.000000 0.000000 
0.000000 0.000000 0.000000 0.000000 0.000000 0.000000 166.036256 166.029458 166.024019 166.020847 166.018581 166.017675 166.017221 166.017221 166.017221 166.017675 166.018128 166.019487 166.020394 166.021753 166.023113 166.024472 166.025832 166.027645 166.029458 166.031270 166.033536 166.035349 166.037615 166.039881 0.000000 0.000000 0.000000 0.000000 0.000000 0.000000 
0.000000 0.000000 0.000000 0.000000 166.039881 166.029458 166.023113 166.018581 166.015862 166.014502 166.014049 166.014049 166.014049 166.014502 166.015862 166.016768 166.018128 166.019487 166.020847 166.022206 166.024019 166.025832 166.027645 166.029911 166.032177 166.034443 166.036709 166.038975 166.041241 0.000000 0.000000 0.000000 0.000000 0.000000 0.000000 0.000000 
0.000000 0.000000 0.000000 166.033990 166.023113 166.016768 166.013143 166.011330 166.010877 166.010877 166.011330 166.011783 166.013143 166.014502 166.015409 166.016768 166.018581 166.020394 166.022206 166.024019 166.026738 166.029004 166.031270 166.033536 166.036256 166.038521 166.041241 0.000000 0.000000 0.000000 0.000000 0.000000 0.000000 0.000000 0.000000 0.000000 
0.000000 0.000000 166.028551 166.017221 166.010877 166.008611 166.008157 166.007704 166.008157 166.009517 166.010877 166.011783 166.013143 166.014955 166.016768 166.018581 166.020847 166.023113 166.025379 166.028098 166.030817 166.033536 166.035802 166.038521 166.041241 0.000000 0.000000 0.000000 0.000000 0.000000 0.000000 0.000000 0.000000 0.000000 0.000000 0.000000 
0.000000 166.023566 166.010423 166.005438 166.004985 166.004985 166.005892 166.006798 166.008157 166.009517 166.011330 166.013143 166.015409 166.017675 166.020394 166.022660 166.025379 166.028098 166.030817 166.033536 166.036256 166.039428 0.000000 0.000000 0.000000 0.000000 0.000000 0.000000 0.000000 0.000000 0.000000 0.000000 0.000000 0.000000 0.000000 0.000000 
166.029004 166.003626 166.001813 166.002266 166.003172 166.004532 166.005892 166.007704 166.009970 166.012236 166.014955 166.017675 166.020394 166.023113 166.026285 166.029004 166.032177 166.034896 166.038068 166.041241 0.000000 0.000000 0.000000 0.000000 0.000000 0.000000 0.000000 0.000000 0.000000 0.000000 0.000000 0.000000 0.000000 0.000000 0.000000 0.000000 
166.021300 166.000000 166.000906 166.002266 166.004079 166.006798 166.009970 166.012689 166.015862 166.019034 166.022206 166.025379 166.028551 166.031724 166.034443 166.037615 166.040787 0.000000 0.000000 0.000000 0.000000 0.000000 0.000000 0.000000 0.000000 0.000000 0.000000 0.000000 0.000000 0.000000 0.000000 0.000000 0.000000 0.000000 0.000000 0.000000 
166.032177 166.017675 166.016315 166.017221 166.019487 166.021753 166.024472 166.027645 166.030817 166.033990 166.037162 166.040334 0.000000 0.000000 0.000000 0.000000 0.000000 0.000000 0.000000 0.000000 0.000000 0.000000 0.000000 0.000000 0.000000 0.000000 0.000000 0.000000 0.000000 0.000000 0.000000 0.000000 0.000000 0.000000 0.000000 0.000000 
