test/output/constant/M3M460_S060_A090_WD135.0_WS025.0/M3M460_S060_A090_WD135.0_WS025.0_arrival.asc
ncols         15
nrows         15
xllcorner     425303.990666
yllcorner     12747455.311160
cellsize      100.000000
NODATA_value  0.000000
0.000000 0.000000 0.000000 0.000000 0.000000 0.000000 0.000000 0.000000 0.000000 0.000000 0.000000 166.040114 166.027578 166.022564 166.035100 
0.000000 0.000000 0.000000 0.000000 0.000000 0.000000 0.000000 0.000000 0.000000 166.040114 166.025907 166.011700 166.001671 166.000000 166.025907 
0.000000 0.000000 0.000000 0.000000 0.000000 0.000000 0.000000 0.000000 166.035100 166.021728 166.011700 166.005014 166.001671 166.001671 166.027578 
0.000000 0.000000 0.000000 0.000000 0.000000 0.000000 0.000000 166.032593 166.021728 166.013371 166.008357 166.005014 166.005014 166.010028 166.037607 
0.000000 0.000000 0.000000 0.000000 0.000000 0.000000 166.032593 166.023400 166.015878 166.011700 166.008357 166.008357 166.010028 166.021728 0.000000 
0.000000 0.000000 0.000000 0.000000 0.000000 166.033428 166.025071 166.018386 166.015043 166.011700 166.010864 166.012536 166.019221 166.034264 0.000000 
0.000000 0.000000 0.000000 0.000000 166.035100 166.027578 166.021728 166.017550 166.015043 166.014207 166.015043 166.019221 166.030085 0.000000 0.000000 
0.000000 0.000000 0.000000 166.036771 166.030085 166.025071 166.020893 166.018386 166.017550 166.017550 166.020893 166.028414 166.040950 0.000000 0.000000 
0.000000 0.000000 166.039278 166.032593 166.027578 166.024235 166.021728 166.020893 166.020893 166.023400 166.028414 166.038443 0.000000 0.000000 0.000000 
0.000000 166.040950 166.035100 166.030921 166.027578 166.024235 166.023400 166.024235 166.025071 166.030085 166.037607 0.000000 0.000000 0.000000 0.000000 
0.000000 166.038443 166.034264 166.030921 166.027578 166.026743 166.026743 166.028414 166.031757 166.038443 0.000000 0.000000 0.000000 0.000000 0.000000 
166.041667 166.037607 166.033428 166.030921 166.030085 166.030085 166.030921 166.033428 166.039278 0.000000 0.000000 0.000000 0.000000 0.000000 0.000000 
166.040114 166.036771 166.034264 166.033428 166.033428 166.033428 166.035935 166.040950 0.000000 0.000000 0.000000 0.000000 0.000000 0.000000 0.000000 
166.040114 166.037607 166.035935 166.035935 166.036771 166.038443 0.000000 0.000000 0.000000 0.000000 0.000000 0.000000 0.000000 0.000000 0.000000 
166.040950 166.039278 166.039278 166.039278 166.041667 0.000000 0.000000 0.000000 0.000000 0.000000 0.000000 0.000000 0.000000 0.000000 0.000000 
