test/output/constant/M3M470_S000_A270_WD270.0_WS035.0/M3M470_S000_A270_WD270.0_WS035.0_arrival.asc
ncols         36
nrows         9
xllcorner     426503.990666
yllcorner     12748355.311160
cellsize      100.000000
NODATA_value  0.000000
0.000000 0.000000 0.000000 0.000000 0.000000 0.000000 0.000000 0.000000 0.000000 0.000000 0.000000 0.000000 0.000000 166.041526 166.040549 166.040061 166.039572 166.039572 166.039083 166.039083 166.039083 166.039572 166.039572 166.040549 166.041038 0.000000 0.000000 0.000000 0.000000 0.000000 0.000000 0.000000 0.000000 0.000000 0.000000 0.000000 
0.000000 0.000000 0.000000 0.000000 0.000000 0.000000 166.036641 166.033710 166.031755 166.030290 166.029313 166.028824 166.028336 166.028336 166.028336 166.028336 166.028336 166.029313 166.029801 166.030778 166.031267 166.032244 166.033221 166.034198 166.034687 166.035664 166.036641 166.037618 166.038595 166.039572 166.040549 166.041526 0.000000 0.000000 0.000000 0.000000 
0.000000 0.000000 166.035664 166.027358 166.021496 166.019542 166.018076 166.017588 166.017099 166.017099 166.017099 166.017588 166.018565 166.019542 166.020030 166.021007 166.021984 166.022962 166.023939 166.024916 166.025893 166.027358 166.028336 166.029313 166.030778 166.031755 166.032732 166.034198 166.035175 166.036152 166.037618 166.038595 166.039572 166.041038 0.000000 0.000000 
0.000000 166.013191 166.006840 166.005863 166.005863 166.006351 166.007328 166.008305 166.009282 166.010259 166.011725 166.012702 166.014168 166.015145 166.016122 166.017588 166.018565 166.020030 166.021007 166.021984 166.023450 166.024427 166.025893 166.026870 166.028336 166.029313 166.030778 166.031755 166.032732 166.034198 166.035175 166.036641 166.037618 166.039083 166.040061 166.041526 
166.037618 166.000000 166.000977 166.001954 166.003420 166.004397 166.005863 166.006840 166.008305 166.009282 166.010748 166.011725 166.013191 166.014168 166.015633 166.016610 166.018076 166.019053 166.020519 166.021496 166.022962 166.023939 166.025404 166.026381 166.027847 166.028824 166.030290 166.031267 166.032732 166.033710 166.035175 166.036152 166.037618 166.038595 166.040061 166.041038 
0.000000 166.013191 166.006840 166.005863 166.005863 166.006351 166.007328 166.008305 166.009282 166.010259 166.011725 166.012702 166.014168 166.015145 166.016122 166.017588 166.018565 166.020030 166.021007 166.021984 166.023450 166.024427 166.025893 166.026870 166.028336 166.029313 166.030778 166.031755 166.032732 166.034198 166.035175 166.036641 166.037618 166.039083 166.040061 166.041526 
0.000000 0.000000 166.035664 166.027358 166.021496 166.019542 166.018076 166.017588 166.017099 166.017099 166.017099 166.017588 166.018565 166.019542 166.020030 166.021007 166.021984 166.022962 166.023939 166.024916 166.025893 166.027358 166.028336 166.029313 166.030778 166.031755 166.032732 166.034198 166.035175 166.036152 166.037618 166.038595 166.039572 166.041038 0.000000 0.000000 
0.000000 0.000000 0.000000 0.000000 0.000000 0.000000 166.036641 166.033710 166.031755 166.030290 166.029313 166.028824 166.028336 166.028336 166.028336 166.028336 166.028336 166.029313 166.029801 166.030778 166.031267 166.032244 166.033221 166.034198 166.034687 166.035664 166.036641 166.037618 166.038595 166.039572 166.040549 166.041526 0.000000 0.000000 0.000000 0.000000 
0.000000 0.000000 0.000000 0.000000 0.000000 0.000000 0.000000 0.000000 0.000000 0.000000 0.000000 0.000000 0.000000 166.041526 166.040549 166.040061 166.039572 166.039572 166.039083 166.039083 166.039083 166.039572 166.039572 166.040549 166.041038 0.000000 0.000000 0.000000 0.000000 0.000000 0.000000 0.000000 0.000000 0.000000 0.000000 0.000000 
