test/output/constant/M3M495_S060_A180_WD000.0_WS010.0/M3M495_S060_A180_WD000.0_WS010.0_ros.asc
ncols         52
nrows         16
xllcorner     426603.990666
yllcorner     12747355.311160
cellsize      100.000000
NODATA_value  0.000000
1.028447 13.032095 13.032095 39.074505 13.032095 39.074505 18.540083 39.074505 39.074505 18.540083 46.565083 31.761137 18.540083 39.074505 18.540083 46.565083 0.000000 0.000000 0.000000 0.000000 0.000000 0.000000 0.000000 0.000000 0.000000 0.000000 0.000000 0.000000 0.000000 0.000000 0.000000 0.000000 0.000000 0.000000 0.000000 0.000000 0.000000 0.000000 0.000000 0.000000 0.000000 0.000000 0.000000 0.000000 0.000000 0.000000 0.000000 0.000000 0.000000 0.000000 0.000000 0.000000 
-1.000000 87.970284 87.970284 18.540083 82.987671 67.842957 73.819603 61.170856 31.761137 31.761137 24.846575 13.032095 39.074505 18.540083 46.565083 31.761137 18.540083 39.074505 24.846575 46.565083 31.761137 18.540083 39.074505 24.846575 0.000000 0.000000 0.000000 0.000000 0.000000 0.000000 0.000000 0.000000 0.000000 0.000000 0.000000 0.000000 0.000000 0.000000 0.000000 0.000000 0.000000 0.000000 0.000000 0.000000 0.000000 0.000000 0.000000 0.000000 0.000000 0.000000 0.000000 0.000000 
2.607813 87.787819 87.970284 87.970284 87.970284 87.970284 87.970284 87.970284 87.970284 82.987671 87.970284 87.970284 73.819603 18.540083 73.819603 8.487779 24.846575 67.842957 67.842957 31.761137 24.846575 18.540083 13.032095 67.842957 24.846575 31.761137 31.761137 18.540083 0.000000 0.000000 0.000000 0.000000 0.000000 0.000000 0.000000 0.000000 0.000000 0.000000 0.000000 0.000000 0.000000 0.000000 0.000000 0.000000 0.000000 0.000000 0.000000 0.000000 0.000000 0.000000 0.000000 0.000000 
1.900147 45.171326 59.854630 66.630501 87.970284 82.299858 87.970284 87.970284 87.970284 87.970284 87.897789 87.970284 87.970284 87.970284 87.970284 31.761137 87.970284 87.970284 87.970284 73.819603 13.032095 85.900902 24.846575 73.819603 85.900902 31.761137 78.919426 18.540083 31.761137 24.846575 24.846575 18.540083 0.000000 0.000000 0.000000 0.000000 0.000000 0.000000 0.000000 0.000000 0.000000 0.000000 0.000000 0.000000 0.000000 0.000000 0.000000 0.000000 0.000000 0.000000 0.000000 0.000000 
0.000000 0.000000 45.171326 52.628300 1.454603 59.854630 66.630501 87.970284 87.970284 87.970284 87.970284 87.970284 87.970284 87.970284 87.970284 82.987671 78.919426 87.970284 82.987671 87.970284 87.570763 24.846575 87.970284 87.970284 18.540083 87.970284 82.987671 87.970284 82.987671 18.540083 78.919426 24.846575 78.919426 18.540083 82.987671 0.000000 0.000000 0.000000 0.000000 0.000000 0.000000 0.000000 0.000000 0.000000 0.000000 0.000000 0.000000 0.000000 0.000000 0.000000 0.000000 0.000000 
0.000000 0.000000 0.000000 1.454603 59.854630 59.854630 59.854630 59.854630 66.630501 87.787819 78.026436 87.787819 87.970284 87.970284 87.970284 87.970284 87.970284 87.970284 78.919426 87.970284 87.970284 87.970284 78.919426 85.900902 87.970284 87.970284 87.970284 24.846575 87.570763 87.970284 31.761137 87.970284 87.970284 82.987671 18.540083 87.970284 46.565083 18.540083 0.000000 0.000000 0.000000 0.000000 0.000000 0.000000 0.000000 0.000000 0.000000 0.000000 0.000000 0.000000 0.000000 0.000000 
0.000000 0.000000 0.000000 0.000000 0.000000 52.628300 52.628300 59.854630 59.854630 59.854630 82.299858 87.970284 87.351494 82.299858 87.970284 87.970284 87.970284 87.970284 87.970284 87.970284 87.970284 87.897789 87.970284 87.970284 87.970284 61.170856 82.987671 87.970284 78.919426 87.970284 87.970284 24.846575 87.970284 87.970284 87.570763 87.970284 24.846575 18.540083 87.970284 87.970284 85.900902 0.000000 0.000000 0.000000 0.000000 0.000000 0.000000 0.000000 0.000000 0.000000 0.000000 0.000000 
0.000000 0.000000 0.000000 0.000000 0.000000 0.000000 0.000000 52.628300 59.854630 59.854630 59.854630 59.854630 59.854630 59.854630 87.970284 87.970284 85.440071 87.970284 87.970284 87.787819 87.970284 87.970284 87.970284 87.970284 87.970284 87.970284 73.819603 87.970284 24.846575 87.970284 87.970284 87.970284 82.987671 87.970284 87.970284 87.970284 87.970284 87.970284 87.897789 87.970284 18.540083 85.900902 24.846575 0.000000 0.000000 0.000000 0.000000 0.000000 0.000000 0.000000 0.000000 0.000000 
0.000000 0.000000 0.000000 0.000000 0.000000 0.000000 0.000000 0.000000 0.000000 0.000000 59.854630 59.854630 66.630501 59.854630 59.854630 85.440071 82.299858 87.970284 85.440071 82.299858 87.970284 87.970284 87.970284 87.970284 87.970284 87.970284 87.970284 87.970284 87.970284 87.970284 87.970284 87.970284 87.970284 87.970284 78.919426 73.819603 87.970284 85.900902 78.919426 87.970284 87.970284 67.842957 85.900902 87.970284 87.570763 0.000000 0.000000 0.000000 0.000000 0.000000 0.000000 0.000000 
0.000000 0.000000 0.000000 0.000000 0.000000 0.000000 0.000000 0.000000 0.000000 0.000000 0.000000 0.000000 7.904728 59.854630 59.854630 66.630501 66.630501 59.854630 87.970284 82.299858 85.440071 85.440071 82.299858 87.970284 87.970284 87.970284 87.970284 87.970284 87.970284 87.970284 87.970284 87.970284 87.970284 87.970284 87.970284 87.897789 87.970284 87.970284 87.970284 87.970284 87.970284 24.846575 85.900902 78.919426 87.970284 87.970284 31.761137 0.000000 0.000000 0.000000 0.000000 0.000000 
0.000000 0.000000 0.000000 0.000000 0.000000 0.000000 0.000000 0.000000 0.000000 0.000000 0.000000 0.000000 0.000000 0.000000 0.000000 59.854630 59.854630 59.854630 59.854630 66.630501 85.440071 87.970284 66.630501 66.630501 87.970284 85.440071 87.351494 87.970284 87.970284 87.970284 87.970284 87.970284 87.970284 87.970284 87.970284 87.970284 87.970284 87.970284 87.970284 87.970284 87.970284 87.970284 24.846575 87.970284 87.970284 31.761137 87.970284 87.970284 87.970284 0.000000 0.000000 0.000000 
0.000000 0.000000 0.000000 0.000000 0.000000 0.000000 0.000000 0.000000 0.000000 0.000000 0.000000 0.000000 0.000000 0.000000 0.000000 0.000000 0.000000 0.000000 59.854630 66.630501 59.854630 59.854630 59.854630 59.854630 85.440071 59.854630 59.854630 87.970284 85.440071 87.787819 87.970284 87.970284 87.970284 87.970284 87.970284 87.970284 82.299858 87.970284 87.970284 87.970284 87.970284 87.970284 87.970284 87.970284 87.970284 87.970284 73.819603 87.970284 87.970284 82.987671 87.970284 0.000000 
0.000000 0.000000 0.000000 0.000000 0.000000 0.000000 0.000000 0.000000 0.000000 0.000000 0.000000 0.000000 0.000000 0.000000 0.000000 0.000000 0.000000 0.000000 0.000000 0.000000 0.000000 0.000000 59.854630 59.854630 66.630501 66.630501 87.970284 85.440071 87.970284 87.787819 72.749817 85.440071 87.970284 87.970284 87.970284 87.970284 87.970284 87.970284 87.351494 87.897789 87.970284 87.970284 87.970284 87.970284 87.970284 87.970284 73.819603 87.970284 87.570763 87.970284 87.970284 18.540083 
0.000000 0.000000 0.000000 0.000000 0.000000 0.000000 0.000000 0.000000 0.000000 0.000000 0.000000 0.000000 0.000000 0.000000 0.000000 0.000000 0.000000 0.000000 0.000000 0.000000 0.000000 0.000000 0.000000 0.000000 0.000000 59.854630 59.854630 59.854630 87.970284 87.970284 85.440071 85.440071 82.299858 87.970284 87.787819 87.970284 87.970284 87.970284 87.970284 87.970284 87.970284 87.970284 87.970284 87.970284 87.970284 87.970284 87.970284 87.970284 87.970284 87.970284 31.761137 73.819603 
0.000000 0.000000 0.000000 0.000000 0.000000 0.000000 0.000000 0.000000 0.000000 0.000000 0.000000 0.000000 0.000000 0.000000 0.000000 0.000000 0.000000 0.000000 0.000000 0.000000 0.000000 0.000000 0.000000 0.000000 0.000000 0.000000 0.000000 0.000000 0.000000 0.000000 59.854630 59.854630 87.970284 87.970284 87.970284 78.026436 85.440071 85.440071 87.970284 87.970284 87.970284 87.970284 87.970284 87.970284 87.970284 87.970284 87.970284 87.970284 87.970284 87.970284 87.970284 87.970284 
0.000000 0.000000 0.000000 0.000000 0.000000 0.000000 0.000000 0.000000 0.000000 0.000000 0.000000 0.000000 0.000000 0.000000 0.000000 0.000000 0.000000 0.000000 0.000000 0.000000 0.000000 0.000000 0.000000 0.000000 0.000000 0.000000 0.000000 0.000000 0.000000 0.000000 0.000000 0.000000 0.000000 0.000000 0.000000 0.000000 87.970284 87.970284 82.299858 72.749817 87.787819 87.970284 87.970284 87.970284 87.970284 87.970284 87.970284 87.970284 87.970284 87.970284 87.970284 0.000000 
