test/output/constant/M385_S060_A090_WD090.0_WS005.0/M385_S060_A090_WD090.0_WS005.0_intensity.asc
ncols         12
nrows         50
xllcorner     425703.990666
yllcorner     12743955.311160
cellsize      100.000000
NODATA_value  0.000000
0 0 0 0 0 0 0 0 0 780 0 0 
0 0 0 0 0 0 0 0 1307 0 954 0 
0 0 0 0 0 0 0 1685 1307 72990 26086 0 
0 0 0 0 0 0 0 979 72990 72990 38331 954 
0 0 0 0 0 0 1685 49850 72990 72990 26086 26086 
0 0 0 0 0 0 1307 1685 72503 72990 20385 954 
0 0 0 0 0 49850 49850 49850 72990 44502 20385 32129 
0 0 0 0 0 4025 4025 72990 72990 50456 26086 20385 
0 0 0 0 0 49850 1685 72990 72990 56012 20385 26086 
0 0 0 0 979 55453 49850 70949 72990 50456 32129 38331 
0 0 0 0 2278 55453 55453 72990 72990 50456 32129 26086 
0 0 0 0 2278 6715 72990 72855 72990 56012 32129 26086 
0 0 0 0 49850 49850 72990 72990 68693 56012 26086 20385 
0 0 0 49850 49850 4025 70949 72990 72990 50456 20385 32129 
0 0 0 55453 6715 49850 72990 72990 72990 50456 38331 26086 
0 0 0 49850 4025 72855 72990 72990 26086 50456 38331 44502 
0 0 0 2278 49850 72855 72990 72990 50456 32129 44502 26086 
0 0 49850 4025 55453 70949 72990 72990 68693 56012 32129 20385 
0 0 55453 4025 2278 72990 72990 72990 44502 56012 50456 32129 
0 0 2278 2278 70949 70949 72990 56012 56012 50456 44502 44502 
0 0 49850 55453 68374 72990 72990 72990 32129 56012 56012 26086 
0 0 49850 55453 68374 72990 72990 72990 61001 50456 56012 26086 
0 0 49850 4025 72990 72990 72990 72990 50456 56012 50456 38331 
0 4025 55453 64858 72990 72990 72990 50456 50456 20385 56012 38331 
0 6715 4025 60507 72990 72990 72990 56012 56012 50456 50456 20385 
0 49850 55453 72990 70949 72990 72990 50456 32129 32129 56012 26086 
0 55453 49850 72990 72990 72990 72990 72990 50456 50456 50456 26086 
0 4025 72990 72990 72990 72990 72990 72990 56012 32129 50456 26086 
0 4025 72990 72990 72990 72990 72990 50456 32129 50456 20385 0 
0 49850 72990 70949 72990 72990 56012 61001 50456 38331 50456 0 
0 49850 72990 72990 72990 72990 72990 50456 56012 56012 32129 0 
49850 72990 72990 68374 72990 72990 72990 65271 32129 44502 50456 0 
49850 72990 60507 60507 72990 72990 56012 68693 50456 56012 26086 0 
4025 72990 72990 72990 72990 72990 61001 32129 56012 44502 56012 0 
49850 72990 72990 72990 72990 72990 38331 44502 56012 56012 38331 0 
72990 72990 70949 72990 72990 72990 72990 56012 50456 56012 0 0 
72990 68374 72990 72990 72990 56012 50456 50456 56012 50456 0 0 
72990 72990 70949 72990 72990 72990 65271 56012 32129 56012 0 0 
72990 64858 64858 64858 72990 72990 56012 44502 50456 50456 0 0 
72503 70949 72990 72990 72990 72990 50456 50456 56012 0 0 0 
64858 72990 72990 72990 72990 56012 61001 50456 56012 0 0 0 
72990 72990 72503 72990 50456 44502 50456 56012 50456 0 0 0 
68374 72990 72990 72990 72990 50456 65271 26086 44502 0 0 0 
60507 72990 72990 72990 72990 72990 50456 50456 0 0 0 0 
0 70949 68374 72990 72990 50456 56012 56012 0 0 0 0 
0 72990 72990 72990 72907 56012 72606 0 0 0 0 0 
0 72990 68374 72990 72990 56012 50456 0 0 0 0 0 
0 72990 72990 72990 72990 56012 44502 0 0 0 0 0 
0 72990 72990 72990 72990 72606 0 0 0 0 0 0 
0 0 72990 72990 61001 0 0 0 0 0 0 0 
