test/output/constant/M385_S060_A090_WD090.0_WS005.0/M385_S060_A090_WD090.0_WS005.0_ros.asc
ncols         12
nrows         50
xllcorner     425703.990666
yllcorner     12743955.311160
cellsize      100.000000
NODATA_value  0.000000
0.000000 0.000000 0.000000 0.000000 0.000000 0.000000 0.000000 0.000000 0.000000 0.872775 0.000000 0.000000 
0.000000 0.000000 0.000000 0.000000 0.000000 0.000000 0.000000 0.000000 1.461841 0.000000 1.067486 0.000000 
0.000000 0.000000 0.000000 0.000000 0.000000 0.000000 0.000000 1.885429 1.461841 81.628868 29.173990 0.000000 
0.000000 0.000000 0.000000 0.000000 0.000000 0.000000 0.000000 1.095018 81.628868 81.628868 42.867916 1.067486 
0.000000 0.000000 0.000000 0.000000 0.000000 0.000000 1.885429 55.750290 81.628868 81.628868 29.173990 29.173990 
0.000000 0.000000 0.000000 0.000000 0.000000 0.000000 1.461841 1.885429 81.084679 81.628868 22.797714 1.067486 
0.000000 0.000000 0.000000 0.000000 0.000000 55.750290 55.750290 55.750290 81.628868 49.769756 22.797714 35.932461 
0.000000 0.000000 0.000000 0.000000 0.000000 4.502283 4.502283 81.628868 81.628868 56.428391 29.173990 22.797714 
0.000000 0.000000 0.000000 0.000000 0.000000 55.750290 1.885429 81.628868 81.628868 62.641609 22.797714 29.173990 
0.000000 0.000000 0.000000 0.000000 1.095018 62.016293 55.750290 79.346466 81.628868 56.428391 35.932461 42.867916 
0.000000 0.000000 0.000000 0.000000 2.547959 62.016293 62.016293 81.628868 81.628868 56.428391 35.932461 29.173990 
0.000000 0.000000 0.000000 0.000000 2.547959 7.510055 81.628868 81.478195 81.628868 62.641609 35.932461 29.173990 
0.000000 0.000000 0.000000 0.000000 55.750290 55.750290 81.628868 81.628868 76.823395 62.641609 29.173990 22.797714 
0.000000 0.000000 0.000000 55.750290 55.750290 4.502283 79.346466 81.628868 81.628868 56.428391 22.797714 35.932461 
0.000000 0.000000 0.000000 62.016293 7.510055 55.750290 81.628868 81.628868 81.628868 56.428391 42.867916 29.173990 
0.000000 0.000000 0.000000 55.750290 4.502283 81.478195 81.628868 81.628868 29.173990 56.428391 42.867916 49.769756 
0.000000 0.000000 0.000000 2.547959 55.750290 81.478195 81.628868 81.628868 56.428391 35.932461 49.769756 29.173990 
0.000000 0.000000 55.750290 4.502283 62.016293 79.346466 81.628868 81.628868 76.823395 62.641609 35.932461 22.797714 
0.000000 0.000000 62.016293 4.502283 2.547959 81.628868 81.628868 81.628868 49.769756 62.641609 56.428391 35.932461 
0.000000 0.000000 2.547959 2.547959 79.346466 79.346466 81.628868 62.641609 62.641609 56.428391 49.769756 49.769756 
0.000000 0.000000 55.750290 62.016293 76.467285 81.628868 81.628868 81.628868 35.932461 62.641609 62.641609 29.173990 
0.000000 0.000000 55.750290 62.016293 76.467285 81.628868 81.628868 81.628868 68.220726 56.428391 62.641609 29.173990 
0.000000 0.000000 55.750290 4.502283 81.628868 81.628868 81.628868 81.628868 56.428391 62.641609 56.428391 42.867916 
0.000000 4.502283 62.016293 72.534729 81.628868 81.628868 81.628868 56.428391 56.428391 22.797714 62.641609 42.867916 
0.000000 7.510055 4.502283 67.668404 81.628868 81.628868 81.628868 62.641609 62.641609 56.428391 56.428391 22.797714 
0.000000 55.750290 62.016293 81.628868 79.346466 81.628868 81.628868 56.428391 35.932461 35.932461 62.641609 29.173990 
0.000000 62.016293 55.750290 81.628868 81.628868 81.628868 81.628868 81.628868 56.428391 56.428391 56.428391 29.173990 
0.000000 4.502283 81.628868 81.628868 81.628868 81.628868 81.628868 81.628868 62.641609 35.932461 56.428391 29.173990 
0.000000 4.502283 81.628868 81.628868 81.628868 81.628868 81.628868 56.428391 35.932461 56.428391 22.797714 0.000000 
0.000000 55.750290 81.628868 79.346466 81.628868 81.628868 62.641609 68.220726 56.428391 42.867916 56.428391 0.000000 
0.000000 55.750290 81.628868 81.628868 81.628868 81.628868 81.628868 56.428391 62.641609 62.641609 35.932461 0.000000 
55.750290 81.628868 81.628868 76.467285 81.628868 81.628868 81.628868 72.996330 35.932461 49.769756 56.428391 0.000000 
55.750290 81.628868 67.668404 67.668404 81.628868 81.628868 62.641609 76.823395 56.428391 62.641609 29.173990 0.000000 
4.502283 81.628868 81.628868 81.628868 81.628868 81.628868 68.220726 35.932461 62.641609 49.769756 62.641609 0.000000 
55.750290 81.628868 81.628868 81.628868 81.628868 81.628868 42.867916 49.769756 62.641609 62.641609 42.867916 0.000000 
81.628868 81.628868 79.346466 81.628868 81.628868 81.628868 81.628868 62.641609 56.428391 62.641609 0.000000 0.000000 
81.628868 76.467285 81.628868 81.628868 81.628868 62.641609 56.428391 56.428391 62.641609 56.428391 0.000000 0.000000 
81.628868 81.628868 79.346466 81.628868 81.628868 81.628868 72.996330 62.641609 35.932461 62.641609 0.000000 0.000000 
81.628868 72.534729 72.534729 72.534729 81.628868 81.628868 62.641609 49.769756 56.428391 56.428391 0.000000 0.000000 
81.084679 79.346466 81.628868 81.628868 81.628868 81.628868 56.428391 56.428391 62.641609 0.000000 0.000000 0.000000 
72.534729 81.628868 81.628868 81.628868 81.628868 62.641609 68.220726 56.428391 62.641609 0.000000 0.000000 0.000000 
81.628868 81.628868 81.084679 81.628868 56.428391 49.769756 56.428391 62.641609 56.428391 0.000000 0.000000 0.000000 
76.467285 81.628868 81.628868 81.628868 81.628868 56.428391 72.996330 29.173990 49.769756 0.000000 0.000000 0.000000 
67.668404 81.628868 81.628868 81.628868 81.628868 81.628868 56.428391 56.428391 0.000000 0.000000 0.000000 0.000000 
0.000000 79.346466 76.467285 81.628868 81.628868 56.428391 62.641609 62.641609 0.000000 0.000000 0.000000 0.000000 
0.000000 81.628868 81.628868 81.628868 81.535782 62.641609 81.199493 0.000000 0.000000 0.000000 0.000000 0.000000 
0.000000 81.628868 76.467285 81.628868 81.628868 62.641609 56.428391 0.000000 0.000000 0.000000 0.000000 0.000000 
0.000000 81.628868 81.628868 81.628868 81.628868 62.641609 49.769756 0.000000 0.000000 0.000000 0.000000 0.000000 
0.000000 81.628868 81.628868 81.628868 81.628868 81.199493 0.000000 0.000000 0.000000 0.000000 0.000000 0.000000 
0.000000 0.000000 81.628868 81.628868 68.220726 0.000000 0.000000 0.000000 0.000000 0.000000 0.000000 0.000000 
