test/output/constant/S1_S060_A180_WD180.0_WS010.0/S1_S060_A180_WD180.0_WS010.0_arrival.asc
ncols         23
nrows         9
xllcorner     426603.990666
yllcorner     12748655.311160
cellsize      100.000000
NODATA_value  0.000000
0.000000 0.000000 0.000000 0.000000 0.000000 0.000000 0.000000 0.000000 0.000000 0.000000 0.000000 0.000000 0.000000 0.000000 0.000000 166.041561 166.040103 166.039374 166.039374 166.040103 166.040103 166.041561 0.000000 
0.000000 0.000000 0.000000 0.000000 0.000000 0.000000 0.000000 0.000000 0.000000 0.000000 0.000000 166.037916 166.035728 166.034270 166.034270 166.033541 166.033541 166.034270 166.034999 166.036457 166.037916 166.040103 166.041561 
0.000000 0.000000 0.000000 0.000000 0.000000 0.000000 0.000000 0.000000 166.035728 166.031353 166.029166 166.027708 166.027708 166.027708 166.028437 166.029166 166.030624 166.032082 166.034270 166.035728 166.037916 166.040103 0.000000 
0.000000 0.000000 0.000000 0.000000 0.000000 166.036457 166.027708 166.024062 166.022603 166.021874 166.021874 166.021874 166.022603 166.024791 166.026249 166.028437 166.029895 166.032082 166.034270 166.036457 166.039374 0.000000 0.000000 
0.000000 0.000000 0.000000 166.030624 166.021145 166.016770 166.016041 166.015312 166.016041 166.016770 166.018958 166.020416 166.022603 166.024791 166.026978 166.029166 166.032082 166.034999 166.037916 166.041561 0.000000 0.000000 0.000000 
0.000000 166.030624 166.014583 166.010208 166.009479 166.009479 166.010937 166.013125 166.014583 166.016770 166.018958 166.021145 166.024062 166.026978 166.030624 166.034270 166.037916 166.041561 0.000000 0.000000 0.000000 0.000000 0.000000 
166.010937 166.003646 166.003646 166.005104 166.007291 166.008750 166.010937 166.013125 166.016770 166.019687 166.024062 166.027708 166.031353 166.035728 166.040103 0.000000 0.000000 0.000000 0.000000 0.000000 0.000000 0.000000 0.000000 
166.000000 166.001458 166.002917 166.005833 166.009479 166.013854 166.018229 166.022603 166.026978 166.031353 166.036457 166.040832 0.000000 0.000000 0.000000 0.000000 0.000000 0.000000 0.000000 0.000000 0.000000 0.000000 0.000000 
166.039374 166.033541 166.034270 166.035728 166.040103 0.000000 0.000000 0.000000 0.000000 0.000000 0.000000 0.000000 0.000000 0.000000 0.000000 0.000000 0.000000 0.000000 0.000000 0.000000 0.000000 0.000000 0.000000 
