test/output/constant/M385_S060_A270_WD315.0_WS010.0/M385_S060_A270_WD315.0_WS010.0_ros.asc
ncols         13
nrows         41
xllcorner     426403.990666
yllcorner     12748655.311160
cellsize      100.000000
NODATA_value  0.000000
0.000000 0.000000 0.000000 0.000000 0.000000 0.000000 0.000000 0.000000 0.000000 66.381508 64.305870 66.381508 0.000000 
0.000000 0.000000 0.000000 0.000000 0.000000 0.000000 0.000000 0.000000 66.381508 66.381508 66.381508 66.381508 66.381508 
0.000000 0.000000 0.000000 0.000000 0.000000 0.000000 0.000000 66.381508 66.381508 66.381508 66.381508 66.381508 66.381508 
0.000000 0.000000 0.000000 0.000000 0.000000 0.000000 0.000000 51.064781 66.381508 66.381508 66.215874 66.381508 66.381508 
0.000000 0.000000 0.000000 0.000000 0.000000 0.000000 66.381508 66.381508 66.381508 66.381508 66.381508 66.381508 66.381508 
0.000000 0.000000 0.000000 0.000000 0.000000 0.000000 66.381508 64.703056 66.381508 66.381508 66.381508 66.381508 66.215874 
0.000000 0.000000 0.000000 0.000000 0.000000 66.381508 66.381508 66.019608 66.381508 66.381508 66.381508 66.381508 66.215874 
0.000000 0.000000 0.000000 0.000000 0.000000 66.381508 66.381508 66.381508 66.381508 66.381508 66.381508 66.381508 65.820244 
0.000000 0.000000 0.000000 0.000000 0.000000 66.381508 66.381508 66.381508 66.381508 64.305870 66.381508 66.381508 61.886707 
0.000000 0.000000 0.000000 0.000000 59.385120 66.381508 66.381508 66.381508 66.381508 66.381508 66.381508 66.381508 65.820244 
0.000000 0.000000 0.000000 0.000000 66.315933 66.381508 66.381508 66.381508 66.381508 66.381508 66.381508 66.381508 65.820244 
0.000000 0.000000 0.000000 46.080601 66.381508 66.381508 64.703056 66.381508 61.886707 66.381508 64.305870 66.381508 61.886707 
0.000000 0.000000 0.000000 66.381508 66.381508 66.381508 66.315933 66.381508 66.381508 66.381508 66.381508 66.381508 64.305870 
0.000000 0.000000 0.000000 66.315933 51.064781 66.381508 66.381508 66.381508 65.820244 66.381508 66.381508 66.381508 44.995365 
0.000000 0.000000 0.000000 64.703056 66.381508 51.064781 66.381508 66.381508 66.381508 61.886707 61.886707 66.381508 61.886707 
0.000000 0.000000 40.743454 66.381508 46.080601 46.080601 66.381508 66.381508 66.381508 66.381508 66.381508 65.820244 44.995365 
0.000000 0.000000 59.385120 55.544899 66.381508 66.381508 66.381508 66.381508 66.381508 66.381508 66.381508 61.886707 66.215874 
0.000000 0.000000 51.064781 64.703056 66.381508 62.469002 66.381508 66.381508 64.305870 66.381508 65.820244 54.653893 44.995365 
0.000000 0.000000 62.469002 66.381508 66.381508 66.381508 66.381508 66.381508 66.381508 64.305870 44.995365 64.305870 0.000000 
0.000000 0.000000 40.743454 55.544899 66.381508 66.381508 66.381508 66.381508 66.381508 64.305870 64.305870 58.636410 0.000000 
0.000000 59.385120 59.385120 66.381508 66.381508 66.381508 66.381508 66.381508 65.820244 61.886707 61.886707 44.995365 0.000000 
0.000000 51.064781 64.703056 66.381508 64.703056 66.381508 58.636410 66.381508 66.381508 64.305870 66.381508 58.636410 0.000000 
0.000000 59.385120 59.385120 66.381508 66.381508 66.381508 66.381508 66.381508 66.381508 64.305870 44.995365 44.995365 0.000000 
0.000000 46.080601 64.703056 66.019608 66.019608 66.381508 66.381508 66.381508 66.381508 58.636410 50.060307 0.000000 0.000000 
0.000000 46.080601 55.544899 66.381508 66.381508 66.381508 66.381508 65.820244 58.636410 65.820244 50.060307 0.000000 0.000000 
0.000000 35.215084 59.385120 66.381508 66.381508 66.381508 66.381508 66.381508 65.820244 44.995365 44.995365 0.000000 0.000000 
35.215084 35.215084 51.064781 66.019608 66.381508 66.381508 66.381508 58.636410 61.886707 44.995365 0.000000 0.000000 0.000000 
35.215084 51.064781 55.544899 66.381508 66.381508 64.305870 66.381508 66.215874 44.995365 44.995365 0.000000 0.000000 0.000000 
35.215084 55.544899 64.703056 66.381508 66.381508 66.381508 64.305870 66.215874 44.995365 44.995365 0.000000 0.000000 0.000000 
35.215084 46.080601 35.215084 59.385120 66.381508 66.381508 61.886707 61.886707 44.995365 44.995365 0.000000 0.000000 0.000000 
35.215084 46.080601 62.469002 66.381508 66.381508 64.305870 64.305870 50.060307 44.995365 0.000000 0.000000 0.000000 0.000000 
19.154482 35.215084 66.019608 66.381508 64.305870 66.381508 44.995365 44.995365 44.995365 0.000000 0.000000 0.000000 0.000000 
35.215084 46.080601 62.469002 66.381508 66.381508 64.305870 44.995365 44.995365 0.000000 0.000000 0.000000 0.000000 0.000000 
14.515009 46.080601 66.381508 66.381508 66.381508 50.060307 50.060307 44.995365 0.000000 0.000000 0.000000 0.000000 0.000000 
24.254946 35.215084 66.381508 66.381508 66.381508 44.995365 39.613098 2.325312 0.000000 0.000000 0.000000 0.000000 0.000000 
24.254946 35.215084 66.381508 64.305870 66.381508 44.995365 44.995365 0.000000 0.000000 0.000000 0.000000 0.000000 0.000000 
19.154482 35.215084 66.381508 64.305870 50.060307 2.829496 2.325312 0.000000 0.000000 0.000000 0.000000 0.000000 0.000000 
19.154482 19.154482 66.381508 64.305870 44.995365 34.077133 0.000000 0.000000 0.000000 0.000000 0.000000 0.000000 0.000000 
0.000000 19.154482 66.381508 61.886707 2.829496 2.325312 0.000000 0.000000 0.000000 0.000000 0.000000 0.000000 0.000000 
0.000000 1.560320 0.000000 2.325312 2.325312 0.000000 0.000000 0.000000 0.000000 0.000000 0.000000 0.000000 0.000000 
0.000000 1.337477 1.619916 2.325312 0.000000 0.000000 0.000000 0.000000 0.000000 0.000000 0.000000 0.000000 0.000000 
