test/output/constant/M385_S060_A270_WD315.0_WS010.0/M385_S060_A270_WD315.0_WS010.0_intensity.asc
ncols         13
nrows         41
xllcorner     426403.990666
yllcorner     12748655.311160
cellsize      100.000000
NODATA_value  0.000000
0 0 0 0 0 0 0 0 0 59356 57500 59356 0 
0 0 0 0 0 0 0 0 59356 59356 59356 59356 59356 
0 0 0 0 0 0 0 59356 59356 59356 59356 59356 59356 
0 0 0 0 0 0 0 45660 59356 59356 59208 59356 59356 
0 0 0 0 0 0 59356 59356 59356 59356 59356 59356 59356 
0 0 0 0 0 0 59356 57855 59356 59356 59356 59356 59208 
0 0 0 0 0 59356 59356 59032 59356 59356 59356 59356 59208 
0 0 0 0 0 59356 59356 59356 59356 59356 59356 59356 58854 
0 0 0 0 0 59356 59356 59356 59356 57500 59356 59356 55337 
0 0 0 0 53100 59356 59356 59356 59356 59356 59356 59356 58854 
0 0 0 0 59297 59356 59356 59356 59356 59356 59356 59356 58854 
0 0 0 41204 59356 59356 57855 59356 55337 59356 57500 59356 55337 
0 0 0 59356 59356 59356 59297 59356 59356 59356 59356 59356 57500 
0 0 0 59297 45660 59356 59356 59356 58854 59356 59356 59356 40233 
0 0 0 57855 59356 45660 59356 59356 59356 55337 55337 59356 55337 
0 0 36431 59356 41204 41204 59356 59356 59356 59356 59356 58854 40233 
0 0 53100 49666 59356 59356 59356 59356 59356 59356 59356 55337 59208 
0 0 45660 57855 59356 55858 59356 59356 57500 59356 58854 48870 40233 
0 0 55858 59356 59356 59356 59356 59356 59356 57500 40233 57500 0 
0 0 36431 49666 59356 59356 59356 59356 59356 57500 57500 52431 0 
0 53100 53100 59356 59356 59356 59356 59356 58854 55337 55337 40233 0 
0 45660 57855 59356 57855 59356 52431 59356 59356 57500 59356 52431 0 
0 53100 53100 59356 59356 59356 59356 59356 59356 57500 40233 40233 0 
0 41204 57855 59032 59032 59356 59356 59356 59356 52431 44762 0 0 
0 41204 49666 59356 59356 59356 59356 58854 52431 58854 44762 0 0 
0 31488 53100 59356 59356 59356 59356 59356 58854 40233 40233 0 0 
31488 31488 45660 59032 59356 59356 59356 52431 55337 40233 0 0 0 
31488 45660 49666 59356 59356 57500 59356 59208 40233 40233 0 0 0 
31488 49666 57855 59356 59356 59356 57500 59208 40233 40233 0 0 0 
31488 41204 31488 53100 59356 59356 55337 55337 40233 40233 0 0 0 
31488 41204 55858 59356 59356 57500 57500 44762 40233 0 0 0 0 
17127 31488 59032 59356 57500 59356 40233 40233 40233 0 0 0 0 
31488 41204 55858 59356 59356 57500 40233 40233 0 0 0 0 0 
12978 41204 59356 59356 59356 44762 44762 40233 0 0 0 0 0 
21688 31488 59356 59356 59356 40233 35420 2079 0 0 0 0 0 
21688 31488 59356 57500 59356 40233 40233 0 0 0 0 0 0 
17127 31488 59356 57500 44762 2530 2079 0 0 0 0 0 0 
17127 17127 59356 57500 40233 30470 0 0 0 0 0 0 0 
0 17127 59356 55337 2530 2079 0 0 0 0 0 0 0 
0 1395 0 2079 2079 0 0 0 0 0 0 0 0 
0 1195 1448 2079 0 0 0 0 0 0 0 0 0 
