test/output/constant/M3M480_S060_A180_WD270.0_WS025.0/M3M480_S060_A180_WD270.0_WS025.0_arrival.asc
ncols         54
nrows         9
xllcorner     426603.990666
yllcorner     12748355.311160
cellsize      100.000000
NODATA_value  0.000000
0.000000 0.000000 0.000000 0.000000 0.000000 0.000000 0.000000 0.000000 0.000000 0.000000 0.000000 0.000000 0.000000 0.000000 0.000000 0.000000 0.000000 0.000000 0.000000 0.000000 0.000000 0.000000 0.000000 0.000000 0.000000 0.000000 0.000000 0.000000 166.041667 166.041667 166.041667 166.041562 166.041562 166.041562 0.000000 0.000000 0.000000 0.000000 0.000000 0.000000 0.000000 0.000000 0.000000 0.000000 0.000000 0.000000 0.000000 0.000000 0.000000 0.000000 0.000000 0.000000 0.000000 0.000000 
0.000000 0.000000 0.000000 0.000000 0.000000 0.000000 0.000000 0.000000 0.000000 0.000000 166.040293 166.037437 166.035851 166.034265 166.032996 166.032361 166.031409 166.031092 166.030775 166.030140 166.029823 166.029823 166.029823 166.029823 166.029823 166.030457 166.030775 166.031409 166.032044 166.032361 166.032996 166.033630 166.033947 166.034582 166.035216 166.035851 166.036168 166.036803 166.037437 166.038072 166.038389 166.039024 166.039658 166.040293 166.040927 166.041667 0.000000 0.000000 0.000000 0.000000 0.000000 0.000000 0.000000 0.000000 
0.000000 0.000000 0.000000 166.040927 166.032996 166.027602 166.024112 166.021891 166.020305 166.019353 166.018719 166.018401 166.018084 166.018084 166.018084 166.018401 166.018719 166.019353 166.019670 166.020305 166.020939 166.021574 166.021891 166.022526 166.023160 166.023795 166.024429 166.025064 166.025698 166.026333 166.026968 166.027919 166.028554 166.029188 166.030140 166.030775 166.031409 166.032361 166.032996 166.033630 166.034582 166.035216 166.035851 166.036803 166.037437 166.038389 166.039024 166.039658 166.040610 166.041244 0.000000 0.000000 0.000000 0.000000 
166.033947 166.013008 166.007932 166.006663 166.006028 166.006028 166.006663 166.006980 166.007614 166.008249 166.008883 166.009835 166.010470 166.011104 166.012056 166.012691 166.013642 166.014277 166.015229 166.015863 166.016815 166.017450 166.018084 166.018719 166.019670 166.020305 166.021257 166.021891 166.022843 166.023478 166.024429 166.025064 166.026016 166.026650 166.027602 166.028237 166.029188 166.029823 166.030775 166.031409 166.032361 166.032996 166.033947 166.034582 166.035216 166.036168 166.036803 166.037755 166.038389 166.039341 166.039975 166.040927 166.041562 0.000000 
166.000000 166.000635 166.001269 166.002221 166.002855 166.003807 166.004442 166.005394 166.006028 166.006980 166.007614 166.008566 166.009201 166.010152 166.010787 166.011739 166.012373 166.013325 166.013960 166.014911 166.015546 166.016498 166.017132 166.018084 166.018719 166.019670 166.020305 166.021257 166.021891 166.022843 166.023478 166.024429 166.025064 166.026016 166.026650 166.027602 166.028237 166.029188 166.029823 166.030775 166.031409 166.032361 166.032996 166.033947 166.034582 166.035534 166.036168 166.037120 166.037755 166.038706 166.039341 166.040293 166.040927 166.041667 
166.033947 166.013008 166.007932 166.006663 166.006028 166.006028 166.006663 166.006980 166.007614 166.008249 166.008883 166.009835 166.010470 166.011104 166.012056 166.012691 166.013642 166.014277 166.015229 166.015863 166.016815 166.017450 166.018084 166.018719 166.019670 166.020305 166.021257 166.021891 166.022843 166.023478 166.024429 166.025064 166.026016 166.026650 166.027602 166.028237 166.029188 166.029823 166.030775 166.031409 166.032361 166.032996 166.033947 166.034582 166.035216 166.036168 166.036803 166.037755 166.038389 166.039341 166.039975 166.040927 166.041562 0.000000 
0.000000 0.000000 0.000000 166.040927 166.032996 166.027602 166.024112 166.021891 166.020305 166.019353 166.018719 166.018401 166.018084 166.018084 166.018084 166.018401 166.018719 166.019353 166.019670 166.020305 166.020939 166.021574 166.021891 166.022526 166.023160 166.023795 166.024429 166.025064 166.025698 166.026333 166.026968 166.027919 166.028554 166.029188 166.030140 166.030775 166.031409 166.032361 166.032996 166.033630 166.034582 166.035216 166.035851 166.036803 166.037437 166.038389 166.039024 166.039658 166.040610 166.041244 0.000000 0.000000 0.000000 0.000000 
0.000000 0.000000 0.000000 0.000000 0.000000 0.000000 0.000000 0.000000 0.000000 0.000000 166.040293 166.037437 166.035851 166.034265 166.032996 166.032361 166.031409 166.031092 166.030775 166.030140 166.029823 166.029823 166.029823 166.029823 166.029823 166.030457 166.030775 166.031409 166.032044 166.032361 166.032996 166.033630 166.033947 166.034582 166.035216 166.035851 166.036168 166.036803 166.037437 166.038072 166.038389 166.039024 166.039658 166.040293 166.040927 166.041667 0.000000 0.000000 0.000000 0.000000 0.000000 0.000000 0.000000 0.000000 
0.000000 0.000000 0.000000 0.000000 0.000000 0.000000 0.000000 0.000000 0.000000 0.000000 0.000000 0.000000 0.000000 0.000000 0.000000 0.000000 0.000000 0.000000 0.000000 0.000000 0.000000 0.000000 0.000000 0.000000 0.000000 0.000000 0.000000 0.000000 166.041667 166.041667 166.041667 166.041562 166.041562 166.041562 0.000000 0.000000 0.000000 0.000000 0.000000 0.000000 0.000000 0.000000 0.000000 0.000000 0.000000 0.000000 0.000000 0.000000 0.000000 0.000000 0.000000 0.000000 0.000000 0.000000 
