test/output/constant/M3M475_S000_A270_WD135.0_WS020.0/M3M475_S000_A270_WD135.0_WS020.0_arrival.asc
ncols         17
nrows         17
xllcorner     425203.990666
yllcorner     12748555.311160
cellsize      100.000000
NODATA_value  0.000000
166.041347 166.040486 166.040486 166.040486 166.040486 0.000000 0.000000 0.000000 0.000000 0.000000 0.000000 0.000000 0.000000 0.000000 0.000000 0.000000 0.000000 
166.040486 166.038763 166.037902 166.037040 166.037040 166.037902 166.039624 0.000000 0.000000 0.000000 0.000000 0.000000 0.000000 0.000000 0.000000 0.000000 0.000000 
166.040486 166.037902 166.035317 166.034456 166.034456 166.034456 166.035317 166.037040 166.040486 0.000000 0.000000 0.000000 0.000000 0.000000 0.000000 0.000000 0.000000 
166.040486 166.037040 166.034456 166.032733 166.031872 166.031010 166.031872 166.032733 166.035317 166.038763 0.000000 0.000000 0.000000 0.000000 0.000000 0.000000 0.000000 
166.040486 166.037040 166.034456 166.031872 166.029288 166.028426 166.028426 166.028426 166.030149 166.033595 166.037902 0.000000 0.000000 0.000000 0.000000 0.000000 0.000000 
0.000000 166.037902 166.034456 166.031010 166.028426 166.026703 166.025842 166.025842 166.025842 166.027565 166.031872 166.037040 0.000000 0.000000 0.000000 0.000000 0.000000 
0.000000 166.039624 166.035317 166.031872 166.028426 166.025842 166.023258 166.022396 166.022396 166.023258 166.025842 166.030149 166.037040 0.000000 0.000000 0.000000 0.000000 
0.000000 0.000000 166.037040 166.032733 166.028426 166.025842 166.022396 166.019812 166.019812 166.019812 166.020674 166.024119 166.029288 166.037902 0.000000 0.000000 0.000000 
0.000000 0.000000 166.040486 166.035317 166.030149 166.025842 166.022396 166.019812 166.017228 166.016367 166.016367 166.018089 166.022396 166.030149 166.040486 0.000000 0.000000 
0.000000 0.000000 0.000000 166.038763 166.033595 166.027565 166.023258 166.019812 166.016367 166.013782 166.013782 166.013782 166.016367 166.022396 166.031872 0.000000 0.000000 
0.000000 0.000000 0.000000 0.000000 166.037902 166.031872 166.025842 166.020674 166.016367 166.013782 166.011198 166.010337 166.011198 166.014644 166.024119 166.039624 0.000000 
0.000000 0.000000 0.000000 0.000000 0.000000 166.037040 166.030149 166.024119 166.018089 166.013782 166.010337 166.007753 166.007753 166.008614 166.015505 166.031010 0.000000 
0.000000 0.000000 0.000000 0.000000 0.000000 0.000000 166.037040 166.029288 166.022396 166.016367 166.011198 166.007753 166.005168 166.005168 166.007753 166.022396 0.000000 
0.000000 0.000000 0.000000 0.000000 0.000000 0.000000 0.000000 166.037902 166.030149 166.022396 166.014644 166.008614 166.005168 166.001723 166.001723 166.015505 166.037902 
0.000000 0.000000 0.000000 0.000000 0.000000 0.000000 0.000000 0.000000 166.040486 166.031872 166.024119 166.015505 166.007753 166.001723 166.000000 166.012921 166.037902 
0.000000 0.000000 0.000000 0.000000 0.000000 0.000000 0.000000 0.000000 0.000000 0.000000 166.039624 166.031010 166.022396 166.015505 166.012921 166.018089 166.040486 
0.000000 0.000000 0.000000 0.000000 0.000000 0.000000 0.000000 0.000000 0.000000 0.000000 0.000000 0.000000 0.000000 166.037902 166.037902 166.040486 0.000000 
