test/output/constant/M295_S000_A180_WD270.0_WS045.0/M295_S000_A180_WD270.0_WS045.0_arrival.asc
ncols         35
nrows         7
xllcorner     426603.990666
yllcorner     12748455.311160
cellsize      100.000000
NODATA_value  0.000000
0.000000 0.000000 0.000000 0.000000 0.000000 0.000000 0.000000 0.000000 0.000000 166.041571 166.039154 166.038188 166.036737 166.036254 166.035771 166.035287 166.035287 166.035287 166.035287 166.035771 166.036254 166.037221 166.037704 166.038671 166.039638 166.040121 166.041088 0.000000 0.000000 0.000000 0.000000 0.000000 0.000000 0.000000 0.000000 
0.000000 0.000000 0.000000 166.035287 166.029487 166.026103 166.023686 166.022236 166.021752 166.021269 166.021269 166.021269 166.021752 166.022719 166.023203 166.024169 166.025136 166.026103 166.026586 166.027553 166.028520 166.029487 166.030453 166.031420 166.032870 166.033837 166.034804 166.036254 166.037221 166.038188 166.039154 166.040605 166.041571 0.000000 0.000000 
166.027070 166.011118 166.007734 166.007251 166.007251 166.008218 166.008701 166.009668 166.010635 166.012085 166.013051 166.014018 166.015468 166.016435 166.017885 166.018852 166.019819 166.021269 166.022236 166.023686 166.024653 166.026103 166.027070 166.028520 166.029487 166.030937 166.031904 166.032870 166.034321 166.035287 166.036737 166.037704 166.039154 166.040121 166.041571 
166.000000 166.000967 166.001934 166.003384 166.004350 166.005801 166.006767 166.008218 166.009184 166.010635 166.011601 166.013051 166.014018 166.015468 166.016435 166.017885 166.018852 166.020302 166.021269 166.022719 166.023686 166.025136 166.026103 166.027553 166.028520 166.029970 166.030937 166.032387 166.033354 166.034804 166.035771 166.037221 166.038188 166.039638 166.040605 
166.027070 166.011118 166.007734 166.007251 166.007251 166.008218 166.008701 166.009668 166.010635 166.012085 166.013051 166.014018 166.015468 166.016435 166.017885 166.018852 166.019819 166.021269 166.022236 166.023686 166.024653 166.026103 166.027070 166.028520 166.029487 166.030937 166.031904 166.032870 166.034321 166.035287 166.036737 166.037704 166.039154 166.040121 166.041571 
0.000000 0.000000 0.000000 166.035287 166.029487 166.026103 166.023686 166.022236 166.021752 166.021269 166.021269 166.021269 166.021752 166.022719 166.023203 166.024169 166.025136 166.026103 166.026586 166.027553 166.028520 166.029487 166.030453 166.031420 166.032870 166.033837 166.034804 166.036254 166.037221 166.038188 166.039154 166.040605 166.041571 0.000000 0.000000 
0.000000 0.000000 0.000000 0.000000 0.000000 0.000000 0.000000 0.000000 0.000000 166.041571 166.039154 166.038188 166.036737 166.036254 166.035771 166.035287 166.035287 166.035287 166.035287 166.035771 166.036254 166.037221 166.037704 166.038671 166.039638 166.040121 166.041088 0.000000 0.000000 0.000000 0.000000 0.000000 0.000000 0.000000 0.000000 
