test/output/constant/M3M465_S000_A270_WD180.0_WS030.0/M3M465_S000_A270_WD180.0_WS030.0_arrival.asc
ncols         7
nrows         29
xllcorner     426303.990666
yllcorner     12748655.311160
cellsize      100.000000
NODATA_value  0.000000
0.000000 0.000000 0.000000 166.041667 0.000000 0.000000 0.000000 
0.000000 0.000000 166.040841 166.040213 166.040841 0.000000 0.000000 
0.000000 166.041469 166.038956 166.038956 166.038956 166.041469 0.000000 
0.000000 166.039584 166.037699 166.037071 166.037699 166.039584 0.000000 
0.000000 166.038328 166.035814 166.035814 166.035814 166.038328 0.000000 
166.041469 166.037071 166.034558 166.033929 166.034558 166.037071 166.041469 
166.040213 166.035186 166.032673 166.032673 166.032673 166.035186 166.040213 
166.038956 166.033929 166.031416 166.030788 166.031416 166.033929 166.038956 
166.037699 166.032673 166.030160 166.029531 166.030160 166.032673 166.037699 
166.036443 166.030788 166.028275 166.027646 166.028275 166.030788 166.036443 
166.035186 166.029531 166.027018 166.026390 166.027018 166.029531 166.035186 
166.033929 166.028275 166.025133 166.024505 166.025133 166.028275 166.033929 
166.033301 166.027018 166.023876 166.023248 166.023876 166.027018 166.033301 
166.032044 166.025761 166.021991 166.021363 166.021991 166.025761 166.032044 
166.031416 166.024505 166.020735 166.020106 166.020735 166.024505 166.031416 
166.030788 166.023248 166.019478 166.018221 166.019478 166.023248 166.030788 
166.030788 166.021991 166.017593 166.016965 166.017593 166.021991 166.030788 
166.030788 166.020735 166.016336 166.015080 166.016336 166.020735 166.030788 
166.030788 166.020106 166.014451 166.013823 166.014451 166.020106 166.030788 
166.031416 166.018850 166.013195 166.011938 166.013195 166.018850 166.031416 
166.032044 166.018850 166.011310 166.010681 166.011310 166.018850 166.032044 
166.033301 166.018850 166.010053 166.008797 166.010053 166.018850 166.033301 
166.036443 166.018850 166.008797 166.007540 166.008797 166.018850 166.036443 
166.040213 166.019478 166.007540 166.005655 166.007540 166.019478 166.040213 
0.000000 166.021363 166.006283 166.004398 166.006283 166.021363 0.000000 
0.000000 166.025761 166.006283 166.002513 166.006283 166.025761 0.000000 
0.000000 166.033301 166.006912 166.001257 166.006912 166.033301 0.000000 
0.000000 0.000000 166.011938 166.000000 166.011938 0.000000 0.000000 
0.000000 0.000000 166.039584 166.028903 166.039584 0.000000 0.000000 
