test/output/constant/M3M475_S000_A090_WD270.0_WS025.0/M3M475_S000_A090_WD270.0_WS025.0_arrival.asc
ncols         27
nrows         9
xllcorner     426503.990666
yllcorner     12748355.311160
cellsize      100.000000
NODATA_value  0.000000
0.000000 0.000000 0.000000 0.000000 0.000000 0.000000 0.000000 0.000000 166.040042 166.039363 166.038685 166.038006 166.038006 166.038006 166.038006 166.038685 166.038685 166.040042 166.040721 0.000000 0.000000 0.000000 0.000000 0.000000 0.000000 0.000000 0.000000 
0.000000 0.000000 0.000000 166.039363 166.033934 166.031219 166.028504 166.027826 166.027147 166.027147 166.027147 166.027826 166.027826 166.029183 166.029862 166.031219 166.032576 166.033934 166.035291 166.035970 166.037327 166.038685 166.040042 166.041667 0.000000 0.000000 0.000000 
0.000000 166.031219 166.023754 166.019682 166.017646 166.016288 166.016288 166.016288 166.016967 166.018324 166.019682 166.020360 166.021718 166.023075 166.024432 166.026468 166.027826 166.029183 166.031219 166.032576 166.033934 166.035970 166.037327 166.038685 166.040721 0.000000 0.000000 
166.025111 166.008823 166.006108 166.005429 166.006108 166.007465 166.008823 166.010859 166.012216 166.013574 166.015610 166.016967 166.019003 166.020360 166.021718 166.023754 166.025111 166.027147 166.028504 166.030540 166.031898 166.033934 166.035291 166.037327 166.038685 166.040721 0.000000 
166.017646 166.000000 166.001357 166.002715 166.004751 166.006108 166.008144 166.009501 166.011538 166.012895 166.014931 166.016288 166.018324 166.019682 166.021718 166.023075 166.025111 166.026468 166.028504 166.029862 166.031898 166.033255 166.035291 166.036649 166.038685 166.040042 166.041667 
166.025111 166.008823 166.006108 166.005429 166.006108 166.007465 166.008823 166.010859 166.012216 166.013574 166.015610 166.016967 166.019003 166.020360 166.021718 166.023754 166.025111 166.027147 166.028504 166.030540 166.031898 166.033934 166.035291 166.037327 166.038685 166.040721 0.000000 
0.000000 166.031219 166.023754 166.019682 166.017646 166.016288 166.016288 166.016288 166.016967 166.018324 166.019682 166.020360 166.021718 166.023075 166.024432 166.026468 166.027826 166.029183 166.031219 166.032576 166.033934 166.035970 166.037327 166.038685 166.040721 0.000000 0.000000 
0.000000 0.000000 0.000000 166.039363 166.033934 166.031219 166.028504 166.027826 166.027147 166.027147 166.027147 166.027826 166.027826 166.029183 166.029862 166.031219 166.032576 166.033934 166.035291 166.035970 166.037327 166.038685 166.040042 166.041667 0.000000 0.000000 0.000000 
0.000000 0.000000 0.000000 0.000000 0.000000 0.000000 0.000000 0.000000 166.040042 166.039363 166.038685 166.038006 166.038006 166.038006 166.038006 166.038685 166.038685 166.040042 166.040721 0.000000 0.000000 0.000000 0.000000 0.000000 0.000000 0.000000 0.000000 
