test/output/constant/M470_S060_A000_WD135.0_WS015.0/M470_S060_A000_WD135.0_WS015.0_arrival.asc
ncols         29
nrows         10
xllcorner     423803.990666
yllcorner     12748655.311160
cellsize      100.000000
NODATA_value  0.000000
0.000000 166.041505 166.040352 166.040352 166.039776 166.039776 166.040352 166.040929 166.041505 0.000000 0.000000 0.000000 0.000000 0.000000 0.000000 0.000000 0.000000 0.000000 0.000000 0.000000 0.000000 0.000000 0.000000 0.000000 0.000000 0.000000 0.000000 0.000000 0.000000 
166.041505 166.040352 166.038623 166.037470 166.036317 166.035164 166.035164 166.034588 166.034588 166.035164 166.035164 166.036317 166.038047 166.039776 0.000000 0.000000 0.000000 0.000000 0.000000 0.000000 0.000000 0.000000 0.000000 0.000000 0.000000 0.000000 0.000000 0.000000 0.000000 
0.000000 166.040352 166.038623 166.037470 166.035741 166.034011 166.032858 166.031129 166.030553 166.029976 166.029400 166.029400 166.029400 166.029976 166.031129 166.032858 166.035741 166.039776 0.000000 0.000000 0.000000 0.000000 0.000000 0.000000 0.000000 0.000000 0.000000 0.000000 0.000000 
0.000000 0.000000 166.040352 166.038047 166.036317 166.034011 166.032858 166.031129 166.029976 166.028247 166.026517 166.025364 166.024788 166.024211 166.024211 166.024211 166.024788 166.025941 166.028247 166.032282 166.039200 0.000000 0.000000 0.000000 0.000000 0.000000 0.000000 0.000000 0.000000 
0.000000 0.000000 0.000000 0.000000 166.039200 166.036894 166.034588 166.032282 166.029976 166.028247 166.026517 166.025364 166.023635 166.021906 166.020753 166.019600 166.019023 166.019023 166.019023 166.019600 166.021329 166.024211 166.031129 166.041505 0.000000 0.000000 0.000000 0.000000 0.000000 
0.000000 0.000000 0.000000 0.000000 0.000000 0.000000 166.039200 166.036894 166.034011 166.031129 166.028823 166.026517 166.024211 166.022482 166.020753 166.019023 166.017870 166.016141 166.014412 166.013835 166.013259 166.013835 166.014412 166.017294 166.023635 166.036317 0.000000 0.000000 0.000000 
0.000000 0.000000 0.000000 0.000000 0.000000 0.000000 0.000000 0.000000 166.041505 166.038047 166.035164 166.031706 166.028823 166.025941 166.023059 166.020753 166.018447 166.016141 166.014412 166.013259 166.011529 166.010376 166.008647 166.008070 166.008070 166.009800 166.016717 166.036317 0.000000 
0.000000 0.000000 0.000000 0.000000 0.000000 0.000000 0.000000 0.000000 0.000000 0.000000 0.000000 0.000000 166.038047 166.034588 166.031129 166.027670 166.024211 166.021329 166.017870 166.014988 166.012682 166.010376 166.008647 166.006918 166.005765 166.004035 166.002882 166.002882 166.014412 
0.000000 0.000000 0.000000 0.000000 0.000000 0.000000 0.000000 0.000000 0.000000 0.000000 0.000000 0.000000 0.000000 0.000000 0.000000 166.041505 166.037470 166.033435 166.029400 166.025941 166.021906 166.017870 166.014412 166.010376 166.007494 166.004612 166.002306 166.001153 166.000000 
0.000000 0.000000 0.000000 0.000000 0.000000 0.000000 0.000000 0.000000 0.000000 0.000000 0.000000 0.000000 0.000000 0.000000 0.000000 0.000000 0.000000 0.000000 0.000000 0.000000 0.000000 0.000000 0.000000 0.000000 166.039200 166.036317 166.035164 166.037470 0.000000 
