test/output/constant/M480_S060_A090_WD045.0_WS010.0/M480_S060_A090_WD045.0_WS010.0_arrival.asc
ncols         8
nrows         29
xllcorner     426003.990666
yllcorner     12745955.311160
cellsize      100.000000
NODATA_value  0.000000
0.000000 0.000000 0.000000 0.000000 0.000000 166.014314 166.000000 166.036644 
0.000000 0.000000 0.000000 0.000000 166.037216 166.003435 166.001145 166.024620 
0.000000 0.000000 0.000000 0.000000 166.020612 166.003435 166.002290 166.021757 
0.000000 0.000000 0.000000 166.041667 166.012596 166.004008 166.004008 166.021757 
0.000000 0.000000 0.000000 166.030346 166.010306 166.005153 166.005726 166.022902 
0.000000 0.000000 0.000000 166.022902 166.009733 166.006871 166.007443 166.024620 
0.000000 0.000000 166.039506 166.018894 166.009733 166.008588 166.009733 166.026338 
0.000000 0.000000 166.032636 166.017177 166.010306 166.009733 166.012024 166.028628 
0.000000 0.000000 166.028055 166.016604 166.011451 166.011451 166.014886 166.030918 
0.000000 0.000000 166.025193 166.016604 166.012596 166.012596 166.017177 166.033208 
0.000000 166.037789 166.024047 166.016604 166.014314 166.014314 166.019467 166.036071 
0.000000 166.034353 166.023475 166.017177 166.015459 166.016032 166.022330 166.038361 
0.000000 166.032063 166.022902 166.017749 166.017177 166.018322 166.024620 166.041224 
0.000000 166.030918 166.022902 166.018894 166.018894 166.020612 166.026910 0.000000 
166.040652 166.029773 166.022902 166.020040 166.020040 166.022330 166.029773 0.000000 
166.038361 166.029773 166.023475 166.021757 166.021757 166.024620 166.032063 0.000000 
166.037216 166.029200 166.024047 166.022902 166.023475 166.026910 166.034353 0.000000 
166.036644 166.029200 166.025193 166.024620 166.025193 166.029200 166.037216 0.000000 
166.036071 166.029200 166.026338 166.025765 166.026910 166.031491 166.039506 0.000000 
166.036071 166.029773 166.027483 166.027483 166.029200 166.033781 0.000000 0.000000 
166.035499 166.030918 166.029200 166.029200 166.030918 166.036071 0.000000 0.000000 
166.035499 166.031491 166.030346 166.030346 166.033208 166.038361 0.000000 0.000000 
166.036071 166.032636 166.032063 166.032063 166.034926 166.041224 0.000000 0.000000 
166.036644 166.033781 166.033208 166.033781 166.037216 0.000000 0.000000 0.000000 
166.037216 166.034926 166.034926 166.035499 166.039506 0.000000 0.000000 0.000000 
166.037789 166.036644 166.036071 166.037216 166.041667 0.000000 0.000000 0.000000 
166.038934 166.037789 166.037789 166.039506 0.000000 0.000000 0.000000 0.000000 
166.040079 166.039506 166.039506 166.041224 0.000000 0.000000 0.000000 0.000000 
166.040652 166.040652 166.040652 0.000000 0.000000 0.000000 0.000000 0.000000 
