test/output/constant/M395_S000_A180_WD000.0_WS035.0/M395_S000_A180_WD000.0_WS035.0_arrival.asc
ncols         11
nrows         50
xllcorner     426103.990666
yllcorner     12743955.311160
cellsize      100.000000
NODATA_value  0.000000
0.000000 0.000000 0.000000 0.000000 166.037121 166.026265 166.037121 0.000000 0.000000 0.000000 0.000000 
0.000000 0.000000 0.000000 166.036771 166.009455 166.000000 166.009455 166.036771 0.000000 0.000000 0.000000 
0.000000 0.000000 0.000000 166.026265 166.004903 166.000700 166.004903 166.026265 0.000000 0.000000 0.000000 
0.000000 0.000000 0.000000 166.019611 166.004202 166.001401 166.004202 166.019611 0.000000 0.000000 0.000000 
0.000000 0.000000 166.035370 166.015759 166.004202 166.002451 166.004202 166.015759 166.035370 0.000000 0.000000 
0.000000 0.000000 166.030117 166.014008 166.004553 166.003152 166.004553 166.014008 166.030117 0.000000 0.000000 
0.000000 0.000000 166.026265 166.012957 166.005253 166.004202 166.005253 166.012957 166.026265 0.000000 0.000000 
0.000000 166.041323 166.024163 166.012257 166.005953 166.004903 166.005953 166.012257 166.024163 166.041323 0.000000 
0.000000 166.037121 166.022763 166.012257 166.006654 166.005953 166.006654 166.012257 166.022763 166.037121 0.000000 
0.000000 166.034669 166.021712 166.012257 166.007354 166.006654 166.007354 166.012257 166.021712 166.034669 0.000000 
0.000000 166.033269 166.021012 166.012257 166.008405 166.007704 166.008405 166.012257 166.021012 166.033269 0.000000 
0.000000 166.031518 166.020662 166.012607 166.009105 166.008405 166.009105 166.012607 166.020662 166.031518 0.000000 
0.000000 166.030467 166.020311 166.013307 166.010156 166.009455 166.010156 166.013307 166.020311 166.030467 0.000000 
166.041667 166.029767 166.020311 166.014008 166.010856 166.010156 166.010856 166.014008 166.020311 166.029767 166.041667 
166.040272 166.029066 166.020311 166.014358 166.011556 166.011206 166.011556 166.014358 166.020311 166.029066 166.040272 
166.039222 166.028716 166.020311 166.015058 166.012607 166.011907 166.012607 166.015058 166.020311 166.028716 166.039222 
166.038521 166.028366 166.020311 166.015759 166.013307 166.012957 166.013307 166.015759 166.020311 166.028366 166.038521 
166.037821 166.028366 166.021012 166.016459 166.014358 166.013658 166.014358 166.016459 166.021012 166.028366 166.037821 
166.037121 166.028016 166.021362 166.017160 166.015058 166.014708 166.015058 166.017160 166.021362 166.028016 166.037121 
166.036771 166.028016 166.022062 166.017860 166.015759 166.015409 166.015759 166.017860 166.022062 166.028016 166.036771 
166.036771 166.028016 166.022413 166.018560 166.016809 166.016459 166.016809 166.018560 166.022413 166.028016 166.036771 
166.036420 166.028366 166.023113 166.019611 166.017510 166.017160 166.017510 166.019611 166.023113 166.028366 166.036420 
166.036070 166.028366 166.023813 166.020311 166.018560 166.018210 166.018560 166.020311 166.023813 166.028366 166.036070 
166.036070 166.029066 166.024514 166.021012 166.019261 166.018911 166.019261 166.021012 166.024514 166.029066 166.036070 
166.036070 166.029416 166.024864 166.022062 166.020311 166.019961 166.020311 166.022062 166.024864 166.029416 166.036070 
166.036070 166.030117 166.025564 166.022763 166.021012 166.020662 166.021012 166.022763 166.025564 166.030117 166.036070 
166.036070 166.030467 166.026265 166.023463 166.022062 166.021712 166.022062 166.023463 166.026265 166.030467 166.036070 
166.036420 166.031167 166.026965 166.024514 166.022763 166.022413 166.022763 166.024514 166.026965 166.031167 166.036420 
166.036771 166.031868 166.027665 166.025214 166.023463 166.023463 166.023463 166.025214 166.027665 166.031868 166.036771 
166.037121 166.032568 166.028366 166.025914 166.024514 166.024163 166.024514 166.025914 166.028366 166.032568 166.037121 
166.037821 166.032918 166.029066 166.026965 166.025214 166.025214 166.025214 166.026965 166.029066 166.032918 166.037821 
166.038171 166.033619 166.029767 166.027665 166.026265 166.025914 166.026265 166.027665 166.029767 166.033619 166.038171 
166.038872 166.034319 166.030817 166.028366 166.026965 166.026965 166.026965 166.028366 166.030817 166.034319 166.038872 
166.039222 166.035020 166.031518 166.029416 166.028016 166.027665 166.028016 166.029416 166.031518 166.035020 166.039222 
166.039922 166.035370 166.032218 166.030117 166.028716 166.028716 166.028716 166.030117 166.032218 166.035370 166.039922 
166.040623 166.036070 166.033269 166.031167 166.029767 166.029416 166.029767 166.031167 166.033269 166.036070 166.040623 
166.040973 166.036771 166.033969 166.031868 166.030467 166.030467 166.030467 166.031868 166.033969 166.036771 166.040973 
166.041667 166.037471 166.034669 166.032918 166.031518 166.031167 166.031518 166.032918 166.034669 166.037471 166.041667 
0.000000 166.038171 166.035720 166.033619 166.032218 166.032218 166.032218 166.033619 166.035720 166.038171 0.000000 
0.000000 166.038872 166.036420 166.034669 166.033269 166.032918 166.033269 166.034669 166.036420 166.038872 0.000000 
0.000000 166.039572 166.037121 166.035370 166.033969 166.033969 166.033969 166.035370 166.037121 166.039572 0.000000 
0.000000 166.040272 166.037821 166.036070 166.035020 166.034669 166.035020 166.036070 166.037821 166.040272 0.000000 
0.000000 166.041323 166.038872 166.037121 166.035720 166.035720 166.035720 166.037121 166.038872 166.041323 0.000000 
0.000000 0.000000 166.039572 166.037821 166.036771 166.036420 166.036771 166.037821 166.039572 0.000000 0.000000 
0.000000 0.000000 166.040623 166.038872 166.037471 166.037471 166.037471 166.038872 166.040623 0.000000 0.000000 
0.000000 0.000000 166.041323 166.039572 166.038521 166.038171 166.038521 166.039572 166.041323 0.000000 0.000000 
0.000000 0.000000 0.000000 166.040272 166.039222 166.039222 166.039222 166.040272 0.000000 0.000000 0.000000 
0.000000 0.000000 0.000000 166.041323 166.040272 166.039922 166.040272 166.041323 0.000000 0.000000 0.000000 
0.000000 0.000000 0.000000 0.000000 166.040973 166.040973 166.040973 0.000000 0.000000 0.000000 0.000000 
0.000000 0.000000 0.000000 0.000000 0.000000 166.041667 0.000000 0.000000 0.000000 0.000000 0.000000 
