test/output/constant/M3M490_S060_A090_WD180.0_WS010.0/M3M490_S060_A090_WD180.0_WS010.0_raz.asc
ncols         11
nrows         37
xllcorner     426103.990666
yllcorner     12745255.311160
cellsize      100.000000
NODATA_value  0.000000
0 0 0 0 360 333 360 0 0 0 0 
0 0 0 288 288 254 71 71 0 0 0 
0 0 0 333 191 180 168 71 0 0 0 
0 0 0 288 189 180 170 71 0 0 0 
0 0 270 191 184 180 175 168 90 0 0 
0 0 288 244 189 180 170 172 71 0 0 
0 0 244 244 186 180 173 170 170 0 0 
0 333 244 191 180 180 179 166 168 71 0 
0 333 191 184 180 180 176 170 168 26 0 
0 191 189 184 187 180 172 166 170 168 0 
0 230 193 184 180 180 179 175 166 170 0 
0 189 189 187 182 180 177 172 166 170 0 
0 261 186 184 180 180 175 175 172 170 0 
0 189 186 180 180 180 175 168 166 168 0 
0 189 186 187 180 180 177 172 173 170 0 
0 189 183 180 180 180 177 175 168 170 0 
0 189 183 180 187 180 172 176 176 173 0 
230 186 187 182 180 180 177 177 172 168 168 
189 183 183 180 183 180 176 177 176 170 166 
244 184 187 180 180 180 177 177 172 172 166 
184 180 184 184 180 180 180 175 175 168 173 
186 182 193 180 180 180 172 168 166 172 168 
189 180 189 180 180 177 173 179 170 168 170 
189 186 186 184 180 180 175 175 173 173 170 
0 182 184 187 180 176 175 172 175 168 0 
0 186 184 180 180 180 176 179 175 173 0 
0 180 180 184 180 176 176 175 175 176 0 
0 187 180 180 180 180 176 176 176 172 0 
0 184 186 182 180 176 176 177 173 175 0 
0 182 191 180 180 180 176 177 168 177 0 
0 187 180 180 180 179 176 177 179 172 0 
0 0 180 183 180 180 176 176 176 0 0 
0 0 183 180 180 179 176 179 176 0 0 
0 0 180 180 180 180 176 175 177 0 0 
0 0 0 180 180 179 177 177 0 0 0 
0 0 0 180 180 180 177 175 0 0 0 
0 0 0 0 180 176 177 0 0 0 0 
