test/output/constant/M3M490_S060_A090_WD180.0_WS010.0/M3M490_S060_A090_WD180.0_WS010.0_arrival.asc
ncols         11
nrows         37
xllcorner     426103.990666
yllcorner     12745255.311160
cellsize      100.000000
NODATA_value  0.000000
0.000000 0.000000 0.000000 0.000000 166.029084 166.019548 166.029084 0.000000 0.000000 0.000000 0.000000 
0.000000 0.000000 0.000000 166.036712 166.009536 166.000000 166.009536 166.036712 0.000000 0.000000 0.000000 
0.000000 0.000000 0.000000 166.026223 166.005245 166.000954 166.005245 166.026223 0.000000 0.000000 0.000000 
0.000000 0.000000 0.000000 166.019548 166.004768 166.001907 166.004768 166.019548 0.000000 0.000000 0.000000 
0.000000 0.000000 166.035282 166.016211 166.004768 166.003337 166.004768 166.016211 166.035282 0.000000 0.000000 
0.000000 0.000000 166.030514 166.014780 166.005721 166.004291 166.005721 166.014780 166.030514 0.000000 0.000000 
0.000000 0.000000 166.027177 166.014303 166.006675 166.005721 166.006675 166.014303 166.027177 0.000000 0.000000 
0.000000 166.041480 166.025270 166.013827 166.007629 166.006675 166.007629 166.013827 166.025270 166.041480 0.000000 
0.000000 166.038143 166.023839 166.013827 166.008582 166.008105 166.008582 166.013827 166.023839 166.038143 0.000000 
0.000000 166.035759 166.023362 166.014303 166.010012 166.009059 166.010012 166.014303 166.023362 166.035759 0.000000 
0.000000 166.034328 166.022886 166.014780 166.010966 166.010489 166.010966 166.014780 166.022886 166.034328 0.000000 
0.000000 166.033375 166.022886 166.015734 166.012396 166.011443 166.012396 166.015734 166.022886 166.033375 0.000000 
0.000000 166.032898 166.022886 166.016687 166.013350 166.012873 166.013350 166.016687 166.022886 166.032898 0.000000 
0.000000 166.032421 166.022886 166.017641 166.014303 166.013827 166.014303 166.017641 166.022886 166.032421 0.000000 
0.000000 166.031944 166.023362 166.018118 166.015734 166.015257 166.015734 166.018118 166.023362 166.031944 0.000000 
0.000000 166.031944 166.024316 166.019071 166.016687 166.016211 166.016687 166.019071 166.024316 166.031944 0.000000 
0.000000 166.031944 166.024793 166.020025 166.018118 166.017641 166.018118 166.020025 166.024793 166.031944 0.000000 
166.041480 166.031944 166.025746 166.021455 166.019071 166.018595 166.019071 166.021455 166.025746 166.031944 166.041480 
166.041003 166.032421 166.026700 166.022409 166.020502 166.020025 166.020502 166.022409 166.026700 166.032421 166.041003 
166.041003 166.032898 166.027177 166.023362 166.021455 166.020978 166.021455 166.023362 166.027177 166.032898 166.041003 
166.041003 166.033375 166.028130 166.024316 166.022409 166.022409 166.022409 166.024316 166.028130 166.033375 166.041003 
166.041003 166.034328 166.029084 166.025746 166.023839 166.023362 166.023839 166.025746 166.029084 166.034328 166.041003 
166.041003 166.034805 166.030037 166.026700 166.024793 166.024793 166.024793 166.026700 166.030037 166.034805 166.041003 
166.041480 166.035759 166.030991 166.027653 166.026223 166.025746 166.026223 166.027653 166.030991 166.035759 166.041480 
0.000000 166.036712 166.031944 166.029084 166.027177 166.027177 166.027177 166.029084 166.031944 166.036712 0.000000 
0.000000 166.037189 166.032898 166.030037 166.028607 166.028130 166.028607 166.030037 166.032898 166.037189 0.000000 
0.000000 166.038143 166.033852 166.031468 166.029561 166.029561 166.029561 166.031468 166.033852 166.038143 0.000000 
0.000000 166.039096 166.034805 166.032421 166.030991 166.030514 166.030991 166.032421 166.034805 166.039096 0.000000 
0.000000 166.040050 166.035759 166.033852 166.031944 166.031944 166.031944 166.033852 166.035759 166.040050 0.000000 
0.000000 166.041003 166.037189 166.034805 166.033375 166.032898 166.033375 166.034805 166.037189 166.041003 0.000000 
0.000000 166.041480 166.038143 166.035759 166.034328 166.034328 166.034328 166.035759 166.038143 166.041480 0.000000 
0.000000 0.000000 166.039096 166.037189 166.035759 166.035282 166.035759 166.037189 166.039096 0.000000 0.000000 
0.000000 0.000000 166.040527 166.038143 166.036712 166.036712 166.036712 166.038143 166.040527 0.000000 0.000000 
0.000000 0.000000 166.041480 166.039096 166.038143 166.037666 166.038143 166.039096 166.041480 0.000000 0.000000 
0.000000 0.000000 0.000000 166.040527 166.039096 166.039096 166.039096 166.040527 0.000000 0.000000 0.000000 
0.000000 0.000000 0.000000 166.041480 166.040527 166.040050 166.040527 166.041480 0.000000 0.000000 0.000000 
0.000000 0.000000 0.000000 0.000000 166.041480 166.041480 166.041480 0.000000 0.000000 0.000000 0.000000 
