test/output/constant/M3M485_S060_A090_WD090.0_WS005.0/M3M485_S060_A090_WD090.0_WS005.0_raz.asc
ncols         11
nrows         46
xllcorner     425803.990666
yllcorner     12744255.311160
cellsize      100.000000
NODATA_value  0.000000
0 0 0 0 0 0 0 264 65535 74 0 
0 0 0 0 0 0 300 193 187 171 0 
0 0 0 0 0 0 252 191 187 173 74 
0 0 0 0 0 252 195 187 187 173 7 
0 0 0 0 0 195 193 187 186 176 171 
0 0 0 0 264 252 235 187 177 173 168 
0 0 0 0 196 235 190 187 179 176 171 
0 0 0 0 195 195 192 187 180 168 168 
0 0 0 235 252 252 192 187 180 176 171 
0 0 0 277 235 235 187 187 179 177 171 
0 0 0 235 235 189 187 185 179 176 171 
0 0 0 193 193 190 187 183 180 176 176 
0 0 195 252 193 187 187 186 179 173 171 
0 0 264 193 193 187 187 187 179 179 173 
0 0 193 193 187 188 187 177 180 176 176 
0 0 235 235 189 187 187 180 179 179 173 
0 0 252 193 193 187 187 183 179 176 171 
0 195 235 195 188 187 187 168 177 173 177 
0 195 195 187 187 187 179 168 180 179 176 
0 193 195 189 187 187 187 180 179 171 168 
0 195 235 189 189 187 180 179 180 179 173 
0 193 195 187 191 187 180 180 179 180 171 
0 195 187 190 187 187 179 180 180 180 173 
195 195 187 188 187 187 179 176 180 171 173 
235 264 188 191 187 187 176 179 171 180 0 
195 188 190 192 187 179 171 180 179 171 0 
235 187 187 187 187 187 183 177 168 180 0 
193 187 187 187 187 185 180 179 179 176 0 
264 187 187 193 187 187 182 179 173 179 0 
188 189 187 191 187 180 187 177 179 177 0 
187 187 187 187 187 187 186 180 177 179 0 
187 187 187 187 187 177 176 179 179 0 0 
187 190 187 187 187 177 179 177 177 0 0 
189 191 187 187 187 182 179 180 179 0 0 
191 187 188 187 187 182 180 179 177 0 0 
187 187 187 187 179 179 186 173 180 0 0 
187 187 187 187 187 187 176 180 0 0 0 
187 187 192 187 176 180 180 179 0 0 0 
187 187 187 187 187 180 179 173 0 0 0 
187 187 187 187 184 179 179 0 0 0 0 
187 187 187 177 179 183 173 0 0 0 0 
191 192 187 187 183 179 180 0 0 0 0 
187 187 187 182 176 180 0 0 0 0 0 
0 187 187 187 187 182 0 0 0 0 0 
0 187 187 182 180 0 0 0 0 0 0 
0 187 187 187 0 0 0 0 0 0 0 
