test/output/constant/M3M485_S060_A090_WD090.0_WS005.0/M3M485_S060_A090_WD090.0_WS005.0_intensity.asc
ncols         11
nrows         46
xllcorner     425803.990666
yllcorner     12744255.311160
cellsize      100.000000
NODATA_value  0.000000
0 0 0 0 0 0 0 1602 0 921 0 
0 0 0 0 0 0 945 51062 67240 24046 0 
0 0 0 0 0 0 2145 59728 67240 29607 921 
0 0 0 0 0 2145 45902 67240 67240 29607 757 
0 0 0 0 0 45902 51062 67240 67163 35315 24046 
0 0 0 0 1602 2145 3752 67240 40995 29607 18801 
0 0 0 0 40395 3752 62970 67240 46476 35315 24046 
0 0 0 0 45902 45902 55717 67240 51591 18801 18801 
0 0 0 3752 2145 2145 55717 67240 51591 35315 24046 
0 0 0 1253 3752 3752 67240 67240 46476 40995 24046 
0 0 0 3752 3752 65347 67240 65550 46476 35315 24046 
0 0 0 51062 51062 62970 67240 60119 51591 35315 35315 
0 0 45902 2145 51062 67240 67240 66882 46476 29607 24046 
0 0 1602 51062 51062 67240 67240 67240 46476 46476 29607 
0 0 51062 51062 67113 66785 67240 40995 51591 35315 35315 
0 0 3752 3752 65347 67240 67240 51591 46476 46476 29607 
0 0 2145 51062 51062 67240 67240 60119 46476 35315 24046 
0 45902 3752 45902 66785 67240 67240 18801 40995 29607 40995 
0 45902 45902 67113 67240 67240 46476 18801 51591 46476 35315 
0 51062 45902 65347 67240 67240 67240 51591 46476 24046 18801 
0 45902 3752 65347 65347 67240 51591 46476 51591 46476 29607 
0 51062 45902 67240 59728 67240 51591 51591 46476 51591 24046 
0 45902 67240 62970 67240 67240 46476 51591 51591 51591 29607 
45902 45902 67113 66785 67240 67240 46476 35315 51591 24046 29607 
3752 1602 66785 59728 67240 67240 35315 46476 24046 51591 0 
45902 66785 62970 55717 67240 46476 24046 51591 46476 24046 0 
3752 67240 67240 67240 67240 67240 60119 40995 18801 51591 0 
51062 67240 67240 67240 67240 65550 51591 46476 46476 35315 0 
1602 67240 67240 51062 67240 67240 56186 46476 29607 46476 0 
66785 65347 67240 59728 67240 51591 67240 40995 46476 40995 0 
67240 67240 67240 67240 67240 67240 66882 51591 40995 46476 0 
67240 67113 67240 67240 67240 40995 35315 46476 46476 0 0 
67240 62970 67240 67240 67240 40995 46476 40995 40995 0 0 
65347 59728 67240 67240 67240 56186 46476 51591 46476 0 0 
59728 67113 66785 67240 67240 56186 51591 46476 40995 0 0 
67240 67240 67240 67240 46476 46476 67163 29607 51591 0 0 
67240 67240 67240 67240 67240 67240 35315 51591 0 0 0 
67240 67240 55717 67240 35315 51591 51591 46476 0 0 0 
67240 67240 67240 67240 67240 51591 46476 29607 0 0 0 
67240 67240 67240 67240 63272 46476 46476 0 0 0 0 
67113 67240 67240 40995 46476 60119 29607 0 0 0 0 
59728 55717 67240 67240 60119 46476 51591 0 0 0 0 
67240 67113 67240 56186 35315 51591 0 0 0 0 0 
0 67240 67240 67240 67240 56186 0 0 0 0 0 
0 67240 67240 56186 51591 0 0 0 0 0 0 
0 67240 67240 67240 0 0 0 0 0 0 0 
