test/output/constant/M3M475_S060_A180_WD045.0_WS020.0/M3M475_S060_A180_WD045.0_WS020.0_ros.asc
ncols         24
nrows         16
xllcorner     426503.990666
yllcorner     12747355.311160
cellsize      100.000000
NODATA_value  0.000000
1.536489 5.002180 6.967260 5.002180 5.002180 12.186234 0.000000 0.000000 0.000000 0.000000 0.000000 0.000000 0.000000 0.000000 0.000000 0.000000 0.000000 0.000000 0.000000 0.000000 0.000000 0.000000 0.000000 0.000000 
1.961471 -1.000000 43.048065 5.002180 9.382339 15.302350 9.382339 9.382339 9.382339 5.002180 0.000000 0.000000 0.000000 0.000000 0.000000 0.000000 0.000000 0.000000 0.000000 0.000000 0.000000 0.000000 0.000000 0.000000 
2.615845 27.284908 43.048065 43.048065 43.048065 6.967260 6.967260 6.967260 22.107834 9.382339 25.597338 22.107834 0.000000 0.000000 0.000000 0.000000 0.000000 0.000000 0.000000 0.000000 0.000000 0.000000 0.000000 0.000000 
0.000000 1.961471 30.610050 43.048065 43.048065 43.048065 43.048065 3.527122 43.048065 39.890522 5.002180 29.006445 25.597338 25.597338 0.000000 0.000000 0.000000 0.000000 0.000000 0.000000 0.000000 0.000000 0.000000 0.000000 
0.000000 1.961471 2.236678 27.284908 43.048065 43.048065 43.048065 43.048065 43.044960 43.048065 6.967260 39.890522 5.002180 18.642006 6.967260 0.000000 0.000000 0.000000 0.000000 0.000000 0.000000 0.000000 0.000000 0.000000 
0.000000 0.000000 2.615845 27.284908 30.610050 42.097836 43.048065 43.048065 43.048065 43.048065 6.967260 35.179832 5.002180 43.044960 43.048065 39.890522 39.890522 0.000000 0.000000 0.000000 0.000000 0.000000 0.000000 0.000000 
0.000000 0.000000 0.000000 2.615845 27.284908 27.284908 42.097836 42.097836 43.048065 43.048065 43.048065 43.048065 43.048065 29.006445 6.967260 43.048065 37.758282 6.967260 0.000000 0.000000 0.000000 0.000000 0.000000 0.000000 
0.000000 0.000000 0.000000 0.000000 1.961471 27.284908 2.615845 42.097836 43.048065 43.048065 43.048065 43.048065 43.048065 43.048065 43.048065 6.967260 5.002180 5.002180 37.758282 42.574341 0.000000 0.000000 0.000000 0.000000 
0.000000 0.000000 0.000000 0.000000 0.000000 2.236678 30.610050 30.610050 33.707050 43.048065 43.048065 43.048065 43.048065 43.044960 43.048065 39.890522 37.758282 43.048065 43.048065 9.382339 6.967260 0.000000 0.000000 0.000000 
0.000000 0.000000 0.000000 0.000000 0.000000 0.000000 0.000000 30.610050 30.610050 36.482124 43.048065 43.048065 43.048065 43.048065 43.048065 43.048065 43.048065 43.044960 37.758282 35.179832 35.179832 5.002180 0.000000 0.000000 
0.000000 0.000000 0.000000 0.000000 0.000000 0.000000 0.000000 0.000000 30.610050 27.284908 2.236678 43.048065 43.048065 43.048065 43.048065 43.048065 43.048065 43.048065 43.048065 43.048065 43.048065 29.006445 37.758282 0.000000 
0.000000 0.000000 0.000000 0.000000 0.000000 0.000000 0.000000 0.000000 0.000000 0.000000 1.961471 43.048065 43.048065 43.048065 43.048065 43.048065 43.048065 43.048065 43.048065 43.048065 43.048065 43.048065 42.574341 0.000000 
0.000000 0.000000 0.000000 0.000000 0.000000 0.000000 0.000000 0.000000 0.000000 0.000000 0.000000 30.610050 30.610050 43.048065 38.851128 43.048065 43.048065 43.048065 40.742180 43.048065 43.048065 43.048065 43.048065 43.048065 
0.000000 0.000000 0.000000 0.000000 0.000000 0.000000 0.000000 0.000000 0.000000 0.000000 0.000000 0.000000 0.000000 27.284908 2.236678 36.482124 42.097836 43.048065 43.048065 43.048065 43.048065 43.048065 43.048065 43.048065 
0.000000 0.000000 0.000000 0.000000 0.000000 0.000000 0.000000 0.000000 0.000000 0.000000 0.000000 0.000000 0.000000 0.000000 0.000000 0.000000 36.482124 43.048065 43.048065 42.097836 43.048065 43.048065 43.048065 43.048065 
0.000000 0.000000 0.000000 0.000000 0.000000 0.000000 0.000000 0.000000 0.000000 0.000000 0.000000 0.000000 0.000000 0.000000 0.000000 0.000000 0.000000 0.000000 0.000000 43.048065 42.097836 42.876869 43.048065 43.048065 
