test/data/constant/C2_S000_A000_WD180.0_WS020.0/C2_S000_A000_WD180.0_WS020.0_arrival.asc
ncols         41
nrows         104
xllcorner     424603.990666
yllcorner     12748155.311160
cellsize      100.000000
NODATA_value  0.000000
[rows 0 to 35 of 104, columns 0 to 40 of 41]
0.000000 0.000000 0.000000 0.000000 0.000000 0.000000 0.000000 0.000000 0.000000 0.000000 0.000000 0.000000 0.000000 0.000000 0.000000 0.000000 0.000000 0.000000 0.000000 0.000000 123.416667 0.000000 0.000000 0.000000 0.000000 0.000000 0.000000 0.000000 0.000000 0.000000 0.000000 0.000000 0.000000 0.000000 0.000000 0.000000 0.000000 0.000000 0.000000 0.000000 0.000000
0.000000 0.000000 0.000000 0.000000 0.000000 0.000000 0.000000 0.000000 0.000000 0.000000 0.000000 0.000000 0.000000 0.000000 0.000000 0.000000 0.000000 0.000000 0.000000 123.416003 123.413845 123.416003 0.000000 0.000000 0.000000 0.000000 0.000000 0.000000 0.000000 0.000000 0.000000 0.000000 0.000000 0.000000 0.000000 0.000000 0.000000 0.000000 0.000000 0.000000 0.000000
0.000000 0.000000 0.000000 0.000000 0.000000 0.000000 0.000000 0.000000 0.000000 0.000000 0.000000 0.000000 0.000000 0.000000 0.000000 0.000000 0.000000 0.000000 123.416003 123.411687 123.409529 123.411687 123.416003 0.000000 0.000000 0.000000 0.000000 0.000000 0.000000 0.000000 0.000000 0.000000 0.000000 0.000000 0.000000 0.000000 0.000000 0.000000 0.000000 0.000000 0.000000
0.000000 0.000000 0.000000 0.000000 0.000000 0.000000 0.000000 0.000000 0.000000 0.000000 0.000000 0.000000 0.000000 0.000000 0.000000 0.000000 0.000000 123.416003 123.411687 123.407371 123.405213 123.407371 123.411687 123.416003 0.000000 0.000000 0.000000 0.000000 0.000000 0.000000 0.000000 0.000000 0.000000 0.000000 0.000000 0.000000 0.000000 0.000000 0.000000 0.000000 0.000000
0.000000 0.000000 0.000000 0.000000 0.000000 0.000000 0.000000 0.000000 0.000000 0.000000 0.000000 0.000000 0.000000 0.000000 0.000000 0.000000 123.416003 123.411687 123.407371 123.403055 123.400897 123.403055 123.407371 123.411687 123.416003 0.000000 0.000000 0.000000 0.000000 0.000000 0.000000 0.000000 0.000000 0.000000 0.000000 0.000000 0.000000 0.000000 0.000000 0.000000 0.000000
0.000000 0.000000 0.000000 0.000000 0.000000 0.000000 0.000000 0.000000 0.000000 0.000000 0.000000 0.000000 0.000000 0.000000 0.000000 123.416667 123.411687 123.407371 123.403055 123.398739 123.396581 123.398739 123.403055 123.407371 123.411687 123.416003 0.000000 0.000000 0.000000 0.000000 0.000000 0.000000 0.000000 0.000000 0.000000 0.000000 0.000000 0.000000 0.000000 0.000000 0.000000
0.000000 0.000000 0.000000 0.000000 0.000000 0.000000 0.000000 0.000000 0.000000 0.000000 0.000000 0.000000 0.000000 0.000000 123.416667 123.413845 123.407371 123.403055 123.398739 123.394423 123.392265 123.394423 123.398739 123.403055 123.407371 123.411687 123.416003 0.000000 0.000000 0.000000 0.000000 0.000000 0.000000 0.000000 0.000000 0.000000 0.000000 0.000000 0.000000 0.000000 0.000000
0.000000 0.000000 0.000000 0.000000 0.000000 0.000000 0.000000 0.000000 0.000000 0.000000 0.000000 0.000000 0.000000 0.000000 123.413845 123.409529 123.403055 123.398739 123.394423 123.390107 123.387948 123.390107 123.394423 123.398739 123.403055 123.407371 123.411687 123.416667 0.000000 0.000000 0.000000 0.000000 0.000000 0.000000 0.000000 0.000000 0.000000 0.000000 0.000000 0.000000 0.000000
0.000000 0.000000 0.000000 0.000000 0.000000 0.000000 0.000000 0.000000 0.000000 0.000000 0.000000 0.000000 0.000000 123.413845 123.409529 123.405213 123.398739 123.394423 123.390107 123.385790 123.383632 123.385790 123.390107 123.394423 123.398739 123.403055 123.407371 123.413845 0.000000 0.000000 0.000000 0.000000 0.000000 0.000000 0.000000 0.000000 0.000000 0.000000 0.000000 0.000000 0.000000
0.000000 0.000000 0.000000 0.000000 0.000000 0.000000 0.000000 0.000000 0.000000 0.000000 0.000000 0.000000 123.413845 123.409529 123.405213 123.400897 123.394423 123.390107 123.385790 123.381474 123.379316 123.381474 123.385790 123.390107 123.394423 123.398739 123.403055 123.409529 123.413845 0.000000 0.000000 0.000000 0.000000 0.000000 0.000000 0.000000 0.000000 0.000000 0.000000 0.000000 0.000000
0.000000 0.000000 0.000000 0.000000 0.000000 0.000000 0.000000 0.000000 0.000000 0.000000 0.000000 123.413845 123.409529 123.405213 123.400897 123.396581 123.390107 123.385790 123.381474 123.377158 123.374337 123.377158 123.381474 123.385790 123.390107 123.394423 123.398739 123.405213 123.409529 123.413845 0.000000 0.000000 0.000000 0.000000 0.000000 0.000000 0.000000 0.000000 0.000000 0.000000 0.000000
0.000000 0.000000 0.000000 0.000000 0.000000 0.000000 0.000000 0.000000 0.000000 0.000000 123.413845 123.409529 123.405213 123.400897 123.396581 123.392265 123.385790 123.381474 123.377158 123.372179 123.370021 123.372179 123.377158 123.381474 123.385790 123.390107 123.394423 123.400897 123.405213 123.409529 123.413845 0.000000 0.000000 0.000000 0.000000 0.000000 0.000000 0.000000 0.000000 0.000000 0.000000
0.000000 0.000000 0.000000 0.000000 0.000000 0.000000 0.000000 0.000000 0.000000 123.416003 123.409529 123.405213 123.400897 123.396581 123.392265 123.387948 123.381474 123.377158 123.372179 123.367862 123.365704 123.367862 123.372179 123.377158 123.381474 123.385790 123.390107 123.396581 123.400897 123.405213 123.409529 123.413845 0.000000 0.000000 0.000000 0.000000 0.000000 0.000000 0.000000 0.000000 0.000000
0.000000 0.000000 0.000000 0.000000 0.000000 0.000000 0.000000 0.000000 123.416003 123.411687 123.405213 123.400897 123.396581 123.392265 123.387948 123.383632 123.377158 123.374337 123.367862 123.363546 123.361388 123.363546 123.367862 123.372179 123.377158 123.381474 123.385790 123.392265 123.396581 123.400897 123.405213 123.409529 123.416003 0.000000 0.000000 0.000000 0.000000 0.000000 0.000000 0.000000 0.000000
0.000000 0.000000 0.000000 0.000000 0.000000 0.000000 0.000000 123.416003 123.411687 123.407371 123.400897 123.396581 123.392265 123.387948 123.383632 123.379316 123.374337 123.370021 123.363546 123.359230 123.357072 123.359230 123.363546 123.367862 123.372179 123.377158 123.381474 123.387948 123.392265 123.396581 123.400897 123.405213 123.411687 123.416003 0.000000 0.000000 0.000000 0.000000 0.000000 0.000000 0.000000
0.000000 0.000000 0.000000 0.000000 0.000000 0.000000 123.416003 123.411687 123.407371 123.403055 123.396581 123.392265 123.387948 123.383632 123.379316 123.374337 123.370021 123.365704 123.359230 123.354914 123.352756 123.354914 123.359230 123.363546 123.367862 123.374337 123.377158 123.383632 123.387948 123.392265 123.396581 123.400897 123.407371 123.411687 123.416003 0.000000 0.000000 0.000000 0.000000 0.000000 0.000000
0.000000 0.000000 0.000000 0.000000 0.000000 0.000000 123.411687 123.407371 123.403055 123.398739 123.392265 123.387948 123.383632 123.379316 123.374337 123.370021 123.365704 123.361388 123.354914 123.350598 123.348440 123.350598 123.354914 123.359230 123.363546 123.370021 123.374337 123.379316 123.383632 123.387948 123.392265 123.396581 123.403055 123.407371 123.411687 0.000000 0.000000 0.000000 0.000000 0.000000 0.000000
0.000000 0.000000 0.000000 0.000000 0.000000 0.000000 123.407371 123.403055 123.398739 123.394423 123.387948 123.383632 123.379316 123.374337 123.370021 123.365704 123.361388 123.357072 123.350598 123.346282 123.344124 123.346282 123.350598 123.354914 123.359230 123.365704 123.370021 123.374337 123.379316 123.383632 123.387948 123.392265 123.398739 123.403055 123.407371 123.416003 0.000000 0.000000 0.000000 0.000000 0.000000
0.000000 0.000000 0.000000 0.000000 0.000000 123.413845 123.403055 123.398739 123.394423 123.390107 123.383632 123.379316 123.374337 123.370021 123.365704 123.361388 123.357072 123.352756 123.346282 123.341966 123.339808 123.341966 123.346282 123.350598 123.354914 123.361388 123.365704 123.370021 123.374337 123.379316 123.383632 123.387948 123.394423 123.398739 123.403055 123.413845 0.000000 0.000000 0.000000 0.000000 0.000000
0.000000 0.000000 0.000000 0.000000 0.000000 123.411687 123.398739 123.394423 123.390107 123.385790 123.379316 123.375000 123.370021 123.365704 123.361388 123.357072 123.352756 123.348440 123.341966 123.337649 123.335491 123.337649 123.341966 123.346282 123.350598 123.357072 123.361388 123.365704 123.370021 123.374337 123.379316 123.383632 123.390107 123.394423 123.398739 123.409529 0.000000 0.000000 0.000000 0.000000 0.000000
0.000000 0.000000 0.000000 0.000000 0.000000 123.409529 123.396581 123.390107 123.385790 123.381474 123.375000 123.372179 123.365704 123.361388 123.357072 123.352756 123.348440 123.344124 123.337649 123.332670 123.330512 123.332670 123.337649 123.341966 123.346282 123.352756 123.357072 123.361388 123.365704 123.370021 123.375000 123.379316 123.385790 123.390107 123.394423 123.407371 0.000000 0.000000 0.000000 0.000000 0.000000
0.000000 0.000000 0.000000 0.000000 0.000000 123.407371 123.394423 123.385790 123.381474 123.377158 123.372179 123.367862 123.361388 123.357072 123.352756 123.348440 123.344124 123.339808 123.333333 123.328354 123.326196 123.328354 123.332670 123.337649 123.341966 123.348440 123.352756 123.357072 123.361388 123.365704 123.372179 123.375000 123.381474 123.385790 123.390107 123.405213 0.000000 0.000000 0.000000 0.000000 0.000000
0.000000 0.000000 0.000000 0.000000 123.416667 123.403055 123.390107 123.381474 123.377158 123.372179 123.367862 123.363546 123.357072 123.352756 123.348440 123.344124 123.339808 123.335491 123.330512 123.324038 123.321880 123.324038 123.328354 123.333333 123.337649 123.344124 123.348440 123.352756 123.357072 123.361388 123.367862 123.372179 123.377158 123.381474 123.387948 123.403055 123.416003 0.000000 0.000000 0.000000 0.000000
0.000000 0.000000 0.000000 0.000000 123.416003 123.403055 123.387948 123.377158 123.372179 123.367862 123.363546 123.359230 123.352756 123.348440 123.344124 123.339808 123.335491 123.330512 123.326196 123.319722 123.317564 123.319722 123.324038 123.330512 123.333333 123.339808 123.344124 123.348440 123.352756 123.357072 123.363546 123.367862 123.372179 123.377158 123.385790 123.400897 123.413845 0.000000 0.000000 0.000000 0.000000
0.000000 0.000000 0.000000 0.000000 123.411687 123.398739 123.385790 123.372179 123.367862 123.363546 123.359230 123.354914 123.348440 123.344124 123.339808 123.335491 123.330512 123.326196 123.321880 123.315405 123.313247 123.315405 123.319722 123.326196 123.330512 123.335491 123.339808 123.344124 123.348440 123.352756 123.359230 123.363546 123.367862 123.372179 123.383632 123.396581 123.411687 0.000000 0.000000 0.000000 0.000000
0.000000 0.000000 0.000000 0.000000 123.409529 123.396581 123.381474 123.367862 123.363546 123.359230 123.354914 123.350598 123.344124 123.339808 123.335491 123.330512 123.326196 123.321880 123.317564 123.311089 123.308931 123.311089 123.315405 123.321880 123.326196 123.330512 123.335491 123.339808 123.344124 123.348440 123.354914 123.359230 123.363546 123.367862 123.381474 123.394423 123.407371 0.000000 0.000000 0.000000 0.000000
0.000000 0.000000 0.000000 0.000000 123.407371 123.394423 123.379316 123.365704 123.359230 123.354914 123.350598 123.346282 123.339808 123.335491 123.330512 123.326196 123.321880 123.317564 123.313247 123.306773 123.304615 123.306773 123.311089 123.317564 123.321880 123.326196 123.330512 123.335491 123.339808 123.344124 123.350598 123.354914 123.359230 123.363546 123.377158 123.392265 123.405213 0.000000 0.000000 0.000000 0.000000
0.000000 0.000000 0.000000 123.416667 123.405213 123.390107 123.377158 123.363546 123.354914 123.350598 123.346282 123.341966 123.335491 123.332670 123.326196 123.321880 123.317564 123.313247 123.308931 123.302457 123.300299 123.302457 123.306773 123.313247 123.317564 123.321880 123.326196 123.330512 123.335491 123.339808 123.346282 123.350598 123.354914 123.361388 123.374337 123.390107 123.403055 123.416003 0.000000 0.000000 0.000000
0.000000 0.000000 0.000000 123.416003 123.400897 123.387948 123.374337 123.359230 123.350598 123.346282 123.341966 123.337649 123.332670 123.328354 123.321880 123.317564 123.313247 123.308931 123.304615 123.298141 123.295983 123.298141 123.302457 123.308931 123.313247 123.317564 123.321880 123.326196 123.330512 123.335491 123.341966 123.346282 123.350598 123.359230 123.372179 123.385790 123.398739 123.413845 0.000000 0.000000 0.000000
0.000000 0.000000 0.000000 123.411687 123.398739 123.385790 123.370021 123.357072 123.346282 123.341966 123.337649 123.332670 123.328354 123.324038 123.317564 123.313247 123.308931 123.304615 123.300299 123.293825 123.291667 123.293825 123.298141 123.304615 123.308931 123.313247 123.317564 123.321880 123.326196 123.332670 123.337649 123.341966 123.346282 123.357072 123.370021 123.383632 123.396581 123.411687 0.000000 0.000000 0.000000
0.000000 0.000000 0.000000 123.409529 123.396581 123.383632 123.367862 123.354914 123.341966 123.337649 123.332670 123.328354 123.324038 123.319722 123.313247 123.308931 123.304615 123.300299 123.295983 123.291003 123.288845 123.291003 123.293825 123.300299 123.304615 123.308931 123.313247 123.317564 123.321880 123.328354 123.332670 123.337649 123.341966 123.352756 123.367862 123.381474 123.394423 123.409529 0.000000 0.000000 0.000000
0.000000 0.000000 0.000000 123.407371 123.394423 123.379316 123.365704 123.352756 123.337649 123.332670 123.328354 123.324038 123.319722 123.315405 123.308931 123.304615 123.300299 123.295983 123.291003 123.286687 123.284529 123.286687 123.291003 123.295983 123.300299 123.304615 123.308931 123.313247 123.317564 123.324038 123.328354 123.332670 123.337649 123.350598 123.363546 123.377158 123.392265 123.405213 0.000000 0.000000 0.000000
0.000000 0.000000 0.000000 123.405213 123.392265 123.377158 123.363546 123.350598 123.335491 123.328354 123.324038 123.319722 123.315405 123.311089 123.304615 123.300299 123.295983 123.291003 123.286687 123.282371 123.280213 123.282371 123.286687 123.291003 123.295983 123.300299 123.304615 123.308931 123.313247 123.319722 123.324038 123.328354 123.332670 123.348440 123.361388 123.375000 123.387948 123.403055 123.416003 0.000000 0.000000
0.000000 0.000000 123.416003 123.400897 123.387948 123.374337 123.361388 123.346282 123.332670 123.324038 123.319722 123.315405 123.311089 123.306773 123.300299 123.295983 123.291003 123.286687 123.282371 123.278055 123.275897 123.278055 123.282371 123.286687 123.291003 123.295983 123.300299 123.304615 123.308931 123.315405 123.319722 123.324038 123.330512 123.344124 123.359230 123.372179 123.385790 123.400897 123.413845 0.000000 0.000000
0.000000 0.000000 123.413845 123.398739 123.385790 123.372179 123.359230 123.344124 123.330512 123.319722 123.315405 123.311089 123.306773 123.302457 123.295983 123.291003 123.286687 123.282371 123.278055 123.273739 123.271581 123.273739 123.278055 123.282371 123.286687 123.291003 123.295983 123.300299 123.304615 123.311089 123.315405 123.319722 123.328354 123.341966 123.357072 123.370021 123.383632 123.396581 123.411687 0.000000 0.000000
0.000000 0.000000 123.409529 123.396581 123.383632 123.370021 123.354914 123.341966 123.328354 123.315405 123.311089 123.306773 123.302457 123.298141 123.291667 123.286687 123.282371 123.278055 123.273739 123.269423 123.267265 123.269423 123.273739 123.278055 123.282371 123.286687 123.291003 123.295983 123.300299 123.306773 123.311089 123.315405 123.326196 123.339808 123.352756 123.367862 123.381474 123.394423 123.409529 0.000000 0.000000
