test/data/constant/C2_S000_A000_WD180.0_WS020.0/C2_S000_A000_WD180.0_WS020.0_source.asc
ncols         41
nrows         103
xllcorner     424603.990666
yllcorner     12748155.311160
cellsize      100.000000
NODATA_value  255.000000
255 255 255 255 255 255 255 255 255 255 255 255 255 255 255 255 255 255 255 128 132 20 255 255 255 255 255 255 255 255 255 255 255 255 255 255 255 255 255 255 255 
255 255 255 255 255 255 255 255 255 255 255 255 255 255 255 255 255 255 255 132 132 20 20 255 255 255 255 255 255 255 255 255 255 255 255 255 255 255 255 255 255 
255 255 255 255 255 255 255 255 255 255 255 255 255 255 255 255 255 255 4 132 132 20 16 4 255 255 255 255 255 255 255 255 255 255 255 255 255 255 255 255 255 
255 255 255 255 255 255 255 255 255 255 255 255 255 255 255 255 255 4 4 132 132 20 20 4 4 255 255 255 255 255 255 255 255 255 255 255 255 255 255 255 255 
255 255 255 255 255 255 255 255 255 255 255 255 255 255 255 255 255 132 4 132 132 20 5 4 20 255 255 255 255 255 255 255 255 255 255 255 255 255 255 255 255 
255 255 255 255 255 255 255 255 255 255 255 255 255 255 255 255 132 132 4 132 132 20 4 4 20 4 255 255 255 255 255 255 255 255 255 255 255 255 255 255 255 
255 255 255 255 255 255 255 255 255 255 255 255 255 255 255 132 132 132 4 132 132 20 4 4 20 4 4 255 255 255 255 255 255 255 255 255 255 255 255 255 255 
255 255 255 255 255 255 255 255 255 255 255 255 255 255 128 132 132 132 4 132 132 20 4 4 20 4 4 20 255 255 255 255 255 255 255 255 255 255 255 255 255 
255 255 255 255 255 255 255 255 255 255 255 255 255 255 132 132 132 132 132 132 132 20 4 4 20 4 4 20 20 255 255 255 255 255 255 255 255 255 255 255 255 
255 255 255 255 255 255 255 255 255 255 255 255 255 128 132 132 132 132 132 132 132 20 20 4 20 20 4 20 20 4 255 255 255 255 255 255 255 255 255 255 255 
255 255 255 255 255 255 255 255 255 255 255 255 255 132 132 4 132 132 132 132 132 20 20 4 20 16 4 20 20 4 255 255 255 255 255 255 255 255 255 255 255 
255 255 255 255 255 255 255 255 255 255 255 255 128 128 132 4 132 132 2 132 132 20 4 4 20 20 4 20 20 4 4 255 255 255 255 255 255 255 255 255 255 
255 255 255 255 255 255 255 255 255 255 255 255 134 132 134 132 132 132 134 128 132 20 4 4 20 4 4 4 20 4 4 255 255 255 255 255 255 255 255 255 255 
255 255 255 255 255 255 255 255 255 255 255 132 134 128 134 132 132 4 134 132 132 20 4 20 20 4 4 4 20 4 4 20 255 255 255 255 255 255 255 255 255 
255 255 255 255 255 255 255 255 255 255 255 134 132 132 134 4 134 4 134 128 132 20 4 4 20 4 4 20 20 4 4 20 20 255 255 255 255 255 255 255 255 
255 255 255 255 255 255 255 255 255 4 132 132 132 132 134 4 134 4 134 132 132 20 4 4 20 4 4 20 20 4 4 20 20 16 255 255 255 255 255 255 255 
255 255 255 255 255 255 255 255 255 4 132 134 134 128 134 134 134 4 134 132 132 20 4 20 20 4 20 20 20 4 4 20 21 20 255 255 255 255 255 255 255 
255 255 255 255 255 255 255 255 132 4 132 132 134 130 134 128 134 4 134 132 132 20 4 4 20 4 20 20 20 20 4 20 21 21 4 255 255 255 255 255 255 
255 255 255 255 255 255 255 255 132 4 132 132 134 132 132 132 134 4 134 132 132 20 4 20 20 4 20 20 20 20 4 20 21 4 20 255 255 255 255 255 255 
255 255 255 255 255 255 255 128 132 4 132 4 134 4 132 132 134 4 2 132 4 20 4 20 20 4 20 20 20 4 4 20 21 20 21 5 255 255 255 255 255 
255 255 255 255 255 255 255 134 128 4 128 4 134 4 132 132 4 132 132 132 4 20 4 20 20 4 20 20 20 4 4 20 21 20 20 16 255 255 255 255 255 
255 255 255 255 255 255 132 132 4 4 132 4 128 4 132 132 4 132 134 132 4 20 20 20 20 4 20 20 4 4 4 20 21 4 20 20 255 255 255 255 255 
255 255 255 255 255 255 132 128 134 4 132 132 128 134 132 132 4 130 132 132 4 20 21 4 20 4 4 20 20 4 20 20 21 20 21 20 20 255 255 255 255 
255 255 255 255 255 255 132 132 134 4 132 132 132 132 132 132 4 134 132 128 4 20 4 20 20 4 20 20 20 4 20 20 4 4 21 20 16 255 255 255 255 
255 255 255 255 255 132 4 134 130 4 132 128 128 134 128 132 132 134 132 132 4 20 20 20 20 20 20 20 4 4 20 20 21 20 1 20 20 255 255 255 255 
255 255 255 255 255 134 132 4 132 132 132 134 128 4 132 4 132 134 134 128 4 20 21 20 20 20 20 20 20 4 20 16 21 20 21 17 5 255 255 255 255 
255 255 255 255 134 132 4 4 132 132 132 134 132 132 134 132 132 134 132 132 4 20 20 20 20 20 20 20 20 4 20 20 21 21 20 20 16 255 255 255 255 
255 255 255 255 134 128 130 4 4 132 132 134 4 132 132 4 132 134 132 128 4 20 4 20 20 20 20 20 20 4 21 20 21 5 20 16 16 21 255 255 255 
255 255 255 255 132 130 132 128 128 132 4 134 6 4 132 4 132 134 132 132 4 16 20 20 16 20 20 20 20 16 20 16 21 17 20 21 21 16 255 255 255 
255 255 255 128 128 132 134 132 132 128 4 134 132 128 132 134 132 134 132 128 132 20 20 20 20 20 20 20 20 20 20 21 21 17 21 1 17 20 255 255 255 
255 255 255 128 4 128 4 132 134 134 4 134 132 132 6 132 132 134 6 132 132 20 20 20 20 4 20 20 20 20 20 20 21 20 21 20 21 1 255 255 255 
255 255 255 132 128 128 132 132 4 6 134 4 132 128 134 132 134 6 4 132 132 20 20 4 20 20 20 20 20 20 20 20 21 4 21 1 17 21 16 255 255 
255 255 255 134 134 132 128 134 130 4 4 128 132 132 134 134 4 132 128 132 132 20 20 4 20 20 20 20 20 20 16 4 21 21 21 4 21 21 21 255 255 
255 255 2 134 132 6 132 132 132 134 132 132 132 128 132 132 128 132 132 132 132 20 20 4 21 20 20 20 20 21 17 21 20 20 16 21 1 21 21 255 255 
255 255 4 134 130 4 132 128 132 4 132 132 132 132 132 132 132 132 132 132 132 20 20 4 21 20 20 20 20 20 20 21 17 21 17 20 21 20 16 255 255 
255 255 128 6 132 134 134 4 132 4 128 4 132 128 132 132 132 132 132 132 132 20 20 4 21 16 4 20 20 21 20 21 21 21 21 21 21 1 21 255 255 
255 255 4 132 130 134 128 4 132 134 128 134 132 132 134 132 4 132 132 132 132 20 20 20 21 20 4 4 20 21 20 21 21 21 20 17 21 17 4 20 255 
255 128 128 4 134 132 4 134 132 134 134 132 132 132 132 132 134 132 132 132 132 20 20 20 5 20 4 4 21 21 21 5 21 1 16 21 21 17 17 17 255 
255 134 134 6 130 134 134 132 134 134 134 4 134 2 132 132 134 132 134 132 132 20 20 20 4 20 4 4 21 17 4 21 20 20 20 17 1 20 21 20 255 
255 134 132 6 132 134 6 132 134 134 128 128 132 134 132 132 4 132 132 132 4 20 20 4 20 20 4 4 21 4 20 21 20 21 21 21 17 20 21 1 255 
255 4 130 128 134 128 132 2 134 132 132 4 132 134 128 132 132 132 132 132 4 20 20 4 16 20 4 4 16 20 4 20 20 21 4 20 1 1 21 21 255 
255 130 128 132 128 132 132 132 4 128 132 134 4 134 132 132 4 132 132 132 4 20 20 20 20 20 4 4 21 20 21 21 21 21 17 5 21 4 21 20 16 
130 132 134 128 132 134 134 134 4 132 132 132 132 134 134 132 4 132 132 132 4 20 20 20 20 20 4 4 17 20 5 4 16 1 5 1 21 20 16 21 16 
6 134 6 130 130 2 132 134 128 128 4 134 2 134 134 132 132 134 132 132 4 20 20 20 20 21 4 4 5 20 17 21 21 5 21 21 17 20 16 21 17 
2 132 128 6 4 134 134 132 132 134 132 4 134 134 132 132 132 132 132 132 4 20 20 20 20 20 4 4 20 20 21 20 1 5 16 21 20 5 20 21 17 
255 2 132 4 128 134 130 6 128 4 132 128 4 4 132 128 128 132 132 132 4 20 20 20 20 20 4 16 5 20 20 20 5 21 21 21 21 5 21 17 81 
255 130 132 134 130 132 132 132 2 132 132 6 132 4 132 132 132 132 132 132 4 20 20 20 20 20 20 20 20 20 21 4 20 17 20 21 20 16 21 1 17 
255 2 128 128 132 134 132 132 132 134 132 128 132 4 132 132 128 132 132 132 4 20 20 20 16 16 20 20 21 20 21 21 17 20 21 17 21 16 21 1 17 
255 130 2 134 130 128 134 6 4 128 132 134 132 132 132 132 132 132 132 132 4 20 20 20 20 20 20 20 21 21 4 21 20 21 16 5 21 20 17 17 17 
255 130 2 132 4 6 4 134 134 4 132 132 132 128 132 4 128 132 132 132 4 20 4 20 20 16 20 20 21 16 20 16 21 1 21 20 21 5 65 17 1 
255 162 2 130 128 128 128 134 4 128 132 4 134 128 132 128 132 132 132 132 4 20 21 20 20 20 20 20 21 20 20 20 17 20 21 17 21 16 17 17 1 
255 130 2 130 4 4 6 134 132 132 134 134 128 132 130 132 132 132 132 128 4 20 21 20 20 20 20 20 21 16 21 5 20 17 21 20 21 1 1 17 255 
255 2 2 2 128 134 130 130 134 134 134 4 132 128 132 128 132 132 132 132 4 20 21 20 20 20 20 20 21 4 16 20 16 20 16 16 21 1 1 25 255 
255 130 130 130 130 128 132 132 6 134 134 132 128 132 134 134 132 132 128 128 4 20 21 20 20 20 20 20 5 4 20 17 17 21 4 4 16 17 1 17 255 
255 2 174 130 130 4 4 134 130 6 134 132 134 128 128 132 132 132 132 132 4 20 21 20 20 20 21 4 20 17 17 21 17 21 16 21 1 16 17 17 255 
255 2 2 130 130 128 130 128 134 128 132 4 132 132 132 134 132 132 128 128 4 20 21 20 20 20 21 20 21 20 21 21 20 21 21 21 65 1 17 17 255 
255 130 2 2 2 2 4 134 132 4 130 134 128 134 132 134 132 128 132 132 4 20 21 20 21 4 21 21 21 20 21 20 16 17 21 16 1 17 1 25 255 
255 130 130 130 2 130 130 134 128 134 4 128 134 134 132 134 132 128 132 128 132 20 21 20 21 20 21 20 20 21 17 17 5 20 5 17 17 17 1 17 255 
255 34 2 162 130 130 128 132 128 6 132 132 134 132 132 134 128 132 132 132 132 20 21 20 4 20 21 20 20 4 4 21 20 16 21 17 17 17 1 1 255 
255 162 130 130 2 138 130 134 128 132 128 6 132 132 4 134 132 132 132 132 132 20 20 20 20 4 21 1 21 21 16 21 17 16 17 1 1 17 1 1 255 
255 2 34 2 130 2 2 6 134 128 132 128 4 128 132 134 132 128 4 132 132 20 4 4 20 20 21 5 20 21 20 21 21 21 17 1 81 17 1 17 255 
255 255 2 2 162 130 130 128 134 128 134 134 132 132 132 134 4 132 4 132 132 20 4 20 4 20 21 20 17 21 5 16 21 21 17 1 1 1 1 1 255 
255 255 2 34 2 2 130 2 134 6 132 134 128 128 6 132 4 128 4 132 132 20 4 20 4 20 21 21 20 16 21 21 16 1 1 17 1 17 1 17 255 
255 255 2 2 130 2 2 130 132 6 128 134 128 134 132 132 128 132 4 132 132 20 4 20 4 20 17 21 21 17 1 20 20 1 17 17 17 1 17 65 255 
255 255 2 34 2 2 2 128 130 128 6 134 132 132 4 132 134 128 4 132 132 20 4 20 4 20 4 16 21 21 21 16 17 1 17 17 17 17 17 1 255 
255 255 2 2 2 2 162 130 128 132 4 132 6 4 4 132 132 132 4 132 132 20 4 20 4 20 21 21 16 17 17 20 17 1 1 85 81 1 65 17 255 
255 255 2 2 34 2 130 2 130 128 6 128 128 4 130 128 132 128 4 132 132 20 4 20 4 20 21 21 4 21 20 21 17 17 17 1 17 1 1 1 255 
255 255 34 2 130 2 2 2 130 130 128 128 2 128 132 132 4 132 4 132 132 20 4 20 4 20 21 1 21 17 1 17 17 17 17 89 81 1 1 255 255 
255 255 2 2 34 34 2 2 130 130 6 128 134 2 128 134 4 128 132 132 132 20 20 20 4 20 5 16 21 20 21 17 16 16 17 1 1 1 64 255 255 
255 255 34 162 162 2 34 2 2 138 134 132 130 128 134 134 4 132 2 132 132 20 4 20 4 20 16 20 21 21 21 17 1 81 17 17 1 65 73 255 255 
255 255 255 2 34 2 2 2 130 130 2 128 132 134 132 134 4 132 134 132 132 20 4 20 4 20 20 21 20 21 17 1 1 1 65 1 1 65 65 255 255 
255 255 255 2 2 2 130 34 42 130 2 132 130 134 132 134 4 134 134 132 132 20 4 20 20 20 16 21 21 17 17 1 17 17 1 1 1 65 1 255 255 
255 255 255 34 42 130 2 2 2 2 130 128 132 130 128 128 132 132 134 132 132 20 4 4 20 17 21 21 21 21 17 1 1 1 1 1 1 1 255 255 255 
255 255 255 34 2 2 130 2 2 2 130 2 130 132 132 132 134 130 134 132 132 20 4 20 20 20 21 4 16 1 17 17 1 1 1 1 1 1 255 255 255 
255 255 255 255 2 2 2 34 2 2 10 130 132 132 128 130 134 132 134 132 132 20 4 20 20 16 21 1 21 1 17 17 1 17 1 17 17 1 255 255 255 
255 255 255 255 2 2 2 162 2 2 130 130 130 134 130 132 134 132 132 132 132 20 4 20 20 4 20 5 17 17 1 17 1 65 65 1 1 1 255 255 255 
255 255 255 255 34 2 34 2 2 2 2 2 2 128 132 134 134 128 4 132 132 20 4 20 20 17 21 16 17 17 1 1 1 17 1 1 1 255 255 255 255 
255 255 255 255 2 42 2 42 2 2 2 2 2 132 134 134 134 4 4 132 132 20 4 21 5 5 21 20 1 17 1 1 1 1 73 1 73 255 255 255 255 
255 255 255 255 34 2 34 2 2 2 2 2 130 2 134 132 130 130 132 128 132 20 20 21 20 5 21 17 1 1 1 1 1 1 1 65 1 255 255 255 255 
255 255 255 255 255 2 2 2 2 2 2 2 2 130 4 128 132 132 128 132 132 20 20 21 21 17 21 17 1 17 1 1 65 1 65 1 1 255 255 255 255 
255 255 255 255 255 34 34 2 2 2 2 2 2 130 130 6 132 132 132 128 132 20 4 4 1 20 20 17 1 1 1 1 1 1 9 65 255 255 255 255 255 
255 255 255 255 255 2 2 34 34 2 34 34 34 2 130 134 132 128 132 132 132 20 4 20 20 21 1 16 17 1 17 1 1 1 1 1 255 255 255 255 255 
255 255 255 255 255 34 2 2 2 2 34 2 2 2 130 128 128 130 128 128 132 20 4 20 17 5 17 65 17 9 1 65 1 9 73 65 255 255 255 255 255 
255 255 255 255 255 255 2 34 162 34 2 34 10 2 130 130 4 132 132 132 132 20 4 5 20 17 17 17 65 65 1 1 1 1 1 9 255 255 255 255 255 
255 255 255 255 255 255 2 2 2 2 34 34 170 2 2 34 134 132 132 128 132 20 4 16 21 17 1 81 65 1 1 65 1 65 9 255 255 255 255 255 255 
255 255 255 255 255 255 2 34 34 2 2 2 34 2 2 2 132 4 134 132 132 20 4 1 21 17 17 65 1 1 65 1 9 1 73 255 255 255 255 255 255 
255 255 255 255 255 255 42 2 2 2 2 34 34 2 2 2 130 128 128 132 132 20 4 20 16 17 81 1 1 65 65 1 1 1 65 255 255 255 255 255 255 
255 255 255 255 255 255 255 42 34 34 2 2 34 2 2 2 162 132 132 2 4 21 4 17 1 1 65 1 1 1 1 1 65 1 255 255 255 255 255 255 255 
255 255 255 255 255 255 255 34 34 34 34 2 34 34 2 34 130 132 132 134 4 21 16 20 17 17 73 1 1 1 1 65 65 73 255 255 255 255 255 255 255 
255 255 255 255 255 255 255 34 34 34 34 2 2 34 34 2 2 2 128 6 4 21 21 17 17 1 1 1 9 65 1 65 73 1 255 255 255 255 255 255 255 
255 255 255 255 255 255 255 255 10 10 34 2 34 2 2 2 2 130 132 134 4 21 17 29 1 1 65 65 65 1 1 65 65 255 255 255 255 255 255 255 255 
255 255 255 255 255 255 255 255 2 34 2 2 34 34 2 34 42 34 128 134 4 21 20 1 1 1 1 73 1 1 1 65 73 255 255 255 255 255 255 255 255 
255 255 255 255 255 255 255 255 255 34 2 2 2 2 34 2 34 42 130 130 4 21 17 1 65 65 1 1 73 65 1 65 255 255 255 255 255 255 255 255 255 
255 255 255 255 255 255 255 255 255 34 34 2 34 42 2 34 2 2 2 134 4 21 17 1 73 1 1 1 9 65 65 65 255 255 255 255 255 255 255 255 255 
255 255 255 255 255 255 255 255 255 255 34 34 34 34 34 2 42 42 2 130 4 16 1 1 65 1 1 65 65 9 65 255 255 255 255 255 255 255 255 255 255 
255 255 255 255 255 255 255 255 255 255 2 34 34 2 34 34 2 34 42 2 4 1 1 65 65 65 73 65 65 1 65 255 255 255 255 255 255 255 255 255 255 
255 255 255 255 255 255 255 255 255 255 255 34 34 34 34 2 42 34 34 34 0 1 65 65 73 1 1 65 1 73 255 255 255 255 255 255 255 255 255 255 255 
255 255 255 255 255 255 255 255 255 255 255 255 34 2 34 42 34 34 10 42 8 8 73 65 73 73 65 65 73 65 255 255 255 255 255 255 255 255 255 255 255 
255 255 255 255 255 255 255 255 255 255 255 255 255 42 34 42 34 40 42 40 8 64 9 72 1 65 9 1 65 255 255 255 255 255 255 255 255 255 255 255 255 
255 255 255 255 255 255 255 255 255 255 255 255 255 255 2 10 32 34 40 40 8 72 8 72 8 65 72 73 255 255 255 255 255 255 255 255 255 255 255 255 255 
255 255 255 255 255 255 255 255 255 255 255 255 255 255 255 42 40 32 8 40 8 72 65 64 65 72 255 255 255 255 255 255 255 255 255 255 255 255 255 255 255 
255 255 255 255 255 255 255 255 255 255 255 255 255 255 255 255 255 40 42 40 8 72 72 1 255 255 255 255 255 255 255 255 255 255 255 255 255 255 255 255 255 
255 255 255 255 255 255 255 255 255 255 255 255 255 255 255 255 255 255 255 255 8 8 255 255 255 255 255 255 255 255 255 255 255 255 255 255 255 255 255 255 255 
