test/data/constant/C2_S000_A000_WD180.0_WS020.0/C2_S000_A000_WD180.0_WS020.0_arrival.asc
ncols         41
nrows         104
xllcorner     424603.990666
yllcorner     12748155.311160
cellsize      100.000000
NODATA_value  0.000000
[rows 36 to 71 of 104, columns 0 to 40 of 41]
0.000000 0.000000 123.407371 123.394423 123.379316 123.365704 123.352756 123.337649 123.324038 123.311089 123.306773 123.302457 123.298141 123.293825 123.288845 123.282371 123.278055 123.273739 123.269423 123.265107 123.262948 123.265107 123.269423 123.273739 123.278055 123.282371 123.286687 123.291667 123.295983 123.302457 123.306773 123.311089 123.324038 123.337649 123.350598 123.363546 123.377158 123.392265 123.405213 0.000000 0.000000
0.000000 0.000000 123.405213 123.390107 123.377158 123.363546 123.350598 123.335491 123.321880 123.308931 123.302457 123.298141 123.293825 123.288845 123.284529 123.278055 123.273739 123.269423 123.265107 123.260790 123.258632 123.260790 123.265107 123.269423 123.273739 123.278055 123.282371 123.288845 123.291667 123.298141 123.302457 123.306773 123.319722 123.333333 123.348440 123.361388 123.374337 123.390107 123.403055 123.416003 0.000000
0.000000 123.416003 123.403055 123.387948 123.374337 123.361388 123.346282 123.332670 123.319722 123.306773 123.298141 123.293825 123.288845 123.284529 123.280213 123.273739 123.269423 123.265107 123.260790 123.256474 123.254316 123.256474 123.260790 123.265107 123.269423 123.273739 123.278055 123.284529 123.288845 123.293825 123.298141 123.304615 123.317564 123.330512 123.344124 123.359230 123.372179 123.387948 123.400897 123.413845 0.000000
0.000000 123.413845 123.398739 123.385790 123.372179 123.357072 123.344124 123.330512 123.317564 123.302457 123.293825 123.288845 123.284529 123.280213 123.275897 123.269423 123.265107 123.260790 123.256474 123.252158 123.249337 123.252158 123.256474 123.260790 123.265107 123.269423 123.273739 123.280213 123.284529 123.288845 123.293825 123.300299 123.315405 123.328354 123.341966 123.357072 123.370021 123.383632 123.398739 123.411687 0.000000
0.000000 123.411687 123.396581 123.383632 123.370021 123.354914 123.341966 123.328354 123.313247 123.300299 123.288845 123.284529 123.280213 123.275897 123.271581 123.265107 123.260790 123.256474 123.252158 123.247179 123.245021 123.247179 123.252158 123.256474 123.260790 123.265107 123.269423 123.275897 123.280213 123.284529 123.288845 123.298141 123.313247 123.326196 123.339808 123.352756 123.367862 123.381474 123.394423 123.409529 0.000000
0.000000 123.407371 123.394423 123.379316 123.365704 123.352756 123.337649 123.324038 123.311089 123.295983 123.284529 123.280213 123.275897 123.271581 123.267265 123.260790 123.256474 123.252158 123.247179 123.242862 123.240704 123.242862 123.247179 123.252158 123.256474 123.260790 123.265107 123.271581 123.275897 123.280213 123.284529 123.295983 123.308931 123.324038 123.337649 123.350598 123.363546 123.379316 123.392265 123.407371 0.000000
0.000000 123.405213 123.392265 123.377158 123.363546 123.350598 123.335491 123.321880 123.308931 123.295983 123.280213 123.275897 123.271581 123.267265 123.262948 123.256474 123.252158 123.247179 123.242862 123.238546 123.236388 123.238546 123.242862 123.247179 123.252158 123.256474 123.260790 123.267265 123.271581 123.275897 123.280213 123.293825 123.306773 123.319722 123.333333 123.348440 123.361388 123.377158 123.390107 123.403055 123.416667
123.416003 123.400897 123.387948 123.374337 123.361388 123.346282 123.333333 123.319722 123.304615 123.291003 123.278055 123.271581 123.267265 123.262948 123.258632 123.252158 123.249337 123.242862 123.238546 123.234230 123.232072 123.234230 123.238546 123.242862 123.247179 123.252158 123.256474 123.262948 123.267265 123.271581 123.275897 123.291003 123.304615 123.317564 123.330512 123.346282 123.359230 123.372179 123.385790 123.400897 123.413845
123.416003 123.398739 123.385790 123.372179 123.357072 123.344124 123.330512 123.317564 123.302457 123.288845 123.275897 123.267265 123.262948 123.258632 123.254316 123.249337 123.245021 123.238546 123.234230 123.229914 123.227756 123.229914 123.234230 123.238546 123.242862 123.249337 123.252158 123.258632 123.262948 123.267265 123.273739 123.286687 123.300299 123.315405 123.328354 123.341966 123.357072 123.370021 123.383632 123.398739 123.413845
123.416003 123.396581 123.383632 123.370021 123.354914 123.341966 123.328354 123.313247 123.300299 123.286687 123.271581 123.262948 123.258632 123.254316 123.249337 123.245021 123.240704 123.234230 123.229914 123.225598 123.223440 123.225598 123.229914 123.234230 123.238546 123.245021 123.249337 123.254316 123.258632 123.262948 123.271581 123.284529 123.298141 123.313247 123.326196 123.339808 123.354914 123.367862 123.381474 123.394423 123.413845
123.416003 123.394423 123.379316 123.365704 123.352756 123.337649 123.324038 123.311089 123.298141 123.284529 123.269423 123.258632 123.254316 123.249337 123.245021 123.240704 123.236388 123.229914 123.225598 123.221282 123.219124 123.221282 123.225598 123.229914 123.234230 123.240704 123.245021 123.249337 123.254316 123.258632 123.267265 123.282371 123.295983 123.308931 123.324038 123.337649 123.350598 123.365704 123.379316 123.392265 123.413845
123.416667 123.394423 123.377158 123.363546 123.350598 123.335491 123.321880 123.308931 123.293825 123.280213 123.267265 123.254316 123.249337 123.245021 123.240704 123.236388 123.232072 123.225598 123.221282 123.216966 123.214808 123.216966 123.221282 123.225598 123.229914 123.236388 123.240704 123.245021 123.249337 123.254316 123.265107 123.280213 123.293825 123.306773 123.319722 123.333333 123.348440 123.361388 123.375000 123.392265 123.413845
123.416667 123.396581 123.374337 123.361388 123.346282 123.333333 123.319722 123.306773 123.291667 123.278055 123.265107 123.250000 123.245021 123.240704 123.236388 123.232072 123.227756 123.221282 123.216966 123.212649 123.210491 123.212649 123.216966 123.221282 123.225598 123.232072 123.236388 123.240704 123.245021 123.249337 123.262948 123.275897 123.291003 123.304615 123.317564 123.332670 123.346282 123.359230 123.374337 123.392265 123.416003
0.000000 123.396581 123.374337 123.359230 123.344124 123.330512 123.317564 123.302457 123.291003 123.275897 123.262948 123.247179 123.240704 123.236388 123.232072 123.227756 123.223440 123.216966 123.212649 123.207670 123.205512 123.207670 123.212649 123.216966 123.221282 123.227756 123.232072 123.236388 123.240704 123.247179 123.260790 123.273739 123.288845 123.300299 123.315405 123.330512 123.341966 123.357072 123.372179 123.394423 123.416003
0.000000 123.396581 123.374337 123.354914 123.341966 123.328354 123.315405 123.300299 123.286687 123.273739 123.258632 123.245021 123.236388 123.232072 123.227756 123.223440 123.219124 123.212649 123.208333 123.203354 123.201196 123.203354 123.207670 123.212649 123.216966 123.223440 123.227756 123.232072 123.236388 123.242862 123.258632 123.271581 123.284529 123.300299 123.313247 123.326196 123.339808 123.354914 123.372179 123.394423 123.416003
0.000000 123.396581 123.374337 123.352756 123.339808 123.324038 123.311089 123.298141 123.284529 123.269423 123.256474 123.242862 123.232072 123.227756 123.223440 123.219124 123.214808 123.208333 123.205512 123.199038 123.196880 123.199038 123.203354 123.208333 123.212649 123.219124 123.223440 123.227756 123.232072 123.240704 123.254316 123.269423 123.282371 123.295983 123.308931 123.324038 123.337649 123.350598 123.372179 123.394423 123.416003
0.000000 123.396581 123.374337 123.352756 123.335491 123.321880 123.308931 123.293825 123.282371 123.267265 123.254316 123.240704 123.227756 123.223440 123.219124 123.214808 123.210491 123.205512 123.201196 123.194722 123.192564 123.194722 123.199038 123.205512 123.208333 123.214808 123.219124 123.223440 123.227756 123.238546 123.252158 123.265107 123.280213 123.293825 123.306773 123.321880 123.335491 123.350598 123.372179 123.394423 123.416003
0.000000 123.396581 123.374337 123.352756 123.333333 123.319722 123.306773 123.291667 123.278055 123.265107 123.250000 123.236388 123.223440 123.219124 123.214808 123.210491 123.205512 123.201196 123.196880 123.190405 123.188247 123.190405 123.194722 123.201196 123.205512 123.210491 123.214808 123.219124 123.223440 123.236388 123.249337 123.262948 123.275897 123.291003 123.304615 123.319722 123.332670 123.350598 123.372179 123.394423 123.416003
0.000000 123.396581 123.374337 123.352756 123.330512 123.317564 123.302457 123.288845 123.275897 123.262948 123.249337 123.234230 123.221282 123.214808 123.210491 123.205512 123.201196 123.196880 123.192564 123.186089 123.183931 123.186089 123.190405 123.196880 123.201196 123.205512 123.210491 123.214808 123.219124 123.232072 123.247179 123.260790 123.273739 123.288845 123.302457 123.315405 123.328354 123.350598 123.372179 123.394423 123.416003
0.000000 123.396581 123.375000 123.352756 123.332670 123.313247 123.300299 123.286687 123.273739 123.258632 123.245021 123.232072 123.219124 123.210491 123.205512 123.201196 123.196880 123.192564 123.188247 123.181773 123.179615 123.181773 123.186089 123.192564 123.196880 123.201196 123.205512 123.210491 123.216966 123.229914 123.245021 123.258632 123.271581 123.284529 123.298141 123.313247 123.328354 123.350598 123.372179 123.394423 123.416667
0.000000 123.398739 123.375000 123.352756 123.332670 123.311089 123.298141 123.284529 123.271581 123.256474 123.242862 123.229914 123.214808 123.205512 123.201196 123.196880 123.192564 123.188247 123.183931 123.177457 123.175299 123.177457 123.181773 123.188247 123.192564 123.196880 123.201196 123.205512 123.212649 123.227756 123.240704 123.256474 123.269423 123.282371 123.295983 123.311089 123.328354 123.350598 123.374337 123.394423 123.416667
0.000000 123.398739 123.377158 123.354914 123.332670 123.311089 123.295983 123.282371 123.267265 123.254316 123.240704 123.225598 123.212649 123.201196 123.196880 123.192564 123.188247 123.183931 123.179615 123.173141 123.170983 123.173141 123.177457 123.183931 123.188247 123.192564 123.196880 123.201196 123.210491 123.225598 123.238546 123.252158 123.265107 123.280213 123.293825 123.306773 123.330512 123.350598 123.374337 123.396581 123.416667
0.000000 123.398739 123.377158 123.354914 123.332670 123.311089 123.291667 123.278055 123.265107 123.250000 123.236388 123.223440 123.210491 123.196880 123.192564 123.188247 123.183931 123.179615 123.175299 123.168825 123.166003 123.168825 123.173141 123.179615 123.183931 123.188247 123.192564 123.196880 123.207670 123.221282 123.236388 123.249337 123.262948 123.275897 123.291003 123.308931 123.330512 123.352756 123.374337 123.396581 0.000000
0.000000 123.398739 123.377158 123.354914 123.332670 123.311089 123.288845 123.275897 123.262948 123.249337 123.234230 123.221282 123.207670 123.192564 123.188247 123.183931 123.179615 123.175299 123.170983 123.166003 123.161687 123.163845 123.168825 123.175299 123.179615 123.183931 123.188247 123.192564 123.205512 123.219124 123.232072 123.247179 123.260790 123.273739 123.288845 123.308931 123.330512 123.352756 123.374337 123.396581 0.000000
0.000000 123.398739 123.377158 123.354914 123.332670 123.311089 123.288845 123.273739 123.258632 123.245021 123.232072 123.219124 123.205512 123.190405 123.183931 123.179615 123.175299 123.170983 123.166003 123.161687 123.157371 123.159529 123.166003 123.170983 123.175299 123.179615 123.183931 123.188247 123.203354 123.216966 123.229914 123.245021 123.258632 123.271581 123.286687 123.308931 123.330512 123.352756 123.374337 123.396581 0.000000
0.000000 123.398739 123.377158 123.354914 123.332670 123.311089 123.288845 123.269423 123.256474 123.242862 123.229914 123.214808 123.201196 123.188247 123.179615 123.175299 123.170983 123.166003 123.161687 123.157371 123.153055 123.155213 123.161687 123.166003 123.170983 123.175299 123.179615 123.186089 123.201196 123.214808 123.227756 123.242862 123.254316 123.269423 123.286687 123.308931 123.330512 123.352756 123.374337 123.396581 0.000000
0.000000 123.398739 123.377158 123.354914 123.332670 123.311089 123.288845 123.267265 123.254316 123.240704 123.227756 123.212649 123.199038 123.183931 123.175299 123.170983 123.166003 123.161687 123.157371 123.153055 123.148739 123.150897 123.157371 123.161687 123.166003 123.170983 123.175299 123.183931 123.199038 123.212649 123.225598 123.238546 123.252158 123.265107 123.286687 123.308931 123.330512 123.352756 123.374337 123.396581 0.000000
0.000000 123.398739 123.377158 123.354914 123.332670 123.311089 123.288845 123.267265 123.252158 123.238546 123.223440 123.210491 123.196880 123.181773 123.170983 123.166003 123.161687 123.157371 123.153055 123.148739 123.144423 123.146581 123.153055 123.157371 123.161687 123.166003 123.170983 123.181773 123.194722 123.207670 123.221282 123.236388 123.249337 123.265107 123.286687 123.308931 123.330512 123.352756 123.374337 123.396581 0.000000
0.000000 123.400897 123.377158 123.357072 123.333333 123.311089 123.291003 123.267265 123.249337 123.234230 123.221282 123.207670 123.192564 123.179615 123.166667 123.161687 123.157371 123.153055 123.148739 123.144423 123.140107 123.142265 123.148739 123.153055 123.157371 123.161687 123.166003 123.177457 123.192564 123.205512 123.219124 123.234230 123.247179 123.265107 123.286687 123.308931 123.332670 123.352756 123.375000 123.398739 0.000000
0.000000 123.400897 123.379316 123.357072 123.333333 123.313247 123.291003 123.269423 123.247179 123.232072 123.219124 123.205512 123.190405 123.177457 123.163845 123.157371 123.153055 123.148739 123.144423 123.140107 123.135790 123.137948 123.144423 123.148739 123.153055 123.157371 123.161687 123.175299 123.188247 123.203354 123.216966 123.232072 123.245021 123.265107 123.288845 123.311089 123.332670 123.354914 123.375000 123.398739 0.000000
0.000000 123.405213 123.379316 123.357072 123.335491 123.313247 123.291003 123.269423 123.247179 123.229914 123.214808 123.201196 123.188247 123.175299 123.159529 123.153055 123.148739 123.144423 123.140107 123.135790 123.131474 123.133632 123.140107 123.144423 123.148739 123.153055 123.159529 123.173141 123.188247 123.201196 123.214808 123.227756 123.245021 123.267265 123.288845 123.311089 123.332670 123.354914 123.377158 123.400897 0.000000
0.000000 123.409529 123.379316 123.357072 123.335491 123.313247 123.291003 123.269423 123.247179 123.225598 123.212649 123.199038 123.186089 123.170983 123.157371 123.148739 123.144423 123.140107 123.135790 123.131474 123.127158 123.129316 123.135790 123.140107 123.144423 123.148739 123.157371 123.170983 123.183931 123.199038 123.212649 123.225598 123.245021 123.267265 123.288845 123.311089 123.332670 123.354914 123.377158 123.405213 0.000000
0.000000 123.411687 123.383632 123.357072 123.335491 123.313247 123.291003 123.269423 123.247179 123.225598 123.210491 123.196880 123.181773 123.168825 123.155213 123.144423 123.140107 123.135790 123.131474 123.127158 123.124337 123.125000 123.131474 123.135790 123.140107 123.144423 123.153055 123.168825 123.181773 123.194722 123.208333 123.223440 123.245021 123.267265 123.288845 123.311089 123.332670 123.354914 123.379316 123.409529 0.000000
0.000000 123.416667 123.387948 123.359230 123.335491 123.313247 123.291003 123.269423 123.247179 123.225598 123.207670 123.194722 123.179615 123.166003 123.153055 123.140107 123.135790 123.131474 123.127158 123.122179 123.120021 123.122179 123.127158 123.131474 123.135790 123.140107 123.150897 123.163845 123.177457 123.192564 123.205512 123.223440 123.245021 123.267265 123.288845 123.311089 123.332670 123.354914 123.385790 123.416003 0.000000
0.000000 0.000000 123.392265 123.363546 123.335491 123.313247 123.291003 123.269423 123.247179 123.225598 123.205512 123.190405 123.177457 123.163845 123.150897 123.135790 123.131474 123.127158 123.122179 123.117862 123.115704 123.117862 123.122179 123.127158 123.131474 123.135790 123.148739 123.161687 123.175299 123.188247 123.203354 123.223440 123.245021 123.267265 123.288845 123.311089 123.332670 123.361388 123.387948 0.000000 0.000000
0.000000 0.000000 123.398739 123.367862 123.337649 123.313247 123.291003 123.269423 123.247179 123.225598 123.203354 123.188247 123.175299 123.161687 123.146581 123.133632 123.127158 123.122179 123.117862 123.113546 123.111388 123.113546 123.117862 123.122179 123.127158 123.131474 123.146581 123.159529 123.173141 123.188247 123.201196 123.223440 123.245021 123.267265 123.288845 123.311089 123.335491 123.363546 123.394423 0.000000 0.000000
