test/output/constant/M3M490_S060_A000_WD045.0_WS015.0/M3M490_S060_A000_WD045.0_WS015.0_intensity.asc
ncols         56
nrows         15
xllcorner     421103.990666
yllcorner     12747455.311160
cellsize      100.000000
NODATA_value  0.000000
0 0 0 0 0 0 0 0 0 0 0 0 0 0 0 0 0 0 0 0 0 0 0 0 0 0 0 0 0 0 0 0 0 0 0 0 0 0 0 0 0 17236 29931 29931 17236 29931 23296 29931 23296 11932 29931 11932 29931 17236 11932 764 
0 0 0 0 0 0 0 0 0 0 0 0 0 0 0 0 0 0 0 0 0 0 0 0 0 0 0 0 0 0 0 29931 29931 17236 29931 23296 17236 36937 11932 29931 29931 17236 29931 17236 29931 29931 23296 29931 11932 36937 51212 74914 44104 83359 83359 0 
0 0 0 0 0 0 0 0 0 0 0 0 0 0 0 0 0 0 0 0 0 0 0 0 0 0 17236 36937 29931 17236 29931 36937 23296 29931 29931 11932 23296 23296 17236 29931 23296 29931 51212 29931 74914 23296 78753 83359 83359 83359 83359 83359 83359 83359 4147 2115 
0 0 0 0 0 0 0 0 0 0 0 0 0 0 0 0 0 0 0 0 0 0 29931 29931 36937 29931 58047 23296 36937 44104 23296 29931 23296 23296 51212 29931 29931 64401 11932 51212 36937 83359 83359 83359 83359 83359 83359 83359 83359 83359 69355 1015 57148 50268 764 0 
0 0 0 0 0 0 0 0 0 0 0 0 0 0 0 0 0 0 29931 23296 29931 70080 23296 36937 70080 23296 36937 36937 17236 36937 58047 36937 64401 29931 17236 36937 36937 83359 70080 83359 83359 83359 83359 83359 83359 83359 69355 63576 4147 57148 4147 57148 50268 0 0 0 
0 0 0 0 0 0 0 0 0 0 0 0 0 0 0 29931 64401 29931 36937 29931 64401 17236 78753 64401 36937 64401 11932 44104 51212 83359 17236 83359 83359 83359 83359 83359 83359 83359 83359 83359 83359 83359 63576 63576 63576 764 57148 57148 57148 50268 875 0 0 0 0 0 
0 0 0 0 0 0 0 0 0 0 0 29931 64401 58047 11932 36937 64401 36937 64401 36937 70080 29931 29931 17236 29931 83359 36937 83359 83359 83359 83359 83359 83359 83359 83359 83359 81180 69355 69355 4147 63576 57148 2115 57148 57148 57148 57148 57148 1015 0 0 0 0 0 0 0 
0 0 0 0 0 0 0 0 0 23296 36937 58047 29931 64401 23296 64401 36937 64401 51212 83359 83359 36937 83359 83359 83359 83359 83359 83359 83359 83359 83359 83359 83359 83359 83359 81180 57148 63576 57148 7217 57148 2115 1015 57148 57148 2115 0 0 0 0 0 0 0 0 0 0 
0 0 0 0 0 0 58047 29931 44104 83021 29931 29931 29931 29931 83359 36937 44104 83359 83359 83359 83359 83359 83359 83359 82884 83359 83359 83359 74312 83359 83359 81180 69355 63576 57148 57148 2115 57148 57148 1015 2115 57148 57148 0 0 0 0 0 0 0 0 0 0 0 0 0 
0 0 0 0 51212 44104 83359 36937 78753 81484 17236 29931 83359 83359 83359 83359 83359 83359 83359 83359 83359 83359 83359 83359 78294 83359 83359 81180 69355 63576 63576 63576 4147 57148 57148 63576 57148 2115 2115 57148 0 0 0 0 0 0 0 0 0 0 0 0 0 0 0 0 
0 0 44104 23296 83359 29931 17236 36937 78753 83359 83359 83359 83359 83359 83359 83359 83359 83359 83359 83359 83359 83359 64401 83223 63576 69355 63576 7217 4147 7217 4147 57148 7217 1015 57148 57148 0 0 0 0 0 0 0 0 0 0 0 0 0 0 0 0 0 0 0 0 
0 83292 23296 23296 83359 83359 83359 83359 83359 83359 83359 83359 83359 83359 83359 83359 83359 83359 83359 78294 63576 63576 63576 57148 63576 57148 4147 63576 7217 1015 1015 63576 0 0 0 0 0 0 0 0 0 0 0 0 0 0 0 0 0 0 0 0 0 0 0 0 
83359 83359 83359 83359 83359 83359 83359 83359 83223 83359 83223 83359 74312 83359 83359 81180 69355 63576 69355 63576 7217 63576 57148 57148 57148 63576 63576 63576 0 0 0 0 0 0 0 0 0 0 0 0 0 0 0 0 0 0 0 0 0 0 0 0 0 0 0 0 
83359 83359 83359 83359 83359 83359 83359 83359 78294 83359 83359 81180 63576 64401 63576 63576 63576 57148 63576 57148 63576 57148 0 0 0 0 0 0 0 0 0 0 0 0 0 0 0 0 0 0 0 0 0 0 0 0 0 0 0 0 0 0 0 0 0 0 
0 0 0 83359 81180 63576 83359 82884 63576 64401 69355 69355 63576 4147 69355 0 0 0 0 0 0 0 0 0 0 0 0 0 0 0 0 0 0 0 0 0 0 0 0 0 0 0 0 0 0 0 0 0 0 0 0 0 0 0 0 0 
