test/output/constant/M3M490_S060_A000_WD045.0_WS015.0/M3M490_S060_A000_WD045.0_WS015.0_raz.asc
ncols         56
nrows         15
xllcorner     421103.990666
yllcorner     12747455.311160
cellsize      100.000000
NODATA_value  0.000000
0 0 0 0 0 0 0 0 0 0 0 0 0 0 0 0 0 0 0 0 0 0 0 0 0 0 0 0 0 0 0 0 0 0 0 0 0 0 0 0 0 276 270 270 276 270 273 270 273 280 270 280 270 276 280 347 
0 0 0 0 0 0 0 0 0 0 0 0 0 0 0 0 0 0 0 0 0 0 0 0 0 0 0 0 0 0 0 270 270 276 270 273 276 268 280 270 270 276 270 276 270 270 273 270 280 268 265 261 266 257 257 254 
0 0 0 0 0 0 0 0 0 0 0 0 0 0 0 0 0 0 0 0 0 0 0 0 0 0 276 268 270 276 270 268 273 270 270 280 273 273 276 270 273 270 265 270 261 273 260 257 257 257 257 257 257 257 218 203 
0 0 0 0 0 0 0 0 0 0 0 0 0 0 0 0 0 0 0 0 0 0 270 270 268 270 264 273 268 266 273 270 273 273 265 270 270 263 280 265 268 257 257 257 257 257 257 257 257 257 253 180 251 250 167 0 
0 0 0 0 0 0 0 0 0 0 0 0 0 0 0 0 0 0 270 273 270 262 273 268 262 273 268 268 276 268 264 268 263 270 276 268 268 257 262 257 257 257 257 257 257 257 253 252 218 251 218 251 250 0 0 0 
0 0 0 0 0 0 0 0 0 0 0 0 0 0 0 270 263 270 268 270 263 276 260 263 268 263 280 266 265 257 276 257 257 257 257 257 257 257 257 257 257 257 252 252 252 167 251 251 251 250 174 0 0 0 0 0 
0 0 0 0 0 0 0 0 0 0 0 270 263 264 280 268 263 268 263 268 262 270 270 276 270 257 268 257 257 257 257 257 257 257 257 257 256 253 253 218 252 251 203 251 251 251 251 251 180 0 0 0 0 0 0 0 
0 0 0 0 0 0 0 0 0 273 268 264 270 263 273 263 268 263 265 257 257 268 257 257 257 257 257 257 257 257 257 257 257 257 257 256 251 252 251 228 251 203 180 251 251 203 0 0 0 0 0 0 0 0 0 0 
0 0 0 0 0 0 264 270 266 258 270 270 270 270 257 268 266 257 257 257 257 257 257 257 257 257 257 257 254 257 257 256 253 252 251 251 203 251 251 180 203 251 251 0 0 0 0 0 0 0 0 0 0 0 0 0 
0 0 0 0 265 266 257 268 260 259 276 270 257 257 257 257 257 257 257 257 257 257 257 257 255 257 257 256 253 252 252 252 218 251 251 252 251 203 203 251 0 0 0 0 0 0 0 0 0 0 0 0 0 0 0 0 
0 0 266 273 257 270 276 268 260 257 257 257 257 257 257 257 257 257 257 257 257 257 263 257 252 253 252 228 218 228 218 251 228 180 251 251 0 0 0 0 0 0 0 0 0 0 0 0 0 0 0 0 0 0 0 0 
0 258 273 273 257 257 257 257 257 257 257 257 257 257 257 257 257 257 257 255 252 252 252 251 252 251 218 252 228 180 180 252 0 0 0 0 0 0 0 0 0 0 0 0 0 0 0 0 0 0 0 0 0 0 0 0 
257 257 257 257 257 257 257 257 257 257 257 257 254 257 257 256 253 252 253 252 228 252 251 251 251 252 252 252 0 0 0 0 0 0 0 0 0 0 0 0 0 0 0 0 0 0 0 0 0 0 0 0 0 0 0 0 
257 257 257 257 257 257 257 257 255 257 257 256 252 263 252 252 252 251 252 251 252 251 0 0 0 0 0 0 0 0 0 0 0 0 0 0 0 0 0 0 0 0 0 0 0 0 0 0 0 0 0 0 0 0 0 0 
0 0 0 257 256 252 257 257 252 263 253 253 252 218 253 0 0 0 0 0 0 0 0 0 0 0 0 0 0 0 0 0 0 0 0 0 0 0 0 0 0 0 0 0 0 0 0 0 0 0 0 0 0 0 0 0 
