test/output/constant/M3M400_S000_A270_WD000.0_WS020.0/M3M400_S000_A270_WD000.0_WS020.0_raz.asc
ncols         13
nrows         30
xllcorner     426003.990666
yllcorner     12746055.311160
cellsize      100.000000
NODATA_value  0.000000
0 0 0 0 339 339 282 20 41 0 0 0 0 
0 0 0 318 339 318 318 77 41 77 0 0 0 
0 0 0 270 318 282 65535 77 77 90 0 0 0 
0 0 282 318 261 194 180 165 98 41 77 0 0 
0 0 282 318 318 185 180 159 41 41 77 0 0 
0 0 282 282 194 189 180 170 163 77 77 0 0 
0 282 339 194 185 187 180 172 163 163 77 77 0 
0 318 194 194 194 189 180 170 165 159 165 41 0 
0 282 194 187 194 180 180 178 165 170 163 77 0 
0 194 194 191 180 189 180 170 176 159 168 165 0 
0 194 189 183 200 180 180 168 159 168 168 163 0 
0 194 194 185 203 180 172 170 156 163 163 163 0 
0 194 183 187 180 180 180 176 165 172 165 163 0 
196 196 191 196 180 180 174 176 178 163 159 159 163 
203 181 194 187 180 180 180 176 174 172 165 90 156 
191 187 181 185 185 180 178 178 174 174 170 165 168 
0 181 200 183 180 180 180 178 156 176 159 163 0 
0 194 185 183 180 180 178 178 178 176 174 165 0 
0 185 183 183 185 180 180 178 174 176 176 159 0 
0 187 181 185 180 180 178 178 176 174 168 172 0 
0 189 180 180 180 180 180 178 172 165 172 170 0 
0 183 180 180 180 180 178 178 163 178 172 163 0 
0 189 180 180 180 180 180 178 176 172 174 170 0 
0 180 180 181 191 180 178 178 168 178 174 174 0 
0 0 180 180 180 180 180 178 178 163 172 0 0 
0 0 180 180 183 180 178 178 176 178 176 0 0 
0 0 180 183 180 180 180 178 174 176 174 0 0 
0 0 0 180 180 180 174 178 180 165 0 0 0 
0 0 0 0 180 180 180 176 165 0 0 0 0 
0 0 0 0 0 180 178 178 0 0 0 0 0 
