test/output/constant/M3M470_S000_A180_WD090.0_WS050.0/M3M470_S000_A180_WD090.0_WS050.0_arrival.asc
ncols         46
nrows         9
xllcorner     422103.990666
yllcorner     12748355.311160
cellsize      100.000000
NODATA_value  0.000000
0.000000 0.000000 0.000000 0.000000 0.000000 0.000000 0.000000 0.000000 0.000000 0.000000 0.000000 0.000000 0.000000 0.000000 0.000000 0.000000 166.041667 166.041146 166.041146 166.041146 166.041146 166.041146 166.041517 166.041517 166.041517 0.000000 0.000000 0.000000 0.000000 0.000000 0.000000 0.000000 0.000000 0.000000 0.000000 0.000000 0.000000 0.000000 0.000000 0.000000 0.000000 0.000000 0.000000 0.000000 0.000000 0.000000 
0.000000 0.000000 0.000000 0.000000 0.000000 0.000000 0.000000 166.041146 166.040405 166.039663 166.038922 166.038180 166.037439 166.036698 166.036327 166.035586 166.034844 166.034103 166.033362 166.032991 166.032250 166.031508 166.031137 166.030396 166.030025 166.029655 166.029284 166.029284 166.029655 166.029655 166.029655 166.030396 166.030767 166.031508 166.032620 166.034103 166.036327 166.039293 0.000000 0.000000 0.000000 0.000000 0.000000 0.000000 0.000000 0.000000 
0.000000 0.000000 0.000000 166.041146 166.040034 166.039293 166.038180 166.037439 166.036698 166.035956 166.034844 166.034103 166.033362 166.032250 166.031508 166.030767 166.029655 166.028913 166.028172 166.027431 166.026319 166.025577 166.024836 166.024094 166.023353 166.022612 166.021870 166.021129 166.020758 166.020017 166.019276 166.018905 166.018164 166.017793 166.017793 166.017793 166.017793 166.018534 166.019276 166.020388 166.022612 166.026319 166.031137 0.000000 0.000000 0.000000 
0.000000 166.041146 166.040034 166.039293 166.038180 166.037439 166.036327 166.035586 166.034844 166.033732 166.032991 166.031879 166.031137 166.030025 166.029284 166.028172 166.027431 166.026319 166.025577 166.024465 166.023724 166.022612 166.021870 166.020758 166.020017 166.018905 166.018164 166.017051 166.016310 166.015198 166.014457 166.013715 166.012603 166.011862 166.011121 166.010008 166.009267 166.008526 166.007784 166.007043 166.006302 166.005931 166.005931 166.006672 166.009638 166.021500 
166.041517 166.040405 166.039663 166.038551 166.037810 166.036698 166.035956 166.034844 166.034103 166.032991 166.032250 166.031137 166.030396 166.029284 166.028543 166.027431 166.026689 166.025577 166.024836 166.023724 166.022982 166.021870 166.021129 166.020017 166.019276 166.018164 166.017422 166.016310 166.015569 166.014457 166.013715 166.012603 166.011862 166.010750 166.010008 166.008896 166.008155 166.007043 166.006302 166.005190 166.004448 166.003336 166.002595 166.001483 166.000741 166.000000 
0.000000 166.041146 166.040034 166.039293 166.038180 166.037439 166.036327 166.035586 166.034844 166.033732 166.032991 166.031879 166.031137 166.030025 166.029284 166.028172 166.027431 166.026319 166.025577 166.024465 166.023724 166.022612 166.021870 166.020758 166.020017 166.018905 166.018164 166.017051 166.016310 166.015198 166.014457 166.013715 166.012603 166.011862 166.011121 166.010008 166.009267 166.008526 166.007784 166.007043 166.006302 166.005931 166.005931 166.006672 166.009638 166.021500 
0.000000 0.000000 0.000000 166.041146 166.040034 166.039293 166.038180 166.037439 166.036698 166.035956 166.034844 166.034103 166.033362 166.032250 166.031508 166.030767 166.029655 166.028913 166.028172 166.027431 166.026319 166.025577 166.024836 166.024094 166.023353 166.022612 166.021870 166.021129 166.020758 166.020017 166.019276 166.018905 166.018164 166.017793 166.017793 166.017793 166.017793 166.018534 166.019276 166.020388 166.022612 166.026319 166.031137 0.000000 0.000000 0.000000 
0.000000 0.000000 0.000000 0.000000 0.000000 0.000000 0.000000 166.041146 166.040405 166.039663 166.038922 166.038180 166.037439 166.036698 166.036327 166.035586 166.034844 166.034103 166.033362 166.032991 166.032250 166.031508 166.031137 166.030396 166.030025 166.029655 166.029284 166.029284 166.029655 166.029655 166.029655 166.030396 166.030767 166.031508 166.032620 166.034103 166.036327 166.039293 0.000000 0.000000 0.000000 0.000000 0.000000 0.000000 0.000000 0.000000 
0.000000 0.000000 0.000000 0.000000 0.000000 0.000000 0.000000 0.000000 0.000000 0.000000 0.000000 0.000000 0.000000 0.000000 0.000000 0.000000 166.041667 166.041146 166.041146 166.041146 166.041146 166.041146 166.041517 166.041517 166.041517 0.000000 0.000000 0.000000 0.000000 0.000000 0.000000 0.000000 0.000000 0.000000 0.000000 0.000000 0.000000 0.000000 0.000000 0.000000 0.000000 0.000000 0.000000 0.000000 0.000000 0.000000 
