test/output/constant/M295_S060_A270_WD180.0_WS010.0/M295_S060_A270_WD180.0_WS010.0_arrival.asc
ncols         7
nrows         29
xllcorner     426303.990666
yllcorner     12748755.311160
cellsize      100.000000
NODATA_value  0.000000
0.000000 0.000000 0.000000 166.041239 0.000000 0.000000 0.000000 
0.000000 0.000000 166.040641 166.040044 166.040641 0.000000 0.000000 
0.000000 0.000000 166.038848 166.038251 166.038848 0.000000 0.000000 
0.000000 166.040641 166.037653 166.037055 166.037653 166.040641 0.000000 
0.000000 166.039446 166.035860 166.035262 166.035860 166.039446 0.000000 
0.000000 166.038251 166.034665 166.034067 166.034665 166.038251 0.000000 
0.000000 166.036458 166.033469 166.032274 166.033469 166.036458 0.000000 
0.000000 166.035262 166.031676 166.031079 166.031676 166.035262 0.000000 
0.000000 166.034067 166.030481 166.029286 166.030481 166.034067 0.000000 
166.040641 166.032872 166.028688 166.028090 166.028688 166.032872 166.040641 
166.040044 166.031676 166.027493 166.026297 166.027493 166.031676 166.040044 
166.038848 166.030481 166.025700 166.025102 166.025700 166.030481 166.038848 
166.038848 166.029286 166.024504 166.023309 166.024504 166.029286 166.038848 
166.038251 166.028090 166.023309 166.022114 166.023309 166.028090 166.038251 
166.038848 166.026895 166.021516 166.020321 166.021516 166.026895 166.038848 
166.038848 166.026297 166.020321 166.019125 166.020321 166.026297 166.038848 
166.038848 166.025102 166.018528 166.017332 166.018528 166.025102 166.038848 
166.040044 166.023907 166.017332 166.016137 166.017332 166.023907 166.040044 
166.040641 166.023309 166.015539 166.014344 166.015539 166.023309 166.040641 
0.000000 166.023309 166.014344 166.013149 166.014344 166.023309 0.000000 
0.000000 166.023309 166.013149 166.011356 166.013149 166.023309 0.000000 
0.000000 166.023907 166.011356 166.010160 166.011356 166.023907 0.000000 
0.000000 166.024504 166.010160 166.008367 166.010160 166.024504 0.000000 
0.000000 166.026297 166.009563 166.007172 166.009563 166.026297 0.000000 
0.000000 166.029883 166.008367 166.005379 166.008367 166.029883 0.000000 
0.000000 166.035262 166.007770 166.004184 166.007770 166.035262 0.000000 
0.000000 0.000000 166.008367 166.002391 166.008367 0.000000 0.000000 
0.000000 0.000000 166.010758 166.001195 166.010758 0.000000 0.000000 
0.000000 0.000000 166.028090 166.000000 166.028090 0.000000 0.000000 
