test/output/constant/M3M4100_S060_A180_WD135.0_WS045.0/M3M4100_S060_A180_WD135.0_WS045.0_raz.asc
ncols         15
nrows         39
xllcorner     426403.990666
yllcorner     12748655.311160
cellsize      100.000000
NODATA_value  0.000000
0 0 0 0 0 0 0 0 0 0 14 14 14 14 0 
0 0 0 0 0 0 0 0 0 0 14 14 14 14 0 
0 0 0 0 0 0 0 0 0 14 14 14 14 14 0 
0 0 0 0 0 0 0 0 7 14 14 14 14 14 0 
0 0 0 0 0 0 0 14 14 14 14 14 15 19 0 
0 0 0 0 0 0 0 14 14 14 14 14 14 17 0 
0 0 0 0 0 0 12 14 14 11 14 14 14 14 17 
0 0 0 0 0 0 8 14 14 14 14 14 14 14 19 
0 0 0 0 0 0 8 14 12 14 18 14 18 14 0 
0 0 0 0 0 14 14 14 14 14 14 14 14 14 0 
0 0 0 0 0 8 14 14 5 14 14 14 14 14 0 
0 0 0 0 7 10 14 14 14 14 14 14 14 15 0 
0 0 0 0 5 14 11 14 14 14 15 14 14 14 0 
0 0 0 0 14 14 14 14 14 14 14 14 16 17 0 
0 0 0 14 7 14 12 14 14 14 14 16 14 21 0 
0 0 0 14 14 13 14 14 14 14 14 18 17 22 0 
0 0 0 14 7 14 14 14 14 14 14 14 21 0 0 
0 0 3 14 14 14 14 14 14 14 14 21 16 0 0 
0 0 5 14 7 14 14 14 17 18 14 14 21 0 0 
0 0 1 14 10 13 14 14 14 14 15 22 22 0 0 
0 0 3 14 10 14 14 14 14 14 21 21 0 0 0 
0 0 3 8 14 14 14 14 14 17 22 22 0 0 0 
0 0 7 7 12 14 16 14 19 17 22 22 0 0 0 
0 3 5 3 14 14 14 14 21 21 22 21 0 0 0 
0 3 3 14 14 14 14 14 16 15 22 0 0 0 0 
0 3 3 14 14 14 14 14 21 22 22 0 0 0 0 
0 3 3 11 14 14 14 17 18 22 22 0 0 0 0 
0 3 8 10 14 14 14 14 21 21 0 0 0 0 0 
0 3 14 14 14 14 18 21 21 24 0 0 0 0 0 
0 1 14 14 14 14 21 21 22 0 0 0 0 0 0 
0 3 14 14 14 14 21 22 56 0 0 0 0 0 0 
1 3 14 14 14 15 22 21 24 0 0 0 0 0 0 
341 3 10 14 14 22 22 22 0 0 0 0 0 0 0 
352 3 14 14 15 22 24 24 0 0 0 0 0 0 0 
341 3 11 14 22 22 24 0 0 0 0 0 0 0 0 
347 347 14 15 21 68 84 0 0 0 0 0 0 0 0 
264 347 14 21 84 94 0 0 0 0 0 0 0 0 0 
0 264 254 24 84 0 0 0 0 0 0 0 0 0 0 
0 194 172 104 0 0 0 0 0 0 0 0 0 0 0 
