test/output/constant/M3M4100_S060_A180_WD135.0_WS045.0/M3M4100_S060_A180_WD135.0_WS045.0_intensity.asc
ncols         15
nrows         39
xllcorner     426403.990666
yllcorner     12748655.311160
cellsize      100.000000
NODATA_value  0.000000
0 0 0 0 0 0 0 0 0 0 58747 58747 58747 58747 0 
0 0 0 0 0 0 0 0 0 0 58747 58747 58747 58747 0 
0 0 0 0 0 0 0 0 0 58747 58747 58747 58747 58747 0 
0 0 0 0 0 0 0 0 44569 58747 58747 58747 58747 58747 0 
0 0 0 0 0 0 0 58747 58747 58747 58747 58747 58686 52632 0 
0 0 0 0 0 0 0 58747 58747 58747 58747 58747 58747 57272 0 
0 0 0 0 0 0 56954 58747 58747 54854 58747 58747 58747 58747 57272 
0 0 0 0 0 0 48567 58747 58747 58747 58747 58747 58747 58747 52632 
0 0 0 0 0 0 48567 58747 56954 58747 55321 58747 55321 58747 0 
0 0 0 0 0 58747 58747 58747 58747 58747 58747 58747 58747 58747 0 
0 0 0 0 0 48567 58747 58747 40159 58747 58747 58747 58747 58747 0 
0 0 0 0 44569 52030 58747 58747 58747 58747 58747 58747 58747 58686 0 
0 0 0 0 40159 58606 54854 58606 58747 58747 58686 58747 58747 58747 0 
0 0 0 0 58747 58747 58747 58747 58747 58747 58747 58747 58425 57272 0 
0 0 0 58606 44569 58747 56954 58747 58747 58747 58747 58425 58747 49286 0 
0 0 0 58747 58747 58265 58747 58747 58747 58747 58747 55321 57272 45385 0 
0 0 0 58747 44569 58747 58747 58747 58747 58747 58747 58747 49286 0 0 
0 0 35470 58747 58747 58747 58747 58747 58747 58747 58747 49286 58425 0 0 
0 0 40159 58747 44569 58747 58747 58747 57272 55321 58747 58747 49286 0 0 
0 0 30644 58747 52030 58265 58747 58747 58747 58747 58686 45385 45385 0 0 
0 0 35470 58747 52030 58747 58747 58747 58747 58747 49286 49286 0 0 0 
0 0 35470 48567 58747 58747 58747 58747 58747 57272 45385 45385 0 0 0 
0 0 44569 44569 56954 58747 58425 58747 52632 57272 45385 45385 0 0 0 
0 35470 40159 35470 58747 58747 58747 58747 49286 49286 45385 49286 0 0 0 
0 35470 35470 58747 58747 58747 58747 58747 58425 58686 45385 0 0 0 0 
0 35470 35470 58747 58747 58747 58747 58747 49286 45385 45385 0 0 0 0 
0 35470 35470 54854 58747 58747 58747 57272 55321 45385 45385 0 0 0 0 
0 35470 48567 52030 58747 58747 58747 58747 49286 49286 0 0 0 0 0 
0 35470 58747 58747 58747 58747 55321 49286 49286 41047 0 0 0 0 0 
0 30644 58747 58747 58747 58747 49286 49286 45385 0 0 0 0 0 0 
0 35470 58747 58747 58747 58747 49286 45385 7179 0 0 0 0 0 0 
30644 35470 58747 58747 58747 58686 45385 49286 41047 0 0 0 0 0 0 
9443 35470 52030 58747 58747 45385 45385 45385 0 0 0 0 0 0 0 
16795 35470 58747 58747 58686 45385 41047 41047 0 0 0 0 0 0 0 
9443 35470 54854 58747 45385 45385 41047 0 0 0 0 0 0 0 0 
12850 12850 58747 58686 49286 4932 3341 0 0 0 0 0 0 0 0 
1847 12850 58747 49286 3341 2756 0 0 0 0 0 0 0 0 0 
0 1847 0 41047 3341 0 0 0 0 0 0 0 0 0 0 
0 1222 1242 2307 0 0 0 0 0 0 0 0 0 0 0 
