test/output/constant/M3M485_S000_A090_WD270.0_WS040.0/M3M485_S000_A090_WD270.0_WS040.0_arrival.asc
ncols         48
nrows         11
xllcorner     426603.990666
yllcorner     12748255.311160
cellsize      100.000000
NODATA_value  0.000000
0.000000 0.000000 0.000000 0.000000 0.000000 0.000000 0.000000 0.000000 0.000000 0.000000 0.000000 0.000000 0.000000 0.000000 0.000000 0.000000 0.000000 0.000000 0.000000 0.000000 0.000000 0.000000 0.000000 166.041667 166.041667 166.041314 166.041314 166.041314 166.041667 166.041667 166.041667 0.000000 0.000000 0.000000 0.000000 0.000000 0.000000 0.000000 0.000000 0.000000 0.000000 0.000000 0.000000 0.000000 0.000000 0.000000 0.000000 0.000000 
0.000000 0.000000 0.000000 0.000000 0.000000 0.000000 0.000000 0.000000 0.000000 0.000000 166.038842 166.037429 166.036017 166.034958 166.034251 166.033545 166.033192 166.032839 166.032486 166.032486 166.032133 166.032133 166.032486 166.032486 166.032839 166.033192 166.033898 166.034251 166.034958 166.035311 166.036017 166.036723 166.037429 166.038136 166.038489 166.039195 166.039901 166.040607 166.040960 166.041667 0.000000 0.000000 0.000000 0.000000 0.000000 0.000000 0.000000 0.000000 
0.000000 0.000000 0.000000 0.000000 166.039548 166.034604 166.031073 166.028249 166.026483 166.025424 166.024364 166.024011 166.023658 166.023305 166.022952 166.022952 166.023305 166.023305 166.023658 166.024364 166.025071 166.025424 166.026130 166.026836 166.027542 166.027895 166.028602 166.029308 166.030014 166.030720 166.031427 166.032133 166.032839 166.033545 166.034251 166.035311 166.036017 166.036723 166.037429 166.038136 166.039195 166.039901 166.040607 166.041667 0.000000 0.000000 0.000000 0.000000 
0.000000 166.034958 166.026130 166.020127 166.017302 166.015537 166.014477 166.014124 166.014124 166.014124 166.014124 166.014477 166.014830 166.015537 166.016243 166.016949 166.017302 166.018008 166.018715 166.019421 166.020127 166.020833 166.021893 166.022599 166.023305 166.024011 166.025071 166.025777 166.026483 166.027542 166.028249 166.028955 166.030014 166.030720 166.031780 166.032486 166.033192 166.034251 166.034958 166.036017 166.036723 166.037429 166.038489 166.039195 166.040254 166.040960 0.000000 0.000000 
166.013065 166.006356 166.004943 166.004943 166.004943 166.005650 166.006356 166.007062 166.007768 166.008475 166.009181 166.010240 166.010946 166.012006 166.012712 166.013771 166.014477 166.015537 166.016243 166.016949 166.018008 166.018715 166.019774 166.020480 166.021186 166.022246 166.022952 166.024011 166.024717 166.025777 166.026483 166.027542 166.028249 166.029308 166.030014 166.030720 166.031780 166.032486 166.033545 166.034251 166.035311 166.036017 166.037076 166.037782 166.038842 166.039548 166.040607 166.041314 
166.000000 166.000706 166.001412 166.002472 166.003178 166.004237 166.004943 166.006003 166.006709 166.007768 166.008475 166.009534 166.010240 166.011299 166.012006 166.013065 166.013771 166.014830 166.015537 166.016596 166.017302 166.018362 166.019068 166.020127 166.020833 166.021893 166.022599 166.023658 166.024364 166.025424 166.026130 166.027189 166.027895 166.028955 166.029661 166.030720 166.031427 166.032486 166.033192 166.034251 166.034958 166.036017 166.036723 166.037782 166.038489 166.039548 166.040254 166.041314 
166.013065 166.006356 166.004943 166.004943 166.004943 166.005650 166.006356 166.007062 166.007768 166.008475 166.009181 166.010240 166.010946 166.012006 166.012712 166.013771 166.014477 166.015537 166.016243 166.016949 166.018008 166.018715 166.019774 166.020480 166.021186 166.022246 166.022952 166.024011 166.024717 166.025777 166.026483 166.027542 166.028249 166.029308 166.030014 166.030720 166.031780 166.032486 166.033545 166.034251 166.035311 166.036017 166.037076 166.037782 166.038842 166.039548 166.040607 166.041314 
0.000000 166.034958 166.026130 166.020127 166.017302 166.015537 166.014477 166.014124 166.014124 166.014124 166.014124 166.014477 166.014830 166.015537 166.016243 166.016949 166.017302 166.018008 166.018715 166.019421 166.020127 166.020833 166.021893 166.022599 166.023305 166.024011 166.025071 166.025777 166.026483 166.027542 166.028249 166.028955 166.030014 166.030720 166.031780 166.032486 166.033192 166.034251 166.034958 166.036017 166.036723 166.037429 166.038489 166.039195 166.040254 166.040960 0.000000 0.000000 
0.000000 0.000000 0.000000 0.000000 166.039548 166.034604 166.031073 166.028249 166.026483 166.025424 166.024364 166.024011 166.023658 166.023305 166.022952 166.022952 166.023305 166.023305 166.023658 166.024364 166.025071 166.025424 166.026130 166.026836 166.027542 166.027895 166.028602 166.029308 166.030014 166.030720 166.031427 166.032133 166.032839 166.033545 166.034251 166.035311 166.036017 166.036723 166.037429 166.038136 166.039195 166.039901 166.040607 166.041667 0.000000 0.000000 0.000000 0.000000 
0.000000 0.000000 0.000000 0.000000 0.000000 0.000000 0.000000 0.000000 0.000000 0.000000 166.038842 166.037429 166.036017 166.034958 166.034251 166.033545 166.033192 166.032839 166.032486 166.032486 166.032133 166.032133 166.032486 166.032486 166.032839 166.033192 166.033898 166.034251 166.034958 166.035311 166.036017 166.036723 166.037429 166.038136 166.038489 166.039195 166.039901 166.040607 166.040960 166.041667 0.000000 0.000000 0.000000 0.000000 0.000000 0.000000 0.000000 0.000000 
0.000000 0.000000 0.000000 0.000000 0.000000 0.000000 0.000000 0.000000 0.000000 0.000000 0.000000 0.000000 0.000000 0.000000 0.000000 0.000000 0.000000 0.000000 0.000000 0.000000 0.000000 0.000000 0.000000 166.041667 166.041667 166.041314 166.041314 166.041314 166.041667 166.041667 166.041667 0.000000 0.000000 0.000000 0.000000 0.000000 0.000000 0.000000 0.000000 0.000000 0.000000 0.000000 0.000000 0.000000 0.000000 0.000000 0.000000 0.000000 
