test/output/constant/M3M480_S060_A270_WD045.0_WS035.0/M3M480_S060_A270_WD045.0_WS035.0_ros.asc
ncols         25
nrows         15
xllcorner     424303.990666
yllcorner     12748655.311160
cellsize      100.000000
NODATA_value  0.000000
44.024441 42.391781 44.024441 42.391781 1.962792 32.890064 3.890261 0.000000 0.000000 0.000000 0.000000 0.000000 0.000000 0.000000 0.000000 0.000000 0.000000 0.000000 0.000000 0.000000 0.000000 0.000000 0.000000 0.000000 0.000000 
44.024441 44.024441 44.024441 44.024441 44.024441 35.895447 35.895447 32.890064 32.890064 32.890064 0.000000 0.000000 0.000000 0.000000 0.000000 0.000000 0.000000 0.000000 0.000000 0.000000 0.000000 0.000000 0.000000 0.000000 0.000000 
44.024441 44.024441 44.024441 44.024441 44.024441 44.024441 44.004742 44.024441 38.531887 5.402998 32.890064 7.375977 32.890064 0.000000 0.000000 0.000000 0.000000 0.000000 0.000000 0.000000 0.000000 0.000000 0.000000 0.000000 0.000000 
34.708923 21.153889 44.024441 44.024441 44.024441 44.024441 44.024441 44.024441 40.719456 9.792004 35.895447 32.890064 35.895447 5.402998 2.824427 0.000000 0.000000 0.000000 0.000000 0.000000 0.000000 0.000000 0.000000 0.000000 0.000000 
0.000000 14.397919 44.024441 14.397919 44.024441 44.024441 43.872570 44.024441 44.004742 43.498085 35.895447 9.792004 3.890261 5.402998 5.402998 3.890261 0.000000 0.000000 0.000000 0.000000 0.000000 0.000000 0.000000 0.000000 0.000000 
0.000000 0.000000 28.204386 14.397919 11.382847 41.777420 11.382847 44.024441 44.024441 44.024441 44.024441 38.531887 2.465417 5.402998 7.375977 32.890064 3.890261 32.890064 0.000000 0.000000 0.000000 0.000000 0.000000 0.000000 0.000000 
0.000000 0.000000 0.000000 11.382847 24.695038 41.777420 41.777420 11.382847 44.024441 44.024441 44.024441 44.024441 44.024441 40.719456 32.890064 5.402998 5.402998 3.890261 3.890261 0.000000 0.000000 0.000000 0.000000 0.000000 0.000000 
0.000000 0.000000 0.000000 0.000000 14.397919 11.382847 31.576267 34.708923 44.024441 37.507671 17.687117 44.024441 44.024441 44.024441 44.024441 44.004742 5.402998 32.890064 2.824427 5.402998 2.824427 0.000000 0.000000 0.000000 0.000000 
0.000000 0.000000 0.000000 0.000000 0.000000 0.000000 14.397919 14.397919 14.397919 39.887848 11.382847 44.024441 44.024441 44.024441 44.024441 44.024441 38.531887 35.895447 35.895447 3.890261 3.890261 3.890261 0.000000 0.000000 0.000000 
0.000000 0.000000 0.000000 0.000000 0.000000 0.000000 0.000000 39.887848 21.153889 11.382847 14.397919 31.576267 37.507671 14.397919 44.024441 44.024441 44.024441 44.024441 40.719456 2.634010 3.890261 5.402998 2.824427 0.000000 0.000000 
0.000000 0.000000 0.000000 0.000000 0.000000 0.000000 0.000000 0.000000 0.000000 11.382847 14.397919 14.397919 14.397919 11.382847 11.382847 43.119198 44.024441 44.024441 44.024441 32.890064 35.895447 29.606758 2.634010 2.824427 0.000000 
0.000000 0.000000 0.000000 0.000000 0.000000 0.000000 0.000000 0.000000 0.000000 0.000000 0.000000 11.382847 21.153889 11.382847 14.397919 14.397919 14.397919 11.382847 44.024441 44.024441 44.024441 35.895447 32.890064 2.824427 0.000000 
0.000000 0.000000 0.000000 0.000000 0.000000 0.000000 0.000000 0.000000 0.000000 0.000000 0.000000 0.000000 0.000000 11.382847 11.382847 11.382847 11.382847 21.153889 24.695038 11.382847 44.024441 44.024441 43.498085 1.962792 2.824427 
0.000000 0.000000 0.000000 0.000000 0.000000 0.000000 0.000000 0.000000 0.000000 0.000000 0.000000 0.000000 0.000000 0.000000 0.000000 11.382847 11.382847 11.382847 11.382847 11.382847 11.382847 11.382847 44.024441 -1.000000 2.634010 
0.000000 0.000000 0.000000 0.000000 0.000000 0.000000 0.000000 0.000000 0.000000 0.000000 0.000000 0.000000 0.000000 0.000000 0.000000 0.000000 0.000000 0.000000 0.000000 11.382847 11.382847 11.382847 4.758952 6.503656 1.507926 
