test/output/constant/M3M495_S060_A180_WD045.0_WS040.0/M3M495_S060_A180_WD045.0_WS040.0_ros.asc
ncols         16
nrows         33
xllcorner     426503.990666
yllcorner     12745655.311160
cellsize      100.000000
NODATA_value  0.000000
1.629683 1.510104 3.088117 0.000000 0.000000 0.000000 0.000000 0.000000 0.000000 0.000000 0.000000 0.000000 0.000000 0.000000 0.000000 0.000000 
1.629683 0.000000 3.088117 3.088117 3.088117 0.000000 0.000000 0.000000 0.000000 0.000000 0.000000 0.000000 0.000000 0.000000 0.000000 0.000000 
5.634901 56.401939 55.677135 41.801315 3.088117 4.389607 0.000000 0.000000 0.000000 0.000000 0.000000 0.000000 0.000000 0.000000 0.000000 0.000000 
14.301320 56.401939 56.401939 52.021370 4.389607 3.088117 0.000000 0.000000 0.000000 0.000000 0.000000 0.000000 0.000000 0.000000 0.000000 0.000000 
10.830111 53.628422 56.401939 56.401939 45.718353 4.389607 2.049826 0.000000 0.000000 0.000000 0.000000 0.000000 0.000000 0.000000 0.000000 0.000000 
22.523212 10.830111 56.401939 56.401939 45.718353 45.718353 2.848648 3.088117 0.000000 0.000000 0.000000 0.000000 0.000000 0.000000 0.000000 0.000000 
27.032661 31.630314 56.401939 56.401939 45.718353 2.049826 2.638756 41.801315 0.000000 0.000000 0.000000 0.000000 0.000000 0.000000 0.000000 0.000000 
27.032661 31.630314 53.628422 56.401939 56.401939 55.677135 41.801315 41.801315 1.510104 0.000000 0.000000 0.000000 0.000000 0.000000 0.000000 0.000000 
27.032661 5.634901 51.223972 56.401939 56.401939 45.718353 56.360302 2.848648 2.638756 0.000000 0.000000 0.000000 0.000000 0.000000 0.000000 0.000000 
27.032661 10.830111 51.223972 56.401939 56.401939 56.401939 56.401939 2.848648 41.801315 41.801315 0.000000 0.000000 0.000000 0.000000 0.000000 0.000000 
0.000000 14.301320 51.223972 56.401939 56.401939 56.401939 45.718353 56.401939 41.801315 45.718353 0.000000 0.000000 0.000000 0.000000 0.000000 0.000000 
0.000000 14.301320 10.830111 56.401939 56.401939 56.401939 56.360302 55.677135 55.677135 3.088117 41.801315 0.000000 0.000000 0.000000 0.000000 0.000000 
0.000000 18.237064 48.176315 14.301320 55.316792 56.401939 56.401939 49.159851 54.216019 45.718353 41.801315 0.000000 0.000000 0.000000 0.000000 0.000000 
0.000000 14.301320 14.301320 51.223972 10.830111 56.401939 56.401939 56.401939 55.677135 45.718353 49.159851 45.718353 0.000000 0.000000 0.000000 0.000000 
0.000000 0.000000 18.237064 48.176315 56.401939 56.401939 56.237930 56.401939 45.718353 56.401939 49.159851 3.088117 0.000000 0.000000 0.000000 0.000000 
0.000000 0.000000 22.523212 48.176315 53.628422 56.401939 56.401939 56.401939 55.677135 56.401939 56.401939 41.801315 45.718353 0.000000 0.000000 0.000000 
0.000000 0.000000 40.537506 51.223972 55.316792 55.316792 56.401939 56.401939 56.401939 45.718353 55.677135 54.216019 45.718353 0.000000 0.000000 0.000000 
0.000000 0.000000 0.000000 53.628422 53.628422 10.830111 56.401939 56.401939 56.401939 56.360302 56.401939 41.801315 49.159851 0.000000 0.000000 0.000000 
0.000000 0.000000 0.000000 44.577820 7.918712 51.223972 56.401939 56.401939 56.401939 56.360302 56.401939 56.401939 45.718353 45.718353 0.000000 0.000000 
0.000000 0.000000 0.000000 7.918712 53.628422 56.401939 56.401939 56.401939 56.401939 56.401939 56.360302 56.360302 56.401939 45.718353 0.000000 0.000000 
0.000000 0.000000 0.000000 0.000000 40.537506 44.577820 51.223972 51.223972 56.401939 56.401939 56.401939 56.401939 55.677135 56.401939 0.000000 0.000000 
0.000000 0.000000 0.000000 0.000000 48.176315 55.316792 7.918712 56.237930 56.401939 56.401939 56.401939 56.401939 56.401939 55.677135 45.718353 0.000000 
0.000000 0.000000 0.000000 0.000000 0.000000 48.176315 56.401939 48.176315 56.401939 56.237930 56.401939 56.401939 45.718353 56.401939 55.677135 0.000000 
0.000000 0.000000 0.000000 0.000000 0.000000 55.316792 55.316792 56.401939 56.401939 56.401939 54.216019 56.401939 45.718353 56.401939 56.401939 0.000000 
0.000000 0.000000 0.000000 0.000000 0.000000 0.000000 48.176315 55.316792 56.401939 56.401939 56.401939 56.401939 56.360302 23.889753 56.401939 0.000000 
0.000000 0.000000 0.000000 0.000000 0.000000 0.000000 56.401939 56.401939 48.176315 56.401939 56.401939 56.401939 56.401939 52.021370 56.401939 56.401939 
0.000000 0.000000 0.000000 0.000000 0.000000 0.000000 0.000000 56.401939 51.223972 56.401939 56.401939 56.401939 56.401939 56.401939 54.216019 56.401939 
0.000000 0.000000 0.000000 0.000000 0.000000 0.000000 0.000000 0.000000 56.401939 51.223972 56.401939 56.401939 56.401939 56.401939 56.360302 56.401939 
0.000000 0.000000 0.000000 0.000000 0.000000 0.000000 0.000000 0.000000 53.628422 56.401939 56.401939 56.401939 56.401939 56.401939 54.216019 52.021370 
0.000000 0.000000 0.000000 0.000000 0.000000 0.000000 0.000000 0.000000 0.000000 56.401939 56.401939 56.401939 54.216019 56.401939 56.401939 56.401939 
0.000000 0.000000 0.000000 0.000000 0.000000 0.000000 0.000000 0.000000 0.000000 0.000000 56.401939 56.401939 56.401939 56.401939 56.401939 56.360302 
0.000000 0.000000 0.000000 0.000000 0.000000 0.000000 0.000000 0.000000 0.000000 0.000000 0.000000 56.401939 56.401939 56.401939 56.401939 56.401939 
0.000000 0.000000 0.000000 0.000000 0.000000 0.000000 0.000000 0.000000 0.000000 0.000000 0.000000 0.000000 56.401939 56.237930 56.401939 0.000000 
