test/output/constant/M495_S000_A000_WD000.0_WS050.0/M495_S000_A000_WD000.0_WS050.0_arrival.asc
ncols         7
nrows         44
xllcorner     426303.990666
yllcorner     12744455.311160
cellsize      100.000000
NODATA_value  0.000000
0.000000 0.000000 166.026440 166.000000 166.026440 0.000000 0.000000 
0.000000 0.000000 166.010346 166.000766 166.010346 0.000000 0.000000 
0.000000 0.000000 166.007281 166.001533 166.007281 0.000000 0.000000 
0.000000 166.033721 166.006514 166.002682 166.006514 166.033721 0.000000 
0.000000 166.026824 166.006131 166.003449 166.006131 166.026824 0.000000 
0.000000 166.023758 166.006514 166.004598 166.006514 166.023758 0.000000 
0.000000 166.021459 166.007281 166.005365 166.007281 166.021459 0.000000 
0.000000 166.019926 166.008047 166.006514 166.008047 166.019926 0.000000 
166.041002 166.019160 166.008813 166.007281 166.008813 166.019160 166.041002 
166.038319 166.018777 166.009580 166.008430 166.009580 166.018777 166.038319 
166.035637 166.018393 166.010346 166.009197 166.010346 166.018393 166.035637 
166.034488 166.018393 166.011113 166.010346 166.011113 166.018393 166.034488 
166.032955 166.018393 166.012262 166.011113 166.012262 166.018393 166.032955 
166.032188 166.018777 166.013029 166.012262 166.013029 166.018777 166.032188 
166.031422 166.019543 166.014178 166.013029 166.014178 166.019543 166.031422 
166.031039 166.019926 166.014945 166.014178 166.014945 166.019926 166.031039 
166.030656 166.020693 166.015711 166.014945 166.015711 166.020693 166.030656 
166.030272 166.021459 166.016861 166.016094 166.016861 166.021459 166.030272 
166.030272 166.021842 166.017627 166.016861 166.017627 166.021842 166.030272 
166.030656 166.022609 166.018393 166.018010 166.018393 166.022609 166.030656 
166.030656 166.023375 166.019543 166.018777 166.019543 166.023375 166.030656 
166.031039 166.024141 166.020309 166.019926 166.020309 166.024141 166.031039 
166.031422 166.024908 166.021459 166.020693 166.021459 166.024908 166.031422 
166.032188 166.025674 166.022225 166.021842 166.022225 166.025674 166.032188 
166.032955 166.026440 166.023375 166.022609 166.023375 166.026440 166.032955 
166.033338 166.027207 166.024141 166.023758 166.024141 166.027207 166.033338 
166.034104 166.028356 166.025291 166.024524 166.025291 166.028356 166.034104 
166.034871 166.029123 166.026057 166.025674 166.026057 166.029123 166.034871 
166.035254 166.029889 166.027207 166.026440 166.027207 166.029889 166.035254 
166.036020 166.030656 166.027973 166.027590 166.027973 166.030656 166.036020 
166.036787 166.031805 166.029123 166.028356 166.029123 166.031805 166.036787 
166.037553 166.032572 166.029889 166.029506 166.029889 166.032572 166.037553 
166.037936 166.033338 166.031039 166.030272 166.031039 166.033338 166.037936 
166.038703 166.034488 166.031805 166.031422 166.031805 166.034488 166.038703 
166.039469 166.035254 166.032955 166.032188 166.032955 166.035254 166.039469 
166.040235 166.036020 166.033721 166.033338 166.033721 166.036020 166.040235 
166.041002 166.037170 166.034871 166.034104 166.034871 166.037170 166.041002 
166.041667 166.037936 166.035637 166.035254 166.035637 166.037936 166.041667 
0.000000 166.038703 166.036787 166.036020 166.036787 166.038703 0.000000 
0.000000 166.039852 166.037553 166.037170 166.037553 166.039852 0.000000 
0.000000 166.040619 166.038703 166.037936 166.038703 166.040619 0.000000 
0.000000 166.041385 166.039469 166.039086 166.039469 166.041385 0.000000 
0.000000 0.000000 166.040619 166.039852 166.040619 0.000000 0.000000 
0.000000 0.000000 166.041385 166.041002 166.041385 0.000000 0.000000 
