test/output/constant/M3M4100_S060_A270_WD000.0_WS030.0/M3M4100_S060_A270_WD000.0_WS030.0_arrival.asc
ncols         13
nrows         20
xllcorner     426003.990666
yllcorner     12748355.311160
cellsize      100.000000
NODATA_value  0.000000
0.000000 0.000000 0.000000 0.000000 166.041593 166.040498 166.040498 166.040498 166.041593 0.000000 0.000000 0.000000 0.000000 
0.000000 0.000000 0.000000 166.040498 166.038309 166.037214 166.037214 166.037214 166.038309 166.040498 0.000000 0.000000 0.000000 
0.000000 0.000000 166.040498 166.037214 166.036120 166.035025 166.035025 166.035025 166.036120 166.037214 166.040498 0.000000 0.000000 
0.000000 166.041593 166.037214 166.035025 166.032836 166.031742 166.031742 166.031742 166.032836 166.035025 166.037214 166.041593 0.000000 
0.000000 166.039403 166.035025 166.032836 166.030647 166.029553 166.029553 166.029553 166.030647 166.032836 166.035025 166.039403 0.000000 
0.000000 166.037214 166.032836 166.030647 166.028458 166.026269 166.026269 166.026269 166.028458 166.030647 166.032836 166.037214 0.000000 
166.041593 166.036120 166.031742 166.027364 166.025174 166.024080 166.024080 166.024080 166.025174 166.027364 166.031742 166.036120 166.041593 
166.040498 166.035025 166.029553 166.025174 166.022985 166.020796 166.020796 166.020796 166.022985 166.025174 166.029553 166.035025 166.040498 
166.040498 166.033931 166.028458 166.022985 166.020796 166.018607 166.018607 166.018607 166.020796 166.022985 166.028458 166.033931 166.040498 
166.039403 166.032836 166.026269 166.021891 166.017513 166.016418 166.015324 166.016418 166.017513 166.021891 166.026269 166.032836 166.039403 
166.039403 166.032836 166.026269 166.019702 166.015324 166.013134 166.013134 166.013134 166.015324 166.019702 166.026269 166.032836 166.039403 
166.040498 166.032836 166.025174 166.018607 166.013134 166.010945 166.009851 166.010945 166.013134 166.018607 166.025174 166.032836 166.040498 
166.041593 166.033931 166.025174 166.018607 166.012040 166.007662 166.007662 166.007662 166.012040 166.018607 166.025174 166.033931 166.041593 
0.000000 166.035025 166.026269 166.018607 166.010945 166.005473 166.004378 166.005473 166.010945 166.018607 166.026269 166.035025 0.000000 
0.000000 166.037214 166.027364 166.019702 166.010945 166.004378 166.002189 166.004378 166.010945 166.019702 166.027364 166.037214 0.000000 
0.000000 166.039403 166.030647 166.021891 166.013134 166.004378 166.000000 166.004378 166.013134 166.021891 166.030647 166.039403 0.000000 
0.000000 0.000000 166.035025 166.025174 166.016418 166.007662 166.005473 166.007662 166.016418 166.025174 166.035025 0.000000 0.000000 
0.000000 0.000000 166.039403 166.030647 166.022985 166.016418 166.015324 166.016418 166.022985 166.030647 166.039403 0.000000 0.000000 
0.000000 0.000000 0.000000 166.037214 166.030647 166.026269 166.025174 166.026269 166.030647 166.037214 0.000000 0.000000 0.000000 
0.000000 0.000000 0.000000 0.000000 166.039403 166.036120 166.035025 166.036120 166.039403 0.000000 0.000000 0.000000 0.000000 
