test/output/constant/M3100_S000_A270_WD000.0_WS035.0/M3100_S000_A270_WD000.0_WS035.0_raz.asc
ncols         11
nrows         52
xllcorner     426103.990666
yllcorner     12743755.311160
cellsize      100.000000
NODATA_value  0.000000
0 0 0 0 291 291 68 0 0 0 0 
0 0 0 291 360 65535 68 68 0 0 0 
0 0 0 291 188 180 171 68 0 0 0 
0 0 291 270 188 180 171 90 68 0 0 
0 0 291 192 184 180 174 167 68 0 0 
0 0 360 270 187 180 172 169 68 0 0 
0 0 247 188 185 180 174 172 167 0 0 
0 258 188 188 182 180 177 171 171 101 0 
0 270 247 231 180 180 179 172 171 171 0 
0 247 231 182 180 180 177 128 171 112 0 
0 247 247 184 185 180 174 175 171 172 0 
0 188 188 183 180 180 179 176 169 171 0 
258 188 188 184 182 180 177 175 172 171 169 
231 247 231 182 180 180 178 171 174 172 171 
190 188 187 184 180 180 176 175 177 171 169 
231 247 182 180 192 180 167 169 171 172 171 
231 188 183 188 180 180 179 171 169 169 172 
231 188 181 187 185 180 174 172 174 172 171 
188 187 187 185 180 180 179 174 172 167 171 
188 188 183 180 185 180 174 176 169 169 171 
188 188 187 180 180 180 177 176 172 171 171 
247 182 180 183 180 180 178 176 169 171 172 
188 187 184 180 185 180 174 179 175 172 171 
188 184 182 180 180 180 177 177 171 175 172 
188 184 184 183 184 180 175 176 175 175 172 
184 184 180 180 180 180 178 179 177 175 171 
187 187 180 180 181 180 172 176 178 172 169 
183 180 188 183 180 180 174 176 171 167 172 
184 185 187 180 180 179 176 177 172 174 171 
184 183 192 180 180 180 176 178 167 167 169 
181 185 180 182 180 176 177 177 179 174 174 
187 180 185 180 180 180 179 177 174 169 172 
182 185 184 180 180 176 179 176 175 174 171 
184 182 180 180 180 180 177 179 177 167 175 
185 187 180 180 180 179 179 179 177 172 174 
182 185 180 182 180 180 178 177 179 174 177 
187 180 185 180 180 179 179 179 174 176 172 
180 180 180 183 180 180 178 176 179 177 176 
184 180 181 180 180 179 179 176 178 177 175 
182 180 180 181 180 180 178 178 177 169 167 
185 180 180 187 180 176 179 172 178 179 174 
0 180 180 180 180 180 176 179 175 177 0 
0 181 180 180 180 176 179 171 177 178 0 
0 180 180 180 180 180 176 179 177 179 0 
0 180 181 180 180 176 179 179 178 178 0 
0 180 185 180 180 180 176 177 174 176 0 
0 0 180 180 180 176 179 177 178 0 0 
0 0 180 184 180 180 176 175 174 0 0 
0 0 180 180 180 176 179 179 180 0 0 
0 0 0 180 180 180 176 174 0 0 0 
0 0 0 180 180 179 179 180 0 0 0 
0 0 0 0 180 180 179 0 0 0 0 
