test/output/constant/C2_S060_A000_WD090.0_WS030.0/C2_S060_A000_WD090.0_WS030.0_arrival.asc
ncols         41
nrows         7
xllcorner     422603.990666
yllcorner     12748455.311160
cellsize      100.000000
NODATA_value  0.000000
0.000000 0.000000 0.000000 0.000000 0.000000 0.000000 0.000000 0.000000 0.000000 0.000000 0.000000 0.000000 166.041262 166.040841 166.039999 166.039578 166.038736 166.038315 166.037894 166.037894 166.037894 166.038315 166.038315 166.038736 166.039578 166.039999 166.041262 0.000000 0.000000 0.000000 0.000000 0.000000 0.000000 0.000000 0.000000 0.000000 0.000000 0.000000 0.000000 0.000000 0.000000 
0.000000 0.000000 0.000000 0.000000 166.041667 166.040420 166.039578 166.038736 166.037894 166.036631 166.035789 166.034947 166.034105 166.032841 166.031999 166.031157 166.030315 166.029473 166.028631 166.027789 166.026947 166.026526 166.025684 166.024842 166.024421 166.023579 166.023157 166.022736 166.022736 166.023157 166.023579 166.024000 166.025263 166.026947 166.029894 166.034105 166.040420 0.000000 0.000000 0.000000 0.000000 
0.000000 166.041667 166.040420 166.039578 166.038315 166.037473 166.036631 166.035368 166.034526 166.033263 166.032420 166.031157 166.030315 166.029052 166.028210 166.026947 166.026105 166.025263 166.024000 166.023157 166.021894 166.021052 166.019789 166.018947 166.017684 166.016842 166.016000 166.014737 166.013894 166.012631 166.011789 166.010947 166.010105 166.009263 166.008421 166.008000 166.007579 166.008000 166.009684 166.015579 0.000000 
166.041667 166.040841 166.039578 166.038736 166.037473 166.036631 166.035368 166.034526 166.033263 166.032420 166.031157 166.030315 166.029052 166.028210 166.026947 166.026105 166.024842 166.024000 166.022736 166.021894 166.020631 166.019789 166.018526 166.017684 166.016421 166.015579 166.014316 166.013473 166.012210 166.011368 166.010105 166.009263 166.008000 166.007158 166.005895 166.005053 166.003789 166.002947 166.001684 166.000842 166.000000 
0.000000 166.041667 166.040420 166.039578 166.038315 166.037473 166.036631 166.035368 166.034526 166.033263 166.032420 166.031157 166.030315 166.029052 166.028210 166.026947 166.026105 166.025263 166.024000 166.023157 166.021894 166.021052 166.019789 166.018947 166.017684 166.016842 166.016000 166.014737 166.013894 166.012631 166.011789 166.010947 166.010105 166.009263 166.008421 166.008000 166.007579 166.008000 166.009684 166.015579 0.000000 
0.000000 0.000000 0.000000 0.000000 166.041667 166.040420 166.039578 166.038736 166.037894 166.036631 166.035789 166.034947 166.034105 166.032841 166.031999 166.031157 166.030315 166.029473 166.028631 166.027789 166.026947 166.026526 166.025684 166.024842 166.024421 166.023579 166.023157 166.022736 166.022736 166.023157 166.023579 166.024000 166.025263 166.026947 166.029894 166.034105 166.040420 0.000000 0.000000 0.000000 0.000000 
0.000000 0.000000 0.000000 0.000000 0.000000 0.000000 0.000000 0.000000 0.000000 0.000000 0.000000 0.000000 166.041262 166.040841 166.039999 166.039578 166.038736 166.038315 166.037894 166.037894 166.037894 166.038315 166.038315 166.038736 166.039578 166.039999 166.041262 0.000000 0.000000 0.000000 0.000000 0.000000 0.000000 0.000000 0.000000 0.000000 0.000000 0.000000 0.000000 0.000000 0.000000 
