test/output/constant/M3M480_S060_A000_WD315.0_WS045.0/M3M480_S060_A000_WD315.0_WS045.0_arrival.asc
ncols         11
nrows         32
xllcorner     425803.990666
yllcorner     12745755.311160
cellsize      100.000000
NODATA_value  0.000000
0.000000 0.000000 0.000000 0.000000 0.000000 0.000000 0.000000 166.039654 166.032100 0.000000 0.000000 
0.000000 0.000000 0.000000 0.000000 0.000000 0.000000 166.032573 166.007081 166.000000 166.016050 0.000000 
0.000000 0.000000 0.000000 0.000000 0.000000 0.000000 166.019827 166.002832 166.000944 166.014162 0.000000 
0.000000 0.000000 0.000000 0.000000 0.000000 166.032573 166.012746 166.002832 166.002360 166.014162 166.041667 
0.000000 0.000000 0.000000 0.000000 0.000000 166.024547 166.009441 166.003777 166.003777 166.014634 166.040126 
0.000000 0.000000 0.000000 0.000000 166.036821 166.019355 166.008497 166.005193 166.005193 166.016522 166.040126 
0.000000 0.000000 0.000000 0.000000 166.030684 166.016050 166.008497 166.006609 166.007081 166.018411 166.039654 
0.000000 0.000000 0.000000 0.000000 166.025964 166.014634 166.008969 166.008025 166.008969 166.019827 166.040126 
0.000000 0.000000 0.000000 166.036821 166.022659 166.014162 166.009441 166.009441 166.011330 166.022187 166.040598 
0.000000 0.000000 0.000000 166.033045 166.020771 166.014162 166.010858 166.010858 166.013218 166.024547 0.000000 
0.000000 0.000000 0.000000 166.029740 166.019827 166.014162 166.012274 166.012274 166.015578 166.026908 0.000000 
0.000000 0.000000 166.039654 166.027380 166.019355 166.014634 166.013690 166.013690 166.017466 166.028796 0.000000 
0.000000 0.000000 166.036349 166.025964 166.019355 166.015578 166.015106 166.015578 166.019827 166.031156 0.000000 
0.000000 0.000000 166.034461 166.025492 166.019827 166.016522 166.016522 166.017466 166.022187 166.033517 0.000000 
0.000000 0.000000 166.032573 166.025020 166.020299 166.017939 166.017939 166.019355 166.024075 166.035405 0.000000 
0.000000 166.041070 166.031628 166.025020 166.020771 166.019355 166.019355 166.021243 166.026436 166.037765 0.000000 
0.000000 166.038709 166.030684 166.025020 166.021243 166.020771 166.020771 166.023131 166.028324 166.039654 0.000000 
0.000000 166.037765 166.030212 166.025492 166.022187 166.022187 166.022187 166.025020 166.030684 0.000000 0.000000 
0.000000 166.036821 166.030212 166.025964 166.023603 166.023603 166.024075 166.027380 166.033045 0.000000 0.000000 
0.000000 166.036349 166.030684 166.026436 166.025020 166.025020 166.025964 166.029268 166.035405 0.000000 0.000000 
0.000000 166.035877 166.030684 166.027380 166.026436 166.026436 166.027380 166.031628 166.037293 0.000000 0.000000 
0.000000 166.035877 166.031156 166.028324 166.027852 166.027852 166.029268 166.033517 166.039654 0.000000 0.000000 
166.041542 166.035877 166.031628 166.029268 166.029268 166.029268 166.031156 166.035405 166.041667 0.000000 0.000000 
166.041542 166.036349 166.032573 166.030684 166.030684 166.030684 166.033045 166.037765 0.000000 0.000000 0.000000 
166.041542 166.036821 166.033517 166.032100 166.032100 166.032573 166.034933 166.040126 0.000000 0.000000 0.000000 
166.041542 166.036821 166.033989 166.033517 166.033517 166.033989 166.037293 0.000000 0.000000 0.000000 0.000000 
166.041667 166.037765 166.034933 166.034933 166.034933 166.035877 166.039181 0.000000 0.000000 0.000000 0.000000 
0.000000 166.038709 166.036349 166.036349 166.036349 166.037765 166.041070 0.000000 0.000000 0.000000 0.000000 
0.000000 166.039181 166.037765 166.037765 166.037765 166.039654 0.000000 0.000000 0.000000 0.000000 0.000000 
0.000000 166.040126 166.039181 166.039181 166.039181 166.041542 0.000000 0.000000 0.000000 0.000000 0.000000 
0.000000 166.041070 166.040598 166.040598 166.041070 0.000000 0.000000 0.000000 0.000000 0.000000 0.000000 
0.000000 0.000000 166.041667 166.041667 0.000000 0.000000 0.000000 0.000000 0.000000 0.000000 0.000000 
