test/output/constant/M185_S060_A270_WD180.0_WS040.0/M185_S060_A270_WD180.0_WS040.0_arrival.asc
ncols         5
nrows         40
xllcorner     426403.990666
yllcorner     12748755.311160
cellsize      100.000000
NODATA_value  0.000000
0.000000 0.000000 166.041667 0.000000 0.000000 
0.000000 166.041667 166.040481 166.041667 0.000000 
0.000000 166.040481 166.039620 166.040481 0.000000 
0.000000 166.039620 166.038328 166.039620 0.000000 
0.000000 166.038328 166.037467 166.038328 0.000000 
166.041342 166.037467 166.036175 166.037467 166.041342 
166.040050 166.036175 166.035313 166.036175 166.040050 
166.039189 166.035313 166.034021 166.035313 166.039189 
166.038328 166.034021 166.033160 166.034021 166.038328 
166.037036 166.033160 166.031868 166.033160 166.037036 
166.036175 166.031868 166.031007 166.031868 166.036175 
166.035313 166.031007 166.029715 166.031007 166.035313 
166.034452 166.030145 166.028854 166.030145 166.034452 
166.033591 166.028854 166.027562 166.028854 166.033591 
166.032729 166.027992 166.026700 166.027992 166.032729 
166.031868 166.026700 166.025408 166.026700 166.031868 
166.031437 166.025839 166.024547 166.025839 166.031437 
166.030576 166.024978 166.023255 166.024978 166.030576 
166.029715 166.023686 166.022394 166.023686 166.029715 
166.028854 166.022824 166.021102 166.022824 166.028854 
166.028423 166.021532 166.020241 166.021532 166.028423 
166.027562 166.020671 166.018949 166.020671 166.027562 
166.026700 166.019379 166.018087 166.019379 166.026700 
166.026270 166.018518 166.016795 166.018518 166.026270 
166.025839 166.017657 166.015934 166.017657 166.025839 
166.025839 166.016365 166.014642 166.016365 166.025839 
166.025839 166.015503 166.013781 166.015503 166.025839 
166.025839 166.014211 166.012489 166.014211 166.025839 
166.026700 166.013350 166.011628 166.013350 166.026700 
166.027562 166.012489 166.010336 166.012489 166.027562 
166.028423 166.011628 166.009474 166.011628 166.028423 
166.030145 166.010766 166.008182 166.010766 166.030145 
166.032729 166.009905 166.007321 166.009905 166.032729 
166.035744 166.009044 166.006029 166.009044 166.035744 
166.040912 166.008613 166.005168 166.008613 166.040912 
0.000000 166.008613 166.003876 166.008613 0.000000 
0.000000 166.009905 166.003015 166.009905 0.000000 
0.000000 166.012058 166.001723 166.012058 0.000000 
0.000000 166.019379 166.000861 166.019379 0.000000 
0.000000 0.000000 166.000000 0.000000 0.000000 
