test/output/constant/M4100_S060_A000_WD315.0_WS050.0/M4100_S060_A000_WD315.0_WS050.0_arrival.asc
ncols         8
nrows         28
xllcorner     426403.990666
yllcorner     12746055.311160
cellsize      100.000000
NODATA_value  0.000000
0.000000 166.021991 166.000000 166.014137 0.000000 0.000000 0.000000 0.000000 
0.000000 166.014661 166.001047 166.005759 166.038222 0.000000 0.000000 0.000000 
0.000000 166.013090 166.002618 166.004712 166.025132 0.000000 0.000000 0.000000 
0.000000 166.013090 166.004189 166.005236 166.018849 0.000000 0.000000 0.000000 
166.039269 166.013090 166.005759 166.005759 166.015708 166.038222 0.000000 0.000000 
166.037175 166.014661 166.007330 166.007330 166.014661 166.031939 0.000000 0.000000 
166.036128 166.015708 166.008901 166.008901 166.014137 166.028274 0.000000 0.000000 
166.036651 166.017278 166.010472 166.010472 166.014137 166.025656 0.000000 0.000000 
166.036128 166.018849 166.012043 166.012043 166.014661 166.024609 166.041364 0.000000 
166.036651 166.020420 166.013613 166.013613 166.015184 166.023562 166.038222 0.000000 
166.037175 166.021991 166.015184 166.015184 166.016231 166.023038 166.035604 0.000000 
166.038222 166.023562 166.017278 166.016755 166.017802 166.023038 166.034557 0.000000 
166.039269 166.025132 166.018849 166.018326 166.018326 166.023562 166.033510 0.000000 
166.040316 166.026703 166.020420 166.019373 166.019896 166.024085 166.032986 0.000000 
166.041667 166.028797 166.022514 166.020944 166.021467 166.024609 166.032463 0.000000 
0.000000 166.030368 166.024085 166.022514 166.022514 166.025656 166.031939 0.000000 
0.000000 166.031939 166.026180 166.024085 166.024085 166.026703 166.032463 0.000000 
0.000000 166.034033 166.027750 166.025656 166.025656 166.027750 166.032463 166.041667 
0.000000 166.035604 166.029321 166.027227 166.027227 166.028797 166.033510 166.041364 
0.000000 166.037699 166.031415 166.028797 166.028797 166.029845 166.034033 166.041364 
0.000000 166.039269 166.032986 166.030892 166.030368 166.030892 166.035081 166.041364 
0.000000 166.041364 166.035081 166.032463 166.031939 166.032463 166.035604 166.041364 
0.000000 0.000000 166.036651 166.034033 166.033510 166.033510 166.036651 0.000000 
0.000000 0.000000 166.038746 166.035604 166.035081 166.035081 166.037699 0.000000 
0.000000 0.000000 166.040316 166.037175 166.036651 166.036651 166.038746 0.000000 
0.000000 0.000000 0.000000 166.038746 166.038222 166.038222 166.040316 0.000000 
0.000000 0.000000 0.000000 166.040316 166.039793 166.039793 166.041364 0.000000 
0.000000 0.000000 0.000000 0.000000 166.041364 166.041364 0.000000 0.000000 
