test/output/constant/M375_S060_A180_WD135.0_WS020.0/M375_S060_A180_WD135.0_WS020.0_arrival.asc
ncols         26
nrows         17
xllcorner     426503.990666
yllcorner     12748655.311160
cellsize      100.000000
NODATA_value  0.000000
0.000000 0.000000 0.000000 0.000000 0.000000 0.000000 0.000000 0.000000 0.000000 0.000000 0.000000 0.000000 0.000000 0.000000 0.000000 0.000000 0.000000 0.000000 0.000000 0.000000 0.000000 166.041410 166.040843 166.040843 166.041410 166.041667 
0.000000 0.000000 0.000000 0.000000 0.000000 0.000000 0.000000 0.000000 0.000000 0.000000 0.000000 0.000000 0.000000 0.000000 0.000000 0.000000 0.000000 166.041667 166.039708 166.039141 166.038574 166.038007 166.038574 166.038574 166.039708 166.040276 
0.000000 0.000000 0.000000 0.000000 0.000000 0.000000 0.000000 0.000000 0.000000 0.000000 0.000000 0.000000 0.000000 0.000000 0.000000 166.040843 166.038574 166.036305 166.035738 166.035170 166.035170 166.035738 166.036305 166.037439 166.038574 166.040276 
0.000000 0.000000 0.000000 0.000000 0.000000 0.000000 0.000000 0.000000 0.000000 0.000000 0.000000 0.000000 0.000000 166.039708 166.036872 166.035170 166.033468 166.032901 166.032334 166.032901 166.032901 166.034036 166.035170 166.036872 166.038574 166.040843 
0.000000 0.000000 0.000000 0.000000 0.000000 0.000000 0.000000 0.000000 0.000000 0.000000 0.000000 166.040276 166.036305 166.033468 166.031199 166.030065 166.030065 166.029498 166.030065 166.030632 166.031767 166.033468 166.035170 166.036872 166.039141 166.041410 
0.000000 0.000000 0.000000 0.000000 0.000000 0.000000 0.000000 0.000000 0.000000 0.000000 166.036305 166.032334 166.030065 166.027796 166.027229 166.027229 166.027229 166.027229 166.028363 166.030065 166.031767 166.033468 166.035738 166.038007 166.040843 0.000000 
0.000000 0.000000 0.000000 0.000000 0.000000 0.000000 0.000000 0.000000 166.038574 166.032334 166.028930 166.026094 166.024960 166.024392 166.024392 166.024392 166.024960 166.026661 166.028363 166.030065 166.032334 166.034603 166.037439 166.040276 0.000000 0.000000 
0.000000 0.000000 0.000000 0.000000 0.000000 0.000000 0.000000 166.034603 166.028363 166.024960 166.022690 166.021556 166.021556 166.021556 166.022123 166.023258 166.024960 166.026661 166.028930 166.031199 166.034036 166.036872 166.040276 0.000000 0.000000 0.000000 
0.000000 0.000000 0.000000 0.000000 0.000000 166.040276 166.031199 166.024960 166.021556 166.019287 166.018720 166.018720 166.018720 166.019854 166.021556 166.023258 166.025527 166.027796 166.030632 166.033468 166.036872 166.040843 0.000000 0.000000 0.000000 0.000000 
0.000000 0.000000 0.000000 0.000000 166.037439 166.027796 166.020989 166.017585 166.015883 166.015883 166.015883 166.016451 166.018152 166.019854 166.021556 166.024392 166.027229 166.030065 166.034036 166.037439 166.041410 0.000000 0.000000 0.000000 0.000000 0.000000 
0.000000 0.000000 0.000000 166.035170 166.024392 166.017585 166.014182 166.013047 166.013047 166.013614 166.014749 166.016451 166.018152 166.020989 166.023825 166.027229 166.030632 166.034603 166.039141 0.000000 0.000000 0.000000 0.000000 0.000000 0.000000 0.000000 
0.000000 0.000000 166.034036 166.020989 166.013614 166.010778 166.010211 166.010211 166.011345 166.013047 166.014749 166.017585 166.020421 166.023825 166.027796 166.031767 166.036305 166.040843 0.000000 0.000000 0.000000 0.000000 0.000000 0.000000 0.000000 0.000000 
0.000000 166.035170 166.018720 166.009643 166.007374 166.007374 166.007942 166.009643 166.011345 166.013614 166.017018 166.020989 166.024960 166.029498 166.033468 166.038574 0.000000 0.000000 0.000000 0.000000 0.000000 0.000000 0.000000 0.000000 0.000000 0.000000 
0.000000 166.017585 166.006240 166.004538 166.004538 166.006240 166.007942 166.010211 166.013614 166.017585 166.022123 166.027229 166.031767 166.036872 0.000000 0.000000 0.000000 0.000000 0.000000 0.000000 0.000000 0.000000 0.000000 0.000000 0.000000 0.000000 
166.026094 166.002269 166.001702 166.002836 166.004538 166.006807 166.010778 166.015316 166.020421 166.025527 166.031199 166.036872 0.000000 0.000000 0.000000 0.000000 0.000000 0.000000 0.000000 0.000000 0.000000 0.000000 0.000000 0.000000 0.000000 0.000000 
166.019854 166.000000 166.001135 166.003971 166.008509 166.014182 166.019854 166.026094 166.031767 166.037439 0.000000 0.000000 0.000000 0.000000 0.000000 0.000000 0.000000 0.000000 0.000000 0.000000 0.000000 0.000000 0.000000 0.000000 0.000000 0.000000 
166.031199 166.019854 166.020989 166.024392 166.028363 166.034036 166.040276 0.000000 0.000000 0.000000 0.000000 0.000000 0.000000 0.000000 0.000000 0.000000 0.000000 0.000000 0.000000 0.000000 0.000000 0.000000 0.000000 0.000000 0.000000 0.000000 
