test/output/constant/M3M465_S060_A090_WD045.0_WS010.0/M3M465_S060_A090_WD045.0_WS010.0_arrival.asc
ncols         10
nrows         40
xllcorner     425803.990666
yllcorner     12744855.311160
cellsize      100.000000
NODATA_value  0.000000
0.000000 0.000000 0.000000 0.000000 0.000000 0.000000 0.000000 166.014232 166.000000 166.030976 
0.000000 0.000000 0.000000 0.000000 0.000000 0.000000 166.037255 166.003349 166.000837 166.020930 
0.000000 0.000000 0.000000 0.000000 0.000000 0.000000 166.019674 166.002930 166.001674 166.017999 
0.000000 0.000000 0.000000 0.000000 0.000000 166.041022 166.012558 166.002930 166.002930 166.017581 
0.000000 0.000000 0.000000 0.000000 0.000000 166.028883 166.009209 166.003767 166.003767 166.017999 
0.000000 0.000000 0.000000 0.000000 0.000000 166.021767 166.008372 166.005023 166.005442 166.019255 
0.000000 0.000000 0.000000 0.000000 166.038929 166.017999 166.007953 166.006279 166.007116 166.020092 
0.000000 0.000000 0.000000 0.000000 166.031813 166.015069 166.008372 166.007116 166.008372 166.021767 
0.000000 0.000000 0.000000 0.000000 166.026790 166.013814 166.008790 166.008372 166.010465 166.023860 
0.000000 0.000000 0.000000 166.041441 166.023441 166.013814 166.009209 166.009209 166.012139 166.025534 
0.000000 0.000000 0.000000 166.036417 166.021348 166.013395 166.010465 166.010465 166.013814 166.027208 
0.000000 0.000000 0.000000 166.032232 166.019674 166.013395 166.011302 166.011721 166.015488 166.028883 
0.000000 0.000000 0.000000 166.029301 166.019255 166.013814 166.012558 166.012976 166.017581 166.030976 
0.000000 0.000000 166.041441 166.027208 166.018837 166.014232 166.013395 166.014232 166.019255 166.032650 
0.000000 0.000000 166.038092 166.025953 166.018837 166.015069 166.014651 166.015488 166.020930 166.034324 
0.000000 0.000000 166.035162 166.025115 166.018837 166.015906 166.015488 166.017162 166.023023 166.035999 
0.000000 0.000000 166.033069 166.024697 166.018837 166.016744 166.016744 166.018837 166.024697 166.038092 
0.000000 0.000000 166.031813 166.024278 166.019255 166.017999 166.017999 166.020511 166.026371 166.039766 
0.000000 166.041022 166.030557 166.023860 166.020092 166.018837 166.019255 166.022185 166.028464 166.041667 
0.000000 166.038929 166.030139 166.023860 166.020511 166.020092 166.020511 166.023441 166.030139 0.000000 
0.000000 166.037673 166.029720 166.024278 166.021348 166.020930 166.021767 166.025115 166.031813 0.000000 
0.000000 166.036417 166.029720 166.024697 166.022185 166.022185 166.023023 166.026790 166.033906 0.000000 
0.000000 166.035999 166.029301 166.025115 166.023023 166.023023 166.024697 166.028464 166.035580 0.000000 
0.000000 166.035580 166.029301 166.025534 166.024278 166.024278 166.025953 166.030557 166.037255 0.000000 
0.000000 166.035162 166.029301 166.026371 166.025115 166.025534 166.027627 166.032232 166.039348 0.000000 
166.041441 166.034743 166.029720 166.026790 166.026371 166.026790 166.029301 166.033906 166.041022 0.000000 
166.041022 166.034743 166.030139 166.027627 166.027627 166.028046 166.030557 166.035999 0.000000 0.000000 
166.041022 166.034743 166.030557 166.028464 166.028464 166.029301 166.032232 166.037673 0.000000 0.000000 
166.040603 166.034743 166.031394 166.029720 166.029720 166.030557 166.033906 166.039348 0.000000 0.000000 
166.040185 166.035162 166.031813 166.030557 166.030557 166.031813 166.035580 166.041022 0.000000 0.000000 
166.039766 166.035162 166.032650 166.031813 166.031813 166.033487 166.037255 0.000000 0.000000 0.000000 
166.039766 166.035580 166.033069 166.032650 166.033069 166.034743 166.038510 0.000000 0.000000 0.000000 
166.040185 166.036417 166.033906 166.033906 166.034324 166.036417 166.040185 0.000000 0.000000 0.000000 
166.040185 166.036836 166.035162 166.034743 166.035580 166.037673 166.041667 0.000000 0.000000 0.000000 
166.040603 166.037673 166.035999 166.035999 166.036836 166.039348 0.000000 0.000000 0.000000 0.000000 
166.041022 166.038092 166.036836 166.037255 166.038092 166.041022 0.000000 0.000000 0.000000 0.000000 
166.041441 166.038929 166.038092 166.038092 166.039348 0.000000 0.000000 0.000000 0.000000 0.000000 
0.000000 166.039766 166.039348 166.039348 166.040603 0.000000 0.000000 0.000000 0.000000 0.000000 
0.000000 166.040603 166.040185 166.040603 0.000000 0.000000 0.000000 0.000000 0.000000 0.000000 
0.000000 166.041441 166.041441 166.041667 0.000000 0.000000 0.000000 0.000000 0.000000 0.000000 
