test/output/constant/M3M465_S060_A090_WD045.0_WS010.0/M3M465_S060_A090_WD045.0_WS010.0_ros.asc
ncols         10
nrows         40
xllcorner     425803.990666
yllcorner     12744855.311160
cellsize      100.000000
NODATA_value  0.000000
0.000000 0.000000 0.000000 0.000000 0.000000 0.000000 0.000000 0.462458 -1.000000 0.593297 
0.000000 0.000000 0.000000 0.000000 0.000000 0.000000 0.614166 45.159290 66.051826 18.408083 
0.000000 0.000000 0.000000 0.000000 0.000000 0.000000 39.723606 66.051826 66.051826 13.661166 
0.000000 0.000000 0.000000 0.000000 0.000000 1.215731 1.215731 66.051826 62.268223 13.661166 
0.000000 0.000000 0.000000 0.000000 0.000000 1.770573 45.159290 66.051826 64.473320 34.774830 
0.000000 0.000000 0.000000 0.000000 0.000000 45.159290 45.159290 66.051826 40.386467 34.774830 
0.000000 0.000000 0.000000 0.000000 45.159290 1.770573 61.939667 66.051826 18.408083 34.774830 
0.000000 0.000000 0.000000 0.000000 39.723606 45.159290 66.051826 66.051826 45.792137 34.774830 
0.000000 0.000000 0.000000 0.000000 45.159290 45.159290 66.051826 66.051826 23.616257 13.661166 
0.000000 0.000000 0.000000 45.159290 45.159290 45.159290 66.051826 64.473320 13.661166 40.386467 
0.000000 0.000000 0.000000 1.770573 50.245319 66.051826 66.051826 50.827694 40.386467 18.408083 
0.000000 0.000000 0.000000 45.159290 45.159290 66.051826 66.051826 45.792137 40.386467 40.386467 
0.000000 0.000000 0.000000 45.159290 45.159290 66.051826 66.051826 23.616257 29.127609 23.616257 
0.000000 0.000000 50.245319 1.770573 45.159290 66.051826 66.051826 40.386467 34.774830 13.661166 
0.000000 0.000000 3.359311 0.614166 66.051826 66.051826 66.051826 59.192738 40.386467 13.661166 
0.000000 0.000000 45.159290 3.359311 66.051826 66.051826 66.051826 34.774830 34.774830 40.386467 
0.000000 0.000000 45.159290 50.245319 58.765053 66.051826 65.741112 34.774830 34.774830 34.774830 
0.000000 0.000000 1.770573 45.159290 66.051826 66.051826 55.340237 40.386467 40.386467 34.774830 
0.000000 50.245319 50.245319 61.939667 66.051826 66.051826 29.127609 23.616257 23.616257 40.386467 
0.000000 50.245319 45.159290 64.254311 66.051826 66.051826 29.127609 50.827694 40.386467 0.000000 
0.000000 50.245319 45.159290 66.051826 66.051826 66.051826 40.386467 40.386467 34.774830 0.000000 
0.000000 50.245319 3.359311 66.051826 66.051826 34.774830 50.827694 40.386467 13.661166 0.000000 
0.000000 5.826610 66.051826 66.051826 66.051826 66.051826 18.408083 50.827694 34.774830 0.000000 
0.000000 3.359311 66.051826 65.638573 66.051826 66.051826 40.386467 23.616257 40.386467 0.000000 
0.000000 45.159290 64.254311 66.051826 66.051826 34.774830 40.386467 34.774830 18.408083 0.000000 
45.159290 45.159290 66.051826 66.051826 66.051826 23.616257 29.127609 40.386467 34.774830 0.000000 
45.159290 66.051826 66.051826 66.051826 66.051826 65.741112 45.792137 34.774830 0.000000 0.000000 
3.359311 66.051826 66.051826 66.051826 66.051826 34.774830 40.386467 23.616257 0.000000 0.000000 
45.159290 66.051826 66.051826 66.051826 66.051826 55.340237 40.386467 34.774830 0.000000 0.000000 
45.159290 66.051826 66.051826 66.051826 66.051826 66.051826 40.386467 40.386467 0.000000 0.000000 
61.939667 61.939667 66.051826 66.051826 55.340237 29.127609 18.408083 0.000000 0.000000 0.000000 
66.051826 66.051826 58.765053 66.051826 66.051826 40.386467 50.827694 0.000000 0.000000 0.000000 
66.051826 66.051826 64.254311 66.051826 23.616257 40.386467 34.774830 0.000000 0.000000 0.000000 
66.051826 66.051826 66.051826 66.051826 34.774830 50.827694 50.827694 0.000000 0.000000 0.000000 
66.051826 66.051826 66.051826 66.051826 34.774830 40.386467 0.000000 0.000000 0.000000 0.000000 
66.051826 66.051826 66.051826 18.408083 40.386467 40.386467 0.000000 0.000000 0.000000 0.000000 
66.051826 65.638573 66.051826 66.051826 40.386467 0.000000 0.000000 0.000000 0.000000 0.000000 
0.000000 66.051826 66.051826 40.386467 40.386467 0.000000 0.000000 0.000000 0.000000 0.000000 
0.000000 65.638573 66.051826 40.386467 0.000000 0.000000 0.000000 0.000000 0.000000 0.000000 
0.000000 66.051826 66.051826 29.127609 0.000000 0.000000 0.000000 0.000000 0.000000 0.000000 
