test/output/constant/M385_S060_A090_WD180.0_WS005.0/M385_S060_A090_WD180.0_WS005.0_raz.asc
ncols         11
nrows         44
xllcorner     426103.990666
yllcorner     12744555.311160
cellsize      100.000000
NODATA_value  0.000000
0 0 0 0 0 290 0 0 0 0 0 
0 0 0 0 290 254 69 0 0 0 0 
0 0 0 270 231 180 170 90 0 0 0 
0 0 0 360 231 180 173 69 0 0 0 
0 0 290 189 183 180 170 170 69 0 0 
0 0 290 248 186 180 173 172 69 0 0 
0 0 192 189 183 180 176 172 167 0 0 
0 0 189 189 183 180 176 172 170 0 0 
0 0 189 189 180 180 179 172 170 0 0 
0 190 192 187 180 180 178 169 167 169 0 
0 187 231 181 184 180 175 167 170 172 0 
0 258 248 186 180 180 179 173 169 169 0 
0 189 189 181 187 180 172 172 169 170 0 
0 189 189 180 180 180 176 176 175 170 0 
0 231 182 189 180 180 177 170 128 170 0 
0 192 183 186 189 180 170 173 175 167 0 
0 231 182 183 180 180 179 176 175 170 0 
0 187 187 182 180 180 179 177 172 170 0 
189 187 181 184 180 180 177 175 173 172 170 
189 184 180 180 180 180 177 179 169 172 170 
231 190 184 180 189 180 170 178 175 169 172 
189 182 180 183 180 180 179 176 170 173 169 
248 182 184 187 184 180 175 172 175 175 175 
189 187 180 180 180 180 179 179 177 172 169 
187 180 187 180 183 180 176 175 172 172 169 
182 182 183 180 180 180 169 178 176 169 172 
186 183 183 180 184 180 175 178 176 167 170 
187 186 181 183 180 180 175 176 178 173 172 
183 180 180 180 180 176 177 179 179 176 173 
190 186 183 180 180 180 177 178 176 173 169 
0 182 180 182 180 179 178 177 170 169 0 
0 184 180 180 180 180 177 177 179 175 0 
0 180 182 180 180 176 179 177 177 176 0 
0 190 187 182 180 180 176 177 172 169 0 
0 187 180 180 180 179 179 178 179 172 0 
0 184 180 181 180 180 179 178 173 175 0 
0 183 184 180 180 179 179 169 175 176 0 
0 0 180 180 180 180 179 178 177 0 0 
0 0 180 180 180 176 179 179 177 0 0 
0 0 183 180 180 180 179 179 176 0 0 
0 0 0 186 180 176 179 173 0 0 0 
0 0 0 180 180 180 179 167 0 0 0 
0 0 0 180 180 176 179 178 0 0 0 
0 0 0 0 180 180 179 0 0 0 0 
