test/output/constant/C1_S060_A000_WD270.0_WS050.0/C1_S060_A000_WD270.0_WS050.0_arrival.asc
ncols         30
nrows         7
xllcorner     426603.990666
yllcorner     12748455.311160
cellsize      100.000000
NODATA_value  0.000000
0.000000 0.000000 0.000000 0.000000 0.000000 0.000000 0.000000 0.000000 0.000000 0.000000 166.041341 166.040176 166.039594 166.039012 166.038429 166.038429 166.038429 166.039012 166.039594 166.040176 166.041341 0.000000 0.000000 0.000000 0.000000 0.000000 0.000000 0.000000 0.000000 0.000000 
0.000000 0.000000 0.000000 166.036683 166.030278 166.026784 166.025037 166.023873 166.023291 166.023291 166.023291 166.023873 166.025037 166.025620 166.026784 166.027949 166.028531 166.029695 166.030860 166.032025 166.033189 166.034936 166.036100 166.037265 166.038429 166.040176 166.041341 0.000000 0.000000 0.000000 
166.034354 166.011063 166.008734 166.008152 166.008152 166.009316 166.010481 166.011063 166.012810 166.013974 166.015139 166.016886 166.018050 166.019797 166.020962 166.022126 166.023873 166.025037 166.026784 166.027949 166.029695 166.030860 166.032607 166.033771 166.034936 166.036683 166.037847 166.039594 166.040758 0.000000 
166.000000 166.001165 166.002329 166.004076 166.005240 166.006987 166.008152 166.009898 166.011063 166.012810 166.013974 166.015721 166.016886 166.018632 166.019797 166.021544 166.022708 166.024455 166.025620 166.027366 166.028531 166.030278 166.031442 166.033189 166.034354 166.036100 166.037265 166.039012 166.040176 166.041667 
166.034354 166.011063 166.008734 166.008152 166.008152 166.009316 166.010481 166.011063 166.012810 166.013974 166.015139 166.016886 166.018050 166.019797 166.020962 166.022126 166.023873 166.025037 166.026784 166.027949 166.029695 166.030860 166.032607 166.033771 166.034936 166.036683 166.037847 166.039594 166.040758 0.000000 
0.000000 0.000000 0.000000 166.036683 166.030278 166.026784 166.025037 166.023873 166.023291 166.023291 166.023291 166.023873 166.025037 166.025620 166.026784 166.027949 166.028531 166.029695 166.030860 166.032025 166.033189 166.034936 166.036100 166.037265 166.038429 166.040176 166.041341 0.000000 0.000000 0.000000 
0.000000 0.000000 0.000000 0.000000 0.000000 0.000000 0.000000 0.000000 0.000000 0.000000 166.041341 166.040176 166.039594 166.039012 166.038429 166.038429 166.038429 166.039012 166.039594 166.040176 166.041341 0.000000 0.000000 0.000000 0.000000 0.000000 0.000000 0.000000 0.000000 0.000000 
