test/output/constant/M280_S060_A000_WD045.0_WS015.0/M280_S060_A000_WD045.0_WS015.0_arrival.asc
ncols         25
nrows         9
xllcorner     424203.990666
yllcorner     12748055.311160
cellsize      100.000000
NODATA_value  0.000000
0.000000 0.000000 0.000000 0.000000 0.000000 0.000000 0.000000 0.000000 0.000000 0.000000 0.000000 0.000000 0.000000 0.000000 0.000000 0.000000 0.000000 0.000000 0.000000 0.000000 0.000000 166.041035 166.039732 166.041035 0.000000 
0.000000 0.000000 0.000000 0.000000 0.000000 0.000000 0.000000 0.000000 0.000000 0.000000 0.000000 0.000000 0.000000 166.039081 166.033870 166.029962 166.025403 166.020843 166.016284 166.012376 166.008468 166.005211 166.002605 166.001303 166.000000 
0.000000 0.000000 0.000000 0.000000 0.000000 0.000000 0.000000 0.000000 0.000000 166.040384 166.036475 166.031916 166.028659 166.024751 166.020843 166.017586 166.014330 166.011724 166.009770 166.007816 166.006513 166.004559 166.003257 166.003257 166.013678 
0.000000 0.000000 0.000000 0.000000 0.000000 0.000000 166.041035 166.037127 166.033219 166.029962 166.026705 166.024100 166.020843 166.018889 166.016935 166.014981 166.013027 166.011724 166.009770 166.009119 166.009119 166.009770 166.016935 166.035824 0.000000 
0.000000 0.000000 0.000000 0.000000 166.039732 166.036475 166.033219 166.030613 166.028008 166.025403 166.023448 166.021494 166.020192 166.018238 166.016284 166.014981 166.014981 166.014981 166.015632 166.017586 166.024100 166.035824 0.000000 0.000000 0.000000 
0.000000 0.000000 166.039732 166.037127 166.034521 166.032567 166.030613 166.028659 166.026705 166.025403 166.023448 166.022146 166.020843 166.020192 166.020192 166.020843 166.022146 166.025403 166.031265 166.041667 0.000000 0.000000 0.000000 0.000000 0.000000 
166.041667 166.039081 166.037127 166.035173 166.033870 166.031916 166.029962 166.028659 166.027357 166.026705 166.026054 166.026054 166.026705 166.027357 166.029311 166.033219 166.039081 0.000000 0.000000 0.000000 0.000000 0.000000 0.000000 0.000000 0.000000 
166.040384 166.039081 166.037127 166.035173 166.033870 166.032567 166.032567 166.031916 166.031916 166.031916 166.033219 166.034521 166.036475 166.040384 0.000000 0.000000 0.000000 0.000000 0.000000 0.000000 0.000000 0.000000 0.000000 0.000000 0.000000 
166.040384 166.039732 166.038429 166.037778 166.037778 166.037778 166.037778 166.038429 166.039732 166.041667 0.000000 0.000000 0.000000 0.000000 0.000000 0.000000 0.000000 0.000000 0.000000 0.000000 0.000000 0.000000 0.000000 0.000000 0.000000 
