test/output/constant/M370_S060_A000_WD315.0_WS020.0/M370_S060_A000_WD315.0_WS020.0_intensity.asc
ncols         24
nrows         16
xllcorner     424403.990666
yllcorner     12747355.311160
cellsize      100.000000
NODATA_value  0.000000
0 0 0 0 0 0 0 0 0 0 0 0 0 0 0 0 0 0 8051 5979 4292 5979 4292 1318 
0 0 0 0 0 0 0 0 0 0 0 0 0 0 4292 5979 3026 8051 13131 8051 4292 36942 0 1683 
0 0 0 0 0 0 0 0 0 0 0 0 8051 10457 5979 18972 5979 8051 5979 36535 36942 36942 2748 2244 
0 0 0 0 0 0 0 0 0 0 15997 10457 18972 4292 10457 10457 3026 27661 36942 36942 26268 26268 1683 0 
0 0 0 0 0 0 0 0 0 5979 15997 4292 13131 5979 10457 36939 36942 36942 36942 36126 23414 1919 1683 0 
0 0 0 0 0 0 0 10457 18972 10457 10457 4292 30190 5979 36942 36942 36942 31307 31307 1683 2244 2244 0 0 
0 0 0 0 0 0 8051 10457 10457 5979 24892 10457 36942 36942 36942 36942 34963 26268 5216 3774 2244 0 0 0 
0 0 0 0 10457 8051 4292 4292 5979 36939 36942 36942 36942 36942 36942 5216 31307 2244 1919 1683 0 0 0 0 
0 0 0 5979 8051 10457 10457 32402 34232 36942 36942 36942 36942 31307 34963 28926 2748 2244 1919 0 0 0 0 0 
0 0 4292 30190 30190 32402 36939 36942 36942 36942 36942 34963 34963 2244 31307 3774 1683 0 0 0 0 0 0 0 
0 32402 24892 8051 34232 36942 36942 36942 36942 36942 36126 34963 3774 1919 23414 1683 0 0 0 0 0 0 0 0 
0 36535 24892 13131 36942 36942 36942 36942 17468 33340 28926 1683 2748 1683 0 0 0 0 0 0 0 0 0 0 
36942 27661 36942 36942 36942 34963 36942 33340 33340 33340 2748 26268 5216 0 0 0 0 0 0 0 0 0 0 0 
36942 36942 36942 36942 36942 31307 33340 36942 31307 1919 23414 0 0 0 0 0 0 0 0 0 0 0 0 0 
36942 36942 36942 36942 31307 33340 2748 31307 0 0 0 0 0 0 0 0 0 0 0 0 0 0 0 0 
36942 36942 36942 36126 33340 0 0 0 0 0 0 0 0 0 0 0 0 0 0 0 0 0 0 0 
