test/output/constant/M370_S060_A000_WD315.0_WS020.0/M370_S060_A000_WD315.0_WS020.0_ros.asc
ncols         24
nrows         16
xllcorner     424403.990666
yllcorner     12747355.311160
cellsize      100.000000
NODATA_value  0.000000
0.000000 0.000000 0.000000 0.000000 0.000000 0.000000 0.000000 0.000000 0.000000 0.000000 0.000000 0.000000 0.000000 0.000000 0.000000 0.000000 0.000000 0.000000 9.382339 6.967260 5.002180 6.967260 5.002180 1.536489 
0.000000 0.000000 0.000000 0.000000 0.000000 0.000000 0.000000 0.000000 0.000000 0.000000 0.000000 0.000000 0.000000 0.000000 5.002180 6.967260 3.527122 9.382339 15.302350 9.382339 5.002180 43.048065 0.000000 1.961471 
0.000000 0.000000 0.000000 0.000000 0.000000 0.000000 0.000000 0.000000 0.000000 0.000000 0.000000 0.000000 9.382339 12.186234 6.967260 22.107834 6.967260 9.382339 6.967260 42.574341 43.048065 43.048065 3.202407 2.615845 
0.000000 0.000000 0.000000 0.000000 0.000000 0.000000 0.000000 0.000000 0.000000 0.000000 18.642006 12.186234 22.107834 5.002180 12.186234 12.186234 3.527122 32.232952 43.048065 43.048065 30.610050 30.610050 1.961471 0.000000 
0.000000 0.000000 0.000000 0.000000 0.000000 0.000000 0.000000 0.000000 0.000000 6.967260 18.642006 5.002180 15.302350 6.967260 12.186234 43.044960 43.048065 43.048065 43.048065 42.097836 27.284908 2.236678 1.961471 0.000000 
0.000000 0.000000 0.000000 0.000000 0.000000 0.000000 0.000000 12.186234 22.107834 12.186234 12.186234 5.002180 35.179832 6.967260 43.048065 43.048065 43.048065 36.482124 36.482124 1.961471 2.615845 2.615845 0.000000 0.000000 
0.000000 0.000000 0.000000 0.000000 0.000000 0.000000 9.382339 12.186234 12.186234 6.967260 29.006445 12.186234 43.048065 43.048065 43.048065 43.048065 40.742180 30.610050 6.078733 4.398447 2.615845 0.000000 0.000000 0.000000 
0.000000 0.000000 0.000000 0.000000 12.186234 9.382339 5.002180 5.002180 6.967260 43.044960 43.048065 43.048065 43.048065 43.048065 43.048065 6.078733 36.482124 2.615845 2.236678 1.961471 0.000000 0.000000 0.000000 0.000000 
0.000000 0.000000 0.000000 6.967260 9.382339 12.186234 12.186234 37.758282 39.890522 43.048065 43.048065 43.048065 43.048065 36.482124 40.742180 33.707050 3.202407 2.615845 2.236678 0.000000 0.000000 0.000000 0.000000 0.000000 
0.000000 0.000000 5.002180 35.179832 35.179832 37.758282 43.044960 43.048065 43.048065 43.048065 43.048065 40.742180 40.742180 2.615845 36.482124 4.398447 1.961471 0.000000 0.000000 0.000000 0.000000 0.000000 0.000000 0.000000 
0.000000 37.758282 29.006445 9.382339 39.890522 43.048065 43.048065 43.048065 43.048065 43.048065 42.097836 40.742180 4.398447 2.236678 27.284908 1.961471 0.000000 0.000000 0.000000 0.000000 0.000000 0.000000 0.000000 0.000000 
0.000000 42.574341 29.006445 15.302350 43.048065 43.048065 43.048065 43.048065 20.355865 38.851128 33.707050 1.961471 3.202407 1.961471 0.000000 0.000000 0.000000 0.000000 0.000000 0.000000 0.000000 0.000000 0.000000 0.000000 
43.048065 32.232952 43.048065 43.048065 43.048065 40.742180 43.048065 38.851128 38.851128 38.851128 3.202407 30.610050 6.078733 0.000000 0.000000 0.000000 0.000000 0.000000 0.000000 0.000000 0.000000 0.000000 0.000000 0.000000 
43.048065 43.048065 43.048065 43.048065 43.048065 36.482124 38.851128 43.048065 36.482124 2.236678 27.284908 0.000000 0.000000 0.000000 0.000000 0.000000 0.000000 0.000000 0.000000 0.000000 0.000000 0.000000 0.000000 0.000000 
43.048065 43.048065 43.048065 43.048065 36.482124 38.851128 3.202407 36.482124 0.000000 0.000000 0.000000 0.000000 0.000000 0.000000 0.000000 0.000000 0.000000 0.000000 0.000000 0.000000 0.000000 0.000000 0.000000 0.000000 
43.048065 43.048065 43.048065 42.097836 38.851128 0.000000 0.000000 0.000000 0.000000 0.000000 0.000000 0.000000 0.000000 0.000000 0.000000 0.000000 0.000000 0.000000 0.000000 0.000000 0.000000 0.000000 0.000000 0.000000 
