test/output/constant/M3M445_S060_A270_WD135.0_WS020.0/M3M445_S060_A270_WD135.0_WS020.0_arrival.asc
ncols         10
nrows         30
xllcorner     425703.990666
yllcorner     12748755.311160
cellsize      100.000000
NODATA_value  0.000000
166.040938 166.040938 0.000000 0.000000 0.000000 0.000000 0.000000 0.000000 0.000000 0.000000 
166.039860 166.039322 166.039860 0.000000 0.000000 0.000000 0.000000 0.000000 0.000000 0.000000 
166.039322 166.038244 166.038244 166.040938 0.000000 0.000000 0.000000 0.000000 0.000000 0.000000 
166.039322 166.036628 166.036628 166.038244 0.000000 0.000000 0.000000 0.000000 0.000000 0.000000 
166.039322 166.035551 166.035012 166.036090 166.040399 0.000000 0.000000 0.000000 0.000000 0.000000 
166.039322 166.035012 166.033935 166.034474 166.037706 0.000000 0.000000 0.000000 0.000000 0.000000 
166.039322 166.034474 166.032319 166.032319 166.035012 166.041476 0.000000 0.000000 0.000000 0.000000 
166.040399 166.034474 166.031242 166.030703 166.032319 166.037706 0.000000 0.000000 0.000000 0.000000 
166.041476 166.034474 166.030165 166.029626 166.030165 166.034474 0.000000 0.000000 0.000000 0.000000 
0.000000 166.035012 166.030165 166.028010 166.028549 166.031780 166.039860 0.000000 0.000000 0.000000 
0.000000 166.036090 166.030165 166.026933 166.026933 166.029087 166.036090 0.000000 0.000000 0.000000 
0.000000 166.037706 166.030165 166.025855 166.025317 166.026394 166.032319 0.000000 0.000000 0.000000 
0.000000 166.039860 166.030703 166.025317 166.023701 166.024239 166.028549 166.038783 0.000000 0.000000 
0.000000 0.000000 166.031780 166.025317 166.022623 166.022623 166.025855 166.034474 0.000000 0.000000 
0.000000 0.000000 166.033935 166.025317 166.021007 166.021007 166.022623 166.030703 0.000000 0.000000 
0.000000 0.000000 166.036628 166.026394 166.021007 166.019391 166.020469 166.026933 166.040399 0.000000 
0.000000 0.000000 166.040938 166.028010 166.021007 166.018314 166.018314 166.023162 166.035551 0.000000 
0.000000 0.000000 0.000000 166.030165 166.021007 166.016698 166.016698 166.019930 166.030703 0.000000 
0.000000 0.000000 0.000000 166.034474 166.022085 166.016160 166.015082 166.016698 166.026394 0.000000 
0.000000 0.000000 0.000000 166.041476 166.024239 166.016160 166.014005 166.014544 166.021546 166.040399 
0.000000 0.000000 0.000000 0.000000 166.028010 166.016698 166.012389 166.012389 166.017776 166.035012 
0.000000 0.000000 0.000000 0.000000 166.035012 166.017776 166.011850 166.010773 166.014005 166.029626 
0.000000 0.000000 0.000000 0.000000 0.000000 166.021546 166.011850 166.009696 166.010773 166.024239 
0.000000 0.000000 0.000000 0.000000 0.000000 166.028010 166.012389 166.008080 166.008080 166.018853 
0.000000 0.000000 0.000000 0.000000 0.000000 166.039860 166.014544 166.007002 166.006464 166.013466 
0.000000 0.000000 0.000000 0.000000 0.000000 0.000000 166.022085 166.007002 166.005387 166.008618 
0.000000 0.000000 0.000000 0.000000 0.000000 0.000000 166.036090 166.008080 166.003771 166.004848 
0.000000 0.000000 0.000000 0.000000 0.000000 0.000000 0.000000 166.016160 166.002693 166.002155 
0.000000 0.000000 0.000000 0.000000 0.000000 0.000000 0.000000 166.039322 166.002693 166.001077 
0.000000 0.000000 0.000000 0.000000 0.000000 0.000000 0.000000 0.000000 166.013466 166.000000 
