test/output/constant/M380_S060_A090_WD315.0_WS010.0/M380_S060_A090_WD315.0_WS010.0_ros.asc
ncols         13
nrows         52
xllcorner     426403.990666
yllcorner     12743655.311160
cellsize      100.000000
NODATA_value  0.000000
0.000000 0.515666 -1.000000 44.559795 0.000000 0.000000 0.000000 0.000000 0.000000 0.000000 0.000000 0.000000 0.000000 
0.000000 23.964262 86.120865 1.010756 1.010756 0.000000 0.000000 0.000000 0.000000 0.000000 0.000000 0.000000 0.000000 
0.000000 17.754223 86.120865 80.835976 0.688546 0.000000 0.000000 0.000000 0.000000 0.000000 0.000000 0.000000 0.000000 
0.000000 45.356476 86.120865 85.609085 65.624367 0.688546 0.000000 0.000000 0.000000 0.000000 0.000000 0.000000 0.000000 
0.000000 30.774485 86.120865 85.977829 65.624367 0.688546 0.000000 0.000000 0.000000 0.000000 0.000000 0.000000 0.000000 
23.964262 17.754223 37.978130 86.120865 80.835976 58.993011 0.000000 0.000000 0.000000 0.000000 0.000000 0.000000 0.000000 
30.774485 45.356476 77.219276 86.120865 76.714462 0.688546 1.466139 0.000000 0.000000 0.000000 0.000000 0.000000 0.000000 
17.754223 45.356476 85.727928 86.120865 76.714462 65.624367 51.899578 0.000000 0.000000 0.000000 0.000000 0.000000 0.000000 
30.774485 52.685478 81.223000 86.120865 86.120865 58.993011 58.993011 0.000000 0.000000 0.000000 0.000000 0.000000 0.000000 
23.964262 23.964262 59.742584 86.120865 86.120865 83.831215 58.993011 58.993011 0.000000 0.000000 0.000000 0.000000 0.000000 
30.774485 23.964262 66.313477 86.120865 86.120865 85.977829 58.993011 58.993011 0.000000 0.000000 0.000000 0.000000 0.000000 
23.964262 52.685478 30.774485 86.120865 76.714462 71.592003 83.831215 58.993011 0.000000 0.000000 0.000000 0.000000 0.000000 
37.978130 30.774485 81.223000 23.964262 86.120865 85.977829 85.609085 58.993011 58.993011 0.000000 0.000000 0.000000 0.000000 
52.685478 52.685478 59.742584 86.120865 86.120865 86.120865 83.831215 58.993011 58.993011 0.000000 0.000000 0.000000 0.000000 
0.000000 37.978130 23.964262 86.120865 86.120865 86.120865 58.993011 58.993011 58.993011 0.000000 0.000000 0.000000 0.000000 
0.000000 59.742584 72.198616 37.978130 86.120865 86.120865 86.120865 80.835976 58.993011 0.000000 0.000000 0.000000 0.000000 
0.000000 52.685478 66.313477 77.219276 86.120865 86.120865 86.120865 58.993011 58.993011 58.993011 0.000000 0.000000 0.000000 
0.000000 59.742584 52.685478 86.037422 86.120865 86.120865 85.609085 86.120865 58.993011 58.993011 0.000000 0.000000 0.000000 
0.000000 52.685478 77.219276 86.120865 86.120865 86.120865 83.831215 85.977829 58.993011 58.993011 0.000000 0.000000 0.000000 
0.000000 30.774485 59.742584 86.120865 86.120865 86.120865 83.831215 80.835976 86.120865 58.993011 0.000000 0.000000 0.000000 
0.000000 52.685478 52.685478 81.223000 86.120865 86.120865 86.120865 80.835976 86.120865 58.993011 0.000000 0.000000 0.000000 
0.000000 52.685478 72.198616 84.088203 86.120865 86.120865 76.714462 65.624367 83.831215 83.831215 58.993011 0.000000 0.000000 
0.000000 66.313477 59.742584 81.223000 86.120865 86.120865 86.120865 76.714462 80.835976 83.831215 58.993011 0.000000 0.000000 
0.000000 59.742584 23.964262 77.219276 86.120865 86.120865 86.120865 86.120865 86.120865 65.624367 58.993011 0.000000 0.000000 
0.000000 52.685478 72.198616 52.685478 81.223000 86.120865 86.120865 86.120865 86.120865 58.993011 58.993011 0.000000 0.000000 
0.000000 0.000000 52.685478 37.978130 72.198616 86.120865 86.120865 71.592003 76.714462 58.993011 65.624367 0.000000 0.000000 
0.000000 0.000000 81.223000 81.223000 86.120865 86.120865 86.120865 86.120865 76.714462 86.120865 76.714462 80.835976 0.000000 
0.000000 0.000000 72.198616 81.223000 86.120865 86.120865 86.120865 86.120865 86.120865 85.977829 76.714462 58.993011 0.000000 
0.000000 0.000000 59.742584 72.198616 30.774485 59.742584 86.120865 86.120865 76.714462 86.120865 80.835976 58.993011 0.000000 
0.000000 0.000000 45.356476 45.356476 66.313477 86.120865 86.120865 86.120865 80.835976 83.831215 76.714462 83.831215 0.000000 
0.000000 0.000000 66.313477 30.774485 86.037422 86.120865 86.120865 86.120865 86.120865 65.624367 83.831215 76.714462 0.000000 
0.000000 0.000000 52.685478 66.313477 86.120865 86.120865 86.120865 86.120865 86.120865 86.120865 86.120865 80.835976 0.000000 
0.000000 0.000000 23.964262 52.685478 23.964262 77.219276 86.120865 83.831215 83.831215 86.120865 80.835976 80.835976 0.000000 
0.000000 0.000000 0.000000 30.774485 66.313477 86.120865 86.120865 86.120865 83.831215 85.977829 85.977829 58.993011 0.000000 
0.000000 0.000000 0.000000 81.223000 77.219276 72.198616 86.120865 86.120865 86.120865 86.120865 65.624367 86.120865 0.000000 
0.000000 0.000000 0.000000 59.742584 85.727928 81.223000 86.120865 86.120865 86.120865 80.835976 80.835976 76.714462 0.000000 
0.000000 0.000000 0.000000 37.978130 81.223000 86.120865 81.223000 86.120865 86.120865 83.831215 86.120865 86.120865 83.831215 
0.000000 0.000000 0.000000 0.000000 59.742584 86.120865 86.120865 86.120865 86.120865 86.120865 86.120865 76.714462 83.831215 
0.000000 0.000000 0.000000 0.000000 72.198616 66.313477 86.120865 86.120865 86.120865 86.120865 86.120865 71.592003 71.592003 
0.000000 0.000000 0.000000 0.000000 86.120865 77.219276 77.219276 86.120865 83.831215 86.120865 83.831215 85.609085 86.120865 
0.000000 0.000000 0.000000 0.000000 85.727928 86.120865 86.120865 81.223000 86.120865 86.120865 86.120865 83.831215 83.831215 
0.000000 0.000000 0.000000 0.000000 0.000000 30.774485 30.774485 86.120865 86.120865 86.120865 86.120865 86.120865 86.120865 
0.000000 0.000000 0.000000 0.000000 0.000000 84.088203 77.219276 86.120865 86.120865 83.831215 86.120865 71.592003 65.624367 
0.000000 0.000000 0.000000 0.000000 0.000000 77.219276 86.120865 86.120865 86.120865 86.120865 80.835976 86.120865 85.977829 
0.000000 0.000000 0.000000 0.000000 0.000000 86.120865 66.313477 45.356476 86.120865 86.120865 86.120865 83.831215 83.831215 
0.000000 0.000000 0.000000 0.000000 0.000000 0.000000 77.219276 86.120865 86.120865 86.120865 86.120865 86.120865 86.120865 
0.000000 0.000000 0.000000 0.000000 0.000000 0.000000 86.120865 52.685478 86.120865 86.120865 86.120865 86.120865 85.977829 
0.000000 0.000000 0.000000 0.000000 0.000000 0.000000 0.000000 86.120865 86.120865 86.120865 86.120865 86.120865 0.000000 
0.000000 0.000000 0.000000 0.000000 0.000000 0.000000 0.000000 86.120865 86.120865 86.120865 86.120865 86.120865 0.000000 
0.000000 0.000000 0.000000 0.000000 0.000000 0.000000 0.000000 0.000000 86.120865 86.120865 86.120865 86.120865 0.000000 
0.000000 0.000000 0.000000 0.000000 0.000000 0.000000 0.000000 0.000000 86.120865 86.120865 86.120865 86.120865 0.000000 
0.000000 0.000000 0.000000 0.000000 0.000000 0.000000 0.000000 0.000000 0.000000 86.120865 86.120865 0.000000 0.000000 
