test/output/constant/M380_S060_A090_WD315.0_WS010.0/M380_S060_A090_WD315.0_WS010.0_intensity.asc
ncols         13
nrows         52
xllcorner     426403.990666
yllcorner     12743655.311160
cellsize      100.000000
NODATA_value  0.000000
0 454 0 39309 0 0 0 0 0 0 0 0 0 
0 21140 75973 891 891 0 0 0 0 0 0 0 0 
0 15662 75973 71311 607 0 0 0 0 0 0 0 0 
0 40012 75973 75522 57892 607 0 0 0 0 0 0 0 
0 27148 75973 75847 57892 607 0 0 0 0 0 0 0 
21140 15662 33503 75973 71311 52042 0 0 0 0 0 0 0 
27148 40012 68120 75973 67675 607 1293 0 0 0 0 0 0 
15662 40012 75626 75973 67675 57892 45784 0 0 0 0 0 0 
27148 46477 71652 75973 75973 52042 52042 0 0 0 0 0 0 
21140 21140 52703 75973 75973 73953 52042 52042 0 0 0 0 0 
27148 21140 58499 75973 75973 75847 52042 52042 0 0 0 0 0 
21140 46477 27148 75973 67675 63156 73953 52042 0 0 0 0 0 
33503 27148 71652 21140 75973 75847 75522 52042 52042 0 0 0 0 
46477 46477 52703 75973 75973 75973 73953 52042 52042 0 0 0 0 
0 33503 21140 75973 75973 75973 52042 52042 52042 0 0 0 0 
0 52703 63691 33503 75973 75973 75973 71311 52042 0 0 0 0 
0 46477 58499 68120 75973 75973 75973 52042 52042 52042 0 0 0 
0 52703 46477 75899 75973 75973 75522 75973 52042 52042 0 0 0 
0 46477 68120 75973 75973 75973 73953 75847 52042 52042 0 0 0 
0 27148 52703 75973 75973 75973 73953 71311 75973 52042 0 0 0 
0 46477 46477 71652 75973 75973 75973 71311 75973 52042 0 0 0 
0 46477 63691 74180 75973 75973 67675 57892 73953 73953 52042 0 0 
0 58499 52703 71652 75973 75973 75973 67675 71311 73953 52042 0 0 
0 52703 21140 68120 75973 75973 75973 75973 75973 57892 52042 0 0 
0 46477 63691 46477 71652 75973 75973 75973 75973 52042 52042 0 0 
0 0 46477 33503 63691 75973 75973 63156 67675 52042 57892 0 0 
0 0 71652 71652 75973 75973 75973 75973 67675 75973 67675 71311 0 
0 0 63691 71652 75973 75973 75973 75973 75973 75847 67675 52042 0 
0 0 52703 63691 27148 52703 75973 75973 67675 75973 71311 52042 0 
0 0 40012 40012 58499 75973 75973 75973 71311 73953 67675 73953 0 
0 0 58499 27148 75899 75973 75973 75973 75973 57892 73953 67675 0 
0 0 46477 58499 75973 75973 75973 75973 75973 75973 75973 71311 0 
0 0 21140 46477 21140 68120 75973 73953 73953 75973 71311 71311 0 
0 0 0 27148 58499 75973 75973 75973 73953 75847 75847 52042 0 
0 0 0 71652 68120 63691 75973 75973 75973 75973 57892 75973 0 
0 0 0 52703 75626 71652 75973 75973 75973 71311 71311 67675 0 
0 0 0 33503 71652 75973 71652 75973 75973 73953 75973 75973 73953 
0 0 0 0 52703 75973 75973 75973 75973 75973 75973 67675 73953 
0 0 0 0 63691 58499 75973 75973 75973 75973 75973 63156 63156 
0 0 0 0 75973 68120 68120 75973 73953 75973 73953 75522 75973 
0 0 0 0 75626 75973 75973 71652 75973 75973 75973 73953 73953 
0 0 0 0 0 27148 27148 75973 75973 75973 75973 75973 75973 
0 0 0 0 0 74180 68120 75973 75973 73953 75973 63156 57892 
0 0 0 0 0 68120 75973 75973 75973 75973 71311 75973 75847 
0 0 0 0 0 75973 58499 40012 75973 75973 75973 73953 73953 
0 0 0 0 0 0 68120 75973 75973 75973 75973 75973 75973 
0 0 0 0 0 0 75973 46477 75973 75973 75973 75973 75847 
0 0 0 0 0 0 0 75973 75973 75973 75973 75973 0 
0 0 0 0 0 0 0 75973 75973 75973 75973 75973 0 
0 0 0 0 0 0 0 0 75973 75973 75973 75973 0 
0 0 0 0 0 0 0 0 75973 75973 75973 75973 0 
0 0 0 0 0 0 0 0 0 75973 75973 0 0 
