test/output/constant/M3M400_S060_A000_WD225.0_WS050.0/M3M400_S060_A000_WD225.0_WS050.0_raz.asc
ncols         12
nrows         45
xllcorner     425703.990666
yllcorner     12748655.311160
cellsize      100.000000
NODATA_value  0.000000
0 351 351 351 351 0 0 0 0 0 0 0 
0 351 351 352 351 0 0 0 0 0 0 0 
0 351 351 351 8 359 0 0 0 0 0 0 
351 351 351 351 358 359 359 0 0 0 0 0 
347 351 351 352 351 1 359 0 0 0 0 0 
351 351 351 351 5 358 3 0 0 0 0 0 
351 351 351 351 351 1 5 359 0 0 0 0 
347 351 351 351 3 359 354 359 0 0 0 0 
350 350 351 351 351 351 359 359 16 0 0 0 
350 351 351 351 3 354 359 359 359 0 0 0 
351 351 351 351 351 359 353 359 359 0 0 0 
351 351 351 351 351 359 359 1 1 0 0 0 
351 351 351 351 351 351 5 359 5 1 0 0 
351 348 348 351 351 3 358 359 1 359 0 0 
350 351 351 351 351 351 8 1 359 359 0 0 
345 350 351 351 351 355 8 359 359 5 0 0 
300 351 348 351 351 351 359 359 359 359 0 0 
343 351 348 351 351 351 351 354 8 1 1 0 
300 343 351 351 351 351 5 1 5 359 359 0 
300 345 350 351 351 351 1 353 356 3 359 0 
0 300 351 351 351 351 351 8 359 359 5 0 
0 300 345 348 351 351 351 359 359 359 359 0 
0 346 345 351 351 351 351 356 359 359 359 0 
0 261 300 346 351 351 351 359 359 5 1 0 
0 343 345 348 347 351 351 5 359 355 3 1 
0 283 345 300 348 351 351 351 1 1 359 1 
0 0 345 345 351 351 350 351 1 359 359 1 
0 0 283 300 351 351 351 351 359 3 1 1 
0 0 300 300 348 348 351 353 1 359 1 359 
0 0 300 345 300 348 350 351 1 359 359 11 
0 0 272 345 283 351 351 351 356 359 1 359 
0 0 0 343 346 351 351 351 1 5 1 1 
0 0 0 283 345 343 351 351 1 3 8 11 
0 0 0 283 343 345 350 351 351 359 11 8 
0 0 0 283 283 345 351 351 3 1 359 8 
0 0 0 0 343 300 345 351 351 359 359 1 
0 0 0 0 345 345 283 351 351 359 359 1 
0 0 0 0 272 283 343 350 351 359 359 11 
0 0 0 0 0 272 345 351 351 359 11 11 
0 0 0 0 0 261 283 345 351 351 359 8 
0 0 0 0 0 0 342 300 350 351 1 8 
0 0 0 0 0 0 261 272 347 351 11 5 
0 0 0 0 0 0 272 261 346 351 8 81 
0 0 0 0 0 0 0 261 261 65535 102 0 
0 0 0 0 0 0 0 0 239 171 0 0 
