test/output/constant/M3M400_S060_A000_WD225.0_WS050.0/M3M400_S060_A000_WD225.0_WS050.0_ros.asc
ncols         12
nrows         45
xllcorner     425703.990666
yllcorner     12748655.311160
cellsize      100.000000
NODATA_value  0.000000
0.000000 73.034019 73.034019 73.034019 73.034019 0.000000 0.000000 0.000000 0.000000 0.000000 0.000000 0.000000 
0.000000 73.034019 73.034019 72.513535 73.034019 0.000000 0.000000 0.000000 0.000000 0.000000 0.000000 0.000000 
0.000000 73.034019 73.034019 73.034019 26.303522 50.149906 0.000000 0.000000 0.000000 0.000000 0.000000 0.000000 
73.034019 73.034019 73.034019 73.034019 55.651661 50.149906 50.149906 0.000000 0.000000 0.000000 0.000000 0.000000 
68.710892 73.034019 73.034019 72.513535 73.034019 44.284210 50.149906 0.000000 0.000000 0.000000 0.000000 0.000000 
73.034019 73.034019 73.034019 73.034019 32.177834 55.651661 38.232414 0.000000 0.000000 0.000000 0.000000 0.000000 
73.034019 73.034019 73.034019 73.034019 73.034019 44.284210 32.177834 50.149906 0.000000 0.000000 0.000000 0.000000 
68.710892 73.034019 73.034019 73.034019 38.232414 50.149906 68.389038 50.149906 0.000000 0.000000 0.000000 0.000000 
72.620491 72.943901 73.034019 73.034019 73.034019 73.034019 50.149906 50.149906 15.791433 0.000000 0.000000 0.000000 
72.620491 73.034019 73.034019 73.034019 38.232414 68.389038 50.149906 50.149906 50.149906 0.000000 0.000000 0.000000 
73.034019 73.034019 73.034019 73.034019 73.034019 50.149906 70.948868 50.149906 50.149906 0.000000 0.000000 0.000000 
73.034019 73.034019 73.034019 73.034019 73.034019 50.149906 50.149906 44.284210 44.284210 0.000000 0.000000 0.000000 
73.034019 73.034019 73.034019 73.034019 73.034019 73.034019 32.177834 50.149906 32.177834 44.284210 0.000000 0.000000 
73.034019 71.166534 71.166534 73.034019 73.034019 38.232414 55.651661 50.149906 44.284210 50.149906 0.000000 0.000000 
72.943901 73.034019 73.034019 73.034019 73.034019 73.034019 26.303522 44.284210 50.149906 50.149906 0.000000 0.000000 
61.121113 72.943901 73.034019 73.034019 73.034019 64.911751 26.303522 50.149906 50.149906 32.177834 0.000000 0.000000 
5.506212 73.034019 71.166534 73.034019 73.034019 73.034019 50.149906 50.149906 50.149906 50.149906 0.000000 0.000000 
56.217476 73.034019 71.166534 73.034019 73.034019 73.034019 73.034019 68.389038 26.303522 44.284210 44.284210 0.000000 
5.506212 56.217476 73.034019 73.034019 73.034019 73.034019 32.177834 44.284210 32.177834 50.149906 50.149906 0.000000 
5.506212 61.121113 72.943901 73.034019 73.034019 73.034019 44.284210 70.948868 60.622559 38.232414 50.149906 0.000000 
0.000000 5.506212 73.034019 73.034019 73.034019 73.034019 73.034019 26.303522 50.149906 50.149906 32.177834 0.000000 
0.000000 5.506212 61.121113 71.166534 73.034019 73.034019 73.034019 50.149906 50.149906 50.149906 50.149906 0.000000 
0.000000 65.328171 61.121113 73.034019 73.034019 73.034019 73.034019 60.622559 50.149906 50.149906 50.149906 0.000000 
0.000000 2.335862 5.506212 65.328171 73.034019 73.034019 73.034019 50.149906 50.149906 32.177834 44.284210 0.000000 
0.000000 56.217476 61.121113 71.166534 68.710892 73.034019 73.034019 32.177834 50.149906 64.911751 38.232414 44.284210 
0.000000 3.579352 61.121113 5.506212 71.166534 73.034019 73.034019 73.034019 44.284210 44.284210 50.149906 44.284210 
0.000000 0.000000 61.121113 61.121113 73.034019 73.034019 72.620491 73.034019 44.284210 50.149906 50.149906 44.284210 
0.000000 0.000000 3.579352 5.506212 73.034019 73.034019 73.034019 73.034019 50.149906 38.232414 44.284210 44.284210 
0.000000 0.000000 5.506212 5.506212 71.166534 71.166534 73.034019 70.948868 44.284210 50.149906 44.284210 50.149906 
0.000000 0.000000 5.506212 61.121113 5.506212 71.166534 72.620491 73.034019 44.284210 50.149906 50.149906 20.786436 
0.000000 0.000000 2.867552 61.121113 3.579352 73.034019 73.034019 73.034019 60.622559 50.149906 44.284210 50.149906 
0.000000 0.000000 0.000000 56.217476 65.328171 73.034019 73.034019 73.034019 44.284210 32.177834 44.284210 44.284210 
0.000000 0.000000 0.000000 3.579352 61.121113 56.217476 73.034019 73.034019 44.284210 38.232414 26.303522 20.786436 
0.000000 0.000000 0.000000 3.579352 56.217476 61.121113 72.620491 73.034019 73.034019 50.149906 20.786436 26.303522 
0.000000 0.000000 0.000000 3.579352 3.579352 61.121113 73.034019 73.034019 38.232414 44.284210 50.149906 26.303522 
0.000000 0.000000 0.000000 0.000000 56.217476 5.506212 61.121113 73.034019 73.034019 50.149906 50.149906 44.284210 
0.000000 0.000000 0.000000 0.000000 61.121113 61.121113 3.579352 73.034019 73.034019 50.149906 50.149906 44.284210 
0.000000 0.000000 0.000000 0.000000 2.867552 3.579352 56.217476 72.620491 73.034019 50.149906 50.149906 20.786436 
0.000000 0.000000 0.000000 0.000000 0.000000 2.867552 61.121113 73.034019 73.034019 50.149906 20.786436 20.786436 
0.000000 0.000000 0.000000 0.000000 0.000000 2.335862 3.579352 61.121113 73.034019 73.034019 50.149906 26.303522 
0.000000 0.000000 0.000000 0.000000 0.000000 0.000000 50.766144 5.506212 72.943901 73.034019 44.284210 26.303522 
0.000000 0.000000 0.000000 0.000000 0.000000 0.000000 2.335862 2.867552 68.710892 73.034019 20.786436 32.177834 
0.000000 0.000000 0.000000 0.000000 0.000000 0.000000 2.867552 2.335862 65.328171 73.034019 26.303522 2.335862 
0.000000 0.000000 0.000000 0.000000 0.000000 0.000000 0.000000 2.335862 2.335862 -1.000000 1.781089 0.000000 
0.000000 0.000000 0.000000 0.000000 0.000000 0.000000 0.000000 0.000000 1.718565 1.146338 0.000000 0.000000 
