test/output/constant/M3M400_S060_A000_WD225.0_WS050.0/M3M400_S060_A000_WD225.0_WS050.0_intensity.asc
ncols         12
nrows         45
xllcorner     425703.990666
yllcorner     12748655.311160
cellsize      100.000000
NODATA_value  0.000000
0 67934 67934 67934 67934 0 0 0 0 0 0 0 
0 67934 67934 67450 67934 0 0 0 0 0 0 0 
0 67934 67934 67934 24466 46648 0 0 0 0 0 0 
67934 67934 67934 67934 51765 46648 46648 0 0 0 0 0 
63913 67934 67934 67450 67934 41191 46648 0 0 0 0 0 
67934 67934 67934 67934 29930 51765 35562 0 0 0 0 0 
67934 67934 67934 67934 67934 41191 29930 46648 0 0 0 0 
63913 67934 67934 67934 35562 46648 63613 46648 0 0 0 0 
67549 67850 67934 67934 67934 67934 46648 46648 14688 0 0 0 
67549 67934 67934 67934 35562 63613 46648 46648 46648 0 0 0 
67934 67934 67934 67934 67934 46648 65994 46648 46648 0 0 0 
67934 67934 67934 67934 67934 46648 46648 41191 41191 0 0 0 
67934 67934 67934 67934 67934 67934 29930 46648 29930 41191 0 0 
67934 66197 66197 67934 67934 35562 51765 46648 41191 46648 0 0 
67850 67934 67934 67934 67934 67934 24466 41191 46648 46648 0 0 
56853 67850 67934 67934 67934 60379 24466 46648 46648 29930 0 0 
5121 67934 66197 67934 67934 67934 46648 46648 46648 46648 0 0 
52291 67934 66197 67934 67934 67934 67934 63613 24466 41191 41191 0 
5121 52291 67934 67934 67934 67934 29930 41191 29930 46648 46648 0 
5121 56853 67850 67934 67934 67934 41191 65994 56389 35562 46648 0 
0 5121 67934 67934 67934 67934 67934 24466 46648 46648 29930 0 
0 5121 56853 66197 67934 67934 67934 46648 46648 46648 46648 0 
0 60766 56853 67934 67934 67934 67934 56389 46648 46648 46648 0 
0 2172 5121 60766 67934 67934 67934 46648 46648 29930 41191 0 
0 52291 56853 66197 63913 67934 67934 29930 46648 60379 35562 41191 
0 3329 56853 5121 66197 67934 67934 67934 41191 41191 46648 41191 
0 0 56853 56853 67934 67934 67549 67934 41191 46648 46648 41191 
0 0 3329 5121 67934 67934 67934 67934 46648 35562 41191 41191 
0 0 5121 5121 66197 66197 67934 65994 41191 46648 41191 46648 
0 0 5121 56853 5121 66197 67549 67934 41191 46648 46648 19334 
0 0 2667 56853 3329 67934 67934 67934 56389 46648 41191 46648 
0 0 0 52291 60766 67934 67934 67934 41191 29930 41191 41191 
0 0 0 3329 56853 52291 67934 67934 41191 35562 24466 19334 
0 0 0 3329 52291 56853 67549 67934 67934 46648 19334 24466 
0 0 0 3329 3329 56853 67934 67934 35562 41191 46648 24466 
0 0 0 0 52291 5121 56853 67934 67934 46648 46648 41191 
0 0 0 0 56853 56853 3329 67934 67934 46648 46648 41191 
0 0 0 0 2667 3329 52291 67549 67934 46648 46648 19334 
0 0 0 0 0 2667 56853 67934 67934 46648 19334 19334 
0 0 0 0 0 2172 3329 56853 67934 67934 46648 24466 
0 0 0 0 0 0 47221 5121 67850 67934 41191 24466 
0 0 0 0 0 0 2172 2667 63913 67934 19334 29930 
0 0 0 0 0 0 2667 2172 60766 67934 24466 2172 
0 0 0 0 0 0 0 2172 2172 0 1656 0 
0 0 0 0 0 0 0 0 1598 1066 0 0 
