test/output/constant/S1_S000_A090_WD000.0_WS045.0/S1_S000_A090_WD000.0_WS045.0_arrival.asc
ncols         7
nrows         32
xllcorner     426303.990666
yllcorner     12745655.311160
cellsize      100.000000
NODATA_value  0.000000
0.000000 0.000000 166.026162 166.000000 166.026162 0.000000 0.000000 
0.000000 0.000000 166.011991 166.001090 166.011991 0.000000 0.000000 
0.000000 0.000000 166.008721 166.002180 166.008721 0.000000 0.000000 
0.000000 166.038698 166.008176 166.003815 166.008176 166.038698 0.000000 
0.000000 166.032158 166.008176 166.004905 166.008176 166.032158 0.000000 
0.000000 166.028887 166.009266 166.006541 166.009266 166.028887 0.000000 
0.000000 166.026162 166.009811 166.007631 166.009811 166.026162 0.000000 
0.000000 166.025072 166.010901 166.009266 166.010901 166.025072 0.000000 
0.000000 166.024527 166.011991 166.010356 166.011991 166.024527 0.000000 
0.000000 166.023982 166.013626 166.011991 166.013626 166.023982 0.000000 
0.000000 166.023982 166.014716 166.013081 166.014716 166.023982 0.000000 
0.000000 166.023982 166.015806 166.014716 166.015806 166.023982 0.000000 
166.041423 166.024527 166.017441 166.015806 166.017441 166.024527 166.041423 
166.040878 166.025617 166.018531 166.017441 166.018531 166.025617 166.040878 
166.039788 166.026162 166.020167 166.018531 166.020167 166.026162 166.039788 
166.039788 166.027252 166.021257 166.020167 166.021257 166.027252 166.039788 
166.039788 166.028342 166.022347 166.021257 166.022347 166.028342 166.039788 
166.039788 166.028887 166.023982 166.022892 166.023982 166.028887 166.039788 
166.039788 166.029977 166.025072 166.023982 166.025072 166.029977 166.039788 
166.040333 166.031067 166.026707 166.025617 166.026707 166.031067 166.040333 
166.040878 166.032158 166.027797 166.026707 166.027797 166.032158 166.040878 
166.041667 166.033248 166.029432 166.028342 166.029432 166.033248 166.041667 
0.000000 166.034338 166.030522 166.029432 166.030522 166.034338 0.000000 
0.000000 166.035428 166.032158 166.031067 166.032158 166.035428 0.000000 
0.000000 166.037063 166.033248 166.032158 166.033248 166.037063 0.000000 
0.000000 166.038153 166.034883 166.033793 166.034883 166.038153 0.000000 
0.000000 166.039243 166.035973 166.034883 166.035973 166.039243 0.000000 
0.000000 166.040878 166.037608 166.036518 166.037608 166.040878 0.000000 
0.000000 166.041667 166.038698 166.037608 166.038698 166.041667 0.000000 
0.000000 0.000000 166.039788 166.039243 166.039788 0.000000 0.000000 
0.000000 0.000000 166.041423 166.040333 166.041423 0.000000 0.000000 
0.000000 0.000000 0.000000 166.041667 0.000000 0.000000 0.000000 
