test/output/constant/M495_S060_A270_WD225.0_WS015.0/M495_S060_A270_WD225.0_WS015.0_arrival.asc
ncols         13
nrows         39
xllcorner     426503.990666
yllcorner     12748755.311160
cellsize      100.000000
NODATA_value  0.000000
0.000000 0.000000 0.000000 0.000000 0.000000 0.000000 0.000000 0.000000 0.000000 166.041667 166.040978 166.040978 0.000000 
0.000000 0.000000 0.000000 0.000000 0.000000 0.000000 0.000000 0.000000 166.041667 166.040141 166.040141 166.040560 0.000000 
0.000000 0.000000 0.000000 0.000000 0.000000 0.000000 0.000000 0.000000 166.040141 166.038887 166.038887 166.039723 0.000000 
0.000000 0.000000 0.000000 0.000000 0.000000 0.000000 0.000000 166.041396 166.038469 166.038051 166.037633 166.038887 166.041667 
0.000000 0.000000 0.000000 0.000000 0.000000 0.000000 0.000000 166.039305 166.037214 166.036796 166.036796 166.038051 166.041667 
0.000000 0.000000 0.000000 0.000000 0.000000 0.000000 166.041396 166.037633 166.035960 166.035542 166.035960 166.038051 166.041667 
0.000000 0.000000 0.000000 0.000000 0.000000 0.000000 166.039305 166.035960 166.034706 166.034706 166.035124 166.038051 166.041667 
0.000000 0.000000 0.000000 0.000000 0.000000 0.000000 166.037633 166.034287 166.033451 166.033451 166.034706 166.037633 0.000000 
0.000000 0.000000 0.000000 0.000000 0.000000 166.040141 166.035542 166.033033 166.032197 166.032615 166.034287 166.037633 0.000000 
0.000000 0.000000 0.000000 0.000000 0.000000 166.037633 166.033869 166.031779 166.031360 166.031779 166.033869 166.037633 0.000000 
0.000000 0.000000 0.000000 0.000000 166.041667 166.035960 166.031779 166.030106 166.030106 166.030942 166.033869 166.038051 0.000000 
0.000000 0.000000 0.000000 0.000000 166.039305 166.033869 166.030524 166.029270 166.029270 166.030106 166.033869 166.038469 0.000000 
0.000000 0.000000 0.000000 0.000000 166.037214 166.031779 166.028852 166.028015 166.028015 166.030106 166.033869 166.039305 0.000000 
0.000000 0.000000 0.000000 166.041667 166.034706 166.029688 166.027179 166.026761 166.027179 166.030106 166.034287 166.040560 0.000000 
0.000000 0.000000 0.000000 166.039305 166.032615 166.028015 166.025925 166.025925 166.026761 166.029688 166.034706 166.041396 0.000000 
0.000000 0.000000 0.000000 166.036796 166.030106 166.026343 166.024670 166.024670 166.026343 166.029688 166.035542 0.000000 0.000000 
0.000000 0.000000 0.000000 166.034287 166.028015 166.024670 166.023834 166.023834 166.025925 166.030106 166.036378 0.000000 0.000000 
0.000000 0.000000 166.040978 166.032197 166.025925 166.022998 166.022580 166.022998 166.025925 166.030524 166.037633 0.000000 0.000000 
0.000000 0.000000 166.038051 166.029688 166.024252 166.021743 166.021325 166.022161 166.025925 166.031360 166.039723 0.000000 0.000000 
0.000000 0.000000 166.035542 166.027179 166.022161 166.020489 166.020489 166.022161 166.026343 166.032615 0.000000 0.000000 0.000000 
0.000000 0.000000 166.032615 166.025088 166.020489 166.019234 166.019234 166.022161 166.026761 166.033869 0.000000 0.000000 0.000000 
0.000000 166.041396 166.030106 166.022580 166.018816 166.017980 166.018816 166.021743 166.027597 166.036378 0.000000 0.000000 0.000000 
0.000000 166.038469 166.027179 166.020489 166.017144 166.017144 166.017980 166.022161 166.028852 166.039305 0.000000 0.000000 0.000000 
0.000000 166.035542 166.024670 166.018398 166.015889 166.015889 166.017980 166.022998 166.030524 0.000000 0.000000 0.000000 0.000000 
0.000000 166.032615 166.022161 166.016307 166.015053 166.015053 166.017980 166.023834 166.033451 0.000000 0.000000 0.000000 0.000000 
0.000000 166.029688 166.019653 166.014635 166.013799 166.014217 166.018398 166.025088 166.037214 0.000000 0.000000 0.000000 0.000000 
0.000000 166.026761 166.017144 166.012962 166.012544 166.014217 166.018816 166.027597 0.000000 0.000000 0.000000 0.000000 0.000000 
0.000000 166.024252 166.015053 166.011708 166.011708 166.014217 166.020071 166.031360 0.000000 0.000000 0.000000 0.000000 0.000000 
0.000000 166.021325 166.012544 166.010453 166.010872 166.014217 166.021743 166.036378 0.000000 0.000000 0.000000 0.000000 0.000000 
0.000000 166.018398 166.010872 166.009617 166.010035 166.015053 166.025088 0.000000 0.000000 0.000000 0.000000 0.000000 0.000000 
166.040560 166.015471 166.008781 166.008363 166.010035 166.016307 166.030524 0.000000 0.000000 0.000000 0.000000 0.000000 0.000000 
166.037633 166.012962 166.007527 166.007108 166.010453 166.019234 166.037633 0.000000 0.000000 0.000000 0.000000 0.000000 0.000000 
166.034706 166.010035 166.006272 166.006272 166.010872 166.024252 0.000000 0.000000 0.000000 0.000000 0.000000 0.000000 0.000000 
166.031779 166.007527 166.005018 166.006272 166.013380 166.032197 0.000000 0.000000 0.000000 0.000000 0.000000 0.000000 0.000000 
166.029688 166.005018 166.004181 166.006272 166.018816 0.000000 0.000000 0.000000 0.000000 0.000000 0.000000 0.000000 0.000000 
166.028015 166.002927 166.002927 166.007527 166.028433 0.000000 0.000000 0.000000 0.000000 0.000000 0.000000 0.000000 0.000000 
166.027179 166.001673 166.002091 166.013380 0.000000 0.000000 0.000000 0.000000 0.000000 0.000000 0.000000 0.000000 0.000000 
166.027597 166.000836 166.002091 166.028433 0.000000 0.000000 0.000000 0.000000 0.000000 0.000000 0.000000 0.000000 0.000000 
0.000000 166.000000 166.010035 0.000000 0.000000 0.000000 0.000000 0.000000 0.000000 0.000000 0.000000 0.000000 0.000000 
