test/output/constant/M3M480_S060_A180_WD000.0_WS010.0/M3M480_S060_A180_WD000.0_WS010.0_ros.asc
ncols         43
nrows         14
xllcorner     426603.990666
yllcorner     12747555.311160
cellsize      100.000000
NODATA_value  0.000000
1.324202 10.810669 15.319969 10.810669 15.319969 32.138962 20.484175 38.276867 32.138962 15.319969 32.138962 20.484175 32.138962 0.000000 0.000000 0.000000 0.000000 0.000000 0.000000 0.000000 0.000000 0.000000 0.000000 0.000000 0.000000 0.000000 0.000000 0.000000 0.000000 0.000000 0.000000 0.000000 0.000000 0.000000 0.000000 0.000000 0.000000 0.000000 0.000000 0.000000 0.000000 0.000000 0.000000 
0.000000 72.256363 72.256363 72.256363 68.150032 70.545464 26.147589 68.150032 60.623459 55.720661 26.147589 20.484175 32.138962 20.484175 15.319969 32.138962 10.810669 32.138962 20.484175 32.138962 0.000000 0.000000 0.000000 0.000000 0.000000 0.000000 0.000000 0.000000 0.000000 0.000000 0.000000 0.000000 0.000000 0.000000 0.000000 0.000000 0.000000 0.000000 0.000000 0.000000 0.000000 0.000000 0.000000 
1.003292 72.256363 72.256363 72.256363 72.256363 72.256363 72.256363 72.256363 72.256363 72.256363 10.810669 72.256363 70.545464 70.545464 20.484175 64.808914 10.810669 64.808914 64.808914 60.623459 55.720661 26.147589 20.484175 15.319969 0.000000 0.000000 0.000000 0.000000 0.000000 0.000000 0.000000 0.000000 0.000000 0.000000 0.000000 0.000000 0.000000 0.000000 0.000000 0.000000 0.000000 0.000000 0.000000 
0.000000 1.691733 49.086910 67.539948 72.256363 72.256363 72.256363 72.256363 72.256363 72.256363 72.256363 72.256363 72.256363 15.319969 72.256363 10.810669 72.256363 70.545464 15.319969 72.256363 26.147589 72.256363 20.484175 64.808914 71.922585 60.623459 60.623459 44.375278 0.000000 0.000000 0.000000 0.000000 0.000000 0.000000 0.000000 0.000000 0.000000 0.000000 0.000000 0.000000 0.000000 0.000000 0.000000 
0.000000 0.000000 37.047916 3.962445 49.086910 49.086910 72.256363 72.256363 72.256363 72.256363 72.256363 72.256363 72.256363 72.256363 72.256363 72.256363 72.256363 26.147589 72.256363 71.922585 26.147589 72.256363 72.256363 15.319969 72.256363 71.922585 15.319969 68.150032 26.147589 68.150032 0.000000 0.000000 0.000000 0.000000 0.000000 0.000000 0.000000 0.000000 0.000000 0.000000 0.000000 0.000000 0.000000 
0.000000 0.000000 0.000000 0.000000 1.691733 43.159744 54.649120 49.086910 72.256363 72.256363 72.256363 72.256363 72.256363 72.256363 72.256363 72.256363 72.256363 72.256363 72.256363 72.256363 72.256363 60.623459 72.256363 72.256363 72.256363 72.256363 72.256363 72.256363 72.256363 72.256363 71.922585 20.484175 72.256363 0.000000 0.000000 0.000000 0.000000 0.000000 0.000000 0.000000 0.000000 0.000000 0.000000 
0.000000 0.000000 0.000000 0.000000 0.000000 0.000000 43.159744 49.086910 49.086910 49.086910 72.098724 72.256363 64.018143 72.256363 72.256363 72.256363 72.256363 72.256363 72.256363 72.256363 72.256363 72.256363 72.256363 10.810669 72.256363 72.256363 72.256363 72.256363 72.256363 72.256363 72.256363 72.256363 20.484175 72.256363 72.256363 68.150032 0.000000 0.000000 0.000000 0.000000 0.000000 0.000000 0.000000 
0.000000 0.000000 0.000000 0.000000 0.000000 0.000000 0.000000 0.000000 54.649120 54.649120 49.086910 49.086910 49.086910 72.256363 72.256363 71.725609 72.256363 72.256363 72.256363 72.256363 71.725609 72.256363 72.256363 72.256363 72.256363 72.256363 72.256363 72.256363 60.623459 70.545464 72.256363 72.256363 72.256363 72.256363 72.256363 72.256363 15.319969 20.484175 0.000000 0.000000 0.000000 0.000000 0.000000 
0.000000 0.000000 0.000000 0.000000 0.000000 0.000000 0.000000 0.000000 0.000000 0.000000 49.086910 54.649120 49.086910 49.086910 49.086910 72.256363 72.098724 72.098724 71.725609 72.256363 72.256363 72.256363 72.256363 72.256363 72.256363 72.256363 72.256363 72.256363 72.256363 72.256363 72.256363 15.319969 72.256363 72.256363 72.256363 72.256363 72.256363 72.256363 72.256363 0.000000 0.000000 0.000000 0.000000 
0.000000 0.000000 0.000000 0.000000 0.000000 0.000000 0.000000 0.000000 0.000000 0.000000 0.000000 0.000000 0.000000 49.086910 49.086910 54.649120 49.086910 72.256363 71.725609 72.098724 72.098724 64.018143 72.256363 72.256363 72.256363 72.256363 72.256363 72.256363 72.256363 72.256363 72.256363 72.197533 72.256363 72.256363 72.256363 72.256363 64.808914 68.150032 68.150032 72.256363 55.720661 0.000000 0.000000 
0.000000 0.000000 0.000000 0.000000 0.000000 0.000000 0.000000 0.000000 0.000000 0.000000 0.000000 0.000000 0.000000 0.000000 0.000000 0.000000 49.086910 49.086910 49.086910 49.086910 72.256363 49.086910 49.086910 72.256363 72.098724 72.256363 72.256363 72.256363 72.256363 72.256363 72.256363 72.256363 72.098724 72.256363 72.256363 72.256363 72.256363 72.256363 72.256363 64.808914 72.256363 72.256363 0.000000 
0.000000 0.000000 0.000000 0.000000 0.000000 0.000000 0.000000 0.000000 0.000000 0.000000 0.000000 0.000000 0.000000 0.000000 0.000000 0.000000 0.000000 0.000000 0.000000 0.000000 49.086910 54.649120 72.256363 71.725609 70.135437 70.135437 70.135437 72.256363 54.649120 70.135437 72.256363 67.539948 72.256363 72.256363 72.256363 72.256363 72.256363 72.256363 72.256363 72.256363 72.256363 20.484175 72.256363 
0.000000 0.000000 0.000000 0.000000 0.000000 0.000000 0.000000 0.000000 0.000000 0.000000 0.000000 0.000000 0.000000 0.000000 0.000000 0.000000 0.000000 0.000000 0.000000 0.000000 0.000000 0.000000 0.000000 0.000000 70.135437 72.256363 49.086910 49.086910 72.256363 59.677181 70.135437 71.725609 72.256363 72.256363 71.725609 72.256363 72.256363 72.256363 72.256363 72.256363 72.256363 72.256363 72.256363 
0.000000 0.000000 0.000000 0.000000 0.000000 0.000000 0.000000 0.000000 0.000000 0.000000 0.000000 0.000000 0.000000 0.000000 0.000000 0.000000 0.000000 0.000000 0.000000 0.000000 0.000000 0.000000 0.000000 0.000000 0.000000 0.000000 0.000000 0.000000 0.000000 72.256363 72.256363 59.677181 67.539948 72.256363 72.256363 72.256363 72.256363 72.098724 72.256363 72.256363 72.256363 72.256363 0.000000 
