test/output/constant/M485_S060_A180_WD000.0_WS015.0/M485_S060_A180_WD000.0_WS015.0_arrival.asc
ncols         24
nrows         12
xllcorner     426603.990666
yllcorner     12747655.311160
cellsize      100.000000
NODATA_value  0.000000
166.000000 166.001274 166.003821 166.009552 166.016558 166.023563 166.031205 166.038210 0.000000 0.000000 0.000000 0.000000 0.000000 0.000000 0.000000 0.000000 0.000000 0.000000 0.000000 0.000000 0.000000 0.000000 0.000000 0.000000 
166.005095 166.001910 166.003184 166.005095 166.007005 166.010189 166.015284 166.021015 166.027384 166.034389 166.041394 0.000000 0.000000 0.000000 0.000000 0.000000 0.000000 0.000000 0.000000 0.000000 0.000000 0.000000 0.000000 0.000000 
166.040120 166.012737 166.005731 166.005731 166.007005 166.008279 166.010189 166.013373 166.017194 166.021652 166.027384 166.033115 166.038846 0.000000 0.000000 0.000000 0.000000 0.000000 0.000000 0.000000 0.000000 0.000000 0.000000 0.000000 
0.000000 0.000000 166.021015 166.011463 166.009552 166.009552 166.010189 166.012100 166.014010 166.016558 166.019742 166.023563 166.028657 166.033752 166.038846 0.000000 0.000000 0.000000 0.000000 0.000000 0.000000 0.000000 0.000000 0.000000 
0.000000 0.000000 0.000000 166.029294 166.018468 166.014647 166.013373 166.013373 166.014010 166.015921 166.017831 166.019742 166.022926 166.026747 166.030568 166.035025 166.040120 0.000000 0.000000 0.000000 0.000000 0.000000 0.000000 0.000000 
0.000000 0.000000 0.000000 0.000000 166.036936 166.026110 166.019742 166.017194 166.016558 166.016558 166.017831 166.019742 166.021015 166.022926 166.026110 166.029294 166.033115 166.037573 166.041667 0.000000 0.000000 0.000000 0.000000 0.000000 
0.000000 0.000000 0.000000 0.000000 0.000000 0.000000 166.033115 166.026110 166.022926 166.021015 166.020378 166.020378 166.021652 166.022926 166.024836 166.026747 166.029294 166.032478 166.036299 166.040120 0.000000 0.000000 0.000000 0.000000 
0.000000 0.000000 0.000000 0.000000 0.000000 0.000000 0.000000 166.041394 166.033115 166.028657 166.025473 166.024199 166.024199 166.024199 166.024836 166.026747 166.028657 166.030568 166.033115 166.035662 166.038846 0.000000 0.000000 0.000000 
0.000000 0.000000 0.000000 0.000000 0.000000 0.000000 0.000000 0.000000 0.000000 166.040120 166.034389 166.031205 166.028657 166.028020 166.028020 166.028020 166.028657 166.030568 166.032478 166.033752 166.036299 166.038846 0.000000 0.000000 
0.000000 0.000000 0.000000 0.000000 0.000000 0.000000 0.000000 0.000000 0.000000 0.000000 0.000000 166.040757 166.036936 166.033752 166.032478 166.031841 166.031205 166.031205 166.032478 166.034389 166.035662 166.037573 166.040120 0.000000 
0.000000 0.000000 0.000000 0.000000 0.000000 0.000000 0.000000 0.000000 0.000000 0.000000 0.000000 0.000000 0.000000 0.000000 166.039483 166.036936 166.035662 166.035025 166.035025 166.035025 166.036299 166.037573 166.039483 166.041394 
0.000000 0.000000 0.000000 0.000000 0.000000 0.000000 0.000000 0.000000 0.000000 0.000000 0.000000 0.000000 0.000000 0.000000 0.000000 0.000000 0.000000 166.040120 166.039483 166.038846 166.038846 166.038846 166.040120 166.041394 
