test/output/constant/S3_S060_A000_WD090.0_WS045.0/S3_S060_A000_WD090.0_WS045.0_arrival.asc
ncols         39
nrows         7
xllcorner     422803.990666
yllcorner     12748455.311160
cellsize      100.000000
NODATA_value  0.000000
0.000000 0.000000 0.000000 0.000000 0.000000 0.000000 0.000000 0.000000 0.000000 0.000000 0.000000 0.000000 0.000000 166.041482 166.041041 166.040600 166.040600 166.040600 166.040600 166.041041 166.041041 0.000000 0.000000 0.000000 0.000000 0.000000 0.000000 0.000000 0.000000 0.000000 0.000000 0.000000 0.000000 0.000000 0.000000 0.000000 0.000000 0.000000 0.000000 
0.000000 0.000000 0.000000 0.000000 166.041667 166.040600 166.039717 166.038834 166.037511 166.036628 166.035745 166.034421 166.033539 166.032656 166.031774 166.030891 166.030450 166.029567 166.028685 166.027802 166.027361 166.026478 166.025595 166.025154 166.024272 166.024272 166.024713 166.024713 166.025595 166.026478 166.027361 166.029126 166.032215 166.036628 0.000000 0.000000 0.000000 0.000000 0.000000 
0.000000 166.041482 166.040600 166.039276 166.038393 166.037069 166.036187 166.034863 166.033980 166.032656 166.031774 166.030450 166.029567 166.028243 166.027361 166.026037 166.025154 166.024272 166.022948 166.022065 166.020741 166.019859 166.018976 166.017652 166.016769 166.015446 166.014563 166.013239 166.012356 166.011474 166.010591 166.009709 166.009267 166.008385 166.008385 166.008826 166.010591 166.017211 0.000000 
166.041482 166.040600 166.039276 166.038393 166.037069 166.036187 166.034863 166.033980 166.032656 166.031774 166.030450 166.029567 166.028243 166.027361 166.026037 166.025154 166.023830 166.022948 166.021624 166.020741 166.019417 166.018535 166.017211 166.016328 166.015004 166.014122 166.012798 166.011915 166.010591 166.009709 166.008385 166.007502 166.006178 166.005296 166.003972 166.003089 166.001765 166.000883 166.000000 
0.000000 166.041482 166.040600 166.039276 166.038393 166.037069 166.036187 166.034863 166.033980 166.032656 166.031774 166.030450 166.029567 166.028243 166.027361 166.026037 166.025154 166.024272 166.022948 166.022065 166.020741 166.019859 166.018976 166.017652 166.016769 166.015446 166.014563 166.013239 166.012356 166.011474 166.010591 166.009709 166.009267 166.008385 166.008385 166.008826 166.010591 166.017211 0.000000 
0.000000 0.000000 0.000000 0.000000 166.041667 166.040600 166.039717 166.038834 166.037511 166.036628 166.035745 166.034421 166.033539 166.032656 166.031774 166.030891 166.030450 166.029567 166.028685 166.027802 166.027361 166.026478 166.025595 166.025154 166.024272 166.024272 166.024713 166.024713 166.025595 166.026478 166.027361 166.029126 166.032215 166.036628 0.000000 0.000000 0.000000 0.000000 0.000000 
0.000000 0.000000 0.000000 0.000000 0.000000 0.000000 0.000000 0.000000 0.000000 0.000000 0.000000 0.000000 0.000000 166.041482 166.041041 166.040600 166.040600 166.040600 166.040600 166.041041 166.041041 0.000000 0.000000 0.000000 0.000000 0.000000 0.000000 0.000000 0.000000 0.000000 0.000000 0.000000 0.000000 0.000000 0.000000 0.000000 0.000000 0.000000 0.000000 
