test/output/constant/C6_S000_A180_WD270.0_WS035.0/C6_S000_A180_WD270.0_WS035.0_arrival.asc
ncols         30
nrows         7
xllcorner     426603.990666
yllcorner     12748455.311160
cellsize      100.000000
NODATA_value  0.000000
0.000000 0.000000 0.000000 0.000000 0.000000 0.000000 0.000000 166.039085 166.036786 166.035636 166.034486 166.033912 166.033337 166.033337 166.033912 166.033912 166.034486 166.035636 166.036211 166.037360 166.038510 166.039085 166.040234 166.041384 0.000000 0.000000 0.000000 0.000000 0.000000 0.000000 
0.000000 0.000000 166.036786 166.027589 166.023566 166.021841 166.020692 166.020117 166.020117 166.020117 166.021267 166.021841 166.022991 166.024141 166.024715 166.025865 166.027014 166.028164 166.029313 166.031038 166.032187 166.033337 166.034486 166.036211 166.037360 166.038510 166.040234 166.041384 0.000000 0.000000 
166.027589 166.008622 166.006897 166.006897 166.007472 166.008622 166.009771 166.010921 166.012070 166.013795 166.014944 166.016668 166.017818 166.018968 166.020692 166.021841 166.023566 166.024715 166.026440 166.027589 166.028739 166.030463 166.031613 166.033337 166.034486 166.036211 166.037360 166.038510 166.040234 166.041384 
166.000000 166.001150 166.002299 166.004023 166.005173 166.006897 166.008047 166.009771 166.010921 166.012645 166.013795 166.015519 166.016668 166.018393 166.019542 166.021267 166.022416 166.024141 166.025290 166.027014 166.028164 166.029888 166.031038 166.032762 166.033912 166.035636 166.036786 166.038510 166.039659 166.041384 
166.027589 166.008622 166.006897 166.006897 166.007472 166.008622 166.009771 166.010921 166.012070 166.013795 166.014944 166.016668 166.017818 166.018968 166.020692 166.021841 166.023566 166.024715 166.026440 166.027589 166.028739 166.030463 166.031613 166.033337 166.034486 166.036211 166.037360 166.038510 166.040234 166.041384 
0.000000 0.000000 166.036786 166.027589 166.023566 166.021841 166.020692 166.020117 166.020117 166.020117 166.021267 166.021841 166.022991 166.024141 166.024715 166.025865 166.027014 166.028164 166.029313 166.031038 166.032187 166.033337 166.034486 166.036211 166.037360 166.038510 166.040234 166.041384 0.000000 0.000000 
0.000000 0.000000 0.000000 0.000000 0.000000 0.000000 0.000000 166.039085 166.036786 166.035636 166.034486 166.033912 166.033337 166.033337 166.033912 166.033912 166.034486 166.035636 166.036211 166.037360 166.038510 166.039085 166.040234 166.041384 0.000000 0.000000 0.000000 0.000000 0.000000 0.000000 
