test/output/constant/M365_S060_A180_WD225.0_WS005.0/M365_S060_A180_WD225.0_WS005.0_arrival.asc
ncols         41
nrows         9
xllcorner     426603.990666
yllcorner     12748555.311160
cellsize      100.000000
NODATA_value  0.000000
0.000000 0.000000 0.000000 0.000000 0.000000 0.000000 0.000000 0.000000 0.000000 0.000000 0.000000 0.000000 0.000000 0.000000 0.000000 0.000000 0.000000 0.000000 0.000000 0.000000 166.040772 166.039939 166.039107 166.039107 166.038691 166.039107 166.039107 166.039107 166.039523 166.039523 166.039939 166.039939 166.040356 166.040772 166.041188 166.041604 0.000000 0.000000 0.000000 0.000000 0.000000 
0.000000 0.000000 0.000000 0.000000 0.000000 0.000000 0.000000 0.000000 0.000000 0.000000 0.000000 0.000000 166.041188 166.039107 166.037027 166.034947 166.033699 166.032867 166.032035 166.032035 166.032035 166.032035 166.032035 166.032451 166.032451 166.032867 166.032867 166.033283 166.033699 166.034531 166.034947 166.035779 166.036195 166.037027 166.037859 166.038691 166.039523 166.040356 166.041188 166.041667 0.000000 
0.000000 0.000000 0.000000 0.000000 0.000000 0.000000 0.000000 166.041188 166.036611 166.032867 166.030371 166.028290 166.027042 166.025794 166.024962 166.024962 166.024962 166.024962 166.024962 166.025378 166.025378 166.025794 166.026626 166.027042 166.027458 166.028290 166.029123 166.029955 166.030787 166.031619 166.032451 166.033283 166.034115 166.034947 166.035779 166.036611 166.037443 166.038691 166.039523 166.040772 166.041604 
0.000000 0.000000 0.000000 0.000000 166.035363 166.029123 166.024546 166.021634 166.019970 166.018722 166.017890 166.017890 166.017890 166.017890 166.018306 166.018722 166.019138 166.019554 166.020386 166.020802 166.022050 166.022466 166.023298 166.024546 166.025378 166.026210 166.027042 166.027874 166.029123 166.029955 166.031203 166.032035 166.033283 166.034115 166.035363 166.036195 166.037443 166.038275 166.039523 166.040356 166.041604 
0.000000 166.039107 166.024130 166.016641 166.013313 166.011649 166.010817 166.010817 166.010817 166.011233 166.011649 166.012065 166.012897 166.013729 166.014977 166.015809 166.016641 166.017474 166.018722 166.019554 166.020802 166.021634 166.022882 166.023714 166.024962 166.025794 166.027042 166.027874 166.029123 166.029955 166.031203 166.032035 166.033283 166.034115 166.035363 166.036611 166.037443 166.038691 166.039939 166.041188 0.000000 
166.014561 166.004992 166.003744 166.003744 166.004160 166.004992 166.005825 166.007073 166.007905 166.009153 166.009985 166.011233 166.012065 166.013313 166.014145 166.015393 166.016641 166.017474 166.018722 166.019554 166.020802 166.021634 166.022882 166.024130 166.025378 166.026210 166.027458 166.028707 166.029955 166.030787 166.032035 166.033283 166.034531 166.035779 166.037027 166.038275 166.039523 166.040356 166.041604 0.000000 0.000000 
166.000000 166.000832 166.001664 166.002912 166.003744 166.004992 166.005825 166.007073 166.008321 166.009153 166.010401 166.011649 166.012897 166.014145 166.015393 166.016641 166.017474 166.018722 166.019970 166.021218 166.022466 166.023714 166.024962 166.026210 166.027458 166.028707 166.029955 166.031203 166.032451 166.033699 166.034947 166.036195 166.037443 166.038691 166.039939 166.041188 0.000000 0.000000 0.000000 0.000000 0.000000 
166.021634 166.012065 166.009985 166.009985 166.009985 166.010401 166.011233 166.012065 166.012897 166.014145 166.015393 166.016641 166.017890 166.019138 166.020386 166.021634 166.022882 166.024130 166.025378 166.026626 166.027874 166.028707 166.029955 166.031203 166.032451 166.033699 166.034947 166.036195 166.037443 166.038691 166.039939 166.041188 0.000000 0.000000 0.000000 0.000000 0.000000 0.000000 0.000000 0.000000 0.000000 
0.000000 0.000000 0.000000 166.036195 166.032451 166.030787 166.029123 166.028290 166.028290 166.028290 166.028290 166.028707 166.029123 166.029955 166.030371 166.031203 166.031619 166.032451 166.033283 166.034115 166.035363 166.036195 166.037027 166.038275 166.039107 166.040356 166.041604 0.000000 0.000000 0.000000 0.000000 0.000000 0.000000 0.000000 0.000000 0.000000 0.000000 0.000000 0.000000 0.000000 0.000000 
