test/output/constant/M3M475_S060_A270_WD180.0_WS025.0/M3M475_S060_A270_WD180.0_WS025.0_arrival.asc
ncols         7
nrows         51
xllcorner     426303.990666
yllcorner     12748755.311160
cellsize      100.000000
NODATA_value  0.000000
0.000000 0.000000 0.000000 166.041637 0.000000 0.000000 0.000000 
0.000000 0.000000 166.041637 166.040965 166.041637 0.000000 0.000000 
0.000000 0.000000 166.040630 166.039958 166.040630 0.000000 0.000000 
0.000000 0.000000 166.039958 166.039286 166.039958 0.000000 0.000000 
0.000000 166.041301 166.038951 166.038279 166.038951 166.041301 0.000000 
0.000000 166.040294 166.038279 166.037608 166.038279 166.040294 0.000000 
0.000000 166.039622 166.037608 166.036600 166.037608 166.039622 0.000000 
0.000000 166.038615 166.036600 166.035929 166.036600 166.038615 0.000000 
0.000000 166.037943 166.035929 166.034921 166.035929 166.037943 0.000000 
166.041301 166.037272 166.034921 166.034250 166.034921 166.037272 166.041301 
166.040630 166.036600 166.034250 166.033242 166.034250 166.036600 166.040630 
166.039958 166.035593 166.033242 166.032571 166.033242 166.035593 166.039958 
166.039286 166.034921 166.032571 166.031563 166.032571 166.034921 166.039286 
166.038951 166.033914 166.031563 166.030892 166.031563 166.033914 166.038951 
166.038279 166.033242 166.030892 166.029885 166.030892 166.033242 166.038279 
166.037608 166.032571 166.029885 166.029213 166.029885 166.032571 166.037608 
166.036936 166.031899 166.029213 166.028206 166.029213 166.031899 166.036936 
166.036600 166.030892 166.028206 166.027534 166.028206 166.030892 166.036600 
166.035929 166.030220 166.027534 166.026527 166.027534 166.030220 166.035929 
166.035257 166.029549 166.026527 166.025855 166.026527 166.029549 166.035257 
166.034921 166.028541 166.025855 166.024848 166.025855 166.028541 166.034921 
166.034250 166.027870 166.024848 166.024176 166.024848 166.027870 166.034250 
166.033578 166.027198 166.024176 166.023169 166.024176 166.027198 166.033578 
166.033242 166.026527 166.023169 166.022497 166.023169 166.026527 166.033242 
166.032571 166.025519 166.022497 166.021490 166.022497 166.025519 166.032571 
166.031899 166.024848 166.021490 166.020818 166.021490 166.024848 166.031899 
166.031563 166.024512 166.020818 166.019811 166.020818 166.024512 166.031563 
166.031228 166.023840 166.019811 166.019140 166.019811 166.023840 166.031228 
166.031228 166.023169 166.019140 166.018132 166.019140 166.023169 166.031228 
166.031228 166.022497 166.018468 166.017461 166.018468 166.022497 166.031228 
166.031563 166.022162 166.017461 166.016453 166.017461 166.022162 166.031563 
166.031563 166.021490 166.016789 166.015782 166.016789 166.021490 166.031563 
166.031899 166.020818 166.016118 166.014774 166.016118 166.020818 166.031899 
166.032571 166.020147 166.015110 166.014103 166.015110 166.020147 166.032571 
166.032907 166.019811 166.014439 166.013095 166.014439 166.019811 166.032907 
166.033242 166.019140 166.013431 166.012424 166.013431 166.019140 166.033242 
166.034585 166.018804 166.012760 166.011417 166.012760 166.018804 166.034585 
166.035929 166.018804 166.011752 166.010745 166.011752 166.018804 166.035929 
166.037608 166.018804 166.011081 166.009738 166.011081 166.018804 166.037608 
166.039286 166.019140 166.010409 166.009066 166.010409 166.019140 166.039286 
166.041637 166.019475 166.009402 166.008059 166.009402 166.019475 166.041637 
0.000000 166.020147 166.008730 166.007387 166.008730 166.020147 0.000000 
0.000000 166.021490 166.008059 166.006380 166.008059 166.021490 0.000000 
0.000000 166.022833 166.007387 166.005708 166.007387 166.022833 0.000000 
0.000000 166.025184 166.007051 166.004701 166.007051 166.025184 0.000000 
0.000000 166.028541 166.006380 166.004029 166.006380 166.028541 0.000000 
0.000000 166.033914 166.006380 166.003022 166.006380 166.033914 0.000000 
0.000000 0.000000 166.006716 166.002350 166.006716 0.000000 0.000000 
0.000000 0.000000 166.008395 166.001343 166.008395 0.000000 0.000000 
0.000000 0.000000 166.013767 166.000672 166.013767 0.000000 0.000000 
0.000000 0.000000 166.036936 166.000000 166.036936 0.000000 0.000000 
