test/output/constant/M395_S060_A090_WD315.0_WS015.0/M395_S060_A090_WD315.0_WS015.0_ros.asc
ncols         16
nrows         61
xllcorner     426503.990666
yllcorner     12742755.311160
cellsize      100.000000
NODATA_value  0.000000
0.536982 -1.000000 0.897488 0.000000 0.000000 0.000000 0.000000 0.000000 0.000000 0.000000 0.000000 0.000000 0.000000 0.000000 0.000000 0.000000 
14.719502 103.005951 70.671173 1.238763 0.000000 0.000000 0.000000 0.000000 0.000000 0.000000 0.000000 0.000000 0.000000 0.000000 0.000000 0.000000 
21.280355 103.005951 96.780762 70.671173 0.000000 0.000000 0.000000 0.000000 0.000000 0.000000 0.000000 0.000000 0.000000 0.000000 0.000000 0.000000 
14.719502 103.005951 91.868813 78.612488 62.168232 0.000000 0.000000 0.000000 0.000000 0.000000 0.000000 0.000000 0.000000 0.000000 0.000000 0.000000 
54.506325 103.005951 103.005951 70.671173 62.168232 0.000000 0.000000 0.000000 0.000000 0.000000 0.000000 0.000000 0.000000 0.000000 0.000000 0.000000 
36.981728 86.614365 103.005951 96.780762 70.671173 62.168232 0.000000 0.000000 0.000000 0.000000 0.000000 0.000000 0.000000 0.000000 0.000000 0.000000 
71.742989 97.327911 103.005951 103.005951 70.671173 70.671173 0.000000 0.000000 0.000000 0.000000 0.000000 0.000000 0.000000 0.000000 0.000000 0.000000 
14.719502 28.776960 103.005951 96.780762 100.337196 70.671173 62.168232 0.000000 0.000000 0.000000 0.000000 0.000000 0.000000 0.000000 0.000000 0.000000 
21.280355 86.614365 103.005951 103.005951 70.671173 70.671173 70.671173 0.000000 0.000000 0.000000 0.000000 0.000000 0.000000 0.000000 0.000000 0.000000 
36.981728 71.742989 102.592346 103.005951 102.429955 70.671173 70.671173 0.000000 0.000000 0.000000 0.000000 0.000000 0.000000 0.000000 0.000000 0.000000 
45.645817 71.742989 92.585495 103.005951 103.005951 70.671173 78.612488 70.671173 0.000000 0.000000 0.000000 0.000000 0.000000 0.000000 0.000000 0.000000 
28.776960 86.614365 103.005951 103.005951 103.005951 0.563228 78.612488 70.671173 0.000000 0.000000 0.000000 0.000000 0.000000 0.000000 0.000000 0.000000 
45.645817 45.645817 92.585495 103.005951 103.005951 103.005951 70.671173 70.671173 0.000000 0.000000 0.000000 0.000000 0.000000 0.000000 0.000000 0.000000 
21.280355 21.280355 14.719502 103.005951 103.005951 96.780762 70.671173 70.671173 70.671173 0.000000 0.000000 0.000000 0.000000 0.000000 0.000000 0.000000 
45.645817 45.645817 79.595818 103.005951 103.005951 100.337196 102.841400 70.671173 70.671173 0.000000 0.000000 0.000000 0.000000 0.000000 0.000000 0.000000 
45.645817 21.280355 92.585495 21.280355 103.005951 96.780762 100.337196 70.671173 78.612488 0.000000 0.000000 0.000000 0.000000 0.000000 0.000000 0.000000 
28.776960 36.981728 71.742989 103.005951 103.005951 96.780762 103.005951 100.337196 70.671173 70.671173 0.000000 0.000000 0.000000 0.000000 0.000000 0.000000 
0.000000 54.506325 86.614365 103.005951 103.005951 103.005951 100.337196 103.005951 78.612488 78.612488 0.000000 0.000000 0.000000 0.000000 0.000000 0.000000 
0.000000 28.776960 97.327911 86.614365 103.005951 103.005951 103.005951 103.005951 78.612488 70.671173 0.000000 0.000000 0.000000 0.000000 0.000000 0.000000 
0.000000 45.645817 71.742989 103.005951 103.005951 103.005951 103.005951 78.612488 70.671173 70.671173 70.671173 0.000000 0.000000 0.000000 0.000000 0.000000 
0.000000 21.280355 28.776960 102.592346 103.005951 103.005951 103.005951 103.005951 78.612488 70.671173 70.671173 0.000000 0.000000 0.000000 0.000000 0.000000 
0.000000 45.645817 86.614365 97.327911 103.005951 103.005951 103.005951 103.005951 100.337196 78.612488 70.671173 0.000000 0.000000 0.000000 0.000000 0.000000 
0.000000 54.506325 79.595818 28.776960 103.005951 103.005951 103.005951 102.841400 78.612488 103.005951 78.612488 0.000000 0.000000 0.000000 0.000000 0.000000 
0.000000 71.742989 71.742989 97.327911 79.595818 103.005951 103.005951 103.005951 100.337196 103.005951 70.671173 78.612488 0.000000 0.000000 0.000000 0.000000 
0.000000 54.506325 36.981728 92.585495 103.005951 103.005951 103.005951 103.005951 103.005951 70.671173 70.671173 70.671173 0.000000 0.000000 0.000000 0.000000 
0.000000 28.776960 79.595818 79.595818 92.585495 103.005951 103.005951 103.005951 103.005951 103.005951 70.671173 70.671173 0.000000 0.000000 0.000000 0.000000 
0.000000 45.645817 71.742989 86.614365 103.005951 103.005951 103.005951 103.005951 102.429955 96.780762 103.005951 70.671173 0.000000 0.000000 0.000000 0.000000 
0.000000 0.000000 28.776960 28.776960 86.614365 92.585495 103.005951 103.005951 96.780762 103.005951 100.337196 70.671173 70.671173 0.000000 0.000000 0.000000 
0.000000 0.000000 79.595818 79.595818 63.294315 103.005951 103.005951 103.005951 103.005951 103.005951 103.005951 103.005951 70.671173 0.000000 0.000000 0.000000 
0.000000 0.000000 71.742989 79.595818 103.005951 103.005951 103.005951 102.429955 103.005951 91.868813 103.005951 96.780762 78.612488 0.000000 0.000000 0.000000 
0.000000 0.000000 86.614365 14.719502 79.595818 103.005951 103.005951 103.005951 103.005951 96.780762 103.005951 103.005951 70.671173 0.000000 0.000000 0.000000 
0.000000 0.000000 54.506325 71.742989 102.922806 86.614365 103.005951 103.005951 103.005951 100.337196 102.429955 103.005951 103.005951 0.000000 0.000000 0.000000 
0.000000 0.000000 0.000000 71.742989 79.595818 102.922806 103.005951 103.005951 103.005951 103.005951 103.005951 102.841400 70.671173 78.612488 0.000000 0.000000 
0.000000 0.000000 0.000000 92.585495 92.585495 103.005951 103.005951 103.005951 103.005951 103.005951 96.780762 103.005951 70.671173 70.671173 0.000000 0.000000 
0.000000 0.000000 0.000000 14.719502 63.294315 97.327911 103.005951 103.005951 96.780762 103.005951 103.005951 102.841400 102.841400 70.671173 0.000000 0.000000 
0.000000 0.000000 0.000000 79.595818 86.614365 103.005951 103.005951 103.005951 103.005951 103.005951 103.005951 103.005951 96.780762 103.005951 0.000000 0.000000 
0.000000 0.000000 0.000000 79.595818 97.327911 97.327911 103.005951 103.005951 103.005951 103.005951 100.337196 85.750710 103.005951 70.671173 0.000000 0.000000 
0.000000 0.000000 0.000000 0.000000 79.595818 86.614365 103.005951 21.280355 103.005951 103.005951 103.005951 100.337196 78.612488 70.671173 103.005951 0.000000 
0.000000 0.000000 0.000000 0.000000 86.614365 92.585495 92.585495 103.005951 103.005951 103.005951 100.337196 103.005951 78.612488 70.671173 100.337196 0.000000 
0.000000 0.000000 0.000000 0.000000 14.719502 79.595818 103.005951 103.005951 103.005951 96.780762 103.005951 103.005951 102.429955 103.005951 103.005951 0.000000 
0.000000 0.000000 0.000000 0.000000 71.742989 97.327911 71.742989 97.327911 103.005951 103.005951 103.005951 103.005951 103.005951 78.612488 102.429955 0.000000 
0.000000 0.000000 0.000000 0.000000 0.000000 71.742989 103.005951 92.585495 103.005951 103.005951 103.005951 96.780762 103.005951 102.841400 103.005951 0.000000 
0.000000 0.000000 0.000000 0.000000 0.000000 100.697624 103.005951 103.005951 103.005951 103.005951 103.005951 103.005951 103.005951 102.841400 102.429955 0.000000 
0.000000 0.000000 0.000000 0.000000 0.000000 28.776960 86.614365 102.922806 103.005951 103.005951 103.005951 102.429955 103.005951 78.612488 100.337196 0.000000 
0.000000 0.000000 0.000000 0.000000 0.000000 0.000000 103.005951 103.005951 103.005951 103.005951 103.005951 103.005951 103.005951 91.868813 102.429955 0.000000 
0.000000 0.000000 0.000000 0.000000 0.000000 0.000000 100.697624 103.005951 103.005951 103.005951 103.005951 103.005951 102.429955 103.005951 103.005951 0.000000 
0.000000 0.000000 0.000000 0.000000 0.000000 0.000000 71.742989 36.981728 103.005951 102.922806 103.005951 103.005951 103.005951 78.612488 100.337196 78.612488 
0.000000 0.000000 0.000000 0.000000 0.000000 0.000000 92.585495 97.327911 103.005951 103.005951 103.005951 100.337196 103.005951 100.337196 100.337196 103.005951 
0.000000 0.000000 0.000000 0.000000 0.000000 0.000000 0.000000 103.005951 97.327911 92.585495 103.005951 103.005951 103.005951 102.841400 103.005951 100.337196 
0.000000 0.000000 0.000000 0.000000 0.000000 0.000000 0.000000 92.585495 92.585495 103.005951 103.005951 103.005951 103.005951 103.005951 100.337196 103.005951 
0.000000 0.000000 0.000000 0.000000 0.000000 0.000000 0.000000 102.922806 102.592346 103.005951 103.005951 103.005951 103.005951 103.005951 100.337196 100.337196 
0.000000 0.000000 0.000000 0.000000 0.000000 0.000000 0.000000 0.000000 36.981728 103.005951 103.005951 103.005951 103.005951 103.005951 103.005951 103.005951 
0.000000 0.000000 0.000000 0.000000 0.000000 0.000000 0.000000 0.000000 103.005951 103.005951 103.005951 103.005951 103.005951 102.429955 100.337196 103.005951 
0.000000 0.000000 0.000000 0.000000 0.000000 0.000000 0.000000 0.000000 0.000000 103.005951 103.005951 103.005951 103.005951 103.005951 103.005951 100.337196 
0.000000 0.000000 0.000000 0.000000 0.000000 0.000000 0.000000 0.000000 0.000000 28.776960 103.005951 103.005951 103.005951 103.005951 102.841400 91.868813 
0.000000 0.000000 0.000000 0.000000 0.000000 0.000000 0.000000 0.000000 0.000000 103.005951 79.595818 103.005951 103.005951 103.005951 102.429955 103.005951 
0.000000 0.000000 0.000000 0.000000 0.000000 0.000000 0.000000 0.000000 0.000000 0.000000 102.592346 103.005951 103.005951 103.005951 103.005951 103.005951 
0.000000 0.000000 0.000000 0.000000 0.000000 0.000000 0.000000 0.000000 0.000000 0.000000 103.005951 103.005951 103.005951 96.780762 103.005951 103.005951 
0.000000 0.000000 0.000000 0.000000 0.000000 0.000000 0.000000 0.000000 0.000000 0.000000 0.000000 103.005951 103.005951 103.005951 103.005951 103.005951 
0.000000 0.000000 0.000000 0.000000 0.000000 0.000000 0.000000 0.000000 0.000000 0.000000 0.000000 102.922806 103.005951 103.005951 103.005951 0.000000 
0.000000 0.000000 0.000000 0.000000 0.000000 0.000000 0.000000 0.000000 0.000000 0.000000 0.000000 0.000000 103.005951 103.005951 103.005951 0.000000 
