test/output/constant/M395_S060_A090_WD315.0_WS015.0/M395_S060_A090_WD315.0_WS015.0_intensity.asc
ncols         16
nrows         61
xllcorner     426503.990666
yllcorner     12742755.311160
cellsize      100.000000
NODATA_value  0.000000
493 0 824 0 0 0 0 0 0 0 0 0 0 0 0 0 
13515 94577 64888 1137 0 0 0 0 0 0 0 0 0 0 0 0 
19539 94577 88861 64888 0 0 0 0 0 0 0 0 0 0 0 0 
13515 94577 84351 72179 57081 0 0 0 0 0 0 0 0 0 0 0 
50046 94577 94577 64888 57081 0 0 0 0 0 0 0 0 0 0 0 
33955 79526 94577 88861 64888 57081 0 0 0 0 0 0 0 0 0 0 
65872 89363 94577 94577 64888 64888 0 0 0 0 0 0 0 0 0 0 
13515 26422 94577 88861 92126 64888 57081 0 0 0 0 0 0 0 0 0 
19539 79526 94577 94577 64888 64888 64888 0 0 0 0 0 0 0 0 0 
33955 65872 94197 94577 94048 64888 64888 0 0 0 0 0 0 0 0 0 
41910 65872 85009 94577 94577 64888 72179 64888 0 0 0 0 0 0 0 0 
26422 79526 94577 94577 94577 517 72179 64888 0 0 0 0 0 0 0 0 
41910 41910 85009 94577 94577 94577 64888 64888 0 0 0 0 0 0 0 0 
19539 19539 13515 94577 94577 88861 64888 64888 64888 0 0 0 0 0 0 0 
41910 41910 73082 94577 94577 92126 94426 64888 64888 0 0 0 0 0 0 0 
41910 19539 85009 19539 94577 88861 92126 64888 72179 0 0 0 0 0 0 0 
26422 33955 65872 94577 94577 88861 94577 92126 64888 64888 0 0 0 0 0 0 
0 50046 79526 94577 94577 94577 92126 94577 72179 72179 0 0 0 0 0 0 
0 26422 89363 79526 94577 94577 94577 94577 72179 64888 0 0 0 0 0 0 
0 41910 65872 94577 94577 94577 94577 72179 64888 64888 64888 0 0 0 0 0 
0 19539 26422 94197 94577 94577 94577 94577 72179 64888 64888 0 0 0 0 0 
0 41910 79526 89363 94577 94577 94577 94577 92126 72179 64888 0 0 0 0 0 
0 50046 73082 26422 94577 94577 94577 94426 72179 94577 72179 0 0 0 0 0 
0 65872 65872 89363 73082 94577 94577 94577 92126 94577 64888 72179 0 0 0 0 
0 50046 33955 85009 94577 94577 94577 94577 94577 64888 64888 64888 0 0 0 0 
0 26422 73082 73082 85009 94577 94577 94577 94577 94577 64888 64888 0 0 0 0 
0 41910 65872 79526 94577 94577 94577 94577 94048 88861 94577 64888 0 0 0 0 
0 0 26422 26422 79526 85009 94577 94577 88861 94577 92126 64888 64888 0 0 0 
0 0 73082 73082 58115 94577 94577 94577 94577 94577 94577 94577 64888 0 0 0 
0 0 65872 73082 94577 94577 94577 94048 94577 84351 94577 88861 72179 0 0 0 
0 0 79526 13515 73082 94577 94577 94577 94577 88861 94577 94577 64888 0 0 0 
0 0 50046 65872 94500 79526 94577 94577 94577 92126 94048 94577 94577 0 0 0 
0 0 0 65872 73082 94500 94577 94577 94577 94577 94577 94426 64888 72179 0 0 
0 0 0 85009 85009 94577 94577 94577 94577 94577 88861 94577 64888 64888 0 0 
0 0 0 13515 58115 89363 94577 94577 88861 94577 94577 94426 94426 64888 0 0 
0 0 0 73082 79526 94577 94577 94577 94577 94577 94577 94577 88861 94577 0 0 
0 0 0 73082 89363 89363 94577 94577 94577 94577 92126 78734 94577 64888 0 0 
0 0 0 0 73082 79526 94577 19539 94577 94577 94577 92126 72179 64888 94577 0 
0 0 0 0 79526 85009 85009 94577 94577 94577 92126 94577 72179 64888 92126 0 
0 0 0 0 13515 73082 94577 94577 94577 88861 94577 94577 94048 94577 94577 0 
0 0 0 0 65872 89363 65872 89363 94577 94577 94577 94577 94577 72179 94048 0 
0 0 0 0 0 65872 94577 85009 94577 94577 94577 88861 94577 94426 94577 0 
0 0 0 0 0 92457 94577 94577 94577 94577 94577 94577 94577 94426 94048 0 
0 0 0 0 0 26422 79526 94500 94577 94577 94577 94048 94577 72179 92126 0 
0 0 0 0 0 0 94577 94577 94577 94577 94577 94577 94577 84351 94048 0 
0 0 0 0 0 0 92457 94577 94577 94577 94577 94577 94048 94577 94577 0 
0 0 0 0 0 0 65872 33955 94577 94500 94577 94577 94577 72179 92126 72179 
0 0 0 0 0 0 85009 89363 94577 94577 94577 92126 94577 92126 92126 94577 
0 0 0 0 0 0 0 94577 89363 85009 94577 94577 94577 94426 94577 92126 
0 0 0 0 0 0 0 85009 85009 94577 94577 94577 94577 94577 92126 94577 
0 0 0 0 0 0 0 94500 94197 94577 94577 94577 94577 94577 92126 92126 
0 0 0 0 0 0 0 0 33955 94577 94577 94577 94577 94577 94577 94577 
0 0 0 0 0 0 0 0 94577 94577 94577 94577 94577 94048 92126 94577 
0 0 0 0 0 0 0 0 0 94577 94577 94577 94577 94577 94577 92126 
0 0 0 0 0 0 0 0 0 26422 94577 94577 94577 94577 94426 84351 
0 0 0 0 0 0 0 0 0 94577 73082 94577 94577 94577 94048 94577 
0 0 0 0 0 0 0 0 0 0 94197 94577 94577 94577 94577 94577 
0 0 0 0 0 0 0 0 0 0 94577 94577 94577 88861 94577 94577 
0 0 0 0 0 0 0 0 0 0 0 94577 94577 94577 94577 94577 
0 0 0 0 0 0 0 0 0 0 0 94500 94577 94577 94577 0 
0 0 0 0 0 0 0 0 0 0 0 0 94577 94577 94577 0 
