test/output/constant/M395_S060_A180_WD270.0_WS030.0/M395_S060_A180_WD270.0_WS030.0_arrival.asc
ncols         65
nrows         9
xllcorner     426603.990666
yllcorner     12748355.311160
cellsize      100.000000
NODATA_value  0.000000
0.000000 0.000000 0.000000 0.000000 0.000000 0.000000 0.000000 0.000000 0.000000 0.000000 0.000000 0.000000 0.000000 0.000000 0.000000 0.000000 0.000000 0.000000 0.000000 0.000000 166.041160 166.040124 166.039607 166.038830 166.038312 166.038053 166.037536 166.037018 166.037018 166.036759 166.036500 166.036241 166.036241 166.036241 166.036241 166.036241 166.036500 166.037018 166.037277 166.037794 166.038053 166.038571 166.039089 166.039348 166.039865 166.040383 166.040642 166.041160 166.041667 0.000000 0.000000 0.000000 0.000000 0.000000 0.000000 0.000000 0.000000 0.000000 0.000000 0.000000 0.000000 0.000000 0.000000 0.000000 0.000000 
0.000000 0.000000 0.000000 0.000000 0.000000 0.000000 0.000000 0.000000 0.000000 166.040124 166.037018 166.034688 166.032876 166.031323 166.029770 166.028734 166.027958 166.027440 166.027181 166.026663 166.026404 166.026145 166.026145 166.025887 166.025887 166.025887 166.026145 166.026663 166.026922 166.027440 166.027699 166.028216 166.028734 166.029252 166.029511 166.030028 166.030546 166.030805 166.031323 166.031841 166.032358 166.032617 166.033135 166.033653 166.034170 166.034688 166.035206 166.035724 166.036500 166.037018 166.037536 166.038053 166.038571 166.039348 166.039865 166.040383 166.041160 166.041667 0.000000 0.000000 0.000000 0.000000 0.000000 0.000000 0.000000 
0.000000 0.000000 0.000000 166.038830 166.030546 166.025628 166.022262 166.019933 166.018638 166.017344 166.016826 166.016309 166.015791 166.015791 166.015532 166.015532 166.015791 166.016309 166.016567 166.017085 166.017603 166.018121 166.018379 166.018897 166.019415 166.019933 166.020192 166.020968 166.021486 166.022004 166.022521 166.023039 166.023557 166.024333 166.024851 166.025369 166.026145 166.026663 166.027181 166.027699 166.028475 166.028993 166.029511 166.030287 166.030805 166.031323 166.032099 166.032617 166.033394 166.033911 166.034688 166.035206 166.035724 166.036241 166.037018 166.037536 166.038312 166.038830 166.039607 166.040124 166.040901 166.041419 0.000000 0.000000 0.000000 
166.033911 166.011649 166.007507 166.005954 166.005436 166.005436 166.005436 166.005954 166.006472 166.006989 166.007507 166.008025 166.008543 166.009319 166.009837 166.010614 166.011131 166.011908 166.012426 166.012943 166.013720 166.014238 166.015014 166.015532 166.016309 166.016826 166.017344 166.018121 166.018638 166.019415 166.019933 166.020709 166.021227 166.021745 166.022521 166.023039 166.023816 166.024333 166.025110 166.025628 166.026404 166.026922 166.027699 166.028216 166.028993 166.029511 166.030287 166.030805 166.031323 166.032099 166.032617 166.033394 166.033911 166.034688 166.035206 166.035982 166.036500 166.037277 166.037794 166.038571 166.039089 166.039865 166.040383 166.041160 166.041667 
166.000000 166.000518 166.001035 166.001812 166.002330 166.003106 166.003624 166.004401 166.004918 166.005695 166.006213 166.006989 166.007507 166.008284 166.008801 166.009578 166.010096 166.010872 166.011390 166.012167 166.012684 166.013461 166.013979 166.014755 166.015273 166.016050 166.016567 166.017344 166.017862 166.018638 166.019156 166.019933 166.020450 166.021227 166.021745 166.022521 166.023039 166.023816 166.024333 166.025110 166.025628 166.026404 166.026922 166.027699 166.028216 166.028993 166.029511 166.030287 166.030805 166.031582 166.032099 166.032876 166.033394 166.034170 166.034688 166.035465 166.035982 166.036759 166.037277 166.038053 166.038571 166.039348 166.039865 166.040642 166.041160 
166.033911 166.011649 166.007507 166.005954 166.005436 166.005436 166.005436 166.005954 166.006472 166.006989 166.007507 166.008025 166.008543 166.009319 166.009837 166.010614 166.011131 166.011908 166.012426 166.012943 166.013720 166.014238 166.015014 166.015532 166.016309 166.016826 166.017344 166.018121 166.018638 166.019415 166.019933 166.020709 166.021227 166.021745 166.022521 166.023039 166.023816 166.024333 166.025110 166.025628 166.026404 166.026922 166.027699 166.028216 166.028993 166.029511 166.030287 166.030805 166.031323 166.032099 166.032617 166.033394 166.033911 166.034688 166.035206 166.035982 166.036500 166.037277 166.037794 166.038571 166.039089 166.039865 166.040383 166.041160 166.041667 
0.000000 0.000000 0.000000 166.038830 166.030546 166.025628 166.022262 166.019933 166.018638 166.017344 166.016826 166.016309 166.015791 166.015791 166.015532 166.015532 166.015791 166.016309 166.016567 166.017085 166.017603 166.018121 166.018379 166.018897 166.019415 166.019933 166.020192 166.020968 166.021486 166.022004 166.022521 166.023039 166.023557 166.024333 166.024851 166.025369 166.026145 166.026663 166.027181 166.027699 166.028475 166.028993 166.029511 166.030287 166.030805 166.031323 166.032099 166.032617 166.033394 166.033911 166.034688 166.035206 166.035724 166.036241 166.037018 166.037536 166.038312 166.038830 166.039607 166.040124 166.040901 166.041419 0.000000 0.000000 0.000000 
0.000000 0.000000 0.000000 0.000000 0.000000 0.000000 0.000000 0.000000 0.000000 166.040124 166.037018 166.034688 166.032876 166.031323 166.029770 166.028734 166.027958 166.027440 166.027181 166.026663 166.026404 166.026145 166.026145 166.025887 166.025887 166.025887 166.026145 166.026663 166.026922 166.027440 166.027699 166.028216 166.028734 166.029252 166.029511 166.030028 166.030546 166.030805 166.031323 166.031841 166.032358 166.032617 166.033135 166.033653 166.034170 166.034688 166.035206 166.035724 166.036500 166.037018 166.037536 166.038053 166.038571 166.039348 166.039865 166.040383 166.041160 166.041667 0.000000 0.000000 0.000000 0.000000 0.000000 0.000000 0.000000 
0.000000 0.000000 0.000000 0.000000 0.000000 0.000000 0.000000 0.000000 0.000000 0.000000 0.000000 0.000000 0.000000 0.000000 0.000000 0.000000 0.000000 0.000000 0.000000 0.000000 166.041160 166.040124 166.039607 166.038830 166.038312 166.038053 166.037536 166.037018 166.037018 166.036759 166.036500 166.036241 166.036241 166.036241 166.036241 166.036241 166.036500 166.037018 166.037277 166.037794 166.038053 166.038571 166.039089 166.039348 166.039865 166.040383 166.040642 166.041160 166.041667 0.000000 0.000000 0.000000 0.000000 0.000000 0.000000 0.000000 0.000000 0.000000 0.000000 0.000000 0.000000 0.000000 0.000000 0.000000 0.000000 
