test/output/constant/M3M480_S060_A270_WD315.0_WS045.0/M3M480_S060_A270_WD315.0_WS045.0_arrival.asc
ncols         32
nrows         11
xllcorner     426503.990666
yllcorner     12748555.311160
cellsize      100.000000
NODATA_value  0.000000
0.000000 0.000000 0.000000 0.000000 0.000000 0.000000 0.000000 0.000000 0.000000 0.000000 0.000000 0.000000 0.000000 0.000000 0.000000 0.000000 0.000000 0.000000 0.000000 0.000000 0.000000 0.000000 166.041542 166.041542 166.041542 166.041542 166.041667 0.000000 0.000000 0.000000 0.000000 0.000000 
0.000000 0.000000 0.000000 0.000000 0.000000 0.000000 0.000000 0.000000 0.000000 0.000000 0.000000 0.000000 0.000000 0.000000 0.000000 166.041070 166.038709 166.037765 166.036821 166.036349 166.035877 166.035877 166.035877 166.036349 166.036821 166.036821 166.037765 166.038709 166.039181 166.040126 166.041070 0.000000 
0.000000 0.000000 0.000000 0.000000 0.000000 0.000000 0.000000 0.000000 0.000000 0.000000 0.000000 166.039654 166.036349 166.034461 166.032573 166.031628 166.030684 166.030212 166.030212 166.030684 166.030684 166.031156 166.031628 166.032573 166.033517 166.033989 166.034933 166.036349 166.037765 166.039181 166.040598 166.041667 
0.000000 0.000000 0.000000 0.000000 0.000000 0.000000 0.000000 0.000000 166.036821 166.033045 166.029740 166.027380 166.025964 166.025492 166.025020 166.025020 166.025020 166.025492 166.025964 166.026436 166.027380 166.028324 166.029268 166.030684 166.032100 166.033517 166.034933 166.036349 166.037765 166.039181 166.040598 166.041667 
0.000000 0.000000 0.000000 0.000000 0.000000 166.036821 166.030684 166.025964 166.022659 166.020771 166.019827 166.019355 166.019355 166.019827 166.020299 166.020771 166.021243 166.022187 166.023603 166.025020 166.026436 166.027852 166.029268 166.030684 166.032100 166.033517 166.034933 166.036349 166.037765 166.039181 166.041070 0.000000 
0.000000 0.000000 0.000000 166.032573 166.024547 166.019355 166.016050 166.014634 166.014162 166.014162 166.014162 166.014634 166.015578 166.016522 166.017939 166.019355 166.020771 166.022187 166.023603 166.025020 166.026436 166.027852 166.029268 166.030684 166.032573 166.033989 166.035877 166.037765 166.039654 166.041542 0.000000 0.000000 
0.000000 166.032573 166.019827 166.012746 166.009441 166.008497 166.008497 166.008969 166.009441 166.010858 166.012274 166.013690 166.015106 166.016522 166.017939 166.019355 166.020771 166.022187 166.024075 166.025964 166.027380 166.029268 166.031156 166.033045 166.034933 166.037293 166.039181 166.041070 0.000000 0.000000 0.000000 0.000000 
166.039654 166.007081 166.002832 166.002832 166.003777 166.005193 166.006609 166.008025 166.009441 166.010858 166.012274 166.013690 166.015578 166.017466 166.019355 166.021243 166.023131 166.025020 166.027380 166.029268 166.031628 166.033517 166.035405 166.037765 166.040126 0.000000 0.000000 0.000000 0.000000 0.000000 0.000000 0.000000 
166.032100 166.000000 166.000944 166.002360 166.003777 166.005193 166.007081 166.008969 166.011330 166.013218 166.015578 166.017466 166.019827 166.022187 166.024075 166.026436 166.028324 166.030684 166.033045 166.035405 166.037293 166.039654 166.041667 0.000000 0.000000 0.000000 0.000000 0.000000 0.000000 0.000000 0.000000 0.000000 
0.000000 166.016050 166.014162 166.014162 166.014634 166.016522 166.018411 166.019827 166.022187 166.024547 166.026908 166.028796 166.031156 166.033517 166.035405 166.037765 166.039654 0.000000 0.000000 0.000000 0.000000 0.000000 0.000000 0.000000 0.000000 0.000000 0.000000 0.000000 0.000000 0.000000 0.000000 0.000000 
0.000000 0.000000 0.000000 166.041667 166.040126 166.040126 166.039654 166.040126 166.040598 0.000000 0.000000 0.000000 0.000000 0.000000 0.000000 0.000000 0.000000 0.000000 0.000000 0.000000 0.000000 0.000000 0.000000 0.000000 0.000000 0.000000 0.000000 0.000000 0.000000 0.000000 0.000000 0.000000 
