test/output/constant/M3M465_S060_A090_WD000.0_WS005.0/M3M465_S060_A090_WD000.0_WS005.0_arrival.asc
ncols         9
nrows         39
xllcorner     426203.990666
yllcorner     12744955.311160
cellsize      100.000000
NODATA_value  0.000000
0.000000 0.000000 0.000000 166.019256 166.000000 166.019256 0.000000 0.000000 0.000000 
0.000000 0.000000 0.000000 166.008315 166.000875 166.008315 0.000000 0.000000 0.000000 
0.000000 0.000000 166.036761 166.006127 166.001751 166.006127 166.036761 0.000000 0.000000 
0.000000 0.000000 166.028008 166.006127 166.003063 166.006127 166.028008 0.000000 0.000000 
0.000000 0.000000 166.023194 166.006127 166.003939 166.006127 166.023194 0.000000 0.000000 
0.000000 0.000000 166.020568 166.007002 166.005252 166.007002 166.020568 0.000000 0.000000 
0.000000 0.000000 166.018818 166.007877 166.006127 166.007877 166.018818 0.000000 0.000000 
0.000000 166.038074 166.018380 166.008753 166.007440 166.008753 166.018380 166.038074 0.000000 
0.000000 166.035010 166.017943 166.009628 166.008315 166.009628 166.017943 166.035010 0.000000 
0.000000 166.033260 166.017943 166.010503 166.009628 166.010503 166.017943 166.033260 0.000000 
0.000000 166.031509 166.017943 166.011816 166.010503 166.011816 166.017943 166.031509 0.000000 
0.000000 166.030634 166.018380 166.012691 166.011816 166.012691 166.018380 166.030634 0.000000 
0.000000 166.030196 166.018818 166.013566 166.012691 166.013566 166.018818 166.030196 0.000000 
0.000000 166.029759 166.019693 166.014879 166.014004 166.014879 166.019693 166.029759 0.000000 
0.000000 166.029759 166.020131 166.015755 166.014879 166.015755 166.020131 166.029759 0.000000 
0.000000 166.029759 166.021006 166.017067 166.016192 166.017067 166.021006 166.029759 0.000000 
0.000000 166.029759 166.021881 166.017943 166.017067 166.017943 166.021881 166.029759 0.000000 
0.000000 166.029759 166.022757 166.019256 166.018380 166.019256 166.022757 166.029759 0.000000 
166.041575 166.030196 166.023632 166.020131 166.019256 166.020131 166.023632 166.030196 166.041575 
166.041575 166.030634 166.024507 166.021444 166.020568 166.021444 166.024507 166.030634 166.041575 
166.041575 166.031509 166.025382 166.022319 166.021444 166.022319 166.025382 166.031509 166.041575 
166.041575 166.032384 166.026258 166.023194 166.022757 166.023194 166.026258 166.032384 166.041575 
166.041575 166.032822 166.027133 166.024507 166.023632 166.024507 166.027133 166.032822 166.041575 
166.041575 166.033697 166.028008 166.025382 166.024945 166.025382 166.028008 166.033697 166.041575 
166.041575 166.034573 166.029321 166.026695 166.025820 166.026695 166.029321 166.034573 166.041575 
0.000000 166.035010 166.030196 166.027570 166.027133 166.027570 166.030196 166.035010 0.000000 
0.000000 166.035885 166.031072 166.028883 166.028008 166.028883 166.031072 166.035885 0.000000 
0.000000 166.036761 166.031947 166.029759 166.029321 166.029759 166.031947 166.036761 0.000000 
0.000000 166.037636 166.033260 166.031072 166.030196 166.031072 166.033260 166.037636 0.000000 
0.000000 166.038511 166.034135 166.031947 166.031509 166.031947 166.034135 166.038511 0.000000 
0.000000 166.039386 166.035448 166.033260 166.032384 166.033260 166.035448 166.039386 0.000000 
0.000000 166.040262 166.036323 166.034135 166.033697 166.034135 166.036323 166.040262 0.000000 
0.000000 166.041137 166.037198 166.035448 166.034573 166.035448 166.037198 166.041137 0.000000 
0.000000 0.000000 166.038511 166.036323 166.035885 166.036323 166.038511 0.000000 0.000000 
0.000000 0.000000 166.039386 166.037198 166.036761 166.037198 166.039386 0.000000 0.000000 
0.000000 0.000000 166.040262 166.038511 166.038074 166.038511 166.040262 0.000000 0.000000 
0.000000 0.000000 166.041575 166.039386 166.038949 166.039386 166.041575 0.000000 0.000000 
0.000000 0.000000 0.000000 166.040699 166.040262 166.040699 0.000000 0.000000 0.000000 
0.000000 0.000000 0.000000 166.041575 166.041137 166.041575 0.000000 0.000000 0.000000 
