test/output/constant/C1_S060_A270_WD000.0_WS050.0/C1_S060_A270_WD000.0_WS050.0_arrival.asc
ncols         7
nrows         30
xllcorner     426303.990666
yllcorner     12745855.311160
cellsize      100.000000
NODATA_value  0.000000
0.000000 0.000000 166.034354 166.000000 166.034354 0.000000 0.000000 
0.000000 0.000000 166.011063 166.001165 166.011063 0.000000 0.000000 
0.000000 0.000000 166.008734 166.002329 166.008734 0.000000 0.000000 
0.000000 166.036683 166.008152 166.004076 166.008152 166.036683 0.000000 
0.000000 166.030278 166.008152 166.005240 166.008152 166.030278 0.000000 
0.000000 166.026784 166.009316 166.006987 166.009316 166.026784 0.000000 
0.000000 166.025037 166.010481 166.008152 166.010481 166.025037 0.000000 
0.000000 166.023873 166.011063 166.009898 166.011063 166.023873 0.000000 
0.000000 166.023291 166.012810 166.011063 166.012810 166.023291 0.000000 
0.000000 166.023291 166.013974 166.012810 166.013974 166.023291 0.000000 
166.041341 166.023291 166.015139 166.013974 166.015139 166.023291 166.041341 
166.040176 166.023873 166.016886 166.015721 166.016886 166.023873 166.040176 
166.039594 166.025037 166.018050 166.016886 166.018050 166.025037 166.039594 
166.039012 166.025620 166.019797 166.018632 166.019797 166.025620 166.039012 
166.038429 166.026784 166.020962 166.019797 166.020962 166.026784 166.038429 
166.038429 166.027949 166.022126 166.021544 166.022126 166.027949 166.038429 
166.038429 166.028531 166.023873 166.022708 166.023873 166.028531 166.038429 
166.039012 166.029695 166.025037 166.024455 166.025037 166.029695 166.039012 
166.039594 166.030860 166.026784 166.025620 166.026784 166.030860 166.039594 
166.040176 166.032025 166.027949 166.027366 166.027949 166.032025 166.040176 
166.041341 166.033189 166.029695 166.028531 166.029695 166.033189 166.041341 
0.000000 166.034936 166.030860 166.030278 166.030860 166.034936 0.000000 
0.000000 166.036100 166.032607 166.031442 166.032607 166.036100 0.000000 
0.000000 166.037265 166.033771 166.033189 166.033771 166.037265 0.000000 
0.000000 166.038429 166.034936 166.034354 166.034936 166.038429 0.000000 
0.000000 166.040176 166.036683 166.036100 166.036683 166.040176 0.000000 
0.000000 166.041341 166.037847 166.037265 166.037847 166.041341 0.000000 
0.000000 0.000000 166.039594 166.039012 166.039594 0.000000 0.000000 
0.000000 0.000000 166.040758 166.040176 166.040758 0.000000 0.000000 
0.000000 0.000000 0.000000 166.041667 0.000000 0.000000 0.000000 
