test/output/constant/M1M260_S060_A000_WD045.0_WS020.0/M1M260_S060_A000_WD045.0_WS020.0_arrival.asc
ncols         24
nrows         9
xllcorner     424303.990666
yllcorner     12747955.311160
cellsize      100.000000
NODATA_value  0.000000
0.000000 0.000000 0.000000 0.000000 0.000000 0.000000 0.000000 0.000000 0.000000 0.000000 0.000000 0.000000 0.000000 0.000000 0.000000 166.039989 166.033212 166.025756 166.018978 166.012878 166.006778 166.003389 166.001356 166.000000 
0.000000 0.000000 0.000000 0.000000 0.000000 0.000000 0.000000 0.000000 0.000000 0.000000 0.000000 0.000000 166.036600 166.031178 166.025078 166.020334 166.015589 166.011522 166.008811 166.006778 166.004745 166.003389 166.002711 166.013556 
0.000000 0.000000 0.000000 0.000000 0.000000 0.000000 0.000000 0.000000 0.000000 166.037956 166.033212 166.028467 166.023723 166.019656 166.016267 166.014234 166.012200 166.010167 166.008811 166.008133 166.008133 166.014234 166.036600 0.000000 
0.000000 0.000000 0.000000 0.000000 0.000000 0.000000 166.041345 166.036600 166.031856 166.027789 166.024400 166.021689 166.019656 166.017622 166.015589 166.014234 166.013556 166.013556 166.014911 166.019656 166.032534 0.000000 0.000000 0.000000 
0.000000 0.000000 0.000000 0.000000 166.040667 166.036600 166.033212 166.029823 166.027111 166.025078 166.023045 166.021011 166.019656 166.018300 166.018300 166.018978 166.021011 166.025756 166.035923 0.000000 0.000000 0.000000 0.000000 0.000000 
0.000000 0.000000 166.041345 166.037956 166.035245 166.032534 166.030500 166.028467 166.026434 166.025078 166.023723 166.023723 166.023723 166.024400 166.027111 166.031856 166.039989 0.000000 0.000000 0.000000 0.000000 0.000000 0.000000 0.000000 
0.000000 166.040667 166.037956 166.035923 166.033889 166.031856 166.030500 166.029823 166.029145 166.028467 166.029145 166.030500 166.033212 166.037956 0.000000 0.000000 0.000000 0.000000 0.000000 0.000000 0.000000 0.000000 0.000000 0.000000 
166.041345 166.039312 166.037956 166.035923 166.034567 166.033889 166.033889 166.033889 166.035245 166.036600 166.039312 0.000000 0.000000 0.000000 0.000000 0.000000 0.000000 0.000000 0.000000 0.000000 0.000000 0.000000 0.000000 0.000000 
166.041345 166.039989 166.039312 166.039312 166.039312 166.039312 166.040667 0.000000 0.000000 0.000000 0.000000 0.000000 0.000000 0.000000 0.000000 0.000000 0.000000 0.000000 0.000000 0.000000 0.000000 0.000000 0.000000 0.000000 
