test/output/constant/M370_S060_A180_WD270.0_WS020.0/M370_S060_A180_WD270.0_WS020.0_arrival.asc
ncols         50
nrows         7
xllcorner     426603.990666
yllcorner     12748455.311160
cellsize      100.000000
NODATA_value  0.000000
0.000000 0.000000 0.000000 0.000000 0.000000 0.000000 0.000000 0.000000 0.000000 166.040697 166.037984 166.035949 166.034254 166.033236 166.031880 166.031540 166.030862 166.030523 166.030184 166.030184 166.029845 166.029845 166.030184 166.030184 166.030862 166.031201 166.031880 166.032558 166.032897 166.033575 166.034254 166.034593 166.035271 166.035949 166.036628 166.037306 166.037645 166.038323 166.039002 166.039680 166.040358 166.041036 166.041667 0.000000 0.000000 0.000000 0.000000 0.000000 0.000000 0.000000 
0.000000 0.000000 0.000000 166.038323 166.031201 166.025775 166.022723 166.021027 166.019670 166.018992 166.018314 166.018314 166.017975 166.017975 166.018314 166.018653 166.019331 166.020009 166.020349 166.021027 166.021705 166.022384 166.022723 166.023401 166.024079 166.024758 166.025436 166.026453 166.027132 166.027810 166.028827 166.029506 166.030184 166.030862 166.031880 166.032558 166.033236 166.033914 166.034932 166.035610 166.036628 166.037306 166.037984 166.039002 166.039680 166.040697 166.041376 0.000000 0.000000 0.000000 
166.030184 166.011870 166.007461 166.006444 166.006105 166.006105 166.006783 166.007461 166.008139 166.008818 166.009496 166.010174 166.011192 166.011870 166.012887 166.013566 166.014244 166.014922 166.015940 166.016618 166.017296 166.018314 166.018992 166.020009 166.020688 166.021705 166.022384 166.023401 166.024079 166.025097 166.025775 166.026792 166.027471 166.028488 166.029166 166.030184 166.030862 166.031880 166.032558 166.033575 166.034254 166.035271 166.035949 166.036967 166.037645 166.038662 166.039341 166.040358 166.041036 0.000000 
166.000000 166.000678 166.001357 166.002374 166.003052 166.004070 166.004748 166.005765 166.006444 166.007461 166.008139 166.009157 166.009835 166.010853 166.011531 166.012548 166.013227 166.014244 166.014922 166.015940 166.016618 166.017635 166.018314 166.019331 166.020009 166.021027 166.021705 166.022723 166.023401 166.024418 166.025097 166.026114 166.026792 166.027810 166.028488 166.029506 166.030184 166.031201 166.031880 166.032897 166.033575 166.034593 166.035271 166.036288 166.036967 166.037984 166.038662 166.039680 166.040358 166.041376 
166.030184 166.011870 166.007461 166.006444 166.006105 166.006105 166.006783 166.007461 166.008139 166.008818 166.009496 166.010174 166.011192 166.011870 166.012887 166.013566 166.014244 166.014922 166.015940 166.016618 166.017296 166.018314 166.018992 166.020009 166.020688 166.021705 166.022384 166.023401 166.024079 166.025097 166.025775 166.026792 166.027471 166.028488 166.029166 166.030184 166.030862 166.031880 166.032558 166.033575 166.034254 166.035271 166.035949 166.036967 166.037645 166.038662 166.039341 166.040358 166.041036 0.000000 
0.000000 0.000000 0.000000 166.038323 166.031201 166.025775 166.022723 166.021027 166.019670 166.018992 166.018314 166.018314 166.017975 166.017975 166.018314 166.018653 166.019331 166.020009 166.020349 166.021027 166.021705 166.022384 166.022723 166.023401 166.024079 166.024758 166.025436 166.026453 166.027132 166.027810 166.028827 166.029506 166.030184 166.030862 166.031880 166.032558 166.033236 166.033914 166.034932 166.035610 166.036628 166.037306 166.037984 166.039002 166.039680 166.040697 166.041376 0.000000 0.000000 0.000000 
0.000000 0.000000 0.000000 0.000000 0.000000 0.000000 0.000000 0.000000 0.000000 166.040697 166.037984 166.035949 166.034254 166.033236 166.031880 166.031540 166.030862 166.030523 166.030184 166.030184 166.029845 166.029845 166.030184 166.030184 166.030862 166.031201 166.031880 166.032558 166.032897 166.033575 166.034254 166.034593 166.035271 166.035949 166.036628 166.037306 166.037645 166.038323 166.039002 166.039680 166.040358 166.041036 166.041667 0.000000 0.000000 0.000000 0.000000 0.000000 0.000000 0.000000 
