test/output/constant/M345_S000_A270_WD090.0_WS040.0/M345_S000_A270_WD090.0_WS040.0_arrival.asc
ncols         30
nrows         7
xllcorner     423703.990666
yllcorner     12748455.311160
cellsize      100.000000
NODATA_value  0.000000
0.000000 0.000000 0.000000 0.000000 0.000000 0.000000 0.000000 0.000000 166.040806 166.040239 166.039106 166.038539 166.037406 166.037406 166.036839 166.037406 166.037406 166.037972 166.038539 166.039106 166.040806 0.000000 0.000000 0.000000 0.000000 0.000000 0.000000 0.000000 0.000000 0.000000 
0.000000 0.000000 166.041373 166.040239 166.039106 166.037406 166.036272 166.035139 166.033438 166.032305 166.031171 166.030038 166.028904 166.027771 166.027204 166.026071 166.024937 166.023804 166.023237 166.022670 166.022670 166.022670 166.022670 166.023804 166.025504 166.027771 166.032872 166.041667 0.000000 0.000000 
166.041373 166.039673 166.038539 166.036839 166.035705 166.034005 166.032872 166.031738 166.030038 166.028904 166.027204 166.026071 166.024937 166.023237 166.022103 166.020403 166.019270 166.017569 166.016436 166.014736 166.013602 166.012469 166.011335 166.010202 166.009068 166.007935 166.007935 166.007935 166.010202 166.020970 
166.040806 166.039106 166.037972 166.036272 166.035139 166.033438 166.032305 166.030605 166.029471 166.027771 166.026637 166.024937 166.023804 166.022103 166.020970 166.019270 166.018136 166.016436 166.015302 166.013602 166.012469 166.010768 166.009635 166.007935 166.006801 166.005101 166.003967 166.002267 166.001134 166.000000 
166.041373 166.039673 166.038539 166.036839 166.035705 166.034005 166.032872 166.031738 166.030038 166.028904 166.027204 166.026071 166.024937 166.023237 166.022103 166.020403 166.019270 166.017569 166.016436 166.014736 166.013602 166.012469 166.011335 166.010202 166.009068 166.007935 166.007935 166.007935 166.010202 166.020970 
0.000000 0.000000 166.041373 166.040239 166.039106 166.037406 166.036272 166.035139 166.033438 166.032305 166.031171 166.030038 166.028904 166.027771 166.027204 166.026071 166.024937 166.023804 166.023237 166.022670 166.022670 166.022670 166.022670 166.023804 166.025504 166.027771 166.032872 166.041667 0.000000 0.000000 
0.000000 0.000000 0.000000 0.000000 0.000000 0.000000 0.000000 0.000000 166.040806 166.040239 166.039106 166.038539 166.037406 166.037406 166.036839 166.037406 166.037406 166.037972 166.038539 166.039106 166.040806 0.000000 0.000000 0.000000 0.000000 0.000000 0.000000 0.000000 0.000000 0.000000 
