test/output/constant/M375_S060_A180_WD135.0_WS040.0/M375_S060_A180_WD135.0_WS040.0_arrival.asc
ncols         12
nrows         28
xllcorner     426503.990666
yllcorner     12748655.311160
cellsize      100.000000
NODATA_value  0.000000
0.000000 0.000000 0.000000 0.000000 0.000000 0.000000 0.000000 0.000000 166.041500 166.040462 166.040462 166.041500 
0.000000 0.000000 0.000000 0.000000 0.000000 0.000000 0.000000 166.041500 166.039425 166.038906 166.038906 166.040462 
0.000000 0.000000 0.000000 0.000000 0.000000 0.000000 0.000000 166.038906 166.037350 166.037350 166.037869 166.039425 
0.000000 0.000000 0.000000 0.000000 0.000000 0.000000 166.039425 166.036831 166.035794 166.035794 166.036831 166.038906 
0.000000 0.000000 0.000000 0.000000 0.000000 166.040981 166.036831 166.034756 166.034237 166.034237 166.035794 166.038906 
0.000000 0.000000 0.000000 0.000000 0.000000 166.037869 166.034756 166.032681 166.032681 166.033200 166.035275 166.038906 
0.000000 0.000000 0.000000 0.000000 166.040462 166.035275 166.032162 166.031125 166.031125 166.032162 166.034756 166.038906 
0.000000 0.000000 0.000000 0.000000 166.037350 166.032681 166.030087 166.029569 166.029569 166.031125 166.034756 166.038906 
0.000000 0.000000 0.000000 166.040462 166.034237 166.030087 166.028012 166.028012 166.028531 166.031125 166.034756 166.039425 
0.000000 0.000000 0.000000 166.037350 166.031125 166.027494 166.026456 166.026456 166.027494 166.030606 166.035275 166.040462 
0.000000 0.000000 0.000000 166.033719 166.028531 166.025419 166.024900 166.024900 166.026975 166.030606 166.035275 0.000000 
0.000000 0.000000 166.038387 166.030606 166.025937 166.023344 166.023344 166.023862 166.026456 166.031125 166.036312 0.000000 
0.000000 0.000000 166.034756 166.027494 166.023344 166.021787 166.021787 166.022825 166.026456 166.031644 166.038387 0.000000 
0.000000 166.041667 166.031644 166.024381 166.020750 166.020231 166.020231 166.022825 166.026975 166.032681 166.040981 0.000000 
0.000000 166.037869 166.028012 166.021269 166.018675 166.018156 166.019194 166.022825 166.027494 166.034756 0.000000 0.000000 
0.000000 166.034237 166.024381 166.018675 166.017119 166.016600 166.018675 166.022825 166.028531 166.037350 0.000000 0.000000 
0.000000 166.030606 166.021269 166.016081 166.015044 166.015562 166.018675 166.023344 166.030606 166.040981 0.000000 0.000000 
0.000000 166.026456 166.017637 166.014006 166.013487 166.014525 166.018675 166.024900 166.034237 0.000000 0.000000 0.000000 
166.040462 166.022825 166.015044 166.012450 166.011931 166.014525 166.019194 166.027494 166.038387 0.000000 0.000000 0.000000 
166.036831 166.019194 166.011931 166.010375 166.010894 166.014525 166.020750 166.031125 0.000000 0.000000 0.000000 0.000000 
166.033200 166.015562 166.009337 166.008819 166.010375 166.015044 166.023862 166.036831 0.000000 0.000000 0.000000 0.000000 
166.029050 166.011931 166.007262 166.007262 166.010375 166.017119 166.029050 0.000000 0.000000 0.000000 0.000000 0.000000 
166.025419 166.008300 166.005706 166.006225 166.010894 166.021269 166.035275 0.000000 0.000000 0.000000 0.000000 0.000000 
166.022306 166.005187 166.004150 166.006225 166.014006 166.027494 0.000000 0.000000 0.000000 0.000000 0.000000 0.000000 
166.019194 166.002594 166.002594 166.007262 166.020231 166.037350 0.000000 0.000000 0.000000 0.000000 0.000000 0.000000 
166.017119 166.001037 166.002075 166.012450 166.030606 0.000000 0.000000 0.000000 0.000000 0.000000 0.000000 0.000000 
166.017637 166.000000 166.004669 166.023862 0.000000 0.000000 0.000000 0.000000 0.000000 0.000000 0.000000 0.000000 
166.035275 166.026975 166.033200 0.000000 0.000000 0.000000 0.000000 0.000000 0.000000 0.000000 0.000000 0.000000 
