test/output/constant/M3M4100_S060_A000_WD270.0_WS010.0/M3M4100_S060_A000_WD270.0_WS010.0_raz.asc
ncols         42
nrows         11
xllcorner     422603.990666
yllcorner     12748255.311160
cellsize      100.000000
NODATA_value  0.000000
0 0 0 0 0 0 0 0 0 0 271 274 281 281 277 283 281 277 279 281 333 333 350 333 333 279 279 350 279 18 0 0 0 0 0 0 0 0 0 0 0 0 
0 0 0 0 0 274 271 276 271 273 274 274 276 271 276 281 276 283 274 281 274 274 281 279 279 333 333 279 279 279 333 281 281 279 281 0 0 0 0 0 0 0 
0 0 0 271 277 277 273 271 273 271 271 276 276 270 281 276 273 273 274 277 279 274 279 273 277 276 274 281 279 279 281 355 319 281 350 281 18 18 18 0 0 0 
0 274 273 270 270 273 276 271 273 271 271 270 270 279 271 281 271 270 279 276 270 283 273 271 271 277 276 279 283 276 283 276 274 281 279 333 279 350 360 18 18 0 
271 271 271 271 271 271 271 271 271 271 271 271 271 271 273 273 274 274 276 274 279 273 271 274 270 283 276 273 270 270 274 271 281 277 270 281 273 277 281 281 18 18 
270 270 270 270 270 270 270 270 270 270 270 270 270 270 270 270 270 270 270 270 270 270 270 270 270 270 270 270 270 270 270 270 270 270 270 270 270 270 270 270 254 64 
270 270 270 270 270 270 270 270 270 270 270 270 270 270 270 270 270 270 270 270 270 270 270 270 270 270 270 270 270 270 270 270 270 262 270 270 270 270 258 258 90 115 
0 270 270 270 270 270 270 270 270 270 270 270 270 270 270 270 270 270 270 263 270 270 270 270 270 270 270 270 270 263 270 270 270 258 260 206 260 189 161 161 161 0 
0 0 0 270 270 262 270 270 270 270 270 270 263 270 270 270 270 270 270 270 270 265 260 270 270 263 270 270 260 260 258 184 220 258 189 258 115 161 161 0 0 0 
0 0 0 0 0 270 270 263 270 270 270 270 270 270 263 270 270 270 265 270 265 270 270 260 260 206 206 260 260 260 206 258 258 260 258 0 0 0 0 0 0 0 
0 0 0 0 0 0 0 0 0 0 270 265 270 258 270 256 270 262 260 258 206 206 189 206 206 260 260 189 260 161 0 0 0 0 0 0 0 0 0 0 0 0 
