test/output/constant/M3M400_S060_A270_WD000.0_WS005.0/M3M400_S060_A270_WD000.0_WS005.0_arrival.asc
ncols         11
nrows         53
xllcorner     426103.990666
yllcorner     12748655.311160
cellsize      100.000000
NODATA_value  0.000000
0.000000 0.000000 0.000000 0.000000 166.041424 166.041424 166.041424 0.000000 0.000000 0.000000 0.000000 
0.000000 0.000000 0.000000 166.041667 166.040772 166.040445 166.040772 166.041667 0.000000 0.000000 0.000000 
0.000000 0.000000 0.000000 166.040772 166.039793 166.039793 166.039793 166.040772 0.000000 0.000000 0.000000 
0.000000 0.000000 166.041424 166.040119 166.039141 166.038815 166.039141 166.040119 166.041424 0.000000 0.000000 
0.000000 0.000000 166.040772 166.039141 166.038162 166.038162 166.038162 166.039141 166.040772 0.000000 0.000000 
0.000000 0.000000 166.040119 166.038488 166.037510 166.037184 166.037510 166.038488 166.040119 0.000000 0.000000 
0.000000 166.041424 166.039141 166.037836 166.036531 166.036531 166.036531 166.037836 166.039141 166.041424 0.000000 
0.000000 166.040772 166.038488 166.036858 166.035879 166.035553 166.035879 166.036858 166.038488 166.040772 0.000000 
0.000000 166.040119 166.037836 166.036205 166.034901 166.034901 166.034901 166.036205 166.037836 166.040119 0.000000 
0.000000 166.039467 166.036858 166.035227 166.034248 166.033922 166.034248 166.035227 166.036858 166.039467 0.000000 
0.000000 166.038488 166.036205 166.034574 166.033270 166.033270 166.033270 166.034574 166.036205 166.038488 0.000000 
166.041667 166.037836 166.035553 166.033596 166.032617 166.032291 166.032617 166.033596 166.035553 166.037836 166.041667 
166.041098 166.037184 166.034574 166.032943 166.031639 166.031639 166.031639 166.032943 166.034574 166.037184 166.041098 
166.040445 166.036531 166.033922 166.031965 166.030986 166.030660 166.030986 166.031965 166.033922 166.036531 166.040445 
166.040119 166.035879 166.033270 166.031313 166.030008 166.030008 166.030008 166.031313 166.033270 166.035879 166.040119 
166.039467 166.035227 166.032617 166.030334 166.029356 166.029029 166.029356 166.030334 166.032617 166.035227 166.039467 
166.038815 166.034574 166.031639 166.029682 166.028377 166.028377 166.028377 166.029682 166.031639 166.034574 166.038815 
166.038162 166.034248 166.030986 166.029029 166.027725 166.027399 166.027725 166.029029 166.030986 166.034248 166.038162 
166.037836 166.033596 166.030334 166.028051 166.026746 166.026746 166.026746 166.028051 166.030334 166.033596 166.037836 
166.037184 166.032943 166.029682 166.027399 166.026094 166.025768 166.026094 166.027399 166.029682 166.032943 166.037184 
166.036858 166.032291 166.028703 166.026746 166.025115 166.025115 166.025115 166.026746 166.028703 166.032291 166.036858 
166.036205 166.031639 166.028051 166.025768 166.024463 166.024137 166.024463 166.025768 166.028051 166.031639 166.036205 
166.035553 166.031313 166.027399 166.025115 166.023484 166.023484 166.023484 166.025115 166.027399 166.031313 166.035553 
166.035227 166.030660 166.026746 166.024137 166.022832 166.022506 166.022832 166.024137 166.026746 166.030660 166.035227 
166.034901 166.030008 166.026094 166.023484 166.022180 166.021854 166.022180 166.023484 166.026094 166.030008 166.034901 
166.034574 166.029682 166.025442 166.022832 166.021201 166.020875 166.021201 166.022832 166.025442 166.029682 166.034574 
166.034574 166.029029 166.024789 166.021854 166.020549 166.020223 166.020549 166.021854 166.024789 166.029029 166.034574 
166.034574 166.028377 166.024137 166.021201 166.019570 166.019244 166.019570 166.021201 166.024137 166.028377 166.034574 
166.034574 166.028051 166.023484 166.020549 166.018918 166.018592 166.018918 166.020549 166.023484 166.028051 166.034574 
166.034574 166.027399 166.023158 166.019570 166.017940 166.017613 166.017940 166.019570 166.023158 166.027399 166.034574 
166.034901 166.027072 166.022506 166.018918 166.017287 166.016961 166.017287 166.018918 166.022506 166.027072 166.034901 
166.035227 166.027072 166.021854 166.018266 166.016309 166.015982 166.016309 166.018266 166.021854 166.027072 166.035227 
166.035227 166.027072 166.021201 166.017613 166.015656 166.015330 166.015656 166.017613 166.021201 166.027072 166.035227 
166.035553 166.027072 166.020875 166.016635 166.015004 166.014352 166.015004 166.016635 166.020875 166.027072 166.035553 
166.036205 166.027072 166.020223 166.015982 166.014025 166.013699 166.014025 166.015982 166.020223 166.027072 166.036205 
166.036531 166.027072 166.019570 166.015330 166.013373 166.012721 166.013373 166.015330 166.019570 166.027072 166.036531 
166.037510 166.027399 166.019570 166.014678 166.012395 166.012068 166.012395 166.014678 166.019570 166.027399 166.037510 
166.038488 166.027725 166.019244 166.014352 166.011742 166.011090 166.011742 166.014352 166.019244 166.027725 166.038488 
166.039793 166.028377 166.019244 166.013699 166.010764 166.010438 166.010764 166.013699 166.019244 166.028377 166.039793 
166.041424 166.029029 166.019244 166.013047 166.010111 166.009459 166.010111 166.013047 166.019244 166.029029 166.041424 
0.000000 166.029682 166.019570 166.012395 166.009459 166.008807 166.009459 166.012395 166.019570 166.029682 0.000000 
0.000000 166.030986 166.019897 166.012068 166.008481 166.007828 166.008481 166.012068 166.019897 166.030986 0.000000 
0.000000 166.032617 166.020223 166.011742 166.007828 166.007176 166.007828 166.011742 166.020223 166.032617 0.000000 
0.000000 166.035227 166.021201 166.011742 166.006850 166.006197 166.006850 166.011742 166.021201 166.035227 0.000000 
0.000000 166.037836 166.022180 166.011742 166.006197 166.005545 166.006197 166.011742 166.022180 166.037836 0.000000 
0.000000 0.000000 166.024137 166.011742 166.005545 166.004566 166.005545 166.011742 166.024137 0.000000 0.000000 
0.000000 0.000000 166.026746 166.012721 166.004893 166.003914 166.004893 166.012721 166.026746 0.000000 0.000000 
0.000000 0.000000 166.031313 166.013699 166.004240 166.002936 166.004240 166.013699 166.031313 0.000000 0.000000 
0.000000 0.000000 166.037510 166.015656 166.003914 166.002283 166.003914 166.015656 166.037510 0.000000 0.000000 
0.000000 0.000000 0.000000 166.020549 166.003914 166.001305 166.003914 166.020549 0.000000 0.000000 0.000000 
0.000000 0.000000 0.000000 166.028051 166.004893 166.000652 166.004893 166.028051 0.000000 0.000000 0.000000 
0.000000 0.000000 0.000000 0.000000 166.010438 166.000000 166.010438 0.000000 0.000000 0.000000 0.000000 
0.000000 0.000000 0.000000 0.000000 166.040119 166.026420 166.040119 0.000000 0.000000 0.000000 0.000000 
