test/output/constant/M3M460_S060_A090_WD000.0_WS030.0/M3M460_S060_A090_WD000.0_WS030.0_arrival.asc
ncols         7
nrows         42
xllcorner     426303.990666
yllcorner     12744655.311160
cellsize      100.000000
NODATA_value  0.000000
0.000000 0.000000 0.000000 166.000000 0.000000 0.000000 0.000000 
0.000000 0.000000 166.016557 166.000808 166.016557 0.000000 0.000000 
0.000000 0.000000 166.010500 166.001615 166.010500 0.000000 0.000000 
0.000000 0.000000 166.008481 166.002827 166.008481 0.000000 0.000000 
0.000000 0.000000 166.008077 166.003635 166.008077 0.000000 0.000000 
0.000000 166.036345 166.008077 166.004846 166.008077 166.036345 0.000000 
0.000000 166.031903 166.008481 166.005654 166.008481 166.031903 0.000000 
0.000000 166.028672 166.009288 166.006865 166.009288 166.028672 0.000000 
0.000000 166.027057 166.009692 166.007673 166.009692 166.027057 0.000000 
0.000000 166.025442 166.010500 166.008884 166.010500 166.025442 0.000000 
0.000000 166.024634 166.011307 166.009692 166.011307 166.024634 0.000000 
0.000000 166.023826 166.012519 166.010904 166.012519 166.023826 0.000000 
0.000000 166.023422 166.013327 166.011711 166.013327 166.023422 0.000000 
0.000000 166.023422 166.014538 166.012923 166.014538 166.023422 0.000000 
0.000000 166.023422 166.015346 166.013730 166.015346 166.023422 0.000000 
0.000000 166.023422 166.016153 166.014942 166.016153 166.023422 0.000000 
166.041595 166.024230 166.017365 166.015750 166.017365 166.024230 166.041595 
166.040787 166.025038 166.018173 166.016961 166.018173 166.025038 166.040787 
166.039980 166.025442 166.019384 166.017769 166.019384 166.025442 166.039980 
166.039576 166.026249 166.020192 166.018980 166.020192 166.026249 166.039576 
166.039172 166.026653 166.021403 166.019788 166.021403 166.026653 166.039172 
166.038768 166.027461 166.022211 166.020999 166.022211 166.027461 166.038768 
166.038768 166.028268 166.023019 166.021807 166.023019 166.028268 166.038768 
166.038768 166.029076 166.024230 166.023019 166.024230 166.029076 166.038768 
166.039172 166.029884 166.025038 166.023826 166.025038 166.029884 166.039172 
166.039172 166.030288 166.026249 166.025038 166.026249 166.030288 166.039172 
166.039980 166.031095 166.027057 166.025845 166.027057 166.031095 166.039980 
166.040384 166.031903 166.027865 166.027057 166.027865 166.031903 166.040384 
166.041191 166.032711 166.029076 166.027865 166.029076 166.032711 166.041191 
0.000000 166.033922 166.029884 166.029076 166.029884 166.033922 0.000000 
0.000000 166.034730 166.031095 166.029884 166.031095 166.034730 0.000000 
0.000000 166.035538 166.031903 166.031095 166.031903 166.035538 0.000000 
0.000000 166.036749 166.033115 166.031903 166.033115 166.036749 0.000000 
0.000000 166.037557 166.033922 166.033115 166.033922 166.037557 0.000000 
0.000000 166.038364 166.035134 166.033922 166.035134 166.038364 0.000000 
0.000000 166.039172 166.035941 166.035134 166.035941 166.039172 0.000000 
0.000000 166.040384 166.037153 166.035941 166.037153 166.040384 0.000000 
0.000000 166.041191 166.037961 166.037153 166.037961 166.041191 0.000000 
0.000000 0.000000 166.039172 166.037961 166.039172 0.000000 0.000000 
0.000000 0.000000 166.039980 166.039172 166.039980 0.000000 0.000000 
0.000000 0.000000 166.041191 166.039980 166.041191 0.000000 0.000000 
0.000000 0.000000 0.000000 166.041191 0.000000 0.000000 0.000000 
