test/output/constant/M295_S060_A000_WD090.0_WS010.0/M295_S060_A000_WD090.0_WS010.0_arrival.asc
ncols         29
nrows         7
xllcorner     423803.990666
yllcorner     12748455.311160
cellsize      100.000000
NODATA_value  0.000000
0.000000 0.000000 0.000000 0.000000 0.000000 0.000000 0.000000 0.000000 0.000000 166.040641 166.040044 166.038848 166.038848 166.038251 166.038848 166.038848 166.038848 166.040044 166.040641 0.000000 0.000000 0.000000 0.000000 0.000000 0.000000 0.000000 0.000000 0.000000 0.000000 
0.000000 0.000000 0.000000 166.040641 166.039446 166.038251 166.036458 166.035262 166.034067 166.032872 166.031676 166.030481 166.029286 166.028090 166.026895 166.026297 166.025102 166.023907 166.023309 166.023309 166.023309 166.023907 166.024504 166.026297 166.029883 166.035262 0.000000 0.000000 0.000000 
0.000000 166.040641 166.038848 166.037653 166.035860 166.034665 166.033469 166.031676 166.030481 166.028688 166.027493 166.025700 166.024504 166.023309 166.021516 166.020321 166.018528 166.017332 166.015539 166.014344 166.013149 166.011356 166.010160 166.009563 166.008367 166.007770 166.008367 166.010758 166.028090 
166.041239 166.040044 166.038251 166.037055 166.035262 166.034067 166.032274 166.031079 166.029286 166.028090 166.026297 166.025102 166.023309 166.022114 166.020321 166.019125 166.017332 166.016137 166.014344 166.013149 166.011356 166.010160 166.008367 166.007172 166.005379 166.004184 166.002391 166.001195 166.000000 
0.000000 166.040641 166.038848 166.037653 166.035860 166.034665 166.033469 166.031676 166.030481 166.028688 166.027493 166.025700 166.024504 166.023309 166.021516 166.020321 166.018528 166.017332 166.015539 166.014344 166.013149 166.011356 166.010160 166.009563 166.008367 166.007770 166.008367 166.010758 166.028090 
0.000000 0.000000 0.000000 166.040641 166.039446 166.038251 166.036458 166.035262 166.034067 166.032872 166.031676 166.030481 166.029286 166.028090 166.026895 166.026297 166.025102 166.023907 166.023309 166.023309 166.023309 166.023907 166.024504 166.026297 166.029883 166.035262 0.000000 0.000000 0.000000 
0.000000 0.000000 0.000000 0.000000 0.000000 0.000000 0.000000 0.000000 0.000000 166.040641 166.040044 166.038848 166.038848 166.038251 166.038848 166.038848 166.038848 166.040044 166.040641 0.000000 0.000000 0.000000 0.000000 0.000000 0.000000 0.000000 0.000000 0.000000 0.000000 
