test/output/constant/M490_S060_A090_WD315.0_WS010.0/M490_S060_A090_WD315.0_WS010.0_arrival.asc
ncols         9
nrows         33
xllcorner     426503.990666
yllcorner     12745555.311160
cellsize      100.000000
NODATA_value  0.000000
166.033612 166.000000 166.013545 0.000000 0.000000 0.000000 0.000000 0.000000 0.000000 
166.022073 166.001003 166.003512 166.033612 0.000000 0.000000 0.000000 0.000000 0.000000 
166.019565 166.002007 166.003010 166.019063 0.000000 0.000000 0.000000 0.000000 0.000000 
166.019063 166.003512 166.003512 166.011538 166.037123 0.000000 0.000000 0.000000 0.000000 
166.020568 166.005017 166.004515 166.009030 166.027090 0.000000 0.000000 0.000000 0.000000 
166.021070 166.006522 166.006020 166.009030 166.020568 0.000000 0.000000 0.000000 0.000000 
166.023077 166.008528 166.007525 166.009030 166.017057 166.035618 0.000000 0.000000 0.000000 
166.025585 166.010535 166.008528 166.009030 166.015050 166.029097 0.000000 0.000000 0.000000 
166.027592 166.013043 166.010033 166.010033 166.014548 166.025083 0.000000 0.000000 0.000000 
166.030100 166.015050 166.011037 166.011037 166.014548 166.022575 166.038127 0.000000 0.000000 
166.032107 166.017057 166.012542 166.012542 166.014548 166.021070 166.033612 0.000000 0.000000 
166.034113 166.019063 166.014047 166.013545 166.015050 166.020568 166.030602 0.000000 0.000000 
166.036120 166.021572 166.016053 166.015050 166.015552 166.020568 166.028595 0.000000 0.000000 
166.038127 166.023578 166.018060 166.016555 166.016555 166.020067 166.027090 166.039130 0.000000 
166.040635 166.026087 166.019565 166.017558 166.017558 166.020067 166.026588 166.036622 0.000000 
0.000000 166.028093 166.021572 166.019063 166.019063 166.020568 166.026087 166.034615 0.000000 
0.000000 166.030100 166.023578 166.020568 166.020067 166.021572 166.026087 166.033110 0.000000 
0.000000 166.032608 166.025585 166.022073 166.021572 166.022073 166.026087 166.032608 0.000000 
0.000000 166.034615 166.027090 166.023578 166.022575 166.023077 166.026087 166.032107 166.040133 
0.000000 166.037123 166.029598 166.025083 166.024080 166.024080 166.026588 166.032107 166.039130 
0.000000 166.039130 166.031605 166.027090 166.025585 166.025585 166.027090 166.031605 166.038628 
0.000000 166.041137 166.033612 166.029097 166.026588 166.026588 166.028093 166.031605 166.038127 
0.000000 0.000000 166.035618 166.030602 166.028093 166.028093 166.028595 166.032107 166.037625 
0.000000 0.000000 166.038127 166.032608 166.029598 166.029097 166.029598 166.032608 166.037625 
0.000000 0.000000 166.040133 166.034615 166.031103 166.030602 166.030602 166.032608 166.037123 
0.000000 0.000000 0.000000 166.036120 166.032608 166.031605 166.032107 166.033612 166.037123 
0.000000 0.000000 0.000000 166.038127 166.034615 166.033110 166.033110 166.034615 166.037625 
0.000000 0.000000 0.000000 166.040133 166.036120 166.034615 166.034615 166.035117 166.038127 
0.000000 0.000000 0.000000 0.000000 166.038127 166.035618 166.035618 166.036120 166.038628 
0.000000 0.000000 0.000000 0.000000 166.039632 166.037123 166.037123 166.037123 166.039130 
0.000000 0.000000 0.000000 0.000000 166.041638 166.038628 166.038127 166.038127 166.040133 
0.000000 0.000000 0.000000 0.000000 0.000000 166.040635 166.039632 166.039632 166.041137 
0.000000 0.000000 0.000000 0.000000 0.000000 0.000000 166.040635 166.040635 166.041638 
