test/output/constant/M3M485_S060_A180_WD315.0_WS015.0/M3M485_S060_A180_WD315.0_WS015.0_arrival.asc
ncols         53
nrows         14
xllcorner     426603.990666
yllcorner     12747555.311160
cellsize      100.000000
NODATA_value  0.000000
166.035262 166.025277 166.023716 166.023092 166.024653 166.025589 166.027773 166.029021 166.031206 166.033078 166.035262 166.037135 166.039319 166.041504 0.000000 0.000000 0.000000 0.000000 0.000000 0.000000 0.000000 0.000000 0.000000 0.000000 0.000000 0.000000 0.000000 0.000000 0.000000 0.000000 0.000000 0.000000 0.000000 0.000000 0.000000 0.000000 0.000000 0.000000 0.000000 0.000000 0.000000 0.000000 0.000000 0.000000 0.000000 0.000000 0.000000 0.000000 0.000000 0.000000 0.000000 0.000000 0.000000 
166.000000 166.000624 166.001248 166.002184 166.003433 166.004993 166.006865 166.008738 166.010922 166.012794 166.014667 166.016851 166.018723 166.020908 166.022780 166.024965 166.027149 166.029021 166.031206 166.033078 166.035262 166.037447 166.039319 166.041504 0.000000 0.000000 0.000000 0.000000 0.000000 0.000000 0.000000 0.000000 0.000000 0.000000 0.000000 0.000000 0.000000 0.000000 0.000000 0.000000 0.000000 0.000000 0.000000 0.000000 0.000000 0.000000 0.000000 0.000000 0.000000 0.000000 0.000000 0.000000 0.000000 
166.011546 166.001872 166.001872 166.002184 166.003121 166.003745 166.004681 166.005305 166.006241 166.007177 166.008738 166.009986 166.011546 166.013418 166.014979 166.016851 166.018411 166.020284 166.022156 166.024028 166.025901 166.028085 166.029957 166.031830 166.034014 166.035887 166.037759 166.039943 0.000000 0.000000 0.000000 0.000000 0.000000 0.000000 0.000000 0.000000 0.000000 0.000000 0.000000 0.000000 0.000000 0.000000 0.000000 0.000000 0.000000 0.000000 0.000000 0.000000 0.000000 0.000000 0.000000 0.000000 0.000000 
0.000000 166.030270 166.014979 166.007801 166.005617 166.005305 166.005305 166.005617 166.006241 166.006865 166.007801 166.008738 166.009362 166.010298 166.011546 166.012482 166.014043 166.015291 166.016851 166.018099 166.019972 166.021532 166.023092 166.024965 166.026837 166.028397 166.030270 166.032142 166.033702 166.035575 166.037447 166.039319 166.041192 0.000000 0.000000 0.000000 0.000000 0.000000 0.000000 0.000000 0.000000 0.000000 0.000000 0.000000 0.000000 0.000000 0.000000 0.000000 0.000000 0.000000 0.000000 0.000000 0.000000 
0.000000 0.000000 0.000000 166.030582 166.020908 166.014355 166.010922 166.009362 166.008738 166.008426 166.008738 166.009050 166.009362 166.010298 166.010922 166.011858 166.012794 166.013418 166.014355 166.015291 166.016539 166.017787 166.019035 166.020596 166.021844 166.023404 166.024965 166.026213 166.028085 166.029645 166.031518 166.033078 166.034950 166.036511 166.038383 166.040255 0.000000 0.000000 0.000000 0.000000 0.000000 0.000000 0.000000 0.000000 0.000000 0.000000 0.000000 0.000000 0.000000 0.000000 0.000000 0.000000 0.000000 
0.000000 0.000000 0.000000 0.000000 0.000000 166.035262 166.027149 166.020908 166.016851 166.014355 166.013106 166.012170 166.011858 166.011858 166.011858 166.012170 166.012794 166.013418 166.014355 166.014979 166.015915 166.016539 166.017475 166.018411 166.019348 166.020596 166.021844 166.022780 166.024340 166.025589 166.027149 166.028397 166.029957 166.031518 166.032766 166.034326 166.036199 166.037759 166.039631 166.041192 0.000000 0.000000 0.000000 0.000000 0.000000 0.000000 0.000000 0.000000 0.000000 0.000000 0.000000 0.000000 0.000000 
0.000000 0.000000 0.000000 0.000000 0.000000 0.000000 0.000000 166.041192 166.033390 166.027461 166.023092 166.019972 166.017787 166.016851 166.015915 166.015603 166.015291 166.015291 166.015291 166.015603 166.016227 166.016851 166.017475 166.018411 166.019035 166.019972 166.020596 166.021532 166.022468 166.023404 166.024653 166.025589 166.026837 166.028085 166.029333 166.030894 166.032142 166.033702 166.035262 166.036511 166.038071 166.039631 166.040879 0.000000 0.000000 0.000000 0.000000 0.000000 0.000000 0.000000 0.000000 0.000000 0.000000 
0.000000 0.000000 0.000000 0.000000 0.000000 0.000000 0.000000 0.000000 0.000000 0.000000 166.039943 166.034014 166.029333 166.025901 166.023404 166.021532 166.020284 166.019660 166.019035 166.018723 166.018723 166.018723 166.018723 166.019035 166.019660 166.019972 166.020908 166.021532 166.022468 166.023092 166.024028 166.024653 166.025589 166.026525 166.027461 166.028709 166.029645 166.030894 166.032142 166.033390 166.034638 166.036199 166.037447 166.039007 166.040255 166.041667 0.000000 0.000000 0.000000 0.000000 0.000000 0.000000 0.000000 
0.000000 0.000000 0.000000 0.000000 0.000000 0.000000 0.000000 0.000000 0.000000 0.000000 0.000000 0.000000 0.000000 166.040567 166.035887 166.031830 166.029021 166.026837 166.025277 166.024028 166.023404 166.022780 166.022156 166.022156 166.022156 166.022156 166.022156 166.022468 166.023092 166.023404 166.024028 166.024653 166.025589 166.026213 166.027149 166.028085 166.028709 166.029645 166.030582 166.031518 166.032454 166.033702 166.034950 166.035887 166.037135 166.038695 166.039943 166.041192 0.000000 0.000000 0.000000 0.000000 0.000000 
0.000000 0.000000 0.000000 0.000000 0.000000 0.000000 0.000000 0.000000 0.000000 0.000000 0.000000 0.000000 0.000000 0.000000 0.000000 0.000000 0.000000 166.038383 166.034950 166.032142 166.030270 166.028709 166.027773 166.026837 166.026213 166.025901 166.025589 166.025277 166.025277 166.025589 166.025589 166.025901 166.026525 166.026837 166.027149 166.028085 166.028709 166.029645 166.030270 166.031206 166.032142 166.032766 166.033702 166.034638 166.035575 166.036511 166.037759 166.039007 166.039943 166.041192 0.000000 0.000000 0.000000 
0.000000 0.000000 0.000000 0.000000 0.000000 0.000000 0.000000 0.000000 0.000000 0.000000 0.000000 0.000000 0.000000 0.000000 0.000000 0.000000 0.000000 0.000000 0.000000 0.000000 166.040879 166.038071 166.035575 166.034014 166.032454 166.031518 166.030582 166.029957 166.029333 166.029021 166.028709 166.028709 166.028709 166.029021 166.029021 166.029333 166.029957 166.030270 166.030582 166.031206 166.032142 166.032766 166.033702 166.034326 166.035262 166.035887 166.036823 166.037759 166.038695 166.039631 166.040879 0.000000 0.000000 
0.000000 0.000000 0.000000 0.000000 0.000000 0.000000 0.000000 0.000000 0.000000 0.000000 0.000000 0.000000 0.000000 0.000000 0.000000 0.000000 0.000000 0.000000 0.000000 0.000000 0.000000 0.000000 0.000000 0.000000 166.041192 166.039007 166.037447 166.035887 166.034950 166.034326 166.033702 166.033078 166.032766 166.032454 166.032142 166.032142 166.032142 166.032454 166.032454 166.032766 166.033078 166.033702 166.034014 166.034638 166.035262 166.036199 166.036823 166.037759 166.038383 166.039319 166.039943 166.040879 0.000000 
0.000000 0.000000 0.000000 0.000000 0.000000 0.000000 0.000000 0.000000 0.000000 0.000000 0.000000 0.000000 0.000000 0.000000 0.000000 0.000000 0.000000 0.000000 0.000000 0.000000 0.000000 0.000000 0.000000 0.000000 0.000000 0.000000 0.000000 0.000000 0.000000 166.040879 166.039631 166.038695 166.038071 166.037135 166.036823 166.036199 166.035887 166.035575 166.035575 166.035575 166.035575 166.035575 166.035887 166.036199 166.036511 166.037135 166.037447 166.038071 166.038695 166.039319 166.039943 166.040879 166.041667 
0.000000 0.000000 0.000000 0.000000 0.000000 0.000000 0.000000 0.000000 0.000000 0.000000 0.000000 0.000000 0.000000 0.000000 0.000000 0.000000 0.000000 0.000000 0.000000 0.000000 0.000000 0.000000 0.000000 0.000000 0.000000 0.000000 0.000000 0.000000 0.000000 0.000000 0.000000 0.000000 0.000000 0.000000 0.000000 166.041504 166.040879 166.040255 166.039631 166.039319 166.039007 166.039007 166.039007 166.039007 166.039007 166.039007 166.039319 166.039631 166.039943 166.040567 166.040879 166.041192 0.000000 
