test/output/constant/M295_S060_A270_WD180.0_WS045.0/M295_S060_A270_WD180.0_WS045.0_arrival.asc
ncols         7
nrows         43
xllcorner     426303.990666
yllcorner     12748755.311160
cellsize      100.000000
NODATA_value  0.000000
0.000000 0.000000 0.000000 166.041217 0.000000 0.000000 0.000000 
0.000000 0.000000 166.041217 166.040424 166.041217 0.000000 0.000000 
0.000000 0.000000 166.040424 166.039235 166.040424 0.000000 0.000000 
0.000000 0.000000 166.039235 166.038442 166.039235 0.000000 0.000000 
0.000000 0.000000 166.038442 166.037253 166.038442 0.000000 0.000000 
0.000000 166.041217 166.037650 166.036461 166.037650 166.041217 0.000000 
0.000000 166.040028 166.036461 166.035272 166.036461 166.040028 0.000000 
0.000000 166.039235 166.035668 166.034479 166.035668 166.039235 0.000000 
0.000000 166.038046 166.034479 166.033290 166.034479 166.038046 0.000000 
0.000000 166.037253 166.033687 166.032498 166.033687 166.037253 0.000000 
0.000000 166.036461 166.032498 166.031309 166.032498 166.036461 0.000000 
0.000000 166.035668 166.031705 166.030516 166.031705 166.035668 0.000000 
0.000000 166.034479 166.030516 166.029327 166.030516 166.034479 0.000000 
0.000000 166.033687 166.029723 166.028535 166.029723 166.033687 0.000000 
0.000000 166.032894 166.028535 166.027346 166.028535 166.032894 0.000000 
166.041217 166.032101 166.027742 166.026553 166.027742 166.032101 166.041217 
166.040820 166.031309 166.026949 166.025364 166.026949 166.031309 166.040820 
166.040820 166.030912 166.025760 166.024571 166.025760 166.030912 166.040820 
166.040820 166.030120 166.024968 166.023382 166.024968 166.030120 166.040820 
166.040820 166.029327 166.023779 166.022590 166.023779 166.029327 166.040820 
166.041217 166.028535 166.022986 166.021401 166.022986 166.028535 166.041217 
166.041217 166.028138 166.021797 166.020608 166.021797 166.028138 166.041217 
166.041613 166.027346 166.021005 166.019419 166.021005 166.027346 166.041613 
0.000000 166.026553 166.019816 166.018627 166.019816 166.026553 0.000000 
0.000000 166.025760 166.019023 166.017438 166.019023 166.025760 0.000000 
0.000000 166.025364 166.018230 166.016645 166.018230 166.025364 0.000000 
0.000000 166.024571 166.017041 166.015456 166.017041 166.024571 0.000000 
0.000000 166.024571 166.016249 166.014664 166.016249 166.024571 0.000000 
0.000000 166.024571 166.015060 166.013475 166.015060 166.024571 0.000000 
0.000000 166.024571 166.014267 166.012682 166.014267 166.024571 0.000000 
0.000000 166.024968 166.013475 166.011493 166.013475 166.024968 0.000000 
0.000000 166.025364 166.012286 166.010700 166.012286 166.025364 0.000000 
0.000000 166.026553 166.011493 166.009512 166.011493 166.026553 0.000000 
0.000000 166.027346 166.010700 166.008719 166.010700 166.027346 0.000000 
0.000000 166.029327 166.009908 166.007530 166.009908 166.029327 0.000000 
0.000000 166.032101 166.009115 166.006737 166.009115 166.032101 0.000000 
0.000000 166.035272 166.008719 166.005548 166.008719 166.035272 0.000000 
0.000000 166.041613 166.008323 166.004756 166.008323 166.041613 0.000000 
0.000000 0.000000 166.008323 166.003567 166.008323 0.000000 0.000000 
0.000000 0.000000 166.009115 166.002774 166.009115 0.000000 0.000000 
0.000000 0.000000 166.011889 166.001585 166.011889 0.000000 0.000000 
0.000000 0.000000 166.019419 166.000793 166.019419 0.000000 0.000000 
0.000000 0.000000 0.000000 166.000000 0.000000 0.000000 0.000000 
