test/output/constant/M3M460_S060_A000_WD000.0_WS010.0/M3M460_S060_A000_WD000.0_WS010.0_ros.asc
ncols         31
nrows         11
xllcorner     423603.990666
yllcorner     12747855.311160
cellsize      100.000000
NODATA_value  0.000000
0.000000 0.000000 0.000000 0.000000 0.000000 0.000000 0.000000 0.000000 0.000000 0.000000 0.000000 0.000000 0.000000 0.000000 0.000000 0.000000 0.000000 0.000000 0.000000 0.000000 0.000000 0.000000 0.000000 23.124504 11.116593 11.116593 7.899096 14.802377 7.899096 11.116593 0.682799 
0.000000 0.000000 0.000000 0.000000 0.000000 0.000000 0.000000 0.000000 0.000000 0.000000 0.000000 0.000000 0.000000 0.000000 0.000000 0.000000 18.845692 11.116593 18.845692 11.116593 23.124504 18.845692 14.802377 7.899096 23.124504 39.980335 23.124504 18.845692 51.841393 51.841393 0.000000 
0.000000 0.000000 0.000000 0.000000 0.000000 0.000000 0.000000 0.000000 0.000000 0.000000 0.000000 0.000000 23.124504 23.124504 11.116593 11.116593 18.845692 7.899096 23.124504 14.802377 23.124504 18.845692 39.980335 43.488892 51.841393 51.841393 51.841393 51.841393 51.841393 42.725826 1.116199 
0.000000 0.000000 0.000000 0.000000 0.000000 0.000000 0.000000 0.000000 0.000000 23.124504 23.124504 7.899096 18.845692 7.899096 50.602112 27.509399 23.124504 18.845692 23.124504 51.841393 51.841393 51.841393 51.841393 51.841393 51.841393 51.841393 42.725826 39.117508 1.785018 0.869359 0.000000 
0.000000 0.000000 0.000000 0.000000 0.000000 0.000000 0.000000 7.899096 7.899096 5.245317 23.124504 23.124504 50.602112 36.067013 51.841393 46.486263 51.841393 51.841393 51.841393 51.841393 51.841393 51.841393 51.841393 39.117508 42.725826 39.117508 39.117508 35.132240 1.116199 0.000000 0.000000 
0.000000 0.000000 0.000000 0.000000 0.000000 50.602112 14.802377 23.124504 18.845692 7.899096 7.899096 50.602112 46.486263 50.602112 51.841393 51.841393 51.841393 51.841393 51.841393 51.841393 51.841393 45.847431 35.132240 35.132240 39.117508 1.381653 1.116199 0.000000 0.000000 0.000000 0.000000 
0.000000 0.000000 0.000000 39.980335 18.845692 51.841393 48.881546 23.124504 14.802377 18.845692 51.841393 51.841393 51.841393 51.841393 51.841393 51.841393 51.841393 51.718655 42.725826 42.725826 35.132240 1.116199 1.785018 0.869359 35.132240 0.000000 0.000000 0.000000 0.000000 0.000000 0.000000 
0.000000 27.509399 23.124504 39.980335 51.841393 51.841393 51.841393 51.841393 51.841393 51.841393 51.841393 51.841393 51.841393 51.841393 50.268280 42.725826 42.725826 39.117508 39.117508 2.989244 4.843067 35.132240 0.000000 0.000000 0.000000 0.000000 0.000000 0.000000 0.000000 0.000000 0.000000 
51.841393 51.841393 51.800358 51.841393 51.841393 51.841393 51.841393 51.841393 51.841393 51.841393 51.841393 51.841393 39.117508 2.989244 42.725826 39.117508 39.117508 39.117508 35.132240 0.000000 0.000000 0.000000 0.000000 0.000000 0.000000 0.000000 0.000000 0.000000 0.000000 0.000000 0.000000 
51.841393 51.841393 51.841393 51.841393 48.387348 51.841393 51.841393 51.841393 51.841393 39.980335 42.725826 4.843067 39.117508 39.117508 4.843067 35.132240 0.000000 0.000000 0.000000 0.000000 0.000000 0.000000 0.000000 0.000000 0.000000 0.000000 0.000000 0.000000 0.000000 0.000000 0.000000 
51.841393 51.841393 51.841393 48.387348 51.841393 51.841393 39.117508 42.725826 42.725826 39.117508 4.843067 35.132240 0.000000 0.000000 0.000000 0.000000 0.000000 0.000000 0.000000 0.000000 0.000000 0.000000 0.000000 0.000000 0.000000 0.000000 0.000000 0.000000 0.000000 0.000000 0.000000 
