test/output/constant/M3M485_S060_A000_WD315.0_WS040.0/M3M485_S060_A000_WD315.0_WS040.0_ros.asc
ncols         13
nrows         30
xllcorner     425503.990666
yllcorner     12745955.311160
cellsize      100.000000
NODATA_value  0.000000
0.000000 0.000000 0.000000 0.000000 0.000000 0.000000 0.000000 0.000000 0.000000 0.000000 2.816512 2.605592 1.490094 
0.000000 0.000000 0.000000 0.000000 0.000000 0.000000 0.000000 0.000000 0.000000 3.963500 33.125732 0.000000 1.490094 
0.000000 0.000000 0.000000 0.000000 0.000000 0.000000 0.000000 0.000000 1.889795 1.889795 49.802967 49.802967 12.735689 
0.000000 0.000000 0.000000 0.000000 0.000000 0.000000 0.000000 2.816512 2.605592 5.617928 49.802967 47.370468 9.674043 
0.000000 0.000000 0.000000 0.000000 0.000000 0.000000 2.816512 3.963500 40.348831 49.802967 49.802967 35.851166 19.983221 
0.000000 0.000000 0.000000 0.000000 0.000000 0.000000 33.125732 3.963500 36.893688 49.802967 49.802967 19.983221 16.205578 
0.000000 0.000000 0.000000 0.000000 0.000000 2.816512 3.963500 5.617928 49.802967 49.802967 49.802967 19.983221 9.674043 
0.000000 0.000000 0.000000 0.000000 0.000000 1.387504 40.348831 2.419925 49.761967 49.802967 12.735689 16.205578 12.735689 
0.000000 0.000000 0.000000 0.000000 3.963500 36.893688 5.617928 49.802967 49.802967 49.802967 19.983221 16.205578 12.735689 
0.000000 0.000000 0.000000 0.000000 1.889795 40.348831 43.386383 49.802967 49.802967 39.408066 28.006943 12.735689 16.205578 
0.000000 0.000000 0.000000 36.893688 40.348831 5.617928 49.802967 49.802967 49.802967 16.205578 9.674043 16.205578 0.000000 
0.000000 0.000000 0.000000 40.348831 3.963500 2.816512 49.802967 49.802967 16.205578 19.983221 16.205578 19.983221 0.000000 
0.000000 0.000000 0.000000 40.348831 40.348831 43.386383 49.802967 49.802967 39.408066 19.983221 12.735689 16.205578 0.000000 
0.000000 0.000000 40.348831 3.963500 40.348831 49.802967 49.802967 47.370468 19.983221 16.205578 12.735689 7.104434 0.000000 
0.000000 0.000000 40.348831 40.348831 40.348831 49.802967 49.802967 49.802967 23.956673 19.983221 5.086212 0.000000 0.000000 
0.000000 36.893688 3.963500 2.605592 49.802967 49.802967 49.802967 35.851166 42.575092 35.851166 9.674043 0.000000 0.000000 
0.000000 2.816512 5.617928 43.386383 49.802967 49.802967 49.802967 32.012085 16.205578 7.104434 19.983221 0.000000 0.000000 
0.000000 1.889795 36.893688 49.802967 49.802967 49.802967 49.802967 12.735689 9.674043 12.735689 0.000000 0.000000 0.000000 
0.000000 43.386383 3.963500 49.802967 49.151123 49.802967 49.802967 35.851166 19.983221 12.735689 0.000000 0.000000 0.000000 
2.816512 3.963500 49.802967 49.802967 49.802967 49.802967 49.802967 45.256310 19.983221 19.983221 0.000000 0.000000 0.000000 
2.816512 49.802967 49.151123 49.802967 49.802967 49.802967 12.735689 7.104434 28.006943 0.000000 0.000000 0.000000 0.000000 
40.348831 49.802967 49.802967 49.802967 49.802967 19.983221 39.408066 12.735689 9.674043 0.000000 0.000000 0.000000 0.000000 
43.386383 49.802967 49.802967 49.802967 49.802967 16.205578 32.012085 9.674043 0.000000 0.000000 0.000000 0.000000 0.000000 
49.761967 49.761967 49.802967 49.802967 49.802967 16.205578 19.983221 5.086212 0.000000 0.000000 0.000000 0.000000 0.000000 
49.802967 49.802967 49.802967 49.802967 42.575092 42.575092 42.575092 0.000000 0.000000 0.000000 0.000000 0.000000 0.000000 
49.802967 49.802967 49.802967 49.802967 19.983221 32.012085 45.256310 0.000000 0.000000 0.000000 0.000000 0.000000 0.000000 
49.802967 49.802967 48.853493 16.205578 49.660458 19.983221 0.000000 0.000000 0.000000 0.000000 0.000000 0.000000 0.000000 
49.802967 49.802967 42.575092 35.851166 12.735689 0.000000 0.000000 0.000000 0.000000 0.000000 0.000000 0.000000 0.000000 
49.802967 49.802967 16.205578 32.012085 0.000000 0.000000 0.000000 0.000000 0.000000 0.000000 0.000000 0.000000 0.000000 
49.802967 49.802967 19.983221 0.000000 0.000000 0.000000 0.000000 0.000000 0.000000 0.000000 0.000000 0.000000 0.000000 
