test/output/constant/M3M460_S060_A180_WD180.0_WS005.0/M3M460_S060_A180_WD180.0_WS005.0_arrival.asc
ncols         31
nrows         9
xllcorner     426603.990666
yllcorner     12748555.311160
cellsize      100.000000
NODATA_value  0.000000
0.000000 0.000000 0.000000 0.000000 0.000000 0.000000 0.000000 0.000000 0.000000 0.000000 0.000000 0.000000 0.000000 0.000000 0.000000 0.000000 166.040955 166.039863 166.039316 166.039316 166.039316 166.039316 166.039316 166.039316 166.039316 166.039863 166.040409 166.040955 166.041667 0.000000 0.000000 
0.000000 0.000000 0.000000 0.000000 0.000000 0.000000 0.000000 0.000000 0.000000 0.000000 166.040955 166.037678 166.035494 166.033856 166.032764 166.032218 166.032218 166.032218 166.032218 166.032218 166.032218 166.032764 166.033310 166.034402 166.034948 166.036040 166.037132 166.038224 166.039316 166.040409 166.041501 
0.000000 0.000000 0.000000 0.000000 0.000000 0.000000 166.040955 166.034402 166.031126 166.028395 166.026211 166.025119 166.025119 166.025119 166.025119 166.025119 166.025665 166.026211 166.026757 166.027303 166.028395 166.029487 166.030579 166.031672 166.032764 166.034402 166.035494 166.037132 166.038224 166.039863 166.040955 
0.000000 0.000000 0.000000 166.040409 166.030033 166.024573 166.020750 166.019112 166.018020 166.018020 166.018020 166.018020 166.018566 166.019112 166.020204 166.021296 166.021842 166.023481 166.024573 166.026211 166.027303 166.028941 166.030033 166.031672 166.032764 166.034402 166.035494 166.037132 166.038770 166.039863 166.041501 
0.000000 166.034402 166.020750 166.014198 166.011467 166.010921 166.010921 166.010921 166.011467 166.012559 166.013652 166.014744 166.016382 166.017474 166.019112 166.020204 166.021842 166.022935 166.024573 166.025665 166.027303 166.028941 166.030579 166.031672 166.033310 166.035494 166.036586 166.038224 166.039863 166.041667 0.000000 
166.012559 166.004368 166.003822 166.003822 166.004915 166.006553 166.007645 166.009283 166.010921 166.012013 166.013652 166.014744 166.016382 166.017474 166.019658 166.020750 166.022389 166.024027 166.025665 166.027849 166.029487 166.031126 166.032764 166.034948 166.036586 166.038224 166.040409 0.000000 0.000000 0.000000 0.000000 
166.000000 166.001092 166.002184 166.003822 166.004915 166.006553 166.008191 166.009829 166.011467 166.013652 166.015290 166.017474 166.019112 166.020750 166.022935 166.024573 166.026757 166.028395 166.030579 166.032218 166.034402 166.036040 166.037678 166.039863 166.041501 0.000000 0.000000 0.000000 0.000000 0.000000 0.000000 
166.022935 166.015290 166.013652 166.014198 166.014744 166.015836 166.017474 166.019112 166.020204 166.022389 166.024027 166.025665 166.027303 166.028941 166.031126 166.032764 166.034402 166.036040 166.038224 166.039863 0.000000 0.000000 0.000000 0.000000 0.000000 0.000000 0.000000 0.000000 0.000000 0.000000 0.000000 
0.000000 0.000000 0.000000 0.000000 166.041501 166.039863 166.038770 166.039316 166.039863 166.040409 166.040955 0.000000 0.000000 0.000000 0.000000 0.000000 0.000000 0.000000 0.000000 0.000000 0.000000 0.000000 0.000000 0.000000 0.000000 0.000000 0.000000 0.000000 0.000000 0.000000 0.000000 
