test/output/constant/M3M465_S000_A270_WD270.0_WS030.0/M3M465_S000_A270_WD270.0_WS030.0_arrival.asc
ncols         29
nrows         7
xllcorner     426503.990666
yllcorner     12748455.311160
cellsize      100.000000
NODATA_value  0.000000
0.000000 0.000000 0.000000 0.000000 0.000000 166.040213 166.036443 166.033301 166.032044 166.031416 166.030788 166.030788 166.030788 166.030788 166.031416 166.032044 166.033301 166.033929 166.035186 166.036443 166.037699 166.038956 166.040213 166.041469 0.000000 0.000000 0.000000 0.000000 0.000000 
0.000000 0.000000 166.033301 166.025761 166.021363 166.019478 166.018850 166.018850 166.018850 166.018850 166.020106 166.020735 166.021991 166.023248 166.024505 166.025761 166.027018 166.028275 166.029531 166.030788 166.032673 166.033929 166.035186 166.037071 166.038328 166.039584 166.041469 0.000000 0.000000 
166.039584 166.011938 166.006912 166.006283 166.006283 166.007540 166.008797 166.010053 166.011310 166.013195 166.014451 166.016336 166.017593 166.019478 166.020735 166.021991 166.023876 166.025133 166.027018 166.028275 166.030160 166.031416 166.032673 166.034558 166.035814 166.037699 166.038956 166.040841 0.000000 
166.028903 166.000000 166.001257 166.002513 166.004398 166.005655 166.007540 166.008797 166.010681 166.011938 166.013823 166.015080 166.016965 166.018221 166.020106 166.021363 166.023248 166.024505 166.026390 166.027646 166.029531 166.030788 166.032673 166.033929 166.035814 166.037071 166.038956 166.040213 166.041667 
166.039584 166.011938 166.006912 166.006283 166.006283 166.007540 166.008797 166.010053 166.011310 166.013195 166.014451 166.016336 166.017593 166.019478 166.020735 166.021991 166.023876 166.025133 166.027018 166.028275 166.030160 166.031416 166.032673 166.034558 166.035814 166.037699 166.038956 166.040841 0.000000 
0.000000 0.000000 166.033301 166.025761 166.021363 166.019478 166.018850 166.018850 166.018850 166.018850 166.020106 166.020735 166.021991 166.023248 166.024505 166.025761 166.027018 166.028275 166.029531 166.030788 166.032673 166.033929 166.035186 166.037071 166.038328 166.039584 166.041469 0.000000 0.000000 
0.000000 0.000000 0.000000 0.000000 0.000000 166.040213 166.036443 166.033301 166.032044 166.031416 166.030788 166.030788 166.030788 166.030788 166.031416 166.032044 166.033301 166.033929 166.035186 166.036443 166.037699 166.038956 166.040213 166.041469 0.000000 0.000000 0.000000 0.000000 0.000000 
