test/output/constant/M480_S060_A180_WD225.0_WS010.0/M480_S060_A180_WD225.0_WS010.0_arrival.asc
ncols         29
nrows         8
xllcorner     426603.990666
yllcorner     12748655.311160
cellsize      100.000000
NODATA_value  0.000000
0.000000 0.000000 0.000000 0.000000 0.000000 0.000000 0.000000 0.000000 0.000000 0.000000 0.000000 0.000000 0.000000 0.000000 166.040652 166.038361 166.037216 166.036644 166.036071 166.036071 166.035499 166.035499 166.036071 166.036644 166.037216 166.037789 166.038934 166.040079 166.040652 
0.000000 0.000000 0.000000 0.000000 0.000000 0.000000 0.000000 0.000000 0.000000 0.000000 166.037789 166.034353 166.032063 166.030918 166.029773 166.029773 166.029200 166.029200 166.029200 166.029773 166.030918 166.031491 166.032636 166.033781 166.034926 166.036644 166.037789 166.039506 166.040652 
0.000000 0.000000 0.000000 0.000000 0.000000 0.000000 166.039506 166.032636 166.028055 166.025193 166.024047 166.023475 166.022902 166.022902 166.022902 166.023475 166.024047 166.025193 166.026338 166.027483 166.029200 166.030346 166.032063 166.033208 166.034926 166.036071 166.037789 166.039506 166.040652 
0.000000 0.000000 0.000000 166.041667 166.030346 166.022902 166.018894 166.017177 166.016604 166.016604 166.016604 166.017177 166.017749 166.018894 166.020040 166.021757 166.022902 166.024620 166.025765 166.027483 166.029200 166.030346 166.032063 166.033781 166.035499 166.037216 166.039506 166.041224 0.000000 
0.000000 166.037216 166.020612 166.012596 166.010306 166.009733 166.009733 166.010306 166.011451 166.012596 166.014314 166.015459 166.017177 166.018894 166.020040 166.021757 166.023475 166.025193 166.026910 166.029200 166.030918 166.033208 166.034926 166.037216 166.039506 166.041667 0.000000 0.000000 0.000000 
166.014314 166.003435 166.003435 166.004008 166.005153 166.006871 166.008588 166.009733 166.011451 166.012596 166.014314 166.016032 166.018322 166.020612 166.022330 166.024620 166.026910 166.029200 166.031491 166.033781 166.036071 166.038361 166.041224 0.000000 0.000000 0.000000 0.000000 0.000000 0.000000 
166.000000 166.001145 166.002290 166.004008 166.005726 166.007443 166.009733 166.012024 166.014886 166.017177 166.019467 166.022330 166.024620 166.026910 166.029773 166.032063 166.034353 166.037216 166.039506 0.000000 0.000000 0.000000 0.000000 0.000000 0.000000 0.000000 0.000000 0.000000 0.000000 
166.036644 166.024620 166.021757 166.021757 166.022902 166.024620 166.026338 166.028628 166.030918 166.033208 166.036071 166.038361 166.041224 0.000000 0.000000 0.000000 0.000000 0.000000 0.000000 0.000000 0.000000 0.000000 0.000000 0.000000 0.000000 0.000000 0.000000 0.000000 0.000000 
