test/output/constant/M380_S060_A000_WD090.0_WS010.0/M380_S060_A000_WD090.0_WS010.0_raz.asc
ncols         54
nrows         9
xllcorner     421303.990666
yllcorner     12748355.311160
cellsize      100.000000
NODATA_value  0.000000
0 0 0 0 0 0 0 0 0 0 0 0 272 275 276 275 272 274 272 277 274 273 277 275 277 276 279 276 276 275 276 275 276 276 275 276 276 326 276 276 350 0 0 0 0 0 0 0 0 0 0 0 0 0 
0 0 0 0 0 0 274 273 270 275 270 270 271 274 273 271 271 276 276 270 273 276 273 276 272 274 271 275 272 275 274 273 272 275 276 276 276 276 276 276 275 300 276 276 300 276 277 277 0 0 0 0 0 0 
0 0 271 271 270 270 271 270 270 271 270 272 273 273 271 270 274 272 271 272 274 270 275 271 270 279 271 272 270 271 273 272 274 276 273 276 271 274 272 275 274 275 276 276 276 275 275 326 355 300 276 355 0 0 
0 270 277 272 275 272 273 274 271 272 270 275 271 272 270 271 270 274 271 270 274 274 275 270 275 270 277 270 270 272 270 274 270 274 270 270 272 271 271 275 270 276 274 270 277 271 272 275 271 274 276 310 27 27 
270 270 270 270 270 270 270 270 270 270 270 270 270 270 270 270 270 270 270 270 270 270 270 270 270 270 270 270 270 270 270 270 270 270 270 270 270 270 270 270 270 270 270 270 270 270 270 270 270 270 270 270 270 65535 
0 270 270 270 270 270 270 265 270 270 270 270 270 270 270 270 270 270 270 270 270 270 270 270 270 270 270 270 270 270 270 270 270 270 270 270 270 270 270 264 270 270 265 270 270 270 270 270 270 265 263 229 152 152 
0 0 270 270 270 270 270 270 270 270 270 270 270 270 270 270 270 270 270 270 270 270 264 270 270 270 270 270 270 270 270 270 265 270 270 270 270 265 270 270 265 264 263 263 263 264 264 213 184 239 263 184 0 0 
0 0 0 0 0 0 270 270 270 270 270 270 270 270 270 270 270 270 270 270 266 270 270 270 270 265 270 270 267 270 270 266 270 270 263 263 263 263 263 263 264 239 263 263 239 263 262 262 0 0 0 0 0 0 
0 0 0 0 0 0 0 0 0 0 0 0 270 264 270 270 270 265 270 270 265 270 262 270 262 263 260 263 263 264 263 264 263 263 264 263 263 213 263 263 189 0 0 0 0 0 0 0 0 0 0 0 0 0 
