test/output/constant/M3M460_S060_A090_WD045.0_WS005.0/M3M460_S060_A090_WD045.0_WS005.0_arrival.asc
ncols         8
nrows         34
xllcorner     426103.990666
yllcorner     12745455.311160
cellsize      100.000000
NODATA_value  0.000000
0.000000 0.000000 0.000000 0.000000 166.015806 166.000000 166.024697 0.000000 
0.000000 0.000000 0.000000 0.000000 166.005433 166.000988 166.013337 0.000000 
0.000000 0.000000 0.000000 166.026673 166.004446 166.001976 166.011361 0.000000 
0.000000 0.000000 0.000000 166.018770 166.004446 166.003458 166.011361 166.040997 
0.000000 0.000000 166.040010 166.014818 166.004939 166.004446 166.011855 166.036058 
0.000000 0.000000 166.032106 166.012843 166.005927 166.005927 166.012349 166.035070 
0.000000 0.000000 166.027661 166.012349 166.006915 166.006915 166.012843 166.033094 
0.000000 0.000000 166.024203 166.012349 166.008397 166.008397 166.014324 166.032600 
0.000000 166.040997 166.022228 166.012843 166.009385 166.009879 166.015312 166.032106 
0.000000 166.036552 166.021240 166.012843 166.010867 166.011361 166.016794 166.032600 
0.000000 166.034082 166.020746 166.013830 166.011855 166.012349 166.018276 166.032600 
0.000000 166.031612 166.020746 166.014324 166.013337 166.013830 166.019758 166.033094 
0.000000 166.030131 166.020746 166.015312 166.014324 166.015312 166.020746 166.034082 
0.000000 166.029143 166.020746 166.016300 166.015806 166.016794 166.022228 166.034576 
166.041491 166.028649 166.021240 166.017288 166.017288 166.018276 166.023709 166.035070 
166.039516 166.028649 166.021734 166.018276 166.018276 166.019758 166.025191 166.036058 
166.038034 166.028649 166.022228 166.019758 166.019758 166.021240 166.026673 166.037046 
166.037540 166.028649 166.022721 166.020746 166.020746 166.022721 166.028155 166.038034 
166.036552 166.029143 166.023709 166.022228 166.022228 166.023709 166.029637 166.039022 
166.036552 166.029637 166.024697 166.023215 166.023215 166.025191 166.031119 166.040010 
166.037046 166.029637 166.025685 166.024697 166.024697 166.026673 166.032600 166.041491 
166.037046 166.030131 166.026673 166.025685 166.026179 166.028155 166.034082 0.000000 
166.037046 166.030625 166.027661 166.027167 166.027167 166.029637 166.035564 0.000000 
166.037540 166.031612 166.028649 166.028155 166.028649 166.031119 166.037046 0.000000 
166.037540 166.032600 166.029637 166.029637 166.030131 166.032600 166.038528 0.000000 
166.038034 166.033588 166.031119 166.030625 166.031612 166.034082 166.040010 0.000000 
166.038034 166.034082 166.032106 166.032106 166.032600 166.035564 166.041491 0.000000 
166.039022 166.035070 166.033094 166.033094 166.034082 166.037046 0.000000 0.000000 
166.039516 166.036058 166.034576 166.034576 166.035564 166.038528 0.000000 0.000000 
166.040010 166.037046 166.035564 166.035564 166.037046 166.040010 0.000000 0.000000 
166.040997 166.038034 166.037046 166.037046 166.038034 166.041491 0.000000 0.000000 
0.000000 166.039022 166.038034 166.038034 166.039516 0.000000 0.000000 0.000000 
0.000000 166.040010 166.039516 166.039516 166.040997 0.000000 0.000000 0.000000 
0.000000 166.040997 166.040503 166.040997 0.000000 0.000000 0.000000 0.000000 
