test/output/constant/M3M490_S060_A000_WD180.0_WS010.0/M3M490_S060_A000_WD180.0_WS010.0_intensity.asc
ncols         49
nrows         16
xllcorner     421803.990666
yllcorner     12748655.311160
cellsize      100.000000
NODATA_value  0.000000
0 0 0 0 74021 74021 61190 74021 6677 56040 0 0 0 0 0 0 0 0 0 0 0 0 0 0 0 0 0 0 0 0 0 0 0 0 0 0 0 0 0 0 0 0 0 0 0 0 0 0 0 
74021 71879 74021 74021 74021 71879 74021 69232 61190 69232 61190 3978 56040 50339 1263 56040 6677 3978 0 0 0 0 0 0 0 0 0 0 0 0 0 0 0 0 0 0 0 0 0 0 0 0 0 0 0 0 0 0 0 
74021 74021 74021 74021 74021 74021 71879 74021 73494 61190 71879 56040 74021 61190 69232 50339 61190 56040 6677 6677 50339 56040 3978 0 0 0 0 0 0 0 0 0 0 0 0 0 0 0 0 0 0 0 0 0 0 0 0 0 0 
32891 74021 62111 74021 74021 74021 74021 74021 69232 74021 73494 74021 65632 74021 71879 74021 61190 61190 50339 50339 6677 6677 3978 2231 6677 3978 6677 0 0 0 0 0 0 0 0 0 0 0 0 0 0 0 0 0 0 0 0 0 0 
0 32891 32891 66401 66401 74021 39190 74021 74021 74021 74021 74021 74021 74021 74021 71879 61190 71879 61190 61190 50339 56040 3978 2231 6677 50339 50339 3978 50339 3978 0 0 0 0 0 0 0 0 0 0 0 0 0 0 0 0 0 0 0 
0 0 32891 39190 62111 69824 57084 74021 74021 74021 69824 74021 74021 74021 74021 74021 74021 74021 74021 61190 69232 56040 65632 6677 6677 3978 6677 3978 3978 56040 2231 50339 56040 0 0 0 0 0 0 0 0 0 0 0 0 0 0 0 0 
0 0 0 0 32891 32891 32891 73961 66401 74021 26742 26742 26742 74021 45447 74021 74021 74021 74021 73865 74021 74021 74021 74021 61190 73865 2231 6677 3978 6677 50339 6677 50339 50339 50339 50339 0 0 0 0 0 0 0 0 0 0 0 0 0 
0 0 0 0 0 32891 62111 32891 32891 51472 32891 69824 57084 26742 62111 69824 74021 74021 26742 74021 74021 74021 74021 74021 74021 71879 69232 73494 74021 3978 61190 6677 56040 3978 3978 50339 3978 50339 1638 0 0 0 0 0 0 0 0 0 0 
0 0 0 0 0 0 0 0 57084 32891 45447 26742 26742 26742 39190 51472 32891 26742 74021 74021 72277 72277 57084 74021 74021 69232 74021 73865 74021 74021 74021 61190 50339 50339 6677 50339 56040 3978 3978 6677 50339 0 0 0 0 0 0 0 0 
0 0 0 0 0 0 0 0 0 0 26742 26742 66401 32891 32891 26742 32891 57084 32891 26742 66401 32891 32891 69824 62111 74021 39190 74021 74021 74021 74021 71879 74021 71879 61190 50339 50339 56040 56040 3978 50339 50339 2231 2231 0 0 0 0 0 
0 0 0 0 0 0 0 0 0 0 0 0 0 32891 26742 66401 32891 32891 26742 26742 26742 69824 32891 26742 32891 26742 26742 73683 72277 66401 69824 74021 74021 74021 74021 74021 74021 61190 50339 50339 50339 50339 50339 50339 44261 1638 0 0 0 
0 0 0 0 0 0 0 0 0 0 0 0 0 0 0 39190 32891 51472 32891 32891 32891 57084 26742 26742 62111 62111 32891 32891 32891 32891 26742 26742 26742 73961 51472 74021 74021 74021 74021 74021 69232 1638 6677 3978 1263 1638 1638 0 0 
0 0 0 0 0 0 0 0 0 0 0 0 0 0 0 0 0 0 0 62111 32891 51472 32891 32891 26742 26742 26742 32891 62111 32891 32891 72277 66401 32891 62111 73683 45447 51472 74021 74021 74021 74021 65632 65632 61190 56040 50339 1263 1638 
0 0 0 0 0 0 0 0 0 0 0 0 0 0 0 0 0 0 0 0 0 0 32891 26742 26742 32891 26742 32891 26742 32891 32891 26742 32891 51472 26742 32891 32891 32891 66401 32891 51472 62111 74021 74021 74021 74021 69232 61190 37991 
0 0 0 0 0 0 0 0 0 0 0 0 0 0 0 0 0 0 0 0 0 0 0 0 0 0 26742 26742 26742 32891 26742 32891 32891 26742 32891 26742 32891 26742 26742 32891 32891 32891 26742 32891 26742 32891 74021 74021 0 
0 0 0 0 0 0 0 0 0 0 0 0 0 0 0 0 0 0 0 0 0 0 0 0 0 0 0 0 0 0 0 0 0 0 26742 26742 26742 26742 32891 26742 26742 26742 32891 26742 26742 26742 10997 10997 898 
