test/output/constant/M3M490_S060_A000_WD315.0_WS045.0/M3M490_S060_A000_WD315.0_WS045.0_raz.asc
ncols         12
nrows         35
xllcorner     425703.990666
yllcorner     12745455.311160
cellsize      100.000000
NODATA_value  0.000000
0 0 0 0 0 0 0 0 350 303 35 0 
0 0 0 0 0 0 0 283 350 65535 350 0 
0 0 0 0 0 0 272 283 199 193 170 0 
0 0 0 0 0 0 262 262 193 193 170 83 
0 0 0 0 0 283 272 262 193 179 170 165 
0 0 0 0 0 272 272 193 193 181 170 165 
0 0 0 0 303 303 246 195 193 179 179 165 
0 0 0 0 199 246 198 193 193 179 170 170 
0 0 0 0 200 262 193 193 189 181 179 0 
0 0 0 199 303 262 193 193 193 179 174 0 
0 0 0 262 199 199 193 193 179 179 179 0 
0 0 0 262 200 194 193 193 183 174 177 0 
0 0 246 283 272 193 193 193 183 179 179 0 
0 0 200 199 199 193 193 188 179 179 179 0 
0 0 246 199 193 193 193 193 181 165 165 0 
0 283 199 272 193 198 193 179 165 179 181 0 
0 199 200 195 193 193 193 179 165 179 177 0 
0 262 199 196 193 193 177 181 177 170 0 0 
0 199 199 193 193 193 186 181 174 179 0 0 
246 272 193 198 195 193 189 165 188 177 0 0 
303 199 193 193 193 179 193 179 174 179 0 0 
246 198 196 193 193 186 181 181 177 179 0 0 
303 195 193 193 193 193 179 165 177 0 0 0 
199 193 193 196 193 179 181 177 174 0 0 0 
193 193 193 193 189 193 179 177 179 0 0 0 
193 196 195 193 189 179 177 179 0 0 0 0 
193 198 193 193 193 179 179 179 0 0 0 0 
193 193 195 193 179 181 170 181 0 0 0 0 
193 193 193 193 193 179 181 0 0 0 0 0 
193 195 193 193 193 185 179 0 0 0 0 0 
193 195 193 193 189 179 0 0 0 0 0 0 
193 195 193 190 181 177 0 0 0 0 0 0 
198 193 193 188 159 0 0 0 0 0 0 0 
193 193 193 193 159 0 0 0 0 0 0 0 
196 193 181 193 0 0 0 0 0 0 0 0 
