test/output/constant/M3M465_S060_A090_WD225.0_WS020.0/M3M465_S060_A090_WD225.0_WS020.0_ros.asc
ncols         14
nrows         20
xllcorner     426503.990666
yllcorner     12746955.311160
cellsize      100.000000
NODATA_value  0.000000
1.602370 2.048186 2.367687 0.000000 0.000000 0.000000 0.000000 0.000000 0.000000 0.000000 0.000000 0.000000 0.000000 0.000000 
3.143650 -1.000000 22.749060 2.048186 2.855023 0.000000 0.000000 0.000000 0.000000 0.000000 0.000000 0.000000 0.000000 0.000000 
6.021672 35.845551 35.038960 25.500561 1.809448 2.855023 0.000000 0.000000 0.000000 0.000000 0.000000 0.000000 0.000000 0.000000 
6.021672 26.929363 35.845551 28.065496 35.038960 2.048186 2.855023 0.000000 0.000000 0.000000 0.000000 0.000000 0.000000 0.000000 
4.382262 21.448029 35.845551 35.845551 35.845551 2.048186 25.500561 2.855023 0.000000 0.000000 0.000000 0.000000 0.000000 0.000000 
0.000000 3.143650 34.586224 35.845551 35.845551 35.845551 25.500561 25.500561 0.000000 0.000000 0.000000 0.000000 0.000000 0.000000 
0.000000 21.448029 31.490461 35.845551 35.845551 35.845551 32.333241 25.500561 2.048186 0.000000 0.000000 0.000000 0.000000 0.000000 
0.000000 21.448029 3.143650 6.021672 35.845551 35.845551 35.845551 35.845551 35.695560 2.367687 0.000000 0.000000 0.000000 0.000000 
0.000000 10.354317 6.021672 35.460567 35.845551 35.845551 33.906715 35.038960 30.366285 2.855023 22.749060 0.000000 0.000000 0.000000 
0.000000 0.000000 24.264572 8.029019 35.846107 35.845551 35.845551 35.038960 35.845551 35.845551 22.749060 0.000000 0.000000 0.000000 
0.000000 0.000000 24.264572 8.029019 35.460567 31.490461 35.845551 35.845551 25.500561 25.500561 28.065496 25.500561 0.000000 0.000000 
0.000000 0.000000 0.000000 24.264572 33.249416 26.929363 35.845551 35.845551 35.845551 35.845551 1.809448 35.845551 0.000000 0.000000 
0.000000 0.000000 0.000000 0.000000 35.845551 34.586224 35.845551 35.845551 35.845551 35.845551 35.845551 35.845551 2.367687 0.000000 
0.000000 0.000000 0.000000 0.000000 6.021672 35.460567 31.490461 35.845551 35.845551 35.845551 35.038960 35.845551 30.366285 0.000000 
0.000000 0.000000 0.000000 0.000000 0.000000 33.249416 35.845551 31.490461 35.845551 35.845551 35.845551 28.065496 32.333241 0.000000 
0.000000 0.000000 0.000000 0.000000 0.000000 0.000000 35.460567 21.448029 35.845551 35.845551 35.845551 35.845551 35.038960 35.845551 
0.000000 0.000000 0.000000 0.000000 0.000000 0.000000 0.000000 33.249416 35.845551 35.846107 35.845551 35.845551 33.906715 35.845551 
0.000000 0.000000 0.000000 0.000000 0.000000 0.000000 0.000000 0.000000 29.362400 35.845551 35.845551 35.845551 35.845551 28.065496 
0.000000 0.000000 0.000000 0.000000 0.000000 0.000000 0.000000 0.000000 0.000000 29.362400 35.845551 35.845551 35.845551 35.845551 
0.000000 0.000000 0.000000 0.000000 0.000000 0.000000 0.000000 0.000000 0.000000 0.000000 35.845551 35.845551 35.845551 35.845551 
