test/output/constant/M470_S060_A180_WD270.0_WS020.0/M470_S060_A180_WD270.0_WS020.0_arrival.asc
ncols         34
nrows         7
xllcorner     426603.990666
yllcorner     12748455.311160
cellsize      100.000000
NODATA_value  0.000000
0.000000 0.000000 0.000000 0.000000 0.000000 0.000000 0.000000 0.000000 0.000000 0.000000 0.000000 0.000000 0.000000 0.000000 0.000000 0.000000 166.041667 166.041382 166.041382 166.041382 166.041382 166.041382 0.000000 0.000000 0.000000 0.000000 0.000000 0.000000 0.000000 0.000000 0.000000 0.000000 0.000000 0.000000 
0.000000 0.000000 0.000000 0.000000 166.037806 166.032697 166.029121 166.027077 166.026055 166.025034 166.025034 166.025034 166.025034 166.025034 166.026055 166.027077 166.027588 166.028610 166.029632 166.030653 166.031164 166.032186 166.033208 166.034230 166.035251 166.036273 166.037806 166.038828 166.039849 166.041382 0.000000 0.000000 0.000000 0.000000 
166.041667 166.014816 166.009707 166.008685 166.008685 166.008685 166.009707 166.010729 166.011750 166.012772 166.013794 166.015327 166.016348 166.017370 166.018903 166.019925 166.020946 166.022479 166.023501 166.025034 166.026055 166.027077 166.028610 166.029632 166.031164 166.032186 166.033719 166.034740 166.036273 166.037295 166.038828 166.039849 166.041382 0.000000 
166.000000 166.001022 166.002044 166.003576 166.004598 166.006131 166.007152 166.008685 166.009707 166.011240 166.012261 166.013794 166.014816 166.016348 166.017370 166.018903 166.019925 166.021457 166.022479 166.024012 166.025034 166.026566 166.027588 166.029121 166.030142 166.031675 166.032697 166.034230 166.035251 166.036784 166.037806 166.039338 166.040360 166.041667 
166.041667 166.014816 166.009707 166.008685 166.008685 166.008685 166.009707 166.010729 166.011750 166.012772 166.013794 166.015327 166.016348 166.017370 166.018903 166.019925 166.020946 166.022479 166.023501 166.025034 166.026055 166.027077 166.028610 166.029632 166.031164 166.032186 166.033719 166.034740 166.036273 166.037295 166.038828 166.039849 166.041382 0.000000 
0.000000 0.000000 0.000000 0.000000 166.037806 166.032697 166.029121 166.027077 166.026055 166.025034 166.025034 166.025034 166.025034 166.025034 166.026055 166.027077 166.027588 166.028610 166.029632 166.030653 166.031164 166.032186 166.033208 166.034230 166.035251 166.036273 166.037806 166.038828 166.039849 166.041382 0.000000 0.000000 0.000000 0.000000 
0.000000 0.000000 0.000000 0.000000 0.000000 0.000000 0.000000 0.000000 0.000000 0.000000 0.000000 0.000000 0.000000 0.000000 0.000000 0.000000 166.041667 166.041382 166.041382 166.041382 166.041382 166.041382 0.000000 0.000000 0.000000 0.000000 0.000000 0.000000 0.000000 0.000000 0.000000 0.000000 0.000000 0.000000 
