test/output/constant/M3M465_S060_A270_WD045.0_WS015.0/M3M465_S060_A270_WD045.0_WS015.0_arrival.asc
ncols         12
nrows         24
xllcorner     425603.990666
yllcorner     12748655.311160
cellsize      100.000000
NODATA_value  0.000000
0.000000 166.041448 166.041448 0.000000 0.000000 0.000000 0.000000 0.000000 0.000000 0.000000 0.000000 0.000000 
166.041667 166.040066 166.039375 166.040066 166.041448 0.000000 0.000000 0.000000 0.000000 0.000000 0.000000 0.000000 
166.040757 166.038685 166.037994 166.037994 166.038685 166.041448 0.000000 0.000000 0.000000 0.000000 0.000000 0.000000 
166.040757 166.037303 166.035921 166.035921 166.036612 166.038685 0.000000 0.000000 0.000000 0.000000 0.000000 0.000000 
166.040757 166.036612 166.034540 166.033849 166.033849 166.035921 166.039375 0.000000 0.000000 0.000000 0.000000 0.000000 
166.041448 166.036612 166.033158 166.032467 166.031777 166.033158 166.035921 166.041448 0.000000 0.000000 0.000000 0.000000 
166.041667 166.036612 166.032467 166.030395 166.030395 166.030395 166.033158 166.037303 0.000000 0.000000 0.000000 0.000000 
0.000000 166.037303 166.032467 166.029013 166.028323 166.028323 166.029704 166.033849 166.040757 0.000000 0.000000 0.000000 
0.000000 166.037994 166.032467 166.028323 166.026250 166.026250 166.026941 166.030395 166.036612 0.000000 0.000000 0.000000 
0.000000 166.039375 166.032467 166.028323 166.024869 166.024178 166.024869 166.026941 166.032467 166.041448 0.000000 0.000000 
0.000000 166.041448 166.033849 166.028323 166.024178 166.022796 166.022106 166.024178 166.028323 166.036612 0.000000 0.000000 
0.000000 0.000000 166.035231 166.028323 166.023487 166.020724 166.020724 166.021415 166.024869 166.032467 0.000000 0.000000 
0.000000 0.000000 166.038685 166.029704 166.024178 166.020033 166.018652 166.018652 166.021415 166.027632 166.038685 0.000000 
0.000000 0.000000 0.000000 166.031777 166.024178 166.019342 166.016579 166.016579 166.017961 166.023487 166.033849 0.000000 
0.000000 0.000000 0.000000 166.035921 166.026250 166.019342 166.015888 166.014507 166.015198 166.020033 166.029704 0.000000 
0.000000 0.000000 0.000000 166.041448 166.029013 166.020724 166.015198 166.013125 166.013125 166.015888 166.024869 0.000000 
0.000000 0.000000 0.000000 0.000000 166.033849 166.022796 166.015198 166.011053 166.011053 166.012434 166.020033 166.040066 
0.000000 0.000000 0.000000 0.000000 166.041667 166.026941 166.016579 166.011053 166.008980 166.008980 166.015198 166.035231 
0.000000 0.000000 0.000000 0.000000 0.000000 166.034540 166.020033 166.011053 166.006908 166.006908 166.011053 166.031086 
0.000000 0.000000 0.000000 0.000000 0.000000 0.000000 166.026941 166.013125 166.006908 166.004836 166.006908 166.026250 
0.000000 0.000000 0.000000 0.000000 0.000000 0.000000 166.039375 166.019342 166.006908 166.003454 166.003454 166.022796 
0.000000 0.000000 0.000000 0.000000 0.000000 0.000000 0.000000 166.033158 166.011744 166.002763 166.001382 166.020724 
0.000000 0.000000 0.000000 0.000000 0.000000 0.000000 0.000000 0.000000 166.027632 166.004836 166.000000 166.022106 
0.000000 0.000000 0.000000 0.000000 0.000000 0.000000 0.000000 0.000000 0.000000 166.033849 166.024869 166.037994 
