test/output/constant/M3M480_S060_A000_WD315.0_WS035.0/M3M480_S060_A000_WD315.0_WS035.0_intensity.asc
ncols         15
nrows         25
xllcorner     425303.990666
yllcorner     12746455.311160
cellsize      100.000000
NODATA_value  0.000000
0 0 0 0 0 0 0 0 0 0 0 0 3385 2292 1312 
0 0 0 0 0 0 0 0 0 0 2457 2457 1707 0 5659 
0 0 0 0 0 0 0 0 0 1298 2457 28619 38308 38308 4141 
0 0 0 0 0 0 0 0 2457 4701 25762 38308 38308 5659 5659 
0 0 0 0 0 0 0 2457 3385 3385 31235 38308 30202 4141 5659 
0 0 0 0 0 0 0 4701 3385 2292 38308 38308 5659 9905 5659 
0 0 0 0 0 0 3385 2457 31235 35432 38308 27476 21488 4141 0 
0 0 0 0 0 28619 2292 28619 31235 38308 38308 9905 18407 7594 0 
0 0 0 0 0 3385 4701 4701 38308 38308 38308 4141 5659 7594 0 
0 0 0 0 3385 28619 2457 38291 38308 38308 37521 5659 9905 5659 0 
0 0 0 2457 4701 3385 28619 38308 38308 38308 7594 7594 4141 0 0 
0 0 0 4701 4701 4701 38308 38308 38308 7594 9905 9905 9905 0 0 
0 0 28619 31235 3385 2145 38308 38308 38308 32638 12528 18407 0 0 0 
0 0 2457 28619 8520 38308 38308 38308 38308 27476 12528 9905 0 0 0 
0 0 28619 31235 38308 38308 38308 15390 5659 12528 12528 0 0 0 0 
0 28619 4701 8520 37850 38308 38308 32638 34709 7594 4141 0 0 0 0 
0 28619 33529 38308 38291 38308 38308 38308 7594 18407 0 0 0 0 0 
0 28619 38308 38308 38308 38308 9905 30202 7594 34709 0 0 0 0 0 
3385 31235 38291 38308 38176 9905 36353 27476 12528 0 0 0 0 0 0 
28619 38308 38308 38308 24542 36353 36353 9905 0 0 0 0 0 0 0 
1707 38308 38308 38308 38308 5659 21488 12528 0 0 0 0 0 0 0 
38308 38308 38308 38308 12528 3053 4141 0 0 0 0 0 0 0 0 
38308 38308 38308 12528 38308 24542 0 0 0 0 0 0 0 0 0 
38308 38308 38308 18407 12528 0 0 0 0 0 0 0 0 0 0 
38308 38308 38308 30202 0 0 0 0 0 0 0 0 0 0 0 
