test/output/constant/M3100_S000_A180_WD180.0_WS010.0/M3100_S000_A180_WD180.0_WS010.0_arrival.asc
ncols         15
nrows         22
xllcorner     425903.990666
yllcorner     12748255.311160
cellsize      100.000000
NODATA_value  0.000000
0.000000 0.000000 0.000000 0.000000 0.000000 0.000000 166.041378 166.041378 166.041378 0.000000 0.000000 0.000000 0.000000 0.000000 0.000000 
0.000000 0.000000 0.000000 0.000000 166.041378 166.040317 166.039256 166.039256 166.039256 166.040317 166.041378 0.000000 0.000000 0.000000 0.000000 
0.000000 0.000000 0.000000 166.040317 166.038195 166.037134 166.036073 166.036073 166.036073 166.037134 166.038195 166.040317 0.000000 0.000000 0.000000 
0.000000 0.000000 166.040317 166.038195 166.036073 166.035012 166.033951 166.033951 166.033951 166.035012 166.036073 166.038195 166.040317 0.000000 0.000000 
0.000000 166.041667 166.038195 166.036073 166.033951 166.031829 166.030768 166.030768 166.030768 166.031829 166.033951 166.036073 166.038195 166.041667 0.000000 
0.000000 166.040317 166.037134 166.033951 166.030768 166.029707 166.028646 166.028646 166.028646 166.029707 166.030768 166.033951 166.037134 166.040317 0.000000 
0.000000 166.039256 166.035012 166.031829 166.028646 166.026524 166.025463 166.025463 166.025463 166.026524 166.028646 166.031829 166.035012 166.039256 0.000000 
166.041667 166.037134 166.032890 166.029707 166.026524 166.024402 166.023341 166.023341 166.023341 166.024402 166.026524 166.029707 166.032890 166.037134 166.041667 
166.041378 166.036073 166.031829 166.027585 166.024402 166.022280 166.020158 166.020158 166.020158 166.022280 166.024402 166.027585 166.031829 166.036073 166.041378 
166.040317 166.035012 166.029707 166.025463 166.022280 166.019097 166.018036 166.018036 166.018036 166.019097 166.022280 166.025463 166.029707 166.035012 166.040317 
166.040317 166.035012 166.028646 166.024402 166.020158 166.016975 166.014854 166.014854 166.014854 166.016975 166.020158 166.024402 166.028646 166.035012 166.040317 
166.040317 166.033951 166.028646 166.023341 166.018036 166.014854 166.012732 166.012732 166.012732 166.014854 166.018036 166.023341 166.028646 166.033951 166.040317 
166.041378 166.033951 166.028646 166.022280 166.016975 166.012732 166.010610 166.009549 166.010610 166.012732 166.016975 166.022280 166.028646 166.033951 166.041378 
166.041378 166.035012 166.028646 166.022280 166.015915 166.010610 166.007427 166.007427 166.007427 166.010610 166.015915 166.022280 166.028646 166.035012 166.041378 
0.000000 166.036073 166.028646 166.022280 166.015915 166.009549 166.005305 166.004244 166.005305 166.009549 166.015915 166.022280 166.028646 166.036073 0.000000 
0.000000 166.037134 166.029707 166.023341 166.015915 166.009549 166.003183 166.002122 166.003183 166.009549 166.015915 166.023341 166.029707 166.037134 0.000000 
0.000000 166.039256 166.031829 166.024402 166.018036 166.010610 166.003183 166.000000 166.003183 166.010610 166.018036 166.024402 166.031829 166.039256 0.000000 
0.000000 0.000000 166.035012 166.027585 166.021219 166.013793 166.007427 166.005305 166.007427 166.013793 166.021219 166.027585 166.035012 0.000000 0.000000 
0.000000 0.000000 166.040317 166.032890 166.026524 166.019097 166.014854 166.013793 166.014854 166.019097 166.026524 166.032890 166.040317 0.000000 0.000000 
0.000000 0.000000 0.000000 166.038195 166.031829 166.027585 166.024402 166.023341 166.024402 166.027585 166.031829 166.038195 0.000000 0.000000 0.000000 
0.000000 0.000000 0.000000 0.000000 166.040317 166.036073 166.033951 166.032890 166.033951 166.036073 166.040317 0.000000 0.000000 0.000000 0.000000 
0.000000 0.000000 0.000000 0.000000 0.000000 0.000000 0.000000 166.041378 0.000000 0.000000 0.000000 0.000000 0.000000 0.000000 0.000000 
