test/output/constant/M395_S000_A090_WD000.0_WS050.0/M395_S000_A090_WD000.0_WS050.0_arrival.asc
ncols         11
nrows         63
xllcorner     426103.990666
yllcorner     12742555.311160
cellsize      100.000000
NODATA_value  0.000000
0.000000 0.000000 0.000000 0.000000 166.015672 166.000000 166.015672 0.000000 0.000000 0.000000 0.000000 
0.000000 0.000000 0.000000 0.000000 166.006755 166.000540 166.006755 0.000000 0.000000 0.000000 0.000000 
0.000000 0.000000 0.000000 166.030803 166.004864 166.001081 166.004864 166.030803 0.000000 0.000000 0.000000 
0.000000 0.000000 0.000000 166.022427 166.004323 166.001891 166.004323 166.022427 0.000000 0.000000 0.000000 
0.000000 0.000000 0.000000 166.018914 166.004323 166.002432 166.004323 166.018914 0.000000 0.000000 0.000000 
0.000000 0.000000 166.038910 166.016483 166.004593 166.003242 166.004593 166.016483 166.038910 0.000000 0.000000 
0.000000 0.000000 166.034316 166.014861 166.005134 166.003783 166.005134 166.014861 166.034316 0.000000 0.000000 
0.000000 0.000000 166.031074 166.014051 166.005674 166.004593 166.005674 166.014051 166.031074 0.000000 0.000000 
0.000000 0.000000 166.028372 166.013510 166.006215 166.005134 166.006215 166.013510 166.028372 0.000000 0.000000 
0.000000 0.000000 166.026750 166.012970 166.006755 166.005945 166.006755 166.012970 166.026750 0.000000 0.000000 
0.000000 0.000000 166.024859 166.012970 166.007296 166.006485 166.007296 166.012970 166.024859 0.000000 0.000000 
0.000000 166.040261 166.023778 166.012970 166.008106 166.007296 166.008106 166.012970 166.023778 166.040261 0.000000 
0.000000 166.038369 166.022967 166.012970 166.008647 166.007836 166.008647 166.012970 166.022967 166.038369 0.000000 
0.000000 166.036748 166.022427 166.013240 166.009187 166.008647 166.009187 166.013240 166.022427 166.036748 0.000000 
0.000000 166.034857 166.021887 166.013780 166.009998 166.009187 166.009998 166.013780 166.021887 166.034857 0.000000 
0.000000 166.033776 166.021616 166.014051 166.010538 166.009998 166.010538 166.014051 166.021616 166.033776 0.000000 
0.000000 166.032965 166.021616 166.014591 166.011078 166.010538 166.011078 166.014591 166.021616 166.032965 0.000000 
0.000000 166.032154 166.021346 166.015132 166.011889 166.011349 166.011889 166.015132 166.021346 166.032154 0.000000 
0.000000 166.031344 166.021346 166.015402 166.012429 166.011889 166.012429 166.015402 166.021346 166.031344 0.000000 
0.000000 166.031074 166.021346 166.015942 166.013240 166.012700 166.013240 166.015942 166.021346 166.031074 0.000000 
0.000000 166.030803 166.021616 166.016483 166.013780 166.013240 166.013780 166.016483 166.021616 166.030803 0.000000 
0.000000 166.030533 166.021887 166.017023 166.014591 166.014051 166.014591 166.017023 166.021887 166.030533 0.000000 
166.041071 166.030263 166.022157 166.017563 166.015132 166.014591 166.015132 166.017563 166.022157 166.030263 166.041071 
166.040261 166.029993 166.022697 166.018104 166.015942 166.015402 166.015942 166.018104 166.022697 166.029993 166.040261 
166.039990 166.029993 166.022967 166.018644 166.016483 166.015942 166.016483 166.018644 166.022967 166.029993 166.039990 
166.039450 166.029993 166.023508 166.019185 166.017293 166.016753 166.017293 166.019185 166.023508 166.029993 166.039450 
166.039450 166.029993 166.024048 166.019995 166.017834 166.017293 166.017834 166.019995 166.024048 166.029993 166.039450 
166.039180 166.029993 166.024319 166.020536 166.018644 166.018104 166.018644 166.020536 166.024319 166.029993 166.039180 
166.038910 166.029993 166.024859 166.021076 166.019185 166.018644 166.019185 166.021076 166.024859 166.029993 166.038910 
166.038639 166.030263 166.025399 166.021616 166.019995 166.019455 166.019995 166.021616 166.025399 166.030263 166.038639 
166.038639 166.030803 166.025940 166.022427 166.020536 166.019995 166.020536 166.022427 166.025940 166.030803 166.038639 
166.038369 166.031074 166.026480 166.022967 166.021346 166.020806 166.021346 166.022967 166.026480 166.031074 166.038369 
166.038369 166.031614 166.026750 166.023508 166.021887 166.021346 166.021887 166.023508 166.026750 166.031614 166.038369 
166.038369 166.032154 166.027291 166.024319 166.022697 166.022157 166.022697 166.024319 166.027291 166.032154 166.038369 
166.038369 166.032425 166.027831 166.024859 166.023238 166.022697 166.023238 166.024859 166.027831 166.032425 166.038369 
166.038639 166.032965 166.028372 166.025399 166.024048 166.023508 166.024048 166.025399 166.028372 166.032965 166.038639 
166.038639 166.033506 166.028912 166.026210 166.024589 166.024048 166.024589 166.026210 166.028912 166.033506 166.038639 
166.038910 166.033776 166.029452 166.026750 166.025399 166.024859 166.025399 166.026750 166.029452 166.033776 166.038910 
166.039450 166.034316 166.029993 166.027291 166.025940 166.025399 166.025940 166.027291 166.029993 166.034316 166.039450 
166.039720 166.034857 166.030533 166.027831 166.026480 166.026210 166.026480 166.027831 166.030533 166.034857 166.039720 
166.040261 166.035397 166.031074 166.028642 166.027291 166.026750 166.027291 166.028642 166.031074 166.035397 166.040261 
166.040531 166.035667 166.031884 166.029182 166.027831 166.027561 166.027831 166.029182 166.031884 166.035667 166.040531 
166.041071 166.036208 166.032425 166.029993 166.028642 166.028101 166.028642 166.029993 166.032425 166.036208 166.041071 
166.041341 166.036748 166.032965 166.030533 166.029182 166.028912 166.029182 166.030533 166.032965 166.036748 166.041341 
0.000000 166.037288 166.033776 166.031344 166.029993 166.029452 166.029993 166.031344 166.033776 166.037288 0.000000 
0.000000 166.037559 166.034316 166.031884 166.030533 166.030263 166.030533 166.031884 166.034316 166.037559 0.000000 
0.000000 166.038099 166.034857 166.032695 166.031344 166.030803 166.031344 166.032695 166.034857 166.038099 0.000000 
0.000000 166.038639 166.035397 166.033235 166.031884 166.031614 166.031884 166.033235 166.035397 166.038639 0.000000 
0.000000 166.039180 166.036208 166.033776 166.032695 166.032154 166.032695 166.033776 166.036208 166.039180 0.000000 
0.000000 166.039720 166.036748 166.034586 166.033235 166.032965 166.033235 166.034586 166.036748 166.039720 0.000000 
0.000000 166.040261 166.037288 166.035127 166.033776 166.033506 166.033776 166.035127 166.037288 166.040261 0.000000 
0.000000 166.040801 166.037829 166.035667 166.034586 166.034316 166.034586 166.035667 166.037829 166.040801 0.000000 
0.000000 166.041341 166.038639 166.036478 166.035127 166.034857 166.035127 166.036478 166.038639 166.041341 0.000000 
0.000000 0.000000 166.039180 166.037018 166.035937 166.035667 166.035937 166.037018 166.039180 0.000000 0.000000 
0.000000 0.000000 166.039720 166.037829 166.036478 166.036208 166.036478 166.037829 166.039720 0.000000 0.000000 
0.000000 0.000000 166.040531 166.038369 166.037288 166.037018 166.037288 166.038369 166.040531 0.000000 0.000000 
0.000000 0.000000 166.041071 166.039180 166.037829 166.037559 166.037829 166.039180 166.041071 0.000000 0.000000 
0.000000 0.000000 166.041612 166.039720 166.038639 166.038369 166.038639 166.039720 166.041612 0.000000 0.000000 
0.000000 0.000000 0.000000 166.040261 166.039180 166.038910 166.039180 166.040261 0.000000 0.000000 0.000000 
0.000000 0.000000 0.000000 166.041071 166.039990 166.039720 166.039990 166.041071 0.000000 0.000000 0.000000 
0.000000 0.000000 0.000000 166.041612 166.040531 166.040261 166.040531 166.041612 0.000000 0.000000 0.000000 
0.000000 0.000000 0.000000 0.000000 166.041341 166.041071 166.041341 0.000000 0.000000 0.000000 0.000000 
0.000000 0.000000 0.000000 0.000000 0.000000 166.041612 0.000000 0.000000 0.000000 0.000000 0.000000 
