test/output/constant/M385_S000_A270_WD270.0_WS025.0/M385_S000_A270_WD270.0_WS025.0_arrival.asc
ncols         31
nrows         11
xllcorner     426503.990666
yllcorner     12748255.311160
cellsize      100.000000
NODATA_value  0.000000
0.000000 0.000000 0.000000 0.000000 0.000000 0.000000 0.000000 0.000000 0.000000 0.000000 0.000000 0.000000 166.041577 166.041007 166.041007 166.040438 166.040438 166.041007 166.041007 166.041577 166.041577 0.000000 0.000000 0.000000 0.000000 0.000000 0.000000 0.000000 0.000000 0.000000 0.000000 
0.000000 0.000000 0.000000 0.000000 0.000000 166.041007 166.037590 166.035312 166.033603 166.033034 166.031895 166.031895 166.031895 166.031895 166.031895 166.032464 166.032464 166.033603 166.034173 166.035312 166.036451 166.037021 166.038160 166.039299 166.040438 166.041577 0.000000 0.000000 0.000000 0.000000 0.000000 
0.000000 0.000000 166.038729 166.032464 166.029047 166.025630 166.023921 166.023351 166.022782 166.022782 166.022782 166.023351 166.023351 166.024491 166.025060 166.026199 166.027338 166.028477 166.029617 166.030186 166.031325 166.032464 166.033603 166.035312 166.036451 166.037590 166.039299 166.040438 166.041577 0.000000 0.000000 
166.041007 166.026199 166.019934 166.015947 166.014239 166.013669 166.013669 166.013669 166.014239 166.015378 166.016517 166.017086 166.018226 166.019365 166.020504 166.022212 166.023351 166.024491 166.025630 166.027338 166.028477 166.030186 166.031325 166.032464 166.034173 166.035312 166.037021 166.038160 166.039299 166.041007 0.000000 
166.021073 166.007404 166.005126 166.004556 166.005126 166.006265 166.007404 166.009113 166.010252 166.011391 166.013100 166.014239 166.015947 166.017086 166.018226 166.019934 166.021073 166.022782 166.023921 166.025630 166.026769 166.028477 166.029617 166.031325 166.032464 166.034173 166.035312 166.037021 166.038160 166.039868 166.041007 
166.014808 166.000000 166.001139 166.002278 166.003987 166.005126 166.006835 166.007974 166.009682 166.010821 166.012530 166.013669 166.015378 166.016517 166.018226 166.019365 166.021073 166.022212 166.023921 166.025060 166.026769 166.027908 166.029617 166.030756 166.032464 166.033603 166.035312 166.036451 166.038160 166.039299 166.041007 
166.021073 166.007404 166.005126 166.004556 166.005126 166.006265 166.007404 166.009113 166.010252 166.011391 166.013100 166.014239 166.015947 166.017086 166.018226 166.019934 166.021073 166.022782 166.023921 166.025630 166.026769 166.028477 166.029617 166.031325 166.032464 166.034173 166.035312 166.037021 166.038160 166.039868 166.041007 
166.041007 166.026199 166.019934 166.015947 166.014239 166.013669 166.013669 166.013669 166.014239 166.015378 166.016517 166.017086 166.018226 166.019365 166.020504 166.022212 166.023351 166.024491 166.025630 166.027338 166.028477 166.030186 166.031325 166.032464 166.034173 166.035312 166.037021 166.038160 166.039299 166.041007 0.000000 
0.000000 0.000000 166.038729 166.032464 166.029047 166.025630 166.023921 166.023351 166.022782 166.022782 166.022782 166.023351 166.023351 166.024491 166.025060 166.026199 166.027338 166.028477 166.029617 166.030186 166.031325 166.032464 166.033603 166.035312 166.036451 166.037590 166.039299 166.040438 166.041577 0.000000 0.000000 
0.000000 0.000000 0.000000 0.000000 0.000000 166.041007 166.037590 166.035312 166.033603 166.033034 166.031895 166.031895 166.031895 166.031895 166.031895 166.032464 166.032464 166.033603 166.034173 166.035312 166.036451 166.037021 166.038160 166.039299 166.040438 166.041577 0.000000 0.000000 0.000000 0.000000 0.000000 
0.000000 0.000000 0.000000 0.000000 0.000000 0.000000 0.000000 0.000000 0.000000 0.000000 0.000000 0.000000 166.041577 166.041007 166.041007 166.040438 166.040438 166.041007 166.041007 166.041577 166.041577 0.000000 0.000000 0.000000 0.000000 0.000000 0.000000 0.000000 0.000000 0.000000 0.000000 
