test/output/constant/M350_S060_A000_WD135.0_WS010.0/M350_S060_A000_WD135.0_WS010.0_arrival.asc
ncols         34
nrows         9
xllcorner     423303.990666
yllcorner     12748655.311160
cellsize      100.000000
NODATA_value  0.000000
0.000000 0.000000 166.041493 166.040999 166.040505 166.040011 166.039517 166.039517 166.040011 166.040011 166.040505 166.040999 166.041493 0.000000 0.000000 0.000000 0.000000 0.000000 0.000000 0.000000 0.000000 0.000000 0.000000 0.000000 0.000000 0.000000 0.000000 0.000000 0.000000 0.000000 0.000000 0.000000 0.000000 0.000000 
166.041493 166.040011 166.039023 166.038035 166.037047 166.036553 166.035565 166.035071 166.034577 166.034083 166.033589 166.033589 166.033589 166.034083 166.034577 166.035071 166.035565 166.037047 166.039023 0.000000 0.000000 0.000000 0.000000 0.000000 0.000000 0.000000 0.000000 0.000000 0.000000 0.000000 0.000000 0.000000 0.000000 0.000000 
166.041493 166.040011 166.038529 166.037541 166.036059 166.035071 166.033589 166.032601 166.031613 166.030626 166.029638 166.029144 166.028650 166.028156 166.027662 166.027662 166.027662 166.028156 166.028650 166.029144 166.030132 166.032601 166.036059 166.040011 0.000000 0.000000 0.000000 0.000000 0.000000 0.000000 0.000000 0.000000 0.000000 0.000000 
0.000000 166.040505 166.039023 166.037541 166.036059 166.035071 166.033589 166.032601 166.031119 166.030132 166.028650 166.027168 166.026180 166.025192 166.024204 166.023216 166.022722 166.022228 166.021734 166.021240 166.021734 166.022228 166.022228 166.023710 166.026180 166.029638 166.034577 0.000000 0.000000 0.000000 0.000000 0.000000 0.000000 0.000000 
0.000000 0.000000 166.041493 166.040011 166.038035 166.036553 166.034577 166.033095 166.031613 166.030132 166.028650 166.027168 166.026180 166.024698 166.023710 166.022228 166.021240 166.019758 166.018770 166.017289 166.016795 166.015807 166.015807 166.015313 166.015807 166.015807 166.017289 166.019758 166.024204 166.032601 0.000000 0.000000 0.000000 0.000000 
0.000000 0.000000 0.000000 0.000000 0.000000 166.040505 166.038529 166.036553 166.034577 166.033095 166.031119 166.029144 166.027662 166.025686 166.024204 166.022722 166.021240 166.019758 166.018770 166.017289 166.015807 166.014819 166.013337 166.012349 166.010867 166.010373 166.009385 166.009385 166.009385 166.010373 166.013831 166.022722 166.040999 0.000000 
0.000000 0.000000 0.000000 0.000000 0.000000 0.000000 0.000000 0.000000 166.040505 166.038529 166.036059 166.034083 166.032107 166.030132 166.028156 166.026180 166.024204 166.022228 166.020746 166.018770 166.016795 166.015313 166.013831 166.012349 166.010867 166.009879 166.008397 166.007409 166.005928 166.004446 166.003458 166.003458 166.003458 166.015313 
0.000000 0.000000 0.000000 0.000000 0.000000 0.000000 0.000000 0.000000 0.000000 0.000000 0.000000 0.000000 166.040011 166.038035 166.035565 166.033589 166.031613 166.029144 166.027168 166.025192 166.022722 166.020746 166.018770 166.016301 166.014325 166.012349 166.010373 166.008397 166.006421 166.004940 166.003458 166.001976 166.000988 166.000000 
0.000000 0.000000 0.000000 0.000000 0.000000 0.000000 0.000000 0.000000 0.000000 0.000000 0.000000 0.000000 0.000000 0.000000 0.000000 0.000000 0.000000 0.000000 0.000000 166.040011 166.038035 166.036059 166.033589 166.032107 166.029638 166.027662 166.025192 166.023710 166.021734 166.021240 166.020746 166.020746 166.023216 166.034083 
