test/output/constant/M390_S060_A180_WD135.0_WS010.0/M390_S060_A180_WD135.0_WS010.0_arrival.asc
ncols         44
nrows         14
xllcorner     426503.990666
yllcorner     12748555.311160
cellsize      100.000000
NODATA_value  0.000000
0.000000 0.000000 0.000000 0.000000 0.000000 0.000000 0.000000 0.000000 0.000000 0.000000 0.000000 0.000000 0.000000 0.000000 0.000000 0.000000 0.000000 0.000000 0.000000 0.000000 0.000000 0.000000 0.000000 0.000000 0.000000 0.000000 0.000000 0.000000 166.041469 166.041082 166.040694 166.040307 166.040307 166.040307 166.039919 166.039919 166.040307 166.040307 166.040694 166.041082 166.041469 0.000000 0.000000 0.000000 
0.000000 0.000000 0.000000 0.000000 0.000000 0.000000 0.000000 0.000000 0.000000 0.000000 0.000000 0.000000 0.000000 0.000000 0.000000 0.000000 0.000000 0.000000 0.000000 0.000000 0.000000 0.000000 166.041082 166.039532 166.038369 166.037981 166.037206 166.036819 166.036431 166.036431 166.036431 166.036431 166.036431 166.036431 166.036819 166.037206 166.037594 166.037981 166.038369 166.039144 166.039919 166.040694 166.041082 0.000000 
0.000000 0.000000 0.000000 0.000000 0.000000 0.000000 0.000000 0.000000 0.000000 0.000000 0.000000 0.000000 0.000000 0.000000 0.000000 0.000000 0.000000 0.000000 166.039532 166.037594 166.036044 166.034881 166.034106 166.033718 166.032943 166.032943 166.032555 166.032555 166.032555 166.032555 166.032555 166.032943 166.033331 166.033718 166.034493 166.034881 166.035656 166.036431 166.037206 166.037981 166.038756 166.039919 166.040694 166.041667 
0.000000 0.000000 0.000000 0.000000 0.000000 0.000000 0.000000 0.000000 0.000000 0.000000 0.000000 0.000000 0.000000 0.000000 166.041082 166.037981 166.034881 166.032943 166.031393 166.030230 166.029842 166.029455 166.029067 166.028680 166.028680 166.028680 166.028680 166.029067 166.029455 166.029842 166.030230 166.031005 166.031393 166.032168 166.032943 166.034106 166.034881 166.035656 166.036819 166.037594 166.038756 166.039919 166.040694 166.041667 
0.000000 0.000000 0.000000 0.000000 0.000000 0.000000 0.000000 0.000000 0.000000 0.000000 0.000000 166.040307 166.036431 166.032943 166.030230 166.028292 166.027130 166.025967 166.025579 166.025192 166.025192 166.024804 166.024804 166.024804 166.025192 166.025579 166.025967 166.026742 166.027517 166.027905 166.029067 166.029842 166.030618 166.031780 166.032555 166.033718 166.034881 166.035656 166.036819 166.037981 166.038756 166.039919 166.041082 0.000000 
0.000000 0.000000 0.000000 0.000000 0.000000 0.000000 0.000000 0.000000 0.000000 166.036044 166.031780 166.028292 166.025579 166.023641 166.022479 166.021704 166.021316 166.021316 166.020928 166.020928 166.021316 166.021704 166.022091 166.022479 166.023254 166.024029 166.024804 166.025579 166.026742 166.027905 166.028680 166.029842 166.030618 166.031780 166.032943 166.033718 166.034881 166.036044 166.037594 166.038756 166.039919 166.041082 0.000000 0.000000 
0.000000 0.000000 0.000000 0.000000 0.000000 0.000000 166.039144 166.032168 166.027130 166.023254 166.020541 166.018991 166.018216 166.017440 166.017440 166.017440 166.017440 166.017440 166.017828 166.018603 166.018991 166.019766 166.020928 166.021704 166.022866 166.023641 166.024804 166.025579 166.026742 166.027905 166.028680 166.030230 166.031393 166.032555 166.033718 166.034881 166.036044 166.037594 166.038756 166.040307 166.041469 0.000000 0.000000 0.000000 
0.000000 0.000000 0.000000 0.000000 166.037206 166.028680 166.022866 166.018603 166.015890 166.014340 166.013952 166.013565 166.013565 166.013565 166.013952 166.014340 166.015115 166.015890 166.016665 166.017828 166.018603 166.019766 166.020541 166.021704 166.022866 166.023641 166.025192 166.026354 166.027517 166.028680 166.029842 166.031393 166.032555 166.034106 166.035656 166.037206 166.038369 166.039919 166.041469 0.000000 0.000000 0.000000 0.000000 0.000000 
0.000000 0.000000 166.039919 166.027130 166.018991 166.013952 166.011239 166.010077 166.009689 166.009689 166.009689 166.010077 166.010852 166.011627 166.012790 166.013565 166.014727 166.015890 166.016665 166.017828 166.018991 166.020153 166.021316 166.022479 166.024029 166.025192 166.026742 166.027905 166.029455 166.031005 166.032555 166.034106 166.035656 166.036819 166.038369 166.039919 166.041469 0.000000 0.000000 0.000000 0.000000 0.000000 0.000000 0.000000 
0.000000 166.031780 166.016665 166.009302 166.006589 166.005813 166.005813 166.006201 166.006589 166.007751 166.008526 166.009689 166.010852 166.011627 166.012790 166.013952 166.015115 166.016278 166.017828 166.018991 166.020541 166.022091 166.023641 166.024804 166.026354 166.027905 166.029455 166.031005 166.032555 166.034106 166.036044 166.037594 166.039144 166.040694 0.000000 0.000000 0.000000 0.000000 0.000000 0.000000 0.000000 0.000000 0.000000 0.000000 
166.034106 166.006589 166.001938 166.001938 166.002713 166.003876 166.004651 166.005813 166.006589 166.007751 166.008914 166.010077 166.011627 166.012790 166.014340 166.015890 166.017440 166.018991 166.020541 166.022479 166.024029 166.025579 166.027130 166.028680 166.030618 166.032168 166.033718 166.035656 166.037206 166.038756 166.040694 0.000000 0.000000 0.000000 0.000000 0.000000 0.000000 0.000000 0.000000 0.000000 0.000000 0.000000 0.000000 0.000000 
166.025192 166.000000 166.000775 166.001550 166.002713 166.003876 166.005426 166.006976 166.008526 166.010464 166.012015 166.013565 166.015503 166.017053 166.018603 166.020541 166.022091 166.024029 166.025579 166.027130 166.029067 166.030618 166.032555 166.034106 166.036044 166.037594 166.039144 166.041082 0.000000 0.000000 0.000000 0.000000 0.000000 0.000000 0.000000 0.000000 0.000000 0.000000 0.000000 0.000000 0.000000 0.000000 0.000000 0.000000 
166.037206 166.015115 166.012015 166.011627 166.012015 166.013177 166.014727 166.016278 166.017828 166.019378 166.020928 166.022866 166.024029 166.025967 166.027517 166.029067 166.031005 166.032555 166.034493 166.036044 166.037981 166.039532 166.041469 0.000000 0.000000 0.000000 0.000000 0.000000 0.000000 0.000000 0.000000 0.000000 0.000000 0.000000 0.000000 0.000000 0.000000 0.000000 0.000000 0.000000 0.000000 0.000000 0.000000 0.000000 
0.000000 0.000000 0.000000 166.036819 166.033718 166.033331 166.032943 166.032943 166.033331 166.034106 166.034881 166.036044 166.037206 166.038369 166.040307 166.041469 0.000000 0.000000 0.000000 0.000000 0.000000 0.000000 0.000000 0.000000 0.000000 0.000000 0.000000 0.000000 0.000000 0.000000 0.000000 0.000000 0.000000 0.000000 0.000000 0.000000 0.000000 0.000000 0.000000 0.000000 0.000000 0.000000 0.000000 0.000000 
