test/output/constant/M3100_S060_A000_WD000.0_WS010.0/M3100_S060_A000_WD000.0_WS010.0_raz.asc
ncols         58
nrows         19
xllcorner     420903.990666
yllcorner     12747155.311160
cellsize      100.000000
NODATA_value  0.000000
0 0 0 0 0 0 0 0 0 0 0 0 0 0 0 0 0 0 0 0 0 0 0 0 0 0 0 0 0 0 0 0 0 0 0 0 0 0 0 0 0 0 0 0 0 0 0 0 0 0 0 0 0 277 0 0 0 0 
0 0 0 0 0 0 0 0 0 0 0 0 0 0 0 0 0 0 0 0 0 0 0 0 0 0 0 0 0 0 0 0 0 0 0 0 0 0 0 277 268 271 277 268 271 271 271 277 271 268 274 271 277 277 271 277 277 10 
0 0 0 0 0 0 0 0 0 0 0 0 0 0 0 0 0 0 0 0 0 0 0 0 0 0 0 0 0 0 0 271 277 268 271 271 268 277 271 271 274 271 283 274 271 277 274 268 271 271 274 274 268 271 259 256 256 254 
0 0 0 0 0 0 0 0 0 0 0 0 0 0 0 0 0 0 0 0 0 0 0 0 0 0 0 268 268 277 274 271 268 268 271 283 277 274 271 271 265 274 268 274 271 274 261 274 268 271 260 256 256 256 256 255 251 76 
0 0 0 0 0 0 0 0 0 0 0 0 0 0 0 0 0 0 0 0 0 0 0 268 271 268 268 268 268 268 268 274 268 274 271 274 271 274 268 268 268 262 271 259 274 256 263 256 256 256 256 256 251 250 210 210 166 141 
0 0 0 0 0 0 0 0 0 0 0 0 0 0 0 0 0 0 0 0 263 274 271 274 268 262 268 259 271 268 271 271 274 265 271 271 283 271 271 268 258 260 256 256 256 256 256 256 256 255 251 248 180 193 166 141 0 0 
0 0 0 0 0 0 0 0 0 0 0 0 0 0 0 0 0 271 283 261 268 268 268 274 268 268 268 266 274 268 271 261 271 274 263 268 260 256 261 256 256 256 256 256 256 256 251 210 248 248 248 210 248 180 141 0 0 0 
0 0 0 0 0 0 0 0 0 0 0 0 0 0 268 261 268 268 277 261 277 271 261 277 271 271 261 271 271 271 256 268 271 256 256 256 256 256 256 254 256 256 253 251 248 210 210 248 141 180 248 180 166 0 0 0 0 0 
0 0 0 0 0 0 0 0 0 0 0 268 268 266 262 271 271 260 268 262 277 268 268 263 262 268 257 256 259 260 256 256 256 256 256 256 256 256 256 251 250 248 248 248 248 193 248 248 180 248 193 0 0 0 0 0 0 0 
0 0 0 0 0 0 0 0 0 271 268 260 277 260 283 266 268 268 271 268 265 271 260 259 256 256 256 256 256 256 256 256 256 253 254 250 251 193 248 180 210 248 193 248 210 180 248 141 0 0 0 0 0 0 0 0 0 0 
0 0 0 0 0 0 262 268 262 256 268 271 261 274 265 268 256 256 268 274 271 266 256 256 256 256 256 256 256 256 256 251 256 250 251 248 248 248 248 210 222 222 248 166 180 248 0 0 0 0 0 0 0 0 0 0 0 0 
0 0 0 0 0 260 268 265 271 260 265 256 261 256 256 259 256 256 256 256 256 256 256 254 256 256 256 251 256 250 251 251 250 250 210 248 193 210 248 248 210 248 210 0 0 0 0 0 0 0 0 0 0 0 0 0 0 0 
0 0 0 271 266 271 260 271 271 261 260 256 271 256 256 256 256 256 256 256 256 255 256 256 256 256 254 251 251 248 222 248 248 210 250 248 250 222 250 193 0 0 0 0 0 0 0 0 0 0 0 0 0 0 0 0 0 0 
0 271 265 256 256 271 271 256 256 256 256 256 256 256 256 256 256 256 256 254 252 256 255 250 251 251 248 248 222 210 248 248 248 250 248 250 248 0 0 0 0 0 0 0 0 0 0 0 0 0 0 0 0 0 0 0 0 0 
261 256 265 256 258 256 256 256 256 256 256 256 256 256 256 256 256 255 250 253 251 251 210 210 248 248 250 248 248 250 248 210 248 248 0 0 0 0 0 0 0 0 0 0 0 0 0 0 0 0 0 0 0 0 0 0 0 0 
261 266 256 256 256 256 256 256 256 255 256 256 256 253 250 252 251 250 251 251 248 250 248 210 248 248 248 248 248 250 0 0 0 0 0 0 0 0 0 0 0 0 0 0 0 0 0 0 0 0 0 0 0 0 0 0 0 0 
256 256 256 256 256 256 256 255 256 253 250 254 251 253 251 251 251 248 250 250 248 248 210 250 210 0 0 0 0 0 0 0 0 0 0 0 0 0 0 0 0 0 0 0 0 0 0 0 0 0 0 0 0 0 0 0 0 0 
255 256 256 256 256 256 251 255 250 254 252 251 251 251 210 166 248 250 210 248 0 0 0 0 0 0 0 0 0 0 0 0 0 0 0 0 0 0 0 0 0 0 0 0 0 0 0 0 0 0 0 0 0 0 0 0 0 0 
0 0 0 0 255 255 251 255 251 251 248 0 0 0 0 0 0 0 0 0 0 0 0 0 0 0 0 0 0 0 0 0 0 0 0 0 0 0 0 0 0 0 0 0 0 0 0 0 0 0 0 0 0 0 0 0 0 0 
