test/output/constant/M3100_S060_A000_WD000.0_WS010.0/M3100_S060_A000_WD000.0_WS010.0_arrival.asc
ncols         58
nrows         19
xllcorner     420903.990666
yllcorner     12747155.311160
cellsize      100.000000
NODATA_value  0.000000
0.000000 0.000000 0.000000 0.000000 0.000000 0.000000 0.000000 0.000000 0.000000 0.000000 0.000000 0.000000 0.000000 0.000000 0.000000 0.000000 0.000000 0.000000 0.000000 0.000000 0.000000 0.000000 0.000000 0.000000 0.000000 0.000000 0.000000 0.000000 0.000000 0.000000 0.000000 0.000000 0.000000 0.000000 0.000000 0.000000 0.000000 0.000000 0.000000 0.000000 0.000000 0.000000 0.000000 0.000000 0.000000 0.000000 0.000000 0.000000 0.000000 0.000000 0.000000 0.000000 0.000000 166.041592 0.000000 0.000000 0.000000 0.000000 
0.000000 0.000000 0.000000 0.000000 0.000000 0.000000 0.000000 0.000000 0.000000 0.000000 0.000000 0.000000 0.000000 0.000000 0.000000 0.000000 0.000000 0.000000 0.000000 0.000000 0.000000 0.000000 0.000000 0.000000 0.000000 0.000000 0.000000 0.000000 0.000000 0.000000 0.000000 0.000000 0.000000 0.000000 0.000000 0.000000 0.000000 0.000000 0.000000 166.041592 166.039638 166.037963 166.036288 166.034334 166.032659 166.030984 166.029030 166.027356 166.025681 166.023727 166.022052 166.020098 166.018423 166.017027 166.015911 166.015353 166.015353 166.020935 
0.000000 0.000000 0.000000 0.000000 0.000000 0.000000 0.000000 0.000000 0.000000 0.000000 0.000000 0.000000 0.000000 0.000000 0.000000 0.000000 0.000000 0.000000 0.000000 0.000000 0.000000 0.000000 0.000000 0.000000 0.000000 0.000000 0.000000 0.000000 0.000000 0.000000 0.000000 166.041592 166.039917 166.037963 166.036288 166.034613 166.032659 166.030984 166.029310 166.027356 166.025681 166.023727 166.022052 166.020377 166.018423 166.016748 166.015074 166.013120 166.011445 166.009770 166.008095 166.006420 166.004745 166.003350 166.001954 166.001117 166.000558 166.000000 
0.000000 0.000000 0.000000 0.000000 0.000000 0.000000 0.000000 0.000000 0.000000 0.000000 0.000000 0.000000 0.000000 0.000000 0.000000 0.000000 0.000000 0.000000 0.000000 0.000000 0.000000 0.000000 0.000000 0.000000 0.000000 0.000000 0.000000 166.041033 166.039359 166.037684 166.036009 166.034334 166.032380 166.030705 166.029030 166.027356 166.025681 166.024006 166.022052 166.020377 166.018702 166.017307 166.015632 166.014236 166.012561 166.011166 166.009491 166.008374 166.006978 166.005862 166.004745 166.004187 166.003350 166.002791 166.001954 166.001396 166.001396 166.006699 
0.000000 0.000000 0.000000 0.000000 0.000000 0.000000 0.000000 0.000000 0.000000 0.000000 0.000000 0.000000 0.000000 0.000000 0.000000 0.000000 0.000000 0.000000 0.000000 0.000000 0.000000 0.000000 0.000000 166.041313 166.039638 166.037963 166.036288 166.034613 166.032938 166.031264 166.029589 166.028193 166.026518 166.025123 166.023448 166.022052 166.020377 166.018981 166.017307 166.015911 166.014515 166.013120 166.012003 166.010607 166.009770 166.008653 166.007816 166.006978 166.006420 166.005583 166.004745 166.004187 166.004187 166.004187 166.005025 166.008374 166.017586 166.037126 
0.000000 0.000000 0.000000 0.000000 0.000000 0.000000 0.000000 0.000000 0.000000 0.000000 0.000000 0.000000 0.000000 0.000000 0.000000 0.000000 0.000000 0.000000 0.000000 0.000000 166.040475 166.039079 166.037405 166.036009 166.034334 166.032659 166.031264 166.029589 166.028193 166.026518 166.025123 166.023727 166.022331 166.020656 166.019540 166.018144 166.017027 166.015911 166.014515 166.013399 166.012282 166.011445 166.010607 166.010049 166.009212 166.008374 166.007816 166.007258 166.006978 166.006699 166.006978 166.007258 166.008932 166.012282 166.018144 166.028193 0.000000 0.000000 
0.000000 0.000000 0.000000 0.000000 0.000000 0.000000 0.000000 0.000000 0.000000 0.000000 0.000000 0.000000 0.000000 0.000000 0.000000 0.000000 0.000000 166.040475 166.039079 166.037405 166.036009 166.034334 166.032938 166.031543 166.029868 166.028472 166.027077 166.025681 166.024564 166.023169 166.022052 166.020656 166.019540 166.018423 166.017027 166.016190 166.015074 166.014236 166.013678 166.012840 166.012003 166.011445 166.010607 166.010049 166.009770 166.009491 166.009491 166.009770 166.010049 166.010886 166.012561 166.015911 166.020935 166.028193 166.039079 0.000000 0.000000 0.000000 
0.000000 0.000000 0.000000 0.000000 0.000000 0.000000 0.000000 0.000000 0.000000 0.000000 0.000000 0.000000 0.000000 0.000000 166.040754 166.039079 166.037684 166.036288 166.034892 166.033218 166.032101 166.030705 166.029310 166.028193 166.026797 166.025681 166.024285 166.023169 166.022052 166.020935 166.019819 166.018981 166.018144 166.017307 166.016469 166.015632 166.015074 166.014236 166.013678 166.012840 166.012561 166.012282 166.012003 166.012003 166.012282 166.012840 166.013399 166.014515 166.016748 166.019819 166.024564 166.030147 166.038800 0.000000 0.000000 0.000000 0.000000 0.000000 
0.000000 0.000000 0.000000 0.000000 0.000000 0.000000 0.000000 0.000000 0.000000 0.000000 0.000000 166.041033 166.039638 166.038242 166.036846 166.035730 166.034334 166.032938 166.031822 166.030426 166.029589 166.028193 166.027077 166.025960 166.024843 166.023727 166.022610 166.021773 166.020935 166.020098 166.019261 166.018702 166.017865 166.017307 166.016469 166.015911 166.015353 166.015074 166.014794 166.014794 166.014794 166.015074 166.015353 166.015911 166.016748 166.018423 166.020377 166.023727 166.027914 166.033218 166.039917 0.000000 0.000000 0.000000 0.000000 0.000000 0.000000 0.000000 
0.000000 0.000000 0.000000 0.000000 0.000000 0.000000 0.000000 0.000000 0.000000 166.040754 166.039359 166.037963 166.036846 166.035451 166.034334 166.033218 166.031822 166.030705 166.029589 166.028472 166.027356 166.026518 166.025402 166.024564 166.024006 166.023169 166.022331 166.021494 166.020935 166.020098 166.019540 166.018702 166.018423 166.017865 166.017586 166.017586 166.017586 166.017586 166.017586 166.018144 166.018702 166.019261 166.020656 166.022052 166.024564 166.027914 166.031822 166.036846 0.000000 0.000000 0.000000 0.000000 0.000000 0.000000 0.000000 0.000000 0.000000 0.000000 
0.000000 0.000000 0.000000 0.000000 0.000000 0.000000 166.041592 166.040475 166.039079 166.037963 166.036846 166.035730 166.034334 166.033497 166.032380 166.031264 166.030426 166.029310 166.028472 166.027635 166.026797 166.025960 166.025123 166.024564 166.023727 166.022889 166.022331 166.021773 166.021215 166.020656 166.020377 166.020377 166.020098 166.020098 166.020098 166.020377 166.020656 166.021215 166.021773 166.022889 166.024285 166.025960 166.028472 166.031822 166.035730 166.040196 0.000000 0.000000 0.000000 0.000000 0.000000 0.000000 0.000000 0.000000 0.000000 0.000000 0.000000 0.000000 
0.000000 0.000000 0.000000 0.000000 0.000000 166.040475 166.039359 166.038242 166.037126 166.036009 166.034892 166.034055 166.032938 166.032101 166.031264 166.030426 166.029589 166.028751 166.028193 166.027356 166.026518 166.025960 166.025402 166.024564 166.024285 166.023727 166.023169 166.023169 166.022889 166.022889 166.022889 166.022889 166.023169 166.023448 166.024006 166.024564 166.025402 166.026518 166.027914 166.029868 166.032380 166.035451 166.039359 0.000000 0.000000 0.000000 0.000000 0.000000 0.000000 0.000000 0.000000 0.000000 0.000000 0.000000 0.000000 0.000000 0.000000 0.000000 
0.000000 0.000000 0.000000 166.041033 166.039917 166.038800 166.037684 166.036846 166.036009 166.034892 166.034055 166.033218 166.032659 166.031822 166.030984 166.030426 166.029589 166.028751 166.028193 166.027635 166.027077 166.026518 166.026239 166.025960 166.025681 166.025681 166.025402 166.025402 166.025402 166.025681 166.026239 166.026518 166.027077 166.027914 166.028751 166.030147 166.031822 166.033776 166.036288 166.039638 0.000000 0.000000 0.000000 0.000000 0.000000 0.000000 0.000000 0.000000 0.000000 0.000000 0.000000 0.000000 0.000000 0.000000 0.000000 0.000000 0.000000 0.000000 
0.000000 166.041592 166.040475 166.039638 166.038800 166.037963 166.037126 166.036288 166.035451 166.034613 166.034055 166.033218 166.032380 166.031822 166.031264 166.030426 166.030147 166.029310 166.029030 166.028472 166.028472 166.028472 166.028193 166.028193 166.028193 166.028193 166.028472 166.028751 166.029310 166.029868 166.030426 166.031264 166.032380 166.033776 166.035451 166.037684 166.040196 0.000000 0.000000 0.000000 0.000000 0.000000 0.000000 0.000000 0.000000 0.000000 0.000000 0.000000 0.000000 0.000000 0.000000 0.000000 0.000000 0.000000 0.000000 0.000000 0.000000 0.000000 
166.041592 166.040754 166.039917 166.039079 166.038242 166.037684 166.036846 166.036009 166.035451 166.034613 166.034055 166.033218 166.032938 166.032380 166.031822 166.031543 166.031264 166.030984 166.030984 166.030705 166.030705 166.030705 166.030984 166.031264 166.031543 166.031822 166.032380 166.032938 166.033776 166.034613 166.036009 166.037684 166.039359 166.041592 0.000000 0.000000 0.000000 0.000000 0.000000 0.000000 0.000000 0.000000 0.000000 0.000000 0.000000 0.000000 0.000000 0.000000 0.000000 0.000000 0.000000 0.000000 0.000000 0.000000 0.000000 0.000000 0.000000 0.000000 
166.041313 166.040475 166.039638 166.039079 166.038242 166.037684 166.036846 166.036288 166.036009 166.035172 166.034892 166.034334 166.034055 166.033776 166.033776 166.033497 166.033497 166.033497 166.033497 166.033497 166.033776 166.034055 166.034613 166.035172 166.035730 166.036288 166.037126 166.038242 166.039638 166.041313 0.000000 0.000000 0.000000 0.000000 0.000000 0.000000 0.000000 0.000000 0.000000 0.000000 0.000000 0.000000 0.000000 0.000000 0.000000 0.000000 0.000000 0.000000 0.000000 0.000000 0.000000 0.000000 0.000000 0.000000 0.000000 0.000000 0.000000 0.000000 
166.041313 166.040475 166.039917 166.039079 166.038800 166.038242 166.037684 166.037126 166.036846 166.036567 166.036567 166.036288 166.036288 166.036009 166.036009 166.036009 166.036288 166.036567 166.036846 166.037126 166.037684 166.038242 166.039079 166.039638 166.040754 0.000000 0.000000 0.000000 0.000000 0.000000 0.000000 0.000000 0.000000 0.000000 0.000000 0.000000 0.000000 0.000000 0.000000 0.000000 0.000000 0.000000 0.000000 0.000000 0.000000 0.000000 0.000000 0.000000 0.000000 0.000000 0.000000 0.000000 0.000000 0.000000 0.000000 0.000000 0.000000 0.000000 
166.041592 166.041033 166.040475 166.040196 166.039638 166.039359 166.039359 166.039079 166.039079 166.038800 166.038800 166.038800 166.038800 166.038800 166.039359 166.039638 166.039917 166.040475 166.041033 166.041592 0.000000 0.000000 0.000000 0.000000 0.000000 0.000000 0.000000 0.000000 0.000000 0.000000 0.000000 0.000000 0.000000 0.000000 0.000000 0.000000 0.000000 0.000000 0.000000 0.000000 0.000000 0.000000 0.000000 0.000000 0.000000 0.000000 0.000000 0.000000 0.000000 0.000000 0.000000 0.000000 0.000000 0.000000 0.000000 0.000000 0.000000 0.000000 
0.000000 0.000000 0.000000 0.000000 166.041667 166.041592 166.041592 166.041313 166.041313 166.041313 166.041592 0.000000 0.000000 0.000000 0.000000 0.000000 0.000000 0.000000 0.000000 0.000000 0.000000 0.000000 0.000000 0.000000 0.000000 0.000000 0.000000 0.000000 0.000000 0.000000 0.000000 0.000000 0.000000 0.000000 0.000000 0.000000 0.000000 0.000000 0.000000 0.000000 0.000000 0.000000 0.000000 0.000000 0.000000 0.000000 0.000000 0.000000 0.000000 0.000000 0.000000 0.000000 0.000000 0.000000 0.000000 0.000000 0.000000 0.000000 
