test/output/constant/M3M4100_S060_A180_WD045.0_WS040.0/M3M4100_S060_A180_WD045.0_WS040.0_ros.asc
ncols         17
nrows         35
xllcorner     426503.990666
yllcorner     12745455.311160
cellsize      100.000000
NODATA_value  0.000000
1.696700 2.125905 2.743829 2.125905 0.000000 0.000000 0.000000 0.000000 0.000000 0.000000 0.000000 0.000000 0.000000 0.000000 0.000000 0.000000 0.000000 
1.696700 0.000000 3.219956 2.125905 3.219956 0.000000 0.000000 0.000000 0.000000 0.000000 0.000000 0.000000 0.000000 0.000000 0.000000 0.000000 0.000000 
15.096015 59.780724 59.738930 2.125905 2.125905 3.219956 0.000000 0.000000 0.000000 0.000000 0.000000 0.000000 0.000000 0.000000 0.000000 0.000000 0.000000 
5.908139 59.780724 59.780724 44.313892 2.743829 3.219956 3.219956 0.000000 0.000000 0.000000 0.000000 0.000000 0.000000 0.000000 0.000000 0.000000 0.000000 
28.602522 38.306946 59.780724 52.116489 48.467865 2.965964 4.600219 0.000000 0.000000 0.000000 0.000000 0.000000 0.000000 0.000000 0.000000 0.000000 0.000000 
19.270815 38.306946 59.780724 59.780724 59.780724 48.467865 2.743829 2.743829 0.000000 0.000000 0.000000 0.000000 0.000000 0.000000 0.000000 0.000000 0.000000 
28.602522 33.481171 59.780724 59.780724 57.473427 44.313892 3.219956 3.219956 3.219956 0.000000 0.000000 0.000000 0.000000 0.000000 0.000000 0.000000 0.000000 
11.414693 11.414693 11.414693 59.780724 59.780724 59.738930 48.467865 2.743829 3.219956 0.000000 0.000000 0.000000 0.000000 0.000000 0.000000 0.000000 0.000000 
28.602522 23.817945 59.780724 59.780724 59.780724 59.780724 44.313892 3.219956 3.219956 2.965964 0.000000 0.000000 0.000000 0.000000 0.000000 0.000000 0.000000 
5.908139 42.934086 15.096015 59.780724 59.780724 59.780724 59.780724 44.313892 48.467865 48.467865 0.000000 0.000000 0.000000 0.000000 0.000000 0.000000 0.000000 
0.000000 28.602522 8.328027 59.780724 59.780724 59.780724 48.467865 57.473427 48.467865 44.313892 44.313892 0.000000 0.000000 0.000000 0.000000 0.000000 0.000000 
0.000000 11.414693 11.414693 58.625881 59.780724 59.780724 59.780724 59.780724 48.467865 44.313892 48.467865 0.000000 0.000000 0.000000 0.000000 0.000000 0.000000 
0.000000 19.270815 11.414693 58.625881 59.780724 59.780724 59.780724 48.467865 48.467865 57.473427 48.467865 44.313892 0.000000 0.000000 0.000000 0.000000 0.000000 
0.000000 28.602522 51.042660 51.042660 56.832027 56.832027 59.780724 59.780724 59.780724 44.313892 48.467865 48.467865 0.000000 0.000000 0.000000 0.000000 0.000000 
0.000000 0.000000 47.222610 51.042660 51.042660 59.780724 59.780724 59.780724 59.780724 59.738930 48.467865 48.467865 48.467865 0.000000 0.000000 0.000000 0.000000 
0.000000 0.000000 28.602522 15.096015 58.625881 59.780724 59.780724 59.605694 59.780724 59.780724 59.780724 48.467865 3.219956 0.000000 0.000000 0.000000 0.000000 
0.000000 0.000000 8.328027 42.934086 47.222610 58.625881 59.780724 57.473427 59.780724 59.019051 44.313892 48.467865 48.467865 48.467865 0.000000 0.000000 0.000000 
0.000000 0.000000 0.000000 5.908139 11.414693 59.780724 59.780724 59.780724 59.780724 59.780724 59.780724 44.313892 48.467865 48.467865 0.000000 0.000000 0.000000 
0.000000 0.000000 0.000000 42.934086 51.042660 59.780724 59.780724 59.780724 59.780724 59.019051 48.467865 59.780724 59.780724 48.467865 4.600219 0.000000 0.000000 
0.000000 0.000000 0.000000 0.000000 51.042660 11.414693 59.780724 59.780724 59.780724 59.738930 59.019051 59.019051 59.780724 48.467865 48.467865 0.000000 0.000000 
0.000000 0.000000 0.000000 0.000000 42.934086 59.780724 59.780724 59.780724 59.780724 59.780724 59.780724 48.467865 59.780724 59.780724 59.780724 0.000000 0.000000 
0.000000 0.000000 0.000000 0.000000 54.278488 54.278488 58.625881 59.780724 59.780724 59.780724 59.780724 57.473427 59.780724 44.313892 2.743829 44.313892 0.000000 
0.000000 0.000000 0.000000 0.000000 0.000000 54.278488 58.625881 59.605694 59.780724 59.780724 59.780724 57.473427 59.780724 48.467865 59.780724 44.313892 0.000000 
0.000000 0.000000 0.000000 0.000000 0.000000 54.278488 58.625881 59.780724 59.780724 59.780724 59.780724 59.780724 59.738930 59.019051 59.780724 59.780724 0.000000 
0.000000 0.000000 0.000000 0.000000 0.000000 0.000000 54.278488 59.780724 59.780724 54.278488 59.780724 59.780724 59.780724 59.780724 55.149036 59.780724 0.000000 
0.000000 0.000000 0.000000 0.000000 0.000000 0.000000 47.222610 59.780724 59.780724 59.780724 59.780724 59.780724 59.780724 59.780724 59.780724 59.780724 59.738930 
0.000000 0.000000 0.000000 0.000000 0.000000 0.000000 0.000000 51.042660 59.780724 59.780724 47.222610 59.780724 59.019051 59.780724 59.780724 59.780724 48.467865 
0.000000 0.000000 0.000000 0.000000 0.000000 0.000000 0.000000 0.000000 11.414693 59.780724 59.780724 59.780724 59.780724 59.780724 59.780724 55.149036 48.467865 
0.000000 0.000000 0.000000 0.000000 0.000000 0.000000 0.000000 0.000000 59.780724 59.780724 58.625881 59.780724 59.780724 57.473427 59.019051 48.467865 44.313892 
0.000000 0.000000 0.000000 0.000000 0.000000 0.000000 0.000000 0.000000 0.000000 59.780724 59.780724 59.780724 59.780724 59.780724 59.780724 59.738930 59.019051 
0.000000 0.000000 0.000000 0.000000 0.000000 0.000000 0.000000 0.000000 0.000000 51.042660 59.780724 59.780724 59.780724 59.780724 59.780724 59.780724 59.780724 
0.000000 0.000000 0.000000 0.000000 0.000000 0.000000 0.000000 0.000000 0.000000 0.000000 59.780724 59.780724 59.780724 59.780724 59.780724 59.780724 59.780724 
0.000000 0.000000 0.000000 0.000000 0.000000 0.000000 0.000000 0.000000 0.000000 0.000000 0.000000 59.780724 59.780724 59.605694 59.780724 59.780724 59.780724 
0.000000 0.000000 0.000000 0.000000 0.000000 0.000000 0.000000 0.000000 0.000000 0.000000 0.000000 0.000000 59.780724 59.780724 59.780724 59.780724 57.473427 
0.000000 0.000000 0.000000 0.000000 0.000000 0.000000 0.000000 0.000000 0.000000 0.000000 0.000000 0.000000 0.000000 59.780724 59.780724 59.738930 59.780724 
