test/output/constant/M3M4100_S060_A180_WD045.0_WS040.0/M3M4100_S060_A180_WD045.0_WS040.0_intensity.asc
ncols         17
nrows         35
xllcorner     426503.990666
yllcorner     12745455.311160
cellsize      100.000000
NODATA_value  0.000000
1557 1951 2519 1951 0 0 0 0 0 0 0 0 0 0 0 0 0 
1557 0 2956 1951 2956 0 0 0 0 0 0 0 0 0 0 0 0 
13860 54889 54850 1951 1951 2956 0 0 0 0 0 0 0 0 0 0 0 
5424 54889 54889 40687 2519 2956 2956 0 0 0 0 0 0 0 0 0 0 
26262 35172 54889 47851 44501 2723 4223 0 0 0 0 0 0 0 0 0 0 
17693 35172 54889 54889 54889 44501 2519 2519 0 0 0 0 0 0 0 0 0 
26262 30741 54889 54889 52770 40687 2956 2956 2956 0 0 0 0 0 0 0 0 
10480 10480 10480 54889 54889 54850 44501 2519 2956 0 0 0 0 0 0 0 0 
26262 21868 54889 54889 54889 54889 40687 2956 2956 2723 0 0 0 0 0 0 0 
5424 39420 13860 54889 54889 54889 54889 40687 44501 44501 0 0 0 0 0 0 0 
0 26262 7646 54889 54889 54889 44501 52770 44501 40687 40687 0 0 0 0 0 0 
0 10480 10480 53828 54889 54889 54889 54889 44501 40687 44501 0 0 0 0 0 0 
0 17693 10480 53828 54889 54889 54889 44501 44501 52770 44501 40687 0 0 0 0 0 
0 26262 46865 46865 52181 52181 54889 54889 54889 40687 44501 44501 0 0 0 0 0 
0 0 43358 46865 46865 54889 54889 54889 54889 54850 44501 44501 44501 0 0 0 0 
0 0 26262 13860 53828 54889 54889 54728 54889 54889 54889 44501 2956 0 0 0 0 
0 0 7646 39420 43358 53828 54889 52770 54889 54189 40687 44501 44501 44501 0 0 0 
0 0 0 5424 10480 54889 54889 54889 54889 54889 54889 40687 44501 44501 0 0 0 
0 0 0 39420 46865 54889 54889 54889 54889 54189 44501 54889 54889 44501 4223 0 0 
0 0 0 0 46865 10480 54889 54889 54889 54850 54189 54189 54889 44501 44501 0 0 
0 0 0 0 39420 54889 54889 54889 54889 54889 54889 44501 54889 54889 54889 0 0 
0 0 0 0 49837 49837 53828 54889 54889 54889 54889 52770 54889 40687 2519 40687 0 
0 0 0 0 0 49837 53828 54728 54889 54889 54889 52770 54889 44501 54889 40687 0 
0 0 0 0 0 49837 53828 54889 54889 54889 54889 54889 54850 54189 54889 54889 0 
0 0 0 0 0 0 49837 54889 54889 49837 54889 54889 54889 54889 50636 54889 0 
0 0 0 0 0 0 43358 54889 54889 54889 54889 54889 54889 54889 54889 54889 54850 
0 0 0 0 0 0 0 46865 54889 54889 43358 54889 54189 54889 54889 54889 44501 
0 0 0 0 0 0 0 0 10480 54889 54889 54889 54889 54889 54889 50636 44501 
0 0 0 0 0 0 0 0 54889 54889 53828 54889 54889 52770 54189 44501 40687 
0 0 0 0 0 0 0 0 0 54889 54889 54889 54889 54889 54889 54850 54189 
0 0 0 0 0 0 0 0 0 46865 54889 54889 54889 54889 54889 54889 54889 
0 0 0 0 0 0 0 0 0 0 54889 54889 54889 54889 54889 54889 54889 
0 0 0 0 0 0 0 0 0 0 0 54889 54889 54728 54889 54889 54889 
0 0 0 0 0 0 0 0 0 0 0 0 54889 54889 54889 54889 52770 
0 0 0 0 0 0 0 0 0 0 0 0 0 54889 54889 54850 54889 
