test/output/constant/M3M4100_S060_A180_WD045.0_WS040.0/M3M4100_S060_A180_WD045.0_WS040.0_raz.asc
ncols         17
nrows         35
xllcorner     426503.990666
yllcorner     12745455.311160
cellsize      100.000000
NODATA_value  0.000000
312 48 66 48 0 0 0 0 0 0 0 0 0 0 0 0 0 
312 254 76 48 76 0 0 0 0 0 0 0 0 0 0 0 0 
183 156 156 48 48 76 0 0 0 0 0 0 0 0 0 0 0 
206 156 156 147 66 76 76 0 0 0 0 0 0 0 0 0 0 
172 168 156 150 149 71 94 0 0 0 0 0 0 0 0 0 0 
178 168 156 156 156 149 66 66 0 0 0 0 0 0 0 0 0 
172 170 156 156 153 147 76 76 76 0 0 0 0 0 0 0 0 
188 188 188 156 156 156 149 66 76 0 0 0 0 0 0 0 0 
172 175 156 156 156 156 147 76 76 71 0 0 0 0 0 0 0 
206 166 183 156 156 156 156 147 149 149 0 0 0 0 0 0 0 
0 172 195 156 156 156 149 153 149 147 147 0 0 0 0 0 0 
0 188 188 158 156 156 156 156 149 147 149 0 0 0 0 0 0 
0 178 188 158 156 156 156 149 149 153 149 147 0 0 0 0 0 
0 172 163 163 160 160 156 156 156 147 149 149 0 0 0 0 0 
0 0 164 163 163 156 156 156 156 156 149 149 149 0 0 0 0 
0 0 172 183 158 156 156 157 156 156 156 149 76 0 0 0 0 
0 0 195 166 164 158 156 153 156 155 147 149 149 149 0 0 0 
0 0 0 206 188 156 156 156 156 156 156 147 149 149 0 0 0 
0 0 0 166 163 156 156 156 156 155 149 156 156 149 94 0 0 
0 0 0 0 163 188 156 156 156 156 155 155 156 149 149 0 0 
0 0 0 0 166 156 156 156 156 156 156 149 156 156 156 0 0 
0 0 0 0 161 161 158 156 156 156 156 153 156 147 66 147 0 
0 0 0 0 0 161 158 157 156 156 156 153 156 149 156 147 0 
0 0 0 0 0 161 158 156 156 156 156 156 156 155 156 156 0 
0 0 0 0 0 0 161 156 156 161 156 156 156 156 152 156 0 
0 0 0 0 0 0 164 156 156 156 156 156 156 156 156 156 156 
0 0 0 0 0 0 0 163 156 156 164 156 155 156 156 156 149 
0 0 0 0 0 0 0 0 188 156 156 156 156 156 156 152 149 
0 0 0 0 0 0 0 0 156 156 158 156 156 153 155 149 147 
0 0 0 0 0 0 0 0 0 156 156 156 156 156 156 156 155 
0 0 0 0 0 0 0 0 0 163 156 156 156 156 156 156 156 
0 0 0 0 0 0 0 0 0 0 156 156 156 156 156 156 156 
0 0 0 0 0 0 0 0 0 0 0 156 156 157 156 156 156 
0 0 0 0 0 0 0 0 0 0 0 0 156 156 156 156 153 
0 0 0 0 0 0 0 0 0 0 0 0 0 156 156 156 156 
