test/output/constant/M480_S060_A000_WD135.0_WS010.0/M480_S060_A000_WD135.0_WS010.0_arrival.asc
ncols         29
nrows         8
xllcorner     423803.990666
yllcorner     12748655.311160
cellsize      100.000000
NODATA_value  0.000000
166.040652 166.040079 166.038934 166.037789 166.037216 166.036644 166.036071 166.035499 166.035499 166.036071 166.036071 166.036644 166.037216 166.038361 166.040652 0.000000 0.000000 0.000000 0.000000 0.000000 0.000000 0.000000 0.000000 0.000000 0.000000 0.000000 0.000000 0.000000 0.000000 
166.040652 166.039506 166.037789 166.036644 166.034926 166.033781 166.032636 166.031491 166.030918 166.029773 166.029200 166.029200 166.029200 166.029773 166.029773 166.030918 166.032063 166.034353 166.037789 0.000000 0.000000 0.000000 0.000000 0.000000 0.000000 0.000000 0.000000 0.000000 0.000000 
166.040652 166.039506 166.037789 166.036071 166.034926 166.033208 166.032063 166.030346 166.029200 166.027483 166.026338 166.025193 166.024047 166.023475 166.022902 166.022902 166.022902 166.023475 166.024047 166.025193 166.028055 166.032636 166.039506 0.000000 0.000000 0.000000 0.000000 0.000000 0.000000 
0.000000 166.041224 166.039506 166.037216 166.035499 166.033781 166.032063 166.030346 166.029200 166.027483 166.025765 166.024620 166.022902 166.021757 166.020040 166.018894 166.017749 166.017177 166.016604 166.016604 166.016604 166.017177 166.018894 166.022902 166.030346 166.041667 0.000000 0.000000 0.000000 
0.000000 0.000000 0.000000 166.041667 166.039506 166.037216 166.034926 166.033208 166.030918 166.029200 166.026910 166.025193 166.023475 166.021757 166.020040 166.018894 166.017177 166.015459 166.014314 166.012596 166.011451 166.010306 166.009733 166.009733 166.010306 166.012596 166.020612 166.037216 0.000000 
0.000000 0.000000 0.000000 0.000000 0.000000 0.000000 166.041224 166.038361 166.036071 166.033781 166.031491 166.029200 166.026910 166.024620 166.022330 166.020612 166.018322 166.016032 166.014314 166.012596 166.011451 166.009733 166.008588 166.006871 166.005153 166.004008 166.003435 166.003435 166.014314 
0.000000 0.000000 0.000000 0.000000 0.000000 0.000000 0.000000 0.000000 0.000000 0.000000 166.039506 166.037216 166.034353 166.032063 166.029773 166.026910 166.024620 166.022330 166.019467 166.017177 166.014886 166.012024 166.009733 166.007443 166.005726 166.004008 166.002290 166.001145 166.000000 
0.000000 0.000000 0.000000 0.000000 0.000000 0.000000 0.000000 0.000000 0.000000 0.000000 0.000000 0.000000 0.000000 0.000000 0.000000 0.000000 166.041224 166.038361 166.036071 166.033208 166.030918 166.028628 166.026338 166.024620 166.022902 166.021757 166.021757 166.024620 166.036644 
