test/output/constant/M3100_S060_A180_WD090.0_WS025.0/M3100_S060_A180_WD090.0_WS025.0_arrival.asc
ncols         26
nrows         13
xllcorner     426303.990666
yllcorner     12748155.311160
cellsize      100.000000
NODATA_value  0.000000
0.000000 0.000000 0.000000 0.000000 0.000000 0.000000 0.000000 0.000000 0.000000 0.000000 0.000000 166.041587 166.041587 166.041587 166.041587 166.041587 0.000000 0.000000 0.000000 0.000000 0.000000 0.000000 0.000000 0.000000 0.000000 0.000000 
0.000000 0.000000 0.000000 0.000000 0.000000 0.000000 166.040046 166.037736 166.035426 166.034656 166.033885 166.033885 166.033885 166.033885 166.034656 166.035426 166.036196 166.037736 166.038506 166.040046 166.041587 0.000000 0.000000 0.000000 0.000000 0.000000 
0.000000 0.000000 0.000000 166.040817 166.035426 166.031575 166.029265 166.027724 166.026954 166.026954 166.026954 166.026954 166.027724 166.028495 166.029265 166.030805 166.031575 166.033115 166.034656 166.036196 166.037736 166.039276 166.041587 0.000000 0.000000 0.000000 
0.000000 0.000000 166.034656 166.028495 166.023874 166.020793 166.019253 166.019253 166.019253 166.019253 166.020023 166.020793 166.022334 166.023874 166.025414 166.026954 166.028495 166.030035 166.031575 166.033115 166.035426 166.036966 166.038506 166.040817 0.000000 0.000000 
166.041667 166.031575 166.022334 166.016173 166.013092 166.011552 166.011552 166.011552 166.013092 166.013862 166.015402 166.016943 166.019253 166.020793 166.022334 166.023874 166.026184 166.027724 166.029265 166.031575 166.033115 166.035426 166.036966 166.039276 166.040817 0.000000 
166.036196 166.023104 166.010782 166.004621 166.003851 166.004621 166.006161 166.007701 166.009241 166.011552 166.013092 166.015402 166.016943 166.019253 166.020793 166.023104 166.024644 166.026954 166.028495 166.030805 166.032345 166.034656 166.036196 166.038506 166.040046 166.041667 
166.033885 166.020793 166.006931 166.000000 166.001540 166.003080 166.005391 166.006931 166.009241 166.010782 166.013092 166.014632 166.016943 166.018483 166.020793 166.022334 166.024644 166.026184 166.028495 166.030035 166.032345 166.033885 166.036196 166.037736 166.040046 166.041587 
166.036196 166.023104 166.010782 166.004621 166.003851 166.004621 166.006161 166.007701 166.009241 166.011552 166.013092 166.015402 166.016943 166.019253 166.020793 166.023104 166.024644 166.026954 166.028495 166.030805 166.032345 166.034656 166.036196 166.038506 166.040046 166.041667 
166.041667 166.031575 166.022334 166.016173 166.013092 166.011552 166.011552 166.011552 166.013092 166.013862 166.015402 166.016943 166.019253 166.020793 166.022334 166.023874 166.026184 166.027724 166.029265 166.031575 166.033115 166.035426 166.036966 166.039276 166.040817 0.000000 
0.000000 0.000000 166.034656 166.028495 166.023874 166.020793 166.019253 166.019253 166.019253 166.019253 166.020023 166.020793 166.022334 166.023874 166.025414 166.026954 166.028495 166.030035 166.031575 166.033115 166.035426 166.036966 166.038506 166.040817 0.000000 0.000000 
0.000000 0.000000 0.000000 166.040817 166.035426 166.031575 166.029265 166.027724 166.026954 166.026954 166.026954 166.026954 166.027724 166.028495 166.029265 166.030805 166.031575 166.033115 166.034656 166.036196 166.037736 166.039276 166.041587 0.000000 0.000000 0.000000 
0.000000 0.000000 0.000000 0.000000 0.000000 0.000000 166.040046 166.037736 166.035426 166.034656 166.033885 166.033885 166.033885 166.033885 166.034656 166.035426 166.036196 166.037736 166.038506 166.040046 166.041587 0.000000 0.000000 0.000000 0.000000 0.000000 
0.000000 0.000000 0.000000 0.000000 0.000000 0.000000 0.000000 0.000000 0.000000 0.000000 0.000000 166.041587 166.041587 166.041587 166.041587 166.041587 0.000000 0.000000 0.000000 0.000000 0.000000 0.000000 0.000000 0.000000 0.000000 0.000000 
