test/output/constant/S3_S060_A000_WD090.0_WS035.0/S3_S060_A000_WD090.0_WS035.0_arrival.asc
ncols         38
nrows         7
xllcorner     422903.990666
yllcorner     12748455.311160
cellsize      100.000000
NODATA_value  0.000000
0.000000 0.000000 0.000000 0.000000 0.000000 0.000000 0.000000 0.000000 0.000000 0.000000 166.041295 166.040841 166.039933 166.039026 166.038572 166.037664 166.037211 166.036757 166.036757 166.036757 166.037211 166.037211 166.037664 166.038118 166.039026 166.040387 0.000000 0.000000 0.000000 0.000000 0.000000 0.000000 0.000000 0.000000 0.000000 0.000000 0.000000 0.000000 
0.000000 0.000000 0.000000 166.041667 166.040841 166.039933 166.038572 166.037664 166.036757 166.035395 166.034488 166.033580 166.032673 166.031311 166.030404 166.029496 166.028589 166.028135 166.027227 166.026320 166.025412 166.024505 166.024051 166.023143 166.022689 166.022236 166.022236 166.022236 166.022689 166.023143 166.024505 166.026320 166.029950 166.034942 0.000000 0.000000 0.000000 0.000000 
0.000000 166.041295 166.039933 166.039026 166.038118 166.036757 166.035849 166.034488 166.033580 166.032219 166.031311 166.029950 166.029042 166.027681 166.026773 166.025412 166.024505 166.023143 166.022236 166.020874 166.019967 166.019059 166.017698 166.016790 166.015429 166.014521 166.013614 166.012252 166.011345 166.010437 166.009530 166.008622 166.008168 166.007714 166.007714 166.008622 166.013160 0.000000 
166.041667 166.040387 166.039479 166.038118 166.037211 166.035849 166.034942 166.033580 166.032673 166.031311 166.030404 166.029042 166.028135 166.026773 166.025866 166.024505 166.023597 166.022236 166.021328 166.019967 166.019059 166.017698 166.016790 166.015429 166.014521 166.013160 166.012252 166.010891 166.009983 166.008622 166.007714 166.006353 166.005445 166.004084 166.003177 166.001815 166.000908 166.000000 
0.000000 166.041295 166.039933 166.039026 166.038118 166.036757 166.035849 166.034488 166.033580 166.032219 166.031311 166.029950 166.029042 166.027681 166.026773 166.025412 166.024505 166.023143 166.022236 166.020874 166.019967 166.019059 166.017698 166.016790 166.015429 166.014521 166.013614 166.012252 166.011345 166.010437 166.009530 166.008622 166.008168 166.007714 166.007714 166.008622 166.013160 0.000000 
0.000000 0.000000 0.000000 166.041667 166.040841 166.039933 166.038572 166.037664 166.036757 166.035395 166.034488 166.033580 166.032673 166.031311 166.030404 166.029496 166.028589 166.028135 166.027227 166.026320 166.025412 166.024505 166.024051 166.023143 166.022689 166.022236 166.022236 166.022236 166.022689 166.023143 166.024505 166.026320 166.029950 166.034942 0.000000 0.000000 0.000000 0.000000 
0.000000 0.000000 0.000000 0.000000 0.000000 0.000000 0.000000 0.000000 0.000000 0.000000 166.041295 166.040841 166.039933 166.039026 166.038572 166.037664 166.037211 166.036757 166.036757 166.036757 166.037211 166.037211 166.037664 166.038118 166.039026 166.040387 0.000000 0.000000 0.000000 0.000000 0.000000 0.000000 0.000000 0.000000 0.000000 0.000000 0.000000 0.000000 
