test/output/constant/M3M490_S000_A090_WD000.0_WS015.0/M3M490_S000_A090_WD000.0_WS015.0_arrival.asc
ncols         11
nrows         22
xllcorner     426103.990666
yllcorner     12746955.311160
cellsize      100.000000
NODATA_value  0.000000
0.000000 0.000000 0.000000 0.000000 166.039284 166.037413 166.039284 0.000000 0.000000 0.000000 0.000000 
0.000000 0.000000 0.000000 166.031801 166.024318 166.022448 166.024318 166.031801 0.000000 0.000000 0.000000 
0.000000 0.000000 166.033672 166.022448 166.011224 166.007483 166.011224 166.022448 166.033672 0.000000 0.000000 
0.000000 166.039284 166.027124 166.015900 166.004677 166.000000 166.004677 166.015900 166.027124 166.039284 0.000000 
0.000000 166.034607 166.023383 166.013095 166.004677 166.001871 166.004677 166.013095 166.023383 166.034607 0.000000 
0.000000 166.031801 166.021512 166.013095 166.005612 166.003741 166.005612 166.013095 166.021512 166.031801 0.000000 
166.040219 166.029930 166.020577 166.013095 166.007483 166.006547 166.007483 166.013095 166.020577 166.029930 166.040219 
166.038348 166.028995 166.021512 166.013095 166.009353 166.008418 166.009353 166.013095 166.021512 166.028995 166.038348 
166.038348 166.028995 166.021512 166.014965 166.011224 166.011224 166.011224 166.014965 166.021512 166.028995 166.038348 
166.037413 166.028995 166.021512 166.016836 166.014030 166.013095 166.014030 166.016836 166.021512 166.028995 166.037413 
166.037413 166.029930 166.023383 166.018706 166.015900 166.015900 166.015900 166.018706 166.023383 166.029930 166.037413 
166.037413 166.029930 166.024318 166.020577 166.018706 166.017771 166.018706 166.020577 166.024318 166.029930 166.037413 
166.038348 166.030866 166.026189 166.022448 166.020577 166.020577 166.020577 166.022448 166.026189 166.030866 166.038348 
166.038348 166.032736 166.028060 166.024318 166.023383 166.022448 166.023383 166.024318 166.028060 166.032736 166.038348 
166.039284 166.033672 166.029930 166.027124 166.025254 166.025254 166.025254 166.027124 166.029930 166.033672 166.039284 
166.041154 166.035542 166.031801 166.028995 166.028060 166.027124 166.028060 166.028995 166.031801 166.035542 166.041154 
0.000000 166.037413 166.033672 166.030866 166.029930 166.029930 166.029930 166.030866 166.033672 166.037413 0.000000 
0.000000 166.039284 166.035542 166.033672 166.032736 166.031801 166.032736 166.033672 166.035542 166.039284 0.000000 
0.000000 166.041154 166.038348 166.035542 166.034607 166.034607 166.034607 166.035542 166.038348 166.041154 0.000000 
0.000000 0.000000 166.040219 166.038348 166.037413 166.036478 166.037413 166.038348 166.040219 0.000000 0.000000 
0.000000 0.000000 0.000000 166.040219 166.039284 166.039284 166.039284 166.040219 0.000000 0.000000 0.000000 
0.000000 0.000000 0.000000 0.000000 166.041667 166.041154 166.041667 0.000000 0.000000 0.000000 0.000000 
