test/output/constant/M3M495_S060_A270_WD180.0_WS020.0/M3M495_S060_A270_WD180.0_WS020.0_arrival.asc
ncols         9
nrows         62
xllcorner     426203.990666
yllcorner     12748755.311160
cellsize      100.000000
NODATA_value  0.000000
0.000000 0.000000 0.000000 0.000000 166.041667 0.000000 0.000000 0.000000 0.000000 
0.000000 0.000000 0.000000 166.041411 166.040862 166.041411 0.000000 0.000000 0.000000 
0.000000 0.000000 0.000000 166.040588 166.040314 166.040588 0.000000 0.000000 0.000000 
0.000000 0.000000 166.041667 166.040039 166.039491 166.040039 166.041667 0.000000 0.000000 
0.000000 0.000000 166.040862 166.039217 166.038942 166.039217 166.040862 0.000000 0.000000 
0.000000 0.000000 166.040314 166.038668 166.038120 166.038668 166.040314 0.000000 0.000000 
0.000000 0.000000 166.039491 166.037845 166.037571 166.037845 166.039491 0.000000 0.000000 
0.000000 166.041411 166.038942 166.037297 166.036749 166.037297 166.038942 166.041411 0.000000 
0.000000 166.040588 166.038120 166.036474 166.036200 166.036474 166.038120 166.040588 0.000000 
0.000000 166.040039 166.037571 166.035926 166.035377 166.035926 166.037571 166.040039 0.000000 
0.000000 166.039491 166.036749 166.035103 166.034829 166.035103 166.036749 166.039491 0.000000 
0.000000 166.038942 166.036200 166.034555 166.034006 166.034555 166.036200 166.038942 0.000000 
0.000000 166.038120 166.035652 166.034006 166.033458 166.034006 166.035652 166.038120 0.000000 
0.000000 166.037571 166.034829 166.033183 166.032635 166.033183 166.034829 166.037571 0.000000 
166.041411 166.037023 166.034280 166.032635 166.032086 166.032635 166.034280 166.037023 166.041411 
166.041136 166.036474 166.033732 166.031812 166.031264 166.031812 166.033732 166.036474 166.041136 
166.040588 166.035652 166.032909 166.031264 166.030715 166.031264 166.032909 166.035652 166.040588 
166.040039 166.035103 166.032361 166.030441 166.029892 166.030441 166.032361 166.035103 166.040039 
166.039491 166.034555 166.031538 166.029892 166.029344 166.029892 166.031538 166.034555 166.039491 
166.039217 166.034006 166.030989 166.029070 166.028521 166.029070 166.030989 166.034006 166.039217 
166.038668 166.033458 166.030167 166.028521 166.027973 166.028521 166.030167 166.033458 166.038668 
166.038120 166.032909 166.029618 166.027699 166.027150 166.027699 166.029618 166.032909 166.038120 
166.037845 166.032361 166.029070 166.027150 166.026602 166.027150 166.029070 166.032361 166.037845 
166.037297 166.031812 166.028247 166.026327 166.025779 166.026327 166.028247 166.031812 166.037297 
166.037023 166.031264 166.027699 166.025779 166.025230 166.025779 166.027699 166.031264 166.037023 
166.036474 166.030989 166.027150 166.024956 166.024408 166.024956 166.027150 166.030989 166.036474 
166.035926 166.030441 166.026602 166.024408 166.023859 166.024408 166.026602 166.030441 166.035926 
166.035652 166.029892 166.025779 166.023859 166.023036 166.023859 166.025779 166.029892 166.035652 
166.035103 166.029344 166.025230 166.023036 166.022488 166.023036 166.025230 166.029344 166.035103 
166.034829 166.028795 166.024682 166.022488 166.021665 166.022488 166.024682 166.028795 166.034829 
166.034829 166.028521 166.023859 166.021665 166.021117 166.021665 166.023859 166.028521 166.034829 
166.034829 166.027973 166.023311 166.021117 166.020294 166.021117 166.023311 166.027973 166.034829 
166.034829 166.027424 166.022762 166.020294 166.019745 166.020294 166.022762 166.027424 166.034829 
166.034829 166.027150 166.021939 166.019745 166.018923 166.019745 166.021939 166.027150 166.034829 
166.035103 166.026602 166.021391 166.018923 166.018374 166.018923 166.021391 166.026602 166.035103 
166.035103 166.026053 166.020842 166.018374 166.017552 166.018374 166.020842 166.026053 166.035103 
166.035377 166.025779 166.020294 166.017552 166.017003 166.017552 166.020294 166.025779 166.035377 
166.035926 166.025230 166.019745 166.017003 166.016180 166.017003 166.019745 166.025230 166.035926 
166.035926 166.024956 166.019197 166.016180 166.015632 166.016180 166.019197 166.024956 166.035926 
166.036200 166.024956 166.018648 166.015632 166.014809 166.015632 166.018648 166.024956 166.036200 
166.036749 166.024956 166.018100 166.015083 166.014261 166.015083 166.018100 166.024956 166.036749 
166.037845 166.024956 166.017826 166.014261 166.013438 166.014261 166.017826 166.024956 166.037845 
166.038394 166.025230 166.017277 166.013712 166.012889 166.013712 166.017277 166.025230 166.038394 
166.039491 166.025230 166.016729 166.012889 166.012067 166.012889 166.016729 166.025230 166.039491 
166.040588 166.025779 166.016180 166.012341 166.011518 166.012341 166.016180 166.025779 166.040588 
0.000000 166.026053 166.015906 166.011792 166.010695 166.011792 166.015906 166.026053 0.000000 
0.000000 166.026327 166.015358 166.010970 166.010147 166.010970 166.015358 166.026327 0.000000 
0.000000 166.027150 166.015083 166.010421 166.009324 166.010421 166.015083 166.027150 0.000000 
0.000000 166.027973 166.015083 166.009598 166.008776 166.009598 166.015083 166.027973 0.000000 
0.000000 166.029344 166.015083 166.009050 166.007953 166.009050 166.015083 166.029344 0.000000 
0.000000 166.030715 166.015083 166.008227 166.007405 166.008227 166.015083 166.030715 0.000000 
0.000000 166.032909 166.015632 166.007679 166.006582 166.007679 166.015632 166.032909 0.000000 
0.000000 166.035377 166.015906 166.007130 166.006033 166.007130 166.015906 166.035377 0.000000 
0.000000 166.038120 166.016729 166.006582 166.005211 166.006582 166.016729 166.038120 0.000000 
0.000000 0.000000 166.017826 166.006033 166.004662 166.006033 166.017826 0.000000 0.000000 
0.000000 0.000000 166.019745 166.005485 166.003839 166.005485 166.019745 0.000000 0.000000 
0.000000 0.000000 166.022214 166.005211 166.003291 166.005211 166.022214 0.000000 0.000000 
0.000000 0.000000 166.026053 166.005211 166.002468 166.005211 166.026053 0.000000 0.000000 
0.000000 0.000000 166.032086 166.005485 166.001920 166.005485 166.032086 0.000000 0.000000 
0.000000 0.000000 0.000000 166.006582 166.001097 166.006582 0.000000 0.000000 0.000000 
0.000000 0.000000 0.000000 166.010147 166.000548 166.010147 0.000000 0.000000 0.000000 
0.000000 0.000000 0.000000 166.026602 166.000000 166.026602 0.000000 0.000000 0.000000 
