test/output/constant/M385_S060_A270_WD045.0_WS010.0/M385_S060_A270_WD045.0_WS010.0_raz.asc
ncols         13
nrows         41
xllcorner     425603.990666
yllcorner     12748655.311160
cellsize      100.000000
NODATA_value  0.000000
0 347 347 349 0 0 0 0 0 0 0 0 0 
347 347 347 347 0 0 0 0 0 0 0 0 0 
347 347 347 347 3 358 0 0 0 0 0 0 0 
347 347 347 348 0 358 0 0 0 0 0 0 0 
347 347 347 352 355 358 358 0 0 0 0 0 0 
347 347 347 347 348 352 358 0 0 0 0 0 0 
347 347 347 355 347 357 358 9 0 0 0 0 0 
347 347 347 347 347 357 6 9 0 0 0 0 0 
343 347 347 347 349 3 358 0 0 0 0 0 0 
346 347 347 347 3 0 347 0 0 0 0 0 0 
346 347 347 347 347 0 358 0 358 0 0 0 0 
343 347 347 347 347 347 353 0 358 357 0 0 0 
347 347 347 347 347 347 357 3 6 0 0 0 0 
338 347 347 347 347 347 357 9 358 358 0 0 0 
338 347 343 347 347 347 6 358 358 20 0 0 0 
338 339 347 347 347 347 0 357 357 3 0 0 0 
306 338 347 347 347 347 347 0 0 0 6 0 0 
338 339 347 347 347 347 347 353 6 9 0 0 0 
0 338 338 345 347 347 0 357 9 0 14 0 0 
0 306 339 345 347 347 352 358 0 0 358 0 0 
0 338 338 343 346 347 347 3 0 358 0 6 0 
0 294 278 345 347 347 347 347 351 9 6 0 0 
0 294 338 345 347 347 347 351 0 6 358 14 0 
0 0 306 306 347 347 347 347 349 358 3 358 0 
0 0 339 294 338 347 347 347 355 358 358 3 0 
0 0 338 338 339 347 347 347 352 0 9 0 0 
0 0 0 338 294 347 347 347 347 355 358 0 0 
0 0 0 338 338 347 347 347 348 0 358 358 0 
0 0 0 294 338 306 345 347 348 358 6 3 0 
0 0 0 268 338 306 343 347 347 357 0 358 0 
0 0 0 0 338 306 339 347 347 357 0 3 0 
0 0 0 0 294 294 338 347 347 347 6 0 9 
0 0 0 0 0 268 278 347 347 347 0 0 0 
0 0 0 0 0 278 339 339 347 347 358 9 14 
0 0 0 0 0 268 336 338 347 347 358 0 6 
0 0 0 0 0 0 268 278 341 347 358 0 6 
0 0 0 0 0 0 268 278 339 347 0 0 9 
0 0 0 0 0 0 0 268 278 345 347 9 9 
0 0 0 0 0 0 0 268 278 341 347 9 0 
0 0 0 0 0 0 0 0 268 268 65535 97 0 
0 0 0 0 0 0 0 0 0 268 237 144 0 
