test/output/constant/M4100_S060_A000_WD180.0_WS005.0/M4100_S060_A000_WD180.0_WS005.0_arrival.asc
ncols         28
nrows         9
xllcorner     423903.990666
yllcorner     12748555.311160
cellsize      100.000000
NODATA_value  0.000000
0.000000 0.000000 166.041661 166.041057 166.040453 166.039849 166.039245 166.039245 166.039245 166.039245 166.039245 166.039849 166.040453 166.041661 0.000000 0.000000 0.000000 0.000000 0.000000 0.000000 0.000000 0.000000 0.000000 0.000000 0.000000 0.000000 0.000000 0.000000 
166.041057 166.039849 166.038642 166.037434 166.036830 166.035623 166.034415 166.033811 166.033208 166.032604 166.032000 166.032000 166.032000 166.032000 166.032604 166.033208 166.035019 166.037434 166.040453 0.000000 0.000000 0.000000 0.000000 0.000000 0.000000 0.000000 0.000000 0.000000 
166.041057 166.039245 166.038038 166.036227 166.035019 166.033811 166.032000 166.030793 166.029585 166.028378 166.027774 166.026566 166.025962 166.025359 166.024755 166.024755 166.025359 166.025359 166.025962 166.028378 166.031396 166.036227 0.000000 0.000000 0.000000 0.000000 0.000000 0.000000 
166.041057 166.039849 166.038038 166.036227 166.035019 166.033208 166.032000 166.030189 166.028981 166.027170 166.025962 166.024151 166.022944 166.021736 166.020528 166.019321 166.018717 166.018113 166.018113 166.018113 166.018113 166.019321 166.022340 166.026566 166.035019 0.000000 0.000000 0.000000 
0.000000 166.041661 166.039245 166.037434 166.035623 166.033811 166.032000 166.030793 166.028981 166.027170 166.025962 166.024151 166.022340 166.021132 166.019321 166.018113 166.016302 166.015094 166.013283 166.012679 166.011472 166.010868 166.010868 166.010868 166.012679 166.018113 166.030189 0.000000 
0.000000 0.000000 0.000000 166.041057 166.039245 166.036830 166.035019 166.033208 166.031396 166.028981 166.027170 166.025359 166.023547 166.021736 166.019925 166.018113 166.016302 166.015094 166.013283 166.012076 166.010264 166.009057 166.007245 166.005434 166.004226 166.003623 166.003623 166.011472 
0.000000 0.000000 0.000000 0.000000 0.000000 0.000000 166.040453 166.038038 166.036227 166.033811 166.032000 166.029585 166.027774 166.025359 166.023547 166.021132 166.019321 166.017510 166.015094 166.013283 166.011472 166.009057 166.007245 166.005434 166.004226 166.002415 166.001208 166.000000 
0.000000 0.000000 0.000000 0.000000 0.000000 0.000000 0.000000 0.000000 0.000000 166.041661 166.039849 166.037434 166.035623 166.033208 166.031396 166.029585 166.027774 166.025962 166.023547 166.021736 166.019925 166.018717 166.016906 166.015094 166.014491 166.013887 166.015094 166.024151 
0.000000 0.000000 0.000000 0.000000 0.000000 0.000000 0.000000 0.000000 0.000000 0.000000 0.000000 0.000000 0.000000 0.000000 0.000000 0.000000 0.000000 0.000000 166.041057 166.039849 166.039849 166.039245 166.039849 166.041661 0.000000 0.000000 0.000000 0.000000 
