test/output/constant/M390_S060_A000_WD315.0_WS040.0/M390_S060_A000_WD315.0_WS040.0_raz.asc
ncols         16
nrows         33
xllcorner     425203.990666
yllcorner     12745655.311160
cellsize      100.000000
NODATA_value  0.000000
0 0 0 0 0 0 0 0 0 0 0 0 0 282 357 357 
0 0 0 0 0 0 0 0 0 0 0 282 282 282 254 47 
0 0 0 0 0 0 0 0 0 0 265 282 265 202 202 152 
0 0 0 0 0 0 0 0 0 0 282 265 265 202 192 175 
0 0 0 0 0 0 0 0 0 310 265 209 202 202 170 170 
0 0 0 0 0 0 0 0 282 282 209 209 202 202 170 180 
0 0 0 0 0 0 0 0 251 292 310 202 202 202 175 180 
0 0 0 0 0 0 0 357 211 211 211 202 202 190 180 175 
0 0 0 0 0 0 0 292 287 209 202 202 194 183 152 180 
0 0 0 0 0 0 265 265 287 209 202 202 170 180 170 180 
0 0 0 0 0 0 251 211 265 202 202 188 180 170 175 0 
0 0 0 0 0 211 282 265 209 202 202 202 180 170 175 0 
0 0 0 0 0 211 251 209 202 202 202 200 175 180 180 0 
0 0 0 0 251 282 209 209 202 202 202 170 190 175 175 0 
0 0 0 0 282 265 209 202 202 202 190 180 180 180 0 0 
0 0 0 282 211 265 208 202 202 202 202 196 180 180 0 0 
0 0 0 265 209 208 202 202 202 192 183 180 180 152 0 0 
0 0 0 265 211 209 202 202 202 202 170 183 170 0 0 0 
0 0 209 209 209 202 202 202 196 202 190 162 180 0 0 0 
0 0 251 209 208 202 202 202 202 175 162 170 162 0 0 0 
0 0 208 208 202 202 202 202 186 194 194 192 0 0 0 0 
0 209 265 208 202 202 202 202 180 162 183 180 0 0 0 0 
0 265 251 202 202 202 200 196 192 175 180 0 0 0 0 0 
0 251 209 202 202 202 202 175 175 197 162 0 0 0 0 0 
0 251 202 202 202 202 197 202 194 180 0 0 0 0 0 0 
251 251 202 202 202 202 202 196 162 170 0 0 0 0 0 0 
265 205 202 202 202 200 202 194 183 0 0 0 0 0 0 0 
251 202 202 202 201 188 190 180 0 0 0 0 0 0 0 0 
206 202 202 202 202 186 162 192 0 0 0 0 0 0 0 0 
202 202 202 202 202 202 180 0 0 0 0 0 0 0 0 0 
202 202 202 202 192 180 0 0 0 0 0 0 0 0 0 0 
202 202 202 202 202 0 0 0 0 0 0 0 0 0 0 0 
0 202 202 202 0 0 0 0 0 0 0 0 0 0 0 0 
