test/output/constant/M3M465_S060_A000_WD225.0_WS050.0/M3M465_S060_A000_WD225.0_WS050.0_arrival.asc
ncols         7
nrows         29
xllcorner     426303.990666
yllcorner     12748755.311160
cellsize      100.000000
NODATA_value  0.000000
0.000000 0.000000 166.041667 0.000000 0.000000 0.000000 0.000000 
0.000000 166.041423 166.040387 166.040387 0.000000 0.000000 0.000000 
0.000000 166.039870 166.038834 166.038834 166.040387 0.000000 0.000000 
0.000000 166.038834 166.037281 166.037281 166.038834 0.000000 0.000000 
166.041423 166.037281 166.035727 166.035727 166.037798 166.041667 0.000000 
166.039870 166.035727 166.034174 166.034174 166.036245 166.040387 0.000000 
166.038834 166.034692 166.032621 166.033138 166.034692 166.038834 0.000000 
166.037798 166.033138 166.031067 166.031585 166.033138 166.037798 0.000000 
166.036763 166.032103 166.030032 166.030032 166.031585 166.036245 0.000000 
166.035209 166.030549 166.028478 166.028478 166.030032 166.034692 0.000000 
166.034692 166.028996 166.026925 166.026925 166.028478 166.033138 0.000000 
166.033656 166.027960 166.025372 166.025372 166.026925 166.032103 0.000000 
166.032621 166.026925 166.023818 166.023818 166.025372 166.030549 166.041423 
166.032103 166.025372 166.022265 166.022265 166.024336 166.029514 166.040905 
166.032103 166.024336 166.020711 166.020711 166.022783 166.028478 166.040905 
166.031585 166.022783 166.019158 166.019158 166.021229 166.027443 166.040905 
166.031585 166.021747 166.018123 166.017605 166.019676 166.026407 166.040387 
166.032103 166.020711 166.016569 166.016051 166.018123 166.025889 166.040387 
166.032103 166.019676 166.015016 166.014498 166.016569 166.025372 166.040905 
166.033138 166.019676 166.013462 166.012945 166.015016 166.024854 0.000000 
166.034174 166.019158 166.012427 166.011391 166.013980 166.024854 0.000000 
166.035727 166.019158 166.010874 166.010356 166.012427 166.024336 0.000000 
166.037798 166.019158 166.009320 166.008802 166.010874 166.024854 0.000000 
166.041667 166.020711 166.008285 166.007249 166.009838 166.025889 0.000000 
0.000000 166.021747 166.007249 166.005696 166.008802 166.026925 0.000000 
0.000000 166.024336 166.006731 166.004142 166.008802 166.030032 0.000000 
0.000000 166.030549 166.006731 166.002589 166.008285 166.036245 0.000000 
0.000000 166.040387 166.007767 166.001036 166.009838 0.000000 0.000000 
0.000000 0.000000 166.014498 166.000000 166.016569 0.000000 0.000000 
