test/output/constant/M360_S060_A000_WD315.0_WS040.0/M360_S060_A000_WD315.0_WS040.0_arrival.asc
ncols         9
nrows         23
xllcorner     425903.990666
yllcorner     12746655.311160
cellsize      100.000000
NODATA_value  0.000000
0.000000 0.000000 0.000000 0.000000 0.000000 0.000000 166.039423 166.032314 166.041667 
0.000000 0.000000 0.000000 0.000000 0.000000 166.031022 166.006463 166.000000 166.019389 
0.000000 0.000000 0.000000 0.000000 166.040716 166.018096 166.003231 166.001293 166.018742 
0.000000 0.000000 0.000000 0.000000 166.029083 166.010987 166.003231 166.003231 166.019389 
0.000000 0.000000 0.000000 166.040716 166.021327 166.009048 166.005170 166.005170 166.022620 
0.000000 0.000000 0.000000 166.032314 166.016803 166.009048 166.007109 166.008402 166.025851 
0.000000 0.000000 0.000000 166.026498 166.014865 166.009694 166.009048 166.011633 166.029083 
0.000000 0.000000 166.036838 166.022620 166.014865 166.010987 166.010987 166.015511 166.032314 
0.000000 0.000000 166.032314 166.021327 166.014865 166.012926 166.013572 166.018742 166.036192 
0.000000 166.041667 166.029083 166.020681 166.015511 166.014865 166.016157 166.022620 166.039423 
0.000000 166.037485 166.027144 166.020681 166.016803 166.016803 166.018742 166.026498 0.000000 
0.000000 166.034899 166.026498 166.020681 166.018742 166.018742 166.021974 166.029729 0.000000 
0.000000 166.032961 166.026498 166.021974 166.020681 166.021327 166.025205 166.033607 0.000000 
166.041362 166.032314 166.026498 166.022620 166.022620 166.023266 166.028437 166.037485 0.000000 
166.039423 166.032314 166.027144 166.024559 166.024559 166.026498 166.031668 166.040716 0.000000 
166.038131 166.032314 166.027790 166.026498 166.026498 166.029083 166.034899 0.000000 0.000000 
166.038131 166.032314 166.029083 166.028437 166.029083 166.031668 166.038131 0.000000 0.000000 
166.038131 166.032961 166.030375 166.030375 166.031668 166.034899 166.041667 0.000000 0.000000 
166.038131 166.034253 166.032314 166.032314 166.033607 166.038131 0.000000 0.000000 0.000000 
166.038777 166.034899 166.034253 166.034253 166.036838 166.041362 0.000000 0.000000 0.000000 
166.038777 166.036838 166.036192 166.036838 166.039423 0.000000 0.000000 0.000000 0.000000 
166.040070 166.038131 166.038131 166.039423 0.000000 0.000000 0.000000 0.000000 0.000000 
166.041362 166.040070 166.040070 166.041362 0.000000 0.000000 0.000000 0.000000 0.000000 
