test/output/constant/M190_S060_A000_WD090.0_WS020.0/M190_S060_A000_WD090.0_WS020.0_arrival.asc
ncols         37
nrows         7
xllcorner     423003.990666
yllcorner     12748455.311160
cellsize      100.000000
NODATA_value  0.000000
0.000000 0.000000 0.000000 0.000000 0.000000 0.000000 0.000000 0.000000 0.000000 0.000000 166.041023 166.040091 166.039624 166.038692 166.037760 166.037294 166.036827 166.036827 166.036827 166.036827 166.036827 166.037294 166.037760 166.038226 166.039158 166.040557 0.000000 0.000000 0.000000 0.000000 0.000000 0.000000 0.000000 0.000000 0.000000 0.000000 0.000000 
0.000000 0.000000 0.000000 166.041489 166.040557 166.039624 166.038226 166.037294 166.036361 166.034963 166.034030 166.033098 166.032166 166.031233 166.029835 166.028902 166.028436 166.027504 166.026572 166.025639 166.025173 166.024241 166.023308 166.022842 166.021910 166.021910 166.022376 166.022376 166.022842 166.023775 166.025639 166.028436 166.033098 166.041489 0.000000 0.000000 0.000000 
0.000000 166.041489 166.040091 166.039158 166.037760 166.036827 166.035429 166.034496 166.033098 166.032166 166.030767 166.029835 166.028436 166.027504 166.026105 166.025173 166.023775 166.022842 166.021444 166.020511 166.019113 166.018181 166.017248 166.015850 166.014917 166.013985 166.012587 166.011654 166.010722 166.009790 166.008857 166.007925 166.007459 166.007459 166.008391 166.013053 166.034963 
166.041489 166.040557 166.039158 166.038226 166.036827 166.035895 166.034496 166.033564 166.032166 166.031233 166.029835 166.028902 166.027504 166.026572 166.025173 166.024241 166.022842 166.021910 166.020511 166.019579 166.018181 166.017248 166.015850 166.014917 166.013519 166.012587 166.011188 166.010256 166.008857 166.007925 166.006526 166.005594 166.004196 166.003263 166.001865 166.000932 166.000000 
0.000000 166.041489 166.040091 166.039158 166.037760 166.036827 166.035429 166.034496 166.033098 166.032166 166.030767 166.029835 166.028436 166.027504 166.026105 166.025173 166.023775 166.022842 166.021444 166.020511 166.019113 166.018181 166.017248 166.015850 166.014917 166.013985 166.012587 166.011654 166.010722 166.009790 166.008857 166.007925 166.007459 166.007459 166.008391 166.013053 166.034963 
0.000000 0.000000 0.000000 166.041489 166.040557 166.039624 166.038226 166.037294 166.036361 166.034963 166.034030 166.033098 166.032166 166.031233 166.029835 166.028902 166.028436 166.027504 166.026572 166.025639 166.025173 166.024241 166.023308 166.022842 166.021910 166.021910 166.022376 166.022376 166.022842 166.023775 166.025639 166.028436 166.033098 166.041489 0.000000 0.000000 0.000000 
0.000000 0.000000 0.000000 0.000000 0.000000 0.000000 0.000000 0.000000 0.000000 0.000000 166.041023 166.040091 166.039624 166.038692 166.037760 166.037294 166.036827 166.036827 166.036827 166.036827 166.036827 166.037294 166.037760 166.038226 166.039158 166.040557 0.000000 0.000000 0.000000 0.000000 0.000000 0.000000 0.000000 0.000000 0.000000 0.000000 0.000000 
