test/output/constant/M3M490_S060_A090_WD180.0_WS025.0/M3M490_S060_A090_WD180.0_WS025.0_arrival.asc
ncols         11
nrows         21
xllcorner     426103.990666
yllcorner     12747055.311160
cellsize      100.000000
NODATA_value  0.000000
0.000000 0.000000 0.000000 0.000000 166.037118 166.036142 166.037118 0.000000 0.000000 0.000000 0.000000 
0.000000 0.000000 0.000000 166.033211 166.023443 166.021490 166.023443 166.033211 0.000000 0.000000 0.000000 
0.000000 0.000000 166.037118 166.023443 166.011722 166.007814 166.011722 166.023443 166.037118 0.000000 0.000000 
0.000000 0.000000 166.030281 166.017582 166.004884 166.000000 166.004884 166.017582 166.030281 0.000000 0.000000 
0.000000 166.038095 166.026374 166.014652 166.004884 166.001954 166.004884 166.014652 166.026374 166.038095 0.000000 
0.000000 166.034188 166.023443 166.013675 166.005861 166.003907 166.005861 166.013675 166.023443 166.034188 0.000000 
0.000000 166.032234 166.022466 166.013675 166.007814 166.006838 166.007814 166.013675 166.022466 166.032234 0.000000 
166.041026 166.031258 166.021490 166.013675 166.009768 166.008791 166.009768 166.013675 166.021490 166.031258 166.041026 
166.040049 166.030281 166.022466 166.015629 166.011722 166.011722 166.011722 166.015629 166.022466 166.030281 166.040049 
166.039072 166.030281 166.022466 166.017582 166.014652 166.013675 166.014652 166.017582 166.022466 166.030281 166.039072 
166.039072 166.030281 166.023443 166.019536 166.016606 166.016606 166.016606 166.019536 166.023443 166.030281 166.039072 
166.039072 166.031258 166.025397 166.021490 166.019536 166.018559 166.019536 166.021490 166.025397 166.031258 166.039072 
166.039072 166.032234 166.027350 166.023443 166.021490 166.021490 166.021490 166.023443 166.027350 166.032234 166.039072 
166.040049 166.033211 166.029304 166.025397 166.024420 166.023443 166.024420 166.025397 166.029304 166.033211 166.040049 
166.041026 166.035165 166.031258 166.028327 166.026374 166.026374 166.026374 166.028327 166.031258 166.035165 166.041026 
0.000000 166.037118 166.033211 166.030281 166.029304 166.028327 166.029304 166.030281 166.033211 166.037118 0.000000 
0.000000 166.039072 166.035165 166.032234 166.031258 166.031258 166.031258 166.032234 166.035165 166.039072 0.000000 
0.000000 166.041026 166.037118 166.035165 166.034188 166.033211 166.034188 166.035165 166.037118 166.041026 0.000000 
0.000000 0.000000 166.039072 166.037118 166.036142 166.036142 166.036142 166.037118 166.039072 0.000000 0.000000 
0.000000 0.000000 166.041667 166.040049 166.039072 166.038095 166.039072 166.040049 166.041667 0.000000 0.000000 
0.000000 0.000000 0.000000 166.041667 166.041026 166.041026 166.041026 166.041667 0.000000 0.000000 0.000000 
