test/output/constant/C3_S060_A270_WD180.0_WS030.0/C3_S060_A270_WD180.0_WS030.0_arrival.asc
ncols         7
nrows         36
xllcorner     426303.990666
yllcorner     12748755.311160
cellsize      100.000000
NODATA_value  0.000000
0.000000 0.000000 0.000000 166.041667 0.000000 0.000000 0.000000 
0.000000 0.000000 166.041361 166.040399 166.041361 0.000000 0.000000 
0.000000 0.000000 166.039918 166.039437 166.039918 0.000000 0.000000 
0.000000 166.041361 166.038956 166.037995 166.038956 166.041361 0.000000 
0.000000 166.040399 166.037514 166.037033 166.037514 166.040399 0.000000 
0.000000 166.039437 166.036552 166.035590 166.036552 166.039437 0.000000 
0.000000 166.037995 166.035590 166.034628 166.035590 166.037995 0.000000 
0.000000 166.037033 166.034147 166.033185 166.034147 166.037033 0.000000 
166.041667 166.036071 166.033185 166.032223 166.033185 166.036071 166.041667 
166.040880 166.034628 166.031742 166.030780 166.031742 166.034628 166.040880 
166.039918 166.033666 166.030780 166.029819 166.030780 166.033666 166.039918 
166.039437 166.032704 166.029338 166.028376 166.029338 166.032704 166.039437 
166.038476 166.031261 166.028376 166.027414 166.028376 166.031261 166.038476 
166.037514 166.030299 166.026933 166.025971 166.026933 166.030299 166.037514 
166.037033 166.029338 166.025971 166.025009 166.025971 166.029338 166.037033 
166.036071 166.028376 166.024528 166.023566 166.024528 166.028376 166.036071 
166.035590 166.027414 166.023566 166.022604 166.023566 166.027414 166.035590 
166.035109 166.026452 166.022123 166.021162 166.022123 166.026452 166.035109 
166.035109 166.025490 166.021162 166.020200 166.021162 166.025490 166.035109 
166.035109 166.025009 166.019719 166.018757 166.019719 166.025009 166.035109 
166.035590 166.024047 166.018757 166.017795 166.018757 166.024047 166.035590 
166.035590 166.023085 166.017314 166.016352 166.017314 166.023085 166.035590 
166.036071 166.022604 166.016352 166.015390 166.016352 166.022604 166.036071 
166.037033 166.021642 166.014909 166.013947 166.014909 166.021642 166.037033 
166.037995 166.021162 166.013947 166.012985 166.013947 166.021162 166.037995 
166.039437 166.021162 166.012985 166.011543 166.012985 166.021162 166.039437 
166.041361 166.021162 166.012024 166.010581 166.012024 166.021162 166.041361 
0.000000 166.021642 166.010581 166.009138 166.010581 166.021642 0.000000 
0.000000 166.022604 166.009619 166.008176 166.009619 166.022604 0.000000 
0.000000 166.023566 166.008657 166.006733 166.008657 166.023566 0.000000 
0.000000 166.025490 166.008176 166.005771 166.008176 166.025490 0.000000 
0.000000 166.029819 166.007214 166.004328 166.007214 166.029819 0.000000 
0.000000 166.036071 166.007214 166.003367 166.007214 166.036071 0.000000 
0.000000 0.000000 166.008176 166.001924 166.008176 0.000000 0.000000 
0.000000 0.000000 166.011062 166.000962 166.011062 0.000000 0.000000 
0.000000 0.000000 166.033185 166.000000 166.033185 0.000000 0.000000 
