test/output/constant/M4100_S060_A000_WD000.0_WS010.0/M4100_S060_A000_WD000.0_WS010.0_ros.asc
ncols         28
nrows         11
xllcorner     423903.990666
yllcorner     12747855.311160
cellsize      100.000000
NODATA_value  0.000000
0.000000 0.000000 0.000000 0.000000 0.000000 0.000000 0.000000 0.000000 0.000000 0.000000 0.000000 0.000000 0.000000 0.000000 0.000000 0.000000 0.000000 0.000000 0.000000 0.000000 13.624137 21.241234 13.624137 4.888690 7.312493 7.312493 10.253268 0.596214 
0.000000 0.000000 0.000000 0.000000 0.000000 0.000000 0.000000 0.000000 0.000000 0.000000 0.000000 0.000000 0.000000 0.000000 13.624137 7.312493 17.323963 7.312493 21.241234 7.312493 10.253268 13.624137 21.241234 10.253268 21.241234 47.626160 47.626160 0.000000 
0.000000 0.000000 0.000000 0.000000 0.000000 0.000000 0.000000 0.000000 0.000000 0.000000 0.000000 21.241234 21.241234 17.323963 17.323963 21.241234 10.253268 21.241234 17.323963 21.241234 42.671246 13.624137 47.626160 47.626160 47.626160 47.626160 47.626160 1.719503 
0.000000 0.000000 0.000000 0.000000 0.000000 0.000000 0.000000 0.000000 13.624137 21.241234 21.241234 13.624137 17.323963 21.241234 21.241234 21.241234 33.102425 47.626160 47.626160 47.626160 47.626160 47.626160 47.626160 47.626160 32.077282 32.077282 0.637427 0.000000 
0.000000 0.000000 0.000000 0.000000 0.000000 0.000000 10.253268 13.624137 7.312493 17.323963 44.877209 25.257627 47.626160 46.466499 36.693283 33.102425 47.626160 47.626160 47.626160 47.626160 47.626160 41.964066 35.744289 35.744289 32.077282 1.109872 0.000000 0.000000 
0.000000 0.000000 0.000000 0.000000 39.915436 17.323963 17.323963 10.253268 17.323963 46.466499 33.102425 47.626160 47.391022 47.626160 47.626160 47.626160 47.626160 47.626160 47.203724 2.809462 35.744289 32.077282 35.744289 1.719503 0.000000 0.000000 0.000000 0.000000 
0.000000 0.000000 17.323963 10.253268 10.253268 47.626160 39.915436 44.877209 42.671246 47.626160 47.626160 47.626160 47.626160 47.626160 47.626160 46.091972 41.964066 2.809462 39.073662 4.477376 32.077282 1.359339 0.000000 0.000000 0.000000 0.000000 0.000000 0.000000 
0.000000 42.671246 39.915436 47.626160 17.323963 47.626160 47.626160 47.626160 47.626160 47.626160 44.327496 47.626160 47.626160 41.964066 41.964066 35.744289 35.744289 32.077282 2.809462 32.077282 0.000000 0.000000 0.000000 0.000000 0.000000 0.000000 0.000000 0.000000 
36.693283 7.312493 10.253268 47.626160 47.626160 47.626160 47.626160 47.626160 47.626160 47.626160 47.626160 41.964066 41.964066 35.744289 32.077282 35.744289 4.477376 1.359339 0.000000 0.000000 0.000000 0.000000 0.000000 0.000000 0.000000 0.000000 0.000000 0.000000 
47.626160 47.626160 47.626160 47.626160 47.626160 47.626160 47.626160 47.626160 39.073662 46.091972 39.073662 32.077282 1.719503 2.809462 32.077282 0.000000 0.000000 0.000000 0.000000 0.000000 0.000000 0.000000 0.000000 0.000000 0.000000 0.000000 0.000000 0.000000 
47.626160 47.626160 47.626160 47.626160 44.327496 41.964066 41.964066 41.964066 41.964066 32.077282 35.744289 0.000000 0.000000 0.000000 0.000000 0.000000 0.000000 0.000000 0.000000 0.000000 0.000000 0.000000 0.000000 0.000000 0.000000 0.000000 0.000000 0.000000 
