test/output/constant/M3M440_S060_A000_WD045.0_WS020.0/M3M440_S060_A000_WD045.0_WS020.0_arrival.asc
ncols         27
nrows         9
xllcorner     424003.990666
yllcorner     12747955.311160
cellsize      100.000000
NODATA_value  0.000000
0.000000 0.000000 0.000000 0.000000 0.000000 0.000000 0.000000 0.000000 0.000000 0.000000 0.000000 0.000000 0.000000 0.000000 0.000000 0.000000 0.000000 166.038685 166.032733 166.026782 166.020830 166.015474 166.010118 166.005356 166.002381 166.001190 166.000000 
0.000000 0.000000 0.000000 0.000000 0.000000 0.000000 0.000000 0.000000 0.000000 0.000000 0.000000 0.000000 0.000000 166.039875 166.034519 166.029163 166.024401 166.019640 166.015474 166.011903 166.008927 166.007142 166.005952 166.004166 166.002976 166.002976 166.016664 
0.000000 0.000000 0.000000 0.000000 0.000000 0.000000 0.000000 0.000000 0.000000 0.000000 166.038685 166.034519 166.030353 166.026187 166.022021 166.019045 166.016069 166.013689 166.011903 166.010713 166.008927 166.007737 166.007737 166.008927 166.016664 166.041066 0.000000 
0.000000 0.000000 0.000000 0.000000 0.000000 0.000000 0.000000 166.040470 166.036304 166.032138 166.028567 166.025592 166.022616 166.020235 166.018450 166.016664 166.015474 166.013689 166.012498 166.012498 166.013093 166.015474 166.022616 166.037495 0.000000 0.000000 0.000000 
0.000000 0.000000 0.000000 0.000000 0.000000 166.038685 166.035709 166.032138 166.029163 166.026782 166.024996 166.023211 166.021426 166.020235 166.018450 166.017855 166.017855 166.017855 166.019640 166.022616 166.029758 166.041661 0.000000 0.000000 0.000000 0.000000 0.000000 
0.000000 0.000000 0.000000 166.039280 166.036304 166.033924 166.031543 166.029758 166.027972 166.026187 166.024996 166.023211 166.022616 166.022616 166.022616 166.023806 166.025592 166.029758 166.036899 0.000000 0.000000 0.000000 0.000000 0.000000 0.000000 0.000000 0.000000 
0.000000 166.040470 166.038090 166.036304 166.034519 166.032733 166.030948 166.029758 166.027972 166.027972 166.027377 166.027377 166.027972 166.029758 166.032733 166.036899 0.000000 0.000000 0.000000 0.000000 0.000000 0.000000 0.000000 0.000000 0.000000 0.000000 0.000000 
166.040470 166.039280 166.037495 166.035709 166.034519 166.033329 166.032733 166.032733 166.032733 166.032733 166.034519 166.036304 166.039280 0.000000 0.000000 0.000000 0.000000 0.000000 0.000000 0.000000 0.000000 0.000000 0.000000 0.000000 0.000000 0.000000 0.000000 
166.040470 166.039280 166.038090 166.038090 166.037495 166.037495 166.037495 166.038685 166.040470 0.000000 0.000000 0.000000 0.000000 0.000000 0.000000 0.000000 0.000000 0.000000 0.000000 0.000000 0.000000 0.000000 0.000000 0.000000 0.000000 0.000000 0.000000 
