test/output/constant/M360_S060_A000_WD315.0_WS045.0/M360_S060_A000_WD315.0_WS045.0_arrival.asc
ncols         8
nrows         26
xllcorner     426103.990666
yllcorner     12746355.311160
cellsize      100.000000
NODATA_value  0.000000
0.000000 0.000000 0.000000 0.000000 0.000000 166.039403 0.000000 0.000000 
0.000000 0.000000 0.000000 0.000000 166.009851 166.000000 166.018543 0.000000 
0.000000 0.000000 0.000000 166.027814 166.004636 166.001159 166.014486 0.000000 
0.000000 0.000000 0.000000 166.019122 166.004056 166.002897 166.013907 0.000000 
0.000000 0.000000 166.035926 166.014486 166.005215 166.004636 166.014486 166.041142 
0.000000 0.000000 166.029552 166.012748 166.006374 166.006374 166.015645 166.039983 
0.000000 0.000000 166.024917 166.012169 166.008112 166.008112 166.017384 166.039403 
0.000000 166.039983 166.022599 166.012748 166.009851 166.009851 166.019122 166.039403 
0.000000 166.035347 166.021440 166.013328 166.011589 166.012169 166.020861 166.039983 
0.000000 166.032450 166.020861 166.013907 166.013328 166.013907 166.022599 166.041142 
0.000000 166.030711 166.020281 166.015066 166.015066 166.016225 166.024917 166.041667 
0.000000 166.029552 166.020861 166.016804 166.016804 166.018543 166.027235 0.000000 
166.040562 166.028973 166.021440 166.018543 166.018543 166.020281 166.028973 0.000000 
166.039403 166.028393 166.022599 166.019702 166.020281 166.022599 166.031291 0.000000 
166.037665 166.028973 166.023178 166.021440 166.022019 166.024917 166.033609 0.000000 
166.037085 166.028973 166.024337 166.023178 166.023758 166.027235 166.035347 0.000000 
166.036506 166.029552 166.025496 166.024917 166.025496 166.028973 166.037665 0.000000 
166.036506 166.030711 166.027235 166.026655 166.027235 166.031291 166.039983 0.000000 
166.037085 166.031291 166.028973 166.028393 166.029552 166.033609 0.000000 0.000000 
166.037665 166.032450 166.030132 166.030132 166.031291 166.035926 0.000000 0.000000 
166.038244 166.033609 166.031870 166.031870 166.033609 166.037665 0.000000 0.000000 
166.038824 166.034768 166.033609 166.033609 166.035347 166.039983 0.000000 0.000000 
166.039403 166.035926 166.035347 166.035347 166.037665 0.000000 0.000000 0.000000 
166.040562 166.037665 166.037085 166.037665 166.039403 0.000000 0.000000 0.000000 
166.041667 166.039403 166.038824 166.039403 166.041667 0.000000 0.000000 0.000000 
0.000000 166.040562 166.040562 166.041142 0.000000 0.000000 0.000000 0.000000 
