test/output/constant/C4_S060_A090_WD045.0_WS010.0/C4_S060_A090_WD045.0_WS010.0_arrival.asc
ncols         8
nrows         27
xllcorner     426003.990666
yllcorner     12746155.311160
cellsize      100.000000
NODATA_value  0.000000
0.000000 0.000000 0.000000 0.000000 0.000000 166.014600 166.000000 166.041260 
0.000000 0.000000 0.000000 0.000000 166.039990 166.003809 166.001270 166.026025 
0.000000 0.000000 0.000000 0.000000 166.020312 166.003809 166.002539 166.023486 
0.000000 0.000000 0.000000 0.000000 166.012695 166.004443 166.004443 166.023486 
0.000000 0.000000 0.000000 166.029834 166.010791 166.005713 166.006348 166.024121 
0.000000 0.000000 0.000000 166.022852 166.010791 166.007617 166.008887 166.026025 
0.000000 0.000000 166.039990 166.019678 166.010791 166.009521 166.010791 166.028564 
0.000000 0.000000 166.032373 166.017773 166.011426 166.010791 166.013965 166.031103 
0.000000 0.000000 166.028564 166.017773 166.012695 166.012695 166.016504 166.034277 
0.000000 0.000000 166.026025 166.017773 166.013965 166.013965 166.019043 166.036816 
0.000000 166.038086 166.025391 166.017773 166.015869 166.015869 166.022217 166.039355 
0.000000 166.034912 166.024756 166.018408 166.017773 166.018408 166.024756 0.000000 
0.000000 166.033008 166.024121 166.019678 166.019043 166.020312 166.027295 0.000000 
0.000000 166.032373 166.024121 166.020947 166.020947 166.022852 166.030469 0.000000 
0.000000 166.031738 166.024756 166.022217 166.022217 166.025391 166.033008 0.000000 
166.039990 166.031103 166.025391 166.024121 166.024121 166.027930 166.036182 0.000000 
166.039355 166.031103 166.026660 166.025391 166.026025 166.030469 166.038721 0.000000 
166.038721 166.031103 166.027295 166.027295 166.027930 166.033008 166.041260 0.000000 
166.038086 166.031738 166.029199 166.028564 166.030469 166.035547 0.000000 0.000000 
166.038086 166.032373 166.030469 166.030469 166.032373 166.038086 0.000000 0.000000 
166.038086 166.033643 166.032373 166.032373 166.034912 166.040625 0.000000 0.000000 
166.038721 166.034912 166.033643 166.034277 166.036816 0.000000 0.000000 0.000000 
166.038721 166.035547 166.035547 166.036182 166.039355 0.000000 0.000000 0.000000 
166.039355 166.036816 166.036816 166.038086 0.000000 0.000000 0.000000 0.000000 
166.040625 166.038721 166.038721 166.039990 0.000000 0.000000 0.000000 0.000000 
166.041260 166.039990 166.040625 0.000000 0.000000 0.000000 0.000000 0.000000 
0.000000 166.041667 0.000000 0.000000 0.000000 0.000000 0.000000 0.000000 
