test/output/constant/M345_S060_A090_WD000.0_WS020.0/M345_S060_A090_WD000.0_WS020.0_arrival.asc
ncols         7
nrows         36
xllcorner     426303.990666
yllcorner     12745255.311160
cellsize      100.000000
NODATA_value  0.000000
0.000000 0.000000 166.038581 166.000000 166.038581 0.000000 0.000000 
0.000000 0.000000 166.014950 166.000965 166.014950 0.000000 0.000000 
0.000000 0.000000 166.009645 166.001929 166.009645 0.000000 0.000000 
0.000000 0.000000 166.008681 166.003376 166.008681 0.000000 0.000000 
0.000000 166.039545 166.008198 166.004340 166.008198 166.039545 0.000000 
0.000000 166.034241 166.008681 166.005787 166.008681 166.034241 0.000000 
0.000000 166.029900 166.009645 166.006752 166.009645 166.029900 0.000000 
0.000000 166.027971 166.010127 166.008198 166.010127 166.027971 0.000000 
0.000000 166.026524 166.011092 166.009163 166.011092 166.026524 0.000000 
0.000000 166.025560 166.012057 166.010610 166.012057 166.025560 0.000000 
0.000000 166.025078 166.013503 166.011574 166.013503 166.025078 0.000000 
0.000000 166.024595 166.014468 166.013021 166.014468 166.024595 0.000000 
0.000000 166.024595 166.015432 166.013986 166.015432 166.024595 0.000000 
0.000000 166.024595 166.016879 166.015432 166.016879 166.024595 0.000000 
0.000000 166.025078 166.017844 166.016397 166.017844 166.025078 0.000000 
0.000000 166.026042 166.019290 166.017844 166.019290 166.026042 0.000000 
166.041667 166.027007 166.020255 166.018808 166.020255 166.027007 166.041667 
166.041474 166.027489 166.021702 166.020255 166.021702 166.027489 166.041474 
166.040992 166.028453 166.022666 166.021219 166.022666 166.028453 166.040992 
166.040992 166.029418 166.023631 166.022666 166.023631 166.029418 166.040992 
166.040992 166.030382 166.025078 166.023631 166.025078 166.030382 166.040992 
166.040992 166.030865 166.026042 166.025078 166.026042 166.030865 166.040992 
166.041474 166.031829 166.027489 166.026042 166.027489 166.031829 166.041474 
0.000000 166.032794 166.028453 166.027489 166.028453 166.032794 0.000000 
0.000000 166.033758 166.029900 166.028453 166.029900 166.033758 0.000000 
0.000000 166.034723 166.030865 166.029900 166.030865 166.034723 0.000000 
0.000000 166.036170 166.032311 166.030865 166.032311 166.036170 0.000000 
0.000000 166.037134 166.033276 166.032311 166.033276 166.037134 0.000000 
0.000000 166.038099 166.034241 166.033276 166.034241 166.038099 0.000000 
0.000000 166.039545 166.035687 166.034723 166.035687 166.039545 0.000000 
0.000000 166.040510 166.036652 166.035687 166.036652 166.040510 0.000000 
0.000000 166.041474 166.038099 166.037134 166.038099 166.041474 0.000000 
0.000000 0.000000 166.039063 166.038099 166.039063 0.000000 0.000000 
0.000000 0.000000 166.040510 166.039545 166.040510 0.000000 0.000000 
0.000000 0.000000 166.041474 166.040510 166.041474 0.000000 0.000000 
0.000000 0.000000 0.000000 166.041667 0.000000 0.000000 0.000000 
