test/output/constant/S3_S060_A090_WD045.0_WS020.0/S3_S060_A090_WD045.0_WS020.0_arrival.asc
ncols         11
nrows         22
xllcorner     425603.990666
yllcorner     12746655.311160
cellsize      100.000000
NODATA_value  0.000000
0.000000 0.000000 0.000000 0.000000 0.000000 0.000000 0.000000 0.000000 0.000000 166.004956 166.000000 
0.000000 0.000000 0.000000 0.000000 0.000000 0.000000 0.000000 0.000000 166.014160 166.002124 166.001416 
0.000000 0.000000 0.000000 0.000000 0.000000 0.000000 0.000000 166.023363 166.007080 166.003540 166.004248 
0.000000 0.000000 0.000000 0.000000 0.000000 0.000000 166.031859 166.012744 166.006372 166.005664 166.009912 
0.000000 0.000000 0.000000 0.000000 0.000000 166.041063 166.020531 166.010620 166.007788 166.007788 166.016992 
0.000000 0.000000 0.000000 0.000000 0.000000 166.028319 166.016284 166.010620 166.009204 166.011328 166.024779 
0.000000 0.000000 0.000000 0.000000 166.036815 166.022655 166.014868 166.011328 166.011328 166.016284 166.032567 
0.000000 0.000000 0.000000 0.000000 166.029027 166.019823 166.014868 166.013452 166.014160 166.021947 166.040355 
0.000000 0.000000 0.000000 166.036815 166.025487 166.018407 166.015576 166.015576 166.018407 166.028319 0.000000 
0.000000 0.000000 0.000000 166.031859 166.023363 166.019115 166.017699 166.018407 166.023363 166.035399 0.000000 
0.000000 0.000000 166.038231 166.029027 166.022655 166.019823 166.019823 166.021239 166.029027 0.000000 0.000000 
0.000000 0.000000 166.034691 166.027611 166.022655 166.021239 166.021947 166.025487 166.034691 0.000000 0.000000 
0.000000 166.041063 166.032567 166.026903 166.024071 166.023363 166.024779 166.030443 166.041063 0.000000 0.000000 
0.000000 166.038231 166.031151 166.026903 166.025487 166.025487 166.028319 166.035399 0.000000 0.000000 0.000000 
0.000000 166.036107 166.031151 166.027611 166.027611 166.028319 166.032567 166.041063 0.000000 0.000000 0.000000 
166.041063 166.035399 166.031151 166.029735 166.029735 166.031859 166.037523 0.000000 0.000000 0.000000 0.000000 
166.039647 166.035399 166.031859 166.031859 166.032567 166.035399 0.000000 0.000000 0.000000 0.000000 0.000000 
166.039647 166.035399 166.033983 166.033983 166.035399 166.039647 0.000000 0.000000 0.000000 0.000000 0.000000 
166.038939 166.036107 166.035399 166.036107 166.038939 0.000000 0.000000 0.000000 0.000000 0.000000 0.000000 
166.039647 166.037523 166.037523 166.038939 0.000000 0.000000 0.000000 0.000000 0.000000 0.000000 0.000000 
166.040355 166.039647 166.039647 0.000000 0.000000 0.000000 0.000000 0.000000 0.000000 0.000000 0.000000 
166.041667 166.041667 0.000000 0.000000 0.000000 0.000000 0.000000 0.000000 0.000000 0.000000 0.000000 
