test/output/constant/M285_S060_A000_WD090.0_WS020.0/M285_S060_A000_WD090.0_WS020.0_arrival.asc
ncols         34
nrows         7
xllcorner     423303.990666
yllcorner     12748455.311160
cellsize      100.000000
NODATA_value  0.000000
0.000000 0.000000 0.000000 0.000000 0.000000 0.000000 0.000000 0.000000 0.000000 0.000000 166.041667 166.040704 166.040202 166.039699 166.039197 166.039197 166.039197 166.039699 166.040202 166.040704 166.041207 0.000000 0.000000 0.000000 0.000000 0.000000 0.000000 0.000000 0.000000 0.000000 0.000000 0.000000 0.000000 0.000000 
0.000000 0.000000 0.000000 166.041207 166.040202 166.039197 166.037689 166.036684 166.035679 166.034674 166.033166 166.032161 166.031156 166.030654 166.029649 166.028644 166.027639 166.027136 166.026131 166.025126 166.024623 166.023618 166.023618 166.023618 166.024121 166.024623 166.025628 166.027639 166.030654 166.035679 0.000000 0.000000 0.000000 0.000000 
0.000000 166.040704 166.039699 166.038191 166.037186 166.035679 166.034674 166.033166 166.032161 166.030654 166.029649 166.028141 166.027136 166.025628 166.024623 166.023116 166.022111 166.020603 166.019598 166.018593 166.017086 166.016081 166.014573 166.013568 166.012563 166.011558 166.010553 166.009548 166.008543 166.008040 166.008040 166.009045 166.014071 166.037186 
166.041207 166.039699 166.038694 166.037186 166.036181 166.034674 166.033669 166.032161 166.031156 166.029649 166.028644 166.027136 166.026131 166.024623 166.023618 166.022111 166.021106 166.019598 166.018593 166.017086 166.016081 166.014573 166.013568 166.012060 166.011055 166.009548 166.008543 166.007035 166.006030 166.004523 166.003518 166.002010 166.001005 166.000000 
0.000000 166.040704 166.039699 166.038191 166.037186 166.035679 166.034674 166.033166 166.032161 166.030654 166.029649 166.028141 166.027136 166.025628 166.024623 166.023116 166.022111 166.020603 166.019598 166.018593 166.017086 166.016081 166.014573 166.013568 166.012563 166.011558 166.010553 166.009548 166.008543 166.008040 166.008040 166.009045 166.014071 166.037186 
0.000000 0.000000 0.000000 166.041207 166.040202 166.039197 166.037689 166.036684 166.035679 166.034674 166.033166 166.032161 166.031156 166.030654 166.029649 166.028644 166.027639 166.027136 166.026131 166.025126 166.024623 166.023618 166.023618 166.023618 166.024121 166.024623 166.025628 166.027639 166.030654 166.035679 0.000000 0.000000 0.000000 0.000000 
0.000000 0.000000 0.000000 0.000000 0.000000 0.000000 0.000000 0.000000 0.000000 0.000000 166.041667 166.040704 166.040202 166.039699 166.039197 166.039197 166.039197 166.039699 166.040202 166.040704 166.041207 0.000000 0.000000 0.000000 0.000000 0.000000 0.000000 0.000000 0.000000 0.000000 0.000000 0.000000 0.000000 0.000000 
