test/output/constant/M375_S000_A270_WD270.0_WS050.0/M375_S000_A270_WD270.0_WS050.0_arrival.asc
ncols         52
nrows         9
xllcorner     426603.990666
yllcorner     12748355.311160
cellsize      100.000000
NODATA_value  0.000000
0.000000 0.000000 0.000000 0.000000 0.000000 0.000000 0.000000 0.000000 0.000000 0.000000 0.000000 0.000000 0.000000 0.000000 0.000000 166.041225 166.040236 166.039247 166.038587 166.037927 166.037598 166.036938 166.036938 166.036608 166.036608 166.036608 166.036608 166.036608 166.036938 166.036938 166.037598 166.037927 166.038587 166.039247 166.039576 166.040236 166.040896 166.041225 0.000000 0.000000 0.000000 0.000000 0.000000 0.000000 0.000000 0.000000 0.000000 0.000000 0.000000 0.000000 0.000000 0.000000 
0.000000 0.000000 0.000000 0.000000 0.000000 0.000000 0.000000 166.037598 166.034629 166.032321 166.030672 166.029023 166.028363 166.027374 166.027044 166.026384 166.026384 166.026384 166.026055 166.026055 166.026384 166.026714 166.027044 166.027704 166.028033 166.028693 166.029353 166.029682 166.030342 166.031002 166.031661 166.032321 166.032651 166.033310 166.033970 166.034629 166.035289 166.035949 166.036608 166.037268 166.037927 166.038917 166.039576 166.040236 166.040896 166.041667 0.000000 0.000000 0.000000 0.000000 0.000000 0.000000 
0.000000 0.000000 166.037598 166.028033 166.023086 166.020448 166.018139 166.017150 166.016490 166.015831 166.015831 166.015831 166.015831 166.016160 166.016820 166.017150 166.017809 166.018469 166.018799 166.019458 166.020118 166.020778 166.021437 166.022097 166.022756 166.023416 166.024405 166.025065 166.025725 166.026384 166.027374 166.028033 166.028693 166.029682 166.030342 166.031002 166.031991 166.032651 166.033310 166.033970 166.034959 166.035619 166.036608 166.037268 166.037927 166.038917 166.039576 166.040566 166.041225 0.000000 0.000000 0.000000 
166.019129 166.008575 166.005936 166.005277 166.005277 166.005607 166.006266 166.006926 166.007585 166.008245 166.008905 166.009894 166.010554 166.011213 166.012203 166.012862 166.013522 166.014511 166.015171 166.016160 166.016820 166.017809 166.018469 166.019458 166.020118 166.021107 166.021767 166.022756 166.023416 166.024405 166.025065 166.026055 166.026714 166.027704 166.028363 166.029353 166.030012 166.031002 166.031661 166.032321 166.033310 166.033970 166.034959 166.035619 166.036608 166.037268 166.038257 166.038917 166.039906 166.040566 166.041225 0.000000 
166.000000 166.000660 166.001319 166.002309 166.002968 166.003958 166.004617 166.005607 166.006266 166.007256 166.007915 166.008905 166.009564 166.010554 166.011213 166.012203 166.012862 166.013852 166.014511 166.015501 166.016160 166.017150 166.017809 166.018799 166.019458 166.020448 166.021107 166.022097 166.022756 166.023746 166.024405 166.025395 166.026055 166.027044 166.027704 166.028693 166.029353 166.030342 166.031002 166.031991 166.032651 166.033640 166.034300 166.035289 166.035949 166.036938 166.037598 166.038587 166.039247 166.040236 166.040896 166.041667 
166.019129 166.008575 166.005936 166.005277 166.005277 166.005607 166.006266 166.006926 166.007585 166.008245 166.008905 166.009894 166.010554 166.011213 166.012203 166.012862 166.013522 166.014511 166.015171 166.016160 166.016820 166.017809 166.018469 166.019458 166.020118 166.021107 166.021767 166.022756 166.023416 166.024405 166.025065 166.026055 166.026714 166.027704 166.028363 166.029353 166.030012 166.031002 166.031661 166.032321 166.033310 166.033970 166.034959 166.035619 166.036608 166.037268 166.038257 166.038917 166.039906 166.040566 166.041225 0.000000 
0.000000 0.000000 166.037598 166.028033 166.023086 166.020448 166.018139 166.017150 166.016490 166.015831 166.015831 166.015831 166.015831 166.016160 166.016820 166.017150 166.017809 166.018469 166.018799 166.019458 166.020118 166.020778 166.021437 166.022097 166.022756 166.023416 166.024405 166.025065 166.025725 166.026384 166.027374 166.028033 166.028693 166.029682 166.030342 166.031002 166.031991 166.032651 166.033310 166.033970 166.034959 166.035619 166.036608 166.037268 166.037927 166.038917 166.039576 166.040566 166.041225 0.000000 0.000000 0.000000 
0.000000 0.000000 0.000000 0.000000 0.000000 0.000000 0.000000 166.037598 166.034629 166.032321 166.030672 166.029023 166.028363 166.027374 166.027044 166.026384 166.026384 166.026384 166.026055 166.026055 166.026384 166.026714 166.027044 166.027704 166.028033 166.028693 166.029353 166.029682 166.030342 166.031002 166.031661 166.032321 166.032651 166.033310 166.033970 166.034629 166.035289 166.035949 166.036608 166.037268 166.037927 166.038917 166.039576 166.040236 166.040896 166.041667 0.000000 0.000000 0.000000 0.000000 0.000000 0.000000 
0.000000 0.000000 0.000000 0.000000 0.000000 0.000000 0.000000 0.000000 0.000000 0.000000 0.000000 0.000000 0.000000 0.000000 0.000000 166.041225 166.040236 166.039247 166.038587 166.037927 166.037598 166.036938 166.036938 166.036608 166.036608 166.036608 166.036608 166.036608 166.036938 166.036938 166.037598 166.037927 166.038587 166.039247 166.039576 166.040236 166.040896 166.041225 0.000000 0.000000 0.000000 0.000000 0.000000 0.000000 0.000000 0.000000 0.000000 0.000000 0.000000 0.000000 0.000000 0.000000 
