test/output/constant/M3M495_S060_A000_WD315.0_WS005.0/M3M495_S060_A000_WD315.0_WS005.0_arrival.asc
ncols         49
nrows         12
xllcorner     421903.990666
yllcorner     12747955.311160
cellsize      100.000000
NODATA_value  0.000000
0.000000 0.000000 0.000000 0.000000 0.000000 0.000000 0.000000 0.000000 0.000000 0.000000 0.000000 0.000000 0.000000 0.000000 0.000000 0.000000 0.000000 0.000000 0.000000 0.000000 0.000000 166.041650 166.040944 166.040238 166.039532 166.038826 166.038473 166.037767 166.037061 166.036708 166.036002 166.035649 166.035296 166.035296 166.034943 166.034943 166.034943 166.035296 166.036355 166.037061 166.038120 166.040238 0.000000 0.000000 0.000000 0.000000 0.000000 0.000000 0.000000 
0.000000 0.000000 0.000000 0.000000 0.000000 0.000000 0.000000 0.000000 0.000000 0.000000 0.000000 0.000000 0.000000 0.000000 166.041650 166.040591 166.039532 166.038473 166.037414 166.036355 166.035296 166.034237 166.033531 166.032473 166.031414 166.030355 166.029649 166.028590 166.027884 166.026825 166.026119 166.025413 166.024707 166.024001 166.023296 166.022590 166.022237 166.021884 166.021531 166.021178 166.021178 166.021178 166.022237 166.023296 166.025766 166.030355 166.038473 0.000000 0.000000 
0.000000 0.000000 0.000000 0.000000 0.000000 0.000000 0.000000 0.000000 0.000000 0.000000 166.041297 166.040238 166.039179 166.038120 166.037061 166.036002 166.034943 166.033884 166.032826 166.031767 166.030708 166.029649 166.028590 166.027531 166.026472 166.025413 166.024354 166.023296 166.022237 166.021178 166.020119 166.019060 166.018001 166.016942 166.015883 166.014824 166.013766 166.012707 166.011648 166.010589 166.009883 166.008824 166.008118 166.007765 166.007412 166.007412 166.008471 166.014471 0.000000 
0.000000 0.000000 0.000000 0.000000 0.000000 0.000000 166.041297 166.040238 166.039179 166.038120 166.037061 166.036002 166.034943 166.033884 166.032826 166.031767 166.031061 166.030002 166.028943 166.027884 166.026825 166.025766 166.024707 166.023649 166.022590 166.021531 166.020472 166.019413 166.018354 166.017295 166.016236 166.015177 166.014119 166.013060 166.012001 166.010942 166.009883 166.008824 166.008118 166.007059 166.006000 166.004941 166.004236 166.003177 166.002471 166.001412 166.000706 166.000000 166.031414 
0.000000 0.000000 0.000000 0.000000 166.040944 166.039885 166.038826 166.037767 166.036708 166.035649 166.034590 166.033531 166.032826 166.031767 166.030708 166.029649 166.028590 166.027531 166.026472 166.025413 166.024707 166.023649 166.022590 166.021531 166.020472 166.019766 166.018707 166.017648 166.016589 166.015883 166.014824 166.014119 166.013060 166.012001 166.011295 166.010236 166.009530 166.008471 166.007765 166.006706 166.006000 166.004941 166.004236 166.003530 166.003177 166.002824 166.003177 166.009530 0.000000 
0.000000 0.000000 166.041297 166.040238 166.039179 166.038120 166.037061 166.036355 166.035296 166.034237 166.033178 166.032120 166.031414 166.030355 166.029296 166.028237 166.027531 166.026472 166.025766 166.024707 166.023649 166.022943 166.021884 166.021178 166.020119 166.019413 166.018354 166.017648 166.016589 166.015883 166.014824 166.014119 166.013060 166.012354 166.011648 166.010942 166.009883 166.009530 166.008824 166.008471 166.008471 166.008118 166.008471 166.009177 166.011295 166.015883 166.025060 166.041650 0.000000 
0.000000 166.040944 166.040238 166.039179 166.038473 166.037414 166.036355 166.035296 166.034590 166.033531 166.032826 166.031767 166.030708 166.030002 166.028943 166.028237 166.027178 166.026472 166.025413 166.024707 166.023649 166.022943 166.021884 166.021178 166.020472 166.019413 166.018707 166.018001 166.017295 166.016589 166.015883 166.015530 166.014824 166.014471 166.014119 166.013766 166.013766 166.013766 166.013766 166.014119 166.015177 166.016942 166.019766 166.024001 166.030002 166.040944 0.000000 0.000000 0.000000 
166.041650 166.040591 166.039885 166.038826 166.038120 166.037061 166.036355 166.035296 166.034590 166.033531 166.032826 166.031767 166.031061 166.030002 166.029296 166.028237 166.027531 166.026825 166.026119 166.025413 166.024707 166.024001 166.023296 166.022590 166.021884 166.021531 166.020825 166.020472 166.019766 166.019766 166.019413 166.019060 166.019060 166.019060 166.019060 166.019413 166.020119 166.021178 166.022943 166.025060 166.027884 166.032120 166.037767 0.000000 0.000000 0.000000 0.000000 0.000000 0.000000 
166.041650 166.040591 166.039885 166.038826 166.038120 166.037414 166.036355 166.035649 166.034943 166.034237 166.033531 166.032826 166.032120 166.031414 166.030355 166.029649 166.029296 166.028590 166.027884 166.027178 166.026825 166.026119 166.025766 166.025413 166.025060 166.025060 166.024707 166.024707 166.024354 166.024354 166.024354 166.024707 166.025413 166.026119 166.027178 166.028590 166.030708 166.032826 166.036002 166.040591 0.000000 0.000000 0.000000 0.000000 0.000000 0.000000 0.000000 0.000000 0.000000 
0.000000 166.041297 166.040591 166.039885 166.039179 166.038473 166.037767 166.037061 166.036355 166.035649 166.035296 166.034590 166.033884 166.033178 166.032826 166.032120 166.031767 166.031414 166.031061 166.030708 166.030355 166.030355 166.030002 166.030002 166.030002 166.029649 166.029649 166.030002 166.030355 166.031061 166.032120 166.033178 166.034590 166.036355 166.038473 166.041297 0.000000 0.000000 0.000000 0.000000 0.000000 0.000000 0.000000 0.000000 0.000000 0.000000 0.000000 0.000000 0.000000 
0.000000 0.000000 0.000000 166.041650 166.040944 166.040591 166.039885 166.039179 166.038473 166.038120 166.037767 166.037061 166.036708 166.036355 166.036355 166.036002 166.035649 166.035649 166.035296 166.035296 166.035296 166.035296 166.035296 166.035296 166.035649 166.036355 166.037061 166.038120 166.039179 166.040591 0.000000 0.000000 0.000000 0.000000 0.000000 0.000000 0.000000 0.000000 0.000000 0.000000 0.000000 0.000000 0.000000 0.000000 0.000000 0.000000 0.000000 0.000000 0.000000 
0.000000 0.000000 0.000000 0.000000 0.000000 0.000000 0.000000 0.000000 0.000000 166.041650 166.041650 166.041297 166.040944 166.040944 166.040944 166.040591 166.040591 166.040591 166.040591 166.040591 166.040944 166.041650 0.000000 0.000000 0.000000 0.000000 0.000000 0.000000 0.000000 0.000000 0.000000 0.000000 0.000000 0.000000 0.000000 0.000000 0.000000 0.000000 0.000000 0.000000 0.000000 0.000000 0.000000 0.000000 0.000000 0.000000 0.000000 0.000000 0.000000 
