test/output/constant/M3M495_S060_A000_WD315.0_WS005.0/M3M495_S060_A000_WD315.0_WS005.0_raz.asc
ncols         49
nrows         12
xllcorner     421903.990666
yllcorner     12747955.311160
cellsize      100.000000
NODATA_value  0.000000
0 0 0 0 0 0 0 0 0 0 0 0 0 0 0 0 0 0 0 0 0 281 276 274 278 281 281 278 276 274 276 281 281 276 278 276 278 276 274 278 278 276 0 0 0 0 0 0 0 
0 0 0 0 0 0 0 0 0 0 0 0 0 0 271 270 270 270 270 271 271 270 271 272 278 278 271 276 276 276 274 276 271 281 276 278 276 281 276 281 274 281 274 276 16 16 16 0 0 
0 0 0 0 0 0 0 0 0 0 271 271 271 272 272 272 274 274 276 276 278 278 274 276 278 278 281 284 284 276 278 281 276 278 281 270 270 281 271 270 271 271 278 278 281 272 281 16 0 
0 0 0 0 0 0 270 270 271 271 271 271 270 270 270 270 271 271 271 271 272 272 272 278 278 276 270 270 270 270 271 271 271 270 270 270 270 264 271 270 270 268 271 264 264 264 264 65535 84 
0 0 0 0 270 270 270 270 268 270 270 271 272 276 278 278 271 270 270 271 271 270 268 270 264 276 274 274 264 271 268 271 271 264 264 264 264 264 264 264 264 264 264 264 264 262 257 152 0 
0 0 276 276 270 270 268 272 272 264 271 271 270 266 271 264 264 264 271 271 264 264 264 274 264 264 264 264 264 264 264 264 264 264 264 264 258 264 264 261 264 257 226 255 255 152 174 152 0 
0 270 271 264 276 271 271 267 264 264 264 264 264 264 264 264 264 264 264 264 264 264 264 264 264 264 264 264 264 264 262 264 264 264 263 261 255 257 197 255 257 255 214 152 197 186 0 0 0 
264 264 264 264 264 264 271 264 264 264 264 264 264 264 264 261 264 264 264 264 264 264 264 264 264 264 264 264 262 264 257 258 255 257 226 255 255 214 214 255 255 255 174 0 0 0 0 0 0 
264 264 264 264 264 264 264 264 264 264 264 264 264 264 259 259 264 264 264 263 264 261 257 257 259 264 257 264 257 255 257 257 197 255 186 255 214 254 255 257 0 0 0 0 0 0 0 0 0 
0 264 264 264 264 264 264 264 264 264 264 264 264 264 264 264 264 264 264 262 259 264 259 257 264 259 255 226 257 257 257 197 257 255 257 257 0 0 0 0 0 0 0 0 0 0 0 0 0 
0 0 0 264 261 264 264 264 261 258 264 262 259 258 264 262 259 255 261 255 257 255 214 257 255 214 255 214 214 214 0 0 0 0 0 0 0 0 0 0 0 0 0 0 0 0 0 0 0 
0 0 0 0 0 0 0 0 0 258 264 259 259 257 264 259 255 257 255 255 255 226 0 0 0 0 0 0 0 0 0 0 0 0 0 0 0 0 0 0 0 0 0 0 0 0 0 0 0 
