test/output/constant/M3M480_S000_A000_WD090.0_WS025.0/M3M480_S000_A000_WD090.0_WS025.0_arrival.asc
ncols         28
nrows         9
xllcorner     424003.990666
yllcorner     12748355.311160
cellsize      100.000000
NODATA_value  0.000000
0.000000 0.000000 0.000000 0.000000 0.000000 0.000000 166.041466 166.040828 166.039552 166.038276 166.037638 166.036362 166.036362 166.035724 166.035724 166.035724 166.035724 166.036362 166.037000 166.037638 166.040190 0.000000 0.000000 0.000000 0.000000 0.000000 0.000000 0.000000 
0.000000 0.000000 0.000000 166.040828 166.039552 166.037638 166.036362 166.035086 166.033810 166.033173 166.031897 166.030621 166.029345 166.028069 166.027431 166.026155 166.026155 166.025517 166.025517 166.025517 166.026155 166.026793 166.029345 166.032535 166.037000 0.000000 0.000000 0.000000 
0.000000 166.041466 166.039552 166.038276 166.036362 166.035086 166.033810 166.031897 166.030621 166.029345 166.027431 166.026155 166.024879 166.022966 166.021690 166.020414 166.019138 166.018500 166.017224 166.015948 166.015310 166.015310 166.015310 166.016586 166.018500 166.022966 166.029345 0.000000 
166.041466 166.039552 166.038276 166.036362 166.035086 166.033173 166.031897 166.029983 166.028707 166.026793 166.025517 166.023604 166.022328 166.020414 166.019138 166.017862 166.015948 166.014672 166.012759 166.011483 166.010207 166.008293 166.007017 166.005741 166.005103 166.005741 166.008293 166.023604 
166.040828 166.039552 166.037638 166.036362 166.034448 166.033173 166.031259 166.029983 166.028069 166.026793 166.024879 166.023604 166.021690 166.020414 166.018500 166.017224 166.015310 166.014035 166.012121 166.010845 166.008931 166.007655 166.005741 166.004466 166.002552 166.001276 166.000000 166.016586 
166.041466 166.039552 166.038276 166.036362 166.035086 166.033173 166.031897 166.029983 166.028707 166.026793 166.025517 166.023604 166.022328 166.020414 166.019138 166.017862 166.015948 166.014672 166.012759 166.011483 166.010207 166.008293 166.007017 166.005741 166.005103 166.005741 166.008293 166.023604 
0.000000 166.041466 166.039552 166.038276 166.036362 166.035086 166.033810 166.031897 166.030621 166.029345 166.027431 166.026155 166.024879 166.022966 166.021690 166.020414 166.019138 166.018500 166.017224 166.015948 166.015310 166.015310 166.015310 166.016586 166.018500 166.022966 166.029345 0.000000 
0.000000 0.000000 0.000000 166.040828 166.039552 166.037638 166.036362 166.035086 166.033810 166.033173 166.031897 166.030621 166.029345 166.028069 166.027431 166.026155 166.026155 166.025517 166.025517 166.025517 166.026155 166.026793 166.029345 166.032535 166.037000 0.000000 0.000000 0.000000 
0.000000 0.000000 0.000000 0.000000 0.000000 0.000000 166.041466 166.040828 166.039552 166.038276 166.037638 166.036362 166.036362 166.035724 166.035724 166.035724 166.035724 166.036362 166.037000 166.037638 166.040190 0.000000 0.000000 0.000000 0.000000 0.000000 0.000000 0.000000 
