test/output/constant/M3M480_S000_A090_WD090.0_WS040.0/M3M480_S000_A090_WD090.0_WS040.0_arrival.asc
ncols         46
nrows         9
xllcorner     422103.990666
yllcorner     12748355.311160
cellsize      100.000000
NODATA_value  0.000000
0.000000 0.000000 0.000000 0.000000 0.000000 0.000000 0.000000 0.000000 0.000000 0.000000 166.041426 166.040679 166.040306 166.039560 166.038813 166.038067 166.037320 166.036947 166.036201 166.035828 166.035081 166.034708 166.034335 166.034335 166.034335 166.034335 166.034335 166.034708 166.034708 166.035081 166.035454 166.036201 166.036947 166.038067 166.039933 0.000000 0.000000 0.000000 0.000000 0.000000 0.000000 0.000000 0.000000 0.000000 0.000000 0.000000 
0.000000 0.000000 0.000000 0.000000 0.000000 166.041426 166.040306 166.039560 166.038813 166.038067 166.037320 166.036201 166.035454 166.034708 166.033962 166.033215 166.032469 166.031722 166.030976 166.030230 166.029483 166.029110 166.028364 166.027617 166.026871 166.026498 166.025751 166.025378 166.024632 166.024632 166.024632 166.024632 166.024632 166.025005 166.025005 166.025751 166.026871 166.028364 166.029856 166.032469 166.036201 0.000000 0.000000 0.000000 0.000000 0.000000 
0.000000 0.000000 166.041426 166.040679 166.039560 166.038813 166.038067 166.036947 166.036201 166.035081 166.034335 166.033588 166.032469 166.031722 166.030976 166.029856 166.029110 166.027990 166.027244 166.026498 166.025378 166.024632 166.023885 166.023139 166.022019 166.021273 166.020526 166.019780 166.019033 166.018287 166.017914 166.017167 166.016421 166.015675 166.015301 166.014928 166.014928 166.014928 166.014928 166.015301 166.016421 166.018287 166.021646 166.027244 166.037320 0.000000 
0.000000 166.041053 166.039933 166.039187 166.038067 166.037320 166.036201 166.035454 166.034335 166.033588 166.032469 166.031722 166.030976 166.029856 166.029110 166.027990 166.027244 166.026124 166.025378 166.024258 166.023512 166.022392 166.021646 166.020899 166.019780 166.019033 166.017914 166.017167 166.016421 166.015301 166.014555 166.013435 166.012689 166.011569 166.010823 166.009703 166.008957 166.008211 166.007464 166.006718 166.005971 166.005225 166.005225 166.005225 166.006718 166.013809 
166.041667 166.040679 166.039933 166.038813 166.038067 166.036947 166.036201 166.035081 166.034335 166.033215 166.032469 166.031349 166.030603 166.029483 166.028737 166.027617 166.026871 166.025751 166.025005 166.023885 166.023139 166.022019 166.021273 166.020153 166.019407 166.018287 166.017541 166.016421 166.015675 166.014555 166.013809 166.012689 166.011943 166.010823 166.010077 166.008957 166.008211 166.007091 166.006344 166.005225 166.004478 166.003359 166.002612 166.001493 166.000746 166.000000 
0.000000 166.041053 166.039933 166.039187 166.038067 166.037320 166.036201 166.035454 166.034335 166.033588 166.032469 166.031722 166.030976 166.029856 166.029110 166.027990 166.027244 166.026124 166.025378 166.024258 166.023512 166.022392 166.021646 166.020899 166.019780 166.019033 166.017914 166.017167 166.016421 166.015301 166.014555 166.013435 166.012689 166.011569 166.010823 166.009703 166.008957 166.008211 166.007464 166.006718 166.005971 166.005225 166.005225 166.005225 166.006718 166.013809 
0.000000 0.000000 166.041426 166.040679 166.039560 166.038813 166.038067 166.036947 166.036201 166.035081 166.034335 166.033588 166.032469 166.031722 166.030976 166.029856 166.029110 166.027990 166.027244 166.026498 166.025378 166.024632 166.023885 166.023139 166.022019 166.021273 166.020526 166.019780 166.019033 166.018287 166.017914 166.017167 166.016421 166.015675 166.015301 166.014928 166.014928 166.014928 166.014928 166.015301 166.016421 166.018287 166.021646 166.027244 166.037320 0.000000 
0.000000 0.000000 0.000000 0.000000 0.000000 166.041426 166.040306 166.039560 166.038813 166.038067 166.037320 166.036201 166.035454 166.034708 166.033962 166.033215 166.032469 166.031722 166.030976 166.030230 166.029483 166.029110 166.028364 166.027617 166.026871 166.026498 166.025751 166.025378 166.024632 166.024632 166.024632 166.024632 166.024632 166.025005 166.025005 166.025751 166.026871 166.028364 166.029856 166.032469 166.036201 0.000000 0.000000 0.000000 0.000000 0.000000 
0.000000 0.000000 0.000000 0.000000 0.000000 0.000000 0.000000 0.000000 0.000000 0.000000 166.041426 166.040679 166.040306 166.039560 166.038813 166.038067 166.037320 166.036947 166.036201 166.035828 166.035081 166.034708 166.034335 166.034335 166.034335 166.034335 166.034335 166.034708 166.034708 166.035081 166.035454 166.036201 166.036947 166.038067 166.039933 0.000000 0.000000 0.000000 0.000000 0.000000 0.000000 0.000000 0.000000 0.000000 0.000000 0.000000 
