test/output/constant/M385_S060_A180_WD270.0_WS045.0/M385_S060_A180_WD270.0_WS045.0_arrival.asc
ncols         60
nrows         7
xllcorner     426603.990666
yllcorner     12748455.311160
cellsize      100.000000
NODATA_value  0.000000
0.000000 0.000000 0.000000 0.000000 0.000000 0.000000 0.000000 0.000000 0.000000 0.000000 0.000000 0.000000 0.000000 166.039841 166.037581 166.036168 166.035038 166.034190 166.033342 166.032777 166.032212 166.031930 166.031647 166.031365 166.031082 166.031082 166.030799 166.030799 166.031082 166.031647 166.031930 166.032495 166.032777 166.033342 166.033908 166.034190 166.034755 166.035320 166.035603 166.036168 166.036733 166.037298 166.037581 166.038146 166.038711 166.039276 166.039841 166.040124 166.040689 166.041254 0.000000 0.000000 0.000000 0.000000 0.000000 0.000000 0.000000 0.000000 0.000000 0.000000 
0.000000 0.000000 0.000000 0.000000 166.040689 166.033625 166.029104 166.025713 166.023453 166.021757 166.020627 166.019779 166.019497 166.018932 166.018649 166.018649 166.018649 166.018649 166.019214 166.019497 166.020062 166.020627 166.020910 166.021475 166.022040 166.022605 166.022888 166.023453 166.024018 166.024583 166.025148 166.025713 166.026278 166.027126 166.027691 166.028256 166.029104 166.029669 166.030234 166.031082 166.031647 166.032212 166.032777 166.033625 166.034190 166.034755 166.035603 166.036168 166.036733 166.037581 166.038146 166.038711 166.039559 166.040124 166.040972 166.041537 0.000000 0.000000 0.000000 0.000000 
0.000000 166.015824 166.009325 166.007347 166.006499 166.006216 166.006499 166.006782 166.007347 166.007912 166.008477 166.009042 166.009607 166.010172 166.011020 166.011585 166.012433 166.012998 166.013563 166.014411 166.014976 166.015824 166.016389 166.017236 166.017801 166.018649 166.019214 166.019779 166.020627 166.021192 166.022040 166.022605 166.023170 166.024018 166.024583 166.025431 166.025996 166.026843 166.027409 166.028256 166.028821 166.029669 166.030234 166.031082 166.031647 166.032212 166.033060 166.033625 166.034473 166.035038 166.035886 166.036451 166.037298 166.037863 166.038711 166.039276 166.040124 166.040689 166.041537 0.000000 
166.000000 166.000565 166.001130 166.001978 166.002543 166.003391 166.003956 166.004804 166.005369 166.006216 166.006782 166.007629 166.008194 166.009042 166.009607 166.010455 166.011020 166.011868 166.012433 166.013280 166.013846 166.014693 166.015258 166.016106 166.016671 166.017519 166.018084 166.018932 166.019497 166.020345 166.020910 166.021757 166.022322 166.023170 166.023735 166.024583 166.025148 166.025996 166.026561 166.027409 166.027974 166.028821 166.029387 166.030234 166.030799 166.031647 166.032212 166.033060 166.033625 166.034473 166.035038 166.035886 166.036451 166.037298 166.037863 166.038711 166.039276 166.040124 166.040689 166.041537 
0.000000 166.015824 166.009325 166.007347 166.006499 166.006216 166.006499 166.006782 166.007347 166.007912 166.008477 166.009042 166.009607 166.010172 166.011020 166.011585 166.012433 166.012998 166.013563 166.014411 166.014976 166.015824 166.016389 166.017236 166.017801 166.018649 166.019214 166.019779 166.020627 166.021192 166.022040 166.022605 166.023170 166.024018 166.024583 166.025431 166.025996 166.026843 166.027409 166.028256 166.028821 166.029669 166.030234 166.031082 166.031647 166.032212 166.033060 166.033625 166.034473 166.035038 166.035886 166.036451 166.037298 166.037863 166.038711 166.039276 166.040124 166.040689 166.041537 0.000000 
0.000000 0.000000 0.000000 0.000000 166.040689 166.033625 166.029104 166.025713 166.023453 166.021757 166.020627 166.019779 166.019497 166.018932 166.018649 166.018649 166.018649 166.018649 166.019214 166.019497 166.020062 166.020627 166.020910 166.021475 166.022040 166.022605 166.022888 166.023453 166.024018 166.024583 166.025148 166.025713 166.026278 166.027126 166.027691 166.028256 166.029104 166.029669 166.030234 166.031082 166.031647 166.032212 166.032777 166.033625 166.034190 166.034755 166.035603 166.036168 166.036733 166.037581 166.038146 166.038711 166.039559 166.040124 166.040972 166.041537 0.000000 0.000000 0.000000 0.000000 
0.000000 0.000000 0.000000 0.000000 0.000000 0.000000 0.000000 0.000000 0.000000 0.000000 0.000000 0.000000 0.000000 166.039841 166.037581 166.036168 166.035038 166.034190 166.033342 166.032777 166.032212 166.031930 166.031647 166.031365 166.031082 166.031082 166.030799 166.030799 166.031082 166.031647 166.031930 166.032495 166.032777 166.033342 166.033908 166.034190 166.034755 166.035320 166.035603 166.036168 166.036733 166.037298 166.037581 166.038146 166.038711 166.039276 166.039841 166.040124 166.040689 166.041254 0.000000 0.000000 0.000000 0.000000 0.000000 0.000000 0.000000 0.000000 0.000000 0.000000 
