test/output/constant/M465_S060_A270_WD135.0_WS020.0/M465_S060_A270_WD135.0_WS020.0_arrival.asc
ncols         10
nrows         28
xllcorner     425703.990666
yllcorner     12748755.311160
cellsize      100.000000
NODATA_value  0.000000
166.041177 166.040605 166.041667 0.000000 0.000000 0.000000 0.000000 0.000000 0.000000 0.000000 
166.040034 166.039462 166.040034 0.000000 0.000000 0.000000 0.000000 0.000000 0.000000 0.000000 
166.039462 166.037746 166.037746 166.040605 0.000000 0.000000 0.000000 0.000000 0.000000 0.000000 
166.038890 166.036602 166.036030 166.037746 0.000000 0.000000 0.000000 0.000000 0.000000 0.000000 
166.038890 166.035458 166.034314 166.035458 166.039462 0.000000 0.000000 0.000000 0.000000 0.000000 
166.038890 166.034886 166.033171 166.033171 166.036602 0.000000 0.000000 0.000000 0.000000 0.000000 
166.039462 166.034314 166.031455 166.031455 166.033743 166.039462 0.000000 0.000000 0.000000 0.000000 
166.041177 166.034314 166.030883 166.029739 166.030883 166.036030 0.000000 0.000000 0.000000 0.000000 
0.000000 166.034886 166.030311 166.028595 166.029167 166.032599 166.041177 0.000000 0.000000 0.000000 
0.000000 166.035458 166.029739 166.026880 166.026880 166.029739 166.037174 0.000000 0.000000 0.000000 
0.000000 166.037174 166.029739 166.025736 166.025164 166.026880 166.033171 0.000000 0.000000 0.000000 
0.000000 166.039462 166.030311 166.025164 166.024020 166.024592 166.029167 166.039462 0.000000 0.000000 
0.000000 0.000000 166.031455 166.025164 166.022304 166.022304 166.026308 166.034886 0.000000 0.000000 
0.000000 0.000000 166.033743 166.025164 166.021161 166.020589 166.022876 166.030311 0.000000 0.000000 
0.000000 0.000000 166.037174 166.026308 166.020589 166.019445 166.020017 166.026308 166.040605 0.000000 
0.000000 0.000000 166.041667 166.028023 166.020589 166.017729 166.017729 166.022304 166.034886 0.000000 
0.000000 0.000000 0.000000 166.030883 166.021161 166.016585 166.016013 166.018873 166.029739 0.000000 
0.000000 0.000000 0.000000 166.036030 166.022304 166.016013 166.014870 166.016013 166.024592 0.000000 
0.000000 0.000000 0.000000 0.000000 166.025164 166.016013 166.013154 166.013726 166.020017 166.038318 
0.000000 0.000000 0.000000 0.000000 166.030311 166.017157 166.012010 166.011438 166.016013 166.032599 
0.000000 0.000000 0.000000 0.000000 166.038890 166.018873 166.011438 166.010294 166.012010 166.026880 
0.000000 0.000000 0.000000 0.000000 0.000000 166.024592 166.012010 166.008579 166.009151 166.021161 
0.000000 0.000000 0.000000 0.000000 0.000000 166.034314 166.013154 166.007435 166.006863 166.015442 
0.000000 0.000000 0.000000 0.000000 0.000000 0.000000 166.018873 166.006863 166.005719 166.010294 
0.000000 0.000000 0.000000 0.000000 0.000000 0.000000 166.030883 166.008007 166.004003 166.005719 
0.000000 0.000000 0.000000 0.000000 0.000000 0.000000 0.000000 166.013154 166.002860 166.002288 
0.000000 0.000000 0.000000 0.000000 0.000000 0.000000 0.000000 166.035458 166.002288 166.001144 
0.000000 0.000000 0.000000 0.000000 0.000000 0.000000 0.000000 0.000000 166.013154 166.000000 
