test/output/constant/M3M485_S060_A180_WD180.0_WS000.0/M3M485_S060_A180_WD180.0_WS000.0_arrival.asc
ncols         47
nrows         9
xllcorner     426503.990666
yllcorner     12748355.311160
cellsize      100.000000
NODATA_value  0.000000
0.000000 0.000000 0.000000 0.000000 0.000000 0.000000 0.000000 0.000000 0.000000 0.000000 0.000000 166.039198 166.037732 166.036267 166.035168 166.034435 166.033703 166.033336 166.032970 166.032604 166.032604 166.032604 166.032604 166.032604 166.032970 166.033336 166.034069 166.034435 166.035168 166.035534 166.036267 166.037000 166.037732 166.038099 166.038831 166.039564 166.040297 166.040663 166.041396 0.000000 0.000000 0.000000 0.000000 0.000000 0.000000 0.000000 0.000000 
0.000000 0.000000 0.000000 0.000000 0.000000 166.040297 166.034435 166.031138 166.028208 166.026742 166.025277 166.024544 166.023812 166.023812 166.023445 166.023445 166.023445 166.023445 166.023812 166.024178 166.024911 166.025643 166.026010 166.026742 166.027475 166.027841 166.028574 166.029307 166.030039 166.030772 166.031505 166.032237 166.032970 166.033703 166.034435 166.035168 166.036267 166.037000 166.037732 166.038831 166.039564 166.040297 166.041029 0.000000 0.000000 0.000000 0.000000 
0.000000 0.000000 166.037732 166.026376 166.020148 166.017218 166.015752 166.014653 166.014287 166.014287 166.014287 166.014287 166.014653 166.015386 166.015752 166.016485 166.017218 166.017950 166.018683 166.019049 166.020148 166.020881 166.021614 166.022346 166.023445 166.024178 166.024911 166.025643 166.026742 166.027475 166.028208 166.029307 166.030039 166.031138 166.031871 166.032604 166.033703 166.034435 166.035534 166.036267 166.037000 166.038099 166.038831 166.039930 166.040663 166.041667 0.000000 
0.000000 166.013921 166.006228 166.005129 166.004762 166.005129 166.005495 166.006228 166.006960 166.008059 166.008792 166.009525 166.010624 166.011356 166.012455 166.013188 166.014287 166.015020 166.015752 166.016851 166.017584 166.018683 166.019416 166.020148 166.021247 166.021980 166.023079 166.023812 166.024911 166.025643 166.026742 166.027475 166.028574 166.029307 166.030406 166.031138 166.031871 166.032970 166.033703 166.034802 166.035534 166.036633 166.037366 166.038465 166.039198 166.040297 166.041029 
166.039564 166.000000 166.000733 166.001465 166.002564 166.003297 166.004396 166.005129 166.006228 166.006960 166.008059 166.008792 166.009891 166.010624 166.011723 166.012455 166.013554 166.014287 166.015386 166.016119 166.017218 166.017950 166.019049 166.019782 166.020881 166.021614 166.022713 166.023445 166.024544 166.025277 166.026376 166.027109 166.028208 166.028940 166.030039 166.030772 166.031871 166.032604 166.033703 166.034435 166.035534 166.036267 166.037366 166.038099 166.039198 166.039930 166.041029 
0.000000 166.013921 166.006228 166.005129 166.004762 166.005129 166.005495 166.006228 166.006960 166.008059 166.008792 166.009525 166.010624 166.011356 166.012455 166.013188 166.014287 166.015020 166.015752 166.016851 166.017584 166.018683 166.019416 166.020148 166.021247 166.021980 166.023079 166.023812 166.024911 166.025643 166.026742 166.027475 166.028574 166.029307 166.030406 166.031138 166.031871 166.032970 166.033703 166.034802 166.035534 166.036633 166.037366 166.038465 166.039198 166.040297 166.041029 
0.000000 0.000000 166.037732 166.026376 166.020148 166.017218 166.015752 166.014653 166.014287 166.014287 166.014287 166.014287 166.014653 166.015386 166.015752 166.016485 166.017218 166.017950 166.018683 166.019049 166.020148 166.020881 166.021614 166.022346 166.023445 166.024178 166.024911 166.025643 166.026742 166.027475 166.028208 166.029307 166.030039 166.031138 166.031871 166.032604 166.033703 166.034435 166.035534 166.036267 166.037000 166.038099 166.038831 166.039930 166.040663 166.041667 0.000000 
0.000000 0.000000 0.000000 0.000000 0.000000 166.040297 166.034435 166.031138 166.028208 166.026742 166.025277 166.024544 166.023812 166.023812 166.023445 166.023445 166.023445 166.023445 166.023812 166.024178 166.024911 166.025643 166.026010 166.026742 166.027475 166.027841 166.028574 166.029307 166.030039 166.030772 166.031505 166.032237 166.032970 166.033703 166.034435 166.035168 166.036267 166.037000 166.037732 166.038831 166.039564 166.040297 166.041029 0.000000 0.000000 0.000000 0.000000 
0.000000 0.000000 0.000000 0.000000 0.000000 0.000000 0.000000 0.000000 0.000000 0.000000 0.000000 166.039198 166.037732 166.036267 166.035168 166.034435 166.033703 166.033336 166.032970 166.032604 166.032604 166.032604 166.032604 166.032604 166.032970 166.033336 166.034069 166.034435 166.035168 166.035534 166.036267 166.037000 166.037732 166.038099 166.038831 166.039564 166.040297 166.040663 166.041396 0.000000 0.000000 0.000000 0.000000 0.000000 0.000000 0.000000 0.000000 
