test/output/constant/M375_S060_A090_WD045.0_WS015.0/M375_S060_A090_WD045.0_WS015.0_raz.asc
ncols         14
nrows         50
xllcorner     425403.990666
yllcorner     12743855.311160
cellsize      100.000000
NODATA_value  0.000000
0 0 0 0 0 0 0 0 0 0 0 201 65535 74 
0 0 0 0 0 0 0 0 0 0 271 198 192 168 
0 0 0 0 0 0 0 0 0 0 271 192 192 168 
0 0 0 0 0 0 0 0 0 310 232 192 181 168 
0 0 0 0 0 0 0 0 0 247 198 192 189 173 
0 0 0 0 0 0 0 0 198 198 271 192 176 179 
0 0 0 0 0 0 0 0 198 197 192 192 183 179 
0 0 0 0 0 0 0 0 198 198 193 192 181 179 
0 0 0 0 0 0 0 247 247 247 192 192 173 173 
0 0 0 0 0 0 0 198 198 192 192 179 168 176 
0 0 0 0 0 0 232 198 198 193 192 181 179 179 
0 0 0 0 0 0 198 198 197 192 189 176 173 179 
0 0 0 0 0 0 271 198 197 192 190 176 179 179 
0 0 0 0 0 198 198 198 192 192 190 181 179 0 
0 0 0 0 0 247 232 198 192 192 187 173 179 0 
0 0 0 0 0 271 198 197 192 192 188 179 179 0 
0 0 0 0 0 247 198 194 192 181 181 179 179 0 
0 0 0 0 197 232 222 192 192 189 187 168 173 0 
0 0 0 0 198 222 196 192 192 189 181 173 179 0 
0 0 0 0 197 197 197 192 192 184 173 176 179 0 
0 0 0 0 197 222 192 192 190 183 179 179 162 0 
0 0 0 232 198 232 192 192 192 187 179 179 179 0 
0 0 0 247 198 232 192 192 191 168 181 173 0 0 
0 0 0 198 197 197 192 192 189 189 173 179 0 0 
0 0 0 198 197 192 192 192 192 173 183 179 0 0 
0 0 247 197 247 192 192 185 190 188 179 168 0 0 
0 0 198 271 197 192 192 192 181 179 173 179 0 0 
0 0 198 232 197 192 192 189 192 179 173 0 0 0 
0 0 197 197 192 193 192 188 187 187 181 0 0 0 
0 0 197 196 192 192 192 192 179 179 179 0 0 0 
0 198 197 192 192 192 192 187 168 183 181 0 0 0 
0 198 197 192 192 192 192 181 183 188 0 0 0 0 
0 222 197 192 192 192 189 181 168 176 0 0 0 0 
0 247 197 192 192 192 188 188 187 176 0 0 0 0 
0 197 192 192 192 192 181 181 189 179 0 0 0 0 
0 198 192 193 192 191 179 179 173 0 0 0 0 0 
0 197 193 192 192 189 185 188 181 0 0 0 0 0 
0 232 192 192 192 190 168 179 187 0 0 0 0 0 
232 192 192 192 192 189 173 181 0 0 0 0 0 0 
196 192 192 192 192 184 181 179 0 0 0 0 0 0 
196 192 192 192 181 184 179 179 0 0 0 0 0 0 
192 194 192 192 173 179 184 0 0 0 0 0 0 0 
192 192 192 192 189 173 179 0 0 0 0 0 0 0 
192 192 192 192 189 189 173 0 0 0 0 0 0 0 
192 195 192 192 191 184 0 0 0 0 0 0 0 0 
192 192 192 179 190 168 0 0 0 0 0 0 0 0 
192 192 192 181 185 0 0 0 0 0 0 0 0 0 
192 192 192 189 189 0 0 0 0 0 0 0 0 0 
0 192 192 192 0 0 0 0 0 0 0 0 0 0 
0 192 185 0 0 0 0 0 0 0 0 0 0 0 
