test/output/constant/M375_S060_A090_WD045.0_WS015.0/M375_S060_A090_WD045.0_WS015.0_intensity.asc
ncols         14
nrows         50
xllcorner     425403.990666
yllcorner     12743855.311160
cellsize      100.000000
NODATA_value  0.000000
0 0 0 0 0 0 0 0 0 0 0 37548 0 431 
0 0 0 0 0 0 0 0 0 0 896 49742 72616 10414 
0 0 0 0 0 0 0 0 0 0 896 72616 72616 10414 
0 0 0 0 0 0 0 0 0 452 3598 72616 32176 10414 
0 0 0 0 0 0 0 0 0 1839 49742 72616 65248 15028 
0 0 0 0 0 0 0 0 49742 49742 896 72616 20303 26077 
0 0 0 0 0 0 0 0 49742 55343 72616 72616 38415 26077 
0 0 0 0 0 0 0 0 49742 49742 70700 72616 32176 26077 
0 0 0 0 0 0 0 1839 1839 1839 72616 72616 15028 15028 
0 0 0 0 0 0 0 49742 49742 72616 72616 26077 10414 20303 
0 0 0 0 0 0 3598 49742 49742 70700 72616 32176 26077 26077 
0 0 0 0 0 0 49742 49742 55343 72616 68594 20303 15028 26077 
0 0 0 0 0 0 896 49742 55343 72616 70975 20303 26077 26077 
0 0 0 0 0 49742 49742 49742 72616 72616 70975 32176 26077 0 
0 0 0 0 0 1839 3598 49742 72616 72616 56089 15028 26077 0 
0 0 0 0 0 896 49742 55343 72616 72616 61037 26077 26077 0 
0 0 0 0 0 1839 49742 68178 72616 32176 32176 26077 26077 0 
0 0 0 0 55343 3598 6274 72616 72616 68594 56089 10414 15028 0 
0 0 0 0 49742 6274 60380 72616 72616 65248 32176 15028 26077 0 
0 0 0 0 55343 55343 55343 72193 72616 44604 15028 20303 26077 0 
0 0 0 0 55343 6274 72616 72616 70975 38415 26077 26077 6656 0 
0 0 0 3598 49742 3598 72193 72616 72616 56089 26077 26077 26077 0 
0 0 0 1839 49742 3598 72616 72616 72318 10414 32176 15028 0 0 
0 0 0 49742 55343 55343 72616 72616 68594 65248 15028 26077 0 0 
0 0 0 49742 55343 72616 72616 72616 72616 15028 38415 26077 0 0 
0 0 1839 55343 1839 72616 72616 50556 70975 61037 26077 10414 0 0 
0 0 49742 896 55343 72616 72616 72616 32176 26077 15028 26077 0 0 
0 0 49742 3598 55343 72616 72616 68594 72616 26077 15028 0 0 0 
0 0 55343 55343 72616 70700 72616 61037 56089 56089 32176 0 0 0 
0 0 55343 60380 72616 72616 72616 72616 26077 26077 26077 0 0 0 
0 49742 55343 72616 72616 72616 72616 56089 10414 38415 32176 0 0 0 
0 49742 55343 72616 72616 72616 72616 32176 38415 61037 0 0 0 0 
0 6274 55343 72616 72616 72616 68594 32176 10414 20303 0 0 0 0 
0 1839 55343 72616 72616 72616 61037 61037 56089 20303 0 0 0 0 
0 55343 72616 72616 72616 72616 32176 32176 65248 26077 0 0 0 0 
0 49742 72616 70700 72616 72557 26077 26077 15028 0 0 0 0 0 
0 55343 70700 72616 72616 65248 50556 61037 32176 0 0 0 0 0 
0 3598 72616 72616 72616 70975 10414 26077 56089 0 0 0 0 0 
3598 72616 72616 72616 72616 65248 15028 32176 0 0 0 0 0 0 
60380 72616 72616 72616 72616 44604 32176 26077 0 0 0 0 0 0 
60380 72616 72616 72616 32176 44604 26077 26077 0 0 0 0 0 0 
72616 68178 72616 72616 15028 26077 44604 0 0 0 0 0 0 0 
72193 72616 72193 72616 65248 15028 26077 0 0 0 0 0 0 0 
72616 72616 72616 72616 65248 68594 15028 0 0 0 0 0 0 0 
72616 64703 72616 72616 72318 44604 0 0 0 0 0 0 0 0 
72616 72616 72616 26077 70975 10414 0 0 0 0 0 0 0 0 
72616 72616 72616 32176 50556 0 0 0 0 0 0 0 0 0 
72616 72616 72616 68594 68594 0 0 0 0 0 0 0 0 0 
0 72616 72616 72616 0 0 0 0 0 0 0 0 0 0 
0 72616 50556 0 0 0 0 0 0 0 0 0 0 0 
