test/output/constant/M390_S060_A180_WD045.0_WS045.0/M390_S060_A180_WD045.0_WS045.0_ros.asc
ncols         13
nrows         37
xllcorner     426403.990666
yllcorner     12745255.311160
cellsize      100.000000
NODATA_value  0.000000
0.000000 1.365472 1.365472 2.876397 0.000000 0.000000 0.000000 0.000000 0.000000 0.000000 0.000000 0.000000 0.000000 
0.000000 1.933906 -1.000000 3.475337 2.876397 0.000000 0.000000 0.000000 0.000000 0.000000 0.000000 0.000000 0.000000 
0.000000 9.768748 60.453560 60.388554 2.876397 2.876397 0.000000 0.000000 0.000000 0.000000 0.000000 0.000000 0.000000 
9.768748 21.824097 60.453560 60.453560 50.696407 37.441971 0.000000 0.000000 0.000000 0.000000 0.000000 0.000000 0.000000 
13.273836 21.824097 60.453560 60.388554 50.696407 2.414649 2.414649 0.000000 0.000000 0.000000 0.000000 0.000000 0.000000 
13.273836 36.533379 60.453560 60.453560 60.453560 46.681236 46.681236 0.000000 0.000000 0.000000 0.000000 0.000000 0.000000 
13.273836 21.824097 60.453560 60.453560 60.388554 50.696407 50.696407 2.876397 0.000000 0.000000 0.000000 0.000000 0.000000 
13.273836 36.533379 49.995502 60.453560 54.141582 60.453560 1.836849 42.217953 0.000000 0.000000 0.000000 0.000000 0.000000 
0.000000 36.533379 26.618837 60.453560 60.453560 50.696407 50.696407 50.696407 2.876397 0.000000 0.000000 0.000000 0.000000 
0.000000 49.995502 45.886955 60.453560 60.453560 60.453560 50.696407 50.696407 46.681236 0.000000 0.000000 0.000000 0.000000 
0.000000 9.768748 17.331339 60.453560 60.453560 60.453560 60.453560 54.141582 50.696407 0.000000 0.000000 0.000000 0.000000 
0.000000 36.533379 31.571718 58.613930 60.453560 60.453560 50.696407 60.388554 46.681236 50.696407 0.000000 0.000000 0.000000 
0.000000 36.533379 56.456993 45.886955 60.453560 60.453560 58.923969 60.388554 50.696407 46.681236 0.000000 0.000000 0.000000 
0.000000 17.331339 59.960217 45.886955 60.453560 54.141582 60.388554 50.696407 50.696407 50.696407 0.000000 0.000000 0.000000 
0.000000 26.618837 60.453560 60.453560 60.453560 60.453560 56.912155 50.696407 60.453560 1.836849 46.681236 0.000000 0.000000 
0.000000 36.533379 31.571718 41.353783 58.613930 60.453560 60.453560 60.388554 58.923969 50.696407 50.696407 0.000000 0.000000 
0.000000 0.000000 36.533379 17.331339 9.768748 60.453560 60.453560 60.453560 54.141582 60.388554 50.696407 0.000000 0.000000 
0.000000 0.000000 9.768748 60.453560 60.453560 60.453560 60.453560 60.453560 46.681236 54.141582 54.141582 1.836849 0.000000 
0.000000 0.000000 21.824097 45.886955 21.824097 60.453560 60.453560 60.388554 56.912155 60.453560 50.696407 50.696407 0.000000 
0.000000 0.000000 36.533379 21.824097 45.886955 60.453560 60.453560 60.453560 58.923969 50.696407 58.923969 50.696407 0.000000 
0.000000 0.000000 36.533379 58.613930 21.824097 13.273836 60.453560 60.453560 60.453560 54.141582 60.115902 50.696407 0.000000 
0.000000 0.000000 36.533379 26.618837 17.331339 60.453560 60.453560 60.453560 60.453560 60.453560 50.696407 58.923969 56.912155 
0.000000 0.000000 0.000000 58.613930 13.273836 56.456993 60.453560 56.912155 60.453560 60.453560 50.696407 60.453560 56.912155 
0.000000 0.000000 0.000000 9.768748 58.613930 26.618837 58.613930 60.453560 60.453560 60.453560 54.141582 60.115902 50.696407 
0.000000 0.000000 0.000000 36.533379 53.554836 60.310432 60.453560 60.453560 58.923969 60.115902 50.696407 50.696407 46.681236 
0.000000 0.000000 0.000000 0.000000 60.453560 58.613930 58.613930 60.453560 60.453560 60.453560 60.453560 58.923969 46.681236 
0.000000 0.000000 0.000000 0.000000 41.353783 53.554836 21.824097 60.453560 60.453560 60.453560 56.912155 54.141582 60.453560 
0.000000 0.000000 0.000000 0.000000 26.618837 56.456993 60.453560 60.453560 60.453560 60.453560 60.453560 60.453560 50.696407 
0.000000 0.000000 0.000000 0.000000 0.000000 53.554836 60.453560 60.453560 60.453560 60.453560 60.453560 54.141582 50.696407 
0.000000 0.000000 0.000000 0.000000 0.000000 45.886955 58.613930 60.453560 60.453560 60.453560 60.453560 54.141582 50.696407 
0.000000 0.000000 0.000000 0.000000 0.000000 0.000000 60.453560 59.960217 60.453560 60.453560 60.453560 60.453560 60.453560 
0.000000 0.000000 0.000000 0.000000 0.000000 0.000000 17.331339 60.453560 26.618837 60.453560 60.453560 60.453560 60.388554 
0.000000 0.000000 0.000000 0.000000 0.000000 0.000000 0.000000 60.453560 60.453560 60.453560 56.912155 60.453560 60.453560 
0.000000 0.000000 0.000000 0.000000 0.000000 0.000000 0.000000 49.995502 58.613930 60.453560 60.453560 58.923969 58.923969 
0.000000 0.000000 0.000000 0.000000 0.000000 0.000000 0.000000 0.000000 60.453560 60.453560 60.453560 60.453560 58.923969 
0.000000 0.000000 0.000000 0.000000 0.000000 0.000000 0.000000 0.000000 60.453560 60.453560 60.453560 60.453560 60.453560 
0.000000 0.000000 0.000000 0.000000 0.000000 0.000000 0.000000 0.000000 0.000000 60.453560 60.453560 60.453560 60.453560 
