test/output/constant/M390_S000_A090_WD000.0_WS035.0/M390_S000_A090_WD000.0_WS035.0_arrival.asc
ncols         11
nrows         47
xllcorner     426103.990666
yllcorner     12744255.311160
cellsize      100.000000
NODATA_value  0.000000
0.000000 0.000000 0.000000 0.000000 166.038959 166.027566 166.038959 0.000000 0.000000 0.000000 0.000000 
0.000000 0.000000 0.000000 166.038592 166.009924 166.000000 166.009924 166.038592 0.000000 0.000000 0.000000 
0.000000 0.000000 0.000000 166.027198 166.005146 166.000735 166.005146 166.027198 0.000000 0.000000 0.000000 
0.000000 0.000000 0.000000 166.020582 166.004411 166.001470 166.004411 166.020582 0.000000 0.000000 0.000000 
0.000000 0.000000 166.037122 166.016539 166.004411 166.002573 166.004411 166.016539 166.037122 0.000000 0.000000 
0.000000 0.000000 166.031609 166.014702 166.004778 166.003308 166.004778 166.014702 166.031609 0.000000 0.000000 
0.000000 0.000000 166.027933 166.013599 166.005513 166.004411 166.005513 166.013599 166.027933 0.000000 0.000000 
0.000000 0.000000 166.025728 166.012864 166.006248 166.005146 166.006248 166.012864 166.025728 0.000000 0.000000 
0.000000 166.038959 166.023890 166.012864 166.006983 166.006248 166.006983 166.012864 166.023890 166.038959 0.000000 
0.000000 166.036754 166.022788 166.012864 166.007718 166.006983 166.007718 166.012864 166.022788 166.036754 0.000000 
0.000000 166.034549 166.022053 166.012864 166.008821 166.008086 166.008821 166.012864 166.022053 166.034549 0.000000 
0.000000 166.033079 166.021685 166.013232 166.009556 166.008821 166.009556 166.013232 166.021685 166.033079 0.000000 
0.000000 166.031976 166.021317 166.013967 166.010659 166.009924 166.010659 166.013967 166.021317 166.031976 0.000000 
0.000000 166.031241 166.021317 166.014702 166.011394 166.010659 166.011394 166.014702 166.021317 166.031241 0.000000 
0.000000 166.030506 166.021317 166.015069 166.012129 166.011761 166.012129 166.015069 166.021317 166.030506 0.000000 
166.041165 166.030138 166.021317 166.015804 166.013232 166.012496 166.013232 166.015804 166.021317 166.030138 166.041165 
166.040430 166.029771 166.021317 166.016539 166.013967 166.013599 166.013967 166.016539 166.021317 166.029771 166.040430 
166.039695 166.029771 166.022053 166.017274 166.015069 166.014334 166.015069 166.017274 166.022053 166.029771 166.039695 
166.039327 166.029403 166.022420 166.018010 166.015804 166.015437 166.015804 166.018010 166.022420 166.029403 166.039327 
166.038592 166.029403 166.023155 166.018745 166.016539 166.016172 166.016539 166.018745 166.023155 166.029403 166.038592 
166.038224 166.029403 166.023523 166.019480 166.017642 166.017274 166.017642 166.019480 166.023523 166.029403 166.038224 
166.038224 166.029771 166.024258 166.020582 166.018377 166.018010 166.018377 166.020582 166.024258 166.029771 166.038224 
166.037857 166.029771 166.024993 166.021317 166.019480 166.019112 166.019480 166.021317 166.024993 166.029771 166.037857 
166.037857 166.030506 166.025728 166.022053 166.020215 166.019847 166.020215 166.022053 166.025728 166.030506 166.037857 
166.037857 166.030874 166.026096 166.023155 166.021317 166.020950 166.021317 166.023155 166.026096 166.030874 166.037857 
166.037857 166.031609 166.026831 166.023890 166.022053 166.021685 166.022053 166.023890 166.026831 166.031609 166.037857 
166.037857 166.031976 166.027566 166.024625 166.023155 166.022788 166.023155 166.024625 166.027566 166.031976 166.037857 
166.038224 166.032711 166.028301 166.025728 166.023890 166.023523 166.023890 166.025728 166.028301 166.032711 166.038224 
166.038592 166.033446 166.029036 166.026463 166.024625 166.024625 166.024625 166.026463 166.029036 166.033446 166.038592 
166.038959 166.034181 166.029771 166.027198 166.025728 166.025360 166.025728 166.027198 166.029771 166.034181 166.038959 
166.039695 166.034549 166.030506 166.028301 166.026463 166.026463 166.026463 166.028301 166.030506 166.034549 166.039695 
166.040062 166.035284 166.031241 166.029036 166.027566 166.027198 166.027566 166.029036 166.031241 166.035284 166.040062 
166.040797 166.036019 166.032344 166.029771 166.028301 166.028301 166.028301 166.029771 166.032344 166.036019 166.040797 
166.041165 166.036754 166.033079 166.030874 166.029403 166.029036 166.029403 166.030874 166.033079 166.036754 166.041165 
0.000000 166.037122 166.033814 166.031609 166.030138 166.030138 166.030138 166.031609 166.033814 166.037122 0.000000 
0.000000 166.037857 166.034917 166.032711 166.031241 166.030874 166.031241 166.032711 166.034917 166.037857 0.000000 
0.000000 166.038592 166.035652 166.033446 166.031976 166.031976 166.031976 166.033446 166.035652 166.038592 0.000000 
0.000000 166.039327 166.036387 166.034549 166.033079 166.032711 166.033079 166.034549 166.036387 166.039327 0.000000 
0.000000 166.040062 166.037489 166.035284 166.033814 166.033814 166.033814 166.035284 166.037489 166.040062 0.000000 
0.000000 166.040797 166.038224 166.036387 166.034917 166.034549 166.034917 166.036387 166.038224 166.040797 0.000000 
0.000000 166.041532 166.038959 166.037122 166.035652 166.035652 166.035652 166.037122 166.038959 166.041532 0.000000 
0.000000 0.000000 166.039695 166.037857 166.036754 166.036387 166.036754 166.037857 166.039695 0.000000 0.000000 
0.000000 0.000000 166.040797 166.038959 166.037489 166.037489 166.037489 166.038959 166.040797 0.000000 0.000000 
0.000000 0.000000 166.041532 166.039695 166.038592 166.038224 166.038592 166.039695 166.041532 0.000000 0.000000 
0.000000 0.000000 0.000000 166.040797 166.039327 166.039327 166.039327 166.040797 0.000000 0.000000 0.000000 
0.000000 0.000000 0.000000 166.041532 166.040430 166.040062 166.040430 166.041532 0.000000 0.000000 0.000000 
0.000000 0.000000 0.000000 0.000000 166.041165 166.041165 166.041165 0.000000 0.000000 0.000000 0.000000 
