test/output/constant/M3M490_S000_A090_WD180.0_WS050.0/M3M490_S000_A090_WD180.0_WS050.0_arrival.asc
ncols         9
nrows         57
xllcorner     426203.990666
yllcorner     12748755.311160
cellsize      100.000000
NODATA_value  0.000000
0.000000 0.000000 0.000000 166.041586 166.041289 166.041586 0.000000 0.000000 0.000000 
0.000000 0.000000 0.000000 166.040992 166.040695 166.040992 0.000000 0.000000 0.000000 
0.000000 0.000000 166.041289 166.040101 166.039804 166.040101 166.041289 0.000000 0.000000 
0.000000 0.000000 166.040695 166.039507 166.039210 166.039507 166.040695 0.000000 0.000000 
0.000000 0.000000 166.040101 166.038616 166.038319 166.038616 166.040101 0.000000 0.000000 
0.000000 166.041586 166.039210 166.038022 166.037725 166.038022 166.039210 166.041586 0.000000 
0.000000 166.040992 166.038616 166.037131 166.036834 166.037131 166.038616 166.040992 0.000000 
0.000000 166.040398 166.038022 166.036537 166.036239 166.036537 166.038022 166.040398 0.000000 
0.000000 166.039804 166.037131 166.035942 166.035348 166.035942 166.037131 166.039804 0.000000 
0.000000 166.038913 166.036537 166.035051 166.034754 166.035051 166.036537 166.038913 0.000000 
0.000000 166.038319 166.035645 166.034457 166.033863 166.034457 166.035645 166.038319 0.000000 
166.041289 166.037725 166.035051 166.033566 166.033269 166.033566 166.035051 166.037725 166.041289 
166.040992 166.036834 166.034160 166.032972 166.032378 166.032972 166.034160 166.036834 166.040992 
166.040398 166.036239 166.033566 166.032081 166.031784 166.032081 166.033566 166.036239 166.040398 
166.039804 166.035645 166.032972 166.031487 166.030893 166.031487 166.032972 166.035645 166.039804 
166.039210 166.035051 166.032081 166.030596 166.030299 166.030596 166.032081 166.035051 166.039210 
166.038616 166.034160 166.031487 166.030002 166.029407 166.030002 166.031487 166.034160 166.038616 
166.038319 166.033566 166.030596 166.029110 166.028813 166.029110 166.030596 166.033566 166.038319 
166.037725 166.032972 166.030002 166.028516 166.027922 166.028516 166.030002 166.032972 166.037725 
166.037131 166.032378 166.029407 166.027922 166.027328 166.027922 166.029407 166.032378 166.037131 
166.036834 166.031784 166.028813 166.027031 166.026437 166.027031 166.028813 166.031784 166.036834 
166.036239 166.031190 166.027922 166.026437 166.025843 166.026437 166.027922 166.031190 166.036239 
166.035645 166.030596 166.027328 166.025546 166.024952 166.025546 166.027328 166.030596 166.035645 
166.035348 166.030002 166.026734 166.024952 166.024358 166.024952 166.026734 166.030002 166.035348 
166.034754 166.029407 166.025843 166.024061 166.023467 166.024061 166.025843 166.029407 166.034754 
166.034160 166.029110 166.025249 166.023467 166.022872 166.023467 166.025249 166.029110 166.034160 
166.033863 166.028516 166.024655 166.022575 166.021981 166.022575 166.024655 166.028516 166.033863 
166.033269 166.027922 166.023764 166.021981 166.021387 166.021981 166.023764 166.027922 166.033269 
166.032972 166.027328 166.023170 166.021090 166.020496 166.021090 166.023170 166.027328 166.032972 
166.032972 166.026734 166.022575 166.020496 166.019902 166.020496 166.022575 166.026734 166.032972 
166.032972 166.026437 166.021981 166.019605 166.019011 166.019605 166.021981 166.026437 166.032972 
166.032972 166.025843 166.021090 166.019011 166.018417 166.019011 166.021090 166.025843 166.032972 
166.032972 166.025249 166.020496 166.018120 166.017526 166.018120 166.020496 166.025249 166.032972 
166.032972 166.024952 166.019902 166.017526 166.016932 166.017526 166.019902 166.024952 166.032972 
166.033269 166.024358 166.019308 166.016635 166.016040 166.016635 166.019308 166.024358 166.033269 
166.033566 166.024061 166.018714 166.016040 166.015446 166.016040 166.018714 166.024061 166.033566 
166.033863 166.023764 166.018120 166.015149 166.014555 166.015149 166.018120 166.023764 166.033863 
166.034160 166.023467 166.017526 166.014555 166.013961 166.014555 166.017526 166.023467 166.034160 
166.034754 166.023467 166.016932 166.013664 166.013070 166.013664 166.016932 166.023467 166.034754 
166.035348 166.023467 166.016635 166.013070 166.012476 166.013070 166.016635 166.023467 166.035348 
166.036239 166.023764 166.016040 166.012179 166.011585 166.012179 166.016040 166.023764 166.036239 
166.037131 166.024061 166.015446 166.011585 166.010991 166.011585 166.015446 166.024061 166.037131 
166.038319 166.024358 166.015149 166.010991 166.010100 166.010991 166.015149 166.024358 166.038319 
166.040101 166.024655 166.014555 166.010100 166.009505 166.010100 166.014555 166.024655 166.040101 
0.000000 166.025546 166.014258 166.009505 166.008614 166.009505 166.014258 166.025546 0.000000 
0.000000 166.026437 166.014258 166.008911 166.008020 166.008911 166.014258 166.026437 0.000000 
0.000000 166.027328 166.014258 166.008020 166.007129 166.008020 166.014258 166.027328 0.000000 
0.000000 166.029110 166.014258 166.007426 166.006535 166.007426 166.014258 166.029110 0.000000 
0.000000 166.031190 166.014852 166.006832 166.005644 166.006832 166.014852 166.031190 0.000000 
0.000000 166.033566 166.015446 166.006238 166.005050 166.006238 166.015446 166.033566 0.000000 
0.000000 166.037428 166.016337 166.005644 166.004159 166.005644 166.016337 166.037428 0.000000 
0.000000 0.000000 166.018120 166.005050 166.003565 166.005050 166.018120 0.000000 0.000000 
0.000000 0.000000 166.020793 166.004753 166.002673 166.004753 166.020793 0.000000 0.000000 
0.000000 0.000000 166.024655 166.004753 166.002079 166.004753 166.024655 0.000000 0.000000 
0.000000 0.000000 166.033566 166.005347 166.001188 166.005347 166.033566 0.000000 0.000000 
0.000000 0.000000 0.000000 166.007426 166.000594 166.007426 0.000000 0.000000 0.000000 
0.000000 0.000000 0.000000 166.017229 166.000000 166.017229 0.000000 0.000000 0.000000 
