test/output/constant/M3100_S000_A180_WD225.0_WS015.0/M3100_S000_A180_WD225.0_WS015.0_arrival.asc
ncols         20
nrows         20
xllcorner     426303.990666
yllcorner     12748455.311160
cellsize      100.000000
NODATA_value  0.000000
0.000000 0.000000 0.000000 0.000000 0.000000 0.000000 0.000000 0.000000 0.000000 0.000000 0.000000 0.000000 0.000000 0.000000 166.041667 166.041667 166.041667 0.000000 0.000000 0.000000 
0.000000 0.000000 0.000000 0.000000 0.000000 0.000000 0.000000 0.000000 0.000000 0.000000 0.000000 166.040991 166.039384 166.039384 166.039384 166.039384 166.039384 166.040991 166.041667 0.000000 
0.000000 0.000000 0.000000 0.000000 0.000000 0.000000 0.000000 0.000000 0.000000 166.040188 166.038580 166.036973 166.036973 166.036169 166.036169 166.036973 166.037776 166.038580 166.040991 0.000000 
0.000000 0.000000 0.000000 0.000000 0.000000 0.000000 0.000000 166.040991 166.038580 166.036169 166.034561 166.033758 166.033758 166.033758 166.034561 166.035365 166.036169 166.037776 166.039384 166.041667 
0.000000 0.000000 0.000000 0.000000 0.000000 0.000000 166.040188 166.036973 166.034561 166.032954 166.031346 166.031346 166.031346 166.031346 166.032150 166.032954 166.035365 166.036973 166.039384 166.041667 
0.000000 0.000000 0.000000 0.000000 0.000000 166.039384 166.035365 166.032954 166.030543 166.028935 166.028935 166.028131 166.028935 166.028935 166.030543 166.032150 166.034561 166.036169 166.039384 166.041667 
0.000000 0.000000 0.000000 0.000000 166.039384 166.034561 166.031346 166.028935 166.026524 166.025720 166.025720 166.025720 166.026524 166.027328 166.028935 166.031346 166.033758 166.036169 166.039384 0.000000 
0.000000 0.000000 0.000000 166.040188 166.034561 166.030543 166.027328 166.024916 166.023309 166.023309 166.023309 166.024113 166.024916 166.026524 166.028935 166.031346 166.033758 166.036973 166.039384 0.000000 
0.000000 0.000000 166.041667 166.035365 166.029739 166.025720 166.022505 166.020898 166.020898 166.020094 166.020898 166.021701 166.024113 166.025720 166.028131 166.031346 166.033758 166.036973 166.040991 0.000000 
0.000000 0.000000 166.036973 166.030543 166.024916 166.020898 166.018486 166.017683 166.017683 166.017683 166.018486 166.020898 166.023309 166.025720 166.028935 166.031346 166.034561 166.038580 0.000000 0.000000 
0.000000 166.040188 166.032150 166.024916 166.020094 166.016879 166.015271 166.015271 166.015271 166.016075 166.017683 166.020094 166.023309 166.025720 166.028935 166.032954 166.036169 166.040188 0.000000 0.000000 
0.000000 166.035365 166.026524 166.020094 166.015271 166.012860 166.012056 166.012056 166.012860 166.015271 166.017683 166.020898 166.023309 166.026524 166.030543 166.034561 166.038580 0.000000 0.000000 0.000000 
166.040991 166.030543 166.021701 166.015271 166.011253 166.009645 166.009645 166.010449 166.012056 166.015271 166.017683 166.020898 166.024916 166.028935 166.032954 166.036973 166.040991 0.000000 0.000000 0.000000 
166.036973 166.026524 166.016879 166.010449 166.007234 166.007234 166.007234 166.009645 166.012056 166.015271 166.018486 166.022505 166.027328 166.031346 166.035365 166.040188 0.000000 0.000000 0.000000 0.000000 
166.033758 166.022505 166.012056 166.005626 166.004019 166.004823 166.007234 166.009645 166.012860 166.016879 166.020898 166.025720 166.030543 166.034561 166.039384 0.000000 0.000000 0.000000 0.000000 0.000000 
166.032150 166.019290 166.008038 166.001608 166.001608 166.004019 166.007234 166.011253 166.015271 166.020094 166.024916 166.029739 166.034561 166.039384 0.000000 0.000000 0.000000 0.000000 0.000000 0.000000 
166.032150 166.019290 166.006430 166.000000 166.001608 166.005626 166.010449 166.015271 166.020094 166.024916 166.030543 166.035365 166.040188 0.000000 0.000000 0.000000 0.000000 0.000000 0.000000 0.000000 
166.032954 166.020898 166.009645 166.006430 166.008038 166.012056 166.016879 166.021701 166.026524 166.032150 166.036973 166.041667 0.000000 0.000000 0.000000 0.000000 0.000000 0.000000 0.000000 0.000000 
166.037776 166.027328 166.020898 166.019290 166.019290 166.022505 166.026524 166.030543 166.035365 166.040188 0.000000 0.000000 0.000000 0.000000 0.000000 0.000000 0.000000 0.000000 0.000000 0.000000 
0.000000 166.037776 166.032954 166.032150 166.032150 166.033758 166.036973 166.040991 0.000000 0.000000 0.000000 0.000000 0.000000 0.000000 0.000000 0.000000 0.000000 0.000000 0.000000 0.000000 
