test/output/constant/M3M445_S060_A180_WD225.0_WS015.0/M3M445_S060_A180_WD225.0_WS015.0_arrival.asc
ncols         30
nrows         10
xllcorner     426603.990666
yllcorner     12748655.311160
cellsize      100.000000
NODATA_value  0.000000
0.000000 0.000000 0.000000 0.000000 0.000000 0.000000 0.000000 0.000000 0.000000 0.000000 0.000000 0.000000 0.000000 0.000000 0.000000 0.000000 0.000000 0.000000 0.000000 0.000000 0.000000 0.000000 0.000000 0.000000 166.041532 166.041532 166.041532 166.041532 0.000000 0.000000 
0.000000 0.000000 0.000000 0.000000 0.000000 0.000000 0.000000 0.000000 0.000000 0.000000 0.000000 0.000000 0.000000 0.000000 0.000000 0.000000 166.041532 166.039287 166.038164 166.037042 166.036481 166.035919 166.035919 166.035919 166.036481 166.037042 166.038164 166.039287 166.040409 166.041667 
0.000000 0.000000 0.000000 0.000000 0.000000 0.000000 0.000000 0.000000 0.000000 0.000000 0.000000 0.000000 166.040409 166.036481 166.033674 166.032552 166.031429 166.030868 166.030307 166.030307 166.030868 166.031429 166.031991 166.033113 166.034797 166.035919 166.037603 166.038725 166.040409 0.000000 
0.000000 0.000000 0.000000 0.000000 0.000000 0.000000 0.000000 0.000000 0.000000 166.037042 166.031991 166.028623 166.026939 166.025817 166.025256 166.024695 166.025256 166.025256 166.026378 166.027501 166.028623 166.030307 166.031429 166.033113 166.034797 166.036481 166.038164 166.039848 0.000000 0.000000 
0.000000 0.000000 0.000000 0.000000 0.000000 0.000000 166.036481 166.028062 166.023572 166.021327 166.020205 166.019643 166.019643 166.019643 166.020205 166.021327 166.023011 166.024133 166.025817 166.027501 166.029184 166.030307 166.032552 166.034797 166.037042 166.039287 166.041532 0.000000 0.000000 0.000000 
0.000000 0.000000 0.000000 166.041532 166.028062 166.019643 166.015715 166.014592 166.014031 166.014031 166.014592 166.015715 166.016837 166.018521 166.020205 166.021327 166.023011 166.024695 166.026939 166.029184 166.031429 166.034236 166.036481 166.039287 0.000000 0.000000 0.000000 0.000000 0.000000 0.000000 
0.000000 0.000000 166.019643 166.010664 166.008980 166.008419 166.008419 166.009541 166.011225 166.012908 166.014031 166.015715 166.017398 166.019643 166.021327 166.024133 166.026939 166.029184 166.032552 166.035358 166.038725 166.041532 0.000000 0.000000 0.000000 0.000000 0.000000 0.000000 0.000000 0.000000 
166.015715 166.003367 166.002806 166.003929 166.005612 166.006735 166.008419 166.009541 166.011786 166.014031 166.016837 166.019643 166.023011 166.025817 166.029184 166.032552 166.035919 166.039287 0.000000 0.000000 0.000000 0.000000 0.000000 0.000000 0.000000 0.000000 0.000000 0.000000 0.000000 0.000000 
166.000000 166.001122 166.002245 166.003929 166.006735 166.010102 166.013470 166.016837 166.020766 166.024133 166.028062 166.031429 166.035358 166.039287 0.000000 0.000000 0.000000 0.000000 0.000000 0.000000 0.000000 0.000000 0.000000 0.000000 0.000000 0.000000 0.000000 0.000000 0.000000 0.000000 
0.000000 166.037603 166.037603 166.038725 166.039848 0.000000 0.000000 0.000000 0.000000 0.000000 0.000000 0.000000 0.000000 0.000000 0.000000 0.000000 0.000000 0.000000 0.000000 0.000000 0.000000 0.000000 0.000000 0.000000 0.000000 0.000000 0.000000 0.000000 0.000000 0.000000 
