test/output/constant/S1_S060_A000_WD135.0_WS010.0/S1_S060_A000_WD135.0_WS010.0_arrival.asc
ncols         29
nrows         8
xllcorner     423803.990666
yllcorner     12748655.311160
cellsize      100.000000
NODATA_value  0.000000
0.000000 166.041600 166.041023 166.040445 166.039867 166.039289 166.039289 166.039289 166.039867 166.040445 166.040445 166.041600 0.000000 0.000000 0.000000 0.000000 0.000000 0.000000 0.000000 0.000000 0.000000 0.000000 0.000000 0.000000 0.000000 0.000000 0.000000 0.000000 0.000000 
166.041023 166.039289 166.038134 166.036978 166.035823 166.035245 166.034089 166.033511 166.032934 166.032356 166.032356 166.032356 166.032934 166.032934 166.034089 166.035245 166.038134 166.041600 0.000000 0.000000 0.000000 0.000000 0.000000 0.000000 0.000000 0.000000 0.000000 0.000000 0.000000 
166.041023 166.039289 166.038134 166.036400 166.035245 166.033511 166.031778 166.030623 166.029467 166.028311 166.027156 166.026578 166.025422 166.025422 166.024845 166.025422 166.025422 166.026000 166.027734 166.030623 166.034667 166.040445 0.000000 0.000000 0.000000 0.000000 0.000000 0.000000 0.000000 
0.000000 166.040445 166.038711 166.036978 166.035245 166.033511 166.031778 166.030623 166.028889 166.027734 166.026000 166.024845 166.023111 166.021956 166.020222 166.019645 166.018489 166.017911 166.017911 166.018489 166.018489 166.019645 166.023111 166.028311 166.037556 0.000000 0.000000 0.000000 0.000000 
0.000000 0.000000 0.000000 166.040445 166.038711 166.036400 166.034089 166.032356 166.030045 166.028311 166.026578 166.024845 166.023111 166.021956 166.020222 166.018489 166.017333 166.015600 166.014445 166.012711 166.012133 166.010978 166.010978 166.010978 166.012133 166.016178 166.026000 0.000000 0.000000 
0.000000 0.000000 0.000000 0.000000 0.000000 0.000000 166.039867 166.037556 166.035245 166.032934 166.030623 166.028311 166.026000 166.024267 166.021956 166.019645 166.017911 166.016178 166.014445 166.012711 166.011556 166.009822 166.008667 166.006933 166.005200 166.004044 166.004044 166.004044 166.017333 
0.000000 0.000000 0.000000 0.000000 0.000000 0.000000 0.000000 0.000000 0.000000 166.041600 166.039289 166.036978 166.034089 166.031778 166.029467 166.026578 166.024267 166.021956 166.019067 166.016756 166.014445 166.012133 166.009822 166.007511 166.005778 166.004044 166.002311 166.001156 166.000000 
0.000000 0.000000 0.000000 0.000000 0.000000 0.000000 0.000000 0.000000 0.000000 0.000000 0.000000 0.000000 0.000000 0.000000 0.000000 0.000000 0.000000 166.039867 166.037556 166.034667 166.032356 166.029467 166.027734 166.026000 166.025422 166.023689 166.023111 166.027156 166.039867 
