test/output/constant/M395_S060_A180_WD000.0_WS005.0/M395_S060_A180_WD000.0_WS005.0_ros.asc
ncols         57
nrows         14
xllcorner     426503.990666
yllcorner     12747755.311160
cellsize      100.000000
NODATA_value  0.000000
0.000000 0.000000 0.000000 0.000000 0.000000 0.000000 0.000000 0.000000 0.000000 0.000000 0.000000 0.000000 48.508183 32.983292 25.751720 32.983292 32.983292 48.508183 32.983292 0.000000 0.000000 0.000000 0.000000 0.000000 0.000000 0.000000 0.000000 0.000000 0.000000 0.000000 0.000000 0.000000 0.000000 0.000000 0.000000 0.000000 0.000000 0.000000 0.000000 0.000000 0.000000 0.000000 0.000000 0.000000 0.000000 0.000000 0.000000 0.000000 0.000000 0.000000 0.000000 0.000000 0.000000 0.000000 0.000000 0.000000 0.000000 
0.000000 0.000000 0.000000 1.110185 32.983292 32.983292 40.646351 48.508183 32.983292 32.983292 32.983292 32.983292 40.646351 32.983292 40.646351 40.646351 48.508183 32.983292 25.751720 48.508183 48.508183 32.983292 63.874325 25.751720 48.508183 40.646351 32.983292 40.646351 48.508183 48.508183 56.330021 56.330021 56.330021 0.000000 0.000000 0.000000 0.000000 0.000000 0.000000 0.000000 0.000000 0.000000 0.000000 0.000000 0.000000 0.000000 0.000000 0.000000 0.000000 0.000000 0.000000 0.000000 0.000000 0.000000 0.000000 0.000000 0.000000 
0.000000 1.110185 25.751720 40.646351 25.751720 56.330021 25.751720 40.646351 40.646351 48.508183 40.646351 63.874325 48.508183 40.646351 56.330021 48.508183 48.508183 77.229218 63.874325 56.330021 70.911964 63.874325 70.911964 70.911964 70.911964 48.508183 70.911964 70.911964 77.229218 70.911964 77.229218 70.911964 40.646351 70.911964 48.508183 77.229218 56.330021 70.911964 48.508183 0.000000 0.000000 0.000000 0.000000 0.000000 0.000000 0.000000 0.000000 0.000000 0.000000 0.000000 0.000000 0.000000 0.000000 0.000000 0.000000 0.000000 0.000000 
1.138568 -1.000000 92.379395 92.379395 92.379395 92.379395 63.874325 92.379395 70.911964 92.379395 70.911964 63.874325 70.911964 70.911964 48.508183 82.634224 82.634224 56.330021 77.229218 63.874325 70.911964 56.330021 77.229218 63.874325 70.911964 70.911964 77.229218 70.911964 82.634224 70.911964 32.983292 63.874325 40.646351 70.911964 56.330021 70.911964 63.874325 70.911964 56.330021 77.229218 48.508183 70.911964 70.911964 77.229218 0.000000 0.000000 0.000000 0.000000 0.000000 0.000000 0.000000 0.000000 0.000000 0.000000 0.000000 0.000000 0.000000 
0.000000 1.540974 63.145283 89.827782 92.379395 92.379395 92.379395 92.379395 92.379395 92.379395 92.379395 92.379395 92.379395 63.874325 92.379395 92.379395 63.874325 90.083664 56.330021 90.083664 90.083664 48.508183 77.229218 77.229218 77.229218 56.330021 92.379395 90.083664 40.646351 77.229218 92.379395 86.962845 25.751720 70.911964 70.911964 63.874325 70.911964 70.911964 48.508183 92.379395 70.911964 48.508183 77.229218 70.911964 40.646351 70.911964 70.911964 82.634224 0.000000 0.000000 0.000000 0.000000 0.000000 0.000000 0.000000 0.000000 0.000000 
0.000000 0.000000 0.900505 63.145283 63.145283 63.145283 89.827782 76.636108 76.636108 92.379395 92.379395 92.379395 92.379395 92.379395 92.379395 92.379395 92.379395 92.379395 92.379395 92.379395 92.379395 63.874325 92.379395 77.229218 56.330021 40.646351 92.379395 32.983292 92.379395 92.379395 92.379395 82.634224 63.874325 63.874325 92.379395 56.330021 48.508183 70.911964 77.229218 70.911964 77.229218 77.229218 92.275169 56.330021 77.229218 82.634224 40.646351 77.229218 77.229218 70.911964 0.000000 0.000000 0.000000 0.000000 0.000000 0.000000 0.000000 
0.000000 0.000000 0.000000 1.540974 55.567543 63.145283 2.774511 63.145283 70.240059 70.240059 89.827782 92.213997 92.379395 92.379395 92.379395 92.379395 92.379395 92.379395 92.379395 92.379395 92.379395 92.379395 92.379395 92.379395 92.379395 92.379395 92.379395 92.379395 92.379395 92.379395 92.379395 92.379395 56.330021 92.379395 63.874325 92.379395 56.330021 48.508183 77.229218 92.379395 63.874325 91.901932 92.379395 56.330021 90.083664 48.508183 92.379395 77.229218 70.911964 56.330021 56.330021 82.634224 77.229218 0.000000 0.000000 0.000000 0.000000 
0.000000 0.000000 0.000000 0.000000 0.000000 0.000000 55.567543 63.145283 63.145283 63.145283 63.145283 63.145283 70.240059 91.779961 89.827782 92.379395 82.138931 92.379395 92.379395 89.827782 92.379395 92.379395 92.379395 92.379395 92.379395 92.379395 92.379395 92.379395 92.379395 92.379395 92.379395 92.379395 92.379395 92.379395 92.379395 92.379395 63.874325 92.275169 92.379395 92.379395 63.874325 56.330021 92.379395 92.379395 92.379395 63.874325 92.379395 70.911964 92.379395 56.330021 92.379395 92.379395 82.634224 70.911964 92.379395 0.000000 0.000000 
0.000000 0.000000 0.000000 0.000000 0.000000 0.000000 0.000000 0.000000 0.000000 63.145283 63.145283 70.240059 70.240059 63.145283 63.145283 63.145283 70.240059 91.779961 82.138931 89.827782 92.213997 92.379395 92.379395 89.827782 92.379395 92.379395 89.827782 92.379395 92.379395 92.379395 92.379395 92.379395 92.379395 92.379395 92.379395 92.379395 92.379395 92.379395 92.379395 92.379395 92.379395 92.379395 92.379395 92.379395 92.379395 92.379395 92.379395 92.379395 92.379395 56.330021 92.379395 92.379395 63.874325 92.379395 92.379395 92.379395 0.000000 
0.000000 0.000000 0.000000 0.000000 0.000000 0.000000 0.000000 0.000000 0.000000 0.000000 0.000000 0.000000 63.145283 63.145283 63.145283 70.240059 70.240059 63.145283 63.145283 63.145283 91.779961 89.827782 89.827782 92.379395 92.379395 92.379395 92.379395 92.379395 92.379395 92.379395 92.379395 92.379395 89.827782 92.379395 92.379395 92.379395 92.379395 92.379395 92.379395 92.379395 92.379395 92.379395 92.379395 92.379395 92.379395 92.379395 92.379395 92.379395 92.379395 92.379395 92.379395 92.379395 92.379395 92.379395 92.379395 92.379395 92.379395 
0.000000 0.000000 0.000000 0.000000 0.000000 0.000000 0.000000 0.000000 0.000000 0.000000 0.000000 0.000000 0.000000 0.000000 0.000000 0.000000 63.145283 70.240059 63.145283 63.145283 70.240059 63.145283 89.827782 63.145283 89.827782 89.827782 63.145283 76.636108 91.779961 92.379395 92.379395 91.779961 86.581184 92.379395 92.379395 92.379395 92.379395 92.379395 92.213997 92.379395 91.779961 92.379395 92.379395 91.779961 92.379395 92.379395 92.379395 92.379395 82.138931 92.379395 92.379395 92.379395 92.379395 92.379395 92.379395 92.379395 92.379395 
0.000000 0.000000 0.000000 0.000000 0.000000 0.000000 0.000000 0.000000 0.000000 0.000000 0.000000 0.000000 0.000000 0.000000 0.000000 0.000000 0.000000 0.000000 0.000000 0.000000 0.000000 63.145283 63.145283 63.145283 63.145283 63.145283 63.145283 89.827782 89.827782 63.145283 86.581184 92.379395 92.379395 92.379395 92.379395 92.379395 92.379395 92.379395 92.379395 91.779961 92.379395 92.213997 92.379395 92.379395 92.213997 92.379395 86.581184 92.379395 92.379395 92.379395 92.379395 92.379395 92.379395 92.379395 92.379395 91.779961 0.000000 
0.000000 0.000000 0.000000 0.000000 0.000000 0.000000 0.000000 0.000000 0.000000 0.000000 0.000000 0.000000 0.000000 0.000000 0.000000 0.000000 0.000000 0.000000 0.000000 0.000000 0.000000 0.000000 0.000000 0.000000 0.000000 0.000000 0.000000 63.145283 63.145283 86.581184 63.145283 89.827782 82.138931 89.827782 92.379395 86.581184 86.581184 89.827782 86.581184 89.827782 89.827782 92.379395 92.379395 92.213997 92.379395 92.379395 92.379395 86.581184 92.379395 92.379395 76.636108 92.379395 92.379395 92.379395 0.000000 0.000000 0.000000 
0.000000 0.000000 0.000000 0.000000 0.000000 0.000000 0.000000 0.000000 0.000000 0.000000 0.000000 0.000000 0.000000 0.000000 0.000000 0.000000 0.000000 0.000000 0.000000 0.000000 0.000000 0.000000 0.000000 0.000000 0.000000 0.000000 0.000000 0.000000 0.000000 0.000000 0.000000 0.000000 0.000000 0.000000 0.000000 0.000000 0.000000 0.000000 76.636108 92.379395 92.379395 92.379395 92.379395 92.379395 92.379395 92.379395 92.379395 86.581184 0.000000 0.000000 0.000000 0.000000 0.000000 0.000000 0.000000 0.000000 0.000000 
