test/output/constant/C2_S060_A180_WD270.0_WS050.0/C2_S060_A180_WD270.0_WS050.0_arrival.asc
ncols         42
nrows         5
xllcorner     426603.990666
yllcorner     12748555.311160
cellsize      100.000000
NODATA_value  0.000000
0.000000 0.000000 0.000000 0.000000 0.000000 0.000000 166.038597 166.034576 166.032164 166.029751 166.028143 166.027339 166.026535 166.026133 166.026133 166.025731 166.025731 166.026133 166.026937 166.027339 166.028143 166.028947 166.029349 166.030154 166.030958 166.031360 166.032164 166.032968 166.033772 166.034576 166.035380 166.036184 166.037390 166.038194 166.038999 166.040205 166.041009 0.000000 0.000000 0.000000 0.000000 0.000000 
0.000000 166.021308 166.012866 166.010051 166.008845 166.008845 166.008845 166.009649 166.010453 166.010855 166.011659 166.012463 166.013670 166.014474 166.015680 166.016484 166.017288 166.018494 166.019298 166.020504 166.021308 166.022515 166.023319 166.024123 166.025329 166.026133 166.027339 166.028143 166.029349 166.030154 166.031360 166.032164 166.032968 166.034174 166.034978 166.036184 166.036988 166.038194 166.038999 166.040205 166.041009 0.000000 
166.000000 166.000804 166.001608 166.002814 166.003618 166.004825 166.005629 166.006835 166.007639 166.008845 166.009649 166.010855 166.011659 166.012866 166.013670 166.014876 166.015680 166.016886 166.017690 166.018896 166.019700 166.020906 166.021711 166.022917 166.023721 166.024927 166.025731 166.026937 166.027741 166.028947 166.029751 166.030958 166.031762 166.032968 166.033772 166.034978 166.035782 166.036988 166.037792 166.038999 166.039803 166.041009 
0.000000 166.021308 166.012866 166.010051 166.008845 166.008845 166.008845 166.009649 166.010453 166.010855 166.011659 166.012463 166.013670 166.014474 166.015680 166.016484 166.017288 166.018494 166.019298 166.020504 166.021308 166.022515 166.023319 166.024123 166.025329 166.026133 166.027339 166.028143 166.029349 166.030154 166.031360 166.032164 166.032968 166.034174 166.034978 166.036184 166.036988 166.038194 166.038999 166.040205 166.041009 0.000000 
0.000000 0.000000 0.000000 0.000000 0.000000 0.000000 166.038597 166.034576 166.032164 166.029751 166.028143 166.027339 166.026535 166.026133 166.026133 166.025731 166.025731 166.026133 166.026937 166.027339 166.028143 166.028947 166.029349 166.030154 166.030958 166.031360 166.032164 166.032968 166.033772 166.034576 166.035380 166.036184 166.037390 166.038194 166.038999 166.040205 166.041009 0.000000 0.000000 0.000000 0.000000 0.000000 
