test/output/constant/M3M495_S060_A180_WD135.0_WS045.0/M3M495_S060_A180_WD135.0_WS045.0_arrival.asc
ncols         13
nrows         37
xllcorner     426403.990666
yllcorner     12748655.311160
cellsize      100.000000
NODATA_value  0.000000
0.000000 0.000000 0.000000 0.000000 0.000000 0.000000 0.000000 0.000000 0.000000 166.041667 166.041298 166.041298 166.041667 
0.000000 0.000000 0.000000 0.000000 0.000000 0.000000 0.000000 0.000000 166.041667 166.040107 166.040107 166.040107 166.040901 
0.000000 0.000000 0.000000 0.000000 0.000000 0.000000 0.000000 0.000000 166.040107 166.038916 166.038916 166.038916 166.040504 
0.000000 0.000000 0.000000 0.000000 0.000000 0.000000 0.000000 166.040504 166.038519 166.037725 166.037725 166.038122 166.039710 
0.000000 0.000000 0.000000 0.000000 0.000000 0.000000 0.000000 166.038916 166.036930 166.036533 166.036533 166.037327 166.039313 
0.000000 0.000000 0.000000 0.000000 0.000000 0.000000 166.040107 166.037327 166.035739 166.035342 166.035342 166.036533 166.038916 
0.000000 0.000000 0.000000 0.000000 0.000000 0.000000 166.038122 166.035342 166.034151 166.034151 166.034151 166.035739 166.038519 
0.000000 0.000000 0.000000 0.000000 0.000000 166.040107 166.036136 166.033754 166.032959 166.032959 166.033356 166.035342 166.038519 
0.000000 0.000000 0.000000 0.000000 0.000000 166.038122 166.034548 166.032562 166.031768 166.031768 166.032562 166.034945 166.038122 
0.000000 0.000000 0.000000 0.000000 166.040901 166.036136 166.032959 166.030974 166.030577 166.030577 166.031768 166.034548 166.038122 
0.000000 0.000000 0.000000 0.000000 166.038519 166.034151 166.031371 166.029385 166.029385 166.029385 166.031371 166.034548 166.038122 
0.000000 0.000000 0.000000 0.000000 166.036533 166.032165 166.029385 166.028194 166.028194 166.028591 166.030577 166.034151 166.038122 
0.000000 0.000000 0.000000 166.040107 166.034548 166.030180 166.027797 166.027003 166.027003 166.028194 166.030577 166.034151 166.038519 
0.000000 0.000000 0.000000 166.038122 166.032562 166.028591 166.026209 166.025812 166.025812 166.027400 166.030180 166.034151 166.039313 
0.000000 0.000000 0.000000 166.035739 166.030577 166.026606 166.024620 166.024620 166.024620 166.027003 166.030180 166.034548 166.040504 
0.000000 0.000000 166.040901 166.033754 166.028591 166.025017 166.023429 166.023429 166.023826 166.026606 166.030180 166.034945 166.041667 
0.000000 0.000000 166.038519 166.031371 166.026606 166.023429 166.022238 166.022238 166.023032 166.026209 166.030180 166.035739 0.000000 
0.000000 0.000000 166.036136 166.029385 166.024223 166.021841 166.021046 166.021046 166.022635 166.026209 166.030577 166.036930 0.000000 
0.000000 0.000000 166.034151 166.027003 166.022635 166.020252 166.019855 166.020252 166.022238 166.026209 166.031371 166.038519 0.000000 
0.000000 0.000000 166.031768 166.025017 166.020649 166.018664 166.018664 166.019458 166.022238 166.026209 166.032562 166.040901 0.000000 
0.000000 0.000000 166.029385 166.023032 166.019061 166.017472 166.017472 166.018664 166.022238 166.027003 166.033754 0.000000 0.000000 
0.000000 166.039710 166.027003 166.020649 166.017075 166.016281 166.016281 166.018267 166.022238 166.027797 166.036136 0.000000 0.000000 
0.000000 166.037725 166.025017 166.018664 166.015487 166.015090 166.015487 166.018267 166.022635 166.029385 166.038519 0.000000 0.000000 
0.000000 166.035342 166.022635 166.016678 166.013899 166.013899 166.014693 166.018267 166.023429 166.031371 0.000000 0.000000 0.000000 
0.000000 166.032959 166.020252 166.014693 166.012707 166.012707 166.014296 166.018267 166.024620 166.034151 0.000000 0.000000 0.000000 
0.000000 166.030577 166.017870 166.012707 166.011516 166.011516 166.014296 166.019061 166.027003 166.037725 0.000000 0.000000 0.000000 
0.000000 166.028591 166.015884 166.011119 166.010325 166.010722 166.014296 166.020252 166.029783 0.000000 0.000000 0.000000 0.000000 
0.000000 166.026209 166.013501 166.009530 166.009133 166.010325 166.014296 166.022238 166.033356 0.000000 0.000000 0.000000 0.000000 
0.000000 166.023826 166.011516 166.007942 166.007942 166.010325 166.015487 166.025414 166.038519 0.000000 0.000000 0.000000 0.000000 
166.040901 166.021443 166.009133 166.006751 166.006751 166.010325 166.017870 166.029385 0.000000 0.000000 0.000000 0.000000 0.000000 
166.039710 166.019458 166.007148 166.005559 166.006354 166.011119 166.021046 166.034945 0.000000 0.000000 0.000000 0.000000 0.000000 
166.038916 166.017472 166.005162 166.004368 166.006354 166.013104 166.026209 0.000000 0.000000 0.000000 0.000000 0.000000 0.000000 
166.038916 166.015487 166.003177 166.003177 166.006354 166.017075 166.033356 0.000000 0.000000 0.000000 0.000000 0.000000 0.000000 
166.039710 166.014296 166.001986 166.002383 166.008736 166.023826 0.000000 0.000000 0.000000 0.000000 0.000000 0.000000 0.000000 
0.000000 166.013501 166.000794 166.002383 166.014693 166.033754 0.000000 0.000000 0.000000 0.000000 0.000000 0.000000 0.000000 
0.000000 166.015090 166.000000 166.005162 166.026209 0.000000 0.000000 0.000000 0.000000 0.000000 0.000000 0.000000 0.000000 
0.000000 166.036136 166.027400 166.033754 0.000000 0.000000 0.000000 0.000000 0.000000 0.000000 0.000000 0.000000 0.000000 
