test/output/constant/M490_S000_A270_WD090.0_WS050.0/M490_S000_A270_WD090.0_WS050.0_arrival.asc
ncols         42
nrows         7
xllcorner     422503.990666
yllcorner     12748455.311160
cellsize      100.000000
NODATA_value  0.000000
0.000000 0.000000 0.000000 0.000000 0.000000 0.000000 0.000000 166.041569 166.040762 166.039955 166.039551 166.038744 166.037937 166.037130 166.036726 166.035919 166.035112 166.034708 166.033901 166.033094 166.032690 166.032287 166.032287 166.031883 166.031883 166.032287 166.032690 166.033094 166.033901 166.034708 166.036322 166.037533 166.040358 0.000000 0.000000 0.000000 0.000000 0.000000 0.000000 0.000000 0.000000 0.000000 
0.000000 0.000000 166.041667 166.040762 166.039955 166.039148 166.037937 166.037130 166.036322 166.035112 166.034305 166.033497 166.032287 166.031479 166.030672 166.029865 166.028654 166.027847 166.027040 166.026233 166.025426 166.024619 166.023811 166.023004 166.022601 166.021793 166.020986 166.020583 166.019776 166.019372 166.019372 166.019372 166.019776 166.020179 166.020986 166.022601 166.025022 166.028251 166.035112 0.000000 0.000000 0.000000 
166.041569 166.040762 166.039551 166.038744 166.037533 166.036726 166.035515 166.034708 166.033497 166.032690 166.031479 166.030672 166.029462 166.028654 166.027444 166.026636 166.025426 166.024619 166.023408 166.022601 166.021390 166.020583 166.019372 166.018565 166.017758 166.016547 166.015740 166.014933 166.013722 166.012915 166.011704 166.010897 166.010090 166.009282 166.008475 166.007668 166.006861 166.006457 166.006861 166.007668 166.010897 166.027847 
166.041165 166.039955 166.039148 166.037937 166.037130 166.035919 166.035112 166.033901 166.033094 166.031883 166.031076 166.029865 166.029058 166.027847 166.027040 166.025829 166.025022 166.023811 166.023004 166.021793 166.020986 166.019776 166.018968 166.017758 166.016950 166.015740 166.014933 166.013722 166.012915 166.011704 166.010897 166.009686 166.008879 166.007668 166.006861 166.005650 166.004843 166.003632 166.002825 166.001614 166.000807 166.000000 
166.041569 166.040762 166.039551 166.038744 166.037533 166.036726 166.035515 166.034708 166.033497 166.032690 166.031479 166.030672 166.029462 166.028654 166.027444 166.026636 166.025426 166.024619 166.023408 166.022601 166.021390 166.020583 166.019372 166.018565 166.017758 166.016547 166.015740 166.014933 166.013722 166.012915 166.011704 166.010897 166.010090 166.009282 166.008475 166.007668 166.006861 166.006457 166.006861 166.007668 166.010897 166.027847 
0.000000 0.000000 166.041667 166.040762 166.039955 166.039148 166.037937 166.037130 166.036322 166.035112 166.034305 166.033497 166.032287 166.031479 166.030672 166.029865 166.028654 166.027847 166.027040 166.026233 166.025426 166.024619 166.023811 166.023004 166.022601 166.021793 166.020986 166.020583 166.019776 166.019372 166.019372 166.019372 166.019776 166.020179 166.020986 166.022601 166.025022 166.028251 166.035112 0.000000 0.000000 0.000000 
0.000000 0.000000 0.000000 0.000000 0.000000 0.000000 0.000000 166.041569 166.040762 166.039955 166.039551 166.038744 166.037937 166.037130 166.036726 166.035919 166.035112 166.034708 166.033901 166.033094 166.032690 166.032287 166.032287 166.031883 166.031883 166.032287 166.032690 166.033094 166.033901 166.034708 166.036322 166.037533 166.040358 0.000000 0.000000 0.000000 0.000000 0.000000 0.000000 0.000000 0.000000 0.000000 
