test/output/constant/M3M490_S060_A180_WD045.0_WS015.0/M3M490_S060_A180_WD045.0_WS015.0_intensity.asc
ncols         36
nrows         16
xllcorner     426503.990666
yllcorner     12747355.311160
cellsize      100.000000
NODATA_value  0.000000
1370 1600 10606 7606 10606 10606 22288 26694 10606 14123 14123 14123 0 0 0 0 0 0 0 0 0 0 0 0 0 0 0 0 0 0 0 0 0 0 0 0 
1488 0 53651 53651 39625 35495 18056 39625 10606 10606 10606 14123 18056 14123 22288 22288 26694 0 0 0 0 0 0 0 0 0 0 0 0 0 0 0 0 0 0 0 
1692 3203 50928 53651 53651 53651 53651 7606 14123 53651 14123 14123 10606 10606 10606 10606 7606 35495 10606 14123 0 0 0 0 0 0 0 0 0 0 0 0 0 0 0 0 
0 3203 3203 38238 53651 53651 53651 53651 51582 53651 53651 53651 46723 49476 14123 39625 43406 53651 52978 51582 35495 18056 0 0 0 0 0 0 0 0 0 0 0 0 0 0 
0 0 2124 2275 38238 53651 52576 50928 53651 53651 53651 53651 52978 53651 53651 51582 39625 39625 39625 53620 18056 18056 31141 35495 35495 0 0 0 0 0 0 0 0 0 0 0 
0 0 0 29636 3203 38238 38238 38238 53651 53651 53651 53620 53651 53651 53620 46723 53651 53651 53651 46723 18056 14123 10606 49476 14123 39625 43406 0 0 0 0 0 0 0 0 0 
0 0 0 0 2275 29636 38238 2275 38238 52576 53484 53651 53651 53651 53651 53651 53651 18056 53651 46723 51582 53651 51582 53651 52978 53651 43406 39625 39625 0 0 0 0 0 0 0 
0 0 0 0 0 0 2275 38238 38238 38238 38238 53651 53651 53651 53651 53651 53651 53651 53651 53651 53651 53651 49476 53651 53651 51582 14123 53651 39625 35495 0 0 0 0 0 0 
0 0 0 0 0 0 0 0 38238 38238 1692 38238 52576 53484 53651 50928 53484 53651 53651 53651 53651 53651 53651 53651 52978 14123 53651 53651 53651 10606 53651 7606 0 0 0 0 
0 0 0 0 0 0 0 0 0 0 38238 34025 38238 38238 53651 53651 50928 53651 53651 53651 53620 53651 53651 53651 53651 53651 53651 43406 53651 35495 43406 52978 51582 0 0 0 
0 0 0 0 0 0 0 0 0 0 0 0 38238 1488 42147 38238 38238 38238 42147 53484 53651 53651 53651 53651 53651 53651 53651 53651 53651 53620 18056 51582 14123 39625 0 0 
0 0 0 0 0 0 0 0 0 0 0 0 0 0 38238 38238 52576 53484 50928 52576 53651 53651 53651 53651 53651 53651 53651 53651 53651 53651 53651 53651 53651 53651 53651 0 
0 0 0 0 0 0 0 0 0 0 0 0 0 0 0 0 42147 1692 52576 38238 53651 53651 53484 53651 52576 53651 53651 53651 53651 53651 53651 53651 53651 53620 53651 53651 
0 0 0 0 0 0 0 0 0 0 0 0 0 0 0 0 0 0 0 38238 38238 52576 50928 52576 53651 50928 50928 53651 53651 53651 53651 53651 53651 53651 53651 53651 
0 0 0 0 0 0 0 0 0 0 0 0 0 0 0 0 0 0 0 0 0 0 0 53651 38238 53651 53651 53651 53651 53651 53651 53651 53651 53651 53651 53651 
0 0 0 0 0 0 0 0 0 0 0 0 0 0 0 0 0 0 0 0 0 0 0 0 0 0 0 0 0 53484 53651 52576 53651 0 0 0 
