test/output/constant/M3M490_S060_A180_WD045.0_WS015.0/M3M490_S060_A180_WD045.0_WS015.0_ros.asc
ncols         36
nrows         16
xllcorner     426503.990666
yllcorner     12747355.311160
cellsize      100.000000
NODATA_value  0.000000
1.532870 1.789935 11.861938 8.507235 11.861938 11.861938 24.926769 29.853981 11.861938 15.795208 15.795208 15.795208 0.000000 0.000000 0.000000 0.000000 0.000000 0.000000 0.000000 0.000000 0.000000 0.000000 0.000000 0.000000 0.000000 0.000000 0.000000 0.000000 0.000000 0.000000 0.000000 0.000000 0.000000 0.000000 0.000000 0.000000 
1.664691 0.000000 60.001633 60.001633 44.315056 39.696518 20.193432 44.315056 11.861938 11.861938 11.861938 15.795208 20.193432 15.795208 24.926769 24.926769 29.853981 0.000000 0.000000 0.000000 0.000000 0.000000 0.000000 0.000000 0.000000 0.000000 0.000000 0.000000 0.000000 0.000000 0.000000 0.000000 0.000000 0.000000 0.000000 0.000000 
1.892515 3.582564 56.955555 60.001633 60.001633 60.001633 60.001633 8.507235 15.795208 60.001633 15.795208 15.795208 11.861938 11.861938 11.861938 11.861938 8.507235 39.696518 11.861938 15.795208 0.000000 0.000000 0.000000 0.000000 0.000000 0.000000 0.000000 0.000000 0.000000 0.000000 0.000000 0.000000 0.000000 0.000000 0.000000 0.000000 
0.000000 3.582564 3.582564 42.764286 60.001633 60.001633 60.001633 60.001633 57.687881 60.001633 60.001633 60.001633 52.253033 55.332321 15.795208 44.315056 48.543190 60.001633 59.248463 57.687881 39.696518 20.193432 0.000000 0.000000 0.000000 0.000000 0.000000 0.000000 0.000000 0.000000 0.000000 0.000000 0.000000 0.000000 0.000000 0.000000 
0.000000 0.000000 2.375498 2.544417 42.764286 60.001633 58.798725 56.955555 60.001633 60.001633 60.001633 60.001633 59.248463 60.001633 60.001633 57.687881 44.315056 44.315056 44.315056 59.966927 20.193432 20.193432 34.827164 39.696518 39.696518 0.000000 0.000000 0.000000 0.000000 0.000000 0.000000 0.000000 0.000000 0.000000 0.000000 0.000000 
0.000000 0.000000 0.000000 33.144489 3.582564 42.764286 42.764286 42.764286 60.001633 60.001633 60.001633 59.966927 60.001633 60.001633 59.966927 52.253033 60.001633 60.001633 60.001633 52.253033 20.193432 15.795208 11.861938 55.332321 15.795208 44.315056 48.543190 0.000000 0.000000 0.000000 0.000000 0.000000 0.000000 0.000000 0.000000 0.000000 
0.000000 0.000000 0.000000 0.000000 2.544417 33.144489 42.764286 2.544417 42.764286 58.798725 59.814091 60.001633 60.001633 60.001633 60.001633 60.001633 60.001633 20.193432 60.001633 52.253033 57.687881 60.001633 57.687881 60.001633 59.248463 60.001633 48.543190 44.315056 44.315056 0.000000 0.000000 0.000000 0.000000 0.000000 0.000000 0.000000 
0.000000 0.000000 0.000000 0.000000 0.000000 0.000000 2.544417 42.764286 42.764286 42.764286 42.764286 60.001633 60.001633 60.001633 60.001633 60.001633 60.001633 60.001633 60.001633 60.001633 60.001633 60.001633 55.332321 60.001633 60.001633 57.687881 15.795208 60.001633 44.315056 39.696518 0.000000 0.000000 0.000000 0.000000 0.000000 0.000000 
0.000000 0.000000 0.000000 0.000000 0.000000 0.000000 0.000000 0.000000 42.764286 42.764286 1.892515 42.764286 58.798725 59.814091 60.001633 56.955555 59.814091 60.001633 60.001633 60.001633 60.001633 60.001633 60.001633 60.001633 59.248463 15.795208 60.001633 60.001633 60.001633 11.861938 60.001633 8.507235 0.000000 0.000000 0.000000 0.000000 
0.000000 0.000000 0.000000 0.000000 0.000000 0.000000 0.000000 0.000000 0.000000 0.000000 42.764286 38.052910 42.764286 42.764286 60.001633 60.001633 56.955555 60.001633 60.001633 60.001633 59.966927 60.001633 60.001633 60.001633 60.001633 60.001633 60.001633 48.543190 60.001633 39.696518 48.543190 59.248463 57.687881 0.000000 0.000000 0.000000 
0.000000 0.000000 0.000000 0.000000 0.000000 0.000000 0.000000 0.000000 0.000000 0.000000 0.000000 0.000000 42.764286 1.664691 47.135551 42.764286 42.764286 42.764286 47.135551 59.814091 60.001633 60.001633 60.001633 60.001633 60.001633 60.001633 60.001633 60.001633 60.001633 59.966927 20.193432 57.687881 15.795208 44.315056 0.000000 0.000000 
0.000000 0.000000 0.000000 0.000000 0.000000 0.000000 0.000000 0.000000 0.000000 0.000000 0.000000 0.000000 0.000000 0.000000 42.764286 42.764286 58.798725 59.814091 56.955555 58.798725 60.001633 60.001633 60.001633 60.001633 60.001633 60.001633 60.001633 60.001633 60.001633 60.001633 60.001633 60.001633 60.001633 60.001633 60.001633 0.000000 
0.000000 0.000000 0.000000 0.000000 0.000000 0.000000 0.000000 0.000000 0.000000 0.000000 0.000000 0.000000 0.000000 0.000000 0.000000 0.000000 47.135551 1.892515 58.798725 42.764286 60.001633 60.001633 59.814091 60.001633 58.798725 60.001633 60.001633 60.001633 60.001633 60.001633 60.001633 60.001633 60.001633 59.966927 60.001633 60.001633 
0.000000 0.000000 0.000000 0.000000 0.000000 0.000000 0.000000 0.000000 0.000000 0.000000 0.000000 0.000000 0.000000 0.000000 0.000000 0.000000 0.000000 0.000000 0.000000 42.764286 42.764286 58.798725 56.955555 58.798725 60.001633 56.955555 56.955555 60.001633 60.001633 60.001633 60.001633 60.001633 60.001633 60.001633 60.001633 60.001633 
0.000000 0.000000 0.000000 0.000000 0.000000 0.000000 0.000000 0.000000 0.000000 0.000000 0.000000 0.000000 0.000000 0.000000 0.000000 0.000000 0.000000 0.000000 0.000000 0.000000 0.000000 0.000000 0.000000 60.001633 42.764286 60.001633 60.001633 60.001633 60.001633 60.001633 60.001633 60.001633 60.001633 60.001633 60.001633 60.001633 
0.000000 0.000000 0.000000 0.000000 0.000000 0.000000 0.000000 0.000000 0.000000 0.000000 0.000000 0.000000 0.000000 0.000000 0.000000 0.000000 0.000000 0.000000 0.000000 0.000000 0.000000 0.000000 0.000000 0.000000 0.000000 0.000000 0.000000 0.000000 0.000000 59.814091 60.001633 58.798725 60.001633 0.000000 0.000000 0.000000 
