test/output/constant/M355_S060_A090_WD135.0_WS020.0/M355_S060_A090_WD135.0_WS020.0_ros.asc
ncols         13
nrows         18
xllcorner     425503.990666
yllcorner     12747155.311160
cellsize      100.000000
NODATA_value  0.000000
0.000000 0.000000 0.000000 0.000000 0.000000 0.000000 0.000000 0.000000 0.000000 0.000000 1.954543 1.734036 1.352561 
0.000000 0.000000 0.000000 0.000000 0.000000 0.000000 0.000000 0.000000 1.954543 2.682719 22.975515 0.000000 5.551585 
0.000000 0.000000 0.000000 0.000000 0.000000 0.000000 0.000000 1.954543 2.682719 2.244408 32.282715 32.282715 4.073574 
0.000000 0.000000 0.000000 0.000000 0.000000 0.000000 1.538319 2.682719 20.507814 32.143471 32.282715 16.808786 4.073574 
0.000000 0.000000 0.000000 0.000000 0.000000 3.574539 2.682719 1.734036 27.343039 32.282715 29.963444 7.357119 5.551585 
0.000000 0.000000 0.000000 0.000000 0.000000 2.682719 4.819806 32.282715 32.282715 32.282715 5.551585 4.073574 0.000000 
0.000000 0.000000 0.000000 0.000000 1.734036 20.507814 2.682719 32.282715 32.282715 31.941282 5.551585 9.445663 0.000000 
0.000000 0.000000 0.000000 3.574539 2.244408 4.819806 32.282715 32.282715 9.445663 9.445663 9.445663 2.952454 0.000000 
0.000000 0.000000 0.000000 22.975515 29.110769 32.282715 32.282715 32.284969 21.917126 5.551585 4.073574 0.000000 0.000000 
0.000000 0.000000 1.734036 27.343039 29.110769 32.282715 32.282715 29.963444 2.366357 9.445663 9.445663 0.000000 0.000000 
0.000000 0.000000 3.574539 25.277111 32.282715 32.282715 26.483362 9.445663 11.761447 16.808786 0.000000 0.000000 0.000000 
0.000000 29.110769 30.526733 30.526733 32.282715 32.282715 32.282715 26.483362 9.445663 9.445663 0.000000 0.000000 0.000000 
0.000000 31.547974 30.526733 32.282715 32.282715 26.483362 9.445663 16.808786 7.357119 0.000000 0.000000 0.000000 0.000000 
3.574539 4.819806 32.282715 32.282715 31.941282 7.357119 11.761447 9.445663 0.000000 0.000000 0.000000 0.000000 0.000000 
25.277111 32.282715 32.282715 32.282715 24.304272 29.963444 9.445663 0.000000 0.000000 0.000000 0.000000 0.000000 0.000000 
32.143471 32.282715 32.282715 32.282715 26.483362 24.304272 0.000000 0.000000 0.000000 0.000000 0.000000 0.000000 0.000000 
32.282715 32.282715 26.483362 32.282715 29.963444 0.000000 0.000000 0.000000 0.000000 0.000000 0.000000 0.000000 0.000000 
32.282715 32.282715 21.917126 32.284969 0.000000 0.000000 0.000000 0.000000 0.000000 0.000000 0.000000 0.000000 0.000000 
