test/output/constant/M3M450_S060_A090_WD315.0_WS010.0/M3M450_S060_A090_WD315.0_WS010.0_arrival.asc
ncols         8
nrows         31
xllcorner     426503.990666
yllcorner     12745755.311160
cellsize      100.000000
NODATA_value  0.000000
166.035851 166.000000 166.015753 0.000000 0.000000 0.000000 0.000000 0.000000 
166.023901 166.001086 166.003802 0.000000 0.000000 0.000000 0.000000 0.000000 
166.021728 166.002173 166.003802 166.022815 0.000000 0.000000 0.000000 0.000000 
166.022271 166.003802 166.003802 166.014666 0.000000 0.000000 0.000000 0.000000 
166.022815 166.005432 166.004889 166.010864 166.034222 0.000000 0.000000 0.000000 
166.023901 166.007062 166.006518 166.010321 166.025531 0.000000 0.000000 0.000000 
166.026074 166.009234 166.008148 166.010321 166.021185 0.000000 0.000000 0.000000 
166.028247 166.011407 166.009234 166.010321 166.018469 166.036938 0.000000 0.000000 
166.029876 166.013580 166.010864 166.010864 166.017382 166.031506 0.000000 0.000000 
166.032592 166.015753 166.011950 166.011950 166.016839 166.027703 0.000000 0.000000 
166.034765 166.018469 166.013580 166.013580 166.016839 166.025531 0.000000 0.000000 
166.037481 166.020642 166.015210 166.014666 166.016839 166.024444 166.038024 0.000000 
166.039654 166.022815 166.016839 166.016296 166.017382 166.023901 166.034765 0.000000 
0.000000 166.024987 166.019012 166.017382 166.018469 166.023358 166.032592 0.000000 
0.000000 166.027703 166.020642 166.019012 166.019012 166.023358 166.031506 0.000000 
0.000000 166.029876 166.022815 166.020642 166.020642 166.023358 166.030419 166.041667 
0.000000 166.032592 166.024987 166.021728 166.021728 166.023901 166.030419 166.039654 
0.000000 166.034765 166.027160 166.023358 166.023358 166.024444 166.029876 166.038024 
0.000000 166.036938 166.028790 166.024987 166.024444 166.025531 166.029876 166.037481 
0.000000 166.039654 166.030963 166.026617 166.026074 166.026074 166.029876 166.036938 
0.000000 166.041667 166.033135 166.028790 166.027160 166.027703 166.030419 166.036938 
0.000000 0.000000 166.035308 166.030419 166.028790 166.028790 166.030963 166.036395 
0.000000 0.000000 166.038024 166.032592 166.030419 166.029876 166.031506 166.036395 
0.000000 0.000000 166.040197 166.034222 166.031506 166.031506 166.032592 166.036395 
0.000000 0.000000 0.000000 166.036395 166.033135 166.033135 166.033679 166.036938 
0.000000 0.000000 0.000000 166.038567 166.034765 166.034222 166.034765 166.037481 
0.000000 0.000000 0.000000 166.040740 166.036938 166.035851 166.035851 166.038024 
0.000000 0.000000 0.000000 0.000000 166.038567 166.036938 166.036938 166.039111 
0.000000 0.000000 0.000000 0.000000 166.040197 166.038567 166.038567 166.039654 
0.000000 0.000000 0.000000 0.000000 0.000000 166.040197 166.039654 166.040740 
0.000000 0.000000 0.000000 0.000000 0.000000 166.041283 166.041283 166.041667 
