test/output/constant/M3100_S060_A090_WD000.0_WS005.0/M3100_S060_A090_WD000.0_WS005.0_raz.asc
ncols         11
nrows         64
xllcorner     426103.990666
yllcorner     12742455.311160
cellsize      100.000000
NODATA_value  0.000000
0 0 0 0 296 65535 63 0 0 0 0 
0 0 0 270 270 180 171 90 0 0 0 
0 0 0 360 239 180 173 63 0 0 0 
0 0 0 188 186 180 173 171 0 0 0 
0 0 0 186 186 180 173 173 0 0 0 
0 0 239 253 182 180 177 174 120 0 0 
0 0 186 186 180 180 174 173 173 0 0 
0 0 253 296 180 180 176 63 173 0 0 
0 0 253 186 180 180 177 173 173 0 0 
0 186 239 186 183 180 176 174 173 173 0 
0 186 188 222 180 180 179 176 171 173 0 
0 186 186 182 180 180 178 173 173 173 0 
0 186 186 185 182 180 177 174 173 173 0 
0 186 222 186 180 180 179 173 171 173 0 
0 239 186 182 185 180 174 177 174 174 0 
0 188 239 184 180 180 179 175 174 171 0 
0 186 189 180 183 180 176 177 170 173 0 
186 239 188 184 180 180 176 175 170 173 173 
186 186 188 183 185 180 174 176 171 173 173 
189 186 181 185 180 180 176 174 175 173 170 
239 186 184 184 180 180 176 175 175 171 171 
222 186 184 180 180 180 171 177 175 173 174 
188 186 185 180 180 180 179 176 174 175 171 
222 186 181 182 185 180 174 177 178 176 171 
186 186 184 180 180 180 178 173 175 176 175 
186 183 186 180 185 180 174 179 173 176 171 
186 184 183 180 180 180 179 176 176 174 174 
212 185 180 185 183 180 176 174 173 174 170 
186 183 183 180 180 180 176 178 176 176 171 
186 182 180 180 182 180 177 177 178 177 170 
186 183 186 182 180 180 177 177 173 176 171 
186 180 183 180 181 180 178 179 176 173 173 
188 182 180 180 180 180 175 179 174 170 170 
180 184 184 180 180 180 180 178 175 175 173 
186 186 180 180 180 180 179 179 177 173 173 
185 182 180 180 180 180 174 176 176 170 174 
182 184 180 183 180 180 176 176 179 175 177 
183 180 183 180 180 180 177 178 176 177 176 
182 188 180 182 185 180 174 177 171 171 171 
183 182 180 180 180 180 178 176 179 177 176 
184 180 184 180 182 180 177 178 175 173 175 
181 183 183 182 180 180 178 177 176 176 171 
184 180 180 180 184 180 175 178 170 178 175 
184 185 180 180 180 180 176 178 179 174 175 
182 182 180 182 180 180 177 177 179 177 170 
184 180 180 180 180 180 178 179 178 174 175 
180 184 180 180 180 180 178 179 177 175 171 
184 180 182 180 185 180 174 176 177 177 175 
183 180 180 180 180 180 177 179 178 176 176 
0 181 180 180 182 180 177 179 179 178 0 
0 183 180 180 180 180 178 174 179 176 0 
0 185 183 180 181 180 178 176 176 174 0 
0 180 180 180 180 180 179 180 177 178 0 
0 180 182 180 183 180 176 178 177 178 0 
0 180 185 180 180 180 179 180 174 179 0 
0 180 180 180 181 180 178 178 178 180 0 
0 0 180 180 180 180 179 177 177 0 0 
0 0 185 184 181 180 178 175 174 0 0 
0 0 180 180 180 180 179 176 178 0 0 
0 0 0 180 184 180 175 178 0 0 0 
0 0 0 180 180 180 171 176 0 0 0 
0 0 0 180 180 179 175 173 0 0 0 
0 0 0 0 180 180 175 0 0 0 0 
0 0 0 0 0 180 0 0 0 0 0 
