test/output/constant/M3M455_S000_A180_WD315.0_WS025.0/M3M455_S000_A180_WD315.0_WS025.0_arrival.asc
ncols         15
nrows         15
xllcorner     426503.990666
yllcorner     12747455.311160
cellsize      100.000000
NODATA_value  0.000000
166.034639 166.024612 166.027347 166.038285 0.000000 0.000000 0.000000 0.000000 0.000000 0.000000 0.000000 0.000000 0.000000 0.000000 0.000000 
166.024612 166.000000 166.001823 166.010939 166.023700 166.037374 0.000000 0.000000 0.000000 0.000000 0.000000 0.000000 0.000000 0.000000 0.000000 
166.027347 166.001823 166.001823 166.005469 166.010939 166.020966 166.032816 0.000000 0.000000 0.000000 0.000000 0.000000 0.000000 0.000000 0.000000 
166.038285 166.010939 166.005469 166.005469 166.008204 166.012762 166.020966 166.030081 166.041667 0.000000 0.000000 0.000000 0.000000 0.000000 0.000000 
0.000000 166.023700 166.010939 166.008204 166.008204 166.011850 166.015496 166.021877 166.030993 166.040108 0.000000 0.000000 0.000000 0.000000 0.000000 
0.000000 166.037374 166.020966 166.012762 166.011850 166.011850 166.014585 166.018231 166.023700 166.031904 166.040108 0.000000 0.000000 0.000000 0.000000 
0.000000 0.000000 166.032816 166.020966 166.015496 166.014585 166.014585 166.018231 166.020966 166.026435 166.032816 166.041020 0.000000 0.000000 0.000000 
0.000000 0.000000 0.000000 166.030081 166.021877 166.018231 166.018231 166.018231 166.020966 166.024612 166.029170 166.035551 0.000000 0.000000 0.000000 
0.000000 0.000000 0.000000 166.041667 166.030993 166.023700 166.020966 166.020966 166.020966 166.024612 166.027347 166.031904 166.037374 0.000000 0.000000 
0.000000 0.000000 0.000000 0.000000 166.040108 166.031904 166.026435 166.024612 166.024612 166.024612 166.027347 166.030081 166.034639 166.040108 0.000000 
0.000000 0.000000 0.000000 0.000000 0.000000 166.040108 166.032816 166.029170 166.027347 166.027347 166.028258 166.030993 166.033728 166.037374 0.000000 
0.000000 0.000000 0.000000 0.000000 0.000000 0.000000 166.041020 166.035551 166.031904 166.030081 166.030993 166.030993 166.033728 166.036462 166.040108 
0.000000 0.000000 0.000000 0.000000 0.000000 0.000000 0.000000 0.000000 166.037374 166.034639 166.033728 166.033728 166.034639 166.036462 166.040108 
0.000000 0.000000 0.000000 0.000000 0.000000 0.000000 0.000000 0.000000 0.000000 166.040108 166.037374 166.036462 166.036462 166.037374 166.040108 
0.000000 0.000000 0.000000 0.000000 0.000000 0.000000 0.000000 0.000000 0.000000 0.000000 0.000000 166.040108 166.040108 166.040108 166.041020 
