test/output/constant/M3100_S060_A000_WD090.0_WS005.0/M3100_S060_A000_WD090.0_WS005.0_arrival.asc
ncols         64
nrows         11
xllcorner     420303.990666
yllcorner     12748255.311160
cellsize      100.000000
NODATA_value  0.000000
0.000000 0.000000 0.000000 0.000000 0.000000 0.000000 0.000000 0.000000 0.000000 0.000000 0.000000 0.000000 0.000000 0.000000 0.000000 166.041667 166.041265 166.040732 166.040200 166.039934 166.039401 166.038869 166.038602 166.038070 166.037538 166.037271 166.036739 166.036473 166.035940 166.035674 166.035674 166.035408 166.035408 166.035408 166.035408 166.035408 166.035674 166.035940 166.036206 166.036473 166.036739 166.037005 166.037804 166.038336 166.038869 166.039934 166.041265 0.000000 0.000000 0.000000 0.000000 0.000000 0.000000 0.000000 0.000000 0.000000 0.000000 0.000000 0.000000 0.000000 0.000000 0.000000 0.000000 0.000000 
0.000000 0.000000 0.000000 0.000000 0.000000 0.000000 0.000000 0.000000 166.041667 166.041265 166.040466 166.039934 166.039401 166.038869 166.038336 166.037538 166.037005 166.036473 166.036206 166.035674 166.035142 166.034609 166.034077 166.033810 166.033278 166.032745 166.032213 166.031681 166.031414 166.030882 166.030349 166.030083 166.029551 166.029018 166.028752 166.028220 166.027953 166.027687 166.027687 166.027687 166.027687 166.027687 166.027687 166.027953 166.028220 166.028486 166.029018 166.029551 166.030083 166.031148 166.032479 166.033810 166.035674 166.037804 166.040732 0.000000 0.000000 0.000000 0.000000 0.000000 0.000000 0.000000 0.000000 0.000000 
0.000000 0.000000 0.000000 0.000000 0.000000 166.041265 166.040732 166.039934 166.039401 166.038869 166.038336 166.037538 166.037005 166.036473 166.035674 166.035142 166.034609 166.033810 166.033278 166.032745 166.031947 166.031414 166.030882 166.030083 166.029551 166.029018 166.028486 166.027953 166.027155 166.026622 166.026090 166.025824 166.025291 166.024759 166.024226 166.023694 166.023428 166.022895 166.022363 166.021830 166.021564 166.021032 166.020499 166.020233 166.019967 166.019701 166.019701 166.019701 166.019967 166.020233 166.020499 166.020765 166.021298 166.022097 166.023694 166.025291 166.027421 166.030083 166.033810 0.000000 0.000000 0.000000 0.000000 0.000000 
0.000000 0.000000 166.041667 166.040998 166.040466 166.039667 166.039135 166.038336 166.037804 166.037005 166.036473 166.035674 166.035142 166.034343 166.033810 166.033278 166.032479 166.031947 166.031148 166.030616 166.029817 166.029285 166.028752 166.027953 166.027421 166.026889 166.026090 166.025557 166.024759 166.024226 166.023694 166.023161 166.022363 166.021830 166.021032 166.020499 166.019967 166.019168 166.018636 166.018103 166.017571 166.016772 166.016240 166.015707 166.015175 166.014909 166.014376 166.013844 166.013311 166.013045 166.012513 166.011980 166.011980 166.011980 166.011980 166.012246 166.012779 166.013311 166.014909 166.016772 166.019967 166.027687 166.039934 0.000000 
0.000000 166.041265 166.040466 166.039934 166.039135 166.038602 166.038070 166.037271 166.036739 166.035940 166.035408 166.034609 166.034077 166.033278 166.032745 166.031947 166.031414 166.030616 166.030083 166.029285 166.028752 166.027953 166.027421 166.026889 166.026090 166.025557 166.024759 166.024226 166.023428 166.022895 166.022097 166.021564 166.021032 166.020233 166.019701 166.018902 166.018369 166.017571 166.017038 166.016240 166.015707 166.014909 166.014376 166.013577 166.013045 166.012246 166.011714 166.011181 166.010383 166.009850 166.009052 166.008519 166.007720 166.007188 166.006656 166.005857 166.005324 166.005058 166.004526 166.003993 166.003993 166.004526 166.006123 166.014642 
166.041667 166.040998 166.040466 166.039667 166.039135 166.038336 166.037804 166.037005 166.036473 166.035674 166.035142 166.034343 166.033810 166.033012 166.032479 166.031681 166.031148 166.030349 166.029817 166.029018 166.028486 166.027687 166.027155 166.026356 166.025824 166.025025 166.024493 166.023694 166.023161 166.022363 166.021830 166.021032 166.020499 166.019701 166.019168 166.018369 166.017837 166.017038 166.016506 166.015707 166.015175 166.014376 166.013844 166.013045 166.012513 166.011714 166.011181 166.010383 166.009850 166.009052 166.008519 166.007720 166.007188 166.006389 166.005857 166.005058 166.004526 166.003727 166.003195 166.002396 166.001864 166.001065 166.000532 166.000000 
0.000000 166.041265 166.040466 166.039934 166.039135 166.038602 166.038070 166.037271 166.036739 166.035940 166.035408 166.034609 166.034077 166.033278 166.032745 166.031947 166.031414 166.030616 166.030083 166.029285 166.028752 166.027953 166.027421 166.026889 166.026090 166.025557 166.024759 166.024226 166.023428 166.022895 166.022097 166.021564 166.021032 166.020233 166.019701 166.018902 166.018369 166.017571 166.017038 166.016240 166.015707 166.014909 166.014376 166.013577 166.013045 166.012246 166.011714 166.011181 166.010383 166.009850 166.009052 166.008519 166.007720 166.007188 166.006656 166.005857 166.005324 166.005058 166.004526 166.003993 166.003993 166.004526 166.006123 166.014642 
0.000000 0.000000 166.041667 166.040998 166.040466 166.039667 166.039135 166.038336 166.037804 166.037005 166.036473 166.035674 166.035142 166.034343 166.033810 166.033278 166.032479 166.031947 166.031148 166.030616 166.029817 166.029285 166.028752 166.027953 166.027421 166.026889 166.026090 166.025557 166.024759 166.024226 166.023694 166.023161 166.022363 166.021830 166.021032 166.020499 166.019967 166.019168 166.018636 166.018103 166.017571 166.016772 166.016240 166.015707 166.015175 166.014909 166.014376 166.013844 166.013311 166.013045 166.012513 166.011980 166.011980 166.011980 166.011980 166.012246 166.012779 166.013311 166.014909 166.016772 166.019967 166.027687 166.039934 0.000000 
0.000000 0.000000 0.000000 0.000000 0.000000 166.041265 166.040732 166.039934 166.039401 166.038869 166.038336 166.037538 166.037005 166.036473 166.035674 166.035142 166.034609 166.033810 166.033278 166.032745 166.031947 166.031414 166.030882 166.030083 166.029551 166.029018 166.028486 166.027953 166.027155 166.026622 166.026090 166.025824 166.025291 166.024759 166.024226 166.023694 166.023428 166.022895 166.022363 166.021830 166.021564 166.021032 166.020499 166.020233 166.019967 166.019701 166.019701 166.019701 166.019967 166.020233 166.020499 166.020765 166.021298 166.022097 166.023694 166.025291 166.027421 166.030083 166.033810 0.000000 0.000000 0.000000 0.000000 0.000000 
0.000000 0.000000 0.000000 0.000000 0.000000 0.000000 0.000000 0.000000 166.041667 166.041265 166.040466 166.039934 166.039401 166.038869 166.038336 166.037538 166.037005 166.036473 166.036206 166.035674 166.035142 166.034609 166.034077 166.033810 166.033278 166.032745 166.032213 166.031681 166.031414 166.030882 166.030349 166.030083 166.029551 166.029018 166.028752 166.028220 166.027953 166.027687 166.027687 166.027687 166.027687 166.027687 166.027687 166.027953 166.028220 166.028486 166.029018 166.029551 166.030083 166.031148 166.032479 166.033810 166.035674 166.037804 166.040732 0.000000 0.000000 0.000000 0.000000 0.000000 0.000000 0.000000 0.000000 0.000000 
0.000000 0.000000 0.000000 0.000000 0.000000 0.000000 0.000000 0.000000 0.000000 0.000000 0.000000 0.000000 0.000000 0.000000 0.000000 166.041667 166.041265 166.040732 166.040200 166.039934 166.039401 166.038869 166.038602 166.038070 166.037538 166.037271 166.036739 166.036473 166.035940 166.035674 166.035674 166.035408 166.035408 166.035408 166.035408 166.035408 166.035674 166.035940 166.036206 166.036473 166.036739 166.037005 166.037804 166.038336 166.038869 166.039934 166.041265 0.000000 0.000000 0.000000 0.000000 0.000000 0.000000 0.000000 0.000000 0.000000 0.000000 0.000000 0.000000 0.000000 0.000000 0.000000 0.000000 0.000000 
