test/output/constant/M3100_S060_A000_WD090.0_WS005.0/M3100_S060_A000_WD090.0_WS005.0_raz.asc
ncols         64
nrows         11
xllcorner     420303.990666
yllcorner     12748255.311160
cellsize      100.000000
NODATA_value  0.000000
0 0 0 0 0 0 0 0 0 0 0 0 0 0 0 273 274 278 274 279 274 274 278 274 273 278 273 272 275 276 276 279 276 276 276 276 302 276 276 276 312 278 312 329 279 276 276 0 0 0 0 0 0 0 0 0 0 0 0 0 0 0 0 0 
0 0 0 0 0 0 0 0 270 270 271 271 275 273 271 273 272 274 275 272 275 271 273 276 272 278 272 274 279 276 274 279 276 273 272 273 275 275 276 276 276 276 276 276 276 276 329 276 278 329 276 276 276 276 276 0 0 0 0 0 0 0 0 0 
0 0 0 0 0 271 275 272 271 275 272 272 273 270 270 271 272 272 271 270 270 279 273 274 270 278 273 270 273 272 274 275 273 276 271 273 276 273 276 274 271 275 274 274 274 278 278 279 329 276 312 276 276 278 329 343 343 276 329 0 0 0 0 0 
0 0 276 273 270 273 274 272 271 270 271 270 273 275 270 270 273 270 270 272 271 271 272 271 273 272 271 273 273 270 271 270 270 272 272 271 275 273 270 276 272 273 272 274 275 273 274 272 274 272 276 275 276 312 276 276 26 276 343 276 278 26 360 0 
0 274 274 278 274 270 271 270 271 270 273 270 271 271 272 272 275 271 271 272 273 274 271 272 271 275 272 273 275 270 270 274 271 272 272 273 273 270 275 271 275 270 278 273 273 275 273 273 270 275 270 272 271 270 273 272 273 275 272 276 276 329 360 26 
270 270 270 270 270 270 270 270 270 270 270 270 270 270 270 270 270 270 270 270 270 270 270 270 270 270 270 270 270 270 270 270 270 270 270 270 270 270 270 270 270 270 270 270 270 270 270 270 270 270 270 270 270 270 270 270 270 270 270 270 270 270 270 254 
0 270 270 270 265 270 270 270 270 270 270 270 270 270 270 270 270 270 270 270 270 265 270 270 270 270 270 270 270 270 270 270 270 270 270 270 270 270 270 270 270 270 270 270 270 264 270 270 270 270 270 270 270 270 270 270 270 270 270 263 263 210 180 153 
0 0 270 270 270 270 270 270 270 270 270 270 270 270 270 270 270 270 270 270 270 270 270 270 270 270 270 270 270 270 270 270 270 270 270 270 270 270 270 270 270 270 270 265 264 270 270 270 265 270 270 264 263 227 263 263 153 263 196 263 261 90 180 0 
0 0 0 0 0 270 270 270 270 270 270 270 270 270 270 270 270 270 270 270 270 270 270 265 270 270 270 270 270 270 265 270 270 270 270 266 270 270 270 265 270 270 265 270 265 261 261 260 210 263 227 263 263 261 210 196 196 263 210 0 0 0 0 0 
0 0 0 0 0 0 0 0 270 270 270 270 270 270 270 270 270 265 270 270 270 270 266 270 270 270 270 265 270 270 265 270 270 266 270 266 264 264 263 263 263 263 263 263 263 263 210 263 261 210 263 263 263 263 263 0 0 0 0 0 0 0 0 0 
0 0 0 0 0 0 0 0 0 0 0 0 0 0 0 270 270 270 265 270 270 265 270 270 266 270 266 270 264 263 270 260 263 263 263 263 237 263 263 263 227 261 227 210 260 263 263 0 0 0 0 0 0 0 0 0 0 0 0 0 0 0 0 0 
