test/output/constant/M355_S060_A000_WD315.0_WS015.0/M355_S060_A000_WD315.0_WS015.0_ros.asc
ncols         22
nrows         11
xllcorner     424603.990666
yllcorner     12747855.311160
cellsize      100.000000
NODATA_value  0.000000
0.000000 0.000000 0.000000 0.000000 0.000000 0.000000 0.000000 0.000000 0.000000 0.000000 0.000000 0.000000 0.000000 0.000000 0.000000 3.958632 12.364552 12.364552 7.511368 7.511368 1.256827 1.256827 
0.000000 0.000000 0.000000 0.000000 0.000000 0.000000 0.000000 0.000000 0.000000 0.000000 0.000000 9.806041 7.511368 7.511368 12.364552 9.806041 15.112745 15.112745 12.364552 35.377235 -1.000000 1.387952 
0.000000 0.000000 0.000000 0.000000 0.000000 0.000000 0.000000 0.000000 9.806041 12.364552 7.511368 7.511368 15.112745 23.668444 12.364552 9.806041 35.377235 35.377235 35.377235 35.377235 2.091199 1.546957 
0.000000 0.000000 0.000000 0.000000 0.000000 0.000000 7.511368 5.545080 12.364552 9.806041 17.969656 17.969656 30.925125 23.668444 35.377235 35.377235 35.377235 27.760674 3.570672 3.570672 1.775496 0.000000 
0.000000 0.000000 0.000000 0.000000 0.000000 15.112745 7.511368 7.511368 28.782909 23.668444 28.782909 35.377235 35.377235 35.377235 35.246395 30.038254 31.978437 25.214849 1.775496 1.546957 0.000000 0.000000 
0.000000 0.000000 0.000000 12.364552 20.850290 12.364552 15.112745 28.782909 26.339457 35.377235 35.377235 35.377235 35.377235 27.760674 27.760674 25.214849 25.214849 1.387952 2.091199 0.000000 0.000000 0.000000 
0.000000 0.000000 34.058292 23.668444 7.511368 35.377235 35.377235 35.377235 35.377235 35.377235 35.377235 27.760674 34.622757 1.546957 22.478008 3.570672 2.578441 0.000000 0.000000 0.000000 0.000000 0.000000 
0.000000 26.339457 9.806041 26.339457 12.364552 35.377235 35.377235 35.377235 35.377235 35.377235 27.760674 31.978437 25.214849 4.963121 1.387952 0.000000 0.000000 0.000000 0.000000 0.000000 0.000000 0.000000 
35.377235 35.377235 35.377235 35.377235 35.377235 35.377235 35.377235 35.377235 33.522263 30.038254 3.570672 22.478008 25.214849 0.000000 0.000000 0.000000 0.000000 0.000000 0.000000 0.000000 0.000000 0.000000 
35.377235 35.377235 35.377235 35.377235 35.377235 33.522263 35.377235 35.377235 22.478008 2.578441 3.570672 0.000000 0.000000 0.000000 0.000000 0.000000 0.000000 0.000000 0.000000 0.000000 0.000000 0.000000 
0.000000 35.377235 35.377235 35.377235 31.978437 35.377235 31.978437 0.000000 0.000000 0.000000 0.000000 0.000000 0.000000 0.000000 0.000000 0.000000 0.000000 0.000000 0.000000 0.000000 0.000000 0.000000 
