test/output/constant/M3M475_S060_A180_WD270.0_WS045.0/M3M475_S060_A180_WD270.0_WS045.0_arrival.asc
ncols         51
nrows         7
xllcorner     426603.990666
yllcorner     12748455.311160
cellsize      100.000000
NODATA_value  0.000000
0.000000 0.000000 0.000000 0.000000 0.000000 0.000000 0.000000 0.000000 0.000000 0.000000 0.000000 0.000000 0.000000 0.000000 0.000000 0.000000 166.040387 166.039394 166.038401 166.037739 166.037077 166.036746 166.036415 166.036415 166.036083 166.035752 166.035752 166.036083 166.036415 166.036746 166.037408 166.037739 166.038401 166.039063 166.039394 166.040056 166.040387 166.041049 166.041667 0.000000 0.000000 0.000000 0.000000 0.000000 0.000000 0.000000 0.000000 0.000000 0.000000 0.000000 0.000000 
0.000000 0.000000 0.000000 0.000000 0.000000 166.038401 166.032773 166.029463 166.027145 166.025159 166.024166 166.022842 166.022180 166.022180 166.021849 166.021518 166.021518 166.021849 166.022180 166.022842 166.023504 166.023835 166.024497 166.025159 166.025821 166.026152 166.026814 166.027476 166.028138 166.028801 166.029463 166.030125 166.030787 166.031780 166.032442 166.033104 166.033766 166.034759 166.035421 166.036083 166.037077 166.037739 166.038401 166.039063 166.040056 166.040718 166.041667 0.000000 0.000000 0.000000 0.000000 
0.000000 166.019200 166.010593 166.008607 166.007614 166.007283 166.007283 166.007945 166.008607 166.009269 166.009931 166.010593 166.011255 166.011917 166.012911 166.013573 166.014566 166.015228 166.015890 166.016883 166.017545 166.018538 166.019200 166.020193 166.020856 166.021518 166.022511 166.023173 166.024166 166.024828 166.025821 166.026483 166.027145 166.028138 166.028801 166.029794 166.030456 166.031449 166.032111 166.033104 166.033766 166.034759 166.035421 166.036083 166.037077 166.037739 166.038732 166.039394 166.040387 166.041049 0.000000 
166.000000 166.000662 166.001324 166.002317 166.002979 166.003972 166.004635 166.005628 166.006290 166.007283 166.007945 166.008938 166.009600 166.010593 166.011255 166.012249 166.012911 166.013904 166.014566 166.015559 166.016221 166.017214 166.017876 166.018869 166.019531 166.020525 166.021187 166.022180 166.022842 166.023835 166.024497 166.025490 166.026152 166.027145 166.027807 166.028801 166.029463 166.030456 166.031118 166.032111 166.032773 166.033766 166.034428 166.035421 166.036083 166.037077 166.037739 166.038732 166.039394 166.040387 166.041049 
0.000000 166.019200 166.010593 166.008607 166.007614 166.007283 166.007283 166.007945 166.008607 166.009269 166.009931 166.010593 166.011255 166.011917 166.012911 166.013573 166.014566 166.015228 166.015890 166.016883 166.017545 166.018538 166.019200 166.020193 166.020856 166.021518 166.022511 166.023173 166.024166 166.024828 166.025821 166.026483 166.027145 166.028138 166.028801 166.029794 166.030456 166.031449 166.032111 166.033104 166.033766 166.034759 166.035421 166.036083 166.037077 166.037739 166.038732 166.039394 166.040387 166.041049 0.000000 
0.000000 0.000000 0.000000 0.000000 0.000000 166.038401 166.032773 166.029463 166.027145 166.025159 166.024166 166.022842 166.022180 166.022180 166.021849 166.021518 166.021518 166.021849 166.022180 166.022842 166.023504 166.023835 166.024497 166.025159 166.025821 166.026152 166.026814 166.027476 166.028138 166.028801 166.029463 166.030125 166.030787 166.031780 166.032442 166.033104 166.033766 166.034759 166.035421 166.036083 166.037077 166.037739 166.038401 166.039063 166.040056 166.040718 166.041667 0.000000 0.000000 0.000000 0.000000 
0.000000 0.000000 0.000000 0.000000 0.000000 0.000000 0.000000 0.000000 0.000000 0.000000 0.000000 0.000000 0.000000 0.000000 0.000000 0.000000 166.040387 166.039394 166.038401 166.037739 166.037077 166.036746 166.036415 166.036415 166.036083 166.035752 166.035752 166.036083 166.036415 166.036746 166.037408 166.037739 166.038401 166.039063 166.039394 166.040056 166.040387 166.041049 166.041667 0.000000 0.000000 0.000000 0.000000 0.000000 0.000000 0.000000 0.000000 0.000000 0.000000 0.000000 0.000000 
