test/output/constant/M4100_S000_A270_WD180.0_WS045.0/M4100_S000_A270_WD180.0_WS045.0_arrival.asc
ncols         9
nrows         44
xllcorner     426203.990666
yllcorner     12748755.311160
cellsize      100.000000
NODATA_value  0.000000
0.000000 0.000000 0.000000 166.041667 166.041504 166.041667 0.000000 0.000000 0.000000 
0.000000 0.000000 0.000000 166.040728 166.040340 166.040728 0.000000 0.000000 0.000000 
0.000000 0.000000 166.041667 166.039952 166.039564 166.039952 166.041667 0.000000 0.000000 
0.000000 0.000000 166.040728 166.038788 166.038401 166.038788 166.040728 0.000000 0.000000 
0.000000 0.000000 166.039952 166.038013 166.037625 166.038013 166.039952 0.000000 0.000000 
0.000000 0.000000 166.038788 166.036849 166.036461 166.036849 166.038788 0.000000 0.000000 
0.000000 166.041116 166.038013 166.036073 166.035685 166.036073 166.038013 166.041116 0.000000 
0.000000 166.040340 166.037237 166.034910 166.034522 166.034910 166.037237 166.040340 0.000000 
0.000000 166.039564 166.036073 166.034134 166.033746 166.034134 166.036073 166.039564 0.000000 
0.000000 166.038788 166.035298 166.033358 166.032582 166.033358 166.035298 166.038788 0.000000 
0.000000 166.038013 166.034522 166.032194 166.031807 166.032194 166.034522 166.038013 0.000000 
0.000000 166.037237 166.033358 166.031419 166.030643 166.031419 166.033358 166.037237 0.000000 
0.000000 166.036461 166.032582 166.030255 166.029867 166.030255 166.032582 166.036461 0.000000 
0.000000 166.035685 166.031419 166.029479 166.028703 166.029479 166.031419 166.035685 0.000000 
166.041504 166.034910 166.030643 166.028316 166.027928 166.028316 166.030643 166.034910 166.041504 
166.040728 166.034522 166.029867 166.027540 166.026764 166.027540 166.029867 166.034522 166.040728 
166.040340 166.033746 166.029091 166.026376 166.025988 166.026376 166.029091 166.033746 166.040340 
166.039952 166.032970 166.027928 166.025600 166.024825 166.025600 166.027928 166.032970 166.039952 
166.039564 166.032194 166.027152 166.024437 166.024049 166.024437 166.027152 166.032194 166.039564 
166.039564 166.031807 166.026376 166.023661 166.022885 166.023661 166.026376 166.031807 166.039564 
166.039564 166.031031 166.025213 166.022885 166.022109 166.022885 166.025213 166.031031 166.039564 
166.039564 166.030255 166.024437 166.021722 166.020946 166.021722 166.024437 166.030255 166.039564 
166.039564 166.029867 166.023661 166.020946 166.020170 166.020946 166.023661 166.029867 166.039564 
166.039952 166.029091 166.022885 166.019782 166.019006 166.019782 166.022885 166.029091 166.039952 
166.040340 166.028703 166.022109 166.019006 166.018231 166.019006 166.022109 166.028703 166.040340 
166.040728 166.028316 166.021334 166.017843 166.017067 166.017843 166.021334 166.028316 166.040728 
166.041504 166.028316 166.020946 166.017067 166.016291 166.017067 166.020946 166.028316 166.041504 
0.000000 166.028316 166.020170 166.015903 166.015128 166.015903 166.020170 166.028316 0.000000 
0.000000 166.028316 166.019394 166.015128 166.014352 166.015128 166.019394 166.028316 0.000000 
0.000000 166.028703 166.018618 166.014352 166.013188 166.014352 166.018618 166.028703 0.000000 
0.000000 166.029091 166.018231 166.013188 166.012412 166.013188 166.018231 166.029091 0.000000 
0.000000 166.029867 166.017455 166.012412 166.011249 166.012412 166.017455 166.029867 0.000000 
0.000000 166.030643 166.017067 166.011249 166.010473 166.011249 166.017067 166.030643 0.000000 
0.000000 166.031419 166.017067 166.010473 166.009309 166.010473 166.017067 166.031419 0.000000 
0.000000 166.032970 166.017067 166.009697 166.008533 166.009697 166.017067 166.032970 0.000000 
0.000000 166.035298 166.017455 166.008533 166.007370 166.008533 166.017455 166.035298 0.000000 
0.000000 166.038401 166.017843 166.007758 166.006594 166.007758 166.017843 166.038401 0.000000 
0.000000 0.000000 166.019006 166.006982 166.005430 166.006982 166.019006 0.000000 0.000000 
0.000000 0.000000 166.020558 166.006594 166.004655 166.006594 166.020558 0.000000 0.000000 
0.000000 0.000000 166.023273 166.005818 166.003491 166.005818 166.023273 0.000000 0.000000 
0.000000 0.000000 166.027928 166.005818 166.002715 166.005818 166.027928 0.000000 0.000000 
0.000000 0.000000 166.038013 166.006206 166.001552 166.006206 166.038013 0.000000 0.000000 
0.000000 0.000000 0.000000 166.008533 166.000776 166.008533 0.000000 0.000000 0.000000 
0.000000 0.000000 0.000000 166.021722 166.000000 166.021722 0.000000 0.000000 0.000000 
