test/output/constant/M3M470_S060_A180_WD045.0_WS020.0/M3M470_S060_A180_WD045.0_WS020.0_ros.asc
ncols         22
nrows         15
xllcorner     426503.990666
yllcorner     12747455.311160
cellsize      100.000000
NODATA_value  0.000000
1.477574 6.491868 6.491868 17.149267 6.491868 17.149267 0.000000 0.000000 0.000000 0.000000 0.000000 0.000000 0.000000 0.000000 0.000000 0.000000 0.000000 0.000000 0.000000 0.000000 0.000000 0.000000 
3.030417 -1.000000 39.385353 36.514111 4.692340 8.699492 8.699492 6.491868 4.692340 0.000000 0.000000 0.000000 0.000000 0.000000 0.000000 0.000000 0.000000 0.000000 0.000000 0.000000 0.000000 0.000000 
2.494348 1.670234 39.385353 39.385353 39.385353 39.384186 39.384186 29.538094 4.692340 23.490551 20.309473 0.000000 0.000000 0.000000 0.000000 0.000000 0.000000 0.000000 0.000000 0.000000 0.000000 0.000000 
0.000000 3.030417 30.837633 39.385353 39.385353 39.385353 32.223156 39.385353 36.514111 6.491868 4.692340 26.597775 26.597775 0.000000 0.000000 0.000000 0.000000 0.000000 0.000000 0.000000 0.000000 0.000000 
0.000000 2.145400 2.145400 39.224720 39.385353 39.385353 39.385353 39.385353 39.384186 38.956985 36.514111 37.990585 6.491868 8.699492 8.699492 0.000000 0.000000 0.000000 0.000000 0.000000 0.000000 0.000000 
0.000000 0.000000 4.122762 24.978485 24.978485 38.507652 39.224720 39.385353 39.385353 39.385353 39.385353 39.385353 8.699492 38.956985 38.956985 6.491868 0.000000 0.000000 0.000000 0.000000 0.000000 0.000000 
0.000000 0.000000 0.000000 4.122762 2.494348 3.030417 38.507652 39.385353 39.385353 39.385353 39.384186 39.385353 37.990585 32.223156 39.385353 38.956985 3.337268 0.000000 0.000000 0.000000 0.000000 0.000000 
0.000000 0.000000 0.000000 0.000000 24.978485 28.011505 2.145400 39.385353 39.385353 39.384186 39.385353 39.385353 39.385353 39.385353 39.385353 8.699492 39.385353 38.956985 0.000000 0.000000 0.000000 0.000000 
0.000000 0.000000 0.000000 0.000000 0.000000 0.000000 2.494348 1.888488 39.385353 39.385353 39.385353 39.384186 39.385353 39.385353 39.385353 39.385353 32.223156 39.385353 39.385353 26.597775 0.000000 0.000000 
0.000000 0.000000 0.000000 0.000000 0.000000 0.000000 0.000000 28.011505 39.224720 33.371330 39.385353 39.385353 39.385353 39.385353 39.385353 39.385353 39.385353 39.385353 29.538094 32.223156 38.956985 0.000000 
0.000000 0.000000 0.000000 0.000000 0.000000 0.000000 0.000000 0.000000 28.011505 39.224720 24.978485 39.385353 39.224720 38.507652 39.385353 39.385353 39.385353 39.385353 39.385353 6.491868 36.514111 0.000000 
0.000000 0.000000 0.000000 0.000000 0.000000 0.000000 0.000000 0.000000 0.000000 0.000000 24.978485 28.011505 39.385353 39.385353 38.507652 39.385353 39.385353 39.385353 39.385353 39.385353 39.385353 39.385353 
0.000000 0.000000 0.000000 0.000000 0.000000 0.000000 0.000000 0.000000 0.000000 0.000000 0.000000 0.000000 28.011505 33.371330 39.385353 39.385353 39.385353 39.385353 39.385353 38.956985 39.385353 39.385353 
0.000000 0.000000 0.000000 0.000000 0.000000 0.000000 0.000000 0.000000 0.000000 0.000000 0.000000 0.000000 0.000000 0.000000 28.011505 38.507652 39.385353 39.385353 39.385353 39.385353 39.385353 39.385353 
0.000000 0.000000 0.000000 0.000000 0.000000 0.000000 0.000000 0.000000 0.000000 0.000000 0.000000 0.000000 0.000000 0.000000 0.000000 0.000000 0.000000 39.385353 39.385353 39.224720 39.385353 39.385353 
