test/output/constant/M380_S060_A270_WD315.0_WS015.0/M380_S060_A270_WD315.0_WS015.0_arrival.asc
ncols         15
nrows         33
xllcorner     426503.990666
yllcorner     12748655.311160
cellsize      100.000000
NODATA_value  0.000000
0.000000 0.000000 0.000000 0.000000 0.000000 0.000000 0.000000 0.000000 0.000000 0.000000 0.000000 166.041139 166.041139 166.041139 0.000000 
0.000000 0.000000 0.000000 0.000000 0.000000 0.000000 0.000000 0.000000 0.000000 0.000000 166.040159 166.039669 166.039669 166.040159 166.041628 
0.000000 0.000000 0.000000 0.000000 0.000000 0.000000 0.000000 0.000000 0.000000 166.040159 166.038690 166.038200 166.038690 166.039180 166.041628 
0.000000 0.000000 0.000000 0.000000 0.000000 0.000000 0.000000 0.000000 166.040159 166.038200 166.037221 166.037221 166.037221 166.038690 166.041139 
0.000000 0.000000 0.000000 0.000000 0.000000 0.000000 0.000000 166.041139 166.038200 166.036241 166.035751 166.035751 166.036241 166.038200 166.040649 
0.000000 0.000000 0.000000 0.000000 0.000000 0.000000 0.000000 166.038690 166.036241 166.034772 166.034282 166.034772 166.035262 166.037710 166.041139 
0.000000 0.000000 0.000000 0.000000 0.000000 0.000000 166.040159 166.036241 166.034282 166.033303 166.032813 166.033303 166.034772 166.037710 166.041139 
0.000000 0.000000 0.000000 0.000000 0.000000 0.000000 166.037710 166.034282 166.032323 166.031833 166.031833 166.032323 166.034282 166.037710 166.041628 
0.000000 0.000000 0.000000 0.000000 0.000000 166.039180 166.035262 166.032323 166.030854 166.030364 166.030364 166.031833 166.034282 166.037710 0.000000 
0.000000 0.000000 0.000000 0.000000 0.000000 166.036731 166.032813 166.030364 166.028895 166.028895 166.029385 166.031344 166.034282 166.038200 0.000000 
0.000000 0.000000 0.000000 0.000000 166.039180 166.033792 166.030364 166.028405 166.027426 166.027915 166.028895 166.031344 166.034772 166.038690 0.000000 
0.000000 0.000000 0.000000 0.000000 166.036241 166.031344 166.028405 166.026446 166.026446 166.026446 166.028405 166.031344 166.034772 166.040159 0.000000 
0.000000 0.000000 0.000000 166.039669 166.033303 166.028895 166.026446 166.024977 166.024977 166.025956 166.027915 166.031344 166.035751 166.041139 0.000000 
0.000000 0.000000 0.000000 166.036241 166.030854 166.026446 166.023997 166.023508 166.023508 166.024977 166.027915 166.031833 166.036731 0.000000 0.000000 
0.000000 0.000000 166.041139 166.033792 166.027915 166.024487 166.022528 166.022528 166.022528 166.024487 166.027915 166.032323 166.038200 0.000000 0.000000 
0.000000 0.000000 166.037710 166.030364 166.025467 166.022038 166.021059 166.021059 166.022038 166.024487 166.028405 166.033792 166.040159 0.000000 0.000000 
0.000000 0.000000 166.034772 166.027915 166.023018 166.020080 166.019590 166.019590 166.021549 166.024977 166.029385 166.035262 0.000000 0.000000 0.000000 
0.000000 166.040649 166.031344 166.024977 166.020569 166.018610 166.018121 166.019100 166.021549 166.024977 166.030364 166.037710 0.000000 0.000000 0.000000 
0.000000 166.037221 166.028405 166.022038 166.018121 166.017141 166.017141 166.018121 166.021549 166.025956 166.032323 166.040649 0.000000 0.000000 0.000000 
0.000000 166.034282 166.024977 166.019100 166.016162 166.015672 166.015672 166.018121 166.022038 166.027426 166.034772 0.000000 0.000000 0.000000 0.000000 
0.000000 166.030854 166.022038 166.016651 166.014692 166.014203 166.015182 166.018121 166.023018 166.029385 166.038690 0.000000 0.000000 0.000000 0.000000 
0.000000 166.027426 166.019100 166.014203 166.012733 166.013223 166.015182 166.018610 166.024487 166.032813 0.000000 0.000000 0.000000 0.000000 0.000000 
166.039669 166.023997 166.016162 166.012244 166.011754 166.012244 166.014692 166.019590 166.026936 166.037221 0.000000 0.000000 0.000000 0.000000 0.000000 
166.036241 166.020569 166.013223 166.010285 166.010285 166.011754 166.015182 166.021549 166.030854 0.000000 0.000000 0.000000 0.000000 0.000000 0.000000 
166.032813 166.017141 166.010774 166.008815 166.008815 166.011754 166.016651 166.024977 166.036731 0.000000 0.000000 0.000000 0.000000 0.000000 0.000000 
166.029385 166.013713 166.008326 166.007836 166.008326 166.012244 166.019100 166.029874 0.000000 0.000000 0.000000 0.000000 0.000000 0.000000 0.000000 
166.026446 166.010774 166.006367 166.006367 166.008326 166.013713 166.023508 166.037221 0.000000 0.000000 0.000000 0.000000 0.000000 0.000000 0.000000 
166.023508 166.007346 166.004897 166.005387 166.008815 166.017141 166.030364 0.000000 0.000000 0.000000 0.000000 0.000000 0.000000 0.000000 0.000000 
166.020569 166.004408 166.003428 166.005387 166.011264 166.023997 166.040649 0.000000 0.000000 0.000000 0.000000 0.000000 0.000000 0.000000 0.000000 
166.017631 166.002449 166.002449 166.005877 166.017141 166.034282 0.000000 0.000000 0.000000 0.000000 0.000000 0.000000 0.000000 0.000000 0.000000 
166.016651 166.000979 166.001959 166.010774 166.028895 0.000000 0.000000 0.000000 0.000000 0.000000 0.000000 0.000000 0.000000 0.000000 0.000000 
166.018610 166.000000 166.003918 166.024487 0.000000 0.000000 0.000000 0.000000 0.000000 0.000000 0.000000 0.000000 0.000000 0.000000 0.000000 
166.033303 166.022038 166.029385 0.000000 0.000000 0.000000 0.000000 0.000000 0.000000 0.000000 0.000000 0.000000 0.000000 0.000000 0.000000 
