test/output/constant/M475_S060_A090_WD000.0_WS020.0/M475_S060_A090_WD000.0_WS020.0_arrival.asc
ncols         7
nrows         36
xllcorner     426303.990666
yllcorner     12745255.311160
cellsize      100.000000
NODATA_value  0.000000
0.000000 0.000000 166.039174 166.000000 166.039174 0.000000 0.000000 
0.000000 0.000000 166.013377 166.000955 166.013377 0.000000 0.000000 
0.000000 0.000000 166.009077 166.001911 166.009077 0.000000 0.000000 
0.000000 0.000000 166.008122 166.003344 166.008122 0.000000 0.000000 
0.000000 166.035352 166.008122 166.004300 166.008122 166.035352 0.000000 
0.000000 166.030575 166.008122 166.005733 166.008122 166.030575 0.000000 
0.000000 166.027231 166.009077 166.006688 166.009077 166.027231 0.000000 
0.000000 166.025798 166.010032 166.008122 166.010032 166.025798 0.000000 
0.000000 166.024365 166.010988 166.009077 166.010988 166.024365 0.000000 
0.000000 166.023887 166.011943 166.010510 166.011943 166.023887 0.000000 
0.000000 166.023409 166.012899 166.011466 166.012899 166.023409 0.000000 
0.000000 166.023409 166.014332 166.012899 166.014332 166.023409 0.000000 
0.000000 166.023409 166.015288 166.013854 166.015288 166.023409 0.000000 
166.041085 166.023409 166.016243 166.015288 166.016243 166.023409 166.041085 
166.040130 166.024365 166.017676 166.016243 166.017676 166.024365 166.040130 
166.039652 166.025320 166.018632 166.017676 166.018632 166.025320 166.039652 
166.039174 166.025798 166.019587 166.018632 166.019587 166.025798 166.039174 
166.038697 166.026753 166.021020 166.020065 166.021020 166.026753 166.038697 
166.038697 166.027709 166.021976 166.021020 166.021976 166.027709 166.038697 
166.038697 166.028664 166.022931 166.022454 166.022931 166.028664 166.038697 
166.038697 166.029142 166.024365 166.023409 166.024365 166.029142 166.038697 
166.039174 166.030097 166.025320 166.024842 166.025320 166.030097 166.039174 
166.039652 166.031053 166.026753 166.025798 166.026753 166.031053 166.039652 
166.040608 166.032008 166.027709 166.027231 166.027709 166.032008 166.040608 
166.041085 166.032964 166.029142 166.028186 166.029142 166.032964 166.041085 
0.000000 166.033919 166.030097 166.029620 166.030097 166.033919 0.000000 
0.000000 166.035352 166.031531 166.030575 166.031531 166.035352 0.000000 
0.000000 166.036308 166.032486 166.032008 166.032486 166.036308 0.000000 
0.000000 166.037263 166.033919 166.032964 166.033919 166.037263 0.000000 
0.000000 166.038697 166.034875 166.034397 166.034875 166.038697 0.000000 
0.000000 166.039652 166.036308 166.035352 166.036308 166.039652 0.000000 
0.000000 166.040608 166.037263 166.036786 166.037263 166.040608 0.000000 
0.000000 166.041563 166.038697 166.037741 166.038697 166.041563 0.000000 
0.000000 0.000000 166.039652 166.039174 166.039652 0.000000 0.000000 
0.000000 0.000000 166.041085 166.040130 166.041085 0.000000 0.000000 
0.000000 0.000000 0.000000 166.041563 0.000000 0.000000 0.000000 
