test/output/constant/M4100_S060_A000_WD045.0_WS010.0/M4100_S060_A000_WD045.0_WS010.0_arrival.asc
ncols         38
nrows         10
xllcorner     422903.990666
yllcorner     12747955.311160
cellsize      100.000000
NODATA_value  0.000000
0.000000 0.000000 0.000000 0.000000 0.000000 0.000000 0.000000 0.000000 0.000000 0.000000 0.000000 0.000000 0.000000 0.000000 0.000000 0.000000 0.000000 0.000000 0.000000 0.000000 0.000000 166.040035 166.038255 166.036031 166.034252 166.032028 166.030248 166.028024 166.026245 166.024466 166.022686 166.020907 166.019128 166.018238 166.017793 166.017348 166.019572 166.030248 
0.000000 0.000000 0.000000 0.000000 0.000000 0.000000 0.000000 0.000000 0.000000 0.000000 0.000000 0.000000 0.000000 0.000000 166.040479 166.038700 166.036476 166.034697 166.032472 166.030693 166.028914 166.026690 166.024910 166.022686 166.020907 166.019128 166.016903 166.015124 166.013345 166.011121 166.009341 166.007562 166.005783 166.004448 166.003114 166.001779 166.000890 166.000000 
0.000000 0.000000 0.000000 0.000000 0.000000 0.000000 0.000000 0.000000 0.000000 0.000000 166.041369 166.039145 166.037366 166.035586 166.033362 166.031583 166.029803 166.028024 166.025800 166.024021 166.022241 166.020462 166.019128 166.017348 166.015569 166.014235 166.012455 166.011121 166.009786 166.008897 166.007562 166.006672 166.005338 166.004003 166.003114 166.002669 166.003114 166.012455 
0.000000 0.000000 0.000000 0.000000 0.000000 0.000000 0.000000 166.040479 166.039145 166.037366 166.035586 166.033807 166.032028 166.030248 166.028914 166.027135 166.025355 166.023576 166.022241 166.020907 166.019128 166.017793 166.016903 166.015569 166.014679 166.013345 166.012010 166.011121 166.009786 166.008897 166.008007 166.008007 166.008007 166.008452 166.010676 166.017348 166.030693 0.000000 
0.000000 0.000000 0.000000 0.000000 166.041667 166.040035 166.038255 166.036921 166.035141 166.033362 166.032028 166.030693 166.028914 166.027579 166.026245 166.024910 166.023576 166.022686 166.021352 166.020017 166.019128 166.017793 166.016903 166.015569 166.014679 166.013790 166.013345 166.012900 166.012900 166.013345 166.013790 166.015124 166.018683 166.024466 166.034252 0.000000 0.000000 0.000000 
0.000000 0.000000 166.041369 166.040035 166.038700 166.037366 166.035586 166.034252 166.032917 166.031583 166.030693 166.029359 166.028024 166.027135 166.025800 166.024910 166.023576 166.022686 166.021352 166.020462 166.019572 166.019128 166.018683 166.018238 166.018238 166.018238 166.018683 166.019128 166.020462 166.023131 166.026690 166.032472 166.040924 0.000000 0.000000 0.000000 0.000000 0.000000 
0.000000 166.041369 166.040035 166.038700 166.037366 166.036031 166.035141 166.033807 166.032917 166.031583 166.030248 166.029359 166.028024 166.027135 166.026245 166.025355 166.024910 166.024021 166.023576 166.023576 166.023131 166.023576 166.023576 166.024021 166.024466 166.025800 166.028024 166.031138 166.034697 166.040479 0.000000 0.000000 0.000000 0.000000 0.000000 0.000000 0.000000 0.000000 
166.041667 166.040924 166.039590 166.038255 166.037366 166.036031 166.035141 166.033807 166.032917 166.032028 166.031138 166.030693 166.029803 166.029359 166.028914 166.028469 166.028469 166.028469 166.028914 166.028914 166.029359 166.030248 166.031138 166.032917 166.035586 166.039145 0.000000 0.000000 0.000000 0.000000 0.000000 0.000000 0.000000 0.000000 0.000000 0.000000 0.000000 0.000000 
0.000000 166.040924 166.039590 166.038700 166.037810 166.036921 166.036476 166.035586 166.035141 166.034697 166.034252 166.033807 166.033362 166.033362 166.033807 166.033807 166.034252 166.034697 166.035586 166.036476 166.038255 166.040479 0.000000 0.000000 0.000000 0.000000 0.000000 0.000000 0.000000 0.000000 0.000000 0.000000 0.000000 0.000000 0.000000 0.000000 0.000000 0.000000 
0.000000 0.000000 166.041369 166.040924 166.040035 166.039590 166.039145 166.038700 166.038700 166.038700 166.038700 166.039145 166.039145 166.039590 166.040035 166.040924 0.000000 0.000000 0.000000 0.000000 0.000000 0.000000 0.000000 0.000000 0.000000 0.000000 0.000000 0.000000 0.000000 0.000000 0.000000 0.000000 0.000000 0.000000 0.000000 0.000000 0.000000 0.000000 
