test/output/constant/M3M4100_S060_A090_WD135.0_WS005.0/M3M4100_S060_A090_WD135.0_WS005.0_ros.asc
ncols         12
nrows         52
xllcorner     425803.990666
yllcorner     12743755.311160
cellsize      100.000000
NODATA_value  0.000000
0.000000 0.000000 0.000000 0.000000 0.000000 0.000000 0.000000 0.000000 1.165139 0.000000 0.000000 0.000000 
0.000000 0.000000 0.000000 0.000000 0.000000 0.000000 2.261740 1.408928 -1.000000 1.383232 0.000000 0.000000 
0.000000 0.000000 0.000000 0.000000 0.000000 0.000000 1.408928 2.934896 83.922577 43.993526 1.383232 0.000000 
0.000000 0.000000 0.000000 0.000000 0.000000 1.818511 1.408928 81.542801 83.922577 43.993526 29.997726 0.000000 
0.000000 0.000000 0.000000 0.000000 0.000000 1.408928 57.321026 83.922577 83.922577 36.900967 36.900967 0.000000 
0.000000 0.000000 0.000000 0.000000 0.000000 1.818511 63.742073 83.922577 83.922577 43.993526 1.383232 0.000000 
0.000000 0.000000 0.000000 0.000000 1.408928 4.938422 63.742073 83.922577 64.263718 43.993526 23.493380 29.997726 
0.000000 0.000000 0.000000 0.000000 57.321026 1.408928 83.922577 83.922577 74.920219 64.263718 29.997726 29.997726 
0.000000 0.000000 0.000000 0.000000 57.321026 1.408928 83.922577 83.922577 69.999908 57.885857 51.060024 29.997726 
0.000000 0.000000 0.000000 2.261740 57.321026 63.742073 74.533722 83.922577 69.999908 69.999908 23.493380 36.900967 
0.000000 0.000000 0.000000 1.818511 1.408928 57.321026 83.765160 83.922577 64.263718 64.263718 36.900967 51.060024 
0.000000 0.000000 0.000000 1.818511 4.938422 83.343376 81.542801 83.922577 69.999908 69.999908 29.997726 36.900967 
0.000000 0.000000 0.000000 57.321026 2.934896 78.576172 83.343376 83.922577 64.263718 69.999908 36.900967 51.060024 
0.000000 0.000000 57.321026 2.934896 57.321026 83.922577 83.922577 83.922577 69.999908 69.999908 51.060024 43.993526 
0.000000 0.000000 57.321026 57.321026 4.938422 69.538391 83.922577 83.922577 69.999908 69.999908 43.993526 43.993526 
0.000000 0.000000 57.321026 57.321026 83.922577 78.576172 83.922577 64.263718 69.999908 69.999908 29.997726 36.900967 
0.000000 0.000000 63.742073 57.321026 83.922577 83.343376 83.922577 64.263718 64.263718 69.999908 36.900967 36.900967 
0.000000 0.000000 1.818511 57.321026 83.343376 83.343376 83.922577 78.875229 64.263718 74.920219 64.263718 43.993526 
0.000000 2.934896 8.007515 57.321026 83.922577 83.922577 83.922577 64.263718 64.263718 69.999908 64.263718 43.993526 
0.000000 57.321026 63.742073 83.922577 78.576172 83.922577 83.922577 83.922577 64.263718 69.999908 57.885857 51.060024 
0.000000 57.321026 57.321026 78.576172 83.343376 81.542801 83.922577 74.920219 64.263718 36.900967 43.993526 29.997726 
0.000000 57.321026 2.934896 83.922577 74.533722 83.343376 83.922577 69.999908 69.999908 69.999908 64.263718 43.993526 
0.000000 8.007515 2.934896 83.922577 81.542801 83.343376 83.922577 36.900967 69.999908 69.999908 43.993526 51.060024 
0.000000 57.321026 83.922577 83.922577 83.343376 83.922577 81.744843 81.744843 69.999908 64.263718 64.263718 29.997726 
0.000000 1.408928 83.922577 83.343376 83.922577 74.533722 83.922577 69.999908 51.060024 69.999908 69.999908 36.900967 
57.321026 57.321026 83.922577 83.922577 83.765160 83.922577 57.885857 69.999908 43.993526 36.900967 69.999908 43.993526 
4.938422 57.321026 78.576172 83.922577 83.343376 83.922577 83.922577 69.999908 43.993526 36.900967 36.900967 36.900967 
57.321026 83.922577 83.922577 78.576172 83.922577 83.922577 83.922577 64.263718 51.060024 69.999908 43.993526 29.997726 
63.742073 81.542801 69.538391 83.765160 83.922577 83.922577 81.744843 69.999908 51.060024 69.999908 51.060024 43.993526 
63.742073 69.538391 83.922577 83.922577 83.922577 83.922577 69.999908 69.999908 51.060024 64.263718 57.885857 64.263718 
1.408928 83.922577 83.922577 74.533722 83.922577 83.922577 69.999908 69.999908 57.885857 69.999908 64.263718 57.885857 
83.922577 83.343376 78.576172 83.765160 83.922577 83.922577 64.263718 64.263718 57.885857 29.997726 64.263718 0.000000 
83.922577 83.922577 83.922577 83.922577 83.922577 83.922577 64.263718 69.999908 57.885857 36.900967 64.263718 0.000000 
83.922577 74.533722 81.542801 83.922577 83.922577 83.922577 83.922577 51.060024 64.263718 69.999908 64.263718 0.000000 
83.343376 83.922577 83.765160 83.922577 83.922577 83.922577 64.263718 51.060024 64.263718 69.999908 64.263718 0.000000 
83.922577 78.576172 83.765160 81.542801 83.922577 64.263718 36.900967 57.885857 64.263718 43.993526 64.263718 0.000000 
83.922577 83.922577 69.538391 83.922577 83.922577 83.922577 64.263718 57.885857 64.263718 43.993526 64.263718 0.000000 
83.922577 83.765160 83.922577 83.922577 83.922577 83.922577 83.441948 74.920219 64.263718 51.060024 0.000000 0.000000 
83.343376 74.533722 83.922577 69.538391 83.922577 64.263718 69.999908 64.263718 64.263718 51.060024 0.000000 0.000000 
83.922577 83.765160 83.922577 74.533722 83.922577 64.263718 69.999908 69.999908 64.263718 43.993526 0.000000 0.000000 
69.538391 83.922577 83.922577 83.922577 83.922577 74.920219 78.875229 64.263718 64.263718 43.993526 0.000000 0.000000 
81.542801 83.922577 83.922577 83.922577 83.922577 83.922577 69.999908 64.263718 69.999908 51.060024 0.000000 0.000000 
81.542801 69.538391 83.922577 83.922577 83.441948 83.922577 69.999908 64.263718 69.999908 0.000000 0.000000 0.000000 
83.922577 83.922577 83.343376 83.922577 83.922577 81.744843 64.263718 64.263718 69.999908 0.000000 0.000000 0.000000 
78.576172 83.922577 69.538391 83.922577 64.263718 64.263718 51.060024 64.263718 64.263718 0.000000 0.000000 0.000000 
83.922577 83.922577 83.922577 83.922577 83.922577 69.999908 81.744843 69.999908 69.999908 0.000000 0.000000 0.000000 
0.000000 83.922577 83.922577 83.922577 83.922577 83.922577 69.999908 69.999908 0.000000 0.000000 0.000000 0.000000 
0.000000 83.922577 83.922577 83.922577 83.922577 64.263718 74.920219 69.999908 0.000000 0.000000 0.000000 0.000000 
0.000000 83.922577 83.922577 83.922577 69.999908 51.060024 69.999908 0.000000 0.000000 0.000000 0.000000 0.000000 
0.000000 81.542801 83.922577 83.922577 83.922577 69.999908 43.993526 0.000000 0.000000 0.000000 0.000000 0.000000 
0.000000 0.000000 83.922577 83.922577 83.922577 64.263718 0.000000 0.000000 0.000000 0.000000 0.000000 0.000000 
0.000000 0.000000 83.922577 83.922577 81.744843 0.000000 0.000000 0.000000 0.000000 0.000000 0.000000 0.000000 
