test/output/constant/M3M4100_S060_A090_WD135.0_WS005.0/M3M4100_S060_A090_WD135.0_WS005.0_arrival.asc
ncols         12
nrows         52
xllcorner     425803.990666
yllcorner     12743755.311160
cellsize      100.000000
NODATA_value  0.000000
0.000000 0.000000 0.000000 0.000000 0.000000 0.000000 0.000000 0.000000 166.031062 0.000000 0.000000 0.000000 
0.000000 0.000000 0.000000 0.000000 0.000000 0.000000 166.040315 166.008592 166.000000 166.013879 0.000000 0.000000 
0.000000 0.000000 0.000000 0.000000 0.000000 0.000000 166.024453 166.003304 166.000661 166.008592 166.038002 0.000000 
0.000000 0.000000 0.000000 0.000000 0.000000 166.039323 166.015862 166.002644 166.001322 166.006939 166.029740 0.000000 
0.000000 0.000000 0.000000 0.000000 0.000000 166.029740 166.010905 166.002974 166.002313 166.006939 166.025114 0.000000 
0.000000 0.000000 0.000000 0.000000 0.000000 166.023462 166.008922 166.003304 166.002974 166.007270 166.022801 0.000000 
0.000000 0.000000 0.000000 0.000000 166.036680 166.018836 166.007931 166.003965 166.003965 166.007931 166.021149 166.041637 
0.000000 0.000000 0.000000 0.000000 166.031062 166.016522 166.007931 166.004626 166.004626 166.008592 166.020488 166.038662 
0.000000 0.000000 0.000000 0.000000 166.026766 166.014870 166.007931 166.005618 166.005618 166.009253 166.020157 166.036680 
0.000000 0.000000 0.000000 166.039323 166.024123 166.013548 166.007931 166.006279 166.006609 166.009913 166.020157 166.035358 
0.000000 0.000000 0.000000 166.035028 166.022140 166.012887 166.008261 166.007270 166.007600 166.010905 166.020488 166.034367 
0.000000 0.000000 0.000000 166.032054 166.020488 166.012887 166.008922 166.007931 166.008261 166.011896 166.020818 166.033706 
0.000000 0.000000 0.000000 166.029410 166.019496 166.012887 166.009583 166.008922 166.009253 166.012887 166.021149 166.033375 
0.000000 0.000000 166.039654 166.027758 166.018505 166.013218 166.010244 166.009583 166.010244 166.013879 166.021479 166.033375 
0.000000 0.000000 166.037341 166.026105 166.018175 166.013218 166.010905 166.010574 166.011235 166.014870 166.022140 166.033375 
0.000000 0.000000 166.035028 166.025114 166.018175 166.013548 166.011566 166.011566 166.012227 166.015862 166.022801 166.033375 
0.000000 0.000000 166.033375 166.024123 166.018175 166.013879 166.012227 166.012227 166.013218 166.016853 166.023131 166.033706 
0.000000 0.000000 166.032054 166.023462 166.018175 166.014540 166.013218 166.013218 166.014209 166.017844 166.023792 166.034036 
0.000000 166.040976 166.030732 166.023131 166.018505 166.015201 166.013879 166.013879 166.015201 166.018836 166.024784 166.034367 
0.000000 166.038993 166.030071 166.023131 166.018505 166.015862 166.014870 166.014870 166.016192 166.019827 166.025445 166.034697 
0.000000 166.037671 166.029079 166.023131 166.018836 166.016192 166.015531 166.015531 166.017183 166.020818 166.026105 166.035028 
0.000000 166.036680 166.028749 166.023462 166.019166 166.016853 166.016522 166.016522 166.018175 166.021810 166.027097 166.035688 
0.000000 166.035688 166.028419 166.023462 166.019496 166.017514 166.017183 166.017514 166.019166 166.022801 166.027758 166.036349 
0.000000 166.034697 166.028419 166.023792 166.020157 166.018175 166.018175 166.018505 166.020157 166.023792 166.028749 166.037010 
0.000000 166.034367 166.028419 166.023792 166.020818 166.019166 166.018836 166.019166 166.021149 166.024784 166.029410 166.037341 
166.041306 166.033706 166.028419 166.024123 166.021149 166.019827 166.019827 166.020157 166.022140 166.025775 166.030401 166.038002 
166.040645 166.033375 166.028419 166.024453 166.021810 166.020488 166.020488 166.021149 166.023131 166.026766 166.031393 166.038662 
166.039654 166.033375 166.028749 166.024784 166.022471 166.021479 166.021479 166.022140 166.024123 166.027758 166.032384 166.039323 
166.039323 166.033375 166.028749 166.025114 166.023131 166.022140 166.022140 166.022801 166.025114 166.028749 166.033375 166.040315 
166.038662 166.033375 166.029079 166.025775 166.023792 166.023131 166.023131 166.023792 166.026105 166.029740 166.034367 166.040976 
166.038662 166.033706 166.029410 166.026105 166.024453 166.023792 166.024123 166.024784 166.027097 166.030732 166.035358 166.041637 
166.038662 166.033706 166.029410 166.026766 166.025114 166.024784 166.024784 166.025775 166.028088 166.031723 166.036349 0.000000 
166.038662 166.034036 166.030071 166.027427 166.025775 166.025445 166.025775 166.026766 166.029079 166.032714 166.037341 0.000000 
166.038662 166.034036 166.030401 166.028088 166.026766 166.026436 166.026436 166.027758 166.030071 166.033706 166.038002 0.000000 
166.038662 166.034367 166.030732 166.028749 166.027427 166.027097 166.027427 166.028749 166.031062 166.034697 166.038993 0.000000 
166.038993 166.034367 166.031393 166.029410 166.028088 166.028088 166.028419 166.029740 166.032054 166.035688 166.039984 0.000000 
166.038993 166.034697 166.031723 166.030071 166.029079 166.028749 166.029410 166.030732 166.033045 166.036680 166.040976 0.000000 
166.039323 166.035028 166.032384 166.030732 166.029740 166.029740 166.030071 166.031393 166.033706 166.037671 0.000000 0.000000 
166.039323 166.035358 166.033045 166.031393 166.030732 166.030732 166.031062 166.032384 166.034697 166.038662 0.000000 0.000000 
166.039654 166.036019 166.033706 166.032054 166.031393 166.031393 166.032054 166.033375 166.035688 166.039654 0.000000 0.000000 
166.039654 166.036349 166.034367 166.032714 166.032384 166.032384 166.032714 166.034367 166.036680 166.040645 0.000000 0.000000 
166.039984 166.037010 166.035028 166.033375 166.033045 166.033045 166.033706 166.035358 166.037671 166.041637 0.000000 0.000000 
166.040315 166.037341 166.035688 166.034036 166.034036 166.034036 166.034697 166.036349 166.038662 0.000000 0.000000 0.000000 
166.040645 166.038002 166.036019 166.035028 166.034697 166.034697 166.035688 166.037341 166.039654 0.000000 0.000000 0.000000 
166.040976 166.038662 166.036680 166.035688 166.035688 166.035688 166.036680 166.038332 166.040645 0.000000 0.000000 0.000000 
166.041637 166.039323 166.037671 166.036349 166.036349 166.036680 166.037341 166.039323 166.041637 0.000000 0.000000 0.000000 
0.000000 166.039984 166.038332 166.037341 166.037341 166.037341 166.038332 166.040315 0.000000 0.000000 0.000000 0.000000 
0.000000 166.040645 166.038993 166.038332 166.038002 166.038332 166.039323 166.041306 0.000000 0.000000 0.000000 0.000000 
0.000000 166.040976 166.039654 166.038993 166.038993 166.039323 166.040315 0.000000 0.000000 0.000000 0.000000 0.000000 
0.000000 166.041637 166.040315 166.039654 166.039654 166.039984 166.041306 0.000000 0.000000 0.000000 0.000000 0.000000 
0.000000 0.000000 166.040976 166.040645 166.040645 166.040976 0.000000 0.000000 0.000000 0.000000 0.000000 0.000000 
0.000000 0.000000 166.041637 166.041306 166.041306 0.000000 0.000000 0.000000 0.000000 0.000000 0.000000 0.000000 
