test/output/constant/M3M4100_S060_A090_WD135.0_WS005.0/M3M4100_S060_A090_WD135.0_WS005.0_raz.asc
ncols         12
nrows         52
xllcorner     425803.990666
yllcorner     12743755.311160
cellsize      100.000000
NODATA_value  0.000000
0 0 0 0 0 0 0 0 5 0 0 0 
0 0 0 0 0 0 263 297 65535 73 0 0 
0 0 0 0 0 0 297 251 185 173 73 0 
0 0 0 0 0 275 297 187 185 173 168 0 
0 0 0 0 0 297 193 185 185 171 171 0 
0 0 0 0 0 275 192 185 185 173 73 0 
0 0 0 0 297 234 192 185 178 173 165 168 
0 0 0 0 193 297 185 185 181 178 168 168 
0 0 0 0 193 297 185 185 179 177 175 168 
0 0 0 263 193 192 189 185 179 179 165 171 
0 0 0 275 297 193 185 185 178 178 171 175 
0 0 0 275 234 186 187 185 179 179 168 171 
0 0 0 193 251 188 186 185 178 179 171 175 
0 0 193 251 193 185 185 185 179 179 175 173 
0 0 193 193 234 191 185 185 179 179 173 173 
0 0 193 193 185 188 185 178 179 179 168 171 
0 0 192 193 185 186 185 178 178 179 171 171 
0 0 275 193 186 186 185 182 178 181 178 173 
0 251 223 193 185 185 185 178 178 179 178 173 
0 193 192 185 188 185 185 185 178 179 177 175 
0 193 193 188 186 187 185 181 178 171 173 168 
0 193 251 185 189 186 185 179 179 179 178 173 
0 223 251 185 187 186 185 171 179 179 173 175 
0 193 185 185 186 185 183 183 179 178 178 168 
0 297 185 186 185 189 185 179 175 179 179 171 
193 193 185 185 185 185 177 179 173 171 179 173 
234 193 188 185 186 185 185 179 173 171 171 171 
193 185 185 188 185 185 185 178 175 179 173 168 
192 187 191 185 185 185 183 179 175 179 175 173 
192 191 185 185 185 185 179 179 175 178 177 178 
297 185 185 189 185 185 179 179 177 179 178 177 
185 186 188 185 185 185 178 178 177 168 178 0 
185 185 185 185 185 185 178 179 177 171 178 0 
185 189 187 185 185 185 185 175 178 179 178 0 
186 185 185 185 185 185 178 175 178 179 178 0 
185 188 185 187 185 178 171 177 178 173 178 0 
185 185 191 185 185 185 178 177 178 173 178 0 
185 185 185 185 185 185 184 181 178 175 0 0 
186 189 185 191 185 178 179 178 178 175 0 0 
185 185 185 189 185 178 179 179 178 173 0 0 
191 185 185 185 185 181 182 178 178 173 0 0 
187 185 185 185 185 185 179 178 179 175 0 0 
187 191 185 185 184 185 179 178 179 0 0 0 
185 185 186 185 185 183 178 178 179 0 0 0 
188 185 191 185 178 178 175 178 178 0 0 0 
185 185 185 185 185 179 183 179 179 0 0 0 
0 185 185 185 185 185 179 179 0 0 0 0 
0 185 185 185 185 178 181 179 0 0 0 0 
0 185 185 185 179 175 179 0 0 0 0 0 
0 187 185 185 185 179 173 0 0 0 0 0 
0 0 185 185 185 178 0 0 0 0 0 0 
0 0 185 185 183 0 0 0 0 0 0 0 
