test/output/constant/M3M465_S060_A270_WD315.0_WS025.0/M3M465_S060_A270_WD315.0_WS025.0_arrival.asc
ncols         16
nrows         17
xllcorner     426503.990666
yllcorner     12748655.311160
cellsize      100.000000
NODATA_value  0.000000
0.000000 0.000000 0.000000 0.000000 0.000000 0.000000 0.000000 0.000000 0.000000 0.000000 0.000000 0.000000 166.040891 166.040891 166.040134 166.040891 
0.000000 0.000000 0.000000 0.000000 0.000000 0.000000 0.000000 0.000000 0.000000 0.000000 166.040891 166.038619 166.037862 166.037862 166.038619 166.040134 
0.000000 0.000000 0.000000 0.000000 0.000000 0.000000 0.000000 0.000000 0.000000 166.038619 166.036348 166.034833 166.034833 166.035590 166.037105 166.039377 
0.000000 0.000000 0.000000 0.000000 0.000000 0.000000 0.000000 0.000000 166.037105 166.034076 166.032561 166.032561 166.032561 166.034076 166.037105 166.040134 
0.000000 0.000000 0.000000 0.000000 0.000000 0.000000 166.041648 166.035590 166.031804 166.029532 166.029532 166.029532 166.031047 166.034076 166.037105 166.041648 
0.000000 0.000000 0.000000 0.000000 0.000000 166.040891 166.034076 166.029532 166.027261 166.026504 166.026504 166.028018 166.031047 166.034076 166.038619 0.000000 
0.000000 0.000000 0.000000 0.000000 166.041667 166.033319 166.028018 166.024989 166.024232 166.024232 166.024989 166.028018 166.031804 166.036348 166.041648 0.000000 
0.000000 0.000000 0.000000 0.000000 166.033319 166.026504 166.022717 166.021203 166.021203 166.022717 166.024989 166.028775 166.034076 166.039377 0.000000 0.000000 
0.000000 0.000000 0.000000 166.034076 166.024989 166.019688 166.018174 166.018174 166.019688 166.021960 166.025746 166.031047 166.037105 0.000000 0.000000 0.000000 
0.000000 0.000000 166.037105 166.024989 166.018174 166.015902 166.015902 166.016659 166.019688 166.022717 166.028775 166.035590 0.000000 0.000000 0.000000 0.000000 
0.000000 166.041648 166.026504 166.017417 166.013630 166.012873 166.013630 166.016659 166.020446 166.026504 166.033319 0.000000 0.000000 0.000000 0.000000 0.000000 
0.000000 166.030290 166.017417 166.010601 166.009844 166.010601 166.013630 166.017417 166.024232 166.032561 166.041648 0.000000 0.000000 0.000000 0.000000 0.000000 
0.000000 166.019688 166.009087 166.007572 166.007572 166.010601 166.015145 166.021960 166.031804 0.000000 0.000000 0.000000 0.000000 0.000000 0.000000 0.000000 
166.034833 166.009087 166.004543 166.004543 166.007572 166.012873 166.021203 166.031804 0.000000 0.000000 0.000000 0.000000 0.000000 0.000000 0.000000 0.000000 
166.026504 166.001514 166.001514 166.004543 166.011359 166.021960 166.034076 0.000000 0.000000 0.000000 0.000000 0.000000 0.000000 0.000000 0.000000 0.000000 
166.024232 166.000000 166.001514 166.011359 166.024989 166.039377 0.000000 0.000000 0.000000 0.000000 0.000000 0.000000 0.000000 0.000000 0.000000 0.000000 
166.033319 166.021960 166.025746 166.039377 0.000000 0.000000 0.000000 0.000000 0.000000 0.000000 0.000000 0.000000 0.000000 0.000000 0.000000 0.000000 
