test/output/constant/M3M455_S060_A180_WD000.0_WS010.0/M3M455_S060_A180_WD000.0_WS010.0_ros.asc
ncols         28
nrows         11
xllcorner     426603.990666
yllcorner     12747855.311160
cellsize      100.000000
NODATA_value  0.000000
0.789496 7.183827 7.183827 7.183827 13.412883 10.086980 13.412883 0.000000 0.000000 0.000000 0.000000 0.000000 0.000000 0.000000 0.000000 0.000000 0.000000 0.000000 0.000000 0.000000 0.000000 0.000000 0.000000 0.000000 0.000000 0.000000 0.000000 0.000000 
-1.000000 46.859413 46.859413 46.859413 32.606682 17.061716 17.061716 13.412883 7.183827 20.923426 17.061716 7.183827 17.061716 10.086980 0.000000 0.000000 0.000000 0.000000 0.000000 0.000000 0.000000 0.000000 0.000000 0.000000 0.000000 0.000000 0.000000 0.000000 
1.299330 46.859413 46.859413 46.859413 46.859413 46.859413 46.859413 42.016129 13.412883 46.635754 7.183827 46.859413 42.016129 45.736057 10.086980 24.881264 13.412883 0.000000 0.000000 0.000000 0.000000 0.000000 0.000000 0.000000 0.000000 0.000000 0.000000 0.000000 
0.000000 23.960506 31.732918 46.859413 46.859413 46.859413 46.859413 46.859413 46.859413 46.859413 46.859413 46.859413 28.815414 45.736057 46.859413 46.859413 46.859413 24.881264 46.859413 24.881264 0.000000 0.000000 0.000000 0.000000 0.000000 0.000000 0.000000 0.000000 
0.000000 0.000000 1.661678 27.903158 31.732918 31.732918 45.422810 46.859413 46.859413 46.859413 46.859413 46.859413 46.859413 46.859413 46.859413 46.859413 17.061716 44.180473 24.881264 7.183827 45.736057 46.822697 10.086980 0.000000 0.000000 0.000000 0.000000 0.000000 
0.000000 0.000000 0.000000 0.000000 2.746759 31.732918 31.732918 35.333298 46.745663 46.859413 46.859413 46.859413 46.859413 46.859413 46.859413 46.859413 46.859413 39.308651 46.859413 42.016129 42.016129 24.881264 13.412883 46.859413 13.412883 0.000000 0.000000 0.000000 
0.000000 0.000000 0.000000 0.000000 0.000000 0.000000 2.746759 35.333298 35.333298 31.732918 46.745663 38.594780 45.422810 46.859413 46.859413 46.859413 46.859413 46.859413 46.859413 46.859413 46.859413 46.859413 46.859413 46.859413 46.859413 7.183827 0.000000 0.000000 
0.000000 0.000000 0.000000 0.000000 0.000000 0.000000 0.000000 0.000000 0.000000 31.732918 31.732918 45.422810 43.717476 38.594780 41.418140 45.422810 46.859413 46.859413 46.859413 46.859413 46.859413 46.859413 46.859413 46.859413 46.859413 46.859413 46.859413 0.000000 
0.000000 0.000000 0.000000 0.000000 0.000000 0.000000 0.000000 0.000000 0.000000 0.000000 0.000000 0.000000 31.732918 0.830973 43.717476 46.859413 38.594780 46.745663 46.482216 46.859413 46.859413 46.859413 46.859413 46.859413 46.859413 46.859413 46.859413 46.859413 
0.000000 0.000000 0.000000 0.000000 0.000000 0.000000 0.000000 0.000000 0.000000 0.000000 0.000000 0.000000 0.000000 0.000000 0.000000 0.000000 46.859413 35.333298 38.594780 43.717476 46.859413 46.859413 46.859413 46.859413 46.859413 46.859413 46.859413 46.859413 
0.000000 0.000000 0.000000 0.000000 0.000000 0.000000 0.000000 0.000000 0.000000 0.000000 0.000000 0.000000 0.000000 0.000000 0.000000 0.000000 0.000000 0.000000 0.000000 0.000000 0.000000 0.000000 38.594780 46.482216 46.859413 46.859413 0.000000 0.000000 
