test/output/constant/M355_S060_A180_WD045.0_WS015.0/M355_S060_A180_WD045.0_WS015.0_ros.asc
ncols         22
nrows         11
xllcorner     426503.990666
yllcorner     12747855.311160
cellsize      100.000000
NODATA_value  0.000000
1.256827 1.462468 7.511368 5.545080 15.112745 17.969656 3.958632 0.000000 0.000000 0.000000 0.000000 0.000000 0.000000 0.000000 0.000000 0.000000 0.000000 0.000000 0.000000 0.000000 0.000000 0.000000 
1.387952 -1.000000 35.377235 35.377235 28.782909 28.782909 9.806041 20.850290 7.511368 9.806041 12.364552 0.000000 0.000000 0.000000 0.000000 0.000000 0.000000 0.000000 0.000000 0.000000 0.000000 0.000000 
1.546957 22.478008 35.377235 35.377235 35.377235 35.363651 9.806041 32.701458 32.701458 30.925125 7.511368 7.511368 28.782909 12.364552 0.000000 0.000000 0.000000 0.000000 0.000000 0.000000 0.000000 0.000000 
0.000000 1.775496 22.478008 35.377235 35.377235 35.377235 35.377235 35.377235 35.377235 35.377235 35.377235 26.339457 9.806041 30.925125 5.545080 7.511368 0.000000 0.000000 0.000000 0.000000 0.000000 0.000000 
0.000000 0.000000 2.578441 1.775496 25.214849 35.377235 35.377235 35.377235 35.377235 35.377235 35.377235 35.377235 35.377235 34.954689 7.511368 7.511368 35.377235 0.000000 0.000000 0.000000 0.000000 0.000000 
0.000000 0.000000 0.000000 2.578441 1.387952 25.214849 35.246395 35.377235 35.377235 35.377235 35.377235 35.377235 35.377235 30.925125 35.377235 35.377235 35.377235 34.954689 35.377235 0.000000 0.000000 0.000000 
0.000000 0.000000 0.000000 0.000000 0.000000 22.478008 25.214849 22.478008 34.622757 34.622757 35.377235 35.377235 35.377235 35.377235 35.377235 35.377235 35.377235 12.364552 23.668444 34.058292 0.000000 0.000000 
0.000000 0.000000 0.000000 0.000000 0.000000 0.000000 0.000000 1.387952 25.214849 25.214849 33.522263 35.377235 35.377235 35.377235 35.377235 35.377235 35.377235 12.364552 35.377235 9.806041 26.339457 0.000000 
0.000000 0.000000 0.000000 0.000000 0.000000 0.000000 0.000000 0.000000 0.000000 25.214849 22.478008 35.377235 33.522263 35.377235 35.377235 35.377235 35.377235 35.377235 35.377235 35.377235 35.377235 35.377235 
0.000000 0.000000 0.000000 0.000000 0.000000 0.000000 0.000000 0.000000 0.000000 0.000000 0.000000 25.214849 35.377235 22.478008 33.522263 35.377235 35.377235 35.377235 35.377235 35.377235 35.377235 35.377235 
0.000000 0.000000 0.000000 0.000000 0.000000 0.000000 0.000000 0.000000 0.000000 0.000000 0.000000 0.000000 0.000000 0.000000 0.000000 35.377235 35.377235 34.622757 35.377235 35.377235 35.377235 0.000000 
