test/output/constant/M475_S060_A270_WD135.0_WS020.0/M475_S060_A270_WD135.0_WS020.0_arrival.asc
ncols         11
nrows         32
xllcorner     425603.990666
yllcorner     12748755.311160
cellsize      100.000000
NODATA_value  0.000000
166.040678 166.040678 166.041667 0.000000 0.000000 0.000000 0.000000 0.000000 0.000000 0.000000 0.000000 
166.039686 166.039190 166.039686 0.000000 0.000000 0.000000 0.000000 0.000000 0.000000 0.000000 0.000000 
166.038694 166.038198 166.038198 166.040678 0.000000 0.000000 0.000000 0.000000 0.000000 0.000000 0.000000 
166.038198 166.036710 166.036710 166.038198 0.000000 0.000000 0.000000 0.000000 0.000000 0.000000 0.000000 
166.038198 166.035717 166.035221 166.036213 166.039686 0.000000 0.000000 0.000000 0.000000 0.000000 0.000000 
166.038198 166.034725 166.034229 166.034229 166.037206 0.000000 0.000000 0.000000 0.000000 0.000000 0.000000 
166.038198 166.034229 166.032741 166.032741 166.034725 166.039686 0.000000 0.000000 0.000000 0.000000 0.000000 
166.038694 166.034229 166.031749 166.031253 166.032245 166.036710 0.000000 0.000000 0.000000 0.000000 0.000000 
166.039686 166.034229 166.030757 166.030261 166.030757 166.033733 166.040678 0.000000 0.000000 0.000000 0.000000 
166.041174 166.034229 166.030261 166.028772 166.028772 166.031253 166.037206 0.000000 0.000000 0.000000 0.000000 
0.000000 166.035221 166.030261 166.027284 166.027284 166.028772 166.033733 0.000000 0.000000 0.000000 0.000000 
0.000000 166.036213 166.030261 166.026788 166.026292 166.026788 166.030757 166.038694 0.000000 0.000000 0.000000 
0.000000 166.038198 166.030261 166.026292 166.024804 166.024804 166.028276 166.035221 0.000000 0.000000 0.000000 
0.000000 166.040182 166.031253 166.026292 166.023316 166.023316 166.025300 166.031749 0.000000 0.000000 0.000000 
0.000000 0.000000 166.033237 166.026292 166.022323 166.022323 166.022819 166.028276 166.038198 0.000000 0.000000 
0.000000 0.000000 166.035221 166.026788 166.022323 166.020835 166.021331 166.024804 166.033733 0.000000 0.000000 
0.000000 0.000000 166.038198 166.028276 166.022323 166.019347 166.019347 166.022323 166.029764 0.000000 0.000000 
0.000000 0.000000 0.000000 166.030261 166.022323 166.018355 166.018355 166.019347 166.026292 166.039686 0.000000 
0.000000 0.000000 0.000000 166.032741 166.023316 166.018355 166.016867 166.017363 166.022819 166.034725 0.000000 
0.000000 0.000000 0.000000 166.037702 166.024804 166.018355 166.015378 166.015378 166.019347 166.029764 0.000000 
0.000000 0.000000 0.000000 0.000000 166.027780 166.018355 166.014386 166.014386 166.016370 166.025796 0.000000 
0.000000 0.000000 0.000000 0.000000 166.032245 166.019843 166.014386 166.012898 166.013394 166.021331 166.038198 
0.000000 0.000000 0.000000 0.000000 166.039686 166.022323 166.014386 166.011410 166.011410 166.017363 166.033237 
0.000000 0.000000 0.000000 0.000000 0.000000 166.027284 166.014882 166.010418 166.010418 166.013890 166.028276 
0.000000 0.000000 0.000000 0.000000 0.000000 166.035221 166.016867 166.010418 166.008929 166.010418 166.023316 
0.000000 0.000000 0.000000 0.000000 0.000000 0.000000 166.021827 166.010418 166.007441 166.007937 166.018355 
0.000000 0.000000 0.000000 0.000000 0.000000 0.000000 166.030757 166.011906 166.006449 166.006449 166.013394 
0.000000 0.000000 0.000000 0.000000 0.000000 0.000000 0.000000 166.016867 166.006449 166.004961 166.008929 
0.000000 0.000000 0.000000 0.000000 0.000000 0.000000 0.000000 166.027780 166.006945 166.003473 166.004961 
0.000000 0.000000 0.000000 0.000000 0.000000 0.000000 0.000000 0.000000 166.012402 166.002480 166.001984 
0.000000 0.000000 0.000000 0.000000 0.000000 0.000000 0.000000 0.000000 166.031253 166.002480 166.000992 
0.000000 0.000000 0.000000 0.000000 0.000000 0.000000 0.000000 0.000000 0.000000 166.011906 166.000000 
