test/output/constant/M3M490_S060_A180_WD135.0_WS050.0/M3M490_S060_A180_WD135.0_WS050.0_arrival.asc
ncols         10
nrows         39
xllcorner     426403.990666
yllcorner     12748655.311160
cellsize      100.000000
NODATA_value  0.000000
0.000000 0.000000 0.000000 0.000000 0.000000 166.041103 166.041103 166.041484 0.000000 0.000000 
0.000000 0.000000 0.000000 0.000000 166.041103 166.039961 166.039961 166.040342 0.000000 0.000000 
0.000000 0.000000 0.000000 0.000000 166.039581 166.038820 166.038820 166.039581 166.041484 0.000000 
0.000000 0.000000 0.000000 166.040722 166.038439 166.037678 166.037678 166.038439 166.040342 0.000000 
0.000000 0.000000 0.000000 166.039200 166.037297 166.036536 166.036536 166.037297 166.039581 0.000000 
0.000000 0.000000 166.041484 166.038058 166.036155 166.035394 166.035775 166.036536 166.038820 0.000000 
0.000000 0.000000 166.039961 166.036536 166.035014 166.034253 166.034633 166.035775 166.038439 0.000000 
0.000000 0.000000 166.038439 166.035394 166.033491 166.033111 166.033491 166.034633 166.037678 166.041667 
0.000000 0.000000 166.037297 166.033872 166.032350 166.031969 166.032350 166.034253 166.036917 166.041484 
0.000000 166.040722 166.035775 166.032730 166.031208 166.030827 166.031588 166.033111 166.036536 166.041103 
0.000000 166.039581 166.034633 166.031208 166.030066 166.030066 166.030447 166.032350 166.036155 166.040722 
0.000000 166.038058 166.033111 166.030066 166.028924 166.028924 166.029305 166.031588 166.035775 166.040722 
0.000000 166.036536 166.031588 166.028924 166.027783 166.027783 166.028544 166.031208 166.035014 166.041103 
0.000000 166.035394 166.030447 166.027402 166.026641 166.026641 166.027783 166.030447 166.035014 166.041484 
0.000000 166.033872 166.028924 166.026260 166.025499 166.025499 166.027021 166.030066 166.034633 0.000000 
166.041103 166.032730 166.027783 166.025119 166.024357 166.024357 166.025880 166.029305 166.034633 0.000000 
166.039581 166.031208 166.026260 166.023596 166.023216 166.023216 166.025119 166.028924 166.034633 0.000000 
166.038439 166.030066 166.024738 166.022454 166.022074 166.022454 166.024357 166.028544 166.035014 0.000000 
166.037678 166.028544 166.023596 166.021313 166.020932 166.021313 166.023977 166.028163 166.035775 0.000000 
166.036536 166.027402 166.022074 166.020171 166.019790 166.020171 166.023216 166.028163 166.036155 0.000000 
166.035394 166.025880 166.020932 166.019029 166.018649 166.019790 166.022835 166.028544 166.036917 0.000000 
166.034253 166.024738 166.019410 166.017507 166.017507 166.018649 166.022454 166.028924 166.038058 0.000000 
166.033111 166.023216 166.018268 166.016365 166.016365 166.017887 166.022074 166.029686 166.039581 0.000000 
166.031969 166.022074 166.016746 166.015223 166.015223 166.017126 166.022074 166.030066 166.041103 0.000000 
166.031208 166.020932 166.015604 166.014082 166.014462 166.016746 166.022074 166.031208 0.000000 0.000000 
166.030066 166.019410 166.014082 166.012940 166.013320 166.016365 166.022835 166.032730 0.000000 0.000000 
166.029305 166.018268 166.012559 166.011798 166.012179 166.015985 166.023596 166.034633 0.000000 0.000000 
166.028544 166.017126 166.011418 166.011037 166.011798 166.015985 166.024357 166.036917 0.000000 0.000000 
166.028163 166.015604 166.010276 166.009895 166.010656 166.015985 166.025880 166.039961 0.000000 0.000000 
166.027783 166.014462 166.008753 166.008753 166.010276 166.016746 166.028163 0.000000 0.000000 0.000000 
166.027402 166.013320 166.007612 166.007612 166.009515 166.017507 166.030827 0.000000 0.000000 0.000000 
166.027402 166.012179 166.006470 166.006470 166.009515 166.019029 166.034633 0.000000 0.000000 0.000000 
166.027783 166.011037 166.005328 166.005328 166.009895 166.021693 166.039961 0.000000 0.000000 0.000000 
166.028924 166.010276 166.004186 166.004186 166.010656 166.025880 0.000000 0.000000 0.000000 0.000000 
166.030827 166.009895 166.003045 166.003425 166.012559 166.031208 0.000000 0.000000 0.000000 0.000000 
166.033872 166.009515 166.001903 166.003425 166.017126 166.039961 0.000000 0.000000 0.000000 0.000000 
166.039200 166.010656 166.000761 166.003806 166.024357 0.000000 0.000000 0.000000 0.000000 0.000000 
0.000000 166.013701 166.000000 166.009134 166.036917 0.000000 0.000000 0.000000 0.000000 0.000000 
0.000000 0.000000 166.036155 0.000000 0.000000 0.000000 0.000000 0.000000 0.000000 0.000000 
