test/output/constant/C2_S060_A090_WD000.0_WS025.0/C2_S060_A090_WD000.0_WS025.0_arrival.asc
ncols         7
nrows         39
xllcorner     426303.990666
yllcorner     12744955.311160
cellsize      100.000000
NODATA_value  0.000000
0.000000 0.000000 0.000000 166.000000 0.000000 0.000000 0.000000 
0.000000 0.000000 166.013912 166.000870 166.013912 0.000000 0.000000 
0.000000 0.000000 166.009130 166.001739 166.009130 0.000000 0.000000 
0.000000 0.000000 166.007826 166.003043 166.007826 0.000000 0.000000 
0.000000 166.036519 166.007391 166.003913 166.007391 166.036519 0.000000 
0.000000 166.030867 166.007826 166.005217 166.007826 166.030867 0.000000 
0.000000 166.027389 166.008695 166.006087 166.008695 166.027389 0.000000 
0.000000 166.025216 166.009565 166.007391 166.009565 166.025216 0.000000 
0.000000 166.023911 166.009999 166.008260 166.009999 166.023911 0.000000 
0.000000 166.023042 166.010869 166.009565 166.010869 166.023042 0.000000 
0.000000 166.022607 166.012173 166.010434 166.012173 166.022607 0.000000 
0.000000 166.022172 166.013043 166.011738 166.013043 166.022172 0.000000 
166.041667 166.022172 166.013912 166.012608 166.013912 166.022172 166.041667 
166.040432 166.022172 166.015216 166.013912 166.015216 166.022172 166.040432 
166.039128 166.022607 166.016086 166.014782 166.016086 166.022607 166.039128 
166.038258 166.023477 166.017390 166.016086 166.017390 166.023477 166.038258 
166.037823 166.024346 166.018260 166.016955 166.018260 166.024346 166.037823 
166.037389 166.024781 166.019564 166.018260 166.019564 166.024781 166.037389 
166.036954 166.025650 166.020433 166.019129 166.020433 166.025650 166.036954 
166.036954 166.026520 166.021303 166.020433 166.021303 166.026520 166.036954 
166.036954 166.027389 166.022607 166.021303 166.022607 166.027389 166.036954 
166.036954 166.028259 166.023477 166.022607 166.023477 166.028259 166.036954 
166.037389 166.028694 166.024781 166.023477 166.024781 166.028694 166.037389 
166.037823 166.029563 166.025650 166.024781 166.025650 166.029563 166.037823 
166.038693 166.030433 166.026955 166.025650 166.026955 166.030433 166.038693 
166.039128 166.031302 166.027824 166.026955 166.027824 166.031302 166.039128 
166.039997 166.032606 166.029128 166.027824 166.029128 166.032606 166.039997 
166.040432 166.033476 166.029998 166.029128 166.029998 166.033476 166.040432 
166.041301 166.034345 166.030867 166.029998 166.030867 166.034345 166.041301 
0.000000 166.035650 166.032172 166.031302 166.032172 166.035650 0.000000 
0.000000 166.036519 166.033041 166.032172 166.033041 166.036519 0.000000 
0.000000 166.037389 166.034345 166.033476 166.034345 166.037389 0.000000 
0.000000 166.038693 166.035215 166.034345 166.035215 166.038693 0.000000 
0.000000 166.039562 166.036519 166.035650 166.036519 166.039562 0.000000 
0.000000 166.040432 166.037389 166.036519 166.037389 166.040432 0.000000 
0.000000 166.041667 166.038693 166.037823 166.038693 166.041667 0.000000 
0.000000 0.000000 166.039562 166.038693 166.039562 0.000000 0.000000 
0.000000 0.000000 166.040867 166.039997 166.040867 0.000000 0.000000 
0.000000 0.000000 166.041667 166.040867 166.041667 0.000000 0.000000 
