test/output/constant/M3M495_S060_A090_WD135.0_WS010.0/M3M495_S060_A090_WD135.0_WS010.0_ros.asc
ncols         14
nrows         44
xllcorner     425503.990666
yllcorner     12744555.311160
cellsize      100.000000
NODATA_value  0.000000
0.000000 0.000000 0.000000 0.000000 0.000000 0.000000 0.000000 0.000000 0.000000 0.000000 2.037767 2.037767 1.367546 0.000000 
0.000000 0.000000 0.000000 0.000000 0.000000 0.000000 0.000000 0.000000 0.000000 1.436136 2.409448 0.000000 1.367546 0.000000 
0.000000 0.000000 0.000000 0.000000 0.000000 0.000000 0.000000 0.000000 2.037767 2.037767 58.567974 71.102707 25.932247 0.000000 
0.000000 0.000000 0.000000 0.000000 0.000000 0.000000 0.000000 0.000000 2.409448 2.952178 62.833141 71.102707 20.459812 15.481723 
0.000000 0.000000 0.000000 0.000000 0.000000 0.000000 0.000000 2.409448 1.660479 7.112922 71.102707 49.344860 15.481723 20.459812 
0.000000 0.000000 0.000000 0.000000 0.000000 0.000000 0.000000 48.216263 48.216263 48.216263 71.102707 43.620468 37.690369 25.932247 
0.000000 0.000000 0.000000 0.000000 0.000000 0.000000 1.660479 4.599640 4.599640 71.102707 71.102707 43.620468 15.481723 20.459812 
0.000000 0.000000 0.000000 0.000000 0.000000 0.000000 2.409448 48.216263 48.216263 71.102707 71.102707 43.620468 37.690369 25.932247 
0.000000 0.000000 0.000000 0.000000 0.000000 0.000000 48.216263 7.112922 58.567974 71.102707 71.102707 43.620468 37.690369 20.459812 
0.000000 0.000000 0.000000 0.000000 0.000000 42.444550 48.216263 53.645779 71.102707 71.102707 71.102707 37.690369 43.620468 20.459812 
0.000000 0.000000 0.000000 0.000000 0.000000 2.952178 48.216263 4.599640 71.102707 71.102707 59.493904 25.932247 37.690369 11.146736 
0.000000 0.000000 0.000000 0.000000 2.952178 4.599640 48.216263 58.567974 71.102707 71.102707 37.690369 37.690369 31.734203 37.690369 
0.000000 0.000000 0.000000 0.000000 2.952178 1.660479 2.037767 71.102707 71.102707 69.308998 20.459812 25.932247 37.690369 15.481723 
0.000000 0.000000 0.000000 0.000000 53.645779 53.645779 53.645779 71.102707 71.102707 71.102707 49.344860 15.481723 25.932247 37.690369 
0.000000 0.000000 0.000000 2.409448 4.599640 48.216263 58.567974 71.102707 71.102707 71.102707 37.690369 49.344860 37.690369 31.734203 
0.000000 0.000000 0.000000 4.599640 48.216263 48.216263 71.102707 71.102707 71.102707 37.690369 37.690369 15.481723 43.620468 37.690369 
0.000000 0.000000 0.000000 7.112922 4.599640 48.216263 71.102707 71.102707 71.102707 43.620468 37.690369 43.620468 20.459812 0.000000 
0.000000 0.000000 0.000000 48.216263 53.645779 71.102707 70.511665 71.102707 71.102707 54.690025 37.690369 31.734203 43.620468 0.000000 
0.000000 0.000000 48.216263 53.645779 48.216263 66.311523 71.102707 71.102707 71.102707 49.344860 43.620468 37.690369 15.481723 0.000000 
0.000000 0.000000 48.216263 48.216263 48.216263 62.833141 71.102707 71.102707 71.102707 37.690369 37.690369 37.690369 37.690369 0.000000 
0.000000 0.000000 48.216263 53.645779 7.112922 71.102707 71.102707 71.102707 20.459812 37.690369 15.481723 31.734203 25.932247 0.000000 
0.000000 0.000000 53.645779 53.645779 71.102707 71.102707 71.102707 69.308998 37.690369 25.932247 37.690369 43.620468 37.690369 0.000000 
0.000000 4.599640 48.216263 48.216263 71.102707 71.102707 71.102707 71.102707 31.734203 37.690369 37.690369 15.481723 20.459812 0.000000 
0.000000 48.216263 4.599640 68.897270 68.897270 71.102707 71.102707 71.102707 49.344860 43.620468 66.915916 37.690369 0.000000 0.000000 
0.000000 53.645779 53.645779 58.567974 71.102707 71.102707 71.102707 37.690369 20.459812 37.690369 20.459812 31.734203 0.000000 0.000000 
0.000000 2.952178 2.952178 71.102707 71.102707 71.102707 71.102707 71.102707 37.690369 37.690369 37.690369 37.690369 0.000000 0.000000 
0.000000 48.216263 71.102707 71.102707 68.897270 71.102707 71.102707 54.690025 25.932247 43.620468 49.344860 43.620468 0.000000 0.000000 
0.000000 48.216263 71.102707 71.102707 71.102707 71.102707 71.102707 37.690369 59.493904 43.620468 15.481723 20.459812 0.000000 0.000000 
48.216263 48.216263 71.102707 71.102707 71.102707 71.102707 71.102707 43.620468 37.690369 37.690369 43.620468 0.000000 0.000000 0.000000 
53.645779 71.102707 71.102707 71.102707 71.102707 69.308998 37.690369 63.610813 43.620468 43.620468 43.620468 0.000000 0.000000 0.000000 
48.216263 71.102707 71.102707 71.102707 71.102707 71.102707 71.102707 59.493904 43.620468 20.459812 25.932247 0.000000 0.000000 0.000000 
53.645779 71.102707 71.102707 71.102707 71.102707 63.610813 54.690025 43.620468 25.932247 25.932247 0.000000 0.000000 0.000000 0.000000 
71.102707 71.102707 71.102707 71.102707 71.102707 71.102707 59.493904 54.690025 31.734203 37.690369 0.000000 0.000000 0.000000 0.000000 
4.599640 71.102707 71.102707 71.102707 71.102707 71.102707 37.690369 43.620468 69.308998 43.620468 0.000000 0.000000 0.000000 0.000000 
68.897270 71.102707 71.102707 71.102707 71.102707 43.620468 49.344860 43.620468 37.690369 0.000000 0.000000 0.000000 0.000000 0.000000 
66.311523 71.102707 71.102707 58.567974 71.102707 71.102707 66.915916 25.932247 43.620468 0.000000 0.000000 0.000000 0.000000 0.000000 
71.102707 71.102707 68.897270 71.102707 43.620468 49.344860 69.308998 43.620468 43.620468 0.000000 0.000000 0.000000 0.000000 0.000000 
71.102707 71.102707 70.928802 71.102707 69.308998 71.102707 37.690369 43.620468 0.000000 0.000000 0.000000 0.000000 0.000000 0.000000 
71.102707 71.102707 71.102707 71.102707 66.915916 63.610813 71.102707 43.620468 0.000000 0.000000 0.000000 0.000000 0.000000 0.000000 
71.102707 66.311523 71.102707 71.102707 37.690369 25.932247 43.620468 0.000000 0.000000 0.000000 0.000000 0.000000 0.000000 0.000000 
71.102707 71.102707 70.928802 71.102707 71.102707 37.690369 69.308998 0.000000 0.000000 0.000000 0.000000 0.000000 0.000000 0.000000 
0.000000 68.897270 71.102707 71.102707 37.690369 69.308998 0.000000 0.000000 0.000000 0.000000 0.000000 0.000000 0.000000 0.000000 
0.000000 71.102707 71.102707 49.344860 43.620468 0.000000 0.000000 0.000000 0.000000 0.000000 0.000000 0.000000 0.000000 0.000000 
0.000000 0.000000 71.102707 71.102707 0.000000 0.000000 0.000000 0.000000 0.000000 0.000000 0.000000 0.000000 0.000000 0.000000 
