test/output/constant/M3M495_S060_A090_WD135.0_WS010.0/M3M495_S060_A090_WD135.0_WS010.0_raz.asc
ncols         14
nrows         44
xllcorner     425503.990666
yllcorner     12744555.311160
cellsize      100.000000
NODATA_value  0.000000
0 0 0 0 0 0 0 0 0 0 282 282 34 0 
0 0 0 0 0 0 0 0 0 350 271 254 34 0 
0 0 0 0 0 0 0 0 282 282 198 192 173 0 
0 0 0 0 0 0 0 0 271 261 197 192 170 165 
0 0 0 0 0 0 0 271 302 233 192 182 165 170 
0 0 0 0 0 0 0 201 201 201 192 181 179 173 
0 0 0 0 0 0 302 244 244 192 192 181 165 170 
0 0 0 0 0 0 271 201 201 192 192 181 179 173 
0 0 0 0 0 0 201 233 198 192 192 181 179 170 
0 0 0 0 0 203 201 199 192 192 192 179 181 170 
0 0 0 0 0 261 201 244 192 192 185 173 179 159 
0 0 0 0 261 244 201 198 192 192 179 179 176 179 
0 0 0 0 261 302 282 192 192 189 170 173 179 165 
0 0 0 0 199 199 199 192 192 192 182 165 173 179 
0 0 0 271 244 201 198 192 192 192 179 182 179 176 
0 0 0 244 201 201 192 192 192 179 179 165 181 179 
0 0 0 233 244 201 192 192 192 181 179 181 170 0 
0 0 0 201 199 192 193 192 192 184 179 176 181 0 
0 0 201 199 201 195 192 192 192 182 181 179 165 0 
0 0 201 201 201 197 192 192 192 179 179 179 179 0 
0 0 201 199 233 192 192 192 170 179 165 176 173 0 
0 0 199 199 192 192 192 189 179 173 179 181 179 0 
0 244 201 201 192 192 192 192 176 179 179 165 170 0 
0 201 244 194 194 192 192 192 182 181 188 179 0 0 
0 199 199 198 192 192 192 179 170 179 170 176 0 0 
0 261 261 192 192 192 192 192 179 179 179 179 0 0 
0 201 192 192 194 192 192 184 173 181 182 181 0 0 
0 201 192 192 192 192 192 179 185 181 165 170 0 0 
201 201 192 192 192 192 192 181 179 179 181 0 0 0 
199 192 192 192 192 189 179 187 181 181 181 0 0 0 
201 192 192 192 192 192 192 185 181 170 173 0 0 0 
199 192 192 192 192 187 184 181 173 173 0 0 0 0 
192 192 192 192 192 192 185 184 176 179 0 0 0 0 
244 192 192 192 192 192 179 181 189 181 0 0 0 0 
194 192 192 192 192 181 182 181 179 0 0 0 0 0 
195 192 192 198 192 192 188 173 181 0 0 0 0 0 
192 192 194 192 181 182 189 181 181 0 0 0 0 0 
192 192 192 192 189 192 179 181 0 0 0 0 0 0 
192 192 192 192 188 187 192 181 0 0 0 0 0 0 
192 195 192 192 179 173 181 0 0 0 0 0 0 0 
192 192 192 192 192 179 189 0 0 0 0 0 0 0 
0 194 192 192 179 189 0 0 0 0 0 0 0 0 
0 192 192 182 181 0 0 0 0 0 0 0 0 0 
0 0 192 192 0 0 0 0 0 0 0 0 0 0 
