test/output/constant/M395_S060_A090_WD045.0_WS010.0/M395_S060_A090_WD045.0_WS010.0_intensity.asc
ncols         14
nrows         61
xllcorner     425503.990666
yllcorner     12742755.311160
cellsize      100.000000
NODATA_value  0.000000
0 0 0 0 0 0 0 0 0 0 666 0 644 0 
0 0 0 0 0 0 0 0 0 666 63666 92828 19102 0 
0 0 0 0 0 0 0 0 0 63666 90397 92828 33164 0 
0 0 0 0 0 0 0 0 999 63666 92828 92828 25810 0 
0 0 0 0 0 0 0 0 63666 63666 92828 92828 48904 644 
0 0 0 0 0 0 0 1200 1200 63666 92828 77854 25810 33164 
0 0 0 0 0 0 0 63666 2383 63666 92828 48904 48904 25810 
0 0 0 0 0 0 0 63666 8074 92828 92828 56812 48904 25810 
0 0 0 0 0 0 2383 63666 63666 92828 92828 19102 48904 19102 
0 0 0 0 0 0 56016 63666 63666 92828 92828 19102 56812 25810 
0 0 0 0 0 0 63666 63666 63666 92828 77854 56812 48904 48904 
0 0 0 0 0 63666 63666 63666 92828 92828 92828 56812 48904 19102 
0 0 0 0 0 2383 70814 63666 92828 92828 56812 71510 19102 19102 
0 0 0 0 0 2383 63666 63666 92828 92828 19102 40941 25810 19102 
0 0 0 0 0 63666 63666 63666 92828 92828 87575 56812 48904 48904 
0 0 0 0 56016 666 4627 63666 92828 92828 48904 56812 19102 25810 
0 0 0 0 70814 70814 63666 92828 92828 90656 48904 40941 56812 48904 
0 0 0 0 63666 8074 63666 92828 92828 92828 56812 48904 56812 48904 
0 0 0 0 8074 63666 70814 92828 92828 92828 56812 48904 48904 48904 
0 0 0 63666 63666 63666 4627 82754 92828 56812 25810 33164 56812 25810 
0 0 0 63666 4627 63666 92828 92828 92828 92828 25810 48904 48904 0 
0 0 0 63666 63666 63666 92295 92828 92828 56812 64425 56812 40941 0 
0 0 0 63666 4627 70814 92828 87184 92828 92828 56812 56812 48904 0 
0 0 0 70814 63666 63666 92828 92828 56812 64425 56812 33164 56812 0 
0 0 2383 63666 63666 92828 92828 92828 92828 64425 56812 48904 33164 0 
0 0 4627 63666 63666 92828 92828 92828 90656 48904 40941 33164 56812 0 
0 0 63666 70814 70814 92295 92828 92828 87575 56812 25810 25810 33164 0 
0 0 4627 63666 92828 92828 92828 92828 48904 56812 56812 56812 19102 0 
0 0 70814 63666 63666 92828 92828 92828 92739 64425 56812 19102 48904 0 
0 0 63666 63666 92828 92828 92828 77854 87575 56812 56812 19102 33164 0 
0 63666 4627 70814 92828 92680 92828 92828 48904 56812 40941 48904 0 0 
0 63666 63666 2383 90397 92828 92828 92828 71510 33164 19102 56812 0 0 
0 2383 63666 63666 90397 92828 92828 48904 77854 40941 56812 33164 0 0 
0 4627 63666 2383 92828 92828 92828 92828 48904 64425 64425 56812 0 0 
0 63666 70814 90397 92828 92828 92828 56812 33164 56812 33164 40941 0 0 
0 70814 4627 92828 90397 92828 92828 92828 48904 56812 48904 19102 0 0 
0 63666 63666 87184 92828 92828 90656 64425 56812 19102 56812 48904 0 0 
0 63666 82754 82754 92680 92828 92828 87575 48904 48904 40941 33164 0 0 
63666 92295 92828 92828 92828 92828 92828 33164 56812 33164 25810 0 0 0 
70814 63666 92828 92295 92828 92828 87575 33164 40941 56812 56812 0 0 0 
70814 63666 92828 82754 92828 92828 92828 64425 71510 48904 56812 0 0 0 
63666 63666 92828 92828 92828 92828 48904 33164 56812 48904 19102 0 0 0 
63666 63666 92828 92828 92828 92828 92828 56812 56812 40941 56812 0 0 0 
63666 92828 92295 92828 92828 92828 56812 56812 25810 33164 0 0 0 0 
63666 92828 90397 92828 92828 92828 56812 48904 64425 48904 0 0 0 0 
63666 92828 92828 92828 92828 83264 40941 33164 48904 48904 0 0 0 0 
63666 92828 92828 92828 92828 92828 48904 56812 56812 56812 0 0 0 0 
2383 90397 82754 92295 92828 92828 83264 64425 56812 0 0 0 0 0 
92828 90397 92828 92828 92828 83264 40941 40941 33164 0 0 0 0 0 
92828 92828 92828 92828 92828 64425 48904 56812 64425 0 0 0 0 0 
92828 92828 92828 92828 92828 92739 71510 48904 56812 0 0 0 0 0 
92828 92828 92828 92828 92828 19102 48904 77854 0 0 0 0 0 0 
82754 87184 92828 92828 92413 40941 83264 56812 0 0 0 0 0 0 
77241 90397 87184 92828 92828 87575 83264 48904 0 0 0 0 0 0 
92828 87184 92828 92828 90656 33164 56812 0 0 0 0 0 0 0 
92828 92828 92828 92828 92828 56812 48904 0 0 0 0 0 0 0 
92828 92828 92828 92828 56812 48904 0 0 0 0 0 0 0 0 
0 92828 92828 92828 92828 77854 0 0 0 0 0 0 0 0 
0 92828 92828 77854 92828 71510 0 0 0 0 0 0 0 0 
0 92828 92828 90656 92828 0 0 0 0 0 0 0 0 0 
0 0 92828 92828 0 0 0 0 0 0 0 0 0 0 
