test/output/constant/M395_S060_A090_WD045.0_WS010.0/M395_S060_A090_WD045.0_WS010.0_arrival.asc
ncols         14
nrows         61
xllcorner     425503.990666
yllcorner     12742755.311160
cellsize      100.000000
NODATA_value  0.000000
0.000000 0.000000 0.000000 0.000000 0.000000 0.000000 0.000000 0.000000 0.000000 0.000000 166.010947 166.000000 166.023810 0.000000 
0.000000 0.000000 0.000000 0.000000 0.000000 0.000000 0.000000 0.000000 0.000000 166.029284 166.002463 166.000547 166.014505 0.000000 
0.000000 0.000000 0.000000 0.000000 0.000000 0.000000 0.000000 0.000000 0.000000 166.016147 166.001916 166.001095 166.012589 0.000000 
0.000000 0.000000 0.000000 0.000000 0.000000 0.000000 0.000000 0.000000 166.032842 166.010126 166.002189 166.001916 166.012316 0.000000 
0.000000 0.000000 0.000000 0.000000 0.000000 0.000000 0.000000 0.000000 166.023810 166.007116 166.002463 166.002463 166.012589 166.039136 
0.000000 0.000000 0.000000 0.000000 0.000000 0.000000 0.000000 166.039684 166.017789 166.006021 166.003284 166.003284 166.013137 166.036126 
0.000000 0.000000 0.000000 0.000000 0.000000 0.000000 0.000000 166.031200 166.014231 166.005747 166.003832 166.004379 166.014231 166.035031 
0.000000 0.000000 0.000000 0.000000 0.000000 0.000000 0.000000 166.025726 166.011768 166.005747 166.004653 166.005474 166.015052 166.034484 
0.000000 0.000000 0.000000 0.000000 0.000000 0.000000 166.039136 166.021621 166.010400 166.006021 166.005474 166.006568 166.015873 166.034210 
0.000000 0.000000 0.000000 0.000000 0.000000 0.000000 166.033389 166.018610 166.009852 166.006295 166.006021 166.007663 166.016968 166.034210 
0.000000 0.000000 0.000000 0.000000 0.000000 0.000000 166.029284 166.016421 166.009579 166.006842 166.006842 166.008758 166.018063 166.034484 
0.000000 0.000000 0.000000 0.000000 0.000000 166.041052 166.025726 166.015052 166.009579 166.007389 166.007389 166.009852 166.019158 166.035031 
0.000000 0.000000 0.000000 0.000000 0.000000 166.036673 166.022989 166.013958 166.009579 166.008210 166.008210 166.010947 166.020526 166.036126 
0.000000 0.000000 0.000000 0.000000 0.000000 166.033115 166.020800 166.013684 166.009852 166.008758 166.009305 166.012316 166.021621 166.036673 
0.000000 0.000000 0.000000 0.000000 0.000000 166.030105 166.019431 166.013410 166.010126 166.009579 166.009852 166.013410 166.022715 166.036947 
0.000000 0.000000 0.000000 0.000000 166.040778 166.027642 166.018610 166.013410 166.010674 166.010126 166.010947 166.014505 166.024084 166.037768 
0.000000 0.000000 0.000000 0.000000 166.037220 166.025452 166.017789 166.013410 166.010947 166.010947 166.012042 166.015873 166.025179 166.038589 
0.000000 0.000000 0.000000 0.000000 166.034484 166.024084 166.017516 166.013410 166.011768 166.011495 166.012863 166.016968 166.026273 166.039410 
0.000000 0.000000 0.000000 0.000000 166.032021 166.022989 166.017242 166.013684 166.012316 166.012316 166.013958 166.018063 166.027642 166.040505 
0.000000 0.000000 0.000000 166.041599 166.030105 166.022168 166.017242 166.013958 166.013137 166.013137 166.015052 166.019431 166.028736 166.041326 
0.000000 0.000000 0.000000 166.038863 166.028736 166.021621 166.016968 166.014505 166.013684 166.013958 166.016147 166.020526 166.029831 0.000000 
0.000000 0.000000 0.000000 166.036673 166.027368 166.021347 166.016968 166.014779 166.014505 166.014779 166.016968 166.021621 166.031200 0.000000 
0.000000 0.000000 0.000000 166.034757 166.026547 166.021073 166.017242 166.015326 166.015052 166.015600 166.018063 166.022715 166.032294 0.000000 
0.000000 0.000000 0.000000 166.033115 166.025726 166.021073 166.017516 166.015873 166.015873 166.016421 166.019158 166.024084 166.033389 0.000000 
0.000000 0.000000 166.041326 166.032021 166.025452 166.020800 166.017789 166.016421 166.016421 166.017516 166.020252 166.025179 166.034757 0.000000 
0.000000 0.000000 166.039410 166.030926 166.025179 166.020800 166.018063 166.017242 166.017242 166.018610 166.021621 166.026547 166.035852 0.000000 
0.000000 0.000000 166.037768 166.030105 166.024905 166.020800 166.018610 166.017789 166.017789 166.019431 166.022715 166.027642 166.037220 0.000000 
0.000000 0.000000 166.036673 166.029557 166.024905 166.021073 166.019158 166.018610 166.018884 166.020526 166.023810 166.028736 166.038315 0.000000 
0.000000 0.000000 166.035578 166.029284 166.024631 166.021347 166.019431 166.019158 166.019431 166.021347 166.024905 166.030105 166.039410 0.000000 
0.000000 0.000000 166.034484 166.029010 166.024631 166.021621 166.019979 166.019979 166.020252 166.022442 166.026000 166.031200 166.040778 0.000000 
0.000000 166.041052 166.033936 166.028736 166.024631 166.021894 166.020800 166.020800 166.021347 166.023536 166.027368 166.032294 0.000000 0.000000 
0.000000 166.039957 166.033389 166.028736 166.024631 166.022442 166.021347 166.021347 166.022168 166.024631 166.028463 166.033389 0.000000 0.000000 
0.000000 166.039136 166.033115 166.028463 166.024905 166.022715 166.022168 166.022168 166.022989 166.025726 166.029557 166.034757 0.000000 0.000000 
0.000000 166.038315 166.032842 166.028463 166.025179 166.023263 166.022715 166.022715 166.024084 166.026547 166.030652 166.035852 0.000000 0.000000 
0.000000 166.037494 166.032568 166.028189 166.025452 166.023810 166.023536 166.023536 166.025179 166.027642 166.032021 166.037220 0.000000 0.000000 
0.000000 166.037220 166.032568 166.028463 166.025726 166.024358 166.024084 166.024358 166.026000 166.028736 166.033115 166.038315 0.000000 0.000000 
0.000000 166.036947 166.032294 166.028463 166.026273 166.024905 166.024905 166.025179 166.027094 166.029831 166.034210 166.039410 0.000000 0.000000 
0.000000 166.036673 166.032021 166.028736 166.026547 166.025726 166.025452 166.026000 166.027915 166.030926 166.035578 166.040778 0.000000 0.000000 
166.041326 166.036399 166.032021 166.029010 166.027094 166.026273 166.026273 166.027094 166.029010 166.032021 166.036673 0.000000 0.000000 0.000000 
166.041052 166.036399 166.032021 166.029284 166.027642 166.026821 166.026821 166.027915 166.030105 166.033115 166.037768 0.000000 0.000000 0.000000 
166.040778 166.036126 166.032294 166.029557 166.028189 166.027642 166.027642 166.028736 166.030926 166.034210 166.038863 0.000000 0.000000 0.000000 
166.040505 166.035852 166.032568 166.030105 166.028463 166.028189 166.028463 166.029831 166.032021 166.035305 166.040231 0.000000 0.000000 0.000000 
166.040231 166.035852 166.032568 166.030378 166.029010 166.029010 166.029284 166.030652 166.033115 166.036673 166.041326 0.000000 0.000000 0.000000 
166.040231 166.035852 166.032842 166.030926 166.029831 166.029831 166.030105 166.031473 166.034210 166.037768 0.000000 0.000000 0.000000 0.000000 
166.039957 166.035852 166.033115 166.031200 166.030378 166.030378 166.030926 166.032568 166.035031 166.038863 0.000000 0.000000 0.000000 0.000000 
166.039684 166.036126 166.033663 166.031747 166.031200 166.031200 166.031747 166.033663 166.036126 166.039957 0.000000 0.000000 0.000000 0.000000 
166.039684 166.036399 166.033936 166.032294 166.031747 166.031747 166.032568 166.034484 166.037220 166.041052 0.000000 0.000000 0.000000 0.000000 
166.039684 166.036399 166.034210 166.032842 166.032568 166.032568 166.033389 166.035578 166.038315 0.000000 0.000000 0.000000 0.000000 0.000000 
166.039684 166.036673 166.034757 166.033389 166.033115 166.033115 166.034484 166.036673 166.039410 0.000000 0.000000 0.000000 0.000000 0.000000 
166.039684 166.037220 166.035031 166.033936 166.033936 166.034210 166.035305 166.037494 166.040231 0.000000 0.000000 0.000000 0.000000 0.000000 
166.039957 166.037494 166.035578 166.034757 166.034484 166.035031 166.036126 166.038589 166.041326 0.000000 0.000000 0.000000 0.000000 0.000000 
166.040231 166.037768 166.036126 166.035305 166.035305 166.035852 166.037220 166.039410 0.000000 0.000000 0.000000 0.000000 0.000000 0.000000 
166.040231 166.038042 166.036399 166.035852 166.035852 166.036673 166.038042 166.040505 0.000000 0.000000 0.000000 0.000000 0.000000 0.000000 
166.040505 166.038315 166.036947 166.036673 166.036673 166.037220 166.039136 166.041599 0.000000 0.000000 0.000000 0.000000 0.000000 0.000000 
166.040778 166.038863 166.037494 166.037494 166.037494 166.038315 166.039957 0.000000 0.000000 0.000000 0.000000 0.000000 0.000000 0.000000 
166.041326 166.039410 166.038042 166.038042 166.038042 166.039136 166.041052 0.000000 0.000000 0.000000 0.000000 0.000000 0.000000 0.000000 
166.041599 166.039957 166.038863 166.038863 166.038863 166.039957 0.000000 0.000000 0.000000 0.000000 0.000000 0.000000 0.000000 0.000000 
0.000000 166.040231 166.039684 166.039410 166.039684 166.041052 0.000000 0.000000 0.000000 0.000000 0.000000 0.000000 0.000000 0.000000 
0.000000 166.040778 166.040231 166.040231 166.040505 166.041667 0.000000 0.000000 0.000000 0.000000 0.000000 0.000000 0.000000 0.000000 
0.000000 166.041326 166.040778 166.040778 166.041326 0.000000 0.000000 0.000000 0.000000 0.000000 0.000000 0.000000 0.000000 0.000000 
0.000000 0.000000 166.041599 166.041599 0.000000 0.000000 0.000000 0.000000 0.000000 0.000000 0.000000 0.000000 0.000000 0.000000 
