test/output/constant/M3M4100_S000_A090_WD135.0_WS010.0/M3M4100_S000_A090_WD135.0_WS010.0_arrival.asc
ncols         17
nrows         17
xllcorner     425403.990666
yllcorner     12748355.311160
cellsize      100.000000
NODATA_value  0.000000
0.000000 0.000000 0.000000 166.041198 166.041198 166.041198 166.041198 166.041198 166.041667 0.000000 0.000000 0.000000 0.000000 0.000000 0.000000 0.000000 0.000000 
0.000000 166.041667 166.040085 166.038972 166.037858 166.036745 166.036745 166.037858 166.037858 166.038972 166.041198 0.000000 0.000000 0.000000 0.000000 0.000000 0.000000 
0.000000 166.040085 166.037858 166.036745 166.034518 166.034518 166.033404 166.033404 166.034518 166.034518 166.036745 166.038972 166.041667 0.000000 0.000000 0.000000 0.000000 
166.041198 166.038972 166.036745 166.034518 166.032291 166.031177 166.030064 166.030064 166.030064 166.031177 166.032291 166.034518 166.037858 166.041198 0.000000 0.000000 0.000000 
166.041198 166.037858 166.034518 166.032291 166.030064 166.028950 166.027837 166.026723 166.026723 166.026723 166.027837 166.030064 166.033404 166.036745 166.041198 0.000000 0.000000 
166.041198 166.036745 166.034518 166.031177 166.028950 166.025610 166.024496 166.023383 166.023383 166.023383 166.024496 166.025610 166.028950 166.032291 166.037858 0.000000 0.000000 
166.041198 166.036745 166.033404 166.030064 166.027837 166.024496 166.022269 166.021156 166.020042 166.020042 166.020042 166.021156 166.023383 166.027837 166.033404 166.038972 0.000000 
166.041198 166.037858 166.033404 166.030064 166.026723 166.023383 166.021156 166.017816 166.016702 166.016702 166.016702 166.016702 166.018929 166.023383 166.028950 166.035631 0.000000 
166.041667 166.037858 166.034518 166.030064 166.026723 166.023383 166.020042 166.016702 166.014475 166.013362 166.012248 166.013362 166.014475 166.018929 166.024496 166.031177 166.038972 
0.000000 166.038972 166.034518 166.031177 166.026723 166.023383 166.020042 166.016702 166.013362 166.010021 166.008908 166.008908 166.010021 166.014475 166.021156 166.028950 166.036745 
0.000000 166.041198 166.036745 166.032291 166.027837 166.024496 166.020042 166.016702 166.012248 166.008908 166.006681 166.005567 166.005567 166.010021 166.017816 166.025610 166.034518 
0.000000 0.000000 166.038972 166.034518 166.030064 166.025610 166.021156 166.016702 166.013362 166.008908 166.005567 166.002227 166.002227 166.006681 166.014475 166.024496 166.033404 
0.000000 0.000000 166.041667 166.037858 166.033404 166.028950 166.023383 166.018929 166.014475 166.010021 166.005567 166.002227 166.000000 166.005567 166.014475 166.024496 166.033404 
0.000000 0.000000 0.000000 166.041198 166.036745 166.032291 166.027837 166.023383 166.018929 166.014475 166.010021 166.006681 166.005567 166.007794 166.015589 166.025610 166.034518 
0.000000 0.000000 0.000000 0.000000 166.041198 166.037858 166.033404 166.028950 166.024496 166.021156 166.017816 166.014475 166.014475 166.015589 166.021156 166.028950 166.037858 
0.000000 0.000000 0.000000 0.000000 0.000000 0.000000 166.038972 166.035631 166.031177 166.028950 166.025610 166.024496 166.024496 166.025610 166.028950 166.034518 0.000000 
0.000000 0.000000 0.000000 0.000000 0.000000 0.000000 0.000000 0.000000 166.038972 166.036745 166.034518 166.033404 166.033404 166.034518 166.037858 0.000000 0.000000 
