test/output/constant/M1M295_S060_A180_WD315.0_WS015.0/M1M295_S060_A180_WD315.0_WS015.0_arrival.asc
ncols         30
nrows         11
xllcorner     426603.990666
yllcorner     12747855.311160
cellsize      100.000000
NODATA_value  0.000000
0.000000 166.035746 166.033579 166.034663 166.037371 166.040079 0.000000 0.000000 0.000000 0.000000 0.000000 0.000000 0.000000 0.000000 0.000000 0.000000 0.000000 0.000000 0.000000 0.000000 0.000000 0.000000 0.000000 0.000000 0.000000 0.000000 0.000000 0.000000 0.000000 0.000000 
166.000000 166.001083 166.002166 166.004333 166.007041 166.010290 166.013540 166.017331 166.020581 166.024372 166.028163 166.031955 166.035746 166.039537 0.000000 0.000000 0.000000 0.000000 0.000000 0.000000 0.000000 0.000000 0.000000 0.000000 0.000000 0.000000 0.000000 0.000000 0.000000 0.000000 
166.011915 166.002708 166.002708 166.003791 166.005416 166.006499 166.008124 166.009749 166.011915 166.014623 166.017331 166.020581 166.023289 166.026539 166.029788 166.033038 166.036829 166.040620 0.000000 0.000000 0.000000 0.000000 0.000000 0.000000 0.000000 0.000000 0.000000 0.000000 0.000000 0.000000 
0.000000 166.031413 166.014623 166.008666 166.007582 166.007582 166.008124 166.009749 166.010832 166.012457 166.014082 166.015707 166.017331 166.019498 166.022206 166.024914 166.027622 166.030871 166.033579 166.036829 166.040079 0.000000 0.000000 0.000000 0.000000 0.000000 0.000000 0.000000 0.000000 0.000000 
0.000000 0.000000 0.000000 166.030330 166.020581 166.014623 166.012998 166.012457 166.012457 166.012457 166.013540 166.015165 166.016790 166.017873 166.019498 166.021123 166.022747 166.025455 166.027622 166.029788 166.032496 166.035204 166.037912 166.041162 0.000000 0.000000 0.000000 0.000000 0.000000 0.000000 
0.000000 0.000000 0.000000 0.000000 0.000000 166.035746 166.026539 166.021664 166.018956 166.017331 166.017331 166.017331 166.017331 166.018415 166.019498 166.021123 166.022206 166.023831 166.025455 166.027080 166.028705 166.030871 166.033038 166.035204 166.037912 166.040620 0.000000 0.000000 0.000000 0.000000 
0.000000 0.000000 0.000000 0.000000 0.000000 0.000000 0.000000 166.041162 166.033038 166.028163 166.024914 166.023289 166.022206 166.022206 166.022206 166.022206 166.022747 166.023831 166.024914 166.026539 166.028163 166.029247 166.030871 166.032496 166.034121 166.036287 166.038454 166.040620 0.000000 0.000000 
0.000000 0.000000 0.000000 0.000000 0.000000 0.000000 0.000000 0.000000 0.000000 0.000000 166.040079 166.034663 166.030871 166.029247 166.027622 166.027080 166.027080 166.026539 166.027080 166.027622 166.028163 166.029247 166.030871 166.032496 166.033579 166.035204 166.036829 166.038454 166.040079 166.041667 
0.000000 0.000000 0.000000 0.000000 0.000000 0.000000 0.000000 0.000000 0.000000 0.000000 0.000000 0.000000 0.000000 166.041162 166.037371 166.035204 166.033579 166.032496 166.031955 166.031413 166.031413 166.031955 166.031955 166.033038 166.033579 166.035204 166.036287 166.037912 166.039537 166.040620 
0.000000 0.000000 0.000000 0.000000 0.000000 0.000000 0.000000 0.000000 0.000000 0.000000 0.000000 0.000000 0.000000 0.000000 0.000000 0.000000 0.000000 166.041162 166.039537 166.038454 166.037371 166.036829 166.036287 166.036287 166.036829 166.036829 166.037371 166.038454 166.039537 166.040620 
0.000000 0.000000 0.000000 0.000000 0.000000 0.000000 0.000000 0.000000 0.000000 0.000000 0.000000 0.000000 0.000000 0.000000 0.000000 0.000000 0.000000 0.000000 0.000000 0.000000 0.000000 0.000000 0.000000 0.000000 166.041162 166.041162 166.041162 166.041667 166.041667 0.000000 
