test/output/constant/C2_S060_A180_WD315.0_WS015.0/C2_S060_A180_WD315.0_WS015.0_arrival.asc
ncols         30
nrows         10
xllcorner     426603.990666
yllcorner     12747955.311160
cellsize      100.000000
NODATA_value  0.000000
0.000000 166.037610 166.034845 166.035951 166.039269 166.041667 0.000000 0.000000 0.000000 0.000000 0.000000 0.000000 0.000000 0.000000 0.000000 0.000000 0.000000 0.000000 0.000000 0.000000 0.000000 0.000000 0.000000 0.000000 0.000000 0.000000 0.000000 0.000000 0.000000 0.000000 
166.000000 166.001106 166.002212 166.004425 166.007190 166.010509 166.013827 166.017699 166.021017 166.024889 166.028761 166.032632 166.036504 166.040375 0.000000 0.000000 0.000000 0.000000 0.000000 0.000000 0.000000 0.000000 0.000000 0.000000 0.000000 0.000000 0.000000 0.000000 0.000000 0.000000 
166.012168 166.002765 166.002765 166.003872 166.005531 166.006637 166.008296 166.009956 166.012168 166.014933 166.017699 166.021017 166.023783 166.027101 166.030420 166.033738 166.037610 166.041482 0.000000 0.000000 0.000000 0.000000 0.000000 0.000000 0.000000 0.000000 0.000000 0.000000 0.000000 0.000000 
0.000000 166.032632 166.014933 166.008849 166.007743 166.007743 166.008296 166.009956 166.011062 166.012721 166.014380 166.015486 166.017699 166.019911 166.022677 166.025442 166.028207 166.031526 166.034291 166.037610 166.040928 0.000000 0.000000 0.000000 0.000000 0.000000 0.000000 0.000000 0.000000 0.000000 
0.000000 0.000000 0.000000 166.032079 166.021017 166.015486 166.013274 166.012721 166.012721 166.012721 166.013827 166.015486 166.017146 166.018252 166.019911 166.021570 166.023230 166.025442 166.028207 166.030420 166.033185 166.035951 166.038716 166.041667 0.000000 0.000000 0.000000 0.000000 0.000000 0.000000 
0.000000 0.000000 0.000000 0.000000 0.000000 166.037057 166.027654 166.022123 166.019358 166.018252 166.017699 166.017699 166.017699 166.018805 166.019911 166.021570 166.022677 166.024336 166.025995 166.027101 166.029314 166.031526 166.033738 166.035951 166.038716 166.040928 0.000000 0.000000 0.000000 0.000000 
0.000000 0.000000 0.000000 0.000000 0.000000 0.000000 0.000000 0.000000 166.034291 166.028761 166.025442 166.023783 166.022677 166.022677 166.022677 166.022677 166.023230 166.024336 166.025442 166.027101 166.028761 166.029867 166.031526 166.033185 166.034845 166.037057 166.039269 166.041482 0.000000 0.000000 
0.000000 0.000000 0.000000 0.000000 0.000000 0.000000 0.000000 0.000000 0.000000 0.000000 166.041482 166.035398 166.032079 166.029867 166.028761 166.027654 166.027654 166.027654 166.027654 166.028207 166.028761 166.029867 166.031526 166.033185 166.034291 166.035951 166.037610 166.039269 166.040928 0.000000 
0.000000 0.000000 0.000000 0.000000 0.000000 0.000000 0.000000 0.000000 0.000000 0.000000 0.000000 0.000000 0.000000 0.000000 166.038716 166.035951 166.034291 166.033185 166.032632 166.032632 166.032632 166.032632 166.033185 166.033738 166.034291 166.035951 166.037057 166.038716 166.040375 166.041482 
0.000000 0.000000 0.000000 0.000000 0.000000 0.000000 0.000000 0.000000 0.000000 0.000000 0.000000 0.000000 0.000000 0.000000 0.000000 0.000000 0.000000 0.000000 166.040375 166.039269 166.038163 166.037610 166.037057 166.037057 166.037610 166.037610 166.038163 166.039269 166.040375 166.041482 
