test/output/constant/C1_S060_A000_WD180.0_WS045.0/C1_S060_A000_WD180.0_WS045.0_arrival.asc
ncols         10
nrows         32
xllcorner     425803.990666
yllcorner     12748755.311160
cellsize      100.000000
NODATA_value  0.000000
0.000000 166.041545 166.041545 0.000000 0.000000 0.000000 0.000000 0.000000 0.000000 0.000000 
166.041545 166.040190 166.040190 166.041545 0.000000 0.000000 0.000000 0.000000 0.000000 0.000000 
166.040642 166.038836 166.038836 166.039739 0.000000 0.000000 0.000000 0.000000 0.000000 0.000000 
166.040642 166.037481 166.037481 166.037933 166.041545 0.000000 0.000000 0.000000 0.000000 0.000000 
166.040190 166.036578 166.036126 166.036126 166.039287 0.000000 0.000000 0.000000 0.000000 0.000000 
166.040190 166.036126 166.034771 166.034771 166.037029 0.000000 0.000000 0.000000 0.000000 0.000000 
166.040190 166.035223 166.033417 166.033417 166.035223 166.040190 0.000000 0.000000 0.000000 0.000000 
166.040190 166.034771 166.032062 166.032062 166.032965 166.037481 0.000000 0.000000 0.000000 0.000000 
166.040642 166.034771 166.031159 166.030707 166.031159 166.035223 0.000000 0.000000 0.000000 0.000000 
166.041545 166.034771 166.030256 166.029353 166.029353 166.032514 166.039287 0.000000 0.000000 0.000000 
0.000000 166.034771 166.029804 166.027998 166.027998 166.030256 166.036578 0.000000 0.000000 0.000000 
0.000000 166.035223 166.029804 166.026643 166.026643 166.028449 166.033868 0.000000 0.000000 0.000000 
0.000000 166.035675 166.029353 166.025740 166.025288 166.026192 166.031159 166.041094 0.000000 0.000000 
0.000000 166.037029 166.029804 166.024837 166.023934 166.024385 166.028901 166.037933 0.000000 0.000000 
0.000000 166.039287 166.029804 166.024385 166.022579 166.022579 166.026192 166.034771 0.000000 0.000000 
0.000000 0.000000 166.030256 166.024385 166.021224 166.021224 166.023934 166.031610 0.000000 0.000000 
0.000000 0.000000 166.031610 166.024385 166.019869 166.019869 166.021676 166.028449 0.000000 0.000000 
0.000000 0.000000 166.033868 166.024385 166.019418 166.018515 166.019418 166.025740 166.038836 0.000000 
0.000000 0.000000 166.037029 166.024837 166.018966 166.017160 166.017612 166.022579 166.035223 0.000000 
0.000000 0.000000 166.041094 166.026192 166.018966 166.015805 166.015805 166.019869 166.031610 0.000000 
0.000000 0.000000 0.000000 166.028901 166.018966 166.014450 166.014450 166.017160 166.028449 0.000000 
0.000000 0.000000 0.000000 166.032514 166.019418 166.013999 166.013096 166.014902 166.024837 0.000000 
0.000000 0.000000 0.000000 166.037481 166.021224 166.013547 166.011741 166.012644 166.021676 0.000000 
0.000000 0.000000 0.000000 0.000000 166.023934 166.013547 166.010386 166.010386 166.018063 0.000000 
0.000000 0.000000 0.000000 0.000000 166.028901 166.013999 166.009032 166.009032 166.014902 0.000000 
0.000000 0.000000 0.000000 0.000000 166.036578 166.015805 166.008128 166.007677 166.011741 0.000000 
0.000000 0.000000 0.000000 0.000000 0.000000 166.019869 166.008128 166.006322 166.008580 0.000000 
0.000000 0.000000 0.000000 0.000000 0.000000 166.027546 166.008580 166.004967 166.005871 166.041094 
0.000000 0.000000 0.000000 0.000000 0.000000 166.040642 166.011289 166.003613 166.003613 166.037481 
0.000000 0.000000 0.000000 0.000000 0.000000 0.000000 166.019418 166.002709 166.002258 166.041094 
0.000000 0.000000 0.000000 0.000000 0.000000 0.000000 166.040642 166.003161 166.000903 166.040190 
0.000000 0.000000 0.000000 0.000000 0.000000 0.000000 0.000000 166.014450 166.000000 0.000000 
