test/output/constant/M3M450_S060_A090_WD000.0_WS015.0/M3M450_S060_A090_WD000.0_WS015.0_arrival.asc
ncols         7
nrows         35
xllcorner     426303.990666
yllcorner     12745355.311160
cellsize      100.000000
NODATA_value  0.000000
0.000000 0.000000 166.032239 166.000000 166.032239 0.000000 0.000000 
0.000000 0.000000 166.012896 166.000992 166.012896 0.000000 0.000000 
0.000000 0.000000 166.008928 166.001984 166.008928 0.000000 0.000000 
0.000000 0.000000 166.007936 166.003472 166.007936 0.000000 0.000000 
0.000000 166.034719 166.007936 166.004464 166.007936 166.034719 0.000000 
0.000000 166.030255 166.008432 166.005952 166.008432 166.030255 0.000000 
0.000000 166.027279 166.009424 166.006944 166.009424 166.027279 0.000000 
0.000000 166.025791 166.010416 166.008432 166.010416 166.025791 0.000000 
0.000000 166.024303 166.011408 166.009424 166.011408 166.024303 0.000000 
0.000000 166.023807 166.012400 166.010912 166.012400 166.023807 0.000000 
0.000000 166.023807 166.013392 166.011904 166.013392 166.023807 0.000000 
0.000000 166.023807 166.014880 166.013392 166.014880 166.023807 0.000000 
0.000000 166.023807 166.015872 166.014384 166.015872 166.023807 0.000000 
166.040671 166.024303 166.016864 166.015872 166.016864 166.024303 166.040671 
166.040175 166.024799 166.018352 166.016864 166.018352 166.024799 166.040175 
166.039679 166.025791 166.019344 166.018352 166.019344 166.025791 166.039679 
166.039183 166.026783 166.020335 166.019344 166.020335 166.026783 166.039183 
166.039183 166.027279 166.021823 166.020831 166.021823 166.027279 166.039183 
166.039183 166.028271 166.022815 166.021823 166.022815 166.028271 166.039183 
166.039183 166.029263 166.024303 166.023311 166.024303 166.029263 166.039183 
166.039183 166.030255 166.025295 166.024303 166.025295 166.030255 166.039183 
166.039679 166.031247 166.026783 166.025791 166.026783 166.031247 166.039679 
166.040671 166.031743 166.027775 166.026783 166.027775 166.031743 166.040671 
166.041167 166.033231 166.029263 166.028271 166.029263 166.033231 166.041167 
0.000000 166.034223 166.030255 166.029263 166.030255 166.034223 0.000000 
0.000000 166.035215 166.031743 166.030751 166.031743 166.035215 0.000000 
0.000000 166.036207 166.032735 166.031743 166.032735 166.036207 0.000000 
0.000000 166.037695 166.034223 166.033231 166.034223 166.037695 0.000000 
0.000000 166.038687 166.035215 166.034223 166.035215 166.038687 0.000000 
0.000000 166.039679 166.036703 166.035711 166.036703 166.039679 0.000000 
0.000000 166.041167 166.037695 166.036703 166.037695 166.041167 0.000000 
0.000000 0.000000 166.039183 166.038191 166.039183 0.000000 0.000000 
0.000000 0.000000 166.040175 166.039183 166.040175 0.000000 0.000000 
0.000000 0.000000 166.041663 166.040671 166.041663 0.000000 0.000000 
0.000000 0.000000 0.000000 166.041663 0.000000 0.000000 0.000000 
