test/output/constant/M365_S060_A000_WD315.0_WS045.0/M365_S060_A000_WD315.0_WS045.0_arrival.asc
ncols         9
nrows         28
xllcorner     426003.990666
yllcorner     12746155.311160
cellsize      100.000000
NODATA_value  0.000000
0.000000 0.000000 0.000000 0.000000 0.000000 0.000000 166.036642 0.000000 0.000000 
0.000000 0.000000 0.000000 0.000000 166.038797 166.009160 166.000000 166.017243 0.000000 
0.000000 0.000000 0.000000 0.000000 166.024787 166.003772 166.001078 166.014549 0.000000 
0.000000 0.000000 0.000000 166.040414 166.017243 166.003772 166.002694 166.014010 0.000000 
0.000000 0.000000 0.000000 166.031792 166.012394 166.004311 166.004311 166.014549 166.040953 
0.000000 0.000000 0.000000 166.025326 166.011316 166.005927 166.005927 166.015627 166.039875 
0.000000 0.000000 166.039875 166.021554 166.010777 166.007544 166.007544 166.017243 166.039336 
0.000000 0.000000 166.034486 166.019399 166.011316 166.009160 166.009699 166.019399 166.039875 
0.000000 0.000000 166.030715 166.018321 166.011855 166.010777 166.011855 166.021554 166.040414 
0.000000 0.000000 166.028020 166.017782 166.012932 166.012394 166.013471 166.023171 166.041492 
0.000000 166.039336 166.026404 166.017782 166.014010 166.014010 166.015627 166.025326 0.000000 
0.000000 166.036642 166.025326 166.018321 166.015627 166.015627 166.017782 166.027481 0.000000 
0.000000 166.035025 166.024787 166.018860 166.017243 166.017243 166.019938 166.029637 0.000000 
0.000000 166.033409 166.024787 166.019938 166.018860 166.018860 166.022093 166.031792 0.000000 
0.000000 166.032331 166.025326 166.021015 166.020476 166.020476 166.024248 166.033948 0.000000 
166.041667 166.031792 166.025865 166.022093 166.022093 166.022632 166.026404 166.036103 0.000000 
166.040953 166.031792 166.026404 166.023709 166.023171 166.024248 166.028559 166.038258 0.000000 
166.039875 166.032331 166.026943 166.025326 166.024787 166.026404 166.030715 166.040414 0.000000 
166.039336 166.032331 166.028020 166.026404 166.026404 166.028020 166.032870 0.000000 0.000000 
166.038797 166.032870 166.029098 166.028020 166.028559 166.030176 166.035564 0.000000 0.000000 
166.039336 166.033409 166.030176 166.029637 166.030176 166.032331 166.037720 0.000000 0.000000 
166.039336 166.034486 166.031792 166.031253 166.031792 166.034486 166.039875 0.000000 0.000000 
166.039875 166.035025 166.033409 166.032870 166.033409 166.036642 166.041667 0.000000 0.000000 
166.040414 166.036103 166.034486 166.034486 166.035025 166.038797 0.000000 0.000000 0.000000 
166.040953 166.037720 166.036103 166.036103 166.037181 166.040414 0.000000 0.000000 0.000000 
166.041492 166.038797 166.037720 166.037720 166.039336 0.000000 0.000000 0.000000 0.000000 
0.000000 166.039875 166.039336 166.039336 166.040953 0.000000 0.000000 0.000000 0.000000 
0.000000 166.041492 166.040953 166.041492 0.000000 0.000000 0.000000 0.000000 0.000000 
