test/output/constant/M3M400_S060_A000_WD090.0_WS040.0/M3M400_S060_A000_WD090.0_WS040.0_arrival.asc
ncols         69
nrows         9
xllcorner     419803.990666
yllcorner     12748355.311160
cellsize      100.000000
NODATA_value  0.000000
0.000000 0.000000 0.000000 0.000000 0.000000 0.000000 0.000000 0.000000 0.000000 0.000000 0.000000 0.000000 0.000000 0.000000 0.000000 0.000000 0.000000 0.000000 0.000000 166.041452 166.041206 166.040712 166.040219 166.039972 166.039478 166.038985 166.038738 166.038245 166.037998 166.037505 166.037258 166.037011 166.037011 166.037011 166.037258 166.037258 166.037505 166.037751 166.037751 166.038245 166.038491 166.038738 166.039232 166.039725 166.040219 166.040959 0.000000 0.000000 0.000000 0.000000 0.000000 0.000000 0.000000 0.000000 0.000000 0.000000 0.000000 0.000000 0.000000 0.000000 0.000000 0.000000 0.000000 0.000000 0.000000 0.000000 0.000000 0.000000 0.000000 
0.000000 0.000000 0.000000 0.000000 0.000000 0.000000 0.000000 0.000000 0.000000 166.041452 166.040959 166.040219 166.039725 166.039232 166.038491 166.037998 166.037505 166.037011 166.036518 166.036024 166.035284 166.034790 166.034544 166.034050 166.033557 166.033063 166.032570 166.032076 166.031829 166.031336 166.030843 166.030596 166.030102 166.029609 166.029362 166.028869 166.028375 166.028128 166.027635 166.027141 166.026895 166.026648 166.026401 166.026401 166.026648 166.026648 166.026895 166.027141 166.027388 166.027882 166.028375 166.028869 166.029609 166.030843 166.032076 166.033557 166.035531 166.037505 166.040219 0.000000 0.000000 0.000000 0.000000 0.000000 0.000000 0.000000 0.000000 0.000000 0.000000 
0.000000 0.000000 0.000000 0.000000 166.041452 166.040959 166.040465 166.039725 166.039232 166.038491 166.037998 166.037258 166.036764 166.036271 166.035531 166.035037 166.034544 166.033803 166.033310 166.032816 166.032076 166.031583 166.031089 166.030349 166.029856 166.029362 166.028622 166.028128 166.027635 166.026895 166.026401 166.025661 166.025168 166.024674 166.023934 166.023440 166.022947 166.022453 166.021960 166.021220 166.020726 166.020479 166.019986 166.019492 166.018999 166.018752 166.018259 166.017765 166.017272 166.017025 166.016532 166.016285 166.016038 166.016038 166.016038 166.016285 166.016532 166.017025 166.017519 166.018506 166.019986 166.021713 166.023687 166.027882 166.033557 0.000000 0.000000 0.000000 0.000000 
0.000000 166.041667 166.040959 166.040465 166.039725 166.039232 166.038491 166.037998 166.037258 166.036764 166.036024 166.035531 166.034790 166.034297 166.033803 166.033063 166.032570 166.031829 166.031336 166.030596 166.030102 166.029362 166.028869 166.028128 166.027635 166.027141 166.026401 166.025908 166.025168 166.024674 166.023934 166.023440 166.022700 166.022207 166.021466 166.020973 166.020479 166.019739 166.019246 166.018506 166.018012 166.017272 166.016778 166.016038 166.015545 166.014804 166.014311 166.013817 166.013077 166.012584 166.011844 166.011350 166.010610 166.010116 166.009623 166.008883 166.008389 166.007896 166.007155 166.006662 166.006415 166.005922 166.005428 166.005428 166.005675 166.006169 166.007896 166.013571 0.000000 
166.041667 166.041206 166.040465 166.039972 166.039232 166.038738 166.037998 166.037505 166.036764 166.036271 166.035531 166.035037 166.034297 166.033803 166.033063 166.032570 166.031829 166.031336 166.030596 166.030102 166.029362 166.028869 166.028128 166.027635 166.026895 166.026401 166.025661 166.025168 166.024427 166.023934 166.023194 166.022700 166.021960 166.021466 166.020726 166.020233 166.019492 166.018999 166.018259 166.017765 166.017025 166.016532 166.015791 166.015298 166.014558 166.014064 166.013324 166.012830 166.012090 166.011597 166.010857 166.010363 166.009623 166.009129 166.008389 166.007896 166.007155 166.006662 166.005922 166.005428 166.004688 166.004195 166.003454 166.002961 166.002221 166.001727 166.000987 166.000493 166.000000 
0.000000 166.041667 166.040959 166.040465 166.039725 166.039232 166.038491 166.037998 166.037258 166.036764 166.036024 166.035531 166.034790 166.034297 166.033803 166.033063 166.032570 166.031829 166.031336 166.030596 166.030102 166.029362 166.028869 166.028128 166.027635 166.027141 166.026401 166.025908 166.025168 166.024674 166.023934 166.023440 166.022700 166.022207 166.021466 166.020973 166.020479 166.019739 166.019246 166.018506 166.018012 166.017272 166.016778 166.016038 166.015545 166.014804 166.014311 166.013817 166.013077 166.012584 166.011844 166.011350 166.010610 166.010116 166.009623 166.008883 166.008389 166.007896 166.007155 166.006662 166.006415 166.005922 166.005428 166.005428 166.005675 166.006169 166.007896 166.013571 0.000000 
0.000000 0.000000 0.000000 0.000000 166.041452 166.040959 166.040465 166.039725 166.039232 166.038491 166.037998 166.037258 166.036764 166.036271 166.035531 166.035037 166.034544 166.033803 166.033310 166.032816 166.032076 166.031583 166.031089 166.030349 166.029856 166.029362 166.028622 166.028128 166.027635 166.026895 166.026401 166.025661 166.025168 166.024674 166.023934 166.023440 166.022947 166.022453 166.021960 166.021220 166.020726 166.020479 166.019986 166.019492 166.018999 166.018752 166.018259 166.017765 166.017272 166.017025 166.016532 166.016285 166.016038 166.016038 166.016038 166.016285 166.016532 166.017025 166.017519 166.018506 166.019986 166.021713 166.023687 166.027882 166.033557 0.000000 0.000000 0.000000 0.000000 
0.000000 0.000000 0.000000 0.000000 0.000000 0.000000 0.000000 0.000000 0.000000 166.041452 166.040959 166.040219 166.039725 166.039232 166.038491 166.037998 166.037505 166.037011 166.036518 166.036024 166.035284 166.034790 166.034544 166.034050 166.033557 166.033063 166.032570 166.032076 166.031829 166.031336 166.030843 166.030596 166.030102 166.029609 166.029362 166.028869 166.028375 166.028128 166.027635 166.027141 166.026895 166.026648 166.026401 166.026401 166.026648 166.026648 166.026895 166.027141 166.027388 166.027882 166.028375 166.028869 166.029609 166.030843 166.032076 166.033557 166.035531 166.037505 166.040219 0.000000 0.000000 0.000000 0.000000 0.000000 0.000000 0.000000 0.000000 0.000000 0.000000 
0.000000 0.000000 0.000000 0.000000 0.000000 0.000000 0.000000 0.000000 0.000000 0.000000 0.000000 0.000000 0.000000 0.000000 0.000000 0.000000 0.000000 0.000000 0.000000 166.041452 166.041206 166.040712 166.040219 166.039972 166.039478 166.038985 166.038738 166.038245 166.037998 166.037505 166.037258 166.037011 166.037011 166.037011 166.037258 166.037258 166.037505 166.037751 166.037751 166.038245 166.038491 166.038738 166.039232 166.039725 166.040219 166.040959 0.000000 0.000000 0.000000 0.000000 0.000000 0.000000 0.000000 0.000000 0.000000 0.000000 0.000000 0.000000 0.000000 0.000000 0.000000 0.000000 0.000000 0.000000 0.000000 0.000000 0.000000 0.000000 0.000000 
