test/output/constant/M3M4100_S060_A270_WD315.0_WS010.0/M3M4100_S060_A270_WD315.0_WS010.0_ros.asc
ncols         15
nrows         46
xllcorner     426403.990666
yllcorner     12748655.311160
cellsize      100.000000
NODATA_value  0.000000
0.000000 0.000000 0.000000 0.000000 0.000000 0.000000 0.000000 0.000000 0.000000 46.563389 75.932625 75.932625 75.932625 0.000000 0.000000 
0.000000 0.000000 0.000000 0.000000 0.000000 0.000000 0.000000 0.000000 0.000000 75.932625 75.932625 75.932625 75.932625 75.932625 0.000000 
0.000000 0.000000 0.000000 0.000000 0.000000 0.000000 0.000000 0.000000 74.021561 75.856941 75.932625 75.932625 75.932625 75.932625 0.000000 
0.000000 0.000000 0.000000 0.000000 0.000000 0.000000 0.000000 75.932625 75.932625 75.932625 75.932625 75.932625 75.932625 75.932625 0.000000 
0.000000 0.000000 0.000000 0.000000 0.000000 0.000000 0.000000 75.932625 74.021561 75.932625 75.932625 75.932625 75.932625 75.932625 0.000000 
0.000000 0.000000 0.000000 0.000000 0.000000 0.000000 75.932625 75.932625 75.523964 75.932625 75.932625 75.932625 70.840225 75.750504 0.000000 
0.000000 0.000000 0.000000 0.000000 0.000000 0.000000 75.932625 75.932625 58.399162 75.932625 75.932625 75.932625 75.932625 75.932625 75.932625 
0.000000 0.000000 0.000000 0.000000 0.000000 74.021561 75.932625 75.932625 75.932625 75.932625 75.932625 75.932625 75.932625 73.595856 75.932625 
0.000000 0.000000 0.000000 0.000000 0.000000 74.021561 75.932625 74.021561 75.932625 75.932625 75.932625 75.932625 75.932625 75.932625 75.750504 
0.000000 0.000000 0.000000 0.000000 0.000000 74.021561 75.932625 75.932625 75.932625 75.932625 75.932625 75.932625 75.932625 75.932625 70.840225 
0.000000 0.000000 0.000000 0.000000 63.534470 71.465935 75.932625 75.932625 75.932625 75.932625 75.932625 75.750504 75.932625 75.932625 0.000000 
0.000000 0.000000 0.000000 0.000000 75.932625 75.932625 74.021561 75.932625 74.021561 75.932625 75.932625 75.932625 75.932625 75.932625 0.000000 
0.000000 0.000000 0.000000 0.000000 75.932625 75.932625 75.932625 75.932625 75.932625 75.932625 75.932625 75.932625 75.932625 70.840225 0.000000 
0.000000 0.000000 0.000000 63.534470 58.399162 75.932625 75.932625 46.563389 75.932625 75.932625 75.932625 75.932625 75.932625 75.932625 0.000000 
0.000000 0.000000 0.000000 71.465935 74.021561 75.932625 75.932625 75.932625 75.932625 75.932625 75.932625 67.128883 75.932625 70.840225 0.000000 
0.000000 0.000000 0.000000 52.684368 75.932625 75.932625 75.932625 75.932625 70.840225 75.932625 67.128883 75.932625 70.840225 73.595856 0.000000 
0.000000 0.000000 74.021561 67.934540 75.932625 71.465935 75.932625 75.932625 75.932625 75.932625 75.932625 75.932625 75.932625 73.595856 0.000000 
0.000000 0.000000 52.684368 74.021561 75.932625 75.932625 75.932625 75.932625 75.932625 75.750504 75.932625 75.750504 70.840225 57.316418 0.000000 
0.000000 0.000000 67.934540 40.221790 75.932625 75.932625 58.399162 75.932625 67.128883 75.932625 75.932625 70.840225 70.840225 51.513775 0.000000 
0.000000 0.000000 52.684368 67.934540 75.932625 75.932625 75.932625 75.932625 75.932625 75.932625 75.932625 75.750504 70.840225 73.595856 0.000000 
0.000000 0.000000 67.934540 75.932625 75.932625 75.932625 75.932625 67.128883 75.932625 75.932625 75.932625 75.311874 73.595856 0.000000 0.000000 
0.000000 0.000000 46.563389 52.684368 75.932625 75.932625 75.932625 75.932625 75.932625 75.932625 67.128883 70.840225 75.932625 0.000000 0.000000 
0.000000 63.534470 63.534470 67.934540 75.932625 75.932625 75.932625 75.932625 75.932625 75.932625 75.932625 57.316418 67.128883 0.000000 0.000000 
0.000000 52.684368 74.021561 75.932625 75.932625 75.932625 75.932625 75.932625 75.932625 75.311874 70.840225 73.595856 67.128883 0.000000 0.000000 
0.000000 63.534470 67.934540 75.932625 75.932625 75.932625 75.932625 75.932625 75.311874 70.840225 70.840225 75.311874 57.316418 0.000000 0.000000 
0.000000 46.563389 74.021561 63.534470 75.932625 75.932625 75.750504 75.932625 75.932625 73.595856 75.932625 51.513775 0.000000 0.000000 0.000000 
0.000000 63.534470 63.534470 75.932625 52.684368 75.932625 75.932625 70.840225 73.595856 57.316418 51.513775 51.513775 0.000000 0.000000 0.000000 
0.000000 46.563389 71.465935 75.932625 67.934540 75.932625 73.595856 75.932625 62.574772 51.513775 51.513775 57.316418 0.000000 0.000000 0.000000 
0.000000 58.399162 58.399162 75.932625 75.932625 75.932625 75.932625 75.932625 75.311874 75.932625 51.513775 51.513775 0.000000 0.000000 0.000000 
46.563389 67.934540 67.934540 75.932625 75.932625 75.932625 75.932625 75.311874 51.513775 73.595856 51.513775 0.000000 0.000000 0.000000 0.000000 
52.684368 52.684368 75.523964 75.932625 75.932625 75.932625 75.932625 75.311874 57.316418 70.840225 57.316418 0.000000 0.000000 0.000000 0.000000 
52.684368 67.934540 63.534470 75.932625 75.932625 75.932625 73.595856 73.595856 51.513775 51.513775 51.513775 0.000000 0.000000 0.000000 0.000000 
40.221790 46.563389 71.465935 75.856941 75.932625 75.932625 73.595856 57.316418 51.513775 51.513775 0.000000 0.000000 0.000000 0.000000 0.000000 
40.221790 58.399162 52.684368 71.465935 75.932625 75.932625 67.128883 67.128883 57.316418 51.513775 0.000000 0.000000 0.000000 0.000000 0.000000 
46.563389 40.221790 67.934540 75.932625 75.932625 70.840225 73.595856 67.128883 51.513775 51.513775 0.000000 0.000000 0.000000 0.000000 0.000000 
40.221790 46.563389 75.523964 75.932625 75.932625 75.932625 51.513775 51.513775 51.513775 0.000000 0.000000 0.000000 0.000000 0.000000 0.000000 
46.563389 40.221790 67.934540 75.932625 75.932625 70.840225 51.513775 51.513775 45.343311 0.000000 0.000000 0.000000 0.000000 0.000000 0.000000 
40.221790 52.684368 75.523964 75.932625 75.932625 75.932625 51.513775 51.513775 51.513775 0.000000 0.000000 0.000000 0.000000 0.000000 0.000000 
21.792444 40.221790 75.932625 75.932625 75.932625 75.932625 57.316418 51.513775 0.000000 0.000000 0.000000 0.000000 0.000000 0.000000 0.000000 
40.221790 27.646082 75.932625 75.932625 70.840225 57.316418 4.835650 45.343311 0.000000 0.000000 0.000000 0.000000 0.000000 0.000000 0.000000 
16.467266 46.563389 75.932625 75.932625 73.595856 51.513775 51.513775 0.000000 0.000000 0.000000 0.000000 0.000000 0.000000 0.000000 0.000000 
21.792444 46.563389 75.932625 70.840225 51.513775 51.513775 2.490350 0.000000 0.000000 0.000000 0.000000 0.000000 0.000000 0.000000 0.000000 
2.093911 21.792444 75.932625 75.932625 51.513775 2.490350 0.000000 0.000000 0.000000 0.000000 0.000000 0.000000 0.000000 0.000000 0.000000 
2.093911 21.792444 75.932625 75.932625 45.343311 2.490350 0.000000 0.000000 0.000000 0.000000 0.000000 0.000000 0.000000 0.000000 0.000000 
0.000000 2.093911 -1.000000 2.490350 2.490350 0.000000 0.000000 0.000000 0.000000 0.000000 0.000000 0.000000 0.000000 0.000000 0.000000 
0.000000 1.394188 1.697356 2.490350 0.000000 0.000000 0.000000 0.000000 0.000000 0.000000 0.000000 0.000000 0.000000 0.000000 0.000000 
