test/output/constant/M185_S060_A180_WD270.0_WS015.0/M185_S060_A180_WD270.0_WS015.0_arrival.asc
ncols         32
nrows         7
xllcorner     426603.990666
yllcorner     12748455.311160
cellsize      100.000000
NODATA_value  0.000000
0.000000 0.000000 0.000000 0.000000 0.000000 0.000000 0.000000 0.000000 0.000000 0.000000 0.000000 166.040918 166.039841 166.039303 166.038765 166.038765 166.038765 166.038765 166.038765 166.039303 166.039841 166.040918 166.041667 0.000000 0.000000 0.000000 0.000000 0.000000 0.000000 0.000000 0.000000 0.000000 
0.000000 0.000000 0.000000 166.039303 166.032304 166.027997 166.025843 166.024228 166.023689 166.023689 166.023151 166.023151 166.024228 166.024766 166.025843 166.026920 166.027458 166.028535 166.029612 166.030689 166.031765 166.032842 166.033919 166.034996 166.036073 166.037688 166.038765 166.039841 166.041457 0.000000 0.000000 0.000000 
166.031227 166.011845 166.008614 166.008076 166.008076 166.008614 166.009691 166.010768 166.011845 166.012922 166.014537 166.015614 166.017229 166.018306 166.019921 166.020997 166.022074 166.023689 166.024766 166.026381 166.027458 166.029073 166.030150 166.031227 166.032842 166.033919 166.035534 166.036611 166.038226 166.039303 166.040918 0.000000 
166.000000 166.001077 166.002154 166.003769 166.004846 166.006461 166.007538 166.009153 166.010230 166.011845 166.012922 166.014537 166.015614 166.017229 166.018306 166.019921 166.020997 166.022613 166.023689 166.025305 166.026381 166.027997 166.029073 166.030689 166.031765 166.033381 166.034457 166.036073 166.037149 166.038765 166.039841 166.041457 
166.031227 166.011845 166.008614 166.008076 166.008076 166.008614 166.009691 166.010768 166.011845 166.012922 166.014537 166.015614 166.017229 166.018306 166.019921 166.020997 166.022074 166.023689 166.024766 166.026381 166.027458 166.029073 166.030150 166.031227 166.032842 166.033919 166.035534 166.036611 166.038226 166.039303 166.040918 0.000000 
0.000000 0.000000 0.000000 166.039303 166.032304 166.027997 166.025843 166.024228 166.023689 166.023689 166.023151 166.023151 166.024228 166.024766 166.025843 166.026920 166.027458 166.028535 166.029612 166.030689 166.031765 166.032842 166.033919 166.034996 166.036073 166.037688 166.038765 166.039841 166.041457 0.000000 0.000000 0.000000 
0.000000 0.000000 0.000000 0.000000 0.000000 0.000000 0.000000 0.000000 0.000000 0.000000 0.000000 166.040918 166.039841 166.039303 166.038765 166.038765 166.038765 166.038765 166.038765 166.039303 166.039841 166.040918 166.041667 0.000000 0.000000 0.000000 0.000000 0.000000 0.000000 0.000000 0.000000 0.000000 
