test/output/constant/M480_S000_A180_WD270.0_WS050.0/M480_S000_A180_WD270.0_WS050.0_arrival.asc
ncols         38
nrows         7
xllcorner     426603.990666
yllcorner     12748455.311160
cellsize      100.000000
NODATA_value  0.000000
0.000000 0.000000 0.000000 0.000000 0.000000 0.000000 0.000000 0.000000 0.000000 0.000000 0.000000 166.040648 166.038841 166.037938 166.037486 166.036583 166.036131 166.035680 166.035680 166.036131 166.036131 166.036583 166.037035 166.037938 166.038841 166.039293 166.040196 166.041099 166.041551 0.000000 0.000000 0.000000 0.000000 0.000000 0.000000 0.000000 0.000000 0.000000 
0.000000 0.000000 0.000000 166.039293 166.032518 166.028002 166.025292 166.023485 166.022582 166.022130 166.021679 166.021679 166.021679 166.022130 166.023034 166.023485 166.024389 166.025292 166.025744 166.026647 166.027550 166.028453 166.029357 166.030260 166.031163 166.032067 166.033422 166.034325 166.035228 166.036131 166.037486 166.038390 166.039293 166.040648 166.041551 0.000000 0.000000 0.000000 
166.031163 166.012194 166.008581 166.007678 166.007226 166.007678 166.008581 166.009484 166.010388 166.011291 166.012194 166.013098 166.014453 166.015356 166.016711 166.017614 166.018517 166.019872 166.020776 166.021679 166.023034 166.023937 166.025292 166.026195 166.027550 166.028453 166.029808 166.030712 166.032067 166.032970 166.034325 166.035228 166.036583 166.037486 166.038841 166.039744 166.041099 0.000000 
166.000000 166.000903 166.001807 166.003161 166.004065 166.005420 166.006323 166.007678 166.008581 166.009936 166.010839 166.012194 166.013098 166.014453 166.015356 166.016711 166.017614 166.018969 166.019872 166.021227 166.022130 166.023485 166.024389 166.025744 166.026647 166.028002 166.028905 166.030260 166.031163 166.032518 166.033422 166.034776 166.035680 166.037035 166.037938 166.039293 166.040196 166.041551 
166.031163 166.012194 166.008581 166.007678 166.007226 166.007678 166.008581 166.009484 166.010388 166.011291 166.012194 166.013098 166.014453 166.015356 166.016711 166.017614 166.018517 166.019872 166.020776 166.021679 166.023034 166.023937 166.025292 166.026195 166.027550 166.028453 166.029808 166.030712 166.032067 166.032970 166.034325 166.035228 166.036583 166.037486 166.038841 166.039744 166.041099 0.000000 
0.000000 0.000000 0.000000 166.039293 166.032518 166.028002 166.025292 166.023485 166.022582 166.022130 166.021679 166.021679 166.021679 166.022130 166.023034 166.023485 166.024389 166.025292 166.025744 166.026647 166.027550 166.028453 166.029357 166.030260 166.031163 166.032067 166.033422 166.034325 166.035228 166.036131 166.037486 166.038390 166.039293 166.040648 166.041551 0.000000 0.000000 0.000000 
0.000000 0.000000 0.000000 0.000000 0.000000 0.000000 0.000000 0.000000 0.000000 0.000000 0.000000 166.040648 166.038841 166.037938 166.037486 166.036583 166.036131 166.035680 166.035680 166.036131 166.036131 166.036583 166.037035 166.037938 166.038841 166.039293 166.040196 166.041099 166.041551 0.000000 0.000000 0.000000 0.000000 0.000000 0.000000 0.000000 0.000000 0.000000 
