test/output/constant/C1_S060_A000_WD000.0_WS040.0/C1_S060_A000_WD000.0_WS040.0_arrival.asc
ncols         8
nrows         27
xllcorner     425903.990666
yllcorner     12746155.311160
cellsize      100.000000
NODATA_value  0.000000
0.000000 0.000000 0.000000 0.000000 0.000000 0.000000 166.012861 166.000000 
0.000000 0.000000 0.000000 0.000000 0.000000 166.034296 166.003215 166.001072 
0.000000 0.000000 0.000000 0.000000 0.000000 166.017148 166.003215 166.002679 
0.000000 0.000000 0.000000 0.000000 166.035904 166.010182 166.004287 166.004823 
0.000000 0.000000 0.000000 0.000000 166.024115 166.008574 166.005895 166.007502 
0.000000 0.000000 0.000000 166.041667 166.017684 166.008574 166.007502 166.011253 
0.000000 0.000000 0.000000 166.032153 166.015005 166.009110 166.009110 166.015005 
0.000000 0.000000 0.000000 166.025722 166.014469 166.010718 166.010718 166.018756 
0.000000 0.000000 166.039655 166.022507 166.014469 166.012325 166.013397 166.023043 
0.000000 0.000000 166.033224 166.020363 166.015005 166.013933 166.016076 166.026794 
0.000000 0.000000 166.029473 166.020363 166.015540 166.015540 166.018756 166.031081 
0.000000 166.041263 166.027330 166.019828 166.017148 166.017148 166.021971 166.035368 
0.000000 166.036976 166.026258 166.020363 166.018756 166.019292 166.025186 166.039655 
0.000000 166.034296 166.025722 166.020899 166.020363 166.021971 166.028937 0.000000 
0.000000 166.032689 166.025722 166.021971 166.021971 166.024650 166.032689 0.000000 
166.041667 166.031617 166.025722 166.023579 166.023579 166.027330 166.036440 0.000000 
166.039655 166.031617 166.026794 166.025186 166.025722 166.030545 166.040191 0.000000 
166.038047 166.031081 166.027330 166.026794 166.027866 166.033760 0.000000 0.000000 
166.037512 166.031617 166.028402 166.028402 166.030545 166.036976 0.000000 0.000000 
166.036976 166.031617 166.030009 166.030009 166.033224 166.040191 0.000000 0.000000 
166.036976 166.032689 166.031617 166.032153 166.035368 0.000000 0.000000 0.000000 
166.036976 166.033224 166.033224 166.034296 166.038583 0.000000 0.000000 0.000000 
166.037512 166.034832 166.034832 166.036440 166.041667 0.000000 0.000000 0.000000 
166.038047 166.036440 166.036440 166.039119 0.000000 0.000000 0.000000 0.000000 
166.038583 166.038047 166.038583 166.041667 0.000000 0.000000 0.000000 0.000000 
166.039655 166.039655 166.040191 0.000000 0.000000 0.000000 0.000000 0.000000 
166.041263 166.041263 0.000000 0.000000 0.000000 0.000000 0.000000 0.000000 
