test/output/constant/M350_S060_A090_WD135.0_WS005.0/M350_S060_A090_WD135.0_WS005.0_arrival.asc
ncols         8
nrows         26
xllcorner     426103.990666
yllcorner     12746355.311160
cellsize      100.000000
NODATA_value  0.000000
0.000000 0.000000 0.000000 0.000000 0.000000 166.038735 0.000000 0.000000 
0.000000 0.000000 0.000000 0.000000 166.012451 166.000000 166.020059 0.000000 
0.000000 0.000000 0.000000 166.034585 166.005534 166.001383 166.013142 0.000000 
0.000000 0.000000 0.000000 166.022826 166.004842 166.002767 166.012451 0.000000 
0.000000 0.000000 0.000000 166.016601 166.005534 166.004842 166.013142 166.039427 
0.000000 0.000000 166.034585 166.014526 166.006917 166.006225 166.013142 166.036660 
0.000000 0.000000 166.029052 166.013834 166.008300 166.008300 166.014526 166.035969 
0.000000 0.000000 166.025593 166.014526 166.009684 166.009684 166.016601 166.035277 
0.000000 166.040811 166.024210 166.014526 166.011759 166.011759 166.017984 166.035969 
0.000000 166.037352 166.023518 166.015217 166.013142 166.013834 166.020059 166.035969 
0.000000 166.035277 166.023518 166.016601 166.015217 166.015909 166.022135 166.036660 
0.000000 166.033202 166.023518 166.017984 166.017293 166.017984 166.024210 166.038044 
0.000000 166.032510 166.024210 166.019368 166.018676 166.020059 166.026285 166.038735 
0.000000 166.032510 166.024210 166.020751 166.020751 166.022135 166.028360 166.040119 
0.000000 166.032510 166.024901 166.022135 166.022135 166.024210 166.030435 166.041502 
0.000000 166.032510 166.026285 166.024210 166.024210 166.025593 166.032510 0.000000 
166.041502 166.033202 166.027668 166.025593 166.025593 166.027668 166.034585 0.000000 
166.041502 166.033893 166.029052 166.027668 166.027668 166.029743 166.036660 0.000000 
166.041667 166.034585 166.030435 166.029052 166.029743 166.031818 166.038735 0.000000 
0.000000 166.035277 166.031818 166.031127 166.031127 166.033893 166.040811 0.000000 
0.000000 166.035969 166.033202 166.032510 166.033202 166.035969 0.000000 0.000000 
0.000000 166.037352 166.034585 166.034585 166.035277 166.038044 0.000000 0.000000 
0.000000 166.038735 166.035969 166.035969 166.037352 166.040119 0.000000 0.000000 
0.000000 166.040119 166.038044 166.038044 166.038735 0.000000 0.000000 0.000000 
0.000000 166.041502 166.039427 166.039427 166.040811 0.000000 0.000000 0.000000 
0.000000 0.000000 166.041502 166.041502 0.000000 0.000000 0.000000 0.000000 
