test/output/constant/M360_S000_A000_WD270.0_WS040.0/M360_S000_A000_WD270.0_WS040.0_arrival.asc
ncols         38
nrows         9
xllcorner     426603.990666
yllcorner     12748355.311160
cellsize      100.000000
NODATA_value  0.000000
0.000000 0.000000 0.000000 0.000000 0.000000 0.000000 0.000000 0.000000 0.000000 0.000000 0.000000 0.000000 0.000000 0.000000 0.000000 0.000000 0.000000 166.041667 166.041405 166.041405 166.040955 166.040955 166.041405 166.041405 166.041667 0.000000 0.000000 0.000000 0.000000 0.000000 0.000000 0.000000 0.000000 0.000000 0.000000 0.000000 0.000000 0.000000 
0.000000 0.000000 0.000000 0.000000 0.000000 0.000000 166.039605 166.036454 166.033754 166.032404 166.031054 166.030603 166.030153 166.029703 166.029703 166.029253 166.029703 166.029703 166.030603 166.031054 166.031954 166.032404 166.033304 166.034204 166.034654 166.035554 166.036454 166.037354 166.038254 166.039154 166.040055 166.040955 166.041667 0.000000 0.000000 0.000000 0.000000 0.000000 
0.000000 0.000000 166.033754 166.025653 166.022503 166.019802 166.018902 166.018002 166.018002 166.018002 166.018002 166.018452 166.018902 166.019802 166.020702 166.021602 166.022053 166.022953 166.023853 166.024753 166.025653 166.026553 166.027903 166.028803 166.029703 166.030603 166.031954 166.032854 166.033754 166.035104 166.036004 166.037354 166.038254 166.039154 166.040505 166.041405 0.000000 0.000000 
166.016652 166.008101 166.006301 166.006301 166.006301 166.007201 166.008101 166.009001 166.009901 166.010801 166.011701 166.013051 166.013952 166.015302 166.016202 166.017552 166.018452 166.019802 166.020702 166.021602 166.022953 166.023853 166.025203 166.026103 166.027003 166.028353 166.029253 166.030603 166.031504 166.032854 166.033754 166.035104 166.036004 166.037354 166.038254 166.039154 166.040505 166.041405 
166.000000 166.000900 166.001800 166.003150 166.004050 166.005401 166.006301 166.007651 166.008551 166.009901 166.010801 166.012151 166.013051 166.014402 166.015302 166.016652 166.017552 166.018902 166.019802 166.021152 166.022053 166.023403 166.024303 166.025653 166.026553 166.027903 166.028803 166.030153 166.031054 166.032404 166.033304 166.034654 166.035554 166.036904 166.037804 166.039154 166.040055 166.041405 
166.016652 166.008101 166.006301 166.006301 166.006301 166.007201 166.008101 166.009001 166.009901 166.010801 166.011701 166.013051 166.013952 166.015302 166.016202 166.017552 166.018452 166.019802 166.020702 166.021602 166.022953 166.023853 166.025203 166.026103 166.027003 166.028353 166.029253 166.030603 166.031504 166.032854 166.033754 166.035104 166.036004 166.037354 166.038254 166.039154 166.040505 166.041405 
0.000000 0.000000 166.033754 166.025653 166.022503 166.019802 166.018902 166.018002 166.018002 166.018002 166.018002 166.018452 166.018902 166.019802 166.020702 166.021602 166.022053 166.022953 166.023853 166.024753 166.025653 166.026553 166.027903 166.028803 166.029703 166.030603 166.031954 166.032854 166.033754 166.035104 166.036004 166.037354 166.038254 166.039154 166.040505 166.041405 0.000000 0.000000 
0.000000 0.000000 0.000000 0.000000 0.000000 0.000000 166.039605 166.036454 166.033754 166.032404 166.031054 166.030603 166.030153 166.029703 166.029703 166.029253 166.029703 166.029703 166.030603 166.031054 166.031954 166.032404 166.033304 166.034204 166.034654 166.035554 166.036454 166.037354 166.038254 166.039154 166.040055 166.040955 166.041667 0.000000 0.000000 0.000000 0.000000 0.000000 
0.000000 0.000000 0.000000 0.000000 0.000000 0.000000 0.000000 0.000000 0.000000 0.000000 0.000000 0.000000 0.000000 0.000000 0.000000 0.000000 0.000000 166.041667 166.041405 166.041405 166.040955 166.040955 166.041405 166.041405 166.041667 0.000000 0.000000 0.000000 0.000000 0.000000 0.000000 0.000000 0.000000 0.000000 0.000000 0.000000 0.000000 0.000000 
