test/output/constant/M3100_S060_A270_WD315.0_WS015.0/M3100_S060_A270_WD315.0_WS015.0_intensity.asc
ncols         19
nrows         44
xllcorner     426403.990666
yllcorner     12748655.311160
cellsize      100.000000
NODATA_value  0.000000
0 0 0 0 0 0 0 0 0 0 0 0 0 0 0 68475 68475 68475 0 
0 0 0 0 0 0 0 0 0 0 0 0 0 0 52958 68475 68475 68475 0 
0 0 0 0 0 0 0 0 0 0 0 0 0 68475 68475 68475 68475 68475 68475 
0 0 0 0 0 0 0 0 0 0 0 0 68475 68475 68475 68475 68475 68475 68475 
0 0 0 0 0 0 0 0 0 0 0 68475 52958 68475 68475 68475 68475 68475 68475 
0 0 0 0 0 0 0 0 0 0 0 52958 68475 68475 68475 68475 68475 68475 68475 
0 0 0 0 0 0 0 0 0 0 68475 68475 68475 68475 68475 68475 68475 68475 68475 
0 0 0 0 0 0 0 0 0 68475 47860 68475 68475 68475 68475 68475 68475 68475 68475 
0 0 0 0 0 0 0 0 0 68475 68475 68475 68475 68475 68475 68475 68475 68475 68475 
0 0 0 0 0 0 0 0 68475 68475 68475 68475 68475 68431 68475 68475 68475 68475 63675 
0 0 0 0 0 0 0 0 42393 68475 68475 68475 68475 68475 68475 68475 68475 66216 67833 
0 0 0 0 0 0 0 61444 47860 42393 68475 68475 68475 68475 68475 68475 68475 68475 0 
0 0 0 0 0 0 0 61444 57532 68475 68475 68475 68475 68475 68475 68475 68475 68475 0 
0 0 0 0 0 0 57532 36721 68475 68144 52958 68475 68475 68475 68475 68475 68475 67833 0 
0 0 0 0 0 0 42393 64576 52958 68475 68475 68475 68475 66216 68475 68475 68475 66216 0 
0 0 0 0 0 61444 61444 42393 52958 61444 57532 68475 68475 68475 68475 68475 68475 68475 0 
0 0 0 0 0 57532 64576 68475 57532 61444 57532 68475 68475 66216 68475 67833 68475 0 0 
0 0 0 0 0 61444 68431 52958 64576 68475 68475 68475 68475 68475 68275 68475 66216 0 0 
0 0 0 0 36721 61444 42393 47860 68475 57532 68475 68475 68275 68475 68475 46183 46183 0 0 
0 0 0 0 64576 61444 64576 68475 68475 61444 68475 68475 68475 66216 68275 63675 46183 0 0 
0 0 0 0 42393 68475 36721 57532 68475 68475 68475 68475 68475 68275 63675 46183 0 0 0 
0 0 0 52958 66832 57532 42393 68475 47860 68475 68475 68475 68475 68475 68475 46183 0 0 0 
0 0 0 42393 42393 68475 42393 57532 68475 68475 68475 63675 56155 68475 68475 46183 0 0 0 
0 0 0 47860 61444 36721 68475 68475 68475 68475 68475 68475 56155 51406 67833 0 0 0 0 
0 0 25452 31017 68144 64576 52958 68475 68475 68475 66216 68275 51406 66216 46183 0 0 0 0 
0 0 52958 36721 68431 68431 68475 68475 68475 68475 63675 68475 51406 46183 46183 0 0 0 0 
0 0 36721 66832 68431 68475 68475 68475 68475 67833 68275 51406 51406 46183 0 0 0 0 0 
0 0 47860 42393 64576 68475 68475 68475 68475 63675 68475 68275 46183 46183 0 0 0 0 0 
0 0 36721 68431 66832 66832 68475 68475 68475 68475 68475 51406 46183 0 0 0 0 0 0 
0 25452 36721 64576 68475 68475 68475 68475 68475 68475 68475 51406 46183 0 0 0 0 0 0 
0 52958 36721 57532 68475 68475 68475 68475 68475 46183 67833 46183 46183 0 0 0 0 0 0 
0 52958 36721 68475 68475 68475 68475 68475 67833 46183 51406 51406 0 0 0 0 0 0 0 
0 52958 36721 68475 52958 68475 68475 67833 66216 51406 51406 46183 0 0 0 0 0 0 0 
0 36721 31017 64576 66832 68475 68475 68475 66216 46183 46183 0 0 0 0 0 0 0 0 
0 36721 31017 68475 68475 68475 68475 68475 46183 51406 46183 0 0 0 0 0 0 0 0 
0 36721 52958 68475 68475 68475 63675 46183 7033 46183 0 0 0 0 0 0 0 0 0 
11208 31017 47860 68475 68475 66216 68475 51406 40645 46183 0 0 0 0 0 0 0 0 0 
31017 36721 42393 68475 68475 67833 46183 46183 34961 0 0 0 0 0 0 0 0 0 0 
7743 36721 68144 68475 68475 51406 46183 40645 0 0 0 0 0 0 0 0 0 0 0 
11208 31017 66832 68475 68475 7033 3110 3110 0 0 0 0 0 0 0 0 0 0 0 
1778 31017 68475 68475 51406 34961 3110 0 0 0 0 0 0 0 0 0 0 0 0 
0 11208 68475 68475 3110 3110 0 0 0 0 0 0 0 0 0 0 0 0 0 
0 1778 0 40645 3110 0 0 0 0 0 0 0 0 0 0 0 0 0 0 
0 1778 2251 1634 0 0 0 0 0 0 0 0 0 0 0 0 0 0 0 
