test/output/constant/M3100_S060_A270_WD315.0_WS015.0/M3100_S060_A270_WD315.0_WS015.0_ros.asc
ncols         19
nrows         44
xllcorner     426403.990666
yllcorner     12748655.311160
cellsize      100.000000
NODATA_value  0.000000
0.000000 0.000000 0.000000 0.000000 0.000000 0.000000 0.000000 0.000000 0.000000 0.000000 0.000000 0.000000 0.000000 0.000000 0.000000 73.615662 73.615662 73.615662 0.000000 
0.000000 0.000000 0.000000 0.000000 0.000000 0.000000 0.000000 0.000000 0.000000 0.000000 0.000000 0.000000 0.000000 0.000000 56.933849 73.615662 73.615662 73.615662 0.000000 
0.000000 0.000000 0.000000 0.000000 0.000000 0.000000 0.000000 0.000000 0.000000 0.000000 0.000000 0.000000 0.000000 73.615662 73.615662 73.615662 73.615662 73.615662 73.615662 
0.000000 0.000000 0.000000 0.000000 0.000000 0.000000 0.000000 0.000000 0.000000 0.000000 0.000000 0.000000 73.615662 73.615662 73.615662 73.615662 73.615662 73.615662 73.615662 
0.000000 0.000000 0.000000 0.000000 0.000000 0.000000 0.000000 0.000000 0.000000 0.000000 0.000000 73.615662 56.933849 73.615662 73.615662 73.615662 73.615662 73.615662 73.615662 
0.000000 0.000000 0.000000 0.000000 0.000000 0.000000 0.000000 0.000000 0.000000 0.000000 0.000000 56.933849 73.615662 73.615662 73.615662 73.615662 73.615662 73.615662 73.615662 
0.000000 0.000000 0.000000 0.000000 0.000000 0.000000 0.000000 0.000000 0.000000 0.000000 73.615662 73.615662 73.615662 73.615662 73.615662 73.615662 73.615662 73.615662 73.615662 
0.000000 0.000000 0.000000 0.000000 0.000000 0.000000 0.000000 0.000000 0.000000 73.615662 51.453171 73.615662 73.615662 73.615662 73.615662 73.615662 73.615662 73.615662 73.615662 
0.000000 0.000000 0.000000 0.000000 0.000000 0.000000 0.000000 0.000000 0.000000 73.615662 73.615662 73.615662 73.615662 73.615662 73.615662 73.615662 73.615662 73.615662 73.615662 
0.000000 0.000000 0.000000 0.000000 0.000000 0.000000 0.000000 0.000000 73.615662 73.615662 73.615662 73.615662 73.615662 73.568703 73.615662 73.615662 73.615662 73.615662 68.455231 
0.000000 0.000000 0.000000 0.000000 0.000000 0.000000 0.000000 0.000000 45.575394 73.615662 73.615662 73.615662 73.615662 73.615662 73.615662 73.615662 73.615662 71.187119 72.925507 
0.000000 0.000000 0.000000 0.000000 0.000000 0.000000 0.000000 66.057365 51.453171 45.575394 73.615662 73.615662 73.615662 73.615662 73.615662 73.615662 73.615662 73.615662 0.000000 
0.000000 0.000000 0.000000 0.000000 0.000000 0.000000 0.000000 66.057365 61.851547 73.615662 73.615662 73.615662 73.615662 73.615662 73.615662 73.615662 73.615662 73.615662 0.000000 
0.000000 0.000000 0.000000 0.000000 0.000000 0.000000 61.851547 39.478287 73.615662 73.260155 56.933849 73.615662 73.615662 73.615662 73.615662 73.615662 73.615662 72.925507 0.000000 
0.000000 0.000000 0.000000 0.000000 0.000000 0.000000 45.575394 69.423935 56.933849 73.615662 73.615662 73.615662 73.615662 71.187119 73.615662 73.615662 73.615662 71.187119 0.000000 
0.000000 0.000000 0.000000 0.000000 0.000000 66.057365 66.057365 45.575394 56.933849 66.057365 61.851547 73.615662 73.615662 73.615662 73.615662 73.615662 73.615662 73.615662 0.000000 
0.000000 0.000000 0.000000 0.000000 0.000000 61.851547 69.423935 73.615662 61.851547 66.057365 61.851547 73.615662 73.615662 71.187119 73.615662 72.925507 73.615662 0.000000 0.000000 
0.000000 0.000000 0.000000 0.000000 0.000000 66.057365 73.568703 56.933849 69.423935 73.615662 73.615662 73.615662 73.615662 73.615662 73.400719 73.615662 71.187119 0.000000 0.000000 
0.000000 0.000000 0.000000 0.000000 39.478287 66.057365 45.575394 51.453171 73.615662 61.851547 73.615662 73.615662 73.400719 73.615662 73.615662 49.650249 49.650249 0.000000 0.000000 
0.000000 0.000000 0.000000 0.000000 69.423935 66.057365 69.423935 73.615662 73.615662 66.057365 73.615662 73.615662 73.615662 71.187119 73.400719 68.455231 49.650249 0.000000 0.000000 
0.000000 0.000000 0.000000 0.000000 45.575394 73.615662 39.478287 61.851547 73.615662 73.615662 73.615662 73.615662 73.615662 73.400719 68.455231 49.650249 0.000000 0.000000 0.000000 
0.000000 0.000000 0.000000 56.933849 71.849319 61.851547 45.575394 73.615662 51.453171 73.615662 73.615662 73.615662 73.615662 73.615662 73.615662 49.650249 0.000000 0.000000 0.000000 
0.000000 0.000000 0.000000 45.575394 45.575394 73.615662 45.575394 61.851547 73.615662 73.615662 73.615662 68.455231 60.371395 73.615662 73.615662 49.650249 0.000000 0.000000 0.000000 
0.000000 0.000000 0.000000 51.453171 66.057365 39.478287 73.615662 73.615662 73.615662 73.615662 73.615662 73.615662 60.371395 55.265377 72.925507 0.000000 0.000000 0.000000 0.000000 
0.000000 0.000000 27.363409 33.346008 73.260155 69.423935 56.933849 73.615662 73.615662 73.615662 71.187119 73.400719 55.265377 71.187119 49.650249 0.000000 0.000000 0.000000 0.000000 
0.000000 0.000000 56.933849 39.478287 73.568703 73.568703 73.615662 73.615662 73.615662 73.615662 68.455231 73.615662 55.265377 49.650249 49.650249 0.000000 0.000000 0.000000 0.000000 
0.000000 0.000000 39.478287 71.849319 73.568703 73.615662 73.615662 73.615662 73.615662 72.925507 73.400719 55.265377 55.265377 49.650249 0.000000 0.000000 0.000000 0.000000 0.000000 
0.000000 0.000000 51.453171 45.575394 69.423935 73.615662 73.615662 73.615662 73.615662 68.455231 73.615662 73.400719 49.650249 49.650249 0.000000 0.000000 0.000000 0.000000 0.000000 
0.000000 0.000000 39.478287 73.568703 71.849319 71.849319 73.615662 73.615662 73.615662 73.615662 73.615662 55.265377 49.650249 0.000000 0.000000 0.000000 0.000000 0.000000 0.000000 
0.000000 27.363409 39.478287 69.423935 73.615662 73.615662 73.615662 73.615662 73.615662 73.615662 73.615662 55.265377 49.650249 0.000000 0.000000 0.000000 0.000000 0.000000 0.000000 
0.000000 56.933849 39.478287 61.851547 73.615662 73.615662 73.615662 73.615662 73.615662 49.650249 72.925507 49.650249 49.650249 0.000000 0.000000 0.000000 0.000000 0.000000 0.000000 
0.000000 56.933849 39.478287 73.615662 73.615662 73.615662 73.615662 73.615662 72.925507 49.650249 55.265377 55.265377 0.000000 0.000000 0.000000 0.000000 0.000000 0.000000 0.000000 
0.000000 56.933849 39.478287 73.615662 56.933849 73.615662 73.615662 72.925507 71.187119 55.265377 55.265377 49.650249 0.000000 0.000000 0.000000 0.000000 0.000000 0.000000 0.000000 
0.000000 39.478287 33.346008 69.423935 71.849319 73.615662 73.615662 73.615662 71.187119 49.650249 49.650249 0.000000 0.000000 0.000000 0.000000 0.000000 0.000000 0.000000 0.000000 
0.000000 39.478287 33.346008 73.615662 73.615662 73.615662 73.615662 73.615662 49.650249 55.265377 49.650249 0.000000 0.000000 0.000000 0.000000 0.000000 0.000000 0.000000 0.000000 
0.000000 39.478287 56.933849 73.615662 73.615662 73.615662 68.455231 49.650249 7.561337 49.650249 0.000000 0.000000 0.000000 0.000000 0.000000 0.000000 0.000000 0.000000 0.000000 
12.050106 33.346008 51.453171 73.615662 73.615662 71.187119 73.615662 55.265377 43.696671 49.650249 0.000000 0.000000 0.000000 0.000000 0.000000 0.000000 0.000000 0.000000 0.000000 
33.346008 39.478287 45.575394 73.615662 73.615662 72.925507 49.650249 49.650249 37.585484 0.000000 0.000000 0.000000 0.000000 0.000000 0.000000 0.000000 0.000000 0.000000 0.000000 
8.324304 39.478287 73.260155 73.615662 73.615662 55.265377 49.650249 43.696671 0.000000 0.000000 0.000000 0.000000 0.000000 0.000000 0.000000 0.000000 0.000000 0.000000 0.000000 
12.050106 33.346008 71.849319 73.615662 73.615662 7.561337 3.344083 3.344083 0.000000 0.000000 0.000000 0.000000 0.000000 0.000000 0.000000 0.000000 0.000000 0.000000 0.000000 
1.911581 33.346008 73.615662 73.615662 55.265377 37.585484 3.344083 0.000000 0.000000 0.000000 0.000000 0.000000 0.000000 0.000000 0.000000 0.000000 0.000000 0.000000 0.000000 
0.000000 12.050106 73.615662 73.615662 3.344083 3.344083 0.000000 0.000000 0.000000 0.000000 0.000000 0.000000 0.000000 0.000000 0.000000 0.000000 0.000000 0.000000 0.000000 
0.000000 1.911581 -1.000000 43.696671 3.344083 0.000000 0.000000 0.000000 0.000000 0.000000 0.000000 0.000000 0.000000 0.000000 0.000000 0.000000 0.000000 0.000000 0.000000 
0.000000 1.911581 2.420548 1.757138 0.000000 0.000000 0.000000 0.000000 0.000000 0.000000 0.000000 0.000000 0.000000 0.000000 0.000000 0.000000 0.000000 0.000000 0.000000 
