test/output/constant/M480_S060_A180_WD270.0_WS040.0/M480_S060_A180_WD270.0_WS040.0_arrival.asc
ncols         41
nrows         5
xllcorner     426603.990666
yllcorner     12748555.311160
cellsize      100.000000
NODATA_value  0.000000
0.000000 0.000000 0.000000 0.000000 0.000000 166.041421 166.036400 166.032635 166.030124 166.028033 166.027196 166.026359 166.025941 166.025522 166.025522 166.025522 166.025941 166.026359 166.027196 166.027614 166.028451 166.029288 166.030124 166.030543 166.031380 166.032216 166.033053 166.033890 166.034727 166.035564 166.036400 166.037237 166.038074 166.039329 166.040166 166.041003 0.000000 0.000000 0.000000 0.000000 0.000000 
0.000000 166.019665 166.012133 166.009623 166.008786 166.008786 166.008786 166.009623 166.010460 166.011297 166.012133 166.012970 166.013807 166.015062 166.015899 166.017154 166.017991 166.019246 166.020083 166.020920 166.022175 166.023012 166.024267 166.025104 166.026359 166.027196 166.028033 166.029288 166.030124 166.031380 166.032216 166.033472 166.034308 166.035564 166.036400 166.037237 166.038492 166.039329 166.040584 166.041421 0.000000 
166.000000 166.000837 166.001674 166.002929 166.003766 166.005021 166.005858 166.007113 166.007950 166.009205 166.010041 166.011297 166.012133 166.013389 166.014225 166.015481 166.016317 166.017573 166.018409 166.019665 166.020501 166.021757 166.022593 166.023849 166.024685 166.025941 166.026777 166.028033 166.028869 166.030124 166.030961 166.032216 166.033053 166.034308 166.035145 166.036400 166.037237 166.038492 166.039329 166.040584 166.041421 
0.000000 166.019665 166.012133 166.009623 166.008786 166.008786 166.008786 166.009623 166.010460 166.011297 166.012133 166.012970 166.013807 166.015062 166.015899 166.017154 166.017991 166.019246 166.020083 166.020920 166.022175 166.023012 166.024267 166.025104 166.026359 166.027196 166.028033 166.029288 166.030124 166.031380 166.032216 166.033472 166.034308 166.035564 166.036400 166.037237 166.038492 166.039329 166.040584 166.041421 0.000000 
0.000000 0.000000 0.000000 0.000000 0.000000 166.041421 166.036400 166.032635 166.030124 166.028033 166.027196 166.026359 166.025941 166.025522 166.025522 166.025522 166.025941 166.026359 166.027196 166.027614 166.028451 166.029288 166.030124 166.030543 166.031380 166.032216 166.033053 166.033890 166.034727 166.035564 166.036400 166.037237 166.038074 166.039329 166.040166 166.041003 0.000000 0.000000 0.000000 0.000000 0.000000 
