test/output/constant/M3M400_S060_A090_WD135.0_WS045.0/M3M400_S060_A090_WD135.0_WS045.0_raz.asc
ncols         41
nrows         16
xllcorner     422703.990666
yllcorner     12747455.311160
cellsize      100.000000
NODATA_value  0.000000
0 0 0 0 0 0 0 0 0 0 0 0 0 0 0 0 0 0 0 0 0 0 0 0 0 0 0 0 0 0 0 0 0 287 280 287 276 287 51 0 0 
0 0 0 0 0 0 0 0 0 0 0 0 0 0 0 0 0 0 0 0 0 0 0 0 0 269 280 287 269 276 272 269 280 295 287 295 272 287 276 4 4 
0 0 0 0 0 0 0 0 0 0 0 0 0 0 0 0 0 0 0 0 272 280 269 269 280 269 272 280 269 269 280 269 287 269 269 269 269 254 254 254 164 
0 0 0 0 0 0 0 0 0 0 0 0 0 0 0 0 0 272 276 269 269 272 269 287 269 269 269 269 263 287 263 265 269 254 254 254 254 250 249 143 143 
0 0 0 0 0 0 0 0 0 0 0 0 0 265 280 269 269 269 269 269 267 276 269 276 269 276 269 265 272 259 254 254 254 254 254 251 247 246 143 174 0 
0 0 0 0 0 0 0 0 0 0 0 269 267 280 269 267 287 269 280 267 260 261 269 259 259 256 254 254 254 254 254 253 254 249 247 201 184 174 96 0 0 
0 0 0 0 0 0 0 0 0 267 263 269 263 269 295 276 265 254 269 276 254 259 254 254 254 254 254 250 254 254 221 247 247 184 201 184 184 96 0 0 0 
0 0 0 0 0 0 261 280 265 269 269 263 269 261 269 256 256 267 254 256 254 254 254 254 254 252 254 247 247 247 201 201 246 244 174 174 0 0 0 0 0 
0 0 0 0 0 276 272 260 269 260 269 276 287 269 259 254 254 254 254 254 254 254 254 254 251 247 247 247 201 247 164 246 143 174 0 0 0 0 0 0 0 
0 0 0 269 276 260 254 269 269 269 259 254 256 254 254 254 249 254 254 254 254 251 254 246 247 247 246 246 247 174 184 244 0 0 0 0 0 0 0 0 0 
0 0 254 272 265 254 269 260 254 254 254 254 254 254 254 254 254 253 247 254 250 201 247 247 247 184 247 174 164 143 0 0 0 0 0 0 0 0 0 0 0 
0 254 254 254 254 257 254 254 254 254 254 254 254 254 253 254 247 249 249 247 247 247 246 184 184 212 246 0 0 0 0 0 0 0 0 0 0 0 0 0 0 
254 254 254 254 254 254 254 254 254 254 254 254 254 253 247 247 247 247 247 247 164 246 201 164 0 0 0 0 0 0 0 0 0 0 0 0 0 0 0 0 0 
254 254 254 254 254 249 254 254 254 249 253 246 246 246 184 247 247 246 184 247 247 0 0 0 0 0 0 0 0 0 0 0 0 0 0 0 0 0 0 0 0 
254 254 254 254 254 251 252 246 250 253 247 201 247 247 247 246 201 0 0 0 0 0 0 0 0 0 0 0 0 0 0 0 0 0 0 0 0 0 0 0 0 
0 0 0 252 254 247 254 253 249 247 254 0 0 0 0 0 0 0 0 0 0 0 0 0 0 0 0 0 0 0 0 0 0 0 0 0 0 0 0 0 0 
