test/output/constant/M3M400_S060_A090_WD135.0_WS045.0/M3M400_S060_A090_WD135.0_WS045.0_ros.asc
ncols         41
nrows         16
xllcorner     422703.990666
yllcorner     12747455.311160
cellsize      100.000000
NODATA_value  0.000000
0.000000 0.000000 0.000000 0.000000 0.000000 0.000000 0.000000 0.000000 0.000000 0.000000 0.000000 0.000000 0.000000 0.000000 0.000000 0.000000 0.000000 0.000000 0.000000 0.000000 0.000000 0.000000 0.000000 0.000000 0.000000 0.000000 0.000000 0.000000 0.000000 0.000000 0.000000 0.000000 0.000000 10.783023 14.687399 10.783023 19.208937 10.783023 1.486393 0.000000 0.000000 
0.000000 0.000000 0.000000 0.000000 0.000000 0.000000 0.000000 0.000000 0.000000 0.000000 0.000000 0.000000 0.000000 0.000000 0.000000 0.000000 0.000000 0.000000 0.000000 0.000000 0.000000 0.000000 0.000000 0.000000 0.000000 29.562809 14.687399 10.783023 29.562809 19.208937 24.216946 29.562809 14.687399 7.600582 10.783023 7.600582 24.216946 10.783023 19.208937 2.101101 2.101101 
0.000000 0.000000 0.000000 0.000000 0.000000 0.000000 0.000000 0.000000 0.000000 0.000000 0.000000 0.000000 0.000000 0.000000 0.000000 0.000000 0.000000 0.000000 0.000000 0.000000 24.216946 14.687399 29.562809 29.562809 14.687399 29.562809 24.216946 14.687399 29.562809 29.562809 14.687399 29.562809 10.783023 29.562809 29.562809 29.562809 29.562809 67.332298 67.332298 -1.000000 2.619967 
0.000000 0.000000 0.000000 0.000000 0.000000 0.000000 0.000000 0.000000 0.000000 0.000000 0.000000 0.000000 0.000000 0.000000 0.000000 0.000000 0.000000 24.216946 19.208937 29.562809 29.562809 24.216946 29.562809 10.783023 29.562809 29.562809 29.562809 29.562809 45.998024 10.783023 45.998024 40.620316 29.562809 67.332298 67.332298 67.332298 67.332298 63.423603 60.345642 1.982882 1.982882 
0.000000 0.000000 0.000000 0.000000 0.000000 0.000000 0.000000 0.000000 0.000000 0.000000 0.000000 0.000000 0.000000 40.620316 14.687399 29.562809 29.562809 29.562809 29.562809 29.562809 35.086128 19.208937 29.562809 19.208937 29.562809 19.208937 29.562809 40.620316 24.216946 59.616135 67.332298 67.332298 67.332298 67.332298 67.332298 65.654121 56.513733 52.044228 1.982882 3.136713 0.000000 
0.000000 0.000000 0.000000 0.000000 0.000000 0.000000 0.000000 0.000000 0.000000 0.000000 0.000000 29.562809 35.086128 14.687399 29.562809 35.086128 10.783023 29.562809 14.687399 35.086128 55.642120 51.056396 29.562809 59.616135 59.616135 65.269066 67.332298 67.332298 67.332298 67.332298 67.332298 67.265663 67.332298 60.345642 56.513733 5.640322 3.810173 3.136713 1.410853 0.000000 0.000000 
0.000000 0.000000 0.000000 0.000000 0.000000 0.000000 0.000000 0.000000 0.000000 35.086128 45.998024 29.562809 45.998024 29.562809 7.600582 19.208937 40.620316 67.168854 29.562809 19.208937 67.332298 59.616135 67.332298 67.332298 67.332298 67.332298 67.332298 63.423603 67.332298 67.332298 11.563092 56.513733 56.513733 3.810173 5.640322 3.810173 3.810173 1.410853 0.000000 0.000000 0.000000 
0.000000 0.000000 0.000000 0.000000 0.000000 0.000000 51.056396 14.687399 40.620316 29.562809 29.562809 45.998024 29.562809 51.056396 29.562809 65.269066 65.269066 35.086128 67.168854 65.269066 67.332298 67.332298 67.332298 67.332298 67.332298 66.969421 67.332298 56.513733 56.513733 56.513733 5.640322 5.640322 52.044228 47.072803 3.136713 3.136713 0.000000 0.000000 0.000000 0.000000 0.000000 
0.000000 0.000000 0.000000 0.000000 0.000000 19.208937 24.216946 55.642120 29.562809 55.642120 29.562809 19.208937 10.783023 29.562809 59.616135 67.332298 67.332298 67.332298 67.332298 67.332298 67.332298 67.332298 67.332298 67.332298 65.654121 56.513733 56.513733 56.513733 5.640322 56.513733 2.619967 52.044228 1.982882 3.136713 0.000000 0.000000 0.000000 0.000000 0.000000 0.000000 0.000000 
0.000000 0.000000 0.000000 29.562809 19.208937 55.642120 67.332298 29.562809 29.562809 29.562809 59.616135 67.332298 65.269066 67.332298 67.332298 67.332298 60.345642 67.332298 67.332298 67.332298 67.332298 65.654121 67.332298 52.044228 56.513733 56.513733 52.044228 52.044228 56.513733 3.136713 3.810173 47.072803 0.000000 0.000000 0.000000 0.000000 0.000000 0.000000 0.000000 0.000000 0.000000 
0.000000 0.000000 67.332298 24.216946 40.620316 67.332298 29.562809 55.642120 67.332298 67.332298 67.332298 67.332298 67.332298 67.332298 67.332298 67.332298 67.332298 67.265663 56.513733 67.332298 63.423603 5.640322 56.513733 56.513733 56.513733 3.810173 56.513733 3.136713 2.619967 1.982882 0.000000 0.000000 0.000000 0.000000 0.000000 0.000000 0.000000 0.000000 0.000000 0.000000 0.000000 
0.000000 67.332298 67.332298 67.332298 67.332298 62.857899 67.332298 67.332298 67.332298 67.332298 67.332298 67.332298 67.332298 67.332298 67.265663 67.332298 56.513733 60.345642 60.345642 56.513733 56.513733 56.513733 52.044228 3.810173 3.810173 8.222167 52.044228 0.000000 0.000000 0.000000 0.000000 0.000000 0.000000 0.000000 0.000000 0.000000 0.000000 0.000000 0.000000 0.000000 0.000000 
67.332298 67.332298 67.332298 67.332298 67.332298 67.332298 67.332298 67.332298 67.332298 67.332298 67.332298 67.332298 67.332298 67.265663 56.513733 56.513733 56.513733 56.513733 56.513733 56.513733 2.619967 52.044228 5.640322 2.619967 0.000000 0.000000 0.000000 0.000000 0.000000 0.000000 0.000000 0.000000 0.000000 0.000000 0.000000 0.000000 0.000000 0.000000 0.000000 0.000000 0.000000 
67.332298 67.332298 67.332298 67.332298 67.332298 60.345642 67.332298 67.332298 67.332298 60.345642 67.265663 52.044228 52.044228 52.044228 3.810173 56.513733 56.513733 52.044228 3.810173 56.513733 56.513733 0.000000 0.000000 0.000000 0.000000 0.000000 0.000000 0.000000 0.000000 0.000000 0.000000 0.000000 0.000000 0.000000 0.000000 0.000000 0.000000 0.000000 0.000000 0.000000 0.000000 
67.332298 67.332298 67.332298 67.332298 67.332298 65.654121 66.969421 52.044228 63.423603 67.265663 56.513733 5.640322 56.513733 56.513733 56.513733 52.044228 5.640322 0.000000 0.000000 0.000000 0.000000 0.000000 0.000000 0.000000 0.000000 0.000000 0.000000 0.000000 0.000000 0.000000 0.000000 0.000000 0.000000 0.000000 0.000000 0.000000 0.000000 0.000000 0.000000 0.000000 0.000000 
0.000000 0.000000 0.000000 66.969421 67.332298 56.513733 67.332298 67.265663 60.345642 56.513733 67.332298 0.000000 0.000000 0.000000 0.000000 0.000000 0.000000 0.000000 0.000000 0.000000 0.000000 0.000000 0.000000 0.000000 0.000000 0.000000 0.000000 0.000000 0.000000 0.000000 0.000000 0.000000 0.000000 0.000000 0.000000 0.000000 0.000000 0.000000 0.000000 0.000000 0.000000 
