test/output/constant/M3M400_S060_A090_WD090.0_WS010.0/M3M400_S060_A090_WD090.0_WS010.0_raz.asc
ncols         19
nrows         58
xllcorner     425003.990666
yllcorner     12743055.311160
cellsize      100.000000
NODATA_value  0.000000
0 0 0 0 0 0 0 0 0 0 0 0 0 0 308 13 65535 79 0 
0 0 0 0 0 0 0 0 0 0 0 0 0 0 283 198 193 172 0 
0 0 0 0 0 0 0 0 0 0 0 0 0 308 239 194 193 172 0 
0 0 0 0 0 0 0 0 0 0 0 0 308 283 239 193 190 178 0 
0 0 0 0 0 0 0 0 0 0 0 0 269 256 199 193 178 172 172 
0 0 0 0 0 0 0 0 0 0 0 283 201 269 193 193 181 172 0 
0 0 0 0 0 0 0 0 0 0 0 269 239 201 193 189 175 178 0 
0 0 0 0 0 0 0 0 0 0 256 201 201 198 193 189 175 175 0 
0 0 0 0 0 0 0 0 0 0 201 269 201 194 193 178 178 181 0 
0 0 0 0 0 0 0 0 0 0 269 308 201 193 193 181 178 178 0 
0 0 0 0 0 0 0 0 0 308 201 201 239 193 193 175 181 172 0 
0 0 0 0 0 0 0 0 0 201 201 239 193 193 186 188 175 178 0 
0 0 0 0 0 0 0 0 201 269 256 239 193 193 193 175 172 178 0 
0 0 0 0 0 0 0 0 269 239 201 201 193 193 175 178 178 178 0 
0 0 0 0 0 0 0 0 283 201 201 195 193 193 190 175 175 181 0 
0 0 0 0 0 0 0 239 201 256 201 196 193 191 178 181 166 172 0 
0 0 0 0 0 0 0 201 227 201 201 193 193 188 187 175 178 178 0 
0 0 0 0 0 0 0 239 227 239 199 193 193 191 181 184 175 181 0 
0 0 0 0 0 0 256 201 239 269 193 195 193 181 181 178 178 172 0 
0 0 0 0 0 0 199 201 201 201 193 193 188 178 181 178 178 0 0 
0 0 0 0 0 0 227 239 201 256 193 193 193 178 175 175 172 0 0 
0 0 0 0 0 201 199 256 201 193 193 193 189 166 178 172 181 0 0 
0 0 0 0 0 199 201 201 201 193 193 193 181 178 175 166 178 0 0 
0 0 0 0 0 201 199 239 198 195 193 192 186 178 178 178 178 0 0 
0 0 0 0 201 199 239 199 193 193 193 193 175 184 175 181 181 0 0 
0 0 0 0 201 201 201 199 193 193 193 178 178 175 181 181 172 0 0 
0 0 0 0 239 201 201 198 193 193 190 181 188 178 175 178 178 0 0 
0 0 0 0 201 201 227 193 193 193 193 193 178 178 181 175 0 0 0 
0 0 0 199 199 239 201 193 193 193 187 178 181 181 181 172 0 0 0 
0 0 0 201 201 227 198 193 193 193 188 178 175 178 181 181 0 0 0 
0 0 0 201 201 201 193 193 193 193 193 178 183 190 181 181 0 0 0 
0 0 0 201 199 201 193 193 193 193 191 188 181 181 181 0 0 0 0 
0 0 0 201 201 198 193 193 193 178 181 178 181 187 181 0 0 0 0 
0 0 239 201 201 193 193 193 193 193 187 178 181 181 178 0 0 0 0 
0 0 199 239 239 193 193 193 193 190 186 172 175 175 181 0 0 0 0 
0 0 239 201 239 193 193 193 193 189 181 188 181 178 0 0 0 0 0 
0 0 201 199 193 193 193 193 183 178 181 178 181 175 0 0 0 0 0 
0 0 201 201 193 193 193 193 178 184 172 172 181 186 0 0 0 0 0 
0 201 199 198 196 195 193 193 175 181 187 188 188 0 0 0 0 0 0 
0 239 199 198 193 193 193 193 181 178 181 172 166 0 0 0 0 0 0 
0 199 201 193 194 193 193 193 193 181 189 181 178 0 0 0 0 0 0 
0 201 198 193 193 193 193 193 193 181 178 181 0 0 0 0 0 0 0 
0 283 198 197 193 193 189 190 181 183 178 188 0 0 0 0 0 0 0 
0 239 193 193 193 193 193 193 184 166 187 181 0 0 0 0 0 0 0 
0 198 196 196 193 193 193 193 175 189 183 0 0 0 0 0 0 0 0 
0 198 193 193 193 193 178 188 188 172 181 0 0 0 0 0 0 0 0 
0 193 195 193 193 193 193 193 178 189 181 0 0 0 0 0 0 0 0 
201 193 193 193 193 193 188 184 181 181 0 0 0 0 0 0 0 0 0 
198 195 193 193 193 193 188 189 193 178 0 0 0 0 0 0 0 0 0 
193 193 193 193 193 193 178 178 187 0 0 0 0 0 0 0 0 0 0 
194 194 194 193 193 193 178 184 181 0 0 0 0 0 0 0 0 0 0 
193 193 193 193 193 178 188 181 187 0 0 0 0 0 0 0 0 0 0 
194 193 193 193 193 178 178 189 0 0 0 0 0 0 0 0 0 0 0 
194 193 193 193 191 193 183 0 0 0 0 0 0 0 0 0 0 0 0 
0 193 193 193 193 193 178 0 0 0 0 0 0 0 0 0 0 0 0 
0 193 193 193 184 184 0 0 0 0 0 0 0 0 0 0 0 0 0 
0 193 193 183 193 178 0 0 0 0 0 0 0 0 0 0 0 0 0 
0 194 193 187 188 0 0 0 0 0 0 0 0 0 0 0 0 0 0 
