test/output/constant/M3M400_S060_A090_WD090.0_WS010.0/M3M400_S060_A090_WD090.0_WS010.0_intensity.asc
ncols         19
nrows         58
xllcorner     425003.990666
yllcorner     12743055.311160
cellsize      100.000000
NODATA_value  0.000000
0 0 0 0 0 0 0 0 0 0 0 0 0 0 1037 792 0 988 0 
0 0 0 0 0 0 0 0 0 0 0 0 0 0 1415 75846 91637 19246 0 
0 0 0 0 0 0 0 0 0 0 0 0 0 1037 4800 91453 91637 19246 0 
0 0 0 0 0 0 0 0 0 0 0 0 1037 1415 4800 91637 86459 33043 0 
0 0 0 0 0 0 0 0 0 0 0 0 1878 2622 69473 91637 33043 19246 19246 
0 0 0 0 0 0 0 0 0 0 0 1415 62413 1878 91637 91637 40674 19246 0 
0 0 0 0 0 0 0 0 0 0 0 1878 4800 62413 91637 82222 25828 33043 0 
0 0 0 0 0 0 0 0 0 0 2622 62413 62413 75846 91637 82222 25828 25828 0 
0 0 0 0 0 0 0 0 0 0 62413 1878 62413 91453 91637 33043 33043 40674 0 
0 0 0 0 0 0 0 0 0 0 1878 1037 62413 91637 91637 40674 33043 33043 0 
0 0 0 0 0 0 0 0 0 1037 62413 62413 4800 91637 91637 25828 40674 19246 0 
0 0 0 0 0 0 0 0 0 62413 62413 4800 91637 91637 63721 76907 25828 33043 0 
0 0 0 0 0 0 0 0 62413 1878 2622 4800 91637 91637 91637 25828 19246 33043 0 
0 0 0 0 0 0 0 0 1878 4800 62413 62413 91637 91637 25828 33043 33043 33043 0 
0 0 0 0 0 0 0 0 1415 62413 62413 89036 91637 91561 86459 25828 25828 40674 0 
0 0 0 0 0 0 0 4800 62413 2622 62413 85778 91637 89491 33043 40674 13497 19246 0 
0 0 0 0 0 0 0 62413 8168 62413 62413 91637 91637 76907 70677 25828 33043 33043 0 
0 0 0 0 0 0 0 4800 8168 4800 69473 91637 91637 89491 40674 56249 25828 40674 0 
0 0 0 0 0 0 2622 62413 4800 1878 91637 89036 91637 40674 40674 33043 33043 19246 0 
0 0 0 0 0 0 69473 62413 62413 62413 91637 91637 76907 33043 40674 33043 33043 0 0 
0 0 0 0 0 0 8168 4800 62413 2622 91637 91637 91637 33043 25828 25828 19246 0 0 
0 0 0 0 0 62413 69473 2622 62413 91637 91637 91637 82222 13497 33043 19246 40674 0 0 
0 0 0 0 0 69473 62413 62413 62413 91637 91637 91637 40674 33043 25828 13497 33043 0 0 
0 0 0 0 0 62413 69473 4800 75846 89036 91637 91226 63721 33043 33043 33043 33043 0 0 
0 0 0 0 62413 69473 4800 69473 91637 91637 91637 91637 25828 56249 25828 40674 40674 0 0 
0 0 0 0 62413 62413 62413 69473 91637 91637 91637 33043 33043 25828 40674 40674 19246 0 0 
0 0 0 0 4800 62413 62413 75846 91637 91637 86459 40674 76907 33043 25828 33043 33043 0 0 
0 0 0 0 62413 62413 8168 91637 91637 91637 91637 91637 33043 33043 40674 25828 0 0 0 
0 0 0 69473 69473 4800 62413 91637 91637 91637 70677 33043 40674 40674 40674 19246 0 0 0 
0 0 0 62413 62413 8168 75846 91637 91637 91637 76907 33043 25828 33043 40674 40674 0 0 0 
0 0 0 62413 62413 62413 91637 91637 91637 91637 91637 33043 48488 86459 40674 40674 0 0 0 
0 0 0 62413 69473 62413 91637 91637 91637 91637 89491 76907 40674 40674 40674 0 0 0 0 
0 0 0 62413 62413 75846 91637 91637 91637 33043 40674 33043 40674 70677 40674 0 0 0 0 
0 0 4800 62413 62413 91637 91637 91637 91637 91637 70677 33043 40674 40674 33043 0 0 0 0 
0 0 69473 4800 4800 91637 91637 91637 91637 86459 63721 19246 25828 25828 40674 0 0 0 0 
0 0 4800 62413 4800 91637 91637 91637 91637 82222 40674 76907 40674 33043 0 0 0 0 0 
0 0 62413 69473 91637 91637 91637 91637 48488 33043 40674 33043 40674 25828 0 0 0 0 0 
0 0 62413 62413 91637 91637 91637 91637 33043 56249 19246 19246 40674 63721 0 0 0 0 0 
0 62413 69473 75846 85778 89036 91637 91637 25828 40674 70677 76907 76907 0 0 0 0 0 0 
0 4800 69473 75846 91637 91637 91637 91637 40674 33043 40674 19246 13497 0 0 0 0 0 0 
0 69473 62413 91637 91453 91637 91637 91561 91637 40674 82222 40674 33043 0 0 0 0 0 0 
0 62413 75846 91637 91637 91637 91637 91637 91637 40674 33043 40674 0 0 0 0 0 0 0 
0 1415 75846 81336 91637 91637 82222 86459 40674 48488 33043 76907 0 0 0 0 0 0 0 
0 4800 91637 91637 91637 91637 91637 91637 56249 13497 70677 40674 0 0 0 0 0 0 0 
0 75846 85778 85778 91637 91637 91637 91561 25828 82222 48488 0 0 0 0 0 0 0 0 
0 75846 91637 91637 91637 91637 33043 76907 76907 19246 40674 0 0 0 0 0 0 0 0 
0 91637 89036 91637 91637 91637 91637 91637 33043 82222 40674 0 0 0 0 0 0 0 0 
62413 91637 91637 91637 91637 91561 76907 56249 40674 40674 0 0 0 0 0 0 0 0 0 
75846 89036 91637 91637 91637 91637 76907 82222 91637 33043 0 0 0 0 0 0 0 0 0 
91637 91637 91637 91637 91637 91637 33043 33043 70677 0 0 0 0 0 0 0 0 0 0 
91010 91010 91010 91637 91637 91637 33043 56249 40674 0 0 0 0 0 0 0 0 0 0 
91637 91637 91637 91637 91637 33043 76907 40674 70677 0 0 0 0 0 0 0 0 0 0 
91453 91637 91637 91637 91637 33043 33043 82222 0 0 0 0 0 0 0 0 0 0 0 
91010 91637 91637 91637 89491 91637 48488 0 0 0 0 0 0 0 0 0 0 0 0 
0 91637 91637 91637 91637 91637 33043 0 0 0 0 0 0 0 0 0 0 0 0 
0 91637 91637 91637 56249 56249 0 0 0 0 0 0 0 0 0 0 0 0 0 
0 91637 91637 48488 91637 33043 0 0 0 0 0 0 0 0 0 0 0 0 0 
0 91010 91637 70677 76907 0 0 0 0 0 0 0 0 0 0 0 0 0 0 
