test/output/constant/M375_S060_A090_WD225.0_WS015.0/M375_S060_A090_WD225.0_WS015.0_ros.asc
ncols         14
nrows         31
xllcorner     426503.990666
yllcorner     12745855.311160
cellsize      100.000000
NODATA_value  0.000000
1.458205 2.364709 1.591635 0.000000 0.000000 0.000000 0.000000 0.000000 0.000000 0.000000 0.000000 0.000000 0.000000 0.000000 
1.458205 0.000000 2.364709 2.364709 0.000000 0.000000 0.000000 0.000000 0.000000 0.000000 0.000000 0.000000 0.000000 0.000000 
7.493258 51.311966 51.311966 36.568016 2.364709 0.000000 0.000000 0.000000 0.000000 0.000000 0.000000 0.000000 0.000000 0.000000 
13.709682 51.311966 51.311966 32.555641 1.795813 2.364709 0.000000 0.000000 0.000000 0.000000 0.000000 0.000000 0.000000 0.000000 
25.679720 13.709682 51.311966 50.263824 36.568016 28.378218 0.000000 0.000000 0.000000 0.000000 0.000000 0.000000 0.000000 0.000000 
10.356676 34.053753 51.311966 51.311966 51.311966 1.795813 1.795813 0.000000 0.000000 0.000000 0.000000 0.000000 0.000000 0.000000 
7.493258 37.982071 51.311966 51.311966 51.311966 36.568016 36.568016 28.378218 0.000000 0.000000 0.000000 0.000000 0.000000 0.000000 
10.356676 10.356676 51.311966 51.284893 51.311966 51.311966 32.555641 2.364709 0.000000 0.000000 0.000000 0.000000 0.000000 0.000000 
17.456181 25.679720 47.349396 51.311966 51.311966 50.263824 51.311966 32.555641 32.555641 0.000000 0.000000 0.000000 0.000000 0.000000 
29.911341 25.679720 17.456181 41.577682 51.311966 51.311966 43.619171 32.555641 32.555641 0.000000 0.000000 0.000000 0.000000 0.000000 
0.000000 25.679720 37.982071 51.311966 51.311966 48.681293 51.311966 51.311966 36.568016 32.555641 0.000000 0.000000 0.000000 0.000000 
0.000000 25.679720 37.982071 5.196417 51.311966 51.311966 50.263824 51.311966 36.568016 32.555641 0.000000 0.000000 0.000000 0.000000 
0.000000 7.493258 34.053753 7.493258 51.311966 51.311966 51.311966 50.263824 36.568016 32.555641 36.568016 0.000000 0.000000 0.000000 
0.000000 10.356676 10.356676 50.676132 13.709682 51.311966 51.311966 50.263824 2.220761 36.568016 32.555641 0.000000 0.000000 0.000000 
0.000000 13.709682 34.053753 10.356676 51.311966 51.311966 51.311966 51.311966 51.311966 1.795813 1.795813 0.000000 0.000000 0.000000 
0.000000 0.000000 7.493258 49.350967 37.982071 51.311966 51.311966 51.311966 51.311966 48.681293 36.568016 1.795813 0.000000 0.000000 
0.000000 0.000000 34.053753 41.577682 37.982071 51.311966 51.311966 51.311966 51.311966 51.311966 51.311966 2.100322 0.000000 0.000000 
0.000000 0.000000 37.982071 37.982071 44.731915 51.311966 51.311966 51.311966 50.263824 51.311966 51.311966 51.311966 43.619171 0.000000 
0.000000 0.000000 0.000000 37.982071 47.349396 51.311966 34.053753 51.311966 51.311966 48.681293 51.311966 43.619171 51.311966 0.000000 
0.000000 0.000000 0.000000 37.982071 34.053753 51.311966 51.311966 51.311966 51.311966 51.311966 51.311966 51.311966 51.311966 0.000000 
0.000000 0.000000 0.000000 0.000000 34.053753 44.731915 51.284893 51.311966 51.311966 51.311966 51.311966 51.311966 48.681293 0.000000 
0.000000 0.000000 0.000000 0.000000 37.982071 44.731915 51.311966 51.311966 51.311966 51.311966 51.143074 48.681293 51.311966 48.681293 
0.000000 0.000000 0.000000 0.000000 0.000000 44.731915 49.350967 34.053753 51.311966 51.311966 51.311966 50.263824 51.143074 36.568016 
0.000000 0.000000 0.000000 0.000000 0.000000 5.196417 13.709682 29.911341 51.311966 51.311966 51.311966 51.311966 51.311966 32.555641 
0.000000 0.000000 0.000000 0.000000 0.000000 0.000000 7.493258 44.731915 47.349396 51.311966 51.311966 51.311966 51.311966 51.311966 
0.000000 0.000000 0.000000 0.000000 0.000000 0.000000 13.709682 51.311966 47.349396 51.311966 51.311966 51.311966 51.311966 48.681293 
0.000000 0.000000 0.000000 0.000000 0.000000 0.000000 0.000000 49.350967 51.311966 51.311966 51.311966 51.311966 51.311966 50.263824 
0.000000 0.000000 0.000000 0.000000 0.000000 0.000000 0.000000 0.000000 13.709682 41.577682 51.311966 51.311966 46.443707 51.311966 
0.000000 0.000000 0.000000 0.000000 0.000000 0.000000 0.000000 0.000000 51.311966 51.311966 51.311966 51.311966 51.311966 51.311966 
0.000000 0.000000 0.000000 0.000000 0.000000 0.000000 0.000000 0.000000 0.000000 51.311966 51.311966 51.311966 51.311966 51.311966 
0.000000 0.000000 0.000000 0.000000 0.000000 0.000000 0.000000 0.000000 0.000000 0.000000 0.000000 51.311966 51.311966 0.000000 
