test/output/constant/M375_S060_A090_WD225.0_WS015.0/M375_S060_A090_WD225.0_WS015.0_intensity.asc
ncols         14
nrows         31
xllcorner     426503.990666
yllcorner     12745855.311160
cellsize      100.000000
NODATA_value  0.000000
1268 2057 1384 0 0 0 0 0 0 0 0 0 0 0 
1268 0 2057 2057 0 0 0 0 0 0 0 0 0 0 
6520 44650 44650 31820 2057 0 0 0 0 0 0 0 0 0 
11929 44650 44650 28328 1562 2057 0 0 0 0 0 0 0 0 
22345 11929 44650 43738 31820 24693 0 0 0 0 0 0 0 0 
9012 29632 44650 44650 44650 1562 1562 0 0 0 0 0 0 0 
6520 33050 44650 44650 44650 31820 31820 24693 0 0 0 0 0 0 
9012 9012 44650 44626 44650 44650 28328 2057 0 0 0 0 0 0 
15189 22345 41202 44650 44650 43738 44650 28328 28328 0 0 0 0 0 
26027 22345 15189 36179 44650 44650 37956 28328 28328 0 0 0 0 0 
0 22345 33050 44650 44650 42361 44650 44650 31820 28328 0 0 0 0 
0 22345 33050 4521 44650 44650 43738 44650 31820 28328 0 0 0 0 
0 6520 29632 6520 44650 44650 44650 43738 31820 28328 31820 0 0 0 
0 9012 9012 44096 11929 44650 44650 43738 1932 31820 28328 0 0 0 
0 11929 29632 9012 44650 44650 44650 44650 44650 1562 1562 0 0 0 
0 0 6520 42943 33050 44650 44650 44650 44650 42361 31820 1562 0 0 
0 0 29632 36179 33050 44650 44650 44650 44650 44650 44650 1827 0 0 
0 0 33050 33050 38924 44650 44650 44650 43738 44650 44650 44650 37956 0 
0 0 0 33050 41202 44650 29632 44650 44650 42361 44650 37956 44650 0 
0 0 0 33050 29632 44650 44650 44650 44650 44650 44650 44650 44650 0 
0 0 0 0 29632 38924 44626 44650 44650 44650 44650 44650 42361 0 
0 0 0 0 33050 38924 44650 44650 44650 44650 44503 42361 44650 42361 
0 0 0 0 0 38924 42943 29632 44650 44650 44650 43738 44503 31820 
0 0 0 0 0 4521 11929 26027 44650 44650 44650 44650 44650 28328 
0 0 0 0 0 0 6520 38924 41202 44650 44650 44650 44650 44650 
0 0 0 0 0 0 11929 44650 41202 44650 44650 44650 44650 42361 
0 0 0 0 0 0 0 42943 44650 44650 44650 44650 44650 43738 
0 0 0 0 0 0 0 0 11929 36179 44650 44650 40413 44650 
0 0 0 0 0 0 0 0 44650 44650 44650 44650 44650 44650 
0 0 0 0 0 0 0 0 0 44650 44650 44650 44650 44650 
0 0 0 0 0 0 0 0 0 0 0 44650 44650 0 
