test/output/constant/M375_S060_A090_WD225.0_WS015.0/M375_S060_A090_WD225.0_WS015.0_raz.asc
ncols         14
nrows         31
xllcorner     426503.990666
yllcorner     12745855.311160
cellsize      100.000000
NODATA_value  0.000000
312 77 5 0 0 0 0 0 0 0 0 0 0 0 
312 65535 77 77 0 0 0 0 0 0 0 0 0 0 
199 158 158 149 77 0 0 0 0 0 0 0 0 0 
186 158 158 147 50 77 0 0 0 0 0 0 0 0 
175 186 158 156 149 145 0 0 0 0 0 0 0 0 
191 170 158 158 158 50 50 0 0 0 0 0 0 0 
199 168 158 158 158 149 149 145 0 0 0 0 0 0 
191 191 158 159 158 158 147 77 0 0 0 0 0 0 
181 175 163 158 158 156 158 147 147 0 0 0 0 0 
172 175 181 166 158 158 152 147 147 0 0 0 0 0 
0 175 168 158 158 155 158 158 149 147 0 0 0 0 
0 175 168 209 158 158 156 158 149 147 0 0 0 0 
0 199 170 199 158 158 158 156 149 147 149 0 0 0 
0 191 191 160 186 158 158 156 73 149 147 0 0 0 
0 186 170 191 158 158 158 158 158 50 50 0 0 0 
0 0 199 162 168 158 158 158 158 155 149 50 0 0 
0 0 170 166 168 158 158 158 158 158 158 68 0 0 
0 0 168 168 165 158 158 158 156 158 158 158 152 0 
0 0 0 168 163 158 170 158 158 155 158 152 158 0 
0 0 0 168 170 158 158 158 158 158 158 158 158 0 
0 0 0 0 170 165 159 158 158 158 158 158 155 0 
0 0 0 0 168 165 158 158 158 158 158 155 158 155 
0 0 0 0 0 165 162 170 158 158 158 156 158 149 
0 0 0 0 0 209 186 172 158 158 158 158 158 147 
0 0 0 0 0 0 199 165 163 158 158 158 158 158 
0 0 0 0 0 0 186 158 163 158 158 158 158 155 
0 0 0 0 0 0 0 162 158 158 158 158 158 156 
0 0 0 0 0 0 0 0 186 166 158 158 154 158 
0 0 0 0 0 0 0 0 158 158 158 158 158 158 
0 0 0 0 0 0 0 0 0 158 158 158 158 158 
0 0 0 0 0 0 0 0 0 0 0 158 158 0 
