test/output/constant/M3100_S060_A090_WD135.0_WS015.0/M3100_S060_A090_WD135.0_WS015.0_arrival.asc
ncols         19
nrows         44
xllcorner     425003.990666
yllcorner     12744555.311160
cellsize      100.000000
NODATA_value  0.000000
0.000000 0.000000 0.000000 0.000000 0.000000 0.000000 0.000000 0.000000 0.000000 0.000000 0.000000 0.000000 0.000000 0.000000 0.000000 166.027019 166.020357 166.030720 0.000000 
0.000000 0.000000 0.000000 0.000000 0.000000 0.000000 0.000000 0.000000 0.000000 0.000000 0.000000 0.000000 0.000000 0.000000 166.022578 166.003701 166.000000 166.015175 0.000000 
0.000000 0.000000 0.000000 0.000000 0.000000 0.000000 0.000000 0.000000 0.000000 0.000000 0.000000 0.000000 0.000000 166.027019 166.009993 166.001480 166.000740 166.013695 0.000000 
0.000000 0.000000 0.000000 0.000000 0.000000 0.000000 0.000000 0.000000 0.000000 0.000000 0.000000 0.000000 166.031831 166.015915 166.005182 166.001851 166.001851 166.014435 166.040714 
0.000000 0.000000 0.000000 0.000000 0.000000 0.000000 0.000000 0.000000 0.000000 0.000000 0.000000 166.037383 166.022207 166.009993 166.004071 166.002591 166.003331 166.017026 166.038863 
0.000000 0.000000 0.000000 0.000000 0.000000 0.000000 0.000000 0.000000 0.000000 0.000000 0.000000 166.028129 166.015915 166.007402 166.004071 166.003701 166.005552 166.018876 166.039233 
0.000000 0.000000 0.000000 0.000000 0.000000 0.000000 0.000000 0.000000 0.000000 0.000000 166.034051 166.021837 166.011844 166.006662 166.004812 166.004812 166.007773 166.021467 166.040344 
0.000000 0.000000 0.000000 0.000000 0.000000 0.000000 0.000000 0.000000 0.000000 166.040344 166.027759 166.017026 166.010363 166.006662 166.005552 166.005922 166.010363 166.023688 166.041454 
0.000000 0.000000 0.000000 0.000000 0.000000 0.000000 0.000000 0.000000 0.000000 166.033681 166.022578 166.014435 166.009623 166.007032 166.006662 166.007773 166.012954 166.026279 0.000000 
0.000000 0.000000 0.000000 0.000000 0.000000 0.000000 0.000000 0.000000 166.039603 166.028500 166.019246 166.012954 166.009253 166.007773 166.007773 166.009623 166.015175 166.028870 0.000000 
0.000000 0.000000 0.000000 0.000000 0.000000 0.000000 0.000000 0.000000 166.034051 166.024428 166.017026 166.012214 166.009253 166.008513 166.008883 166.011844 166.017766 166.031461 0.000000 
0.000000 0.000000 0.000000 0.000000 0.000000 0.000000 0.000000 166.039973 166.029610 166.021467 166.015545 166.011844 166.009993 166.009623 166.010363 166.014065 166.020357 166.034051 0.000000 
0.000000 0.000000 0.000000 0.000000 0.000000 0.000000 0.000000 166.035532 166.026279 166.019246 166.014805 166.011844 166.010734 166.010734 166.012214 166.016285 166.022948 166.036642 0.000000 
0.000000 0.000000 0.000000 0.000000 0.000000 0.000000 166.041084 166.031461 166.024058 166.018136 166.014805 166.012214 166.011474 166.011844 166.014065 166.018506 166.025539 166.039233 0.000000 
0.000000 0.000000 0.000000 0.000000 0.000000 0.000000 166.036642 166.028500 166.022207 166.017766 166.014435 166.012954 166.012584 166.013324 166.015915 166.020727 166.028129 166.041454 0.000000 
0.000000 0.000000 0.000000 0.000000 0.000000 0.000000 166.033311 166.026279 166.021097 166.017396 166.014805 166.013695 166.013695 166.014805 166.018136 166.023318 166.030720 0.000000 0.000000 
0.000000 0.000000 0.000000 0.000000 0.000000 166.038493 166.030720 166.024798 166.020357 166.017026 166.015175 166.014805 166.014805 166.016656 166.019987 166.025539 166.033311 0.000000 0.000000 
0.000000 0.000000 0.000000 0.000000 0.000000 166.035532 166.028870 166.023688 166.019987 166.017026 166.015915 166.015545 166.016285 166.018506 166.022207 166.028129 166.035902 0.000000 0.000000 
0.000000 0.000000 0.000000 0.000000 166.040344 166.033311 166.027389 166.022948 166.019617 166.017396 166.016656 166.016656 166.017766 166.020357 166.024428 166.030350 166.038493 0.000000 0.000000 
0.000000 0.000000 0.000000 0.000000 166.037753 166.031461 166.026279 166.022578 166.019617 166.018136 166.017766 166.017766 166.019246 166.022207 166.026649 166.032941 166.040714 0.000000 0.000000 
0.000000 0.000000 0.000000 0.000000 166.035902 166.029980 166.025539 166.022578 166.019987 166.018876 166.018506 166.019246 166.021097 166.024058 166.028870 166.035532 0.000000 0.000000 0.000000 
0.000000 0.000000 0.000000 166.040344 166.034051 166.029240 166.025168 166.022207 166.020357 166.019617 166.019617 166.020357 166.022578 166.026279 166.031090 166.038123 0.000000 0.000000 0.000000 
0.000000 0.000000 0.000000 166.038123 166.032941 166.028500 166.025168 166.022578 166.021097 166.020727 166.020727 166.022207 166.024428 166.028500 166.033681 166.040714 0.000000 0.000000 0.000000 
0.000000 0.000000 0.000000 166.036642 166.031831 166.028129 166.025168 166.022948 166.021837 166.021837 166.022207 166.023688 166.026279 166.030720 166.035902 0.000000 0.000000 0.000000 0.000000 
0.000000 0.000000 166.040714 166.035532 166.031090 166.027759 166.025168 166.023318 166.022578 166.022578 166.023688 166.025539 166.028500 166.032941 166.038493 0.000000 0.000000 0.000000 0.000000 
0.000000 0.000000 166.039233 166.034422 166.030720 166.027759 166.025168 166.024058 166.023688 166.023688 166.024798 166.027019 166.030350 166.035162 166.040714 0.000000 0.000000 0.000000 0.000000 
0.000000 0.000000 166.038493 166.034051 166.030350 166.027759 166.025539 166.024798 166.024798 166.025168 166.026279 166.028870 166.032571 166.037383 0.000000 0.000000 0.000000 0.000000 0.000000 
0.000000 0.000000 166.037383 166.033311 166.030350 166.027759 166.026279 166.025539 166.025539 166.026279 166.028129 166.030720 166.034792 166.039603 0.000000 0.000000 0.000000 0.000000 0.000000 
0.000000 166.041084 166.036642 166.033311 166.030350 166.028129 166.027019 166.026649 166.026649 166.027759 166.029610 166.032571 166.036642 166.041667 0.000000 0.000000 0.000000 0.000000 0.000000 
0.000000 166.039973 166.036272 166.032941 166.030350 166.028500 166.027759 166.027759 166.028129 166.029240 166.031461 166.034792 166.038863 0.000000 0.000000 0.000000 0.000000 0.000000 0.000000 
0.000000 166.039233 166.035902 166.032941 166.030720 166.029240 166.028500 166.028870 166.029240 166.030720 166.033311 166.036642 166.041084 0.000000 0.000000 0.000000 0.000000 0.000000 0.000000 
0.000000 166.038863 166.035532 166.032941 166.031090 166.029980 166.029610 166.029610 166.030720 166.032571 166.035162 166.038863 0.000000 0.000000 0.000000 0.000000 0.000000 0.000000 0.000000 
0.000000 166.038493 166.035532 166.033311 166.031461 166.030720 166.030720 166.031090 166.032201 166.034051 166.037012 166.040714 0.000000 0.000000 0.000000 0.000000 0.000000 0.000000 0.000000 
166.041454 166.038123 166.035532 166.033311 166.032201 166.031461 166.031831 166.032201 166.033681 166.035902 166.038863 0.000000 0.000000 0.000000 0.000000 0.000000 0.000000 0.000000 0.000000 
166.041084 166.038123 166.035532 166.034051 166.032941 166.032571 166.032941 166.033681 166.035162 166.037753 166.041084 0.000000 0.000000 0.000000 0.000000 0.000000 0.000000 0.000000 0.000000 
166.041084 166.038123 166.035902 166.034422 166.033681 166.033681 166.034051 166.035162 166.037012 166.039603 0.000000 0.000000 0.000000 0.000000 0.000000 0.000000 0.000000 0.000000 0.000000 
166.040714 166.038123 166.036272 166.035162 166.034792 166.034792 166.035162 166.036642 166.038493 166.041454 0.000000 0.000000 0.000000 0.000000 0.000000 0.000000 0.000000 0.000000 0.000000 
166.040714 166.038493 166.037012 166.035902 166.035532 166.035902 166.036642 166.038123 166.040344 0.000000 0.000000 0.000000 0.000000 0.000000 0.000000 0.000000 0.000000 0.000000 0.000000 
166.040714 166.038863 166.037383 166.036642 166.036642 166.037012 166.038123 166.039603 0.000000 0.000000 0.000000 0.000000 0.000000 0.000000 0.000000 0.000000 0.000000 0.000000 0.000000 
166.040714 166.039233 166.038123 166.037753 166.037753 166.038493 166.039233 166.041454 0.000000 0.000000 0.000000 0.000000 0.000000 0.000000 0.000000 0.000000 0.000000 0.000000 0.000000 
166.041084 166.039603 166.038863 166.038493 166.038863 166.039603 166.040714 0.000000 0.000000 0.000000 0.000000 0.000000 0.000000 0.000000 0.000000 0.000000 0.000000 0.000000 0.000000 
166.041454 166.040344 166.039603 166.039603 166.039973 166.041084 0.000000 0.000000 0.000000 0.000000 0.000000 0.000000 0.000000 0.000000 0.000000 0.000000 0.000000 0.000000 0.000000 
0.000000 166.041084 166.040714 166.040714 166.041084 0.000000 0.000000 0.000000 0.000000 0.000000 0.000000 0.000000 0.000000 0.000000 0.000000 0.000000 0.000000 0.000000 0.000000 
0.000000 166.041667 166.041454 166.041667 0.000000 0.000000 0.000000 0.000000 0.000000 0.000000 0.000000 0.000000 0.000000 0.000000 0.000000 0.000000 0.000000 0.000000 0.000000 
