test/output/constant/M3100_S060_A090_WD135.0_WS015.0/M3100_S060_A090_WD135.0_WS015.0_raz.asc
ncols         19
nrows         44
xllcorner     425003.990666
yllcorner     12744555.311160
cellsize      100.000000
NODATA_value  0.000000
0 0 0 0 0 0 0 0 0 0 0 0 0 0 0 355 289 42 0 
0 0 0 0 0 0 0 0 0 0 0 0 0 0 308 308 254 42 0 
0 0 0 0 0 0 0 0 0 0 0 0 0 289 269 199 199 165 0 
0 0 0 0 0 0 0 0 0 0 0 0 269 279 355 199 171 180 42 
0 0 0 0 0 0 0 0 0 0 0 308 308 241 199 199 183 171 165 
0 0 0 0 0 0 0 0 0 0 0 269 269 207 199 199 165 176 156 
0 0 0 0 0 0 0 0 0 0 213 308 209 200 199 180 180 176 165 
0 0 0 0 0 0 0 0 0 279 253 207 308 199 199 189 171 180 165 
0 0 0 0 0 0 0 0 0 241 241 209 279 199 199 180 176 171 0 
0 0 0 0 0 0 0 0 253 289 269 241 199 199 180 180 180 165 0 
0 0 0 0 0 0 0 0 209 308 253 204 199 199 194 176 180 165 0 
0 0 0 0 0 0 0 209 207 241 207 203 199 199 180 176 180 176 0 
0 0 0 0 0 0 0 289 207 209 204 199 199 189 180 171 180 176 0 
0 0 0 0 0 0 279 253 308 209 253 199 199 187 171 171 171 176 0 
0 0 0 0 0 0 253 207 253 269 199 199 199 180 180 156 165 180 0 
0 0 0 0 0 0 209 207 209 204 199 199 199 187 176 171 165 0 0 
0 0 0 0 0 253 209 207 204 199 199 199 196 171 183 180 176 0 0 
0 0 0 0 0 209 253 207 207 200 199 199 189 156 180 171 176 0 0 
0 0 0 0 209 253 207 209 203 199 199 185 171 176 183 183 176 0 0 
0 0 0 0 209 289 207 204 201 199 199 199 180 180 180 180 180 0 0 
0 0 0 0 253 207 205 241 199 199 199 191 180 185 180 180 0 0 0 
0 0 0 241 241 253 205 201 199 199 189 191 187 180 180 156 0 0 0 
0 0 0 209 207 209 204 199 199 199 189 171 183 180 171 165 0 0 0 
0 0 0 209 209 241 308 199 199 176 180 180 183 176 180 0 0 0 0 
0 0 209 209 209 204 199 199 199 194 156 165 156 171 171 0 0 0 0 
0 0 209 209 204 199 199 199 199 192 194 183 183 171 183 0 0 0 0 
0 0 355 279 204 199 199 199 176 156 195 180 180 171 0 0 0 0 0 
0 0 241 203 203 201 203 199 192 192 180 183 156 165 0 0 0 0 0 
0 241 207 269 204 199 199 199 192 185 191 185 185 180 0 0 0 0 0 
0 207 253 203 199 201 199 180 165 180 180 165 180 0 0 0 0 0 0 
0 204 204 203 199 199 199 176 191 183 180 180 180 0 0 0 0 0 0 
0 207 204 199 199 199 199 199 185 180 180 183 0 0 0 0 0 0 0 
0 204 204 199 199 199 191 176 187 187 183 183 0 0 0 0 0 0 0 
204 204 199 199 199 199 180 192 165 180 183 0 0 0 0 0 0 0 0 
205 203 199 199 199 199 171 180 199 183 171 0 0 0 0 0 0 0 0 
253 199 199 199 199 199 191 180 165 180 0 0 0 0 0 0 0 0 0 
203 199 199 199 199 180 199 176 185 180 0 0 0 0 0 0 0 0 0 
203 199 199 199 199 180 180 180 180 0 0 0 0 0 0 0 0 0 0 
199 199 199 199 199 199 191 180 0 0 0 0 0 0 0 0 0 0 0 
199 199 199 199 185 199 189 176 0 0 0 0 0 0 0 0 0 0 0 
199 199 199 198 180 187 191 0 0 0 0 0 0 0 0 0 0 0 0 
199 199 199 199 180 189 0 0 0 0 0 0 0 0 0 0 0 0 0 
0 199 199 180 191 0 0 0 0 0 0 0 0 0 0 0 0 0 0 
0 199 199 199 0 0 0 0 0 0 0 0 0 0 0 0 0 0 0 
