test/output/constant/M3M465_S060_A000_WD225.0_WS025.0/M3M465_S060_A000_WD225.0_WS025.0_ros.asc
ncols         17
nrows         16
xllcorner     425103.990666
yllcorner     12748655.311160
cellsize      100.000000
NODATA_value  0.000000
33.891861 33.891861 33.744007 13.585235 33.891861 0.000000 0.000000 0.000000 0.000000 0.000000 0.000000 0.000000 0.000000 0.000000 0.000000 0.000000 0.000000 
33.542858 33.891861 33.891861 33.891861 24.152449 33.118065 28.717514 0.000000 0.000000 0.000000 0.000000 0.000000 0.000000 0.000000 0.000000 0.000000 0.000000 
33.891861 33.891861 33.891861 33.891861 33.891861 30.566196 5.176504 26.557850 0.000000 0.000000 0.000000 0.000000 0.000000 0.000000 0.000000 0.000000 0.000000 
33.542858 33.891861 33.891861 33.891861 33.891861 33.891861 28.717514 3.872327 26.557850 0.000000 0.000000 0.000000 0.000000 0.000000 0.000000 0.000000 0.000000 
0.000000 33.891861 33.891861 33.891861 33.891861 33.891861 33.744007 11.102456 6.841317 2.476438 0.000000 0.000000 0.000000 0.000000 0.000000 0.000000 0.000000 
0.000000 7.928084 27.866020 32.731880 33.891861 33.891861 33.891861 33.891861 33.891861 2.937188 24.152449 6.841317 0.000000 0.000000 0.000000 0.000000 0.000000 
0.000000 0.000000 25.596493 7.928084 31.488379 33.891861 33.891861 33.891861 33.891861 28.717514 3.872327 5.176504 0.000000 0.000000 0.000000 0.000000 0.000000 
0.000000 0.000000 0.000000 6.035713 7.928084 33.891861 33.891861 33.891861 33.891861 33.891861 30.566196 5.176504 1.928574 0.000000 0.000000 0.000000 0.000000 
0.000000 0.000000 0.000000 0.000000 7.928084 7.928084 6.035713 33.891861 33.891861 33.891861 33.891861 28.717514 18.899689 5.176504 0.000000 0.000000 0.000000 
0.000000 0.000000 0.000000 0.000000 6.035713 7.928084 7.928084 7.928084 33.891861 33.891861 33.891861 33.891861 5.176504 3.872327 6.841317 0.000000 0.000000 
0.000000 0.000000 0.000000 0.000000 0.000000 17.786736 7.928084 7.928084 25.596493 10.109739 33.891861 33.891861 33.891861 3.872327 2.937188 3.872327 0.000000 
0.000000 0.000000 0.000000 0.000000 0.000000 0.000000 27.866020 6.035713 23.109680 25.596493 7.928084 33.891861 33.891861 33.891861 5.176504 2.937188 0.000000 
0.000000 0.000000 0.000000 0.000000 0.000000 0.000000 0.000000 0.000000 7.928084 6.035713 7.928084 27.866020 33.891861 33.891861 33.118065 16.210100 3.872327 
0.000000 0.000000 0.000000 0.000000 0.000000 0.000000 0.000000 0.000000 0.000000 6.035713 6.035713 6.035713 6.035713 33.891861 33.891861 30.566196 5.176504 
0.000000 0.000000 0.000000 0.000000 0.000000 0.000000 0.000000 0.000000 0.000000 0.000000 6.035713 6.035713 6.035713 7.928084 33.891861 0.000000 2.937188 
0.000000 0.000000 0.000000 0.000000 0.000000 0.000000 0.000000 0.000000 0.000000 0.000000 0.000000 0.000000 0.000000 2.630203 2.630203 3.272112 1.655136 
