test/output/constant/M490_S060_A180_WD000.0_WS010.0/M490_S060_A180_WD000.0_WS010.0_arrival.asc
ncols         25
nrows         11
xllcorner     426603.990666
yllcorner     12747855.311160
cellsize      100.000000
NODATA_value  0.000000
166.034311 166.027837 166.029132 166.030427 166.033016 166.036901 166.041432 0.000000 0.000000 0.000000 0.000000 0.000000 0.000000 0.000000 0.000000 0.000000 0.000000 0.000000 0.000000 0.000000 0.000000 0.000000 0.000000 0.000000 0.000000 
166.000000 166.001295 166.003237 166.005179 166.009063 166.012948 166.016832 166.020716 166.024600 166.029132 166.033016 166.037548 166.041432 0.000000 0.000000 0.000000 0.000000 0.000000 0.000000 0.000000 0.000000 0.000000 0.000000 0.000000 0.000000 
166.007769 166.002590 166.003237 166.004532 166.006474 166.008416 166.010358 166.012300 166.015537 166.018774 166.022011 166.025895 166.029779 166.033016 166.036901 166.041432 0.000000 0.000000 0.000000 0.000000 0.000000 0.000000 0.000000 0.000000 0.000000 
0.000000 166.021363 166.010358 166.007769 166.007769 166.008416 166.009711 166.011653 166.013595 166.014890 166.017479 166.020069 166.022658 166.025895 166.029132 166.032369 166.035606 166.039490 0.000000 0.000000 0.000000 0.000000 0.000000 0.000000 0.000000 
0.000000 0.000000 166.034311 166.021363 166.014890 166.012948 166.012300 166.012948 166.013595 166.014890 166.016832 166.018774 166.020069 166.022011 166.024600 166.027190 166.029779 166.033016 166.035606 166.038843 0.000000 0.000000 0.000000 0.000000 0.000000 
0.000000 0.000000 0.000000 0.000000 166.033016 166.025248 166.020716 166.018127 166.017479 166.017479 166.018127 166.018774 166.020069 166.022011 166.023953 166.025248 166.027190 166.029779 166.031722 166.034311 166.036901 166.040137 0.000000 0.000000 0.000000 
0.000000 0.000000 0.000000 0.000000 0.000000 0.000000 166.036253 166.029779 166.025895 166.023953 166.022658 166.022658 166.022658 166.023306 166.023953 166.025248 166.027190 166.029132 166.030427 166.032369 166.034311 166.036901 166.038843 166.041432 0.000000 
0.000000 0.000000 0.000000 0.000000 0.000000 0.000000 0.000000 0.000000 166.039490 166.034311 166.031074 166.029132 166.027837 166.027190 166.027190 166.027190 166.028485 166.029132 166.030427 166.032369 166.034311 166.035606 166.037548 166.039490 166.041432 
0.000000 0.000000 0.000000 0.000000 0.000000 0.000000 0.000000 0.000000 0.000000 0.000000 0.000000 166.039490 166.036253 166.034311 166.033016 166.032369 166.032369 166.032369 166.033016 166.033664 166.034311 166.035606 166.037548 166.039490 166.040785 
0.000000 0.000000 0.000000 0.000000 0.000000 0.000000 0.000000 0.000000 0.000000 0.000000 0.000000 0.000000 0.000000 0.000000 166.041432 166.039490 166.038195 166.037548 166.036901 166.036901 166.037548 166.037548 166.038843 166.039490 166.041432 
0.000000 0.000000 0.000000 0.000000 0.000000 0.000000 0.000000 0.000000 0.000000 0.000000 0.000000 0.000000 0.000000 0.000000 0.000000 0.000000 0.000000 0.000000 0.000000 0.000000 0.000000 0.000000 166.041667 0.000000 0.000000 
