test/output/constant/M3M495_S060_A000_WD270.0_WS020.0/M3M495_S060_A000_WD270.0_WS020.0_arrival.asc
ncols         27
nrows         11
xllcorner     424203.990666
yllcorner     12748255.311160
cellsize      100.000000
NODATA_value  0.000000
0.000000 0.000000 0.000000 0.000000 0.000000 0.000000 0.000000 166.041667 166.040991 166.040296 166.039602 166.038907 166.038907 166.038907 166.038907 166.038907 166.040296 166.040991 0.000000 0.000000 0.000000 0.000000 0.000000 0.000000 0.000000 0.000000 0.000000 
0.000000 0.000000 0.000000 0.000000 166.040991 166.039602 166.038212 166.036823 166.035433 166.034738 166.033349 166.032654 166.031265 166.030570 166.030570 166.030570 166.030570 166.030570 166.031265 166.032654 166.034044 166.038212 0.000000 0.000000 0.000000 0.000000 0.000000 
0.000000 0.000000 166.040991 166.039602 166.037517 166.036128 166.034738 166.033349 166.031959 166.030570 166.029180 166.027791 166.026401 166.025012 166.023622 166.022927 166.022233 166.021538 166.021538 166.022233 166.022927 166.024317 166.027791 166.032654 166.038907 0.000000 0.000000 
0.000000 166.040991 166.038907 166.037517 166.035433 166.034044 166.031959 166.030570 166.029180 166.027096 166.025706 166.024317 166.022233 166.020843 166.019453 166.018064 166.016674 166.015285 166.013895 166.013201 166.013201 166.013201 166.013895 166.016674 166.022233 166.031959 0.000000 
166.041667 166.039602 166.038212 166.036128 166.034738 166.032654 166.031265 166.029180 166.027791 166.025706 166.024317 166.022233 166.020843 166.018759 166.017369 166.015285 166.013895 166.011811 166.010422 166.009032 166.006948 166.005558 166.004863 166.004863 166.006253 166.015285 166.031959 
166.040991 166.039602 166.037517 166.036128 166.034044 166.032654 166.030570 166.029180 166.027096 166.025706 166.023622 166.022233 166.020148 166.018759 166.016674 166.015285 166.013201 166.011811 166.009727 166.008337 166.006253 166.004863 166.002779 166.001390 166.000000 166.009727 166.029180 
166.041667 166.039602 166.038212 166.036128 166.034738 166.032654 166.031265 166.029180 166.027791 166.025706 166.024317 166.022233 166.020843 166.018759 166.017369 166.015285 166.013895 166.011811 166.010422 166.009032 166.006948 166.005558 166.004863 166.004863 166.006253 166.015285 166.031959 
0.000000 166.040991 166.038907 166.037517 166.035433 166.034044 166.031959 166.030570 166.029180 166.027096 166.025706 166.024317 166.022233 166.020843 166.019453 166.018064 166.016674 166.015285 166.013895 166.013201 166.013201 166.013201 166.013895 166.016674 166.022233 166.031959 0.000000 
0.000000 0.000000 166.040991 166.039602 166.037517 166.036128 166.034738 166.033349 166.031959 166.030570 166.029180 166.027791 166.026401 166.025012 166.023622 166.022927 166.022233 166.021538 166.021538 166.022233 166.022927 166.024317 166.027791 166.032654 166.038907 0.000000 0.000000 
0.000000 0.000000 0.000000 0.000000 166.040991 166.039602 166.038212 166.036823 166.035433 166.034738 166.033349 166.032654 166.031265 166.030570 166.030570 166.030570 166.030570 166.030570 166.031265 166.032654 166.034044 166.038212 0.000000 0.000000 0.000000 0.000000 0.000000 
0.000000 0.000000 0.000000 0.000000 0.000000 0.000000 0.000000 166.041667 166.040991 166.040296 166.039602 166.038907 166.038907 166.038907 166.038907 166.038907 166.040296 166.040991 0.000000 0.000000 0.000000 0.000000 0.000000 0.000000 0.000000 0.000000 0.000000 
