test/output/constant/S1_S060_A090_WD270.0_WS010.0/S1_S060_A090_WD270.0_WS010.0_arrival.asc
ncols         9
nrows         23
xllcorner     426503.990666
yllcorner     12746555.311160
cellsize      100.000000
NODATA_value  0.000000
166.039374 166.000000 166.010937 0.000000 0.000000 0.000000 0.000000 0.000000 0.000000 
166.033541 166.001458 166.003646 166.030624 0.000000 0.000000 0.000000 0.000000 0.000000 
166.034270 166.002917 166.003646 166.014583 0.000000 0.000000 0.000000 0.000000 0.000000 
166.035728 166.005833 166.005104 166.010208 166.030624 0.000000 0.000000 0.000000 0.000000 
166.040103 166.009479 166.007291 166.009479 166.021145 0.000000 0.000000 0.000000 0.000000 
0.000000 166.013854 166.008750 166.009479 166.016770 166.036457 0.000000 0.000000 0.000000 
0.000000 166.018229 166.010937 166.010937 166.016041 166.027708 0.000000 0.000000 0.000000 
0.000000 166.022603 166.013125 166.013125 166.015312 166.024062 0.000000 0.000000 0.000000 
0.000000 166.026978 166.016770 166.014583 166.016041 166.022603 166.035728 0.000000 0.000000 
0.000000 166.031353 166.019687 166.016770 166.016770 166.021874 166.031353 0.000000 0.000000 
0.000000 166.036457 166.024062 166.018958 166.018958 166.021874 166.029166 0.000000 0.000000 
0.000000 166.040832 166.027708 166.021145 166.020416 166.021874 166.027708 166.037916 0.000000 
0.000000 0.000000 166.031353 166.024062 166.022603 166.022603 166.027708 166.035728 0.000000 
0.000000 0.000000 166.035728 166.026978 166.024791 166.024791 166.027708 166.034270 0.000000 
0.000000 0.000000 166.040103 166.030624 166.026978 166.026249 166.028437 166.034270 0.000000 
0.000000 0.000000 0.000000 166.034270 166.029166 166.028437 166.029166 166.033541 166.041561 
0.000000 0.000000 0.000000 166.037916 166.032082 166.029895 166.030624 166.033541 166.040103 
0.000000 0.000000 0.000000 166.041561 166.034999 166.032082 166.032082 166.034270 166.039374 
0.000000 0.000000 0.000000 0.000000 166.037916 166.034270 166.034270 166.034999 166.039374 
0.000000 0.000000 0.000000 0.000000 166.041561 166.036457 166.035728 166.036457 166.040103 
0.000000 0.000000 0.000000 0.000000 0.000000 166.039374 166.037916 166.037916 166.040103 
0.000000 0.000000 0.000000 0.000000 0.000000 0.000000 166.040103 166.040103 166.041561 
0.000000 0.000000 0.000000 0.000000 0.000000 0.000000 0.000000 166.041561 0.000000 
