test/output/constant/M290_S060_A090_WD000.0_WS035.0/M290_S060_A090_WD000.0_WS035.0_arrival.asc
ncols         7
nrows         40
xllcorner     426303.990666
yllcorner     12744855.311160
cellsize      100.000000
NODATA_value  0.000000
0.000000 0.000000 0.000000 166.000000 0.000000 0.000000 0.000000 
0.000000 0.000000 166.018759 166.000853 166.018759 0.000000 0.000000 
0.000000 0.000000 166.011085 166.001705 166.011085 0.000000 0.000000 
0.000000 0.000000 166.008953 166.002984 166.008953 0.000000 0.000000 
0.000000 0.000000 166.008527 166.003837 166.008527 0.000000 0.000000 
0.000000 166.037944 166.008100 166.005116 166.008100 166.037944 0.000000 
0.000000 166.032828 166.008953 166.005969 166.008953 166.032828 0.000000 
0.000000 166.029843 166.009806 166.007248 166.009806 166.029843 0.000000 
0.000000 166.028138 166.010232 166.008100 166.010232 166.028138 0.000000 
0.000000 166.026433 166.011085 166.009379 166.011085 166.026433 0.000000 
0.000000 166.025580 166.011937 166.010232 166.011937 166.025580 0.000000 
0.000000 166.025154 166.013216 166.011511 166.013216 166.025154 0.000000 
0.000000 166.024727 166.014069 166.012364 166.014069 166.024727 0.000000 
0.000000 166.024301 166.014922 166.013643 166.014922 166.024301 0.000000 
0.000000 166.024301 166.016201 166.014495 166.016201 166.024301 0.000000 
0.000000 166.024727 166.017053 166.015774 166.017053 166.024727 0.000000 
0.000000 166.025154 166.018332 166.016627 166.018332 166.025154 0.000000 
0.000000 166.026006 166.019185 166.017906 166.019185 166.026006 0.000000 
166.041667 166.026433 166.020464 166.018759 166.020464 166.026433 166.041667 
166.040928 166.027285 166.021317 166.020038 166.021317 166.027285 166.040928 
166.040928 166.028138 166.022169 166.020890 166.022169 166.028138 166.040928 
166.040502 166.028991 166.023448 166.022169 166.023448 166.028991 166.040502 
166.040502 166.029843 166.024301 166.023022 166.024301 166.029843 166.040502 
166.040502 166.030270 166.025154 166.024301 166.025154 166.030270 166.040502 
166.040502 166.031122 166.026433 166.025154 166.026433 166.031122 166.040502 
166.040928 166.031975 166.027285 166.026433 166.027285 166.031975 166.040928 
166.041667 166.032828 166.028564 166.027285 166.028564 166.032828 166.041667 
0.000000 166.033680 166.029417 166.028564 166.029417 166.033680 0.000000 
0.000000 166.034533 166.030696 166.029417 166.030696 166.034533 0.000000 
0.000000 166.035386 166.031549 166.030696 166.031549 166.035386 0.000000 
0.000000 166.036665 166.032828 166.031549 166.032828 166.036665 0.000000 
0.000000 166.037518 166.033680 166.032828 166.033680 166.037518 0.000000 
0.000000 166.038370 166.034960 166.033680 166.034960 166.038370 0.000000 
0.000000 166.039649 166.035812 166.034960 166.035812 166.039649 0.000000 
0.000000 166.040502 166.037091 166.035812 166.037091 166.040502 0.000000 
0.000000 166.041355 166.037944 166.037091 166.037944 166.041355 0.000000 
0.000000 0.000000 166.039223 166.037944 166.039223 0.000000 0.000000 
0.000000 0.000000 166.040076 166.039223 166.040076 0.000000 0.000000 
0.000000 0.000000 166.041355 166.040076 166.041355 0.000000 0.000000 
0.000000 0.000000 0.000000 166.041355 0.000000 0.000000 0.000000 
