test/output/constant/M390_S060_A000_WD180.0_WS005.0/M390_S060_A000_WD180.0_WS005.0_intensity.asc
ncols         54
nrows         12
xllcorner     421403.990666
yllcorner     12748555.311160
cellsize      100.000000
NODATA_value  0.000000
0 0 0 0 0 78599 78599 76553 78743 73781 78743 76553 65298 59846 53800 7212 59846 59846 59846 53800 53800 1773 53800 53800 53800 0 0 0 0 0 0 0 0 0 0 0 0 0 0 0 0 0 0 0 0 0 0 0 0 0 0 0 0 0 
0 78743 78743 69990 78224 78743 78743 78743 78743 76553 78224 78743 78599 73781 69990 76553 65298 53800 73781 59846 59846 53800 53800 4303 53800 53800 4303 53800 53800 53800 2414 59846 0 0 0 0 0 0 0 0 0 0 0 0 0 0 0 0 0 0 0 0 0 0 
78743 78743 78743 78743 78743 78743 78743 78743 78743 76553 78743 76553 78743 78743 73781 78743 76553 78743 78743 78743 78224 78224 59846 53800 53800 59846 59846 59846 53800 53800 53800 53800 59846 53800 2414 2414 4303 0 0 0 0 0 0 0 0 0 0 0 0 0 0 0 0 0 
60434 78743 78743 78743 76553 78743 78743 78743 78743 78743 78743 78743 78743 78743 78743 78743 76553 78224 78743 78743 69990 78743 78743 76553 78743 73781 59846 53800 59846 1773 4303 4303 53800 53800 53800 53800 53800 2414 53800 59846 53800 2414 0 0 0 0 0 0 0 0 0 0 0 0 
0 78743 78743 76778 78743 78743 78743 78743 78743 78743 78743 78743 78743 78743 78743 78743 78743 73781 78743 78743 78743 78743 76553 76553 78224 78224 78599 78743 78743 69990 65298 73781 59846 53800 53800 53800 53800 59846 53800 59846 53800 53800 4303 1365 53800 0 0 0 0 0 0 0 0 0 
0 0 54438 54438 70424 74115 78743 78653 54438 54438 78743 54438 65817 54438 78743 78743 76778 78743 78743 78743 78743 78743 78743 78743 78743 78743 78743 78743 76553 69990 76553 76553 78743 78743 78599 78743 59846 59846 59846 53800 4303 53800 53800 2414 53800 53800 53800 2414 0 0 0 0 0 0 
0 0 0 0 54438 74115 60434 54438 54438 70424 54438 70424 76778 54438 60434 54438 54438 78743 60434 78743 78332 65817 78743 78743 60434 78743 78743 78743 78743 78743 78743 78743 76553 78743 69990 78599 73781 65298 78743 73781 59846 65298 65298 4303 53800 53800 53800 53800 53800 1773 0 0 0 0 
0 0 0 0 0 0 60434 54438 60434 54438 60434 60434 54438 54438 60434 60434 54438 60434 54438 60434 65817 60434 54438 60434 54438 54438 54438 78743 54438 70424 76778 78743 78743 78743 78743 78743 78743 78743 78743 78743 78743 76553 73781 69990 78743 78599 53800 53800 53800 53800 1773 1016 0 0 
0 0 0 0 0 0 0 0 0 54438 60434 60434 54438 60434 54438 54438 60434 54438 54438 60434 60434 54438 54438 54438 60434 54438 54438 60434 54438 54438 60434 54438 54438 76778 78653 60434 78332 54438 54438 54438 78743 78743 78743 78743 78743 78743 78743 78743 76553 78743 59846 7212 1773 0 
0 0 0 0 0 0 0 0 0 0 0 0 54438 54438 54438 54438 60434 54438 60434 54438 60434 54438 60434 60434 54438 60434 54438 60434 60434 54438 60434 54438 60434 54438 60434 54438 54438 54438 60434 54438 54438 54438 54438 60434 54438 60434 54438 54438 78743 78743 78743 78743 0 807 
0 0 0 0 0 0 0 0 0 0 0 0 0 0 0 0 0 54438 60434 60434 54438 60434 54438 60434 54438 54438 54438 54438 54438 54438 60434 54438 60434 60434 60434 54438 54438 54438 60434 54438 60434 60434 54438 54438 54438 21971 60434 54438 54438 28128 21971 21971 807 0 
0 0 0 0 0 0 0 0 0 0 0 0 0 0 0 0 0 0 0 0 0 0 0 0 60434 21971 60434 28128 54438 54438 54438 54438 60434 60434 54438 54438 54438 54438 54438 60434 60434 54438 34654 54438 28128 54438 21971 21971 41349 1365 990 0 0 0 
