test/output/constant/M470_S000_A000_WD090.0_WS050.0/M470_S000_A000_WD090.0_WS050.0_arrival.asc
ncols         34
nrows         7
xllcorner     423303.990666
yllcorner     12748455.311160
cellsize      100.000000
NODATA_value  0.000000
0.000000 0.000000 0.000000 0.000000 0.000000 0.000000 0.000000 0.000000 0.000000 0.000000 0.000000 0.000000 166.041528 166.041016 166.041016 166.040503 166.040503 166.041016 166.041528 0.000000 0.000000 0.000000 0.000000 0.000000 0.000000 0.000000 0.000000 0.000000 0.000000 0.000000 0.000000 0.000000 0.000000 0.000000 
0.000000 0.000000 0.000000 0.000000 166.041016 166.039990 166.038965 166.037939 166.036401 166.035376 166.034351 166.033325 166.032300 166.031274 166.030249 166.029224 166.028711 166.027685 166.026660 166.026147 166.025122 166.024609 166.024609 166.024609 166.025122 166.025635 166.026660 166.028711 166.031787 166.036401 0.000000 0.000000 0.000000 0.000000 
0.000000 166.041528 166.039990 166.038965 166.037427 166.036401 166.034863 166.033838 166.032300 166.031274 166.029736 166.028711 166.027173 166.026147 166.024609 166.023584 166.022559 166.021020 166.019995 166.018970 166.017432 166.016406 166.014868 166.013843 166.012817 166.011792 166.010767 166.009741 166.008716 166.008203 166.008716 166.009741 166.013843 166.035376 
166.041667 166.040503 166.039477 166.037939 166.036914 166.035376 166.034351 166.032812 166.031787 166.030249 166.029224 166.027685 166.026660 166.025122 166.024097 166.022559 166.021533 166.019995 166.018970 166.017432 166.016406 166.014868 166.013843 166.012305 166.011279 166.009741 166.008716 166.007178 166.006152 166.004614 166.003589 166.002051 166.001025 166.000000 
0.000000 166.041528 166.039990 166.038965 166.037427 166.036401 166.034863 166.033838 166.032300 166.031274 166.029736 166.028711 166.027173 166.026147 166.024609 166.023584 166.022559 166.021020 166.019995 166.018970 166.017432 166.016406 166.014868 166.013843 166.012817 166.011792 166.010767 166.009741 166.008716 166.008203 166.008716 166.009741 166.013843 166.035376 
0.000000 0.000000 0.000000 0.000000 166.041016 166.039990 166.038965 166.037939 166.036401 166.035376 166.034351 166.033325 166.032300 166.031274 166.030249 166.029224 166.028711 166.027685 166.026660 166.026147 166.025122 166.024609 166.024609 166.024609 166.025122 166.025635 166.026660 166.028711 166.031787 166.036401 0.000000 0.000000 0.000000 0.000000 
0.000000 0.000000 0.000000 0.000000 0.000000 0.000000 0.000000 0.000000 0.000000 0.000000 0.000000 0.000000 166.041528 166.041016 166.041016 166.040503 166.040503 166.041016 166.041528 0.000000 0.000000 0.000000 0.000000 0.000000 0.000000 0.000000 0.000000 0.000000 0.000000 0.000000 0.000000 0.000000 0.000000 0.000000 
