test/output/constant/M3M495_S060_A180_WD225.0_WS005.0/M3M495_S060_A180_WD225.0_WS005.0_ros.asc
ncols         56
nrows         12
xllcorner     426603.990666
yllcorner     12748455.311160
cellsize      100.000000
NODATA_value  0.000000
0.000000 0.000000 0.000000 0.000000 0.000000 0.000000 0.000000 0.000000 0.000000 0.000000 0.000000 0.000000 0.000000 0.000000 0.000000 0.000000 0.000000 0.000000 0.000000 0.000000 0.000000 0.000000 0.000000 0.000000 0.000000 0.000000 0.000000 0.000000 0.000000 0.000000 0.000000 63.503597 86.925652 63.503597 86.925652 92.589554 92.589554 92.589554 82.506950 92.589554 92.589554 86.925652 92.589554 92.589554 92.442856 0.000000 0.000000 0.000000 0.000000 0.000000 0.000000 0.000000 0.000000 0.000000 0.000000 0.000000 
0.000000 0.000000 0.000000 0.000000 0.000000 0.000000 0.000000 0.000000 0.000000 0.000000 0.000000 0.000000 0.000000 0.000000 0.000000 0.000000 0.000000 0.000000 0.000000 0.000000 0.000000 0.000000 82.506950 63.503597 86.925652 77.014458 63.503597 63.503597 77.014458 86.925652 92.589554 92.589554 92.589554 90.136223 70.615158 92.589554 86.925652 92.589554 92.589554 92.041031 92.589554 92.589554 92.589554 92.589554 82.506950 92.589554 92.442856 92.589554 92.589554 92.589554 92.041031 92.589554 0.000000 0.000000 0.000000 0.000000 
0.000000 0.000000 0.000000 0.000000 0.000000 0.000000 0.000000 0.000000 0.000000 0.000000 0.000000 0.000000 0.000000 0.000000 0.000000 55.896004 70.615158 63.503597 63.503597 63.503597 70.615158 63.503597 86.925652 86.925652 77.014458 90.136223 92.589554 92.589554 92.041031 77.014458 92.589554 86.925652 92.589554 92.589554 90.136223 92.589554 86.925652 92.589554 92.589554 82.506950 92.589554 92.589554 92.589554 92.589554 92.589554 92.589554 92.589554 77.014458 92.041031 92.589554 92.589554 92.589554 92.589554 92.589554 92.589554 0.000000 
0.000000 0.000000 0.000000 0.000000 0.000000 0.000000 0.000000 0.000000 0.000000 0.000000 70.615158 63.503597 63.503597 63.503597 63.503597 63.503597 86.925652 70.615158 63.503597 77.014458 77.014458 92.589554 92.589554 92.589554 86.925652 92.589554 86.925652 92.589554 92.589554 92.442856 92.589554 90.136223 92.589554 86.925652 92.589554 92.589554 92.589554 82.506950 92.589554 92.589554 92.589554 92.589554 86.925652 92.589554 90.136223 86.925652 92.589554 86.925652 92.041031 92.589554 92.589554 92.589554 92.589554 92.589554 92.589554 92.589554 
0.000000 0.000000 0.000000 0.000000 0.000000 0.000000 55.896004 55.896004 63.503597 63.503597 63.503597 70.615158 63.503597 63.503597 77.014458 82.506950 92.041031 92.589554 92.589554 90.136223 92.589554 86.925652 92.589554 92.589554 82.506950 92.589554 92.589554 86.925652 92.589554 92.442856 92.589554 92.589554 92.589554 92.589554 92.589554 92.589554 92.589554 92.589554 90.136223 92.589554 92.589554 92.589554 92.589554 92.589554 92.589554 92.589554 92.589554 92.589554 92.589554 92.589554 92.589554 92.589554 92.589554 92.041031 92.589554 92.589554 
0.000000 0.000000 0.000000 48.023712 63.503597 2.545903 55.896004 63.503597 70.615158 63.503597 82.506950 82.506950 92.589554 92.589554 92.442856 92.589554 82.506950 92.589554 92.589554 92.041031 92.589554 90.136223 92.589554 90.136223 92.589554 92.589554 92.589554 92.589554 92.589554 92.589554 92.589554 92.589554 92.589554 92.589554 92.589554 92.589554 92.589554 92.589554 92.442856 92.589554 92.589554 92.589554 92.589554 92.589554 92.589554 82.817345 92.589554 92.589554 92.589554 92.589554 87.164192 92.589554 82.817345 92.589554 77.386810 92.589554 
0.000000 1.284113 1.284113 70.615158 70.615158 63.503597 77.014458 92.442856 92.589554 92.442856 92.589554 92.041031 92.589554 92.589554 92.589554 92.589554 92.589554 92.589554 92.589554 92.589554 92.589554 92.589554 92.589554 92.442856 92.589554 92.589554 92.589554 92.589554 92.589554 92.589554 92.589554 92.589554 92.589554 92.589554 92.589554 87.164192 92.589554 82.817345 92.589554 77.386810 92.589554 92.589554 92.589554 92.589554 77.386810 92.589554 92.589554 77.386810 92.589554 92.589554 87.164192 77.386810 92.589554 92.589554 0.000000 0.000000 
1.284113 63.503597 90.136223 92.589554 82.506950 92.589554 92.589554 92.589554 92.442856 92.589554 92.589554 92.589554 92.589554 92.589554 92.589554 92.589554 77.386810 92.589554 92.589554 92.589554 92.589554 92.589554 82.817345 92.589554 82.817345 92.589554 92.589554 92.589554 92.589554 92.589554 92.589554 92.480293 92.589554 92.589554 77.386810 92.589554 90.295341 87.164192 77.386810 87.164192 77.386810 77.386810 77.386810 82.817345 82.817345 82.817345 82.817345 92.589554 77.386810 87.164192 87.164192 87.164192 0.000000 0.000000 0.000000 0.000000 
-1.000000 92.589554 92.589554 92.589554 92.589554 90.295341 92.589554 92.589554 92.589554 92.589554 92.589554 77.386810 82.817345 77.386810 90.295341 82.817345 82.817345 92.589554 92.589554 87.164192 87.164192 77.386810 87.164192 87.164192 87.164192 87.164192 87.164192 90.295341 82.817345 82.817345 87.164192 92.480293 87.164192 87.164192 77.386810 90.295341 82.817345 82.817345 82.817345 77.386810 77.386810 77.386810 77.386810 77.386810 77.386810 82.817345 82.817345 77.386810 77.386810 0.000000 0.000000 0.000000 0.000000 0.000000 0.000000 0.000000 
0.704467 0.704467 32.893394 25.617630 77.386810 40.602325 82.817345 82.817345 82.817345 77.386810 77.386810 82.817345 92.589554 87.164192 87.164192 92.589554 87.164192 90.295341 87.164192 87.164192 92.589554 90.295341 87.164192 90.295341 87.164192 92.115685 77.386810 77.386810 77.386810 87.164192 82.817345 82.817345 77.386810 77.386810 87.164192 77.386810 82.817345 77.386810 77.386810 77.386810 77.386810 77.386810 77.386810 77.386810 77.386810 0.000000 0.000000 0.000000 0.000000 0.000000 0.000000 0.000000 0.000000 0.000000 0.000000 0.000000 
0.000000 0.000000 0.891837 0.891837 63.962494 32.893394 32.893394 48.510132 32.893394 40.602325 40.602325 71.037567 82.817345 82.817345 77.386810 25.617630 71.037567 77.386810 82.817345 82.817345 82.817345 77.386810 71.037567 87.164192 77.386810 92.589554 71.037567 77.386810 77.386810 82.817345 92.589554 87.164192 92.589554 87.164192 92.589554 77.386810 77.386810 71.037567 77.386810 77.386810 0.000000 0.000000 0.000000 0.000000 0.000000 0.000000 0.000000 0.000000 0.000000 0.000000 0.000000 0.000000 0.000000 0.000000 0.000000 0.000000 
0.000000 0.000000 0.000000 0.000000 0.000000 0.000000 0.000000 0.000000 48.510132 48.510132 48.510132 40.602325 48.510132 56.376526 48.510132 56.376526 56.376526 40.602325 40.602325 71.037567 77.386810 71.037567 40.602325 32.893394 77.386810 82.817345 87.164192 77.386810 71.037567 77.386810 77.386810 0.000000 0.000000 0.000000 0.000000 0.000000 0.000000 0.000000 0.000000 0.000000 0.000000 0.000000 0.000000 0.000000 0.000000 0.000000 0.000000 0.000000 0.000000 0.000000 0.000000 0.000000 0.000000 0.000000 0.000000 0.000000 
