test/output/constant/M3M400_S060_A090_WD135.0_WS005.0/M3M400_S060_A090_WD135.0_WS005.0_raz.asc
ncols         13
nrows         55
xllcorner     425703.990666
yllcorner     12743455.311160
cellsize      100.000000
NODATA_value  0.000000
0 0 0 0 0 0 0 0 0 275 0 0 0 
0 0 0 0 0 0 0 297 275 254 72 0 0 
0 0 0 0 0 0 0 5 251 185 175 72 0 
0 0 0 0 0 0 262 262 188 185 168 72 0 
0 0 0 0 0 0 251 193 185 185 168 171 0 
0 0 0 0 0 0 297 193 185 185 168 168 0 
0 0 0 0 0 5 234 234 185 175 173 175 173 
0 0 0 0 0 193 193 185 185 185 177 173 171 
0 0 0 0 0 193 234 188 185 177 173 168 177 
0 0 0 0 193 192 193 185 185 171 178 173 165 
0 0 0 0 297 297 193 185 185 182 178 165 168 
0 0 0 0 193 193 185 193 185 179 179 171 175 
0 0 0 193 192 193 185 188 185 179 179 171 168 
0 0 0 193 193 262 189 185 185 179 178 175 168 
0 0 0 193 192 193 185 185 185 179 178 168 173 
0 0 0 193 251 185 185 185 178 179 179 171 173 
0 0 0 234 192 185 185 185 178 179 179 175 168 
0 0 193 193 193 185 185 185 181 178 179 173 173 
0 0 193 192 234 188 189 185 178 179 179 171 173 
0 0 193 193 187 185 185 185 185 179 179 178 168 
0 0 192 193 189 185 189 185 182 179 179 178 173 
0 0 234 193 185 187 185 185 179 175 179 171 171 
0 0 193 193 185 185 187 185 177 173 179 178 173 
0 0 234 185 192 185 185 183 181 175 179 173 173 
0 193 222 185 186 185 185 185 178 175 179 177 171 
0 193 193 187 185 185 185 177 179 171 179 178 168 
0 193 251 185 188 185 185 181 175 177 181 179 171 
0 193 185 185 189 185 185 185 178 177 179 179 173 
0 193 185 190 187 185 185 184 178 177 179 178 171 
0 234 185 186 187 185 185 179 178 177 179 168 168 
0 192 186 185 187 185 185 185 179 178 179 171 173 
0 189 185 190 185 185 185 179 178 178 179 173 173 
0 192 185 186 189 185 185 178 173 178 179 173 178 
0 185 185 185 185 185 185 185 168 178 179 173 175 
192 185 187 189 185 185 185 178 182 178 179 173 0 
185 187 185 185 189 185 178 184 178 179 179 173 0 
187 185 189 188 185 185 185 178 179 179 179 175 0 
189 185 185 185 185 185 185 178 181 179 168 171 0 
185 185 186 190 185 185 178 165 179 179 171 177 0 
190 188 185 185 185 185 178 182 179 179 171 177 0 
0 185 192 185 185 185 179 177 179 179 173 0 0 
0 189 185 185 185 185 185 179 179 178 165 0 0 
0 185 192 185 187 185 177 178 179 178 171 0 0 
0 185 185 185 185 185 185 173 179 178 175 0 0 
0 189 185 185 185 178 179 173 179 178 179 0 0 
0 185 187 185 188 185 179 178 178 179 0 0 0 
0 185 185 185 185 178 185 179 179 179 0 0 0 
0 185 185 185 185 185 181 179 181 178 0 0 0 
0 185 186 185 185 179 173 179 179 0 0 0 0 
0 185 185 185 185 185 178 173 179 0 0 0 0 
0 189 187 185 185 179 178 179 175 0 0 0 0 
0 0 186 185 185 185 181 178 0 0 0 0 0 
0 0 185 190 185 185 182 178 0 0 0 0 0 
0 0 185 185 185 185 178 0 0 0 0 0 0 
0 0 0 188 185 179 0 0 0 0 0 0 0 
