test/output/constant/M3M400_S060_A090_WD135.0_WS005.0/M3M400_S060_A090_WD135.0_WS005.0_ros.asc
ncols         13
nrows         55
xllcorner     425703.990666
yllcorner     12743455.311160
cellsize      100.000000
NODATA_value  0.000000
0.000000 0.000000 0.000000 0.000000 0.000000 0.000000 0.000000 0.000000 0.000000 1.856424 0.000000 0.000000 0.000000 
0.000000 0.000000 0.000000 0.000000 0.000000 0.000000 0.000000 1.428064 1.856424 0.000000 1.402116 0.000000 0.000000 
0.000000 0.000000 0.000000 0.000000 0.000000 0.000000 0.000000 1.174695 3.047624 89.384010 54.382401 1.402116 0.000000 
0.000000 0.000000 0.000000 0.000000 0.000000 0.000000 2.327386 2.327386 83.713463 89.384010 31.921850 1.402116 0.000000 
0.000000 0.000000 0.000000 0.000000 0.000000 0.000000 3.047624 61.075283 89.384010 89.384010 31.921850 39.284569 0.000000 
0.000000 0.000000 0.000000 0.000000 0.000000 0.000000 1.428064 61.075283 89.384010 89.384010 31.921850 31.921850 0.000000 
0.000000 0.000000 0.000000 0.000000 0.000000 1.174695 5.186055 5.186055 89.384010 54.382401 46.847988 54.382401 46.847988 
0.000000 0.000000 0.000000 0.000000 0.000000 61.075283 61.075283 89.384010 89.384010 89.384010 61.658970 46.847988 39.284569 
0.000000 0.000000 0.000000 0.000000 0.000000 61.075283 5.186055 83.713463 89.384010 61.658970 46.847988 31.921850 61.658970 
0.000000 0.000000 0.000000 0.000000 61.075283 67.917824 61.075283 89.384010 89.384010 39.284569 68.456696 46.847988 24.983395 
0.000000 0.000000 0.000000 0.000000 1.428064 1.428064 61.075283 89.384010 89.384010 84.021904 68.456696 24.983395 31.921850 
0.000000 0.000000 0.000000 0.000000 61.075283 61.075283 89.384010 61.075283 89.384010 74.569107 74.569107 39.284569 54.382401 
0.000000 0.000000 0.000000 61.075283 67.917824 61.075283 89.384010 83.713463 89.384010 74.569107 74.569107 39.284569 31.921850 
0.000000 0.000000 0.000000 61.075283 61.075283 2.327386 79.411667 89.384010 89.384010 74.569107 68.456696 54.382401 31.921850 
0.000000 0.000000 0.000000 61.075283 67.917824 61.075283 89.384010 89.384010 89.384010 74.569107 68.456696 31.921850 46.847988 
0.000000 0.000000 0.000000 61.075283 3.047624 89.384010 89.384010 89.384010 68.456696 74.569107 74.569107 39.284569 46.847988 
0.000000 0.000000 0.000000 5.186055 67.917824 89.384010 89.384010 89.384010 68.456696 74.569107 74.569107 54.382401 31.921850 
0.000000 0.000000 61.075283 61.075283 61.075283 89.384010 89.384010 89.384010 79.810570 68.456696 74.569107 46.847988 46.847988 
0.000000 0.000000 61.075283 67.917824 5.186055 83.713463 79.411667 89.384010 68.456696 74.569107 74.569107 39.284569 46.847988 
0.000000 0.000000 61.075283 61.075283 86.867111 89.384010 89.384010 89.384010 89.384010 74.569107 74.569107 68.456696 31.921850 
0.000000 0.000000 67.917824 61.075283 79.411667 89.384010 79.411667 89.384010 84.021904 74.569107 74.569107 68.456696 46.847988 
0.000000 0.000000 5.186055 61.075283 89.384010 86.867111 89.384010 89.384010 74.569107 54.382401 74.569107 39.284569 39.284569 
0.000000 0.000000 61.075283 61.075283 89.384010 89.384010 86.867111 89.384010 61.658970 46.847988 74.569107 68.456696 46.847988 
0.000000 0.000000 5.186055 89.384010 67.917824 89.384010 89.384010 87.075218 79.810570 54.382401 74.569107 46.847988 46.847988 
0.000000 61.075283 8.464705 89.219231 88.776695 89.384010 89.384010 89.384010 68.456696 54.382401 74.569107 61.658970 39.284569 
0.000000 61.075283 61.075283 86.867111 89.384010 89.384010 89.384010 61.658970 74.569107 39.284569 74.569107 68.456696 31.921850 
0.000000 61.075283 3.047624 89.384010 83.713463 89.384010 89.384010 79.810570 54.382401 61.658970 79.810570 74.569107 39.284569 
0.000000 61.075283 89.384010 89.384010 79.411667 89.384010 89.384010 89.384010 68.456696 61.658970 74.569107 74.569107 46.847988 
0.000000 61.075283 89.384010 74.092545 86.867111 89.384010 89.384010 88.877823 68.456696 61.658970 74.569107 68.456696 39.284569 
0.000000 5.186055 89.384010 88.776695 86.867111 89.384010 89.384010 74.569107 68.456696 61.658970 74.569107 31.921850 31.921850 
0.000000 67.917824 88.776695 89.384010 86.867111 89.384010 89.384010 89.384010 74.569107 68.456696 74.569107 39.284569 46.847988 
0.000000 79.411667 89.384010 74.092545 89.384010 89.384010 89.384010 74.569107 68.456696 68.456696 74.569107 46.847988 46.847988 
0.000000 67.917824 89.384010 88.776695 79.411667 89.384010 89.384010 68.456696 46.847988 68.456696 74.569107 46.847988 68.456696 
0.000000 89.384010 89.384010 89.384010 89.384010 89.384010 89.384010 89.384010 31.921850 68.456696 74.569107 46.847988 54.382401 
67.917824 89.384010 86.867111 79.411667 89.384010 89.384010 89.384010 68.456696 84.021904 68.456696 74.569107 46.847988 0.000000 
89.384010 86.867111 89.384010 89.384010 79.411667 89.384010 68.456696 88.877823 68.456696 74.569107 74.569107 46.847988 0.000000 
86.867111 89.384010 79.411667 83.713463 89.384010 89.384010 89.384010 68.456696 74.569107 74.569107 74.569107 54.382401 0.000000 
79.411667 89.219231 89.219231 89.219231 89.384010 89.384010 89.384010 68.456696 79.810570 74.569107 31.921850 39.284569 0.000000 
89.384010 89.384010 88.776695 74.092545 89.384010 89.384010 68.456696 24.983395 74.569107 74.569107 39.284569 61.658970 0.000000 
74.092545 83.713463 89.384010 89.219231 89.384010 89.384010 68.456696 84.021904 74.569107 74.569107 39.284569 61.658970 0.000000 
0.000000 89.384010 67.917824 89.384010 89.384010 89.384010 74.569107 61.658970 74.569107 74.569107 46.847988 0.000000 0.000000 
0.000000 79.411667 89.384010 89.384010 89.384010 89.384010 89.384010 74.569107 74.569107 68.456696 24.983395 0.000000 0.000000 
0.000000 89.219231 67.917824 89.384010 86.867111 89.384010 61.658970 68.456696 74.569107 68.456696 39.284569 0.000000 0.000000 
0.000000 89.384010 89.384010 89.384010 89.384010 89.384010 89.384010 46.847988 74.569107 68.456696 54.382401 0.000000 0.000000 
0.000000 79.411667 89.384010 89.384010 89.384010 68.456696 74.569107 46.847988 74.569107 68.456696 74.569107 0.000000 0.000000 
0.000000 89.384010 86.867111 89.384010 83.713463 89.384010 74.569107 68.456696 68.456696 74.569107 0.000000 0.000000 0.000000 
0.000000 89.384010 89.384010 89.384010 89.384010 68.456696 89.384010 74.569107 74.569107 74.569107 0.000000 0.000000 0.000000 
0.000000 89.384010 89.384010 89.384010 89.384010 89.384010 79.810570 74.569107 79.810570 68.456696 0.000000 0.000000 0.000000 
0.000000 89.384010 88.776695 89.384010 89.384010 74.569107 46.847988 74.569107 74.569107 0.000000 0.000000 0.000000 0.000000 
0.000000 89.384010 89.384010 89.384010 89.384010 89.384010 68.456696 46.847988 74.569107 0.000000 0.000000 0.000000 0.000000 
0.000000 79.411667 86.867111 89.384010 89.384010 74.569107 68.456696 74.569107 54.382401 0.000000 0.000000 0.000000 0.000000 
0.000000 0.000000 88.776695 89.384010 89.384010 89.384010 79.810570 68.456696 0.000000 0.000000 0.000000 0.000000 0.000000 
0.000000 0.000000 89.384010 74.092545 89.384010 89.384010 84.021904 68.456696 0.000000 0.000000 0.000000 0.000000 0.000000 
0.000000 0.000000 89.384010 89.384010 89.384010 89.384010 68.456696 0.000000 0.000000 0.000000 0.000000 0.000000 0.000000 
0.000000 0.000000 0.000000 83.713463 89.384010 74.569107 0.000000 0.000000 0.000000 0.000000 0.000000 0.000000 0.000000 
