test/output/constant/M485_S060_A090_WD270.0_WS015.0/M485_S060_A090_WD270.0_WS015.0_arrival.asc
ncols         12
nrows         24
xllcorner     426603.990666
yllcorner     12746455.311160
cellsize      100.000000
NODATA_value  0.000000
166.000000 166.005095 166.040120 0.000000 0.000000 0.000000 0.000000 0.000000 0.000000 0.000000 0.000000 0.000000 
166.001274 166.001910 166.012737 0.000000 0.000000 0.000000 0.000000 0.000000 0.000000 0.000000 0.000000 0.000000 
166.003821 166.003184 166.005731 166.021015 0.000000 0.000000 0.000000 0.000000 0.000000 0.000000 0.000000 0.000000 
166.009552 166.005095 166.005731 166.011463 166.029294 0.000000 0.000000 0.000000 0.000000 0.000000 0.000000 0.000000 
166.016558 166.007005 166.007005 166.009552 166.018468 166.036936 0.000000 0.000000 0.000000 0.000000 0.000000 0.000000 
166.023563 166.010189 166.008279 166.009552 166.014647 166.026110 0.000000 0.000000 0.000000 0.000000 0.000000 0.000000 
166.031205 166.015284 166.010189 166.010189 166.013373 166.019742 166.033115 0.000000 0.000000 0.000000 0.000000 0.000000 
166.038210 166.021015 166.013373 166.012100 166.013373 166.017194 166.026110 166.041394 0.000000 0.000000 0.000000 0.000000 
0.000000 166.027384 166.017194 166.014010 166.014010 166.016558 166.022926 166.033115 0.000000 0.000000 0.000000 0.000000 
0.000000 166.034389 166.021652 166.016558 166.015921 166.016558 166.021015 166.028657 166.040120 0.000000 0.000000 0.000000 
0.000000 166.041394 166.027384 166.019742 166.017831 166.017831 166.020378 166.025473 166.034389 0.000000 0.000000 0.000000 
0.000000 0.000000 166.033115 166.023563 166.019742 166.019742 166.020378 166.024199 166.031205 166.040757 0.000000 0.000000 
0.000000 0.000000 166.038846 166.028657 166.022926 166.021015 166.021652 166.024199 166.028657 166.036936 0.000000 0.000000 
0.000000 0.000000 0.000000 166.033752 166.026747 166.022926 166.022926 166.024199 166.028020 166.033752 0.000000 0.000000 
0.000000 0.000000 0.000000 166.038846 166.030568 166.026110 166.024836 166.024836 166.028020 166.032478 166.039483 0.000000 
0.000000 0.000000 0.000000 0.000000 166.035025 166.029294 166.026747 166.026747 166.028020 166.031841 166.036936 0.000000 
0.000000 0.000000 0.000000 0.000000 166.040120 166.033115 166.029294 166.028657 166.028657 166.031205 166.035662 0.000000 
0.000000 0.000000 0.000000 0.000000 0.000000 166.037573 166.032478 166.030568 166.030568 166.031205 166.035025 166.040120 
0.000000 0.000000 0.000000 0.000000 0.000000 166.041667 166.036299 166.033115 166.032478 166.032478 166.035025 166.039483 
0.000000 0.000000 0.000000 0.000000 0.000000 0.000000 166.040120 166.035662 166.033752 166.034389 166.035025 166.038846 
0.000000 0.000000 0.000000 0.000000 0.000000 0.000000 0.000000 166.038846 166.036299 166.035662 166.036299 166.038846 
0.000000 0.000000 0.000000 0.000000 0.000000 0.000000 0.000000 0.000000 166.038846 166.037573 166.037573 166.038846 
0.000000 0.000000 0.000000 0.000000 0.000000 0.000000 0.000000 0.000000 0.000000 166.040120 166.039483 166.040120 
0.000000 0.000000 0.000000 0.000000 0.000000 0.000000 0.000000 0.000000 0.000000 0.000000 166.041394 166.041394 
