test/output/constant/M380_S060_A180_WD090.0_WS015.0/M380_S060_A180_WD090.0_WS015.0_arrival.asc
ncols         28
nrows         9
xllcorner     426503.990666
yllcorner     12748355.311160
cellsize      100.000000
NODATA_value  0.000000
0.000000 0.000000 0.000000 0.000000 0.000000 0.000000 166.041054 166.037847 166.035922 166.035281 166.034639 166.033998 166.033998 166.033998 166.034639 166.035281 166.035922 166.036564 166.037847 166.038488 166.039771 166.041054 0.000000 0.000000 0.000000 0.000000 0.000000 0.000000 
0.000000 0.000000 0.000000 166.035922 166.030791 166.027583 166.025659 166.025017 166.024376 166.024376 166.024376 166.025017 166.025659 166.026942 166.027583 166.028866 166.030149 166.031432 166.032715 166.033998 166.035281 166.036564 166.037847 166.039130 166.040413 0.000000 0.000000 0.000000 
0.000000 166.030149 166.021810 166.017320 166.015395 166.014754 166.014754 166.014754 166.016037 166.016678 166.017961 166.019244 166.020527 166.021810 166.023093 166.024376 166.025659 166.027583 166.028866 166.030149 166.032073 166.033356 166.035281 166.036564 166.037847 166.039771 166.041054 0.000000 
166.021810 166.008339 166.005132 166.005132 166.005773 166.007056 166.008339 166.009622 166.011546 166.012829 166.014754 166.016037 166.017961 166.019244 166.020527 166.022451 166.023734 166.025659 166.026942 166.028866 166.030149 166.032073 166.033356 166.035281 166.036564 166.038488 166.039771 166.041667 
166.014112 166.000000 166.001283 166.002566 166.004490 166.005773 166.007698 166.008981 166.010905 166.012188 166.014112 166.015395 166.017320 166.018603 166.020527 166.021810 166.023734 166.025017 166.026942 166.028225 166.030149 166.031432 166.033356 166.034639 166.036564 166.037847 166.039771 166.041054 
166.021810 166.008339 166.005132 166.005132 166.005773 166.007056 166.008339 166.009622 166.011546 166.012829 166.014754 166.016037 166.017961 166.019244 166.020527 166.022451 166.023734 166.025659 166.026942 166.028866 166.030149 166.032073 166.033356 166.035281 166.036564 166.038488 166.039771 166.041667 
0.000000 166.030149 166.021810 166.017320 166.015395 166.014754 166.014754 166.014754 166.016037 166.016678 166.017961 166.019244 166.020527 166.021810 166.023093 166.024376 166.025659 166.027583 166.028866 166.030149 166.032073 166.033356 166.035281 166.036564 166.037847 166.039771 166.041054 0.000000 
0.000000 0.000000 0.000000 166.035922 166.030791 166.027583 166.025659 166.025017 166.024376 166.024376 166.024376 166.025017 166.025659 166.026942 166.027583 166.028866 166.030149 166.031432 166.032715 166.033998 166.035281 166.036564 166.037847 166.039130 166.040413 0.000000 0.000000 0.000000 
0.000000 0.000000 0.000000 0.000000 0.000000 0.000000 166.041054 166.037847 166.035922 166.035281 166.034639 166.033998 166.033998 166.033998 166.034639 166.035281 166.035922 166.036564 166.037847 166.038488 166.039771 166.041054 0.000000 0.000000 0.000000 0.000000 0.000000 0.000000 
