test/output/constant/M395_S000_A180_WD180.0_WS030.0/M395_S000_A180_WD180.0_WS030.0_raz.asc
ncols         11
nrows         42
xllcorner     426103.990666
yllcorner     12748655.311160
cellsize      100.000000
NODATA_value  0.000000
0 0 0 0 360 360 1 0 0 0 0 
0 0 0 360 360 0 1 1 0 0 0 
0 0 0 360 360 360 1 1 0 0 0 
0 0 360 360 360 0 1 3 7 0 0 
0 0 360 360 360 360 1 4 0 0 0 
0 0 360 360 360 4 1 1 1 0 0 
0 360 360 360 360 360 1 4 1 7 0 
0 360 360 360 360 4 1 1 1 9 0 
0 360 360 360 360 360 3 3 1 9 0 
0 360 360 360 360 0 3 1 3 13 0 
0 360 360 360 360 360 3 3 3 3 0 
353 360 353 360 360 0 3 6 6 3 6 
360 355 360 360 360 360 3 3 0 4 3 
360 360 360 360 360 4 3 1 7 1 9 
350 360 360 360 360 360 3 0 3 4 9 
358 360 360 360 360 3 3 6 4 6 7 
360 360 355 352 360 360 3 7 4 13 3 
352 355 352 360 360 3 3 1 7 4 7 
350 350 360 360 360 360 6 6 1 9 9 
356 360 353 360 360 1 6 1 6 4 6 
358 353 360 360 360 360 11 3 1 6 3 
358 360 360 360 360 360 0 4 3 6 1 
356 360 360 352 360 360 0 7 7 4 3 
353 358 360 360 360 360 4 0 3 3 7 
352 344 353 360 360 360 0 7 6 15 13 
346 352 360 360 360 360 11 1 3 7 13 
350 350 355 360 360 360 4 1 4 9 9 
350 346 359 360 360 360 4 3 4 13 9 
346 346 353 360 360 360 1 4 6 13 13 
348 296 355 360 360 360 1 11 4 9 11 
348 350 353 360 360 360 3 3 7 9 11 
0 274 346 360 360 360 0 0 13 6 0 
0 346 348 355 360 360 7 11 7 13 0 
0 296 310 358 353 360 6 1 13 11 0 
0 270 346 355 360 360 0 4 13 11 0 
0 270 296 350 360 360 9 9 11 11 0 
0 0 270 296 360 360 13 9 9 0 0 
0 0 270 279 352 360 7 11 13 0 0 
0 0 270 270 346 360 13 11 90 0 0 
0 0 0 270 350 360 9 90 0 0 0 
0 0 0 270 270 65535 90 90 0 0 0 
0 0 0 0 205 108 154 0 0 0 0 
