test/output/constant/M390_S060_A090_WD315.0_WS015.0/M390_S060_A090_WD315.0_WS015.0_ros.asc
ncols         15
nrows         58
xllcorner     426503.990666
yllcorner     12743055.311160
cellsize      100.000000
NODATA_value  0.000000
0.530345 0.000000 0.556388 0.000000 0.000000 0.000000 0.000000 0.000000 0.000000 0.000000 0.000000 0.000000 0.000000 0.000000 0.000000 
14.029928 98.092865 67.273125 1.015479 0.000000 0.000000 0.000000 0.000000 0.000000 0.000000 0.000000 0.000000 0.000000 0.000000 0.000000 
20.274269 98.092865 97.538567 2.491346 0.000000 0.000000 0.000000 0.000000 0.000000 0.000000 0.000000 0.000000 0.000000 0.000000 0.000000 
14.029928 98.092865 98.092865 67.273125 59.176472 0.000000 0.000000 0.000000 0.000000 0.000000 0.000000 0.000000 0.000000 0.000000 0.000000 
14.029928 98.092865 98.092865 67.273125 59.176472 0.000000 0.000000 0.000000 0.000000 0.000000 0.000000 0.000000 0.000000 0.000000 0.000000 
51.902084 75.790421 98.092865 98.092865 67.273125 59.176472 0.000000 0.000000 0.000000 0.000000 0.000000 0.000000 0.000000 0.000000 0.000000 
43.466923 88.161110 98.092865 98.092865 67.273125 67.273125 0.000000 0.000000 0.000000 0.000000 0.000000 0.000000 0.000000 0.000000 0.000000 
14.029928 82.474121 98.092865 98.092865 74.836266 67.273125 4.888950 0.000000 0.000000 0.000000 0.000000 0.000000 0.000000 0.000000 0.000000 
43.466923 75.790421 98.092865 92.147346 97.934265 67.273125 67.273125 0.000000 0.000000 0.000000 0.000000 0.000000 0.000000 0.000000 0.000000 
43.466923 60.268757 98.092865 98.092865 98.092865 74.836266 67.273125 0.000000 0.000000 0.000000 0.000000 0.000000 0.000000 0.000000 0.000000 
43.466923 82.474121 88.161110 98.092865 98.092865 67.273125 67.273125 59.176472 0.000000 0.000000 0.000000 0.000000 0.000000 0.000000 0.000000 
43.466923 75.790421 98.092865 98.092865 98.092865 95.539467 67.273125 67.273125 0.000000 0.000000 0.000000 0.000000 0.000000 0.000000 0.000000 
51.902084 43.466923 75.790421 98.092865 98.092865 95.539467 74.836266 67.273125 0.000000 0.000000 0.000000 0.000000 0.000000 0.000000 0.000000 
43.466923 43.466923 88.161110 98.092865 98.092865 98.092865 98.092865 67.273125 67.273125 0.000000 0.000000 0.000000 0.000000 0.000000 0.000000 
14.029928 27.409464 75.790421 92.678703 98.092865 97.934265 98.092865 67.273125 74.836266 0.000000 0.000000 0.000000 0.000000 0.000000 0.000000 
43.466923 43.466923 88.161110 98.092865 98.092865 98.092865 98.092865 74.836266 67.273125 0.000000 0.000000 0.000000 0.000000 0.000000 0.000000 
0.000000 51.902084 14.029928 98.092865 98.092865 97.538567 92.147346 98.092865 67.273125 67.273125 0.000000 0.000000 0.000000 0.000000 0.000000 
0.000000 43.466923 68.312950 92.678703 98.092865 98.092865 98.092865 98.092865 74.836266 74.836266 0.000000 0.000000 0.000000 0.000000 0.000000 
0.000000 43.466923 82.474121 98.092865 98.092865 98.092865 95.539467 98.092865 67.273125 67.273125 0.000000 0.000000 0.000000 0.000000 0.000000 
0.000000 27.409464 75.790421 82.474121 98.092865 98.092865 98.092865 74.836266 98.092865 67.273125 0.000000 0.000000 0.000000 0.000000 0.000000 
0.000000 43.466923 75.790421 88.161110 98.092865 98.092865 98.092865 98.092865 95.539467 67.273125 67.273125 0.000000 0.000000 0.000000 0.000000 
0.000000 14.029928 68.312950 92.678703 98.092865 98.092865 98.092865 95.539467 98.092865 67.273125 67.273125 0.000000 0.000000 0.000000 0.000000 
0.000000 43.466923 27.409464 82.474121 95.889748 98.092865 98.092865 97.538567 74.836266 98.092865 67.273125 0.000000 0.000000 0.000000 0.000000 
0.000000 43.466923 14.029928 88.161110 98.092865 98.092865 98.092865 98.092865 97.538567 67.273125 67.273125 0.000000 0.000000 0.000000 0.000000 
0.000000 35.219299 68.312950 75.790421 92.678703 98.092865 98.013573 98.092865 98.092865 98.092865 67.273125 67.273125 0.000000 0.000000 0.000000 
0.000000 43.466923 88.161110 92.678703 98.092865 98.092865 98.092865 98.092865 74.836266 92.147346 95.539467 67.273125 0.000000 0.000000 0.000000 
0.000000 0.000000 75.790421 20.274269 88.161110 98.092865 98.092865 98.092865 97.934265 98.092865 67.273125 67.273125 0.000000 0.000000 0.000000 
0.000000 0.000000 68.312950 68.312950 98.092865 98.092865 98.092865 98.092865 98.092865 97.538567 98.092865 67.273125 0.000000 0.000000 0.000000 
0.000000 0.000000 35.219299 82.474121 95.889748 98.092865 98.092865 98.092865 97.538567 98.092865 92.147346 67.273125 67.273125 0.000000 0.000000 
0.000000 0.000000 68.312950 20.274269 68.312950 95.889748 98.092865 98.092865 98.092865 97.538567 74.836266 67.273125 67.273125 0.000000 0.000000 
0.000000 0.000000 82.474121 75.790421 88.161110 27.409464 98.092865 98.092865 98.092865 98.092865 98.092865 95.539467 74.836266 0.000000 0.000000 
0.000000 0.000000 0.000000 75.790421 60.268757 92.678703 98.092865 98.092865 97.934265 92.147346 98.092865 97.934265 67.273125 0.000000 0.000000 
0.000000 0.000000 0.000000 68.312950 82.474121 98.092865 95.889748 98.092865 98.092865 98.092865 95.539467 95.539467 98.092865 0.000000 0.000000 
0.000000 0.000000 0.000000 68.312950 88.161110 88.161110 98.092865 98.092865 98.092865 98.092865 97.538567 95.539467 95.539467 74.836266 0.000000 
0.000000 0.000000 0.000000 14.029928 27.409464 98.092865 98.092865 92.678703 98.092865 92.147346 98.092865 98.092865 97.934265 98.092865 0.000000 
0.000000 0.000000 0.000000 0.000000 88.161110 82.474121 20.274269 98.092865 98.092865 98.092865 98.092865 98.092865 95.539467 97.538567 0.000000 
0.000000 0.000000 0.000000 0.000000 20.274269 98.092865 98.092865 98.092865 98.092865 98.092865 98.092865 98.092865 98.092865 87.465378 0.000000 
0.000000 0.000000 0.000000 0.000000 82.474121 75.790421 27.409464 98.092865 98.092865 98.092865 98.092865 97.538567 97.934265 87.465378 0.000000 
0.000000 0.000000 0.000000 0.000000 88.161110 20.274269 92.678703 98.092865 98.092865 98.092865 98.092865 98.092865 97.934265 67.273125 0.000000 
0.000000 0.000000 0.000000 0.000000 0.000000 68.312950 98.092865 98.092865 98.092865 95.539467 98.092865 98.092865 98.092865 98.092865 67.273125 
0.000000 0.000000 0.000000 0.000000 0.000000 82.474121 88.161110 98.092865 98.092865 98.092865 98.092865 98.092865 97.538567 74.836266 92.147346 
0.000000 0.000000 0.000000 0.000000 0.000000 82.474121 98.092865 98.092865 92.678703 98.092865 98.092865 98.092865 98.092865 97.934265 67.273125 
0.000000 0.000000 0.000000 0.000000 0.000000 82.474121 82.474121 27.409464 98.092865 98.092865 95.539467 98.092865 98.092865 98.092865 67.273125 
0.000000 0.000000 0.000000 0.000000 0.000000 0.000000 88.161110 98.092865 98.013573 98.092865 98.092865 98.092865 98.092865 95.539467 92.147346 
0.000000 0.000000 0.000000 0.000000 0.000000 0.000000 35.219299 88.161110 98.092865 98.092865 98.092865 98.092865 98.092865 92.147346 98.092865 
0.000000 0.000000 0.000000 0.000000 0.000000 0.000000 88.161110 95.889748 98.092865 98.092865 98.092865 98.092865 98.092865 98.092865 95.539467 
0.000000 0.000000 0.000000 0.000000 0.000000 0.000000 0.000000 14.029928 98.092865 98.092865 98.092865 98.092865 98.092865 87.465378 98.092865 
0.000000 0.000000 0.000000 0.000000 0.000000 0.000000 0.000000 95.889748 88.161110 68.312950 98.092865 98.092865 97.538567 97.934265 81.635933 
0.000000 0.000000 0.000000 0.000000 0.000000 0.000000 0.000000 98.092865 95.889748 98.092865 98.092865 98.092865 98.092865 98.092865 92.147346 
0.000000 0.000000 0.000000 0.000000 0.000000 0.000000 0.000000 0.000000 92.678703 98.092865 98.092865 98.092865 98.092865 98.092865 98.092865 
0.000000 0.000000 0.000000 0.000000 0.000000 0.000000 0.000000 0.000000 98.092865 98.092865 98.092865 98.092865 98.092865 98.092865 97.934265 
0.000000 0.000000 0.000000 0.000000 0.000000 0.000000 0.000000 0.000000 88.161110 75.790421 98.092865 98.092865 98.092865 87.465378 95.539467 
0.000000 0.000000 0.000000 0.000000 0.000000 0.000000 0.000000 0.000000 0.000000 98.092865 98.092865 98.092865 97.934265 97.934265 98.092865 
0.000000 0.000000 0.000000 0.000000 0.000000 0.000000 0.000000 0.000000 0.000000 98.092865 98.092865 98.092865 98.092865 98.092865 92.147346 
0.000000 0.000000 0.000000 0.000000 0.000000 0.000000 0.000000 0.000000 0.000000 0.000000 98.092865 98.092865 98.092865 98.092865 98.092865 
0.000000 0.000000 0.000000 0.000000 0.000000 0.000000 0.000000 0.000000 0.000000 0.000000 88.161110 98.092865 98.092865 95.539467 98.092865 
0.000000 0.000000 0.000000 0.000000 0.000000 0.000000 0.000000 0.000000 0.000000 0.000000 0.000000 98.013573 98.092865 98.092865 98.092865 
0.000000 0.000000 0.000000 0.000000 0.000000 0.000000 0.000000 0.000000 0.000000 0.000000 0.000000 0.000000 98.092865 98.092865 98.092865 
