test/output/constant/M390_S000_A180_WD180.0_WS015.0/M390_S000_A180_WD180.0_WS015.0_arrival.asc
ncols         11
nrows         23
xllcorner     426103.990666
yllcorner     12748455.311160
cellsize      100.000000
NODATA_value  0.000000
0.000000 0.000000 0.000000 0.000000 166.041667 166.041667 166.041667 0.000000 0.000000 0.000000 0.000000 
0.000000 0.000000 166.041667 166.040799 166.039912 166.039025 166.039912 166.040799 166.041667 0.000000 0.000000 
0.000000 0.000000 166.039912 166.038138 166.037251 166.037251 166.037251 166.038138 166.039912 0.000000 0.000000 
0.000000 166.040799 166.038138 166.036364 166.035477 166.034590 166.035477 166.036364 166.038138 166.040799 0.000000 
0.000000 166.039025 166.036364 166.033703 166.032816 166.032816 166.032816 166.033703 166.036364 166.039025 0.000000 
166.041667 166.037251 166.033703 166.031929 166.031042 166.030156 166.031042 166.031929 166.033703 166.037251 166.041667 
166.039912 166.035477 166.031929 166.029269 166.028382 166.028382 166.028382 166.029269 166.031929 166.035477 166.039912 
166.039025 166.033703 166.030156 166.027495 166.026608 166.025721 166.026608 166.027495 166.030156 166.033703 166.039025 
166.037251 166.031929 166.028382 166.025721 166.023947 166.023947 166.023947 166.025721 166.028382 166.031929 166.037251 
166.036364 166.031042 166.026608 166.023060 166.022173 166.021286 166.022173 166.023060 166.026608 166.031042 166.036364 
166.036364 166.029269 166.024834 166.021286 166.019512 166.019512 166.019512 166.021286 166.024834 166.029269 166.036364 
166.035477 166.028382 166.023060 166.019512 166.017739 166.016852 166.017739 166.019512 166.023060 166.028382 166.035477 
166.035477 166.028382 166.022173 166.017739 166.015078 166.015078 166.015078 166.017739 166.022173 166.028382 166.035477 
166.035477 166.027495 166.020399 166.015965 166.013304 166.012417 166.013304 166.015965 166.020399 166.027495 166.035477 
166.036364 166.027495 166.020399 166.014191 166.010643 166.010643 166.010643 166.014191 166.020399 166.027495 166.036364 
166.036364 166.027495 166.020399 166.012417 166.008869 166.007982 166.008869 166.012417 166.020399 166.027495 166.036364 
166.038138 166.028382 166.019512 166.012417 166.007095 166.006208 166.007095 166.012417 166.019512 166.028382 166.038138 
166.040799 166.030156 166.020399 166.012417 166.005322 166.003548 166.005322 166.012417 166.020399 166.030156 166.040799 
0.000000 166.032816 166.023060 166.012417 166.004435 166.001774 166.004435 166.012417 166.023060 166.032816 0.000000 
0.000000 166.037251 166.025721 166.015078 166.004435 166.000000 166.004435 166.015078 166.025721 166.037251 0.000000 
0.000000 0.000000 166.031929 166.021286 166.010643 166.007095 166.010643 166.021286 166.031929 0.000000 0.000000 
0.000000 0.000000 166.039912 166.030156 166.023060 166.021286 166.023060 166.030156 166.039912 0.000000 0.000000 
0.000000 0.000000 0.000000 166.041667 166.036364 166.035477 166.036364 166.041667 0.000000 0.000000 0.000000 
