test/output/constant/M375_S000_A000_WD180.0_WS030.0/M375_S000_A000_WD180.0_WS030.0_arrival.asc
ncols         9
nrows         34
xllcorner     426203.990666
yllcorner     12748655.311160
cellsize      100.000000
NODATA_value  0.000000
0.000000 0.000000 0.000000 166.041337 166.040821 166.041337 0.000000 0.000000 0.000000 
0.000000 0.000000 166.041337 166.039787 166.039787 166.039787 166.041337 0.000000 0.000000 
0.000000 0.000000 166.040304 166.038754 166.038237 166.038754 166.040304 0.000000 0.000000 
0.000000 166.041337 166.038754 166.037204 166.037204 166.037204 166.038754 166.041337 0.000000 
0.000000 166.040304 166.037720 166.036170 166.035654 166.036170 166.037720 166.040304 0.000000 
0.000000 166.039271 166.036687 166.034620 166.034620 166.034620 166.036687 166.039271 0.000000 
0.000000 166.038237 166.035137 166.033587 166.033070 166.033587 166.035137 166.038237 0.000000 
166.041667 166.036687 166.034103 166.032037 166.032037 166.032037 166.034103 166.036687 166.041667 
166.040821 166.035654 166.032553 166.031003 166.030486 166.031003 166.032553 166.035654 166.040821 
166.039787 166.034620 166.031520 166.029453 166.029453 166.029453 166.031520 166.034620 166.039787 
166.039271 166.034103 166.030486 166.028420 166.027903 166.028420 166.030486 166.034103 166.039271 
166.038237 166.033070 166.028936 166.026869 166.026869 166.026869 166.028936 166.033070 166.038237 
166.037204 166.032037 166.027903 166.025836 166.025319 166.025836 166.027903 166.032037 166.037204 
166.036687 166.031003 166.026869 166.024286 166.024286 166.024286 166.026869 166.031003 166.036687 
166.036170 166.029970 166.025319 166.023252 166.022736 166.023252 166.025319 166.029970 166.036170 
166.035654 166.028936 166.024286 166.022219 166.021702 166.022219 166.024286 166.028936 166.035654 
166.035654 166.027903 166.023252 166.020669 166.020152 166.020669 166.023252 166.027903 166.035654 
166.035137 166.027386 166.022219 166.019635 166.019119 166.019635 166.022219 166.027386 166.035137 
166.035137 166.026353 166.021185 166.018085 166.017568 166.018085 166.021185 166.026353 166.035137 
166.035654 166.025836 166.020152 166.017052 166.016535 166.017052 166.020152 166.025836 166.035654 
166.035654 166.025319 166.019119 166.016018 166.014985 166.016018 166.019119 166.025319 166.035654 
166.036170 166.025319 166.018085 166.014468 166.013951 166.014468 166.018085 166.025319 166.036170 
166.036687 166.025319 166.017052 166.013435 166.012401 166.013435 166.017052 166.025319 166.036687 
166.037720 166.025319 166.016535 166.011885 166.011368 166.011885 166.016535 166.025319 166.037720 
166.039787 166.025836 166.015502 166.010851 166.009818 166.010851 166.015502 166.025836 166.039787 
166.041337 166.026353 166.015502 166.009301 166.008784 166.009301 166.015502 166.026353 166.041337 
0.000000 166.027903 166.015502 166.008267 166.007234 166.008267 166.015502 166.027903 0.000000 
0.000000 166.029453 166.015502 166.007234 166.006201 166.007234 166.015502 166.029453 0.000000 
0.000000 166.033587 166.016018 166.006201 166.004650 166.006201 166.016018 166.033587 0.000000 
0.000000 166.037204 166.017568 166.005167 166.003617 166.005167 166.017568 166.037204 0.000000 
0.000000 0.000000 166.021185 166.005167 166.002067 166.005167 166.021185 0.000000 0.000000 
0.000000 0.000000 166.026869 166.005684 166.001033 166.005684 166.026869 0.000000 0.000000 
0.000000 0.000000 166.037204 166.009818 166.000000 166.009818 166.037204 0.000000 0.000000 
0.000000 0.000000 0.000000 166.032037 166.023252 166.032037 0.000000 0.000000 0.000000 
