test/output/constant/C4_S060_A270_WD180.0_WS015.0/C4_S060_A270_WD180.0_WS015.0_arrival.asc
ncols         7
nrows         36
xllcorner     426303.990666
yllcorner     12748755.311160
cellsize      100.000000
NODATA_value  0.000000
0.000000 0.000000 0.000000 166.041667 0.000000 0.000000 0.000000 
0.000000 0.000000 166.040770 166.040290 166.040770 0.000000 0.000000 
0.000000 0.000000 166.039811 166.039331 166.039811 0.000000 0.000000 
0.000000 166.041250 166.038852 166.037892 166.038852 166.041250 0.000000 
0.000000 166.040290 166.037413 166.036933 166.037413 166.040290 0.000000 
0.000000 166.038852 166.036453 166.035494 166.036453 166.038852 0.000000 
0.000000 166.037892 166.035014 166.034535 166.035014 166.037892 0.000000 
0.000000 166.036933 166.034055 166.033096 166.034055 166.036933 0.000000 
166.041667 166.035494 166.032616 166.032136 166.032616 166.035494 166.041667 
166.040770 166.034535 166.031657 166.030697 166.031657 166.034535 166.040770 
166.039811 166.033575 166.030218 166.029738 166.030218 166.033575 166.039811 
166.038852 166.032616 166.029259 166.028299 166.029259 166.032616 166.038852 
166.038372 166.031177 166.027820 166.027340 166.027820 166.031177 166.038372 
166.037413 166.030218 166.026860 166.025901 166.026860 166.030218 166.037413 
166.036453 166.029259 166.025421 166.024942 166.025421 166.029259 166.036453 
166.035974 166.028299 166.024462 166.023503 166.024462 166.028299 166.035974 
166.035014 166.027340 166.023023 166.022543 166.023023 166.027340 166.035014 
166.035014 166.026381 166.022064 166.021105 166.022064 166.026381 166.035014 
166.034535 166.025421 166.020625 166.020145 166.020625 166.025421 166.034535 
166.034535 166.024462 166.019666 166.018706 166.019666 166.024462 166.034535 
166.035014 166.023982 166.018706 166.017747 166.018706 166.023982 166.035014 
166.035014 166.023023 166.017267 166.016308 166.017267 166.023023 166.035014 
166.035494 166.022064 166.016308 166.015349 166.016308 166.022064 166.035494 
166.036453 166.021584 166.015349 166.013910 166.015349 166.021584 166.036453 
166.037413 166.021105 166.013910 166.012951 166.013910 166.021105 166.037413 
166.038372 166.021105 166.012951 166.011512 166.012951 166.021105 166.038372 
166.040770 166.021105 166.011512 166.010552 166.011512 166.021105 166.040770 
0.000000 166.021584 166.010552 166.009113 166.010552 166.021584 0.000000 
0.000000 166.022064 166.009593 166.008154 166.009593 166.022064 0.000000 
0.000000 166.023023 166.008634 166.006715 166.008634 166.023023 0.000000 
0.000000 166.025421 166.007674 166.005756 166.007674 166.025421 0.000000 
0.000000 166.029259 166.007195 166.004317 166.007195 166.029259 0.000000 
0.000000 166.035014 166.007195 166.003358 166.007195 166.035014 0.000000 
0.000000 0.000000 166.007674 166.001919 166.007674 0.000000 0.000000 
0.000000 0.000000 166.011032 166.000959 166.011032 0.000000 0.000000 
0.000000 0.000000 166.028779 166.000000 166.028779 0.000000 0.000000 
