test/output/constant/M3M480_S000_A000_WD090.0_WS045.0/M3M480_S000_A000_WD090.0_WS045.0_arrival.asc
ncols         50
nrows         9
xllcorner     421703.990666
yllcorner     12748355.311160
cellsize      100.000000
NODATA_value  0.000000
0.000000 0.000000 0.000000 0.000000 0.000000 0.000000 0.000000 0.000000 0.000000 0.000000 0.000000 0.000000 166.041185 166.040499 166.040155 166.039469 166.038783 166.038439 166.037753 166.037067 166.036723 166.036037 166.035694 166.035007 166.035007 166.035007 166.035007 166.035007 166.035007 166.035007 166.035350 166.035694 166.036380 166.036723 166.037753 166.038783 166.040155 166.041528 0.000000 0.000000 0.000000 0.000000 0.000000 0.000000 0.000000 0.000000 0.000000 0.000000 0.000000 0.000000 
0.000000 0.000000 0.000000 0.000000 0.000000 0.000000 166.041185 166.040499 166.039469 166.038783 166.038096 166.037410 166.036380 166.035694 166.035007 166.034321 166.033634 166.032948 166.032262 166.031575 166.030889 166.030546 166.029859 166.029173 166.028486 166.028143 166.027457 166.026770 166.026427 166.025741 166.025397 166.025054 166.025054 166.025054 166.025054 166.025054 166.025397 166.026084 166.026770 166.027800 166.028830 166.030889 166.032948 166.036380 166.041185 0.000000 0.000000 0.000000 0.000000 0.000000 
0.000000 0.000000 0.000000 166.041185 166.040155 166.039469 166.038783 166.037753 166.037067 166.036037 166.035350 166.034321 166.033634 166.032605 166.031918 166.031232 166.030546 166.029516 166.028830 166.027800 166.027113 166.026427 166.025397 166.024711 166.024025 166.023338 166.022309 166.021622 166.020936 166.020249 166.019563 166.018876 166.018190 166.017847 166.017160 166.016474 166.016131 166.015444 166.015101 166.015101 166.015101 166.015101 166.015788 166.016817 166.017847 166.020249 166.024025 166.032262 0.000000 0.000000 
0.000000 166.041185 166.040155 166.039469 166.038439 166.037753 166.037067 166.036037 166.035350 166.034321 166.033634 166.032605 166.031918 166.030889 166.030202 166.029516 166.028486 166.027800 166.026770 166.026084 166.025054 166.024368 166.023681 166.022652 166.021965 166.020936 166.020249 166.019220 166.018533 166.017504 166.016817 166.015788 166.015101 166.014072 166.013385 166.012699 166.011669 166.010983 166.009953 166.009267 166.008580 166.007551 166.006864 166.006178 166.005835 166.005148 166.005148 166.005491 166.007551 166.016474 
166.041667 166.040842 166.040155 166.039126 166.038439 166.037410 166.036723 166.035694 166.035007 166.033978 166.033291 166.032262 166.031575 166.030546 166.029859 166.028830 166.028143 166.027113 166.026427 166.025397 166.024711 166.023681 166.022995 166.021965 166.021279 166.020249 166.019563 166.018533 166.017847 166.016817 166.016131 166.015101 166.014415 166.013385 166.012699 166.011669 166.010983 166.009953 166.009267 166.008237 166.007551 166.006521 166.005835 166.004805 166.004119 166.003089 166.002402 166.001373 166.000686 166.000000 
0.000000 166.041185 166.040155 166.039469 166.038439 166.037753 166.037067 166.036037 166.035350 166.034321 166.033634 166.032605 166.031918 166.030889 166.030202 166.029516 166.028486 166.027800 166.026770 166.026084 166.025054 166.024368 166.023681 166.022652 166.021965 166.020936 166.020249 166.019220 166.018533 166.017504 166.016817 166.015788 166.015101 166.014072 166.013385 166.012699 166.011669 166.010983 166.009953 166.009267 166.008580 166.007551 166.006864 166.006178 166.005835 166.005148 166.005148 166.005491 166.007551 166.016474 
0.000000 0.000000 0.000000 166.041185 166.040155 166.039469 166.038783 166.037753 166.037067 166.036037 166.035350 166.034321 166.033634 166.032605 166.031918 166.031232 166.030546 166.029516 166.028830 166.027800 166.027113 166.026427 166.025397 166.024711 166.024025 166.023338 166.022309 166.021622 166.020936 166.020249 166.019563 166.018876 166.018190 166.017847 166.017160 166.016474 166.016131 166.015444 166.015101 166.015101 166.015101 166.015101 166.015788 166.016817 166.017847 166.020249 166.024025 166.032262 0.000000 0.000000 
0.000000 0.000000 0.000000 0.000000 0.000000 0.000000 166.041185 166.040499 166.039469 166.038783 166.038096 166.037410 166.036380 166.035694 166.035007 166.034321 166.033634 166.032948 166.032262 166.031575 166.030889 166.030546 166.029859 166.029173 166.028486 166.028143 166.027457 166.026770 166.026427 166.025741 166.025397 166.025054 166.025054 166.025054 166.025054 166.025054 166.025397 166.026084 166.026770 166.027800 166.028830 166.030889 166.032948 166.036380 166.041185 0.000000 0.000000 0.000000 0.000000 0.000000 
0.000000 0.000000 0.000000 0.000000 0.000000 0.000000 0.000000 0.000000 0.000000 0.000000 0.000000 0.000000 166.041185 166.040499 166.040155 166.039469 166.038783 166.038439 166.037753 166.037067 166.036723 166.036037 166.035694 166.035007 166.035007 166.035007 166.035007 166.035007 166.035007 166.035007 166.035350 166.035694 166.036380 166.036723 166.037753 166.038783 166.040155 166.041528 0.000000 0.000000 0.000000 0.000000 0.000000 0.000000 0.000000 0.000000 0.000000 0.000000 0.000000 0.000000 
