test/output/constant/M370_S060_A090_WD000.0_WS045.0/M370_S060_A090_WD000.0_WS045.0_arrival.asc
ncols         7
nrows         51
xllcorner     426303.990666
yllcorner     12743755.311160
cellsize      100.000000
NODATA_value  0.000000
0.000000 0.000000 0.000000 166.000000 0.000000 0.000000 0.000000 
0.000000 0.000000 166.019200 166.000662 166.019200 0.000000 0.000000 
0.000000 0.000000 166.010593 166.001324 166.010593 0.000000 0.000000 
0.000000 0.000000 166.008607 166.002317 166.008607 0.000000 0.000000 
0.000000 0.000000 166.007614 166.002979 166.007614 0.000000 0.000000 
0.000000 166.038401 166.007283 166.003972 166.007283 166.038401 0.000000 
0.000000 166.032773 166.007283 166.004635 166.007283 166.032773 0.000000 
0.000000 166.029463 166.007945 166.005628 166.007945 166.029463 0.000000 
0.000000 166.027145 166.008607 166.006290 166.008607 166.027145 0.000000 
0.000000 166.025159 166.009269 166.007283 166.009269 166.025159 0.000000 
0.000000 166.024166 166.009931 166.007945 166.009931 166.024166 0.000000 
0.000000 166.022842 166.010593 166.008938 166.010593 166.022842 0.000000 
0.000000 166.022180 166.011255 166.009600 166.011255 166.022180 0.000000 
0.000000 166.022180 166.011917 166.010593 166.011917 166.022180 0.000000 
0.000000 166.021849 166.012911 166.011255 166.012911 166.021849 0.000000 
0.000000 166.021518 166.013573 166.012249 166.013573 166.021518 0.000000 
166.040387 166.021518 166.014566 166.012911 166.014566 166.021518 166.040387 
166.039394 166.021849 166.015228 166.013904 166.015228 166.021849 166.039394 
166.038401 166.022180 166.015890 166.014566 166.015890 166.022180 166.038401 
166.037739 166.022842 166.016883 166.015559 166.016883 166.022842 166.037739 
166.037077 166.023504 166.017545 166.016221 166.017545 166.023504 166.037077 
166.036746 166.023835 166.018538 166.017214 166.018538 166.023835 166.036746 
166.036415 166.024497 166.019200 166.017876 166.019200 166.024497 166.036415 
166.036415 166.025159 166.020193 166.018869 166.020193 166.025159 166.036415 
166.036083 166.025821 166.020856 166.019531 166.020856 166.025821 166.036083 
166.035752 166.026152 166.021518 166.020525 166.021518 166.026152 166.035752 
166.035752 166.026814 166.022511 166.021187 166.022511 166.026814 166.035752 
166.036083 166.027476 166.023173 166.022180 166.023173 166.027476 166.036083 
166.036415 166.028138 166.024166 166.022842 166.024166 166.028138 166.036415 
166.036746 166.028801 166.024828 166.023835 166.024828 166.028801 166.036746 
166.037408 166.029463 166.025821 166.024497 166.025821 166.029463 166.037408 
166.037739 166.030125 166.026483 166.025490 166.026483 166.030125 166.037739 
166.038401 166.030787 166.027145 166.026152 166.027145 166.030787 166.038401 
166.039063 166.031780 166.028138 166.027145 166.028138 166.031780 166.039063 
166.039394 166.032442 166.028801 166.027807 166.028801 166.032442 166.039394 
166.040056 166.033104 166.029794 166.028801 166.029794 166.033104 166.040056 
166.040387 166.033766 166.030456 166.029463 166.030456 166.033766 166.040387 
166.041049 166.034759 166.031449 166.030456 166.031449 166.034759 166.041049 
166.041667 166.035421 166.032111 166.031118 166.032111 166.035421 166.041667 
0.000000 166.036083 166.033104 166.032111 166.033104 166.036083 0.000000 
0.000000 166.037077 166.033766 166.032773 166.033766 166.037077 0.000000 
0.000000 166.037739 166.034759 166.033766 166.034759 166.037739 0.000000 
0.000000 166.038401 166.035421 166.034428 166.035421 166.038401 0.000000 
0.000000 166.039063 166.036083 166.035421 166.036083 166.039063 0.000000 
0.000000 166.040056 166.037077 166.036083 166.037077 166.040056 0.000000 
0.000000 166.040718 166.037739 166.037077 166.037739 166.040718 0.000000 
0.000000 166.041667 166.038732 166.037739 166.038732 166.041667 0.000000 
0.000000 0.000000 166.039394 166.038732 166.039394 0.000000 0.000000 
0.000000 0.000000 166.040387 166.039394 166.040387 0.000000 0.000000 
0.000000 0.000000 166.041049 166.040387 166.041049 0.000000 0.000000 
0.000000 0.000000 0.000000 166.041049 0.000000 0.000000 0.000000 
