test/output/constant/M295_S000_A180_WD180.0_WS040.0/M295_S000_A180_WD180.0_WS040.0_arrival.asc
ncols         7
nrows         30
xllcorner     426303.990666
yllcorner     12748755.311160
cellsize      100.000000
NODATA_value  0.000000
0.000000 0.000000 166.041435 166.040868 166.041435 0.000000 0.000000 
0.000000 0.000000 166.039732 166.039165 166.039732 0.000000 0.000000 
0.000000 166.041435 166.038597 166.038030 166.038597 166.041435 0.000000 
0.000000 166.040300 166.036894 166.036327 166.036894 166.040300 0.000000 
0.000000 166.039165 166.035759 166.035192 166.035759 166.039165 0.000000 
0.000000 166.037462 166.034624 166.033489 166.034624 166.037462 0.000000 
0.000000 166.036327 166.032921 166.032354 166.032921 166.036327 0.000000 
0.000000 166.035192 166.031786 166.030651 166.031786 166.035192 0.000000 
166.041435 166.034056 166.030083 166.029516 166.030083 166.034056 166.041435 
166.040300 166.032354 166.028948 166.027813 166.028948 166.032354 166.040300 
166.039165 166.031218 166.027245 166.026677 166.027245 166.031218 166.039165 
166.038597 166.030083 166.026110 166.024975 166.026110 166.030083 166.038597 
166.037462 166.028948 166.024975 166.023839 166.024975 166.028948 166.037462 
166.037462 166.027813 166.023272 166.022137 166.023272 166.027813 166.037462 
166.037462 166.027245 166.022137 166.021001 166.022137 166.027245 166.037462 
166.037462 166.026110 166.020434 166.019299 166.020434 166.026110 166.037462 
166.037462 166.024975 166.019299 166.018163 166.019299 166.024975 166.037462 
166.038030 166.023839 166.017596 166.016461 166.017596 166.023839 166.038030 
166.038597 166.023272 166.016461 166.015325 166.016461 166.023272 166.038597 
166.039165 166.022704 166.015325 166.013623 166.015325 166.022704 166.039165 
166.040868 166.022704 166.013623 166.012487 166.013623 166.022704 166.040868 
0.000000 166.022704 166.012487 166.010785 166.012487 166.022704 0.000000 
0.000000 166.023272 166.011352 166.009649 166.011352 166.023272 0.000000 
0.000000 166.023839 166.010217 166.007946 166.010217 166.023839 0.000000 
0.000000 166.025542 166.009082 166.006811 166.009082 166.025542 0.000000 
0.000000 166.028380 166.007946 166.005108 166.007946 166.028380 0.000000 
0.000000 166.033489 166.007946 166.003973 166.007946 166.033489 0.000000 
0.000000 0.000000 166.007946 166.002270 166.007946 0.000000 0.000000 
0.000000 0.000000 166.010217 166.001135 166.010217 0.000000 0.000000 
0.000000 0.000000 166.023839 166.000000 166.023839 0.000000 0.000000 
