test/output/constant/M355_S060_A270_WD180.0_WS000.0/M355_S060_A270_WD180.0_WS000.0_arrival.asc
ncols         7
nrows         31
xllcorner     426303.990666
yllcorner     12748755.311160
cellsize      100.000000
NODATA_value  0.000000
0.000000 0.000000 166.041497 166.040944 166.041497 0.000000 0.000000 
0.000000 0.000000 166.040390 166.039837 166.040390 0.000000 0.000000 
0.000000 166.040944 166.038731 166.038177 166.038731 166.040944 0.000000 
0.000000 166.039837 166.037624 166.037071 166.037624 166.039837 0.000000 
0.000000 166.038731 166.035964 166.035411 166.035964 166.038731 0.000000 
166.041667 166.037071 166.034857 166.034304 166.034857 166.037071 166.041667 
166.040944 166.035964 166.033198 166.032644 166.033198 166.035964 166.040944 
166.039837 166.034857 166.032091 166.031538 166.032091 166.034857 166.039837 
166.038731 166.033198 166.030984 166.029878 166.030984 166.033198 166.038731 
166.037624 166.032091 166.029325 166.028771 166.029325 166.032091 166.037624 
166.037071 166.030984 166.028218 166.027111 166.028218 166.030984 166.037071 
166.035964 166.029878 166.026558 166.026005 166.026558 166.029878 166.035964 
166.034857 166.028218 166.025451 166.024345 166.025451 166.028218 166.034857 
166.034304 166.027111 166.023792 166.023238 166.023792 166.027111 166.034304 
166.033198 166.026005 166.022685 166.021578 166.022685 166.026005 166.033198 
166.032644 166.024898 166.021025 166.020472 166.021025 166.024898 166.032644 
166.032644 166.023792 166.019919 166.018812 166.019919 166.023792 166.032644 
166.032644 166.023238 166.018259 166.017705 166.018259 166.023238 166.032644 
166.032644 166.022132 166.017152 166.016046 166.017152 166.022132 166.032644 
166.033198 166.021025 166.016046 166.014939 166.016046 166.021025 166.033198 
166.033751 166.020472 166.014386 166.013279 166.014386 166.020472 166.033751 
166.034304 166.019919 166.013279 166.012172 166.013279 166.019919 166.034304 
166.035411 166.019919 166.011619 166.010513 166.011619 166.019919 166.035411 
166.037624 166.019919 166.010513 166.009406 166.010513 166.019919 166.037624 
166.040390 166.019919 166.009406 166.007746 166.009406 166.019919 166.040390 
0.000000 166.021025 166.008299 166.006640 166.008299 166.021025 0.000000 
0.000000 166.022685 166.007193 166.004980 166.007193 166.022685 0.000000 
0.000000 166.026005 166.006640 166.003873 166.006640 166.026005 0.000000 
0.000000 166.034857 166.006640 166.002213 166.006640 166.034857 0.000000 
0.000000 0.000000 166.008299 166.001107 166.008299 0.000000 0.000000 
0.000000 0.000000 166.017705 166.000000 166.017705 0.000000 0.000000 
