test/output/constant/M3M495_S060_A180_WD135.0_WS040.0/M3M495_S060_A180_WD135.0_WS040.0_arrival.asc
ncols         16
nrows         33
xllcorner     426503.990666
yllcorner     12748655.311160
cellsize      100.000000
NODATA_value  0.000000
0.000000 0.000000 0.000000 0.000000 0.000000 0.000000 0.000000 0.000000 0.000000 0.000000 0.000000 0.000000 166.040892 166.040892 166.040892 0.000000 
0.000000 0.000000 0.000000 0.000000 0.000000 0.000000 0.000000 0.000000 0.000000 0.000000 0.000000 166.040031 166.039600 166.039600 166.040031 166.041322 
0.000000 0.000000 0.000000 0.000000 0.000000 0.000000 0.000000 0.000000 0.000000 0.000000 166.040031 166.038740 166.038309 166.038309 166.039170 166.040892 
0.000000 0.000000 0.000000 0.000000 0.000000 0.000000 0.000000 0.000000 0.000000 166.040031 166.037879 166.037018 166.037018 166.037018 166.038309 166.040892 
0.000000 0.000000 0.000000 0.000000 0.000000 0.000000 0.000000 0.000000 166.040461 166.037879 166.036157 166.035296 166.035726 166.036157 166.037879 166.040461 
0.000000 0.000000 0.000000 0.000000 0.000000 0.000000 0.000000 0.000000 166.038309 166.035726 166.034435 166.034005 166.034435 166.035296 166.037879 166.040892 
0.000000 0.000000 0.000000 0.000000 0.000000 0.000000 0.000000 166.039170 166.035726 166.033574 166.032713 166.032713 166.033574 166.034866 166.037448 166.041322 
0.000000 0.000000 0.000000 0.000000 0.000000 0.000000 166.041322 166.036587 166.033574 166.031852 166.031422 166.031422 166.032713 166.034866 166.037879 166.041667 
0.000000 0.000000 0.000000 0.000000 0.000000 0.000000 166.038309 166.034005 166.031422 166.030131 166.030131 166.030561 166.031852 166.034866 166.038309 0.000000 
0.000000 0.000000 0.000000 0.000000 0.000000 166.040461 166.035296 166.031852 166.029700 166.028839 166.028839 166.029700 166.031852 166.034866 166.038740 0.000000 
0.000000 0.000000 0.000000 0.000000 0.000000 166.037448 166.032713 166.029270 166.027979 166.027548 166.027548 166.028839 166.031852 166.035296 166.039600 0.000000 
0.000000 0.000000 0.000000 0.000000 166.040461 166.034435 166.030131 166.027548 166.026257 166.026257 166.026687 166.028839 166.031852 166.035726 166.040461 0.000000 
0.000000 0.000000 0.000000 0.000000 166.037018 166.031422 166.027548 166.025396 166.024965 166.024965 166.026257 166.028839 166.032283 166.036587 0.000000 0.000000 
0.000000 0.000000 0.000000 166.041667 166.034005 166.028839 166.025396 166.023674 166.023674 166.024105 166.025826 166.028839 166.032713 166.037879 0.000000 0.000000 
0.000000 0.000000 0.000000 166.037879 166.030992 166.025826 166.023244 166.022383 166.022383 166.023244 166.025826 166.029270 166.033574 166.039600 0.000000 0.000000 
0.000000 0.000000 0.000000 166.034435 166.027979 166.023674 166.021092 166.020661 166.021092 166.022813 166.025826 166.029700 166.035296 0.000000 0.000000 0.000000 
0.000000 0.000000 166.040031 166.030992 166.024965 166.021092 166.019800 166.019370 166.020231 166.022813 166.026257 166.030992 166.037448 0.000000 0.000000 0.000000 
0.000000 0.000000 166.036157 166.027548 166.021952 166.018939 166.018078 166.018078 166.019800 166.022813 166.027118 166.032713 166.040031 0.000000 0.000000 0.000000 
0.000000 0.000000 166.032283 166.024105 166.019370 166.017218 166.016787 166.017218 166.019800 166.023244 166.028409 166.035296 0.000000 0.000000 0.000000 0.000000 
0.000000 166.039170 166.028839 166.021092 166.017218 166.015496 166.015496 166.016787 166.019800 166.024105 166.030561 166.038309 0.000000 0.000000 0.000000 0.000000 
0.000000 166.034866 166.024965 166.018509 166.014635 166.014204 166.014635 166.016787 166.020231 166.025826 166.033144 0.000000 0.000000 0.000000 0.000000 0.000000 
0.000000 166.031422 166.021522 166.015496 166.012913 166.012913 166.013774 166.016787 166.021522 166.028409 166.037018 0.000000 0.000000 0.000000 0.000000 0.000000 
0.000000 166.027548 166.018078 166.012913 166.011622 166.011622 166.013774 166.017648 166.023244 166.031852 0.000000 0.000000 0.000000 0.000000 0.000000 0.000000 
166.041322 166.023674 166.014635 166.010761 166.010331 166.010761 166.013774 166.018939 166.026687 166.036587 0.000000 0.000000 0.000000 0.000000 0.000000 0.000000 
166.037448 166.019800 166.011622 166.009039 166.009039 166.010761 166.014635 166.021522 166.030992 0.000000 0.000000 0.000000 0.000000 0.000000 0.000000 0.000000 
166.033574 166.015926 166.008609 166.007317 166.007748 166.010761 166.016357 166.025396 166.036587 0.000000 0.000000 0.000000 0.000000 0.000000 0.000000 0.000000 
166.029700 166.012052 166.006457 166.006026 166.007748 166.012052 166.020231 166.030992 0.000000 0.000000 0.000000 0.000000 0.000000 0.000000 0.000000 0.000000 
166.025826 166.008609 166.004735 166.005165 166.007748 166.014635 166.025826 166.038740 0.000000 0.000000 0.000000 0.000000 0.000000 0.000000 0.000000 0.000000 
166.022383 166.005165 166.003444 166.004735 166.009470 166.019800 166.033144 0.000000 0.000000 0.000000 0.000000 0.000000 0.000000 0.000000 0.000000 0.000000 
166.018939 166.002152 166.002152 166.005165 166.014204 166.027979 0.000000 0.000000 0.000000 0.000000 0.000000 0.000000 0.000000 0.000000 0.000000 0.000000 
166.015926 166.000861 166.001722 166.009039 166.023244 166.039170 0.000000 0.000000 0.000000 0.000000 0.000000 0.000000 0.000000 0.000000 0.000000 0.000000 
166.016357 166.000000 166.003444 166.018939 166.036157 0.000000 0.000000 0.000000 0.000000 0.000000 0.000000 0.000000 0.000000 0.000000 0.000000 0.000000 
166.030992 166.023244 166.028839 0.000000 0.000000 0.000000 0.000000 0.000000 0.000000 0.000000 0.000000 0.000000 0.000000 0.000000 0.000000 0.000000 
