test/output/constant/M360_S060_A270_WD225.0_WS010.0/M360_S060_A270_WD225.0_WS010.0_arrival.asc
ncols         10
nrows         40
xllcorner     426503.990666
yllcorner     12748755.311160
cellsize      100.000000
NODATA_value  0.000000
0.000000 0.000000 0.000000 0.000000 0.000000 0.000000 166.041667 166.041441 166.041441 0.000000 
0.000000 0.000000 0.000000 0.000000 0.000000 0.000000 166.040603 166.040185 166.040603 0.000000 
0.000000 0.000000 0.000000 0.000000 0.000000 166.040603 166.039348 166.039348 166.039766 0.000000 
0.000000 0.000000 0.000000 0.000000 0.000000 166.039348 166.038092 166.038092 166.038929 166.041441 
0.000000 0.000000 0.000000 0.000000 166.041022 166.038092 166.037255 166.036836 166.038092 166.041022 
0.000000 0.000000 0.000000 0.000000 166.039348 166.036836 166.035999 166.035999 166.037673 166.040603 
0.000000 0.000000 0.000000 166.041667 166.037673 166.035580 166.034743 166.035162 166.036836 166.040185 
0.000000 0.000000 0.000000 166.040185 166.036417 166.034324 166.033906 166.033906 166.036417 166.040185 
0.000000 0.000000 0.000000 166.038510 166.034743 166.033069 166.032650 166.033069 166.035580 166.039766 
0.000000 0.000000 0.000000 166.037255 166.033487 166.031813 166.031813 166.032650 166.035162 166.039766 
0.000000 0.000000 166.041022 166.035580 166.031813 166.030557 166.030557 166.031813 166.035162 166.040185 
0.000000 0.000000 166.039348 166.033906 166.030557 166.029720 166.029720 166.031394 166.034743 166.040603 
0.000000 0.000000 166.037673 166.032232 166.029301 166.028464 166.028464 166.030557 166.034743 166.041022 
0.000000 0.000000 166.035999 166.030557 166.028046 166.027627 166.027627 166.030139 166.034743 166.041022 
0.000000 166.041022 166.033906 166.029301 166.026790 166.026371 166.026790 166.029720 166.034743 166.041441 
0.000000 166.039348 166.032232 166.027627 166.025534 166.025115 166.026371 166.029301 166.035162 0.000000 
0.000000 166.037255 166.030557 166.025953 166.024278 166.024278 166.025534 166.029301 166.035580 0.000000 
0.000000 166.035580 166.028464 166.024697 166.023023 166.023023 166.025115 166.029301 166.035999 0.000000 
0.000000 166.033906 166.026790 166.023023 166.022185 166.022185 166.024697 166.029720 166.036417 0.000000 
0.000000 166.031813 166.025115 166.021767 166.020930 166.021348 166.024278 166.029720 166.037673 0.000000 
0.000000 166.030139 166.023441 166.020511 166.020092 166.020511 166.023860 166.030139 166.038929 0.000000 
166.041667 166.028464 166.022185 166.019255 166.018837 166.020092 166.023860 166.030557 166.041022 0.000000 
166.039766 166.026371 166.020511 166.017999 166.017999 166.019255 166.024278 166.031813 0.000000 0.000000 
166.038092 166.024697 166.018837 166.016744 166.016744 166.018837 166.024697 166.033069 0.000000 0.000000 
166.035999 166.023023 166.017162 166.015488 166.015906 166.018837 166.025115 166.035162 0.000000 0.000000 
166.034324 166.020930 166.015488 166.014651 166.015069 166.018837 166.025953 166.038092 0.000000 0.000000 
166.032650 166.019255 166.014232 166.013395 166.014232 166.018837 166.027208 166.041441 0.000000 0.000000 
166.030976 166.017581 166.012976 166.012558 166.013814 166.019255 166.029301 0.000000 0.000000 0.000000 
166.028883 166.015488 166.011721 166.011302 166.013395 166.019674 166.032232 0.000000 0.000000 0.000000 
166.027208 166.013814 166.010465 166.010465 166.013395 166.021348 166.036417 0.000000 0.000000 0.000000 
166.025534 166.012139 166.009209 166.009209 166.013814 166.023441 166.041441 0.000000 0.000000 0.000000 
166.023860 166.010465 166.008372 166.008790 166.013814 166.026790 0.000000 0.000000 0.000000 0.000000 
166.021767 166.008372 166.007116 166.008372 166.015069 166.031813 0.000000 0.000000 0.000000 0.000000 
166.020092 166.007116 166.006279 166.007953 166.017999 166.038929 0.000000 0.000000 0.000000 0.000000 
166.019255 166.005442 166.005023 166.008372 166.021767 0.000000 0.000000 0.000000 0.000000 0.000000 
166.017999 166.003767 166.003767 166.009209 166.028883 0.000000 0.000000 0.000000 0.000000 0.000000 
166.017581 166.002930 166.002930 166.012558 166.041022 0.000000 0.000000 0.000000 0.000000 0.000000 
166.017999 166.001674 166.002930 166.019674 0.000000 0.000000 0.000000 0.000000 0.000000 0.000000 
166.020930 166.000837 166.003349 166.037255 0.000000 0.000000 0.000000 0.000000 0.000000 0.000000 
166.030976 166.000000 166.014232 0.000000 0.000000 0.000000 0.000000 0.000000 0.000000 0.000000 
