test/output/constant/M3M465_S000_A180_WD045.0_WS025.0/M3M465_S000_A180_WD045.0_WS025.0_arrival.asc
ncols         17
nrows         17
xllcorner     425103.990666
yllcorner     12747255.311160
cellsize      100.000000
NODATA_value  0.000000
0.000000 0.000000 0.000000 0.000000 0.000000 0.000000 0.000000 0.000000 0.000000 0.000000 0.000000 0.000000 0.000000 166.032679 166.022564 166.020230 166.028788 
0.000000 0.000000 0.000000 0.000000 0.000000 0.000000 0.000000 0.000000 0.000000 0.000000 0.000000 166.031901 166.020230 166.009337 166.001556 166.000000 166.020230 
0.000000 0.000000 0.000000 0.000000 0.000000 0.000000 0.000000 0.000000 0.000000 166.038125 166.028010 166.017895 166.009337 166.004668 166.001556 166.001556 166.022564 
0.000000 0.000000 0.000000 0.000000 0.000000 0.000000 0.000000 0.000000 166.035791 166.025676 166.017895 166.010893 166.007003 166.004668 166.004668 166.009337 166.032679 
0.000000 0.000000 0.000000 0.000000 0.000000 0.000000 0.000000 166.034235 166.026454 166.018674 166.013227 166.010115 166.007003 166.007003 166.009337 166.020230 0.000000 
0.000000 0.000000 0.000000 0.000000 0.000000 0.000000 166.034235 166.027232 166.020230 166.015561 166.012449 166.010115 166.010115 166.010893 166.017895 166.031901 0.000000 
0.000000 0.000000 0.000000 0.000000 0.000000 166.035013 166.028010 166.022564 166.017895 166.015561 166.012449 166.012449 166.013227 166.017895 166.028010 0.000000 0.000000 
0.000000 0.000000 0.000000 0.000000 166.036569 166.030344 166.024898 166.021008 166.017895 166.015561 166.015561 166.015561 166.018674 166.025676 166.038125 0.000000 0.000000 
0.000000 0.000000 0.000000 166.038125 166.031901 166.027232 166.023342 166.021008 166.017895 166.017895 166.017895 166.020230 166.026454 166.035791 0.000000 0.000000 0.000000 
0.000000 0.000000 166.039681 166.034235 166.029566 166.025676 166.023342 166.021008 166.021008 166.021008 166.022564 166.027232 166.034235 0.000000 0.000000 0.000000 0.000000 
0.000000 166.041667 166.036569 166.031901 166.028788 166.026454 166.024120 166.023342 166.023342 166.024898 166.028010 166.034235 0.000000 0.000000 0.000000 0.000000 0.000000 
0.000000 166.038903 166.034235 166.031123 166.028788 166.026454 166.026454 166.025676 166.027232 166.030344 166.035013 0.000000 0.000000 0.000000 0.000000 0.000000 0.000000 
166.041237 166.037347 166.034235 166.031123 166.029566 166.028788 166.028788 166.029566 166.031901 166.036569 0.000000 0.000000 0.000000 0.000000 0.000000 0.000000 0.000000 
166.039681 166.036569 166.034235 166.031901 166.031123 166.031123 166.031901 166.034235 166.038125 0.000000 0.000000 0.000000 0.000000 0.000000 0.000000 0.000000 0.000000 
166.039681 166.036569 166.035013 166.034235 166.034235 166.034235 166.036569 166.039681 0.000000 0.000000 0.000000 0.000000 0.000000 0.000000 0.000000 0.000000 0.000000 
166.039681 166.037347 166.036569 166.036569 166.037347 166.038903 166.041667 0.000000 0.000000 0.000000 0.000000 0.000000 0.000000 0.000000 0.000000 0.000000 0.000000 
166.040459 166.039681 166.039681 166.039681 166.041237 0.000000 0.000000 0.000000 0.000000 0.000000 0.000000 0.000000 0.000000 0.000000 0.000000 0.000000 0.000000 
