test/output/constant/M3M495_S060_A090_WD135.0_WS040.0/M3M495_S060_A090_WD135.0_WS040.0_intensity.asc
ncols         33
nrows         16
xllcorner     423503.990666
yllcorner     12747355.311160
cellsize      100.000000
NODATA_value  0.000000
0 0 0 0 0 0 0 0 0 0 0 0 0 0 0 0 0 0 0 0 0 0 0 16525 16525 12959 16525 16525 9813 12959 5106 1476 1476 
0 0 0 0 0 0 0 0 0 0 0 0 0 0 0 0 0 0 0 12959 16525 12959 12959 9813 5106 16525 12959 9813 9813 36733 51109 0 1368 
0 0 0 0 0 0 0 0 0 0 0 0 0 0 0 0 5106 16525 16525 12959 16525 9813 9813 16525 20409 32783 51109 51109 51109 51109 51109 2798 2798 
0 0 0 0 0 0 0 0 0 0 0 0 0 7175 16525 9813 16525 16525 16525 32783 12959 16525 16525 9813 40395 51109 51109 51109 51109 3977 3977 2798 0 
0 0 0 0 0 0 0 0 0 0 0 16525 36733 9813 7175 20409 16525 43656 16525 9813 50126 51109 28662 51109 51109 51109 41428 41428 41428 3977 2798 2798 0 
0 0 0 0 0 0 0 0 0 7175 16525 20409 40395 7175 32783 9813 20409 51109 32783 51109 51109 51109 51109 51109 41428 37879 1857 41428 3977 2798 3977 0 0 
0 0 0 0 0 0 0 9813 16525 46417 12959 7175 40395 12959 51109 51109 36733 51109 51109 51109 51109 51072 41428 41428 41428 37879 2391 2798 1857 0 0 0 0 
0 0 0 0 0 0 20409 7175 40395 12959 36733 16525 24496 51109 43656 51109 51109 51109 51109 51109 44547 41428 3977 2581 2581 37879 5684 2798 0 0 0 0 0 
0 0 0 0 36733 16525 40395 43656 51109 12959 43656 51109 51109 51109 51109 51109 51109 50453 41428 41428 41428 3977 37879 3977 2391 1368 0 0 0 0 0 0 0 
0 0 0 16525 7175 32783 51109 51109 50126 51109 51109 51109 51109 51109 51109 51072 41428 44547 41428 41428 5684 2798 5684 3977 0 0 0 0 0 0 0 0 0 
0 0 16525 51109 24496 28662 50126 51109 51109 51109 51109 51109 51109 51109 51109 41428 44547 3977 3977 2798 37879 37879 0 0 0 0 0 0 0 0 0 0 0 
0 51109 36733 51109 51109 51109 51109 51109 51109 51109 51109 41428 44547 44547 41428 37879 41428 37879 2798 5684 0 0 0 0 0 0 0 0 0 0 0 0 0 
51109 51109 51109 51109 51109 51109 51109 51109 51072 41428 41428 44547 44547 41428 41428 3977 3977 2798 0 0 0 0 0 0 0 0 0 0 0 0 0 0 0 
51109 51109 51109 51109 51109 51109 51109 41428 21648 41428 5684 3977 44547 5684 41428 0 0 0 0 0 0 0 0 0 0 0 0 0 0 0 0 0 0 
51109 51109 51109 51109 49129 51109 49129 5684 5684 5684 3977 41428 0 0 0 0 0 0 0 0 0 0 0 0 0 0 0 0 0 0 0 0 0 
0 51109 51072 44547 47140 5684 3977 5684 0 0 0 0 0 0 0 0 0 0 0 0 0 0 0 0 0 0 0 0 0 0 0 0 0 
