test/output/constant/M3M495_S060_A090_WD135.0_WS040.0/M3M495_S060_A090_WD135.0_WS040.0_raz.asc
ncols         33
nrows         16
xllcorner     423503.990666
yllcorner     12747355.311160
cellsize      100.000000
NODATA_value  0.000000
0 0 0 0 0 0 0 0 0 0 0 0 0 0 0 0 0 0 0 0 0 0 0 269 269 274 269 269 279 274 297 42 42 
0 0 0 0 0 0 0 0 0 0 0 0 0 0 0 0 0 0 0 274 269 274 274 279 297 269 274 279 279 257 247 254 92 
0 0 0 0 0 0 0 0 0 0 0 0 0 0 0 0 297 269 269 274 269 279 279 269 266 259 247 247 247 247 247 167 167 
0 0 0 0 0 0 0 0 0 0 0 0 0 287 269 279 269 269 269 259 274 269 269 279 255 247 247 247 247 184 184 167 0 
0 0 0 0 0 0 0 0 0 0 0 269 257 279 287 266 269 253 269 279 249 247 261 247 247 247 240 240 240 184 167 167 0 
0 0 0 0 0 0 0 0 0 287 269 266 255 287 259 279 266 247 259 247 247 247 247 247 240 238 139 240 184 167 184 0 0 
0 0 0 0 0 0 0 279 269 252 274 287 255 274 247 247 257 247 247 247 247 247 240 240 240 238 157 167 139 0 0 0 0 
0 0 0 0 0 0 266 287 255 274 257 269 263 247 253 247 247 247 247 247 241 240 184 162 162 238 198 167 0 0 0 0 0 
0 0 0 0 257 269 255 253 247 274 253 247 247 247 247 247 247 245 240 240 240 184 238 184 157 92 0 0 0 0 0 0 0 
0 0 0 269 287 259 247 247 249 247 247 247 247 247 247 247 240 241 240 240 198 167 198 184 0 0 0 0 0 0 0 0 0 
0 0 269 247 263 261 249 247 247 247 247 247 247 247 247 240 241 184 184 167 238 238 0 0 0 0 0 0 0 0 0 0 0 
0 247 257 247 247 247 247 247 247 247 247 240 241 241 240 238 240 238 167 198 0 0 0 0 0 0 0 0 0 0 0 0 0 
247 247 247 247 247 247 247 247 247 240 240 241 241 240 240 184 184 167 0 0 0 0 0 0 0 0 0 0 0 0 0 0 0 
247 247 247 247 247 247 247 240 229 240 198 184 241 198 240 0 0 0 0 0 0 0 0 0 0 0 0 0 0 0 0 0 0 
247 247 247 247 244 247 244 198 198 198 184 240 0 0 0 0 0 0 0 0 0 0 0 0 0 0 0 0 0 0 0 0 0 
0 247 247 241 243 198 184 198 0 0 0 0 0 0 0 0 0 0 0 0 0 0 0 0 0 0 0 0 0 0 0 0 0 
