test/output/constant/M3M495_S060_A090_WD135.0_WS040.0/M3M495_S060_A090_WD135.0_WS040.0_ros.asc
ncols         33
nrows         16
xllcorner     423503.990666
yllcorner     12747355.311160
cellsize      100.000000
NODATA_value  0.000000
0.000000 0.000000 0.000000 0.000000 0.000000 0.000000 0.000000 0.000000 0.000000 0.000000 0.000000 0.000000 0.000000 0.000000 0.000000 0.000000 0.000000 0.000000 0.000000 0.000000 0.000000 0.000000 0.000000 18.237064 18.237064 14.301320 18.237064 18.237064 10.830111 14.301320 5.634901 1.629683 1.629683 
0.000000 0.000000 0.000000 0.000000 0.000000 0.000000 0.000000 0.000000 0.000000 0.000000 0.000000 0.000000 0.000000 0.000000 0.000000 0.000000 0.000000 0.000000 0.000000 14.301320 18.237064 14.301320 14.301320 10.830111 5.634901 18.237064 14.301320 10.830111 10.830111 40.537506 56.401939 -1.000000 1.510104 
0.000000 0.000000 0.000000 0.000000 0.000000 0.000000 0.000000 0.000000 0.000000 0.000000 0.000000 0.000000 0.000000 0.000000 0.000000 0.000000 5.634901 18.237064 18.237064 14.301320 18.237064 10.830111 10.830111 18.237064 22.523212 36.177708 56.401939 56.401939 56.401939 56.401939 56.401939 3.088117 3.088117 
0.000000 0.000000 0.000000 0.000000 0.000000 0.000000 0.000000 0.000000 0.000000 0.000000 0.000000 0.000000 0.000000 7.918712 18.237064 10.830111 18.237064 18.237064 18.237064 36.177708 14.301320 18.237064 18.237064 10.830111 44.577820 56.401939 56.401939 56.401939 56.401939 4.389607 4.389607 3.088117 0.000000 
0.000000 0.000000 0.000000 0.000000 0.000000 0.000000 0.000000 0.000000 0.000000 0.000000 0.000000 18.237064 40.537506 10.830111 7.918712 22.523212 18.237064 48.176315 18.237064 10.830111 55.316792 56.401939 31.630314 56.401939 56.401939 56.401939 45.718353 45.718353 45.718353 4.389607 3.088117 3.088117 0.000000 
0.000000 0.000000 0.000000 0.000000 0.000000 0.000000 0.000000 0.000000 0.000000 7.918712 18.237064 22.523212 44.577820 7.918712 36.177708 10.830111 22.523212 56.401939 36.177708 56.401939 56.401939 56.401939 56.401939 56.401939 45.718353 41.801315 2.049826 45.718353 4.389607 3.088117 4.389607 0.000000 0.000000 
0.000000 0.000000 0.000000 0.000000 0.000000 0.000000 0.000000 10.830111 18.237064 51.223972 14.301320 7.918712 44.577820 14.301320 56.401939 56.401939 40.537506 56.401939 56.401939 56.401939 56.401939 56.360302 45.718353 45.718353 45.718353 41.801315 2.638756 3.088117 2.049826 0.000000 0.000000 0.000000 0.000000 
0.000000 0.000000 0.000000 0.000000 0.000000 0.000000 22.523212 7.918712 44.577820 14.301320 40.537506 18.237064 27.032661 56.401939 48.176315 56.401939 56.401939 56.401939 56.401939 56.401939 49.159851 45.718353 4.389607 2.848648 2.848648 41.801315 6.272779 3.088117 0.000000 0.000000 0.000000 0.000000 0.000000 
0.000000 0.000000 0.000000 0.000000 40.537506 18.237064 44.577820 48.176315 56.401939 14.301320 48.176315 56.401939 56.401939 56.401939 56.401939 56.401939 56.401939 55.677135 45.718353 45.718353 45.718353 4.389607 41.801315 4.389607 2.638756 1.510104 0.000000 0.000000 0.000000 0.000000 0.000000 0.000000 0.000000 
0.000000 0.000000 0.000000 18.237064 7.918712 36.177708 56.401939 56.401939 55.316792 56.401939 56.401939 56.401939 56.401939 56.401939 56.401939 56.360302 45.718353 49.159851 45.718353 45.718353 6.272779 3.088117 6.272779 4.389607 0.000000 0.000000 0.000000 0.000000 0.000000 0.000000 0.000000 0.000000 0.000000 
0.000000 0.000000 18.237064 56.401939 27.032661 31.630314 55.316792 56.401939 56.401939 56.401939 56.401939 56.401939 56.401939 56.401939 56.401939 45.718353 49.159851 4.389607 4.389607 3.088117 41.801315 41.801315 0.000000 0.000000 0.000000 0.000000 0.000000 0.000000 0.000000 0.000000 0.000000 0.000000 0.000000 
0.000000 56.401939 40.537506 56.401939 56.401939 56.401939 56.401939 56.401939 56.401939 56.401939 56.401939 45.718353 49.159851 49.159851 45.718353 41.801315 45.718353 41.801315 3.088117 6.272779 0.000000 0.000000 0.000000 0.000000 0.000000 0.000000 0.000000 0.000000 0.000000 0.000000 0.000000 0.000000 0.000000 
56.401939 56.401939 56.401939 56.401939 56.401939 56.401939 56.401939 56.401939 56.360302 45.718353 45.718353 49.159851 49.159851 45.718353 45.718353 4.389607 4.389607 3.088117 0.000000 0.000000 0.000000 0.000000 0.000000 0.000000 0.000000 0.000000 0.000000 0.000000 0.000000 0.000000 0.000000 0.000000 0.000000 
56.401939 56.401939 56.401939 56.401939 56.401939 56.401939 56.401939 45.718353 23.889753 45.718353 6.272779 4.389607 49.159851 6.272779 45.718353 0.000000 0.000000 0.000000 0.000000 0.000000 0.000000 0.000000 0.000000 0.000000 0.000000 0.000000 0.000000 0.000000 0.000000 0.000000 0.000000 0.000000 0.000000 
56.401939 56.401939 56.401939 56.401939 54.216019 56.401939 54.216019 6.272779 6.272779 6.272779 4.389607 45.718353 0.000000 0.000000 0.000000 0.000000 0.000000 0.000000 0.000000 0.000000 0.000000 0.000000 0.000000 0.000000 0.000000 0.000000 0.000000 0.000000 0.000000 0.000000 0.000000 0.000000 0.000000 
0.000000 56.401939 56.360302 49.159851 52.021370 6.272779 4.389607 6.272779 0.000000 0.000000 0.000000 0.000000 0.000000 0.000000 0.000000 0.000000 0.000000 0.000000 0.000000 0.000000 0.000000 0.000000 0.000000 0.000000 0.000000 0.000000 0.000000 0.000000 0.000000 0.000000 0.000000 0.000000 0.000000 
