test/output/constant/M370_S060_A000_WD225.0_WS035.0/M370_S060_A000_WD225.0_WS035.0_ros.asc
ncols         14
nrows         24
xllcorner     425403.990666
yllcorner     12748655.311160
cellsize      100.000000
NODATA_value  0.000000
0.000000 40.797310 40.797310 0.000000 0.000000 0.000000 0.000000 0.000000 0.000000 0.000000 0.000000 0.000000 0.000000 0.000000 
40.797310 40.797310 19.653822 39.960670 36.973911 0.000000 0.000000 0.000000 0.000000 0.000000 0.000000 0.000000 0.000000 0.000000 
40.797310 40.797310 40.797310 16.448130 36.973911 13.406356 0.000000 0.000000 0.000000 0.000000 0.000000 0.000000 0.000000 0.000000 
40.797310 40.797310 40.797310 13.406356 22.928072 10.617702 19.653822 0.000000 0.000000 0.000000 0.000000 0.000000 0.000000 0.000000 
40.797310 40.797310 40.797310 40.797310 40.797310 34.773643 29.290176 0.000000 0.000000 0.000000 0.000000 0.000000 0.000000 0.000000 
6.900568 40.305538 40.797310 40.797310 32.186314 13.406356 8.161546 10.617702 0.000000 0.000000 0.000000 0.000000 0.000000 0.000000 
30.484728 40.797310 40.797310 40.797310 40.797310 40.797310 32.186314 13.406356 13.406356 0.000000 0.000000 0.000000 0.000000 0.000000 
0.000000 30.484728 40.305538 40.797310 40.797310 13.406356 10.617702 13.406356 19.653822 0.000000 0.000000 0.000000 0.000000 0.000000 
0.000000 3.677353 35.704861 40.797310 40.797310 40.797310 22.928072 38.720539 22.928072 10.617702 0.000000 0.000000 0.000000 0.000000 
0.000000 5.077166 5.077166 40.797310 40.797310 40.797310 38.720539 38.720539 29.290176 34.773643 0.000000 0.000000 0.000000 0.000000 
0.000000 0.000000 33.265083 5.077166 40.797310 40.797310 40.797310 34.773643 26.172743 6.103086 10.617702 0.000000 0.000000 0.000000 
0.000000 0.000000 33.265083 35.704861 40.797310 40.797310 40.797310 32.186314 39.960670 8.161546 13.406356 0.000000 0.000000 0.000000 
0.000000 0.000000 0.000000 5.077166 33.265083 33.265083 40.797310 40.797310 40.797310 10.617702 13.406356 10.617702 0.000000 0.000000 
0.000000 0.000000 0.000000 30.484728 33.265083 33.265083 40.777512 40.797310 29.290176 40.656792 10.617702 6.103086 0.000000 0.000000 
0.000000 0.000000 0.000000 0.000000 30.484728 30.484728 5.077166 39.279331 40.797310 10.617702 13.406356 4.487109 8.161546 0.000000 
0.000000 0.000000 0.000000 0.000000 5.077166 30.484728 30.484728 40.797310 40.797310 40.797310 22.928072 10.617702 8.161546 0.000000 
0.000000 0.000000 0.000000 0.000000 0.000000 30.484728 30.484728 30.484728 40.797310 40.797310 38.720539 10.617702 10.617702 0.000000 
0.000000 0.000000 0.000000 0.000000 0.000000 3.677353 5.077166 5.077166 6.900568 40.797310 34.773643 10.617702 13.406356 0.000000 
0.000000 0.000000 0.000000 0.000000 0.000000 0.000000 3.677353 3.677353 33.265083 40.797310 40.797310 39.960670 16.448130 10.617702 
0.000000 0.000000 0.000000 0.000000 0.000000 0.000000 0.000000 5.077166 3.677353 5.077166 40.797310 40.797310 8.161546 4.487109 
0.000000 0.000000 0.000000 0.000000 0.000000 0.000000 0.000000 3.677353 5.077166 30.484728 35.704861 40.797310 22.928072 10.617702 
0.000000 0.000000 0.000000 0.000000 0.000000 0.000000 0.000000 0.000000 3.677353 5.077166 30.484728 40.797310 40.797310 6.103086 
0.000000 0.000000 0.000000 0.000000 0.000000 0.000000 0.000000 0.000000 0.000000 3.677353 5.077166 6.900568 -1.000000 8.161546 
0.000000 0.000000 0.000000 0.000000 0.000000 0.000000 0.000000 0.000000 0.000000 0.000000 0.000000 2.353835 2.510727 1.574757 
