test/output/constant/M485_S000_A000_WD270.0_WS040.0/M485_S000_A000_WD270.0_WS040.0_arrival.asc
ncols         34
nrows         7
xllcorner     426603.990666
yllcorner     12748455.311160
cellsize      100.000000
NODATA_value  0.000000
0.000000 0.000000 0.000000 0.000000 0.000000 0.000000 0.000000 166.041528 166.038965 166.036914 166.035889 166.034863 166.034350 166.033838 166.033838 166.033838 166.033838 166.033838 166.034863 166.035376 166.036401 166.036914 166.037939 166.038965 166.039990 166.040503 166.041528 0.000000 0.000000 0.000000 0.000000 0.000000 0.000000 0.000000 
0.000000 0.000000 166.038452 166.030249 166.025635 166.022559 166.021533 166.020508 166.020508 166.020508 166.020508 166.021020 166.021533 166.022559 166.023584 166.024609 166.025122 166.026147 166.027173 166.028198 166.029224 166.030762 166.031787 166.032812 166.033838 166.035376 166.036401 166.037427 166.038965 166.039990 166.041016 0.000000 0.000000 0.000000 
166.020508 166.009741 166.007178 166.007178 166.007178 166.008203 166.008716 166.010254 166.011279 166.012305 166.013843 166.014868 166.015894 166.017432 166.018457 166.019995 166.021020 166.022559 166.023584 166.024609 166.026147 166.027173 166.028711 166.029736 166.031274 166.032300 166.033325 166.034863 166.035889 166.037427 166.038452 166.039990 166.041016 0.000000 
166.000000 166.001025 166.002051 166.003589 166.004614 166.006152 166.007178 166.008716 166.009741 166.011279 166.012305 166.013843 166.014868 166.016406 166.017432 166.018970 166.019995 166.021533 166.022559 166.024097 166.025122 166.026660 166.027685 166.029224 166.030249 166.031787 166.032812 166.034350 166.035376 166.036914 166.037939 166.039477 166.040503 166.041667 
166.020508 166.009741 166.007178 166.007178 166.007178 166.008203 166.008716 166.010254 166.011279 166.012305 166.013843 166.014868 166.015894 166.017432 166.018457 166.019995 166.021020 166.022559 166.023584 166.024609 166.026147 166.027173 166.028711 166.029736 166.031274 166.032300 166.033325 166.034863 166.035889 166.037427 166.038452 166.039990 166.041016 0.000000 
0.000000 0.000000 166.038452 166.030249 166.025635 166.022559 166.021533 166.020508 166.020508 166.020508 166.020508 166.021020 166.021533 166.022559 166.023584 166.024609 166.025122 166.026147 166.027173 166.028198 166.029224 166.030762 166.031787 166.032812 166.033838 166.035376 166.036401 166.037427 166.038965 166.039990 166.041016 0.000000 0.000000 0.000000 
0.000000 0.000000 0.000000 0.000000 0.000000 0.000000 0.000000 166.041528 166.038965 166.036914 166.035889 166.034863 166.034350 166.033838 166.033838 166.033838 166.033838 166.033838 166.034863 166.035376 166.036401 166.036914 166.037939 166.038965 166.039990 166.040503 166.041528 0.000000 0.000000 0.000000 0.000000 0.000000 0.000000 0.000000 
