test/output/constant/M355_S060_A000_WD135.0_WS010.0/M355_S060_A000_WD135.0_WS010.0_arrival.asc
ncols         37
nrows         9
xllcorner     423003.990666
yllcorner     12748655.311160
cellsize      100.000000
NODATA_value  0.000000
0.000000 166.041208 166.040303 166.039850 166.038944 166.038491 166.038039 166.037586 166.037133 166.037133 166.037133 166.037133 166.037586 166.038039 166.038039 166.038491 166.039850 166.041208 0.000000 0.000000 0.000000 0.000000 0.000000 0.000000 0.000000 0.000000 0.000000 0.000000 0.000000 0.000000 0.000000 0.000000 0.000000 0.000000 0.000000 0.000000 0.000000 
166.041208 166.040303 166.038944 166.038039 166.036680 166.035774 166.034869 166.034416 166.033510 166.033057 166.032152 166.031699 166.031699 166.031246 166.031246 166.031699 166.031699 166.032152 166.032604 166.033510 166.034869 166.037133 166.039850 0.000000 0.000000 0.000000 0.000000 0.000000 0.000000 0.000000 0.000000 0.000000 0.000000 0.000000 0.000000 0.000000 0.000000 
166.041208 166.040303 166.038944 166.038039 166.036680 166.035321 166.034416 166.033057 166.032152 166.030793 166.029887 166.028982 166.028076 166.027623 166.026718 166.026265 166.025812 166.025812 166.025812 166.025812 166.026265 166.026718 166.027170 166.028529 166.030793 166.033963 166.038039 0.000000 0.000000 0.000000 0.000000 0.000000 0.000000 0.000000 0.000000 0.000000 0.000000 
0.000000 166.041208 166.039850 166.038491 166.037133 166.035774 166.034416 166.033057 166.032152 166.030793 166.029887 166.028529 166.027623 166.026265 166.024906 166.024000 166.023095 166.022189 166.021736 166.020831 166.020378 166.019925 166.019925 166.020378 166.020378 166.020831 166.022189 166.024453 166.028076 166.033510 166.040756 0.000000 0.000000 0.000000 0.000000 0.000000 0.000000 
0.000000 0.000000 0.000000 166.041208 166.039397 166.038039 166.036227 166.034869 166.033057 166.031699 166.030340 166.028982 166.027623 166.026265 166.024906 166.024000 166.022642 166.021736 166.020378 166.019472 166.018114 166.017208 166.016302 166.015397 166.014944 166.014491 166.014491 166.014491 166.014944 166.016302 166.018566 166.023095 166.030340 0.000000 0.000000 0.000000 0.000000 
0.000000 0.000000 0.000000 0.000000 0.000000 0.000000 166.040303 166.038491 166.036680 166.035321 166.033510 166.031699 166.029887 166.028529 166.026718 166.024906 166.023548 166.022189 166.020831 166.019472 166.018114 166.017208 166.015849 166.014491 166.013585 166.012227 166.011321 166.009962 166.009510 166.008604 166.008604 166.009057 166.009962 166.013132 166.020378 166.038039 0.000000 
0.000000 0.000000 0.000000 0.000000 0.000000 0.000000 0.000000 0.000000 0.000000 166.040756 166.038944 166.037133 166.034869 166.033057 166.031246 166.029435 166.027623 166.025812 166.024000 166.022189 166.020378 166.018566 166.017208 166.015397 166.014038 166.012680 166.011321 166.009962 166.009057 166.007698 166.006793 166.005434 166.004076 166.003170 166.003170 166.003623 166.014491 
0.000000 0.000000 0.000000 0.000000 0.000000 0.000000 0.000000 0.000000 0.000000 0.000000 0.000000 0.000000 0.000000 166.040756 166.038491 166.036680 166.034869 166.032604 166.030793 166.028529 166.026718 166.024906 166.022642 166.020831 166.019019 166.016755 166.014944 166.013132 166.011321 166.009057 166.007698 166.005887 166.004528 166.003170 166.001811 166.000906 166.000000 
0.000000 0.000000 0.000000 0.000000 0.000000 0.000000 0.000000 0.000000 0.000000 0.000000 0.000000 0.000000 0.000000 0.000000 0.000000 0.000000 0.000000 0.000000 0.000000 0.000000 166.041208 166.039397 166.037133 166.035321 166.033057 166.031246 166.029435 166.027623 166.025812 166.023548 166.021736 166.021283 166.019925 166.019019 166.019019 166.021736 166.032152 
