test/output/constant/M385_S060_A090_WD135.0_WS040.0/M385_S060_A090_WD135.0_WS040.0_intensity.asc
ncols         32
nrows         15
xllcorner     423603.990666
yllcorner     12747455.311160
cellsize      100.000000
NODATA_value  0.000000
0 0 0 0 0 0 0 0 0 0 0 0 0 0 0 0 0 0 0 0 0 0 12084 9165 9165 15393 15393 9165 12084 4793 1887 1395 
0 0 0 0 0 0 0 0 0 0 0 0 0 0 0 0 0 0 12084 15393 9165 22787 6715 9165 18996 15393 18996 18996 40554 47460 0 2641 
0 0 0 0 0 0 0 0 0 0 0 0 0 0 0 18996 15393 15393 18996 18996 30473 15393 18996 6715 12084 18996 47460 47460 47460 47460 2641 2641 
0 0 0 0 0 0 0 0 0 0 0 0 9165 15393 6715 18996 15393 18996 4793 26651 18996 15393 34136 47460 47460 47460 47460 47460 35166 2641 3735 0 
0 0 0 0 0 0 0 0 0 0 15393 15393 18996 12084 34136 18996 9165 37531 18996 12084 30473 47460 47460 47460 47460 10008 35166 3735 2641 2641 3735 0 
0 0 0 0 0 0 0 0 15393 18996 18996 37531 30473 43114 26651 15393 26651 47460 47460 47460 47460 47460 46844 41356 35166 35166 5316 3735 2641 0 0 0 
0 0 0 0 0 0 37531 15393 18996 15393 6715 12084 15393 34136 34136 30473 47460 47460 47460 43764 47460 47460 3735 5316 3735 35166 38461 3735 0 0 0 0 
0 0 0 0 0 40554 40554 18996 45133 26651 18996 18996 47460 47460 47460 47460 47460 47460 47460 43764 38461 38461 35166 3735 2641 5316 0 0 0 0 0 0 
0 0 0 37531 15393 37531 18996 34136 47460 15393 47460 47460 47460 47460 47460 45612 47460 46844 38461 1762 3735 3735 38461 2641 2641 0 0 0 0 0 0 0 
0 0 15393 47460 15393 40554 47460 18996 47460 47460 47460 47460 47460 47460 20111 41356 38461 2262 38461 1296 1296 35166 3735 0 0 0 0 0 0 0 0 0 
0 30473 30473 47460 47460 47460 47460 47460 47460 47460 47423 47460 38461 41356 3735 3735 5316 3735 2641 3735 35166 0 0 0 0 0 0 0 0 0 0 0 
0 47460 47460 47460 47460 47460 46844 47460 47460 43764 38461 38461 3735 2262 5316 41356 5316 35166 0 0 0 0 0 0 0 0 0 0 0 0 0 0 
47460 47460 47460 47460 47460 46844 47460 45612 47423 38461 38461 41356 41356 35166 3735 0 0 0 0 0 0 0 0 0 0 0 0 0 0 0 0 0 
47460 47460 47460 47460 47460 38461 41356 10008 38461 41356 3735 38461 0 0 0 0 0 0 0 0 0 0 0 0 0 0 0 0 0 0 0 0 
0 0 46844 38461 38461 10008 38461 0 0 0 0 0 0 0 0 0 0 0 0 0 0 0 0 0 0 0 0 0 0 0 0 0 
