test/output/constant/M3M450_S000_A270_WD090.0_WS050.0/M3M450_S000_A270_WD090.0_WS050.0_arrival.asc
ncols         35
nrows         7
xllcorner     423203.990666
yllcorner     12748455.311160
cellsize      100.000000
NODATA_value  0.000000
0.000000 0.000000 0.000000 0.000000 0.000000 0.000000 0.000000 0.000000 0.000000 0.000000 0.000000 166.041401 166.040415 166.039922 166.039430 166.038937 166.038937 166.039430 166.039430 166.039922 166.040415 166.041401 0.000000 0.000000 0.000000 0.000000 0.000000 0.000000 0.000000 0.000000 0.000000 0.000000 0.000000 0.000000 0.000000 
0.000000 0.000000 0.000000 166.041667 166.040908 166.039430 166.038444 166.037458 166.036472 166.034994 166.034008 166.033022 166.032036 166.031051 166.030065 166.029079 166.028094 166.027601 166.026615 166.025629 166.025136 166.024151 166.023658 166.023658 166.023658 166.024151 166.024643 166.025629 166.027601 166.030065 166.034994 0.000000 0.000000 0.000000 0.000000 
0.000000 166.041401 166.039922 166.038937 166.037458 166.036472 166.034994 166.034008 166.032529 166.031544 166.030065 166.029079 166.027601 166.026615 166.025136 166.024151 166.022672 166.021686 166.020208 166.019222 166.018236 166.016758 166.015772 166.014786 166.013307 166.012322 166.011336 166.010350 166.009365 166.008379 166.007886 166.008379 166.009365 166.013307 166.029572 
166.041401 166.040415 166.038937 166.037951 166.036472 166.035487 166.034008 166.033022 166.031544 166.030558 166.029079 166.028094 166.026615 166.025629 166.024151 166.023165 166.021686 166.020700 166.019222 166.018236 166.016758 166.015772 166.014293 166.013307 166.011829 166.010843 166.009365 166.008379 166.006900 166.005914 166.004436 166.003450 166.001971 166.000986 166.000000 
0.000000 166.041401 166.039922 166.038937 166.037458 166.036472 166.034994 166.034008 166.032529 166.031544 166.030065 166.029079 166.027601 166.026615 166.025136 166.024151 166.022672 166.021686 166.020208 166.019222 166.018236 166.016758 166.015772 166.014786 166.013307 166.012322 166.011336 166.010350 166.009365 166.008379 166.007886 166.008379 166.009365 166.013307 166.029572 
0.000000 0.000000 0.000000 166.041667 166.040908 166.039430 166.038444 166.037458 166.036472 166.034994 166.034008 166.033022 166.032036 166.031051 166.030065 166.029079 166.028094 166.027601 166.026615 166.025629 166.025136 166.024151 166.023658 166.023658 166.023658 166.024151 166.024643 166.025629 166.027601 166.030065 166.034994 0.000000 0.000000 0.000000 0.000000 
0.000000 0.000000 0.000000 0.000000 0.000000 0.000000 0.000000 0.000000 0.000000 0.000000 0.000000 166.041401 166.040415 166.039922 166.039430 166.038937 166.038937 166.039430 166.039430 166.039922 166.040415 166.041401 0.000000 0.000000 0.000000 0.000000 0.000000 0.000000 0.000000 0.000000 0.000000 0.000000 0.000000 0.000000 0.000000 
