test/output/constant/M295_S060_A270_WD180.0_WS015.0/M295_S060_A270_WD180.0_WS015.0_arrival.asc
ncols         7
nrows         35
xllcorner     426303.990666
yllcorner     12748755.311160
cellsize      100.000000
NODATA_value  0.000000
0.000000 0.000000 0.000000 166.041667 0.000000 0.000000 0.000000 
0.000000 0.000000 166.041201 166.040704 166.041201 0.000000 0.000000 
0.000000 0.000000 166.040208 166.039215 166.040208 0.000000 0.000000 
0.000000 166.041667 166.038719 166.038222 166.038719 166.041667 0.000000 
0.000000 166.040208 166.037726 166.036733 166.037726 166.040208 0.000000 
0.000000 166.039215 166.036237 166.035740 166.036237 166.039215 0.000000 
0.000000 166.038222 166.035244 166.034251 166.035244 166.038222 0.000000 
0.000000 166.036733 166.033755 166.033258 166.033755 166.036733 0.000000 
166.041667 166.035740 166.032762 166.031769 166.032762 166.035740 166.041667 
166.041201 166.034748 166.031273 166.030776 166.031273 166.034748 166.041201 
166.040208 166.033755 166.030280 166.029287 166.030280 166.033755 166.040208 
166.039215 166.032266 166.029287 166.028294 166.029287 166.032266 166.039215 
166.038719 166.031273 166.027798 166.026805 166.027798 166.031273 166.038719 
166.037726 166.030280 166.026805 166.025812 166.026805 166.030280 166.037726 
166.036733 166.029287 166.025316 166.024323 166.025316 166.029287 166.036733 
166.036237 166.028294 166.024323 166.023330 166.024323 166.028294 166.036237 
166.035740 166.027302 166.022834 166.021841 166.022834 166.027302 166.035740 
166.035740 166.026309 166.021841 166.020849 166.021841 166.026309 166.035740 
166.035740 166.025316 166.020352 166.019359 166.020352 166.025316 166.035740 
166.035740 166.024820 166.019359 166.018367 166.019359 166.024820 166.035740 
166.036237 166.023827 166.018367 166.016877 166.018367 166.023827 166.036237 
166.036237 166.022834 166.016877 166.015885 166.016877 166.022834 166.036237 
166.037230 166.022338 166.015885 166.014395 166.015885 166.022338 166.037230 
166.038222 166.021345 166.014395 166.013403 166.014395 166.021345 166.038222 
166.039711 166.021345 166.013403 166.011913 166.013403 166.021345 166.039711 
166.041667 166.021841 166.011913 166.010921 166.011913 166.021841 166.041667 
0.000000 166.021841 166.010921 166.009431 166.010921 166.021841 0.000000 
0.000000 166.022338 166.009928 166.008439 166.009928 166.022338 0.000000 
0.000000 166.023827 166.008935 166.006950 166.008935 166.023827 0.000000 
0.000000 166.026309 166.007942 166.005957 166.007942 166.026309 0.000000 
0.000000 166.029784 166.007446 166.004468 166.007446 166.029784 0.000000 
0.000000 166.036733 166.007446 166.003475 166.007446 166.036733 0.000000 
0.000000 0.000000 166.007942 166.001986 166.007942 0.000000 0.000000 
0.000000 0.000000 166.010921 166.000993 166.010921 0.000000 0.000000 
0.000000 0.000000 166.029287 166.000000 166.029287 0.000000 0.000000 
