test/output/constant/M395_S060_A270_WD045.0_WS010.0/M395_S060_A270_WD045.0_WS010.0_raz.asc
ncols         15
nrows         46
xllcorner     425403.990666
yllcorner     12748655.311160
cellsize      100.000000
NODATA_value  0.000000
0 0 347 347 347 358 0 0 0 0 0 0 0 0 0 
0 347 347 347 347 347 0 0 0 0 0 0 0 0 0 
0 347 347 347 347 354 358 0 0 0 0 0 0 0 0 
0 347 347 347 351 0 357 0 0 0 0 0 0 0 0 
0 347 347 347 347 358 352 6 0 0 0 0 0 0 0 
0 347 347 347 347 347 355 358 358 0 0 0 0 0 0 
347 347 347 347 347 347 358 0 358 0 0 0 0 0 0 
347 345 347 347 347 347 347 3 358 351 0 0 0 0 0 
347 347 347 347 347 347 0 351 3 354 0 0 0 0 0 
345 347 347 347 347 347 358 358 3 352 0 0 0 0 0 
0 347 347 347 347 347 347 3 358 351 0 0 0 0 0 
0 347 347 347 347 347 350 347 358 3 358 0 0 0 0 
0 344 347 347 347 347 347 351 3 9 6 0 0 0 0 
0 347 347 347 347 347 347 358 358 0 358 0 0 0 0 
0 338 347 347 347 347 0 358 0 0 358 0 0 0 0 
0 338 344 347 343 347 347 347 355 0 0 358 0 0 0 
0 340 347 347 347 347 347 9 9 0 3 358 0 0 0 
0 340 338 347 347 347 347 0 20 6 3 6 358 0 0 
0 338 340 347 347 347 347 347 355 0 0 0 3 0 0 
0 295 338 347 347 347 347 350 0 354 6 0 0 0 0 
0 0 295 338 347 347 347 347 347 3 6 14 6 0 0 
0 0 295 340 343 347 347 347 0 347 358 357 0 0 0 
0 0 279 340 347 347 347 347 351 358 358 358 0 6 0 
0 0 269 338 338 347 347 347 347 0 357 358 6 0 0 
0 0 307 307 340 344 346 347 351 352 354 3 358 6 0 
0 0 0 338 295 347 347 347 347 349 0 358 0 358 0 
0 0 0 338 338 340 347 347 347 347 358 358 0 9 0 
0 0 0 340 279 338 341 347 347 347 358 9 6 358 0 
0 0 0 338 279 307 347 347 347 6 351 6 0 0 0 
0 0 0 0 338 307 338 347 347 347 6 358 0 3 0 
0 0 0 0 269 340 340 341 347 347 3 358 6 0 0 
0 0 0 0 295 338 338 347 347 347 347 358 358 3 6 
0 0 0 0 0 295 338 340 345 347 347 358 6 0 0 
0 0 0 0 0 338 340 307 341 347 347 352 358 6 0 
0 0 0 0 0 295 338 269 347 344 347 354 0 0 0 
0 0 0 0 0 0 338 295 338 347 347 357 3 0 0 
0 0 0 0 0 0 279 279 338 344 347 347 0 0 0 
0 0 0 0 0 0 338 279 338 347 347 348 358 9 14 
0 0 0 0 0 0 0 295 279 307 347 347 0 0 14 
0 0 0 0 0 0 0 279 295 307 344 347 0 6 0 
0 0 0 0 0 0 0 0 279 338 345 347 0 0 14 
0 0 0 0 0 0 0 0 269 338 338 347 357 9 9 
0 0 0 0 0 0 0 0 0 269 269 347 347 9 14 
0 0 0 0 0 0 0 0 0 269 269 269 347 9 77 
0 0 0 0 0 0 0 0 0 0 269 269 254 77 0 
0 0 0 0 0 0 0 0 0 0 0 269 237 146 0 
