test/output/constant/M395_S060_A270_WD045.0_WS010.0/M395_S060_A270_WD045.0_WS010.0_intensity.asc
ncols         15
nrows         46
xllcorner     425403.990666
yllcorner     12748655.311160
cellsize      100.000000
NODATA_value  0.000000
0 0 69719 69719 69719 42753 0 0 0 0 0 0 0 0 0 
0 69719 69719 69719 69719 69719 0 0 0 0 0 0 0 0 0 
0 69719 69719 69719 69719 58335 42753 0 0 0 0 0 0 0 0 
0 69719 69719 69719 65618 36930 48373 36930 0 0 0 0 0 0 0 
0 69719 69719 69719 69719 42753 62375 25383 0 0 0 0 0 0 0 
0 69552 69719 69719 69719 69719 53620 42753 42753 0 0 0 0 0 0 
69719 69719 69719 69719 69719 69719 42753 36930 42753 0 0 0 0 0 0 
69719 67573 69719 69719 69719 69719 69719 31081 42753 65618 0 0 0 0 0 
69552 69719 69719 69719 69719 69719 36930 65618 31081 58335 0 0 0 0 0 
67573 69719 69719 69719 69719 69719 42753 42753 31081 62375 0 0 0 0 0 
0 69719 69719 69719 69719 69719 69719 31081 42753 65618 36930 0 0 0 0 
0 69719 69719 69719 69719 69719 67964 69719 42753 31081 42753 0 0 0 0 
0 65043 69719 69719 69719 69719 69719 65618 31081 20009 25383 0 0 0 0 
0 69719 69719 69719 69719 69719 69719 42753 42753 36930 42753 36930 0 0 0 
0 47298 69719 69719 69719 69719 36930 42753 36930 36930 42753 36930 0 0 0 
0 47298 65043 69719 61635 69719 69719 69719 53620 36930 36930 42753 0 0 0 
0 52626 69719 69719 69719 69719 69719 20009 20009 36930 31081 42753 36930 0 0 
0 52626 47298 69719 69719 69719 69719 36930 10861 25383 31081 25383 42753 0 0 
0 47298 52626 69719 69719 69719 69719 69719 53620 36930 36930 36930 31081 0 0 
0 4439 47298 69719 69719 69719 69719 67964 36930 58335 25383 36930 36930 0 0 
0 0 4439 47298 69719 69719 69719 69719 69719 31081 25383 15119 25383 0 0 
0 0 4439 52626 61635 69719 69719 69719 36930 69719 42753 48373 36930 0 0 
0 0 2821 52626 69719 69719 69719 69719 65618 42753 42753 42753 36930 25383 0 
0 0 2286 47298 47298 69552 69719 69719 69719 36930 48373 42753 25383 36930 0 
0 0 6912 6912 52626 65043 69149 69719 65618 62375 58335 31081 42753 25383 0 
0 0 0 47298 4439 69719 69719 69719 69719 69344 36930 42753 36930 42753 0 
0 0 0 47298 47298 52626 69719 69719 69719 69719 42753 42753 36930 20009 0 
0 0 0 52626 2821 47298 57454 69719 69719 69719 42753 20009 25383 42753 0 
0 0 0 47298 2821 6912 69719 69719 69719 25383 65618 25383 36930 36930 0 
0 0 0 0 47298 6912 47298 69552 69719 69719 25383 42753 36930 31081 36930 
0 0 0 0 2286 52626 52626 57454 69719 69719 31081 42753 25383 36930 36930 
0 0 0 0 4439 47298 47298 69719 69719 69719 69719 42753 42753 31081 25383 
0 0 0 0 0 4439 47298 52626 67573 69719 69719 42753 25383 36930 36930 
0 0 0 0 0 47298 52626 6912 57454 69719 69719 62375 42753 25383 36930 
0 0 0 0 0 4439 47298 2286 69719 65043 69719 58335 36930 36930 36930 
0 0 0 0 0 0 47298 4439 47298 69719 69719 48373 31081 36930 36930 
0 0 0 0 0 0 2821 2821 47298 65043 69719 69719 36930 36930 36930 
0 0 0 0 0 0 47298 2821 47298 69719 69719 69649 42753 20009 15119 
0 0 0 0 0 0 0 4439 2821 6912 69719 69719 36930 36930 15119 
0 0 0 0 0 0 0 2821 4439 6912 65043 69719 36930 25383 36930 
0 0 0 0 0 0 0 0 2821 47298 67573 69719 36930 36930 15119 
0 0 0 0 0 0 0 0 2286 47298 47298 69719 48373 20009 20009 
0 0 0 0 0 0 0 0 0 2286 2286 69719 69719 20009 15119 
0 0 0 0 0 0 0 0 0 2286 2286 2286 69719 20009 1922 
0 0 0 0 0 0 0 0 0 0 2286 2286 0 1922 0 
0 0 0 0 0 0 0 0 0 0 0 2286 1558 1280 0 
