test/output/constant/M495_S000_A180_WD090.0_WS040.0/M495_S000_A180_WD090.0_WS040.0_arrival.asc
ncols         37
nrows         7
xllcorner     423003.990666
yllcorner     12748455.311160
cellsize      100.000000
NODATA_value  0.000000
0.000000 0.000000 0.000000 0.000000 0.000000 166.041667 166.041000 166.040079 166.039157 166.038236 166.037315 166.036393 166.035933 166.035011 166.034090 166.033169 166.032708 166.031787 166.031326 166.030405 166.030405 166.030405 166.030405 166.030405 166.030865 166.031326 166.032247 166.033169 166.035011 166.037315 166.041000 0.000000 0.000000 0.000000 0.000000 0.000000 0.000000 
0.000000 0.000000 166.041461 166.040079 166.039157 166.038236 166.036854 166.035933 166.035011 166.033629 166.032708 166.031787 166.030405 166.029483 166.028562 166.027640 166.026258 166.025337 166.024416 166.023494 166.022573 166.022112 166.021191 166.020270 166.019348 166.018888 166.018427 166.018427 166.018427 166.018427 166.019348 166.020730 166.023034 166.027180 166.035933 0.000000 0.000000 
166.041461 166.040079 166.039157 166.038236 166.036854 166.035933 166.034551 166.033629 166.032247 166.031326 166.029944 166.029022 166.028101 166.026719 166.025798 166.024416 166.023494 166.022112 166.021191 166.020270 166.018888 166.017966 166.016584 166.015663 166.014281 166.013360 166.012438 166.011056 166.010135 166.009213 166.007831 166.007371 166.006449 166.006449 166.006449 166.008292 166.018427 
166.041000 166.040079 166.038697 166.037775 166.036393 166.035472 166.034090 166.033169 166.031787 166.030865 166.029483 166.028562 166.027180 166.026258 166.024876 166.023955 166.022573 166.021652 166.020270 166.019348 166.017966 166.017045 166.015663 166.014742 166.013360 166.012438 166.011056 166.010135 166.008753 166.007831 166.006449 166.005528 166.004146 166.003225 166.001843 166.000921 166.000000 
166.041461 166.040079 166.039157 166.038236 166.036854 166.035933 166.034551 166.033629 166.032247 166.031326 166.029944 166.029022 166.028101 166.026719 166.025798 166.024416 166.023494 166.022112 166.021191 166.020270 166.018888 166.017966 166.016584 166.015663 166.014281 166.013360 166.012438 166.011056 166.010135 166.009213 166.007831 166.007371 166.006449 166.006449 166.006449 166.008292 166.018427 
0.000000 0.000000 166.041461 166.040079 166.039157 166.038236 166.036854 166.035933 166.035011 166.033629 166.032708 166.031787 166.030405 166.029483 166.028562 166.027640 166.026258 166.025337 166.024416 166.023494 166.022573 166.022112 166.021191 166.020270 166.019348 166.018888 166.018427 166.018427 166.018427 166.018427 166.019348 166.020730 166.023034 166.027180 166.035933 0.000000 0.000000 
0.000000 0.000000 0.000000 0.000000 0.000000 166.041667 166.041000 166.040079 166.039157 166.038236 166.037315 166.036393 166.035933 166.035011 166.034090 166.033169 166.032708 166.031787 166.031326 166.030405 166.030405 166.030405 166.030405 166.030405 166.030865 166.031326 166.032247 166.033169 166.035011 166.037315 166.041000 0.000000 0.000000 0.000000 0.000000 0.000000 0.000000 
