test/output/constant/M355_S060_A000_WD315.0_WS005.0/M355_S060_A000_WD315.0_WS005.0_arrival.asc
ncols         29
nrows         8
xllcorner     423903.990666
yllcorner     12748255.311160
cellsize      100.000000
NODATA_value  0.000000
0.000000 0.000000 0.000000 0.000000 0.000000 0.000000 0.000000 0.000000 0.000000 0.000000 0.000000 166.041667 166.040409 166.039166 166.037922 166.036679 166.035436 166.034814 166.033571 166.032949 166.032327 166.032327 166.033571 166.034814 166.036679 0.000000 0.000000 0.000000 0.000000 
0.000000 0.000000 0.000000 0.000000 0.000000 0.000000 0.000000 166.040409 166.038544 166.036679 166.034814 166.032949 166.031084 166.029219 166.027354 166.025489 166.023624 166.021759 166.019894 166.018029 166.016164 166.014920 166.013677 166.012434 166.011812 166.011190 166.012434 166.019272 0.000000 
0.000000 0.000000 0.000000 166.041652 166.039787 166.037922 166.036057 166.034192 166.032327 166.030462 166.028597 166.026732 166.024867 166.023002 166.021137 166.019272 166.018029 166.016164 166.014299 166.012434 166.010569 166.009325 166.007460 166.005595 166.004352 166.002487 166.001243 166.000000 166.037301 
0.000000 166.041652 166.040409 166.038544 166.036679 166.034814 166.032949 166.031706 166.029841 166.027975 166.026110 166.024867 166.023002 166.021759 166.019894 166.018650 166.016785 166.014920 166.013677 166.011812 166.010569 166.008703 166.007460 166.006217 166.004973 166.004352 166.004973 166.011812 0.000000 
0.000000 166.040409 166.039166 166.037301 166.035436 166.034192 166.032327 166.031084 166.029219 166.027975 166.026110 166.024867 166.023002 166.021759 166.019894 166.018650 166.017407 166.016164 166.014920 166.013677 166.013055 166.013055 166.013055 166.013677 166.015542 166.021137 166.032949 0.000000 0.000000 
166.041652 166.040409 166.038544 166.037301 166.035436 166.034192 166.032327 166.031084 166.029841 166.028597 166.027354 166.026110 166.024867 166.023624 166.023002 166.022380 166.021759 166.021759 166.021137 166.021137 166.022380 166.024245 166.027354 166.032949 166.040409 0.000000 0.000000 0.000000 0.000000 
0.000000 166.041031 166.039787 166.038544 166.037301 166.036057 166.034814 166.033571 166.032949 166.031706 166.031084 166.030462 166.030462 166.029841 166.029841 166.029841 166.029841 166.031084 166.032327 166.035436 166.038544 0.000000 0.000000 0.000000 0.000000 0.000000 0.000000 0.000000 0.000000 
0.000000 0.000000 0.000000 166.041652 166.041031 166.040409 166.039787 166.039166 166.039166 166.038544 166.038544 166.037922 166.037922 166.038544 166.039787 166.041652 0.000000 0.000000 0.000000 0.000000 0.000000 0.000000 0.000000 0.000000 0.000000 0.000000 0.000000 0.000000 0.000000 
