test/output/constant/M490_S060_A180_WD315.0_WS015.0/M490_S060_A180_WD315.0_WS015.0_arrival.asc
ncols         37
nrows         12
xllcorner     426603.990666
yllcorner     12747755.311160
cellsize      100.000000
NODATA_value  0.000000
0.000000 166.030580 166.029250 166.030137 166.031023 166.033239 166.036341 166.039444 0.000000 0.000000 0.000000 0.000000 0.000000 0.000000 0.000000 0.000000 0.000000 0.000000 0.000000 0.000000 0.000000 0.000000 0.000000 0.000000 0.000000 0.000000 0.000000 0.000000 0.000000 0.000000 0.000000 0.000000 0.000000 0.000000 0.000000 0.000000 0.000000 
166.000000 166.000886 166.001773 166.003102 166.005318 166.007977 166.010636 166.013739 166.016398 166.019500 166.022602 166.025705 166.028807 166.031909 166.034568 166.037671 166.040773 0.000000 0.000000 0.000000 0.000000 0.000000 0.000000 0.000000 0.000000 0.000000 0.000000 0.000000 0.000000 0.000000 0.000000 0.000000 0.000000 0.000000 0.000000 0.000000 0.000000 
166.010636 166.002216 166.002216 166.003102 166.004432 166.005318 166.006648 166.007977 166.009307 166.011523 166.013739 166.015955 166.018614 166.020830 166.023489 166.026148 166.028807 166.031909 166.034568 166.037671 166.040330 0.000000 0.000000 0.000000 0.000000 0.000000 0.000000 0.000000 0.000000 0.000000 0.000000 0.000000 0.000000 0.000000 0.000000 0.000000 0.000000 
0.000000 166.031023 166.013739 166.007977 166.006648 166.006648 166.006648 166.007534 166.008864 166.010193 166.011080 166.012409 166.013739 166.015511 166.017727 166.019500 166.021716 166.023932 166.026591 166.028807 166.031466 166.034125 166.036784 166.039000 166.041659 0.000000 0.000000 0.000000 0.000000 0.000000 0.000000 0.000000 0.000000 0.000000 0.000000 0.000000 0.000000 
0.000000 0.000000 0.000000 166.029693 166.019500 166.013739 166.011523 166.010636 166.010636 166.010636 166.011080 166.012409 166.013296 166.014625 166.015955 166.016841 166.018614 166.019943 166.021716 166.023489 166.025705 166.027921 166.029693 166.031909 166.034568 166.036784 166.039444 0.000000 0.000000 0.000000 0.000000 0.000000 0.000000 0.000000 0.000000 0.000000 0.000000 
0.000000 0.000000 0.000000 0.000000 0.000000 166.034125 166.025705 166.019943 166.016841 166.015511 166.015068 166.014625 166.015068 166.015068 166.015955 166.016841 166.018171 166.019500 166.020387 166.021716 166.023046 166.024375 166.026148 166.027921 166.029693 166.031909 166.033682 166.035898 166.038114 166.040330 0.000000 0.000000 0.000000 0.000000 0.000000 0.000000 0.000000 
0.000000 0.000000 0.000000 0.000000 0.000000 0.000000 0.000000 166.039000 166.031909 166.026148 166.023046 166.020830 166.019943 166.019057 166.019057 166.019057 166.019057 166.019943 166.020387 166.021716 166.022602 166.023932 166.025262 166.026148 166.027478 166.029250 166.030580 166.032353 166.034125 166.035898 166.037671 166.039887 0.000000 0.000000 0.000000 0.000000 0.000000 
0.000000 0.000000 0.000000 0.000000 0.000000 0.000000 0.000000 0.000000 0.000000 0.000000 166.038114 166.032353 166.028807 166.026148 166.024818 166.023932 166.023489 166.023046 166.023046 166.023489 166.023489 166.024375 166.025262 166.026148 166.027478 166.028364 166.029693 166.031023 166.032353 166.033682 166.035012 166.036784 166.038557 166.040330 0.000000 0.000000 0.000000 
0.000000 0.000000 0.000000 0.000000 0.000000 0.000000 0.000000 0.000000 0.000000 0.000000 0.000000 0.000000 0.000000 166.038557 166.035012 166.031909 166.030137 166.028807 166.027921 166.027478 166.027034 166.027034 166.027478 166.027478 166.027921 166.028807 166.029693 166.031023 166.031909 166.033239 166.034125 166.035455 166.036784 166.038114 166.039887 166.041216 0.000000 
0.000000 0.000000 0.000000 0.000000 0.000000 0.000000 0.000000 0.000000 0.000000 0.000000 0.000000 0.000000 0.000000 0.000000 0.000000 0.000000 166.040773 166.038114 166.035455 166.034125 166.033239 166.032353 166.031909 166.031466 166.031466 166.031466 166.031909 166.031909 166.032796 166.033239 166.034125 166.035455 166.036784 166.037671 166.039000 166.039887 166.041216 
0.000000 0.000000 0.000000 0.000000 0.000000 0.000000 0.000000 0.000000 0.000000 0.000000 0.000000 0.000000 0.000000 0.000000 0.000000 0.000000 0.000000 0.000000 0.000000 0.000000 166.041216 166.039444 166.038114 166.037228 166.036341 166.035898 166.035455 166.035455 166.035898 166.035898 166.035898 166.036784 166.037671 166.038114 166.039000 166.040330 166.041216 
0.000000 0.000000 0.000000 0.000000 0.000000 0.000000 0.000000 0.000000 0.000000 0.000000 0.000000 0.000000 0.000000 0.000000 0.000000 0.000000 0.000000 0.000000 0.000000 0.000000 0.000000 0.000000 0.000000 0.000000 0.000000 0.000000 166.041216 166.040773 166.040330 166.039887 166.039887 166.039887 166.039887 166.040330 166.040330 166.041216 166.041659 
