test/output/constant/M3M495_S060_A180_WD090.0_WS005.0/M3M495_S060_A180_WD090.0_WS005.0_arrival.asc
ncols         47
nrows         11
xllcorner     426503.990666
yllcorner     12748255.311160
cellsize      100.000000
NODATA_value  0.000000
0.000000 0.000000 0.000000 0.000000 0.000000 0.000000 0.000000 0.000000 0.000000 0.000000 0.000000 0.000000 0.000000 0.000000 0.000000 0.000000 166.041194 166.040081 166.039338 166.038967 166.038596 166.038596 166.038225 166.038225 166.038225 166.038225 166.038225 166.038596 166.038967 166.039338 166.039709 166.040452 166.041194 166.041565 0.000000 0.000000 0.000000 0.000000 0.000000 0.000000 0.000000 0.000000 0.000000 0.000000 0.000000 0.000000 0.000000 
0.000000 0.000000 0.000000 0.000000 0.000000 0.000000 0.000000 0.000000 166.040452 166.037854 166.035627 166.033400 166.032658 166.031545 166.030803 166.030432 166.030060 166.030060 166.029689 166.029689 166.029689 166.030060 166.030060 166.030803 166.031174 166.031916 166.032287 166.033029 166.033772 166.034143 166.034885 166.035627 166.036369 166.037112 166.037854 166.038225 166.038967 166.039709 166.040452 166.041194 0.000000 0.000000 0.000000 0.000000 0.000000 0.000000 0.000000 
0.000000 0.000000 0.000000 0.000000 166.040081 166.033400 166.028576 166.025978 166.024123 166.023009 166.022267 166.021896 166.021525 166.021154 166.021525 166.021525 166.021525 166.022267 166.022638 166.023380 166.023751 166.024494 166.025236 166.025978 166.026349 166.027091 166.027834 166.028576 166.029318 166.030060 166.030803 166.031545 166.032658 166.033400 166.034143 166.034885 166.035998 166.036741 166.037483 166.038225 166.039338 166.040081 166.040823 0.000000 0.000000 0.000000 0.000000 
0.000000 0.000000 166.030060 166.021896 166.016700 166.014845 166.013731 166.012989 166.012989 166.012989 166.012989 166.013360 166.014102 166.014474 166.015216 166.015958 166.016700 166.017442 166.018185 166.018927 166.019669 166.020411 166.021525 166.022267 166.023009 166.024123 166.024865 166.025607 166.026720 166.027463 166.028576 166.029318 166.030060 166.031174 166.031916 166.032658 166.033772 166.034514 166.035627 166.036369 166.037483 166.038225 166.039338 166.040081 166.040823 166.041667 0.000000 
166.041565 166.011133 166.005196 166.004453 166.004453 166.004825 166.005567 166.006309 166.007051 166.007793 166.008907 166.009649 166.010762 166.011505 166.012247 166.013360 166.014102 166.015216 166.015958 166.016700 166.017814 166.018556 166.019669 166.020411 166.021525 166.022267 166.023380 166.024123 166.024865 166.025978 166.026720 166.027834 166.028576 166.029689 166.030432 166.031545 166.032287 166.033400 166.034143 166.035256 166.035998 166.037112 166.037854 166.038967 166.039709 166.040823 166.041565 
166.027091 166.000000 166.000742 166.001484 166.002598 166.003340 166.004453 166.005196 166.006309 166.007051 166.008165 166.008907 166.010020 166.010762 166.011876 166.012618 166.013731 166.014474 166.015587 166.016329 166.017442 166.018185 166.019298 166.020040 166.021154 166.021896 166.023009 166.023751 166.024865 166.025607 166.026720 166.027463 166.028576 166.029318 166.030432 166.031174 166.032287 166.033029 166.034143 166.034885 166.035998 166.036741 166.037854 166.038596 166.039709 166.040452 166.041565 
166.041565 166.011133 166.005196 166.004453 166.004453 166.004825 166.005567 166.006309 166.007051 166.007793 166.008907 166.009649 166.010762 166.011505 166.012247 166.013360 166.014102 166.015216 166.015958 166.016700 166.017814 166.018556 166.019669 166.020411 166.021525 166.022267 166.023380 166.024123 166.024865 166.025978 166.026720 166.027834 166.028576 166.029689 166.030432 166.031545 166.032287 166.033400 166.034143 166.035256 166.035998 166.037112 166.037854 166.038967 166.039709 166.040823 166.041565 
0.000000 0.000000 166.030060 166.021896 166.016700 166.014845 166.013731 166.012989 166.012989 166.012989 166.012989 166.013360 166.014102 166.014474 166.015216 166.015958 166.016700 166.017442 166.018185 166.018927 166.019669 166.020411 166.021525 166.022267 166.023009 166.024123 166.024865 166.025607 166.026720 166.027463 166.028576 166.029318 166.030060 166.031174 166.031916 166.032658 166.033772 166.034514 166.035627 166.036369 166.037483 166.038225 166.039338 166.040081 166.040823 166.041667 0.000000 
0.000000 0.000000 0.000000 0.000000 166.040081 166.033400 166.028576 166.025978 166.024123 166.023009 166.022267 166.021896 166.021525 166.021154 166.021525 166.021525 166.021525 166.022267 166.022638 166.023380 166.023751 166.024494 166.025236 166.025978 166.026349 166.027091 166.027834 166.028576 166.029318 166.030060 166.030803 166.031545 166.032658 166.033400 166.034143 166.034885 166.035998 166.036741 166.037483 166.038225 166.039338 166.040081 166.040823 0.000000 0.000000 0.000000 0.000000 
0.000000 0.000000 0.000000 0.000000 0.000000 0.000000 0.000000 0.000000 166.040452 166.037854 166.035627 166.033400 166.032658 166.031545 166.030803 166.030432 166.030060 166.030060 166.029689 166.029689 166.029689 166.030060 166.030060 166.030803 166.031174 166.031916 166.032287 166.033029 166.033772 166.034143 166.034885 166.035627 166.036369 166.037112 166.037854 166.038225 166.038967 166.039709 166.040452 166.041194 0.000000 0.000000 0.000000 0.000000 0.000000 0.000000 0.000000 
0.000000 0.000000 0.000000 0.000000 0.000000 0.000000 0.000000 0.000000 0.000000 0.000000 0.000000 0.000000 0.000000 0.000000 0.000000 0.000000 166.041194 166.040081 166.039338 166.038967 166.038596 166.038596 166.038225 166.038225 166.038225 166.038225 166.038225 166.038596 166.038967 166.039338 166.039709 166.040452 166.041194 166.041565 0.000000 0.000000 0.000000 0.000000 0.000000 0.000000 0.000000 0.000000 0.000000 0.000000 0.000000 0.000000 0.000000 
