test/output/constant/M3M475_S000_A000_WD270.0_WS035.0/M3M475_S000_A000_WD270.0_WS035.0_arrival.asc
ncols         38
nrows         9
xllcorner     426503.990666
yllcorner     12748355.311160
cellsize      100.000000
NODATA_value  0.000000
0.000000 0.000000 0.000000 0.000000 0.000000 0.000000 0.000000 0.000000 0.000000 0.000000 0.000000 166.041253 166.039878 166.038961 166.038044 166.037586 166.037127 166.037127 166.036669 166.036669 166.036669 166.037127 166.037127 166.038044 166.038503 166.039419 166.040336 166.040794 166.041667 0.000000 0.000000 0.000000 0.000000 0.000000 0.000000 0.000000 0.000000 0.000000 
0.000000 0.000000 0.000000 0.000000 0.000000 166.039878 166.034836 166.031627 166.029794 166.028419 166.027502 166.027043 166.026585 166.026127 166.026585 166.026585 166.026585 166.027502 166.027960 166.028877 166.029335 166.030252 166.031169 166.032085 166.032544 166.033461 166.034377 166.035294 166.036211 166.037127 166.038044 166.038961 166.040336 166.041253 0.000000 0.000000 0.000000 0.000000 
0.000000 0.000000 166.034377 166.025668 166.020626 166.017876 166.016959 166.016043 166.016043 166.016043 166.016043 166.016501 166.017418 166.018335 166.018793 166.019710 166.020626 166.021543 166.022460 166.023377 166.024293 166.025668 166.026585 166.027502 166.028877 166.029794 166.030710 166.032085 166.033002 166.033919 166.035294 166.036211 166.037127 166.038503 166.039419 166.040794 166.041667 0.000000 
0.000000 166.012376 166.006417 166.005500 166.005500 166.005959 166.006875 166.007792 166.008709 166.009626 166.011001 166.011917 166.013293 166.014209 166.015126 166.016501 166.017418 166.018793 166.019710 166.020626 166.022001 166.022918 166.024293 166.025210 166.026585 166.027502 166.028877 166.029794 166.030710 166.032085 166.033002 166.034377 166.035294 166.036669 166.037586 166.038961 166.039878 166.041253 
166.035294 166.000000 166.000917 166.001833 166.003209 166.004125 166.005500 166.006417 166.007792 166.008709 166.010084 166.011001 166.012376 166.013293 166.014668 166.015584 166.016959 166.017876 166.019251 166.020168 166.021543 166.022460 166.023835 166.024752 166.026127 166.027043 166.028419 166.029335 166.030710 166.031627 166.033002 166.033919 166.035294 166.036211 166.037586 166.038503 166.039878 166.040794 
0.000000 166.012376 166.006417 166.005500 166.005500 166.005959 166.006875 166.007792 166.008709 166.009626 166.011001 166.011917 166.013293 166.014209 166.015126 166.016501 166.017418 166.018793 166.019710 166.020626 166.022001 166.022918 166.024293 166.025210 166.026585 166.027502 166.028877 166.029794 166.030710 166.032085 166.033002 166.034377 166.035294 166.036669 166.037586 166.038961 166.039878 166.041253 
0.000000 0.000000 166.034377 166.025668 166.020626 166.017876 166.016959 166.016043 166.016043 166.016043 166.016043 166.016501 166.017418 166.018335 166.018793 166.019710 166.020626 166.021543 166.022460 166.023377 166.024293 166.025668 166.026585 166.027502 166.028877 166.029794 166.030710 166.032085 166.033002 166.033919 166.035294 166.036211 166.037127 166.038503 166.039419 166.040794 166.041667 0.000000 
0.000000 0.000000 0.000000 0.000000 0.000000 166.039878 166.034836 166.031627 166.029794 166.028419 166.027502 166.027043 166.026585 166.026127 166.026585 166.026585 166.026585 166.027502 166.027960 166.028877 166.029335 166.030252 166.031169 166.032085 166.032544 166.033461 166.034377 166.035294 166.036211 166.037127 166.038044 166.038961 166.040336 166.041253 0.000000 0.000000 0.000000 0.000000 
0.000000 0.000000 0.000000 0.000000 0.000000 0.000000 0.000000 0.000000 0.000000 0.000000 0.000000 166.041253 166.039878 166.038961 166.038044 166.037586 166.037127 166.037127 166.036669 166.036669 166.036669 166.037127 166.037127 166.038044 166.038503 166.039419 166.040336 166.040794 166.041667 0.000000 0.000000 0.000000 0.000000 0.000000 0.000000 0.000000 0.000000 0.000000 
