test/output/constant/M185_S060_A000_WD090.0_WS050.0/M185_S060_A000_WD090.0_WS050.0_arrival.asc
ncols         40
nrows         5
xllcorner     422703.990666
yllcorner     12748555.311160
cellsize      100.000000
NODATA_value  0.000000
0.000000 0.000000 0.000000 0.000000 0.000000 166.041186 166.040337 166.039488 166.038214 166.037365 166.036516 166.035666 166.034817 166.033968 166.033543 166.032694 166.031845 166.030996 166.030571 166.029722 166.028873 166.028448 166.027599 166.027174 166.027174 166.027174 166.027599 166.028024 166.028873 166.029722 166.031420 166.033119 166.036091 166.040337 0.000000 0.000000 0.000000 0.000000 0.000000 0.000000 
0.000000 166.041186 166.040337 166.039063 166.038214 166.036940 166.036091 166.034817 166.033968 166.033119 166.031845 166.030996 166.029722 166.028873 166.027599 166.026750 166.025476 166.024627 166.023778 166.022504 166.021655 166.020381 166.019532 166.018258 166.017409 166.016135 166.015286 166.014436 166.013163 166.012313 166.011464 166.011040 166.010190 166.009341 166.009341 166.009341 166.010615 166.013163 166.022079 0.000000 
166.041186 166.039912 166.039063 166.037789 166.036940 166.035666 166.034817 166.033543 166.032694 166.031420 166.030571 166.029297 166.028448 166.027174 166.026325 166.025051 166.024202 166.022928 166.022079 166.020805 166.019956 166.018682 166.017833 166.016559 166.015710 166.014436 166.013587 166.012313 166.011464 166.010190 166.009341 166.008067 166.007218 166.005944 166.005095 166.003821 166.002972 166.001698 166.000849 166.000000 
0.000000 166.041186 166.040337 166.039063 166.038214 166.036940 166.036091 166.034817 166.033968 166.033119 166.031845 166.030996 166.029722 166.028873 166.027599 166.026750 166.025476 166.024627 166.023778 166.022504 166.021655 166.020381 166.019532 166.018258 166.017409 166.016135 166.015286 166.014436 166.013163 166.012313 166.011464 166.011040 166.010190 166.009341 166.009341 166.009341 166.010615 166.013163 166.022079 0.000000 
0.000000 0.000000 0.000000 0.000000 0.000000 166.041186 166.040337 166.039488 166.038214 166.037365 166.036516 166.035666 166.034817 166.033968 166.033543 166.032694 166.031845 166.030996 166.030571 166.029722 166.028873 166.028448 166.027599 166.027174 166.027174 166.027174 166.027599 166.028024 166.028873 166.029722 166.031420 166.033119 166.036091 166.040337 0.000000 0.000000 0.000000 0.000000 0.000000 0.000000 
