test/output/constant/C2_S060_A000_WD045.0_WS010.0/C2_S060_A000_WD045.0_WS010.0_arrival.asc
ncols         25
nrows         8
xllcorner     424203.990666
yllcorner     12748155.311160
cellsize      100.000000
NODATA_value  0.000000
0.000000 0.000000 0.000000 0.000000 0.000000 0.000000 0.000000 0.000000 0.000000 0.000000 0.000000 0.000000 0.000000 0.000000 166.041667 166.039186 166.036483 166.033105 166.030403 166.027700 166.025673 166.024998 166.024998 166.027700 0.000000 
0.000000 0.000000 0.000000 0.000000 0.000000 0.000000 0.000000 0.000000 166.041213 166.038510 166.035132 166.032430 166.029051 166.026349 166.023647 166.020268 166.017566 166.014864 166.011485 166.009459 166.006756 166.004729 166.002702 166.001351 166.000000 
0.000000 0.000000 0.000000 0.000000 0.000000 166.040537 166.037834 166.035132 166.032430 166.029727 166.027025 166.024322 166.022295 166.019593 166.016890 166.014864 166.013512 166.011485 166.010134 166.008107 166.006081 166.004729 166.004054 166.004054 166.015539 
0.000000 0.000000 0.000000 166.039861 166.037159 166.034456 166.032430 166.029727 166.027700 166.025673 166.023647 166.022295 166.020268 166.018917 166.016890 166.014864 166.013512 166.012161 166.011485 166.011485 166.011485 166.013512 166.020944 166.041213 0.000000 
0.000000 166.040537 166.038510 166.036483 166.034456 166.032430 166.031078 166.029051 166.027025 166.025673 166.023647 166.022295 166.020944 166.019593 166.018917 166.018242 166.018917 166.018917 166.020268 166.024322 166.031078 0.000000 0.000000 0.000000 0.000000 
166.041213 166.039186 166.037834 166.035808 166.034456 166.032430 166.031078 166.029051 166.028376 166.027025 166.026349 166.025673 166.025673 166.026349 166.026349 166.027700 166.030403 166.034456 166.041213 0.000000 0.000000 0.000000 0.000000 0.000000 0.000000 
166.041213 166.039186 166.037834 166.036483 166.035808 166.034456 166.033781 166.033105 166.033105 166.033105 166.033781 166.033781 166.035132 166.037159 166.039861 0.000000 0.000000 0.000000 0.000000 0.000000 0.000000 0.000000 0.000000 0.000000 0.000000 
0.000000 0.000000 166.041213 166.040537 166.040537 166.040537 166.040537 166.041213 166.041213 0.000000 0.000000 0.000000 0.000000 0.000000 0.000000 0.000000 0.000000 0.000000 0.000000 0.000000 0.000000 0.000000 0.000000 0.000000 0.000000 
