test/output/constant/M3M475_S060_A270_WD045.0_WS010.0/M3M475_S060_A270_WD045.0_WS010.0_ros.asc
ncols         12
nrows         33
xllcorner     425703.990666
yllcorner     12748655.311160
cellsize      100.000000
NODATA_value  0.000000
0.000000 0.000000 52.491558 34.411087 0.000000 0.000000 0.000000 0.000000 0.000000 0.000000 0.000000 0.000000 
0.000000 52.491558 52.491558 52.491558 17.280159 0.000000 0.000000 0.000000 0.000000 0.000000 0.000000 0.000000 
0.000000 52.491558 52.491558 52.491558 52.491558 30.121899 0.000000 0.000000 0.000000 0.000000 0.000000 0.000000 
0.000000 51.504250 52.440765 52.491558 51.770172 21.425093 0.000000 0.000000 0.000000 0.000000 0.000000 0.000000 
52.491558 52.491558 52.491558 52.491558 52.491558 38.486904 17.280159 0.000000 0.000000 0.000000 0.000000 0.000000 
51.504250 52.491558 52.491558 52.491558 42.225914 10.016313 30.121899 0.000000 0.000000 0.000000 0.000000 0.000000 
44.792686 52.491558 52.491558 52.491558 52.491558 21.425093 34.411087 13.439008 0.000000 0.000000 0.000000 0.000000 
52.491558 52.491558 52.491558 52.491558 21.425093 52.491558 25.749166 17.280159 0.000000 0.000000 0.000000 0.000000 
49.926750 52.491558 52.491558 52.491558 52.491558 50.360352 30.121899 17.280159 0.000000 0.000000 0.000000 0.000000 
6.646138 51.504250 52.491558 52.491558 52.491558 30.121899 52.491558 30.121899 21.425093 0.000000 0.000000 0.000000 
0.000000 52.491558 52.491558 52.491558 52.491558 52.491558 30.121899 10.016313 30.121899 0.000000 0.000000 0.000000 
0.000000 52.351059 52.491558 52.491558 52.491558 45.514824 48.253967 25.749166 30.121899 30.121899 0.000000 0.000000 
0.000000 52.491558 52.491558 52.491558 52.491558 38.486904 52.440765 30.121899 13.439008 30.121899 0.000000 0.000000 
0.000000 37.569077 51.504250 52.491558 52.491558 52.491558 51.770172 30.121899 25.749166 25.749166 0.000000 0.000000 
0.000000 6.646138 51.504250 52.491558 52.491558 52.491558 52.491558 21.425093 30.121899 30.121899 0.000000 0.000000 
0.000000 37.569077 52.491558 52.491558 52.491558 52.491558 52.491558 30.121899 30.121899 10.016313 0.000000 0.000000 
0.000000 4.500721 4.500721 37.569077 52.491558 52.440765 52.491558 25.749166 30.121899 25.749166 30.121899 0.000000 
0.000000 0.000000 4.500721 52.351059 52.491558 52.491558 45.514824 30.121899 30.121899 30.121899 30.121899 0.000000 
0.000000 0.000000 33.439091 2.066804 52.491558 52.491558 52.491558 51.770172 30.121899 21.425093 17.280159 0.000000 
0.000000 0.000000 37.569077 37.569077 49.926750 51.504250 52.491558 50.360352 30.121899 30.121899 30.121899 0.000000 
0.000000 0.000000 0.000000 37.569077 2.066804 52.491558 52.491558 48.253967 17.280159 30.121899 30.121899 0.000000 
0.000000 0.000000 0.000000 37.569077 4.500721 52.491558 52.491558 52.491558 30.121899 25.749166 13.439008 0.000000 
0.000000 0.000000 0.000000 33.439091 4.500721 49.926750 52.491558 52.491558 45.514824 30.121899 30.121899 0.000000 
0.000000 0.000000 0.000000 29.127935 4.500721 4.500721 47.666630 52.491558 51.770172 30.121899 10.016313 0.000000 
0.000000 0.000000 0.000000 0.000000 37.569077 33.439091 49.926750 52.491558 50.360352 21.425093 30.121899 0.000000 
0.000000 0.000000 0.000000 0.000000 2.066804 37.569077 37.569077 52.491558 48.253967 21.425093 17.280159 13.439008 
0.000000 0.000000 0.000000 0.000000 0.000000 2.066804 37.569077 52.491558 52.491558 50.360352 30.121899 10.016313 
0.000000 0.000000 0.000000 0.000000 0.000000 4.500721 4.500721 44.792686 52.491558 48.253967 10.016313 13.439008 
0.000000 0.000000 0.000000 0.000000 0.000000 2.066804 2.066804 37.569077 52.491558 30.121899 10.016313 21.425093 
0.000000 0.000000 0.000000 0.000000 0.000000 0.000000 2.066804 37.569077 52.491558 52.491558 10.016313 0.000000 
0.000000 0.000000 0.000000 0.000000 0.000000 0.000000 0.000000 2.066804 44.792686 52.491558 17.280159 0.000000 
0.000000 0.000000 0.000000 0.000000 0.000000 0.000000 0.000000 2.066804 1.915881 0.000000 1.436043 0.000000 
0.000000 0.000000 0.000000 0.000000 0.000000 0.000000 0.000000 0.000000 2.066804 1.791113 1.436043 0.000000 
