test/output/constant/C4_S060_A180_WD270.0_WS035.0/C4_S060_A180_WD270.0_WS035.0_arrival.asc
ncols         43
nrows         7
xllcorner     426603.990666
yllcorner     12748455.311160
cellsize      100.000000
NODATA_value  0.000000
0.000000 0.000000 0.000000 0.000000 0.000000 0.000000 0.000000 0.000000 0.000000 0.000000 0.000000 0.000000 0.000000 0.000000 0.000000 166.040789 166.039997 166.039204 166.038808 166.038412 166.038016 166.037620 166.037620 166.037620 166.037620 166.038412 166.038808 166.039601 166.039997 166.040789 166.041581 0.000000 0.000000 0.000000 0.000000 0.000000 0.000000 0.000000 0.000000 0.000000 0.000000 0.000000 0.000000 
0.000000 0.000000 0.000000 0.000000 0.000000 166.035244 166.030888 166.028116 166.026136 166.024552 166.023760 166.023364 166.022968 166.022572 166.022572 166.022968 166.023364 166.024156 166.024948 166.025344 166.026136 166.026928 166.027720 166.028116 166.028908 166.029700 166.030492 166.031284 166.032076 166.032868 166.034056 166.034848 166.035640 166.036828 166.037620 166.038412 166.039204 166.040393 166.041185 0.000000 0.000000 0.000000 0.000000 
0.000000 166.017424 166.010296 166.008316 166.007920 166.007524 166.008316 166.009108 166.009504 166.010296 166.011088 166.012276 166.013068 166.013860 166.015048 166.015840 166.017028 166.017820 166.019008 166.019800 166.020592 166.021780 166.022572 166.023364 166.024552 166.025344 166.026532 166.027324 166.028512 166.029304 166.030492 166.031284 166.032472 166.033264 166.034452 166.035244 166.036432 166.037224 166.038412 166.039204 166.040393 166.041185 0.000000 
166.000000 166.000792 166.001584 166.002772 166.003564 166.004752 166.005544 166.006732 166.007524 166.008712 166.009504 166.010692 166.011484 166.012672 166.013464 166.014652 166.015444 166.016632 166.017424 166.018612 166.019404 166.020592 166.021384 166.022572 166.023364 166.024552 166.025344 166.026532 166.027324 166.028512 166.029304 166.030492 166.031284 166.032472 166.033264 166.034452 166.035244 166.036432 166.037224 166.038412 166.039204 166.040393 166.041185 
0.000000 166.017424 166.010296 166.008316 166.007920 166.007524 166.008316 166.009108 166.009504 166.010296 166.011088 166.012276 166.013068 166.013860 166.015048 166.015840 166.017028 166.017820 166.019008 166.019800 166.020592 166.021780 166.022572 166.023364 166.024552 166.025344 166.026532 166.027324 166.028512 166.029304 166.030492 166.031284 166.032472 166.033264 166.034452 166.035244 166.036432 166.037224 166.038412 166.039204 166.040393 166.041185 0.000000 
0.000000 0.000000 0.000000 0.000000 0.000000 166.035244 166.030888 166.028116 166.026136 166.024552 166.023760 166.023364 166.022968 166.022572 166.022572 166.022968 166.023364 166.024156 166.024948 166.025344 166.026136 166.026928 166.027720 166.028116 166.028908 166.029700 166.030492 166.031284 166.032076 166.032868 166.034056 166.034848 166.035640 166.036828 166.037620 166.038412 166.039204 166.040393 166.041185 0.000000 0.000000 0.000000 0.000000 
0.000000 0.000000 0.000000 0.000000 0.000000 0.000000 0.000000 0.000000 0.000000 0.000000 0.000000 0.000000 0.000000 0.000000 0.000000 166.040789 166.039997 166.039204 166.038808 166.038412 166.038016 166.037620 166.037620 166.037620 166.037620 166.038412 166.038808 166.039601 166.039997 166.040789 166.041581 0.000000 0.000000 0.000000 0.000000 0.000000 0.000000 0.000000 0.000000 0.000000 0.000000 0.000000 0.000000 
