test/output/constant/M3100_S060_A090_WD000.0_WS010.0/M3100_S060_A090_WD000.0_WS010.0_arrival.asc
ncols         11
nrows         66
xllcorner     426103.990666
yllcorner     12742255.311160
cellsize      100.000000
NODATA_value  0.000000
0.000000 0.000000 0.000000 0.000000 166.017767 166.000000 166.017767 0.000000 0.000000 0.000000 0.000000 
0.000000 0.000000 0.000000 0.000000 166.007210 166.000515 166.007210 0.000000 0.000000 0.000000 0.000000 
0.000000 0.000000 0.000000 166.032445 166.004892 166.001030 166.004892 166.032445 0.000000 0.000000 0.000000 
0.000000 0.000000 0.000000 166.023175 166.004377 166.001802 166.004377 166.023175 0.000000 0.000000 0.000000 
0.000000 0.000000 0.000000 166.018797 166.004377 166.002317 166.004377 166.018797 0.000000 0.000000 0.000000 
0.000000 0.000000 166.039140 166.016480 166.004377 166.003090 166.004377 166.016480 166.039140 0.000000 0.000000 
0.000000 0.000000 166.034505 166.014677 166.004892 166.003605 166.004892 166.014677 166.034505 0.000000 0.000000 
0.000000 0.000000 166.030900 166.013647 166.005407 166.004377 166.005407 166.013647 166.030900 0.000000 0.000000 
0.000000 0.000000 166.028325 166.013132 166.005922 166.004892 166.005922 166.013132 166.028325 0.000000 0.000000 
0.000000 0.000000 166.026265 166.012875 166.006437 166.005665 166.006437 166.012875 166.026265 0.000000 0.000000 
0.000000 0.000000 166.024720 166.012617 166.006952 166.006180 166.006952 166.012617 166.024720 0.000000 0.000000 
0.000000 166.040427 166.023690 166.012617 166.007725 166.006952 166.007725 166.012617 166.023690 166.040427 0.000000 
0.000000 166.037852 166.022660 166.012617 166.008240 166.007467 166.008240 166.012617 166.022660 166.037852 0.000000 
0.000000 166.036050 166.022145 166.012875 166.008755 166.008240 166.008755 166.012875 166.022145 166.036050 0.000000 
0.000000 166.034505 166.021630 166.013132 166.009527 166.008755 166.009527 166.013132 166.021630 166.034505 0.000000 
0.000000 166.033475 166.021372 166.013647 166.010042 166.009527 166.010042 166.013647 166.021372 166.033475 0.000000 
0.000000 166.032445 166.021115 166.013905 166.010557 166.010042 166.010557 166.013905 166.021115 166.032445 0.000000 
0.000000 166.031415 166.020857 166.014420 166.011330 166.010815 166.011330 166.014420 166.020857 166.031415 0.000000 
0.000000 166.030900 166.020857 166.014935 166.011845 166.011330 166.011845 166.014935 166.020857 166.030900 0.000000 
0.000000 166.030642 166.020857 166.015450 166.012617 166.012102 166.012617 166.015450 166.020857 166.030642 0.000000 
0.000000 166.030127 166.020857 166.015707 166.013132 166.012617 166.013132 166.015707 166.020857 166.030127 0.000000 
166.041200 166.029612 166.021115 166.016222 166.013647 166.013390 166.013647 166.016222 166.021115 166.029612 166.041200 
166.040427 166.029355 166.021372 166.016737 166.014420 166.013905 166.014420 166.016737 166.021372 166.029355 166.040427 
166.039912 166.029355 166.021887 166.017252 166.014935 166.014677 166.014935 166.017252 166.021887 166.029355 166.039912 
166.039397 166.029097 166.022145 166.017767 166.015707 166.015192 166.015707 166.017767 166.022145 166.029097 166.039397 
166.038882 166.029097 166.022660 166.018540 166.016222 166.015965 166.016222 166.018540 166.022660 166.029097 166.038882 
166.038367 166.029097 166.022917 166.019055 166.016995 166.016480 166.016995 166.019055 166.022917 166.029097 166.038367 
166.038110 166.029097 166.023432 166.019570 166.017510 166.017252 166.017510 166.019570 166.023432 166.029097 166.038110 
166.037852 166.029097 166.023947 166.020085 166.018282 166.017767 166.018282 166.020085 166.023947 166.029097 166.037852 
166.037852 166.029355 166.024462 166.020857 166.018797 166.018540 166.018797 166.020857 166.024462 166.029355 166.037852 
166.037595 166.029612 166.024720 166.021372 166.019570 166.019055 166.019570 166.021372 166.024720 166.029612 166.037595 
166.037595 166.030127 166.025235 166.021887 166.020085 166.019827 166.020085 166.021887 166.025235 166.030127 166.037595 
166.037337 166.030385 166.025750 166.022402 166.020857 166.020342 166.020857 166.022402 166.025750 166.030385 166.037337 
166.037337 166.030900 166.026265 166.023175 166.021372 166.021115 166.021372 166.023175 166.026265 166.030900 166.037337 
166.037337 166.031157 166.026780 166.023690 166.022145 166.021630 166.022145 166.023690 166.026780 166.031157 166.037337 
166.037337 166.031672 166.027295 166.024205 166.022660 166.022402 166.022660 166.024205 166.027295 166.031672 166.037337 
166.037337 166.032187 166.027552 166.024977 166.023432 166.022917 166.023432 166.024977 166.027552 166.032187 166.037337 
166.037595 166.032445 166.028067 166.025492 166.023947 166.023690 166.023947 166.025492 166.028067 166.032445 166.037595 
166.037852 166.032960 166.028582 166.026265 166.024720 166.024205 166.024720 166.026265 166.028582 166.032960 166.037852 
166.038367 166.033475 166.029355 166.026780 166.025235 166.024977 166.025235 166.026780 166.029355 166.033475 166.038367 
166.038625 166.033990 166.029870 166.027295 166.026007 166.025492 166.026007 166.027295 166.029870 166.033990 166.038625 
166.039140 166.034247 166.030385 166.028067 166.026522 166.026265 166.026522 166.028067 166.030385 166.034247 166.039140 
166.039397 166.034762 166.030900 166.028582 166.027037 166.026780 166.027037 166.028582 166.030900 166.034762 166.039397 
166.039912 166.035277 166.031415 166.029097 166.027810 166.027552 166.027810 166.029097 166.031415 166.035277 166.039912 
166.040170 166.035792 166.032187 166.029870 166.028325 166.028067 166.028325 166.029870 166.032187 166.035792 166.040170 
166.040685 166.036307 166.032702 166.030385 166.029097 166.028840 166.029097 166.030385 166.032702 166.036307 166.040685 
166.041200 166.036565 166.033217 166.031157 166.029612 166.029355 166.029612 166.031157 166.033217 166.036565 166.041200 
166.041457 166.037080 166.033990 166.031672 166.030385 166.030127 166.030385 166.031672 166.033990 166.037080 166.041457 
0.000000 166.037595 166.034505 166.032187 166.030900 166.030642 166.030900 166.032187 166.034505 166.037595 0.000000 
0.000000 166.038110 166.035020 166.032960 166.031672 166.031415 166.031672 166.032960 166.035020 166.038110 0.000000 
0.000000 166.038625 166.035792 166.033475 166.032187 166.031930 166.032187 166.033475 166.035792 166.038625 0.000000 
0.000000 166.039140 166.036307 166.033990 166.032960 166.032702 166.032960 166.033990 166.036307 166.039140 0.000000 
0.000000 166.039655 166.036822 166.034762 166.033475 166.033217 166.033475 166.034762 166.036822 166.039655 0.000000 
0.000000 166.040170 166.037595 166.035277 166.034247 166.033990 166.034247 166.035277 166.037595 166.040170 0.000000 
0.000000 166.040685 166.038110 166.035792 166.034762 166.034505 166.034762 166.035792 166.038110 166.040685 0.000000 
0.000000 166.041200 166.038625 166.036565 166.035535 166.035277 166.035535 166.036565 166.038625 166.041200 0.000000 
0.000000 166.041667 166.039140 166.037080 166.036050 166.035792 166.036050 166.037080 166.039140 166.041667 0.000000 
0.000000 0.000000 166.039912 166.037852 166.036822 166.036565 166.036822 166.037852 166.039912 0.000000 0.000000 
0.000000 0.000000 166.040427 166.038367 166.037337 166.037080 166.037337 166.038367 166.040427 0.000000 0.000000 
0.000000 0.000000 166.040942 166.039140 166.037852 166.037852 166.037852 166.039140 166.040942 0.000000 0.000000 
0.000000 0.000000 166.041457 166.039655 166.038625 166.038367 166.038625 166.039655 166.041457 0.000000 0.000000 
0.000000 0.000000 0.000000 166.040427 166.039140 166.039140 166.039140 166.040427 0.000000 0.000000 0.000000 
0.000000 0.000000 0.000000 166.040942 166.039912 166.039655 166.039912 166.040942 0.000000 0.000000 0.000000 
0.000000 0.000000 0.000000 166.041667 166.040427 166.040427 166.040427 166.041667 0.000000 0.000000 0.000000 
0.000000 0.000000 0.000000 0.000000 166.041200 166.040942 166.041200 0.000000 0.000000 0.000000 0.000000 
0.000000 0.000000 0.000000 0.000000 0.000000 166.041667 0.000000 0.000000 0.000000 0.000000 0.000000 
