test/output/constant/M365_S060_A090_WD180.0_WS010.0/M365_S060_A090_WD180.0_WS010.0_arrival.asc
ncols         9
nrows         27
xllcorner     426203.990666
yllcorner     12746255.311160
cellsize      100.000000
NODATA_value  0.000000
0.000000 0.000000 0.000000 166.032129 166.021420 166.032129 0.000000 0.000000 0.000000 
0.000000 0.000000 0.000000 166.010710 166.000000 166.010710 0.000000 0.000000 0.000000 
0.000000 0.000000 166.030121 166.006024 166.001339 166.006024 166.030121 0.000000 0.000000 
0.000000 0.000000 166.022758 166.006024 166.002677 166.006024 166.022758 0.000000 0.000000 
0.000000 166.041500 166.019411 166.006694 166.004686 166.006694 166.019411 166.041500 0.000000 
0.000000 166.036146 166.018073 166.008032 166.006024 166.008032 166.018073 166.036146 0.000000 
0.000000 166.032799 166.018073 166.008702 166.008032 166.008702 166.018073 166.032799 0.000000 
0.000000 166.030791 166.018073 166.010710 166.009371 166.010710 166.018073 166.030791 0.000000 
0.000000 166.030121 166.018073 166.012049 166.011379 166.012049 166.018073 166.030121 0.000000 
0.000000 166.029452 166.018742 166.014057 166.012718 166.014057 166.018742 166.029452 0.000000 
0.000000 166.029452 166.020081 166.015395 166.014726 166.015395 166.020081 166.029452 0.000000 
166.041500 166.029452 166.021420 166.016734 166.016065 166.016734 166.021420 166.029452 166.041500 
166.040831 166.029452 166.022089 166.018742 166.018073 166.018742 166.022089 166.029452 166.040831 
166.040831 166.030121 166.023428 166.020081 166.019411 166.020081 166.023428 166.030121 166.040831 
166.040831 166.031460 166.024766 166.022089 166.021420 166.022089 166.024766 166.031460 166.040831 
166.040831 166.032129 166.026105 166.023428 166.022758 166.023428 166.026105 166.032129 166.040831 
166.041500 166.033468 166.028113 166.025436 166.024766 166.025436 166.028113 166.033468 166.041500 
166.041500 166.034807 166.029452 166.026774 166.026105 166.026774 166.029452 166.034807 166.041500 
0.000000 166.036146 166.030791 166.028113 166.028113 166.028113 166.030791 166.036146 0.000000 
0.000000 166.036815 166.032129 166.030121 166.029452 166.030121 166.032129 166.036815 0.000000 
0.000000 166.038154 166.034137 166.031460 166.031460 166.031460 166.034137 166.038154 0.000000 
0.000000 166.039492 166.035476 166.033468 166.032799 166.033468 166.035476 166.039492 0.000000 
0.000000 166.040831 166.036815 166.034807 166.034807 166.034807 166.036815 166.040831 0.000000 
0.000000 0.000000 166.038823 166.036815 166.036146 166.036815 166.038823 0.000000 0.000000 
0.000000 0.000000 166.040162 166.038154 166.038154 166.038154 166.040162 0.000000 0.000000 
0.000000 0.000000 166.041667 166.040162 166.039492 166.040162 166.041667 0.000000 0.000000 
0.000000 0.000000 0.000000 166.041500 166.041500 166.041500 0.000000 0.000000 0.000000 
