test/output/constant/M375_S060_A000_WD225.0_WS010.0/M375_S060_A000_WD225.0_WS010.0_ros.asc
ncols         35
nrows         12
xllcorner     423303.990666
yllcorner     12748555.311160
cellsize      100.000000
NODATA_value  0.000000
0.000000 56.851723 56.851723 55.038876 55.038876 55.038876 50.167656 46.756561 46.756561 38.499096 2.588561 38.499096 38.499096 42.827206 42.827206 0.000000 0.000000 0.000000 0.000000 0.000000 0.000000 0.000000 0.000000 0.000000 0.000000 0.000000 0.000000 0.000000 0.000000 0.000000 0.000000 0.000000 0.000000 0.000000 0.000000 
56.851723 56.851723 56.851723 56.851723 56.851723 56.851723 56.851723 56.851723 55.038876 56.851723 46.756561 38.499096 42.827206 42.827206 38.499096 42.827206 2.588561 5.884627 42.827206 0.000000 0.000000 0.000000 0.000000 0.000000 0.000000 0.000000 0.000000 0.000000 0.000000 0.000000 0.000000 0.000000 0.000000 0.000000 0.000000 
53.493092 56.702854 56.851723 56.851723 55.038876 56.851723 56.851723 56.851723 56.851723 55.038876 55.038876 50.167656 56.851723 56.851723 38.499096 2.588561 38.499096 38.499096 42.827206 5.884627 42.827206 3.897278 2.588561 0.000000 0.000000 0.000000 0.000000 0.000000 0.000000 0.000000 0.000000 0.000000 0.000000 0.000000 0.000000 
56.851723 56.851723 56.851723 56.796200 56.851723 56.851723 56.350727 56.851723 55.038876 52.956718 56.851723 56.851723 56.851723 56.851723 56.851723 56.851723 46.756561 38.499096 38.499096 42.827206 2.588561 2.162027 42.827206 3.897278 38.499096 2.588561 0.000000 0.000000 0.000000 0.000000 0.000000 0.000000 0.000000 0.000000 0.000000 
0.000000 34.939117 47.574848 34.939117 34.939117 56.851723 56.851723 56.851723 56.851723 56.851723 56.851723 56.350727 56.851723 52.956718 56.350727 56.851723 56.851723 56.851723 56.851723 50.167656 38.499096 46.756561 5.884627 38.499096 42.827206 42.827206 2.588561 2.588561 0.000000 0.000000 0.000000 0.000000 0.000000 0.000000 0.000000 
0.000000 0.000000 34.939117 30.222359 34.939117 34.939117 34.939117 30.222359 56.851723 34.939117 56.851723 56.851723 56.851723 56.851723 56.851723 56.851723 55.038876 56.851723 55.038876 56.851723 56.851723 52.956718 50.167656 42.827206 1.544596 2.588561 38.499096 1.544596 2.588561 2.588561 1.544596 0.000000 0.000000 0.000000 0.000000 
0.000000 0.000000 0.000000 0.000000 34.939117 30.222359 34.939117 47.574848 30.222359 34.939117 39.493916 30.222359 30.222359 43.748802 30.222359 56.851723 56.851723 39.493916 56.851723 56.796200 56.851723 52.956718 56.851723 56.851723 56.851723 56.851723 38.499096 38.499096 38.499096 2.588561 33.903820 1.863686 0.000000 0.000000 0.000000 
0.000000 0.000000 0.000000 0.000000 0.000000 0.000000 34.939117 34.939117 30.222359 30.222359 30.222359 56.536678 39.493916 30.222359 30.222359 34.939117 39.493916 30.222359 55.405930 30.222359 56.851723 56.851723 56.851723 56.851723 56.851723 56.851723 56.851723 55.038876 46.756561 3.897278 38.499096 42.827206 1.863686 1.863686 0.000000 
0.000000 0.000000 0.000000 0.000000 0.000000 0.000000 0.000000 0.000000 0.000000 30.222359 34.939117 30.222359 30.222359 34.939117 34.939117 34.939117 34.939117 30.222359 34.939117 34.939117 34.939117 34.939117 34.939117 34.939117 30.222359 56.851723 56.851723 56.851723 56.851723 56.851723 56.851723 52.956718 46.756561 1.863686 1.863686 
0.000000 0.000000 0.000000 0.000000 0.000000 0.000000 0.000000 0.000000 0.000000 0.000000 0.000000 0.000000 30.222359 34.939117 34.939117 34.939117 30.222359 34.939117 34.939117 34.939117 30.222359 30.222359 30.222359 30.222359 30.222359 34.939117 30.222359 30.222359 30.222359 39.493916 39.493916 56.851723 56.851723 0.000000 1.353998 
0.000000 0.000000 0.000000 0.000000 0.000000 0.000000 0.000000 0.000000 0.000000 0.000000 0.000000 0.000000 0.000000 0.000000 0.000000 0.000000 0.000000 30.222359 30.222359 30.222359 30.222359 30.222359 30.222359 34.939117 34.939117 30.222359 30.222359 30.222359 30.222359 30.222359 30.222359 12.569800 16.525295 1.283037 1.283037 
0.000000 0.000000 0.000000 0.000000 0.000000 0.000000 0.000000 0.000000 0.000000 0.000000 0.000000 0.000000 0.000000 0.000000 0.000000 0.000000 0.000000 0.000000 0.000000 0.000000 0.000000 0.000000 0.000000 0.000000 30.222359 30.222359 30.222359 20.874342 12.569800 12.569800 1.283037 0.000000 0.000000 0.000000 0.000000 
