test/output/constant/M375_S060_A000_WD225.0_WS010.0/M375_S060_A000_WD225.0_WS010.0_raz.asc
ncols         35
nrows         12
xllcorner     423303.990666
yllcorner     12748555.311160
cellsize      100.000000
NODATA_value  0.000000
0 282 282 285 285 285 287 289 289 292 353 292 292 290 290 0 0 0 0 0 0 0 0 0 0 0 0 0 0 0 0 0 0 0 0 
282 282 282 282 282 282 282 282 285 282 289 292 290 290 292 290 353 325 290 0 0 0 0 0 0 0 0 0 0 0 0 0 0 0 0 
279 283 282 282 285 282 282 282 282 285 285 287 282 282 292 353 292 292 290 325 290 337 353 0 0 0 0 0 0 0 0 0 0 0 0 
282 282 282 282 282 282 284 282 285 286 282 282 282 282 282 282 289 292 292 290 353 2 290 337 292 353 0 0 0 0 0 0 0 0 0 
0 271 276 271 271 282 282 282 282 282 282 284 282 286 284 282 282 282 282 287 292 289 325 292 290 290 353 353 0 0 0 0 0 0 0 
0 0 271 268 271 271 271 268 282 271 282 282 282 282 282 282 285 282 285 282 282 286 287 290 32 353 292 32 353 353 32 0 0 0 0 
0 0 0 0 271 268 271 276 268 271 273 268 268 274 268 282 282 273 282 282 282 286 282 282 282 282 292 292 292 353 294 12 0 0 0 
0 0 0 0 0 0 271 271 268 268 268 281 273 268 268 271 273 268 280 268 282 282 282 282 282 282 282 285 289 337 292 290 12 12 0 
0 0 0 0 0 0 0 0 0 268 271 268 268 271 271 271 271 268 271 271 271 271 271 271 268 282 282 282 282 282 282 286 289 12 12 
0 0 0 0 0 0 0 0 0 0 0 0 268 271 271 271 268 271 271 271 268 268 268 268 268 271 268 268 268 273 273 282 282 254 79 
0 0 0 0 0 0 0 0 0 0 0 0 0 0 0 0 0 268 268 268 268 268 268 271 271 268 268 268 268 268 268 254 259 126 126 
0 0 0 0 0 0 0 0 0 0 0 0 0 0 0 0 0 0 0 0 0 0 0 0 268 268 268 263 254 254 126 0 0 0 0 
