test/output/constant/M1M290_S060_A000_WD090.0_WS035.0/M1M290_S060_A000_WD090.0_WS035.0_arrival.asc
ncols         41
nrows         7
xllcorner     422603.990666
yllcorner     12748455.311160
cellsize      100.000000
NODATA_value  0.000000
0.000000 0.000000 0.000000 0.000000 0.000000 0.000000 0.000000 0.000000 0.000000 0.000000 0.000000 0.000000 0.000000 166.041379 166.040961 166.040125 166.039707 166.039707 166.039707 166.039707 166.040125 166.040125 166.040961 166.041379 0.000000 0.000000 0.000000 0.000000 0.000000 0.000000 0.000000 0.000000 0.000000 0.000000 0.000000 0.000000 0.000000 0.000000 0.000000 0.000000 0.000000 
0.000000 0.000000 0.000000 0.000000 166.041379 166.040543 166.039707 166.038871 166.037617 166.036781 166.035945 166.034691 166.033855 166.033019 166.032184 166.031348 166.030512 166.029676 166.029258 166.028422 166.027586 166.026750 166.025914 166.025496 166.024660 166.024242 166.023824 166.023824 166.024242 166.024660 166.025078 166.025914 166.027586 166.029258 166.032184 166.036781 0.000000 0.000000 0.000000 0.000000 0.000000 
0.000000 166.041379 166.040543 166.039289 166.038453 166.037199 166.036363 166.035109 166.034273 166.033019 166.032184 166.030930 166.030094 166.028840 166.028004 166.026750 166.025914 166.024660 166.023824 166.022988 166.021734 166.020898 166.020062 166.018809 166.017973 166.016719 166.015883 166.014629 166.013793 166.012957 166.011703 166.010867 166.010031 166.009613 166.008777 166.007941 166.008359 166.008777 166.010867 166.018391 0.000000 
166.041379 166.040543 166.039289 166.038453 166.037199 166.036363 166.035109 166.034273 166.033019 166.032184 166.030930 166.030094 166.028840 166.028004 166.026750 166.025914 166.024660 166.023824 166.022570 166.021734 166.020480 166.019645 166.018391 166.017555 166.016301 166.015465 166.014211 166.013375 166.012121 166.011285 166.010031 166.009195 166.007941 166.007105 166.005852 166.005016 166.003762 166.002926 166.001672 166.000836 166.000000 
0.000000 166.041379 166.040543 166.039289 166.038453 166.037199 166.036363 166.035109 166.034273 166.033019 166.032184 166.030930 166.030094 166.028840 166.028004 166.026750 166.025914 166.024660 166.023824 166.022988 166.021734 166.020898 166.020062 166.018809 166.017973 166.016719 166.015883 166.014629 166.013793 166.012957 166.011703 166.010867 166.010031 166.009613 166.008777 166.007941 166.008359 166.008777 166.010867 166.018391 0.000000 
0.000000 0.000000 0.000000 0.000000 166.041379 166.040543 166.039707 166.038871 166.037617 166.036781 166.035945 166.034691 166.033855 166.033019 166.032184 166.031348 166.030512 166.029676 166.029258 166.028422 166.027586 166.026750 166.025914 166.025496 166.024660 166.024242 166.023824 166.023824 166.024242 166.024660 166.025078 166.025914 166.027586 166.029258 166.032184 166.036781 0.000000 0.000000 0.000000 0.000000 0.000000 
0.000000 0.000000 0.000000 0.000000 0.000000 0.000000 0.000000 0.000000 0.000000 0.000000 0.000000 0.000000 0.000000 166.041379 166.040961 166.040125 166.039707 166.039707 166.039707 166.039707 166.040125 166.040125 166.040961 166.041379 0.000000 0.000000 0.000000 0.000000 0.000000 0.000000 0.000000 0.000000 0.000000 0.000000 0.000000 0.000000 0.000000 0.000000 0.000000 0.000000 0.000000 
