test/output/constant/M270_S060_A180_WD315.0_WS020.0/M270_S060_A180_WD315.0_WS020.0_arrival.asc
ncols         25
nrows         9
xllcorner     426603.990666
yllcorner     12747955.311160
cellsize      100.000000
NODATA_value  0.000000
166.000000 166.001300 166.003250 166.006499 166.011699 166.018198 166.024698 166.031197 166.038346 0.000000 0.000000 0.000000 0.000000 0.000000 0.000000 0.000000 0.000000 0.000000 0.000000 0.000000 0.000000 0.000000 0.000000 0.000000 0.000000 
166.012999 166.002600 166.003250 166.004550 166.006499 166.008449 166.011049 166.014299 166.018848 166.024048 166.029247 166.035097 166.041596 0.000000 0.000000 0.000000 0.000000 0.000000 0.000000 0.000000 0.000000 0.000000 0.000000 0.000000 0.000000 
0.000000 166.033797 166.013649 166.008449 166.007799 166.008449 166.009749 166.011699 166.013649 166.015598 166.018848 166.022748 166.026647 166.031197 166.036396 166.041596 0.000000 0.000000 0.000000 0.000000 0.000000 0.000000 0.000000 0.000000 0.000000 
0.000000 0.000000 0.000000 166.030547 166.018848 166.014299 166.012999 166.012999 166.013649 166.014949 166.016898 166.018848 166.020798 166.023398 166.026647 166.030547 166.034447 166.038996 0.000000 0.000000 0.000000 0.000000 0.000000 0.000000 0.000000 
0.000000 0.000000 0.000000 0.000000 0.000000 166.034447 166.024698 166.020148 166.018198 166.017548 166.017548 166.018848 166.020148 166.022098 166.024048 166.025997 166.028597 166.031847 166.035097 166.038346 0.000000 0.000000 0.000000 0.000000 0.000000 
0.000000 0.000000 0.000000 0.000000 0.000000 0.000000 0.000000 166.038996 166.030547 166.025997 166.024048 166.022748 166.022748 166.023398 166.024048 166.025348 166.027297 166.029247 166.031197 166.033797 166.036396 166.039646 0.000000 0.000000 0.000000 
0.000000 0.000000 0.000000 0.000000 0.000000 0.000000 0.000000 0.000000 0.000000 0.000000 166.037046 166.032497 166.029897 166.027947 166.027947 166.027947 166.027947 166.029247 166.030547 166.032497 166.034447 166.036396 166.038346 166.040946 0.000000 
0.000000 0.000000 0.000000 0.000000 0.000000 0.000000 0.000000 0.000000 0.000000 0.000000 0.000000 0.000000 0.000000 166.038346 166.035747 166.033797 166.032497 166.032497 166.032497 166.033147 166.034447 166.035747 166.037696 166.039646 166.041596 
0.000000 0.000000 0.000000 0.000000 0.000000 0.000000 0.000000 0.000000 0.000000 0.000000 0.000000 0.000000 0.000000 0.000000 0.000000 0.000000 166.041596 166.039646 166.038346 166.037696 166.037696 166.037696 166.038996 166.039646 166.041596 
