test/output/constant/M3M485_S000_A090_WD315.0_WS010.0/M3M485_S000_A090_WD315.0_WS010.0_arrival.asc
ncols         15
nrows         15
xllcorner     426203.990666
yllcorner     12747755.311160
cellsize      100.000000
NODATA_value  0.000000
0.000000 0.000000 0.000000 166.040536 166.039228 166.039228 166.040536 0.000000 0.000000 0.000000 0.000000 0.000000 0.000000 0.000000 0.000000 
0.000000 166.040536 166.033998 166.030075 166.028767 166.028767 166.030075 166.033998 166.036613 166.041667 0.000000 0.000000 0.000000 0.000000 0.000000 
0.000000 166.033998 166.024844 166.018306 166.016999 166.016999 166.020922 166.024844 166.028767 166.033998 166.039228 0.000000 0.000000 0.000000 0.000000 
166.040536 166.030075 166.018306 166.009153 166.006538 166.007846 166.011768 166.016999 166.022229 166.027460 166.032690 166.037920 0.000000 0.000000 0.000000 
166.039228 166.028767 166.016999 166.006538 166.000000 166.002615 166.006538 166.011768 166.016999 166.022229 166.028767 166.033998 166.039228 0.000000 0.000000 
166.039228 166.028767 166.016999 166.007846 166.002615 166.002615 166.006538 166.010461 166.015691 166.019614 166.024844 166.030075 166.035305 166.040536 0.000000 
166.040536 166.030075 166.020922 166.011768 166.006538 166.006538 166.007846 166.010461 166.014384 166.019614 166.023537 166.028767 166.032690 166.037920 0.000000 
0.000000 166.033998 166.024844 166.016999 166.011768 166.010461 166.010461 166.011768 166.015691 166.019614 166.023537 166.027460 166.031382 166.036613 166.040536 
0.000000 166.036613 166.028767 166.022229 166.016999 166.015691 166.014384 166.015691 166.016999 166.019614 166.023537 166.027460 166.031382 166.035305 166.040536 
0.000000 166.041667 166.033998 166.027460 166.022229 166.019614 166.019614 166.019614 166.019614 166.020922 166.024844 166.027460 166.031382 166.035305 166.039228 
0.000000 0.000000 166.039228 166.032690 166.028767 166.024844 166.023537 166.023537 166.023537 166.024844 166.026152 166.028767 166.032690 166.035305 166.039228 
0.000000 0.000000 0.000000 166.037920 166.033998 166.030075 166.028767 166.027460 166.027460 166.027460 166.028767 166.030075 166.033998 166.036613 166.040536 
0.000000 0.000000 0.000000 0.000000 166.039228 166.035305 166.032690 166.031382 166.031382 166.031382 166.032690 166.033998 166.035305 166.037920 166.040536 
0.000000 0.000000 0.000000 0.000000 0.000000 166.040536 166.037920 166.036613 166.035305 166.035305 166.035305 166.036613 166.037920 166.040536 0.000000 
0.000000 0.000000 0.000000 0.000000 0.000000 0.000000 0.000000 166.040536 166.040536 166.039228 166.039228 166.040536 166.040536 0.000000 0.000000 
