test/output/constant/M495_S060_A180_WD270.0_WS015.0/M495_S060_A180_WD270.0_WS015.0_arrival.asc
ncols         43
nrows         7
xllcorner     426603.990666
yllcorner     12748455.311160
cellsize      100.000000
NODATA_value  0.000000
0.000000 0.000000 0.000000 0.000000 0.000000 0.000000 0.000000 0.000000 166.038988 166.036601 166.034214 166.032622 166.031827 166.031031 166.030633 166.030235 166.030235 166.030235 166.030235 166.030235 166.030633 166.031031 166.031827 166.032225 166.033020 166.033816 166.034612 166.035009 166.035805 166.036601 166.037396 166.037794 166.038590 166.039386 166.040181 166.040977 166.041667 0.000000 0.000000 0.000000 0.000000 0.000000 0.000000 
0.000000 0.000000 0.000000 166.032225 166.026257 166.022677 166.020687 166.019096 166.018698 166.018300 166.018300 166.018300 166.018300 166.019096 166.019494 166.020290 166.021085 166.021483 166.022279 166.023074 166.023870 166.024666 166.025461 166.026257 166.027053 166.027848 166.029042 166.029838 166.031031 166.031827 166.032622 166.033418 166.034612 166.035407 166.036203 166.036999 166.038192 166.038988 166.039783 166.040977 166.041667 0.000000 0.000000 
166.025859 166.009548 166.006763 166.006365 166.006365 166.006763 166.007559 166.007957 166.008752 166.009946 166.010742 166.011537 166.012731 166.013526 166.014322 166.015516 166.016311 166.017505 166.018300 166.019494 166.020290 166.021483 166.022279 166.023472 166.024268 166.025461 166.026257 166.027451 166.028246 166.029440 166.030235 166.031429 166.032225 166.033020 166.034214 166.035009 166.036203 166.036999 166.038192 166.038988 166.040181 166.040977 0.000000 
166.000000 166.000796 166.001591 166.002785 166.003581 166.004774 166.005570 166.006763 166.007559 166.008752 166.009548 166.010742 166.011537 166.012731 166.013526 166.014720 166.015516 166.016709 166.017505 166.018698 166.019494 166.020687 166.021483 166.022677 166.023472 166.024666 166.025461 166.026655 166.027451 166.028644 166.029440 166.030633 166.031429 166.032622 166.033418 166.034612 166.035407 166.036601 166.037396 166.038590 166.039386 166.040579 166.041375 
166.025859 166.009548 166.006763 166.006365 166.006365 166.006763 166.007559 166.007957 166.008752 166.009946 166.010742 166.011537 166.012731 166.013526 166.014322 166.015516 166.016311 166.017505 166.018300 166.019494 166.020290 166.021483 166.022279 166.023472 166.024268 166.025461 166.026257 166.027451 166.028246 166.029440 166.030235 166.031429 166.032225 166.033020 166.034214 166.035009 166.036203 166.036999 166.038192 166.038988 166.040181 166.040977 0.000000 
0.000000 0.000000 0.000000 166.032225 166.026257 166.022677 166.020687 166.019096 166.018698 166.018300 166.018300 166.018300 166.018300 166.019096 166.019494 166.020290 166.021085 166.021483 166.022279 166.023074 166.023870 166.024666 166.025461 166.026257 166.027053 166.027848 166.029042 166.029838 166.031031 166.031827 166.032622 166.033418 166.034612 166.035407 166.036203 166.036999 166.038192 166.038988 166.039783 166.040977 166.041667 0.000000 0.000000 
0.000000 0.000000 0.000000 0.000000 0.000000 0.000000 0.000000 0.000000 166.038988 166.036601 166.034214 166.032622 166.031827 166.031031 166.030633 166.030235 166.030235 166.030235 166.030235 166.030235 166.030633 166.031031 166.031827 166.032225 166.033020 166.033816 166.034612 166.035009 166.035805 166.036601 166.037396 166.037794 166.038590 166.039386 166.040181 166.040977 166.041667 0.000000 0.000000 0.000000 0.000000 0.000000 0.000000 
