test/output/constant/M395_S060_A090_WD135.0_WS050.0/M395_S060_A090_WD135.0_WS050.0_arrival.asc
ncols         43
nrows         11
xllcorner     422503.990666
yllcorner     12747955.311160
cellsize      100.000000
NODATA_value  0.000000
0.000000 0.000000 0.000000 0.000000 0.000000 0.000000 0.000000 0.000000 0.000000 0.000000 0.000000 0.000000 0.000000 0.000000 0.000000 0.000000 0.000000 0.000000 0.000000 0.000000 0.000000 166.041110 166.040082 166.038712 166.037684 166.036314 166.035286 166.033916 166.032888 166.032203 166.031175 166.030147 166.029462 166.029120 166.029120 166.028777 166.028777 166.029120 166.031175 166.033231 166.037684 0.000000 0.000000 
0.000000 0.000000 0.000000 0.000000 0.000000 0.000000 0.000000 0.000000 0.000000 0.000000 0.000000 0.000000 0.000000 0.000000 166.041452 166.040082 166.038712 166.037341 166.035971 166.034601 166.033231 166.031860 166.030490 166.029120 166.027749 166.026379 166.025009 166.023638 166.022268 166.020898 166.019527 166.018157 166.016787 166.015759 166.014388 166.013018 166.011990 166.010963 166.010620 166.010277 166.010620 166.013703 0.000000 
0.000000 0.000000 0.000000 0.000000 0.000000 0.000000 0.000000 0.000000 0.000000 166.041452 166.040082 166.038712 166.037341 166.035971 166.034601 166.033231 166.031860 166.030490 166.029120 166.027749 166.026379 166.025009 166.023296 166.021925 166.020555 166.019185 166.017814 166.016444 166.015416 166.014046 166.012676 166.011305 166.009935 166.008565 166.007194 166.005824 166.004796 166.003768 166.002741 166.001713 166.000685 166.000000 166.033231 
0.000000 0.000000 0.000000 0.000000 0.000000 0.000000 166.041452 166.040082 166.038712 166.037341 166.035971 166.034601 166.033231 166.031860 166.030490 166.029120 166.028092 166.026721 166.025351 166.023981 166.022610 166.021240 166.020212 166.018842 166.017472 166.016444 166.015074 166.014046 166.013018 166.011990 166.010963 166.009935 166.008907 166.007879 166.006852 166.005824 166.004796 166.003768 166.003083 166.002741 166.003083 166.007537 166.040767 
0.000000 0.000000 0.000000 0.000000 166.040767 166.039397 166.038027 166.036656 166.035629 166.034258 166.032888 166.031860 166.030490 166.029120 166.028092 166.026721 166.025694 166.024323 166.023296 166.022268 166.021240 166.020212 166.018842 166.017814 166.016787 166.016101 166.015074 166.014046 166.013018 166.011990 166.010963 166.009935 166.009250 166.008565 166.007879 166.007537 166.007537 166.008222 166.009935 166.013703 166.020555 166.031860 0.000000 
0.000000 0.000000 166.040767 166.039740 166.038369 166.036999 166.035971 166.034601 166.033573 166.032545 166.031518 166.030147 166.029120 166.028092 166.027064 166.026036 166.025009 166.023981 166.022953 166.021925 166.020898 166.019870 166.019185 166.018157 166.017129 166.016101 166.015416 166.014388 166.014046 166.013361 166.013018 166.012676 166.012676 166.013018 166.013703 166.015074 166.017129 166.020555 166.025694 166.033573 0.000000 0.000000 0.000000 
166.041667 166.040767 166.039397 166.038369 166.037341 166.036314 166.035286 166.034258 166.033231 166.032203 166.031175 166.030147 166.029120 166.028092 166.027064 166.026036 166.025351 166.024323 166.023296 166.022268 166.021583 166.020555 166.019870 166.019185 166.018842 166.018499 166.018157 166.017814 166.017814 166.017814 166.018157 166.018842 166.020212 166.021925 166.024323 166.027749 166.032203 166.038369 0.000000 0.000000 0.000000 0.000000 0.000000 
166.041110 166.040082 166.039054 166.038027 166.037341 166.036314 166.035286 166.034258 166.033231 166.032203 166.031518 166.030490 166.029462 166.028434 166.027749 166.026721 166.026036 166.025351 166.025009 166.024323 166.023981 166.023638 166.022953 166.022953 166.022610 166.022610 166.022953 166.023638 166.024323 166.025351 166.027064 166.029120 166.031518 166.034943 166.039397 0.000000 0.000000 0.000000 0.000000 0.000000 0.000000 0.000000 0.000000 
166.041452 166.040425 166.039397 166.038369 166.037341 166.036314 166.035286 166.034601 166.033573 166.032888 166.032203 166.031518 166.030832 166.030490 166.029805 166.029120 166.028777 166.028434 166.028092 166.028092 166.027749 166.027749 166.027749 166.028434 166.028777 166.029462 166.030832 166.032203 166.033916 166.035971 166.038712 0.000000 0.000000 0.000000 0.000000 0.000000 0.000000 0.000000 0.000000 0.000000 0.000000 0.000000 0.000000 
166.041667 166.040767 166.040082 166.039054 166.038369 166.037684 166.036999 166.036314 166.035629 166.035286 166.034601 166.034258 166.033916 166.033573 166.033231 166.032888 166.032888 166.032888 166.032888 166.033231 166.033573 166.034258 166.034943 166.035971 166.037341 166.039054 166.040767 0.000000 0.000000 0.000000 0.000000 0.000000 0.000000 0.000000 0.000000 0.000000 0.000000 0.000000 0.000000 0.000000 0.000000 0.000000 0.000000 
0.000000 0.000000 0.000000 166.041110 166.040767 166.040082 166.039740 166.039397 166.039054 166.038712 166.038369 166.038027 166.038027 166.037684 166.037684 166.038027 166.038369 166.039054 166.039397 166.040082 166.041452 0.000000 0.000000 0.000000 0.000000 0.000000 0.000000 0.000000 0.000000 0.000000 0.000000 0.000000 0.000000 0.000000 0.000000 0.000000 0.000000 0.000000 0.000000 0.000000 0.000000 0.000000 0.000000 
