test/output/constant/M380_S060_A000_WD225.0_WS010.0/M380_S060_A000_WD225.0_WS010.0_raz.asc
ncols         38
nrows         13
xllcorner     423003.990666
yllcorner     12748555.311160
cellsize      100.000000
NODATA_value  0.000000
0 0 0 283 282 283 289 290 289 290 292 292 292 0 0 0 0 0 0 0 0 0 0 0 0 0 0 0 0 0 0 0 0 0 0 0 0 0 
286 282 282 282 282 283 285 282 283 285 289 287 336 290 292 290 292 292 336 0 0 0 0 0 0 0 0 0 0 0 0 0 0 0 0 0 0 0 
282 282 282 282 282 282 282 282 283 282 287 282 282 287 289 290 352 352 324 324 292 290 352 0 0 0 0 0 0 0 0 0 0 0 0 0 0 0 
273 282 282 282 282 282 282 282 282 282 282 282 286 285 282 285 287 287 352 292 292 336 324 352 336 324 0 0 0 0 0 0 0 0 0 0 0 0 
0 269 273 282 282 282 282 282 282 285 282 282 285 283 282 282 287 285 285 287 289 290 292 292 352 292 292 336 292 0 0 0 0 0 0 0 0 0 
0 0 271 277 282 273 269 271 282 282 282 282 282 282 285 282 282 282 282 286 282 282 282 287 336 336 292 336 336 352 352 2 0 0 0 0 0 0 
0 0 0 269 271 271 269 281 271 274 282 269 271 282 282 282 282 282 282 282 282 282 282 285 287 289 289 292 290 32 79 352 352 32 0 0 0 0 
0 0 0 0 0 271 280 269 271 269 271 271 271 269 273 274 269 271 282 282 282 282 282 282 282 282 282 285 283 292 292 290 292 336 296 0 0 0 
0 0 0 0 0 0 0 271 269 271 269 271 271 271 271 269 271 271 271 269 269 271 274 282 282 282 282 282 282 282 289 287 292 290 294 352 12 0 
0 0 0 0 0 0 0 0 0 0 269 269 269 271 269 269 271 271 269 271 269 274 271 271 271 271 269 271 271 282 282 282 282 282 283 289 12 12 
0 0 0 0 0 0 0 0 0 0 0 0 0 271 269 271 271 269 269 271 269 269 271 271 269 269 271 271 269 273 269 269 274 269 282 282 65535 79 
0 0 0 0 0 0 0 0 0 0 0 0 0 0 0 0 0 0 271 271 271 271 269 269 269 269 271 271 269 271 269 269 269 269 269 263 125 172 
0 0 0 0 0 0 0 0 0 0 0 0 0 0 0 0 0 0 0 0 0 0 0 0 0 269 269 269 269 263 269 255 172 125 172 0 0 0 
