test/output/constant/M470_S060_A090_WD315.0_WS010.0/M470_S060_A090_WD315.0_WS010.0_arrival.asc
ncols         8
nrows         25
xllcorner     426503.990666
yllcorner     12746355.311160
cellsize      100.000000
NODATA_value  0.000000
0.000000 166.000000 166.015919 0.000000 0.000000 0.000000 0.000000 0.000000 
166.026531 166.001327 166.003980 0.000000 0.000000 0.000000 0.000000 0.000000 
166.024541 166.002653 166.003980 166.023215 0.000000 0.000000 0.000000 0.000000 
166.025204 166.004643 166.004643 166.014592 0.000000 0.000000 0.000000 0.000000 
166.025868 166.006633 166.005969 166.011939 166.033827 0.000000 0.000000 0.000000 
166.028521 166.008623 166.007959 166.011276 166.025204 0.000000 0.000000 0.000000 
166.029847 166.011276 166.009949 166.011276 166.021225 0.000000 0.000000 0.000000 
166.033164 166.013929 166.011276 166.011939 166.019235 166.036480 0.000000 0.000000 
166.035817 166.017245 166.013265 166.013265 166.019235 166.031837 0.000000 0.000000 
166.038470 166.019898 166.014592 166.014592 166.018572 166.028521 0.000000 0.000000 
166.041123 166.022551 166.016582 166.016582 166.018572 166.027194 0.000000 0.000000 
0.000000 166.025868 166.018572 166.017908 166.019235 166.026531 166.038470 0.000000 
0.000000 166.028521 166.021225 166.019898 166.020562 166.025868 166.035817 0.000000 
0.000000 166.031174 166.023878 166.021888 166.021888 166.025868 166.035154 0.000000 
0.000000 166.034490 166.025868 166.023215 166.023215 166.026531 166.034490 0.000000 
0.000000 166.037143 166.028521 166.025204 166.025204 166.027194 166.033827 0.000000 
0.000000 166.040460 166.031174 166.027194 166.026531 166.027858 166.033164 0.000000 
0.000000 0.000000 166.033827 166.029184 166.028521 166.029184 166.033164 166.041667 
0.000000 0.000000 166.036480 166.031174 166.029847 166.030511 166.033827 166.041123 
0.000000 0.000000 166.039133 166.033164 166.031837 166.031837 166.034490 166.041123 
0.000000 0.000000 0.000000 166.035817 166.033827 166.033827 166.035154 166.040460 
0.000000 0.000000 0.000000 166.038470 166.035154 166.035154 166.036480 166.041123 
0.000000 0.000000 0.000000 166.041123 166.037143 166.037143 166.037807 166.041123 
0.000000 0.000000 0.000000 0.000000 166.039133 166.038470 166.039133 0.000000 
0.000000 0.000000 0.000000 0.000000 166.041123 166.040460 166.040460 0.000000 
