test/output/constant/M3M480_S060_A270_WD315.0_WS010.0/M3M480_S060_A270_WD315.0_WS010.0_arrival.asc
ncols         12
nrows         35
xllcorner     426403.990666
yllcorner     12748655.311160
cellsize      100.000000
NODATA_value  0.000000
0.000000 0.000000 0.000000 0.000000 0.000000 0.000000 0.000000 0.000000 166.041166 166.041166 166.041166 0.000000 
0.000000 0.000000 0.000000 0.000000 0.000000 0.000000 0.000000 166.041166 166.039713 166.039713 166.040197 166.041166 
0.000000 0.000000 0.000000 0.000000 0.000000 0.000000 166.041650 166.039229 166.038745 166.038745 166.038745 166.040682 
0.000000 0.000000 0.000000 0.000000 0.000000 0.000000 166.039713 166.037776 166.037292 166.037292 166.038260 166.040197 
0.000000 0.000000 0.000000 0.000000 0.000000 166.041166 166.038260 166.036323 166.035839 166.035839 166.037292 166.039713 
0.000000 0.000000 0.000000 0.000000 0.000000 166.039229 166.036323 166.034870 166.034870 166.034870 166.036323 166.039229 
0.000000 0.000000 0.000000 0.000000 166.041166 166.037292 166.034870 166.033417 166.033417 166.033901 166.035839 166.038745 
0.000000 0.000000 0.000000 0.000000 166.039229 166.035354 166.033417 166.032449 166.032449 166.032933 166.035354 166.038745 
0.000000 0.000000 0.000000 0.000000 166.037292 166.033901 166.031480 166.030996 166.030996 166.031964 166.034870 166.038745 
0.000000 0.000000 0.000000 166.040682 166.035354 166.031964 166.030027 166.029543 166.030027 166.031480 166.034386 166.038745 
0.000000 0.000000 0.000000 166.038745 166.033417 166.030511 166.028574 166.028574 166.028574 166.030511 166.034386 166.039229 
0.000000 0.000000 0.000000 166.036323 166.031480 166.028574 166.027121 166.027121 166.028090 166.030511 166.034386 166.039229 
0.000000 0.000000 166.040682 166.034386 166.029543 166.027121 166.026153 166.026153 166.027121 166.030027 166.034386 166.039713 
0.000000 0.000000 166.038260 166.032449 166.028090 166.025184 166.024700 166.024700 166.026153 166.029543 166.034386 166.040197 
0.000000 0.000000 166.036323 166.030027 166.026153 166.023731 166.023247 166.023731 166.025668 166.029543 166.034870 166.041166 
0.000000 0.000000 166.034386 166.028090 166.024215 166.022278 166.022278 166.022762 166.025184 166.030027 166.035354 0.000000 
0.000000 0.000000 166.031964 166.026153 166.022278 166.020825 166.020825 166.021794 166.025184 166.030027 166.036323 0.000000 
0.000000 166.040197 166.030027 166.024215 166.020825 166.019857 166.019857 166.021309 166.025184 166.030511 166.037776 0.000000 
0.000000 166.038260 166.027605 166.022278 166.018888 166.018404 166.018404 166.020825 166.025184 166.030996 166.039229 0.000000 
0.000000 166.035839 166.025668 166.020341 166.017435 166.016951 166.017435 166.020825 166.025668 166.032449 0.000000 0.000000 
0.000000 166.033901 166.023731 166.018404 166.015982 166.015982 166.016951 166.020825 166.026153 166.033901 0.000000 0.000000 
0.000000 166.031480 166.021309 166.016466 166.014529 166.014529 166.016466 166.020825 166.027121 166.036807 0.000000 0.000000 
0.000000 166.029543 166.019372 166.014529 166.013561 166.013561 166.015982 166.021309 166.028574 166.040197 0.000000 0.000000 
0.000000 166.027605 166.017435 166.013076 166.012108 166.012592 166.015982 166.021794 166.031480 0.000000 0.000000 0.000000 
166.041166 166.025668 166.015013 166.011139 166.011139 166.012108 166.016466 166.023247 166.034870 0.000000 0.000000 0.000000 
166.040197 166.023731 166.013076 166.009686 166.009686 166.011623 166.016951 166.026153 166.039713 0.000000 0.000000 0.000000 
166.039229 166.021794 166.011139 166.008233 166.008233 166.011623 166.017919 166.030027 0.000000 0.000000 0.000000 0.000000 
166.038260 166.019372 166.008718 166.007265 166.007265 166.011623 166.020825 166.035354 0.000000 0.000000 0.000000 0.000000 
166.037776 166.017435 166.006780 166.005812 166.007265 166.012592 166.025184 0.000000 0.000000 0.000000 0.000000 0.000000 
166.037776 166.015498 166.004843 166.004843 166.007265 166.015498 166.031480 0.000000 0.000000 0.000000 0.000000 0.000000 
166.039713 166.014045 166.003390 166.003390 166.007265 166.020341 166.040682 0.000000 0.000000 0.000000 0.000000 0.000000 
0.000000 166.013561 166.001937 166.002422 166.010170 166.029543 0.000000 0.000000 0.000000 0.000000 0.000000 0.000000 
0.000000 166.013561 166.000969 166.002422 166.018404 0.000000 0.000000 0.000000 0.000000 0.000000 0.000000 0.000000 
0.000000 166.016951 166.000000 166.006780 166.034386 0.000000 0.000000 0.000000 0.000000 0.000000 0.000000 0.000000 
0.000000 166.039713 166.026637 166.036323 0.000000 0.000000 0.000000 0.000000 0.000000 0.000000 0.000000 0.000000 
