test/output/constant/M3100_S060_A090_WD135.0_WS010.0/M3100_S060_A090_WD135.0_WS010.0_raz.asc
ncols         15
nrows         50
xllcorner     425403.990666
yllcorner     12743955.311160
cellsize      100.000000
NODATA_value  0.000000
0 0 0 0 0 0 0 0 0 0 0 302 281 80 0 
0 0 0 0 0 0 0 0 0 0 281 270 254 80 0 
0 0 0 0 0 0 0 0 0 281 281 243 191 173 11 
0 0 0 0 0 0 0 0 0 281 200 191 191 166 166 
0 0 0 0 0 0 0 0 281 202 200 191 179 166 173 
0 0 0 0 0 0 0 0 270 270 199 191 179 166 170 
0 0 0 0 0 0 0 243 259 243 191 191 181 179 170 
0 0 0 0 0 0 0 281 259 199 192 191 166 179 170 
0 0 0 0 0 0 259 259 199 200 191 191 179 179 166 
0 0 0 0 0 0 270 200 259 191 191 191 181 170 170 
0 0 0 0 0 0 259 200 199 191 191 185 173 179 160 
0 0 0 0 0 302 270 200 200 191 191 181 181 179 173 
0 0 0 0 0 270 200 243 191 191 187 181 181 170 179 
0 0 0 0 0 199 243 200 191 191 191 181 170 181 179 
0 0 0 0 243 200 199 259 191 191 191 181 179 176 176 
0 0 0 0 199 243 259 191 192 191 189 173 179 181 173 
0 0 0 0 243 199 259 191 191 191 179 176 166 173 179 
0 0 0 199 281 200 199 191 191 191 181 179 181 181 170 
0 0 0 243 259 243 197 195 191 185 185 166 166 179 179 
0 0 0 259 259 231 191 191 191 181 181 181 181 179 0 
0 0 0 200 200 200 192 191 191 191 181 179 176 170 0 
0 0 243 302 200 192 191 191 191 176 181 181 179 179 0 
0 0 200 199 199 196 191 191 191 179 170 170 179 181 0 
0 0 200 199 200 191 191 191 185 170 176 181 173 170 0 
0 0 200 200 196 191 191 191 179 179 181 179 181 181 0 
0 200 231 200 192 191 191 191 191 182 181 179 170 166 0 
0 200 199 199 191 194 191 187 181 170 181 170 181 0 0 
0 200 199 191 191 191 191 191 181 181 179 181 176 0 0 
0 200 199 194 194 192 191 191 160 179 179 179 181 0 0 
0 200 200 194 196 191 191 191 179 179 181 166 166 0 0 
0 200 191 194 191 191 191 191 170 170 176 181 179 0 0 
199 281 281 197 191 191 191 179 179 187 173 166 0 0 0 
231 270 195 191 191 191 191 181 185 181 179 179 0 0 0 
259 197 196 191 191 191 191 187 179 179 179 179 0 0 0 
243 191 192 191 194 191 191 191 176 179 170 160 0 0 0 
231 243 191 194 191 191 191 176 179 179 179 0 0 0 0 
200 191 191 191 191 191 179 185 179 179 179 0 0 0 0 
191 191 191 191 191 191 179 179 179 179 179 0 0 0 0 
191 191 191 191 191 191 176 189 166 179 0 0 0 0 0 
191 194 191 191 191 189 189 170 188 181 0 0 0 0 0 
191 191 191 191 191 191 179 179 179 179 0 0 0 0 0 
192 191 191 191 191 191 181 179 181 0 0 0 0 0 0 
191 191 191 191 187 191 176 179 181 0 0 0 0 0 0 
194 191 191 191 191 191 188 190 0 0 0 0 0 0 0 
191 191 191 191 184 179 179 181 0 0 0 0 0 0 0 
191 191 191 191 179 185 185 0 0 0 0 0 0 0 0 
191 191 191 191 191 181 179 0 0 0 0 0 0 0 0 
0 192 191 187 191 179 0 0 0 0 0 0 0 0 0 
0 191 191 191 191 0 0 0 0 0 0 0 0 0 0 
0 0 191 191 0 0 0 0 0 0 0 0 0 0 0 
