test/output/constant/M385_S060_A000_WD270.0_WS050.0/M385_S060_A000_WD270.0_WS050.0_arrival.asc
ncols         19
nrows         11
xllcorner     426203.990666
yllcorner     12748255.311160
cellsize      100.000000
NODATA_value  0.000000
0.000000 0.000000 0.000000 0.000000 0.000000 166.041556 166.039181 166.037994 166.036807 166.036807 166.036807 166.036807 166.037994 166.039181 166.041556 0.000000 0.000000 0.000000 0.000000 
0.000000 0.000000 0.000000 166.039181 166.034432 166.032058 166.029683 166.028496 166.028496 166.028496 166.029683 166.030870 166.032058 166.034432 166.036807 166.039181 166.041556 0.000000 0.000000 
0.000000 0.000000 166.035620 166.029683 166.024934 166.021372 166.021372 166.020184 166.021372 166.021372 166.023746 166.026121 166.028496 166.030870 166.033245 166.035620 166.037994 166.040369 0.000000 
0.000000 166.034432 166.026121 166.018997 166.014248 166.013060 166.013060 166.013060 166.014248 166.016622 166.018997 166.022559 166.024934 166.027308 166.030870 166.033245 166.035620 166.039181 166.041556 
166.041556 166.029683 166.018997 166.009499 166.004749 166.004749 166.005937 166.008311 166.011873 166.014248 166.017810 166.020184 166.023746 166.026121 166.029683 166.032058 166.035620 166.037994 166.040369 
166.039181 166.028496 166.017810 166.005937 166.000000 166.002375 166.004749 166.008311 166.010686 166.014248 166.016622 166.020184 166.022559 166.026121 166.028496 166.032058 166.034432 166.037994 166.040369 
166.041556 166.029683 166.018997 166.009499 166.004749 166.004749 166.005937 166.008311 166.011873 166.014248 166.017810 166.020184 166.023746 166.026121 166.029683 166.032058 166.035620 166.037994 166.040369 
0.000000 166.034432 166.026121 166.018997 166.014248 166.013060 166.013060 166.013060 166.014248 166.016622 166.018997 166.022559 166.024934 166.027308 166.030870 166.033245 166.035620 166.039181 166.041556 
0.000000 0.000000 166.035620 166.029683 166.024934 166.021372 166.021372 166.020184 166.021372 166.021372 166.023746 166.026121 166.028496 166.030870 166.033245 166.035620 166.037994 166.040369 0.000000 
0.000000 0.000000 0.000000 166.039181 166.034432 166.032058 166.029683 166.028496 166.028496 166.028496 166.029683 166.030870 166.032058 166.034432 166.036807 166.039181 166.041556 0.000000 0.000000 
0.000000 0.000000 0.000000 0.000000 0.000000 166.041556 166.039181 166.037994 166.036807 166.036807 166.036807 166.036807 166.037994 166.039181 166.041556 0.000000 0.000000 0.000000 0.000000 
