test/output/constant/C3_S060_A090_WD000.0_WS040.0/C3_S060_A090_WD000.0_WS040.0_arrival.asc
ncols         7
nrows         43
xllcorner     426303.990666
yllcorner     12744555.311160
cellsize      100.000000
NODATA_value  0.000000
0.000000 0.000000 0.000000 166.000000 0.000000 0.000000 0.000000 
0.000000 0.000000 166.013619 166.000801 166.013619 0.000000 0.000000 
0.000000 0.000000 166.008412 166.001602 166.008412 0.000000 0.000000 
0.000000 0.000000 166.007210 166.002804 166.007210 0.000000 0.000000 
0.000000 166.033648 166.007210 166.003605 166.007210 166.033648 0.000000 
0.000000 166.029241 166.007210 166.004807 166.007210 166.029241 0.000000 
0.000000 166.025636 166.008011 166.005608 166.008011 166.025636 0.000000 
0.000000 166.023633 166.008812 166.006810 166.008812 166.023633 0.000000 
0.000000 166.022432 166.009213 166.007611 166.009213 166.022432 0.000000 
0.000000 166.021230 166.010014 166.008812 166.010014 166.021230 0.000000 
0.000000 166.021230 166.011216 166.009614 166.011216 166.021230 0.000000 
166.040858 166.020829 166.012017 166.010815 166.012017 166.020829 166.040858 
166.038855 166.020829 166.012818 166.011616 166.012818 166.020829 166.038855 
166.037653 166.020829 166.014020 166.012818 166.014020 166.020829 166.037653 
166.036452 166.021230 166.014821 166.013619 166.014821 166.021230 166.036452 
166.035650 166.021631 166.016023 166.014821 166.016023 166.021631 166.035650 
166.035250 166.022432 166.016824 166.015622 166.016824 166.022432 166.035250 
166.034849 166.023233 166.018026 166.016824 166.018026 166.023233 166.034849 
166.034449 166.023633 166.018827 166.017625 166.018827 166.023633 166.034449 
166.034449 166.024435 166.020028 166.018827 166.020028 166.024435 166.034449 
166.034449 166.025236 166.020829 166.019628 166.020829 166.025236 166.034449 
166.034449 166.026037 166.021631 166.020829 166.021631 166.026037 166.034449 
166.034449 166.026437 166.022832 166.021631 166.022832 166.026437 166.034449 
166.034849 166.027239 166.023633 166.022832 166.023633 166.027239 166.034849 
166.035650 166.028040 166.024835 166.023633 166.024835 166.028040 166.035650 
166.036452 166.028841 166.025636 166.024835 166.025636 166.028841 166.036452 
166.036852 166.030043 166.026838 166.025636 166.026838 166.030043 166.036852 
166.037653 166.030844 166.027639 166.026838 166.027639 166.030844 166.037653 
166.038454 166.031645 166.028440 166.027639 166.028440 166.031645 166.038454 
166.038855 166.032446 166.029642 166.028841 166.029642 166.032446 166.038855 
166.039656 166.033648 166.030443 166.029642 166.030443 166.033648 166.039656 
166.040457 166.034449 166.031645 166.030844 166.031645 166.034449 166.040457 
166.041258 166.035650 166.032446 166.031645 166.032446 166.035650 166.041258 
166.041659 166.036452 166.033648 166.032846 166.033648 166.036452 166.041659 
0.000000 166.037253 166.034449 166.033648 166.034449 166.037253 0.000000 
0.000000 166.038054 166.035650 166.034849 166.035650 166.038054 0.000000 
0.000000 166.039256 166.036452 166.035650 166.036452 166.039256 0.000000 
0.000000 166.040057 166.037653 166.036852 166.037653 166.040057 0.000000 
0.000000 166.040858 166.038454 166.037653 166.038454 166.040858 0.000000 
0.000000 0.000000 166.039256 166.038855 166.039256 0.000000 0.000000 
0.000000 0.000000 166.040457 166.039656 166.040457 0.000000 0.000000 
0.000000 0.000000 166.041258 166.040858 166.041258 0.000000 0.000000 
0.000000 0.000000 0.000000 166.041659 0.000000 0.000000 0.000000 
