test/output/constant/M355_S060_A180_WD270.0_WS035.0/M355_S060_A180_WD270.0_WS035.0_arrival.asc
ncols         42
nrows         7
xllcorner     426603.990666
yllcorner     12748455.311160
cellsize      100.000000
NODATA_value  0.000000
0.000000 0.000000 0.000000 0.000000 0.000000 0.000000 0.000000 0.000000 0.000000 0.000000 0.000000 0.000000 0.000000 0.000000 0.000000 0.000000 0.000000 0.000000 0.000000 166.041667 166.040981 166.040580 166.040580 166.040580 166.040178 166.040178 166.040580 166.041383 0.000000 0.000000 0.000000 0.000000 0.000000 0.000000 0.000000 0.000000 0.000000 0.000000 0.000000 0.000000 0.000000 0.000000 
0.000000 0.000000 0.000000 0.000000 0.000000 166.039374 166.034553 166.031339 166.028928 166.026919 166.026116 166.025312 166.024910 166.024508 166.024107 166.024508 166.024508 166.025312 166.025714 166.026517 166.027321 166.028124 166.028526 166.029330 166.030133 166.030937 166.031740 166.032544 166.033348 166.034151 166.034955 166.035758 166.036562 166.037767 166.038571 166.039374 166.040580 166.041383 0.000000 0.000000 0.000000 0.000000 
0.000000 166.019687 166.011652 166.009241 166.008437 166.008437 166.008437 166.009241 166.010044 166.010848 166.011652 166.012455 166.013259 166.014464 166.015268 166.016473 166.017276 166.018482 166.019285 166.020089 166.021294 166.022098 166.023303 166.024107 166.025312 166.026116 166.026919 166.028124 166.028928 166.030133 166.030937 166.032142 166.032946 166.033749 166.034955 166.035758 166.036964 166.037767 166.038972 166.039776 166.040981 0.000000 
166.000000 166.000804 166.001607 166.002812 166.003616 166.004821 166.005625 166.006830 166.007634 166.008839 166.009643 166.010848 166.011652 166.012857 166.013660 166.014866 166.015669 166.016875 166.017678 166.018884 166.019687 166.020892 166.021696 166.022901 166.023705 166.024910 166.025714 166.026919 166.027723 166.028928 166.029732 166.030937 166.031740 166.032946 166.033749 166.034955 166.035758 166.036964 166.037767 166.038972 166.039776 166.040981 
0.000000 166.019687 166.011652 166.009241 166.008437 166.008437 166.008437 166.009241 166.010044 166.010848 166.011652 166.012455 166.013259 166.014464 166.015268 166.016473 166.017276 166.018482 166.019285 166.020089 166.021294 166.022098 166.023303 166.024107 166.025312 166.026116 166.026919 166.028124 166.028928 166.030133 166.030937 166.032142 166.032946 166.033749 166.034955 166.035758 166.036964 166.037767 166.038972 166.039776 166.040981 0.000000 
0.000000 0.000000 0.000000 0.000000 0.000000 166.039374 166.034553 166.031339 166.028928 166.026919 166.026116 166.025312 166.024910 166.024508 166.024107 166.024508 166.024508 166.025312 166.025714 166.026517 166.027321 166.028124 166.028526 166.029330 166.030133 166.030937 166.031740 166.032544 166.033348 166.034151 166.034955 166.035758 166.036562 166.037767 166.038571 166.039374 166.040580 166.041383 0.000000 0.000000 0.000000 0.000000 
0.000000 0.000000 0.000000 0.000000 0.000000 0.000000 0.000000 0.000000 0.000000 0.000000 0.000000 0.000000 0.000000 0.000000 0.000000 0.000000 0.000000 0.000000 0.000000 166.041667 166.040981 166.040580 166.040580 166.040580 166.040178 166.040178 166.040580 166.041383 0.000000 0.000000 0.000000 0.000000 0.000000 0.000000 0.000000 0.000000 0.000000 0.000000 0.000000 0.000000 0.000000 0.000000 
