test/output/constant/M495_S060_A180_WD180.0_WS010.0/M495_S060_A180_WD180.0_WS010.0_arrival.asc
ncols         27
nrows         11
xllcorner     426603.990666
yllcorner     12748655.311160
cellsize      100.000000
NODATA_value  0.000000
0.000000 0.000000 0.000000 0.000000 0.000000 0.000000 0.000000 0.000000 0.000000 0.000000 0.000000 0.000000 0.000000 0.000000 0.000000 0.000000 0.000000 0.000000 166.041400 166.040791 166.040183 166.039574 166.039574 166.040183 166.040791 166.041400 0.000000 
0.000000 0.000000 0.000000 0.000000 0.000000 0.000000 0.000000 0.000000 0.000000 0.000000 0.000000 0.000000 0.000000 0.000000 166.039574 166.037747 166.036530 166.035921 166.035312 166.035312 166.035312 166.035921 166.036530 166.037138 166.038965 166.040183 166.041400 
0.000000 0.000000 0.000000 0.000000 0.000000 0.000000 0.000000 0.000000 0.000000 0.000000 0.000000 166.037747 166.034094 166.032877 166.031050 166.031050 166.030441 166.030441 166.031050 166.031659 166.032268 166.034094 166.035312 166.036530 166.038356 166.040183 166.041667 
0.000000 0.000000 0.000000 0.000000 0.000000 0.000000 0.000000 0.000000 166.038356 166.032877 166.029224 166.027397 166.026180 166.026180 166.025571 166.026180 166.026788 166.027397 166.028615 166.030441 166.031659 166.033486 166.035312 166.037138 166.038965 166.041400 0.000000 
0.000000 0.000000 0.000000 0.000000 0.000000 0.000000 166.034703 166.028006 166.024353 166.022527 166.021309 166.021309 166.021309 166.021918 166.022527 166.023744 166.025571 166.026788 166.028615 166.030441 166.032268 166.034094 166.036530 166.038965 166.041400 0.000000 0.000000 
0.000000 0.000000 0.000000 0.000000 166.031659 166.023744 166.019482 166.017656 166.016438 166.016438 166.017047 166.017656 166.018874 166.020700 166.021918 166.023744 166.025571 166.028006 166.029833 166.032268 166.034703 166.037138 166.040183 0.000000 0.000000 0.000000 0.000000 
0.000000 0.000000 166.032877 166.020700 166.014612 166.012177 166.012177 166.012177 166.012785 166.014003 166.015830 166.017047 166.018874 166.020700 166.023135 166.025571 166.028006 166.030441 166.033486 166.036530 166.039574 0.000000 0.000000 0.000000 0.000000 0.000000 0.000000 
0.000000 166.020700 166.009741 166.007306 166.007306 166.007915 166.009132 166.010959 166.012177 166.014003 166.016438 166.018265 166.021309 166.024353 166.026788 166.030441 166.033486 166.037138 166.040183 0.000000 0.000000 0.000000 0.000000 0.000000 0.000000 0.000000 0.000000 
166.007306 166.002435 166.003044 166.004262 166.006088 166.007306 166.009741 166.011568 166.014612 166.017656 166.020700 166.024353 166.028006 166.031050 166.034703 166.038356 0.000000 0.000000 0.000000 0.000000 0.000000 0.000000 0.000000 0.000000 0.000000 0.000000 0.000000 
166.000000 166.001218 166.002435 166.004871 166.008524 166.012177 166.015830 166.019482 166.023135 166.027397 166.031050 166.035312 166.038965 0.000000 0.000000 0.000000 0.000000 0.000000 0.000000 0.000000 0.000000 0.000000 0.000000 0.000000 0.000000 0.000000 0.000000 
166.032877 166.026180 166.027397 166.028615 166.031659 166.034703 166.038965 0.000000 0.000000 0.000000 0.000000 0.000000 0.000000 0.000000 0.000000 0.000000 0.000000 0.000000 0.000000 0.000000 0.000000 0.000000 0.000000 0.000000 0.000000 0.000000 0.000000 
