test/output/constant/M3M480_S060_A270_WD045.0_WS010.0/M3M480_S060_A270_WD045.0_WS010.0_ros.asc
ncols         12
nrows         35
xllcorner     425703.990666
yllcorner     12748655.311160
cellsize      100.000000
NODATA_value  0.000000
0.000000 56.851723 53.493092 56.851723 0.000000 0.000000 0.000000 0.000000 0.000000 0.000000 0.000000 0.000000 
56.851723 56.851723 56.851723 55.405930 30.222359 0.000000 0.000000 0.000000 0.000000 0.000000 0.000000 0.000000 
56.851723 56.851723 53.493092 34.939117 47.574848 34.939117 0.000000 0.000000 0.000000 0.000000 0.000000 0.000000 
56.851723 56.851723 56.851723 50.856094 34.939117 30.222359 0.000000 0.000000 0.000000 0.000000 0.000000 0.000000 
56.851723 56.851723 56.851723 56.851723 34.939117 9.125360 34.939117 0.000000 0.000000 0.000000 0.000000 0.000000 
56.851723 56.851723 56.851723 56.851723 56.851723 34.939117 30.222359 0.000000 0.000000 0.000000 0.000000 0.000000 
56.851723 56.851723 56.851723 56.851723 55.405930 34.939117 34.939117 34.939117 0.000000 0.000000 0.000000 0.000000 
56.851723 56.851723 56.851723 56.851723 30.222359 16.525295 47.574848 34.939117 0.000000 0.000000 0.000000 0.000000 
56.851723 56.851723 56.851723 56.851723 56.851723 56.851723 16.525295 30.222359 0.000000 0.000000 0.000000 0.000000 
56.851723 56.851723 56.851723 56.851723 56.851723 34.939117 34.939117 30.222359 16.525295 0.000000 0.000000 0.000000 
56.851723 56.851723 55.038876 56.851723 50.856094 56.851723 39.493916 30.222359 25.486387 0.000000 0.000000 0.000000 
38.499096 56.851723 56.851723 56.851723 56.851723 55.405930 30.222359 56.536678 30.222359 0.000000 0.000000 0.000000 
38.499096 56.851723 56.851723 56.851723 56.851723 30.222359 25.486387 39.493916 30.222359 20.874342 0.000000 0.000000 
42.827206 42.827206 55.038876 56.851723 56.851723 56.851723 43.748802 25.486387 30.222359 34.939117 0.000000 0.000000 
42.827206 38.499096 56.851723 56.851723 56.851723 56.851723 30.222359 30.222359 34.939117 16.525295 0.000000 0.000000 
0.000000 42.827206 56.851723 56.851723 56.851723 56.851723 56.851723 34.939117 34.939117 25.486387 0.000000 0.000000 
0.000000 2.588561 50.167656 56.851723 56.851723 56.851723 56.536678 39.493916 34.939117 30.222359 0.000000 0.000000 
0.000000 5.884627 38.499096 56.851723 56.851723 56.851723 30.222359 30.222359 16.525295 20.874342 30.222359 0.000000 
0.000000 42.827206 42.827206 38.499096 56.851723 56.851723 56.851723 55.405930 20.874342 34.939117 20.874342 0.000000 
0.000000 0.000000 5.884627 55.038876 56.851723 56.851723 56.796200 30.222359 20.874342 34.939117 30.222359 0.000000 
0.000000 0.000000 42.827206 2.588561 56.851723 56.851723 56.851723 56.851723 34.939117 20.874342 25.486387 0.000000 
0.000000 0.000000 3.897278 5.884627 56.350727 56.851723 56.851723 56.851723 34.939117 30.222359 30.222359 0.000000 
0.000000 0.000000 2.588561 42.827206 5.884627 56.851723 56.851723 25.486387 34.939117 20.874342 30.222359 0.000000 
0.000000 0.000000 0.000000 3.897278 38.499096 55.038876 56.851723 56.851723 20.874342 20.874342 9.125360 0.000000 
0.000000 0.000000 0.000000 38.499096 42.827206 56.851723 56.851723 56.851723 30.222359 30.222359 16.525295 30.222359 
0.000000 0.000000 0.000000 2.588561 42.827206 2.588561 56.851723 56.851723 56.851723 20.874342 25.486387 30.222359 
0.000000 0.000000 0.000000 0.000000 2.588561 38.499096 56.851723 56.851723 56.851723 25.486387 30.222359 30.222359 
0.000000 0.000000 0.000000 0.000000 2.588561 38.499096 38.499096 55.038876 56.851723 30.222359 12.569800 16.525295 
0.000000 0.000000 0.000000 0.000000 0.000000 2.588561 38.499096 56.851723 56.851723 30.222359 30.222359 12.569800 
0.000000 0.000000 0.000000 0.000000 0.000000 2.588561 2.588561 56.851723 56.851723 39.493916 30.222359 12.569800 
0.000000 0.000000 0.000000 0.000000 0.000000 2.162027 33.903820 38.499096 56.851723 39.493916 30.222359 20.874342 
0.000000 0.000000 0.000000 0.000000 0.000000 0.000000 2.162027 42.827206 56.851723 56.851723 12.569800 0.000000 
0.000000 0.000000 0.000000 0.000000 0.000000 0.000000 0.000000 2.162027 46.756561 56.851723 16.525295 0.000000 
0.000000 0.000000 0.000000 0.000000 0.000000 0.000000 0.000000 2.162027 2.162027 -1.000000 1.487547 0.000000 
0.000000 0.000000 0.000000 0.000000 0.000000 0.000000 0.000000 0.000000 1.544596 1.283037 1.863686 0.000000 
