test/output/constant/M3M495_S060_A270_WD135.0_WS015.0/M3M495_S060_A270_WD135.0_WS015.0_ros.asc
ncols         15
nrows         58
xllcorner     425303.990666
yllcorner     12748755.311160
cellsize      100.000000
NODATA_value  0.000000
98.092865 98.092865 98.092865 0.000000 0.000000 0.000000 0.000000 0.000000 0.000000 0.000000 0.000000 0.000000 0.000000 0.000000 0.000000 
98.092865 98.092865 98.092865 92.678703 0.000000 0.000000 0.000000 0.000000 0.000000 0.000000 0.000000 0.000000 0.000000 0.000000 0.000000 
98.092865 98.092865 95.889748 43.466923 51.902084 0.000000 0.000000 0.000000 0.000000 0.000000 0.000000 0.000000 0.000000 0.000000 0.000000 
98.092865 98.092865 98.092865 92.678703 60.268757 0.000000 0.000000 0.000000 0.000000 0.000000 0.000000 0.000000 0.000000 0.000000 0.000000 
98.092865 98.092865 98.092865 98.092865 51.902084 43.466923 0.000000 0.000000 0.000000 0.000000 0.000000 0.000000 0.000000 0.000000 0.000000 
98.092865 98.092865 98.092865 98.092865 35.219299 27.409464 0.000000 0.000000 0.000000 0.000000 0.000000 0.000000 0.000000 0.000000 0.000000 
95.539467 87.465378 98.092865 98.092865 35.219299 75.790421 51.902084 0.000000 0.000000 0.000000 0.000000 0.000000 0.000000 0.000000 0.000000 
98.092865 98.092865 98.092865 75.790421 98.092865 75.790421 35.219299 0.000000 0.000000 0.000000 0.000000 0.000000 0.000000 0.000000 0.000000 
98.092865 98.092865 98.092865 98.092865 98.092865 35.219299 82.474121 0.000000 0.000000 0.000000 0.000000 0.000000 0.000000 0.000000 0.000000 
97.934265 98.092865 98.092865 98.092865 98.092865 98.092865 43.466923 35.219299 0.000000 0.000000 0.000000 0.000000 0.000000 0.000000 0.000000 
98.092865 97.934265 97.538567 98.092865 60.268757 51.902084 51.902084 82.474121 0.000000 0.000000 0.000000 0.000000 0.000000 0.000000 0.000000 
98.092865 98.092865 98.092865 98.092865 98.092865 20.274269 35.219299 35.219299 0.000000 0.000000 0.000000 0.000000 0.000000 0.000000 0.000000 
92.147346 98.092865 98.092865 98.092865 98.092865 98.092865 43.466923 88.161110 35.219299 0.000000 0.000000 0.000000 0.000000 0.000000 0.000000 
67.273125 98.092865 98.092865 98.092865 98.092865 82.474121 20.274269 75.790421 20.274269 0.000000 0.000000 0.000000 0.000000 0.000000 0.000000 
74.836266 98.092865 98.092865 98.092865 98.092865 98.092865 68.312950 35.219299 82.474121 0.000000 0.000000 0.000000 0.000000 0.000000 0.000000 
67.273125 98.092865 98.092865 98.092865 98.092865 98.092865 27.409464 43.466923 75.790421 35.219299 0.000000 0.000000 0.000000 0.000000 0.000000 
67.273125 81.635933 98.092865 98.092865 98.092865 43.466923 35.219299 92.678703 35.219299 82.474121 0.000000 0.000000 0.000000 0.000000 0.000000 
67.273125 74.836266 98.092865 98.092865 98.092865 98.092865 98.092865 27.409464 75.790421 43.466923 0.000000 0.000000 0.000000 0.000000 0.000000 
67.273125 75.790421 98.092865 98.092865 98.092865 98.092865 98.013573 88.161110 35.219299 51.902084 0.000000 0.000000 0.000000 0.000000 0.000000 
0.000000 67.273125 95.539467 98.092865 98.092865 98.092865 98.092865 35.219299 75.790421 35.219299 20.274269 0.000000 0.000000 0.000000 0.000000 
0.000000 67.273125 97.538567 97.538567 98.092865 98.092865 98.092865 98.092865 43.466923 43.466923 35.219299 0.000000 0.000000 0.000000 0.000000 
0.000000 67.273125 67.273125 98.092865 98.092865 98.092865 75.790421 98.092865 88.161110 43.466923 35.219299 0.000000 0.000000 0.000000 0.000000 
0.000000 2.491346 67.273125 98.092865 98.092865 98.092865 98.092865 98.092865 35.219299 75.790421 43.466923 0.000000 0.000000 0.000000 0.000000 
0.000000 2.491346 67.273125 74.836266 98.092865 98.092865 98.092865 88.161110 51.902084 43.466923 43.466923 35.219299 0.000000 0.000000 0.000000 
0.000000 74.836266 67.273125 74.836266 98.092865 98.092865 98.092865 98.092865 82.474121 68.312950 20.274269 68.312950 0.000000 0.000000 0.000000 
0.000000 0.000000 4.888950 81.635933 98.092865 98.092865 98.092865 98.092865 51.902084 43.466923 35.219299 35.219299 0.000000 0.000000 0.000000 
0.000000 0.000000 67.273125 67.273125 98.092865 98.092865 97.934265 98.092865 27.409464 82.474121 60.268757 35.219299 0.000000 0.000000 0.000000 
0.000000 0.000000 74.836266 67.273125 98.092865 98.092865 98.092865 75.790421 82.474121 35.219299 43.466923 60.268757 43.466923 0.000000 0.000000 
0.000000 0.000000 67.273125 67.273125 74.836266 98.092865 98.092865 98.092865 27.409464 82.474121 51.902084 35.219299 35.219299 0.000000 0.000000 
0.000000 0.000000 67.273125 67.273125 74.836266 98.092865 98.092865 98.092865 98.092865 35.219299 35.219299 35.219299 35.219299 0.000000 0.000000 
0.000000 0.000000 0.000000 67.273125 67.273125 97.538567 98.092865 98.092865 98.092865 43.466923 43.466923 43.466923 35.219299 0.000000 0.000000 
0.000000 0.000000 0.000000 67.273125 67.273125 74.836266 97.934265 98.092865 98.092865 43.466923 75.790421 27.409464 20.274269 0.000000 0.000000 
0.000000 0.000000 0.000000 67.273125 67.273125 74.836266 98.092865 98.092865 98.092865 35.219299 35.219299 35.219299 35.219299 35.219299 0.000000 
0.000000 0.000000 0.000000 67.273125 67.273125 67.273125 98.092865 98.092865 98.092865 51.902084 82.474121 75.790421 35.219299 43.466923 0.000000 
0.000000 0.000000 0.000000 0.000000 67.273125 67.273125 74.836266 98.092865 98.092865 98.092865 43.466923 35.219299 27.409464 20.274269 0.000000 
0.000000 0.000000 0.000000 0.000000 67.273125 67.273125 74.836266 98.092865 98.092865 98.092865 60.268757 75.790421 35.219299 43.466923 0.000000 
0.000000 0.000000 0.000000 0.000000 67.273125 8.501266 74.836266 98.092865 98.092865 98.092865 60.268757 35.219299 35.219299 27.409464 0.000000 
0.000000 0.000000 0.000000 0.000000 4.888950 67.273125 74.836266 98.092865 98.092865 98.092865 27.409464 82.474121 43.466923 35.219299 0.000000 
0.000000 0.000000 0.000000 0.000000 0.000000 67.273125 67.273125 74.836266 98.092865 98.092865 43.466923 75.790421 20.274269 35.219299 0.000000 
0.000000 0.000000 0.000000 0.000000 0.000000 67.273125 67.273125 74.836266 98.092865 98.092865 98.092865 43.466923 35.219299 14.029928 0.000000 
0.000000 0.000000 0.000000 0.000000 0.000000 74.836266 74.836266 67.273125 98.092865 98.092865 92.678703 43.466923 43.466923 43.466923 0.000000 
0.000000 0.000000 0.000000 0.000000 0.000000 67.273125 67.273125 8.501266 74.836266 98.092865 98.092865 35.219299 43.466923 27.409464 0.000000 
0.000000 0.000000 0.000000 0.000000 0.000000 0.000000 67.273125 74.836266 74.836266 98.092865 98.092865 35.219299 35.219299 35.219299 35.219299 
0.000000 0.000000 0.000000 0.000000 0.000000 0.000000 74.836266 67.273125 4.888950 98.092865 98.092865 43.466923 75.790421 35.219299 27.409464 
0.000000 0.000000 0.000000 0.000000 0.000000 0.000000 67.273125 67.273125 67.273125 98.092865 98.092865 98.092865 43.466923 35.219299 35.219299 
0.000000 0.000000 0.000000 0.000000 0.000000 0.000000 0.000000 67.273125 8.501266 74.836266 98.092865 98.092865 75.790421 43.466923 27.409464 
0.000000 0.000000 0.000000 0.000000 0.000000 0.000000 0.000000 2.491346 2.491346 74.836266 98.092865 98.092865 43.466923 35.219299 35.219299 
0.000000 0.000000 0.000000 0.000000 0.000000 0.000000 0.000000 59.176472 67.273125 67.273125 98.092865 98.092865 60.268757 27.409464 43.466923 
0.000000 0.000000 0.000000 0.000000 0.000000 0.000000 0.000000 0.000000 2.491346 74.836266 98.092865 98.092865 60.268757 35.219299 35.219299 
0.000000 0.000000 0.000000 0.000000 0.000000 0.000000 0.000000 0.000000 67.273125 67.273125 8.501266 98.092865 98.092865 14.029928 35.219299 
0.000000 0.000000 0.000000 0.000000 0.000000 0.000000 0.000000 0.000000 4.888950 1.187878 74.836266 98.092865 98.092865 27.409464 35.219299 
0.000000 0.000000 0.000000 0.000000 0.000000 0.000000 0.000000 0.000000 0.000000 1.187878 67.273125 98.092865 98.092865 43.466923 43.466923 
0.000000 0.000000 0.000000 0.000000 0.000000 0.000000 0.000000 0.000000 0.000000 59.176472 67.273125 81.635933 98.092865 43.466923 27.409464 
0.000000 0.000000 0.000000 0.000000 0.000000 0.000000 0.000000 0.000000 0.000000 0.000000 59.176472 67.273125 98.092865 92.678703 35.219299 
0.000000 0.000000 0.000000 0.000000 0.000000 0.000000 0.000000 0.000000 0.000000 0.000000 59.176472 1.187878 98.092865 51.902084 14.029928 
0.000000 0.000000 0.000000 0.000000 0.000000 0.000000 0.000000 0.000000 0.000000 0.000000 0.000000 2.491346 98.092865 98.092865 20.274269 
0.000000 0.000000 0.000000 0.000000 0.000000 0.000000 0.000000 0.000000 0.000000 0.000000 0.000000 1.187878 4.888950 98.092865 14.029928 
0.000000 0.000000 0.000000 0.000000 0.000000 0.000000 0.000000 0.000000 0.000000 0.000000 0.000000 0.000000 1.187878 -1.000000 0.879052 
