test/output/constant/M4100_S000_A270_WD135.0_WS025.0/M4100_S000_A270_WD135.0_WS025.0_arrival.asc
ncols         16
nrows         16
xllcorner     425203.990666
yllcorner     12748655.311160
cellsize      100.000000
NODATA_value  0.000000
166.041667 166.041018 166.041018 166.041667 0.000000 0.000000 0.000000 0.000000 0.000000 0.000000 0.000000 0.000000 0.000000 0.000000 0.000000 0.000000 
166.041018 166.039273 166.038400 166.038400 166.038400 166.041018 0.000000 0.000000 0.000000 0.000000 0.000000 0.000000 0.000000 0.000000 0.000000 0.000000 
166.041018 166.038400 166.035782 166.034909 166.034909 166.035782 166.038400 0.000000 0.000000 0.000000 0.000000 0.000000 0.000000 0.000000 0.000000 0.000000 
166.041667 166.038400 166.034909 166.033164 166.032291 166.032291 166.033164 166.036655 166.041018 0.000000 0.000000 0.000000 0.000000 0.000000 0.000000 0.000000 
0.000000 166.038400 166.034909 166.032291 166.029673 166.029673 166.029673 166.030545 166.034036 166.040145 0.000000 0.000000 0.000000 0.000000 0.000000 0.000000 
0.000000 166.041018 166.035782 166.032291 166.029673 166.027055 166.026182 166.026182 166.027927 166.032291 166.039273 0.000000 0.000000 0.000000 0.000000 0.000000 
0.000000 0.000000 166.038400 166.033164 166.029673 166.026182 166.023564 166.023564 166.023564 166.025309 166.030545 166.039273 0.000000 0.000000 0.000000 0.000000 
0.000000 0.000000 0.000000 166.036655 166.030545 166.026182 166.023564 166.020073 166.020073 166.020073 166.022691 166.029673 166.041018 0.000000 0.000000 0.000000 
0.000000 0.000000 0.000000 166.041018 166.034036 166.027927 166.023564 166.020073 166.017455 166.017455 166.017455 166.020945 166.029673 0.000000 0.000000 0.000000 
0.000000 0.000000 0.000000 0.000000 166.040145 166.032291 166.025309 166.020073 166.017455 166.013964 166.013964 166.014836 166.020073 166.031418 0.000000 0.000000 
0.000000 0.000000 0.000000 0.000000 0.000000 166.039273 166.030545 166.022691 166.017455 166.013964 166.011345 166.011345 166.012218 166.020073 166.036655 0.000000 
0.000000 0.000000 0.000000 0.000000 0.000000 0.000000 166.039273 166.029673 166.020945 166.014836 166.011345 166.007855 166.007855 166.010473 166.023564 0.000000 
0.000000 0.000000 0.000000 0.000000 0.000000 0.000000 0.000000 166.041018 166.029673 166.020073 166.012218 166.007855 166.005236 166.005236 166.010473 166.041667 
0.000000 0.000000 0.000000 0.000000 0.000000 0.000000 0.000000 0.000000 0.000000 166.031418 166.020073 166.010473 166.005236 166.001745 166.001745 166.031418 
0.000000 0.000000 0.000000 0.000000 0.000000 0.000000 0.000000 0.000000 0.000000 0.000000 166.036655 166.023564 166.010473 166.001745 166.000000 166.028800 
0.000000 0.000000 0.000000 0.000000 0.000000 0.000000 0.000000 0.000000 0.000000 0.000000 0.000000 0.000000 166.041667 166.031418 166.028800 0.000000 
