test/output/constant/M3M465_S060_A270_WD045.0_WS005.0/M3M465_S060_A270_WD045.0_WS005.0_arrival.asc
ncols         8
nrows         31
xllcorner     426103.990666
yllcorner     12748655.311160
cellsize      100.000000
NODATA_value  0.000000
0.000000 166.041225 166.041225 166.041225 0.000000 0.000000 0.000000 0.000000 
0.000000 166.040096 166.039531 166.039531 166.041225 0.000000 0.000000 0.000000 
166.041225 166.038401 166.037837 166.038401 166.039531 0.000000 0.000000 0.000000 
166.040096 166.037272 166.036707 166.036707 166.037837 166.041225 0.000000 0.000000 
166.038966 166.036142 166.035013 166.035578 166.036707 166.039531 0.000000 0.000000 
166.038401 166.035013 166.033884 166.033884 166.034448 166.037837 0.000000 0.000000 
166.037837 166.033884 166.032754 166.032189 166.033319 166.036142 166.041667 0.000000 
166.037272 166.032754 166.031060 166.031060 166.031625 166.034448 166.040096 0.000000 
166.036707 166.032189 166.029366 166.029366 166.029930 166.032754 166.038401 0.000000 
166.036142 166.031060 166.028236 166.028236 166.028801 166.031060 166.036707 0.000000 
166.035578 166.029930 166.027107 166.026542 166.027107 166.029366 166.035013 0.000000 
166.035578 166.029366 166.025977 166.025413 166.025413 166.027672 166.033319 166.041225 
166.035578 166.028801 166.024848 166.023718 166.023718 166.025977 166.031625 166.039531 
166.035578 166.028236 166.023718 166.022589 166.022589 166.024283 166.029930 166.038401 
166.035578 166.028236 166.022589 166.020895 166.020895 166.022589 166.028236 166.037272 
166.036142 166.027672 166.022024 166.019765 166.019765 166.020895 166.026542 166.036142 
166.037272 166.027672 166.020895 166.018071 166.018071 166.019201 166.024848 166.035013 
166.038966 166.027672 166.020330 166.016942 166.016942 166.017507 166.023154 166.033884 
166.040660 166.027672 166.020330 166.015812 166.015248 166.015812 166.021460 166.032754 
0.000000 166.028801 166.019765 166.014683 166.013553 166.014683 166.019765 166.031625 
0.000000 166.030495 166.019765 166.013553 166.012424 166.012989 166.018071 166.031060 
0.000000 166.032754 166.019765 166.012989 166.010730 166.011295 166.016377 166.030495 
0.000000 166.036142 166.020895 166.012424 166.009600 166.009600 166.014683 166.030495 
0.000000 166.041225 166.022589 166.011859 166.007906 166.008471 166.013553 166.030495 
0.000000 0.000000 166.025977 166.011859 166.006777 166.006777 166.012424 166.031625 
0.000000 0.000000 166.031060 166.012424 166.005647 166.005083 166.011295 166.032189 
0.000000 0.000000 166.038401 166.014683 166.004518 166.003953 166.010730 166.035578 
0.000000 0.000000 0.000000 166.020330 166.003953 166.002259 166.010730 166.039531 
0.000000 0.000000 0.000000 166.030495 166.004518 166.001129 166.011859 0.000000 
0.000000 0.000000 0.000000 0.000000 166.011295 166.000000 166.018071 0.000000 
0.000000 0.000000 0.000000 0.000000 0.000000 166.035578 0.000000 0.000000 
