test/output/constant/M3M465_S060_A270_WD045.0_WS005.0/M3M465_S060_A270_WD045.0_WS005.0_ros.asc
ncols         8
nrows         31
xllcorner     426103.990666
yllcorner     12748655.311160
cellsize      100.000000
NODATA_value  0.000000
0.000000 49.085949 40.897182 40.897182 0.000000 0.000000 0.000000 0.000000 
0.000000 49.085949 49.085949 37.558670 40.897182 0.000000 0.000000 0.000000 
49.085949 43.480762 49.085949 37.558670 40.897182 0.000000 0.000000 0.000000 
49.085949 49.085949 49.085949 49.085949 46.081512 40.897182 0.000000 0.000000 
48.704937 49.085949 49.085949 33.852970 40.897182 37.558670 0.000000 0.000000 
49.085949 49.085949 49.085949 43.767170 47.769974 37.558670 0.000000 0.000000 
49.085949 49.085949 49.085949 49.085949 21.692486 40.897182 43.767170 0.000000 
49.085949 47.617920 49.085949 49.085949 37.558670 37.558670 40.897182 0.000000 
49.085949 49.085949 49.085949 49.019260 40.897182 37.558670 40.897182 0.000000 
48.704937 49.085949 49.085949 47.769974 33.852970 37.558670 40.897182 0.000000 
40.556477 48.704937 49.085949 49.085949 37.558670 40.897182 37.558670 0.000000 
49.085949 49.085949 49.085949 49.085949 43.767170 40.897182 40.897182 33.852970 
49.085949 49.085949 49.085949 49.085949 46.081512 40.897182 43.767170 37.558670 
49.085949 47.617920 49.085949 49.085949 40.897182 40.897182 40.897182 29.892569 
3.238035 49.085949 48.980919 49.085949 33.852970 40.897182 40.897182 37.558670 
37.174755 48.980919 49.085949 49.085949 48.781322 37.558670 40.897182 25.797659 
2.082228 49.085949 48.980919 49.085949 37.558670 37.558670 40.897182 25.797659 
1.701710 47.617920 43.480762 49.085949 37.558670 37.558670 40.897182 29.892569 
37.174755 33.438438 49.085949 49.085949 49.085949 46.081512 40.897182 25.797659 
0.000000 37.174755 48.704937 49.085949 49.085949 33.852970 40.897182 13.945708 
0.000000 37.174755 49.085949 49.085949 49.085949 37.558670 40.897182 17.701540 
0.000000 33.438438 33.438438 49.085949 49.085949 43.767170 40.897182 17.701540 
0.000000 33.438438 3.238035 49.085949 49.085949 46.081512 37.558670 25.797659 
0.000000 3.238035 2.082228 45.858685 49.085949 37.558670 29.892569 25.797659 
0.000000 0.000000 1.701710 47.617920 49.085949 29.892569 33.852970 29.892569 
0.000000 0.000000 1.438379 33.438438 49.085949 49.085949 29.892569 29.892569 
0.000000 0.000000 1.701710 33.438438 49.085949 49.085949 29.892569 33.852970 
0.000000 0.000000 0.000000 29.461130 43.480762 49.085949 29.892569 1.438379 
0.000000 0.000000 0.000000 1.438379 37.174755 49.085949 29.892569 0.000000 
0.000000 0.000000 0.000000 0.000000 1.701710 -1.000000 1.438379 0.000000 
0.000000 0.000000 0.000000 0.000000 0.000000 1.164435 0.000000 0.000000 
