test/output/constant/M3M490_S060_A180_WD090.0_WS050.0/M3M490_S060_A180_WD090.0_WS050.0_arrival.asc
ncols         19
nrows         11
xllcorner     425203.990666
yllcorner     12748255.311160
cellsize      100.000000
NODATA_value  0.000000
0.000000 0.000000 0.000000 0.000000 166.041556 166.039181 166.037994 166.036807 166.036807 166.036807 166.036807 166.037994 166.039181 166.041556 0.000000 0.000000 0.000000 0.000000 0.000000 
0.000000 0.000000 166.041556 166.039181 166.036807 166.034432 166.032058 166.030870 166.029683 166.028496 166.028496 166.028496 166.029683 166.032058 166.034432 166.039181 0.000000 0.000000 0.000000 
0.000000 166.040369 166.037994 166.035620 166.033245 166.030870 166.028496 166.026121 166.023746 166.021372 166.021372 166.020184 166.021372 166.021372 166.024934 166.029683 166.035620 0.000000 0.000000 
166.041556 166.039181 166.035620 166.033245 166.030870 166.027308 166.024934 166.022559 166.018997 166.016622 166.014248 166.013060 166.013060 166.013060 166.014248 166.018997 166.026121 166.034432 0.000000 
166.040369 166.037994 166.035620 166.032058 166.029683 166.026121 166.023746 166.020184 166.017810 166.014248 166.011873 166.008311 166.005937 166.004749 166.004749 166.009499 166.018997 166.029683 166.041556 
166.040369 166.037994 166.034432 166.032058 166.028496 166.026121 166.022559 166.020184 166.016622 166.014248 166.010686 166.008311 166.004749 166.002375 166.000000 166.005937 166.017810 166.028496 166.039181 
166.040369 166.037994 166.035620 166.032058 166.029683 166.026121 166.023746 166.020184 166.017810 166.014248 166.011873 166.008311 166.005937 166.004749 166.004749 166.009499 166.018997 166.029683 166.041556 
166.041556 166.039181 166.035620 166.033245 166.030870 166.027308 166.024934 166.022559 166.018997 166.016622 166.014248 166.013060 166.013060 166.013060 166.014248 166.018997 166.026121 166.034432 0.000000 
0.000000 166.040369 166.037994 166.035620 166.033245 166.030870 166.028496 166.026121 166.023746 166.021372 166.021372 166.020184 166.021372 166.021372 166.024934 166.029683 166.035620 0.000000 0.000000 
0.000000 0.000000 166.041556 166.039181 166.036807 166.034432 166.032058 166.030870 166.029683 166.028496 166.028496 166.028496 166.029683 166.032058 166.034432 166.039181 0.000000 0.000000 0.000000 
0.000000 0.000000 0.000000 0.000000 166.041556 166.039181 166.037994 166.036807 166.036807 166.036807 166.036807 166.037994 166.039181 166.041556 0.000000 0.000000 0.000000 0.000000 0.000000 
