test/output/constant/M395_S060_A090_WD045.0_WS005.0/M395_S060_A090_WD045.0_WS005.0_raz.asc
ncols         12
nrows         59
xllcorner     425803.990666
yllcorner     12742955.311160
cellsize      100.000000
NODATA_value  0.000000
0 0 0 0 0 0 0 274 65535 69 0 0 
0 0 0 0 0 0 274 191 184 170 0 0 
0 0 0 0 0 0 300 191 184 172 170 0 
0 0 0 0 0 274 193 184 184 170 94 0 
0 0 0 0 0 193 191 184 184 174 170 0 
0 0 0 0 0 228 190 184 184 170 172 0 
0 0 0 0 193 300 191 184 184 174 172 0 
0 0 0 0 191 191 184 184 184 174 176 174 
0 0 0 0 193 191 184 184 184 174 172 176 
0 0 0 0 191 191 190 184 179 178 172 170 
0 0 0 259 191 190 188 184 179 179 172 172 
0 0 0 191 259 191 188 184 174 178 172 174 
0 0 0 191 191 185 185 184 172 178 172 174 
0 0 0 191 191 187 188 184 179 179 170 172 
0 0 0 191 191 184 184 184 179 179 176 167 
0 0 191 245 190 187 184 184 179 180 172 170 
0 0 191 191 187 184 184 178 178 179 174 172 
0 0 191 191 188 186 184 181 179 179 172 174 
0 0 191 191 184 186 184 178 179 179 170 174 
0 0 259 190 184 184 184 184 178 179 170 176 
0 0 228 245 189 186 184 179 179 179 179 174 
0 191 190 184 184 184 184 178 179 170 170 174 
0 245 191 184 184 184 184 183 178 172 177 172 
0 191 191 184 184 184 184 184 180 174 172 174 
0 190 191 186 184 185 184 179 179 172 172 172 
0 228 184 184 185 184 184 179 179 170 172 172 
0 191 184 186 185 184 184 180 179 174 177 172 
0 300 184 184 184 184 184 181 179 170 176 174 
0 228 184 190 184 184 178 178 179 170 179 170 
191 191 190 189 184 187 184 179 172 172 178 172 
191 184 184 186 184 184 179 178 172 172 178 170 
228 184 187 184 184 184 184 184 174 174 179 178 
191 185 184 185 189 184 184 179 176 176 179 172 
191 187 191 184 188 184 184 178 176 176 179 176 
191 184 186 186 184 184 179 179 178 178 172 0 
186 185 184 185 184 184 179 179 178 178 176 0 
187 190 186 184 185 184 184 172 179 178 176 0 
188 185 185 184 187 184 178 177 178 179 172 0 
184 184 184 184 187 184 179 177 178 178 177 0 
184 186 184 186 184 184 179 178 178 178 177 0 
188 184 184 184 184 184 178 179 178 179 177 0 
184 188 184 184 186 184 181 180 178 179 178 0 
186 189 188 185 184 177 179 178 178 178 0 0 
184 184 184 184 184 179 182 179 178 178 0 0 
188 184 184 186 184 184 176 179 179 179 0 0 
184 184 184 187 184 184 184 179 178 178 0 0 
189 184 185 184 184 180 179 179 178 178 0 0 
187 184 184 184 184 178 180 179 178 0 0 0 
190 184 184 184 184 184 172 179 178 0 0 0 
188 184 187 184 182 178 176 180 179 0 0 0 
184 184 184 184 184 184 178 179 179 0 0 0 
0 184 184 184 184 178 178 170 179 0 0 0 
0 184 184 184 184 176 178 172 0 0 0 0 
0 185 184 184 178 177 180 174 0 0 0 0 
0 184 184 184 184 184 176 179 0 0 0 0 
0 184 184 184 184 182 177 0 0 0 0 0 
0 0 184 184 184 184 177 0 0 0 0 0 
0 0 187 184 184 178 0 0 0 0 0 0 
0 0 186 184 184 180 0 0 0 0 0 0 
