test/output/constant/M485_S060_A000_WD090.0_WS035.0/M485_S060_A000_WD090.0_WS035.0_arrival.asc
ncols         43
nrows         7
xllcorner     422403.990666
yllcorner     12748455.311160
cellsize      100.000000
NODATA_value  0.000000
0.000000 0.000000 0.000000 0.000000 0.000000 0.000000 0.000000 0.000000 0.000000 0.000000 0.000000 0.000000 0.000000 166.041355 166.040559 166.040162 166.039366 166.038969 166.038571 166.038571 166.038571 166.038571 166.038969 166.039366 166.039764 166.040162 166.040957 0.000000 0.000000 0.000000 0.000000 0.000000 0.000000 0.000000 0.000000 0.000000 0.000000 0.000000 0.000000 0.000000 0.000000 0.000000 0.000000 
0.000000 0.000000 0.000000 0.000000 166.041667 166.040559 166.039764 166.038969 166.037776 166.036980 166.036185 166.034992 166.034197 166.033402 166.032606 166.031414 166.030618 166.030221 166.029425 166.028630 166.027835 166.027039 166.026642 166.025847 166.025051 166.024654 166.023858 166.023461 166.023063 166.023063 166.023461 166.023858 166.024256 166.025449 166.026642 166.028630 166.031811 166.035788 0.000000 0.000000 0.000000 0.000000 0.000000 
0.000000 166.041355 166.040559 166.039366 166.038571 166.037378 166.036583 166.035390 166.034595 166.033402 166.032606 166.031414 166.030618 166.029425 166.028630 166.027835 166.026642 166.025847 166.024654 166.023858 166.022665 166.021870 166.021075 166.019882 166.019087 166.017894 166.017098 166.015906 166.015110 166.014315 166.013122 166.012327 166.011134 166.010339 166.009543 166.009146 166.008350 166.007953 166.007953 166.008748 166.010339 166.017894 0.000000 
166.041355 166.040559 166.039366 166.038571 166.037378 166.036583 166.035390 166.034595 166.033402 166.032606 166.031414 166.030618 166.029425 166.028630 166.027437 166.026642 166.025449 166.024654 166.023461 166.022665 166.021473 166.020677 166.019484 166.018689 166.017496 166.016701 166.015508 166.014713 166.013520 166.012724 166.011532 166.010736 166.009543 166.008748 166.007555 166.006760 166.005567 166.004772 166.003579 166.002783 166.001591 166.000795 166.000000 
0.000000 166.041355 166.040559 166.039366 166.038571 166.037378 166.036583 166.035390 166.034595 166.033402 166.032606 166.031414 166.030618 166.029425 166.028630 166.027835 166.026642 166.025847 166.024654 166.023858 166.022665 166.021870 166.021075 166.019882 166.019087 166.017894 166.017098 166.015906 166.015110 166.014315 166.013122 166.012327 166.011134 166.010339 166.009543 166.009146 166.008350 166.007953 166.007953 166.008748 166.010339 166.017894 0.000000 
0.000000 0.000000 0.000000 0.000000 166.041667 166.040559 166.039764 166.038969 166.037776 166.036980 166.036185 166.034992 166.034197 166.033402 166.032606 166.031414 166.030618 166.030221 166.029425 166.028630 166.027835 166.027039 166.026642 166.025847 166.025051 166.024654 166.023858 166.023461 166.023063 166.023063 166.023461 166.023858 166.024256 166.025449 166.026642 166.028630 166.031811 166.035788 0.000000 0.000000 0.000000 0.000000 0.000000 
0.000000 0.000000 0.000000 0.000000 0.000000 0.000000 0.000000 0.000000 0.000000 0.000000 0.000000 0.000000 0.000000 166.041355 166.040559 166.040162 166.039366 166.038969 166.038571 166.038571 166.038571 166.038571 166.038969 166.039366 166.039764 166.040162 166.040957 0.000000 0.000000 0.000000 0.000000 0.000000 0.000000 0.000000 0.000000 0.000000 0.000000 0.000000 0.000000 0.000000 0.000000 0.000000 0.000000 
