test/output/constant/M375_S060_A000_WD045.0_WS005.0/M375_S060_A000_WD045.0_WS005.0_arrival.asc
ncols         47
nrows         11
xllcorner     422003.990666
yllcorner     12748055.311160
cellsize      100.000000
NODATA_value  0.000000
0.000000 0.000000 0.000000 0.000000 0.000000 0.000000 0.000000 0.000000 0.000000 0.000000 0.000000 0.000000 0.000000 0.000000 0.000000 0.000000 0.000000 0.000000 0.000000 0.000000 0.000000 0.000000 0.000000 0.000000 0.000000 0.000000 0.000000 0.000000 0.000000 166.041667 166.041380 166.041380 166.041380 166.041020 166.041380 0.000000 0.000000 0.000000 0.000000 0.000000 0.000000 0.000000 0.000000 0.000000 0.000000 0.000000 0.000000 
0.000000 0.000000 0.000000 0.000000 0.000000 0.000000 0.000000 0.000000 0.000000 0.000000 0.000000 0.000000 0.000000 0.000000 0.000000 166.041380 166.040300 166.039221 166.038141 166.037062 166.036342 166.035263 166.034183 166.033464 166.032384 166.031664 166.030945 166.030225 166.029506 166.028786 166.028066 166.027347 166.026627 166.026267 166.025907 166.025547 166.025188 166.025188 166.024828 166.025188 166.025907 166.027347 166.029146 166.032744 166.041020 0.000000 0.000000 
0.000000 0.000000 0.000000 0.000000 0.000000 0.000000 0.000000 0.000000 0.000000 0.000000 166.041020 166.039940 166.038861 166.037781 166.036702 166.035623 166.034543 166.033464 166.032384 166.031305 166.030225 166.029506 166.028426 166.027347 166.026267 166.025188 166.024108 166.023029 166.021949 166.020870 166.019790 166.018711 166.017631 166.016552 166.015472 166.014393 166.013313 166.012234 166.011514 166.010435 166.009715 166.009355 166.008996 166.008636 166.008996 166.010795 166.020150 
0.000000 0.000000 0.000000 0.000000 0.000000 0.000000 166.041020 166.039940 166.038861 166.037781 166.036702 166.035623 166.034543 166.033464 166.032384 166.031305 166.030225 166.029146 166.028066 166.026987 166.025907 166.024828 166.023748 166.022669 166.021589 166.020510 166.019430 166.018351 166.017272 166.016192 166.015472 166.014393 166.013313 166.012234 166.011155 166.010075 166.008996 166.007916 166.007196 166.006117 166.005038 166.004318 166.003238 166.002519 166.001439 166.000720 166.000000 
0.000000 0.000000 0.000000 166.041380 166.040300 166.039221 166.038141 166.037062 166.035982 166.034903 166.033823 166.032744 166.031664 166.030945 166.029865 166.028786 166.027706 166.026627 166.025907 166.024828 166.023748 166.022669 166.021949 166.020870 166.019790 166.018711 166.017991 166.016912 166.016192 166.015113 166.014393 166.013313 166.012594 166.011514 166.010435 166.009715 166.008636 166.007916 166.006837 166.006117 166.005038 166.004318 166.003598 166.003238 166.003238 166.004318 166.013673 
0.000000 166.041380 166.040300 166.039221 166.038501 166.037422 166.036342 166.035263 166.034543 166.033464 166.032384 166.031664 166.030585 166.029506 166.028786 166.027706 166.026987 166.025907 166.025188 166.024108 166.023389 166.022309 166.021589 166.020510 166.019790 166.018711 166.017991 166.016912 166.016192 166.015113 166.014393 166.013673 166.012954 166.012234 166.011514 166.010795 166.010075 166.009715 166.009715 166.009715 166.009715 166.010435 166.012234 166.015472 166.021949 166.036702 0.000000 
166.041380 166.040660 166.039581 166.038861 166.037781 166.037062 166.035982 166.034903 166.034183 166.033104 166.032384 166.031305 166.030585 166.029506 166.028786 166.027706 166.026987 166.026267 166.025188 166.024108 166.023389 166.022669 166.021949 166.021230 166.020510 166.019790 166.019071 166.018351 166.017631 166.017272 166.016552 166.016192 166.016192 166.015832 166.015832 166.015832 166.016192 166.016912 166.017991 166.019790 166.022669 166.026267 166.033464 0.000000 0.000000 0.000000 0.000000 
166.041380 166.040660 166.039581 166.038861 166.037781 166.037062 166.035982 166.035263 166.034183 166.033464 166.032744 166.032024 166.030945 166.030225 166.029506 166.028786 166.028066 166.027347 166.026627 166.025907 166.025547 166.024828 166.024108 166.023748 166.023389 166.023029 166.022669 166.022309 166.022309 166.022309 166.021949 166.021949 166.022669 166.023029 166.024108 166.025547 166.027706 166.030225 166.033464 166.037422 0.000000 0.000000 0.000000 0.000000 0.000000 0.000000 0.000000 
166.041667 166.041020 166.040300 166.039221 166.038501 166.038141 166.037422 166.036342 166.035623 166.035263 166.034183 166.033823 166.033104 166.032384 166.031664 166.031305 166.030585 166.030225 166.029865 166.029506 166.029146 166.028786 166.028786 166.028426 166.028426 166.028426 166.028426 166.028426 166.029146 166.029506 166.030585 166.031664 166.033464 166.035263 166.037781 166.040660 0.000000 0.000000 0.000000 0.000000 0.000000 0.000000 0.000000 0.000000 0.000000 0.000000 0.000000 
0.000000 0.000000 0.000000 166.041380 166.040660 166.039940 166.039221 166.038861 166.038141 166.037781 166.037062 166.036702 166.036342 166.035982 166.035623 166.035623 166.035263 166.034903 166.034903 166.034903 166.034543 166.034543 166.034543 166.034903 166.035623 166.035982 166.037062 166.038141 166.039581 166.041020 0.000000 0.000000 0.000000 0.000000 0.000000 0.000000 0.000000 0.000000 0.000000 0.000000 0.000000 0.000000 0.000000 0.000000 0.000000 0.000000 0.000000 
0.000000 0.000000 0.000000 0.000000 0.000000 0.000000 0.000000 0.000000 0.000000 0.000000 166.041667 166.041380 166.041380 166.041020 166.041020 166.041020 166.041020 166.040660 166.041020 166.041380 0.000000 0.000000 0.000000 0.000000 0.000000 0.000000 0.000000 0.000000 0.000000 0.000000 0.000000 0.000000 0.000000 0.000000 0.000000 0.000000 0.000000 0.000000 0.000000 0.000000 0.000000 0.000000 0.000000 0.000000 0.000000 0.000000 0.000000 
