test/output/constant/M3M490_S000_A180_WD270.0_WS030.0/M3M490_S000_A180_WD270.0_WS030.0_arrival.asc
ncols         38
nrows         11
xllcorner     426503.990666
yllcorner     12748255.311160
cellsize      100.000000
NODATA_value  0.000000
0.000000 0.000000 0.000000 0.000000 0.000000 0.000000 0.000000 0.000000 0.000000 0.000000 0.000000 0.000000 0.000000 0.000000 0.000000 166.041581 166.041119 166.040657 166.040657 166.040657 166.040657 166.040657 166.040657 166.040657 166.041119 0.000000 0.000000 0.000000 0.000000 0.000000 0.000000 0.000000 0.000000 0.000000 0.000000 0.000000 0.000000 0.000000 
0.000000 0.000000 0.000000 0.000000 0.000000 0.000000 0.000000 166.040195 166.036961 166.035575 166.033727 166.032803 166.032341 166.031879 166.031417 166.031417 166.031417 166.031417 166.031879 166.032341 166.032803 166.033265 166.034189 166.035113 166.035575 166.036499 166.037423 166.038347 166.039271 166.039733 166.040657 166.041581 0.000000 0.000000 0.000000 0.000000 0.000000 0.000000 
0.000000 0.000000 0.000000 166.039733 166.033727 166.029569 166.026335 166.024487 166.023562 166.023100 166.022638 166.022638 166.022638 166.022638 166.023100 166.023562 166.024487 166.024949 166.025873 166.026797 166.027721 166.028645 166.029569 166.030493 166.030955 166.031879 166.032803 166.034189 166.035113 166.036037 166.036961 166.038347 166.039271 166.040195 166.041581 0.000000 0.000000 0.000000 
0.000000 166.033265 166.024024 166.018942 166.015708 166.014322 166.013860 166.013860 166.013860 166.013860 166.014784 166.015246 166.016170 166.017094 166.018018 166.018942 166.019866 166.020790 166.021714 166.022638 166.024024 166.024949 166.025873 166.027259 166.028183 166.029107 166.030493 166.031417 166.032803 166.033727 166.034651 166.036037 166.036961 166.038347 166.039271 166.040657 166.041581 0.000000 
166.028645 166.008778 166.005082 166.004620 166.004620 166.005544 166.006468 166.007392 166.008316 166.009702 166.010626 166.012012 166.012936 166.014322 166.015246 166.016170 166.017556 166.018480 166.019866 166.020790 166.021714 166.023100 166.024024 166.025411 166.026335 166.027721 166.028645 166.030031 166.030955 166.032341 166.033265 166.034651 166.035575 166.036961 166.037885 166.039271 166.040195 166.041581 
166.020790 166.000000 166.000924 166.001848 166.003234 166.004158 166.005544 166.006468 166.007854 166.008778 166.010164 166.011088 166.012474 166.013398 166.014784 166.015708 166.017094 166.018018 166.019404 166.020328 166.021714 166.022638 166.024024 166.024949 166.026335 166.027259 166.028645 166.029569 166.030955 166.031879 166.033265 166.034189 166.035575 166.036499 166.037885 166.038809 166.040195 166.041119 
166.028645 166.008778 166.005082 166.004620 166.004620 166.005544 166.006468 166.007392 166.008316 166.009702 166.010626 166.012012 166.012936 166.014322 166.015246 166.016170 166.017556 166.018480 166.019866 166.020790 166.021714 166.023100 166.024024 166.025411 166.026335 166.027721 166.028645 166.030031 166.030955 166.032341 166.033265 166.034651 166.035575 166.036961 166.037885 166.039271 166.040195 166.041581 
0.000000 166.033265 166.024024 166.018942 166.015708 166.014322 166.013860 166.013860 166.013860 166.013860 166.014784 166.015246 166.016170 166.017094 166.018018 166.018942 166.019866 166.020790 166.021714 166.022638 166.024024 166.024949 166.025873 166.027259 166.028183 166.029107 166.030493 166.031417 166.032803 166.033727 166.034651 166.036037 166.036961 166.038347 166.039271 166.040657 166.041581 0.000000 
0.000000 0.000000 0.000000 166.039733 166.033727 166.029569 166.026335 166.024487 166.023562 166.023100 166.022638 166.022638 166.022638 166.022638 166.023100 166.023562 166.024487 166.024949 166.025873 166.026797 166.027721 166.028645 166.029569 166.030493 166.030955 166.031879 166.032803 166.034189 166.035113 166.036037 166.036961 166.038347 166.039271 166.040195 166.041581 0.000000 0.000000 0.000000 
0.000000 0.000000 0.000000 0.000000 0.000000 0.000000 0.000000 166.040195 166.036961 166.035575 166.033727 166.032803 166.032341 166.031879 166.031417 166.031417 166.031417 166.031417 166.031879 166.032341 166.032803 166.033265 166.034189 166.035113 166.035575 166.036499 166.037423 166.038347 166.039271 166.039733 166.040657 166.041581 0.000000 0.000000 0.000000 0.000000 0.000000 0.000000 
0.000000 0.000000 0.000000 0.000000 0.000000 0.000000 0.000000 0.000000 0.000000 0.000000 0.000000 0.000000 0.000000 0.000000 0.000000 166.041581 166.041119 166.040657 166.040657 166.040657 166.040657 166.040657 166.040657 166.040657 166.041119 0.000000 0.000000 0.000000 0.000000 0.000000 0.000000 0.000000 0.000000 0.000000 0.000000 0.000000 0.000000 0.000000 
