test/output/constant/M290_S060_A090_WD000.0_WS015.0/M290_S060_A090_WD000.0_WS015.0_arrival.asc
ncols         7
nrows         33
xllcorner     426303.990666
yllcorner     12745555.311160
cellsize      100.000000
NODATA_value  0.000000
0.000000 0.000000 166.031441 166.000000 166.031441 0.000000 0.000000 
0.000000 0.000000 166.011528 166.001048 166.011528 0.000000 0.000000 
0.000000 0.000000 166.008384 166.002096 166.008384 0.000000 0.000000 
0.000000 166.038253 166.007860 166.003668 166.007860 166.038253 0.000000 
0.000000 166.031441 166.007860 166.004716 166.007860 166.031441 0.000000 
0.000000 166.027249 166.008384 166.006288 166.008384 166.027249 0.000000 
0.000000 166.025153 166.009432 166.007336 166.009432 166.025153 0.000000 
0.000000 166.023581 166.010480 166.008908 166.010480 166.023581 0.000000 
0.000000 166.023057 166.011528 166.009956 166.011528 166.023057 0.000000 
0.000000 166.023057 166.012576 166.011528 166.012576 166.023057 0.000000 
0.000000 166.022533 166.014148 166.012576 166.014148 166.022533 0.000000 
166.039825 166.022533 166.015196 166.014148 166.015196 166.022533 166.039825 
166.038777 166.023581 166.016768 166.015196 166.016768 166.023581 166.038777 
166.038253 166.024105 166.017816 166.016768 166.017816 166.024105 166.038253 
166.038253 166.025153 166.019388 166.017816 166.019388 166.025153 166.038253 
166.037729 166.026201 166.020437 166.019388 166.020437 166.026201 166.037729 
166.037729 166.026725 166.021485 166.020437 166.021485 166.026725 166.037729 
166.037729 166.027773 166.023057 166.022009 166.023057 166.027773 166.037729 
166.037729 166.028821 166.024105 166.023057 166.024105 166.028821 166.037729 
166.038253 166.029869 166.025677 166.024629 166.025677 166.029869 166.038253 
166.038777 166.030917 166.026725 166.025677 166.026725 166.030917 166.038777 
166.039825 166.031965 166.028297 166.027249 166.028297 166.031965 166.039825 
166.040873 166.033013 166.029345 166.028297 166.029345 166.033013 166.040873 
166.041397 166.034061 166.030917 166.029869 166.030917 166.034061 166.041397 
0.000000 166.035633 166.031965 166.030917 166.031965 166.035633 0.000000 
0.000000 166.036681 166.033013 166.032489 166.033013 166.036681 0.000000 
0.000000 166.037729 166.034585 166.033537 166.034585 166.037729 0.000000 
0.000000 166.038777 166.035633 166.035109 166.035633 166.038777 0.000000 
0.000000 166.040349 166.037205 166.036157 166.037205 166.040349 0.000000 
0.000000 166.041397 166.038253 166.037729 166.038253 166.041397 0.000000 
0.000000 0.000000 166.039825 166.038777 166.039825 0.000000 0.000000 
0.000000 0.000000 166.040873 166.040349 166.040873 0.000000 0.000000 
0.000000 0.000000 0.000000 166.041397 0.000000 0.000000 0.000000 
