test/output/constant/M3M480_S060_A270_WD090.0_WS010.0/M3M480_S060_A270_WD090.0_WS010.0_arrival.asc
ncols         14
nrows         43
xllcorner     425403.990666
yllcorner     12748755.311160
cellsize      100.000000
NODATA_value  0.000000
0.000000 166.041425 166.041425 0.000000 0.000000 0.000000 0.000000 0.000000 0.000000 0.000000 0.000000 0.000000 0.000000 0.000000 
166.041425 166.040665 166.040665 166.041045 0.000000 0.000000 0.000000 0.000000 0.000000 0.000000 0.000000 0.000000 0.000000 0.000000 
166.040665 166.039524 166.039524 166.039904 166.041045 0.000000 0.000000 0.000000 0.000000 0.000000 0.000000 0.000000 0.000000 0.000000 
166.040285 166.038764 166.038384 166.038384 166.039524 0.000000 0.000000 0.000000 0.000000 0.000000 0.000000 0.000000 0.000000 0.000000 
166.039904 166.038004 166.037624 166.037624 166.038004 166.040285 0.000000 0.000000 0.000000 0.000000 0.000000 0.000000 0.000000 0.000000 
166.039524 166.037624 166.036484 166.036484 166.036864 166.038764 166.041667 0.000000 0.000000 0.000000 0.000000 0.000000 0.000000 0.000000 
166.039524 166.036864 166.035724 166.035344 166.035724 166.037244 166.040285 0.000000 0.000000 0.000000 0.000000 0.000000 0.000000 0.000000 
166.039144 166.036484 166.034964 166.034584 166.034584 166.035724 166.038384 166.041425 0.000000 0.000000 0.000000 0.000000 0.000000 0.000000 
166.039144 166.036104 166.034204 166.033444 166.033444 166.034204 166.036484 166.039904 0.000000 0.000000 0.000000 0.000000 0.000000 0.000000 
166.039524 166.036104 166.033444 166.032684 166.032684 166.033064 166.034964 166.038004 0.000000 0.000000 0.000000 0.000000 0.000000 0.000000 
166.039524 166.035724 166.033064 166.031544 166.031544 166.031924 166.033444 166.036484 166.040665 0.000000 0.000000 0.000000 0.000000 0.000000 
166.039904 166.035724 166.032684 166.030783 166.030403 166.030783 166.031924 166.034584 166.038764 0.000000 0.000000 0.000000 0.000000 0.000000 
166.040665 166.036104 166.032684 166.030403 166.029643 166.029643 166.030403 166.033064 166.036484 0.000000 0.000000 0.000000 0.000000 0.000000 
166.041425 166.036104 166.032304 166.029643 166.028503 166.028503 166.028883 166.031163 166.034584 166.039904 0.000000 0.000000 0.000000 0.000000 
0.000000 166.036864 166.032304 166.029643 166.027743 166.027743 166.027743 166.029643 166.032684 166.038004 0.000000 0.000000 0.000000 0.000000 
0.000000 166.037244 166.032684 166.029263 166.026983 166.026603 166.026603 166.028123 166.031163 166.035724 166.041667 0.000000 0.000000 0.000000 
0.000000 166.038004 166.033064 166.029263 166.026603 166.025463 166.025463 166.026603 166.029263 166.033824 166.039524 0.000000 0.000000 0.000000 
0.000000 166.039144 166.033444 166.029263 166.026223 166.024703 166.024703 166.025083 166.027743 166.031544 166.037244 0.000000 0.000000 0.000000 
0.000000 166.040285 166.034204 166.029263 166.025843 166.023943 166.023563 166.023943 166.025843 166.029643 166.035344 0.000000 0.000000 0.000000 
0.000000 0.000000 166.034964 166.029643 166.025843 166.023183 166.022423 166.022803 166.024323 166.027743 166.033064 166.040665 0.000000 0.000000 
0.000000 0.000000 166.036104 166.030023 166.025843 166.022803 166.021662 166.021662 166.022803 166.025843 166.031163 166.038384 0.000000 0.000000 
0.000000 0.000000 166.037624 166.030783 166.025843 166.022423 166.020522 166.020522 166.021282 166.023943 166.028883 166.036104 0.000000 0.000000 
0.000000 0.000000 166.039524 166.031924 166.026223 166.022423 166.019762 166.019762 166.019762 166.022423 166.026983 166.033444 0.000000 0.000000 
0.000000 0.000000 0.000000 166.033064 166.026983 166.022423 166.019382 166.018622 166.018622 166.020522 166.024703 166.031163 166.040285 0.000000 
0.000000 0.000000 0.000000 166.034964 166.027743 166.022423 166.019002 166.017482 166.017482 166.019002 166.022803 166.028883 166.038004 0.000000 
0.000000 0.000000 0.000000 166.037244 166.028883 166.022803 166.019002 166.016722 166.016722 166.017482 166.020522 166.026603 166.035344 0.000000 
0.000000 0.000000 0.000000 166.040665 166.030403 166.023563 166.019002 166.015962 166.015582 166.015962 166.018622 166.024323 166.033064 0.000000 
0.000000 0.000000 0.000000 0.000000 166.033064 166.024703 166.019002 166.015582 166.014442 166.014822 166.017102 166.022042 166.030403 0.000000 
0.000000 0.000000 0.000000 0.000000 166.036104 166.026223 166.019762 166.015582 166.013682 166.013682 166.015202 166.020142 166.028123 0.000000 
0.000000 0.000000 0.000000 0.000000 166.040285 166.028123 166.020522 166.015582 166.012921 166.012541 166.013682 166.017862 166.025843 0.000000 
0.000000 0.000000 0.000000 0.000000 0.000000 166.031544 166.021662 166.015582 166.012161 166.011781 166.012161 166.015582 166.023183 166.041045 
0.000000 0.000000 0.000000 0.000000 0.000000 166.036104 166.023563 166.016342 166.012161 166.010641 166.010641 166.013682 166.020902 166.038764 
0.000000 0.000000 0.000000 0.000000 0.000000 166.041425 166.027363 166.017482 166.012161 166.009501 166.009501 166.011781 166.018622 166.036104 
0.000000 0.000000 0.000000 0.000000 0.000000 0.000000 166.031544 166.019382 166.012541 166.009121 166.008741 166.009881 166.015962 166.033824 
0.000000 0.000000 0.000000 0.000000 0.000000 0.000000 166.037624 166.022803 166.013301 166.008741 166.007601 166.008361 166.013682 166.031544 
0.000000 0.000000 0.000000 0.000000 0.000000 0.000000 0.000000 166.027743 166.014822 166.008741 166.006841 166.006841 166.011401 166.029263 
0.000000 0.000000 0.000000 0.000000 0.000000 0.000000 0.000000 166.033824 166.018242 166.009121 166.005701 166.005701 166.009121 166.026983 
0.000000 0.000000 0.000000 0.000000 0.000000 0.000000 0.000000 0.000000 166.023563 166.010261 166.005321 166.004561 166.006841 166.024323 
0.000000 0.000000 0.000000 0.000000 0.000000 0.000000 0.000000 0.000000 166.031544 166.013682 166.005321 166.003800 166.004561 166.022042 
0.000000 0.000000 0.000000 0.000000 0.000000 0.000000 0.000000 0.000000 0.000000 166.020142 166.006081 166.002660 166.003040 166.020902 
0.000000 0.000000 0.000000 0.000000 0.000000 0.000000 0.000000 0.000000 0.000000 166.031924 166.009881 166.001900 166.001520 166.019762 
0.000000 0.000000 0.000000 0.000000 0.000000 0.000000 0.000000 0.000000 0.000000 0.000000 166.019382 166.001900 166.000760 166.019002 
0.000000 0.000000 0.000000 0.000000 0.000000 0.000000 0.000000 0.000000 0.000000 0.000000 0.000000 166.007221 166.000000 166.025083 
