test/output/constant/M370_S060_A180_WD135.0_WS045.0/M370_S060_A180_WD135.0_WS045.0_arrival.asc
ncols         10
nrows         30
xllcorner     426403.990666
yllcorner     12748655.311160
cellsize      100.000000
NODATA_value  0.000000
0.000000 0.000000 0.000000 0.000000 0.000000 0.000000 166.041275 166.041275 166.041667 0.000000 
0.000000 0.000000 0.000000 0.000000 0.000000 166.040772 166.039765 166.039765 166.040772 0.000000 
0.000000 0.000000 0.000000 0.000000 166.041667 166.039262 166.038255 166.038255 166.039765 0.000000 
0.000000 0.000000 0.000000 0.000000 166.039765 166.037248 166.036745 166.036745 166.038255 166.041667 
0.000000 0.000000 0.000000 0.000000 166.037752 166.035738 166.035235 166.035738 166.037752 166.041275 
0.000000 0.000000 0.000000 166.040268 166.035738 166.034228 166.033725 166.034228 166.036745 166.040772 
0.000000 0.000000 0.000000 166.038255 166.034228 166.032718 166.032215 166.033221 166.036242 166.040772 
0.000000 0.000000 166.041667 166.035738 166.032215 166.030705 166.030705 166.031711 166.035235 166.040772 
0.000000 0.000000 166.039262 166.033725 166.030201 166.029195 166.029195 166.031208 166.034732 166.040268 
0.000000 0.000000 166.037248 166.031711 166.028691 166.027685 166.028188 166.030201 166.034732 166.040772 
0.000000 0.000000 166.035235 166.029698 166.026678 166.026175 166.026678 166.029698 166.034228 166.041275 
0.000000 0.000000 166.032718 166.027685 166.025168 166.024664 166.025671 166.028691 166.034228 0.000000 
0.000000 166.041275 166.030705 166.025671 166.023658 166.023154 166.024664 166.028188 166.034732 0.000000 
0.000000 166.039262 166.028691 166.023658 166.022148 166.021644 166.023658 166.028188 166.035235 0.000000 
0.000000 166.036745 166.026175 166.021644 166.020134 166.020638 166.022651 166.028188 166.036242 0.000000 
0.000000 166.034732 166.024161 166.019631 166.019128 166.019128 166.022148 166.028188 166.037752 0.000000 
0.000000 166.032718 166.022148 166.018121 166.017617 166.018121 166.022148 166.029195 166.039765 0.000000 
0.000000 166.030201 166.020134 166.016107 166.016107 166.017114 166.022148 166.030201 0.000000 0.000000 
0.000000 166.028188 166.017617 166.014597 166.014597 166.016611 166.022148 166.031711 0.000000 0.000000 
0.000000 166.026175 166.015604 166.013087 166.013087 166.016107 166.022651 166.034228 0.000000 0.000000 
0.000000 166.024161 166.013591 166.011577 166.011577 166.015604 166.024161 166.037752 0.000000 0.000000 
166.041275 166.022148 166.011577 166.010067 166.010570 166.015604 166.026175 0.000000 0.000000 0.000000 
166.040268 166.019631 166.009564 166.008557 166.009564 166.016611 166.029698 0.000000 0.000000 0.000000 
166.039765 166.017617 166.007550 166.007047 166.009564 166.018624 166.034732 0.000000 0.000000 0.000000 
166.039765 166.016107 166.005537 166.005537 166.009564 166.022148 166.041275 0.000000 0.000000 0.000000 
166.040772 166.015101 166.004027 166.004027 166.010570 166.027685 0.000000 0.000000 0.000000 0.000000 
0.000000 166.014094 166.002517 166.003523 166.014597 166.036242 0.000000 0.000000 0.000000 0.000000 
0.000000 166.014094 166.001007 166.003523 166.022148 0.000000 0.000000 0.000000 0.000000 0.000000 
0.000000 166.016107 166.000000 166.008054 166.035235 0.000000 0.000000 0.000000 0.000000 0.000000 
0.000000 0.000000 166.034228 0.000000 0.000000 0.000000 0.000000 0.000000 0.000000 0.000000 
