test/output/constant/M290_S000_A000_WD000.0_WS040.0/M290_S000_A000_WD000.0_WS040.0_arrival.asc
ncols         7
nrows         29
xllcorner     426303.990666
yllcorner     12745955.311160
cellsize      100.000000
NODATA_value  0.000000
0.000000 0.000000 166.025102 166.000000 166.025102 0.000000 0.000000 
0.000000 0.000000 166.010758 166.001195 166.010758 0.000000 0.000000 
0.000000 0.000000 166.008367 166.002391 166.008367 0.000000 0.000000 
0.000000 166.035262 166.008367 166.004184 166.008367 166.035262 0.000000 
0.000000 166.029883 166.008367 166.005379 166.008367 166.029883 0.000000 
0.000000 166.026895 166.009563 166.007172 166.009563 166.026895 0.000000 
0.000000 166.025102 166.010758 166.008367 166.010758 166.025102 0.000000 
0.000000 166.024504 166.011953 166.010160 166.011953 166.024504 0.000000 
0.000000 166.023906 166.013149 166.011356 166.013149 166.023906 0.000000 
0.000000 166.023906 166.014344 166.013149 166.014344 166.023906 0.000000 
166.041667 166.023906 166.016137 166.014344 166.016137 166.023906 166.041667 
166.040641 166.024504 166.017332 166.016137 166.017332 166.024504 166.040641 
166.040043 166.025102 166.018528 166.017332 166.018528 166.025102 166.040043 
166.039446 166.026297 166.020321 166.019125 166.020321 166.026297 166.039446 
166.039446 166.027492 166.021516 166.020321 166.021516 166.027492 166.039446 
166.039446 166.028688 166.023309 166.022114 166.023309 166.028688 166.039446 
166.039446 166.029285 166.024504 166.023309 166.024504 166.029285 166.039446 
166.039446 166.030481 166.026297 166.025102 166.026297 166.030481 166.039446 
166.040641 166.031676 166.027492 166.026297 166.027492 166.031676 166.040641 
166.041239 166.032871 166.028688 166.028090 166.028688 166.032871 166.041239 
0.000000 166.034067 166.030481 166.029285 166.030481 166.034067 0.000000 
0.000000 166.035860 166.031676 166.031078 166.031676 166.035860 0.000000 
0.000000 166.037055 166.033469 166.032274 166.033469 166.037055 0.000000 
0.000000 166.038250 166.034664 166.034067 166.034664 166.038250 0.000000 
0.000000 166.039446 166.036457 166.035262 166.036457 166.039446 0.000000 
0.000000 166.041239 166.037653 166.037055 166.037653 166.041239 0.000000 
0.000000 0.000000 166.038848 166.038250 166.038848 0.000000 0.000000 
0.000000 0.000000 166.040641 166.040043 166.040641 0.000000 0.000000 
0.000000 0.000000 0.000000 166.041239 0.000000 0.000000 0.000000 
