test/output/constant/M4100_S060_A270_WD180.0_WS030.0/M4100_S060_A270_WD180.0_WS030.0_arrival.asc
ncols         7
nrows         50
xllcorner     426303.990666
yllcorner     12748755.311160
cellsize      100.000000
NODATA_value  0.000000
0.000000 0.000000 0.000000 166.041667 0.000000 0.000000 0.000000 
0.000000 0.000000 166.041572 166.040884 166.041572 0.000000 0.000000 
0.000000 0.000000 166.040884 166.040197 166.040884 0.000000 0.000000 
0.000000 0.000000 166.039854 166.039167 166.039854 0.000000 0.000000 
0.000000 166.041572 166.039167 166.038480 166.039167 166.041572 0.000000 
0.000000 166.040541 166.038136 166.037449 166.038136 166.040541 0.000000 
0.000000 166.039854 166.037449 166.036762 166.037449 166.039854 0.000000 
0.000000 166.038823 166.036762 166.035731 166.036762 166.038823 0.000000 
0.000000 166.038136 166.035731 166.035044 166.035731 166.038136 0.000000 
166.041572 166.037449 166.035044 166.034013 166.035044 166.037449 166.041572 
166.040884 166.036418 166.034013 166.033326 166.034013 166.036418 166.040884 
166.040197 166.035731 166.033326 166.032295 166.033326 166.035731 166.040197 
166.039510 166.034700 166.032295 166.031608 166.032295 166.034700 166.039510 
166.039167 166.034013 166.031608 166.030577 166.031608 166.034013 166.039167 
166.038480 166.033326 166.030577 166.029890 166.030577 166.033326 166.038480 
166.037792 166.032295 166.029890 166.028860 166.029890 166.032295 166.037792 
166.037105 166.031608 166.028860 166.028172 166.028860 166.031608 166.037105 
166.036762 166.030921 166.028172 166.027142 166.028172 166.030921 166.036762 
166.036075 166.029890 166.027142 166.026455 166.027142 166.029890 166.036075 
166.035387 166.029203 166.026455 166.025424 166.026455 166.029203 166.035387 
166.035044 166.028516 166.025424 166.024737 166.025424 166.028516 166.035044 
166.034357 166.027829 166.024737 166.023706 166.024737 166.027829 166.034357 
166.033670 166.027142 166.023706 166.023019 166.023706 166.027142 166.033670 
166.033326 166.026111 166.023019 166.021988 166.023019 166.026111 166.033326 
166.032639 166.025424 166.021988 166.021301 166.021988 166.025424 166.032639 
166.032295 166.025080 166.021301 166.020270 166.021301 166.025080 166.032295 
166.031952 166.024393 166.020270 166.019583 166.020270 166.024393 166.031952 
166.031952 166.023706 166.019583 166.018553 166.019583 166.023706 166.031952 
166.031952 166.023019 166.018896 166.017865 166.018896 166.023019 166.031952 
166.031952 166.022332 166.017865 166.016835 166.017865 166.022332 166.031952 
166.032295 166.021988 166.017178 166.016148 166.017178 166.021988 166.032295 
166.032639 166.021301 166.016491 166.015117 166.016491 166.021301 166.032639 
166.032982 166.020614 166.015461 166.014430 166.015461 166.020614 166.032982 
166.033670 166.020270 166.014773 166.013399 166.014773 166.020270 166.033670 
166.034357 166.019583 166.013743 166.012712 166.013743 166.019583 166.034357 
166.035731 166.019240 166.013056 166.011681 166.013056 166.019240 166.035731 
166.036762 166.019240 166.012025 166.010994 166.012025 166.019240 166.036762 
166.038136 166.019240 166.011338 166.009963 166.011338 166.019240 166.038136 
166.039854 166.019583 166.010651 166.009276 166.010651 166.019583 166.039854 
0.000000 166.019927 166.009620 166.008246 166.009620 166.019927 0.000000 
0.000000 166.020614 166.008933 166.007558 166.008933 166.020614 0.000000 
0.000000 166.021988 166.008246 166.006528 166.008246 166.021988 0.000000 
0.000000 166.023363 166.007558 166.005841 166.007558 166.023363 0.000000 
0.000000 166.025424 166.007215 166.004810 166.007215 166.025424 0.000000 
0.000000 166.029547 166.006528 166.004123 166.006528 166.029547 0.000000 
0.000000 166.035044 166.006528 166.003092 166.006528 166.035044 0.000000 
0.000000 0.000000 166.007215 166.002405 166.007215 0.000000 0.000000 
0.000000 0.000000 166.008246 166.001374 166.008246 0.000000 0.000000 
0.000000 0.000000 166.013056 166.000687 166.013056 0.000000 0.000000 
0.000000 0.000000 166.038823 166.000000 166.038823 0.000000 0.000000 
