test/output/constant/M3M495_S060_A180_WD045.0_WS045.0/M3M495_S060_A180_WD045.0_WS045.0_raz.asc
ncols         13
nrows         37
xllcorner     426403.990666
yllcorner     12745255.311160
cellsize      100.000000
NODATA_value  0.000000
0 323 323 86 0 0 0 0 0 0 0 0 0 
0 276 65535 96 86 0 0 0 0 0 0 0 0 
0 199 165 165 86 86 0 0 0 0 0 0 0 
199 184 165 165 159 154 0 0 0 0 0 0 0 
193 184 165 165 159 75 75 0 0 0 0 0 0 
193 177 165 165 165 158 158 0 0 0 0 0 0 
193 184 165 165 165 159 159 86 0 0 0 0 0 
193 177 172 165 161 165 55 156 0 0 0 0 0 
0 177 181 165 165 159 159 159 86 0 0 0 0 
0 172 173 165 165 165 159 159 158 0 0 0 0 
0 199 188 165 165 165 165 161 159 0 0 0 0 
0 177 179 168 165 165 159 165 158 159 0 0 0 
0 177 169 173 165 165 163 165 159 158 0 0 0 
0 188 167 173 165 161 165 159 159 159 0 0 0 
0 181 165 165 165 165 162 159 165 55 158 0 0 
0 177 179 175 168 165 165 165 163 159 159 0 0 
0 0 177 188 199 165 165 165 161 165 159 0 0 
0 0 199 165 165 165 165 165 158 161 161 55 0 
0 0 184 173 184 165 165 165 162 165 159 159 0 
0 0 177 184 173 165 165 165 163 159 163 159 0 
0 0 177 168 184 193 165 165 165 161 164 159 0 
0 0 177 181 188 165 165 165 165 165 159 163 162 
0 0 0 168 193 169 165 162 165 165 159 165 162 
0 0 0 199 168 181 168 165 165 165 161 164 159 
0 0 0 177 170 166 165 165 163 164 159 159 158 
0 0 0 0 165 168 168 165 165 165 165 163 158 
0 0 0 0 175 170 184 165 165 165 162 161 165 
0 0 0 0 181 169 165 165 165 165 165 165 159 
0 0 0 0 0 170 165 165 165 165 165 161 159 
0 0 0 0 0 173 168 165 165 165 165 161 159 
0 0 0 0 0 0 165 167 165 165 165 165 165 
0 0 0 0 0 0 188 165 181 165 165 165 165 
0 0 0 0 0 0 0 165 165 165 162 165 165 
0 0 0 0 0 0 0 172 168 165 165 163 163 
0 0 0 0 0 0 0 0 165 165 165 165 163 
0 0 0 0 0 0 0 0 165 165 165 165 165 
0 0 0 0 0 0 0 0 0 165 165 165 165 
