test/output/constant/M3M495_S060_A180_WD045.0_WS045.0/M3M495_S060_A180_WD045.0_WS045.0_intensity.asc
ncols         13
nrows         37
xllcorner     426403.990666
yllcorner     12745255.311160
cellsize      100.000000
NODATA_value  0.000000
0 1237 1237 2606 0 0 0 0 0 0 0 0 0 
0 1752 0 3149 2606 0 0 0 0 0 0 0 0 
0 8852 54781 54722 2606 2606 0 0 0 0 0 0 0 
8852 19776 54781 54781 45939 33928 0 0 0 0 0 0 0 
12028 19776 54781 54722 45939 2188 2188 0 0 0 0 0 0 
12028 33105 54781 54781 54781 42301 42301 0 0 0 0 0 0 
12028 19776 54781 54781 54722 45939 45939 2606 0 0 0 0 0 
12028 33105 45304 54781 49061 54781 1664 38256 0 0 0 0 0 
0 33105 24121 54781 54781 45939 45939 45939 2606 0 0 0 0 
0 45304 41581 54781 54781 54781 45939 45939 42301 0 0 0 0 
0 8852 15705 54781 54781 54781 54781 49061 45939 0 0 0 0 
0 33105 28609 53114 54781 54781 45939 54722 42301 45939 0 0 0 
0 33105 51159 41581 54781 54781 53395 54722 45939 42301 0 0 0 
0 15705 54334 41581 54781 49061 54722 45939 45939 45939 0 0 0 
0 24121 54781 54781 54781 54781 51572 45939 54781 1664 42301 0 0 
0 33105 28609 37473 53114 54781 54781 54722 53395 45939 45939 0 0 
0 0 33105 15705 8852 54781 54781 54781 49061 54722 45939 0 0 
0 0 8852 54781 54781 54781 54781 54781 42301 49061 49061 1664 0 
0 0 19776 41581 19776 54781 54781 54722 51572 54781 45939 45939 0 
0 0 33105 19776 41581 54781 54781 54781 53395 45939 53395 45939 0 
0 0 33105 53114 19776 12028 54781 54781 54781 49061 54475 45939 0 
0 0 33105 24121 15705 54781 54781 54781 54781 54781 45939 53395 51572 
0 0 0 53114 12028 51159 54781 51572 54781 54781 45939 54781 51572 
0 0 0 8852 53114 24121 53114 54781 54781 54781 49061 54475 45939 
0 0 0 33105 48529 54651 54781 54781 53395 54475 45939 45939 42301 
0 0 0 0 54781 53114 53114 54781 54781 54781 54781 53395 42301 
0 0 0 0 37473 48529 19776 54781 54781 54781 51572 49061 54781 
0 0 0 0 24121 51159 54781 54781 54781 54781 54781 54781 45939 
0 0 0 0 0 48529 54781 54781 54781 54781 54781 49061 45939 
0 0 0 0 0 41581 53114 54781 54781 54781 54781 49061 45939 
0 0 0 0 0 0 54781 54334 54781 54781 54781 54781 54781 
0 0 0 0 0 0 15705 54781 24121 54781 54781 54781 54722 
0 0 0 0 0 0 0 54781 54781 54781 51572 54781 54781 
0 0 0 0 0 0 0 45304 53114 54781 54781 53395 53395 
0 0 0 0 0 0 0 0 54781 54781 54781 54781 53395 
0 0 0 0 0 0 0 0 54781 54781 54781 54781 54781 
0 0 0 0 0 0 0 0 0 54781 54781 54781 54781 
