test/output/constant/M390_S060_A270_WD045.0_WS010.0/M390_S060_A270_WD045.0_WS010.0_arrival.asc
ncols         14
nrows         44
xllcorner     425503.990666
yllcorner     12748655.311160
cellsize      100.000000
NODATA_value  0.000000
0.000000 0.000000 166.041667 166.041667 0.000000 0.000000 0.000000 0.000000 0.000000 0.000000 0.000000 0.000000 0.000000 0.000000 
0.000000 166.041082 166.040694 166.040694 166.041082 0.000000 0.000000 0.000000 0.000000 0.000000 0.000000 0.000000 0.000000 0.000000 
0.000000 166.040694 166.039919 166.039919 166.039919 166.041082 0.000000 0.000000 0.000000 0.000000 0.000000 0.000000 0.000000 0.000000 
166.041469 166.039919 166.038756 166.038756 166.038756 166.039919 166.041469 0.000000 0.000000 0.000000 0.000000 0.000000 0.000000 0.000000 
166.041082 166.039144 166.037981 166.037594 166.037981 166.038756 166.040307 0.000000 0.000000 0.000000 0.000000 0.000000 0.000000 0.000000 
166.040694 166.038369 166.037206 166.036819 166.036819 166.037594 166.038756 166.041469 0.000000 0.000000 0.000000 0.000000 0.000000 0.000000 
166.040307 166.037981 166.036431 166.035656 166.035656 166.036044 166.037594 166.039919 0.000000 0.000000 0.000000 0.000000 0.000000 0.000000 
166.040307 166.037594 166.035656 166.034881 166.034881 166.034881 166.036044 166.038369 166.041469 0.000000 0.000000 0.000000 0.000000 0.000000 
166.039919 166.037206 166.034881 166.034106 166.033718 166.033718 166.034881 166.037206 166.039919 0.000000 0.000000 0.000000 0.000000 0.000000 
166.039919 166.036819 166.034493 166.032943 166.032555 166.032943 166.033718 166.035656 166.038369 0.000000 0.000000 0.000000 0.000000 0.000000 
166.040307 166.036431 166.033718 166.032168 166.031780 166.031780 166.032555 166.034106 166.036819 166.040694 0.000000 0.000000 0.000000 0.000000 
166.040307 166.036431 166.033331 166.031393 166.030618 166.030618 166.031393 166.032555 166.035656 166.039144 0.000000 0.000000 0.000000 0.000000 
166.040307 166.036431 166.032943 166.031005 166.029842 166.029842 166.030230 166.031393 166.034106 166.037594 0.000000 0.000000 0.000000 0.000000 
166.040694 166.036431 166.032555 166.030230 166.029067 166.028680 166.028680 166.029842 166.032555 166.036044 166.040694 0.000000 0.000000 0.000000 
166.041082 166.036431 166.032555 166.029842 166.027905 166.027905 166.027905 166.028680 166.031005 166.034106 166.038756 0.000000 0.000000 0.000000 
166.041469 166.036431 166.032555 166.029455 166.027517 166.026742 166.026742 166.027517 166.029455 166.032555 166.037206 0.000000 0.000000 0.000000 
0.000000 166.036819 166.032555 166.029067 166.026742 166.025579 166.025579 166.026354 166.027905 166.031005 166.035656 166.041082 0.000000 0.000000 
0.000000 166.037206 166.032555 166.028680 166.025967 166.024804 166.024804 166.025192 166.026742 166.029455 166.033718 166.039144 0.000000 0.000000 
0.000000 166.037981 166.032943 166.028680 166.025579 166.024029 166.023641 166.023641 166.025192 166.027905 166.032168 166.037594 0.000000 0.000000 
0.000000 166.038369 166.032943 166.028680 166.025192 166.023254 166.022866 166.022866 166.024029 166.026354 166.030618 166.036044 0.000000 0.000000 
0.000000 166.039532 166.033718 166.028680 166.024804 166.022479 166.021704 166.021704 166.022479 166.024804 166.028680 166.034106 0.000000 0.000000 
0.000000 166.041082 166.034106 166.029067 166.024804 166.022091 166.020928 166.020541 166.021316 166.023641 166.027130 166.032555 166.041469 0.000000 
0.000000 0.000000 166.034881 166.029455 166.024804 166.021704 166.019766 166.019766 166.020153 166.022091 166.025579 166.030618 166.039532 0.000000 
0.000000 0.000000 166.036044 166.029842 166.025192 166.021316 166.018991 166.018603 166.018991 166.020541 166.024029 166.029067 166.037981 0.000000 
0.000000 0.000000 166.037594 166.030230 166.025192 166.020928 166.018603 166.017828 166.017828 166.018991 166.022479 166.027130 166.036044 0.000000 
0.000000 0.000000 166.039532 166.031393 166.025579 166.020928 166.017828 166.016665 166.016665 166.017828 166.020541 166.025579 166.034493 0.000000 
0.000000 0.000000 0.000000 166.032943 166.025967 166.021316 166.017440 166.015890 166.015890 166.016278 166.018991 166.024029 166.032555 0.000000 
0.000000 0.000000 0.000000 166.034881 166.027130 166.021316 166.017440 166.015115 166.014727 166.015115 166.017440 166.022091 166.031005 0.000000 
0.000000 0.000000 0.000000 166.037981 166.028292 166.021704 166.017440 166.014340 166.013565 166.013952 166.015890 166.020541 166.029067 166.041469 
0.000000 0.000000 0.000000 166.041082 166.030230 166.022479 166.017440 166.013952 166.012790 166.012790 166.014340 166.018603 166.027517 166.040307 
0.000000 0.000000 0.000000 0.000000 166.032943 166.023641 166.017440 166.013565 166.011627 166.011627 166.012790 166.017053 166.025967 166.038369 
0.000000 0.000000 0.000000 0.000000 166.036431 166.025579 166.018216 166.013565 166.010852 166.010852 166.011627 166.015503 166.024029 166.037206 
0.000000 0.000000 0.000000 0.000000 166.040307 166.028292 166.018991 166.013565 166.010077 166.009689 166.010077 166.013565 166.022866 166.036044 
0.000000 0.000000 0.000000 0.000000 0.000000 166.031780 166.020541 166.013952 166.009689 166.008526 166.008914 166.012015 166.020928 166.034881 
0.000000 0.000000 0.000000 0.000000 0.000000 166.036044 166.023254 166.014340 166.009689 166.007751 166.007751 166.010464 166.019378 166.034106 
0.000000 0.000000 0.000000 0.000000 0.000000 0.000000 166.027130 166.015890 166.009689 166.006589 166.006589 166.008526 166.017828 166.033331 
0.000000 0.000000 0.000000 0.000000 0.000000 0.000000 166.032168 166.018603 166.010077 166.006201 166.005813 166.006976 166.016278 166.032943 
0.000000 0.000000 0.000000 0.000000 0.000000 0.000000 166.039144 166.022866 166.011239 166.005813 166.004651 166.005426 166.014727 166.032943 
0.000000 0.000000 0.000000 0.000000 0.000000 0.000000 0.000000 166.028680 166.013952 166.005813 166.003876 166.003876 166.013177 166.033331 
0.000000 0.000000 0.000000 0.000000 0.000000 0.000000 0.000000 166.037206 166.018991 166.006589 166.002713 166.002713 166.012015 166.033718 
0.000000 0.000000 0.000000 0.000000 0.000000 0.000000 0.000000 0.000000 166.027130 166.009302 166.001938 166.001550 166.011627 166.036819 
0.000000 0.000000 0.000000 0.000000 0.000000 0.000000 0.000000 0.000000 166.039919 166.016665 166.001938 166.000775 166.012015 0.000000 
0.000000 0.000000 0.000000 0.000000 0.000000 0.000000 0.000000 0.000000 0.000000 166.031780 166.006589 166.000000 166.015115 0.000000 
0.000000 0.000000 0.000000 0.000000 0.000000 0.000000 0.000000 0.000000 0.000000 0.000000 166.034106 166.025192 166.037206 0.000000 
