test/output/constant/M360_S000_A090_WD270.0_WS050.0/M360_S000_A090_WD270.0_WS050.0_arrival.asc
ncols         43
nrows         7
xllcorner     426603.990666
yllcorner     12748455.311160
cellsize      100.000000
NODATA_value  0.000000
0.000000 0.000000 0.000000 0.000000 0.000000 0.000000 0.000000 0.000000 166.041493 166.039122 166.036356 166.034775 166.033590 166.032800 166.032404 166.031614 166.031614 166.031614 166.031219 166.031219 166.031614 166.032009 166.032404 166.033195 166.033590 166.034380 166.035171 166.035566 166.036356 166.037147 166.037937 166.038727 166.039122 166.039913 166.040703 166.041493 0.000000 0.000000 0.000000 0.000000 0.000000 0.000000 0.000000 
0.000000 0.000000 0.000000 166.033985 166.028057 166.024106 166.021735 166.020549 166.019759 166.018968 166.018968 166.018968 166.018968 166.019364 166.020154 166.020549 166.021339 166.022130 166.022920 166.023315 166.024106 166.024896 166.025686 166.026477 166.027267 166.028057 166.029243 166.030033 166.030824 166.031614 166.032800 166.033590 166.034380 166.035566 166.036356 166.037147 166.038332 166.039122 166.039913 166.040703 166.041667 0.000000 0.000000 
166.022920 166.010275 166.007113 166.006323 166.006323 166.006718 166.007508 166.008299 166.009089 166.009879 166.010670 166.011855 166.012646 166.013436 166.014621 166.015412 166.016202 166.017388 166.018178 166.019364 166.020154 166.021339 166.022130 166.023315 166.024106 166.025291 166.026082 166.027267 166.028057 166.029243 166.030033 166.031219 166.032009 166.033195 166.033985 166.035171 166.035961 166.037147 166.037937 166.038727 166.039913 166.040703 166.041667 
166.000000 166.000790 166.001581 166.002766 166.003557 166.004742 166.005532 166.006718 166.007508 166.008694 166.009484 166.010670 166.011460 166.012646 166.013436 166.014621 166.015412 166.016597 166.017388 166.018573 166.019364 166.020549 166.021339 166.022525 166.023315 166.024501 166.025291 166.026477 166.027267 166.028453 166.029243 166.030429 166.031219 166.032404 166.033195 166.034380 166.035171 166.036356 166.037147 166.038332 166.039122 166.040308 166.041098 
166.022920 166.010275 166.007113 166.006323 166.006323 166.006718 166.007508 166.008299 166.009089 166.009879 166.010670 166.011855 166.012646 166.013436 166.014621 166.015412 166.016202 166.017388 166.018178 166.019364 166.020154 166.021339 166.022130 166.023315 166.024106 166.025291 166.026082 166.027267 166.028057 166.029243 166.030033 166.031219 166.032009 166.033195 166.033985 166.035171 166.035961 166.037147 166.037937 166.038727 166.039913 166.040703 166.041667 
0.000000 0.000000 0.000000 166.033985 166.028057 166.024106 166.021735 166.020549 166.019759 166.018968 166.018968 166.018968 166.018968 166.019364 166.020154 166.020549 166.021339 166.022130 166.022920 166.023315 166.024106 166.024896 166.025686 166.026477 166.027267 166.028057 166.029243 166.030033 166.030824 166.031614 166.032800 166.033590 166.034380 166.035566 166.036356 166.037147 166.038332 166.039122 166.039913 166.040703 166.041667 0.000000 0.000000 
0.000000 0.000000 0.000000 0.000000 0.000000 0.000000 0.000000 0.000000 166.041493 166.039122 166.036356 166.034775 166.033590 166.032800 166.032404 166.031614 166.031614 166.031614 166.031219 166.031219 166.031614 166.032009 166.032404 166.033195 166.033590 166.034380 166.035171 166.035566 166.036356 166.037147 166.037937 166.038727 166.039122 166.039913 166.040703 166.041493 0.000000 0.000000 0.000000 0.000000 0.000000 0.000000 0.000000 
