test/output/constant/M4100_S060_A270_WD315.0_WS005.0/M4100_S060_A270_WD315.0_WS005.0_arrival.asc
ncols         8
nrows         25
xllcorner     426403.990666
yllcorner     12748655.311160
cellsize      100.000000
NODATA_value  0.000000
0.000000 0.000000 0.000000 0.000000 166.041667 166.041193 0.000000 0.000000 
0.000000 0.000000 0.000000 166.041193 166.039747 166.039747 166.041193 0.000000 
0.000000 0.000000 0.000000 166.039025 166.037579 166.037579 166.039025 0.000000 
0.000000 0.000000 166.040470 166.036857 166.036134 166.036134 166.038302 0.000000 
0.000000 0.000000 166.038302 166.034689 166.033966 166.034689 166.036857 166.041193 
0.000000 166.041667 166.036134 166.032521 166.032521 166.032521 166.035411 166.040470 
0.000000 166.039747 166.033966 166.031075 166.030353 166.031075 166.033966 166.040470 
0.000000 166.037579 166.031798 166.028907 166.028907 166.029630 166.033243 166.039747 
0.000000 166.035411 166.029630 166.026739 166.026739 166.028185 166.032521 166.039747 
0.000000 166.033243 166.027462 166.025294 166.025294 166.026739 166.031798 166.039747 
166.041193 166.031075 166.025294 166.023126 166.023126 166.025294 166.031075 166.039747 
166.039747 166.028907 166.023126 166.021680 166.021680 166.024571 166.031075 166.040470 
166.038302 166.026739 166.020958 166.019512 166.019512 166.023126 166.031075 0.000000 
166.036857 166.024571 166.018790 166.018067 166.018067 166.022403 166.031075 0.000000 
166.035411 166.022403 166.016622 166.015899 166.016622 166.022403 166.031798 0.000000 
166.034689 166.020235 166.014454 166.013731 166.015176 166.022403 166.033243 0.000000 
166.033966 166.018067 166.012286 166.012286 166.014454 166.022403 166.036134 0.000000 
166.033966 166.016622 166.010840 166.010118 166.013731 166.023126 166.040470 0.000000 
166.033966 166.014454 166.008672 166.008672 166.013731 166.025294 0.000000 0.000000 
166.033966 166.013008 166.006504 166.006504 166.013731 166.030353 0.000000 0.000000 
166.036134 166.012286 166.005059 166.005059 166.015176 166.036857 0.000000 0.000000 
0.000000 166.011563 166.002891 166.005059 166.019512 0.000000 0.000000 0.000000 
0.000000 166.012286 166.001445 166.005059 166.029630 0.000000 0.000000 0.000000 
0.000000 166.019512 166.000000 166.010840 0.000000 0.000000 0.000000 0.000000 
0.000000 0.000000 166.041193 0.000000 0.000000 0.000000 0.000000 0.000000 
