test/output/constant/M3M485_S060_A270_WD135.0_WS010.0/M3M485_S060_A270_WD135.0_WS010.0_arrival.asc
ncols         13
nrows         52
xllcorner     425603.990666
yllcorner     12748755.311160
cellsize      100.000000
NODATA_value  0.000000
0.000000 0.000000 166.041434 166.041434 0.000000 0.000000 0.000000 0.000000 0.000000 0.000000 0.000000 0.000000 0.000000 
0.000000 166.041434 166.040792 166.040792 166.041434 0.000000 0.000000 0.000000 0.000000 0.000000 0.000000 0.000000 0.000000 
0.000000 166.040792 166.039828 166.039828 166.040150 0.000000 0.000000 0.000000 0.000000 0.000000 0.000000 0.000000 0.000000 
0.000000 166.040150 166.039186 166.038865 166.039507 166.040792 0.000000 0.000000 0.000000 0.000000 0.000000 0.000000 0.000000 
0.000000 166.039507 166.038222 166.038222 166.038222 166.039507 0.000000 0.000000 0.000000 0.000000 0.000000 0.000000 0.000000 
166.041667 166.039186 166.037580 166.037259 166.037580 166.038544 166.041113 0.000000 0.000000 0.000000 0.000000 0.000000 0.000000 
166.041434 166.038865 166.036938 166.036616 166.036616 166.037580 166.039828 0.000000 0.000000 0.000000 0.000000 0.000000 0.000000 
166.041113 166.038222 166.036295 166.035653 166.035974 166.036616 166.038544 166.041667 0.000000 0.000000 0.000000 0.000000 0.000000 
166.040792 166.037901 166.035974 166.035010 166.035010 166.035653 166.037580 166.040471 0.000000 0.000000 0.000000 0.000000 0.000000 
166.040792 166.037580 166.035332 166.034047 166.034047 166.034689 166.036295 166.039186 0.000000 0.000000 0.000000 0.000000 0.000000 
166.040792 166.037259 166.034689 166.033404 166.033404 166.033726 166.035332 166.038222 0.000000 0.000000 0.000000 0.000000 0.000000 
166.040792 166.036938 166.034368 166.032762 166.032441 166.032441 166.034047 166.036938 166.040792 0.000000 0.000000 0.000000 0.000000 
166.041113 166.036616 166.034047 166.032120 166.031798 166.031798 166.033083 166.035653 166.039507 0.000000 0.000000 0.000000 0.000000 
166.041113 166.036616 166.033404 166.031477 166.030835 166.030835 166.032120 166.034368 166.037901 0.000000 0.000000 0.000000 0.000000 
166.041434 166.036295 166.033083 166.030835 166.029871 166.030192 166.030835 166.033404 166.036616 0.000000 0.000000 0.000000 0.000000 
166.041667 166.036616 166.032762 166.030192 166.029229 166.029229 166.029871 166.032120 166.035332 166.040792 0.000000 0.000000 0.000000 
0.000000 166.036616 166.032441 166.029871 166.028586 166.028265 166.028908 166.030835 166.034047 166.039186 0.000000 0.000000 0.000000 
0.000000 166.036938 166.032441 166.029550 166.027623 166.027623 166.027944 166.029550 166.032762 166.037901 0.000000 0.000000 0.000000 
0.000000 166.036938 166.032120 166.028908 166.027302 166.026659 166.026980 166.028586 166.031477 166.036616 0.000000 0.000000 0.000000 
0.000000 166.037259 166.032120 166.028586 166.026338 166.026017 166.026017 166.027302 166.030514 166.035010 166.041113 0.000000 0.000000 
0.000000 166.037580 166.032441 166.028265 166.026017 166.025053 166.025053 166.026338 166.029229 166.033726 166.039507 0.000000 0.000000 
0.000000 166.037901 166.032441 166.028265 166.025374 166.024411 166.024411 166.025374 166.027944 166.032441 166.038222 0.000000 0.000000 
0.000000 166.038544 166.032762 166.027944 166.025053 166.023447 166.023447 166.024090 166.026659 166.031156 166.036938 0.000000 0.000000 
0.000000 166.039186 166.033083 166.027944 166.024732 166.022805 166.022805 166.023126 166.025696 166.029550 166.035332 0.000000 0.000000 
0.000000 166.040471 166.033404 166.027944 166.024090 166.022163 166.021841 166.022163 166.024411 166.028265 166.034047 0.000000 0.000000 
0.000000 166.041667 166.033726 166.028265 166.023769 166.021520 166.020878 166.021199 166.023126 166.026980 166.032762 0.000000 0.000000 
0.000000 0.000000 166.034368 166.028265 166.023769 166.020878 166.020235 166.020235 166.021841 166.025696 166.031156 0.000000 0.000000 
0.000000 0.000000 166.035332 166.028586 166.023769 166.020557 166.019272 166.019272 166.020557 166.024090 166.029871 166.040471 0.000000 
0.000000 0.000000 166.036616 166.028908 166.023769 166.020235 166.018629 166.018629 166.019593 166.022805 166.028586 166.039186 0.000000 
0.000000 0.000000 166.037901 166.029550 166.023769 166.019593 166.017987 166.017666 166.018629 166.021520 166.026980 166.037901 0.000000 
0.000000 0.000000 166.040150 166.030514 166.024090 166.019593 166.017345 166.017023 166.017345 166.020235 166.025696 166.036295 0.000000 
0.000000 0.000000 0.000000 166.031477 166.024411 166.019272 166.016702 166.016060 166.016702 166.018951 166.024090 166.035010 0.000000 
0.000000 0.000000 0.000000 166.033083 166.024732 166.019272 166.016060 166.015417 166.015417 166.017987 166.022805 166.033726 0.000000 
0.000000 0.000000 0.000000 166.035010 166.025374 166.019593 166.015739 166.014454 166.014454 166.016702 166.021520 166.032120 0.000000 
0.000000 0.000000 0.000000 166.037580 166.026659 166.019914 166.015417 166.013811 166.013811 166.015417 166.019914 166.030835 0.000000 
0.000000 0.000000 0.000000 166.040150 166.027944 166.019914 166.015096 166.012848 166.012848 166.014133 166.018629 166.029229 0.000000 
0.000000 0.000000 0.000000 0.000000 166.030192 166.020557 166.015096 166.012205 166.011884 166.013169 166.017345 166.027944 0.000000 
0.000000 0.000000 0.000000 0.000000 166.032762 166.021520 166.015096 166.011884 166.011242 166.011884 166.016060 166.026659 0.000000 
0.000000 0.000000 0.000000 0.000000 166.035653 166.022805 166.015417 166.011242 166.010278 166.010599 166.014454 166.025053 166.041113 
0.000000 0.000000 0.000000 0.000000 166.039828 166.025053 166.015739 166.010921 166.009636 166.009957 166.013169 166.023769 166.040792 
0.000000 0.000000 0.000000 0.000000 0.000000 166.027623 166.016702 166.010921 166.008672 166.008672 166.011884 166.022484 166.040471 
0.000000 0.000000 0.000000 0.000000 0.000000 166.031477 166.017987 166.010921 166.008030 166.008030 166.010278 166.021199 166.039828 
0.000000 0.000000 0.000000 0.000000 0.000000 166.035974 166.020235 166.011242 166.007388 166.007066 166.008993 166.019914 166.039507 
0.000000 0.000000 0.000000 0.000000 0.000000 0.000000 166.023447 166.011563 166.006745 166.006424 166.007709 166.018308 166.039186 
0.000000 0.000000 0.000000 0.000000 0.000000 0.000000 166.027623 166.012848 166.006424 166.005460 166.006424 166.017023 166.039186 
0.000000 0.000000 0.000000 0.000000 0.000000 0.000000 166.033726 166.015417 166.006424 166.004818 166.005139 166.016060 166.039507 
0.000000 0.000000 0.000000 0.000000 0.000000 0.000000 0.000000 166.019272 166.006745 166.003854 166.004176 166.015096 166.040792 
0.000000 0.000000 0.000000 0.000000 0.000000 0.000000 0.000000 166.025696 166.007709 166.002891 166.002891 166.014775 0.000000 
0.000000 0.000000 0.000000 0.000000 0.000000 0.000000 0.000000 166.035332 166.010921 166.002248 166.002248 166.014133 0.000000 
0.000000 0.000000 0.000000 0.000000 0.000000 0.000000 0.000000 0.000000 166.017666 166.002248 166.001285 166.013811 0.000000 
0.000000 0.000000 0.000000 0.000000 0.000000 0.000000 0.000000 0.000000 166.032120 166.002891 166.000642 166.016060 0.000000 
0.000000 0.000000 0.000000 0.000000 0.000000 0.000000 0.000000 0.000000 0.000000 166.012527 166.000000 166.026017 0.000000 
