test/output/constant/M495_S060_A000_WD090.0_WS020.0/M495_S060_A000_WD090.0_WS020.0_arrival.asc
ncols         45
nrows         7
xllcorner     422203.990666
yllcorner     12748455.311160
cellsize      100.000000
NODATA_value  0.000000
0.000000 0.000000 0.000000 0.000000 0.000000 0.000000 0.000000 166.041604 166.040848 166.040091 166.039335 166.038579 166.038200 166.037444 166.036687 166.035931 166.035553 166.034796 166.034040 166.033662 166.032905 166.032149 166.031771 166.031014 166.031014 166.031014 166.031014 166.031014 166.031392 166.031771 166.032527 166.033283 166.034040 166.035553 166.037066 166.040091 0.000000 0.000000 0.000000 0.000000 0.000000 0.000000 0.000000 0.000000 0.000000 
0.000000 0.000000 0.000000 166.041226 166.040091 166.039335 166.038579 166.037444 166.036687 166.035931 166.034796 166.034040 166.033283 166.032527 166.031392 166.030636 166.029879 166.028745 166.027988 166.027232 166.026476 166.025719 166.024963 166.024206 166.023450 166.022693 166.021937 166.021180 166.020802 166.020046 166.019289 166.018911 166.018911 166.018533 166.018911 166.019289 166.019668 166.020802 166.022315 166.025341 166.028367 166.036687 0.000000 0.000000 0.000000 
166.041604 166.040848 166.040091 166.038957 166.038200 166.037066 166.036309 166.035175 166.034418 166.033662 166.032527 166.031771 166.030636 166.029879 166.028745 166.027988 166.026854 166.026097 166.024963 166.024206 166.023072 166.022315 166.021180 166.020424 166.019289 166.018533 166.017398 166.016642 166.015885 166.014751 166.013994 166.012860 166.012103 166.011347 166.010590 166.009456 166.008699 166.007943 166.007186 166.006808 166.006430 166.006430 166.007186 166.010590 166.032527 
166.041226 166.040470 166.039335 166.038579 166.037444 166.036687 166.035553 166.034796 166.033662 166.032905 166.031771 166.031014 166.029879 166.029123 166.027988 166.027232 166.026097 166.025341 166.024206 166.023450 166.022315 166.021559 166.020424 166.019668 166.018533 166.017776 166.016642 166.015885 166.014751 166.013994 166.012860 166.012103 166.010968 166.010212 166.009077 166.008321 166.007186 166.006430 166.005295 166.004539 166.003404 166.002648 166.001513 166.000756 166.000000 
166.041604 166.040848 166.040091 166.038957 166.038200 166.037066 166.036309 166.035175 166.034418 166.033662 166.032527 166.031771 166.030636 166.029879 166.028745 166.027988 166.026854 166.026097 166.024963 166.024206 166.023072 166.022315 166.021180 166.020424 166.019289 166.018533 166.017398 166.016642 166.015885 166.014751 166.013994 166.012860 166.012103 166.011347 166.010590 166.009456 166.008699 166.007943 166.007186 166.006808 166.006430 166.006430 166.007186 166.010590 166.032527 
0.000000 0.000000 0.000000 166.041226 166.040091 166.039335 166.038579 166.037444 166.036687 166.035931 166.034796 166.034040 166.033283 166.032527 166.031392 166.030636 166.029879 166.028745 166.027988 166.027232 166.026476 166.025719 166.024963 166.024206 166.023450 166.022693 166.021937 166.021180 166.020802 166.020046 166.019289 166.018911 166.018911 166.018533 166.018911 166.019289 166.019668 166.020802 166.022315 166.025341 166.028367 166.036687 0.000000 0.000000 0.000000 
0.000000 0.000000 0.000000 0.000000 0.000000 0.000000 0.000000 166.041604 166.040848 166.040091 166.039335 166.038579 166.038200 166.037444 166.036687 166.035931 166.035553 166.034796 166.034040 166.033662 166.032905 166.032149 166.031771 166.031014 166.031014 166.031014 166.031014 166.031014 166.031392 166.031771 166.032527 166.033283 166.034040 166.035553 166.037066 166.040091 0.000000 0.000000 0.000000 0.000000 0.000000 0.000000 0.000000 0.000000 0.000000 
