test/output/constant/M3M400_S060_A000_WD225.0_WS005.0/M3M400_S060_A000_WD225.0_WS005.0_raz.asc
ncols         55
nrows         13
xllcorner     421303.990666
yllcorner     12748455.311160
cellsize      100.000000
NODATA_value  0.000000
0 0 0 0 0 0 0 0 0 0 0 0 0 0 0 280 275 282 283 282 282 0 0 0 0 0 0 0 0 0 0 0 0 0 0 0 0 0 0 0 0 0 0 0 0 0 0 0 0 0 0 0 0 0 0 
0 0 0 0 279 275 275 275 275 282 279 275 275 279 282 280 283 280 282 280 283 283 282 280 282 324 283 283 283 283 283 0 0 0 0 0 0 0 0 0 0 0 0 0 0 0 0 0 0 0 0 0 0 0 0 
0 275 275 276 277 275 276 275 275 277 275 275 282 282 282 278 276 275 279 280 278 283 279 282 279 283 282 283 341 283 312 324 283 324 282 283 283 283 0 0 0 0 0 0 0 0 0 0 0 0 0 0 0 0 0 
278 275 280 275 275 275 280 275 276 275 275 275 275 275 275 275 280 275 278 280 279 277 276 280 283 282 280 282 283 278 282 283 283 283 283 283 282 283 324 283 283 283 283 0 0 0 0 0 0 0 0 0 0 0 0 
275 275 275 275 275 275 275 275 275 278 275 275 277 275 275 275 275 275 275 279 275 275 279 275 277 277 277 279 278 282 279 282 283 283 279 283 324 283 282 341 282 283 282 283 27 283 0 0 0 0 0 0 0 0 0 
271 275 275 275 274 275 275 275 275 275 275 278 275 275 275 275 275 275 275 275 275 275 275 275 275 275 275 275 275 275 275 275 275 277 282 278 278 283 312 312 283 352 283 283 27 282 283 283 341 0 0 0 0 0 0 
0 269 273 273 275 269 274 275 275 275 269 275 269 275 275 275 273 275 275 275 275 275 275 275 275 275 275 275 275 275 279 275 277 275 279 275 279 275 279 279 277 280 282 283 283 283 324 283 324 27 341 352 0 0 0 
0 0 269 269 271 269 269 269 269 269 274 269 269 269 271 272 269 272 269 274 272 275 269 274 275 275 275 275 275 275 275 275 275 275 275 275 275 275 275 275 275 275 278 283 278 280 280 283 324 283 283 352 5 5 0 
0 0 0 0 269 269 269 271 269 269 269 269 269 269 271 269 269 271 269 269 272 269 269 269 269 269 269 269 271 275 269 271 269 269 272 275 275 273 275 275 275 275 275 275 275 275 275 275 277 275 280 280 341 352 0 
0 0 0 0 0 0 0 269 269 269 269 269 271 269 269 269 269 269 269 269 269 271 269 269 269 271 269 269 269 269 269 269 269 269 269 269 269 271 269 269 269 269 269 272 272 269 269 275 275 275 275 275 275 65535 5 
0 0 0 0 0 0 0 0 0 0 269 271 269 269 269 271 269 269 269 269 269 269 269 269 269 269 269 269 271 269 269 269 269 269 269 269 269 269 269 269 269 271 269 269 269 269 269 269 269 258 263 265 265 162 0 
0 0 0 0 0 0 0 0 0 0 0 0 0 0 0 269 269 269 269 269 271 269 269 269 269 269 269 269 269 268 269 269 268 269 269 269 269 269 269 261 269 269 269 269 263 267 258 209 226 258 261 162 162 0 0 
0 0 0 0 0 0 0 0 0 0 0 0 0 0 0 0 0 0 0 0 0 269 268 269 269 269 269 269 269 258 269 269 269 261 269 258 269 269 269 263 267 265 267 265 258 255 267 261 263 0 0 0 0 0 0 
