test/output/constant/M3M400_S060_A000_WD225.0_WS005.0/M3M400_S060_A000_WD225.0_WS005.0_intensity.asc
ncols         55
nrows         13
xllcorner     421303.990666
yllcorner     12748455.311160
cellsize      100.000000
NODATA_value  0.000000
0 0 0 0 0 0 0 0 0 0 0 0 0 0 0 68918 83142 63175 56810 63175 63175 0 0 0 0 0 0 0 0 0 0 0 0 0 0 0 0 0 0 0 0 0 0 0 0 0 0 0 0 0 0 0 0 0 0 
0 0 0 0 73866 83142 83142 83142 83142 63175 73866 83142 82989 73866 63175 68918 56810 68918 63175 68918 56810 56810 63175 68918 63175 4823 56810 56810 56810 56810 56810 0 0 0 0 0 0 0 0 0 0 0 0 0 0 0 0 0 0 0 0 0 0 0 0 
0 83142 83142 82577 80801 83142 82577 83142 83142 80801 83142 83142 63175 63175 63175 77868 82577 82989 73866 68918 77868 56810 73866 63175 73866 56810 63175 56810 2834 56810 7873 4823 56810 4823 63175 56810 56810 56810 0 0 0 0 0 0 0 0 0 0 0 0 0 0 0 0 0 
77868 83142 68918 83142 83142 83142 68918 83142 82577 83142 83142 83142 83142 83142 83142 82989 68918 82989 77868 68918 73866 80801 82577 68918 56810 63175 68918 63175 56810 77868 63175 56810 56810 56810 56810 56810 63175 56810 4823 56810 56810 56810 56810 0 0 0 0 0 0 0 0 0 0 0 0 
83142 83142 83142 83142 83142 83142 82989 83142 83142 77868 83142 83142 80801 83142 83142 83142 83142 83142 83142 73866 83142 83142 73866 83142 80801 80801 80801 73866 77868 63175 73866 63175 56810 56810 73866 56810 4823 56810 63175 2834 63175 56810 63175 56810 1328 56810 0 0 0 0 0 0 0 0 0 
74237 83142 83142 83142 82671 83142 83142 83142 83142 83142 83142 77868 83142 83142 83142 83142 83142 83142 83142 83142 83142 83142 83142 83142 83142 83142 83142 83142 83142 83142 83142 83142 83142 80801 63175 77868 77868 56810 7873 7873 56810 2164 56810 56810 1328 63175 56810 56810 2834 0 0 0 0 0 0 
0 69362 80995 80995 83142 69362 83036 83142 83142 83142 69362 83142 69362 83142 83142 83142 80995 83142 83142 83142 83142 83142 83142 83142 83142 83142 82989 83142 83142 82989 73866 83142 80801 83142 73866 83142 73866 83142 73866 73866 80801 68918 63175 56810 56810 56810 4823 56810 4823 1328 2834 2164 0 0 0 
0 0 69362 69362 74237 69362 69362 69362 69362 69362 82671 69362 69362 69362 74237 78154 69362 78154 69362 82671 78154 83142 69362 83036 83142 83142 83142 83142 83142 83142 83142 83142 83142 83142 83142 83142 83142 83142 83142 83142 83142 83142 77868 56810 77868 68918 68918 56810 4823 56810 56810 2164 1726 1726 0 
0 0 0 0 69362 69362 69362 74237 69362 69362 69362 69362 69362 69362 74237 69362 69362 74237 69362 69362 78154 69362 69362 69362 69362 69362 69362 69362 74237 83142 69362 74237 69362 69362 78154 83142 83142 80995 83142 83142 83142 83142 83142 83142 83142 83142 83142 83142 80801 83142 68918 68918 2834 2164 0 
0 0 0 0 0 0 0 69362 69362 69362 69362 69362 74237 69362 69362 69362 69362 69362 69362 69362 69362 74237 69362 69362 69362 74237 69362 69362 69362 69362 69362 69362 69362 69362 69362 69362 69362 74237 69362 69362 69362 69362 69362 78154 78154 69362 69362 83142 83142 83142 83142 83142 83142 0 1726 
0 0 0 0 0 0 0 0 0 0 69362 74237 69362 69362 69362 74237 69362 69362 69362 69362 69362 69362 69362 69362 69362 69362 69362 69362 74237 69362 69362 69362 69362 69362 69362 69362 69362 69362 69362 69362 69362 74237 69362 69362 69362 69362 69362 69362 69362 29692 43576 50585 50585 1304 0 
0 0 0 0 0 0 0 0 0 0 0 0 0 0 0 69362 69362 69362 69362 69362 74237 69362 69362 69362 69362 69362 69362 69362 69362 63676 69362 69362 63676 69362 69362 69362 69362 69362 69362 36541 69362 69362 69362 69362 43576 57353 29692 2890 4959 29692 36541 1304 1304 0 0 
0 0 0 0 0 0 0 0 0 0 0 0 0 0 0 0 0 0 0 0 0 69362 63676 69362 69362 69362 69362 69362 69362 29692 69362 69362 69362 36541 69362 29692 69362 69362 69362 43576 57353 50585 57353 50585 29692 23238 57353 36541 43576 0 0 0 0 0 0 
