test/output/constant/C2_S060_A090_WD000.0_WS010.0/C2_S060_A090_WD000.0_WS010.0_arrival.asc
ncols         7
nrows         29
xllcorner     426303.990666
yllcorner     12745955.311160
cellsize      100.000000
NODATA_value  0.000000
0.000000 0.000000 166.028984 166.000000 166.028984 0.000000 0.000000 
0.000000 0.000000 166.010869 166.001208 166.010869 0.000000 0.000000 
0.000000 0.000000 166.008454 166.002415 166.008454 0.000000 0.000000 
0.000000 166.035022 166.007850 166.004227 166.007850 166.035022 0.000000 
0.000000 166.029588 166.008454 166.005434 166.008454 166.029588 0.000000 
0.000000 166.026569 166.009661 166.007246 166.009661 166.026569 0.000000 
0.000000 166.024757 166.010265 166.008454 166.010265 166.024757 0.000000 
0.000000 166.024153 166.011473 166.010265 166.011473 166.024153 0.000000 
0.000000 166.023549 166.013284 166.011473 166.013284 166.023549 0.000000 
0.000000 166.023549 166.014492 166.013284 166.014492 166.023549 0.000000 
166.041060 166.023549 166.015700 166.014492 166.015700 166.023549 166.041060 
166.040457 166.024153 166.017511 166.016303 166.017511 166.024153 166.040457 
166.039853 166.025361 166.018719 166.017511 166.018719 166.025361 166.039853 
166.039249 166.026569 166.020530 166.019323 166.020530 166.026569 166.039249 
166.039249 166.027776 166.021738 166.020530 166.021738 166.027776 166.039249 
166.039249 166.028380 166.023549 166.022342 166.023549 166.028380 166.039249 
166.039249 166.029588 166.024757 166.023549 166.024757 166.029588 166.039249 
166.039853 166.030795 166.025965 166.025361 166.025965 166.030795 166.039853 
166.040457 166.032003 166.027776 166.026569 166.027776 166.032003 166.040457 
166.041664 166.033211 166.028984 166.028380 166.028984 166.033211 166.041664 
0.000000 166.034418 166.030795 166.029588 166.030795 166.034418 0.000000 
0.000000 166.035626 166.032003 166.031399 166.032003 166.035626 0.000000 
0.000000 166.036834 166.033815 166.032607 166.033815 166.036834 0.000000 
0.000000 166.038645 166.035022 166.034418 166.035022 166.038645 0.000000 
0.000000 166.039853 166.036230 166.035626 166.036230 166.039853 0.000000 
0.000000 166.041060 166.038041 166.037437 166.038041 166.041060 0.000000 
0.000000 0.000000 166.039249 166.038645 166.039249 0.000000 0.000000 
0.000000 0.000000 166.041060 166.040457 166.041060 0.000000 0.000000 
0.000000 0.000000 0.000000 166.041664 0.000000 0.000000 0.000000 
