test/output/constant/M295_S060_A180_WD270.0_WS045.0/M295_S060_A180_WD270.0_WS045.0_arrival.asc
ncols         43
nrows         7
xllcorner     426603.990666
yllcorner     12748455.311160
cellsize      100.000000
NODATA_value  0.000000
0.000000 0.000000 0.000000 0.000000 0.000000 0.000000 0.000000 0.000000 0.000000 0.000000 0.000000 0.000000 0.000000 0.000000 0.000000 0.000000 0.000000 0.000000 0.000000 0.000000 166.041613 166.041217 166.041217 166.040820 166.040820 166.040820 166.040820 166.041217 0.000000 0.000000 0.000000 0.000000 0.000000 0.000000 0.000000 0.000000 0.000000 0.000000 0.000000 0.000000 0.000000 0.000000 0.000000 
0.000000 0.000000 0.000000 0.000000 0.000000 166.041613 166.035272 166.032101 166.029327 166.027346 166.026553 166.025364 166.024968 166.024571 166.024571 166.024571 166.024571 166.025364 166.025760 166.026553 166.027346 166.028138 166.028535 166.029327 166.030120 166.030912 166.031309 166.032101 166.032894 166.033687 166.034479 166.035668 166.036461 166.037253 166.038046 166.039235 166.040028 166.041217 0.000000 0.000000 0.000000 0.000000 0.000000 
0.000000 166.019419 166.011889 166.009115 166.008323 166.008323 166.008719 166.009115 166.009908 166.010700 166.011493 166.012286 166.013475 166.014267 166.015060 166.016249 166.017041 166.018230 166.019023 166.019816 166.021005 166.021797 166.022986 166.023779 166.024968 166.025760 166.026949 166.027742 166.028535 166.029723 166.030516 166.031705 166.032498 166.033687 166.034479 166.035668 166.036461 166.037650 166.038442 166.039235 166.040424 166.041217 0.000000 
166.000000 166.000793 166.001585 166.002774 166.003567 166.004756 166.005548 166.006737 166.007530 166.008719 166.009512 166.010700 166.011493 166.012682 166.013475 166.014664 166.015456 166.016645 166.017438 166.018627 166.019419 166.020608 166.021401 166.022590 166.023382 166.024571 166.025364 166.026553 166.027346 166.028535 166.029327 166.030516 166.031309 166.032498 166.033290 166.034479 166.035272 166.036461 166.037253 166.038442 166.039235 166.040424 166.041217 
0.000000 166.019419 166.011889 166.009115 166.008323 166.008323 166.008719 166.009115 166.009908 166.010700 166.011493 166.012286 166.013475 166.014267 166.015060 166.016249 166.017041 166.018230 166.019023 166.019816 166.021005 166.021797 166.022986 166.023779 166.024968 166.025760 166.026949 166.027742 166.028535 166.029723 166.030516 166.031705 166.032498 166.033687 166.034479 166.035668 166.036461 166.037650 166.038442 166.039235 166.040424 166.041217 0.000000 
0.000000 0.000000 0.000000 0.000000 0.000000 166.041613 166.035272 166.032101 166.029327 166.027346 166.026553 166.025364 166.024968 166.024571 166.024571 166.024571 166.024571 166.025364 166.025760 166.026553 166.027346 166.028138 166.028535 166.029327 166.030120 166.030912 166.031309 166.032101 166.032894 166.033687 166.034479 166.035668 166.036461 166.037253 166.038046 166.039235 166.040028 166.041217 0.000000 0.000000 0.000000 0.000000 0.000000 
0.000000 0.000000 0.000000 0.000000 0.000000 0.000000 0.000000 0.000000 0.000000 0.000000 0.000000 0.000000 0.000000 0.000000 0.000000 0.000000 0.000000 0.000000 0.000000 0.000000 166.041613 166.041217 166.041217 166.040820 166.040820 166.040820 166.040820 166.041217 0.000000 0.000000 0.000000 0.000000 0.000000 0.000000 0.000000 0.000000 0.000000 0.000000 0.000000 0.000000 0.000000 0.000000 0.000000 
