test/output/constant/M3M480_S060_A000_WD270.0_WS015.0/M3M480_S060_A000_WD270.0_WS015.0_arrival.asc
ncols         26
nrows         9
xllcorner     424203.990666
yllcorner     12748355.311160
cellsize      100.000000
NODATA_value  0.000000
0.000000 0.000000 0.000000 0.000000 0.000000 0.000000 166.041667 166.040569 166.039170 166.038470 166.037072 166.037072 166.036372 166.036372 166.036372 166.036372 166.037072 166.037072 166.039869 0.000000 0.000000 0.000000 0.000000 0.000000 0.000000 0.000000 
0.000000 0.000000 0.000000 166.041268 166.039170 166.037771 166.036372 166.034973 166.033574 166.032175 166.031476 166.030077 166.028678 166.027279 166.026580 166.025880 166.025880 166.025880 166.025880 166.026580 166.028678 166.032175 166.037072 0.000000 0.000000 0.000000 
0.000000 166.041268 166.039869 166.037771 166.036372 166.034973 166.032875 166.031476 166.030077 166.027979 166.026580 166.025181 166.023782 166.022383 166.020984 166.019585 166.018186 166.016787 166.016088 166.015388 166.016088 166.016088 166.018186 166.022383 166.030776 0.000000 
166.041667 166.039869 166.038470 166.036372 166.034973 166.032875 166.031476 166.029377 166.027979 166.025880 166.024481 166.022383 166.020984 166.018886 166.017487 166.016088 166.013989 166.012590 166.010492 166.009093 166.007694 166.006295 166.005596 166.005596 166.008394 166.022383 
166.041268 166.039869 166.037771 166.036372 166.034274 166.032875 166.030776 166.029377 166.027279 166.025880 166.023782 166.022383 166.020284 166.018886 166.016787 166.015388 166.013290 166.011891 166.009792 166.008394 166.006295 166.004896 166.002798 166.001399 166.000000 166.014689 
166.041667 166.039869 166.038470 166.036372 166.034973 166.032875 166.031476 166.029377 166.027979 166.025880 166.024481 166.022383 166.020984 166.018886 166.017487 166.016088 166.013989 166.012590 166.010492 166.009093 166.007694 166.006295 166.005596 166.005596 166.008394 166.022383 
0.000000 166.041268 166.039869 166.037771 166.036372 166.034973 166.032875 166.031476 166.030077 166.027979 166.026580 166.025181 166.023782 166.022383 166.020984 166.019585 166.018186 166.016787 166.016088 166.015388 166.016088 166.016088 166.018186 166.022383 166.030776 0.000000 
0.000000 0.000000 0.000000 166.041268 166.039170 166.037771 166.036372 166.034973 166.033574 166.032175 166.031476 166.030077 166.028678 166.027279 166.026580 166.025880 166.025880 166.025880 166.025880 166.026580 166.028678 166.032175 166.037072 0.000000 0.000000 0.000000 
0.000000 0.000000 0.000000 0.000000 0.000000 0.000000 166.041667 166.040569 166.039170 166.038470 166.037072 166.037072 166.036372 166.036372 166.036372 166.036372 166.037072 166.037072 166.039869 0.000000 0.000000 0.000000 0.000000 0.000000 0.000000 0.000000 
