test/output/constant/M290_S060_A180_WD270.0_WS045.0/M290_S060_A180_WD270.0_WS045.0_arrival.asc
ncols         41
nrows         5
xllcorner     426603.990666
yllcorner     12748555.311160
cellsize      100.000000
NODATA_value  0.000000
0.000000 0.000000 0.000000 0.000000 0.000000 0.000000 166.037555 166.033800 166.030879 166.028792 166.027958 166.027123 166.026289 166.025871 166.025871 166.025871 166.025871 166.026706 166.027123 166.027958 166.028792 166.029210 166.030044 166.030879 166.031713 166.032548 166.032965 166.033800 166.034634 166.035469 166.036303 166.037555 166.038390 166.039224 166.040476 166.041311 0.000000 0.000000 0.000000 0.000000 0.000000 
0.000000 166.020447 166.012518 166.009597 166.008763 166.008763 166.009180 166.009597 166.010432 166.011267 166.012101 166.012936 166.014187 166.015022 166.015857 166.017108 166.017943 166.019195 166.020029 166.020864 166.022116 166.022950 166.024202 166.025037 166.026289 166.027123 166.028375 166.029210 166.030044 166.031296 166.032130 166.033382 166.034217 166.035469 166.036303 166.037555 166.038390 166.039642 166.040476 166.041311 0.000000 
166.000000 166.000835 166.001669 166.002921 166.003756 166.005007 166.005842 166.007094 166.007928 166.009180 166.010015 166.011267 166.012101 166.013353 166.014187 166.015439 166.016274 166.017526 166.018360 166.019612 166.020447 166.021699 166.022533 166.023785 166.024619 166.025871 166.026706 166.027958 166.028792 166.030044 166.030879 166.032130 166.032965 166.034217 166.035051 166.036303 166.037138 166.038390 166.039224 166.040476 166.041311 
0.000000 166.020447 166.012518 166.009597 166.008763 166.008763 166.009180 166.009597 166.010432 166.011267 166.012101 166.012936 166.014187 166.015022 166.015857 166.017108 166.017943 166.019195 166.020029 166.020864 166.022116 166.022950 166.024202 166.025037 166.026289 166.027123 166.028375 166.029210 166.030044 166.031296 166.032130 166.033382 166.034217 166.035469 166.036303 166.037555 166.038390 166.039642 166.040476 166.041311 0.000000 
0.000000 0.000000 0.000000 0.000000 0.000000 0.000000 166.037555 166.033800 166.030879 166.028792 166.027958 166.027123 166.026289 166.025871 166.025871 166.025871 166.025871 166.026706 166.027123 166.027958 166.028792 166.029210 166.030044 166.030879 166.031713 166.032548 166.032965 166.033800 166.034634 166.035469 166.036303 166.037555 166.038390 166.039224 166.040476 166.041311 0.000000 0.000000 0.000000 0.000000 0.000000 
