test/output/constant/M3M495_S000_A180_WD180.0_WS030.0/M3M495_S000_A180_WD180.0_WS030.0_arrival.asc
ncols         11
nrows         40
xllcorner     426103.990666
yllcorner     12748655.311160
cellsize      100.000000
NODATA_value  0.000000
0.000000 0.000000 0.000000 0.000000 166.041667 166.041245 166.041667 0.000000 0.000000 0.000000 0.000000 
0.000000 0.000000 0.000000 166.041667 166.040368 166.040368 166.040368 166.041667 0.000000 0.000000 0.000000 
0.000000 0.000000 0.000000 166.040368 166.039490 166.039052 166.039490 166.040368 0.000000 0.000000 0.000000 
0.000000 0.000000 166.041245 166.039490 166.038174 166.038174 166.038174 166.039490 166.041245 0.000000 0.000000 
0.000000 0.000000 166.040368 166.038174 166.037296 166.036858 166.037296 166.038174 166.040368 0.000000 0.000000 
0.000000 0.000000 166.039490 166.037296 166.035980 166.035980 166.035980 166.037296 166.039490 0.000000 0.000000 
0.000000 166.041245 166.038174 166.036419 166.035102 166.034664 166.035102 166.036419 166.038174 166.041245 0.000000 
0.000000 166.040368 166.037296 166.035102 166.033786 166.033786 166.033786 166.035102 166.037296 166.040368 0.000000 
0.000000 166.039490 166.036419 166.034225 166.032909 166.032470 166.032909 166.034225 166.036419 166.039490 0.000000 
0.000000 166.038613 166.035102 166.032909 166.031592 166.031592 166.031592 166.032909 166.035102 166.038613 0.000000 
0.000000 166.037735 166.034225 166.032031 166.030715 166.030276 166.030715 166.032031 166.034225 166.037735 0.000000 
166.041667 166.037296 166.033347 166.031153 166.029398 166.029398 166.029398 166.031153 166.033347 166.037296 166.041667 
166.040807 166.036419 166.032470 166.029837 166.028521 166.028082 166.028521 166.029837 166.032470 166.036419 166.040807 
166.040368 166.035541 166.031153 166.028960 166.027204 166.027204 166.027204 166.028960 166.031153 166.035541 166.040368 
166.039929 166.034664 166.030276 166.027643 166.026327 166.025888 166.026327 166.027643 166.030276 166.034664 166.039929 
166.039052 166.033786 166.029398 166.026766 166.025011 166.025011 166.025011 166.026766 166.029398 166.033786 166.039052 
166.038613 166.033347 166.028960 166.025888 166.024133 166.023694 166.024133 166.025888 166.028960 166.033347 166.038613 
166.038613 166.032470 166.027643 166.024572 166.022817 166.022817 166.022817 166.024572 166.027643 166.032470 166.038613 
166.038613 166.031592 166.027204 166.023694 166.021939 166.021500 166.021939 166.023694 166.027204 166.031592 166.038613 
166.038613 166.031153 166.026327 166.022817 166.021061 166.020623 166.021061 166.022817 166.026327 166.031153 166.038613 
166.038613 166.030715 166.025449 166.021500 166.019745 166.019306 166.019745 166.021500 166.025449 166.030715 166.038613 
166.038613 166.030276 166.024572 166.020623 166.018868 166.018429 166.018868 166.020623 166.024572 166.030276 166.038613 
166.038613 166.029837 166.023694 166.019745 166.017551 166.017112 166.017551 166.019745 166.023694 166.029837 166.038613 
166.039052 166.029837 166.023255 166.018868 166.016674 166.016235 166.016674 166.018868 166.023255 166.029837 166.039052 
166.039490 166.029837 166.022378 166.017990 166.015357 166.014919 166.015357 166.017990 166.022378 166.029837 166.039490 
166.039929 166.029837 166.021939 166.017112 166.014480 166.014041 166.014480 166.017112 166.021939 166.029837 166.039929 
166.041245 166.030276 166.021500 166.016235 166.013602 166.012725 166.013602 166.016235 166.021500 166.030276 166.041245 
0.000000 166.030715 166.021500 166.015357 166.012286 166.011847 166.012286 166.015357 166.021500 166.030715 0.000000 
0.000000 166.031153 166.021500 166.014480 166.011408 166.010531 166.011408 166.014480 166.021500 166.031153 0.000000 
0.000000 166.032470 166.021500 166.014041 166.010092 166.009653 166.010092 166.014041 166.021500 166.032470 0.000000 
0.000000 166.033347 166.021939 166.013163 166.009214 166.008337 166.009214 166.013163 166.021939 166.033347 0.000000 
0.000000 166.035541 166.022378 166.013163 166.007898 166.007459 166.007898 166.013163 166.022378 166.035541 0.000000 
0.000000 166.038174 166.023255 166.013163 166.007020 166.006143 166.007020 166.013163 166.023255 166.038174 0.000000 
0.000000 166.041667 166.025011 166.013163 166.006143 166.005265 166.006143 166.013163 166.025011 166.041667 0.000000 
0.000000 0.000000 166.028082 166.013602 166.005265 166.003949 166.005265 166.013602 166.028082 0.000000 0.000000 
0.000000 0.000000 166.031592 166.014919 166.004388 166.003071 166.004388 166.014919 166.031592 0.000000 0.000000 
0.000000 0.000000 166.037735 166.017990 166.004388 166.001755 166.004388 166.017990 166.037735 0.000000 0.000000 
0.000000 0.000000 0.000000 166.022817 166.004827 166.000878 166.004827 166.022817 0.000000 0.000000 0.000000 
0.000000 0.000000 0.000000 166.031592 166.007898 166.000000 166.007898 166.031592 0.000000 0.000000 0.000000 
0.000000 0.000000 0.000000 0.000000 166.027204 166.019745 166.027204 0.000000 0.000000 0.000000 0.000000 
