test/output/constant/M3M400_S000_A180_WD180.0_WS040.0/M3M400_S000_A180_WD180.0_WS040.0_arrival.asc
ncols         13
nrows         59
xllcorner     426003.990666
yllcorner     12748655.311160
cellsize      100.000000
NODATA_value  0.000000
0.000000 0.000000 0.000000 0.000000 0.000000 166.041255 166.041255 166.041255 0.000000 0.000000 0.000000 0.000000 0.000000 
0.000000 0.000000 0.000000 0.000000 166.041545 166.040674 166.040383 166.040674 166.041545 0.000000 0.000000 0.000000 0.000000 
0.000000 0.000000 0.000000 0.000000 166.040964 166.039802 166.039802 166.039802 166.040964 0.000000 0.000000 0.000000 0.000000 
0.000000 0.000000 0.000000 166.041545 166.040093 166.039221 166.038930 166.039221 166.040093 166.041545 0.000000 0.000000 0.000000 
0.000000 0.000000 0.000000 166.040964 166.039512 166.038349 166.038349 166.038349 166.039512 166.040964 0.000000 0.000000 0.000000 
0.000000 0.000000 0.000000 166.040383 166.038640 166.037768 166.037478 166.037768 166.038640 166.040383 0.000000 0.000000 0.000000 
0.000000 0.000000 0.000000 166.039512 166.038059 166.036897 166.036897 166.036897 166.038059 166.039512 0.000000 0.000000 0.000000 
0.000000 0.000000 166.041255 166.038930 166.037187 166.036316 166.036025 166.036316 166.037187 166.038930 166.041255 0.000000 0.000000 
0.000000 0.000000 166.040383 166.038349 166.036606 166.035444 166.035444 166.035444 166.036606 166.038349 166.040383 0.000000 0.000000 
0.000000 0.000000 166.039802 166.037478 166.036025 166.034863 166.034573 166.034863 166.036025 166.037478 166.039802 0.000000 0.000000 
0.000000 0.000000 166.039221 166.036897 166.035154 166.033992 166.033992 166.033992 166.035154 166.036897 166.039221 0.000000 0.000000 
0.000000 0.000000 166.038640 166.036025 166.034573 166.033410 166.033120 166.033410 166.034573 166.036025 166.038640 0.000000 0.000000 
0.000000 166.041545 166.037768 166.035444 166.033701 166.032539 166.032539 166.032539 166.033701 166.035444 166.037768 166.041545 0.000000 
0.000000 166.040964 166.037187 166.034863 166.033120 166.031958 166.031667 166.031958 166.033120 166.034863 166.037187 166.040964 0.000000 
0.000000 166.040383 166.036606 166.033992 166.032248 166.031086 166.031086 166.031086 166.032248 166.033992 166.036606 166.040383 0.000000 
0.000000 166.039802 166.036025 166.033410 166.031667 166.030505 166.030215 166.030505 166.031667 166.033410 166.036025 166.039802 0.000000 
0.000000 166.039512 166.035444 166.032829 166.030796 166.029634 166.029634 166.029634 166.030796 166.032829 166.035444 166.039512 0.000000 
0.000000 166.038930 166.034863 166.032248 166.030215 166.029053 166.028762 166.029053 166.030215 166.032248 166.034863 166.038930 0.000000 
0.000000 166.038349 166.034282 166.031377 166.029634 166.028181 166.028181 166.028181 166.029634 166.031377 166.034282 166.038349 0.000000 
0.000000 166.037768 166.033701 166.030796 166.028762 166.027600 166.027309 166.027600 166.028762 166.030796 166.033701 166.037768 0.000000 
0.000000 166.037478 166.033410 166.030215 166.028181 166.026728 166.026728 166.026728 166.028181 166.030215 166.033410 166.037478 0.000000 
0.000000 166.036897 166.032829 166.029634 166.027309 166.026147 166.025857 166.026147 166.027309 166.029634 166.032829 166.036897 0.000000 
166.041667 166.036606 166.032248 166.029053 166.026728 166.025276 166.025276 166.025276 166.026728 166.029053 166.032248 166.036606 166.041667 
166.041667 166.036025 166.031667 166.028181 166.026147 166.024695 166.024404 166.024695 166.026147 166.028181 166.031667 166.036025 166.041667 
166.041545 166.035444 166.031086 166.027600 166.025276 166.024114 166.023823 166.024114 166.025276 166.027600 166.031086 166.035444 166.041545 
166.041545 166.035154 166.030796 166.027019 166.024695 166.023242 166.022952 166.023242 166.024695 166.027019 166.030796 166.035154 166.041545 
166.041545 166.034863 166.030215 166.026438 166.023823 166.022661 166.022370 166.022661 166.023823 166.026438 166.030215 166.034863 166.041545 
166.041667 166.034282 166.029634 166.025857 166.023242 166.021789 166.021499 166.021789 166.023242 166.025857 166.029634 166.034282 166.041667 
0.000000 166.034282 166.029343 166.025276 166.022661 166.021208 166.020918 166.021208 166.022661 166.025276 166.029343 166.034282 0.000000 
0.000000 166.034282 166.028762 166.024695 166.021789 166.020337 166.020046 166.020337 166.021789 166.024695 166.028762 166.034282 0.000000 
0.000000 166.033992 166.028181 166.024114 166.021208 166.019756 166.019465 166.019756 166.021208 166.024114 166.028181 166.033992 0.000000 
0.000000 166.033992 166.027890 166.023533 166.020627 166.018884 166.018594 166.018884 166.020627 166.023533 166.027890 166.033992 0.000000 
0.000000 166.033992 166.027309 166.022952 166.019756 166.018303 166.018013 166.018303 166.019756 166.022952 166.027309 166.033992 0.000000 
0.000000 166.034282 166.027019 166.022370 166.019175 166.017432 166.017141 166.017432 166.019175 166.022370 166.027019 166.034282 0.000000 
0.000000 166.034282 166.026728 166.022080 166.018594 166.016850 166.016560 166.016850 166.018594 166.022080 166.026728 166.034282 0.000000 
0.000000 166.034573 166.026728 166.021499 166.018013 166.016269 166.015688 166.016269 166.018013 166.021499 166.026728 166.034573 0.000000 
0.000000 166.034863 166.026438 166.020918 166.017141 166.015398 166.015107 166.015398 166.017141 166.020918 166.026438 166.034863 0.000000 
0.000000 166.035154 166.026438 166.020627 166.016560 166.014817 166.014236 166.014817 166.016560 166.020627 166.026438 166.035154 0.000000 
0.000000 166.035444 166.026728 166.020046 166.015979 166.013945 166.013655 166.013945 166.015979 166.020046 166.026728 166.035444 0.000000 
0.000000 166.036025 166.026728 166.019465 166.015398 166.013364 166.012783 166.013364 166.015398 166.019465 166.026728 166.036025 0.000000 
0.000000 166.036897 166.027019 166.019175 166.014817 166.012783 166.012202 166.012783 166.014817 166.019175 166.027019 166.036897 0.000000 
0.000000 166.037478 166.027309 166.019175 166.014236 166.011912 166.011331 166.011912 166.014236 166.019175 166.027309 166.037478 0.000000 
0.000000 166.038640 166.027600 166.018884 166.013945 166.011331 166.010749 166.011331 166.013945 166.018884 166.027600 166.038640 0.000000 
0.000000 166.039802 166.027890 166.018884 166.013364 166.010459 166.009878 166.010459 166.013364 166.018884 166.027890 166.039802 0.000000 
0.000000 166.041255 166.028762 166.019175 166.012783 166.009878 166.009297 166.009878 166.012783 166.019175 166.028762 166.041255 0.000000 
0.000000 0.000000 166.029634 166.019175 166.012202 166.009006 166.008425 166.009006 166.012202 166.019175 166.029634 0.000000 0.000000 
0.000000 0.000000 166.030796 166.019756 166.011912 166.008425 166.007844 166.008425 166.011912 166.019756 166.030796 0.000000 0.000000 
0.000000 0.000000 166.032248 166.020046 166.011621 166.007554 166.006973 166.007554 166.011621 166.020046 166.032248 0.000000 0.000000 
0.000000 0.000000 166.033992 166.020918 166.011621 166.006973 166.006392 166.006973 166.011621 166.020918 166.033992 0.000000 0.000000 
0.000000 0.000000 166.036606 166.021789 166.011621 166.006392 166.005520 166.006392 166.011621 166.021789 166.036606 0.000000 0.000000 
0.000000 0.000000 166.039512 166.023242 166.011621 166.005811 166.004939 166.005811 166.011621 166.023242 166.039512 0.000000 0.000000 
0.000000 0.000000 0.000000 166.024985 166.011912 166.005229 166.004067 166.005229 166.011912 166.024985 0.000000 0.000000 0.000000 
0.000000 0.000000 0.000000 166.028181 166.013074 166.004648 166.003486 166.004648 166.013074 166.028181 0.000000 0.000000 0.000000 
0.000000 0.000000 0.000000 166.032539 166.014236 166.004067 166.002615 166.004067 166.014236 166.032539 0.000000 0.000000 0.000000 
0.000000 0.000000 0.000000 166.038349 166.016269 166.004067 166.002034 166.004067 166.016269 166.038349 0.000000 0.000000 0.000000 
0.000000 0.000000 0.000000 0.000000 166.021208 166.004067 166.001162 166.004067 166.021208 0.000000 0.000000 0.000000 0.000000 
0.000000 0.000000 0.000000 0.000000 166.028762 166.005229 166.000581 166.005229 166.028762 0.000000 0.000000 0.000000 0.000000 
0.000000 0.000000 0.000000 0.000000 0.000000 166.010459 166.000000 166.010459 0.000000 0.000000 0.000000 0.000000 0.000000 
0.000000 0.000000 0.000000 0.000000 0.000000 0.000000 166.035154 0.000000 0.000000 0.000000 0.000000 0.000000 0.000000 
