test/output/constant/M195_S060_A000_WD090.0_WS025.0/M195_S060_A000_WD090.0_WS025.0_arrival.asc
ncols         40
nrows         7
xllcorner     422703.990666
yllcorner     12748455.311160
cellsize      100.000000
NODATA_value  0.000000
0.000000 0.000000 0.000000 0.000000 0.000000 0.000000 0.000000 0.000000 0.000000 166.041444 166.041021 166.040175 166.039330 166.038907 166.038061 166.037638 166.036792 166.035946 166.035946 166.035946 166.035946 166.035946 166.036369 166.036369 166.037215 166.038061 166.039330 166.040175 0.000000 0.000000 0.000000 0.000000 0.000000 0.000000 0.000000 0.000000 0.000000 0.000000 0.000000 0.000000 
0.000000 0.000000 0.000000 166.041444 166.040175 166.039330 166.038484 166.037215 166.036369 166.035523 166.034678 166.033409 166.032563 166.031717 166.030449 166.029603 166.028757 166.027911 166.027065 166.026643 166.025797 166.024951 166.024105 166.023682 166.022836 166.021991 166.021568 166.021568 166.021568 166.021991 166.022414 166.023259 166.024528 166.026643 166.030449 166.035101 0.000000 0.000000 0.000000 0.000000 
166.041444 166.040598 166.039330 166.038484 166.037638 166.036369 166.035523 166.034255 166.033409 166.032140 166.031294 166.030026 166.029180 166.028334 166.027065 166.026220 166.024951 166.024105 166.022836 166.021991 166.020722 166.019876 166.019030 166.017762 166.016916 166.015647 166.014801 166.013533 166.012687 166.011841 166.010572 166.009727 166.008881 166.008458 166.007612 166.007189 166.007612 166.008881 166.013533 166.039752 
166.041021 166.039752 166.038907 166.037638 166.036792 166.035523 166.034678 166.033409 166.032563 166.031294 166.030449 166.029180 166.028334 166.027065 166.026220 166.024951 166.024105 166.022836 166.021991 166.020722 166.019876 166.018608 166.017762 166.016493 166.015647 166.014379 166.013533 166.012264 166.011418 166.010150 166.009304 166.008035 166.007189 166.005921 166.005075 166.003806 166.002960 166.001692 166.000846 166.000000 
166.041444 166.040598 166.039330 166.038484 166.037638 166.036369 166.035523 166.034255 166.033409 166.032140 166.031294 166.030026 166.029180 166.028334 166.027065 166.026220 166.024951 166.024105 166.022836 166.021991 166.020722 166.019876 166.019030 166.017762 166.016916 166.015647 166.014801 166.013533 166.012687 166.011841 166.010572 166.009727 166.008881 166.008458 166.007612 166.007189 166.007612 166.008881 166.013533 166.039752 
0.000000 0.000000 0.000000 166.041444 166.040175 166.039330 166.038484 166.037215 166.036369 166.035523 166.034678 166.033409 166.032563 166.031717 166.030449 166.029603 166.028757 166.027911 166.027065 166.026643 166.025797 166.024951 166.024105 166.023682 166.022836 166.021991 166.021568 166.021568 166.021568 166.021991 166.022414 166.023259 166.024528 166.026643 166.030449 166.035101 0.000000 0.000000 0.000000 0.000000 
0.000000 0.000000 0.000000 0.000000 0.000000 0.000000 0.000000 0.000000 0.000000 166.041444 166.041021 166.040175 166.039330 166.038907 166.038061 166.037638 166.036792 166.035946 166.035946 166.035946 166.035946 166.035946 166.036369 166.036369 166.037215 166.038061 166.039330 166.040175 0.000000 0.000000 0.000000 0.000000 0.000000 0.000000 0.000000 0.000000 0.000000 0.000000 0.000000 0.000000 
