test/output/constant/M475_S060_A090_WD000.0_WS015.0/M475_S060_A090_WD000.0_WS015.0_arrival.asc
ncols         7
nrows         34
xllcorner     426303.990666
yllcorner     12745455.311160
cellsize      100.000000
NODATA_value  0.000000
0.000000 0.000000 166.031372 166.000000 166.031372 0.000000 0.000000 
0.000000 0.000000 166.012144 166.001012 166.012144 0.000000 0.000000 
0.000000 0.000000 166.008096 166.002024 166.008096 0.000000 0.000000 
0.000000 166.039468 166.007590 166.003542 166.007590 166.039468 0.000000 
0.000000 166.032384 166.007590 166.004554 166.007590 166.032384 0.000000 
0.000000 166.027830 166.008602 166.006072 166.008602 166.027830 0.000000 
0.000000 166.024794 166.009614 166.007084 166.009614 166.024794 0.000000 
0.000000 166.023782 166.010120 166.008602 166.010120 166.023782 0.000000 
0.000000 166.023276 166.011132 166.009614 166.011132 166.023276 0.000000 
0.000000 166.022770 166.012650 166.011132 166.012650 166.022770 0.000000 
0.000000 166.022770 166.013662 166.012144 166.013662 166.022770 0.000000 
166.040480 166.022770 166.014674 166.013662 166.014674 166.022770 166.040480 
166.039468 166.022770 166.016192 166.014674 166.016192 166.022770 166.039468 
166.038456 166.023782 166.017204 166.016192 166.017204 166.023782 166.038456 
166.037950 166.024794 166.018216 166.017204 166.018216 166.024794 166.037950 
166.037950 166.025300 166.019734 166.018722 166.019734 166.025300 166.037950 
166.037444 166.026312 166.020746 166.019734 166.020746 166.026312 166.037444 
166.037444 166.027324 166.022264 166.021252 166.022264 166.027324 166.037444 
166.037444 166.028336 166.023276 166.022264 166.023276 166.028336 166.037444 
166.037950 166.029348 166.024794 166.023782 166.024794 166.029348 166.037950 
166.038456 166.029854 166.025806 166.024794 166.025806 166.029854 166.038456 
166.038962 166.030866 166.027324 166.026312 166.027324 166.030866 166.038962 
166.039974 166.031878 166.028336 166.027324 166.028336 166.031878 166.039974 
166.040986 166.033396 166.029854 166.028842 166.029854 166.033396 166.040986 
166.041492 166.034408 166.030866 166.029854 166.030866 166.034408 166.041492 
0.000000 166.035420 166.032384 166.031372 166.032384 166.035420 0.000000 
0.000000 166.036432 166.033396 166.032384 166.033396 166.036432 0.000000 
0.000000 166.037950 166.034914 166.033902 166.034914 166.037950 0.000000 
0.000000 166.038962 166.035926 166.034914 166.035926 166.038962 0.000000 
0.000000 166.039974 166.037444 166.036432 166.037444 166.039974 0.000000 
0.000000 166.041492 166.038456 166.037444 166.038456 166.041492 0.000000 
0.000000 0.000000 166.039468 166.038962 166.039468 0.000000 0.000000 
0.000000 0.000000 166.040986 166.039974 166.040986 0.000000 0.000000 
0.000000 0.000000 0.000000 166.041492 0.000000 0.000000 0.000000 
