test/output/constant/M3M4100_S060_A180_WD090.0_WS020.0/M3M4100_S060_A180_WD090.0_WS020.0_arrival.asc
ncols         29
nrows         11
xllcorner     426403.990666
yllcorner     12748255.311160
cellsize      100.000000
NODATA_value  0.000000
0.000000 0.000000 0.000000 0.000000 0.000000 0.000000 0.000000 0.000000 166.041667 166.039770 166.038487 166.037204 166.037204 166.037204 166.037204 166.037204 166.037204 166.037846 166.038487 166.039770 166.040411 166.041667 0.000000 0.000000 0.000000 0.000000 0.000000 0.000000 0.000000 
0.000000 0.000000 0.000000 0.000000 166.041667 166.037204 166.033997 166.031431 166.030148 166.029507 166.028865 166.028865 166.028865 166.029507 166.029507 166.030790 166.031431 166.032714 166.033355 166.034638 166.035921 166.037204 166.038487 166.039770 166.041053 0.000000 0.000000 0.000000 0.000000 
0.000000 0.000000 166.038487 166.031431 166.026941 166.023734 166.021809 166.021168 166.020526 166.020526 166.021168 166.021809 166.022451 166.023734 166.024375 166.025658 166.026941 166.028224 166.029507 166.030790 166.032073 166.033355 166.035280 166.036563 166.037846 166.039770 166.041053 0.000000 0.000000 
0.000000 166.031431 166.021809 166.016036 166.013470 166.012829 166.012829 166.012829 166.013470 166.014753 166.015395 166.016678 166.017961 166.019244 166.021168 166.022451 166.023734 166.025658 166.026941 166.028224 166.030148 166.031431 166.032714 166.034638 166.035921 166.037846 166.039129 166.041053 0.000000 
166.031431 166.014753 166.005773 166.004490 166.004490 166.005773 166.006415 166.008339 166.009622 166.011546 166.012829 166.014112 166.016036 166.017319 166.019244 166.020526 166.022451 166.023734 166.025658 166.026941 166.028865 166.030148 166.032073 166.033355 166.035280 166.036563 166.038487 166.039770 166.041667 
166.028865 166.009622 166.000000 166.001283 166.002566 166.004490 166.005773 166.007697 166.008980 166.010905 166.012188 166.014112 166.015395 166.017319 166.018602 166.020526 166.021809 166.023734 166.025017 166.026941 166.028224 166.030148 166.031431 166.033355 166.034638 166.036563 166.037846 166.039770 166.041053 
166.031431 166.014753 166.005773 166.004490 166.004490 166.005773 166.006415 166.008339 166.009622 166.011546 166.012829 166.014112 166.016036 166.017319 166.019244 166.020526 166.022451 166.023734 166.025658 166.026941 166.028865 166.030148 166.032073 166.033355 166.035280 166.036563 166.038487 166.039770 166.041667 
0.000000 166.031431 166.021809 166.016036 166.013470 166.012829 166.012829 166.012829 166.013470 166.014753 166.015395 166.016678 166.017961 166.019244 166.021168 166.022451 166.023734 166.025658 166.026941 166.028224 166.030148 166.031431 166.032714 166.034638 166.035921 166.037846 166.039129 166.041053 0.000000 
0.000000 0.000000 166.038487 166.031431 166.026941 166.023734 166.021809 166.021168 166.020526 166.020526 166.021168 166.021809 166.022451 166.023734 166.024375 166.025658 166.026941 166.028224 166.029507 166.030790 166.032073 166.033355 166.035280 166.036563 166.037846 166.039770 166.041053 0.000000 0.000000 
0.000000 0.000000 0.000000 0.000000 166.041667 166.037204 166.033997 166.031431 166.030148 166.029507 166.028865 166.028865 166.028865 166.029507 166.029507 166.030790 166.031431 166.032714 166.033355 166.034638 166.035921 166.037204 166.038487 166.039770 166.041053 0.000000 0.000000 0.000000 0.000000 
0.000000 0.000000 0.000000 0.000000 0.000000 0.000000 0.000000 0.000000 166.041667 166.039770 166.038487 166.037204 166.037204 166.037204 166.037204 166.037204 166.037204 166.037846 166.038487 166.039770 166.040411 166.041667 0.000000 0.000000 0.000000 0.000000 0.000000 0.000000 0.000000 
