test/output/constant/M490_S060_A090_WD045.0_WS010.0/M490_S060_A090_WD045.0_WS010.0_arrival.asc
ncols         9
nrows         33
xllcorner     425903.990666
yllcorner     12745555.311160
cellsize      100.000000
NODATA_value  0.000000
0.000000 0.000000 0.000000 0.000000 0.000000 0.000000 166.013545 166.000000 166.033612 
0.000000 0.000000 0.000000 0.000000 0.000000 166.033612 166.003512 166.001003 166.022073 
0.000000 0.000000 0.000000 0.000000 0.000000 166.019063 166.003010 166.002007 166.019565 
0.000000 0.000000 0.000000 0.000000 166.037123 166.011538 166.003512 166.003512 166.019063 
0.000000 0.000000 0.000000 0.000000 166.027090 166.009030 166.004515 166.005017 166.020568 
0.000000 0.000000 0.000000 0.000000 166.020568 166.009030 166.006020 166.006522 166.021070 
0.000000 0.000000 0.000000 166.035618 166.017057 166.009030 166.007525 166.008528 166.023077 
0.000000 0.000000 0.000000 166.029097 166.015050 166.009030 166.008528 166.010535 166.025585 
0.000000 0.000000 0.000000 166.025083 166.014548 166.010033 166.010033 166.013043 166.027592 
0.000000 0.000000 166.038127 166.022575 166.014548 166.011037 166.011037 166.015050 166.030100 
0.000000 0.000000 166.033612 166.021070 166.014548 166.012542 166.012542 166.017057 166.032107 
0.000000 0.000000 166.030602 166.020568 166.015050 166.013545 166.014047 166.019063 166.034113 
0.000000 0.000000 166.028595 166.020568 166.015552 166.015050 166.016053 166.021572 166.036120 
0.000000 166.039130 166.027090 166.020067 166.016555 166.016555 166.018060 166.023578 166.038127 
0.000000 166.036622 166.026588 166.020067 166.017558 166.017558 166.019565 166.026087 166.040635 
0.000000 166.034615 166.026087 166.020568 166.019063 166.019063 166.021572 166.028093 0.000000 
0.000000 166.033110 166.026087 166.021572 166.020067 166.020568 166.023578 166.030100 0.000000 
0.000000 166.032608 166.026087 166.022073 166.021572 166.022073 166.025585 166.032608 0.000000 
166.040133 166.032107 166.026087 166.023077 166.022575 166.023578 166.027090 166.034615 0.000000 
166.039130 166.032107 166.026588 166.024080 166.024080 166.025083 166.029598 166.037123 0.000000 
166.038628 166.031605 166.027090 166.025585 166.025585 166.027090 166.031605 166.039130 0.000000 
166.038127 166.031605 166.028093 166.026588 166.026588 166.029097 166.033612 166.041137 0.000000 
166.037625 166.032107 166.028595 166.028093 166.028093 166.030602 166.035618 0.000000 0.000000 
166.037625 166.032608 166.029598 166.029097 166.029598 166.032608 166.038127 0.000000 0.000000 
166.037123 166.032608 166.030602 166.030602 166.031103 166.034615 166.040133 0.000000 0.000000 
166.037123 166.033612 166.032107 166.031605 166.032608 166.036120 0.000000 0.000000 0.000000 
166.037625 166.034615 166.033110 166.033110 166.034615 166.038127 0.000000 0.000000 0.000000 
166.038127 166.035117 166.034615 166.034615 166.036120 166.040133 0.000000 0.000000 0.000000 
166.038628 166.036120 166.035618 166.035618 166.038127 0.000000 0.000000 0.000000 0.000000 
166.039130 166.037123 166.037123 166.037123 166.039632 0.000000 0.000000 0.000000 0.000000 
166.040133 166.038127 166.038127 166.038628 166.041638 0.000000 0.000000 0.000000 0.000000 
166.041137 166.039632 166.039632 166.040635 0.000000 0.000000 0.000000 0.000000 0.000000 
166.041638 166.040635 166.040635 0.000000 0.000000 0.000000 0.000000 0.000000 0.000000 
