test/output/constant/M395_S060_A090_WD000.0_WS045.0/M395_S060_A090_WD000.0_WS045.0_arrival.asc
ncols         9
nrows         66
xllcorner     426203.990666
yllcorner     12742255.311160
cellsize      100.000000
NODATA_value  0.000000
0.000000 0.000000 0.000000 0.000000 166.000000 0.000000 0.000000 0.000000 0.000000 
0.000000 0.000000 0.000000 166.015446 166.000515 166.015446 0.000000 0.000000 0.000000 
0.000000 0.000000 0.000000 166.009010 166.001030 166.009010 0.000000 0.000000 0.000000 
0.000000 0.000000 0.000000 166.006951 166.001802 166.006951 0.000000 0.000000 0.000000 
0.000000 0.000000 166.038100 166.005921 166.002317 166.005921 166.038100 0.000000 0.000000 
0.000000 0.000000 166.030892 166.005921 166.003089 166.005921 166.030892 0.000000 0.000000 
0.000000 0.000000 166.026516 166.005921 166.003604 166.005921 166.026516 0.000000 0.000000 
0.000000 0.000000 166.023942 166.006178 166.004376 166.006178 166.023942 0.000000 0.000000 
0.000000 0.000000 166.021625 166.006693 166.004891 166.006693 166.021625 0.000000 0.000000 
0.000000 0.000000 166.020337 166.007208 166.005664 166.007208 166.020337 0.000000 0.000000 
0.000000 0.000000 166.018793 166.007723 166.006178 166.007723 166.018793 0.000000 0.000000 
0.000000 166.041447 166.018278 166.008238 166.006951 166.008238 166.018278 166.041447 0.000000 
0.000000 166.038873 166.017763 166.008753 166.007466 166.008753 166.017763 166.038873 0.000000 
0.000000 166.036556 166.017506 166.009268 166.008238 166.009268 166.017506 166.036556 0.000000 
0.000000 166.034754 166.017248 166.010040 166.008753 166.010040 166.017248 166.034754 0.000000 
0.000000 166.033467 166.016991 166.010555 166.009525 166.010555 166.016991 166.033467 0.000000 
0.000000 166.032179 166.016991 166.011327 166.010040 166.011327 166.016991 166.032179 0.000000 
0.000000 166.031150 166.017248 166.011842 166.010812 166.011842 166.017248 166.031150 0.000000 
0.000000 166.030377 166.017506 166.012357 166.011327 166.012357 166.017506 166.030377 0.000000 
0.000000 166.030120 166.018020 166.013129 166.012099 166.013129 166.018020 166.030120 0.000000 
0.000000 166.029605 166.018278 166.013644 166.012614 166.013644 166.018278 166.029605 0.000000 
0.000000 166.029090 166.018793 166.014416 166.013387 166.014416 166.018793 166.029090 0.000000 
0.000000 166.028833 166.019308 166.014931 166.013902 166.014931 166.019308 166.028833 0.000000 
0.000000 166.028833 166.019565 166.015704 166.014674 166.015704 166.019565 166.028833 0.000000 
0.000000 166.028575 166.020080 166.016218 166.015189 166.016218 166.020080 166.028575 0.000000 
0.000000 166.028318 166.020595 166.016733 166.015961 166.016733 166.020595 166.028318 0.000000 
0.000000 166.028318 166.021110 166.017506 166.016476 166.017506 166.021110 166.028318 0.000000 
166.041667 166.028318 166.021367 166.018020 166.017248 166.018020 166.021367 166.028318 166.041667 
166.041190 166.028575 166.021882 166.018793 166.017763 166.018793 166.021882 166.028575 166.041190 
166.040932 166.028833 166.022397 166.019308 166.018535 166.019308 166.022397 166.028833 166.040932 
166.040675 166.029090 166.022912 166.020080 166.019050 166.020080 166.022912 166.029090 166.040675 
166.040417 166.029605 166.023427 166.020595 166.019823 166.020595 166.023427 166.029605 166.040417 
166.040160 166.030120 166.023942 166.021367 166.020337 166.021367 166.023942 166.030120 166.040160 
166.039903 166.030377 166.024714 166.021882 166.021110 166.021882 166.024714 166.030377 166.039903 
166.039903 166.030892 166.025229 166.022654 166.021625 166.022654 166.025229 166.030892 166.039903 
166.039645 166.031407 166.025744 166.023169 166.022397 166.023169 166.025744 166.031407 166.039645 
166.039645 166.031665 166.026258 166.023684 166.022912 166.023684 166.026258 166.031665 166.039645 
166.039645 166.032179 166.027031 166.024456 166.023684 166.024456 166.027031 166.032179 166.039645 
166.039645 166.032694 166.027546 166.024971 166.024199 166.024971 166.027546 166.032694 166.039645 
166.039645 166.032952 166.028060 166.025744 166.024971 166.025744 166.028060 166.032952 166.039645 
166.040160 166.033467 166.028575 166.026258 166.025486 166.026258 166.028575 166.033467 166.040160 
166.040417 166.033981 166.029348 166.027031 166.026258 166.027031 166.029348 166.033981 166.040417 
166.040932 166.034496 166.029863 166.027546 166.026773 166.027546 166.029863 166.034496 166.040932 
166.041190 166.034754 166.030377 166.028318 166.027546 166.028318 166.030377 166.034754 166.041190 
166.041667 166.035269 166.031150 166.028833 166.028060 166.028833 166.031150 166.035269 166.041667 
0.000000 166.035784 166.031665 166.029605 166.028833 166.029605 166.031665 166.035784 0.000000 
0.000000 166.036298 166.032437 166.030120 166.029348 166.030120 166.032437 166.036298 0.000000 
0.000000 166.036813 166.032952 166.030892 166.030120 166.030892 166.032952 166.036813 0.000000 
0.000000 166.037328 166.033724 166.031407 166.030635 166.031407 166.033724 166.037328 0.000000 
0.000000 166.037843 166.034239 166.031922 166.031407 166.031922 166.034239 166.037843 0.000000 
0.000000 166.038358 166.034754 166.032694 166.031922 166.032694 166.034754 166.038358 0.000000 
0.000000 166.038873 166.035526 166.033209 166.032694 166.033209 166.035526 166.038873 0.000000 
0.000000 166.039388 166.036041 166.033981 166.033209 166.033981 166.036041 166.039388 0.000000 
0.000000 166.039903 166.036556 166.034496 166.033981 166.034496 166.036556 166.039903 0.000000 
0.000000 166.040417 166.037328 166.035269 166.034496 166.035269 166.037328 166.040417 0.000000 
0.000000 166.041190 166.037843 166.035784 166.035269 166.035784 166.037843 166.041190 0.000000 
0.000000 166.041667 166.038358 166.036556 166.035784 166.036556 166.038358 166.041667 0.000000 
0.000000 0.000000 166.038873 166.037071 166.036556 166.037071 166.038873 0.000000 0.000000 
0.000000 0.000000 166.039645 166.037843 166.037071 166.037843 166.039645 0.000000 0.000000 
0.000000 0.000000 166.040160 166.038358 166.037843 166.038358 166.040160 0.000000 0.000000 
0.000000 0.000000 166.040932 166.038873 166.038358 166.038873 166.040932 0.000000 0.000000 
0.000000 0.000000 166.041447 166.039645 166.039130 166.039645 166.041447 0.000000 0.000000 
0.000000 0.000000 0.000000 166.040160 166.039645 166.040160 0.000000 0.000000 0.000000 
0.000000 0.000000 0.000000 166.040932 166.040417 166.040932 0.000000 0.000000 0.000000 
0.000000 0.000000 0.000000 166.041447 166.040932 166.041447 0.000000 0.000000 0.000000 
0.000000 0.000000 0.000000 0.000000 166.041667 0.000000 0.000000 0.000000 0.000000 
