test/output/constant/C3_S000_A090_WD090.0_WS045.0/C3_S000_A090_WD090.0_WS045.0_arrival.asc
ncols         36
nrows         7
xllcorner     423103.990666
yllcorner     12748455.311160
cellsize      100.000000
NODATA_value  0.000000
0.000000 0.000000 0.000000 0.000000 0.000000 0.000000 0.000000 0.000000 166.041318 166.040368 166.039894 166.038944 166.037994 166.037519 166.036569 166.035619 166.035144 166.034669 166.034669 166.034669 166.035144 166.035619 166.035619 166.036569 166.037044 166.038944 166.040843 0.000000 0.000000 0.000000 0.000000 0.000000 0.000000 0.000000 0.000000 0.000000 
0.000000 0.000000 0.000000 166.040843 166.039894 166.038469 166.037519 166.036569 166.035619 166.034194 166.033245 166.032295 166.031345 166.029920 166.028970 166.028020 166.027071 166.026121 166.025646 166.024696 166.023746 166.022796 166.022321 166.021372 166.020897 166.020897 166.020897 166.021372 166.022321 166.023271 166.025646 166.029445 166.035144 0.000000 0.000000 0.000000 
166.041667 166.040843 166.039419 166.038469 166.037044 166.036094 166.034669 166.033720 166.032295 166.031345 166.030395 166.028970 166.028020 166.026596 166.025646 166.024221 166.023271 166.021846 166.020897 166.019472 166.018522 166.017572 166.016147 166.015198 166.013773 166.012823 166.011873 166.010448 166.009498 166.008549 166.008074 166.007124 166.007124 166.007599 166.010923 166.033720 
166.041318 166.039894 166.038944 166.037519 166.036569 166.035144 166.034194 166.032770 166.031820 166.030395 166.029445 166.028020 166.027071 166.025646 166.024696 166.023271 166.022321 166.020897 166.019947 166.018522 166.017572 166.016147 166.015198 166.013773 166.012823 166.011398 166.010448 166.009024 166.008074 166.006649 166.005699 166.004274 166.003324 166.001900 166.000950 166.000000 
166.041667 166.040843 166.039419 166.038469 166.037044 166.036094 166.034669 166.033720 166.032295 166.031345 166.030395 166.028970 166.028020 166.026596 166.025646 166.024221 166.023271 166.021846 166.020897 166.019472 166.018522 166.017572 166.016147 166.015198 166.013773 166.012823 166.011873 166.010448 166.009498 166.008549 166.008074 166.007124 166.007124 166.007599 166.010923 166.033720 
0.000000 0.000000 0.000000 166.040843 166.039894 166.038469 166.037519 166.036569 166.035619 166.034194 166.033245 166.032295 166.031345 166.029920 166.028970 166.028020 166.027071 166.026121 166.025646 166.024696 166.023746 166.022796 166.022321 166.021372 166.020897 166.020897 166.020897 166.021372 166.022321 166.023271 166.025646 166.029445 166.035144 0.000000 0.000000 0.000000 
0.000000 0.000000 0.000000 0.000000 0.000000 0.000000 0.000000 0.000000 166.041318 166.040368 166.039894 166.038944 166.037994 166.037519 166.036569 166.035619 166.035144 166.034669 166.034669 166.034669 166.035144 166.035619 166.035619 166.036569 166.037044 166.038944 166.040843 0.000000 0.000000 0.000000 0.000000 0.000000 0.000000 0.000000 0.000000 0.000000 
