test/output/constant/M395_S060_A000_WD270.0_WS005.0/M395_S060_A000_WD270.0_WS005.0_raz.asc
ncols         50
nrows         11
xllcorner     421803.990666
yllcorner     12748255.311160
cellsize      100.000000
NODATA_value  0.000000
0 0 0 0 0 0 0 0 0 0 0 0 275 273 278 275 273 275 280 277 280 278 278 278 278 277 277 278 320 320 337 278 320 278 277 278 0 0 0 0 0 0 0 0 0 0 0 0 0 0 
0 0 0 0 0 0 272 272 273 272 273 270 280 272 275 282 274 277 273 278 273 278 274 272 275 278 274 275 277 337 280 320 278 337 320 278 278 277 320 278 360 21 0 0 0 0 0 0 0 0 
0 0 0 272 270 275 272 272 273 273 270 274 273 270 275 271 274 271 275 275 274 274 275 275 272 275 280 274 278 274 273 277 277 278 280 280 337 278 278 280 320 320 21 282 348 21 0 0 0 0 
0 270 280 272 271 270 273 274 273 275 270 272 275 270 278 272 271 271 270 271 271 271 274 273 273 275 273 270 278 270 271 270 278 272 274 280 275 272 277 280 280 278 320 278 278 282 21 360 0 0 
271 272 272 272 272 272 272 272 272 272 272 272 272 272 272 272 272 272 272 272 274 274 277 278 271 273 270 275 270 282 273 273 272 271 270 274 272 275 270 274 273 273 274 275 280 275 278 360 21 360 
270 270 270 270 270 270 270 270 270 270 270 270 270 270 270 270 270 270 270 270 270 270 270 270 270 270 270 270 270 270 270 270 270 270 270 270 270 270 270 270 270 270 270 270 270 270 270 270 65535 90 
270 270 270 270 270 270 270 270 270 270 270 270 270 270 270 270 270 270 270 270 270 270 270 270 270 270 270 270 270 270 270 270 270 270 270 270 270 264 270 270 270 270 270 270 270 264 261 180 90 158 
0 270 270 270 270 270 270 265 270 270 270 270 264 270 270 270 270 270 270 270 270 270 270 270 270 270 270 270 270 270 270 270 270 270 265 270 270 267 270 259 259 261 219 261 261 257 158 158 0 0 
0 0 0 270 270 270 270 270 270 270 270 270 270 270 270 270 270 270 270 270 270 270 270 264 270 270 270 265 270 270 266 270 262 261 259 259 202 261 261 259 219 219 158 257 90 90 0 0 0 0 
0 0 0 0 0 0 270 270 270 270 270 270 270 270 270 270 265 270 270 270 266 270 270 270 270 270 270 264 262 270 259 219 261 202 219 261 261 262 219 261 180 158 0 0 0 0 0 0 0 0 
0 0 0 0 0 0 0 0 0 0 0 0 270 266 270 270 270 270 270 262 259 261 261 261 261 262 262 261 219 219 202 261 219 261 262 261 0 0 0 0 0 0 0 0 0 0 0 0 0 0 
