test/output/constant/M395_S060_A000_WD270.0_WS005.0/M395_S060_A000_WD270.0_WS005.0_arrival.asc
ncols         50
nrows         11
xllcorner     421803.990666
yllcorner     12748255.311160
cellsize      100.000000
NODATA_value  0.000000
0.000000 0.000000 0.000000 0.000000 0.000000 0.000000 0.000000 0.000000 0.000000 0.000000 0.000000 0.000000 166.041626 166.040932 166.040585 166.039892 166.039198 166.038851 166.038157 166.037463 166.037116 166.036770 166.036423 166.036423 166.036423 166.036423 166.036423 166.036423 166.036770 166.037116 166.037463 166.037810 166.038504 166.039198 166.040238 166.041279 0.000000 0.000000 0.000000 0.000000 0.000000 0.000000 0.000000 0.000000 0.000000 0.000000 0.000000 0.000000 0.000000 0.000000 
0.000000 0.000000 0.000000 0.000000 0.000000 0.000000 166.041626 166.040932 166.040238 166.039545 166.038851 166.038157 166.037463 166.036770 166.036076 166.035382 166.034688 166.034341 166.033648 166.032954 166.032260 166.031913 166.031219 166.030526 166.030179 166.029485 166.029138 166.028444 166.028444 166.028444 166.028098 166.028444 166.028444 166.028791 166.029138 166.029485 166.030179 166.031219 166.032260 166.033995 166.036770 166.039545 0.000000 0.000000 0.000000 0.000000 0.000000 0.000000 0.000000 0.000000 
0.000000 0.000000 0.000000 166.041626 166.040932 166.039892 166.039198 166.038504 166.037810 166.036770 166.036076 166.035382 166.034341 166.033648 166.032954 166.032260 166.031219 166.030526 166.029832 166.028791 166.028098 166.027404 166.026710 166.026016 166.025669 166.024976 166.024282 166.023588 166.023241 166.022547 166.021854 166.021507 166.020813 166.020466 166.020119 166.020119 166.020466 166.020466 166.020813 166.021160 166.022201 166.023241 166.024976 166.027751 166.031913 166.039198 0.000000 0.000000 0.000000 0.000000 
0.000000 166.041626 166.040932 166.039892 166.039198 166.038157 166.037463 166.036423 166.035729 166.035035 166.033995 166.033301 166.032260 166.031566 166.030873 166.029832 166.029138 166.028444 166.027404 166.026710 166.025669 166.024976 166.024282 166.023241 166.022547 166.021854 166.020813 166.020119 166.019425 166.018732 166.017691 166.016997 166.016303 166.015610 166.014916 166.014569 166.013875 166.013182 166.012835 166.012141 166.012141 166.012141 166.012488 166.013182 166.014222 166.016303 166.021160 166.029485 0.000000 0.000000 
166.041626 166.040585 166.039892 166.038851 166.038157 166.037116 166.036423 166.035382 166.034688 166.033648 166.032954 166.031913 166.031219 166.030179 166.029485 166.028444 166.027751 166.026710 166.026016 166.024976 166.024282 166.023241 166.022547 166.021854 166.020813 166.020119 166.019079 166.018385 166.017344 166.016650 166.015610 166.014916 166.014222 166.013182 166.012488 166.011447 166.010753 166.009713 166.009019 166.008325 166.007285 166.006591 166.005897 166.005203 166.004509 166.004163 166.004163 166.005203 166.010753 166.040932 
166.041279 166.040585 166.039545 166.038851 166.037810 166.037116 166.036076 166.035382 166.034341 166.033648 166.032607 166.031913 166.030873 166.030179 166.029138 166.028444 166.027404 166.026710 166.025669 166.024976 166.023935 166.023241 166.022201 166.021507 166.020466 166.019772 166.018732 166.018038 166.016997 166.016303 166.015263 166.014569 166.013528 166.012835 166.011794 166.011100 166.010060 166.009366 166.008325 166.007631 166.006591 166.005897 166.004856 166.004163 166.003122 166.002428 166.001388 166.000694 166.000000 166.026710 
166.041626 166.040585 166.039892 166.038851 166.038157 166.037116 166.036423 166.035382 166.034688 166.033648 166.032954 166.031913 166.031219 166.030179 166.029485 166.028444 166.027751 166.026710 166.026016 166.024976 166.024282 166.023241 166.022547 166.021854 166.020813 166.020119 166.019079 166.018385 166.017344 166.016650 166.015610 166.014916 166.014222 166.013182 166.012488 166.011447 166.010753 166.009713 166.009019 166.008325 166.007285 166.006591 166.005897 166.005203 166.004509 166.004163 166.004163 166.005203 166.010753 166.040932 
0.000000 166.041626 166.040932 166.039892 166.039198 166.038157 166.037463 166.036423 166.035729 166.035035 166.033995 166.033301 166.032260 166.031566 166.030873 166.029832 166.029138 166.028444 166.027404 166.026710 166.025669 166.024976 166.024282 166.023241 166.022547 166.021854 166.020813 166.020119 166.019425 166.018732 166.017691 166.016997 166.016303 166.015610 166.014916 166.014569 166.013875 166.013182 166.012835 166.012141 166.012141 166.012141 166.012488 166.013182 166.014222 166.016303 166.021160 166.029485 0.000000 0.000000 
0.000000 0.000000 0.000000 166.041626 166.040932 166.039892 166.039198 166.038504 166.037810 166.036770 166.036076 166.035382 166.034341 166.033648 166.032954 166.032260 166.031219 166.030526 166.029832 166.028791 166.028098 166.027404 166.026710 166.026016 166.025669 166.024976 166.024282 166.023588 166.023241 166.022547 166.021854 166.021507 166.020813 166.020466 166.020119 166.020119 166.020466 166.020466 166.020813 166.021160 166.022201 166.023241 166.024976 166.027751 166.031913 166.039198 0.000000 0.000000 0.000000 0.000000 
0.000000 0.000000 0.000000 0.000000 0.000000 0.000000 166.041626 166.040932 166.040238 166.039545 166.038851 166.038157 166.037463 166.036770 166.036076 166.035382 166.034688 166.034341 166.033648 166.032954 166.032260 166.031913 166.031219 166.030526 166.030179 166.029485 166.029138 166.028444 166.028444 166.028444 166.028098 166.028444 166.028444 166.028791 166.029138 166.029485 166.030179 166.031219 166.032260 166.033995 166.036770 166.039545 0.000000 0.000000 0.000000 0.000000 0.000000 0.000000 0.000000 0.000000 
0.000000 0.000000 0.000000 0.000000 0.000000 0.000000 0.000000 0.000000 0.000000 0.000000 0.000000 0.000000 166.041626 166.040932 166.040585 166.039892 166.039198 166.038851 166.038157 166.037463 166.037116 166.036770 166.036423 166.036423 166.036423 166.036423 166.036423 166.036423 166.036770 166.037116 166.037463 166.037810 166.038504 166.039198 166.040238 166.041279 0.000000 0.000000 0.000000 0.000000 0.000000 0.000000 0.000000 0.000000 0.000000 0.000000 0.000000 0.000000 0.000000 0.000000 
