test/output/constant/C4_S060_A270_WD180.0_WS045.0/C4_S060_A270_WD180.0_WS045.0_arrival.asc
ncols         7
nrows         44
xllcorner     426303.990666
yllcorner     12748755.311160
cellsize      100.000000
NODATA_value  0.000000
0.000000 0.000000 0.000000 166.041533 0.000000 0.000000 0.000000 
0.000000 0.000000 166.041533 166.040368 166.041533 0.000000 0.000000 
0.000000 0.000000 166.040368 166.039592 166.040368 0.000000 0.000000 
0.000000 0.000000 166.039592 166.038427 166.039592 0.000000 0.000000 
0.000000 0.000000 166.038427 166.037651 166.038427 0.000000 0.000000 
0.000000 166.041144 166.037651 166.036487 166.037651 166.041144 0.000000 
0.000000 166.040368 166.036875 166.035710 166.036875 166.040368 0.000000 
0.000000 166.039204 166.035710 166.034546 166.035710 166.039204 0.000000 
0.000000 166.038427 166.034934 166.033769 166.034934 166.038427 0.000000 
0.000000 166.037263 166.033769 166.032605 166.033769 166.037263 0.000000 
0.000000 166.036487 166.032993 166.031829 166.032993 166.036487 0.000000 
0.000000 166.035710 166.031829 166.030664 166.031829 166.035710 0.000000 
0.000000 166.034934 166.031052 166.029888 166.031052 166.034934 0.000000 
0.000000 166.034158 166.029888 166.028723 166.029888 166.034158 0.000000 
166.041667 166.032993 166.029112 166.027947 166.029112 166.032993 166.041667 
166.041144 166.032217 166.027947 166.026783 166.027947 166.032217 166.041144 
166.040756 166.031441 166.027171 166.026006 166.027171 166.031441 166.040756 
166.040368 166.031052 166.026394 166.024842 166.026394 166.031052 166.040368 
166.039980 166.030276 166.025230 166.024066 166.025230 166.030276 166.039980 
166.039980 166.029500 166.024454 166.022901 166.024454 166.029500 166.039980 
166.039980 166.028723 166.023289 166.022125 166.023289 166.028723 166.039980 
166.040368 166.027947 166.022513 166.020960 166.022513 166.027947 166.040368 
166.040368 166.027559 166.021348 166.020184 166.021348 166.027559 166.040368 
166.041144 166.026783 166.020572 166.019020 166.020572 166.026783 166.041144 
166.041533 166.026006 166.019408 166.018243 166.019408 166.026006 166.041533 
0.000000 166.025618 166.018631 166.017079 166.018631 166.025618 0.000000 
0.000000 166.024842 166.017855 166.016302 166.017855 166.024842 0.000000 
0.000000 166.024066 166.016691 166.015138 166.016691 166.024066 0.000000 
0.000000 166.024066 166.015914 166.014362 166.015914 166.024066 0.000000 
0.000000 166.024066 166.014750 166.013197 166.014750 166.024066 0.000000 
0.000000 166.024454 166.013974 166.012421 166.013974 166.024454 0.000000 
0.000000 166.024454 166.013197 166.011256 166.013197 166.024454 0.000000 
0.000000 166.025230 166.012033 166.010480 166.012033 166.025230 0.000000 
0.000000 166.026006 166.011256 166.009316 166.011256 166.026006 0.000000 
0.000000 166.027171 166.010480 166.008539 166.010480 166.027171 0.000000 
0.000000 166.028723 166.009704 166.007375 166.009704 166.028723 0.000000 
0.000000 166.031052 166.008928 166.006599 166.008928 166.031052 0.000000 
0.000000 166.034934 166.008539 166.005434 166.008539 166.034934 0.000000 
0.000000 166.040756 166.008151 166.004658 166.008151 166.040756 0.000000 
0.000000 0.000000 166.008151 166.003493 166.008151 0.000000 0.000000 
0.000000 0.000000 166.009316 166.002717 166.009316 0.000000 0.000000 
0.000000 0.000000 166.011256 166.001553 166.011256 0.000000 0.000000 
0.000000 0.000000 166.019020 166.000776 166.019020 0.000000 0.000000 
0.000000 0.000000 0.000000 166.000000 0.000000 0.000000 0.000000 
