test/output/constant/M185_S060_A180_WD270.0_WS035.0/M185_S060_A180_WD270.0_WS035.0_arrival.asc
ncols         39
nrows         7
xllcorner     426603.990666
yllcorner     12748455.311160
cellsize      100.000000
NODATA_value  0.000000
0.000000 0.000000 0.000000 0.000000 0.000000 0.000000 0.000000 0.000000 0.000000 0.000000 0.000000 0.000000 0.000000 0.000000 0.000000 0.000000 0.000000 0.000000 0.000000 0.000000 166.041458 166.041458 166.041458 166.041458 166.041458 0.000000 0.000000 0.000000 0.000000 0.000000 0.000000 0.000000 0.000000 0.000000 0.000000 0.000000 0.000000 0.000000 0.000000 
0.000000 0.000000 0.000000 0.000000 0.000000 166.038840 166.034039 166.030985 166.028366 166.027057 166.025748 166.025311 166.024875 166.024875 166.024875 166.025311 166.025748 166.026621 166.027057 166.027930 166.028803 166.029675 166.030548 166.030985 166.031857 166.032730 166.033603 166.034476 166.035349 166.036221 166.037531 166.038403 166.039276 166.040149 166.041458 0.000000 0.000000 0.000000 0.000000 
0.000000 166.018765 166.011346 166.009164 166.008292 166.008292 166.009164 166.010037 166.010474 166.011346 166.012219 166.013528 166.014401 166.015274 166.016583 166.017456 166.018765 166.019638 166.020947 166.021820 166.022693 166.024002 166.024875 166.025748 166.027057 166.027930 166.029239 166.030112 166.031421 166.032294 166.033603 166.034476 166.035785 166.036658 166.037967 166.038840 166.040149 166.041022 0.000000 
166.000000 166.000873 166.001746 166.003055 166.003928 166.005237 166.006110 166.007419 166.008292 166.009601 166.010474 166.011783 166.012656 166.013965 166.014838 166.016147 166.017020 166.018329 166.019202 166.020511 166.021384 166.022693 166.023566 166.024875 166.025748 166.027057 166.027930 166.029239 166.030112 166.031421 166.032294 166.033603 166.034476 166.035785 166.036658 166.037967 166.038840 166.040149 166.041022 
0.000000 166.018765 166.011346 166.009164 166.008292 166.008292 166.009164 166.010037 166.010474 166.011346 166.012219 166.013528 166.014401 166.015274 166.016583 166.017456 166.018765 166.019638 166.020947 166.021820 166.022693 166.024002 166.024875 166.025748 166.027057 166.027930 166.029239 166.030112 166.031421 166.032294 166.033603 166.034476 166.035785 166.036658 166.037967 166.038840 166.040149 166.041022 0.000000 
0.000000 0.000000 0.000000 0.000000 0.000000 166.038840 166.034039 166.030985 166.028366 166.027057 166.025748 166.025311 166.024875 166.024875 166.024875 166.025311 166.025748 166.026621 166.027057 166.027930 166.028803 166.029675 166.030548 166.030985 166.031857 166.032730 166.033603 166.034476 166.035349 166.036221 166.037531 166.038403 166.039276 166.040149 166.041458 0.000000 0.000000 0.000000 0.000000 
0.000000 0.000000 0.000000 0.000000 0.000000 0.000000 0.000000 0.000000 0.000000 0.000000 0.000000 0.000000 0.000000 0.000000 0.000000 0.000000 0.000000 0.000000 0.000000 0.000000 166.041458 166.041458 166.041458 166.041458 166.041458 0.000000 0.000000 0.000000 0.000000 0.000000 0.000000 0.000000 0.000000 0.000000 0.000000 0.000000 0.000000 0.000000 0.000000 
