test/output/constant/M3M4100_S060_A000_WD135.0_WS015.0/M3M4100_S060_A000_WD135.0_WS015.0_intensity.asc
ncols         61
nrows         16
xllcorner     420603.990666
yllcorner     12748655.311160
cellsize      100.000000
NODATA_value  0.000000
0 0 94577 94577 94577 94577 84351 94048 72179 72179 92126 4723 72179 64888 72179 0 0 0 0 0 0 0 0 0 0 0 0 0 0 0 0 0 0 0 0 0 0 0 0 0 0 0 0 0 0 0 0 0 0 0 0 0 0 0 0 0 0 0 0 0 0 
94577 94577 94577 94577 94577 94048 94426 94577 92126 94577 92126 72179 72179 92126 72179 72179 72179 72179 64888 4723 4723 64888 64888 94577 0 0 0 0 0 0 0 0 0 0 0 0 0 0 0 0 0 0 0 0 0 0 0 0 0 0 0 0 0 0 0 0 0 0 0 0 0 
94577 94577 94577 88861 94577 94577 94577 94577 94048 94577 94577 94577 94426 92126 72179 72179 84351 72179 78734 64888 72179 8205 64888 64888 64888 64888 64888 64888 2404 0 0 0 0 0 0 0 0 0 0 0 0 0 0 0 0 0 0 0 0 0 0 0 0 0 0 0 0 0 0 0 0 
41910 94577 94577 94577 94577 94577 94577 94577 94577 94577 94577 94577 94577 94577 94577 94048 94577 94577 72179 72179 94577 78734 72179 72179 4723 64888 72179 64888 64888 64888 64888 72179 64888 64888 0 0 0 0 0 0 0 0 0 0 0 0 0 0 0 0 0 0 0 0 0 0 0 0 0 0 0 
0 94500 33955 89363 41910 33955 94577 94577 94577 94577 94577 94577 94577 94577 94577 94577 94577 94048 94577 88861 94577 94577 72179 92126 78734 78734 4723 72179 64888 64888 64888 64888 4723 4723 64888 2404 64888 72179 0 0 0 0 0 0 0 0 0 0 0 0 0 0 0 0 0 0 0 0 0 0 0 
0 0 0 92457 50046 73082 94500 73082 33955 94577 94577 94577 94577 94577 94577 94577 94577 94577 94577 94577 94577 94577 92126 94577 92126 94577 78734 88861 78734 72179 72179 64888 8205 4723 8205 64888 64888 64888 72179 64888 64888 8205 0 0 0 0 0 0 0 0 0 0 0 0 0 0 0 0 0 0 0 
0 0 0 0 0 41910 41910 50046 41910 89363 41910 33955 85009 33955 85009 94577 94577 94577 33955 94577 94577 88861 94577 94577 94577 94577 94577 94577 94577 92126 88861 72179 72179 72179 64888 8205 64888 2404 4723 72179 4723 2404 64888 72179 64888 0 0 0 0 0 0 0 0 0 0 0 0 0 0 0 0 
0 0 0 0 0 0 0 0 33955 41910 41910 65872 41910 73082 41910 33955 58115 33955 58115 65872 33955 94577 94577 41910 94577 94577 88861 94577 94577 94577 94577 94577 94577 88861 94048 78734 72179 72179 72179 64888 72179 64888 72179 72179 64888 72179 4723 64888 0 0 0 0 0 0 0 0 0 0 0 0 0 
0 0 0 0 0 0 0 0 0 0 33955 50046 33955 79526 41910 94577 33955 89363 73082 79526 50046 50046 65872 50046 94500 92457 94577 94577 92457 94577 94577 94048 94577 94577 94577 94577 94577 94577 72179 78734 4723 72179 72179 72179 64888 1137 64888 64888 2404 4723 1137 0 0 0 0 0 0 0 0 0 0 
0 0 0 0 0 0 0 0 0 0 0 0 0 33955 41910 41910 33955 65872 33955 41910 65872 41910 65872 41910 41910 79526 33955 33955 33955 58115 58115 94577 94577 94577 94577 94577 94577 94577 94577 94577 94577 94577 72179 92126 4723 64888 2404 64888 64888 72179 72179 64888 64888 4723 0 0 0 0 0 0 0 
0 0 0 0 0 0 0 0 0 0 0 0 0 0 0 0 0 41910 33955 58115 33955 33955 33955 73082 33955 41910 79526 41910 33955 73082 58115 33955 41910 58115 41910 41910 33955 94577 94577 94577 94577 94577 94577 94577 88861 88861 92126 72179 72179 8205 64888 64888 2404 64888 64888 57081 0 0 0 0 0 
0 0 0 0 0 0 0 0 0 0 0 0 0 0 0 0 0 0 0 0 41910 41910 33955 50046 33955 33955 50046 41910 50046 33955 58115 33955 58115 65872 41910 65872 41910 73082 65872 33955 58115 41910 58115 94577 94577 94577 94577 94577 94577 94577 94577 78734 64888 4723 64888 1137 57081 2404 0 0 0 
0 0 0 0 0 0 0 0 0 0 0 0 0 0 0 0 0 0 0 0 0 0 0 0 41910 33955 41910 41910 58115 50046 41910 33955 41910 41910 33955 73082 33955 73082 33955 33955 41910 89363 73082 58115 41910 33955 41910 33955 94577 94577 94577 94577 94577 88861 94577 72179 64888 72179 2404 1137 0 
0 0 0 0 0 0 0 0 0 0 0 0 0 0 0 0 0 0 0 0 0 0 0 0 0 0 0 0 0 41910 33955 33955 33955 33955 33955 33955 33955 33955 41910 41910 41910 65872 41910 33955 58115 33955 33955 33955 73082 41910 79526 41910 94577 94577 94577 94577 94577 94577 88861 4723 961 
0 0 0 0 0 0 0 0 0 0 0 0 0 0 0 0 0 0 0 0 0 0 0 0 0 0 0 0 0 0 0 0 0 0 41910 33955 33955 33955 33955 33955 33955 33955 33955 33955 33955 33955 41910 33955 33955 33955 33955 33955 41910 33955 33955 41910 33955 65872 94577 94577 0 
0 0 0 0 0 0 0 0 0 0 0 0 0 0 0 0 0 0 0 0 0 0 0 0 0 0 0 0 0 0 0 0 0 0 0 0 0 0 0 0 0 0 0 0 33955 33955 41910 33955 33955 33955 33955 33955 33955 13515 41910 33955 33955 13515 19539 13515 493 
