test/output/constant/S1_S060_A000_WD135.0_WS015.0/S1_S060_A000_WD135.0_WS015.0_arrival.asc
ncols         31
nrows         10
xllcorner     423603.990666
yllcorner     12748655.311160
cellsize      100.000000
NODATA_value  0.000000
0.000000 166.040839 166.040839 166.040308 166.040308 166.040308 166.040308 166.040839 0.000000 0.000000 0.000000 0.000000 0.000000 0.000000 0.000000 0.000000 0.000000 0.000000 0.000000 0.000000 0.000000 0.000000 0.000000 0.000000 0.000000 0.000000 0.000000 0.000000 0.000000 0.000000 0.000000 
166.040839 166.039778 166.038187 166.037126 166.036596 166.035535 166.035005 166.035005 166.035005 166.035005 166.035535 166.036596 166.037657 166.039248 166.041369 0.000000 0.000000 0.000000 0.000000 0.000000 0.000000 0.000000 0.000000 0.000000 0.000000 0.000000 0.000000 0.000000 0.000000 0.000000 0.000000 
166.040839 166.039778 166.038187 166.036596 166.035535 166.033944 166.032883 166.031292 166.030762 166.029701 166.029701 166.029701 166.029701 166.029701 166.030762 166.031822 166.033944 166.036596 166.040839 0.000000 0.000000 0.000000 0.000000 0.000000 0.000000 0.000000 0.000000 0.000000 0.000000 0.000000 0.000000 
0.000000 166.041369 166.039248 166.037657 166.035535 166.033944 166.032883 166.031292 166.029701 166.028640 166.027049 166.025988 166.024928 166.024397 166.024397 166.024397 166.024397 166.025458 166.026519 166.028640 166.032353 166.037657 0.000000 0.000000 0.000000 0.000000 0.000000 0.000000 0.000000 0.000000 0.000000 
0.000000 0.000000 0.000000 166.040839 166.038717 166.036596 166.034474 166.032353 166.030231 166.028640 166.027049 166.025988 166.024397 166.022806 166.021745 166.020154 166.019624 166.019093 166.019093 166.019093 166.019624 166.021215 166.023867 166.029171 166.037657 0.000000 0.000000 0.000000 0.000000 0.000000 0.000000 
0.000000 0.000000 0.000000 0.000000 0.000000 166.041667 166.039248 166.036596 166.033944 166.031822 166.029171 166.027049 166.024928 166.023336 166.021745 166.020154 166.019093 166.017502 166.015911 166.014850 166.013790 166.013790 166.013790 166.014320 166.015911 166.020154 166.028640 0.000000 0.000000 0.000000 0.000000 
0.000000 0.000000 0.000000 0.000000 0.000000 0.000000 0.000000 0.000000 166.041667 166.038717 166.035535 166.032883 166.029701 166.027049 166.024928 166.022276 166.020154 166.018033 166.016442 166.014850 166.013259 166.012199 166.010607 166.009016 166.008486 166.008486 166.008486 166.011138 166.020154 166.041667 0.000000 
0.000000 0.000000 0.000000 0.000000 0.000000 0.000000 0.000000 0.000000 0.000000 0.000000 0.000000 0.000000 166.039778 166.036065 166.033414 166.030231 166.027049 166.023867 166.021215 166.018033 166.015381 166.013259 166.011138 166.009016 166.007956 166.006364 166.005304 166.003713 166.003182 166.003182 166.016442 
0.000000 0.000000 0.000000 0.000000 0.000000 0.000000 0.000000 0.000000 0.000000 0.000000 0.000000 0.000000 0.000000 0.000000 0.000000 0.000000 166.040308 166.036596 166.032883 166.029701 166.025988 166.022276 166.019093 166.015911 166.012199 166.009016 166.006364 166.003713 166.002121 166.001061 166.000000 
0.000000 0.000000 0.000000 0.000000 0.000000 0.000000 0.000000 0.000000 0.000000 0.000000 0.000000 0.000000 0.000000 0.000000 0.000000 0.000000 0.000000 0.000000 0.000000 0.000000 0.000000 0.000000 0.000000 0.000000 0.000000 166.040839 166.038717 166.037657 166.036596 166.039778 0.000000 
