test/output/constant/M3100_S000_A180_WD090.0_WS040.0/M3100_S000_A180_WD090.0_WS040.0_arrival.asc
ncols         59
nrows         13
xllcorner     420903.990666
yllcorner     12748155.311160
cellsize      100.000000
NODATA_value  0.000000
0.000000 0.000000 0.000000 0.000000 0.000000 0.000000 0.000000 0.000000 0.000000 0.000000 0.000000 0.000000 0.000000 0.000000 0.000000 0.000000 0.000000 0.000000 0.000000 0.000000 0.000000 0.000000 166.041667 166.041667 166.041545 166.041545 166.041545 166.041667 0.000000 0.000000 0.000000 0.000000 0.000000 0.000000 0.000000 0.000000 0.000000 0.000000 0.000000 0.000000 0.000000 0.000000 0.000000 0.000000 0.000000 0.000000 0.000000 0.000000 0.000000 0.000000 0.000000 0.000000 0.000000 0.000000 0.000000 0.000000 0.000000 0.000000 0.000000 
0.000000 0.000000 0.000000 0.000000 0.000000 0.000000 0.000000 0.000000 0.000000 0.000000 0.000000 0.000000 166.041545 166.040964 166.040383 166.039802 166.039512 166.038930 166.038349 166.037768 166.037478 166.036897 166.036606 166.036025 166.035444 166.035154 166.034863 166.034282 166.034282 166.034282 166.033992 166.033992 166.033992 166.034282 166.034282 166.034573 166.034863 166.035154 166.035444 166.036025 166.036897 166.037478 166.038640 166.039802 166.041255 0.000000 0.000000 0.000000 0.000000 0.000000 0.000000 0.000000 0.000000 0.000000 0.000000 0.000000 0.000000 0.000000 0.000000 
0.000000 0.000000 0.000000 0.000000 0.000000 0.000000 0.000000 166.041255 166.040383 166.039802 166.039221 166.038640 166.037768 166.037187 166.036606 166.036025 166.035444 166.034863 166.034282 166.033701 166.033410 166.032829 166.032248 166.031667 166.031086 166.030796 166.030215 166.029634 166.029343 166.028762 166.028181 166.027890 166.027309 166.027019 166.026728 166.026728 166.026438 166.026438 166.026728 166.026728 166.027019 166.027309 166.027600 166.027890 166.028762 166.029634 166.030796 166.032248 166.033992 166.036606 166.039512 0.000000 0.000000 0.000000 0.000000 0.000000 0.000000 0.000000 0.000000 
0.000000 0.000000 0.000000 166.041545 166.040964 166.040383 166.039512 166.038930 166.038349 166.037478 166.036897 166.036025 166.035444 166.034863 166.033992 166.033410 166.032829 166.032248 166.031377 166.030796 166.030215 166.029634 166.029053 166.028181 166.027600 166.027019 166.026438 166.025857 166.025276 166.024695 166.024114 166.023533 166.022952 166.022370 166.022080 166.021499 166.020918 166.020627 166.020046 166.019465 166.019175 166.019175 166.018884 166.018884 166.019175 166.019175 166.019756 166.020046 166.020918 166.021789 166.023242 166.024985 166.028181 166.032539 166.038349 0.000000 0.000000 0.000000 0.000000 
0.000000 166.041545 166.040964 166.040093 166.039512 166.038640 166.038059 166.037187 166.036606 166.036025 166.035154 166.034573 166.033701 166.033120 166.032248 166.031667 166.030796 166.030215 166.029634 166.028762 166.028181 166.027309 166.026728 166.026147 166.025276 166.024695 166.023823 166.023242 166.022661 166.021789 166.021208 166.020627 166.019756 166.019175 166.018594 166.018013 166.017141 166.016560 166.015979 166.015398 166.014817 166.014236 166.013945 166.013364 166.012783 166.012202 166.011912 166.011621 166.011621 166.011621 166.011621 166.011912 166.013074 166.014236 166.016269 166.021208 166.028762 0.000000 0.000000 
166.041255 166.040674 166.039802 166.039221 166.038349 166.037768 166.036897 166.036316 166.035444 166.034863 166.033992 166.033410 166.032539 166.031958 166.031086 166.030505 166.029634 166.029053 166.028181 166.027600 166.026728 166.026147 166.025276 166.024695 166.024114 166.023242 166.022661 166.021789 166.021208 166.020337 166.019756 166.018884 166.018303 166.017432 166.016850 166.016269 166.015398 166.014817 166.013945 166.013364 166.012783 166.011912 166.011331 166.010459 166.009878 166.009006 166.008425 166.007554 166.006973 166.006392 166.005811 166.005229 166.004648 166.004067 166.004067 166.004067 166.005229 166.010459 0.000000 
166.041255 166.040383 166.039802 166.038930 166.038349 166.037478 166.036897 166.036025 166.035444 166.034573 166.033992 166.033120 166.032539 166.031667 166.031086 166.030215 166.029634 166.028762 166.028181 166.027309 166.026728 166.025857 166.025276 166.024404 166.023823 166.022952 166.022370 166.021499 166.020918 166.020046 166.019465 166.018594 166.018013 166.017141 166.016560 166.015688 166.015107 166.014236 166.013655 166.012783 166.012202 166.011331 166.010749 166.009878 166.009297 166.008425 166.007844 166.006973 166.006392 166.005520 166.004939 166.004067 166.003486 166.002615 166.002034 166.001162 166.000581 166.000000 166.035154 
166.041255 166.040674 166.039802 166.039221 166.038349 166.037768 166.036897 166.036316 166.035444 166.034863 166.033992 166.033410 166.032539 166.031958 166.031086 166.030505 166.029634 166.029053 166.028181 166.027600 166.026728 166.026147 166.025276 166.024695 166.024114 166.023242 166.022661 166.021789 166.021208 166.020337 166.019756 166.018884 166.018303 166.017432 166.016850 166.016269 166.015398 166.014817 166.013945 166.013364 166.012783 166.011912 166.011331 166.010459 166.009878 166.009006 166.008425 166.007554 166.006973 166.006392 166.005811 166.005229 166.004648 166.004067 166.004067 166.004067 166.005229 166.010459 0.000000 
0.000000 166.041545 166.040964 166.040093 166.039512 166.038640 166.038059 166.037187 166.036606 166.036025 166.035154 166.034573 166.033701 166.033120 166.032248 166.031667 166.030796 166.030215 166.029634 166.028762 166.028181 166.027309 166.026728 166.026147 166.025276 166.024695 166.023823 166.023242 166.022661 166.021789 166.021208 166.020627 166.019756 166.019175 166.018594 166.018013 166.017141 166.016560 166.015979 166.015398 166.014817 166.014236 166.013945 166.013364 166.012783 166.012202 166.011912 166.011621 166.011621 166.011621 166.011621 166.011912 166.013074 166.014236 166.016269 166.021208 166.028762 0.000000 0.000000 
0.000000 0.000000 0.000000 166.041545 166.040964 166.040383 166.039512 166.038930 166.038349 166.037478 166.036897 166.036025 166.035444 166.034863 166.033992 166.033410 166.032829 166.032248 166.031377 166.030796 166.030215 166.029634 166.029053 166.028181 166.027600 166.027019 166.026438 166.025857 166.025276 166.024695 166.024114 166.023533 166.022952 166.022370 166.022080 166.021499 166.020918 166.020627 166.020046 166.019465 166.019175 166.019175 166.018884 166.018884 166.019175 166.019175 166.019756 166.020046 166.020918 166.021789 166.023242 166.024985 166.028181 166.032539 166.038349 0.000000 0.000000 0.000000 0.000000 
0.000000 0.000000 0.000000 0.000000 0.000000 0.000000 0.000000 166.041255 166.040383 166.039802 166.039221 166.038640 166.037768 166.037187 166.036606 166.036025 166.035444 166.034863 166.034282 166.033701 166.033410 166.032829 166.032248 166.031667 166.031086 166.030796 166.030215 166.029634 166.029343 166.028762 166.028181 166.027890 166.027309 166.027019 166.026728 166.026728 166.026438 166.026438 166.026728 166.026728 166.027019 166.027309 166.027600 166.027890 166.028762 166.029634 166.030796 166.032248 166.033992 166.036606 166.039512 0.000000 0.000000 0.000000 0.000000 0.000000 0.000000 0.000000 0.000000 
0.000000 0.000000 0.000000 0.000000 0.000000 0.000000 0.000000 0.000000 0.000000 0.000000 0.000000 0.000000 166.041545 166.040964 166.040383 166.039802 166.039512 166.038930 166.038349 166.037768 166.037478 166.036897 166.036606 166.036025 166.035444 166.035154 166.034863 166.034282 166.034282 166.034282 166.033992 166.033992 166.033992 166.034282 166.034282 166.034573 166.034863 166.035154 166.035444 166.036025 166.036897 166.037478 166.038640 166.039802 166.041255 0.000000 0.000000 0.000000 0.000000 0.000000 0.000000 0.000000 0.000000 0.000000 0.000000 0.000000 0.000000 0.000000 0.000000 
0.000000 0.000000 0.000000 0.000000 0.000000 0.000000 0.000000 0.000000 0.000000 0.000000 0.000000 0.000000 0.000000 0.000000 0.000000 0.000000 0.000000 0.000000 0.000000 0.000000 0.000000 0.000000 166.041667 166.041667 166.041545 166.041545 166.041545 166.041667 0.000000 0.000000 0.000000 0.000000 0.000000 0.000000 0.000000 0.000000 0.000000 0.000000 0.000000 0.000000 0.000000 0.000000 0.000000 0.000000 0.000000 0.000000 0.000000 0.000000 0.000000 0.000000 0.000000 0.000000 0.000000 0.000000 0.000000 0.000000 0.000000 0.000000 0.000000 
