test/output/constant/M3M460_S060_A000_WD090.0_WS020.0/M3M460_S060_A000_WD090.0_WS020.0_arrival.asc
ncols         41
nrows         7
xllcorner     422603.990666
yllcorner     12748455.311160
cellsize      100.000000
NODATA_value  0.000000
0.000000 0.000000 0.000000 0.000000 0.000000 0.000000 0.000000 0.000000 0.000000 166.041664 166.041252 166.040427 166.039602 166.038777 166.038364 166.037539 166.037127 166.036302 166.035889 166.035477 166.035477 166.035477 166.035889 166.036302 166.036714 166.036714 166.037952 166.038777 166.040014 0.000000 0.000000 0.000000 0.000000 0.000000 0.000000 0.000000 0.000000 0.000000 0.000000 0.000000 0.000000 
0.000000 0.000000 0.000000 166.041252 166.040427 166.039602 166.038364 166.037539 166.036714 166.035477 166.034652 166.033827 166.033002 166.031764 166.030939 166.030114 166.029289 166.028464 166.027639 166.026814 166.025989 166.025576 166.024751 166.023926 166.023101 166.022689 166.021864 166.021451 166.021451 166.021451 166.021864 166.022276 166.023101 166.024339 166.026401 166.029701 166.034652 0.000000 0.000000 0.000000 0.000000 
166.041664 166.040839 166.039602 166.038777 166.037539 166.036714 166.035477 166.034652 166.033414 166.032589 166.031351 166.030526 166.029289 166.028464 166.027639 166.026401 166.025576 166.024339 166.023514 166.022276 166.021451 166.020626 166.019388 166.018563 166.017326 166.016501 166.015263 166.014438 166.013613 166.012376 166.011551 166.010313 166.009488 166.009075 166.008250 166.007425 166.007425 166.007425 166.008663 166.013613 166.037127 
166.040839 166.040014 166.038777 166.037952 166.036714 166.035889 166.034652 166.033827 166.032589 166.031764 166.030526 166.029701 166.028464 166.027639 166.026401 166.025576 166.024339 166.023514 166.022276 166.021451 166.020213 166.019388 166.018151 166.017326 166.016088 166.015263 166.014026 166.013201 166.011963 166.011138 166.009900 166.009075 166.007838 166.007013 166.005775 166.004950 166.003713 166.002888 166.001650 166.000825 166.000000 
166.041664 166.040839 166.039602 166.038777 166.037539 166.036714 166.035477 166.034652 166.033414 166.032589 166.031351 166.030526 166.029289 166.028464 166.027639 166.026401 166.025576 166.024339 166.023514 166.022276 166.021451 166.020626 166.019388 166.018563 166.017326 166.016501 166.015263 166.014438 166.013613 166.012376 166.011551 166.010313 166.009488 166.009075 166.008250 166.007425 166.007425 166.007425 166.008663 166.013613 166.037127 
0.000000 0.000000 0.000000 166.041252 166.040427 166.039602 166.038364 166.037539 166.036714 166.035477 166.034652 166.033827 166.033002 166.031764 166.030939 166.030114 166.029289 166.028464 166.027639 166.026814 166.025989 166.025576 166.024751 166.023926 166.023101 166.022689 166.021864 166.021451 166.021451 166.021451 166.021864 166.022276 166.023101 166.024339 166.026401 166.029701 166.034652 0.000000 0.000000 0.000000 0.000000 
0.000000 0.000000 0.000000 0.000000 0.000000 0.000000 0.000000 0.000000 0.000000 166.041664 166.041252 166.040427 166.039602 166.038777 166.038364 166.037539 166.037127 166.036302 166.035889 166.035477 166.035477 166.035477 166.035889 166.036302 166.036714 166.036714 166.037952 166.038777 166.040014 0.000000 0.000000 0.000000 0.000000 0.000000 0.000000 0.000000 0.000000 0.000000 0.000000 0.000000 0.000000 
