test/output/constant/M3M495_S060_A000_WD225.0_WS045.0/M3M495_S060_A000_WD225.0_WS045.0_raz.asc
ncols         13
nrows         37
xllcorner     425603.990666
yllcorner     12748655.311160
cellsize      100.000000
NODATA_value  0.000000
345 345 357 345 0 0 0 0 0 0 0 0 0 
345 345 1 345 359 0 0 0 0 0 0 0 0 
345 345 359 352 8 0 0 0 0 0 0 0 0 
345 345 345 345 359 355 0 0 0 0 0 0 0 
345 345 345 355 359 1 0 0 0 0 0 0 0 
345 345 345 1 4 1 1 0 0 0 0 0 0 
345 345 345 353 353 349 4 0 0 0 0 0 0 
345 345 345 345 345 349 353 359 0 0 0 0 0 
344 345 345 345 353 1 359 359 0 0 0 0 0 
345 345 345 345 1 13 8 359 4 0 0 0 0 
345 345 345 345 348 345 8 359 359 0 0 0 0 
342 345 345 345 345 345 355 359 359 0 0 0 0 
338 345 345 345 345 355 345 352 359 359 0 0 0 
339 343 344 345 345 1 359 1 1 4 0 0 0 
276 266 345 345 345 348 345 352 4 359 0 0 0 
292 339 345 345 345 345 345 359 1 13 19 0 0 
0 339 338 345 345 345 1 4 1 359 359 0 0 
0 339 339 345 345 345 353 359 353 13 1 0 0 
0 266 339 345 342 345 345 353 4 359 1 0 0 
0 292 339 339 345 345 345 357 359 359 4 0 0 
0 0 339 292 345 345 345 353 1 8 359 0 0 
0 0 339 339 342 345 345 350 359 359 359 359 0 
0 0 338 292 292 345 345 345 350 1 1 359 0 
0 0 0 339 339 345 345 345 345 359 13 4 0 
0 0 0 292 339 339 345 345 1 359 359 13 0 
0 0 0 292 292 292 345 345 349 353 359 359 0 
0 0 0 0 292 292 345 345 345 359 13 359 0 
0 0 0 0 338 339 339 345 345 359 359 1 0 
0 0 0 0 276 339 339 345 345 1 8 359 0 
0 0 0 0 0 336 276 292 345 345 359 359 13 
0 0 0 0 0 276 292 292 345 345 359 1 4 
0 0 0 0 0 0 276 338 345 345 19 359 19 
0 0 0 0 0 0 266 336 339 345 350 13 13 
0 0 0 0 0 0 0 334 292 345 345 8 19 
0 0 0 0 0 0 0 266 266 276 345 19 0 
0 0 0 0 0 0 0 0 276 276 65535 75 0 
0 0 0 0 0 0 0 0 0 255 143 96 0 
