test/output/constant/M340_S060_A180_WD225.0_WS010.0/M340_S060_A180_WD225.0_WS010.0_arrival.asc
ncols         28
nrows         8
xllcorner     426603.990666
yllcorner     12748655.311160
cellsize      100.000000
NODATA_value  0.000000
0.000000 0.000000 0.000000 0.000000 0.000000 0.000000 0.000000 0.000000 0.000000 0.000000 0.000000 0.000000 0.000000 0.000000 0.000000 0.000000 0.000000 166.041617 166.041014 166.040411 166.040411 166.039808 166.039808 166.040411 166.040411 166.041014 0.000000 0.000000 
0.000000 0.000000 0.000000 0.000000 0.000000 0.000000 0.000000 0.000000 0.000000 0.000000 0.000000 166.041014 166.037395 166.034983 166.033776 166.033173 166.033173 166.032570 166.032570 166.033173 166.033173 166.034380 166.034983 166.036189 166.036792 166.038602 166.039808 166.041014 
0.000000 0.000000 0.000000 0.000000 0.000000 0.000000 0.000000 166.039205 166.033776 166.030158 166.027142 166.026539 166.025936 166.025332 166.025332 166.025936 166.026539 166.027142 166.028348 166.028951 166.030761 166.031967 166.033173 166.034983 166.036792 166.037999 166.039808 166.041014 
0.000000 0.000000 0.000000 0.000000 166.036189 166.027142 166.022317 166.019904 166.018698 166.018698 166.018095 166.018698 166.019301 166.019904 166.021110 166.022920 166.024126 166.025936 166.027142 166.028951 166.030158 166.031967 166.033776 166.034983 166.036792 166.038602 166.041014 0.000000 
0.000000 0.000000 166.025332 166.015682 166.012063 166.011460 166.010857 166.011460 166.012063 166.013269 166.015079 166.016285 166.018095 166.019301 166.021110 166.022920 166.024126 166.025936 166.027745 166.029554 166.031967 166.033776 166.036189 166.038602 166.040411 0.000000 0.000000 0.000000 
166.016285 166.004222 166.004222 166.004222 166.005428 166.007238 166.009047 166.010254 166.012063 166.013269 166.015079 166.016888 166.018698 166.021110 166.022920 166.025332 166.027745 166.030158 166.032570 166.034380 166.037395 166.039808 0.000000 0.000000 0.000000 0.000000 0.000000 0.000000 
166.000000 166.001206 166.002413 166.004222 166.006032 166.007841 166.010254 166.012666 166.015079 166.017491 166.020507 166.022920 166.025332 166.028348 166.030761 166.033173 166.036189 166.038602 166.041617 0.000000 0.000000 0.000000 0.000000 0.000000 0.000000 0.000000 0.000000 0.000000 
166.038602 166.027142 166.023523 166.024126 166.025332 166.027142 166.028951 166.030158 166.033173 166.035586 166.038602 166.041014 0.000000 0.000000 0.000000 0.000000 0.000000 0.000000 0.000000 0.000000 0.000000 0.000000 0.000000 0.000000 0.000000 0.000000 0.000000 0.000000 
