test/output/constant/M385_S060_A270_WD315.0_WS045.0/M385_S060_A270_WD315.0_WS045.0_arrival.asc
ncols         35
nrows         12
xllcorner     426503.990666
yllcorner     12748555.311160
cellsize      100.000000
NODATA_value  0.000000
0.000000 0.000000 0.000000 0.000000 0.000000 0.000000 0.000000 0.000000 0.000000 0.000000 0.000000 0.000000 0.000000 0.000000 0.000000 0.000000 0.000000 0.000000 0.000000 166.041667 166.040685 166.039427 166.038588 166.037749 166.037749 166.037749 166.037749 166.038169 166.038169 166.038588 166.039008 166.039427 166.039847 166.041105 166.041524 
0.000000 0.000000 0.000000 0.000000 0.000000 0.000000 0.000000 0.000000 0.000000 0.000000 0.000000 0.000000 0.000000 0.000000 0.000000 166.041105 166.038169 166.036911 166.035233 166.034394 166.033555 166.033136 166.033136 166.033555 166.033555 166.033555 166.033974 166.034394 166.035233 166.036072 166.036911 166.037330 166.038588 166.039847 166.041105 
0.000000 0.000000 0.000000 0.000000 0.000000 0.000000 0.000000 0.000000 0.000000 0.000000 0.000000 0.000000 166.038588 166.035652 166.033136 166.031458 166.030200 166.029361 166.028941 166.028941 166.028941 166.028941 166.029361 166.029780 166.030200 166.030619 166.031877 166.032297 166.033555 166.034813 166.036072 166.037330 166.038588 166.039847 166.041105 
0.000000 0.000000 0.000000 0.000000 0.000000 0.000000 0.000000 0.000000 0.000000 166.037749 166.033555 166.030619 166.028102 166.026425 166.025166 166.024747 166.024327 166.024327 166.024747 166.024747 166.025166 166.026005 166.026844 166.027263 166.028522 166.029780 166.031038 166.032297 166.033555 166.034813 166.036072 166.037330 166.038588 166.039847 166.041105 
0.000000 0.000000 0.000000 0.000000 0.000000 0.000000 166.039008 166.033136 166.028522 166.025586 166.022650 166.021391 166.020552 166.020133 166.020133 166.020133 166.020552 166.020972 166.021811 166.022230 166.023489 166.024747 166.026005 166.027263 166.028522 166.029780 166.031038 166.032297 166.033555 166.034813 166.036491 166.038169 166.039847 166.041524 0.000000 
0.000000 0.000000 0.000000 0.000000 166.036491 166.028941 166.023908 166.020133 166.017616 166.016358 166.015519 166.015519 166.015939 166.015939 166.016778 166.017197 166.018455 166.019714 166.020972 166.022230 166.023489 166.024747 166.026005 166.027263 166.028522 166.030200 166.031877 166.033555 166.035233 166.036911 166.038588 166.040685 0.000000 0.000000 0.000000 
0.000000 0.000000 166.036491 166.026425 166.019294 166.015100 166.012583 166.011325 166.011325 166.011325 166.011744 166.012583 166.013422 166.014680 166.015939 166.017197 166.018455 166.019714 166.020972 166.022230 166.023908 166.025586 166.027263 166.028941 166.030619 166.032716 166.034394 166.036491 166.038169 166.040266 0.000000 0.000000 0.000000 0.000000 0.000000 
0.000000 166.027683 166.016358 166.010067 166.007550 166.006711 166.006711 166.007550 166.008389 166.009647 166.010905 166.012164 166.013422 166.014680 166.015939 166.017616 166.019294 166.020972 166.022650 166.024747 166.026425 166.028522 166.030619 166.032716 166.034813 166.036491 166.038588 166.040685 0.000000 0.000000 0.000000 0.000000 0.000000 0.000000 0.000000 
166.035233 166.005872 166.002517 166.002517 166.003356 166.004614 166.005872 166.007130 166.008389 166.009647 166.011325 166.013003 166.014680 166.016778 166.018875 166.020972 166.023069 166.025166 166.027263 166.028941 166.031458 166.033555 166.035652 166.037749 166.039847 0.000000 0.000000 0.000000 0.000000 0.000000 0.000000 0.000000 0.000000 0.000000 0.000000 
166.028941 166.000000 166.000839 166.002097 166.003356 166.005033 166.007130 166.009228 166.011325 166.013422 166.015519 166.018036 166.020133 166.022230 166.024747 166.026844 166.028941 166.031458 166.033555 166.036072 166.038169 166.040266 0.000000 0.000000 0.000000 0.000000 0.000000 0.000000 0.000000 0.000000 0.000000 0.000000 0.000000 0.000000 0.000000 
166.037749 166.015519 166.013841 166.014680 166.015519 166.017197 166.018875 166.021391 166.023069 166.025586 166.027683 166.030200 166.032297 166.034394 166.036911 166.039008 166.041524 0.000000 0.000000 0.000000 0.000000 0.000000 0.000000 0.000000 0.000000 0.000000 0.000000 0.000000 0.000000 0.000000 0.000000 0.000000 0.000000 0.000000 0.000000 
0.000000 0.000000 0.000000 166.040685 166.039427 166.039427 166.040266 166.040685 0.000000 0.000000 0.000000 0.000000 0.000000 0.000000 0.000000 0.000000 0.000000 0.000000 0.000000 0.000000 0.000000 0.000000 0.000000 0.000000 0.000000 0.000000 0.000000 0.000000 0.000000 0.000000 0.000000 0.000000 0.000000 0.000000 0.000000 
