test/output/constant/M3M400_S060_A000_WD090.0_WS045.0/M3M400_S060_A000_WD090.0_WS045.0_arrival.asc
ncols         69
nrows         9
xllcorner     419803.990666
yllcorner     12748355.311160
cellsize      100.000000
NODATA_value  0.000000
0.000000 0.000000 0.000000 0.000000 0.000000 0.000000 0.000000 0.000000 0.000000 0.000000 0.000000 0.000000 0.000000 0.000000 0.000000 0.000000 0.000000 0.000000 0.000000 0.000000 166.041655 166.041162 166.040915 166.040422 166.039929 166.039683 166.039190 166.038944 166.038451 166.038204 166.037958 166.037958 166.037958 166.038204 166.038204 166.038451 166.038697 166.038944 166.038944 166.039437 166.039683 166.040176 166.040422 166.041162 166.041655 0.000000 0.000000 0.000000 0.000000 0.000000 0.000000 0.000000 0.000000 0.000000 0.000000 0.000000 0.000000 0.000000 0.000000 0.000000 0.000000 0.000000 0.000000 0.000000 0.000000 0.000000 0.000000 0.000000 0.000000 
0.000000 0.000000 0.000000 0.000000 0.000000 0.000000 0.000000 0.000000 0.000000 166.041655 166.040915 166.040422 166.039929 166.039437 166.038944 166.038204 166.037711 166.037218 166.036725 166.036232 166.035739 166.035246 166.034753 166.034260 166.033768 166.033275 166.033028 166.032535 166.032042 166.031796 166.031303 166.030810 166.030563 166.030070 166.029577 166.029331 166.028838 166.028345 166.028099 166.027606 166.027359 166.027359 166.027113 166.027359 166.027359 166.027606 166.027852 166.028345 166.028591 166.028838 166.029331 166.030070 166.030810 166.032042 166.033768 166.035493 166.037465 166.039929 0.000000 0.000000 0.000000 0.000000 0.000000 0.000000 0.000000 0.000000 0.000000 0.000000 0.000000 
0.000000 0.000000 0.000000 0.000000 166.041408 166.040915 166.040422 166.039683 166.039190 166.038451 166.037958 166.037465 166.036972 166.036232 166.035739 166.035000 166.034507 166.034014 166.033275 166.032782 166.032289 166.031549 166.031056 166.030317 166.029824 166.029084 166.028591 166.028099 166.027606 166.026866 166.026373 166.025880 166.025387 166.024648 166.024155 166.023662 166.023169 166.022430 166.021937 166.021444 166.020951 166.020458 166.020211 166.019718 166.019225 166.018732 166.018486 166.017993 166.017500 166.017253 166.016761 166.016514 166.016514 166.016514 166.016514 166.016761 166.017253 166.017500 166.018239 166.019225 166.020951 166.022922 166.025141 166.030070 166.035986 0.000000 0.000000 0.000000 0.000000 
0.000000 166.041655 166.040915 166.040422 166.039683 166.039190 166.038451 166.037958 166.037218 166.036725 166.035986 166.035493 166.035000 166.034260 166.033768 166.033028 166.032535 166.031796 166.031303 166.030563 166.030070 166.029577 166.028838 166.028345 166.027606 166.027113 166.026373 166.025880 166.025141 166.024648 166.023908 166.023415 166.022676 166.022183 166.021444 166.020951 166.020458 166.019718 166.019225 166.018486 166.017993 166.017253 166.016761 166.016021 166.015528 166.015035 166.014296 166.013803 166.013063 166.012570 166.011831 166.011338 166.010845 166.010106 166.009613 166.008873 166.008380 166.007887 166.007394 166.006901 166.006408 166.005915 166.005669 166.005669 166.005915 166.006655 166.008380 166.015035 0.000000 
166.041655 166.041162 166.040422 166.039929 166.039190 166.038697 166.037958 166.037465 166.036725 166.036232 166.035493 166.035000 166.034260 166.033768 166.033028 166.032535 166.031796 166.031303 166.030563 166.030070 166.029331 166.028838 166.028099 166.027606 166.026866 166.026373 166.025634 166.025141 166.024401 166.023908 166.023169 166.022676 166.021937 166.021444 166.020704 166.020211 166.019472 166.018979 166.018239 166.017746 166.017007 166.016514 166.015775 166.015282 166.014542 166.014049 166.013310 166.012817 166.012077 166.011584 166.010845 166.010352 166.009613 166.009120 166.008380 166.007887 166.007148 166.006655 166.005915 166.005423 166.004683 166.004190 166.003451 166.002958 166.002218 166.001725 166.000986 166.000493 166.000000 
0.000000 166.041655 166.040915 166.040422 166.039683 166.039190 166.038451 166.037958 166.037218 166.036725 166.035986 166.035493 166.035000 166.034260 166.033768 166.033028 166.032535 166.031796 166.031303 166.030563 166.030070 166.029577 166.028838 166.028345 166.027606 166.027113 166.026373 166.025880 166.025141 166.024648 166.023908 166.023415 166.022676 166.022183 166.021444 166.020951 166.020458 166.019718 166.019225 166.018486 166.017993 166.017253 166.016761 166.016021 166.015528 166.015035 166.014296 166.013803 166.013063 166.012570 166.011831 166.011338 166.010845 166.010106 166.009613 166.008873 166.008380 166.007887 166.007394 166.006901 166.006408 166.005915 166.005669 166.005669 166.005915 166.006655 166.008380 166.015035 0.000000 
0.000000 0.000000 0.000000 0.000000 166.041408 166.040915 166.040422 166.039683 166.039190 166.038451 166.037958 166.037465 166.036972 166.036232 166.035739 166.035000 166.034507 166.034014 166.033275 166.032782 166.032289 166.031549 166.031056 166.030317 166.029824 166.029084 166.028591 166.028099 166.027606 166.026866 166.026373 166.025880 166.025387 166.024648 166.024155 166.023662 166.023169 166.022430 166.021937 166.021444 166.020951 166.020458 166.020211 166.019718 166.019225 166.018732 166.018486 166.017993 166.017500 166.017253 166.016761 166.016514 166.016514 166.016514 166.016514 166.016761 166.017253 166.017500 166.018239 166.019225 166.020951 166.022922 166.025141 166.030070 166.035986 0.000000 0.000000 0.000000 0.000000 
0.000000 0.000000 0.000000 0.000000 0.000000 0.000000 0.000000 0.000000 0.000000 166.041655 166.040915 166.040422 166.039929 166.039437 166.038944 166.038204 166.037711 166.037218 166.036725 166.036232 166.035739 166.035246 166.034753 166.034260 166.033768 166.033275 166.033028 166.032535 166.032042 166.031796 166.031303 166.030810 166.030563 166.030070 166.029577 166.029331 166.028838 166.028345 166.028099 166.027606 166.027359 166.027359 166.027113 166.027359 166.027359 166.027606 166.027852 166.028345 166.028591 166.028838 166.029331 166.030070 166.030810 166.032042 166.033768 166.035493 166.037465 166.039929 0.000000 0.000000 0.000000 0.000000 0.000000 0.000000 0.000000 0.000000 0.000000 0.000000 0.000000 
0.000000 0.000000 0.000000 0.000000 0.000000 0.000000 0.000000 0.000000 0.000000 0.000000 0.000000 0.000000 0.000000 0.000000 0.000000 0.000000 0.000000 0.000000 0.000000 0.000000 166.041655 166.041162 166.040915 166.040422 166.039929 166.039683 166.039190 166.038944 166.038451 166.038204 166.037958 166.037958 166.037958 166.038204 166.038204 166.038451 166.038697 166.038944 166.038944 166.039437 166.039683 166.040176 166.040422 166.041162 166.041655 0.000000 0.000000 0.000000 0.000000 0.000000 0.000000 0.000000 0.000000 0.000000 0.000000 0.000000 0.000000 0.000000 0.000000 0.000000 0.000000 0.000000 0.000000 0.000000 0.000000 0.000000 0.000000 0.000000 0.000000 
