test/output/constant/M350_S060_A180_WD270.0_WS005.0/M350_S060_A180_WD270.0_WS005.0_arrival.asc
ncols         33
nrows         7
xllcorner     426603.990666
yllcorner     12748455.311160
cellsize      100.000000
NODATA_value  0.000000
0.000000 0.000000 0.000000 0.000000 0.000000 0.000000 0.000000 0.000000 166.040386 166.038288 166.036714 166.035665 166.035141 166.034616 166.034616 166.034616 166.034616 166.034616 166.035665 166.036190 166.037239 166.037763 166.038812 166.039861 166.040910 166.041435 0.000000 0.000000 0.000000 0.000000 0.000000 0.000000 0.000000 
0.000000 0.000000 166.040386 166.030945 166.026225 166.023602 166.022029 166.020980 166.020980 166.020980 166.020980 166.021504 166.022029 166.023078 166.024127 166.024651 166.025700 166.026749 166.027798 166.028847 166.029896 166.030945 166.032518 166.033567 166.034616 166.036190 166.037239 166.038288 166.039861 166.040910 0.000000 0.000000 0.000000 
166.021504 166.009441 166.007343 166.007343 166.007343 166.008392 166.009441 166.010490 166.011539 166.012588 166.014161 166.015210 166.016259 166.017833 166.018882 166.020455 166.021504 166.022553 166.024127 166.025176 166.026749 166.027798 166.029372 166.030421 166.031470 166.033043 166.034092 166.035665 166.036714 166.038288 166.039337 166.040910 0.000000 
166.000000 166.001049 166.002098 166.003671 166.004720 166.006294 166.007343 166.008916 166.009965 166.011539 166.012588 166.014161 166.015210 166.016784 166.017833 166.019406 166.020455 166.022029 166.023078 166.024651 166.025700 166.027274 166.028323 166.029896 166.030945 166.032518 166.033567 166.035141 166.036190 166.037763 166.038812 166.040386 166.041435 
166.021504 166.009441 166.007343 166.007343 166.007343 166.008392 166.009441 166.010490 166.011539 166.012588 166.014161 166.015210 166.016259 166.017833 166.018882 166.020455 166.021504 166.022553 166.024127 166.025176 166.026749 166.027798 166.029372 166.030421 166.031470 166.033043 166.034092 166.035665 166.036714 166.038288 166.039337 166.040910 0.000000 
0.000000 0.000000 166.040386 166.030945 166.026225 166.023602 166.022029 166.020980 166.020980 166.020980 166.020980 166.021504 166.022029 166.023078 166.024127 166.024651 166.025700 166.026749 166.027798 166.028847 166.029896 166.030945 166.032518 166.033567 166.034616 166.036190 166.037239 166.038288 166.039861 166.040910 0.000000 0.000000 0.000000 
0.000000 0.000000 0.000000 0.000000 0.000000 0.000000 0.000000 0.000000 166.040386 166.038288 166.036714 166.035665 166.035141 166.034616 166.034616 166.034616 166.034616 166.034616 166.035665 166.036190 166.037239 166.037763 166.038812 166.039861 166.040910 166.041435 0.000000 0.000000 0.000000 0.000000 0.000000 0.000000 0.000000 
