test/output/constant/M3M455_S060_A180_WD270.0_WS010.0/M3M455_S060_A180_WD270.0_WS010.0_arrival.asc
ncols         36
nrows         7
xllcorner     426603.990666
yllcorner     12748455.311160
cellsize      100.000000
NODATA_value  0.000000
0.000000 0.000000 0.000000 0.000000 0.000000 0.000000 0.000000 0.000000 0.000000 166.040570 166.038184 166.037229 166.036275 166.035797 166.035320 166.034843 166.034843 166.034843 166.034843 166.035320 166.035797 166.036752 166.037229 166.038184 166.039138 166.039616 166.040570 166.041525 0.000000 0.000000 0.000000 0.000000 0.000000 0.000000 0.000000 0.000000 
0.000000 0.000000 0.000000 166.035320 166.029115 166.025297 166.022910 166.021956 166.021478 166.021001 166.021001 166.021001 166.021478 166.022433 166.022910 166.023865 166.024819 166.025297 166.026251 166.027206 166.028160 166.029115 166.030070 166.031024 166.032456 166.033411 166.034365 166.035320 166.036752 166.037706 166.038661 166.040093 166.041047 0.000000 0.000000 0.000000 
166.025774 166.010978 166.007637 166.007159 166.007159 166.008114 166.008591 166.009546 166.010501 166.011932 166.012887 166.013842 166.015273 166.016228 166.017660 166.018615 166.019569 166.021001 166.021956 166.023388 166.024342 166.025774 166.026729 166.028160 166.029115 166.030547 166.031502 166.032933 166.033888 166.034843 166.036275 166.037229 166.038661 166.039616 166.041047 0.000000 
166.000000 166.000955 166.001909 166.003341 166.004296 166.005728 166.006682 166.008114 166.009069 166.010501 166.011455 166.012887 166.013842 166.015273 166.016228 166.017660 166.018615 166.020046 166.021001 166.022433 166.023388 166.024819 166.025774 166.027206 166.028160 166.029592 166.030547 166.031979 166.032933 166.034365 166.035320 166.036752 166.037706 166.039138 166.040093 166.041525 
166.025774 166.010978 166.007637 166.007159 166.007159 166.008114 166.008591 166.009546 166.010501 166.011932 166.012887 166.013842 166.015273 166.016228 166.017660 166.018615 166.019569 166.021001 166.021956 166.023388 166.024342 166.025774 166.026729 166.028160 166.029115 166.030547 166.031502 166.032933 166.033888 166.034843 166.036275 166.037229 166.038661 166.039616 166.041047 0.000000 
0.000000 0.000000 0.000000 166.035320 166.029115 166.025297 166.022910 166.021956 166.021478 166.021001 166.021001 166.021001 166.021478 166.022433 166.022910 166.023865 166.024819 166.025297 166.026251 166.027206 166.028160 166.029115 166.030070 166.031024 166.032456 166.033411 166.034365 166.035320 166.036752 166.037706 166.038661 166.040093 166.041047 0.000000 0.000000 0.000000 
0.000000 0.000000 0.000000 0.000000 0.000000 0.000000 0.000000 0.000000 0.000000 166.040570 166.038184 166.037229 166.036275 166.035797 166.035320 166.034843 166.034843 166.034843 166.034843 166.035320 166.035797 166.036752 166.037229 166.038184 166.039138 166.039616 166.040570 166.041525 0.000000 0.000000 0.000000 0.000000 0.000000 0.000000 0.000000 0.000000 
