test/output/constant/M3M485_S060_A090_WD045.0_WS010.0/M3M485_S060_A090_WD045.0_WS010.0_ros.asc
ncols         13
nrows         52
xllcorner     425603.990666
yllcorner     12743655.311160
cellsize      100.000000
NODATA_value  0.000000
0.000000 0.000000 0.000000 0.000000 0.000000 0.000000 0.000000 0.000000 0.000000 44.559795 0.000000 0.665634 0.000000 
0.000000 0.000000 0.000000 0.000000 0.000000 0.000000 0.000000 0.000000 1.010756 1.010756 86.120865 23.964262 0.000000 
0.000000 0.000000 0.000000 0.000000 0.000000 0.000000 0.000000 0.000000 0.688546 86.120865 86.120865 17.754223 0.000000 
0.000000 0.000000 0.000000 0.000000 0.000000 0.000000 0.000000 0.688546 65.624367 85.609085 86.120865 45.356476 0.000000 
0.000000 0.000000 0.000000 0.000000 0.000000 0.000000 0.000000 0.688546 65.624367 86.120865 81.223000 23.964262 0.000000 
0.000000 0.000000 0.000000 0.000000 0.000000 0.000000 0.000000 58.993011 58.993011 86.120865 37.978130 17.754223 23.964262 
0.000000 0.000000 0.000000 0.000000 0.000000 0.000000 1.466139 0.688546 71.592003 86.120865 52.685478 45.356476 30.774485 
0.000000 0.000000 0.000000 0.000000 0.000000 0.000000 51.899578 65.624367 76.714462 86.120865 45.356476 45.356476 17.754223 
0.000000 0.000000 0.000000 0.000000 0.000000 0.000000 2.238518 58.993011 86.120865 86.120865 52.685478 52.685478 30.774485 
0.000000 0.000000 0.000000 0.000000 0.000000 2.238518 4.310724 7.524540 86.120865 86.120865 45.356476 23.964262 23.964262 
0.000000 0.000000 0.000000 0.000000 0.000000 58.993011 2.238518 58.993011 86.120865 52.685478 66.313477 23.964262 30.774485 
0.000000 0.000000 0.000000 0.000000 0.000000 58.993011 4.310724 86.120865 86.120865 85.727928 30.774485 52.685478 17.754223 
0.000000 0.000000 0.000000 0.000000 2.238518 58.993011 65.624367 85.977829 86.120865 23.964262 45.356476 30.774485 23.964262 
0.000000 0.000000 0.000000 0.000000 58.993011 58.993011 58.993011 86.120865 86.120865 81.223000 52.685478 52.685478 45.356476 
0.000000 0.000000 0.000000 0.000000 4.310724 58.993011 83.831215 86.120865 86.120865 45.356476 23.964262 37.978130 0.000000 
0.000000 0.000000 0.000000 0.000000 4.310724 58.993011 86.120865 86.120865 86.120865 37.978130 23.964262 52.685478 0.000000 
0.000000 0.000000 0.000000 58.993011 58.993011 58.993011 86.120865 86.120865 72.198616 52.685478 52.685478 52.685478 0.000000 
0.000000 0.000000 0.000000 4.310724 58.993011 1.466139 86.120865 86.120865 86.120865 52.685478 52.685478 30.774485 0.000000 
0.000000 0.000000 0.000000 58.993011 58.993011 58.993011 83.831215 86.120865 66.313477 52.685478 30.774485 52.685478 0.000000 
0.000000 0.000000 0.000000 2.238518 65.624367 85.977829 83.831215 86.120865 45.356476 45.356476 45.356476 30.774485 0.000000 
0.000000 0.000000 0.000000 58.993011 58.993011 80.835976 86.120865 86.120865 23.964262 45.356476 52.685478 52.685478 0.000000 
0.000000 0.000000 58.993011 2.238518 58.993011 86.120865 86.120865 86.120865 72.198616 52.685478 30.774485 52.685478 0.000000 
0.000000 0.000000 58.993011 65.624367 86.120865 76.714462 86.120865 86.120865 52.685478 52.685478 52.685478 37.978130 0.000000 
0.000000 0.000000 58.993011 65.624367 4.310724 86.120865 86.120865 37.978130 52.685478 52.685478 23.964262 52.685478 0.000000 
0.000000 0.000000 58.993011 58.993011 86.120865 86.120865 86.120865 86.120865 77.219276 52.685478 23.964262 52.685478 0.000000 
0.000000 0.000000 65.624367 58.993011 86.120865 71.592003 86.120865 85.727928 52.685478 37.978130 45.356476 0.000000 0.000000 
0.000000 80.835976 58.993011 4.310724 76.714462 86.120865 86.120865 45.356476 45.356476 17.754223 30.774485 0.000000 0.000000 
0.000000 4.310724 58.993011 65.624367 86.120865 86.120865 86.120865 86.120865 45.356476 52.685478 45.356476 0.000000 0.000000 
0.000000 58.993011 58.993011 86.120865 86.120865 86.120865 37.978130 45.356476 30.774485 52.685478 52.685478 0.000000 0.000000 
0.000000 4.310724 58.993011 86.120865 80.835976 86.120865 86.120865 77.219276 59.742584 45.356476 45.356476 0.000000 0.000000 
0.000000 58.993011 86.120865 86.120865 86.120865 86.120865 52.685478 66.313477 45.356476 30.774485 23.964262 0.000000 0.000000 
0.000000 58.993011 4.310724 86.120865 86.120865 86.120865 86.120865 52.685478 45.356476 52.685478 52.685478 0.000000 0.000000 
0.000000 58.993011 86.120865 86.120865 83.831215 86.120865 77.219276 52.685478 23.964262 52.685478 23.964262 0.000000 0.000000 
0.000000 58.993011 86.120865 85.977829 86.120865 86.120865 66.313477 81.223000 59.742584 30.774485 0.000000 0.000000 0.000000 
0.000000 4.310724 86.120865 86.120865 86.120865 86.120865 45.356476 66.313477 52.685478 52.685478 0.000000 0.000000 0.000000 
0.000000 86.120865 80.835976 80.835976 86.120865 86.120865 86.120865 52.685478 45.356476 52.685478 0.000000 0.000000 0.000000 
7.524540 4.310724 86.120865 83.831215 86.120865 77.219276 45.356476 45.356476 52.685478 37.978130 0.000000 0.000000 0.000000 
58.993011 76.714462 86.120865 86.120865 86.120865 23.964262 86.120865 23.964262 45.356476 0.000000 0.000000 0.000000 0.000000 
86.120865 86.120865 86.120865 86.120865 86.120865 86.120865 30.774485 59.742584 66.313477 0.000000 0.000000 0.000000 0.000000 
4.310724 85.609085 86.120865 86.120865 86.120865 72.198616 30.774485 45.356476 45.356476 0.000000 0.000000 0.000000 0.000000 
86.120865 86.120865 86.120865 86.120865 86.120865 77.219276 86.120865 45.356476 52.685478 0.000000 0.000000 0.000000 0.000000 
86.120865 86.120865 86.120865 86.120865 86.120865 59.742584 30.774485 30.774485 0.000000 0.000000 0.000000 0.000000 0.000000 
86.120865 86.120865 86.120865 83.831215 86.120865 52.685478 45.356476 72.198616 0.000000 0.000000 0.000000 0.000000 0.000000 
85.977829 86.120865 86.120865 86.120865 86.120865 45.356476 72.198616 66.313477 0.000000 0.000000 0.000000 0.000000 0.000000 
86.120865 83.831215 86.120865 86.120865 45.356476 45.356476 66.313477 59.742584 0.000000 0.000000 0.000000 0.000000 0.000000 
86.120865 86.120865 86.120865 86.120865 86.120865 86.120865 45.356476 0.000000 0.000000 0.000000 0.000000 0.000000 0.000000 
86.120865 86.120865 86.120865 86.120865 30.774485 52.685478 52.685478 0.000000 0.000000 0.000000 0.000000 0.000000 0.000000 
0.000000 86.120865 86.120865 86.120865 72.198616 77.219276 0.000000 0.000000 0.000000 0.000000 0.000000 0.000000 0.000000 
0.000000 86.120865 86.120865 86.120865 30.774485 45.356476 0.000000 0.000000 0.000000 0.000000 0.000000 0.000000 0.000000 
0.000000 86.120865 86.120865 72.198616 86.120865 0.000000 0.000000 0.000000 0.000000 0.000000 0.000000 0.000000 0.000000 
0.000000 86.120865 86.120865 72.198616 45.356476 0.000000 0.000000 0.000000 0.000000 0.000000 0.000000 0.000000 0.000000 
0.000000 0.000000 86.120865 86.120865 0.000000 0.000000 0.000000 0.000000 0.000000 0.000000 0.000000 0.000000 0.000000 
