test/output/constant/M3M485_S060_A090_WD045.0_WS010.0/M3M485_S060_A090_WD045.0_WS010.0_intensity.asc
ncols         13
nrows         52
xllcorner     425603.990666
yllcorner     12743655.311160
cellsize      100.000000
NODATA_value  0.000000
0 0 0 0 0 0 0 0 0 39309 0 587 0 
0 0 0 0 0 0 0 0 891 891 75973 21140 0 
0 0 0 0 0 0 0 0 607 75973 75973 15662 0 
0 0 0 0 0 0 0 607 57892 75522 75973 40012 0 
0 0 0 0 0 0 0 607 57892 75973 71652 21140 0 
0 0 0 0 0 0 0 52042 52042 75973 33503 15662 21140 
0 0 0 0 0 0 1293 607 63156 75973 46477 40012 27148 
0 0 0 0 0 0 45784 57892 67675 75973 40012 40012 15662 
0 0 0 0 0 0 1974 52042 75973 75973 46477 46477 27148 
0 0 0 0 0 1974 3802 6637 75973 75973 40012 21140 21140 
0 0 0 0 0 52042 1974 52042 75973 46477 58499 21140 27148 
0 0 0 0 0 52042 3802 75973 75973 75626 27148 46477 15662 
0 0 0 0 1974 52042 57892 75847 75973 21140 40012 27148 21140 
0 0 0 0 52042 52042 52042 75973 75973 71652 46477 46477 40012 
0 0 0 0 3802 52042 73953 75973 75973 40012 21140 33503 0 
0 0 0 0 3802 52042 75973 75973 75973 33503 21140 46477 0 
0 0 0 52042 52042 52042 75973 75973 63691 46477 46477 46477 0 
0 0 0 3802 52042 1293 75973 75973 75973 46477 46477 27148 0 
0 0 0 52042 52042 52042 73953 75973 58499 46477 27148 46477 0 
0 0 0 1974 57892 75847 73953 75973 40012 40012 40012 27148 0 
0 0 0 52042 52042 71311 75973 75973 21140 40012 46477 46477 0 
0 0 52042 1974 52042 75973 75973 75973 63691 46477 27148 46477 0 
0 0 52042 57892 75973 67675 75973 75973 46477 46477 46477 33503 0 
0 0 52042 57892 3802 75973 75973 33503 46477 46477 21140 46477 0 
0 0 52042 52042 75973 75973 75973 75973 68120 46477 21140 46477 0 
0 0 57892 52042 75973 63156 75973 75626 46477 33503 40012 0 0 
0 71311 52042 3802 67675 75973 75973 40012 40012 15662 27148 0 0 
0 3802 52042 57892 75973 75973 75973 75973 40012 46477 40012 0 0 
0 52042 52042 75973 75973 75973 33503 40012 27148 46477 46477 0 0 
0 3802 52042 75973 71311 75973 75973 68120 52703 40012 40012 0 0 
0 52042 75973 75973 75973 75973 46477 58499 40012 27148 21140 0 0 
0 52042 3802 75973 75973 75973 75973 46477 40012 46477 46477 0 0 
0 52042 75973 75973 73953 75973 68120 46477 21140 46477 21140 0 0 
0 52042 75973 75847 75973 75973 58499 71652 52703 27148 0 0 0 
0 3802 75973 75973 75973 75973 40012 58499 46477 46477 0 0 0 
0 75973 71311 71311 75973 75973 75973 46477 40012 46477 0 0 0 
6637 3802 75973 73953 75973 68120 40012 40012 46477 33503 0 0 0 
52042 67675 75973 75973 75973 21140 75973 21140 40012 0 0 0 0 
75973 75973 75973 75973 75973 75973 27148 52703 58499 0 0 0 0 
3802 75522 75973 75973 75973 63691 27148 40012 40012 0 0 0 0 
75973 75973 75973 75973 75973 68120 75973 40012 46477 0 0 0 0 
75973 75973 75973 75973 75973 52703 27148 27148 0 0 0 0 0 
75973 75973 75973 73953 75973 46477 40012 63691 0 0 0 0 0 
75847 75973 75973 75973 75973 40012 63691 58499 0 0 0 0 0 
75973 73953 75973 75973 40012 40012 58499 52703 0 0 0 0 0 
75973 75973 75973 75973 75973 75973 40012 0 0 0 0 0 0 
75973 75973 75973 75973 27148 46477 46477 0 0 0 0 0 0 
0 75973 75973 75973 63691 68120 0 0 0 0 0 0 0 
0 75973 75973 75973 27148 40012 0 0 0 0 0 0 0 
0 75973 75973 63691 75973 0 0 0 0 0 0 0 0 
0 75973 75973 63691 40012 0 0 0 0 0 0 0 0 
0 0 75973 75973 0 0 0 0 0 0 0 0 0 
