test/output/constant/M3M4100_S060_A000_WD225.0_WS045.0/M3M4100_S060_A000_WD225.0_WS045.0_intensity.asc
ncols         15
nrows         39
xllcorner     425403.990666
yllcorner     12748655.311160
cellsize      100.000000
NODATA_value  0.000000
0 58747 58747 25827 58747 0 0 0 0 0 0 0 0 0 0 
0 58747 58747 58747 40159 0 0 0 0 0 0 0 0 0 0 
0 58747 58747 58747 58747 52030 0 0 0 0 0 0 0 0 0 
0 58747 58747 58747 58747 52030 44569 0 0 0 0 0 0 0 0 
0 52632 58686 58747 44569 58606 56954 30644 0 0 0 0 0 0 0 
0 58747 58747 58747 58747 25827 40159 40159 0 0 0 0 0 0 0 
58747 58747 58747 58747 58747 54854 21164 25827 30644 0 0 0 0 0 0 
58747 58747 58747 58747 58747 58747 21164 56954 30644 0 0 0 0 0 0 
0 58747 55321 58747 58747 56954 54854 25827 30644 0 0 0 0 0 0 
0 58747 58747 58747 58747 52030 21164 56954 21164 12850 0 0 0 0 0 
0 58747 58747 58747 58747 56954 40159 25827 30644 30644 0 0 0 0 0 
0 58686 58747 58747 58747 58747 58747 16795 16795 30644 25827 0 0 0 0 
0 3341 58747 58747 58686 58747 58747 58606 25827 16795 30644 0 0 0 0 
0 49286 58425 58747 58747 58747 58747 58747 25827 16795 16795 0 0 0 0 
0 49286 58747 58686 58747 58747 58747 58747 30644 25827 25827 9443 0 0 0 
0 45385 4932 45385 58747 58747 58747 58747 54854 30644 25827 12850 0 0 0 
0 0 49286 58747 58747 58747 58747 30644 35470 25827 25827 16795 0 0 0 
0 0 2756 49286 58747 58747 58747 58747 58747 40159 21164 21164 16795 0 0 
0 0 49286 45385 58747 57272 57272 58747 58747 16795 25827 21164 25827 0 0 
0 0 4932 4932 49286 58747 58747 58747 58747 52030 30644 21164 30644 0 0 
0 0 0 49286 49286 58747 58747 58747 52030 48567 12850 21164 25827 0 0 
0 0 0 45385 45385 58747 58747 58747 58747 30644 25827 30644 6664 0 0 
0 0 0 45385 45385 45385 55321 58747 58747 58747 44569 25827 21164 0 0 
0 0 0 4932 45385 49286 49286 58747 58747 58747 30644 30644 25827 9443 0 
0 0 0 0 45385 4932 52632 58747 58747 58747 40159 30644 25827 21164 0 
0 0 0 0 45385 45385 49286 58747 58747 58747 25827 25827 25827 25827 0 
0 0 0 0 45385 4932 4932 57272 58747 58747 58747 30644 16795 25827 0 
0 0 0 0 0 4932 3341 49286 58747 58747 58747 25827 21164 25827 0 
0 0 0 0 0 41047 49286 4932 58747 58747 58747 25827 25827 21164 0 
0 0 0 0 0 0 3341 4932 49286 58747 58747 54854 16795 25827 0 
0 0 0 0 0 0 7179 4932 4932 58747 58747 56954 16795 16795 0 
0 0 0 0 0 0 3341 4932 4932 58686 58747 44569 25827 21164 12850 
0 0 0 0 0 0 0 3341 45385 45385 58747 58747 30644 25827 9443 
0 0 0 0 0 0 0 3341 41047 4932 58747 58747 21164 16795 16795 
0 0 0 0 0 0 0 0 3341 4932 45385 58747 54854 21164 9443 
0 0 0 0 0 0 0 0 3341 4932 3341 58686 58747 12850 12850 
0 0 0 0 0 0 0 0 0 2756 3341 58747 58747 12850 1847 
0 0 0 0 0 0 0 0 0 0 3341 2756 0 1847 0 
0 0 0 0 0 0 0 0 0 0 0 2307 1242 1222 0 
