test/output/constant/M3M4100_S060_A000_WD225.0_WS045.0/M3M4100_S060_A000_WD225.0_WS045.0_arrival.asc
ncols         15
nrows         39
xllcorner     425403.990666
yllcorner     12748655.311160
cellsize      100.000000
NODATA_value  0.000000
0.000000 166.041667 166.041316 166.041316 166.041667 0.000000 0.000000 0.000000 0.000000 0.000000 0.000000 0.000000 0.000000 0.000000 0.000000 
0.000000 166.040940 166.040189 166.040189 166.040564 0.000000 0.000000 0.000000 0.000000 0.000000 0.000000 0.000000 0.000000 0.000000 0.000000 
0.000000 166.040189 166.039062 166.039062 166.039062 166.040189 0.000000 0.000000 0.000000 0.000000 0.000000 0.000000 0.000000 0.000000 0.000000 
0.000000 166.039813 166.038311 166.037935 166.037935 166.038686 166.040564 0.000000 0.000000 0.000000 0.000000 0.000000 0.000000 0.000000 0.000000 
0.000000 166.039062 166.037184 166.036808 166.036808 166.037184 166.039062 166.041667 0.000000 0.000000 0.000000 0.000000 0.000000 0.000000 0.000000 
0.000000 166.038686 166.036808 166.035682 166.035682 166.036057 166.037560 166.039813 0.000000 0.000000 0.000000 0.000000 0.000000 0.000000 0.000000 
166.041667 166.038686 166.036057 166.034555 166.034555 166.034555 166.036057 166.038311 166.041667 0.000000 0.000000 0.000000 0.000000 0.000000 0.000000 
166.041667 166.038311 166.035682 166.033804 166.033428 166.033428 166.034555 166.036433 166.039813 0.000000 0.000000 0.000000 0.000000 0.000000 0.000000 
0.000000 166.038311 166.034930 166.033052 166.032301 166.032301 166.032677 166.034930 166.037935 0.000000 0.000000 0.000000 0.000000 0.000000 0.000000 
0.000000 166.038311 166.034930 166.032301 166.031174 166.031174 166.031550 166.033052 166.036057 166.040189 0.000000 0.000000 0.000000 0.000000 0.000000 
0.000000 166.038311 166.034555 166.031926 166.030048 166.030048 166.030048 166.031550 166.034179 166.037935 0.000000 0.000000 0.000000 0.000000 0.000000 
0.000000 166.038311 166.034555 166.031550 166.029296 166.028921 166.028921 166.030048 166.032301 166.036057 166.040940 0.000000 0.000000 0.000000 0.000000 
0.000000 166.038686 166.034555 166.031174 166.028545 166.027794 166.027794 166.028170 166.030423 166.034179 166.038686 0.000000 0.000000 0.000000 0.000000 
0.000000 166.039062 166.034555 166.031174 166.028170 166.026667 166.026667 166.027043 166.028921 166.032301 166.036808 0.000000 0.000000 0.000000 0.000000 
0.000000 166.039813 166.034930 166.030799 166.027794 166.025916 166.025541 166.025541 166.027043 166.030048 166.034555 166.040940 0.000000 0.000000 0.000000 
0.000000 166.040940 166.035306 166.030799 166.027418 166.025165 166.024414 166.024414 166.025541 166.028170 166.032677 166.038686 0.000000 0.000000 0.000000 
0.000000 0.000000 166.035682 166.031174 166.027418 166.024414 166.023287 166.023287 166.024038 166.026292 166.030423 166.036433 0.000000 0.000000 0.000000 
0.000000 0.000000 166.037184 166.031174 166.027418 166.024038 166.022160 166.022160 166.022536 166.024414 166.028545 166.034179 166.041667 0.000000 0.000000 
0.000000 0.000000 166.038311 166.031926 166.027418 166.023663 166.021409 166.021033 166.021033 166.022911 166.026292 166.031926 166.039438 0.000000 0.000000 
0.000000 0.000000 166.040189 166.033052 166.027418 166.023663 166.021033 166.019907 166.019907 166.021033 166.024414 166.029672 166.036808 0.000000 0.000000 
0.000000 0.000000 0.000000 166.034179 166.027794 166.023663 166.020282 166.018780 166.018780 166.019531 166.022536 166.027418 166.034555 0.000000 0.000000 
0.000000 0.000000 0.000000 166.036057 166.028921 166.023663 166.020282 166.018029 166.017653 166.018029 166.020658 166.025165 166.032301 0.000000 0.000000 
0.000000 0.000000 0.000000 166.038311 166.030048 166.024038 166.019907 166.017277 166.016526 166.016526 166.018404 166.022911 166.030048 0.000000 0.000000 
0.000000 0.000000 0.000000 166.041316 166.031926 166.024789 166.019907 166.016902 166.015399 166.015399 166.016902 166.020658 166.027794 166.040564 0.000000 
0.000000 0.000000 0.000000 0.000000 166.034179 166.026292 166.020282 166.016526 166.014273 166.014273 166.015024 166.018780 166.025165 166.038311 0.000000 
0.000000 0.000000 0.000000 0.000000 166.037184 166.027794 166.020658 166.016526 166.013521 166.013146 166.013521 166.016902 166.022911 166.035682 0.000000 
0.000000 0.000000 0.000000 0.000000 166.040940 166.030423 166.022160 166.016526 166.013146 166.012019 166.012019 166.014648 166.020658 166.033428 0.000000 
0.000000 0.000000 0.000000 0.000000 0.000000 166.033428 166.024038 166.016902 166.012770 166.010892 166.010892 166.012770 166.018404 166.031174 0.000000 
0.000000 0.000000 0.000000 0.000000 0.000000 166.037560 166.026292 166.018029 166.012770 166.010141 166.009765 166.010892 166.016151 166.028921 0.000000 
0.000000 0.000000 0.000000 0.000000 0.000000 0.000000 166.030048 166.019907 166.012770 166.009390 166.008639 166.009014 166.013897 166.026667 0.000000 
0.000000 0.000000 0.000000 0.000000 0.000000 0.000000 166.034179 166.022536 166.013897 166.009390 166.007512 166.007512 166.011643 166.024414 0.000000 
0.000000 0.000000 0.000000 0.000000 0.000000 0.000000 166.039813 166.026667 166.015775 166.009390 166.006385 166.006385 166.009390 166.022160 166.040564 
0.000000 0.000000 0.000000 0.000000 0.000000 0.000000 0.000000 166.031550 166.018780 166.009765 166.005634 166.005258 166.007136 166.019907 166.039438 
0.000000 0.000000 0.000000 0.000000 0.000000 0.000000 0.000000 166.038311 166.023287 166.011643 166.005634 166.004132 166.005258 166.018029 166.039062 
0.000000 0.000000 0.000000 0.000000 0.000000 0.000000 0.000000 0.000000 166.030048 166.015399 166.005634 166.003005 166.003005 166.016151 166.038686 
0.000000 0.000000 0.000000 0.000000 0.000000 0.000000 0.000000 0.000000 166.039062 166.021785 166.007888 166.001878 166.001878 166.013897 166.039438 
0.000000 0.000000 0.000000 0.000000 0.000000 0.000000 0.000000 0.000000 0.000000 166.031174 166.013521 166.001878 166.000751 166.013897 166.040940 
0.000000 0.000000 0.000000 0.000000 0.000000 0.000000 0.000000 0.000000 0.000000 0.000000 166.024414 166.004883 166.000000 166.014648 0.000000 
0.000000 0.000000 0.000000 0.000000 0.000000 0.000000 0.000000 0.000000 0.000000 0.000000 0.000000 166.032301 166.026292 166.034555 0.000000 
