test/output/constant/M3M4100_S060_A000_WD225.0_WS045.0/M3M4100_S060_A000_WD225.0_WS045.0_raz.asc
ncols         15
nrows         39
xllcorner     425403.990666
yllcorner     12748655.311160
cellsize      100.000000
NODATA_value  0.000000
0 345 345 0 345 0 0 0 0 0 0 0 0 0 0 
0 345 345 345 354 0 0 0 0 0 0 0 0 0 0 
0 345 345 345 345 349 0 0 0 0 0 0 0 0 0 
0 345 345 345 345 349 352 0 0 0 0 0 0 0 0 
0 340 344 345 352 345 347 358 0 0 0 0 0 0 0 
0 345 345 345 345 0 354 354 0 0 0 0 0 0 0 
345 345 345 345 345 348 3 0 358 0 0 0 0 0 0 
345 345 345 345 345 345 3 347 358 0 0 0 0 0 0 
0 345 341 345 345 347 348 0 358 0 0 0 0 0 0 
0 345 345 345 345 349 3 347 3 12 0 0 0 0 0 
0 345 345 345 345 347 354 0 358 358 0 0 0 0 0 
0 344 345 345 345 345 345 7 7 358 0 0 0 0 0 
0 275 345 345 344 345 345 345 0 7 358 0 0 0 0 
0 338 343 345 345 345 345 345 0 7 7 0 0 0 0 
0 338 345 344 345 345 345 345 358 0 0 18 0 0 0 
0 337 291 337 345 345 345 345 348 358 0 12 0 0 0 
0 0 338 345 345 345 345 358 356 0 0 7 0 0 0 
0 0 265 338 345 345 345 345 345 354 3 3 7 0 0 
0 0 338 337 345 342 342 345 345 7 0 3 0 0 0 
0 0 291 291 338 345 345 345 345 349 358 3 358 0 0 
0 0 0 338 338 345 345 345 349 351 12 3 0 0 0 
0 0 0 337 337 345 345 345 345 358 0 358 26 0 0 
0 0 0 337 337 337 341 345 345 345 352 0 3 0 0 
0 0 0 291 337 338 338 345 345 345 358 358 0 18 0 
0 0 0 0 337 291 340 345 345 345 354 358 0 3 0 
0 0 0 0 337 337 338 345 345 345 0 0 0 0 0 
0 0 0 0 337 291 291 342 345 345 345 358 7 0 0 
0 0 0 0 0 291 275 338 345 345 345 0 3 0 0 
0 0 0 0 0 335 338 291 345 345 345 0 0 3 0 
0 0 0 0 0 0 275 291 338 345 345 348 7 0 0 
0 0 0 0 0 0 303 291 291 345 345 347 7 7 0 
0 0 0 0 0 0 275 291 291 344 345 352 0 3 12 
0 0 0 0 0 0 0 275 337 337 345 345 358 0 18 
0 0 0 0 0 0 0 275 335 291 345 345 3 7 7 
0 0 0 0 0 0 0 0 275 291 337 345 348 3 18 
0 0 0 0 0 0 0 0 275 291 275 344 345 12 12 
0 0 0 0 0 0 0 0 0 265 275 345 345 12 95 
0 0 0 0 0 0 0 0 0 0 275 265 65535 95 0 
0 0 0 0 0 0 0 0 0 0 0 255 187 165 0 
