test/output/constant/M3M465_S060_A270_WD315.0_WS015.0/M3M465_S060_A270_WD315.0_WS015.0_arrival.asc
ncols         12
nrows         24
xllcorner     426503.990666
yllcorner     12748655.311160
cellsize      100.000000
NODATA_value  0.000000
0.000000 0.000000 0.000000 0.000000 0.000000 0.000000 0.000000 0.000000 0.000000 166.041448 166.041448 0.000000 
0.000000 0.000000 0.000000 0.000000 0.000000 0.000000 0.000000 166.041448 166.040066 166.039375 166.040066 166.041667 
0.000000 0.000000 0.000000 0.000000 0.000000 0.000000 166.041448 166.038685 166.037994 166.037994 166.038685 166.040757 
0.000000 0.000000 0.000000 0.000000 0.000000 0.000000 166.038685 166.036612 166.035921 166.035921 166.037303 166.040757 
0.000000 0.000000 0.000000 0.000000 0.000000 166.039375 166.035921 166.033849 166.033849 166.034540 166.036612 166.040757 
0.000000 0.000000 0.000000 0.000000 166.041448 166.035921 166.033158 166.031777 166.032467 166.033158 166.036612 166.041448 
0.000000 0.000000 0.000000 0.000000 166.037303 166.033158 166.030395 166.030395 166.030395 166.032467 166.036612 166.041667 
0.000000 0.000000 0.000000 166.040757 166.033849 166.029704 166.028323 166.028323 166.029013 166.032467 166.037303 0.000000 
0.000000 0.000000 0.000000 166.036612 166.030395 166.026941 166.026250 166.026250 166.028323 166.032467 166.037994 0.000000 
0.000000 0.000000 166.041448 166.032467 166.026941 166.024869 166.024178 166.024869 166.028323 166.032467 166.039375 0.000000 
0.000000 0.000000 166.036612 166.028323 166.024178 166.022106 166.022796 166.024178 166.028323 166.033849 166.041448 0.000000 
0.000000 0.000000 166.032467 166.024869 166.021415 166.020724 166.020724 166.023487 166.028323 166.035231 0.000000 0.000000 
0.000000 166.038685 166.027632 166.021415 166.018652 166.018652 166.020033 166.024178 166.029704 166.038685 0.000000 0.000000 
0.000000 166.033849 166.023487 166.017961 166.016579 166.016579 166.019342 166.024178 166.031777 0.000000 0.000000 0.000000 
0.000000 166.029704 166.020033 166.015198 166.014507 166.015888 166.019342 166.026250 166.035921 0.000000 0.000000 0.000000 
0.000000 166.024869 166.015888 166.013125 166.013125 166.015198 166.020724 166.029013 166.041448 0.000000 0.000000 0.000000 
166.040066 166.020033 166.012434 166.011053 166.011053 166.015198 166.022796 166.033849 0.000000 0.000000 0.000000 0.000000 
166.035231 166.015198 166.008980 166.008980 166.011053 166.016579 166.026941 166.041667 0.000000 0.000000 0.000000 0.000000 
166.031086 166.011053 166.006908 166.006908 166.011053 166.020033 166.034540 0.000000 0.000000 0.000000 0.000000 0.000000 
166.026250 166.006908 166.004836 166.006908 166.013125 166.026941 0.000000 0.000000 0.000000 0.000000 0.000000 0.000000 
166.022796 166.003454 166.003454 166.006908 166.019342 166.039375 0.000000 0.000000 0.000000 0.000000 0.000000 0.000000 
166.020724 166.001382 166.002763 166.011744 166.033158 0.000000 0.000000 0.000000 0.000000 0.000000 0.000000 0.000000 
166.022106 166.000000 166.004836 166.027632 0.000000 0.000000 0.000000 0.000000 0.000000 0.000000 0.000000 0.000000 
166.037994 166.024869 166.033849 0.000000 0.000000 0.000000 0.000000 0.000000 0.000000 0.000000 0.000000 0.000000 
