test/output/constant/M360_S060_A270_WD045.0_WS025.0/M360_S060_A270_WD045.0_WS025.0_ros.asc
ncols         16
nrows         17
xllcorner     425203.990666
yllcorner     12748655.311160
cellsize      100.000000
NODATA_value  0.000000
33.891861 33.542858 33.891861 33.542858 0.000000 0.000000 0.000000 0.000000 0.000000 0.000000 0.000000 0.000000 0.000000 0.000000 0.000000 0.000000 
33.891861 33.891861 33.891861 33.891861 33.891861 7.928084 0.000000 0.000000 0.000000 0.000000 0.000000 0.000000 0.000000 0.000000 0.000000 0.000000 
33.744007 33.891861 33.891861 33.891861 31.488379 27.866020 25.596493 0.000000 0.000000 0.000000 0.000000 0.000000 0.000000 0.000000 0.000000 0.000000 
13.585235 33.891861 33.891861 33.891861 15.109019 32.731880 6.035713 6.035713 0.000000 0.000000 0.000000 0.000000 0.000000 0.000000 0.000000 0.000000 
33.891861 24.152449 33.891861 33.891861 33.891861 17.786736 31.488379 3.272112 4.474624 6.035713 0.000000 0.000000 0.000000 0.000000 0.000000 0.000000 
0.000000 33.118065 30.566196 33.891861 33.891861 33.891861 33.891861 33.891861 7.928084 7.928084 17.786736 0.000000 0.000000 0.000000 0.000000 0.000000 
0.000000 28.717514 5.176504 28.717514 33.891861 33.896790 33.891861 12.525419 6.035713 4.474624 7.928084 27.866020 0.000000 0.000000 0.000000 0.000000 
0.000000 0.000000 26.557850 6.841317 11.102456 33.891861 33.542858 33.542858 27.866020 7.928084 4.474624 4.474624 0.000000 0.000000 0.000000 0.000000 
0.000000 0.000000 0.000000 26.557850 6.841317 33.891861 33.891861 33.891861 33.891861 33.891861 25.596493 23.109680 4.474624 0.000000 0.000000 0.000000 
0.000000 0.000000 0.000000 0.000000 5.176504 5.176504 28.717514 33.891861 33.891861 33.891861 10.109739 25.596493 3.272112 4.474624 0.000000 0.000000 
0.000000 0.000000 0.000000 0.000000 0.000000 24.152449 6.841317 30.566196 33.891861 33.891861 33.891861 6.035713 6.035713 6.035713 4.474624 0.000000 
0.000000 0.000000 0.000000 0.000000 0.000000 6.841317 5.176504 5.176504 28.717514 33.891861 33.896790 33.891861 27.866020 3.272112 6.035713 0.000000 
0.000000 0.000000 0.000000 0.000000 0.000000 0.000000 0.000000 5.176504 18.899689 5.176504 33.891861 33.542858 29.849932 3.272112 4.474624 0.000000 
0.000000 0.000000 0.000000 0.000000 0.000000 0.000000 0.000000 0.000000 5.176504 3.872327 3.872327 33.891861 33.891861 29.849932 4.474624 2.630203 
0.000000 0.000000 0.000000 0.000000 0.000000 0.000000 0.000000 0.000000 0.000000 6.841317 5.176504 5.176504 33.118065 33.891861 33.542858 2.169482 
0.000000 0.000000 0.000000 0.000000 0.000000 0.000000 0.000000 0.000000 0.000000 0.000000 5.176504 3.872327 16.210100 33.744007 0.000000 3.272112 
0.000000 0.000000 0.000000 0.000000 0.000000 0.000000 0.000000 0.000000 0.000000 0.000000 0.000000 0.000000 5.176504 5.176504 2.937188 1.444021 
