test/output/constant/M380_S000_A000_WD000.0_WS035.0/M380_S000_A000_WD000.0_WS035.0_raz.asc
ncols         9
nrows         43
xllcorner     426203.990666
yllcorner     12744655.311160
cellsize      100.000000
NODATA_value  0.000000
0 0 0 0 291 0 0 0 0 
0 0 0 291 254 68 0 0 0 
0 0 360 188 180 171 68 0 0 
0 0 291 188 180 171 68 0 0 
0 270 188 184 180 174 171 90 0 
0 291 190 187 180 172 169 68 0 
0 270 231 185 180 174 167 171 0 
0 291 188 182 180 177 171 68 0 
0 187 231 180 180 179 169 172 0 
231 247 188 180 180 177 176 171 128 
247 231 185 185 180 174 174 172 171 
231 247 183 180 180 179 176 171 167 
188 188 184 182 180 177 175 167 171 
258 190 182 180 180 178 171 169 171 
187 188 184 180 180 176 175 177 172 
188 182 180 192 180 167 169 172 172 
187 184 185 180 180 179 174 171 167 
192 181 187 185 180 174 172 174 167 
188 187 185 180 180 179 174 172 169 
187 183 180 185 180 174 176 169 169 
188 187 180 180 180 177 176 172 167 
183 180 183 180 180 178 176 177 171 
187 185 180 185 180 174 179 174 172 
184 182 180 180 180 177 177 177 175 
184 185 183 184 180 175 176 174 175 
184 180 180 180 180 178 179 176 175 
187 192 180 181 180 172 176 167 172 
180 180 183 180 180 174 176 169 177 
185 180 180 180 179 176 177 171 174 
183 180 180 180 180 176 178 179 176 
187 180 182 180 176 177 177 178 172 
180 185 180 180 180 179 177 174 177 
185 184 180 180 176 179 176 175 174 
182 180 180 180 180 177 177 177 177 
187 180 180 180 179 179 179 177 172 
0 180 182 180 180 178 177 179 0 
0 185 180 180 179 179 179 174 0 
0 180 183 180 180 178 176 179 0 
0 181 180 180 179 179 176 178 0 
0 0 182 180 180 178 177 0 0 
0 0 188 180 176 179 171 0 0 
0 0 0 180 180 176 0 0 0 
0 0 0 180 176 179 0 0 0 
