test/output/constant/M375_S060_A180_WD045.0_WS045.0/M375_S060_A180_WD045.0_WS045.0_arrival.asc
ncols         11
nrows         32
xllcorner     426403.990666
yllcorner     12745755.311160
cellsize      100.000000
NODATA_value  0.000000
0.000000 0.000000 166.032100 166.039654 0.000000 0.000000 0.000000 0.000000 0.000000 0.000000 0.000000 
0.000000 166.016050 166.000000 166.007081 166.032573 0.000000 0.000000 0.000000 0.000000 0.000000 0.000000 
0.000000 166.014162 166.000944 166.002832 166.019827 0.000000 0.000000 0.000000 0.000000 0.000000 0.000000 
166.041667 166.014162 166.002360 166.002832 166.012746 166.032573 0.000000 0.000000 0.000000 0.000000 0.000000 
166.040126 166.014634 166.003777 166.003777 166.009441 166.024547 0.000000 0.000000 0.000000 0.000000 0.000000 
166.040126 166.016522 166.005193 166.005193 166.008497 166.019355 166.036821 0.000000 0.000000 0.000000 0.000000 
166.039654 166.018411 166.007081 166.006609 166.008497 166.016050 166.030684 0.000000 0.000000 0.000000 0.000000 
166.040126 166.019827 166.008969 166.008025 166.008969 166.014634 166.025964 0.000000 0.000000 0.000000 0.000000 
166.040598 166.022187 166.011330 166.009441 166.009441 166.014162 166.022659 166.036821 0.000000 0.000000 0.000000 
0.000000 166.024547 166.013218 166.010858 166.010858 166.014162 166.020771 166.033045 0.000000 0.000000 0.000000 
0.000000 166.026908 166.015578 166.012274 166.012274 166.014162 166.019827 166.029740 0.000000 0.000000 0.000000 
0.000000 166.028796 166.017466 166.013690 166.013690 166.014634 166.019355 166.027380 166.039654 0.000000 0.000000 
0.000000 166.031156 166.019827 166.015578 166.015106 166.015578 166.019355 166.025964 166.036349 0.000000 0.000000 
0.000000 166.033517 166.022187 166.017466 166.016522 166.016522 166.019827 166.025492 166.034461 0.000000 0.000000 
0.000000 166.035405 166.024075 166.019355 166.017939 166.017939 166.020299 166.025020 166.032573 0.000000 0.000000 
0.000000 166.037765 166.026436 166.021243 166.019355 166.019355 166.020771 166.025020 166.031628 166.041070 0.000000 
0.000000 166.039654 166.028324 166.023131 166.020771 166.020771 166.021243 166.025020 166.030684 166.038709 0.000000 
0.000000 0.000000 166.030684 166.025020 166.022187 166.022187 166.022187 166.025492 166.030212 166.037765 0.000000 
0.000000 0.000000 166.033045 166.027380 166.024075 166.023603 166.023603 166.025964 166.030212 166.036821 0.000000 
0.000000 0.000000 166.035405 166.029268 166.025964 166.025020 166.025020 166.026436 166.030684 166.036349 0.000000 
0.000000 0.000000 166.037293 166.031628 166.027380 166.026436 166.026436 166.027380 166.030684 166.035877 0.000000 
0.000000 0.000000 166.039654 166.033517 166.029268 166.027852 166.027852 166.028324 166.031156 166.035877 0.000000 
0.000000 0.000000 166.041667 166.035405 166.031156 166.029268 166.029268 166.029268 166.031628 166.035877 166.041542 
0.000000 0.000000 0.000000 166.037765 166.033045 166.030684 166.030684 166.030684 166.032573 166.036349 166.041542 
0.000000 0.000000 0.000000 166.040126 166.034933 166.032573 166.032100 166.032100 166.033517 166.036821 166.041542 
0.000000 0.000000 0.000000 0.000000 166.037293 166.033989 166.033517 166.033517 166.033989 166.036821 166.041542 
0.000000 0.000000 0.000000 0.000000 166.039181 166.035877 166.034933 166.034933 166.034933 166.037765 166.041667 
0.000000 0.000000 0.000000 0.000000 166.041070 166.037765 166.036349 166.036349 166.036349 166.038709 0.000000 
0.000000 0.000000 0.000000 0.000000 0.000000 166.039654 166.037765 166.037765 166.037765 166.039181 0.000000 
0.000000 0.000000 0.000000 0.000000 0.000000 166.041542 166.039181 166.039181 166.039181 166.040126 0.000000 
0.000000 0.000000 0.000000 0.000000 0.000000 0.000000 166.041070 166.040598 166.040598 166.041070 0.000000 
0.000000 0.000000 0.000000 0.000000 0.000000 0.000000 0.000000 166.041667 166.041667 0.000000 0.000000 
