test/output/constant/M495_S000_A180_WD270.0_WS035.0/M495_S000_A180_WD270.0_WS035.0_arrival.asc
ncols         31
nrows         7
xllcorner     426603.990666
yllcorner     12748455.311160
cellsize      100.000000
NODATA_value  0.000000
0.000000 0.000000 0.000000 0.000000 0.000000 0.000000 166.039350 166.037102 166.035415 166.034291 166.033167 166.032605 166.032605 166.032605 166.032605 166.032605 166.033729 166.034291 166.035415 166.036540 166.037102 166.038226 166.039350 166.040475 166.041037 0.000000 0.000000 0.000000 0.000000 0.000000 0.000000 
0.000000 0.000000 166.033729 166.025859 166.022486 166.020799 166.020237 166.019675 166.019675 166.019675 166.020237 166.021362 166.022486 166.023048 166.024172 166.025297 166.026421 166.027545 166.028669 166.029794 166.031480 166.032605 166.033729 166.035415 166.036540 166.037664 166.039350 166.040475 166.041599 0.000000 0.000000 
166.017427 166.007870 166.006746 166.006746 166.007308 166.008432 166.009556 166.010681 166.011805 166.013492 166.014616 166.015740 166.017427 166.018551 166.020237 166.021362 166.023048 166.024172 166.025297 166.026983 166.028107 166.029794 166.030918 166.032605 166.033729 166.034853 166.036540 166.037664 166.039350 166.040475 0.000000 
166.000000 166.001124 166.002249 166.003935 166.005059 166.006746 166.007870 166.009556 166.010681 166.012367 166.013492 166.015178 166.016302 166.017989 166.019113 166.020799 166.021924 166.023610 166.024734 166.026421 166.027545 166.029232 166.030356 166.032042 166.033167 166.034853 166.035977 166.037664 166.038788 166.040475 166.041599 
166.017427 166.007870 166.006746 166.006746 166.007308 166.008432 166.009556 166.010681 166.011805 166.013492 166.014616 166.015740 166.017427 166.018551 166.020237 166.021362 166.023048 166.024172 166.025297 166.026983 166.028107 166.029794 166.030918 166.032605 166.033729 166.034853 166.036540 166.037664 166.039350 166.040475 0.000000 
0.000000 0.000000 166.033729 166.025859 166.022486 166.020799 166.020237 166.019675 166.019675 166.019675 166.020237 166.021362 166.022486 166.023048 166.024172 166.025297 166.026421 166.027545 166.028669 166.029794 166.031480 166.032605 166.033729 166.035415 166.036540 166.037664 166.039350 166.040475 166.041599 0.000000 0.000000 
0.000000 0.000000 0.000000 0.000000 0.000000 0.000000 166.039350 166.037102 166.035415 166.034291 166.033167 166.032605 166.032605 166.032605 166.032605 166.032605 166.033729 166.034291 166.035415 166.036540 166.037102 166.038226 166.039350 166.040475 166.041037 0.000000 0.000000 0.000000 0.000000 0.000000 0.000000 
