test/output/constant/M485_S060_A000_WD090.0_WS025.0/M485_S060_A000_WD090.0_WS025.0_arrival.asc
ncols         42
nrows         7
xllcorner     422503.990666
yllcorner     12748455.311160
cellsize      100.000000
NODATA_value  0.000000
0.000000 0.000000 0.000000 0.000000 0.000000 0.000000 0.000000 0.000000 0.000000 0.000000 166.041667 166.040946 166.040127 166.039718 166.038899 166.038080 166.037671 166.036852 166.036442 166.035623 166.035623 166.035623 166.035623 166.036033 166.036442 166.036852 166.037261 166.038080 166.039308 166.040537 0.000000 0.000000 0.000000 0.000000 0.000000 0.000000 0.000000 0.000000 0.000000 0.000000 0.000000 0.000000 
0.000000 0.000000 0.000000 0.000000 166.040946 166.040127 166.039308 166.038080 166.037261 166.036442 166.035214 166.034395 166.033576 166.032757 166.031529 166.030710 166.029891 166.029072 166.028253 166.027434 166.026615 166.026206 166.025387 166.024568 166.023749 166.023339 166.022520 166.021701 166.021701 166.021292 166.021701 166.022111 166.022520 166.023339 166.024568 166.026615 166.030300 166.035214 0.000000 0.000000 0.000000 0.000000 
0.000000 166.041356 166.040537 166.039308 166.038489 166.037261 166.036442 166.035214 166.034395 166.033166 166.032348 166.031119 166.030300 166.029481 166.028253 166.027434 166.026206 166.025387 166.024158 166.023339 166.022111 166.021292 166.020473 166.019245 166.018426 166.017197 166.016378 166.015150 166.014331 166.013512 166.012284 166.011465 166.010646 166.009827 166.009008 166.008189 166.007370 166.007370 166.007780 166.008599 166.013922 166.039308 
166.041667 166.040537 166.039718 166.038489 166.037671 166.036442 166.035623 166.034395 166.033576 166.032348 166.031529 166.030300 166.029481 166.028253 166.027434 166.026206 166.025387 166.024158 166.023339 166.022111 166.021292 166.020064 166.019245 166.018016 166.017197 166.015969 166.015150 166.013922 166.013103 166.011874 166.011055 166.009827 166.009008 166.007780 166.006961 166.005732 166.004914 166.003685 166.002866 166.001638 166.000819 166.000000 
0.000000 166.041356 166.040537 166.039308 166.038489 166.037261 166.036442 166.035214 166.034395 166.033166 166.032348 166.031119 166.030300 166.029481 166.028253 166.027434 166.026206 166.025387 166.024158 166.023339 166.022111 166.021292 166.020473 166.019245 166.018426 166.017197 166.016378 166.015150 166.014331 166.013512 166.012284 166.011465 166.010646 166.009827 166.009008 166.008189 166.007370 166.007370 166.007780 166.008599 166.013922 166.039308 
0.000000 0.000000 0.000000 0.000000 166.040946 166.040127 166.039308 166.038080 166.037261 166.036442 166.035214 166.034395 166.033576 166.032757 166.031529 166.030710 166.029891 166.029072 166.028253 166.027434 166.026615 166.026206 166.025387 166.024568 166.023749 166.023339 166.022520 166.021701 166.021701 166.021292 166.021701 166.022111 166.022520 166.023339 166.024568 166.026615 166.030300 166.035214 0.000000 0.000000 0.000000 0.000000 
0.000000 0.000000 0.000000 0.000000 0.000000 0.000000 0.000000 0.000000 0.000000 0.000000 166.041667 166.040946 166.040127 166.039718 166.038899 166.038080 166.037671 166.036852 166.036442 166.035623 166.035623 166.035623 166.035623 166.036033 166.036442 166.036852 166.037261 166.038080 166.039308 166.040537 0.000000 0.000000 0.000000 0.000000 0.000000 0.000000 0.000000 0.000000 0.000000 0.000000 0.000000 0.000000 
