test/output/constant/M3M480_S000_A180_WD270.0_WS025.0/M3M480_S000_A180_WD270.0_WS025.0_arrival.asc
ncols         28
nrows         9
xllcorner     426503.990666
yllcorner     12748355.311160
cellsize      100.000000
NODATA_value  0.000000
0.000000 0.000000 0.000000 0.000000 0.000000 0.000000 0.000000 166.040190 166.037638 166.037000 166.036362 166.035724 166.035724 166.035724 166.035724 166.036362 166.036362 166.037638 166.038276 166.039552 166.040828 166.041466 0.000000 0.000000 0.000000 0.000000 0.000000 0.000000 
0.000000 0.000000 0.000000 166.037000 166.032535 166.029345 166.026793 166.026155 166.025517 166.025517 166.025517 166.026155 166.026155 166.027431 166.028069 166.029345 166.030621 166.031897 166.033173 166.033810 166.035086 166.036362 166.037638 166.039552 166.040828 0.000000 0.000000 0.000000 
0.000000 166.029345 166.022966 166.018500 166.016586 166.015310 166.015310 166.015310 166.015948 166.017224 166.018500 166.019138 166.020414 166.021690 166.022966 166.024879 166.026155 166.027431 166.029345 166.030621 166.031897 166.033810 166.035086 166.036362 166.038276 166.039552 166.041466 0.000000 
166.023604 166.008293 166.005741 166.005103 166.005741 166.007017 166.008293 166.010207 166.011483 166.012759 166.014672 166.015948 166.017862 166.019138 166.020414 166.022328 166.023604 166.025517 166.026793 166.028707 166.029983 166.031897 166.033173 166.035086 166.036362 166.038276 166.039552 166.041466 
166.016586 166.000000 166.001276 166.002552 166.004466 166.005741 166.007655 166.008931 166.010845 166.012121 166.014035 166.015310 166.017224 166.018500 166.020414 166.021690 166.023604 166.024879 166.026793 166.028069 166.029983 166.031259 166.033173 166.034448 166.036362 166.037638 166.039552 166.040828 
166.023604 166.008293 166.005741 166.005103 166.005741 166.007017 166.008293 166.010207 166.011483 166.012759 166.014672 166.015948 166.017862 166.019138 166.020414 166.022328 166.023604 166.025517 166.026793 166.028707 166.029983 166.031897 166.033173 166.035086 166.036362 166.038276 166.039552 166.041466 
0.000000 166.029345 166.022966 166.018500 166.016586 166.015310 166.015310 166.015310 166.015948 166.017224 166.018500 166.019138 166.020414 166.021690 166.022966 166.024879 166.026155 166.027431 166.029345 166.030621 166.031897 166.033810 166.035086 166.036362 166.038276 166.039552 166.041466 0.000000 
0.000000 0.000000 0.000000 166.037000 166.032535 166.029345 166.026793 166.026155 166.025517 166.025517 166.025517 166.026155 166.026155 166.027431 166.028069 166.029345 166.030621 166.031897 166.033173 166.033810 166.035086 166.036362 166.037638 166.039552 166.040828 0.000000 0.000000 0.000000 
0.000000 0.000000 0.000000 0.000000 0.000000 0.000000 0.000000 166.040190 166.037638 166.037000 166.036362 166.035724 166.035724 166.035724 166.035724 166.036362 166.036362 166.037638 166.038276 166.039552 166.040828 166.041466 0.000000 0.000000 0.000000 0.000000 0.000000 0.000000 
