test/output/constant/M3M485_S060_A000_WD270.0_WS010.0/M3M485_S060_A000_WD270.0_WS010.0_arrival.asc
ncols         34
nrows         9
xllcorner     423403.990666
yllcorner     12748355.311160
cellsize      100.000000
NODATA_value  0.000000
0.000000 0.000000 0.000000 0.000000 0.000000 0.000000 166.041667 166.040751 166.039719 166.039204 166.038172 166.037140 166.036624 166.035593 166.035077 166.034561 166.034045 166.034045 166.033529 166.034045 166.034045 166.034561 166.035077 166.036109 166.037656 166.039719 0.000000 0.000000 0.000000 0.000000 0.000000 0.000000 0.000000 0.000000 
0.000000 0.000000 0.000000 166.041267 166.039719 166.038688 166.037656 166.036624 166.035077 166.034045 166.033014 166.031982 166.031466 166.030434 166.029403 166.028371 166.027339 166.026823 166.025792 166.025276 166.024760 166.024244 166.024244 166.024244 166.024760 166.025276 166.026308 166.028371 166.030950 166.036109 0.000000 0.000000 0.000000 0.000000 
0.000000 166.041267 166.039719 166.038688 166.037656 166.036109 166.035077 166.034045 166.032498 166.031466 166.029918 166.028887 166.027855 166.026308 166.025276 166.024244 166.022697 166.021665 166.020633 166.019602 166.018570 166.017538 166.017023 166.015991 166.014959 166.014959 166.014443 166.014959 166.014959 166.016507 166.020118 166.026823 166.037656 0.000000 
166.041267 166.039719 166.038688 166.037140 166.036109 166.034561 166.033529 166.031982 166.030950 166.029403 166.028371 166.026823 166.025792 166.024760 166.023213 166.022181 166.020633 166.019602 166.018054 166.017023 166.015475 166.014443 166.012896 166.011864 166.010833 166.009285 166.008253 166.007222 166.006190 166.005158 166.005158 166.005158 166.009801 166.029918 
166.040751 166.039719 166.038172 166.037140 166.035593 166.034561 166.033014 166.031982 166.030434 166.029403 166.027855 166.026823 166.025276 166.024244 166.022697 166.021665 166.020118 166.019086 166.017538 166.016507 166.014959 166.013928 166.012380 166.011348 166.009801 166.008769 166.007222 166.006190 166.004643 166.003611 166.002063 166.001032 166.000000 166.020118 
166.041267 166.039719 166.038688 166.037140 166.036109 166.034561 166.033529 166.031982 166.030950 166.029403 166.028371 166.026823 166.025792 166.024760 166.023213 166.022181 166.020633 166.019602 166.018054 166.017023 166.015475 166.014443 166.012896 166.011864 166.010833 166.009285 166.008253 166.007222 166.006190 166.005158 166.005158 166.005158 166.009801 166.029918 
0.000000 166.041267 166.039719 166.038688 166.037656 166.036109 166.035077 166.034045 166.032498 166.031466 166.029918 166.028887 166.027855 166.026308 166.025276 166.024244 166.022697 166.021665 166.020633 166.019602 166.018570 166.017538 166.017023 166.015991 166.014959 166.014959 166.014443 166.014959 166.014959 166.016507 166.020118 166.026823 166.037656 0.000000 
0.000000 0.000000 0.000000 166.041267 166.039719 166.038688 166.037656 166.036624 166.035077 166.034045 166.033014 166.031982 166.031466 166.030434 166.029403 166.028371 166.027339 166.026823 166.025792 166.025276 166.024760 166.024244 166.024244 166.024244 166.024760 166.025276 166.026308 166.028371 166.030950 166.036109 0.000000 0.000000 0.000000 0.000000 
0.000000 0.000000 0.000000 0.000000 0.000000 0.000000 166.041667 166.040751 166.039719 166.039204 166.038172 166.037140 166.036624 166.035593 166.035077 166.034561 166.034045 166.034045 166.033529 166.034045 166.034045 166.034561 166.035077 166.036109 166.037656 166.039719 0.000000 0.000000 0.000000 0.000000 0.000000 0.000000 0.000000 0.000000 
