test/output/constant/M3M400_S060_A180_WD135.0_WS045.0/M3M400_S060_A180_WD135.0_WS045.0_arrival.asc
ncols         16
nrows         41
xllcorner     426403.990666
yllcorner     12748655.311160
cellsize      100.000000
NODATA_value  0.000000
0.000000 0.000000 0.000000 0.000000 0.000000 0.000000 0.000000 0.000000 0.000000 0.000000 0.000000 0.000000 166.041450 166.041450 166.041667 0.000000 
0.000000 0.000000 0.000000 0.000000 0.000000 0.000000 0.000000 0.000000 0.000000 0.000000 0.000000 166.040735 166.040378 166.040378 166.041093 0.000000 
0.000000 0.000000 0.000000 0.000000 0.000000 0.000000 0.000000 0.000000 0.000000 0.000000 166.040735 166.039663 166.039306 166.039306 166.040378 0.000000 
0.000000 0.000000 0.000000 0.000000 0.000000 0.000000 0.000000 0.000000 0.000000 166.041093 166.039306 166.038234 166.038234 166.038591 166.039663 166.041667 
0.000000 0.000000 0.000000 0.000000 0.000000 0.000000 0.000000 0.000000 0.000000 166.039663 166.037877 166.037162 166.037162 166.037877 166.039306 166.041450 
0.000000 0.000000 0.000000 0.000000 0.000000 0.000000 0.000000 0.000000 166.040378 166.037877 166.036447 166.036090 166.036090 166.036805 166.038591 166.041450 
0.000000 0.000000 0.000000 0.000000 0.000000 0.000000 0.000000 166.041667 166.038949 166.036447 166.035375 166.035018 166.035375 166.036447 166.038234 166.041450 
0.000000 0.000000 0.000000 0.000000 0.000000 0.000000 0.000000 166.040021 166.036805 166.035018 166.033946 166.033946 166.034303 166.035733 166.038234 166.041093 
0.000000 0.000000 0.000000 0.000000 0.000000 0.000000 0.000000 166.037877 166.035375 166.033589 166.032874 166.032874 166.033589 166.035375 166.037877 166.041450 
0.000000 0.000000 0.000000 0.000000 0.000000 0.000000 166.040021 166.036090 166.033589 166.032159 166.031802 166.031802 166.032874 166.035018 166.037877 166.041450 
0.000000 0.000000 0.000000 0.000000 0.000000 0.000000 166.037877 166.034303 166.032159 166.030730 166.030730 166.031087 166.032517 166.034661 166.037877 166.041667 
0.000000 0.000000 0.000000 0.000000 0.000000 166.040378 166.036090 166.032517 166.030730 166.029658 166.029658 166.030015 166.031802 166.034661 166.038234 0.000000 
0.000000 0.000000 0.000000 0.000000 0.000000 166.038234 166.033946 166.031087 166.029301 166.028586 166.028586 166.029658 166.031802 166.034661 166.038234 0.000000 
0.000000 0.000000 0.000000 0.000000 166.041667 166.036447 166.032159 166.029301 166.027871 166.027514 166.027871 166.029301 166.031445 166.034661 166.038591 0.000000 
0.000000 0.000000 0.000000 0.000000 166.039663 166.034303 166.030373 166.027871 166.026442 166.026442 166.026799 166.028586 166.031445 166.035018 166.039306 0.000000 
0.000000 0.000000 0.000000 0.000000 166.037162 166.032159 166.028586 166.026085 166.025370 166.025370 166.026085 166.028229 166.031445 166.035018 166.040021 0.000000 
0.000000 0.000000 0.000000 0.000000 166.035018 166.030373 166.026799 166.024656 166.024298 166.024298 166.025728 166.028229 166.031445 166.035733 166.041450 0.000000 
0.000000 0.000000 0.000000 166.039663 166.032874 166.028229 166.025013 166.023584 166.023226 166.023584 166.025013 166.028229 166.031802 166.036447 0.000000 0.000000 
0.000000 0.000000 0.000000 166.037162 166.030730 166.026442 166.023584 166.022154 166.022154 166.022869 166.025013 166.028229 166.032159 166.037877 0.000000 0.000000 
0.000000 0.000000 0.000000 166.034661 166.028586 166.024298 166.022154 166.021082 166.021082 166.022154 166.025013 166.028229 166.032874 166.039306 0.000000 0.000000 
0.000000 0.000000 166.040378 166.032517 166.026442 166.022512 166.020368 166.020010 166.020010 166.021797 166.024656 166.028586 166.034303 166.041093 0.000000 0.000000 
0.000000 0.000000 166.037877 166.030373 166.024656 166.020725 166.018938 166.018938 166.019296 166.021440 166.025013 166.029301 166.035733 0.000000 0.000000 0.000000 
0.000000 0.000000 166.035375 166.027871 166.022512 166.019296 166.017866 166.017866 166.018938 166.021440 166.025013 166.030373 166.037519 0.000000 0.000000 0.000000 
0.000000 0.000000 166.032874 166.025728 166.020725 166.017509 166.016794 166.016794 166.018581 166.021440 166.025728 166.032159 166.040021 0.000000 0.000000 0.000000 
0.000000 0.000000 166.030730 166.023226 166.018581 166.016080 166.015722 166.016080 166.018224 166.021797 166.026799 166.033946 0.000000 0.000000 0.000000 0.000000 
0.000000 166.041450 166.028229 166.021082 166.016794 166.014650 166.014650 166.015365 166.018224 166.022154 166.028586 166.036447 0.000000 0.000000 0.000000 0.000000 
0.000000 166.039306 166.026085 166.018938 166.015008 166.013578 166.013578 166.015008 166.018224 166.023226 166.030373 166.039306 0.000000 0.000000 0.000000 0.000000 
0.000000 166.036805 166.023584 166.016794 166.013221 166.012506 166.012506 166.015008 166.018581 166.024656 166.033231 0.000000 0.000000 0.000000 0.000000 0.000000 
0.000000 166.034303 166.021082 166.014650 166.011792 166.011434 166.012149 166.015008 166.019653 166.026799 166.036447 0.000000 0.000000 0.000000 0.000000 0.000000 
0.000000 166.032159 166.018581 166.012864 166.010362 166.010362 166.011792 166.015008 166.021082 166.030015 166.040735 0.000000 0.000000 0.000000 0.000000 0.000000 
0.000000 166.029658 166.016437 166.010720 166.009290 166.009290 166.011792 166.016080 166.023584 166.033589 0.000000 0.000000 0.000000 0.000000 0.000000 0.000000 
0.000000 166.027157 166.013936 166.008933 166.008219 166.008576 166.011792 166.017509 166.026442 166.037877 0.000000 0.000000 0.000000 0.000000 0.000000 0.000000 
0.000000 166.025013 166.011792 166.007504 166.007147 166.008576 166.012149 166.020010 166.030730 0.000000 0.000000 0.000000 0.000000 0.000000 0.000000 0.000000 
166.041093 166.022512 166.009290 166.006075 166.006075 166.008219 166.013936 166.023584 166.036090 0.000000 0.000000 0.000000 0.000000 0.000000 0.000000 0.000000 
166.040021 166.020368 166.007147 166.005003 166.005360 166.008576 166.016794 166.028586 0.000000 0.000000 0.000000 0.000000 0.000000 0.000000 0.000000 0.000000 
166.038949 166.017866 166.005003 166.003931 166.005003 166.010362 166.021082 166.035018 0.000000 0.000000 0.000000 0.000000 0.000000 0.000000 0.000000 0.000000 
166.038949 166.016080 166.003216 166.002859 166.005003 166.013936 166.027157 0.000000 0.000000 0.000000 0.000000 0.000000 0.000000 0.000000 0.000000 0.000000 
166.038591 166.014293 166.001787 166.001787 166.006789 166.020010 166.036090 0.000000 0.000000 0.000000 0.000000 0.000000 0.000000 0.000000 0.000000 0.000000 
166.040378 166.013936 166.000715 166.001787 166.012149 166.028943 0.000000 0.000000 0.000000 0.000000 0.000000 0.000000 0.000000 0.000000 0.000000 0.000000 
0.000000 166.014293 166.000000 166.004645 166.022512 0.000000 0.000000 0.000000 0.000000 0.000000 0.000000 0.000000 0.000000 0.000000 0.000000 0.000000 
0.000000 166.033231 166.025370 166.030730 0.000000 0.000000 0.000000 0.000000 0.000000 0.000000 0.000000 0.000000 0.000000 0.000000 0.000000 0.000000 
