test/output/constant/M3M475_S000_A090_WD180.0_WS050.0/M3M475_S000_A090_WD180.0_WS050.0_arrival.asc
ncols         9
nrows         49
xllcorner     426203.990666
yllcorner     12748755.311160
cellsize      100.000000
NODATA_value  0.000000
0.000000 0.000000 0.000000 0.000000 166.041537 0.000000 0.000000 0.000000 0.000000 
0.000000 0.000000 0.000000 166.041188 166.040839 166.041188 0.000000 0.000000 0.000000 
0.000000 0.000000 0.000000 166.040490 166.039792 166.040490 0.000000 0.000000 0.000000 
0.000000 0.000000 166.041188 166.039443 166.039094 166.039443 166.041188 0.000000 0.000000 
0.000000 0.000000 166.040141 166.038745 166.038047 166.038745 166.040141 0.000000 0.000000 
0.000000 0.000000 166.039443 166.037698 166.037348 166.037698 166.039443 0.000000 0.000000 
0.000000 0.000000 166.038745 166.036999 166.036301 166.036999 166.038745 0.000000 0.000000 
0.000000 166.041188 166.037698 166.035952 166.035603 166.035952 166.037698 166.041188 0.000000 
0.000000 166.040490 166.036999 166.035254 166.034556 166.035254 166.036999 166.040490 0.000000 
0.000000 166.039443 166.035952 166.034207 166.033858 166.034207 166.035952 166.039443 0.000000 
0.000000 166.038745 166.035254 166.033509 166.032811 166.033509 166.035254 166.038745 0.000000 
0.000000 166.038047 166.034556 166.032811 166.032113 166.032811 166.034556 166.038047 0.000000 
0.000000 166.037348 166.033858 166.031764 166.031066 166.031764 166.033858 166.037348 0.000000 
0.000000 166.036650 166.032811 166.031066 166.030367 166.031066 166.032811 166.036650 0.000000 
0.000000 166.035952 166.032113 166.030018 166.029320 166.030018 166.032113 166.035952 0.000000 
166.041537 166.035254 166.031415 166.029320 166.028622 166.029320 166.031415 166.035254 166.041537 
166.040839 166.034556 166.030367 166.028273 166.027575 166.028273 166.030367 166.034556 166.040839 
166.040141 166.034207 166.029669 166.027575 166.026877 166.027575 166.029669 166.034207 166.040141 
166.039792 166.033509 166.028971 166.026528 166.025830 166.026528 166.028971 166.033509 166.039792 
166.039094 166.032811 166.027924 166.025830 166.025132 166.025830 166.027924 166.032811 166.039094 
166.039094 166.032113 166.027226 166.024783 166.024085 166.024783 166.027226 166.032113 166.039094 
166.038745 166.031415 166.026528 166.024085 166.023386 166.024085 166.026528 166.031415 166.038745 
166.038745 166.031066 166.025830 166.023037 166.022339 166.023037 166.025830 166.031066 166.038745 
166.038745 166.030367 166.024783 166.022339 166.021641 166.022339 166.024783 166.030367 166.038745 
166.038745 166.029669 166.024085 166.021292 166.020594 166.021292 166.024085 166.029669 166.038745 
166.039094 166.029320 166.023386 166.020594 166.019896 166.020594 166.023386 166.029320 166.039094 
166.039094 166.028622 166.022688 166.019547 166.018849 166.019547 166.022688 166.028622 166.039094 
166.039094 166.028273 166.021990 166.018849 166.018151 166.018849 166.021990 166.028273 166.039094 
166.039792 166.027924 166.021292 166.017802 166.017104 166.017802 166.021292 166.027924 166.039792 
166.040141 166.027575 166.020594 166.017104 166.016405 166.017104 166.020594 166.027575 166.040141 
166.040839 166.027575 166.019896 166.016056 166.015358 166.016056 166.019896 166.027575 166.040839 
166.041537 166.027924 166.019547 166.015358 166.014660 166.015358 166.019547 166.027924 166.041537 
0.000000 166.027924 166.018849 166.014311 166.013613 166.014311 166.018849 166.027924 0.000000 
0.000000 166.027924 166.018151 166.013613 166.012915 166.013613 166.018151 166.027924 0.000000 
0.000000 166.028622 166.017802 166.012915 166.011868 166.012915 166.017802 166.028622 0.000000 
0.000000 166.029320 166.017104 166.011868 166.011170 166.011868 166.017104 166.029320 0.000000 
0.000000 166.029669 166.016754 166.011170 166.010122 166.011170 166.016754 166.029669 0.000000 
0.000000 166.030717 166.016754 166.010472 166.009424 166.010472 166.016754 166.030717 0.000000 
0.000000 166.032113 166.016754 166.009424 166.008377 166.009424 166.016754 166.032113 0.000000 
0.000000 166.034207 166.016754 166.008726 166.007679 166.008726 166.016754 166.034207 0.000000 
0.000000 166.036301 166.017453 166.008028 166.006632 166.008028 166.017453 166.036301 0.000000 
0.000000 166.039443 166.018151 166.007330 166.005934 166.007330 166.018151 166.039443 0.000000 
0.000000 0.000000 166.019198 166.006632 166.004887 166.006632 166.019198 0.000000 0.000000 
0.000000 0.000000 166.021292 166.005934 166.004189 166.005934 166.021292 0.000000 0.000000 
0.000000 0.000000 166.024434 166.005585 166.003141 166.005585 166.024434 0.000000 0.000000 
0.000000 0.000000 166.029669 166.005585 166.002443 166.005585 166.029669 0.000000 0.000000 
0.000000 0.000000 166.040490 166.006283 166.001396 166.006283 166.040490 0.000000 0.000000 
0.000000 0.000000 0.000000 166.009075 166.000698 166.009075 0.000000 0.000000 0.000000 
0.000000 0.000000 0.000000 166.020594 166.000000 166.020594 0.000000 0.000000 0.000000 
