test/output/constant/M3M465_S060_A090_WD000.0_WS030.0/M3M465_S060_A090_WD000.0_WS030.0_arrival.asc
ncols         7
nrows         45
xllcorner     426303.990666
yllcorner     12744355.311160
cellsize      100.000000
NODATA_value  0.000000
0.000000 0.000000 0.000000 166.000000 0.000000 0.000000 0.000000 
0.000000 0.000000 166.016227 166.000755 166.016227 0.000000 0.000000 
0.000000 0.000000 166.009812 166.001510 166.009812 0.000000 0.000000 
0.000000 0.000000 166.008302 166.002642 166.008302 0.000000 0.000000 
0.000000 166.040757 166.007548 166.003396 166.007548 166.040757 0.000000 
0.000000 166.034719 166.007548 166.004529 166.007548 166.034719 0.000000 
0.000000 166.030190 166.007925 166.005283 166.007925 166.030190 0.000000 
0.000000 166.027171 166.008680 166.006415 166.008680 166.027171 0.000000 
0.000000 166.025284 166.009057 166.007170 166.009057 166.025284 0.000000 
0.000000 166.024152 166.009812 166.008302 166.009812 166.024152 0.000000 
0.000000 166.023020 166.010567 166.009057 166.010567 166.023020 0.000000 
0.000000 166.022643 166.011699 166.010189 166.011699 166.022643 0.000000 
0.000000 166.022265 166.012453 166.010944 166.012453 166.022265 0.000000 
0.000000 166.022265 166.013586 166.012076 166.013586 166.022265 0.000000 
166.041134 166.022265 166.014340 166.012831 166.014340 166.022265 166.041134 
166.040002 166.022265 166.015095 166.013963 166.015095 166.022265 166.040002 
166.038870 166.022643 166.016227 166.014718 166.016227 166.022643 166.038870 
166.038115 166.023397 166.016982 166.015850 166.016982 166.023397 166.038115 
166.037738 166.023775 166.018114 166.016605 166.018114 166.023775 166.037738 
166.037360 166.024529 166.018869 166.017737 166.018869 166.024529 166.037360 
166.036983 166.025284 166.020001 166.018491 166.020001 166.025284 166.036983 
166.036605 166.025662 166.020756 166.019624 166.020756 166.025662 166.036605 
166.036605 166.026416 166.021510 166.020378 166.021510 166.026416 166.036605 
166.036605 166.027171 166.022643 166.021510 166.022643 166.027171 166.036605 
166.036605 166.027926 166.023397 166.022265 166.023397 166.027926 166.036605 
166.036983 166.028681 166.024529 166.023397 166.024529 166.028681 166.036983 
166.037360 166.029058 166.025284 166.024152 166.025284 166.029058 166.037360 
166.038115 166.029813 166.026416 166.025284 166.026416 166.029813 166.038115 
166.038492 166.030567 166.027171 166.026039 166.027171 166.030567 166.038492 
166.039247 166.031700 166.027926 166.027171 166.027926 166.031700 166.039247 
166.040002 166.032454 166.029058 166.027926 166.029058 166.032454 166.040002 
166.040379 166.033209 166.029813 166.029058 166.029813 166.033209 166.040379 
166.041134 166.033964 166.030945 166.029813 166.030945 166.033964 166.041134 
166.041667 166.035096 166.031700 166.030945 166.031700 166.035096 166.041667 
0.000000 166.035851 166.032832 166.031700 166.032832 166.035851 0.000000 
0.000000 166.036983 166.033586 166.032832 166.033586 166.036983 0.000000 
0.000000 166.037738 166.034719 166.033586 166.034719 166.037738 0.000000 
0.000000 166.038492 166.035473 166.034719 166.035473 166.038492 0.000000 
0.000000 166.039247 166.036605 166.035473 166.036605 166.039247 0.000000 
0.000000 166.040379 166.037360 166.036605 166.037360 166.040379 0.000000 
0.000000 166.041134 166.038492 166.037360 166.038492 166.041134 0.000000 
0.000000 0.000000 166.039247 166.038492 166.039247 0.000000 0.000000 
0.000000 0.000000 166.040002 166.039247 166.040002 0.000000 0.000000 
0.000000 0.000000 166.041134 166.040379 166.041134 0.000000 0.000000 
0.000000 0.000000 0.000000 166.041134 0.000000 0.000000 0.000000 
