test/output/constant/M385_S060_A090_WD315.0_WS010.0/M385_S060_A090_WD315.0_WS010.0_intensity.asc
ncols         13
nrows         55
xllcorner     426403.990666
yllcorner     12743355.311160
cellsize      100.000000
NODATA_value  0.000000
0 606 0 927 0 0 0 0 0 0 0 0 0 
0 16789 81495 55849 627 0 0 0 0 0 0 0 0 
0 16789 81495 72614 49135 0 0 0 0 0 0 0 0 
0 29119 81495 76510 49135 2106 0 0 0 0 0 0 0 
0 29119 81495 81361 55849 55849 0 0 0 0 0 0 0 
16789 42924 35939 81495 72614 49135 1081 0 0 0 0 0 0 
35939 49862 76868 81495 81495 55849 55849 0 0 0 0 0 0 
29119 42924 81495 81495 81495 55849 55849 0 0 0 0 0 0 
22670 42924 76868 81495 81495 55849 55849 55849 0 0 0 0 0 
16789 42924 73081 81495 81495 81016 62124 4070 0 0 0 0 0 
42924 29119 62761 81495 81495 81495 62124 55849 0 0 0 0 0 
22670 49862 35939 81495 72614 62124 55849 55849 0 0 0 0 0 
49862 35939 79577 42924 81495 81495 81361 55849 55849 0 0 0 0 
29119 56542 62761 81495 81495 81495 72614 62124 55849 0 0 0 0 
16789 42924 42924 81495 81495 81495 76510 55849 55849 0 0 0 0 
0 35939 22670 68331 81495 81495 81495 62124 55849 0 0 0 0 
0 49862 62761 81126 81495 81495 62124 55849 55849 55849 0 0 0 
0 42924 49862 81495 81495 81495 76510 67769 55849 62124 0 0 0 
0 49862 29119 35939 81495 81495 81495 81495 55849 55849 0 0 0 
0 62761 62761 76868 81495 81495 79340 81495 55849 55849 0 0 0 
0 49862 49862 79577 68331 81495 81495 55849 79340 55849 55849 0 0 
0 29119 29119 81495 81495 81495 81495 72614 79340 76510 62124 0 0 
0 56542 68331 29119 81495 81495 79340 81495 62124 62124 55849 0 0 
0 49862 56542 81126 81495 81495 81495 81495 81495 79340 55849 0 0 
0 68331 42924 73081 81126 81495 81495 81016 72614 81361 55849 0 0 
0 62761 62761 68331 73081 81495 81495 81495 79340 81495 55849 55849 0 
0 42924 42924 35939 81495 81495 81495 81495 79340 79340 76510 55849 0 
0 0 22670 22670 62761 81495 81495 81495 79340 67769 76510 55849 0 
0 0 62761 76868 73081 81126 81495 81495 81495 81495 79340 55849 0 
0 0 49862 56542 81126 81495 81495 72614 72614 55849 72614 72614 0 
0 0 73081 62761 81495 81495 81495 81495 81495 81495 81495 79340 0 
0 0 56542 29119 81495 76868 81495 81495 76510 81361 76510 81495 0 
0 0 49862 62761 62761 81495 81495 81495 81495 72614 81495 72614 62124 
0 0 62761 56542 79577 81495 76868 81495 81495 76510 79340 81016 79340 
0 0 49862 22670 81495 81495 81495 81495 81495 81495 81495 72614 55849 
0 0 0 68331 81495 81495 81495 81495 81495 72614 81495 81495 55849 
0 0 0 73081 29119 76868 81495 81495 81495 81495 81361 72614 81495 
0 0 0 49862 81495 76868 81495 81495 81495 81495 81361 81495 81495 
0 0 0 22670 73081 81495 79577 81495 81495 81495 81495 62124 79340 
0 0 0 0 68331 81495 81495 81495 81495 81495 81495 76510 76510 
0 0 0 0 68331 29119 81495 81495 81495 81495 79340 81495 81495 
0 0 0 0 56542 73081 79577 62761 81495 81495 81495 81495 79340 
0 0 0 0 35939 79577 81495 81495 81495 81495 81495 81495 81495 
0 0 0 0 0 81126 35939 81495 81495 81495 81495 81495 81495 
0 0 0 0 0 42924 81495 81495 81495 81495 81495 81495 72614 
0 0 0 0 0 68331 22670 81495 81495 81495 81495 81495 81495 
0 0 0 0 0 76868 62761 68331 81495 81495 79340 81495 79340 
0 0 0 0 0 0 81495 81495 81495 81495 81495 81495 79340 
0 0 0 0 0 0 81495 68331 56542 81495 81495 76510 72614 
0 0 0 0 0 0 0 81495 81495 81495 81495 81495 81495 
0 0 0 0 0 0 0 79577 81495 81495 81495 81495 81495 
0 0 0 0 0 0 0 81495 81495 81495 79340 81495 76510 
0 0 0 0 0 0 0 0 81495 81495 81495 81495 0 
0 0 0 0 0 0 0 0 81495 81495 81495 81495 0 
0 0 0 0 0 0 0 0 0 81495 81495 81495 0 
