test/output/constant/M360_S060_A180_WD045.0_WS025.0/M360_S060_A180_WD045.0_WS025.0_arrival.asc
ncols         17
nrows         16
xllcorner     426503.990666
yllcorner     12747355.311160
cellsize      100.000000
NODATA_value  0.000000
166.033319 166.024232 166.026504 166.034833 0.000000 0.000000 0.000000 0.000000 0.000000 0.000000 0.000000 0.000000 0.000000 0.000000 0.000000 0.000000 0.000000 
166.021960 166.000000 166.001514 166.009087 166.019688 166.030290 166.041648 0.000000 0.000000 0.000000 0.000000 0.000000 0.000000 0.000000 0.000000 0.000000 0.000000 
166.025746 166.001514 166.001514 166.004543 166.009087 166.017417 166.026504 166.037105 0.000000 0.000000 0.000000 0.000000 0.000000 0.000000 0.000000 0.000000 0.000000 
166.039377 166.011359 166.004543 166.004543 166.007572 166.010601 166.017417 166.024989 166.034076 0.000000 0.000000 0.000000 0.000000 0.000000 0.000000 0.000000 0.000000 
0.000000 166.024989 166.011359 166.007572 166.007572 166.009844 166.013630 166.018174 166.024989 166.033319 166.041667 0.000000 0.000000 0.000000 0.000000 0.000000 0.000000 
0.000000 166.039377 166.021960 166.012873 166.010601 166.010601 166.012873 166.015902 166.019688 166.026504 166.033319 166.040891 0.000000 0.000000 0.000000 0.000000 0.000000 
0.000000 0.000000 166.034076 166.021203 166.015145 166.013630 166.013630 166.015902 166.018174 166.022717 166.028018 166.034076 166.041648 0.000000 0.000000 0.000000 0.000000 
0.000000 0.000000 0.000000 166.031804 166.021960 166.017417 166.016659 166.016659 166.018174 166.021203 166.024989 166.029532 166.035590 0.000000 0.000000 0.000000 0.000000 
0.000000 0.000000 0.000000 0.000000 166.031804 166.024232 166.020446 166.019688 166.019688 166.021203 166.024232 166.027261 166.031804 166.037105 0.000000 0.000000 0.000000 
0.000000 0.000000 0.000000 0.000000 0.000000 166.032561 166.026504 166.022717 166.021960 166.022717 166.024232 166.026504 166.029532 166.034076 166.038619 0.000000 0.000000 
0.000000 0.000000 0.000000 0.000000 0.000000 166.041648 166.033319 166.028775 166.025746 166.024989 166.024989 166.026504 166.029532 166.032561 166.036348 166.040891 0.000000 
0.000000 0.000000 0.000000 0.000000 0.000000 0.000000 0.000000 166.035590 166.031047 166.028775 166.028018 166.028018 166.029532 166.032561 166.034833 166.038619 0.000000 
0.000000 0.000000 0.000000 0.000000 0.000000 0.000000 0.000000 0.000000 166.037105 166.034076 166.031804 166.031047 166.031047 166.032561 166.034833 166.037862 166.040891 
0.000000 0.000000 0.000000 0.000000 0.000000 0.000000 0.000000 0.000000 0.000000 166.039377 166.036348 166.034076 166.034076 166.034076 166.035590 166.037862 166.040891 
0.000000 0.000000 0.000000 0.000000 0.000000 0.000000 0.000000 0.000000 0.000000 0.000000 166.041648 166.038619 166.037105 166.037105 166.037105 166.038619 166.040134 
0.000000 0.000000 0.000000 0.000000 0.000000 0.000000 0.000000 0.000000 0.000000 0.000000 0.000000 0.000000 166.041648 166.040134 166.039377 166.040134 166.040891 
