test/output/constant/M360_S060_A180_WD045.0_WS025.0/M360_S060_A180_WD045.0_WS025.0_ros.asc
ncols         17
nrows         16
xllcorner     426503.990666
yllcorner     12747355.311160
cellsize      100.000000
NODATA_value  0.000000
1.444021 4.474624 2.169482 2.630203 0.000000 0.000000 0.000000 0.000000 0.000000 0.000000 0.000000 0.000000 0.000000 0.000000 0.000000 0.000000 0.000000 
3.872327 -1.000000 33.542858 4.474624 4.474624 6.035713 4.474624 0.000000 0.000000 0.000000 0.000000 0.000000 0.000000 0.000000 0.000000 0.000000 0.000000 
5.176504 33.744007 33.891861 29.849932 3.272112 3.272112 25.596493 4.474624 0.000000 0.000000 0.000000 0.000000 0.000000 0.000000 0.000000 0.000000 0.000000 
3.872327 16.210100 33.891861 33.891861 33.891861 33.896790 6.035713 3.272112 4.474624 0.000000 0.000000 0.000000 0.000000 0.000000 0.000000 0.000000 0.000000 
0.000000 3.872327 33.891861 33.744007 33.542858 33.891861 6.035713 25.596493 31.488379 4.474624 27.866020 0.000000 0.000000 0.000000 0.000000 0.000000 0.000000 
0.000000 5.176504 2.476438 33.891861 33.891861 33.896790 33.891861 33.891861 25.596493 4.474624 33.542858 17.786736 0.000000 0.000000 0.000000 0.000000 0.000000 
0.000000 0.000000 18.899689 21.573862 33.891861 33.891861 33.891861 33.891861 33.891861 4.474624 4.474624 33.542858 33.542858 0.000000 0.000000 0.000000 0.000000 
0.000000 0.000000 0.000000 18.899689 18.899689 28.717514 33.891861 33.891861 33.891861 33.891861 33.891861 33.891861 4.474624 0.000000 0.000000 0.000000 0.000000 
0.000000 0.000000 0.000000 0.000000 2.937188 33.891861 30.566196 33.891861 33.891861 33.542858 33.891861 33.891861 3.272112 33.891861 0.000000 0.000000 0.000000 
0.000000 0.000000 0.000000 0.000000 0.000000 2.476438 2.937188 28.717514 33.891861 33.542858 33.891861 33.891861 33.891861 6.035713 33.891861 0.000000 0.000000 
0.000000 0.000000 0.000000 0.000000 0.000000 21.573862 24.152449 2.476438 33.891861 33.891861 33.896790 33.891861 17.786736 33.891861 33.891861 27.866020 0.000000 
0.000000 0.000000 0.000000 0.000000 0.000000 0.000000 0.000000 33.891861 33.891861 33.891861 33.891861 33.891861 33.891861 15.109019 31.488379 33.891861 0.000000 
0.000000 0.000000 0.000000 0.000000 0.000000 0.000000 0.000000 0.000000 26.557850 33.891861 33.891861 33.891861 33.891861 33.891861 33.891861 33.891861 33.542858 
0.000000 0.000000 0.000000 0.000000 0.000000 0.000000 0.000000 0.000000 0.000000 26.557850 33.891861 30.566196 33.891861 33.891861 33.891861 33.891861 33.891861 
0.000000 0.000000 0.000000 0.000000 0.000000 0.000000 0.000000 0.000000 0.000000 0.000000 33.744007 33.118065 33.891861 33.891861 33.891861 33.891861 33.542858 
0.000000 0.000000 0.000000 0.000000 0.000000 0.000000 0.000000 0.000000 0.000000 0.000000 0.000000 0.000000 33.891861 33.891861 33.744007 33.891861 33.891861 
