test/output/constant/C2_S060_A270_WD225.0_WS010.0/C2_S060_A270_WD225.0_WS010.0_arrival.asc
ncols         8
nrows         25
xllcorner     426503.990666
yllcorner     12748755.311160
cellsize      100.000000
NODATA_value  0.000000
0.000000 0.000000 0.000000 0.000000 0.000000 166.041213 166.041213 0.000000 
0.000000 0.000000 0.000000 0.000000 166.040537 166.039186 166.039186 0.000000 
0.000000 0.000000 0.000000 0.000000 166.038510 166.037834 166.037834 166.041213 
0.000000 0.000000 0.000000 166.039861 166.036483 166.035808 166.036483 166.040537 
0.000000 0.000000 0.000000 166.037159 166.034456 166.034456 166.035808 166.040537 
0.000000 0.000000 166.040537 166.034456 166.032430 166.032430 166.034456 166.040537 
0.000000 0.000000 166.037834 166.032430 166.031078 166.031078 166.033781 166.040537 
0.000000 0.000000 166.035132 166.029727 166.029051 166.029051 166.033105 166.041213 
0.000000 166.041213 166.032430 166.027700 166.027025 166.028376 166.033105 166.041213 
0.000000 166.038510 166.029727 166.025673 166.025673 166.027025 166.033105 0.000000 
0.000000 166.035132 166.027025 166.023647 166.023647 166.026349 166.033781 0.000000 
0.000000 166.032430 166.024322 166.022295 166.022295 166.025673 166.033781 0.000000 
0.000000 166.029051 166.022295 166.020268 166.020944 166.025673 166.035132 0.000000 
0.000000 166.026349 166.019593 166.018917 166.019593 166.026349 166.037159 0.000000 
166.041667 166.023647 166.016890 166.016890 166.018917 166.026349 166.039861 0.000000 
166.039186 166.020268 166.014864 166.014864 166.018242 166.027700 0.000000 0.000000 
166.036483 166.017566 166.013512 166.013512 166.018917 166.030403 0.000000 0.000000 
166.033105 166.014864 166.011485 166.012161 166.018917 166.034456 0.000000 0.000000 
166.030403 166.011485 166.010134 166.011485 166.020268 166.041213 0.000000 0.000000 
166.027700 166.009459 166.008107 166.011485 166.024322 0.000000 0.000000 0.000000 
166.025673 166.006756 166.006081 166.011485 166.031078 0.000000 0.000000 0.000000 
166.024998 166.004729 166.004729 166.013512 0.000000 0.000000 0.000000 0.000000 
166.024998 166.002702 166.004054 166.020944 0.000000 0.000000 0.000000 0.000000 
166.027700 166.001351 166.004054 166.041213 0.000000 0.000000 0.000000 0.000000 
0.000000 166.000000 166.015539 0.000000 0.000000 0.000000 0.000000 0.000000 
