test/output/constant/M3M480_S060_A000_WD270.0_WS010.0/M3M480_S060_A000_WD270.0_WS010.0_arrival.asc
ncols         32
nrows         9
xllcorner     423603.990666
yllcorner     12748355.311160
cellsize      100.000000
NODATA_value  0.000000
0.000000 0.000000 0.000000 0.000000 0.000000 0.000000 0.000000 0.000000 166.040894 166.040334 166.039214 166.038093 166.037533 166.036973 166.036413 166.035853 166.035853 166.035853 166.036413 166.036413 166.036973 166.038093 166.039774 166.041455 0.000000 0.000000 0.000000 0.000000 0.000000 0.000000 0.000000 0.000000 
0.000000 0.000000 0.000000 0.000000 166.040894 166.039214 166.038093 166.036973 166.035853 166.034732 166.033612 166.032491 166.031371 166.030811 166.029690 166.028570 166.027450 166.026889 166.026329 166.025769 166.025769 166.025769 166.026329 166.026889 166.028010 166.029690 166.033052 166.037533 0.000000 0.000000 0.000000 0.000000 
0.000000 166.041667 166.040334 166.039214 166.038093 166.036413 166.035292 166.034172 166.032491 166.031371 166.029690 166.028570 166.027450 166.026329 166.024649 166.023528 166.022408 166.021288 166.020167 166.019047 166.017926 166.017366 166.016246 166.015686 166.015686 166.015686 166.016246 166.017366 166.021288 166.026889 166.039214 0.000000 
166.041667 166.040334 166.039214 166.037533 166.036413 166.034732 166.033612 166.031931 166.030811 166.029130 166.028010 166.026329 166.025209 166.024089 166.022408 166.021288 166.019607 166.018487 166.016806 166.015686 166.014005 166.012885 166.011764 166.010084 166.008963 166.007843 166.006722 166.005602 166.005602 166.005602 166.009523 166.030811 
166.041455 166.040334 166.038654 166.037533 166.035853 166.034732 166.033052 166.031931 166.030251 166.029130 166.027450 166.026329 166.024649 166.023528 166.021848 166.020727 166.019047 166.017926 166.016246 166.015125 166.013445 166.012324 166.010644 166.009523 166.007843 166.006722 166.005042 166.003921 166.002241 166.001120 166.000000 166.020727 
166.041667 166.040334 166.039214 166.037533 166.036413 166.034732 166.033612 166.031931 166.030811 166.029130 166.028010 166.026329 166.025209 166.024089 166.022408 166.021288 166.019607 166.018487 166.016806 166.015686 166.014005 166.012885 166.011764 166.010084 166.008963 166.007843 166.006722 166.005602 166.005602 166.005602 166.009523 166.030811 
0.000000 166.041667 166.040334 166.039214 166.038093 166.036413 166.035292 166.034172 166.032491 166.031371 166.029690 166.028570 166.027450 166.026329 166.024649 166.023528 166.022408 166.021288 166.020167 166.019047 166.017926 166.017366 166.016246 166.015686 166.015686 166.015686 166.016246 166.017366 166.021288 166.026889 166.039214 0.000000 
0.000000 0.000000 0.000000 0.000000 166.040894 166.039214 166.038093 166.036973 166.035853 166.034732 166.033612 166.032491 166.031371 166.030811 166.029690 166.028570 166.027450 166.026889 166.026329 166.025769 166.025769 166.025769 166.026329 166.026889 166.028010 166.029690 166.033052 166.037533 0.000000 0.000000 0.000000 0.000000 
0.000000 0.000000 0.000000 0.000000 0.000000 0.000000 0.000000 0.000000 166.040894 166.040334 166.039214 166.038093 166.037533 166.036973 166.036413 166.035853 166.035853 166.035853 166.036413 166.036413 166.036973 166.038093 166.039774 166.041455 0.000000 0.000000 0.000000 0.000000 0.000000 0.000000 0.000000 0.000000 
