test/output/constant/M3M490_S060_A180_WD270.0_WS040.0/M3M490_S060_A180_WD270.0_WS040.0_arrival.asc
ncols         60
nrows         7
xllcorner     426603.990666
yllcorner     12748455.311160
cellsize      100.000000
NODATA_value  0.000000
0.000000 0.000000 0.000000 0.000000 0.000000 0.000000 0.000000 0.000000 0.000000 0.000000 0.000000 0.000000 166.039893 166.037913 166.036215 166.034517 166.033386 166.032820 166.031971 166.031688 166.031122 166.030839 166.030556 166.030273 166.030273 166.030273 166.030273 166.030273 166.030556 166.031122 166.031688 166.031971 166.032537 166.032820 166.033386 166.033952 166.034235 166.034800 166.035366 166.035932 166.036215 166.036781 166.037347 166.037630 166.038196 166.038761 166.039327 166.039893 166.040459 166.041025 166.041591 0.000000 0.000000 0.000000 0.000000 0.000000 0.000000 0.000000 0.000000 0.000000 
0.000000 0.000000 0.000000 0.000000 166.038196 166.031971 166.027444 166.024332 166.022351 166.020937 166.020088 166.019239 166.018673 166.018390 166.018390 166.018108 166.018108 166.018390 166.018956 166.019522 166.019805 166.020371 166.020654 166.021220 166.021786 166.022351 166.022634 166.023200 166.023766 166.024332 166.024898 166.025464 166.026312 166.026878 166.027444 166.028010 166.028859 166.029425 166.029991 166.030839 166.031405 166.031971 166.032820 166.033386 166.033952 166.034517 166.035366 166.035932 166.036781 166.037347 166.037913 166.038761 166.039327 166.040176 166.040742 166.041591 0.000000 0.000000 0.000000 0.000000 
0.000000 166.014146 166.008771 166.007073 166.006224 166.006224 166.006224 166.006790 166.007356 166.007639 166.008205 166.008771 166.009620 166.010185 166.011034 166.011600 166.012166 166.013015 166.013581 166.014429 166.014995 166.015844 166.016410 166.016976 166.017825 166.018390 166.019239 166.019805 166.020654 166.021220 166.022069 166.022634 166.023200 166.024049 166.024615 166.025464 166.026030 166.026878 166.027444 166.028293 166.028859 166.029708 166.030273 166.031122 166.031688 166.032254 166.033103 166.033669 166.034517 166.035083 166.035932 166.036498 166.037347 166.037913 166.038478 166.039327 166.039893 166.040742 166.041308 0.000000 
166.000000 166.000566 166.001132 166.001981 166.002546 166.003395 166.003961 166.004810 166.005376 166.006224 166.006790 166.007639 166.008205 166.009054 166.009620 166.010468 166.011034 166.011883 166.012449 166.013298 166.013864 166.014712 166.015278 166.016127 166.016693 166.017542 166.018108 166.018956 166.019522 166.020371 166.020937 166.021786 166.022351 166.023200 166.023766 166.024615 166.025181 166.026030 166.026595 166.027444 166.028010 166.028859 166.029425 166.030273 166.030839 166.031688 166.032254 166.033103 166.033669 166.034517 166.035083 166.035932 166.036498 166.037347 166.037913 166.038761 166.039327 166.040176 166.040742 166.041591 
0.000000 166.014146 166.008771 166.007073 166.006224 166.006224 166.006224 166.006790 166.007356 166.007639 166.008205 166.008771 166.009620 166.010185 166.011034 166.011600 166.012166 166.013015 166.013581 166.014429 166.014995 166.015844 166.016410 166.016976 166.017825 166.018390 166.019239 166.019805 166.020654 166.021220 166.022069 166.022634 166.023200 166.024049 166.024615 166.025464 166.026030 166.026878 166.027444 166.028293 166.028859 166.029708 166.030273 166.031122 166.031688 166.032254 166.033103 166.033669 166.034517 166.035083 166.035932 166.036498 166.037347 166.037913 166.038478 166.039327 166.039893 166.040742 166.041308 0.000000 
0.000000 0.000000 0.000000 0.000000 166.038196 166.031971 166.027444 166.024332 166.022351 166.020937 166.020088 166.019239 166.018673 166.018390 166.018390 166.018108 166.018108 166.018390 166.018956 166.019522 166.019805 166.020371 166.020654 166.021220 166.021786 166.022351 166.022634 166.023200 166.023766 166.024332 166.024898 166.025464 166.026312 166.026878 166.027444 166.028010 166.028859 166.029425 166.029991 166.030839 166.031405 166.031971 166.032820 166.033386 166.033952 166.034517 166.035366 166.035932 166.036781 166.037347 166.037913 166.038761 166.039327 166.040176 166.040742 166.041591 0.000000 0.000000 0.000000 0.000000 
0.000000 0.000000 0.000000 0.000000 0.000000 0.000000 0.000000 0.000000 0.000000 0.000000 0.000000 0.000000 166.039893 166.037913 166.036215 166.034517 166.033386 166.032820 166.031971 166.031688 166.031122 166.030839 166.030556 166.030273 166.030273 166.030273 166.030273 166.030273 166.030556 166.031122 166.031688 166.031971 166.032537 166.032820 166.033386 166.033952 166.034235 166.034800 166.035366 166.035932 166.036215 166.036781 166.037347 166.037630 166.038196 166.038761 166.039327 166.039893 166.040459 166.041025 166.041591 0.000000 0.000000 0.000000 0.000000 0.000000 0.000000 0.000000 0.000000 0.000000 
