test/output/constant/M370_S060_A270_WD090.0_WS005.0/M370_S060_A270_WD090.0_WS005.0_arrival.asc
ncols         10
nrows         40
xllcorner     425903.990666
yllcorner     12748755.311160
cellsize      100.000000
NODATA_value  0.000000
0.000000 166.041311 166.041311 166.041667 0.000000 0.000000 0.000000 0.000000 0.000000 0.000000 
0.000000 166.040468 166.040468 166.040468 166.041667 0.000000 0.000000 0.000000 0.000000 0.000000 
166.041667 166.039625 166.039203 166.039203 166.040468 0.000000 0.000000 0.000000 0.000000 0.000000 
166.040890 166.038782 166.037939 166.038360 166.039203 166.041311 0.000000 0.000000 0.000000 0.000000 
166.040046 166.037939 166.037096 166.037096 166.037939 166.040046 0.000000 0.000000 0.000000 0.000000 
166.039625 166.037096 166.036253 166.035831 166.036674 166.038782 0.000000 0.000000 0.000000 0.000000 
166.038782 166.036253 166.034988 166.034988 166.035409 166.037096 166.040468 0.000000 0.000000 0.000000 
166.038360 166.035831 166.034145 166.033723 166.034145 166.035831 166.039203 0.000000 0.000000 0.000000 
166.037939 166.034988 166.032880 166.032880 166.032880 166.034566 166.037939 0.000000 0.000000 0.000000 
166.037939 166.034145 166.032037 166.031616 166.032037 166.033302 166.036253 166.040890 0.000000 0.000000 
166.037517 166.033723 166.031194 166.030773 166.030773 166.032037 166.034988 166.039203 0.000000 0.000000 
166.037517 166.032880 166.030351 166.029508 166.029508 166.030773 166.033723 166.037939 0.000000 0.000000 
166.037517 166.032459 166.029508 166.028665 166.028665 166.029508 166.032459 166.036253 0.000000 0.000000 
166.037517 166.032037 166.029086 166.027400 166.027400 166.028243 166.030773 166.034988 166.041311 0.000000 
166.037517 166.032037 166.028243 166.026557 166.026557 166.026979 166.029508 166.033302 166.040046 0.000000 
166.037517 166.031616 166.027822 166.025714 166.025292 166.025714 166.027822 166.032037 166.038360 0.000000 
166.037517 166.031616 166.026979 166.024871 166.024449 166.024449 166.026557 166.030773 166.036674 0.000000 
166.037939 166.031616 166.026557 166.024028 166.023185 166.023185 166.025292 166.029086 166.035409 0.000000 
166.038360 166.031616 166.026136 166.023185 166.021920 166.022342 166.024028 166.027822 166.034145 0.000000 
166.039203 166.031616 166.026136 166.022342 166.021077 166.021077 166.022342 166.026136 166.032459 0.000000 
166.040468 166.032037 166.026136 166.021499 166.020234 166.019812 166.021077 166.024871 166.031194 0.000000 
0.000000 166.032459 166.026136 166.021077 166.018969 166.018969 166.019812 166.023185 166.029508 166.040890 
0.000000 166.033302 166.026136 166.020656 166.018126 166.017705 166.018548 166.021920 166.028243 166.040046 
0.000000 166.034566 166.026136 166.020234 166.017283 166.016862 166.017283 166.020234 166.026979 166.038782 
0.000000 166.035831 166.026136 166.020234 166.016440 166.015597 166.016019 166.018969 166.025292 166.037517 
0.000000 166.037939 166.026979 166.020234 166.016019 166.014754 166.014754 166.017283 166.024028 166.036674 
0.000000 166.040890 166.028243 166.020234 166.015175 166.013489 166.013489 166.016019 166.022763 166.035409 
0.000000 0.000000 166.029929 166.020234 166.014754 166.012646 166.012646 166.014754 166.021499 166.034566 
0.000000 0.000000 166.032037 166.020656 166.014754 166.011382 166.011382 166.013068 166.020234 166.033723 
0.000000 0.000000 166.034988 166.021920 166.014332 166.010539 166.010539 166.011803 166.018969 166.032880 
0.000000 0.000000 166.038782 166.023606 166.014754 166.009695 166.009274 166.010539 166.017705 166.032459 
0.000000 0.000000 0.000000 166.026136 166.014754 166.009274 166.008431 166.008852 166.016440 166.032459 
0.000000 0.000000 0.000000 166.029929 166.015597 166.008852 166.007166 166.007588 166.014754 166.032459 
0.000000 0.000000 0.000000 166.035409 166.017705 166.008852 166.005902 166.006323 166.013911 166.032459 
0.000000 0.000000 0.000000 0.000000 166.020656 166.008852 166.005058 166.005058 166.013068 166.033302 
0.000000 0.000000 0.000000 0.000000 166.026557 166.009695 166.003794 166.003794 166.011803 166.034566 
0.000000 0.000000 0.000000 0.000000 166.034145 166.011803 166.003372 166.002951 166.011382 166.037939 
0.000000 0.000000 0.000000 0.000000 0.000000 166.017705 166.002951 166.001686 166.011382 0.000000 
0.000000 0.000000 0.000000 0.000000 0.000000 166.029508 166.003372 166.000843 166.013068 0.000000 
0.000000 0.000000 0.000000 0.000000 0.000000 0.000000 166.011382 166.000000 166.019812 0.000000 
