test/output/constant/M355_S000_A000_WD180.0_WS050.0/M355_S000_A000_WD180.0_WS050.0_arrival.asc
ncols         7
nrows         40
xllcorner     426303.990666
yllcorner     12748755.311160
cellsize      100.000000
NODATA_value  0.000000
0.000000 0.000000 166.041467 166.041044 166.041467 0.000000 0.000000 
0.000000 0.000000 166.040621 166.039774 166.040621 0.000000 0.000000 
0.000000 0.000000 166.039774 166.038928 166.039774 0.000000 0.000000 
0.000000 166.041044 166.038505 166.037659 166.038505 166.041044 0.000000 
0.000000 166.039774 166.037659 166.036813 166.037659 166.039774 0.000000 
0.000000 166.038928 166.036389 166.035543 166.036389 166.038928 0.000000 
0.000000 166.037659 166.035543 166.034697 166.035543 166.037659 0.000000 
0.000000 166.036813 166.034274 166.033427 166.034274 166.036813 0.000000 
166.041467 166.035966 166.033427 166.032581 166.033427 166.035966 166.041467 
166.040621 166.035120 166.032158 166.031312 166.032158 166.035120 166.040621 
166.039774 166.033851 166.031312 166.030466 166.031312 166.033851 166.039774 
166.038928 166.033004 166.030042 166.029196 166.030042 166.033004 166.038928 
166.038082 166.032158 166.029196 166.028350 166.029196 166.032158 166.038082 
166.037659 166.031312 166.027927 166.027080 166.027927 166.031312 166.037659 
166.036813 166.030042 166.027080 166.026234 166.027080 166.030042 166.036813 
166.035966 166.029196 166.025811 166.024965 166.025811 166.029196 166.035966 
166.035543 166.028350 166.024965 166.024119 166.024965 166.028350 166.035543 
166.034697 166.027504 166.023695 166.022849 166.023695 166.027504 166.034697 
166.034274 166.026657 166.022849 166.022003 166.022849 166.026657 166.034274 
166.033851 166.025811 166.021580 166.020733 166.021580 166.025811 166.033851 
166.033427 166.024965 166.020733 166.019887 166.020733 166.024965 166.033427 
166.033427 166.024542 166.019464 166.018618 166.019464 166.024542 166.033427 
166.033851 166.023695 166.018618 166.017772 166.018618 166.023695 166.033851 
166.033851 166.022849 166.017348 166.016502 166.017348 166.022849 166.033851 
166.034274 166.022003 166.016502 166.015656 166.016502 166.022003 166.034274 
166.034697 166.021580 166.015656 166.014387 166.015656 166.021580 166.034697 
166.035120 166.020733 166.014387 166.013540 166.014387 166.020733 166.035120 
166.035966 166.020310 166.013540 166.012271 166.013540 166.020310 166.035966 
166.037236 166.020310 166.012694 166.011425 166.012694 166.020310 166.037236 
166.038928 166.020310 166.011425 166.010155 166.011425 166.020310 166.038928 
166.041467 166.020733 166.010578 166.009309 166.010578 166.020733 166.041467 
0.000000 166.021157 166.009732 166.008040 166.009732 166.021157 0.000000 
0.000000 166.022003 166.008886 166.007193 166.008886 166.022003 0.000000 
0.000000 166.023272 166.008040 166.005924 166.008040 166.023272 0.000000 
0.000000 166.025811 166.007193 166.005078 166.007193 166.025811 0.000000 
0.000000 166.030042 166.006770 166.003808 166.006770 166.030042 0.000000 
0.000000 166.035543 166.007193 166.002962 166.007193 166.035543 0.000000 
0.000000 0.000000 166.007616 166.001693 166.007616 0.000000 0.000000 
0.000000 0.000000 166.011001 166.000846 166.011001 0.000000 0.000000 
0.000000 0.000000 166.024965 166.000000 166.024965 0.000000 0.000000 
