test/output/constant/M3M470_S060_A090_WD135.0_WS030.0/M3M470_S060_A090_WD135.0_WS030.0_arrival.asc
ncols         20
nrows         16
xllcorner     424803.990666
yllcorner     12747355.311160
cellsize      100.000000
NODATA_value  0.000000
0.000000 0.000000 0.000000 0.000000 0.000000 0.000000 0.000000 0.000000 0.000000 0.000000 0.000000 0.000000 0.000000 0.000000 0.000000 166.040363 166.030786 166.021208 166.020524 166.032838 
0.000000 0.000000 0.000000 0.000000 0.000000 0.000000 0.000000 0.000000 0.000000 0.000000 0.000000 0.000000 0.000000 166.034206 166.024628 166.015051 166.006841 166.001368 166.000000 166.023944 
0.000000 0.000000 0.000000 0.000000 0.000000 0.000000 0.000000 0.000000 0.000000 0.000000 0.000000 166.036259 166.027365 166.019155 166.012314 166.006841 166.004105 166.002052 166.002052 166.028733 
0.000000 0.000000 0.000000 0.000000 0.000000 0.000000 0.000000 0.000000 0.000000 166.040363 166.032154 166.023944 166.017787 166.012314 166.008894 166.006157 166.004789 166.005473 166.013682 166.038995 
0.000000 0.000000 0.000000 0.000000 0.000000 0.000000 0.000000 0.000000 166.036943 166.029417 166.023260 166.017787 166.013682 166.010946 166.008894 166.008209 166.008894 166.014367 166.027365 0.000000 
0.000000 0.000000 0.000000 0.000000 0.000000 0.000000 166.041667 166.034890 166.028733 166.023260 166.019155 166.015735 166.013682 166.011630 166.010946 166.011630 166.016419 166.025997 166.041667 0.000000 
0.000000 0.000000 0.000000 0.000000 0.000000 166.041047 166.034206 166.029417 166.023944 166.020524 166.017787 166.015735 166.014367 166.014367 166.015051 166.019155 166.027365 166.039679 0.000000 0.000000 
0.000000 0.000000 0.000000 0.000000 166.040363 166.034890 166.030101 166.025997 166.022576 166.020524 166.018471 166.017103 166.017103 166.018471 166.021892 166.028733 166.038995 0.000000 0.000000 0.000000 
0.000000 0.000000 0.000000 166.040363 166.035574 166.031470 166.028049 166.025313 166.022576 166.020524 166.020524 166.020524 166.021892 166.024628 166.030786 166.040363 0.000000 0.000000 0.000000 0.000000 
0.000000 0.000000 166.041047 166.036943 166.032838 166.030101 166.027365 166.025313 166.023944 166.023260 166.023260 166.025313 166.028049 166.033522 166.041047 0.000000 0.000000 0.000000 0.000000 0.000000 
0.000000 0.000000 166.038311 166.034890 166.032154 166.030101 166.028049 166.026681 166.026681 166.026681 166.028733 166.031470 166.036259 0.000000 0.000000 0.000000 0.000000 0.000000 0.000000 0.000000 
0.000000 166.039679 166.036943 166.034206 166.032154 166.030101 166.029417 166.029417 166.030101 166.031470 166.034206 166.038995 0.000000 0.000000 0.000000 0.000000 0.000000 0.000000 0.000000 0.000000 
166.041667 166.038995 166.036943 166.034890 166.032838 166.032838 166.032838 166.032838 166.034890 166.037627 166.041667 0.000000 0.000000 0.000000 0.000000 0.000000 0.000000 0.000000 0.000000 0.000000 
166.041667 166.038995 166.036943 166.036259 166.035574 166.035574 166.036259 166.038311 166.041047 0.000000 0.000000 0.000000 0.000000 0.000000 0.000000 0.000000 0.000000 0.000000 0.000000 0.000000 
166.041667 166.039679 166.038995 166.038995 166.038995 166.039679 166.041047 0.000000 0.000000 0.000000 0.000000 0.000000 0.000000 0.000000 0.000000 0.000000 0.000000 0.000000 0.000000 0.000000 
0.000000 166.041667 166.041667 166.041667 0.000000 0.000000 0.000000 0.000000 0.000000 0.000000 0.000000 0.000000 0.000000 0.000000 0.000000 0.000000 0.000000 0.000000 0.000000 0.000000 
