test/output/constant/M3M470_S060_A090_WD135.0_WS030.0/M3M470_S060_A090_WD135.0_WS030.0_ros.asc
ncols         20
nrows         16
xllcorner     424803.990666
yllcorner     12747355.311160
cellsize      100.000000
NODATA_value  0.000000
0.000000 0.000000 0.000000 0.000000 0.000000 0.000000 0.000000 0.000000 0.000000 0.000000 0.000000 0.000000 0.000000 0.000000 0.000000 2.653427 3.159109 2.653427 5.599146 1.669608 
0.000000 0.000000 0.000000 0.000000 0.000000 0.000000 0.000000 0.000000 0.000000 0.000000 0.000000 0.000000 0.000000 2.313950 4.178607 7.410566 3.159109 36.562424 -1.000000 2.823931 
0.000000 0.000000 0.000000 0.000000 0.000000 0.000000 0.000000 0.000000 0.000000 0.000000 0.000000 9.575421 7.410566 7.410566 5.599146 5.599146 36.562424 36.562424 27.529692 3.524827 
0.000000 0.000000 0.000000 0.000000 0.000000 0.000000 0.000000 0.000000 0.000000 4.178607 5.599146 20.478130 4.178607 7.410566 36.562424 36.562424 36.562424 2.823931 2.313950 2.823931 
0.000000 0.000000 0.000000 0.000000 0.000000 0.000000 0.000000 0.000000 4.178607 23.365709 3.159109 26.146326 36.415333 36.562424 36.562424 36.562424 4.815125 2.823931 2.313950 0.000000 
0.000000 0.000000 0.000000 0.000000 0.000000 0.000000 7.410566 20.478130 26.146326 28.736267 2.653427 28.736267 36.562424 36.562424 36.562424 32.138573 3.524827 4.815125 3.524827 0.000000 
0.000000 0.000000 0.000000 0.000000 0.000000 3.159109 23.365709 5.599146 31.057402 20.478130 36.562424 36.562424 36.562424 8.502408 33.918854 4.815125 2.823931 2.823931 0.000000 0.000000 
0.000000 0.000000 0.000000 0.000000 9.575421 7.410566 2.653427 9.575421 31.057402 36.562424 36.562424 36.562424 32.138573 32.138573 6.481208 3.524827 3.524827 0.000000 0.000000 0.000000 
0.000000 0.000000 0.000000 23.365709 9.575421 4.178607 5.599146 12.037820 36.562424 36.562424 27.529692 16.209995 29.987158 24.840401 4.815125 3.524827 0.000000 0.000000 0.000000 0.000000 
0.000000 0.000000 31.057402 3.159109 34.623020 36.562424 36.562424 36.562424 36.562424 36.562424 36.562424 3.524827 4.815125 3.524827 2.823931 0.000000 0.000000 0.000000 0.000000 0.000000 
0.000000 0.000000 35.759712 31.057402 36.562424 36.562424 36.562424 36.163177 8.502408 27.529692 4.815125 2.823931 2.823931 0.000000 0.000000 0.000000 0.000000 0.000000 0.000000 0.000000 
0.000000 28.736267 36.562424 36.415333 36.562424 36.562424 36.562424 32.138573 32.138573 36.163177 24.840401 4.815125 0.000000 0.000000 0.000000 0.000000 0.000000 0.000000 0.000000 0.000000 
31.057402 36.562424 36.562424 36.562424 36.163177 36.562424 35.274082 35.274082 4.815125 27.529692 6.481208 0.000000 0.000000 0.000000 0.000000 0.000000 0.000000 0.000000 0.000000 0.000000 
36.562424 36.562424 36.562424 36.562424 36.562424 24.840401 27.529692 3.524827 4.815125 0.000000 0.000000 0.000000 0.000000 0.000000 0.000000 0.000000 0.000000 0.000000 0.000000 0.000000 
36.562424 36.163177 36.562424 8.502408 6.481208 36.562424 32.138573 0.000000 0.000000 0.000000 0.000000 0.000000 0.000000 0.000000 0.000000 0.000000 0.000000 0.000000 0.000000 0.000000 
0.000000 36.562424 36.163177 33.918854 0.000000 0.000000 0.000000 0.000000 0.000000 0.000000 0.000000 0.000000 0.000000 0.000000 0.000000 0.000000 0.000000 0.000000 0.000000 0.000000 
