test/output/constant/M370_S060_A000_WD090.0_WS050.0/M370_S060_A000_WD090.0_WS050.0_arrival.asc
ncols         51
nrows         7
xllcorner     421603.990666
yllcorner     12748455.311160
cellsize      100.000000
NODATA_value  0.000000
0.000000 0.000000 0.000000 0.000000 0.000000 0.000000 0.000000 0.000000 0.000000 0.000000 0.000000 0.000000 0.000000 166.041666 166.041005 166.040344 166.040013 166.039352 166.038690 166.038360 166.037698 166.037368 166.036706 166.036706 166.036706 166.037037 166.037037 166.037368 166.037368 166.038029 166.038360 166.039352 166.040013 166.041005 0.000000 0.000000 0.000000 0.000000 0.000000 0.000000 0.000000 0.000000 0.000000 0.000000 0.000000 0.000000 0.000000 0.000000 0.000000 0.000000 0.000000 
0.000000 0.000000 0.000000 0.000000 166.041666 166.040674 166.040013 166.039352 166.038360 166.037698 166.037037 166.036375 166.035383 166.034722 166.034061 166.033069 166.032407 166.031746 166.031084 166.030092 166.029431 166.028770 166.028439 166.027778 166.027116 166.026455 166.025794 166.025463 166.024801 166.024140 166.023809 166.023148 166.022487 166.022156 166.022156 166.022156 166.022487 166.022817 166.023148 166.024140 166.024801 166.026455 166.028439 166.031415 166.034391 166.040013 0.000000 0.000000 0.000000 0.000000 0.000000 
0.000000 166.041005 166.040344 166.039352 166.038690 166.037698 166.037037 166.036375 166.035383 166.034722 166.033730 166.033069 166.032077 166.031415 166.030423 166.029762 166.028770 166.028108 166.027447 166.026455 166.025794 166.024801 166.024140 166.023148 166.022487 166.021825 166.020833 166.020172 166.019180 166.018518 166.017526 166.016865 166.016204 166.015212 166.014550 166.013558 166.012897 166.012235 166.011243 166.010582 166.009921 166.009259 166.008598 166.007936 166.007606 166.007606 166.007936 166.009259 166.011574 166.021495 0.000000 
166.041005 166.040344 166.039352 166.038690 166.037698 166.037037 166.036045 166.035383 166.034391 166.033730 166.032738 166.032077 166.031084 166.030423 166.029431 166.028770 166.027778 166.027116 166.026124 166.025463 166.024471 166.023809 166.022817 166.022156 166.021164 166.020503 166.019510 166.018849 166.017857 166.017196 166.016204 166.015542 166.014550 166.013889 166.012897 166.012235 166.011243 166.010582 166.009590 166.008929 166.007936 166.007275 166.006283 166.005622 166.004630 166.003968 166.002976 166.002315 166.001323 166.000661 166.000000 
0.000000 166.041005 166.040344 166.039352 166.038690 166.037698 166.037037 166.036375 166.035383 166.034722 166.033730 166.033069 166.032077 166.031415 166.030423 166.029762 166.028770 166.028108 166.027447 166.026455 166.025794 166.024801 166.024140 166.023148 166.022487 166.021825 166.020833 166.020172 166.019180 166.018518 166.017526 166.016865 166.016204 166.015212 166.014550 166.013558 166.012897 166.012235 166.011243 166.010582 166.009921 166.009259 166.008598 166.007936 166.007606 166.007606 166.007936 166.009259 166.011574 166.021495 0.000000 
0.000000 0.000000 0.000000 0.000000 166.041666 166.040674 166.040013 166.039352 166.038360 166.037698 166.037037 166.036375 166.035383 166.034722 166.034061 166.033069 166.032407 166.031746 166.031084 166.030092 166.029431 166.028770 166.028439 166.027778 166.027116 166.026455 166.025794 166.025463 166.024801 166.024140 166.023809 166.023148 166.022487 166.022156 166.022156 166.022156 166.022487 166.022817 166.023148 166.024140 166.024801 166.026455 166.028439 166.031415 166.034391 166.040013 0.000000 0.000000 0.000000 0.000000 0.000000 
0.000000 0.000000 0.000000 0.000000 0.000000 0.000000 0.000000 0.000000 0.000000 0.000000 0.000000 0.000000 0.000000 166.041666 166.041005 166.040344 166.040013 166.039352 166.038690 166.038360 166.037698 166.037368 166.036706 166.036706 166.036706 166.037037 166.037037 166.037368 166.037368 166.038029 166.038360 166.039352 166.040013 166.041005 0.000000 0.000000 0.000000 0.000000 0.000000 0.000000 0.000000 0.000000 0.000000 0.000000 0.000000 0.000000 0.000000 0.000000 0.000000 0.000000 0.000000 
