test/output/constant/M3M470_S060_A000_WD090.0_WS010.0/M3M470_S060_A000_WD090.0_WS010.0_arrival.asc
ncols         45
nrows         9
xllcorner     422203.990666
yllcorner     12748355.311160
cellsize      100.000000
NODATA_value  0.000000
0.000000 0.000000 0.000000 0.000000 0.000000 0.000000 0.000000 0.000000 0.000000 0.000000 0.000000 0.000000 0.000000 0.000000 0.000000 166.041355 166.040976 166.040217 166.040217 166.040217 166.040217 166.040217 166.040217 166.040596 166.040596 166.041355 166.041667 0.000000 0.000000 0.000000 0.000000 0.000000 0.000000 0.000000 0.000000 0.000000 0.000000 0.000000 0.000000 0.000000 0.000000 0.000000 0.000000 0.000000 0.000000 
0.000000 0.000000 0.000000 0.000000 0.000000 0.000000 166.041667 166.040596 166.039838 166.039079 166.038320 166.037561 166.036802 166.036423 166.035664 166.034905 166.034147 166.033388 166.033008 166.032250 166.031491 166.031111 166.030352 166.029594 166.029214 166.028835 166.028835 166.028835 166.028835 166.028835 166.029214 166.029594 166.030732 166.031491 166.032629 166.034905 166.037182 166.040217 0.000000 0.000000 0.000000 0.000000 0.000000 0.000000 0.000000 
0.000000 0.000000 0.000000 166.040976 166.039838 166.039079 166.038320 166.037182 166.036423 166.035285 166.034526 166.033767 166.032629 166.031870 166.031111 166.030352 166.029594 166.028455 166.027697 166.026558 166.025800 166.025041 166.024282 166.023523 166.022764 166.022006 166.021247 166.020488 166.020109 166.019350 166.018591 166.018211 166.017453 166.017453 166.017453 166.017453 166.017832 166.018591 166.019729 166.021626 166.024661 166.030352 166.040976 0.000000 0.000000 
0.000000 166.040976 166.040217 166.039079 166.038320 166.037182 166.036423 166.035285 166.034526 166.033388 166.032629 166.031491 166.030732 166.029973 166.028835 166.028076 166.026938 166.026179 166.025041 166.024282 166.023144 166.022385 166.021247 166.020488 166.019350 166.018591 166.017453 166.016694 166.015556 166.014797 166.013659 166.012900 166.012141 166.011003 166.010244 166.009485 166.008347 166.007588 166.007209 166.006450 166.006070 166.006070 166.006450 166.009485 166.022764 
166.041355 166.040596 166.039458 166.038699 166.037561 166.036802 166.035664 166.034905 166.033767 166.033008 166.031870 166.031111 166.029973 166.029214 166.028076 166.027317 166.026179 166.025420 166.024282 166.023523 166.022385 166.021626 166.020488 166.019729 166.018591 166.017832 166.016694 166.015935 166.014797 166.014038 166.012900 166.012141 166.011003 166.010244 166.009106 166.008347 166.007209 166.006450 166.005312 166.004553 166.003415 166.002656 166.001518 166.000759 166.000000 
0.000000 166.040976 166.040217 166.039079 166.038320 166.037182 166.036423 166.035285 166.034526 166.033388 166.032629 166.031491 166.030732 166.029973 166.028835 166.028076 166.026938 166.026179 166.025041 166.024282 166.023144 166.022385 166.021247 166.020488 166.019350 166.018591 166.017453 166.016694 166.015556 166.014797 166.013659 166.012900 166.012141 166.011003 166.010244 166.009485 166.008347 166.007588 166.007209 166.006450 166.006070 166.006070 166.006450 166.009485 166.022764 
0.000000 0.000000 0.000000 166.040976 166.039838 166.039079 166.038320 166.037182 166.036423 166.035285 166.034526 166.033767 166.032629 166.031870 166.031111 166.030352 166.029594 166.028455 166.027697 166.026558 166.025800 166.025041 166.024282 166.023523 166.022764 166.022006 166.021247 166.020488 166.020109 166.019350 166.018591 166.018211 166.017453 166.017453 166.017453 166.017453 166.017832 166.018591 166.019729 166.021626 166.024661 166.030352 166.040976 0.000000 0.000000 
0.000000 0.000000 0.000000 0.000000 0.000000 0.000000 166.041667 166.040596 166.039838 166.039079 166.038320 166.037561 166.036802 166.036423 166.035664 166.034905 166.034147 166.033388 166.033008 166.032250 166.031491 166.031111 166.030352 166.029594 166.029214 166.028835 166.028835 166.028835 166.028835 166.028835 166.029214 166.029594 166.030732 166.031491 166.032629 166.034905 166.037182 166.040217 0.000000 0.000000 0.000000 0.000000 0.000000 0.000000 0.000000 
0.000000 0.000000 0.000000 0.000000 0.000000 0.000000 0.000000 0.000000 0.000000 0.000000 0.000000 0.000000 0.000000 0.000000 0.000000 166.041355 166.040976 166.040217 166.040217 166.040217 166.040217 166.040217 166.040217 166.040596 166.040596 166.041355 166.041667 0.000000 0.000000 0.000000 0.000000 0.000000 0.000000 0.000000 0.000000 0.000000 0.000000 0.000000 0.000000 0.000000 0.000000 0.000000 0.000000 0.000000 0.000000 
