test/output/constant/M375_S000_A270_WD270.0_WS015.0/M375_S000_A270_WD270.0_WS015.0_arrival.asc
ncols         19
nrows         11
xllcorner     426403.990666
yllcorner     12748255.311160
cellsize      100.000000
NODATA_value  0.000000
0.000000 0.000000 0.000000 0.000000 0.000000 0.000000 0.000000 0.000000 166.041667 166.041667 166.041667 0.000000 0.000000 0.000000 0.000000 0.000000 0.000000 0.000000 0.000000 
0.000000 0.000000 0.000000 166.038846 166.035696 166.033597 166.032547 166.032547 166.032547 166.033597 166.033597 166.034647 166.036746 166.037796 166.039896 0.000000 0.000000 0.000000 0.000000 
0.000000 166.037796 166.030447 166.027297 166.024148 166.024148 166.023098 166.024148 166.024148 166.026247 166.027297 166.029397 166.031497 166.033597 166.035696 166.037796 166.039896 0.000000 0.000000 
166.035696 166.025198 166.017848 166.014699 166.014699 166.014699 166.014699 166.016798 166.018898 166.020998 166.023098 166.025198 166.027297 166.030447 166.032547 166.034647 166.037796 166.039896 0.000000 
166.027297 166.012599 166.005249 166.005249 166.006299 166.008399 166.010499 166.012599 166.015748 166.017848 166.020998 166.023098 166.026247 166.028347 166.031497 166.033597 166.036746 166.038846 166.041667 
166.025198 166.008399 166.000000 166.002100 166.004200 166.007349 166.009449 166.012599 166.014699 166.017848 166.019948 166.023098 166.025198 166.028347 166.030447 166.033597 166.035696 166.038846 166.040946 
166.027297 166.012599 166.005249 166.005249 166.006299 166.008399 166.010499 166.012599 166.015748 166.017848 166.020998 166.023098 166.026247 166.028347 166.031497 166.033597 166.036746 166.038846 166.041667 
166.035696 166.025198 166.017848 166.014699 166.014699 166.014699 166.014699 166.016798 166.018898 166.020998 166.023098 166.025198 166.027297 166.030447 166.032547 166.034647 166.037796 166.039896 0.000000 
0.000000 166.037796 166.030447 166.027297 166.024148 166.024148 166.023098 166.024148 166.024148 166.026247 166.027297 166.029397 166.031497 166.033597 166.035696 166.037796 166.039896 0.000000 0.000000 
0.000000 0.000000 0.000000 166.038846 166.035696 166.033597 166.032547 166.032547 166.032547 166.033597 166.033597 166.034647 166.036746 166.037796 166.039896 0.000000 0.000000 0.000000 0.000000 
0.000000 0.000000 0.000000 0.000000 0.000000 0.000000 0.000000 0.000000 166.041667 166.041667 166.041667 0.000000 0.000000 0.000000 0.000000 0.000000 0.000000 0.000000 0.000000 
