test/output/constant/M355_S000_A270_WD090.0_WS050.0/M355_S000_A270_WD090.0_WS050.0_arrival.asc
ncols         40
nrows         7
xllcorner     422703.990666
yllcorner     12748455.311160
cellsize      100.000000
NODATA_value  0.000000
0.000000 0.000000 0.000000 0.000000 0.000000 0.000000 0.000000 0.000000 166.041467 166.040621 166.039774 166.038928 166.038082 166.037659 166.036813 166.035966 166.035543 166.034697 166.034274 166.033851 166.033427 166.033427 166.033851 166.033851 166.034274 166.034697 166.035120 166.035966 166.037236 166.038928 166.041467 0.000000 0.000000 0.000000 0.000000 0.000000 0.000000 0.000000 0.000000 0.000000 
0.000000 0.000000 0.000000 166.041044 166.039774 166.038928 166.037659 166.036813 166.035966 166.035120 166.033851 166.033004 166.032158 166.031312 166.030042 166.029196 166.028350 166.027504 166.026657 166.025811 166.024965 166.024542 166.023695 166.022849 166.022003 166.021580 166.020733 166.020310 166.020310 166.020310 166.020733 166.021157 166.022003 166.023272 166.025811 166.030042 166.035543 0.000000 0.000000 0.000000 
166.041467 166.040621 166.039774 166.038505 166.037659 166.036389 166.035543 166.034274 166.033427 166.032158 166.031312 166.030042 166.029196 166.027927 166.027080 166.025811 166.024965 166.023695 166.022849 166.021580 166.020733 166.019464 166.018618 166.017348 166.016502 166.015656 166.014387 166.013540 166.012694 166.011425 166.010578 166.009732 166.008886 166.008040 166.007193 166.006770 166.007193 166.007616 166.011001 166.024965 
166.041044 166.039774 166.038928 166.037659 166.036813 166.035543 166.034697 166.033427 166.032581 166.031312 166.030466 166.029196 166.028350 166.027080 166.026234 166.024965 166.024119 166.022849 166.022003 166.020733 166.019887 166.018618 166.017772 166.016502 166.015656 166.014387 166.013540 166.012271 166.011425 166.010155 166.009309 166.008040 166.007193 166.005924 166.005078 166.003808 166.002962 166.001693 166.000846 166.000000 
166.041467 166.040621 166.039774 166.038505 166.037659 166.036389 166.035543 166.034274 166.033427 166.032158 166.031312 166.030042 166.029196 166.027927 166.027080 166.025811 166.024965 166.023695 166.022849 166.021580 166.020733 166.019464 166.018618 166.017348 166.016502 166.015656 166.014387 166.013540 166.012694 166.011425 166.010578 166.009732 166.008886 166.008040 166.007193 166.006770 166.007193 166.007616 166.011001 166.024965 
0.000000 0.000000 0.000000 166.041044 166.039774 166.038928 166.037659 166.036813 166.035966 166.035120 166.033851 166.033004 166.032158 166.031312 166.030042 166.029196 166.028350 166.027504 166.026657 166.025811 166.024965 166.024542 166.023695 166.022849 166.022003 166.021580 166.020733 166.020310 166.020310 166.020310 166.020733 166.021157 166.022003 166.023272 166.025811 166.030042 166.035543 0.000000 0.000000 0.000000 
0.000000 0.000000 0.000000 0.000000 0.000000 0.000000 0.000000 0.000000 166.041467 166.040621 166.039774 166.038928 166.038082 166.037659 166.036813 166.035966 166.035543 166.034697 166.034274 166.033851 166.033427 166.033427 166.033851 166.033851 166.034274 166.034697 166.035120 166.035966 166.037236 166.038928 166.041467 0.000000 0.000000 0.000000 0.000000 0.000000 0.000000 0.000000 0.000000 0.000000 
