test/output/constant/M395_S060_A270_WD000.0_WS005.0/M395_S060_A270_WD000.0_WS005.0_arrival.asc
ncols         11
nrows         50
xllcorner     426103.990666
yllcorner     12748655.311160
cellsize      100.000000
NODATA_value  0.000000
0.000000 0.000000 0.000000 0.000000 166.041626 166.041279 166.041626 0.000000 0.000000 0.000000 0.000000 
0.000000 0.000000 0.000000 166.041626 166.040585 166.040585 166.040585 166.041626 0.000000 0.000000 0.000000 
0.000000 0.000000 0.000000 166.040932 166.039892 166.039545 166.039892 166.040932 0.000000 0.000000 0.000000 
0.000000 0.000000 166.041626 166.039892 166.038851 166.038851 166.038851 166.039892 166.041626 0.000000 0.000000 
0.000000 0.000000 166.040932 166.039198 166.038157 166.037810 166.038157 166.039198 166.040932 0.000000 0.000000 
0.000000 0.000000 166.039892 166.038157 166.037116 166.037116 166.037116 166.038157 166.039892 0.000000 0.000000 
0.000000 166.041626 166.039198 166.037463 166.036423 166.036076 166.036423 166.037463 166.039198 166.041626 0.000000 
0.000000 166.040932 166.038504 166.036423 166.035382 166.035382 166.035382 166.036423 166.038504 166.040932 0.000000 
0.000000 166.040238 166.037810 166.035729 166.034688 166.034341 166.034688 166.035729 166.037810 166.040238 0.000000 
0.000000 166.039545 166.036770 166.035035 166.033648 166.033648 166.033648 166.035035 166.036770 166.039545 0.000000 
0.000000 166.038851 166.036076 166.033995 166.032954 166.032607 166.032954 166.033995 166.036076 166.038851 0.000000 
0.000000 166.038157 166.035382 166.033301 166.031913 166.031913 166.031913 166.033301 166.035382 166.038157 0.000000 
166.041626 166.037463 166.034341 166.032260 166.031219 166.030873 166.031219 166.032260 166.034341 166.037463 166.041626 
166.040932 166.036770 166.033648 166.031566 166.030179 166.030179 166.030179 166.031566 166.033648 166.036770 166.040932 
166.040585 166.036076 166.032954 166.030873 166.029485 166.029138 166.029485 166.030873 166.032954 166.036076 166.040585 
166.039892 166.035382 166.032260 166.029832 166.028444 166.028444 166.028444 166.029832 166.032260 166.035382 166.039892 
166.039198 166.034688 166.031219 166.029138 166.027751 166.027404 166.027751 166.029138 166.031219 166.034688 166.039198 
166.038851 166.034341 166.030526 166.028444 166.026710 166.026710 166.026710 166.028444 166.030526 166.034341 166.038851 
166.038157 166.033648 166.029832 166.027404 166.026016 166.025669 166.026016 166.027404 166.029832 166.033648 166.038157 
166.037463 166.032954 166.028791 166.026710 166.024976 166.024976 166.024976 166.026710 166.028791 166.032954 166.037463 
166.037116 166.032260 166.028098 166.025669 166.024282 166.023935 166.024282 166.025669 166.028098 166.032260 166.037116 
166.036770 166.031913 166.027404 166.024976 166.023241 166.023241 166.023241 166.024976 166.027404 166.031913 166.036770 
166.036423 166.031219 166.026710 166.024282 166.022547 166.022201 166.022547 166.024282 166.026710 166.031219 166.036423 
166.036423 166.030526 166.026016 166.023241 166.021854 166.021507 166.021854 166.023241 166.026016 166.030526 166.036423 
166.036423 166.030179 166.025669 166.022547 166.020813 166.020466 166.020813 166.022547 166.025669 166.030179 166.036423 
166.036423 166.029485 166.024976 166.021854 166.020119 166.019772 166.020119 166.021854 166.024976 166.029485 166.036423 
166.036423 166.029138 166.024282 166.020813 166.019079 166.018732 166.019079 166.020813 166.024282 166.029138 166.036423 
166.036423 166.028444 166.023588 166.020119 166.018385 166.018038 166.018385 166.020119 166.023588 166.028444 166.036423 
166.036770 166.028444 166.023241 166.019425 166.017344 166.016997 166.017344 166.019425 166.023241 166.028444 166.036770 
166.037116 166.028444 166.022547 166.018732 166.016650 166.016303 166.016650 166.018732 166.022547 166.028444 166.037116 
166.037463 166.028098 166.021854 166.017691 166.015610 166.015263 166.015610 166.017691 166.021854 166.028098 166.037463 
166.037810 166.028444 166.021507 166.016997 166.014916 166.014569 166.014916 166.016997 166.021507 166.028444 166.037810 
166.038504 166.028444 166.020813 166.016303 166.014222 166.013528 166.014222 166.016303 166.020813 166.028444 166.038504 
166.039198 166.028791 166.020466 166.015610 166.013182 166.012835 166.013182 166.015610 166.020466 166.028791 166.039198 
166.040238 166.029138 166.020119 166.014916 166.012488 166.011794 166.012488 166.014916 166.020119 166.029138 166.040238 
166.041279 166.029485 166.020119 166.014569 166.011447 166.011100 166.011447 166.014569 166.020119 166.029485 166.041279 
0.000000 166.030179 166.020466 166.013875 166.010753 166.010060 166.010753 166.013875 166.020466 166.030179 0.000000 
0.000000 166.031219 166.020466 166.013182 166.009713 166.009366 166.009713 166.013182 166.020466 166.031219 0.000000 
0.000000 166.032260 166.020813 166.012835 166.009019 166.008325 166.009019 166.012835 166.020813 166.032260 0.000000 
0.000000 166.033995 166.021160 166.012141 166.008325 166.007631 166.008325 166.012141 166.021160 166.033995 0.000000 
0.000000 166.036770 166.022201 166.012141 166.007285 166.006591 166.007285 166.012141 166.022201 166.036770 0.000000 
0.000000 166.039545 166.023241 166.012141 166.006591 166.005897 166.006591 166.012141 166.023241 166.039545 0.000000 
0.000000 0.000000 166.024976 166.012488 166.005897 166.004856 166.005897 166.012488 166.024976 0.000000 0.000000 
0.000000 0.000000 166.027751 166.013182 166.005203 166.004163 166.005203 166.013182 166.027751 0.000000 0.000000 
0.000000 0.000000 166.031913 166.014222 166.004509 166.003122 166.004509 166.014222 166.031913 0.000000 0.000000 
0.000000 0.000000 166.039198 166.016303 166.004163 166.002428 166.004163 166.016303 166.039198 0.000000 0.000000 
0.000000 0.000000 0.000000 166.021160 166.004163 166.001388 166.004163 166.021160 0.000000 0.000000 0.000000 
0.000000 0.000000 0.000000 166.029485 166.005203 166.000694 166.005203 166.029485 0.000000 0.000000 0.000000 
0.000000 0.000000 0.000000 0.000000 166.010753 166.000000 166.010753 0.000000 0.000000 0.000000 0.000000 
0.000000 0.000000 0.000000 0.000000 166.040932 166.026710 166.040932 0.000000 0.000000 0.000000 0.000000 
