test/output/constant/M390_S060_A000_WD270.0_WS005.0/M390_S060_A000_WD270.0_WS005.0_raz.asc
ncols         47
nrows         11
xllcorner     422103.990666
yllcorner     12748255.311160
cellsize      100.000000
NODATA_value  0.000000
0 0 0 0 0 0 0 0 0 0 0 0 0 280 277 275 274 274 275 275 280 277 278 278 278 321 278 277 280 278 337 0 0 0 0 0 0 0 0 0 0 0 0 0 0 0 0 
0 0 0 0 0 0 0 277 275 277 272 273 275 271 273 278 273 275 273 280 274 273 280 277 275 278 280 278 278 348 278 278 278 280 321 280 348 21 360 0 0 0 0 0 0 0 0 
0 0 0 0 275 270 278 275 271 272 271 273 270 282 270 272 270 277 275 275 278 273 274 277 273 277 274 278 275 273 278 278 360 280 278 278 278 278 321 280 278 282 360 0 0 0 0 
0 270 271 272 271 271 270 272 277 277 272 275 270 277 274 270 274 273 270 274 272 278 272 273 275 274 272 271 274 273 275 271 273 277 274 273 280 278 277 278 278 348 280 21 360 0 0 
270 270 270 270 270 270 270 270 270 270 270 270 270 270 270 270 272 272 273 275 275 271 272 270 275 270 282 272 272 271 270 282 275 273 272 270 273 272 273 273 274 278 274 278 321 360 360 
270 270 270 270 270 270 270 270 270 270 270 270 270 270 270 270 270 270 270 270 270 270 270 270 270 270 270 270 270 270 270 270 270 270 270 270 270 270 270 270 270 270 270 270 270 254 90 
270 270 270 270 270 270 270 270 270 270 270 270 270 270 270 270 270 270 270 270 270 270 270 270 270 270 270 270 270 270 270 270 270 270 270 270 270 270 270 270 270 270 265 261 218 158 158 
0 270 270 270 270 270 270 270 270 270 270 270 270 270 270 270 270 270 270 270 270 270 270 270 270 265 270 270 270 270 270 270 270 262 270 266 259 261 262 261 261 191 259 90 180 0 0 
0 0 0 0 264 270 270 270 270 270 270 270 270 270 270 270 270 270 270 270 270 270 265 270 270 270 265 270 270 270 261 261 270 259 261 261 261 261 218 259 261 257 180 0 0 0 0 
0 0 0 0 0 0 0 270 270 270 270 270 270 270 270 270 270 264 270 270 265 270 270 270 264 261 259 261 261 191 261 261 261 259 218 259 191 158 180 0 0 0 0 0 0 0 0 
0 0 0 0 0 0 0 0 0 0 0 0 0 270 270 270 265 270 270 264 259 262 261 261 261 218 261 262 259 261 202 0 0 0 0 0 0 0 0 0 0 0 0 0 0 0 0 
