test/output/constant/M1M260_S060_A180_WD225.0_WS020.0/M1M260_S060_A180_WD225.0_WS020.0_arrival.asc
ncols         24
nrows         9
xllcorner     426603.990666
yllcorner     12748755.311160
cellsize      100.000000
NODATA_value  0.000000
0.000000 0.000000 0.000000 0.000000 0.000000 0.000000 0.000000 0.000000 0.000000 0.000000 0.000000 0.000000 0.000000 0.000000 0.000000 0.000000 0.000000 166.040667 166.039312 166.039312 166.039312 166.039312 166.039989 166.041345 
0.000000 0.000000 0.000000 0.000000 0.000000 0.000000 0.000000 0.000000 0.000000 0.000000 0.000000 0.000000 0.000000 166.039312 166.036600 166.035245 166.033889 166.033889 166.033889 166.034567 166.035923 166.037956 166.039312 166.041345 
0.000000 0.000000 0.000000 0.000000 0.000000 0.000000 0.000000 0.000000 0.000000 0.000000 166.037956 166.033212 166.030500 166.029145 166.028467 166.029145 166.029823 166.030500 166.031856 166.033889 166.035923 166.037956 166.040667 0.000000 
0.000000 0.000000 0.000000 0.000000 0.000000 0.000000 0.000000 166.039989 166.031856 166.027111 166.024400 166.023723 166.023723 166.023723 166.025078 166.026434 166.028467 166.030500 166.032534 166.035245 166.037956 166.041345 0.000000 0.000000 
0.000000 0.000000 0.000000 0.000000 0.000000 166.035923 166.025756 166.021011 166.018978 166.018300 166.018300 166.019656 166.021011 166.023045 166.025078 166.027111 166.029823 166.033212 166.036600 166.040667 0.000000 0.000000 0.000000 0.000000 
0.000000 0.000000 0.000000 166.032534 166.019656 166.014911 166.013556 166.013556 166.014234 166.015589 166.017622 166.019656 166.021689 166.024400 166.027789 166.031856 166.036600 166.041345 0.000000 0.000000 0.000000 0.000000 0.000000 0.000000 
0.000000 166.036600 166.014234 166.008133 166.008133 166.008811 166.010167 166.012200 166.014234 166.016267 166.019656 166.023723 166.028467 166.033212 166.037956 0.000000 0.000000 0.000000 0.000000 0.000000 0.000000 0.000000 0.000000 0.000000 
166.013556 166.002711 166.003389 166.004745 166.006778 166.008811 166.011522 166.015589 166.020334 166.025078 166.031178 166.036600 0.000000 0.000000 0.000000 0.000000 0.000000 0.000000 0.000000 0.000000 0.000000 0.000000 0.000000 0.000000 
166.000000 166.001356 166.003389 166.006778 166.012878 166.018978 166.025756 166.033212 166.039989 0.000000 0.000000 0.000000 0.000000 0.000000 0.000000 0.000000 0.000000 0.000000 0.000000 0.000000 0.000000 0.000000 0.000000 0.000000 
