test/output/constant/M3M400_S060_A090_WD135.0_WS015.0/M3M400_S060_A090_WD135.0_WS015.0_ros.asc
ncols         19
nrows         44
xllcorner     425003.990666
yllcorner     12744555.311160
cellsize      100.000000
NODATA_value  0.000000
0.000000 0.000000 0.000000 0.000000 0.000000 0.000000 0.000000 0.000000 0.000000 0.000000 0.000000 0.000000 0.000000 0.000000 0.000000 1.757138 2.420548 1.628824 0.000000 
0.000000 0.000000 0.000000 0.000000 0.000000 0.000000 0.000000 0.000000 0.000000 0.000000 0.000000 0.000000 0.000000 0.000000 2.020247 2.020247 0.000000 1.628824 0.000000 
0.000000 0.000000 0.000000 0.000000 0.000000 0.000000 0.000000 0.000000 0.000000 0.000000 0.000000 0.000000 0.000000 2.420548 3.344083 73.615662 73.615662 12.050106 0.000000 
0.000000 0.000000 0.000000 0.000000 0.000000 0.000000 0.000000 0.000000 0.000000 0.000000 0.000000 0.000000 3.344083 2.799337 1.757138 73.615662 16.555075 27.363409 1.628824 
0.000000 0.000000 0.000000 0.000000 0.000000 0.000000 0.000000 0.000000 0.000000 0.000000 0.000000 2.020247 2.020247 7.561337 73.615662 73.615662 33.346008 16.555075 12.050106 
0.000000 0.000000 0.000000 0.000000 0.000000 0.000000 0.000000 0.000000 0.000000 0.000000 0.000000 3.344083 3.344083 55.265377 73.615662 73.615662 12.050106 21.710182 8.324304 
0.000000 0.000000 0.000000 0.000000 0.000000 0.000000 0.000000 0.000000 0.000000 0.000000 37.585484 2.020247 49.650249 72.925507 73.615662 27.363409 27.363409 21.710182 12.050106 
0.000000 0.000000 0.000000 0.000000 0.000000 0.000000 0.000000 0.000000 0.000000 2.799337 5.015686 55.265377 2.020247 73.615662 73.615662 51.453171 16.555075 27.363409 12.050106 
0.000000 0.000000 0.000000 0.000000 0.000000 0.000000 0.000000 0.000000 0.000000 7.561337 7.561337 49.650249 2.799337 73.615662 73.615662 27.363409 21.710182 16.555075 0.000000 
0.000000 0.000000 0.000000 0.000000 0.000000 0.000000 0.000000 0.000000 5.015686 2.420548 3.344083 7.561337 73.615662 73.615662 27.363409 27.363409 27.363409 12.050106 0.000000 
0.000000 0.000000 0.000000 0.000000 0.000000 0.000000 0.000000 0.000000 49.650249 2.020247 5.015686 64.813049 73.615662 73.615662 66.057365 21.710182 27.363409 12.050106 0.000000 
0.000000 0.000000 0.000000 0.000000 0.000000 0.000000 0.000000 49.650249 55.265377 7.561337 55.265377 68.455231 73.615662 73.615662 27.363409 21.710182 27.363409 21.710182 0.000000 
0.000000 0.000000 0.000000 0.000000 0.000000 0.000000 0.000000 2.420548 55.265377 49.650249 64.813049 73.615662 73.615662 51.453171 27.363409 16.555075 27.363409 21.710182 0.000000 
0.000000 0.000000 0.000000 0.000000 0.000000 0.000000 2.799337 5.015686 2.020247 49.650249 5.015686 73.615662 73.615662 45.575394 16.555075 16.555075 16.555075 21.710182 0.000000 
0.000000 0.000000 0.000000 0.000000 0.000000 0.000000 5.015686 55.265377 5.015686 3.344083 73.615662 73.615662 73.615662 27.363409 27.363409 8.324304 12.050106 27.363409 0.000000 
0.000000 0.000000 0.000000 0.000000 0.000000 0.000000 49.650249 55.265377 49.650249 64.813049 73.615662 73.615662 73.615662 45.575394 21.710182 16.555075 12.050106 0.000000 0.000000 
0.000000 0.000000 0.000000 0.000000 0.000000 5.015686 49.650249 55.265377 64.813049 73.615662 73.615662 73.615662 71.849319 16.555075 33.346008 27.363409 21.710182 0.000000 0.000000 
0.000000 0.000000 0.000000 0.000000 0.000000 49.650249 5.015686 55.265377 55.265377 72.925507 73.615662 73.615662 51.453171 8.324304 27.363409 16.555075 21.710182 0.000000 0.000000 
0.000000 0.000000 0.000000 0.000000 49.650249 5.015686 55.265377 49.650249 68.455231 73.615662 73.615662 39.478287 16.555075 21.710182 33.346008 33.346008 21.710182 0.000000 0.000000 
0.000000 0.000000 0.000000 0.000000 49.650249 2.420548 55.265377 64.813049 71.187119 73.615662 73.615662 73.615662 27.363409 27.363409 27.363409 27.363409 27.363409 0.000000 0.000000 
0.000000 0.000000 0.000000 0.000000 5.015686 55.265377 60.371395 7.561337 73.615662 73.615662 73.615662 56.933849 27.363409 39.478287 27.363409 27.363409 0.000000 0.000000 0.000000 
0.000000 0.000000 0.000000 7.561337 7.561337 5.015686 60.371395 71.187119 73.615662 73.615662 51.453171 56.933849 45.575394 27.363409 27.363409 8.324304 0.000000 0.000000 0.000000 
0.000000 0.000000 0.000000 49.650249 55.265377 49.650249 64.813049 73.615662 73.615662 73.615662 51.453171 16.555075 33.346008 27.363409 16.555075 12.050106 0.000000 0.000000 0.000000 
0.000000 0.000000 0.000000 49.650249 49.650249 7.561337 2.020247 73.615662 73.615662 21.710182 27.363409 27.363409 33.346008 21.710182 27.363409 0.000000 0.000000 0.000000 0.000000 
0.000000 0.000000 49.650249 49.650249 49.650249 64.813049 73.615662 73.615662 73.615662 66.057365 8.324304 12.050106 8.324304 16.555075 16.555075 0.000000 0.000000 0.000000 0.000000 
0.000000 0.000000 49.650249 49.650249 64.813049 73.615662 73.400719 73.615662 73.615662 61.851547 66.057365 33.346008 33.346008 16.555075 33.346008 0.000000 0.000000 0.000000 0.000000 
0.000000 0.000000 1.757138 2.799337 64.813049 73.615662 73.615662 73.615662 21.710182 8.324304 69.423935 27.363409 27.363409 16.555075 0.000000 0.000000 0.000000 0.000000 0.000000 
0.000000 0.000000 7.561337 68.455231 68.455231 71.187119 68.455231 73.615662 61.851547 61.851547 27.363409 33.346008 8.324304 12.050106 0.000000 0.000000 0.000000 0.000000 0.000000 
0.000000 7.561337 55.265377 3.344083 64.813049 73.615662 73.615662 73.615662 61.851547 39.478287 56.933849 39.478287 39.478287 27.363409 0.000000 0.000000 0.000000 0.000000 0.000000 
0.000000 55.265377 5.015686 68.455231 73.615662 71.187119 73.615662 27.363409 12.050106 27.363409 27.363409 12.050106 27.363409 0.000000 0.000000 0.000000 0.000000 0.000000 0.000000 
0.000000 64.813049 64.813049 68.455231 73.615662 73.615662 73.615662 21.710182 56.933849 33.346008 27.363409 27.363409 27.363409 0.000000 0.000000 0.000000 0.000000 0.000000 0.000000 
0.000000 55.265377 64.813049 73.615662 73.615662 73.615662 73.615662 73.615662 39.478287 27.363409 27.363409 33.346008 0.000000 0.000000 0.000000 0.000000 0.000000 0.000000 0.000000 
0.000000 64.813049 64.813049 73.615662 73.615662 73.615662 56.933849 21.710182 45.575394 45.575394 33.346008 33.346008 0.000000 0.000000 0.000000 0.000000 0.000000 0.000000 0.000000 
64.813049 64.813049 73.615662 73.615662 73.615662 73.615662 27.363409 61.851547 12.050106 27.363409 33.346008 0.000000 0.000000 0.000000 0.000000 0.000000 0.000000 0.000000 0.000000 
60.371395 68.455231 73.615662 73.615662 73.615662 73.615662 16.555075 27.363409 73.615662 33.346008 16.555075 0.000000 0.000000 0.000000 0.000000 0.000000 0.000000 0.000000 0.000000 
5.015686 73.615662 73.615662 73.615662 73.615662 73.615662 56.933849 27.363409 12.050106 27.363409 0.000000 0.000000 0.000000 0.000000 0.000000 0.000000 0.000000 0.000000 0.000000 
68.455231 73.615662 73.615662 73.615662 73.615662 27.363409 73.615662 21.710182 39.478287 27.363409 0.000000 0.000000 0.000000 0.000000 0.000000 0.000000 0.000000 0.000000 0.000000 
68.455231 73.615662 73.615662 73.615662 73.615662 27.363409 27.363409 27.363409 27.363409 0.000000 0.000000 0.000000 0.000000 0.000000 0.000000 0.000000 0.000000 0.000000 0.000000 
73.615662 73.615662 73.615662 73.615662 73.615662 73.615662 56.933849 27.363409 0.000000 0.000000 0.000000 0.000000 0.000000 0.000000 0.000000 0.000000 0.000000 0.000000 0.000000 
73.615662 73.615662 73.615662 73.615662 39.478287 73.615662 51.453171 21.710182 0.000000 0.000000 0.000000 0.000000 0.000000 0.000000 0.000000 0.000000 0.000000 0.000000 0.000000 
73.615662 73.615662 73.615662 73.568703 27.363409 45.575394 56.933849 0.000000 0.000000 0.000000 0.000000 0.000000 0.000000 0.000000 0.000000 0.000000 0.000000 0.000000 0.000000 
73.615662 73.615662 73.615662 73.615662 27.363409 51.453171 0.000000 0.000000 0.000000 0.000000 0.000000 0.000000 0.000000 0.000000 0.000000 0.000000 0.000000 0.000000 0.000000 
0.000000 73.615662 73.615662 27.363409 56.933849 0.000000 0.000000 0.000000 0.000000 0.000000 0.000000 0.000000 0.000000 0.000000 0.000000 0.000000 0.000000 0.000000 0.000000 
0.000000 73.615662 73.615662 73.615662 0.000000 0.000000 0.000000 0.000000 0.000000 0.000000 0.000000 0.000000 0.000000 0.000000 0.000000 0.000000 0.000000 0.000000 0.000000 
