test/output/constant/M360_S000_A270_WD090.0_WS035.0/M360_S000_A270_WD090.0_WS035.0_arrival.asc
ncols         34
nrows         7
xllcorner     423403.990666
yllcorner     12748455.311160
cellsize      100.000000
NODATA_value  0.000000
0.000000 0.000000 0.000000 0.000000 0.000000 166.041315 166.040269 166.039223 166.038177 166.037131 166.036608 166.035563 166.034517 166.033471 166.032948 166.031902 166.031379 166.030333 166.030333 166.030333 166.030333 166.030333 166.030856 166.031379 166.032425 166.033994 166.036085 166.039223 0.000000 0.000000 0.000000 0.000000 0.000000 0.000000 
0.000000 0.000000 166.041315 166.040269 166.038700 166.037654 166.036608 166.035040 166.033994 166.032948 166.031379 166.030333 166.029287 166.027718 166.026672 166.025626 166.024580 166.023534 166.022488 166.021442 166.020919 166.019873 166.018827 166.018304 166.018304 166.018304 166.018827 166.019350 166.020919 166.023534 166.029810 166.039223 0.000000 0.000000 
166.041667 166.040269 166.039223 166.037654 166.036608 166.035040 166.033994 166.032948 166.031379 166.030333 166.028764 166.027718 166.026149 166.025103 166.023534 166.022488 166.021442 166.019873 166.018827 166.017258 166.016212 166.015166 166.013597 166.012551 166.010983 166.009937 166.008891 166.007845 166.006799 166.006276 166.006276 166.007322 166.014120 0.000000 
166.041315 166.040269 166.038700 166.037654 166.036085 166.035040 166.033471 166.032425 166.030856 166.029810 166.028241 166.027195 166.025626 166.024580 166.023011 166.021965 166.020396 166.019350 166.017781 166.016735 166.015166 166.014120 166.012551 166.011506 166.009937 166.008891 166.007322 166.006276 166.004707 166.003661 166.002092 166.001046 166.000000 166.040792 
166.041667 166.040269 166.039223 166.037654 166.036608 166.035040 166.033994 166.032948 166.031379 166.030333 166.028764 166.027718 166.026149 166.025103 166.023534 166.022488 166.021442 166.019873 166.018827 166.017258 166.016212 166.015166 166.013597 166.012551 166.010983 166.009937 166.008891 166.007845 166.006799 166.006276 166.006276 166.007322 166.014120 0.000000 
0.000000 0.000000 166.041315 166.040269 166.038700 166.037654 166.036608 166.035040 166.033994 166.032948 166.031379 166.030333 166.029287 166.027718 166.026672 166.025626 166.024580 166.023534 166.022488 166.021442 166.020919 166.019873 166.018827 166.018304 166.018304 166.018304 166.018827 166.019350 166.020919 166.023534 166.029810 166.039223 0.000000 0.000000 
0.000000 0.000000 0.000000 0.000000 0.000000 166.041315 166.040269 166.039223 166.038177 166.037131 166.036608 166.035563 166.034517 166.033471 166.032948 166.031902 166.031379 166.030333 166.030333 166.030333 166.030333 166.030333 166.030856 166.031379 166.032425 166.033994 166.036085 166.039223 0.000000 0.000000 0.000000 0.000000 0.000000 0.000000 
