test/output/constant/M370_S000_A000_WD090.0_WS050.0/M370_S000_A000_WD090.0_WS050.0_arrival.asc
ncols         49
nrows         9
xllcorner     421803.990666
yllcorner     12748355.311160
cellsize      100.000000
NODATA_value  0.000000
0.000000 0.000000 0.000000 0.000000 0.000000 0.000000 0.000000 0.000000 0.000000 0.000000 0.000000 0.000000 0.000000 0.000000 0.000000 166.041537 166.040839 166.040141 166.039792 166.039094 166.039094 166.038745 166.038745 166.038745 166.038745 166.039094 166.039094 166.039094 166.039792 166.040141 166.040839 166.041537 0.000000 0.000000 0.000000 0.000000 0.000000 0.000000 0.000000 0.000000 0.000000 0.000000 0.000000 0.000000 0.000000 0.000000 0.000000 0.000000 0.000000 
0.000000 0.000000 0.000000 0.000000 0.000000 0.000000 0.000000 166.041188 166.040490 166.039443 166.038745 166.038047 166.037348 166.036650 166.035952 166.035254 166.034556 166.034207 166.033509 166.032811 166.032113 166.031415 166.031066 166.030367 166.029669 166.029320 166.028622 166.028273 166.027924 166.027575 166.027575 166.027924 166.027924 166.027924 166.028622 166.029320 166.029669 166.030717 166.032113 166.034207 166.036301 166.039443 0.000000 0.000000 0.000000 0.000000 0.000000 0.000000 0.000000 
0.000000 0.000000 0.000000 166.041188 166.040141 166.039443 166.038745 166.037698 166.036999 166.035952 166.035254 166.034556 166.033858 166.032811 166.032113 166.031415 166.030367 166.029669 166.028971 166.027924 166.027226 166.026528 166.025830 166.024783 166.024085 166.023386 166.022688 166.021990 166.021292 166.020594 166.019896 166.019547 166.018849 166.018151 166.017802 166.017104 166.016754 166.016754 166.016754 166.016754 166.017453 166.018151 166.019198 166.021292 166.024434 166.029669 166.040490 0.000000 0.000000 
0.000000 166.041188 166.040490 166.039443 166.038745 166.037698 166.036999 166.035952 166.035254 166.034207 166.033509 166.032811 166.031764 166.031066 166.030018 166.029320 166.028273 166.027575 166.026528 166.025830 166.024783 166.024085 166.023037 166.022339 166.021292 166.020594 166.019547 166.018849 166.017802 166.017104 166.016056 166.015358 166.014311 166.013613 166.012915 166.011868 166.011170 166.010472 166.009424 166.008726 166.008028 166.007330 166.006632 166.005934 166.005585 166.005585 166.006283 166.009075 166.020594 
166.041537 166.040839 166.039792 166.039094 166.038047 166.037348 166.036301 166.035603 166.034556 166.033858 166.032811 166.032113 166.031066 166.030367 166.029320 166.028622 166.027575 166.026877 166.025830 166.025132 166.024085 166.023386 166.022339 166.021641 166.020594 166.019896 166.018849 166.018151 166.017104 166.016405 166.015358 166.014660 166.013613 166.012915 166.011868 166.011170 166.010122 166.009424 166.008377 166.007679 166.006632 166.005934 166.004887 166.004189 166.003141 166.002443 166.001396 166.000698 166.000000 
0.000000 166.041188 166.040490 166.039443 166.038745 166.037698 166.036999 166.035952 166.035254 166.034207 166.033509 166.032811 166.031764 166.031066 166.030018 166.029320 166.028273 166.027575 166.026528 166.025830 166.024783 166.024085 166.023037 166.022339 166.021292 166.020594 166.019547 166.018849 166.017802 166.017104 166.016056 166.015358 166.014311 166.013613 166.012915 166.011868 166.011170 166.010472 166.009424 166.008726 166.008028 166.007330 166.006632 166.005934 166.005585 166.005585 166.006283 166.009075 166.020594 
0.000000 0.000000 0.000000 166.041188 166.040141 166.039443 166.038745 166.037698 166.036999 166.035952 166.035254 166.034556 166.033858 166.032811 166.032113 166.031415 166.030367 166.029669 166.028971 166.027924 166.027226 166.026528 166.025830 166.024783 166.024085 166.023386 166.022688 166.021990 166.021292 166.020594 166.019896 166.019547 166.018849 166.018151 166.017802 166.017104 166.016754 166.016754 166.016754 166.016754 166.017453 166.018151 166.019198 166.021292 166.024434 166.029669 166.040490 0.000000 0.000000 
0.000000 0.000000 0.000000 0.000000 0.000000 0.000000 0.000000 166.041188 166.040490 166.039443 166.038745 166.038047 166.037348 166.036650 166.035952 166.035254 166.034556 166.034207 166.033509 166.032811 166.032113 166.031415 166.031066 166.030367 166.029669 166.029320 166.028622 166.028273 166.027924 166.027575 166.027575 166.027924 166.027924 166.027924 166.028622 166.029320 166.029669 166.030717 166.032113 166.034207 166.036301 166.039443 0.000000 0.000000 0.000000 0.000000 0.000000 0.000000 0.000000 
0.000000 0.000000 0.000000 0.000000 0.000000 0.000000 0.000000 0.000000 0.000000 0.000000 0.000000 0.000000 0.000000 0.000000 0.000000 166.041537 166.040839 166.040141 166.039792 166.039094 166.039094 166.038745 166.038745 166.038745 166.038745 166.039094 166.039094 166.039094 166.039792 166.040141 166.040839 166.041537 0.000000 0.000000 0.000000 0.000000 0.000000 0.000000 0.000000 0.000000 0.000000 0.000000 0.000000 0.000000 0.000000 0.000000 0.000000 0.000000 0.000000 
