test/output/constant/M375_S060_A090_WD225.0_WS020.0/M375_S060_A090_WD225.0_WS020.0_intensity.asc
ncols         17
nrows         26
xllcorner     426503.990666
yllcorner     12746355.311160
cellsize      100.000000
NODATA_value  0.000000
1383 2020 2020 0 0 0 0 0 0 0 0 0 0 0 0 0 0 
6481 0 2377 2377 2933 0 0 0 0 0 0 0 0 0 0 0 0 
8769 40753 40595 28973 2933 2933 0 0 0 0 0 0 0 0 0 0 0 
6481 40748 40753 25816 25816 4067 4067 0 0 0 0 0 0 0 0 0 0 
17557 17557 40753 40753 40753 28973 1765 25816 0 0 0 0 0 0 0 0 0 
17557 27402 40299 40753 38580 2933 2020 28973 2377 0 0 0 0 0 0 0 0 
6481 11428 40299 40753 40753 40753 40753 28973 28973 0 0 0 0 0 0 0 0 
0 6481 27402 35719 40753 40753 40753 34544 2377 25816 0 0 0 0 0 0 0 
0 4622 33268 37746 40753 40753 40753 40753 2933 25816 2377 0 0 0 0 0 0 
0 20848 24163 33268 37746 40753 40753 40753 40753 25816 25816 0 0 0 0 0 0 
0 0 24163 35719 40753 40753 40753 40753 40753 39861 40753 28973 0 0 0 0 0 
0 0 4622 6481 8769 4622 40753 40753 25816 40595 34544 25816 2020 0 0 0 0 
0 0 0 24163 40753 40299 40753 40753 40753 40753 2933 2933 39861 0 0 0 0 
0 0 0 11428 4622 40299 40753 40753 40753 40753 2377 39861 40753 25816 0 0 0 
0 0 0 0 17557 40753 40753 40753 40753 40753 40753 40753 25816 28973 0 0 0 
0 0 0 0 27402 37746 39289 40748 40753 40753 40753 40753 40595 40753 2933 0 0 
0 0 0 0 0 40748 39289 40753 40753 40753 40753 36790 40753 40595 40753 0 0 
0 0 0 0 0 40753 40753 37746 40753 40753 40595 40753 39861 40753 38580 10161 0 
0 0 0 0 0 0 6481 6481 35719 40299 40753 40753 40753 40753 40753 34544 0 
0 0 0 0 0 0 0 39289 40299 33268 40753 40753 40753 40753 38580 2377 0 
0 0 0 0 0 0 0 37746 40299 30468 40753 40753 40753 40753 40753 40753 0 
0 0 0 0 0 0 0 0 40753 40753 30468 40753 40753 40753 40595 40753 40753 
0 0 0 0 0 0 0 0 0 40753 33268 40753 40753 40595 40753 34544 40595 
0 0 0 0 0 0 0 0 0 0 40748 30468 40753 40753 40753 40753 40753 
0 0 0 0 0 0 0 0 0 0 0 27402 37746 40753 40753 40753 40753 
0 0 0 0 0 0 0 0 0 0 0 0 33268 40753 40753 40753 40753 
