test/output/constant/M3M490_S060_A000_WD315.0_WS010.0/M3M490_S060_A000_WD315.0_WS010.0_raz.asc
ncols         41
nrows         13
xllcorner     422703.990666
yllcorner     12747755.311160
cellsize      100.000000
NODATA_value  0.000000
0 0 0 0 0 0 0 0 0 0 0 0 0 0 0 0 0 0 0 0 0 0 0 0 0 0 270 270 270 270 270 279 270 284 273 276 279 279 0 0 0 
0 0 0 0 0 0 0 0 0 0 0 0 0 0 0 0 0 0 0 0 270 270 276 268 279 270 270 268 273 268 279 270 270 279 270 270 270 279 279 7 54 
0 0 0 0 0 0 0 0 0 0 0 0 0 0 0 270 276 270 284 268 270 273 268 279 268 279 268 268 276 270 270 276 270 268 268 268 270 257 257 254 147 
0 0 0 0 0 0 0 0 0 0 0 267 276 268 290 270 270 279 276 270 268 279 273 268 268 270 265 276 268 267 267 257 257 257 257 257 257 255 251 178 147 
0 0 0 0 0 0 0 0 0 270 268 268 276 268 268 267 273 284 279 270 270 261 270 259 265 262 257 257 257 257 257 257 257 257 257 251 249 167 188 167 0 
0 0 0 0 0 0 279 279 270 270 270 270 276 279 268 267 270 263 267 268 273 257 261 257 257 257 257 257 257 257 255 249 216 249 248 100 188 167 178 0 0 
0 0 0 0 268 268 268 284 268 257 268 263 267 267 276 270 257 257 270 257 257 257 257 257 257 257 257 257 256 253 249 248 188 249 246 178 147 0 0 0 0 
0 0 268 268 268 262 267 267 273 270 270 257 257 257 257 257 257 257 257 257 257 257 257 257 257 252 251 188 178 216 147 204 178 188 167 0 0 0 0 0 0 
0 270 273 270 265 258 257 257 258 273 257 257 257 257 257 257 257 257 257 257 256 252 249 216 248 249 204 248 248 248 248 204 0 0 0 0 0 0 0 0 0 
258 257 257 257 262 257 257 257 257 257 257 257 257 257 257 257 257 253 255 257 253 249 204 216 204 248 248 248 204 178 0 0 0 0 0 0 0 0 0 0 0 
257 257 257 257 257 257 257 257 257 257 257 253 257 257 253 249 251 252 248 249 248 188 248 216 249 248 0 0 0 0 0 0 0 0 0 0 0 0 0 0 0 
257 257 257 257 257 257 257 257 257 257 257 253 251 251 249 249 248 249 248 216 248 204 204 0 0 0 0 0 0 0 0 0 0 0 0 0 0 0 0 0 0 
0 257 257 257 257 257 257 253 253 251 251 253 204 248 248 248 216 248 0 0 0 0 0 0 0 0 0 0 0 0 0 0 0 0 0 0 0 0 0 0 0 
