test/output/constant/M385_S060_A090_WD315.0_WS015.0/M385_S060_A090_WD315.0_WS015.0_intensity.asc
ncols         15
nrows         56
xllcorner     426503.990666
yllcorner     12743255.311160
cellsize      100.000000
NODATA_value  0.000000
764 0 2115 0 0 0 0 0 0 0 0 0 0 0 0 
11932 83359 57148 875 0 0 0 0 0 0 0 0 0 0 0 
17236 83359 83359 50268 0 0 0 0 0 0 0 0 0 0 0 
36937 83359 83359 57148 50268 0 0 0 0 0 0 0 0 0 0 
44104 83359 83359 83223 57148 0 0 0 0 0 0 0 0 0 0 
44104 64401 83359 83359 57148 875 0 0 0 0 0 0 0 0 0 
36937 70080 83359 83359 57148 50268 0 0 0 0 0 0 0 0 0 
36937 64401 83359 82884 83359 57148 1015 0 0 0 0 0 0 0 0 
36937 58047 83359 78294 63576 57148 57148 0 0 0 0 0 0 0 0 
23296 23296 83021 83359 83359 57148 57148 0 0 0 0 0 0 0 0 
36937 64401 23296 83359 83359 764 57148 50268 0 0 0 0 0 0 0 
17236 58047 83021 83359 83359 81180 57148 57148 0 0 0 0 0 0 0 
44104 17236 83359 83359 83359 83359 57148 57148 0 0 0 0 0 0 0 
36937 36937 64401 83359 83359 83359 83359 57148 57148 0 0 0 0 0 0 
17236 36937 78753 83359 83359 83359 83359 57148 57148 0 0 0 0 0 0 
0 29931 23296 83359 83359 83359 63576 57148 63576 0 0 0 0 0 0 
0 36937 78753 83359 83359 83359 83359 83359 63576 57148 0 0 0 0 0 
0 44104 74914 11932 83359 83359 83359 83359 57148 57148 0 0 0 0 0 
0 36937 23296 78753 83359 83359 69355 83359 57148 57148 0 0 0 0 0 
0 36937 23296 83359 83359 83359 81180 83359 83359 57148 0 0 0 0 0 
0 23296 11932 83359 83359 83359 83359 74312 83359 63576 57148 0 0 0 0 
0 36937 64401 64401 17236 83359 83359 83359 83359 57148 57148 0 0 0 0 
0 36937 58047 74914 83359 83359 83359 83359 63576 57148 57148 0 0 0 0 
0 44104 23296 23296 78753 83359 83359 82884 69355 81180 63576 0 0 0 0 
0 36937 64401 70080 83359 83359 83359 83359 81180 83223 81180 63576 0 0 0 
0 0 58047 83359 74914 17236 83359 83359 83359 82884 83359 63576 0 0 0 
0 0 17236 64401 83359 83359 83359 83359 83359 83359 83223 63576 0 0 0 
0 0 64401 70080 17236 83359 83359 83359 74312 83359 83359 83223 0 0 0 
0 0 51212 23296 83359 83359 83359 83359 83359 81180 83359 63576 63576 0 0 
0 0 44104 58047 64401 83359 83359 83359 83359 83359 63576 83359 63576 0 0 
0 0 0 64401 78753 78753 83359 83359 83359 83359 69355 57148 83223 0 0 
0 0 0 64401 70080 83359 83359 83359 82884 78294 82884 63576 57148 0 0 
0 0 0 58047 70080 74914 83359 83359 83359 83359 83223 78294 57148 0 0 
0 0 0 74914 23296 83359 83359 83359 83359 83359 83359 83359 57148 0 0 
0 0 0 0 78753 17236 83359 83359 83359 83359 83359 78294 63576 57148 0 
0 0 0 0 74914 64401 81484 83359 83359 83359 81180 81180 83359 63576 0 
0 0 0 0 23296 83359 83359 83359 83359 83359 83359 78294 63576 57148 0 
0 0 0 0 70080 64401 78753 83359 83359 83359 83359 83359 81180 63576 0 
0 0 0 0 0 83359 83359 81484 83359 83359 83359 83359 83359 57148 0 
0 0 0 0 0 74914 70080 83021 83359 83359 83359 81180 74312 81180 0 
0 0 0 0 0 70080 83359 70080 83359 83359 83359 83359 81180 83359 0 
0 0 0 0 0 0 83359 23296 83359 83359 83359 83359 83359 81180 69355 
0 0 0 0 0 0 70080 81484 83359 83359 83359 83359 83359 83359 83359 
0 0 0 0 0 0 70080 83359 83359 83359 83359 83359 74312 82884 63576 
0 0 0 0 0 0 83359 78753 83359 83359 83359 83359 83359 81180 82884 
0 0 0 0 0 0 0 83359 83359 83359 83359 83359 83223 83359 83359 
0 0 0 0 0 0 0 23296 83359 83359 83359 83359 83359 83359 83359 
0 0 0 0 0 0 0 0 83292 83359 83359 83359 83223 78294 83359 
0 0 0 0 0 0 0 0 83359 83359 83359 83359 83359 83359 82884 
0 0 0 0 0 0 0 0 70080 83359 83359 83359 83359 83359 83359 
0 0 0 0 0 0 0 0 0 83359 29931 83359 83359 83359 63576 
0 0 0 0 0 0 0 0 0 74914 83359 83359 83359 83359 81180 
0 0 0 0 0 0 0 0 0 0 83359 83359 83359 83359 81180 
0 0 0 0 0 0 0 0 0 0 83359 83359 83359 83359 0 
0 0 0 0 0 0 0 0 0 0 0 83292 83359 83359 0 
0 0 0 0 0 0 0 0 0 0 0 0 83359 83359 0 
