test/output/constant/M385_S060_A090_WD315.0_WS015.0/M385_S060_A090_WD315.0_WS015.0_ros.asc
ncols         15
nrows         56
xllcorner     426503.990666
yllcorner     12743255.311160
cellsize      100.000000
NODATA_value  0.000000
0.854756 0.000000 2.365448 0.000000 0.000000 0.000000 0.000000 0.000000 0.000000 0.000000 0.000000 0.000000 0.000000 0.000000 0.000000 
13.344627 93.225334 63.911991 0.979421 0.000000 0.000000 0.000000 0.000000 0.000000 0.000000 0.000000 0.000000 0.000000 0.000000 0.000000 
19.276047 93.225334 93.225334 56.217648 0.000000 0.000000 0.000000 0.000000 0.000000 0.000000 0.000000 0.000000 0.000000 0.000000 0.000000 
41.309471 93.225334 93.225334 63.911991 56.217648 0.000000 0.000000 0.000000 0.000000 0.000000 0.000000 0.000000 0.000000 0.000000 0.000000 
49.323875 93.225334 93.225334 93.072998 63.911991 0.000000 0.000000 0.000000 0.000000 0.000000 0.000000 0.000000 0.000000 0.000000 0.000000 
49.323875 72.023109 93.225334 93.225334 63.911991 0.979421 0.000000 0.000000 0.000000 0.000000 0.000000 0.000000 0.000000 0.000000 0.000000 
41.309471 78.375008 93.225334 93.225334 63.911991 56.217648 0.000000 0.000000 0.000000 0.000000 0.000000 0.000000 0.000000 0.000000 0.000000 
41.309471 72.023109 93.225334 92.693710 93.225334 63.911991 1.135371 0.000000 0.000000 0.000000 0.000000 0.000000 0.000000 0.000000 0.000000 
41.309471 64.917397 93.225334 87.560417 71.100403 63.911991 63.911991 0.000000 0.000000 0.000000 0.000000 0.000000 0.000000 0.000000 0.000000 
26.054184 26.054184 92.847244 93.225334 93.225334 63.911991 63.911991 0.000000 0.000000 0.000000 0.000000 0.000000 0.000000 0.000000 0.000000 
41.309471 72.023109 26.054184 93.225334 93.225334 0.854756 63.911991 56.217648 0.000000 0.000000 0.000000 0.000000 0.000000 0.000000 0.000000 
19.276047 64.917397 92.847244 93.225334 93.225334 90.788666 63.911991 63.911991 0.000000 0.000000 0.000000 0.000000 0.000000 0.000000 0.000000 
49.323875 19.276047 93.225334 93.225334 93.225334 93.225334 63.911991 63.911991 0.000000 0.000000 0.000000 0.000000 0.000000 0.000000 0.000000 
41.309471 41.309471 72.023109 93.225334 93.225334 93.225334 93.225334 63.911991 63.911991 0.000000 0.000000 0.000000 0.000000 0.000000 0.000000 
19.276047 41.309471 88.074631 93.225334 93.225334 93.225334 93.225334 63.911991 63.911991 0.000000 0.000000 0.000000 0.000000 0.000000 0.000000 
0.000000 33.473660 26.054184 93.225334 93.225334 93.225334 71.100403 63.911991 71.100403 0.000000 0.000000 0.000000 0.000000 0.000000 0.000000 
0.000000 41.309471 88.074631 93.225334 93.225334 93.225334 93.225334 93.225334 71.100403 63.911991 0.000000 0.000000 0.000000 0.000000 0.000000 
0.000000 49.323875 83.780220 13.344627 93.225334 93.225334 93.225334 93.225334 63.911991 63.911991 0.000000 0.000000 0.000000 0.000000 0.000000 
0.000000 41.309471 26.054184 88.074631 93.225334 93.225334 77.564301 93.225334 63.911991 63.911991 0.000000 0.000000 0.000000 0.000000 0.000000 
0.000000 41.309471 26.054184 93.225334 93.225334 93.225334 90.788666 93.225334 93.225334 63.911991 0.000000 0.000000 0.000000 0.000000 0.000000 
0.000000 26.054184 13.344627 93.225334 93.225334 93.225334 93.225334 83.107155 93.225334 71.100403 63.911991 0.000000 0.000000 0.000000 0.000000 
0.000000 41.309471 72.023109 72.023109 19.276047 93.225334 93.225334 93.225334 93.225334 63.911991 63.911991 0.000000 0.000000 0.000000 0.000000 
0.000000 41.309471 64.917397 83.780220 93.225334 93.225334 93.225334 93.225334 71.100403 63.911991 63.911991 0.000000 0.000000 0.000000 0.000000 
0.000000 49.323875 26.054184 26.054184 88.074631 93.225334 93.225334 92.693710 77.564301 90.788666 71.100403 0.000000 0.000000 0.000000 0.000000 
0.000000 41.309471 72.023109 78.375008 93.225334 93.225334 93.225334 93.225334 90.788666 93.072998 90.788666 71.100403 0.000000 0.000000 0.000000 
0.000000 0.000000 64.917397 93.225334 83.780220 19.276047 93.225334 93.225334 93.225334 92.693710 93.225334 71.100403 0.000000 0.000000 0.000000 
0.000000 0.000000 19.276047 72.023109 93.225334 93.225334 93.225334 93.225334 93.225334 93.225334 93.072998 71.100403 0.000000 0.000000 0.000000 
0.000000 0.000000 72.023109 78.375008 19.276047 93.225334 93.225334 93.225334 83.107155 93.225334 93.225334 93.072998 0.000000 0.000000 0.000000 
0.000000 0.000000 57.273632 26.054184 93.225334 93.225334 93.225334 93.225334 93.225334 90.788666 93.225334 71.100403 71.100403 0.000000 0.000000 
0.000000 0.000000 49.323875 64.917397 72.023109 93.225334 93.225334 93.225334 93.225334 93.225334 71.100403 93.225334 71.100403 0.000000 0.000000 
0.000000 0.000000 0.000000 72.023109 88.074631 88.074631 93.225334 93.225334 93.225334 93.225334 77.564301 63.911991 93.072998 0.000000 0.000000 
0.000000 0.000000 0.000000 72.023109 78.375008 93.225334 93.225334 93.225334 92.693710 87.560417 92.693710 71.100403 63.911991 0.000000 0.000000 
0.000000 0.000000 0.000000 64.917397 78.375008 83.780220 93.225334 93.225334 93.225334 93.225334 93.072998 87.560417 63.911991 0.000000 0.000000 
0.000000 0.000000 0.000000 83.780220 26.054184 93.225334 93.225334 93.225334 93.225334 93.225334 93.225334 93.225334 63.911991 0.000000 0.000000 
0.000000 0.000000 0.000000 0.000000 88.074631 19.276047 93.225334 93.225334 93.225334 93.225334 93.225334 87.560417 71.100403 63.911991 0.000000 
0.000000 0.000000 0.000000 0.000000 83.780220 72.023109 91.127861 93.225334 93.225334 93.225334 90.788666 90.788666 93.225334 71.100403 0.000000 
0.000000 0.000000 0.000000 0.000000 26.054184 93.225334 93.225334 93.225334 93.225334 93.225334 93.225334 87.560417 71.100403 63.911991 0.000000 
0.000000 0.000000 0.000000 0.000000 78.375008 72.023109 88.074631 93.225334 93.225334 93.225334 93.225334 93.225334 90.788666 71.100403 0.000000 
0.000000 0.000000 0.000000 0.000000 0.000000 93.225334 93.225334 91.127861 93.225334 93.225334 93.225334 93.225334 93.225334 63.911991 0.000000 
0.000000 0.000000 0.000000 0.000000 0.000000 83.780220 78.375008 92.847244 93.225334 93.225334 93.225334 90.788666 83.107155 90.788666 0.000000 
0.000000 0.000000 0.000000 0.000000 0.000000 78.375008 93.225334 78.375008 93.225334 93.225334 93.225334 93.225334 90.788666 93.225334 0.000000 
0.000000 0.000000 0.000000 0.000000 0.000000 0.000000 93.225334 26.054184 93.225334 93.225334 93.225334 93.225334 93.225334 90.788666 77.564301 
0.000000 0.000000 0.000000 0.000000 0.000000 0.000000 78.375008 91.127861 93.225334 93.225334 93.225334 93.225334 93.225334 93.225334 93.225334 
0.000000 0.000000 0.000000 0.000000 0.000000 0.000000 78.375008 93.225334 93.225334 93.225334 93.225334 93.225334 83.107155 92.693710 71.100403 
0.000000 0.000000 0.000000 0.000000 0.000000 0.000000 93.225334 88.074631 93.225334 93.225334 93.225334 93.225334 93.225334 90.788666 92.693710 
0.000000 0.000000 0.000000 0.000000 0.000000 0.000000 0.000000 93.225334 93.225334 93.225334 93.225334 93.225334 93.072998 93.225334 93.225334 
0.000000 0.000000 0.000000 0.000000 0.000000 0.000000 0.000000 26.054184 93.225334 93.225334 93.225334 93.225334 93.225334 93.225334 93.225334 
0.000000 0.000000 0.000000 0.000000 0.000000 0.000000 0.000000 0.000000 93.149956 93.225334 93.225334 93.225334 93.072998 87.560417 93.225334 
0.000000 0.000000 0.000000 0.000000 0.000000 0.000000 0.000000 0.000000 93.225334 93.225334 93.225334 93.225334 93.225334 93.225334 92.693710 
0.000000 0.000000 0.000000 0.000000 0.000000 0.000000 0.000000 0.000000 78.375008 93.225334 93.225334 93.225334 93.225334 93.225334 93.225334 
0.000000 0.000000 0.000000 0.000000 0.000000 0.000000 0.000000 0.000000 0.000000 93.225334 33.473660 93.225334 93.225334 93.225334 71.100403 
0.000000 0.000000 0.000000 0.000000 0.000000 0.000000 0.000000 0.000000 0.000000 83.780220 93.225334 93.225334 93.225334 93.225334 90.788666 
0.000000 0.000000 0.000000 0.000000 0.000000 0.000000 0.000000 0.000000 0.000000 0.000000 93.225334 93.225334 93.225334 93.225334 90.788666 
0.000000 0.000000 0.000000 0.000000 0.000000 0.000000 0.000000 0.000000 0.000000 0.000000 93.225334 93.225334 93.225334 93.225334 0.000000 
0.000000 0.000000 0.000000 0.000000 0.000000 0.000000 0.000000 0.000000 0.000000 0.000000 0.000000 93.149956 93.225334 93.225334 0.000000 
0.000000 0.000000 0.000000 0.000000 0.000000 0.000000 0.000000 0.000000 0.000000 0.000000 0.000000 0.000000 93.225334 93.225334 0.000000 
