test/output/constant/M395_S060_A180_WD135.0_WS005.0/M395_S060_A180_WD135.0_WS005.0_arrival.asc
ncols         52
nrows         12
xllcorner     426503.990666
yllcorner     12748455.311160
cellsize      100.000000
NODATA_value  0.000000
0.000000 0.000000 0.000000 0.000000 0.000000 0.000000 0.000000 0.000000 0.000000 0.000000 0.000000 0.000000 0.000000 0.000000 0.000000 0.000000 0.000000 0.000000 0.000000 0.000000 0.000000 0.000000 0.000000 0.000000 0.000000 166.041306 166.040645 166.039654 166.039323 166.038662 166.038662 166.038662 166.038662 166.038662 166.038662 166.038993 166.038993 166.039323 166.039323 166.039654 166.039654 166.039984 166.040315 166.040645 166.040976 166.041637 0.000000 0.000000 0.000000 0.000000 0.000000 0.000000 
0.000000 0.000000 0.000000 0.000000 0.000000 0.000000 0.000000 0.000000 0.000000 0.000000 0.000000 0.000000 0.000000 0.000000 0.000000 0.000000 0.000000 0.000000 166.040976 166.038993 166.037671 166.036680 166.035688 166.034697 166.034367 166.033706 166.033375 166.033375 166.033375 166.033375 166.033706 166.033706 166.034036 166.034036 166.034367 166.034367 166.034697 166.035028 166.035358 166.036019 166.036349 166.037010 166.037341 166.038002 166.038662 166.039323 166.039984 166.040645 166.040976 166.041637 0.000000 0.000000 
0.000000 0.000000 0.000000 0.000000 0.000000 0.000000 0.000000 0.000000 0.000000 0.000000 0.000000 0.000000 0.000000 166.039654 166.037341 166.035028 166.033375 166.032054 166.030732 166.030071 166.029079 166.028749 166.028419 166.028419 166.028419 166.028419 166.028419 166.028749 166.028749 166.029079 166.029410 166.029410 166.030071 166.030401 166.030732 166.031393 166.031723 166.032384 166.033045 166.033706 166.034367 166.035028 166.035688 166.036019 166.036680 166.037671 166.038332 166.038993 166.039654 166.040315 166.040976 166.041637 
0.000000 0.000000 0.000000 0.000000 0.000000 0.000000 0.000000 0.000000 0.000000 166.039323 166.035028 166.032054 166.029410 166.027758 166.026105 166.025114 166.024123 166.023462 166.023131 166.023131 166.023131 166.023462 166.023462 166.023792 166.023792 166.024123 166.024453 166.024784 166.025114 166.025775 166.026105 166.026766 166.027427 166.028088 166.028749 166.029410 166.030071 166.030732 166.031393 166.032054 166.032714 166.033375 166.034036 166.035028 166.035688 166.036349 166.037341 166.038332 166.038993 166.039654 166.040645 166.041306 
0.000000 0.000000 0.000000 0.000000 0.000000 0.000000 166.036680 166.031062 166.026766 166.024123 166.022140 166.020488 166.019496 166.018505 166.018175 166.018175 166.018175 166.018175 166.018505 166.018505 166.018836 166.019166 166.019496 166.020157 166.020818 166.021149 166.021810 166.022471 166.023131 166.023792 166.024453 166.025114 166.025775 166.026766 166.027427 166.028088 166.029079 166.029740 166.030732 166.031393 166.032384 166.033045 166.034036 166.034697 166.035688 166.036349 166.037341 166.038002 166.038993 166.039654 166.040645 166.041306 
0.000000 0.000000 0.000000 166.039323 166.029740 166.023462 166.018836 166.016522 166.014870 166.013548 166.012887 166.012887 166.012887 166.013218 166.013218 166.013548 166.013879 166.014540 166.015201 166.015862 166.016192 166.016853 166.017514 166.018175 166.019166 166.019827 166.020488 166.021479 166.022140 166.023131 166.023792 166.024784 166.025445 166.026436 166.027097 166.028088 166.028749 166.029740 166.030732 166.031393 166.032384 166.033045 166.034036 166.034697 166.035688 166.036680 166.037341 166.038332 166.039323 166.039984 166.040976 0.000000 
0.000000 166.040315 166.024453 166.015862 166.010905 166.008922 166.007931 166.007931 166.007931 166.007931 166.008261 166.008922 166.009583 166.010244 166.010905 166.011566 166.012227 166.013218 166.013879 166.014870 166.015531 166.016522 166.017183 166.018175 166.018836 166.019827 166.020488 166.021479 166.022140 166.023131 166.024123 166.024784 166.025775 166.026436 166.027427 166.028419 166.029410 166.030071 166.031062 166.032054 166.032714 166.033706 166.034697 166.035688 166.036680 166.037341 166.038332 166.039323 166.040315 166.041306 0.000000 0.000000 
0.000000 166.008592 166.003304 166.002644 166.002974 166.003304 166.003965 166.004626 166.005618 166.006279 166.007270 166.007931 166.008922 166.009583 166.010574 166.011566 166.012227 166.013218 166.013879 166.014870 166.015531 166.016522 166.017514 166.018505 166.019166 166.020157 166.021149 166.022140 166.022801 166.023792 166.024784 166.025775 166.026766 166.027758 166.028749 166.029740 166.030732 166.031393 166.032384 166.033375 166.034367 166.035358 166.036349 166.037341 166.038332 166.039323 166.040315 166.041306 0.000000 0.000000 0.000000 0.000000 
166.031062 166.000000 166.000661 166.001322 166.002313 166.002974 166.003965 166.004626 166.005618 166.006609 166.007600 166.008261 166.009253 166.010244 166.011235 166.012227 166.013218 166.014209 166.015201 166.016192 166.017183 166.018175 166.019166 166.020157 166.021149 166.022140 166.023131 166.024123 166.025114 166.026105 166.027097 166.028088 166.029079 166.030071 166.031062 166.032054 166.033045 166.033706 166.034697 166.035688 166.036680 166.037671 166.038662 166.039654 166.040645 166.041637 0.000000 0.000000 0.000000 0.000000 0.000000 0.000000 
0.000000 166.013879 166.008592 166.006939 166.006939 166.007270 166.007931 166.008592 166.009253 166.009913 166.010905 166.011896 166.012887 166.013879 166.014870 166.015862 166.016853 166.017844 166.018836 166.019827 166.020818 166.021810 166.022801 166.023792 166.024784 166.025775 166.026766 166.027758 166.028749 166.029740 166.030732 166.031723 166.032714 166.033706 166.034697 166.035688 166.036680 166.037671 166.038662 166.039654 166.040645 166.041637 0.000000 0.000000 0.000000 0.000000 0.000000 0.000000 0.000000 0.000000 0.000000 0.000000 
0.000000 0.000000 166.038002 166.029740 166.025114 166.022801 166.021149 166.020488 166.020157 166.020157 166.020488 166.020818 166.021149 166.021479 166.022140 166.022801 166.023131 166.023792 166.024784 166.025445 166.026105 166.027097 166.027758 166.028749 166.029410 166.030401 166.031393 166.032384 166.033375 166.034367 166.035358 166.036349 166.037341 166.038002 166.038993 166.039984 166.040976 0.000000 0.000000 0.000000 0.000000 0.000000 0.000000 0.000000 0.000000 0.000000 0.000000 0.000000 0.000000 0.000000 0.000000 0.000000 
0.000000 0.000000 0.000000 0.000000 0.000000 0.000000 166.041637 166.038662 166.036680 166.035358 166.034367 166.033706 166.033375 166.033375 166.033375 166.033375 166.033706 166.034036 166.034367 166.034697 166.035028 166.035688 166.036349 166.037010 166.037341 166.038002 166.038662 166.039323 166.040315 166.040976 166.041637 0.000000 0.000000 0.000000 0.000000 0.000000 0.000000 0.000000 0.000000 0.000000 0.000000 0.000000 0.000000 0.000000 0.000000 0.000000 0.000000 0.000000 0.000000 0.000000 0.000000 0.000000 
