test/output/constant/M380_S060_A090_WD045.0_WS015.0/M380_S060_A090_WD045.0_WS015.0_raz.asc
ncols         14
nrows         53
xllcorner     425403.990666
yllcorner     12743555.311160
cellsize      100.000000
NODATA_value  0.000000
0 0 0 0 0 0 0 0 0 0 0 310 65535 12 
0 0 0 0 0 0 0 0 0 0 276 198 192 168 
0 0 0 0 0 0 0 0 0 0 270 192 192 168 
0 0 0 0 0 0 0 0 0 247 198 192 181 168 
0 0 0 0 0 0 0 0 0 247 198 192 188 173 
0 0 0 0 0 0 0 0 198 198 197 192 183 179 
0 0 0 0 0 0 0 0 198 231 192 192 181 168 
0 0 0 0 0 0 0 198 198 198 192 192 179 168 
0 0 0 0 0 0 0 198 197 197 192 192 179 179 
0 0 0 0 0 0 0 198 197 193 192 192 176 179 
0 0 0 0 0 0 198 198 198 192 192 179 179 168 
0 0 0 0 0 0 198 198 197 192 192 186 179 181 
0 0 0 0 0 0 231 198 197 192 192 179 168 179 
0 0 0 0 0 198 221 231 192 192 192 173 176 176 
0 0 0 0 0 282 197 197 193 192 173 183 179 0 
0 0 0 0 0 198 221 197 192 192 183 181 168 0 
0 0 0 0 0 198 198 197 192 188 179 183 179 0 
0 0 0 0 198 198 198 192 192 192 179 183 179 0 
0 0 0 0 198 247 198 194 192 191 176 179 168 0 
0 0 0 0 198 198 197 192 192 189 186 179 179 0 
0 0 0 198 198 231 197 192 192 179 176 179 168 0 
0 0 0 198 198 231 192 192 192 179 181 176 176 0 
0 0 0 198 198 196 192 192 187 184 183 173 179 0 
0 0 0 247 198 231 192 192 192 176 179 181 168 0 
0 0 197 221 198 192 192 192 192 189 173 179 0 0 
0 0 198 221 197 192 192 192 190 179 181 179 0 0 
0 0 198 197 197 192 192 192 181 176 179 179 0 0 
0 0 198 198 197 192 192 184 187 187 168 173 0 0 
0 0 198 198 192 192 192 192 179 176 181 0 0 0 
0 198 198 196 192 192 192 192 183 181 179 0 0 0 
0 198 247 197 192 192 181 168 179 176 173 0 0 0 
0 198 198 192 192 192 192 184 185 179 168 0 0 0 
0 231 231 193 192 192 192 185 181 176 181 0 0 0 
0 197 231 192 192 192 192 187 168 184 0 0 0 0 
0 231 197 192 193 192 192 187 185 179 0 0 0 0 
198 197 192 192 192 192 176 179 186 173 0 0 0 0 
198 197 192 192 192 188 192 184 179 0 0 0 0 0 
198 197 192 192 192 191 190 179 187 0 0 0 0 0 
196 197 192 192 192 192 179 173 176 0 0 0 0 0 
197 192 192 192 192 192 181 184 188 0 0 0 0 0 
196 192 192 192 192 190 187 181 0 0 0 0 0 0 
231 194 192 192 192 184 173 176 0 0 0 0 0 0 
192 192 192 192 192 176 187 186 0 0 0 0 0 0 
192 192 192 192 192 190 176 0 0 0 0 0 0 0 
192 192 192 187 192 186 188 0 0 0 0 0 0 0 
193 192 192 192 192 176 183 0 0 0 0 0 0 0 
192 192 192 188 192 179 0 0 0 0 0 0 0 0 
192 192 192 192 184 187 0 0 0 0 0 0 0 0 
192 192 192 192 184 0 0 0 0 0 0 0 0 0 
192 192 192 192 192 0 0 0 0 0 0 0 0 0 
192 192 188 179 0 0 0 0 0 0 0 0 0 0 
193 192 186 0 0 0 0 0 0 0 0 0 0 0 
0 192 0 0 0 0 0 0 0 0 0 0 0 0 
