test/output/constant/M3M490_S000_A000_WD045.0_WS025.0/M3M490_S000_A000_WD045.0_WS025.0_raz.asc
ncols         23
nrows         23
xllcorner     424503.990666
yllcorner     12746655.311160
cellsize      100.000000
NODATA_value  0.000000
0 0 0 0 0 0 0 0 0 0 0 0 0 0 0 0 0 280 292 292 292 292 12 
0 0 0 0 0 0 0 0 0 0 0 0 0 0 0 292 280 270 280 270 230 254 157 
0 0 0 0 0 0 0 0 0 0 0 0 0 0 280 280 270 280 292 225 225 217 157 
0 0 0 0 0 0 0 0 0 0 0 0 292 262 315 244 280 234 225 222 202 179 157 
0 0 0 0 0 0 0 0 0 0 0 315 270 270 280 238 232 225 222 219 157 169 157 
0 0 0 0 0 0 0 0 0 0 280 270 280 270 236 232 225 225 205 215 169 179 169 
0 0 0 0 0 0 0 0 0 280 262 238 280 236 229 225 225 220 217 169 179 169 0 
0 0 0 0 0 0 0 0 262 270 262 292 262 292 225 225 208 217 211 205 169 157 0 
0 0 0 0 0 0 0 292 241 280 236 229 230 225 225 222 220 213 169 135 169 0 0 
0 0 0 0 0 0 292 262 270 262 262 227 225 225 211 157 213 179 179 187 0 0 0 
0 0 0 0 0 292 262 280 229 229 225 225 225 225 211 187 169 169 179 157 0 0 0 
0 0 0 0 236 236 236 270 230 225 225 224 225 222 220 157 211 179 135 0 0 0 0 
0 0 0 236 280 234 256 270 225 225 225 225 225 187 213 187 187 169 0 0 0 0 0 
0 0 0 236 270 270 227 225 225 225 225 225 220 187 169 179 169 0 0 0 0 0 0 
0 0 236 262 227 229 225 225 225 225 202 219 220 179 208 187 0 0 0 0 0 0 0 
0 0 303 227 230 225 225 225 225 224 179 179 169 187 157 0 0 0 0 0 0 0 0 
0 234 229 225 225 225 227 225 220 222 193 213 187 157 0 0 0 0 0 0 0 0 0 
0 225 225 225 225 225 224 225 220 179 215 213 157 0 0 0 0 0 0 0 0 0 0 
238 232 225 225 225 225 225 219 222 179 169 213 0 0 0 0 0 0 0 0 0 0 0 
225 225 225 225 225 219 217 222 187 213 213 0 0 0 0 0 0 0 0 0 0 0 0 
225 225 225 225 205 217 220 146 213 0 0 0 0 0 0 0 0 0 0 0 0 0 0 
225 225 225 220 217 225 215 0 0 0 0 0 0 0 0 0 0 0 0 0 0 0 0 
225 225 211 187 211 0 0 0 0 0 0 0 0 0 0 0 0 0 0 0 0 0 0 
