test/output/constant/M3M470_S060_A090_WD225.0_WS010.0/M3M470_S060_A090_WD225.0_WS010.0_arrival.asc
ncols         10
nrows         30
xllcorner     426503.990666
yllcorner     12745955.311160
cellsize      100.000000
NODATA_value  0.000000
0.000000 166.028625 166.038929 0.000000 0.000000 0.000000 0.000000 0.000000 0.000000 0.000000 
166.018892 166.000000 166.006870 166.036639 0.000000 0.000000 0.000000 0.000000 0.000000 0.000000 
166.015457 166.001145 166.002862 166.019465 0.000000 0.000000 0.000000 0.000000 0.000000 0.000000 
166.014885 166.002290 166.002862 166.010877 166.031487 0.000000 0.000000 0.000000 0.000000 0.000000 
166.016602 166.004007 166.004007 166.008587 166.022327 0.000000 0.000000 0.000000 0.000000 0.000000 
166.018320 166.005725 166.005725 166.008015 166.016602 166.033777 0.000000 0.000000 0.000000 0.000000 
166.019465 166.008587 166.006870 166.008015 166.014312 166.026907 0.000000 0.000000 0.000000 0.000000 
166.022327 166.010877 166.008587 166.008587 166.013167 166.022327 166.038357 0.000000 0.000000 0.000000 
166.024617 166.013167 166.009732 166.009732 166.013167 166.020037 166.032632 0.000000 0.000000 0.000000 
166.027480 166.015457 166.011450 166.011450 166.013167 166.018892 166.028625 0.000000 0.000000 0.000000 
166.029197 166.017747 166.013167 166.013167 166.013740 166.018320 166.025762 166.037784 0.000000 0.000000 
166.032060 166.020610 166.015457 166.014312 166.014885 166.018320 166.024617 166.034349 0.000000 0.000000 
166.034349 166.022900 166.017175 166.016030 166.016030 166.018320 166.024045 166.032060 0.000000 0.000000 
166.037212 166.025762 166.019465 166.017175 166.017175 166.018892 166.023472 166.030342 166.040074 0.000000 
166.039502 166.028052 166.021755 166.018892 166.018892 166.019465 166.023472 166.029197 166.037784 0.000000 
0.000000 166.030342 166.024045 166.020610 166.020610 166.020610 166.023472 166.029197 166.036067 0.000000 
0.000000 166.033205 166.026335 166.022900 166.021755 166.021755 166.024045 166.028625 166.034922 0.000000 
0.000000 166.035494 166.028625 166.024617 166.023472 166.023472 166.024617 166.028625 166.034349 166.041667 
0.000000 166.037784 166.031487 166.026907 166.025190 166.024617 166.025762 166.028625 166.033777 166.040647 
0.000000 166.040647 166.033777 166.029197 166.026335 166.026335 166.026907 166.029197 166.033777 166.040074 
0.000000 0.000000 166.036067 166.030915 166.028052 166.028052 166.028052 166.029770 166.033777 166.039502 
0.000000 0.000000 166.038357 166.033205 166.030342 166.029197 166.029197 166.030342 166.033777 166.038929 
0.000000 0.000000 166.041219 166.035494 166.032060 166.030915 166.030915 166.031487 166.034349 166.038929 
0.000000 0.000000 0.000000 166.037784 166.034349 166.032632 166.032060 166.032632 166.034922 166.038929 
0.000000 0.000000 0.000000 166.040074 166.036067 166.033777 166.033777 166.033777 166.035494 166.038929 
0.000000 0.000000 0.000000 0.000000 166.038357 166.036067 166.035494 166.035494 166.036639 166.039502 
0.000000 0.000000 0.000000 0.000000 166.040647 166.037784 166.036639 166.036639 166.037784 166.040074 
0.000000 0.000000 0.000000 0.000000 0.000000 166.039502 166.038357 166.038357 166.038357 166.040647 
0.000000 0.000000 0.000000 0.000000 0.000000 166.041667 166.040074 166.039502 166.040074 166.041219 
0.000000 0.000000 0.000000 0.000000 0.000000 0.000000 166.041667 166.041219 166.041219 0.000000 
