test/output/constant/M390_S000_A090_WD090.0_WS050.0/M390_S000_A090_WD090.0_WS050.0_raz.asc
ncols         60
nrows         11
xllcorner     420703.990666
yllcorner     12748255.311160
cellsize      100.000000
NODATA_value  0.000000
0 0 0 0 0 0 0 0 0 0 0 0 0 0 0 0 0 0 0 0 276 274 273 274 275 277 276 276 279 276 276 276 309 276 348 0 0 0 0 0 0 0 0 0 0 0 0 0 0 0 0 0 0 0 0 0 0 0 0 0 
0 0 0 0 0 0 0 0 0 0 276 270 273 272 274 271 273 277 272 275 272 274 273 276 273 271 273 274 273 273 275 277 276 276 276 276 275 276 309 276 276 279 276 277 325 279 27 276 0 0 0 0 0 0 0 0 0 0 0 0 
0 0 0 0 0 272 270 270 271 272 274 270 272 271 272 270 271 271 270 271 271 275 277 273 277 276 273 273 275 273 275 272 274 272 274 273 277 276 276 274 277 276 277 309 276 279 276 277 309 277 276 276 348 325 354 0 0 0 0 0 
0 0 277 270 271 275 270 276 274 273 273 271 271 270 274 270 271 271 270 276 274 270 276 271 271 272 273 271 271 272 272 270 277 271 272 271 273 274 273 277 272 274 272 274 279 274 274 277 276 276 276 276 275 325 276 277 348 27 0 0 
270 272 275 270 277 271 270 273 271 274 274 271 270 273 270 277 271 270 272 272 270 275 272 270 273 270 276 270 277 272 270 273 270 274 270 274 270 270 273 270 271 270 270 273 272 270 271 271 271 271 272 273 274 276 273 276 279 275 325 360 
270 270 270 270 270 270 270 270 270 270 270 270 270 270 270 270 270 270 270 270 270 270 270 270 270 270 270 270 270 270 270 270 270 270 270 270 270 270 270 270 270 270 270 270 270 270 270 270 270 270 270 270 270 270 270 270 270 270 270 65535 
270 270 270 270 270 270 270 270 270 270 270 270 270 270 270 270 270 270 270 270 270 270 270 270 270 270 270 270 270 270 270 270 270 270 270 270 270 270 270 270 270 270 270 270 270 270 270 270 270 270 270 270 270 270 266 263 260 264 214 180 
0 0 270 270 270 270 270 270 270 270 270 270 270 270 270 270 270 270 270 270 265 270 270 270 270 270 270 270 270 270 270 270 270 270 270 270 270 270 270 270 270 265 270 270 270 270 270 262 263 263 263 263 264 214 263 262 191 90 0 0 
0 0 0 0 0 270 270 270 270 270 270 270 270 270 270 270 270 270 270 270 270 270 270 270 270 270 270 270 270 270 270 270 265 270 270 266 270 263 270 265 262 263 262 230 263 260 263 262 230 262 263 263 191 214 185 0 0 0 0 0 
0 0 0 0 0 0 0 0 0 0 270 270 270 267 265 270 270 270 267 264 270 270 266 270 270 270 270 270 266 270 264 262 263 263 263 263 264 263 230 263 263 260 263 262 214 260 152 263 0 0 0 0 0 0 0 0 0 0 0 0 
0 0 0 0 0 0 0 0 0 0 0 0 0 0 0 0 0 0 0 0 270 270 266 265 264 262 263 263 260 263 263 263 230 263 191 0 0 0 0 0 0 0 0 0 0 0 0 0 0 0 0 0 0 0 0 0 0 0 0 0 
