test/output/constant/M375_S060_A000_WD045.0_WS015.0/M375_S060_A000_WD045.0_WS015.0_raz.asc
ncols         50
nrows         14
xllcorner     421703.990666
yllcorner     12747555.311160
cellsize      100.000000
NODATA_value  0.000000
0 0 0 0 0 0 0 0 0 0 0 0 0 0 0 0 0 0 0 0 0 0 0 0 0 0 0 0 0 0 0 0 0 0 0 0 0 270 270 270 273 276 270 270 270 276 281 281 281 15 
0 0 0 0 0 0 0 0 0 0 0 0 0 0 0 0 0 0 0 0 0 0 0 0 0 0 0 0 270 287 270 270 276 270 270 270 270 270 276 270 281 276 268 266 273 260 268 257 257 65535 
0 0 0 0 0 0 0 0 0 0 0 0 0 0 0 0 0 0 0 0 0 0 0 270 281 270 270 276 270 270 273 276 281 270 270 276 268 273 273 268 270 257 257 257 257 257 257 257 251 248 
0 0 0 0 0 0 0 0 0 0 0 0 0 0 0 0 0 0 0 268 270 268 276 276 270 266 276 268 270 270 276 268 262 268 261 262 258 257 257 257 257 257 256 254 178 251 217 178 178 0 
0 0 0 0 0 0 0 0 0 0 0 0 0 0 0 270 273 273 261 266 270 262 270 270 261 276 260 281 262 266 265 260 259 257 257 257 257 257 257 256 253 202 251 252 251 202 139 0 0 0 
0 0 0 0 0 0 0 0 0 0 0 0 262 268 276 260 262 281 266 281 270 262 257 268 259 257 259 258 257 257 257 257 257 257 257 257 253 252 252 251 251 202 251 251 251 0 0 0 0 0 
0 0 0 0 0 0 0 0 0 270 270 268 270 261 270 268 261 268 268 262 257 260 258 257 257 257 257 257 257 257 257 257 257 255 252 251 251 251 251 251 251 202 0 0 0 0 0 0 0 0 
0 0 0 0 0 0 276 270 265 270 268 276 281 264 270 268 260 259 257 257 257 257 257 257 257 257 257 257 257 252 252 253 227 251 251 217 251 178 251 217 0 0 0 0 0 0 0 0 0 0 
0 0 0 0 281 265 260 276 270 265 265 260 257 260 258 257 257 257 257 257 257 256 257 257 257 252 252 217 217 227 252 227 217 202 178 202 251 0 0 0 0 0 0 0 0 0 0 0 0 0 
0 0 260 264 259 258 260 259 276 268 257 257 257 257 257 257 257 257 257 257 253 252 252 262 202 252 252 251 251 252 252 251 252 0 0 0 0 0 0 0 0 0 0 0 0 0 0 0 0 0 
0 257 258 257 270 257 257 257 257 257 257 257 257 257 256 257 252 257 256 253 253 252 217 178 252 251 251 202 217 0 0 0 0 0 0 0 0 0 0 0 0 0 0 0 0 0 0 0 0 0 
257 257 257 257 257 257 257 257 257 257 257 257 257 256 252 253 252 252 252 252 252 252 251 251 202 0 0 0 0 0 0 0 0 0 0 0 0 0 0 0 0 0 0 0 0 0 0 0 0 0 
257 257 257 257 257 254 257 257 255 252 252 253 217 252 251 252 202 227 251 251 0 0 0 0 0 0 0 0 0 0 0 0 0 0 0 0 0 0 0 0 0 0 0 0 0 0 0 0 0 0 
0 0 257 257 256 253 253 257 251 253 253 217 0 0 0 0 0 0 0 0 0 0 0 0 0 0 0 0 0 0 0 0 0 0 0 0 0 0 0 0 0 0 0 0 0 0 0 0 0 0 
