test/output/constant/M375_S060_A000_WD045.0_WS015.0/M375_S060_A000_WD045.0_WS015.0_arrival.asc
ncols         50
nrows         14
xllcorner     421703.990666
yllcorner     12747555.311160
cellsize      100.000000
NODATA_value  0.000000
0.000000 0.000000 0.000000 0.000000 0.000000 0.000000 0.000000 0.000000 0.000000 0.000000 0.000000 0.000000 0.000000 0.000000 0.000000 0.000000 0.000000 0.000000 0.000000 0.000000 0.000000 0.000000 0.000000 0.000000 0.000000 0.000000 0.000000 0.000000 0.000000 0.000000 0.000000 0.000000 0.000000 0.000000 0.000000 0.000000 0.000000 166.041603 166.039292 166.036980 166.034999 166.032688 166.030377 166.028396 166.026084 166.025424 166.024764 166.024433 166.026084 166.037641 
0.000000 0.000000 0.000000 0.000000 0.000000 0.000000 0.000000 0.000000 0.000000 0.000000 0.000000 0.000000 0.000000 0.000000 0.000000 0.000000 0.000000 0.000000 0.000000 0.000000 0.000000 0.000000 0.000000 0.000000 0.000000 0.000000 0.000000 0.000000 166.039952 166.037641 166.035330 166.033348 166.031037 166.028726 166.026745 166.024433 166.022122 166.020141 166.017830 166.015519 166.013537 166.011556 166.009245 166.007264 166.005613 166.003632 166.002311 166.001321 166.000660 166.000000 
0.000000 0.000000 0.000000 0.000000 0.000000 0.000000 0.000000 0.000000 0.000000 0.000000 0.000000 0.000000 0.000000 0.000000 0.000000 0.000000 0.000000 0.000000 0.000000 0.000000 0.000000 0.000000 0.000000 166.040282 166.038301 166.035990 166.034009 166.032028 166.029716 166.027735 166.025754 166.023773 166.021792 166.019811 166.017830 166.016179 166.014198 166.012547 166.010896 166.009245 166.007924 166.006604 166.005613 166.004953 166.003962 166.003302 166.002311 166.001981 166.001981 166.012217 
0.000000 0.000000 0.000000 0.000000 0.000000 0.000000 0.000000 0.000000 0.000000 0.000000 0.000000 0.000000 0.000000 0.000000 0.000000 0.000000 0.000000 0.000000 0.000000 166.039952 166.037971 166.035990 166.034339 166.032358 166.030377 166.028396 166.026745 166.024764 166.023113 166.021132 166.019481 166.017830 166.016179 166.014858 166.013207 166.012217 166.010896 166.009905 166.009245 166.008255 166.007264 166.006604 166.005613 166.005613 166.005613 166.005943 166.008255 166.015188 166.031698 0.000000 
0.000000 0.000000 0.000000 0.000000 0.000000 0.000000 0.000000 0.000000 0.000000 0.000000 0.000000 0.000000 0.000000 0.000000 0.000000 166.040943 166.039292 166.037311 166.035330 166.033348 166.031698 166.029716 166.028065 166.026415 166.024764 166.023443 166.021792 166.020471 166.018820 166.017500 166.016509 166.015188 166.014198 166.013537 166.012547 166.011556 166.010896 166.009905 166.009245 166.008915 166.008915 166.009245 166.009905 166.011226 166.014858 166.021132 166.032358 0.000000 0.000000 0.000000 
0.000000 0.000000 0.000000 0.000000 0.000000 0.000000 0.000000 0.000000 0.000000 0.000000 0.000000 0.000000 166.040282 166.038631 166.036980 166.034999 166.033348 166.032028 166.030377 166.029056 166.027405 166.025754 166.024433 166.023113 166.021792 166.020801 166.019481 166.018490 166.017830 166.016839 166.015849 166.015188 166.014198 166.013537 166.012877 166.012547 166.012547 166.012547 166.012877 166.013537 166.014858 166.017500 166.021462 166.027735 166.036650 0.000000 0.000000 0.000000 0.000000 0.000000 
0.000000 0.000000 0.000000 0.000000 0.000000 0.000000 0.000000 0.000000 0.000000 166.040612 166.038962 166.037311 166.035990 166.034339 166.033018 166.031367 166.030047 166.028726 166.027405 166.026084 166.025094 166.023773 166.022783 166.021792 166.021132 166.020141 166.019481 166.018490 166.017830 166.016839 166.016509 166.016179 166.016179 166.015849 166.016179 166.016509 166.017500 166.018490 166.020471 166.023773 166.028396 166.034339 0.000000 0.000000 0.000000 0.000000 0.000000 0.000000 0.000000 0.000000 
0.000000 0.000000 0.000000 0.000000 0.000000 0.000000 166.041603 166.039952 166.038301 166.036980 166.035660 166.034339 166.033018 166.031698 166.030377 166.029386 166.028065 166.027075 166.026084 166.025424 166.024433 166.023773 166.022783 166.022122 166.021132 166.020471 166.020141 166.019811 166.019481 166.019481 166.019481 166.019811 166.020471 166.021132 166.022122 166.024103 166.026745 166.030377 166.034999 166.041273 0.000000 0.000000 0.000000 0.000000 0.000000 0.000000 0.000000 0.000000 0.000000 0.000000 
0.000000 0.000000 0.000000 0.000000 166.041273 166.039622 166.038301 166.037311 166.035990 166.034669 166.033679 166.032358 166.031367 166.030377 166.029716 166.028726 166.028065 166.027075 166.026084 166.025424 166.024764 166.024103 166.023773 166.023443 166.023113 166.023113 166.023113 166.023443 166.023773 166.024433 166.025094 166.026084 166.027735 166.030047 166.033018 166.036980 166.041603 0.000000 0.000000 0.000000 0.000000 0.000000 0.000000 0.000000 0.000000 0.000000 0.000000 0.000000 0.000000 0.000000 
0.000000 0.000000 166.041273 166.040282 166.038962 166.037971 166.036650 166.035660 166.034999 166.034009 166.033018 166.032028 166.031367 166.030377 166.029716 166.028726 166.028065 166.027735 166.027405 166.026745 166.026745 166.026745 166.026745 166.026745 166.027075 166.027405 166.028065 166.028726 166.029716 166.031367 166.033348 166.035990 166.039292 0.000000 0.000000 0.000000 0.000000 0.000000 0.000000 0.000000 0.000000 0.000000 0.000000 0.000000 0.000000 0.000000 0.000000 0.000000 0.000000 0.000000 
0.000000 166.040943 166.039952 166.039292 166.038301 166.037311 166.036320 166.035660 166.034669 166.034009 166.033018 166.032358 166.031698 166.031367 166.030707 166.030377 166.030377 166.030377 166.030047 166.030047 166.030377 166.030707 166.031367 166.032028 166.032688 166.033679 166.034999 166.036980 166.039292 0.000000 0.000000 0.000000 0.000000 0.000000 0.000000 0.000000 0.000000 0.000000 0.000000 0.000000 0.000000 0.000000 0.000000 0.000000 0.000000 0.000000 0.000000 0.000000 0.000000 0.000000 
166.041603 166.040612 166.039952 166.038962 166.038301 166.037311 166.036650 166.035990 166.035330 166.034999 166.034339 166.034009 166.034009 166.033679 166.033679 166.033679 166.033679 166.034009 166.034339 166.034999 166.035660 166.036650 166.037311 166.038631 166.040612 0.000000 0.000000 0.000000 0.000000 0.000000 0.000000 0.000000 0.000000 0.000000 0.000000 0.000000 0.000000 0.000000 0.000000 0.000000 0.000000 0.000000 0.000000 0.000000 0.000000 0.000000 0.000000 0.000000 0.000000 0.000000 
166.041603 166.040943 166.039952 166.039292 166.038962 166.038301 166.037971 166.037641 166.037311 166.037311 166.037311 166.037311 166.037311 166.037311 166.037641 166.038301 166.038962 166.039622 166.040282 166.041273 0.000000 0.000000 0.000000 0.000000 0.000000 0.000000 0.000000 0.000000 0.000000 0.000000 0.000000 0.000000 0.000000 0.000000 0.000000 0.000000 0.000000 0.000000 0.000000 0.000000 0.000000 0.000000 0.000000 0.000000 0.000000 0.000000 0.000000 0.000000 0.000000 0.000000 
0.000000 0.000000 166.041603 166.041273 166.040943 166.040943 166.040943 166.040612 166.040612 166.040612 166.040943 166.041603 0.000000 0.000000 0.000000 0.000000 0.000000 0.000000 0.000000 0.000000 0.000000 0.000000 0.000000 0.000000 0.000000 0.000000 0.000000 0.000000 0.000000 0.000000 0.000000 0.000000 0.000000 0.000000 0.000000 0.000000 0.000000 0.000000 0.000000 0.000000 0.000000 0.000000 0.000000 0.000000 0.000000 0.000000 0.000000 0.000000 0.000000 0.000000 
