test/output/constant/M375_S060_A000_WD045.0_WS015.0/M375_S060_A000_WD045.0_WS015.0_intensity.asc
ncols         50
nrows         14
xllcorner     421703.990666
yllcorner     12747555.311160
cellsize      100.000000
NODATA_value  0.000000
0 0 0 0 0 0 0 0 0 0 0 0 0 0 0 0 0 0 0 0 0 0 0 0 0 0 0 0 0 0 0 0 0 0 0 0 0 26077 26077 26077 20303 15028 26077 26077 26077 15028 10414 10414 10414 431 
0 0 0 0 0 0 0 0 0 0 0 0 0 0 0 0 0 0 0 0 0 0 0 0 0 0 0 0 26077 6656 26077 26077 15028 26077 26077 26077 26077 26077 15028 26077 10414 15028 32176 38415 20303 65248 32176 72616 72616 0 
0 0 0 0 0 0 0 0 0 0 0 0 0 0 0 0 0 0 0 0 0 0 0 26077 10414 26077 26077 15028 26077 26077 20303 15028 10414 26077 26077 15028 32176 20303 20303 32176 26077 72616 72616 72616 72616 72616 72616 72193 49742 37548 
0 0 0 0 0 0 0 0 0 0 0 0 0 0 0 0 0 0 0 32176 26077 32176 15028 15028 26077 38415 15028 32176 26077 26077 15028 32176 56089 32176 61037 56089 72557 72616 72616 72616 72616 72616 70700 64703 896 49742 3598 896 896 0 
0 0 0 0 0 0 0 0 0 0 0 0 0 0 0 26077 20303 20303 61037 38415 26077 56089 26077 26077 61037 15028 65248 10414 56089 38415 44604 68594 70975 72616 72616 72616 72616 72616 72616 70700 60380 1839 49742 55343 49742 1839 452 0 0 0 
0 0 0 0 0 0 0 0 0 0 0 0 56089 32176 15028 65248 56089 10414 38415 10414 26077 56089 72616 32176 70975 72616 70975 72318 72616 72616 72616 72616 72616 72616 72616 72616 60380 55343 55343 49742 49742 1839 49742 49742 49742 0 0 0 0 0 
0 0 0 0 0 0 0 0 0 26077 26077 32176 26077 61037 26077 32176 61037 32176 32176 56089 72616 65248 72318 72616 72616 72616 72616 72616 72616 72616 72193 72616 72616 68178 55343 49742 49742 49742 49742 49742 49742 1839 0 0 0 0 0 0 0 0 
0 0 0 0 0 0 15028 26077 44604 26077 32176 15028 10414 50556 26077 32176 68594 70975 72616 72616 72616 72616 72616 72616 72616 72616 72616 72616 72193 55343 55343 60380 6274 49742 49742 3598 49742 896 49742 3598 0 0 0 0 0 0 0 0 0 0 
0 0 0 0 10414 44604 68594 15028 26077 44604 44604 68594 72616 65248 72557 72616 72616 72616 72616 72616 72616 70700 72616 72616 72494 55343 55343 3598 3598 6274 55343 6274 3598 1839 896 1839 49742 0 0 0 0 0 0 0 0 0 0 0 0 0 
0 0 68594 50556 70975 72318 65248 70975 15028 32176 72616 72616 72616 72616 72616 72616 72616 72616 72616 72616 60380 55343 55343 56089 1839 55343 55343 49742 49742 55343 55343 49742 55343 0 0 0 0 0 0 0 0 0 0 0 0 0 0 0 0 0 
0 72616 72318 72616 26077 72616 72616 72616 72616 72616 72616 72616 72193 72616 70700 72616 55343 72616 70700 60380 60380 55343 3598 896 55343 49742 49742 1839 3598 0 0 0 0 0 0 0 0 0 0 0 0 0 0 0 0 0 0 0 0 0 
72616 72616 72616 72616 72616 72616 72616 72616 72616 72616 72616 72616 72616 70700 55343 60380 55343 55343 55343 55343 55343 55343 49742 49742 1839 0 0 0 0 0 0 0 0 0 0 0 0 0 0 0 0 0 0 0 0 0 0 0 0 0 
72616 72616 72616 72616 72616 64703 72616 72616 68178 55343 55343 60380 3598 55343 49742 55343 1839 6274 49742 49742 0 0 0 0 0 0 0 0 0 0 0 0 0 0 0 0 0 0 0 0 0 0 0 0 0 0 0 0 0 0 
0 0 72616 72616 70700 60380 60380 72193 49742 60380 60380 3598 0 0 0 0 0 0 0 0 0 0 0 0 0 0 0 0 0 0 0 0 0 0 0 0 0 0 0 0 0 0 0 0 0 0 0 0 0 0 
