test/output/constant/M485_S060_A000_WD090.0_WS045.0/M485_S060_A000_WD090.0_WS045.0_arrival.asc
ncols         43
nrows         7
xllcorner     422403.990666
yllcorner     12748455.311160
cellsize      100.000000
NODATA_value  0.000000
0.000000 0.000000 0.000000 0.000000 0.000000 0.000000 0.000000 0.000000 0.000000 0.000000 0.000000 0.000000 0.000000 0.000000 0.000000 166.041658 166.041265 166.041265 166.041265 166.041265 166.041658 0.000000 0.000000 0.000000 0.000000 0.000000 0.000000 0.000000 0.000000 0.000000 0.000000 0.000000 0.000000 0.000000 0.000000 0.000000 0.000000 0.000000 0.000000 0.000000 0.000000 0.000000 0.000000 
0.000000 0.000000 0.000000 0.000000 166.041658 166.040479 166.039693 166.038907 166.038121 166.036942 166.036156 166.035370 166.034584 166.033405 166.032619 166.032226 166.031440 166.030654 166.029868 166.029082 166.028689 166.027903 166.027117 166.026724 166.025938 166.025152 166.024759 166.024759 166.024759 166.025152 166.025545 166.025938 166.027117 166.028296 166.029868 166.032619 166.036549 0.000000 0.000000 0.000000 0.000000 0.000000 0.000000 
0.000000 166.040872 166.040086 166.039300 166.038121 166.037335 166.036156 166.035370 166.034191 166.033405 166.032226 166.031440 166.030261 166.029475 166.028296 166.027510 166.026724 166.025545 166.024759 166.023580 166.022794 166.021615 166.020829 166.020043 166.018864 166.018078 166.016899 166.016113 166.014934 166.014148 166.013362 166.012183 166.011397 166.010611 166.009825 166.009432 166.008646 166.008253 166.008646 166.009432 166.012183 166.019650 0.000000 
166.040872 166.040086 166.038907 166.038121 166.036942 166.036156 166.034977 166.034191 166.033012 166.032226 166.031047 166.030261 166.029082 166.028296 166.027117 166.026331 166.025152 166.024366 166.023187 166.022401 166.021222 166.020436 166.019257 166.018471 166.017292 166.016506 166.015327 166.014541 166.013362 166.012576 166.011397 166.010611 166.009432 166.008646 166.007467 166.006681 166.005502 166.004716 166.003537 166.002751 166.001572 166.000786 166.000000 
0.000000 166.040872 166.040086 166.039300 166.038121 166.037335 166.036156 166.035370 166.034191 166.033405 166.032226 166.031440 166.030261 166.029475 166.028296 166.027510 166.026724 166.025545 166.024759 166.023580 166.022794 166.021615 166.020829 166.020043 166.018864 166.018078 166.016899 166.016113 166.014934 166.014148 166.013362 166.012183 166.011397 166.010611 166.009825 166.009432 166.008646 166.008253 166.008646 166.009432 166.012183 166.019650 0.000000 
0.000000 0.000000 0.000000 0.000000 166.041658 166.040479 166.039693 166.038907 166.038121 166.036942 166.036156 166.035370 166.034584 166.033405 166.032619 166.032226 166.031440 166.030654 166.029868 166.029082 166.028689 166.027903 166.027117 166.026724 166.025938 166.025152 166.024759 166.024759 166.024759 166.025152 166.025545 166.025938 166.027117 166.028296 166.029868 166.032619 166.036549 0.000000 0.000000 0.000000 0.000000 0.000000 0.000000 
0.000000 0.000000 0.000000 0.000000 0.000000 0.000000 0.000000 0.000000 0.000000 0.000000 0.000000 0.000000 0.000000 0.000000 0.000000 166.041658 166.041265 166.041265 166.041265 166.041265 166.041658 0.000000 0.000000 0.000000 0.000000 0.000000 0.000000 0.000000 0.000000 0.000000 0.000000 0.000000 0.000000 0.000000 0.000000 0.000000 0.000000 0.000000 0.000000 0.000000 0.000000 0.000000 0.000000 
