test/output/constant/M485_S060_A180_WD180.0_WS010.0/M485_S060_A180_WD180.0_WS010.0_arrival.asc
ncols         23
nrows         10
xllcorner     426603.990666
yllcorner     12748655.311160
cellsize      100.000000
NODATA_value  0.000000
0.000000 0.000000 0.000000 0.000000 0.000000 0.000000 0.000000 0.000000 0.000000 0.000000 0.000000 0.000000 0.000000 0.000000 0.000000 166.041667 166.040228 166.040228 166.039534 166.039534 166.039534 166.040228 166.041615 
0.000000 0.000000 0.000000 0.000000 0.000000 0.000000 0.000000 0.000000 0.000000 0.000000 0.000000 166.041615 166.038147 166.036066 166.035373 166.034679 166.033986 166.033986 166.034679 166.035373 166.036760 166.038147 166.040228 
0.000000 0.000000 0.000000 0.000000 0.000000 0.000000 0.000000 0.000000 166.041615 166.036066 166.032599 166.030518 166.029824 166.029131 166.029131 166.029131 166.029824 166.031211 166.032599 166.034679 166.036760 166.038147 166.040228 
0.000000 0.000000 0.000000 0.000000 0.000000 0.000000 166.037454 166.031211 166.027050 166.024969 166.024275 166.023582 166.023582 166.024969 166.025663 166.027050 166.029131 166.031211 166.032599 166.034679 166.036760 166.039534 166.041615 
0.000000 0.000000 0.000000 0.000000 166.034679 166.026356 166.021501 166.019420 166.018727 166.018727 166.019420 166.020114 166.021501 166.023582 166.025663 166.027050 166.029131 166.031905 166.033986 166.036760 166.040228 0.000000 0.000000 
0.000000 0.000000 166.035373 166.022195 166.015952 166.013872 166.013178 166.013178 166.014565 166.015952 166.018033 166.020114 166.021501 166.023582 166.026356 166.029131 166.031905 166.035373 166.038841 166.041667 0.000000 0.000000 0.000000 
0.000000 166.022195 166.010404 166.008323 166.008323 166.009017 166.010404 166.012485 166.014565 166.016646 166.018727 166.021501 166.024275 166.027743 166.031211 166.034679 166.038147 0.000000 0.000000 0.000000 0.000000 0.000000 0.000000 
166.007629 166.002774 166.003468 166.004855 166.006936 166.009017 166.011097 166.013872 166.016646 166.020114 166.024275 166.027743 166.031905 166.036066 166.040228 0.000000 0.000000 0.000000 0.000000 0.000000 0.000000 0.000000 0.000000 
166.000000 166.001387 166.003468 166.005549 166.009710 166.013872 166.018033 166.022195 166.026356 166.031211 166.035373 166.040228 0.000000 0.000000 0.000000 0.000000 0.000000 0.000000 0.000000 0.000000 0.000000 0.000000 0.000000 
166.036066 166.029131 166.029824 166.031905 166.035373 166.039534 0.000000 0.000000 0.000000 0.000000 0.000000 0.000000 0.000000 0.000000 0.000000 0.000000 0.000000 0.000000 0.000000 0.000000 0.000000 0.000000 0.000000 
