test/output/constant/M485_S000_A180_WD270.0_WS050.0/M485_S000_A180_WD270.0_WS050.0_arrival.asc
ncols         40
nrows         7
xllcorner     426603.990666
yllcorner     12748455.311160
cellsize      100.000000
NODATA_value  0.000000
0.000000 0.000000 0.000000 0.000000 0.000000 0.000000 0.000000 0.000000 0.000000 0.000000 166.039642 166.038364 166.036659 166.035806 166.035380 166.034527 166.034101 166.033675 166.033675 166.034101 166.034101 166.034527 166.034953 166.035806 166.036659 166.037085 166.037937 166.038790 166.039216 166.040069 166.040921 166.041667 0.000000 0.000000 0.000000 0.000000 0.000000 0.000000 0.000000 0.000000 
0.000000 0.000000 0.000000 166.037085 166.029838 166.026428 166.023871 166.022166 166.021313 166.020887 166.020461 166.020461 166.020461 166.020887 166.021739 166.022166 166.023018 166.023871 166.024297 166.025149 166.026002 166.026855 166.027707 166.028560 166.029412 166.030265 166.031543 166.032396 166.033248 166.034101 166.035380 166.036232 166.037085 166.038364 166.039216 166.040069 166.041347 0.000000 0.000000 0.000000 
166.029412 166.011509 166.008099 166.007246 166.006820 166.007246 166.008099 166.008952 166.009804 166.010657 166.011509 166.012362 166.013640 166.014493 166.015772 166.016624 166.017477 166.018756 166.019608 166.020461 166.021739 166.022592 166.023871 166.024723 166.026002 166.026855 166.028133 166.028986 166.030265 166.031117 166.032396 166.033248 166.034527 166.035380 166.036659 166.037511 166.038790 166.039642 166.040921 166.041667 
166.000000 166.000853 166.001705 166.002984 166.003836 166.005115 166.005968 166.007246 166.008099 166.009378 166.010230 166.011509 166.012362 166.013640 166.014493 166.015772 166.016624 166.017903 166.018756 166.020034 166.020887 166.022166 166.023018 166.024297 166.025149 166.026428 166.027281 166.028560 166.029412 166.030691 166.031543 166.032822 166.033675 166.034953 166.035806 166.037085 166.037937 166.039216 166.040069 166.041347 
166.029412 166.011509 166.008099 166.007246 166.006820 166.007246 166.008099 166.008952 166.009804 166.010657 166.011509 166.012362 166.013640 166.014493 166.015772 166.016624 166.017477 166.018756 166.019608 166.020461 166.021739 166.022592 166.023871 166.024723 166.026002 166.026855 166.028133 166.028986 166.030265 166.031117 166.032396 166.033248 166.034527 166.035380 166.036659 166.037511 166.038790 166.039642 166.040921 166.041667 
0.000000 0.000000 0.000000 166.037085 166.029838 166.026428 166.023871 166.022166 166.021313 166.020887 166.020461 166.020461 166.020461 166.020887 166.021739 166.022166 166.023018 166.023871 166.024297 166.025149 166.026002 166.026855 166.027707 166.028560 166.029412 166.030265 166.031543 166.032396 166.033248 166.034101 166.035380 166.036232 166.037085 166.038364 166.039216 166.040069 166.041347 0.000000 0.000000 0.000000 
0.000000 0.000000 0.000000 0.000000 0.000000 0.000000 0.000000 0.000000 0.000000 0.000000 166.039642 166.038364 166.036659 166.035806 166.035380 166.034527 166.034101 166.033675 166.033675 166.034101 166.034101 166.034527 166.034953 166.035806 166.036659 166.037085 166.037937 166.038790 166.039216 166.040069 166.040921 166.041667 0.000000 0.000000 0.000000 0.000000 0.000000 0.000000 0.000000 0.000000 
