test/output/constant/M3M465_S060_A180_WD315.0_WS015.0/M3M465_S060_A180_WD315.0_WS015.0_arrival.asc
ncols         41
nrows         12
xllcorner     426603.990666
yllcorner     12747755.311160
cellsize      100.000000
NODATA_value  0.000000
0.000000 166.030448 166.027243 166.028045 166.030448 166.032852 166.034054 166.036859 166.039262 0.000000 0.000000 0.000000 0.000000 0.000000 0.000000 0.000000 0.000000 0.000000 0.000000 0.000000 0.000000 0.000000 0.000000 0.000000 0.000000 0.000000 0.000000 0.000000 0.000000 0.000000 0.000000 0.000000 0.000000 0.000000 0.000000 0.000000 0.000000 0.000000 0.000000 0.000000 0.000000 
166.000000 166.000801 166.001603 166.002804 166.004407 166.006811 166.009215 166.011618 166.014022 166.016827 166.019231 166.022035 166.024840 166.027243 166.030048 166.032852 166.035256 166.038061 166.040865 0.000000 0.000000 0.000000 0.000000 0.000000 0.000000 0.000000 0.000000 0.000000 0.000000 0.000000 0.000000 0.000000 0.000000 0.000000 0.000000 0.000000 0.000000 0.000000 0.000000 0.000000 0.000000 
166.013221 166.002404 166.002404 166.002804 166.004006 166.004808 166.006010 166.006811 166.008013 166.009615 166.011618 166.013221 166.015625 166.017628 166.020032 166.022436 166.024439 166.026843 166.029247 166.032051 166.034455 166.036859 166.039663 0.000000 0.000000 0.000000 0.000000 0.000000 0.000000 0.000000 0.000000 0.000000 0.000000 0.000000 0.000000 0.000000 0.000000 0.000000 0.000000 0.000000 0.000000 
0.000000 166.035256 166.016426 166.008814 166.006811 166.006410 166.006410 166.006811 166.008013 166.008814 166.010016 166.011218 166.012019 166.013622 166.014824 166.016827 166.018429 166.020433 166.022035 166.024439 166.026442 166.028846 166.030849 166.033253 166.035256 166.037660 166.040064 0.000000 0.000000 0.000000 0.000000 0.000000 0.000000 0.000000 0.000000 0.000000 0.000000 0.000000 0.000000 0.000000 0.000000 
0.000000 0.000000 0.000000 166.035256 166.023237 166.016426 166.012820 166.011218 166.010417 166.010417 166.010817 166.011218 166.012019 166.013221 166.014022 166.015224 166.016426 166.017227 166.018830 166.020032 166.021634 166.023638 166.025240 166.027243 166.028846 166.030849 166.032852 166.035256 166.037259 166.039663 166.041666 0.000000 0.000000 0.000000 0.000000 0.000000 0.000000 0.000000 0.000000 0.000000 0.000000 
0.000000 0.000000 0.000000 0.000000 0.000000 166.040464 166.030448 166.023638 166.019231 166.016827 166.015625 166.014824 166.014824 166.014824 166.014824 166.015625 166.016426 166.017227 166.018429 166.019231 166.020433 166.021634 166.022836 166.024038 166.025641 166.026843 166.028846 166.030448 166.032051 166.034054 166.036057 166.037660 166.039663 166.041666 0.000000 0.000000 0.000000 0.000000 0.000000 0.000000 0.000000 
0.000000 0.000000 0.000000 0.000000 0.000000 0.000000 0.000000 0.000000 166.038061 166.030849 166.026442 166.023237 166.021234 166.020032 166.019231 166.018830 166.018830 166.018830 166.019231 166.019631 166.020433 166.021634 166.022436 166.023638 166.024439 166.025641 166.026843 166.028045 166.029247 166.030849 166.032452 166.033654 166.035657 166.037259 166.039262 166.040865 0.000000 0.000000 0.000000 0.000000 0.000000 
0.000000 0.000000 0.000000 0.000000 0.000000 0.000000 0.000000 0.000000 0.000000 0.000000 0.000000 166.038061 166.033654 166.029647 166.027243 166.025240 166.024439 166.023638 166.022836 166.022836 166.022836 166.023237 166.023638 166.024038 166.024840 166.025641 166.026843 166.027644 166.028846 166.029647 166.030849 166.032051 166.033253 166.034455 166.036057 166.037660 166.039262 166.040865 0.000000 0.000000 0.000000 
0.000000 0.000000 0.000000 0.000000 0.000000 0.000000 0.000000 0.000000 0.000000 0.000000 0.000000 0.000000 0.000000 0.000000 166.040865 166.036458 166.033654 166.031250 166.029647 166.028846 166.028045 166.027243 166.027243 166.027243 166.027243 166.027243 166.027644 166.028445 166.028846 166.029647 166.030849 166.031650 166.032852 166.034054 166.034855 166.036057 166.037259 166.038461 166.040064 166.041266 0.000000 
0.000000 0.000000 0.000000 0.000000 0.000000 0.000000 0.000000 0.000000 0.000000 0.000000 0.000000 0.000000 0.000000 0.000000 0.000000 0.000000 0.000000 0.000000 166.040064 166.037660 166.035256 166.034054 166.033253 166.032051 166.031650 166.031250 166.031250 166.031250 166.031250 166.031650 166.032051 166.032452 166.033253 166.034054 166.034855 166.036057 166.036859 166.038061 166.039262 166.040064 166.041266 
0.000000 0.000000 0.000000 0.000000 0.000000 0.000000 0.000000 0.000000 0.000000 0.000000 0.000000 0.000000 0.000000 0.000000 0.000000 0.000000 0.000000 0.000000 0.000000 0.000000 0.000000 0.000000 166.041666 166.039663 166.038461 166.037660 166.036458 166.036057 166.035657 166.035256 166.035256 166.035657 166.035657 166.035657 166.036458 166.036859 166.037660 166.038061 166.039262 166.040064 166.041266 
0.000000 0.000000 0.000000 0.000000 0.000000 0.000000 0.000000 0.000000 0.000000 0.000000 0.000000 0.000000 0.000000 0.000000 0.000000 0.000000 0.000000 0.000000 0.000000 0.000000 0.000000 0.000000 0.000000 0.000000 0.000000 0.000000 0.000000 0.000000 166.041666 166.040865 166.040464 166.039663 166.039663 166.039663 166.039663 166.039663 166.039663 166.040064 166.040464 166.040865 166.041666 
