test/output/constant/M485_S060_A270_WD180.0_WS020.0/M485_S060_A270_WD180.0_WS020.0_arrival.asc
ncols         7
nrows         40
xllcorner     426303.990666
yllcorner     12748755.311160
cellsize      100.000000
NODATA_value  0.000000
0.000000 0.000000 166.041356 166.040934 166.041356 0.000000 0.000000 
0.000000 0.000000 166.040512 166.039668 166.040512 0.000000 0.000000 
0.000000 0.000000 166.039246 166.038824 166.039246 0.000000 0.000000 
0.000000 166.040934 166.038402 166.037558 166.038402 166.040934 0.000000 
0.000000 166.040090 166.037136 166.036714 166.037136 166.040090 0.000000 
0.000000 166.038824 166.036292 166.035448 166.036292 166.038824 0.000000 
0.000000 166.037980 166.035448 166.034604 166.035448 166.037980 0.000000 
0.000000 166.037136 166.034182 166.033338 166.034182 166.037136 0.000000 
166.041667 166.035870 166.033338 166.032494 166.033338 166.035870 166.041667 
166.040934 166.035026 166.032072 166.031228 166.032072 166.035026 166.040934 
166.040090 166.034182 166.031228 166.030384 166.031228 166.034182 166.040090 
166.039246 166.032916 166.029962 166.029118 166.029962 166.032916 166.039246 
166.038402 166.032072 166.029118 166.028274 166.029118 166.032072 166.038402 
166.037980 166.031228 166.027852 166.027008 166.027852 166.031228 166.037980 
166.037136 166.030384 166.027008 166.026164 166.027008 166.030384 166.037136 
166.036292 166.029118 166.025742 166.024898 166.025742 166.029118 166.036292 
166.035870 166.028274 166.024898 166.024054 166.024898 166.028274 166.035870 
166.035026 166.027430 166.023632 166.022788 166.023632 166.027430 166.035026 
166.034604 166.027008 166.022788 166.021944 166.022788 166.027008 166.034604 
166.034604 166.026164 166.021522 166.020678 166.021522 166.026164 166.034604 
166.034182 166.025320 166.020678 166.019834 166.020678 166.025320 166.034182 
166.034604 166.024476 166.019412 166.018568 166.019412 166.024476 166.034604 
166.034604 166.023632 166.018568 166.017724 166.018568 166.023632 166.034604 
166.035026 166.023210 166.017302 166.016458 166.017302 166.023210 166.035026 
166.035448 166.022366 166.016458 166.015614 166.016458 166.022366 166.035448 
166.035870 166.021522 166.015614 166.014348 166.015614 166.021522 166.035870 
166.036714 166.021100 166.014348 166.013504 166.014348 166.021100 166.036714 
166.037980 166.020678 166.013504 166.012238 166.013504 166.020678 166.037980 
166.039246 166.020678 166.012660 166.011394 166.012660 166.020678 166.039246 
166.040934 166.020678 166.011394 166.010128 166.011394 166.020678 166.040934 
0.000000 166.021100 166.010550 166.009284 166.010550 166.021100 0.000000 
0.000000 166.021944 166.009706 166.008018 166.009706 166.021944 0.000000 
0.000000 166.022788 166.008862 166.007174 166.008862 166.022788 0.000000 
0.000000 166.024476 166.008018 166.005908 166.008018 166.024476 0.000000 
0.000000 166.027852 166.007596 166.005064 166.007596 166.027852 0.000000 
0.000000 166.032072 166.007174 166.003798 166.007174 166.032072 0.000000 
0.000000 166.040934 166.007174 166.002954 166.007174 166.040934 0.000000 
0.000000 0.000000 166.008018 166.001688 166.008018 0.000000 0.000000 
0.000000 0.000000 166.011816 166.000844 166.011816 0.000000 0.000000 
0.000000 0.000000 166.031650 166.000000 166.031650 0.000000 0.000000 
