test/output/constant/M3M465_S060_A090_WD225.0_WS030.0/M3M465_S060_A090_WD225.0_WS030.0_arrival.asc
ncols         18
nrows         14
xllcorner     426503.990666
yllcorner     12747555.311160
cellsize      100.000000
NODATA_value  0.000000
166.034369 166.020920 166.023162 166.032127 166.041667 0.000000 0.000000 0.000000 0.000000 0.000000 0.000000 0.000000 0.000000 0.000000 0.000000 0.000000 0.000000 0.000000 
166.025403 166.000000 166.001494 166.006724 166.015690 166.024656 166.034369 0.000000 0.000000 0.000000 0.000000 0.000000 0.000000 0.000000 0.000000 0.000000 0.000000 0.000000 
166.029886 166.002241 166.002241 166.004483 166.006724 166.011954 166.019426 166.027645 166.036610 0.000000 0.000000 0.000000 0.000000 0.000000 0.000000 0.000000 0.000000 0.000000 
0.000000 166.014943 166.005977 166.005230 166.006724 166.008966 166.012702 166.017932 166.024656 166.032127 166.040346 0.000000 0.000000 0.000000 0.000000 0.000000 0.000000 0.000000 
0.000000 166.029886 166.015690 166.009713 166.008966 166.009713 166.011954 166.014196 166.018679 166.023909 166.029886 166.037358 0.000000 0.000000 0.000000 0.000000 0.000000 0.000000 
0.000000 0.000000 166.029139 166.018679 166.013449 166.012702 166.012702 166.014196 166.017184 166.020173 166.024656 166.029886 166.035863 0.000000 0.000000 0.000000 0.000000 0.000000 
0.000000 0.000000 0.000000 166.030633 166.021667 166.017184 166.015690 166.015690 166.017184 166.019426 166.022415 166.025403 166.029886 166.035863 166.041667 0.000000 0.000000 0.000000 
0.000000 0.000000 0.000000 0.000000 166.032875 166.024656 166.020920 166.019426 166.019426 166.020173 166.021667 166.024656 166.027645 166.031380 166.035863 166.041667 0.000000 0.000000 
0.000000 0.000000 0.000000 0.000000 0.000000 166.035116 166.028392 166.024656 166.023162 166.022415 166.023162 166.024656 166.026897 166.029886 166.032875 166.036610 166.041667 0.000000 
0.000000 0.000000 0.000000 0.000000 0.000000 0.000000 166.038105 166.032127 166.028392 166.026897 166.026150 166.026150 166.027645 166.029886 166.032127 166.035116 166.038852 0.000000 
0.000000 0.000000 0.000000 0.000000 0.000000 0.000000 0.000000 166.041093 166.035863 166.032127 166.030633 166.029886 166.029886 166.030633 166.032127 166.034369 166.037358 166.040346 
0.000000 0.000000 0.000000 0.000000 0.000000 0.000000 0.000000 0.000000 0.000000 166.039599 166.035863 166.033622 166.032875 166.032875 166.033622 166.035116 166.037358 166.039599 
0.000000 0.000000 0.000000 0.000000 0.000000 0.000000 0.000000 0.000000 0.000000 0.000000 0.000000 166.039599 166.037358 166.036610 166.036610 166.036610 166.038105 166.039599 
0.000000 0.000000 0.000000 0.000000 0.000000 0.000000 0.000000 0.000000 0.000000 0.000000 0.000000 0.000000 0.000000 166.041093 166.040346 166.039599 166.040346 166.041093 
