test/output/constant/M495_S060_A000_WD090.0_WS045.0/M495_S060_A000_WD090.0_WS045.0_arrival.asc
ncols         48
nrows         7
xllcorner     421903.990666
yllcorner     12748455.311160
cellsize      100.000000
NODATA_value  0.000000
0.000000 0.000000 0.000000 0.000000 0.000000 0.000000 0.000000 0.000000 0.000000 0.000000 0.000000 0.000000 0.000000 166.041336 166.040629 166.040276 166.039570 166.038863 166.038510 166.037803 166.037450 166.037096 166.037096 166.037096 166.037096 166.037450 166.037803 166.038156 166.038863 166.039216 166.039923 166.040983 0.000000 0.000000 0.000000 0.000000 0.000000 0.000000 0.000000 0.000000 0.000000 0.000000 0.000000 0.000000 0.000000 0.000000 0.000000 0.000000 
0.000000 0.000000 0.000000 0.000000 166.041667 166.040629 166.039923 166.039216 166.038156 166.037450 166.036743 166.035683 166.034977 166.034270 166.033210 166.032504 166.031797 166.031090 166.030384 166.029677 166.028971 166.028264 166.027557 166.026851 166.026497 166.025791 166.025084 166.024378 166.024024 166.023318 166.022964 166.022258 166.022258 166.022611 166.022611 166.022964 166.023671 166.024378 166.025438 166.027204 166.029677 166.032150 166.037803 0.000000 0.000000 0.000000 0.000000 0.000000 
0.000000 166.041336 166.040276 166.039570 166.038510 166.037803 166.036743 166.036037 166.035330 166.034270 166.033563 166.032504 166.031797 166.030737 166.030030 166.028971 166.028264 166.027204 166.026497 166.025791 166.024731 166.024024 166.022964 166.022258 166.021198 166.020491 166.019785 166.018725 166.018018 166.016958 166.016252 166.015192 166.014485 166.013425 166.012719 166.012012 166.010952 166.010246 166.009539 166.008832 166.008479 166.007773 166.007419 166.007773 166.008479 166.010599 166.018372 0.000000 
166.041336 166.040276 166.039570 166.038510 166.037803 166.036743 166.036037 166.034977 166.034270 166.033210 166.032504 166.031444 166.030737 166.029677 166.028971 166.027911 166.027204 166.026144 166.025438 166.024378 166.023671 166.022611 166.021905 166.020845 166.020138 166.019078 166.018372 166.017312 166.016605 166.015545 166.014839 166.013779 166.013072 166.012012 166.011306 166.010246 166.009539 166.008479 166.007773 166.006713 166.006006 166.004946 166.004240 166.003180 166.002473 166.001413 166.000707 166.000000 
0.000000 166.041336 166.040276 166.039570 166.038510 166.037803 166.036743 166.036037 166.035330 166.034270 166.033563 166.032504 166.031797 166.030737 166.030030 166.028971 166.028264 166.027204 166.026497 166.025791 166.024731 166.024024 166.022964 166.022258 166.021198 166.020491 166.019785 166.018725 166.018018 166.016958 166.016252 166.015192 166.014485 166.013425 166.012719 166.012012 166.010952 166.010246 166.009539 166.008832 166.008479 166.007773 166.007419 166.007773 166.008479 166.010599 166.018372 0.000000 
0.000000 0.000000 0.000000 0.000000 166.041667 166.040629 166.039923 166.039216 166.038156 166.037450 166.036743 166.035683 166.034977 166.034270 166.033210 166.032504 166.031797 166.031090 166.030384 166.029677 166.028971 166.028264 166.027557 166.026851 166.026497 166.025791 166.025084 166.024378 166.024024 166.023318 166.022964 166.022258 166.022258 166.022611 166.022611 166.022964 166.023671 166.024378 166.025438 166.027204 166.029677 166.032150 166.037803 0.000000 0.000000 0.000000 0.000000 0.000000 
0.000000 0.000000 0.000000 0.000000 0.000000 0.000000 0.000000 0.000000 0.000000 0.000000 0.000000 0.000000 0.000000 166.041336 166.040629 166.040276 166.039570 166.038863 166.038510 166.037803 166.037450 166.037096 166.037096 166.037096 166.037096 166.037450 166.037803 166.038156 166.038863 166.039216 166.039923 166.040983 0.000000 0.000000 0.000000 0.000000 0.000000 0.000000 0.000000 0.000000 0.000000 0.000000 0.000000 0.000000 0.000000 0.000000 0.000000 0.000000 
