test/output/constant/M3M400_S000_A180_WD180.0_WS005.0/M3M400_S000_A180_WD180.0_WS005.0_arrival.asc
ncols         17
nrows         19
xllcorner     425803.990666
yllcorner     12748155.311160
cellsize      100.000000
NODATA_value  0.000000
0.000000 0.000000 0.000000 0.000000 0.000000 0.000000 166.041667 166.041255 166.041255 166.041255 166.041667 0.000000 0.000000 0.000000 0.000000 0.000000 0.000000 
0.000000 0.000000 0.000000 0.000000 166.041255 166.039832 166.038410 166.038410 166.038410 166.038410 166.038410 166.039832 166.041255 0.000000 0.000000 0.000000 0.000000 
0.000000 0.000000 0.000000 166.041255 166.038410 166.036987 166.035564 166.034142 166.034142 166.034142 166.035564 166.036987 166.038410 166.041255 0.000000 0.000000 0.000000 
0.000000 0.000000 166.041255 166.036987 166.035564 166.032719 166.031297 166.031297 166.031297 166.031297 166.031297 166.032719 166.035564 166.036987 166.041255 0.000000 0.000000 
0.000000 166.041255 166.038410 166.035564 166.032719 166.029874 166.028452 166.027029 166.027029 166.027029 166.028452 166.029874 166.032719 166.035564 166.038410 166.041255 0.000000 
0.000000 166.039832 166.035564 166.032719 166.028452 166.027029 166.025606 166.024184 166.024184 166.024184 166.025606 166.027029 166.028452 166.032719 166.035564 166.039832 0.000000 
166.041667 166.038410 166.034142 166.029874 166.027029 166.024184 166.021339 166.019916 166.019916 166.019916 166.021339 166.024184 166.027029 166.029874 166.034142 166.038410 166.041667 
166.041255 166.036987 166.031297 166.028452 166.024184 166.019916 166.018493 166.017071 166.017071 166.017071 166.018493 166.019916 166.024184 166.028452 166.031297 166.036987 166.041255 
166.039832 166.035564 166.031297 166.025606 166.021339 166.018493 166.015648 166.012803 166.012803 166.012803 166.015648 166.018493 166.021339 166.025606 166.031297 166.035564 166.039832 
166.039832 166.035564 166.029874 166.025606 166.019916 166.015648 166.011381 166.009958 166.009958 166.009958 166.011381 166.015648 166.019916 166.025606 166.029874 166.035564 166.039832 
166.039832 166.035564 166.029874 166.024184 166.019916 166.014226 166.009958 166.007113 166.005690 166.007113 166.009958 166.014226 166.019916 166.024184 166.029874 166.035564 166.039832 
166.039832 166.035564 166.029874 166.024184 166.018493 166.014226 166.008535 166.004268 166.002845 166.004268 166.008535 166.014226 166.018493 166.024184 166.029874 166.035564 166.039832 
166.041255 166.035564 166.029874 166.024184 166.019916 166.014226 166.008535 166.002845 166.000000 166.002845 166.008535 166.014226 166.019916 166.024184 166.029874 166.035564 166.041255 
0.000000 166.036987 166.031297 166.027029 166.021339 166.015648 166.009958 166.005690 166.004268 166.005690 166.009958 166.015648 166.021339 166.027029 166.031297 166.036987 0.000000 
0.000000 166.039832 166.034142 166.028452 166.024184 166.018493 166.014226 166.011381 166.009958 166.011381 166.014226 166.018493 166.024184 166.028452 166.034142 166.039832 0.000000 
0.000000 0.000000 166.036987 166.032719 166.028452 166.022761 166.019916 166.017071 166.017071 166.017071 166.019916 166.022761 166.028452 166.032719 166.036987 0.000000 0.000000 
0.000000 0.000000 166.041255 166.036987 166.032719 166.028452 166.025606 166.024184 166.024184 166.024184 166.025606 166.028452 166.032719 166.036987 166.041255 0.000000 0.000000 
0.000000 0.000000 0.000000 166.041255 166.038410 166.035564 166.032719 166.031297 166.029874 166.031297 166.032719 166.035564 166.038410 166.041255 0.000000 0.000000 0.000000 
0.000000 0.000000 0.000000 0.000000 0.000000 166.041255 166.038410 166.036987 166.036987 166.036987 166.038410 166.041255 0.000000 0.000000 0.000000 0.000000 0.000000 
