test/output/constant/M270_S060_A270_WD225.0_WS020.0/M270_S060_A270_WD225.0_WS020.0_arrival.asc
ncols         9
nrows         25
xllcorner     426603.990666
yllcorner     12748755.311160
cellsize      100.000000
NODATA_value  0.000000
0.000000 0.000000 0.000000 0.000000 0.000000 0.000000 0.000000 166.041596 166.041596 
0.000000 0.000000 0.000000 0.000000 0.000000 0.000000 166.040946 166.039646 166.039646 
0.000000 0.000000 0.000000 0.000000 0.000000 0.000000 166.038346 166.037696 166.038996 
0.000000 0.000000 0.000000 0.000000 0.000000 166.039646 166.036396 166.035747 166.037696 
0.000000 0.000000 0.000000 0.000000 0.000000 166.036396 166.034447 166.034447 166.037696 
0.000000 0.000000 0.000000 0.000000 166.038346 166.033797 166.032497 166.033147 166.037696 
0.000000 0.000000 0.000000 0.000000 166.035097 166.031197 166.030547 166.032497 166.038346 
0.000000 0.000000 0.000000 166.038996 166.031847 166.029247 166.029247 166.032497 166.039646 
0.000000 0.000000 0.000000 166.034447 166.028597 166.027297 166.027947 166.032497 166.041596 
0.000000 0.000000 166.041596 166.030547 166.025997 166.025348 166.027947 166.033797 0.000000 
0.000000 0.000000 166.036396 166.026647 166.024048 166.024048 166.027947 166.035747 0.000000 
0.000000 0.000000 166.031197 166.023398 166.022098 166.023398 166.027947 166.038346 0.000000 
0.000000 166.041596 166.026647 166.020798 166.020148 166.022748 166.029897 0.000000 0.000000 
0.000000 166.035097 166.022748 166.018848 166.018848 166.022748 166.032497 0.000000 0.000000 
0.000000 166.029247 166.018848 166.016898 166.017548 166.024048 166.037046 0.000000 0.000000 
0.000000 166.024048 166.015598 166.014949 166.017548 166.025997 0.000000 0.000000 0.000000 
166.038346 166.018848 166.013649 166.013649 166.018198 166.030547 0.000000 0.000000 0.000000 
166.031197 166.014299 166.011699 166.012999 166.020148 166.038996 0.000000 0.000000 0.000000 
166.024698 166.011049 166.009749 166.012999 166.024698 0.000000 0.000000 0.000000 0.000000 
166.018198 166.008449 166.008449 166.014299 166.034447 0.000000 0.000000 0.000000 0.000000 
166.011699 166.006499 166.007799 166.018848 0.000000 0.000000 0.000000 0.000000 0.000000 
166.006499 166.004550 166.008449 166.030547 0.000000 0.000000 0.000000 0.000000 0.000000 
166.003250 166.003250 166.013649 0.000000 0.000000 0.000000 0.000000 0.000000 0.000000 
166.001300 166.002600 166.033797 0.000000 0.000000 0.000000 0.000000 0.000000 0.000000 
166.000000 166.012999 0.000000 0.000000 0.000000 0.000000 0.000000 0.000000 0.000000 
