test/output/constant/M3M490_S060_A090_WD090.0_WS010.0/M3M490_S060_A090_WD090.0_WS010.0_arrival.asc
ncols         16
nrows         49
xllcorner     425203.990666
yllcorner     12743955.311160
cellsize      100.000000
NODATA_value  0.000000
0.000000 0.000000 0.000000 0.000000 0.000000 0.000000 0.000000 0.000000 0.000000 0.000000 0.000000 0.000000 166.039499 166.006970 166.000000 166.022903 
0.000000 0.000000 0.000000 0.000000 0.000000 0.000000 0.000000 0.000000 0.000000 0.000000 0.000000 0.000000 166.018588 166.001660 166.000664 166.018920 
0.000000 0.000000 0.000000 0.000000 0.000000 0.000000 0.000000 0.000000 0.000000 0.000000 0.000000 166.030205 166.008962 166.001660 166.001328 166.017260 
0.000000 0.000000 0.000000 0.000000 0.000000 0.000000 0.000000 0.000000 0.000000 0.000000 166.041490 166.018920 166.005311 166.002323 166.002655 166.017924 
0.000000 0.000000 0.000000 0.000000 0.000000 0.000000 0.000000 0.000000 0.000000 0.000000 166.029873 166.012945 166.004647 166.003319 166.003983 166.019915 
0.000000 0.000000 0.000000 0.000000 0.000000 0.000000 0.000000 0.000000 0.000000 166.041158 166.022239 166.009626 166.004647 166.003983 166.005975 166.021243 
0.000000 0.000000 0.000000 0.000000 0.000000 0.000000 0.000000 0.000000 0.000000 166.032196 166.017260 166.008298 166.004979 166.004979 166.007634 166.023235 
0.000000 0.000000 0.000000 0.000000 0.000000 0.000000 0.000000 0.000000 0.000000 166.025890 166.013609 166.007966 166.005643 166.005975 166.009626 166.025558 
0.000000 0.000000 0.000000 0.000000 0.000000 0.000000 0.000000 0.000000 166.035516 166.021243 166.011949 166.007634 166.006638 166.007302 166.011949 166.027550 
0.000000 0.000000 0.000000 0.000000 0.000000 0.000000 0.000000 0.000000 166.029873 166.017924 166.011285 166.007966 166.007634 166.008630 166.013941 166.029541 
0.000000 0.000000 0.000000 0.000000 0.000000 0.000000 0.000000 166.039167 166.025558 166.015932 166.010953 166.008298 166.008298 166.009958 166.015932 166.031533 
0.000000 0.000000 0.000000 0.000000 0.000000 0.000000 0.000000 166.033856 166.022239 166.014936 166.010953 166.009294 166.009294 166.011617 166.017924 166.033856 
0.000000 0.000000 0.000000 0.000000 0.000000 0.000000 0.000000 166.029873 166.020247 166.014273 166.010953 166.010290 166.010290 166.013609 166.020247 166.035848 
0.000000 0.000000 0.000000 0.000000 0.000000 0.000000 166.038171 166.026222 166.018588 166.013941 166.011285 166.010953 166.011617 166.015268 166.022239 166.038171 
0.000000 0.000000 0.000000 0.000000 0.000000 0.000000 166.033856 166.024230 166.017924 166.013941 166.011949 166.011949 166.012945 166.017260 166.024230 166.040163 
0.000000 0.000000 0.000000 0.000000 0.000000 0.000000 166.030537 166.022571 166.017260 166.013941 166.012613 166.012613 166.014605 166.018920 166.026554 0.000000 
0.000000 0.000000 0.000000 0.000000 0.000000 166.038503 166.028213 166.021575 166.016928 166.014273 166.013609 166.013941 166.015932 166.020911 166.028545 0.000000 
0.000000 0.000000 0.000000 0.000000 0.000000 166.034852 166.026554 166.020911 166.016928 166.014936 166.014605 166.014936 166.017592 166.022903 166.030869 0.000000 
0.000000 0.000000 0.000000 0.000000 0.000000 166.032528 166.025226 166.020247 166.016928 166.015268 166.015268 166.016264 166.019583 166.024894 166.032860 0.000000 
0.000000 0.000000 0.000000 0.000000 166.039167 166.030537 166.024562 166.020247 166.017260 166.016264 166.016264 166.017592 166.021243 166.026886 166.035184 0.000000 
0.000000 0.000000 0.000000 0.000000 166.036511 166.029209 166.023898 166.019915 166.017592 166.016928 166.017260 166.019251 166.022903 166.028877 166.037175 0.000000 
0.000000 0.000000 0.000000 0.000000 166.034852 166.028213 166.023566 166.019915 166.018256 166.017924 166.018256 166.020579 166.024894 166.031201 166.039499 0.000000 
0.000000 0.000000 0.000000 166.040826 166.032860 166.027550 166.023235 166.020247 166.018920 166.018920 166.019583 166.022239 166.026554 166.033192 166.041490 0.000000 
0.000000 0.000000 0.000000 166.038835 166.031865 166.026886 166.022903 166.020247 166.019583 166.019583 166.020911 166.023566 166.028545 166.035184 0.000000 0.000000 
0.000000 0.000000 0.000000 166.037175 166.031201 166.026554 166.023235 166.020911 166.020579 166.020579 166.022239 166.025226 166.030537 166.037175 0.000000 0.000000 
0.000000 0.000000 0.000000 166.035848 166.030537 166.026222 166.023235 166.021575 166.021243 166.021575 166.023566 166.027218 166.032196 166.039167 0.000000 0.000000 
0.000000 0.000000 166.041158 166.034852 166.029873 166.025890 166.023566 166.022239 166.022239 166.022903 166.025226 166.028877 166.034188 166.041490 0.000000 0.000000 
0.000000 0.000000 166.039499 166.034188 166.029541 166.026222 166.023898 166.023235 166.023235 166.024230 166.026554 166.030537 166.035848 0.000000 0.000000 0.000000 
0.000000 0.000000 166.038503 166.033524 166.029209 166.026222 166.024562 166.023898 166.024230 166.025226 166.028213 166.032528 166.037839 0.000000 0.000000 0.000000 
0.000000 0.000000 166.037839 166.032860 166.029209 166.026554 166.024894 166.024894 166.025226 166.026886 166.029873 166.034188 166.039831 0.000000 0.000000 0.000000 
0.000000 0.000000 166.037175 166.032528 166.029209 166.026554 166.025890 166.025890 166.026222 166.028213 166.031533 166.036180 0.000000 0.000000 0.000000 0.000000 
0.000000 166.041490 166.036180 166.032196 166.029209 166.027218 166.026554 166.026554 166.027550 166.029541 166.033192 166.037839 0.000000 0.000000 0.000000 0.000000 
0.000000 166.040826 166.035848 166.032196 166.029541 166.027881 166.027550 166.027550 166.028877 166.031201 166.034852 166.039831 0.000000 0.000000 0.000000 0.000000 
0.000000 166.039831 166.035516 166.032196 166.029541 166.028545 166.028213 166.028545 166.029873 166.032860 166.036511 166.041667 0.000000 0.000000 0.000000 0.000000 
0.000000 166.039499 166.035184 166.032196 166.030205 166.029209 166.029209 166.029541 166.031533 166.034188 166.038503 0.000000 0.000000 0.000000 0.000000 0.000000 
0.000000 166.038835 166.035184 166.032528 166.030537 166.030205 166.030205 166.030869 166.032860 166.035848 166.040163 0.000000 0.000000 0.000000 0.000000 0.000000 
0.000000 166.038503 166.035184 166.032860 166.031201 166.030869 166.031201 166.031865 166.034188 166.037175 0.000000 0.000000 0.000000 0.000000 0.000000 0.000000 
0.000000 166.038503 166.035516 166.032860 166.031865 166.031865 166.032196 166.033192 166.035848 166.039167 0.000000 0.000000 0.000000 0.000000 0.000000 0.000000 
0.000000 166.038171 166.035516 166.033524 166.032528 166.032528 166.033192 166.034520 166.037175 166.040826 0.000000 0.000000 0.000000 0.000000 0.000000 0.000000 
166.041490 166.038171 166.035848 166.034188 166.033524 166.033524 166.034188 166.036180 166.038835 0.000000 0.000000 0.000000 0.000000 0.000000 0.000000 0.000000 
166.041490 166.038503 166.035848 166.034852 166.034520 166.034520 166.035184 166.037507 166.040163 0.000000 0.000000 0.000000 0.000000 0.000000 0.000000 0.000000 
166.041158 166.038503 166.036511 166.035516 166.035184 166.035516 166.036511 166.038835 0.000000 0.000000 0.000000 0.000000 0.000000 0.000000 0.000000 0.000000 
166.041490 166.038835 166.036843 166.036180 166.036180 166.036511 166.037839 166.040163 0.000000 0.000000 0.000000 0.000000 0.000000 0.000000 0.000000 0.000000 
166.041490 166.038835 166.037507 166.036843 166.037175 166.037507 166.039167 166.041667 0.000000 0.000000 0.000000 0.000000 0.000000 0.000000 0.000000 0.000000 
166.041667 166.039167 166.038171 166.037839 166.037839 166.038503 166.040495 0.000000 0.000000 0.000000 0.000000 0.000000 0.000000 0.000000 0.000000 0.000000 
0.000000 166.039831 166.038835 166.038835 166.038835 166.039831 0.000000 0.000000 0.000000 0.000000 0.000000 0.000000 0.000000 0.000000 0.000000 0.000000 
0.000000 166.040163 166.039499 166.039499 166.040163 166.041158 0.000000 0.000000 0.000000 0.000000 0.000000 0.000000 0.000000 0.000000 0.000000 0.000000 
0.000000 166.040826 166.040495 166.040495 166.041158 0.000000 0.000000 0.000000 0.000000 0.000000 0.000000 0.000000 0.000000 0.000000 0.000000 0.000000 
0.000000 166.041490 166.041158 166.041490 0.000000 0.000000 0.000000 0.000000 0.000000 0.000000 0.000000 0.000000 0.000000 0.000000 0.000000 0.000000 
