test/output/constant/M3M490_S060_A090_WD090.0_WS010.0/M3M490_S060_A090_WD090.0_WS010.0_raz.asc
ncols         16
nrows         49
xllcorner     425203.990666
yllcorner     12743955.311160
cellsize      100.000000
NODATA_value  0.000000
0 0 0 0 0 0 0 0 0 0 0 0 270 205 65535 80 
0 0 0 0 0 0 0 0 0 0 0 0 284 199 194 166 
0 0 0 0 0 0 0 0 0 0 0 270 201 194 194 166 
0 0 0 0 0 0 0 0 0 0 270 270 200 194 178 166 
0 0 0 0 0 0 0 0 0 0 203 284 199 194 178 166 
0 0 0 0 0 0 0 0 0 257 201 240 194 194 178 166 
0 0 0 0 0 0 0 0 0 257 201 229 194 194 178 181 
0 0 0 0 0 0 0 0 0 201 201 270 194 189 181 171 
0 0 0 0 0 0 0 0 201 201 201 197 194 175 175 178 
0 0 0 0 0 0 0 0 229 240 201 194 194 171 171 171 
0 0 0 0 0 0 0 270 240 200 201 194 194 190 178 181 
0 0 0 0 0 0 0 201 240 200 194 194 186 181 178 171 
0 0 0 0 0 0 0 240 200 201 194 194 185 175 171 178 
0 0 0 0 0 0 201 201 201 201 194 194 193 181 178 171 
0 0 0 0 0 0 201 240 229 194 194 186 189 171 181 178 
0 0 0 0 0 0 201 240 201 194 194 192 181 186 166 0 
0 0 0 0 0 308 201 200 201 194 194 178 190 181 181 0 
0 0 0 0 0 201 229 229 194 196 194 178 192 171 171 0 
0 0 0 0 0 257 201 199 194 194 191 178 171 171 178 0 
0 0 0 0 240 200 229 240 194 194 187 181 181 181 178 0 
0 0 0 0 201 240 240 194 194 194 192 175 189 178 178 0 
0 0 0 0 240 240 284 195 194 194 193 181 175 175 178 0 
0 0 0 229 201 229 257 194 194 178 178 166 178 171 171 0 
0 0 0 240 201 240 194 196 194 194 178 189 178 166 0 0 
0 0 0 14 229 308 194 194 194 189 171 189 175 175 0 0 
0 0 0 257 257 229 194 194 194 191 178 175 181 178 0 0 
0 0 240 240 240 197 194 194 187 181 166 178 181 175 0 0 
0 0 200 229 200 194 194 194 191 175 191 187 186 0 0 0 
0 0 201 229 201 194 194 194 192 190 178 181 181 0 0 0 
0 0 229 201 194 194 194 194 194 171 171 181 189 0 0 0 
0 0 229 201 194 194 194 175 194 181 175 181 0 0 0 0 
0 240 200 194 196 194 194 194 171 187 166 186 0 0 0 0 
0 229 199 194 194 194 194 194 175 181 181 181 0 0 0 0 
0 200 201 194 196 194 194 190 186 171 190 178 0 0 0 0 
0 284 197 196 194 194 185 189 183 181 171 0 0 0 0 0 
0 201 194 194 194 194 194 171 178 181 181 0 0 0 0 0 
0 200 194 194 194 194 178 187 178 190 0 0 0 0 0 0 
0 240 194 194 194 185 178 191 171 175 0 0 0 0 0 0 
0 194 194 195 194 190 178 181 185 171 0 0 0 0 0 0 
200 194 194 194 194 194 194 175 181 0 0 0 0 0 0 0 
229 194 194 194 194 194 190 175 187 0 0 0 0 0 0 0 
194 197 194 194 194 194 193 181 0 0 0 0 0 0 0 0 
194 194 194 194 183 187 181 189 0 0 0 0 0 0 0 0 
194 196 194 194 194 190 181 181 0 0 0 0 0 0 0 0 
194 194 194 194 190 189 181 0 0 0 0 0 0 0 0 0 
0 194 194 187 190 183 0 0 0 0 0 0 0 0 0 0 
0 194 194 189 166 181 0 0 0 0 0 0 0 0 0 0 
0 196 194 194 181 0 0 0 0 0 0 0 0 0 0 0 
0 194 194 181 0 0 0 0 0 0 0 0 0 0 0 0 
