test/output/constant/M495_S060_A000_WD135.0_WS005.0/M495_S060_A000_WD135.0_WS005.0_arrival.asc
ncols         31
nrows         8
xllcorner     423603.990666
yllcorner     12748555.311160
cellsize      100.000000
NODATA_value  0.000000
0.000000 0.000000 0.000000 166.041443 166.040338 166.039785 166.039233 166.038680 166.038128 166.038128 166.037575 166.037575 166.037575 166.037575 166.037575 166.038680 166.039785 166.040891 0.000000 0.000000 0.000000 0.000000 0.000000 0.000000 0.000000 0.000000 0.000000 0.000000 0.000000 0.000000 0.000000 
0.000000 166.040891 166.039785 166.038128 166.037023 166.036470 166.034812 166.034260 166.033155 166.032049 166.031497 166.030392 166.030392 166.029839 166.029287 166.029287 166.029287 166.029287 166.029839 166.030392 166.032049 166.034812 166.038128 0.000000 0.000000 0.000000 0.000000 0.000000 0.000000 0.000000 0.000000 
166.041443 166.039785 166.038680 166.037023 166.035917 166.034260 166.033155 166.031497 166.030392 166.029287 166.028181 166.027076 166.025971 166.024866 166.023761 166.022656 166.022103 166.021550 166.020998 166.020998 166.020998 166.020998 166.021550 166.023208 166.025419 166.029287 166.036470 0.000000 0.000000 0.000000 0.000000 
166.041443 166.040338 166.038680 166.037023 166.035917 166.034260 166.033155 166.031497 166.030392 166.028734 166.027629 166.025971 166.024866 166.023208 166.022103 166.020445 166.019340 166.017682 166.016577 166.015472 166.014920 166.013814 166.013262 166.012709 166.012709 166.012709 166.013814 166.017130 166.023761 166.039233 0.000000 
0.000000 166.041667 166.040338 166.038680 166.037023 166.035365 166.033707 166.032049 166.030944 166.029287 166.027629 166.026524 166.024866 166.023208 166.022103 166.020445 166.019340 166.017682 166.016577 166.014920 166.013262 166.012157 166.010499 166.009394 166.007736 166.006631 166.005526 166.004421 166.004421 166.004973 166.014920 
0.000000 0.000000 0.000000 166.041667 166.040338 166.038680 166.037023 166.035365 166.033707 166.032049 166.030392 166.028734 166.027076 166.025419 166.023761 166.022103 166.020445 166.018788 166.017130 166.015472 166.013814 166.012709 166.011052 166.009394 166.007736 166.006631 166.004973 166.003868 166.002210 166.001105 166.000000 
0.000000 0.000000 0.000000 0.000000 0.000000 0.000000 0.000000 166.041443 166.039785 166.038128 166.036470 166.034812 166.033155 166.031497 166.029839 166.028181 166.026524 166.024866 166.023208 166.021550 166.019893 166.018235 166.016577 166.015472 166.013814 166.012709 166.012157 166.011604 166.011604 166.013262 166.023761 
0.000000 0.000000 0.000000 0.000000 0.000000 0.000000 0.000000 0.000000 0.000000 0.000000 0.000000 0.000000 166.041667 166.040891 166.039233 166.038128 166.037023 166.035917 166.035365 166.034260 166.033707 166.033155 166.032602 166.032602 166.033155 166.034260 166.036470 166.040338 0.000000 0.000000 0.000000 
