test/output/constant/M355_S060_A270_WD180.0_WS045.0/M355_S060_A270_WD180.0_WS045.0_arrival.asc
ncols         5
nrows         43
xllcorner     426403.990666
yllcorner     12748755.311160
cellsize      100.000000
NODATA_value  0.000000
0.000000 0.000000 166.041559 0.000000 0.000000 
0.000000 166.041667 166.040760 166.041667 0.000000 
0.000000 166.040760 166.039561 166.040760 0.000000 
0.000000 166.039961 166.038762 166.039961 0.000000 
0.000000 166.038762 166.037563 166.038762 0.000000 
166.041667 166.037963 166.036764 166.037963 166.041667 
166.040760 166.036764 166.035565 166.036764 166.040760 
166.039961 166.035965 166.034766 166.035965 166.039961 
166.038762 166.034766 166.033567 166.034766 166.038762 
166.037963 166.033967 166.032768 166.033967 166.037963 
166.037164 166.032768 166.031569 166.032768 166.037164 
166.036364 166.031969 166.030770 166.031969 166.036364 
166.035166 166.031169 166.029571 166.031169 166.035166 
166.034366 166.029971 166.028772 166.029971 166.034366 
166.033567 166.029171 166.027573 166.029171 166.033567 
166.032768 166.027973 166.026774 166.027973 166.032768 
166.032368 166.027173 166.025575 166.027173 166.032368 
166.031569 166.025975 166.024776 166.025975 166.031569 
166.030770 166.025175 166.023577 166.025175 166.030770 
166.029971 166.023977 166.022778 166.023977 166.029971 
166.029571 166.023177 166.021579 166.023177 166.029571 
166.028772 166.022378 166.020780 166.022378 166.028772 
166.027973 166.021179 166.019581 166.021179 166.027973 
166.027573 166.020380 166.018782 166.020380 166.027573 
166.026774 166.019181 166.017583 166.019181 166.026774 
166.026374 166.018382 166.016784 166.018382 166.026374 
166.025975 166.017183 166.015585 166.017183 166.025975 
166.025975 166.016384 166.014786 166.016384 166.025975 
166.025975 166.015585 166.013587 166.015585 166.025975 
166.026374 166.014386 166.012787 166.014386 166.026374 
166.026774 166.013587 166.011589 166.013587 166.026774 
166.027573 166.012388 166.010789 166.012388 166.027573 
166.028372 166.011589 166.009591 166.011589 166.028372 
166.029571 166.010789 166.008791 166.010789 166.029571 
166.031969 166.010390 166.007593 166.010390 166.031969 
166.034766 166.009591 166.006793 166.009591 166.034766 
166.038762 166.008791 166.005595 166.008791 166.038762 
0.000000 166.008791 166.004795 166.008791 0.000000 
0.000000 166.009191 166.003596 166.009191 0.000000 
0.000000 166.009990 166.002797 166.009990 0.000000 
0.000000 166.012388 166.001598 166.012388 0.000000 
0.000000 166.020780 166.000799 166.020780 0.000000 
0.000000 0.000000 166.000000 0.000000 0.000000 
