test/output/constant/C2_S060_A270_WD180.0_WS015.0/C2_S060_A270_WD180.0_WS015.0_arrival.asc
ncols         7
nrows         34
xllcorner     426303.990666
yllcorner     12748755.311160
cellsize      100.000000
NODATA_value  0.000000
0.000000 0.000000 166.041667 166.041309 166.041667 0.000000 0.000000 
0.000000 0.000000 166.040805 166.039798 166.040805 0.000000 0.000000 
0.000000 0.000000 166.039294 166.038790 166.039294 0.000000 0.000000 
0.000000 166.040805 166.038287 166.037279 166.038287 166.040805 0.000000 
0.000000 166.039798 166.036775 166.036272 166.036775 166.039798 0.000000 
0.000000 166.038790 166.035768 166.034760 166.035768 166.038790 0.000000 
0.000000 166.037279 166.034256 166.033753 166.034256 166.037279 0.000000 
0.000000 166.036272 166.033249 166.032241 166.033249 166.036272 0.000000 
166.041667 166.035264 166.031738 166.031234 166.031738 166.035264 166.041667 
166.040805 166.034256 166.030730 166.029722 166.030730 166.034256 166.040805 
166.040302 166.032745 166.029722 166.028715 166.029722 166.032745 166.040302 
166.039294 166.031738 166.028211 166.027204 166.028211 166.031738 166.039294 
166.038287 166.030730 166.027204 166.026196 166.027204 166.030730 166.038287 
166.037783 166.029722 166.025692 166.024685 166.025692 166.029722 166.037783 
166.036775 166.028715 166.024685 166.023677 166.024685 166.028715 166.036775 
166.036272 166.027707 166.023173 166.022166 166.023173 166.027707 166.036272 
166.036272 166.026700 166.022166 166.021158 166.022166 166.026700 166.036272 
166.036272 166.025692 166.020655 166.019647 166.020655 166.025692 166.036272 
166.036775 166.025189 166.019647 166.018640 166.019647 166.025189 166.036775 
166.036775 166.024181 166.018640 166.017128 166.018640 166.024181 166.036775 
166.037279 166.023173 166.017128 166.016121 166.017128 166.023173 166.037279 
166.038287 166.022670 166.016121 166.014609 166.016121 166.022670 166.038287 
166.038790 166.022166 166.014609 166.013602 166.014609 166.022166 166.038790 
166.040302 166.022166 166.013602 166.012091 166.013602 166.022166 166.040302 
0.000000 166.022166 166.012091 166.011083 166.012091 166.022166 0.000000 
0.000000 166.022670 166.011083 166.009572 166.011083 166.022670 0.000000 
0.000000 166.023173 166.010075 166.008564 166.010075 166.023173 0.000000 
0.000000 166.024181 166.009068 166.007053 166.009068 166.024181 0.000000 
0.000000 166.026700 166.008060 166.006045 166.008060 166.026700 0.000000 
0.000000 166.030226 166.007557 166.004534 166.007557 166.030226 0.000000 
0.000000 166.037783 166.007557 166.003526 166.007557 166.037783 0.000000 
0.000000 0.000000 166.008060 166.002015 166.008060 0.000000 0.000000 
0.000000 0.000000 166.011587 166.001008 166.011587 0.000000 0.000000 
0.000000 0.000000 166.029722 166.000000 166.029722 0.000000 0.000000 
