test/output/constant/M3M485_S060_A090_WD045.0_WS005.0/M3M485_S060_A090_WD045.0_WS005.0_intensity.asc
ncols         11
nrows         50
xllcorner     425903.990666
yllcorner     12743855.311160
cellsize      100.000000
NODATA_value  0.000000
0 0 0 0 0 0 767 0 754 0 0 
0 0 0 0 0 1071 49763 72611 31839 0 0 
0 0 0 0 0 43800 68141 72611 31839 754 0 
0 0 0 0 767 49763 64669 72611 25802 754 0 
0 0 0 0 767 2053 72493 72611 38032 754 0 
0 0 0 0 55339 2053 72611 68337 31839 754 0 
0 0 0 0 49763 49763 72611 68337 25802 38032 0 
0 0 0 1071 49763 72611 72611 68337 25802 31839 0 
0 0 0 3821 49763 70666 72611 72232 38032 25802 0 
0 0 0 1071 2053 72611 72611 55686 60665 25802 0 
0 0 0 49763 49763 72611 72611 60665 60665 25802 31839 
0 0 49763 3821 55339 64669 72611 68337 60665 38032 31839 
0 0 1071 49763 72611 72170 72611 38032 31839 38032 25802 
0 0 49763 49763 72611 72611 72611 50140 25802 25802 38032 
0 0 2053 49763 55339 72170 72611 64925 31839 38032 25802 
0 0 55339 55339 72611 72611 72611 55686 38032 38032 44195 
0 49763 49763 72493 72611 72611 60665 55686 38032 31839 44195 
0 55339 49763 68141 70666 72611 60665 55686 38032 31839 25802 
0 55339 3821 72611 72611 72611 68337 60665 31839 31839 25802 
0 49763 49763 72493 72611 72611 72611 60665 38032 25802 20106 
0 6544 72611 72611 72611 72611 50140 60665 38032 38032 31839 
0 49763 72611 68141 72611 72611 72611 60665 38032 55686 44195 
0 49763 72611 72170 72611 72611 55686 60665 44195 44195 31839 
0 55339 60358 72611 72611 72611 44195 60665 25802 31839 25802 
49763 68141 72611 60358 72611 72611 50140 60665 50140 55686 0 
2053 68141 64669 72611 72611 72611 72611 60665 50140 55686 0 
49763 60358 72611 72170 72611 72611 68337 60665 50140 31839 0 
1447 72611 55339 72611 72611 72611 70798 60665 55686 38032 0 
49763 72493 60358 72611 72611 55686 55686 60665 55686 44195 0 
72611 72611 64669 72611 72611 72611 60665 60665 55686 55686 0 
72611 72493 72611 64669 72611 72611 60665 60665 55686 55686 0 
72611 60358 72611 72611 72611 72611 64925 60665 60665 55686 0 
60358 72493 72611 72611 72611 68337 60665 64925 55686 55686 0 
72611 72611 68141 72611 72611 72232 70798 60665 55686 55686 0 
68141 68141 72611 72611 72611 60665 55686 60665 55686 0 0 
72611 72611 72611 72611 72611 72611 60665 60665 60665 0 0 
68141 72493 72611 72611 72611 64925 60665 60665 60665 0 0 
72611 49763 55339 72611 72611 55686 55686 38032 55686 0 0 
70666 72611 72611 72493 72611 31839 60665 38032 55686 0 0 
72611 64669 70666 72611 72611 64925 60665 44195 55686 0 0 
72611 72611 70666 72611 55686 60665 60665 44195 0 0 0 
72611 72611 72611 72611 72611 60665 60665 38032 0 0 0 
64669 60358 72611 72611 72611 68337 38032 38032 0 0 0 
72611 68141 72611 72611 55686 60665 44195 44195 0 0 0 
0 72611 70666 72611 55686 55686 44195 0 0 0 0 
0 68141 72611 72611 60665 68337 60665 0 0 0 0 
0 72611 72611 72611 70798 72524 60665 0 0 0 0 
0 72611 72611 72611 55686 55686 0 0 0 0 0 
0 0 72611 72611 60665 55686 0 0 0 0 0 
0 0 72611 64925 72611 0 0 0 0 0 0 
