test/output/constant/C3_S060_A180_WD270.0_WS050.0/C3_S060_A180_WD270.0_WS050.0_arrival.asc
ncols         45
nrows         7
xllcorner     426603.990666
yllcorner     12748455.311160
cellsize      100.000000
NODATA_value  0.000000
0.000000 0.000000 0.000000 0.000000 0.000000 0.000000 0.000000 0.000000 0.000000 0.000000 0.000000 0.000000 0.000000 0.000000 166.040326 166.039195 166.038441 166.037688 166.037311 166.036934 166.036180 166.036180 166.036180 166.035803 166.035803 166.036557 166.036934 166.037688 166.038441 166.038818 166.039572 166.040326 166.040703 166.041456 0.000000 0.000000 0.000000 0.000000 0.000000 0.000000 0.000000 0.000000 0.000000 0.000000 0.000000 
0.000000 0.000000 0.000000 0.000000 0.000000 166.033919 166.029773 166.026758 166.024874 166.023743 166.022989 166.022236 166.021859 166.021859 166.021482 166.021859 166.022613 166.022989 166.023743 166.024497 166.024874 166.025628 166.026381 166.027135 166.027512 166.028266 166.029019 166.029773 166.030527 166.031658 166.032411 166.033165 166.033919 166.034673 166.035803 166.036557 166.037688 166.038441 166.039195 166.040326 166.041079 0.000000 0.000000 0.000000 0.000000 
0.000000 166.015829 166.010176 166.007914 166.007538 166.007161 166.007914 166.008668 166.009045 166.009799 166.010553 166.011683 166.012437 166.013191 166.014321 166.015075 166.016206 166.016959 166.018090 166.018844 166.019598 166.020728 166.021482 166.022613 166.023366 166.024497 166.025251 166.026381 166.027135 166.027889 166.029019 166.029773 166.030904 166.031658 166.032788 166.033542 166.034673 166.035426 166.036557 166.037311 166.038441 166.039195 166.039949 166.041079 0.000000 
166.000000 166.000754 166.001508 166.002638 166.003392 166.004523 166.005276 166.006407 166.007161 166.008291 166.009045 166.010176 166.010929 166.012060 166.012814 166.013944 166.014698 166.015829 166.016583 166.017713 166.018467 166.019598 166.020351 166.021482 166.022236 166.023366 166.024120 166.025251 166.026004 166.027135 166.027889 166.029019 166.029773 166.030904 166.031658 166.032788 166.033542 166.034673 166.035426 166.036557 166.037311 166.038441 166.039195 166.040326 166.041079 
0.000000 166.015829 166.010176 166.007914 166.007538 166.007161 166.007914 166.008668 166.009045 166.009799 166.010553 166.011683 166.012437 166.013191 166.014321 166.015075 166.016206 166.016959 166.018090 166.018844 166.019598 166.020728 166.021482 166.022613 166.023366 166.024497 166.025251 166.026381 166.027135 166.027889 166.029019 166.029773 166.030904 166.031658 166.032788 166.033542 166.034673 166.035426 166.036557 166.037311 166.038441 166.039195 166.039949 166.041079 0.000000 
0.000000 0.000000 0.000000 0.000000 0.000000 166.033919 166.029773 166.026758 166.024874 166.023743 166.022989 166.022236 166.021859 166.021859 166.021482 166.021859 166.022613 166.022989 166.023743 166.024497 166.024874 166.025628 166.026381 166.027135 166.027512 166.028266 166.029019 166.029773 166.030527 166.031658 166.032411 166.033165 166.033919 166.034673 166.035803 166.036557 166.037688 166.038441 166.039195 166.040326 166.041079 0.000000 0.000000 0.000000 0.000000 
0.000000 0.000000 0.000000 0.000000 0.000000 0.000000 0.000000 0.000000 0.000000 0.000000 0.000000 0.000000 0.000000 0.000000 166.040326 166.039195 166.038441 166.037688 166.037311 166.036934 166.036180 166.036180 166.036180 166.035803 166.035803 166.036557 166.036934 166.037688 166.038441 166.038818 166.039572 166.040326 166.040703 166.041456 0.000000 0.000000 0.000000 0.000000 0.000000 0.000000 0.000000 0.000000 0.000000 0.000000 0.000000 
