test/output/constant/M3M470_S060_A180_WD225.0_WS015.0/M3M470_S060_A180_WD225.0_WS015.0_arrival.asc
ncols         44
nrows         13
xllcorner     426603.990666
yllcorner     12748655.311160
cellsize      100.000000
NODATA_value  0.000000
0.000000 0.000000 0.000000 0.000000 0.000000 0.000000 0.000000 0.000000 0.000000 0.000000 0.000000 0.000000 0.000000 0.000000 0.000000 0.000000 0.000000 0.000000 0.000000 0.000000 0.000000 0.000000 0.000000 0.000000 0.000000 0.000000 0.000000 0.000000 0.000000 0.000000 0.000000 0.000000 0.000000 0.000000 0.000000 166.041519 166.041145 166.041145 166.041145 166.041519 166.041519 0.000000 0.000000 0.000000 
0.000000 0.000000 0.000000 0.000000 0.000000 0.000000 0.000000 0.000000 0.000000 0.000000 0.000000 0.000000 0.000000 0.000000 0.000000 0.000000 0.000000 0.000000 0.000000 0.000000 0.000000 0.000000 0.000000 0.000000 0.000000 0.000000 0.000000 166.040771 166.040023 166.038901 166.038153 166.037778 166.037404 166.037404 166.037404 166.037404 166.037404 166.037778 166.038153 166.038527 166.039275 166.039649 166.040397 166.041519 
0.000000 0.000000 0.000000 0.000000 0.000000 0.000000 0.000000 0.000000 0.000000 0.000000 0.000000 0.000000 0.000000 0.000000 0.000000 0.000000 0.000000 0.000000 0.000000 0.000000 0.000000 0.000000 166.040023 166.037778 166.036656 166.035534 166.034786 166.034038 166.033664 166.033290 166.033290 166.033290 166.033664 166.033664 166.034038 166.034412 166.035160 166.035534 166.036656 166.037404 166.038527 166.039275 166.040397 166.041519 
0.000000 0.000000 0.000000 0.000000 0.000000 0.000000 0.000000 0.000000 0.000000 0.000000 0.000000 0.000000 0.000000 0.000000 0.000000 0.000000 0.000000 0.000000 166.038527 166.035908 166.033664 166.032542 166.031420 166.030672 166.029924 166.029550 166.029550 166.029550 166.029550 166.029550 166.030298 166.030672 166.031046 166.031794 166.032542 166.033664 166.034412 166.035534 166.036656 166.037404 166.038527 166.039649 166.040771 0.000000 
0.000000 0.000000 0.000000 0.000000 0.000000 0.000000 0.000000 0.000000 0.000000 0.000000 0.000000 0.000000 0.000000 0.000000 166.038901 166.035160 166.032168 166.029924 166.028427 166.027305 166.026557 166.025809 166.025435 166.025435 166.025435 166.025809 166.026183 166.026557 166.026931 166.028053 166.028801 166.029924 166.030672 166.031794 166.032542 166.033664 166.034786 166.035908 166.037030 166.038527 166.039649 166.041145 0.000000 0.000000 
0.000000 0.000000 0.000000 0.000000 0.000000 0.000000 0.000000 0.000000 0.000000 0.000000 0.000000 166.037030 166.032168 166.028427 166.026183 166.024313 166.023191 166.022443 166.021695 166.021695 166.021695 166.021695 166.022069 166.022443 166.023191 166.023939 166.025061 166.025809 166.026931 166.027679 166.028801 166.029924 166.031046 166.032168 166.033290 166.034786 166.036282 166.037778 166.039275 166.040771 0.000000 0.000000 0.000000 0.000000 
0.000000 0.000000 0.000000 0.000000 0.000000 0.000000 0.000000 0.000000 166.036282 166.029924 166.025435 166.022069 166.020198 166.019076 166.018328 166.017954 166.017580 166.017954 166.018328 166.018702 166.019076 166.020198 166.020946 166.022069 166.022817 166.023939 166.025061 166.026183 166.027305 166.028427 166.029924 166.031420 166.032916 166.034412 166.036282 166.037778 166.039649 166.041145 0.000000 0.000000 0.000000 0.000000 0.000000 0.000000 
0.000000 0.000000 0.000000 0.000000 0.000000 166.038527 166.029550 166.022817 166.018702 166.016084 166.014962 166.014214 166.013840 166.013840 166.014214 166.014588 166.015336 166.016084 166.017206 166.017954 166.019076 166.020198 166.020946 166.022443 166.023565 166.025061 166.026557 166.028053 166.029924 166.031420 166.033290 166.034786 166.036656 166.038527 166.040397 0.000000 0.000000 0.000000 0.000000 0.000000 0.000000 0.000000 0.000000 0.000000 
0.000000 0.000000 0.000000 166.034038 166.022817 166.015710 166.012343 166.010847 166.010099 166.010099 166.010099 166.010473 166.011221 166.012343 166.013466 166.014214 166.015336 166.016084 166.017206 166.018702 166.020198 166.021695 166.023191 166.025061 166.026931 166.028427 166.030298 166.032542 166.034412 166.036656 166.038901 166.040771 0.000000 0.000000 0.000000 0.000000 0.000000 0.000000 0.000000 0.000000 0.000000 0.000000 0.000000 0.000000 
0.000000 166.033290 166.016084 166.008603 166.006359 166.005985 166.005985 166.006359 166.007481 166.008229 166.009351 166.010473 166.011221 166.012343 166.013840 166.015336 166.016832 166.018702 166.020572 166.022443 166.024313 166.026557 166.028801 166.030672 166.032916 166.034786 166.037030 166.039275 166.041519 0.000000 0.000000 0.000000 0.000000 0.000000 0.000000 0.000000 0.000000 0.000000 0.000000 0.000000 0.000000 0.000000 0.000000 0.000000 
166.012718 166.002244 166.002244 166.002618 166.003740 166.004489 166.005611 166.006359 166.007481 166.008977 166.010473 166.012343 166.014214 166.016458 166.018702 166.020572 166.022817 166.025061 166.027305 166.029550 166.031794 166.034412 166.036656 166.038901 166.041519 0.000000 0.000000 0.000000 0.000000 0.000000 0.000000 0.000000 0.000000 0.000000 0.000000 0.000000 0.000000 0.000000 0.000000 0.000000 0.000000 0.000000 0.000000 0.000000 
166.000000 166.000748 166.001496 166.002618 166.004114 166.006359 166.008603 166.010847 166.013092 166.015710 166.017954 166.020572 166.022817 166.025435 166.028053 166.030298 166.032916 166.035534 166.037778 166.040397 0.000000 0.000000 0.000000 0.000000 0.000000 0.000000 0.000000 0.000000 0.000000 0.000000 0.000000 0.000000 0.000000 0.000000 0.000000 0.000000 0.000000 0.000000 0.000000 0.000000 0.000000 0.000000 0.000000 0.000000 
166.040023 166.028427 166.026183 166.026931 166.028053 166.030672 166.032168 166.034786 166.037030 166.039649 0.000000 0.000000 0.000000 0.000000 0.000000 0.000000 0.000000 0.000000 0.000000 0.000000 0.000000 0.000000 0.000000 0.000000 0.000000 0.000000 0.000000 0.000000 0.000000 0.000000 0.000000 0.000000 0.000000 0.000000 0.000000 0.000000 0.000000 0.000000 0.000000 0.000000 0.000000 0.000000 0.000000 0.000000 
