test/output/constant/M380_S060_A000_WD045.0_WS005.0/M380_S060_A000_WD045.0_WS005.0_arrival.asc
ncols         50
nrows         11
xllcorner     421703.990666
yllcorner     12748055.311160
cellsize      100.000000
NODATA_value  0.000000
0.000000 0.000000 0.000000 0.000000 0.000000 0.000000 0.000000 0.000000 0.000000 0.000000 0.000000 0.000000 0.000000 0.000000 0.000000 0.000000 0.000000 0.000000 0.000000 0.000000 0.000000 0.000000 0.000000 0.000000 0.000000 0.000000 166.041667 166.041458 166.040784 166.040447 166.040110 166.039773 166.039436 166.039436 166.039436 166.039099 166.039436 166.039773 166.040110 166.040784 0.000000 0.000000 0.000000 0.000000 0.000000 0.000000 0.000000 0.000000 0.000000 0.000000 
0.000000 0.000000 0.000000 0.000000 0.000000 0.000000 0.000000 0.000000 0.000000 0.000000 0.000000 0.000000 0.000000 0.000000 0.000000 0.000000 166.040784 166.039773 166.038762 166.037750 166.037076 166.036065 166.035054 166.034043 166.033032 166.032020 166.031346 166.030672 166.029998 166.029324 166.028313 166.027639 166.026965 166.026290 166.025953 166.025279 166.024942 166.024605 166.024268 166.023931 166.023931 166.023931 166.024268 166.024605 166.026290 166.027639 166.031683 166.039099 0.000000 0.000000 
0.000000 0.000000 0.000000 0.000000 0.000000 0.000000 0.000000 0.000000 0.000000 0.000000 166.041458 166.040447 166.039436 166.038425 166.037413 166.036402 166.035391 166.034380 166.033369 166.032695 166.031683 166.030672 166.029661 166.028650 166.027639 166.026628 166.025616 166.024605 166.023594 166.022583 166.021572 166.020560 166.019549 166.018538 166.017527 166.016516 166.015505 166.014493 166.013482 166.012471 166.011460 166.010786 166.010112 166.009438 166.008763 166.008426 166.008426 166.008426 166.010449 166.019212 
0.000000 0.000000 0.000000 0.000000 0.000000 0.000000 166.041458 166.040447 166.039436 166.038425 166.037413 166.036402 166.035391 166.034380 166.033369 166.032358 166.031346 166.030335 166.029324 166.028313 166.027302 166.026290 166.025279 166.024268 166.023257 166.022246 166.021235 166.020223 166.019212 166.018201 166.017190 166.016179 166.015168 166.014156 166.013145 166.012134 166.011460 166.010449 166.009438 166.008426 166.007415 166.006404 166.005730 166.004719 166.004045 166.003034 166.002359 166.001348 166.000674 166.000000 
0.000000 0.000000 0.000000 166.041458 166.040447 166.039773 166.038762 166.037750 166.036739 166.035728 166.034717 166.033706 166.032695 166.031683 166.030672 166.029661 166.028650 166.027976 166.026965 166.025953 166.024942 166.023931 166.022920 166.022246 166.021235 166.020560 166.019549 166.018538 166.017527 166.016853 166.015842 166.015168 166.014156 166.013482 166.012471 166.011797 166.010786 166.009775 166.009101 166.008089 166.007415 166.006404 166.005730 166.004719 166.004045 166.003371 166.003034 166.003034 166.004045 166.013482 
0.000000 166.041458 166.040447 166.039436 166.038762 166.037750 166.036739 166.036065 166.035054 166.034043 166.033032 166.032358 166.031346 166.030335 166.029661 166.028650 166.027639 166.026965 166.025953 166.025279 166.024268 166.023594 166.022583 166.021909 166.020898 166.020223 166.019212 166.018538 166.017527 166.016853 166.015842 166.015168 166.014156 166.013482 166.012808 166.012134 166.011460 166.010786 166.010112 166.009775 166.009438 166.009101 166.009101 166.009101 166.010112 166.011797 166.014831 166.021572 166.035054 0.000000 
166.041458 166.040784 166.039773 166.038762 166.038087 166.037076 166.036402 166.035391 166.034380 166.033706 166.032695 166.032020 166.031009 166.030335 166.029324 166.028650 166.027639 166.026965 166.025953 166.025279 166.024268 166.023594 166.022920 166.022246 166.021235 166.020560 166.019886 166.019212 166.018538 166.017864 166.017190 166.016853 166.016179 166.015842 166.015505 166.015168 166.015168 166.015168 166.014831 166.015168 166.016179 166.017190 166.018875 166.021572 166.025616 166.031683 166.041458 0.000000 0.000000 0.000000 
166.041458 166.040447 166.039773 166.038762 166.038087 166.037076 166.036402 166.035391 166.034717 166.033706 166.033032 166.032020 166.031346 166.030672 166.029661 166.028987 166.028313 166.027639 166.027302 166.026628 166.025953 166.025279 166.024605 166.023931 166.023257 166.022583 166.022246 166.021909 166.021572 166.021572 166.021235 166.021235 166.020898 166.020898 166.020898 166.021572 166.022246 166.023257 166.024605 166.026290 166.028987 166.032020 166.036402 0.000000 0.000000 0.000000 0.000000 0.000000 0.000000 0.000000 
166.041458 166.040784 166.040110 166.039099 166.038425 166.037750 166.037076 166.036402 166.035728 166.035054 166.034380 166.033706 166.033032 166.032358 166.031683 166.031009 166.030335 166.029998 166.029324 166.028987 166.028313 166.027976 166.027639 166.027639 166.027302 166.027302 166.026965 166.026965 166.026965 166.026965 166.026965 166.027639 166.028313 166.029324 166.030335 166.032020 166.033706 166.036402 166.039099 0.000000 0.000000 0.000000 0.000000 0.000000 0.000000 0.000000 0.000000 0.000000 0.000000 0.000000 
0.000000 0.000000 166.041458 166.040784 166.040110 166.039436 166.038762 166.038087 166.037750 166.037076 166.036402 166.036065 166.035391 166.035054 166.034717 166.034043 166.034043 166.033706 166.033369 166.033369 166.033369 166.033032 166.033032 166.032695 166.032695 166.032695 166.033032 166.033706 166.034380 166.035391 166.036402 166.037750 166.039436 166.041121 0.000000 0.000000 0.000000 0.000000 0.000000 0.000000 0.000000 0.000000 0.000000 0.000000 0.000000 0.000000 0.000000 0.000000 0.000000 0.000000 
0.000000 0.000000 0.000000 0.000000 0.000000 0.000000 166.041458 166.041121 166.040784 166.040447 166.040110 166.039773 166.039773 166.039436 166.039436 166.039099 166.039099 166.038762 166.038762 166.038762 166.038762 166.038762 166.039436 166.039773 166.040784 166.041458 0.000000 0.000000 0.000000 0.000000 0.000000 0.000000 0.000000 0.000000 0.000000 0.000000 0.000000 0.000000 0.000000 0.000000 0.000000 0.000000 0.000000 0.000000 0.000000 0.000000 0.000000 0.000000 0.000000 0.000000 
