test/output/constant/M3M485_S060_A180_WD045.0_WS040.0/M3M485_S060_A180_WD045.0_WS040.0_intensity.asc
ncols         13
nrows         30
xllcorner     426503.990666
yllcorner     12745955.311160
cellsize      100.000000
NODATA_value  0.000000
1314 2298 2484 0 0 0 0 0 0 0 0 0 0 
1215 0 29222 3496 0 0 0 0 0 0 0 0 0 
11235 43934 42216 1667 1667 0 0 0 0 0 0 0 0 
8534 43934 43934 35594 2298 2484 0 0 0 0 0 0 0 
21133 34764 43934 43934 35594 32546 25723 0 0 0 0 0 0 
24706 34764 43934 43934 32546 35594 29222 0 0 0 0 0 0 
24706 24706 43934 43934 38274 35594 35594 35594 0 0 0 0 0 
11235 21133 43934 43934 43898 2134 35594 1224 0 0 0 0 0 
11235 34764 34764 43934 43934 43934 35594 32546 35594 0 0 0 0 
21133 11235 37558 43934 43934 43359 42216 35594 1667 0 0 0 0 
0 14296 8534 43934 43934 43934 35594 38274 35594 32546 0 0 0 
0 21133 14296 43934 43934 43934 42216 2484 38274 35594 0 0 0 
0 21133 11235 37558 43934 43934 43934 43934 35594 35594 0 0 0 
0 6267 39923 41788 43934 43934 43934 38274 43898 43359 35594 0 0 
0 0 37558 37558 43934 43934 43934 43934 43359 35594 35594 0 0 
0 0 8534 34764 37558 43934 43934 43934 43359 2298 43934 32546 0 
0 0 17628 39923 43934 43934 43934 43934 35594 43934 43934 2484 0 
0 0 0 41788 43934 11235 43934 43934 43934 35594 42216 1667 0 
0 0 0 37558 43809 39923 43934 43934 40504 43898 43934 38274 0 
0 0 0 37558 34764 39923 43934 43934 40504 43934 43359 43934 2484 
0 0 0 0 31626 6267 43934 43934 43934 43934 43359 43898 2484 
0 0 0 0 8534 11235 41788 43934 43934 43934 43359 43934 35594 
0 0 0 0 0 8534 43934 43934 43934 43934 43359 43934 43934 
0 0 0 0 0 4486 41788 43934 43934 43934 43359 43898 43359 
0 0 0 0 0 0 37558 37558 43934 43934 43934 43934 40504 
0 0 0 0 0 0 43097 28240 43934 43934 43934 43934 43898 
0 0 0 0 0 0 0 43934 43809 43934 43934 43934 43934 
0 0 0 0 0 0 0 0 11235 31626 43934 43934 43934 
0 0 0 0 0 0 0 0 0 43934 43934 43934 43934 
0 0 0 0 0 0 0 0 0 0 43934 43934 43934 
