test/output/constant/M360_S060_A180_WD000.0_WS000.0/M360_S060_A180_WD000.0_WS000.0_arrival.asc
ncols         34
nrows         7
xllcorner     426603.990666
yllcorner     12748455.311160
cellsize      100.000000
NODATA_value  0.000000
0.000000 0.000000 0.000000 0.000000 0.000000 0.000000 166.038219 166.035202 166.033190 166.032184 166.031179 166.030676 166.030173 166.030173 166.030173 166.030173 166.030676 166.031179 166.032184 166.033190 166.033693 166.034699 166.035705 166.036710 166.037213 166.038219 166.039225 166.040231 166.041236 0.000000 0.000000 0.000000 0.000000 0.000000 
0.000000 0.000000 166.032184 166.024641 166.021121 166.019612 166.018607 166.018104 166.018104 166.018104 166.018607 166.019612 166.020115 166.021121 166.022127 166.023133 166.024138 166.024641 166.026150 166.027156 166.028161 166.029167 166.030676 166.031682 166.032687 166.033693 166.035202 166.036208 166.037716 166.038722 166.039728 166.041236 0.000000 0.000000 
166.016595 166.007543 166.006537 166.006035 166.006537 166.007543 166.008549 166.009555 166.010561 166.012069 166.013075 166.014584 166.015589 166.017098 166.018104 166.019110 166.020618 166.021624 166.023133 166.024138 166.025144 166.026653 166.027659 166.029167 166.030173 166.031682 166.032687 166.034196 166.035202 166.036208 166.037716 166.038722 166.040231 166.041236 
166.000000 166.001006 166.002012 166.003520 166.004526 166.006035 166.007040 166.008549 166.009555 166.011063 166.012069 166.013578 166.014584 166.016092 166.017098 166.018607 166.019612 166.021121 166.022127 166.023635 166.024641 166.026150 166.027156 166.028664 166.029670 166.031179 166.032184 166.033693 166.034699 166.036208 166.037213 166.038722 166.039728 166.041236 
166.016595 166.007543 166.006537 166.006035 166.006537 166.007543 166.008549 166.009555 166.010561 166.012069 166.013075 166.014584 166.015589 166.017098 166.018104 166.019110 166.020618 166.021624 166.023133 166.024138 166.025144 166.026653 166.027659 166.029167 166.030173 166.031682 166.032687 166.034196 166.035202 166.036208 166.037716 166.038722 166.040231 166.041236 
0.000000 0.000000 166.032184 166.024641 166.021121 166.019612 166.018607 166.018104 166.018104 166.018104 166.018607 166.019612 166.020115 166.021121 166.022127 166.023133 166.024138 166.024641 166.026150 166.027156 166.028161 166.029167 166.030676 166.031682 166.032687 166.033693 166.035202 166.036208 166.037716 166.038722 166.039728 166.041236 0.000000 0.000000 
0.000000 0.000000 0.000000 0.000000 0.000000 0.000000 166.038219 166.035202 166.033190 166.032184 166.031179 166.030676 166.030173 166.030173 166.030173 166.030173 166.030676 166.031179 166.032184 166.033190 166.033693 166.034699 166.035705 166.036710 166.037213 166.038219 166.039225 166.040231 166.041236 0.000000 0.000000 0.000000 0.000000 0.000000 
