test/output/constant/C3_S060_A000_WD090.0_WS030.0/C3_S060_A000_WD090.0_WS030.0_arrival.asc
ncols         36
nrows         7
xllcorner     423103.990666
yllcorner     12748455.311160
cellsize      100.000000
NODATA_value  0.000000
0.000000 0.000000 0.000000 0.000000 0.000000 0.000000 0.000000 0.000000 166.041667 166.040880 166.039918 166.039437 166.038476 166.037514 166.037033 166.036071 166.035590 166.035109 166.035109 166.035109 166.035590 166.035590 166.036071 166.037033 166.037995 166.039437 166.041361 0.000000 0.000000 0.000000 0.000000 0.000000 0.000000 0.000000 0.000000 0.000000 
0.000000 0.000000 0.000000 166.041361 166.040399 166.039437 166.037995 166.037033 166.036071 166.034628 166.033666 166.032704 166.031261 166.030299 166.029338 166.028376 166.027414 166.026452 166.025490 166.025009 166.024047 166.023085 166.022604 166.021642 166.021162 166.021162 166.021162 166.021642 166.022604 166.023566 166.025490 166.029819 166.036071 0.000000 0.000000 0.000000 
0.000000 166.041361 166.039918 166.038956 166.037514 166.036552 166.035590 166.034147 166.033185 166.031742 166.030780 166.029338 166.028376 166.026933 166.025971 166.024528 166.023566 166.022123 166.021162 166.019719 166.018757 166.017314 166.016352 166.014909 166.013947 166.012985 166.012024 166.010581 166.009619 166.008657 166.008176 166.007214 166.007214 166.008176 166.011062 166.033185 
166.041667 166.040399 166.039437 166.037995 166.037033 166.035590 166.034628 166.033185 166.032223 166.030780 166.029819 166.028376 166.027414 166.025971 166.025009 166.023566 166.022604 166.021162 166.020200 166.018757 166.017795 166.016352 166.015390 166.013947 166.012985 166.011543 166.010581 166.009138 166.008176 166.006733 166.005771 166.004328 166.003367 166.001924 166.000962 166.000000 
0.000000 166.041361 166.039918 166.038956 166.037514 166.036552 166.035590 166.034147 166.033185 166.031742 166.030780 166.029338 166.028376 166.026933 166.025971 166.024528 166.023566 166.022123 166.021162 166.019719 166.018757 166.017314 166.016352 166.014909 166.013947 166.012985 166.012024 166.010581 166.009619 166.008657 166.008176 166.007214 166.007214 166.008176 166.011062 166.033185 
0.000000 0.000000 0.000000 166.041361 166.040399 166.039437 166.037995 166.037033 166.036071 166.034628 166.033666 166.032704 166.031261 166.030299 166.029338 166.028376 166.027414 166.026452 166.025490 166.025009 166.024047 166.023085 166.022604 166.021642 166.021162 166.021162 166.021162 166.021642 166.022604 166.023566 166.025490 166.029819 166.036071 0.000000 0.000000 0.000000 
0.000000 0.000000 0.000000 0.000000 0.000000 0.000000 0.000000 0.000000 166.041667 166.040880 166.039918 166.039437 166.038476 166.037514 166.037033 166.036071 166.035590 166.035109 166.035109 166.035109 166.035590 166.035590 166.036071 166.037033 166.037995 166.039437 166.041361 0.000000 0.000000 0.000000 0.000000 0.000000 0.000000 0.000000 0.000000 0.000000 
