test/output/constant/M3M470_S000_A000_WD090.0_WS035.0/M3M470_S000_A000_WD090.0_WS035.0_arrival.asc
ncols         36
nrows         9
xllcorner     423203.990666
yllcorner     12748355.311160
cellsize      100.000000
NODATA_value  0.000000
0.000000 0.000000 0.000000 0.000000 0.000000 0.000000 0.000000 0.000000 0.000000 0.000000 0.000000 166.041038 166.040549 166.039572 166.039572 166.039083 166.039083 166.039083 166.039572 166.039572 166.040061 166.040549 166.041526 0.000000 0.000000 0.000000 0.000000 0.000000 0.000000 0.000000 0.000000 0.000000 0.000000 0.000000 0.000000 0.000000 
0.000000 0.000000 0.000000 0.000000 166.041526 166.040549 166.039572 166.038595 166.037618 166.036641 166.035664 166.034687 166.034198 166.033221 166.032244 166.031267 166.030778 166.029801 166.029313 166.028336 166.028336 166.028336 166.028336 166.028336 166.028824 166.029313 166.030290 166.031755 166.033710 166.036641 0.000000 0.000000 0.000000 0.000000 0.000000 0.000000 
0.000000 0.000000 166.041038 166.039572 166.038595 166.037618 166.036152 166.035175 166.034198 166.032732 166.031755 166.030778 166.029313 166.028336 166.027358 166.025893 166.024916 166.023939 166.022962 166.021984 166.021007 166.020030 166.019542 166.018565 166.017588 166.017099 166.017099 166.017099 166.017588 166.018076 166.019542 166.021496 166.027358 166.035664 0.000000 0.000000 
166.041526 166.040061 166.039083 166.037618 166.036641 166.035175 166.034198 166.032732 166.031755 166.030778 166.029313 166.028336 166.026870 166.025893 166.024427 166.023450 166.021984 166.021007 166.020030 166.018565 166.017588 166.016122 166.015145 166.014168 166.012702 166.011725 166.010259 166.009282 166.008305 166.007328 166.006351 166.005863 166.005863 166.006840 166.013191 0.000000 
166.041038 166.040061 166.038595 166.037618 166.036152 166.035175 166.033710 166.032732 166.031267 166.030290 166.028824 166.027847 166.026381 166.025404 166.023939 166.022962 166.021496 166.020519 166.019053 166.018076 166.016610 166.015633 166.014168 166.013191 166.011725 166.010748 166.009282 166.008305 166.006840 166.005863 166.004397 166.003420 166.001954 166.000977 166.000000 166.037618 
166.041526 166.040061 166.039083 166.037618 166.036641 166.035175 166.034198 166.032732 166.031755 166.030778 166.029313 166.028336 166.026870 166.025893 166.024427 166.023450 166.021984 166.021007 166.020030 166.018565 166.017588 166.016122 166.015145 166.014168 166.012702 166.011725 166.010259 166.009282 166.008305 166.007328 166.006351 166.005863 166.005863 166.006840 166.013191 0.000000 
0.000000 0.000000 166.041038 166.039572 166.038595 166.037618 166.036152 166.035175 166.034198 166.032732 166.031755 166.030778 166.029313 166.028336 166.027358 166.025893 166.024916 166.023939 166.022962 166.021984 166.021007 166.020030 166.019542 166.018565 166.017588 166.017099 166.017099 166.017099 166.017588 166.018076 166.019542 166.021496 166.027358 166.035664 0.000000 0.000000 
0.000000 0.000000 0.000000 0.000000 166.041526 166.040549 166.039572 166.038595 166.037618 166.036641 166.035664 166.034687 166.034198 166.033221 166.032244 166.031267 166.030778 166.029801 166.029313 166.028336 166.028336 166.028336 166.028336 166.028336 166.028824 166.029313 166.030290 166.031755 166.033710 166.036641 0.000000 0.000000 0.000000 0.000000 0.000000 0.000000 
0.000000 0.000000 0.000000 0.000000 0.000000 0.000000 0.000000 0.000000 0.000000 0.000000 0.000000 166.041038 166.040549 166.039572 166.039572 166.039083 166.039083 166.039083 166.039572 166.039572 166.040061 166.040549 166.041526 0.000000 0.000000 0.000000 0.000000 0.000000 0.000000 0.000000 0.000000 0.000000 0.000000 0.000000 0.000000 0.000000 
