test/output/constant/M3M495_S060_A000_WD090.0_WS045.0/M3M495_S060_A000_WD090.0_WS045.0_arrival.asc
ncols         63
nrows         9
xllcorner     420403.990666
yllcorner     12748355.311160
cellsize      100.000000
NODATA_value  0.000000
0.000000 0.000000 0.000000 0.000000 0.000000 0.000000 0.000000 0.000000 0.000000 0.000000 0.000000 0.000000 0.000000 0.000000 0.000000 0.000000 0.000000 0.000000 0.000000 0.000000 0.000000 0.000000 0.000000 166.041490 166.041490 166.041490 166.041490 166.041490 166.041490 166.041667 0.000000 0.000000 0.000000 0.000000 0.000000 0.000000 0.000000 0.000000 0.000000 0.000000 0.000000 0.000000 0.000000 0.000000 0.000000 0.000000 0.000000 0.000000 0.000000 0.000000 0.000000 0.000000 0.000000 0.000000 0.000000 0.000000 0.000000 0.000000 0.000000 0.000000 0.000000 0.000000 0.000000 
0.000000 0.000000 0.000000 0.000000 0.000000 0.000000 0.000000 0.000000 0.000000 0.000000 166.041221 166.040682 166.040143 166.039335 166.038796 166.038527 166.037988 166.037449 166.036910 166.036371 166.036102 166.035563 166.035024 166.034485 166.033947 166.033677 166.033138 166.032599 166.032330 166.031791 166.031252 166.030983 166.030444 166.030175 166.029636 166.029636 166.029636 166.029636 166.029636 166.029905 166.030175 166.030444 166.030983 166.031252 166.031791 166.032599 166.033677 166.034755 166.036371 166.037988 166.040413 0.000000 0.000000 0.000000 0.000000 0.000000 0.000000 0.000000 0.000000 0.000000 0.000000 0.000000 0.000000 
0.000000 0.000000 0.000000 0.000000 166.041490 166.040951 166.040143 166.039604 166.039066 166.038257 166.037718 166.037180 166.036371 166.035833 166.035294 166.034485 166.033947 166.033408 166.032599 166.032061 166.031522 166.030714 166.030175 166.029636 166.028828 166.028289 166.027750 166.027211 166.026403 166.025864 166.025056 166.024517 166.023978 166.023439 166.022900 166.022362 166.022092 166.021553 166.021015 166.020476 166.020206 166.019667 166.019129 166.018859 166.018320 166.017782 166.017782 166.017782 166.018051 166.018320 166.018590 166.019129 166.019937 166.021015 166.022362 166.024786 166.027481 166.031791 166.039335 0.000000 0.000000 0.000000 0.000000 
0.000000 166.041490 166.040682 166.040143 166.039604 166.038796 166.038257 166.037449 166.036910 166.036102 166.035563 166.034755 166.034216 166.033408 166.032869 166.032330 166.031522 166.030983 166.030175 166.029636 166.028828 166.028289 166.027481 166.026942 166.026133 166.025595 166.024786 166.024248 166.023709 166.022900 166.022362 166.021553 166.021015 166.020206 166.019667 166.018859 166.018320 166.017782 166.016973 166.016434 166.015626 166.015087 166.014279 166.013740 166.012932 166.012393 166.011854 166.011046 166.010507 166.009699 166.009160 166.008621 166.008083 166.007544 166.007005 166.006466 166.006197 166.005927 166.006197 166.007274 166.009160 166.015087 0.000000 
166.041490 166.040951 166.040143 166.039604 166.038796 166.038257 166.037449 166.036910 166.036102 166.035563 166.034755 166.034216 166.033408 166.032869 166.032061 166.031522 166.030714 166.030175 166.029366 166.028828 166.028019 166.027481 166.026672 166.026133 166.025325 166.024786 166.023978 166.023439 166.022631 166.022092 166.021284 166.020745 166.019937 166.019398 166.018590 166.018051 166.017243 166.016704 166.015896 166.015357 166.014549 166.014010 166.013201 166.012663 166.011854 166.011316 166.010507 166.009968 166.009160 166.008621 166.007813 166.007274 166.006466 166.005927 166.005119 166.004580 166.003772 166.003233 166.002425 166.001886 166.001078 166.000539 166.000000 
0.000000 166.041490 166.040682 166.040143 166.039604 166.038796 166.038257 166.037449 166.036910 166.036102 166.035563 166.034755 166.034216 166.033408 166.032869 166.032330 166.031522 166.030983 166.030175 166.029636 166.028828 166.028289 166.027481 166.026942 166.026133 166.025595 166.024786 166.024248 166.023709 166.022900 166.022362 166.021553 166.021015 166.020206 166.019667 166.018859 166.018320 166.017782 166.016973 166.016434 166.015626 166.015087 166.014279 166.013740 166.012932 166.012393 166.011854 166.011046 166.010507 166.009699 166.009160 166.008621 166.008083 166.007544 166.007005 166.006466 166.006197 166.005927 166.006197 166.007274 166.009160 166.015087 0.000000 
0.000000 0.000000 0.000000 0.000000 166.041490 166.040951 166.040143 166.039604 166.039066 166.038257 166.037718 166.037180 166.036371 166.035833 166.035294 166.034485 166.033947 166.033408 166.032599 166.032061 166.031522 166.030714 166.030175 166.029636 166.028828 166.028289 166.027750 166.027211 166.026403 166.025864 166.025056 166.024517 166.023978 166.023439 166.022900 166.022362 166.022092 166.021553 166.021015 166.020476 166.020206 166.019667 166.019129 166.018859 166.018320 166.017782 166.017782 166.017782 166.018051 166.018320 166.018590 166.019129 166.019937 166.021015 166.022362 166.024786 166.027481 166.031791 166.039335 0.000000 0.000000 0.000000 0.000000 
0.000000 0.000000 0.000000 0.000000 0.000000 0.000000 0.000000 0.000000 0.000000 0.000000 166.041221 166.040682 166.040143 166.039335 166.038796 166.038527 166.037988 166.037449 166.036910 166.036371 166.036102 166.035563 166.035024 166.034485 166.033947 166.033677 166.033138 166.032599 166.032330 166.031791 166.031252 166.030983 166.030444 166.030175 166.029636 166.029636 166.029636 166.029636 166.029636 166.029905 166.030175 166.030444 166.030983 166.031252 166.031791 166.032599 166.033677 166.034755 166.036371 166.037988 166.040413 0.000000 0.000000 0.000000 0.000000 0.000000 0.000000 0.000000 0.000000 0.000000 0.000000 0.000000 0.000000 
0.000000 0.000000 0.000000 0.000000 0.000000 0.000000 0.000000 0.000000 0.000000 0.000000 0.000000 0.000000 0.000000 0.000000 0.000000 0.000000 0.000000 0.000000 0.000000 0.000000 0.000000 0.000000 0.000000 166.041490 166.041490 166.041490 166.041490 166.041490 166.041490 166.041667 0.000000 0.000000 0.000000 0.000000 0.000000 0.000000 0.000000 0.000000 0.000000 0.000000 0.000000 0.000000 0.000000 0.000000 0.000000 0.000000 0.000000 0.000000 0.000000 0.000000 0.000000 0.000000 0.000000 0.000000 0.000000 0.000000 0.000000 0.000000 0.000000 0.000000 0.000000 0.000000 0.000000 
