test/output/constant/M355_S060_A000_WD090.0_WS025.0/M355_S060_A000_WD090.0_WS025.0_arrival.asc
ncols         42
nrows         7
xllcorner     422503.990666
yllcorner     12748455.311160
cellsize      100.000000
NODATA_value  0.000000
0.000000 0.000000 0.000000 0.000000 0.000000 0.000000 0.000000 0.000000 0.000000 0.000000 0.000000 166.041667 166.041119 166.040305 166.039898 166.039083 166.038269 166.037862 166.037455 166.037455 166.037455 166.037455 166.037455 166.037862 166.038269 166.038676 166.039490 166.040712 0.000000 0.000000 0.000000 0.000000 0.000000 0.000000 0.000000 0.000000 0.000000 0.000000 0.000000 0.000000 0.000000 0.000000 
0.000000 0.000000 0.000000 0.000000 166.041119 166.040305 166.039490 166.038269 166.037455 166.036641 166.035419 166.034605 166.033791 166.032977 166.031755 166.030941 166.030127 166.029312 166.028498 166.027684 166.027277 166.026463 166.025648 166.024834 166.024427 166.023613 166.023206 166.022391 166.022391 166.022799 166.022799 166.023206 166.023613 166.024834 166.026870 166.029312 166.033384 166.039490 0.000000 0.000000 0.000000 0.000000 
0.000000 166.041526 166.040305 166.039490 166.038269 166.037455 166.036233 166.035419 166.034198 166.033384 166.032162 166.031348 166.030127 166.029312 166.028091 166.027277 166.026056 166.025241 166.024020 166.023206 166.022391 166.021170 166.020356 166.019135 166.018320 166.017506 166.016285 166.015470 166.014249 166.013435 166.012214 166.011399 166.010585 166.009771 166.008957 166.008142 166.007735 166.007735 166.008142 166.009771 166.015470 0.000000 
166.041526 166.040305 166.039490 166.038269 166.037455 166.036233 166.035419 166.034198 166.033384 166.032162 166.031348 166.030127 166.029312 166.028091 166.027277 166.026056 166.025241 166.024020 166.023206 166.021984 166.021170 166.019949 166.019135 166.017913 166.017099 166.015878 166.015063 166.013842 166.013028 166.011806 166.010992 166.009771 166.008957 166.007735 166.006921 166.005700 166.004885 166.003664 166.002850 166.001628 166.000814 166.000000 
0.000000 166.041526 166.040305 166.039490 166.038269 166.037455 166.036233 166.035419 166.034198 166.033384 166.032162 166.031348 166.030127 166.029312 166.028091 166.027277 166.026056 166.025241 166.024020 166.023206 166.022391 166.021170 166.020356 166.019135 166.018320 166.017506 166.016285 166.015470 166.014249 166.013435 166.012214 166.011399 166.010585 166.009771 166.008957 166.008142 166.007735 166.007735 166.008142 166.009771 166.015470 0.000000 
0.000000 0.000000 0.000000 0.000000 166.041119 166.040305 166.039490 166.038269 166.037455 166.036641 166.035419 166.034605 166.033791 166.032977 166.031755 166.030941 166.030127 166.029312 166.028498 166.027684 166.027277 166.026463 166.025648 166.024834 166.024427 166.023613 166.023206 166.022391 166.022391 166.022799 166.022799 166.023206 166.023613 166.024834 166.026870 166.029312 166.033384 166.039490 0.000000 0.000000 0.000000 0.000000 
0.000000 0.000000 0.000000 0.000000 0.000000 0.000000 0.000000 0.000000 0.000000 0.000000 0.000000 166.041667 166.041119 166.040305 166.039898 166.039083 166.038269 166.037862 166.037455 166.037455 166.037455 166.037455 166.037455 166.037862 166.038269 166.038676 166.039490 166.040712 0.000000 0.000000 0.000000 0.000000 0.000000 0.000000 0.000000 0.000000 0.000000 0.000000 0.000000 0.000000 0.000000 0.000000 
