test/output/constant/M3M490_S060_A090_WD135.0_WS045.0/M3M490_S060_A090_WD135.0_WS045.0_ros.asc
ncols         35
nrows         12
xllcorner     423303.990666
yllcorner     12747855.311160
cellsize      100.000000
NODATA_value  0.000000
0.000000 0.000000 0.000000 0.000000 0.000000 0.000000 0.000000 0.000000 0.000000 0.000000 0.000000 0.000000 0.000000 0.000000 0.000000 0.000000 0.000000 0.000000 0.000000 0.000000 0.000000 0.000000 0.000000 0.000000 0.000000 0.000000 0.000000 16.426781 12.589003 12.589003 12.589003 1.842390 0.000000 0.000000 0.000000 
0.000000 0.000000 0.000000 0.000000 0.000000 0.000000 0.000000 0.000000 0.000000 0.000000 0.000000 0.000000 0.000000 0.000000 0.000000 0.000000 0.000000 0.000000 25.209223 34.582199 12.589003 29.891850 29.891850 25.209223 29.891850 20.675529 29.891850 16.426781 29.891850 16.426781 16.426781 16.426781 16.426781 1.842390 1.298852 
0.000000 0.000000 0.000000 0.000000 0.000000 0.000000 0.000000 0.000000 0.000000 0.000000 0.000000 0.000000 0.000000 29.891850 29.891850 25.209223 29.891850 16.426781 29.891850 29.891850 12.589003 29.891850 29.891850 20.675529 29.891850 29.891850 34.582199 29.891850 29.891850 34.582199 29.891850 57.177063 57.177063 -1.000000 1.755522 
0.000000 0.000000 0.000000 0.000000 0.000000 0.000000 0.000000 0.000000 0.000000 0.000000 29.891850 20.675529 25.209223 25.209223 20.675529 50.667362 20.675529 25.209223 12.589003 12.589003 34.582199 29.891850 39.138439 39.138439 29.891850 57.177063 53.408257 57.177063 57.177063 57.177063 57.177063 55.719925 47.304810 1.242947 1.242947 
0.000000 0.000000 0.000000 0.000000 0.000000 0.000000 0.000000 34.582199 29.891850 29.891850 25.209223 25.209223 12.589003 34.582199 29.891850 12.589003 34.582199 34.582199 29.891850 29.891850 57.177063 50.667362 57.177063 57.177063 57.177063 57.177063 57.177063 57.177063 55.719925 47.927555 3.302477 3.302477 2.303392 2.303392 0.000000 
0.000000 0.000000 0.000000 0.000000 0.000000 29.891850 34.582199 16.426781 29.891850 25.209223 29.891850 34.582199 29.891850 34.582199 57.177063 57.043644 47.304810 25.209223 57.177063 57.177063 57.177063 57.177063 57.177063 57.177063 57.177063 57.177063 47.927555 51.188713 4.840524 2.738726 2.738726 3.302477 2.738726 0.000000 0.000000 
0.000000 0.000000 0.000000 25.209223 29.891850 43.422592 29.891850 34.582199 29.891850 29.891850 57.177063 29.891850 57.177063 47.304810 29.891850 57.177063 57.177063 57.177063 57.177063 51.188713 57.177063 57.177063 47.927555 53.812737 47.927555 3.302477 3.302477 4.840524 1.755522 2.738726 2.303392 0.000000 0.000000 0.000000 0.000000 
0.000000 9.272980 9.272980 34.582199 53.408257 57.177063 57.177063 29.891850 57.177063 53.408257 57.177063 57.177063 57.177063 57.177063 57.177063 55.719925 57.177063 57.177063 57.177063 51.188713 47.927555 47.927555 2.738726 44.128284 47.927555 1.755522 44.128284 47.927555 1.755522 0.000000 0.000000 0.000000 0.000000 0.000000 0.000000 
57.177063 57.177063 50.667362 55.444344 57.177063 57.177063 57.177063 57.177063 57.177063 57.177063 57.177063 53.812737 57.177063 57.177063 57.177063 51.188713 47.927555 53.812737 44.128284 2.738726 47.927555 47.927555 2.303392 3.302477 3.302477 47.927555 0.000000 0.000000 0.000000 0.000000 0.000000 0.000000 0.000000 0.000000 0.000000 
57.177063 57.177063 57.177063 57.177063 57.177063 57.177063 57.177063 55.719925 57.177063 55.719925 57.177063 57.177063 57.177063 53.812737 47.927555 47.927555 47.927555 47.927555 44.128284 47.927555 4.840524 44.128284 4.840524 0.000000 0.000000 0.000000 0.000000 0.000000 0.000000 0.000000 0.000000 0.000000 0.000000 0.000000 0.000000 
57.177063 57.177063 57.177063 55.719925 57.177063 57.177063 57.177063 57.177063 51.188713 53.812737 44.128284 51.188713 55.719925 51.188713 47.927555 2.738726 47.927555 3.302477 47.927555 2.303392 0.000000 0.000000 0.000000 0.000000 0.000000 0.000000 0.000000 0.000000 0.000000 0.000000 0.000000 0.000000 0.000000 0.000000 0.000000 
53.812737 57.177063 51.188713 57.177063 53.812737 57.177063 57.177063 57.177063 53.812737 47.927555 47.927555 47.927555 1.755522 4.840524 1.755522 4.840524 0.000000 0.000000 0.000000 0.000000 0.000000 0.000000 0.000000 0.000000 0.000000 0.000000 0.000000 0.000000 0.000000 0.000000 0.000000 0.000000 0.000000 0.000000 0.000000 
