test/output/constant/M485_S060_A270_WD180.0_WS045.0/M485_S060_A270_WD180.0_WS045.0_arrival.asc
ncols         7
nrows         43
xllcorner     426303.990666
yllcorner     12748755.311160
cellsize      100.000000
NODATA_value  0.000000
0.000000 0.000000 0.000000 166.040872 0.000000 0.000000 0.000000 
0.000000 0.000000 166.040872 166.040086 166.040872 0.000000 0.000000 
0.000000 0.000000 166.040086 166.038907 166.040086 0.000000 0.000000 
0.000000 0.000000 166.039300 166.038121 166.039300 0.000000 0.000000 
0.000000 166.041658 166.038121 166.036942 166.038121 166.041658 0.000000 
0.000000 166.040479 166.037335 166.036156 166.037335 166.040479 0.000000 
0.000000 166.039693 166.036156 166.034977 166.036156 166.039693 0.000000 
0.000000 166.038907 166.035370 166.034191 166.035370 166.038907 0.000000 
0.000000 166.038121 166.034191 166.033012 166.034191 166.038121 0.000000 
0.000000 166.036942 166.033405 166.032226 166.033405 166.036942 0.000000 
0.000000 166.036156 166.032226 166.031047 166.032226 166.036156 0.000000 
0.000000 166.035370 166.031440 166.030261 166.031440 166.035370 0.000000 
0.000000 166.034584 166.030261 166.029082 166.030261 166.034584 0.000000 
0.000000 166.033405 166.029475 166.028296 166.029475 166.033405 0.000000 
0.000000 166.032619 166.028296 166.027117 166.028296 166.032619 0.000000 
166.041658 166.032226 166.027510 166.026331 166.027510 166.032226 166.041658 
166.041265 166.031440 166.026724 166.025152 166.026724 166.031440 166.041265 
166.041265 166.030654 166.025545 166.024366 166.025545 166.030654 166.041265 
166.041265 166.029868 166.024759 166.023187 166.024759 166.029868 166.041265 
166.041265 166.029082 166.023580 166.022401 166.023580 166.029082 166.041265 
166.041658 166.028689 166.022794 166.021222 166.022794 166.028689 166.041658 
0.000000 166.027903 166.021615 166.020436 166.021615 166.027903 0.000000 
0.000000 166.027117 166.020829 166.019257 166.020829 166.027117 0.000000 
0.000000 166.026724 166.020043 166.018471 166.020043 166.026724 0.000000 
0.000000 166.025938 166.018864 166.017292 166.018864 166.025938 0.000000 
0.000000 166.025152 166.018078 166.016506 166.018078 166.025152 0.000000 
0.000000 166.024759 166.016899 166.015327 166.016899 166.024759 0.000000 
0.000000 166.024759 166.016113 166.014541 166.016113 166.024759 0.000000 
0.000000 166.024759 166.014934 166.013362 166.014934 166.024759 0.000000 
0.000000 166.025152 166.014148 166.012576 166.014148 166.025152 0.000000 
0.000000 166.025545 166.013362 166.011397 166.013362 166.025545 0.000000 
0.000000 166.025938 166.012183 166.010611 166.012183 166.025938 0.000000 
0.000000 166.027117 166.011397 166.009432 166.011397 166.027117 0.000000 
0.000000 166.028296 166.010611 166.008646 166.010611 166.028296 0.000000 
0.000000 166.029868 166.009825 166.007467 166.009825 166.029868 0.000000 
0.000000 166.032619 166.009432 166.006681 166.009432 166.032619 0.000000 
0.000000 166.036549 166.008646 166.005502 166.008646 166.036549 0.000000 
0.000000 0.000000 166.008253 166.004716 166.008253 0.000000 0.000000 
0.000000 0.000000 166.008646 166.003537 166.008646 0.000000 0.000000 
0.000000 0.000000 166.009432 166.002751 166.009432 0.000000 0.000000 
0.000000 0.000000 166.012183 166.001572 166.012183 0.000000 0.000000 
0.000000 0.000000 166.019650 166.000786 166.019650 0.000000 0.000000 
0.000000 0.000000 0.000000 166.000000 0.000000 0.000000 0.000000 
