test/output/constant/M3M455_S060_A090_WD090.0_WS010.0/M3M455_S060_A090_WD090.0_WS010.0_arrival.asc
ncols         11
nrows         28
xllcorner     425703.990666
yllcorner     12746055.311160
cellsize      100.000000
NODATA_value  0.000000
0.000000 0.000000 0.000000 0.000000 0.000000 0.000000 0.000000 0.000000 166.008773 166.000000 166.031582 
0.000000 0.000000 0.000000 0.000000 0.000000 0.000000 0.000000 166.023979 166.002924 166.001170 166.027488 
0.000000 0.000000 0.000000 0.000000 0.000000 0.000000 166.038600 166.011697 166.002924 166.002339 166.028073 
0.000000 0.000000 0.000000 0.000000 0.000000 0.000000 166.024564 166.008188 166.004094 166.004679 166.029242 
0.000000 0.000000 0.000000 0.000000 0.000000 166.038600 166.016961 166.007603 166.005848 166.007603 166.032167 
0.000000 0.000000 0.000000 0.000000 0.000000 166.029242 166.013451 166.007603 166.007018 166.011112 166.035676 
0.000000 0.000000 0.000000 0.000000 166.041667 166.022809 166.012867 166.008773 166.008773 166.014621 166.038600 
0.000000 0.000000 0.000000 0.000000 166.033921 166.019300 166.012282 166.010527 166.010527 166.018130 0.000000 
0.000000 0.000000 0.000000 0.000000 166.028657 166.018130 166.012867 166.011697 166.013451 166.021639 0.000000 
0.000000 0.000000 0.000000 166.039185 166.025148 166.017545 166.013451 166.013451 166.015791 166.025148 0.000000 
0.000000 0.000000 0.000000 166.033921 166.023394 166.017545 166.015206 166.015206 166.019300 166.029242 0.000000 
0.000000 0.000000 0.000000 166.030997 166.022224 166.017545 166.016376 166.016961 166.022224 166.032751 0.000000 
0.000000 0.000000 166.039770 166.029242 166.022224 166.018130 166.018130 166.019300 166.025148 166.036845 0.000000 
0.000000 0.000000 166.036845 166.027488 166.022224 166.019885 166.019885 166.021639 166.028657 166.040354 0.000000 
0.000000 0.000000 166.034506 166.026903 166.022809 166.021054 166.021639 166.024564 166.032167 0.000000 0.000000 
0.000000 0.000000 166.033336 166.026903 166.023394 166.022809 166.023394 166.027488 166.035091 0.000000 0.000000 
0.000000 166.040354 166.032167 166.026903 166.024564 166.023979 166.025733 166.030412 166.039185 0.000000 0.000000 
0.000000 166.038600 166.032167 166.027488 166.025733 166.025733 166.028073 166.033336 0.000000 0.000000 0.000000 
0.000000 166.037430 166.031582 166.028073 166.027488 166.027488 166.030412 166.036845 0.000000 0.000000 0.000000 
0.000000 166.036845 166.032167 166.029242 166.028657 166.029242 166.033336 166.039770 0.000000 0.000000 0.000000 
0.000000 166.036845 166.032167 166.030412 166.030412 166.031582 166.035676 0.000000 0.000000 0.000000 0.000000 
0.000000 166.036845 166.033336 166.032167 166.032167 166.033921 166.038600 0.000000 0.000000 0.000000 0.000000 
166.041524 166.036845 166.033921 166.033336 166.033921 166.036845 166.041667 0.000000 0.000000 0.000000 0.000000 
166.041524 166.037430 166.035091 166.035091 166.035676 166.039185 0.000000 0.000000 0.000000 0.000000 0.000000 
166.041524 166.038015 166.036845 166.036845 166.038015 166.041667 0.000000 0.000000 0.000000 0.000000 0.000000 
166.041667 166.038600 166.038015 166.038600 166.040354 0.000000 0.000000 0.000000 0.000000 0.000000 0.000000 
0.000000 166.039770 166.039770 166.040354 0.000000 0.000000 0.000000 0.000000 0.000000 0.000000 0.000000 
0.000000 166.041524 166.041524 0.000000 0.000000 0.000000 0.000000 0.000000 0.000000 0.000000 0.000000 
