test/output/constant/M3M455_S000_A000_WD180.0_WS045.0/M3M455_S000_A000_WD180.0_WS045.0_arrival.asc
ncols         7
nrows         36
xllcorner     426303.990666
yllcorner     12748755.311160
cellsize      100.000000
NODATA_value  0.000000
0.000000 0.000000 166.041667 166.041422 166.041667 0.000000 0.000000 
0.000000 0.000000 166.040946 166.039994 166.040946 0.000000 0.000000 
0.000000 0.000000 166.039518 166.039042 166.039518 0.000000 0.000000 
0.000000 166.040946 166.038565 166.037613 166.038565 166.040946 0.000000 
0.000000 166.039994 166.037137 166.036661 166.037137 166.039994 0.000000 
0.000000 166.038565 166.036185 166.035233 166.036185 166.038565 0.000000 
0.000000 166.037613 166.034756 166.034280 166.034756 166.037613 0.000000 
0.000000 166.036661 166.033804 166.032852 166.033804 166.036661 0.000000 
166.041422 166.035233 166.032852 166.031900 166.032852 166.035233 166.041422 
166.040470 166.034280 166.031424 166.030471 166.031424 166.034280 166.040470 
166.039518 166.033328 166.030471 166.029519 166.030471 166.033328 166.039518 
166.039042 166.032376 166.029043 166.028091 166.029043 166.032376 166.039042 
166.038089 166.030948 166.028091 166.027139 166.028091 166.030948 166.038089 
166.037137 166.029995 166.026663 166.025710 166.026663 166.029995 166.037137 
166.036661 166.029043 166.025710 166.024758 166.025710 166.029043 166.036661 
166.035709 166.028091 166.024282 166.023330 166.024282 166.028091 166.035709 
166.035233 166.027139 166.023330 166.022377 166.023330 166.027139 166.035233 
166.034756 166.026186 166.021901 166.020949 166.021901 166.026186 166.034756 
166.034756 166.025234 166.020949 166.019997 166.020949 166.025234 166.034756 
166.034756 166.024758 166.019521 166.018569 166.019521 166.024758 166.034756 
166.034756 166.023806 166.018569 166.017616 166.018569 166.023806 166.034756 
166.035233 166.022854 166.017616 166.016188 166.017616 166.022854 166.035233 
166.035233 166.022377 166.016188 166.015236 166.016188 166.022377 166.035233 
166.036185 166.021425 166.015236 166.013807 166.015236 166.021425 166.036185 
166.037137 166.020949 166.013807 166.012855 166.013807 166.020949 166.037137 
166.038089 166.020949 166.012855 166.011427 166.012855 166.020949 166.038089 
166.040470 166.020949 166.011903 166.010475 166.011903 166.020949 166.040470 
0.000000 166.021425 166.010475 166.009046 166.010475 166.021425 0.000000 
0.000000 166.021901 166.009522 166.008094 166.009522 166.021901 0.000000 
0.000000 166.022854 166.008570 166.006666 166.008570 166.022854 0.000000 
0.000000 166.025234 166.008094 166.005713 166.008094 166.025234 0.000000 
0.000000 166.028091 166.007142 166.004285 166.007142 166.028091 0.000000 
0.000000 166.033328 166.007142 166.003333 166.007142 166.033328 0.000000 
0.000000 0.000000 166.007618 166.001904 166.007618 0.000000 0.000000 
0.000000 0.000000 166.010475 166.000952 166.010475 0.000000 0.000000 
0.000000 0.000000 166.024282 166.000000 166.024282 0.000000 0.000000 
