test/output/constant/M3M465_S000_A270_WD270.0_WS045.0/M3M465_S000_A270_WD270.0_WS045.0_arrival.asc
ncols         41
nrows         7
xllcorner     426603.990666
yllcorner     12748455.311160
cellsize      100.000000
NODATA_value  0.000000
0.000000 0.000000 0.000000 0.000000 0.000000 0.000000 0.000000 166.039989 166.037103 166.034630 166.033393 166.032156 166.031332 166.030507 166.030095 166.030095 166.030095 166.030095 166.030095 166.030507 166.030919 166.031744 166.032156 166.032981 166.033805 166.034217 166.035042 166.035866 166.036691 166.037103 166.037928 166.038752 166.039577 166.040401 166.041226 0.000000 0.000000 0.000000 0.000000 0.000000 0.000000 
0.000000 0.000000 166.038752 166.029270 166.024323 166.021437 166.019788 166.018964 166.018139 166.018139 166.018139 166.018139 166.018552 166.019376 166.019788 166.020613 166.021437 166.021850 166.022674 166.023499 166.024323 166.025148 166.025972 166.026797 166.028034 166.028858 166.029683 166.030919 166.031744 166.032568 166.033393 166.034630 166.035454 166.036691 166.037515 166.038340 166.039164 166.040401 166.041226 0.000000 0.000000 
166.020613 166.009070 166.006596 166.006184 166.006184 166.007008 166.007421 166.008245 166.009070 166.010306 166.011131 166.011955 166.013192 166.014017 166.015254 166.016078 166.016903 166.018139 166.018964 166.020201 166.021025 166.022262 166.023086 166.024323 166.025148 166.026384 166.027209 166.028446 166.029270 166.030095 166.031332 166.032156 166.033393 166.034217 166.035454 166.036279 166.037103 166.038340 166.039164 166.040401 166.041226 
166.000000 166.000825 166.001649 166.002886 166.003710 166.004947 166.005772 166.007008 166.007833 166.009070 166.009894 166.011131 166.011955 166.013192 166.014017 166.015254 166.016078 166.017315 166.018139 166.019376 166.020201 166.021437 166.022262 166.023499 166.024323 166.025560 166.026384 166.027621 166.028446 166.029683 166.030507 166.031744 166.032568 166.033805 166.034630 166.035866 166.036691 166.037928 166.038752 166.039989 166.040813 
166.020613 166.009070 166.006596 166.006184 166.006184 166.007008 166.007421 166.008245 166.009070 166.010306 166.011131 166.011955 166.013192 166.014017 166.015254 166.016078 166.016903 166.018139 166.018964 166.020201 166.021025 166.022262 166.023086 166.024323 166.025148 166.026384 166.027209 166.028446 166.029270 166.030095 166.031332 166.032156 166.033393 166.034217 166.035454 166.036279 166.037103 166.038340 166.039164 166.040401 166.041226 
0.000000 0.000000 166.038752 166.029270 166.024323 166.021437 166.019788 166.018964 166.018139 166.018139 166.018139 166.018139 166.018552 166.019376 166.019788 166.020613 166.021437 166.021850 166.022674 166.023499 166.024323 166.025148 166.025972 166.026797 166.028034 166.028858 166.029683 166.030919 166.031744 166.032568 166.033393 166.034630 166.035454 166.036691 166.037515 166.038340 166.039164 166.040401 166.041226 0.000000 0.000000 
0.000000 0.000000 0.000000 0.000000 0.000000 0.000000 0.000000 166.039989 166.037103 166.034630 166.033393 166.032156 166.031332 166.030507 166.030095 166.030095 166.030095 166.030095 166.030095 166.030507 166.030919 166.031744 166.032156 166.032981 166.033805 166.034217 166.035042 166.035866 166.036691 166.037103 166.037928 166.038752 166.039577 166.040401 166.041226 0.000000 0.000000 0.000000 0.000000 0.000000 0.000000 
