test/output/constant/M490_S060_A090_WD000.0_WS025.0/M490_S060_A090_WD000.0_WS025.0_arrival.asc
ncols         7
nrows         44
xllcorner     426303.990666
yllcorner     12744455.311160
cellsize      100.000000
NODATA_value  0.000000
0.000000 0.000000 166.037961 166.000000 166.037961 0.000000 0.000000 
0.000000 0.000000 166.012783 166.000775 166.012783 0.000000 0.000000 
0.000000 0.000000 166.008522 166.001549 166.008522 0.000000 0.000000 
0.000000 0.000000 166.007360 166.002711 166.007360 0.000000 0.000000 
0.000000 166.034475 166.006972 166.003486 166.006972 166.034475 0.000000 
0.000000 166.028277 166.006972 166.004648 166.006972 166.028277 0.000000 
0.000000 166.025565 166.007747 166.005423 166.007747 166.025565 0.000000 
0.000000 166.023629 166.008522 166.006585 166.008522 166.023629 0.000000 
0.000000 166.022079 166.009296 166.007360 166.009296 166.022079 0.000000 
0.000000 166.021304 166.010071 166.008522 166.010071 166.021304 0.000000 
0.000000 166.020917 166.010846 166.009296 166.010846 166.020917 0.000000 
166.040672 166.020530 166.011621 166.010459 166.011621 166.020530 166.040672 
166.038735 166.020530 166.012783 166.011233 166.012783 166.020530 166.038735 
166.037186 166.020530 166.013557 166.012395 166.013557 166.020530 166.037186 
166.036411 166.020530 166.014332 166.013170 166.014332 166.020530 166.036411 
166.035249 166.021304 166.015494 166.014332 166.015494 166.021304 166.035249 
166.034862 166.022079 166.016269 166.015107 166.016269 166.022079 166.034862 
166.034475 166.022467 166.017431 166.016269 166.017431 166.022467 166.034475 
166.034087 166.023241 166.018206 166.017044 166.018206 166.023241 166.034087 
166.034087 166.024016 166.019368 166.018206 166.019368 166.024016 166.034087 
166.033700 166.024791 166.020142 166.018980 166.020142 166.024791 166.033700 
166.033700 166.025178 166.021304 166.020142 166.021304 166.025178 166.033700 
166.034087 166.025953 166.022079 166.020917 166.022079 166.025953 166.034087 
166.034475 166.026727 166.022854 166.022079 166.022854 166.026727 166.034475 
166.034862 166.027502 166.024016 166.022854 166.024016 166.027502 166.034862 
166.035637 166.028277 166.024791 166.024016 166.024791 166.028277 166.035637 
166.036024 166.029052 166.025953 166.024791 166.025953 166.029052 166.036024 
166.036799 166.030214 166.026727 166.025953 166.026727 166.030214 166.036799 
166.037573 166.030988 166.027889 166.026727 166.027889 166.030988 166.037573 
166.037961 166.031763 166.028664 166.027889 166.028664 166.031763 166.037961 
166.038735 166.032538 166.029439 166.028664 166.029439 166.032538 166.038735 
166.039510 166.033700 166.030601 166.029826 166.030601 166.033700 166.039510 
166.040285 166.034475 166.031376 166.030601 166.031376 166.034475 166.040285 
166.040672 166.035249 166.032538 166.031763 166.032538 166.035249 166.040672 
166.041447 166.036024 166.033312 166.032538 166.033312 166.036024 166.041447 
0.000000 166.037186 166.034475 166.033700 166.034475 166.037186 0.000000 
0.000000 166.037961 166.035249 166.034475 166.035249 166.037961 0.000000 
0.000000 166.038735 166.036411 166.035637 166.036411 166.038735 0.000000 
0.000000 166.039897 166.037186 166.036411 166.037186 166.039897 0.000000 
0.000000 166.040672 166.038348 166.037573 166.038348 166.040672 0.000000 
0.000000 166.041447 166.039123 166.038348 166.039123 166.041447 0.000000 
0.000000 0.000000 166.040285 166.039510 166.040285 0.000000 0.000000 
0.000000 0.000000 166.041060 166.040285 166.041060 0.000000 0.000000 
0.000000 0.000000 0.000000 166.041447 0.000000 0.000000 0.000000 
