test/output/constant/M3M460_S060_A180_WD135.0_WS015.0/M3M460_S060_A180_WD135.0_WS015.0_arrival.asc
ncols         22
nrows         11
xllcorner     426503.990666
yllcorner     12748655.311160
cellsize      100.000000
NODATA_value  0.000000
0.000000 0.000000 0.000000 0.000000 0.000000 0.000000 0.000000 0.000000 0.000000 0.000000 0.000000 0.000000 0.000000 0.000000 0.000000 166.040514 166.039749 166.039749 166.039749 166.040514 166.041278 0.000000 
0.000000 0.000000 0.000000 0.000000 0.000000 0.000000 0.000000 0.000000 0.000000 0.000000 0.000000 166.040514 166.038220 166.035927 166.035163 166.035163 166.035163 166.035927 166.036692 166.038220 166.039749 166.041667 
0.000000 0.000000 0.000000 0.000000 0.000000 0.000000 0.000000 0.000000 0.000000 166.037456 166.033634 166.032105 166.030576 166.030576 166.030576 166.031341 166.032105 166.033634 166.035927 166.037456 166.039749 166.041667 
0.000000 0.000000 0.000000 0.000000 0.000000 0.000000 0.000000 166.035927 166.030576 166.027519 166.025990 166.025990 166.025990 166.026754 166.027519 166.029048 166.031341 166.033634 166.035927 166.038220 166.040514 0.000000 
0.000000 0.000000 0.000000 0.000000 0.000000 166.035927 166.028283 166.023697 166.022168 166.021403 166.021403 166.021403 166.022932 166.025225 166.026754 166.029048 166.031341 166.034398 166.036692 166.039749 0.000000 0.000000 
0.000000 0.000000 0.000000 166.040514 166.028283 166.020639 166.017581 166.016817 166.016817 166.016817 166.018346 166.020639 166.022932 166.025225 166.027519 166.030576 166.033634 166.036692 166.040514 0.000000 0.000000 0.000000 
0.000000 0.000000 166.033634 166.020639 166.013759 166.012231 166.012231 166.012231 166.014524 166.016053 166.018346 166.020639 166.023697 166.026754 166.030576 166.034398 166.038220 0.000000 0.000000 0.000000 0.000000 0.000000 
0.000000 166.029048 166.012231 166.007644 166.007644 166.007644 166.009937 166.012231 166.014524 166.016817 166.020639 166.023697 166.028283 166.032105 166.036692 166.041278 0.000000 0.000000 0.000000 0.000000 0.000000 0.000000 
166.035163 166.004586 166.003058 166.003822 166.005351 166.007644 166.010702 166.013759 166.017581 166.022168 166.026754 166.031341 166.035927 166.041278 0.000000 0.000000 0.000000 0.000000 0.000000 0.000000 0.000000 0.000000 
166.025990 166.000000 166.001529 166.003822 166.007644 166.012231 166.017581 166.022168 166.027519 166.032870 166.038220 0.000000 0.000000 0.000000 0.000000 0.000000 0.000000 0.000000 0.000000 0.000000 0.000000 0.000000 
166.039749 166.022932 166.022932 166.024461 166.028283 166.032870 166.038220 0.000000 0.000000 0.000000 0.000000 0.000000 0.000000 0.000000 0.000000 0.000000 0.000000 0.000000 0.000000 0.000000 0.000000 0.000000 
