test/output/constant/M345_S060_A180_WD270.0_WS005.0/M345_S060_A180_WD270.0_WS005.0_arrival.asc
ncols         30
nrows         7
xllcorner     426603.990666
yllcorner     12748455.311160
cellsize      100.000000
NODATA_value  0.000000
0.000000 0.000000 0.000000 0.000000 0.000000 0.000000 0.000000 0.000000 0.000000 166.041289 166.039544 166.038963 166.038381 166.037800 166.037800 166.037800 166.037800 166.037800 166.038963 166.039544 166.040707 166.041667 0.000000 0.000000 0.000000 0.000000 0.000000 0.000000 0.000000 0.000000 
0.000000 0.000000 0.000000 166.033147 166.027914 166.025587 166.023843 166.023261 166.022680 166.022680 166.022680 166.023261 166.024424 166.025587 166.026169 166.027332 166.028495 166.029658 166.030821 166.031984 166.033147 166.034310 166.035473 166.037218 166.038381 166.039544 166.041289 0.000000 0.000000 0.000000 
166.022098 166.010468 166.008141 166.007560 166.008141 166.009305 166.009886 166.011049 166.012794 166.013957 166.015120 166.016864 166.018028 166.019772 166.020935 166.022680 166.023843 166.025006 166.026750 166.027914 166.029658 166.030821 166.032566 166.033729 166.034892 166.036637 166.037800 166.039544 166.040707 0.000000 
166.000000 166.001163 166.002326 166.004071 166.005234 166.006978 166.008141 166.009886 166.011049 166.012794 166.013957 166.015701 166.016864 166.018609 166.019772 166.021517 166.022680 166.024424 166.025587 166.027332 166.028495 166.030240 166.031403 166.033147 166.034310 166.036055 166.037218 166.038963 166.040126 166.041667 
166.022098 166.010468 166.008141 166.007560 166.008141 166.009305 166.009886 166.011049 166.012794 166.013957 166.015120 166.016864 166.018028 166.019772 166.020935 166.022680 166.023843 166.025006 166.026750 166.027914 166.029658 166.030821 166.032566 166.033729 166.034892 166.036637 166.037800 166.039544 166.040707 0.000000 
0.000000 0.000000 0.000000 166.033147 166.027914 166.025587 166.023843 166.023261 166.022680 166.022680 166.022680 166.023261 166.024424 166.025587 166.026169 166.027332 166.028495 166.029658 166.030821 166.031984 166.033147 166.034310 166.035473 166.037218 166.038381 166.039544 166.041289 0.000000 0.000000 0.000000 
0.000000 0.000000 0.000000 0.000000 0.000000 0.000000 0.000000 0.000000 0.000000 166.041289 166.039544 166.038963 166.038381 166.037800 166.037800 166.037800 166.037800 166.037800 166.038963 166.039544 166.040707 166.041667 0.000000 0.000000 0.000000 0.000000 0.000000 0.000000 0.000000 0.000000 
