test/output/constant/M475_S060_A090_WD045.0_WS010.0/M475_S060_A090_WD045.0_WS010.0_arrival.asc
ncols         8
nrows         27
xllcorner     426003.990666
yllcorner     12746155.311160
cellsize      100.000000
NODATA_value  0.000000
0.000000 0.000000 0.000000 0.000000 0.000000 166.015344 166.000000 166.037440 
0.000000 0.000000 0.000000 0.000000 166.040509 166.003683 166.001228 166.025165 
0.000000 0.000000 0.000000 0.000000 166.022096 166.003683 166.002455 166.023937 
0.000000 0.000000 0.000000 0.000000 166.013503 166.004296 166.004296 166.023323 
0.000000 0.000000 0.000000 166.031916 166.011048 166.005524 166.006138 166.023937 
0.000000 0.000000 0.000000 166.023937 166.010434 166.007365 166.007979 166.026392 
0.000000 0.000000 166.041667 166.020254 166.010434 166.009207 166.010434 166.028233 
0.000000 0.000000 166.034371 166.018413 166.011048 166.010434 166.012889 166.031302 
0.000000 0.000000 166.029461 166.017799 166.012275 166.012275 166.015958 166.033144 
0.000000 0.000000 166.027006 166.017799 166.013503 166.013503 166.018413 166.035599 
0.000000 166.039895 166.025165 166.017799 166.015344 166.015344 166.020868 166.038667 
0.000000 166.036212 166.024551 166.018413 166.016572 166.017186 166.023937 166.041123 
0.000000 166.033757 166.024551 166.019027 166.018413 166.019641 166.026392 0.000000 
0.000000 166.032530 166.024551 166.020254 166.020254 166.022096 166.028847 0.000000 
0.000000 166.031916 166.024551 166.021482 166.021482 166.023937 166.031916 0.000000 
166.040509 166.031302 166.025165 166.023323 166.023323 166.026392 166.034371 0.000000 
166.039895 166.031302 166.025778 166.024551 166.025165 166.028847 166.037440 0.000000 
166.039281 166.031302 166.027006 166.026392 166.027006 166.031302 166.039895 0.000000 
166.038667 166.031302 166.028233 166.027620 166.028847 166.033757 0.000000 0.000000 
166.038054 166.031916 166.029461 166.029461 166.030688 166.036212 0.000000 0.000000 
166.038054 166.033144 166.031302 166.031302 166.033144 166.038667 0.000000 0.000000 
166.038054 166.033757 166.032530 166.032530 166.035599 166.041667 0.000000 0.000000 
166.038667 166.034985 166.034371 166.034371 166.037440 0.000000 0.000000 0.000000 
166.039281 166.036212 166.035599 166.036212 166.039895 0.000000 0.000000 0.000000 
166.039895 166.037440 166.037440 166.038054 0.000000 0.000000 0.000000 0.000000 
166.040509 166.039281 166.038667 166.040509 0.000000 0.000000 0.000000 0.000000 
166.041667 166.040509 166.040509 0.000000 0.000000 0.000000 0.000000 0.000000 
