test/output/constant/M360_S060_A180_WD225.0_WS010.0/M360_S060_A180_WD225.0_WS010.0_arrival.asc
ncols         40
nrows         10
xllcorner     426603.990666
yllcorner     12748655.311160
cellsize      100.000000
NODATA_value  0.000000
0.000000 0.000000 0.000000 0.000000 0.000000 0.000000 0.000000 0.000000 0.000000 0.000000 0.000000 0.000000 0.000000 0.000000 0.000000 0.000000 0.000000 0.000000 0.000000 0.000000 0.000000 0.000000 0.000000 0.000000 0.000000 166.041441 166.041022 166.041022 166.040603 166.040185 166.039766 166.039766 166.040185 166.040185 166.040603 166.041022 166.041441 0.000000 0.000000 0.000000 
0.000000 0.000000 0.000000 0.000000 0.000000 0.000000 0.000000 0.000000 0.000000 0.000000 0.000000 0.000000 0.000000 0.000000 0.000000 0.000000 0.000000 0.000000 166.041022 166.038929 166.037673 166.036417 166.035999 166.035580 166.035162 166.034743 166.034743 166.034743 166.034743 166.035162 166.035162 166.035580 166.036417 166.036836 166.037673 166.038092 166.038929 166.039766 166.040603 166.041441 
0.000000 0.000000 0.000000 0.000000 0.000000 0.000000 0.000000 0.000000 0.000000 0.000000 0.000000 0.000000 0.000000 166.041441 166.038092 166.035162 166.033069 166.031813 166.030557 166.030139 166.029720 166.029720 166.029301 166.029301 166.029301 166.029720 166.030139 166.030557 166.031394 166.031813 166.032650 166.033069 166.033906 166.035162 166.035999 166.036836 166.038092 166.039348 166.040185 166.041441 
0.000000 0.000000 0.000000 0.000000 0.000000 0.000000 0.000000 0.000000 0.000000 166.041441 166.036417 166.032232 166.029301 166.027208 166.025953 166.025115 166.024697 166.024278 166.023860 166.023860 166.024278 166.024697 166.025115 166.025534 166.026371 166.026790 166.027627 166.028464 166.029720 166.030557 166.031813 166.032650 166.033906 166.034743 166.035999 166.037255 166.038092 166.039348 166.040603 166.041667 
0.000000 0.000000 0.000000 0.000000 0.000000 0.000000 166.038929 166.031813 166.026790 166.023441 166.021348 166.019674 166.019255 166.018837 166.018837 166.018837 166.018837 166.019255 166.020092 166.020511 166.021348 166.022185 166.023023 166.024278 166.025115 166.026371 166.027627 166.028464 166.029720 166.030557 166.031813 166.033069 166.034324 166.035580 166.036836 166.038092 166.039348 166.040603 0.000000 0.000000 
0.000000 0.000000 0.000000 166.041022 166.028883 166.021767 166.017999 166.015069 166.013814 166.013814 166.013395 166.013395 166.013814 166.014232 166.015069 166.015906 166.016744 166.017999 166.018837 166.020092 166.020930 166.022185 166.023023 166.024278 166.025534 166.026790 166.028046 166.029301 166.030557 166.031813 166.033487 166.034743 166.036417 166.037673 166.039348 166.041022 0.000000 0.000000 0.000000 0.000000 
0.000000 166.037255 166.019674 166.012558 166.009209 166.008372 166.007953 166.008372 166.008790 166.009209 166.010465 166.011302 166.012558 166.013395 166.014651 166.015488 166.016744 166.017999 166.019255 166.020511 166.021767 166.023023 166.024697 166.025953 166.027627 166.029301 166.030557 166.032232 166.033906 166.035580 166.037255 166.038510 166.040185 166.041667 0.000000 0.000000 0.000000 0.000000 0.000000 0.000000 
166.014232 166.003349 166.002930 166.002930 166.003767 166.005023 166.006279 166.007116 166.008372 166.009209 166.010465 166.011721 166.012976 166.014232 166.015488 166.017162 166.018837 166.020511 166.022185 166.023441 166.025115 166.026790 166.028464 166.030557 166.032232 166.033906 166.035999 166.037673 166.039348 166.041022 0.000000 0.000000 0.000000 0.000000 0.000000 0.000000 0.000000 0.000000 0.000000 0.000000 
166.000000 166.000837 166.001674 166.002930 166.003767 166.005442 166.007116 166.008372 166.010465 166.012139 166.013814 166.015488 166.017581 166.019255 166.020930 166.023023 166.024697 166.026371 166.028464 166.030139 166.031813 166.033906 166.035580 166.037255 166.039348 166.041022 0.000000 0.000000 0.000000 0.000000 0.000000 0.000000 0.000000 0.000000 0.000000 0.000000 0.000000 0.000000 0.000000 0.000000 
166.030976 166.020930 166.017999 166.017581 166.017999 166.019255 166.020092 166.021767 166.023860 166.025534 166.027208 166.028883 166.030976 166.032650 166.034324 166.035999 166.038092 166.039766 166.041667 0.000000 0.000000 0.000000 0.000000 0.000000 0.000000 0.000000 0.000000 0.000000 0.000000 0.000000 0.000000 0.000000 0.000000 0.000000 0.000000 0.000000 0.000000 0.000000 0.000000 0.000000 
