test/output/constant/M365_S060_A180_WD045.0_WS030.0/M365_S060_A180_WD045.0_WS030.0_arrival.asc
ncols         16
nrows         20
xllcorner     426503.990666
yllcorner     12746955.311160
cellsize      100.000000
NODATA_value  0.000000
166.032838 166.023944 166.028733 166.038995 0.000000 0.000000 0.000000 0.000000 0.000000 0.000000 0.000000 0.000000 0.000000 0.000000 0.000000 0.000000 
166.020524 166.000000 166.002052 166.013682 166.027365 166.041667 0.000000 0.000000 0.000000 0.000000 0.000000 0.000000 0.000000 0.000000 0.000000 0.000000 
166.021208 166.001368 166.002052 166.005473 166.014367 166.025997 166.039679 0.000000 0.000000 0.000000 0.000000 0.000000 0.000000 0.000000 0.000000 0.000000 
166.030786 166.006841 166.004105 166.004789 166.008894 166.016419 166.027365 166.038995 0.000000 0.000000 0.000000 0.000000 0.000000 0.000000 0.000000 0.000000 
166.040363 166.015051 166.006841 166.006157 166.008209 166.011630 166.019155 166.028733 166.040363 0.000000 0.000000 0.000000 0.000000 0.000000 0.000000 0.000000 
0.000000 166.024628 166.012314 166.008894 166.008894 166.010946 166.015051 166.021892 166.030786 166.041047 0.000000 0.000000 0.000000 0.000000 0.000000 0.000000 
0.000000 166.034206 166.019155 166.012314 166.010946 166.011630 166.014367 166.018471 166.024628 166.033522 0.000000 0.000000 0.000000 0.000000 0.000000 0.000000 
0.000000 0.000000 166.027365 166.017787 166.013682 166.013682 166.014367 166.017103 166.021892 166.028049 166.036259 0.000000 0.000000 0.000000 0.000000 0.000000 
0.000000 0.000000 166.036259 166.023944 166.017787 166.015735 166.015735 166.017103 166.020524 166.025313 166.031470 166.038995 0.000000 0.000000 0.000000 0.000000 
0.000000 0.000000 0.000000 166.032154 166.023260 166.019155 166.017787 166.018471 166.020524 166.023260 166.028733 166.034206 166.041667 0.000000 0.000000 0.000000 
0.000000 0.000000 0.000000 166.040363 166.029417 166.023260 166.020524 166.020524 166.020524 166.023260 166.026681 166.031470 166.037627 0.000000 0.000000 0.000000 
0.000000 0.000000 0.000000 0.000000 166.036943 166.028733 166.023944 166.022576 166.022576 166.023944 166.026681 166.030101 166.034890 166.041047 0.000000 0.000000 
0.000000 0.000000 0.000000 0.000000 0.000000 166.034890 166.029417 166.025997 166.025313 166.025313 166.026681 166.029417 166.032838 166.038311 0.000000 0.000000 
0.000000 0.000000 0.000000 0.000000 0.000000 166.041667 166.034206 166.030101 166.028049 166.027365 166.028049 166.029417 166.032838 166.036259 166.041047 0.000000 
0.000000 0.000000 0.000000 0.000000 0.000000 0.000000 166.041047 166.034890 166.031470 166.030101 166.030101 166.030101 166.032838 166.035574 166.039679 0.000000 
0.000000 0.000000 0.000000 0.000000 0.000000 0.000000 0.000000 166.040363 166.035574 166.032838 166.032154 166.032154 166.032838 166.035574 166.038995 0.000000 
0.000000 0.000000 0.000000 0.000000 0.000000 0.000000 0.000000 0.000000 166.040363 166.036943 166.034890 166.034206 166.034890 166.036259 166.038995 166.041667 
0.000000 0.000000 0.000000 0.000000 0.000000 0.000000 0.000000 0.000000 0.000000 166.041047 166.038311 166.036943 166.036943 166.036943 166.038995 166.041667 
0.000000 0.000000 0.000000 0.000000 0.000000 0.000000 0.000000 0.000000 0.000000 0.000000 0.000000 166.039679 166.038995 166.038995 166.039679 166.041667 
0.000000 0.000000 0.000000 0.000000 0.000000 0.000000 0.000000 0.000000 0.000000 0.000000 0.000000 0.000000 166.041667 166.041667 166.041667 0.000000 
