test/output/constant/M3M475_S060_A180_WD225.0_WS000.0/M3M475_S060_A180_WD225.0_WS000.0_arrival.asc
ncols         41
nrows         9
xllcorner     426503.990666
yllcorner     12748355.311160
cellsize      100.000000
NODATA_value  0.000000
0.000000 0.000000 0.000000 0.000000 0.000000 0.000000 0.000000 0.000000 0.000000 0.000000 0.000000 0.000000 166.041667 166.040401 166.039125 166.038274 166.037849 166.036998 166.036998 166.036573 166.036573 166.036573 166.036998 166.036998 166.037424 166.037849 166.038700 166.039550 166.039975 166.040826 166.041667 0.000000 0.000000 0.000000 0.000000 0.000000 0.000000 0.000000 0.000000 0.000000 0.000000 
0.000000 0.000000 0.000000 0.000000 0.000000 0.000000 166.037424 166.034022 166.031045 166.029769 166.028493 166.027217 166.026792 166.026367 166.026367 166.026367 166.026367 166.026367 166.027217 166.027643 166.028493 166.028918 166.029769 166.030619 166.031470 166.031895 166.032746 166.033596 166.034447 166.035297 166.036148 166.036998 166.037849 166.038700 166.039975 166.040826 166.041667 0.000000 0.000000 0.000000 0.000000 
0.000000 0.000000 166.041251 166.029344 166.022539 166.019137 166.017436 166.016586 166.016160 166.015735 166.015735 166.016160 166.016586 166.017436 166.018287 166.018712 166.019562 166.020413 166.021263 166.022114 166.022965 166.023815 166.025091 166.025941 166.026792 166.028068 166.028918 166.029769 166.030619 166.031895 166.032746 166.034022 166.034872 166.035723 166.036998 166.037849 166.039125 166.039975 166.040826 0.000000 0.000000 
0.000000 166.015310 166.006804 166.005529 166.005529 166.005954 166.006379 166.007230 166.008080 166.008931 166.010206 166.011057 166.012333 166.013183 166.014459 166.015310 166.016160 166.017436 166.018287 166.019562 166.020413 166.021263 166.022539 166.023390 166.024666 166.025516 166.026792 166.027643 166.028918 166.029769 166.031045 166.031895 166.032746 166.034022 166.034872 166.036148 166.036998 166.038274 166.039125 166.040401 166.041251 
166.041667 166.000000 166.000851 166.001701 166.002977 166.003827 166.005103 166.005954 166.007230 166.008080 166.009356 166.010206 166.011482 166.012333 166.013609 166.014459 166.015735 166.016586 166.017861 166.018712 166.019988 166.020838 166.022114 166.022965 166.024240 166.025091 166.026367 166.027217 166.028493 166.029344 166.030619 166.031470 166.032746 166.033596 166.034872 166.035723 166.036998 166.037849 166.039125 166.039975 166.041251 
0.000000 166.015310 166.006804 166.005529 166.005529 166.005954 166.006379 166.007230 166.008080 166.008931 166.010206 166.011057 166.012333 166.013183 166.014459 166.015310 166.016160 166.017436 166.018287 166.019562 166.020413 166.021263 166.022539 166.023390 166.024666 166.025516 166.026792 166.027643 166.028918 166.029769 166.031045 166.031895 166.032746 166.034022 166.034872 166.036148 166.036998 166.038274 166.039125 166.040401 166.041251 
0.000000 0.000000 166.041251 166.029344 166.022539 166.019137 166.017436 166.016586 166.016160 166.015735 166.015735 166.016160 166.016586 166.017436 166.018287 166.018712 166.019562 166.020413 166.021263 166.022114 166.022965 166.023815 166.025091 166.025941 166.026792 166.028068 166.028918 166.029769 166.030619 166.031895 166.032746 166.034022 166.034872 166.035723 166.036998 166.037849 166.039125 166.039975 166.040826 0.000000 0.000000 
0.000000 0.000000 0.000000 0.000000 0.000000 0.000000 166.037424 166.034022 166.031045 166.029769 166.028493 166.027217 166.026792 166.026367 166.026367 166.026367 166.026367 166.026367 166.027217 166.027643 166.028493 166.028918 166.029769 166.030619 166.031470 166.031895 166.032746 166.033596 166.034447 166.035297 166.036148 166.036998 166.037849 166.038700 166.039975 166.040826 166.041667 0.000000 0.000000 0.000000 0.000000 
0.000000 0.000000 0.000000 0.000000 0.000000 0.000000 0.000000 0.000000 0.000000 0.000000 0.000000 0.000000 166.041667 166.040401 166.039125 166.038274 166.037849 166.036998 166.036998 166.036573 166.036573 166.036573 166.036998 166.036998 166.037424 166.037849 166.038700 166.039550 166.039975 166.040826 166.041667 0.000000 0.000000 0.000000 0.000000 0.000000 0.000000 0.000000 0.000000 0.000000 0.000000 
