test/output/constant/M380_S060_A270_WD045.0_WS015.0/M380_S060_A270_WD045.0_WS015.0_raz.asc
ncols         15
nrows         33
xllcorner     425303.990666
yllcorner     12748655.311160
cellsize      100.000000
NODATA_value  0.000000
0 339 339 339 0 0 0 0 0 0 0 0 0 0 0 
339 339 339 339 348 0 0 0 0 0 0 0 0 0 0 
339 339 339 339 355 350 0 0 0 0 0 0 0 0 0 
339 339 339 339 339 345 350 0 0 0 0 0 0 0 0 
339 339 339 339 358 348 358 358 0 0 0 0 0 0 0 
339 339 339 339 339 1 347 347 0 0 0 0 0 0 0 
339 339 339 339 339 6 347 350 358 0 0 0 0 0 0 
339 339 339 337 339 1 355 1 1 0 0 0 0 0 0 
0 339 339 339 339 339 1 6 11 355 0 0 0 0 0 
0 334 335 339 339 339 339 6 358 11 0 0 0 0 0 
0 329 339 339 339 339 339 358 344 358 358 0 0 0 0 
0 289 334 339 339 339 350 348 355 352 358 0 0 0 0 
0 329 329 339 339 339 339 339 358 358 358 6 0 0 0 
0 0 329 337 339 339 339 339 347 358 6 358 0 0 0 
0 0 329 329 334 339 339 339 352 6 358 1 1 0 0 
0 0 329 299 331 338 339 339 339 352 358 358 358 0 0 
0 0 0 275 275 339 339 339 339 347 6 358 6 0 0 
0 0 0 275 329 333 339 339 339 358 358 1 358 1 0 
0 0 0 327 275 329 339 339 339 1 348 358 1 1 0 
0 0 0 0 329 329 258 339 339 347 358 358 358 1 0 
0 0 0 0 289 327 289 337 339 339 6 352 1 1 0 
0 0 0 0 0 275 289 331 339 339 339 345 11 6 0 
0 0 0 0 0 327 327 329 334 339 339 358 1 11 6 
0 0 0 0 0 0 329 299 327 339 339 352 358 11 1 
0 0 0 0 0 0 275 289 299 339 339 344 29 1 1 
0 0 0 0 0 0 0 329 329 275 339 339 1 1 1 
0 0 0 0 0 0 0 258 289 289 339 339 355 6 1 
0 0 0 0 0 0 0 0 275 289 331 339 339 1 11 
0 0 0 0 0 0 0 0 275 275 289 339 339 355 11 
0 0 0 0 0 0 0 0 0 258 275 275 339 1 11 
0 0 0 0 0 0 0 0 0 0 275 258 339 339 11 
0 0 0 0 0 0 0 0 0 0 0 275 258 254 11 
0 0 0 0 0 0 0 0 0 0 0 0 184 249 87 
