test/output/constant/M380_S060_A000_WD090.0_WS035.0/M380_S060_A000_WD090.0_WS035.0_arrival.asc
ncols         57
nrows         7
xllcorner     421003.990666
yllcorner     12748455.311160
cellsize      100.000000
NODATA_value  0.000000
0.000000 0.000000 0.000000 0.000000 0.000000 0.000000 0.000000 0.000000 0.000000 166.041439 166.040842 166.040246 166.039948 166.039352 166.038755 166.038159 166.037563 166.037265 166.036669 166.036072 166.035476 166.034880 166.034582 166.033986 166.033389 166.033091 166.032495 166.031899 166.031601 166.031004 166.030706 166.030706 166.030706 166.030706 166.030706 166.031004 166.031302 166.031601 166.031899 166.032793 166.033687 166.034284 166.035774 166.037563 166.039352 166.041439 0.000000 0.000000 0.000000 0.000000 0.000000 0.000000 0.000000 0.000000 0.000000 0.000000 0.000000 
0.000000 0.000000 0.000000 0.000000 166.041439 166.040544 166.039948 166.039054 166.038457 166.037861 166.036967 166.036371 166.035774 166.034880 166.034284 166.033687 166.032793 166.032197 166.031302 166.030706 166.030110 166.029514 166.028619 166.028023 166.027427 166.026831 166.025936 166.025340 166.024744 166.024148 166.023551 166.022955 166.022657 166.022061 166.021465 166.020868 166.020570 166.019974 166.019378 166.019080 166.018483 166.018483 166.018483 166.018483 166.018781 166.019080 166.019974 166.020570 166.022359 166.024148 166.027129 166.030706 166.037861 0.000000 0.000000 0.000000 0.000000 
0.000000 166.041439 166.040544 166.039948 166.039054 166.038457 166.037563 166.036967 166.036371 166.035476 166.034880 166.033986 166.033389 166.032495 166.031899 166.031004 166.030408 166.029514 166.028918 166.028023 166.027427 166.026831 166.025936 166.025340 166.024446 166.023850 166.022955 166.022359 166.021465 166.020868 166.020272 166.019378 166.018781 166.017887 166.017291 166.016397 166.015800 166.014906 166.014310 166.013713 166.012819 166.012223 166.011329 166.010732 166.010136 166.009242 166.008645 166.008049 166.007453 166.006857 166.006559 166.006260 166.006260 166.006857 166.008944 166.015204 166.041140 
166.041439 166.040842 166.039948 166.039352 166.038457 166.037861 166.036967 166.036371 166.035476 166.034880 166.033986 166.033389 166.032495 166.031899 166.031004 166.030408 166.029514 166.028918 166.028023 166.027427 166.026533 166.025936 166.025042 166.024446 166.023551 166.022955 166.022061 166.021465 166.020570 166.019974 166.019080 166.018483 166.017589 166.016993 166.016098 166.015502 166.014608 166.014012 166.013117 166.012521 166.011627 166.011030 166.010136 166.009540 166.008645 166.008049 166.007155 166.006559 166.005664 166.005068 166.004174 166.003577 166.002683 166.002087 166.001192 166.000596 166.000000 
0.000000 166.041439 166.040544 166.039948 166.039054 166.038457 166.037563 166.036967 166.036371 166.035476 166.034880 166.033986 166.033389 166.032495 166.031899 166.031004 166.030408 166.029514 166.028918 166.028023 166.027427 166.026831 166.025936 166.025340 166.024446 166.023850 166.022955 166.022359 166.021465 166.020868 166.020272 166.019378 166.018781 166.017887 166.017291 166.016397 166.015800 166.014906 166.014310 166.013713 166.012819 166.012223 166.011329 166.010732 166.010136 166.009242 166.008645 166.008049 166.007453 166.006857 166.006559 166.006260 166.006260 166.006857 166.008944 166.015204 166.041140 
0.000000 0.000000 0.000000 0.000000 166.041439 166.040544 166.039948 166.039054 166.038457 166.037861 166.036967 166.036371 166.035774 166.034880 166.034284 166.033687 166.032793 166.032197 166.031302 166.030706 166.030110 166.029514 166.028619 166.028023 166.027427 166.026831 166.025936 166.025340 166.024744 166.024148 166.023551 166.022955 166.022657 166.022061 166.021465 166.020868 166.020570 166.019974 166.019378 166.019080 166.018483 166.018483 166.018483 166.018483 166.018781 166.019080 166.019974 166.020570 166.022359 166.024148 166.027129 166.030706 166.037861 0.000000 0.000000 0.000000 0.000000 
0.000000 0.000000 0.000000 0.000000 0.000000 0.000000 0.000000 0.000000 0.000000 166.041439 166.040842 166.040246 166.039948 166.039352 166.038755 166.038159 166.037563 166.037265 166.036669 166.036072 166.035476 166.034880 166.034582 166.033986 166.033389 166.033091 166.032495 166.031899 166.031601 166.031004 166.030706 166.030706 166.030706 166.030706 166.030706 166.031004 166.031302 166.031601 166.031899 166.032793 166.033687 166.034284 166.035774 166.037563 166.039352 166.041439 0.000000 0.000000 0.000000 0.000000 0.000000 0.000000 0.000000 0.000000 0.000000 0.000000 0.000000 
