test/output/constant/M370_S060_A090_WD135.0_WS035.0/M370_S060_A090_WD135.0_WS035.0_ros.asc
ncols         24
nrows         14
xllcorner     424403.990666
yllcorner     12747555.311160
cellsize      100.000000
NODATA_value  0.000000
0.000000 0.000000 0.000000 0.000000 0.000000 0.000000 0.000000 0.000000 0.000000 0.000000 0.000000 0.000000 0.000000 0.000000 0.000000 0.000000 0.000000 0.000000 10.617702 4.487109 10.617702 8.161546 8.161546 1.574757 
0.000000 0.000000 0.000000 0.000000 0.000000 0.000000 0.000000 0.000000 0.000000 0.000000 0.000000 0.000000 0.000000 0.000000 6.103086 8.161546 10.617702 13.406356 16.448130 8.161546 22.928072 40.797310 -1.000000 2.510727 
0.000000 0.000000 0.000000 0.000000 0.000000 0.000000 0.000000 0.000000 0.000000 0.000000 0.000000 0.000000 10.617702 10.617702 4.487109 10.617702 6.103086 10.617702 39.960670 40.797310 40.797310 39.279331 3.677353 2.353835 
0.000000 0.000000 0.000000 0.000000 0.000000 0.000000 0.000000 0.000000 0.000000 0.000000 10.617702 13.406356 13.406356 10.617702 13.406356 22.928072 38.720539 40.797310 40.797310 40.797310 35.704861 30.484728 3.677353 0.000000 
0.000000 0.000000 0.000000 0.000000 0.000000 0.000000 0.000000 0.000000 10.617702 34.773643 6.103086 8.161546 10.617702 40.656792 10.617702 40.797310 40.797310 40.797310 37.730091 5.077166 30.484728 3.677353 2.687397 0.000000 
0.000000 0.000000 0.000000 0.000000 0.000000 0.000000 13.406356 19.653822 22.928072 29.290176 26.172743 39.960670 40.797310 40.797310 40.797310 40.797310 40.797310 6.900568 33.265083 2.353835 2.687397 3.677353 0.000000 0.000000 
0.000000 0.000000 0.000000 0.000000 0.000000 10.617702 13.406356 13.406356 38.720539 38.720539 34.773643 40.797310 40.797310 40.797310 39.279331 2.687397 30.484728 5.077166 3.677353 3.677353 2.687397 0.000000 0.000000 0.000000 
0.000000 0.000000 0.000000 19.653822 29.290176 6.103086 32.186314 4.487109 22.928072 40.797310 40.797310 40.797310 40.797310 40.797310 2.510727 30.484728 30.484728 5.077166 2.687397 0.000000 0.000000 0.000000 0.000000 0.000000 
0.000000 0.000000 13.406356 6.103086 34.773643 13.406356 40.797310 40.797310 40.797310 40.797310 40.797310 40.797310 33.265083 33.265083 30.484728 30.484728 30.484728 2.510727 0.000000 0.000000 0.000000 0.000000 0.000000 0.000000 
0.000000 36.973911 36.973911 22.928072 40.797310 40.797310 40.797310 40.797310 40.797310 40.797310 33.265083 40.797310 33.265083 33.265083 30.484728 2.687397 0.000000 0.000000 0.000000 0.000000 0.000000 0.000000 0.000000 0.000000 
0.000000 39.960670 16.448130 40.797310 40.797310 40.797310 40.797310 40.797310 37.730091 33.265083 5.077166 35.704861 2.687397 30.484728 0.000000 0.000000 0.000000 0.000000 0.000000 0.000000 0.000000 0.000000 0.000000 0.000000 
40.797310 40.797310 40.797310 40.797310 40.797310 40.797310 40.797310 40.305538 35.704861 2.687397 33.265083 33.265083 0.000000 0.000000 0.000000 0.000000 0.000000 0.000000 0.000000 0.000000 0.000000 0.000000 0.000000 0.000000 
40.797310 40.797310 40.797310 40.797310 40.797310 40.797310 6.900568 30.484728 3.677353 2.687397 0.000000 0.000000 0.000000 0.000000 0.000000 0.000000 0.000000 0.000000 0.000000 0.000000 0.000000 0.000000 0.000000 0.000000 
0.000000 40.797310 39.279331 27.447996 40.797310 6.900568 30.484728 0.000000 0.000000 0.000000 0.000000 0.000000 0.000000 0.000000 0.000000 0.000000 0.000000 0.000000 0.000000 0.000000 0.000000 0.000000 0.000000 0.000000 
