test/output/constant/S1_S060_A000_WD045.0_WS015.0/S1_S060_A000_WD045.0_WS015.0_ros.asc
ncols         31
nrows         10
xllcorner     423603.990666
yllcorner     12747955.311160
cellsize      100.000000
NODATA_value  0.000000
0.000000 0.000000 0.000000 0.000000 0.000000 0.000000 0.000000 0.000000 0.000000 0.000000 0.000000 0.000000 0.000000 0.000000 0.000000 0.000000 0.000000 0.000000 0.000000 0.000000 0.000000 0.000000 0.000000 0.000000 0.000000 18.637312 4.761806 7.477203 7.477203 4.761806 0.000000 
0.000000 0.000000 0.000000 0.000000 0.000000 0.000000 0.000000 0.000000 0.000000 0.000000 0.000000 0.000000 0.000000 0.000000 0.000000 0.000000 10.763463 7.477203 18.637312 18.637312 7.477203 18.637312 10.763463 14.521417 18.637312 31.853558 14.521417 31.853558 51.893307 51.893307 0.000000 
0.000000 0.000000 0.000000 0.000000 0.000000 0.000000 0.000000 0.000000 0.000000 0.000000 0.000000 0.000000 10.763463 31.853558 14.521417 7.477203 22.986416 18.637312 14.521417 18.637312 48.998028 10.763463 18.637312 51.893307 51.893307 51.893307 51.893307 51.893307 51.893307 39.456532 0.609467 
0.000000 0.000000 0.000000 0.000000 0.000000 0.000000 0.000000 0.000000 14.521417 18.637312 36.102531 10.763463 43.590366 40.054794 7.477203 51.893307 18.637312 22.986416 10.763463 51.893307 51.893307 51.893307 51.893307 50.483192 48.662315 40.054794 35.451622 35.451622 0.565159 0.373563 0.000000 
0.000000 0.000000 0.000000 0.000000 0.000000 18.637312 10.763463 18.637312 46.601917 14.521417 27.436840 51.893307 51.673927 18.637312 51.893307 51.893307 51.893307 51.893307 51.893307 51.893307 51.893307 39.456532 39.456532 35.451622 1.306810 35.451622 0.373563 0.000000 0.000000 0.000000 0.000000 
0.000000 0.000000 0.000000 48.998028 18.637312 18.637312 14.521417 18.637312 51.893307 18.637312 46.601917 51.893307 51.893307 51.893307 51.893307 51.893307 51.893307 51.893307 40.054794 39.456532 35.451622 2.545487 35.451622 35.451622 1.306810 0.000000 0.000000 0.000000 0.000000 0.000000 0.000000 
0.000000 22.986416 18.637312 14.521417 51.851295 51.893307 43.590366 51.893307 51.893307 51.893307 51.893307 51.893307 51.893307 51.893307 39.456532 40.054794 43.063850 39.456532 35.451622 39.456532 35.451622 35.451622 0.000000 0.000000 0.000000 0.000000 0.000000 0.000000 0.000000 0.000000 0.000000 
50.705971 51.893307 51.893307 51.893307 51.893307 51.893307 51.893307 51.893307 51.893307 51.893307 43.063850 43.063850 43.063850 43.063850 39.456532 35.451622 2.545487 35.451622 35.451622 0.000000 0.000000 0.000000 0.000000 0.000000 0.000000 0.000000 0.000000 0.000000 0.000000 0.000000 0.000000 
51.893307 51.893307 51.893307 51.893307 51.893307 51.893307 51.799744 39.456532 39.456532 39.456532 43.063850 4.465065 35.451622 1.306810 35.451622 0.000000 0.000000 0.000000 0.000000 0.000000 0.000000 0.000000 0.000000 0.000000 0.000000 0.000000 0.000000 0.000000 0.000000 0.000000 0.000000 
0.000000 51.799744 51.893307 50.483192 35.451622 43.063850 43.063850 43.063850 0.000000 0.000000 0.000000 0.000000 0.000000 0.000000 0.000000 0.000000 0.000000 0.000000 0.000000 0.000000 0.000000 0.000000 0.000000 0.000000 0.000000 0.000000 0.000000 0.000000 0.000000 0.000000 0.000000 
