test/output/constant/M3M485_S060_A270_WD180.0_WS045.0/M3M485_S060_A270_WD180.0_WS045.0_arrival.asc
ncols         7
nrows         57
xllcorner     426303.990666
yllcorner     12748755.311160
cellsize      100.000000
NODATA_value  0.000000
0.000000 0.000000 0.000000 166.041292 0.000000 0.000000 0.000000 
0.000000 0.000000 166.041292 166.040698 166.041292 0.000000 0.000000 
0.000000 0.000000 166.040698 166.039807 166.040698 0.000000 0.000000 
0.000000 0.000000 166.039807 166.039212 166.039807 0.000000 0.000000 
0.000000 166.041589 166.039212 166.038321 166.039212 166.041589 0.000000 
0.000000 166.040698 166.038321 166.037727 166.038321 166.040698 0.000000 
0.000000 166.040104 166.037727 166.036836 166.037727 166.040104 0.000000 
0.000000 166.039509 166.036836 166.036242 166.036836 166.039509 0.000000 
0.000000 166.038618 166.036242 166.035351 166.036242 166.038618 0.000000 
0.000000 166.038024 166.035351 166.034756 166.035351 166.038024 0.000000 
166.041589 166.037430 166.034756 166.033865 166.034756 166.037430 166.041589 
166.040995 166.036539 166.033865 166.033271 166.033865 166.036539 166.040995 
166.040698 166.035945 166.033271 166.032380 166.033271 166.035945 166.040698 
166.040104 166.035351 166.032677 166.031786 166.032677 166.035351 166.040104 
166.039509 166.034459 166.031786 166.030895 166.031786 166.034459 166.039509 
166.038915 166.033865 166.031192 166.030301 166.031192 166.033865 166.038915 
166.038618 166.033271 166.030301 166.029409 166.030301 166.033271 166.038618 
166.038024 166.032380 166.029706 166.028815 166.029706 166.032380 166.038024 
166.037430 166.031786 166.028815 166.027924 166.028815 166.031786 166.037430 
166.037133 166.031192 166.028221 166.027330 166.028221 166.031192 166.037133 
166.036539 166.030598 166.027330 166.026439 166.027330 166.030598 166.036539 
166.035945 166.029706 166.026736 166.025845 166.026736 166.029706 166.035945 
166.035351 166.029112 166.026142 166.024953 166.026142 166.029112 166.035351 
166.035054 166.028518 166.025250 166.024359 166.025250 166.028518 166.035054 
166.034459 166.027627 166.024656 166.023468 166.024656 166.027627 166.034459 
166.034162 166.027033 166.023765 166.022874 166.023765 166.027033 166.034162 
166.033568 166.026439 166.023171 166.021983 166.023171 166.026439 166.033568 
166.032974 166.025845 166.022280 166.021389 166.022280 166.025845 166.032974 
166.032677 166.025250 166.021686 166.020497 166.021686 166.025250 166.032677 
166.032380 166.024656 166.020794 166.019903 166.020794 166.024656 166.032380 
166.032380 166.024062 166.020200 166.019012 166.020200 166.024062 166.032380 
166.032380 166.023468 166.019606 166.018418 166.019606 166.023468 166.032380 
166.032677 166.023171 166.018715 166.017527 166.018715 166.023171 166.032677 
166.032677 166.022577 166.018121 166.016933 166.018121 166.022577 166.032677 
166.032974 166.021983 166.017230 166.016041 166.017230 166.021983 166.032974 
166.033271 166.021686 166.016636 166.015447 166.016636 166.021686 166.033271 
166.033568 166.021092 166.015744 166.014556 166.015744 166.021092 166.033568 
166.034162 166.020497 166.015150 166.013962 166.015150 166.020497 166.034162 
166.034756 166.020200 166.014259 166.013071 166.014259 166.020200 166.034756 
166.035648 166.019606 166.013665 166.012477 166.013665 166.019606 166.035648 
166.036539 166.019606 166.013071 166.011585 166.013071 166.019606 166.036539 
166.037727 166.019606 166.012180 166.010991 166.012180 166.019606 166.037727 
166.039509 166.019606 166.011585 166.010100 166.011585 166.019606 166.039509 
166.041589 166.019903 166.010694 166.009506 166.010694 166.019903 166.041589 
0.000000 166.020200 166.010100 166.008615 166.010100 166.020200 0.000000 
0.000000 166.020794 166.009506 166.008021 166.009506 166.020794 0.000000 
0.000000 166.021686 166.008912 166.007130 166.008912 166.021686 0.000000 
0.000000 166.022577 166.008318 166.006535 166.008318 166.022577 0.000000 
0.000000 166.024656 166.007724 166.005644 166.007724 166.024656 0.000000 
0.000000 166.026736 166.007130 166.005050 166.007130 166.026736 0.000000 
0.000000 166.030301 166.006832 166.004159 166.006832 166.030301 0.000000 
0.000000 166.034756 166.006535 166.003565 166.006535 166.034756 0.000000 
0.000000 0.000000 166.006832 166.002674 166.006832 0.000000 0.000000 
0.000000 0.000000 166.007724 166.002079 166.007724 0.000000 0.000000 
0.000000 0.000000 166.010100 166.001188 166.010100 0.000000 0.000000 
0.000000 0.000000 166.017824 166.000594 166.017824 0.000000 0.000000 
0.000000 0.000000 0.000000 166.000000 0.000000 0.000000 0.000000 
