test/output/constant/M3M4100_S000_A270_WD090.0_WS030.0/M3M4100_S000_A270_WD090.0_WS030.0_raz.asc
ncols         42
nrows         11
xllcorner     422603.990666
yllcorner     12748255.311160
cellsize      100.000000
NODATA_value  0.000000
0 0 0 0 0 0 0 0 0 0 0 276 273 283 279 279 277 277 279 281 281 350 333 333 279 333 279 279 283 281 281 0 0 0 0 0 0 0 0 0 0 0 
0 0 0 0 0 0 281 281 279 283 273 273 274 281 273 277 283 274 279 276 276 277 283 276 285 281 279 283 279 333 279 64 283 18 360 18 0 0 0 0 0 0 
0 0 0 281 271 271 271 273 271 273 274 276 270 279 273 274 274 277 277 276 271 274 279 273 276 281 274 283 277 279 279 281 281 319 283 333 18 18 18 0 0 0 
0 273 271 273 274 271 274 271 273 271 273 276 273 270 270 277 277 271 277 271 273 274 277 270 279 271 273 274 276 281 273 277 281 281 360 279 333 350 18 18 18 0 
271 271 271 271 271 271 271 271 273 273 273 273 273 273 273 273 273 273 276 276 281 271 270 276 270 281 274 274 270 271 274 270 279 276 270 281 283 277 279 279 360 64 
270 270 270 270 270 270 270 270 270 270 270 270 270 270 270 270 270 270 270 271 270 270 270 270 270 270 270 270 270 270 270 270 270 270 270 270 270 270 270 270 65535 18 
270 270 270 270 270 270 270 270 270 270 270 270 270 270 270 270 270 270 270 270 270 270 270 270 270 270 270 270 270 270 270 270 270 263 270 270 270 262 260 260 180 115 
0 270 270 270 270 270 270 270 270 270 270 270 270 270 270 270 262 270 270 270 270 270 262 270 270 270 270 270 270 270 270 270 258 258 180 260 206 189 161 161 161 0 
0 0 0 270 270 270 270 270 270 270 270 263 270 270 270 270 265 262 270 263 270 270 270 270 263 270 265 256 262 260 260 258 258 220 256 206 161 161 161 0 0 0 
0 0 0 0 0 0 270 270 270 270 270 270 265 270 270 270 270 265 260 270 263 270 270 263 254 258 260 256 260 206 260 115 256 161 180 161 0 0 0 0 0 0 
0 0 0 0 0 0 0 0 0 0 0 263 270 270 260 260 270 262 260 258 258 189 206 206 260 206 260 260 256 258 258 0 0 0 0 0 0 0 0 0 0 0 
