test/output/constant/M3100_S060_A000_WD180.0_WS010.0/M3100_S060_A000_WD180.0_WS010.0_intensity.asc
ncols         58
nrows         19
xllcorner     420903.990666
yllcorner     12748555.311160
cellsize      100.000000
NODATA_value  0.000000
0 0 0 0 91010 91453 75846 91010 75846 75846 62413 0 0 0 0 0 0 0 0 0 0 0 0 0 0 0 0 0 0 0 0 0 0 0 0 0 0 0 0 0 0 0 0 0 0 0 0 0 0 0 0 0 0 0 0 0 0 0 
91010 91637 91637 91637 91637 91637 75846 91010 69473 89036 81336 75846 75846 75846 4800 1415 62413 69473 4800 62413 0 0 0 0 0 0 0 0 0 0 0 0 0 0 0 0 0 0 0 0 0 0 0 0 0 0 0 0 0 0 0 0 0 0 0 0 0 0 
91637 91637 91637 91637 89036 91637 85778 91010 91637 85778 69473 89036 75846 85778 75846 75846 75846 62413 69473 69473 62413 62413 4800 69473 4800 0 0 0 0 0 0 0 0 0 0 0 0 0 0 0 0 0 0 0 0 0 0 0 0 0 0 0 0 0 0 0 0 0 
76907 48488 91637 91637 91637 91637 91637 91637 91453 91453 91637 91637 91637 85778 69473 81336 75846 69473 75846 75846 62413 69473 62413 4800 62413 62413 62413 62413 62413 69473 0 0 0 0 0 0 0 0 0 0 0 0 0 0 0 0 0 0 0 0 0 0 0 0 0 0 0 0 
76907 91637 56249 91637 89491 91637 91637 91637 91637 91637 91637 91637 91637 91637 91637 91637 91637 91453 69473 85778 75846 75846 4800 4800 62413 62413 69473 62413 62413 69473 62413 4800 62413 62413 0 0 0 0 0 0 0 0 0 0 0 0 0 0 0 0 0 0 0 0 0 0 0 0 
0 33043 56249 91637 91637 33043 33043 91637 91637 91637 91637 91637 91637 91637 91637 91637 91637 91637 91637 89036 81336 69473 91010 69473 75846 75846 62413 62413 8168 4800 62413 62413 62413 69473 62413 69473 62413 0 0 0 0 0 0 0 0 0 0 0 0 0 0 0 0 0 0 0 0 0 
0 0 0 40674 48488 33043 82222 33043 40674 76907 82222 91637 33043 91637 91637 91637 91637 89036 85778 91637 91637 91453 91637 91637 91637 75846 89036 75846 75846 62413 8168 62413 62413 4800 69473 62413 69473 8168 69473 2622 0 0 0 0 0 0 0 0 0 0 0 0 0 0 0 0 0 0 
0 0 0 0 0 82222 40674 56249 33043 82222 56249 91637 76907 91561 91637 86459 91637 91637 91637 91637 91637 91637 91637 89036 91637 91637 91637 75846 91637 69473 75846 75846 69473 69473 4800 62413 2622 4800 62413 62413 4800 62413 4800 0 0 0 0 0 0 0 0 0 0 0 0 0 0 0 
0 0 0 0 0 0 70677 40674 70677 91637 40674 33043 76907 48488 56249 40674 91637 91637 40674 33043 40674 48488 91637 91637 91637 91637 85778 91637 91637 91637 91637 75846 91637 69473 75846 62413 62413 62413 62413 4800 8168 8168 62413 1415 1878 62413 0 0 0 0 0 0 0 0 0 0 0 0 
0 0 0 0 0 0 0 0 0 40674 40674 82222 33043 82222 40674 48488 40674 40674 33043 40674 56249 33043 82222 86459 91637 91637 91637 91637 91637 91637 91637 91637 91637 85778 89036 69473 75846 2622 62413 1878 4800 62413 2622 62413 4800 1878 62413 1037 0 0 0 0 0 0 0 0 0 0 
0 0 0 0 0 0 0 0 0 0 0 40674 40674 48488 70677 33043 33043 82222 40674 70677 40674 40674 40674 63721 70677 40674 91226 91637 86459 82222 91637 91637 91637 91637 81336 91637 91637 91637 91637 75846 69473 62413 62413 62413 62413 2622 62413 62413 1878 62413 2622 0 0 0 0 0 0 0 
0 0 0 0 0 0 0 0 0 0 0 0 0 0 40674 76907 40674 40674 33043 76907 33043 33043 76907 40674 33043 33043 76907 33043 33043 33043 91637 40674 33043 91637 91637 91637 91637 91637 91637 89036 91637 91637 85778 75846 62413 4800 4800 62413 1878 1878 62413 1878 1037 0 0 0 0 0 
0 0 0 0 0 0 0 0 0 0 0 0 0 0 0 0 0 33043 40674 76907 40674 40674 40674 33043 40674 40674 40674 48488 40674 40674 40674 76907 33043 33043 63721 40674 82222 91637 76907 91637 91637 91637 91010 91637 91637 91637 75846 4800 62413 62413 62413 4800 62413 1878 1037 0 0 0 
0 0 0 0 0 0 0 0 0 0 0 0 0 0 0 0 0 0 0 0 63721 33043 33043 40674 40674 70677 40674 86459 33043 40674 33043 33043 33043 56249 33043 33043 40674 40674 33043 40674 89491 82222 91637 91637 91637 91637 91637 91637 91637 91453 75846 62413 1878 2622 1415 1037 0 0 
0 0 0 0 0 0 0 0 0 0 0 0 0 0 0 0 0 0 0 0 0 0 0 40674 33043 40674 40674 40674 40674 40674 40674 40674 40674 40674 33043 40674 33043 40674 40674 40674 40674 70677 33043 86459 40674 91637 63721 91637 91637 91637 91637 91637 75846 69473 4800 4800 1415 1037 
0 0 0 0 0 0 0 0 0 0 0 0 0 0 0 0 0 0 0 0 0 0 0 0 0 0 0 40674 40674 40674 33043 40674 40674 40674 33043 40674 33043 40674 33043 33043 56249 40674 40674 40674 33043 40674 76907 40674 40674 33043 82222 91637 91637 91637 91637 91453 75846 1415 
0 0 0 0 0 0 0 0 0 0 0 0 0 0 0 0 0 0 0 0 0 0 0 0 0 0 0 0 0 0 0 33043 40674 40674 33043 40674 40674 33043 33043 33043 33043 33043 33043 33043 33043 40674 33043 40674 33043 33043 33043 33043 40674 33043 86459 91637 91637 0 
0 0 0 0 0 0 0 0 0 0 0 0 0 0 0 0 0 0 0 0 0 0 0 0 0 0 0 0 0 0 0 0 0 0 0 0 0 0 0 33043 40674 33043 40674 40674 33043 40674 33043 33043 33043 40674 33043 33043 33043 33043 40674 19246 19246 988 
0 0 0 0 0 0 0 0 0 0 0 0 0 0 0 0 0 0 0 0 0 0 0 0 0 0 0 0 0 0 0 0 0 0 0 0 0 0 0 0 0 0 0 0 0 0 0 0 0 0 0 0 0 19246 0 0 0 0 
