test/output/constant/M3M480_S060_A090_WD315.0_WS005.0/M3M480_S060_A090_WD315.0_WS005.0_arrival.asc
ncols         11
nrows         47
xllcorner     426303.990666
yllcorner     12744155.311160
cellsize      100.000000
NODATA_value  0.000000
0.000000 0.000000 166.020150 166.000000 166.013673 0.000000 0.000000 0.000000 0.000000 0.000000 0.000000 
0.000000 0.000000 166.010795 166.000720 166.004318 166.036702 0.000000 0.000000 0.000000 0.000000 0.000000 
0.000000 166.041020 166.008996 166.001439 166.003238 166.021949 0.000000 0.000000 0.000000 0.000000 0.000000 
0.000000 166.032744 166.008636 166.002519 166.003238 166.015472 0.000000 0.000000 0.000000 0.000000 0.000000 
0.000000 166.029146 166.008996 166.003238 166.003598 166.012234 166.033464 0.000000 0.000000 0.000000 0.000000 
0.000000 166.027347 166.009355 166.004318 166.004318 166.010435 166.026267 0.000000 0.000000 0.000000 0.000000 
0.000000 166.025907 166.009715 166.005038 166.005038 166.009715 166.022669 0.000000 0.000000 0.000000 0.000000 
0.000000 166.025188 166.010435 166.006117 166.006117 166.009715 166.019790 166.037422 0.000000 0.000000 0.000000 
0.000000 166.024828 166.011514 166.007196 166.006837 166.009715 166.017991 166.033464 0.000000 0.000000 0.000000 
0.000000 166.025188 166.012234 166.007916 166.007916 166.009715 166.016912 166.030225 0.000000 0.000000 0.000000 
0.000000 166.025188 166.013313 166.008996 166.008636 166.010075 166.016192 166.027706 0.000000 0.000000 0.000000 
0.000000 166.025547 166.014393 166.010075 166.009715 166.010795 166.015832 166.025547 166.040660 0.000000 0.000000 
166.041380 166.025907 166.015472 166.011155 166.010435 166.011514 166.015832 166.024108 166.037781 0.000000 0.000000 
166.041020 166.026267 166.016552 166.012234 166.011514 166.012234 166.015832 166.023029 166.035263 0.000000 0.000000 
166.041380 166.026627 166.017631 166.013313 166.012594 166.012954 166.016192 166.022669 166.033464 0.000000 0.000000 
166.041380 166.027347 166.018711 166.014393 166.013313 166.013673 166.016192 166.021949 166.031664 0.000000 0.000000 
166.041380 166.028066 166.019790 166.015472 166.014393 166.014393 166.016552 166.021949 166.030585 0.000000 0.000000 
166.041667 166.028786 166.020870 166.016192 166.015113 166.015113 166.017272 166.022309 166.029506 166.041020 0.000000 
0.000000 166.029506 166.021949 166.017272 166.016192 166.016192 166.017631 166.022309 166.029146 166.039581 0.000000 
0.000000 166.030225 166.023029 166.018351 166.016912 166.016912 166.018351 166.022309 166.028426 166.038141 0.000000 
0.000000 166.030945 166.024108 166.019430 166.017991 166.017991 166.019071 166.022669 166.028426 166.037062 0.000000 
0.000000 166.031664 166.025188 166.020510 166.018711 166.018711 166.019790 166.023029 166.028426 166.035982 0.000000 
0.000000 166.032384 166.026267 166.021589 166.019790 166.019790 166.020510 166.023389 166.028426 166.035623 0.000000 
0.000000 166.033464 166.027347 166.022669 166.020870 166.020510 166.021230 166.023748 166.028426 166.034903 0.000000 
0.000000 166.034183 166.028426 166.023748 166.021949 166.021589 166.021949 166.024108 166.028786 166.034543 0.000000 
0.000000 166.035263 166.029506 166.024828 166.022669 166.022309 166.022669 166.024828 166.028786 166.034543 0.000000 
0.000000 166.036342 166.030225 166.025907 166.023748 166.023389 166.023389 166.025547 166.029146 166.034543 0.000000 
0.000000 166.037062 166.031305 166.026987 166.024828 166.024108 166.024108 166.025907 166.029506 166.034903 166.041380 
0.000000 166.038141 166.032384 166.028066 166.025907 166.025188 166.025188 166.026627 166.029865 166.034903 166.041020 
0.000000 166.039221 166.033464 166.029146 166.026627 166.025907 166.026267 166.027347 166.030225 166.034903 166.040660 
0.000000 166.040300 166.034543 166.030225 166.027706 166.026987 166.026987 166.028066 166.030585 166.035263 166.041020 
0.000000 166.041380 166.035623 166.031305 166.028786 166.027706 166.027706 166.028786 166.031305 166.035623 166.041020 
0.000000 0.000000 166.036702 166.032384 166.029865 166.028786 166.028786 166.029506 166.031664 166.035623 166.041020 
0.000000 0.000000 166.037781 166.033464 166.030945 166.029506 166.029506 166.030225 166.032384 166.035982 166.041020 
0.000000 0.000000 166.038861 166.034543 166.031664 166.030585 166.030585 166.030945 166.033104 166.036342 166.041380 
0.000000 0.000000 166.039940 166.035623 166.032744 166.031664 166.031305 166.032024 166.033823 166.036702 166.041380 
0.000000 0.000000 166.041020 166.036702 166.033823 166.032384 166.032384 166.032744 166.034183 166.037062 166.041667 
0.000000 0.000000 0.000000 166.037781 166.034903 166.033464 166.033104 166.033464 166.035263 166.037781 0.000000 
0.000000 0.000000 0.000000 166.038861 166.035982 166.034543 166.034183 166.034183 166.035623 166.038141 0.000000 
0.000000 0.000000 0.000000 166.039940 166.037062 166.035263 166.034903 166.035263 166.036342 166.038861 0.000000 
0.000000 0.000000 0.000000 166.041020 166.038141 166.036342 166.035982 166.035982 166.037422 166.039221 0.000000 
0.000000 0.000000 0.000000 0.000000 166.039221 166.037422 166.037062 166.037062 166.038141 166.039940 0.000000 
0.000000 0.000000 0.000000 0.000000 166.040300 166.038501 166.037781 166.037781 166.038501 166.040660 0.000000 
0.000000 0.000000 0.000000 0.000000 166.041380 166.039221 166.038861 166.038861 166.039221 166.041380 0.000000 
0.000000 0.000000 0.000000 0.000000 0.000000 166.040300 166.039581 166.039581 166.040300 0.000000 0.000000 
0.000000 0.000000 0.000000 0.000000 0.000000 166.041380 166.040660 166.040660 166.041020 0.000000 0.000000 
0.000000 0.000000 0.000000 0.000000 0.000000 0.000000 166.041380 166.041380 166.041667 0.000000 0.000000 
