test/output/constant/M375_S060_A090_WD135.0_WS040.0/M375_S060_A090_WD135.0_WS040.0_intensity.asc
ncols         28
nrows         12
xllcorner     424003.990666
yllcorner     12747755.311160
cellsize      100.000000
NODATA_value  0.000000
0 0 0 0 0 0 0 0 0 0 0 0 0 0 0 0 0 0 16304 4186 13233 16304 16304 5829 16304 7920 1233 1233 
0 0 0 0 0 0 0 0 0 0 0 0 0 10411 16304 7920 7920 16304 16304 5829 10411 7920 16304 16304 26082 40532 0 1571 
0 0 0 0 0 0 0 0 0 0 0 16304 19535 13233 10411 16304 10411 29202 7920 16304 16304 40532 40532 40532 40532 38939 1571 2157 
0 0 0 0 0 0 0 0 16304 13233 16304 16304 16304 16304 34665 32092 40532 29202 40532 40532 40532 40532 38939 32827 2329 2329 1571 0 
0 0 0 0 0 0 16304 13233 16304 16304 13233 13233 16304 32092 16304 7920 40532 40532 40532 40532 39996 32827 32827 3261 2329 2157 0 0 
0 0 0 0 16304 19535 16304 16304 16304 19535 34665 22827 32092 40532 40532 40532 40532 40532 32827 32827 32827 30017 3261 2006 2329 0 0 0 
0 0 0 16304 34665 13233 16304 40532 26082 16304 40532 40532 40532 40532 40532 40532 35299 35299 32827 32827 32827 2006 26952 0 0 0 0 0 
0 34665 29202 29202 16304 40532 29202 40532 40532 40532 40532 40532 40532 34665 8590 4603 32827 2329 3261 2006 2157 0 0 0 0 0 0 0 
29202 19535 39763 40532 40532 40532 40532 40532 40532 40532 40532 39996 40497 4603 3261 35299 32827 3261 3261 0 0 0 0 0 0 0 0 0 
40532 40532 40532 40532 40532 40532 40532 40532 40532 38939 32827 2329 2329 3261 2329 2329 3261 0 0 0 0 0 0 0 0 0 0 0 
40532 40532 40532 40532 40532 40532 40497 32827 35299 2329 30017 30017 32827 1571 0 0 0 0 0 0 0 0 0 0 0 0 0 0 
40532 40532 40532 38939 35299 35299 32827 39996 35299 35299 0 0 0 0 0 0 0 0 0 0 0 0 0 0 0 0 0 0 
