test/output/constant/M4100_S060_A090_WD000.0_WS010.0/M4100_S060_A090_WD000.0_WS010.0_arrival.asc
ncols         9
nrows         41
xllcorner     426203.990666
yllcorner     12744755.311160
cellsize      100.000000
NODATA_value  0.000000
0.000000 0.000000 0.000000 166.021106 166.000000 166.021106 0.000000 0.000000 0.000000 
0.000000 0.000000 0.000000 166.008277 166.000828 166.008277 0.000000 0.000000 0.000000 
0.000000 0.000000 166.038073 166.006208 166.001655 166.006208 166.038073 0.000000 0.000000 
0.000000 0.000000 166.027727 166.005794 166.002897 166.005794 166.027727 0.000000 0.000000 
0.000000 0.000000 166.023175 166.005794 166.003725 166.005794 166.023175 0.000000 0.000000 
0.000000 0.000000 166.020278 166.006621 166.004966 166.006621 166.020278 0.000000 0.000000 
0.000000 166.041667 166.018623 166.007449 166.005794 166.007449 166.018623 166.041667 0.000000 
0.000000 166.037246 166.017795 166.008277 166.007035 166.008277 166.017795 166.037246 0.000000 
0.000000 166.034763 166.017381 166.009104 166.007863 166.009104 166.017381 166.034763 0.000000 
0.000000 166.032693 166.017381 166.009932 166.009104 166.009932 166.017381 166.032693 0.000000 
0.000000 166.031038 166.017381 166.011174 166.009932 166.011174 166.017381 166.031038 0.000000 
0.000000 166.030210 166.017381 166.012001 166.011174 166.012001 166.017381 166.030210 0.000000 
0.000000 166.029383 166.018209 166.013243 166.012001 166.013243 166.018209 166.029383 0.000000 
0.000000 166.028969 166.018623 166.014071 166.013243 166.014071 166.018623 166.028969 0.000000 
0.000000 166.028555 166.019450 166.014898 166.014071 166.014898 166.019450 166.028555 0.000000 
0.000000 166.028555 166.020278 166.016140 166.015312 166.016140 166.020278 166.028555 0.000000 
166.041667 166.028555 166.020692 166.016967 166.016140 166.016967 166.020692 166.028555 166.041667 
166.041384 166.028555 166.021520 166.018209 166.017381 166.018209 166.021520 166.028555 166.041384 
166.040556 166.028969 166.022347 166.019037 166.018209 166.019037 166.022347 166.028969 166.040556 
166.040142 166.029383 166.023175 166.020278 166.019450 166.020278 166.023175 166.029383 166.040142 
166.040142 166.030210 166.024003 166.021106 166.020278 166.021106 166.024003 166.030210 166.040142 
166.039729 166.030624 166.024830 166.021933 166.021520 166.021933 166.024830 166.030624 166.039729 
166.039729 166.031452 166.025658 166.023175 166.022347 166.023175 166.025658 166.031452 166.039729 
166.039729 166.032279 166.026900 166.024003 166.023589 166.024003 166.026900 166.032279 166.039729 
166.040142 166.032693 166.027727 166.025244 166.024417 166.025244 166.027727 166.032693 166.040142 
166.040142 166.033521 166.028555 166.026072 166.025658 166.026072 166.028555 166.033521 166.040142 
166.040970 166.034349 166.029383 166.027313 166.026486 166.027313 166.029383 166.034349 166.040970 
166.041384 166.035176 166.030624 166.028141 166.027727 166.028141 166.030624 166.035176 166.041384 
0.000000 166.035590 166.031452 166.029383 166.028555 166.029383 166.031452 166.035590 0.000000 
0.000000 166.036418 166.032693 166.030210 166.029796 166.030210 166.032693 166.036418 0.000000 
0.000000 166.037246 166.033521 166.031038 166.030624 166.031038 166.033521 166.037246 0.000000 
0.000000 166.038073 166.034349 166.032279 166.031866 166.032279 166.034349 166.038073 0.000000 
0.000000 166.038901 166.035590 166.033107 166.032693 166.033107 166.035590 166.038901 0.000000 
0.000000 166.039729 166.036418 166.034349 166.033935 166.034349 166.036418 166.039729 0.000000 
0.000000 166.040556 166.037246 166.035176 166.034763 166.035176 166.037246 166.040556 0.000000 
0.000000 166.041667 166.038487 166.036418 166.036004 166.036418 166.038487 166.041667 0.000000 
0.000000 0.000000 166.039315 166.037246 166.036832 166.037246 166.039315 0.000000 0.000000 
0.000000 0.000000 166.040142 166.038487 166.038073 166.038487 166.040142 0.000000 0.000000 
0.000000 0.000000 166.041384 166.039315 166.038901 166.039315 166.041384 0.000000 0.000000 
0.000000 0.000000 0.000000 166.040556 166.040142 166.040556 0.000000 0.000000 0.000000 
0.000000 0.000000 0.000000 166.041384 166.040970 166.041384 0.000000 0.000000 0.000000 
