test/output/constant/M495_S000_A000_WD045.0_WS025.0/M495_S000_A000_WD045.0_WS025.0_arrival.asc
ncols         15
nrows         15
xllcorner     425303.990666
yllcorner     12747455.311160
cellsize      100.000000
NODATA_value  0.000000
0.000000 0.000000 0.000000 0.000000 0.000000 0.000000 0.000000 0.000000 0.000000 0.000000 0.000000 0.000000 166.033024 166.030272 0.000000 
0.000000 0.000000 0.000000 0.000000 0.000000 0.000000 0.000000 0.000000 0.000000 166.038528 166.024768 166.011008 166.001835 166.000000 166.030272 
0.000000 0.000000 0.000000 0.000000 0.000000 0.000000 0.000000 0.000000 166.033024 166.021099 166.011008 166.005504 166.001835 166.001835 166.033024 
0.000000 0.000000 0.000000 0.000000 0.000000 0.000000 0.000000 166.031190 166.021099 166.012843 166.008256 166.005504 166.005504 166.011008 0.000000 
0.000000 0.000000 0.000000 0.000000 0.000000 166.041281 166.031190 166.022016 166.015595 166.011925 166.008256 166.008256 166.011008 166.024768 0.000000 
0.000000 0.000000 0.000000 0.000000 166.041281 166.032107 166.023851 166.018347 166.014678 166.011925 166.011925 166.012843 166.021099 166.038528 0.000000 
0.000000 0.000000 0.000000 166.041667 166.033942 166.026603 166.021099 166.018347 166.014678 166.014678 166.015595 166.021099 166.033024 0.000000 0.000000 
0.000000 0.000000 0.000000 166.035776 166.029355 166.024768 166.021099 166.018347 166.018347 166.018347 166.022016 166.031190 0.000000 0.000000 0.000000 
0.000000 0.000000 166.038528 166.032107 166.027520 166.024768 166.021099 166.021099 166.021099 166.023851 166.031190 0.000000 0.000000 0.000000 0.000000 
0.000000 166.040363 166.034859 166.031190 166.027520 166.024768 166.024768 166.024768 166.026603 166.032107 166.041281 0.000000 0.000000 0.000000 0.000000 
0.000000 166.037611 166.033942 166.031190 166.028438 166.027520 166.027520 166.029355 166.033942 166.041281 0.000000 0.000000 0.000000 0.000000 0.000000 
166.040363 166.036694 166.033942 166.031190 166.031190 166.031190 166.032107 166.035776 166.041667 0.000000 0.000000 0.000000 0.000000 0.000000 0.000000 
166.040363 166.036694 166.034859 166.033942 166.033942 166.034859 166.038528 0.000000 0.000000 0.000000 0.000000 0.000000 0.000000 0.000000 0.000000 
166.040363 166.037611 166.036694 166.036694 166.037611 166.040363 0.000000 0.000000 0.000000 0.000000 0.000000 0.000000 0.000000 0.000000 0.000000 
166.041281 166.040363 166.040363 166.040363 0.000000 0.000000 0.000000 0.000000 0.000000 0.000000 0.000000 0.000000 0.000000 0.000000 0.000000 
