test/output/constant/S3_S060_A180_WD270.0_WS035.0/S3_S060_A180_WD270.0_WS035.0_arrival.asc
ncols         38
nrows         7
xllcorner     426603.990666
yllcorner     12748455.311160
cellsize      100.000000
NODATA_value  0.000000
0.000000 0.000000 0.000000 0.000000 0.000000 0.000000 0.000000 0.000000 0.000000 0.000000 0.000000 0.000000 166.040387 166.039026 166.038118 166.037664 166.037211 166.037211 166.036757 166.036757 166.036757 166.037211 166.037664 166.038572 166.039026 166.039933 166.040841 166.041295 0.000000 0.000000 0.000000 0.000000 0.000000 0.000000 0.000000 0.000000 0.000000 0.000000 
0.000000 0.000000 0.000000 0.000000 166.034942 166.029950 166.026320 166.024505 166.023143 166.022689 166.022236 166.022236 166.022236 166.022689 166.023143 166.024051 166.024505 166.025412 166.026320 166.027227 166.028135 166.028589 166.029496 166.030404 166.031311 166.032673 166.033580 166.034488 166.035395 166.036757 166.037664 166.038572 166.039933 166.040841 166.041667 0.000000 0.000000 0.000000 
0.000000 166.013160 166.008622 166.007714 166.007714 166.008168 166.008622 166.009530 166.010437 166.011345 166.012252 166.013614 166.014521 166.015429 166.016790 166.017698 166.019059 166.019967 166.020874 166.022236 166.023143 166.024505 166.025412 166.026773 166.027681 166.029042 166.029950 166.031311 166.032219 166.033580 166.034488 166.035849 166.036757 166.038118 166.039026 166.039933 166.041295 0.000000 
166.000000 166.000908 166.001815 166.003177 166.004084 166.005445 166.006353 166.007714 166.008622 166.009983 166.010891 166.012252 166.013160 166.014521 166.015429 166.016790 166.017698 166.019059 166.019967 166.021328 166.022236 166.023597 166.024505 166.025866 166.026773 166.028135 166.029042 166.030404 166.031311 166.032673 166.033580 166.034942 166.035849 166.037211 166.038118 166.039479 166.040387 166.041667 
0.000000 166.013160 166.008622 166.007714 166.007714 166.008168 166.008622 166.009530 166.010437 166.011345 166.012252 166.013614 166.014521 166.015429 166.016790 166.017698 166.019059 166.019967 166.020874 166.022236 166.023143 166.024505 166.025412 166.026773 166.027681 166.029042 166.029950 166.031311 166.032219 166.033580 166.034488 166.035849 166.036757 166.038118 166.039026 166.039933 166.041295 0.000000 
0.000000 0.000000 0.000000 0.000000 166.034942 166.029950 166.026320 166.024505 166.023143 166.022689 166.022236 166.022236 166.022236 166.022689 166.023143 166.024051 166.024505 166.025412 166.026320 166.027227 166.028135 166.028589 166.029496 166.030404 166.031311 166.032673 166.033580 166.034488 166.035395 166.036757 166.037664 166.038572 166.039933 166.040841 166.041667 0.000000 0.000000 0.000000 
0.000000 0.000000 0.000000 0.000000 0.000000 0.000000 0.000000 0.000000 0.000000 0.000000 0.000000 0.000000 166.040387 166.039026 166.038118 166.037664 166.037211 166.037211 166.036757 166.036757 166.036757 166.037211 166.037664 166.038572 166.039026 166.039933 166.040841 166.041295 0.000000 0.000000 0.000000 0.000000 0.000000 0.000000 0.000000 0.000000 0.000000 0.000000 
