test/output/constant/M3M4100_S060_A180_WD270.0_WS045.0/M3M4100_S060_A180_WD270.0_WS045.0_arrival.asc
ncols         66
nrows         9
xllcorner     426603.990666
yllcorner     12748355.311160
cellsize      100.000000
NODATA_value  0.000000
0.000000 0.000000 0.000000 0.000000 0.000000 0.000000 0.000000 0.000000 0.000000 0.000000 0.000000 0.000000 0.000000 0.000000 0.000000 0.000000 0.000000 0.000000 0.000000 0.000000 0.000000 0.000000 0.000000 0.000000 0.000000 0.000000 0.000000 166.041667 166.041190 166.040932 166.040675 166.040417 166.040160 166.039903 166.039903 166.039645 166.039645 166.039645 166.039645 166.039645 166.040160 166.040417 166.040932 166.041190 166.041667 0.000000 0.000000 0.000000 0.000000 0.000000 0.000000 0.000000 0.000000 0.000000 0.000000 0.000000 0.000000 0.000000 0.000000 0.000000 0.000000 0.000000 0.000000 0.000000 0.000000 0.000000 
0.000000 0.000000 0.000000 0.000000 0.000000 0.000000 0.000000 0.000000 0.000000 0.000000 0.000000 166.041447 166.038873 166.036556 166.034754 166.033467 166.032179 166.031150 166.030377 166.030120 166.029605 166.029090 166.028833 166.028833 166.028575 166.028318 166.028318 166.028318 166.028575 166.028833 166.029090 166.029605 166.030120 166.030377 166.030892 166.031407 166.031665 166.032179 166.032694 166.032952 166.033467 166.033981 166.034496 166.034754 166.035269 166.035784 166.036298 166.036813 166.037328 166.037843 166.038358 166.038873 166.039388 166.039903 166.040417 166.041190 166.041667 0.000000 0.000000 0.000000 0.000000 0.000000 0.000000 0.000000 0.000000 0.000000 
0.000000 0.000000 0.000000 0.000000 166.038100 166.030892 166.026516 166.023942 166.021625 166.020337 166.018793 166.018278 166.017763 166.017506 166.017248 166.016991 166.016991 166.017248 166.017506 166.018020 166.018278 166.018793 166.019308 166.019565 166.020080 166.020595 166.021110 166.021367 166.021882 166.022397 166.022912 166.023427 166.023942 166.024714 166.025229 166.025744 166.026258 166.027031 166.027546 166.028060 166.028575 166.029348 166.029863 166.030377 166.031150 166.031665 166.032437 166.032952 166.033724 166.034239 166.034754 166.035526 166.036041 166.036556 166.037328 166.037843 166.038358 166.038873 166.039645 166.040160 166.040932 166.041447 0.000000 0.000000 0.000000 0.000000 
0.000000 166.015446 166.009010 166.006951 166.005921 166.005921 166.005921 166.006178 166.006693 166.007208 166.007723 166.008238 166.008753 166.009268 166.010040 166.010555 166.011327 166.011842 166.012357 166.013129 166.013644 166.014416 166.014931 166.015704 166.016218 166.016733 166.017506 166.018020 166.018793 166.019308 166.020080 166.020595 166.021367 166.021882 166.022654 166.023169 166.023684 166.024456 166.024971 166.025744 166.026258 166.027031 166.027546 166.028318 166.028833 166.029605 166.030120 166.030892 166.031407 166.031922 166.032694 166.033209 166.033981 166.034496 166.035269 166.035784 166.036556 166.037071 166.037843 166.038358 166.038873 166.039645 166.040160 166.040932 166.041447 0.000000 
166.000000 166.000515 166.001030 166.001802 166.002317 166.003089 166.003604 166.004376 166.004891 166.005664 166.006178 166.006951 166.007466 166.008238 166.008753 166.009525 166.010040 166.010812 166.011327 166.012099 166.012614 166.013387 166.013902 166.014674 166.015189 166.015961 166.016476 166.017248 166.017763 166.018535 166.019050 166.019823 166.020337 166.021110 166.021625 166.022397 166.022912 166.023684 166.024199 166.024971 166.025486 166.026258 166.026773 166.027546 166.028060 166.028833 166.029348 166.030120 166.030635 166.031407 166.031922 166.032694 166.033209 166.033981 166.034496 166.035269 166.035784 166.036556 166.037071 166.037843 166.038358 166.039130 166.039645 166.040417 166.040932 166.041667 
0.000000 166.015446 166.009010 166.006951 166.005921 166.005921 166.005921 166.006178 166.006693 166.007208 166.007723 166.008238 166.008753 166.009268 166.010040 166.010555 166.011327 166.011842 166.012357 166.013129 166.013644 166.014416 166.014931 166.015704 166.016218 166.016733 166.017506 166.018020 166.018793 166.019308 166.020080 166.020595 166.021367 166.021882 166.022654 166.023169 166.023684 166.024456 166.024971 166.025744 166.026258 166.027031 166.027546 166.028318 166.028833 166.029605 166.030120 166.030892 166.031407 166.031922 166.032694 166.033209 166.033981 166.034496 166.035269 166.035784 166.036556 166.037071 166.037843 166.038358 166.038873 166.039645 166.040160 166.040932 166.041447 0.000000 
0.000000 0.000000 0.000000 0.000000 166.038100 166.030892 166.026516 166.023942 166.021625 166.020337 166.018793 166.018278 166.017763 166.017506 166.017248 166.016991 166.016991 166.017248 166.017506 166.018020 166.018278 166.018793 166.019308 166.019565 166.020080 166.020595 166.021110 166.021367 166.021882 166.022397 166.022912 166.023427 166.023942 166.024714 166.025229 166.025744 166.026258 166.027031 166.027546 166.028060 166.028575 166.029348 166.029863 166.030377 166.031150 166.031665 166.032437 166.032952 166.033724 166.034239 166.034754 166.035526 166.036041 166.036556 166.037328 166.037843 166.038358 166.038873 166.039645 166.040160 166.040932 166.041447 0.000000 0.000000 0.000000 0.000000 
0.000000 0.000000 0.000000 0.000000 0.000000 0.000000 0.000000 0.000000 0.000000 0.000000 0.000000 166.041447 166.038873 166.036556 166.034754 166.033467 166.032179 166.031150 166.030377 166.030120 166.029605 166.029090 166.028833 166.028833 166.028575 166.028318 166.028318 166.028318 166.028575 166.028833 166.029090 166.029605 166.030120 166.030377 166.030892 166.031407 166.031665 166.032179 166.032694 166.032952 166.033467 166.033981 166.034496 166.034754 166.035269 166.035784 166.036298 166.036813 166.037328 166.037843 166.038358 166.038873 166.039388 166.039903 166.040417 166.041190 166.041667 0.000000 0.000000 0.000000 0.000000 0.000000 0.000000 0.000000 0.000000 0.000000 
0.000000 0.000000 0.000000 0.000000 0.000000 0.000000 0.000000 0.000000 0.000000 0.000000 0.000000 0.000000 0.000000 0.000000 0.000000 0.000000 0.000000 0.000000 0.000000 0.000000 0.000000 0.000000 0.000000 0.000000 0.000000 0.000000 0.000000 166.041667 166.041190 166.040932 166.040675 166.040417 166.040160 166.039903 166.039903 166.039645 166.039645 166.039645 166.039645 166.039645 166.040160 166.040417 166.040932 166.041190 166.041667 0.000000 0.000000 0.000000 0.000000 0.000000 0.000000 0.000000 0.000000 0.000000 0.000000 0.000000 0.000000 0.000000 0.000000 0.000000 0.000000 0.000000 0.000000 0.000000 0.000000 0.000000 
