test/output/constant/M3M495_S060_A180_WD090.0_WS050.0/M3M495_S060_A180_WD090.0_WS050.0_arrival.asc
ncols         19
nrows         13
xllcorner     425203.990666
yllcorner     12748155.311160
cellsize      100.000000
NODATA_value  0.000000
0.000000 0.000000 0.000000 0.000000 0.000000 0.000000 0.000000 166.041667 166.041667 166.041667 0.000000 0.000000 0.000000 0.000000 0.000000 0.000000 0.000000 0.000000 0.000000 
0.000000 0.000000 0.000000 166.041667 166.039376 166.038218 166.035901 166.035901 166.034743 166.034743 166.034743 166.034743 166.035901 166.038218 166.041667 0.000000 0.000000 0.000000 0.000000 
0.000000 0.000000 166.039376 166.037059 166.034743 166.032427 166.031269 166.028953 166.027795 166.026636 166.026636 166.026636 166.027795 166.028953 166.032427 166.035901 166.041667 0.000000 0.000000 
0.000000 166.039376 166.037059 166.034743 166.031269 166.028953 166.026636 166.024320 166.023162 166.020846 166.019688 166.019688 166.019688 166.020846 166.023162 166.026636 166.032427 166.039376 0.000000 
166.040534 166.038218 166.034743 166.032427 166.030111 166.026636 166.024320 166.020846 166.018530 166.016214 166.013897 166.012739 166.011581 166.011581 166.012739 166.017372 166.024320 166.032427 166.040534 
166.039376 166.037059 166.033585 166.031269 166.027795 166.025478 166.022004 166.019688 166.017372 166.013897 166.011581 166.008107 166.005791 166.004632 166.004632 166.008107 166.017372 166.027795 166.038218 
166.039376 166.037059 166.033585 166.031269 166.027795 166.025478 166.022004 166.019688 166.016214 166.013897 166.010423 166.008107 166.004632 166.002316 166.000000 166.005791 166.016214 166.026636 166.037059 
166.039376 166.037059 166.033585 166.031269 166.027795 166.025478 166.022004 166.019688 166.017372 166.013897 166.011581 166.008107 166.005791 166.004632 166.004632 166.008107 166.017372 166.027795 166.038218 
166.040534 166.038218 166.034743 166.032427 166.030111 166.026636 166.024320 166.020846 166.018530 166.016214 166.013897 166.012739 166.011581 166.011581 166.012739 166.017372 166.024320 166.032427 166.040534 
0.000000 166.039376 166.037059 166.034743 166.031269 166.028953 166.026636 166.024320 166.023162 166.020846 166.019688 166.019688 166.019688 166.020846 166.023162 166.026636 166.032427 166.039376 0.000000 
0.000000 0.000000 166.039376 166.037059 166.034743 166.032427 166.031269 166.028953 166.027795 166.026636 166.026636 166.026636 166.027795 166.028953 166.032427 166.035901 166.041667 0.000000 0.000000 
0.000000 0.000000 0.000000 166.041667 166.039376 166.038218 166.035901 166.035901 166.034743 166.034743 166.034743 166.034743 166.035901 166.038218 166.041667 0.000000 0.000000 0.000000 0.000000 
0.000000 0.000000 0.000000 0.000000 0.000000 0.000000 0.000000 166.041667 166.041667 166.041667 0.000000 0.000000 0.000000 0.000000 0.000000 0.000000 0.000000 0.000000 0.000000 
