test/output/constant/M395_S060_A090_WD180.0_WS010.0/M395_S060_A090_WD180.0_WS010.0_arrival.asc
ncols         11
nrows         42
xllcorner     426103.990666
yllcorner     12744755.311160
cellsize      100.000000
NODATA_value  0.000000
0.000000 0.000000 0.000000 0.000000 166.028083 166.018998 166.028083 0.000000 0.000000 0.000000 0.000000 
0.000000 0.000000 0.000000 166.034691 166.008673 166.000000 166.008673 166.034691 0.000000 0.000000 0.000000 
0.000000 0.000000 0.000000 166.023954 166.004543 166.000826 166.004543 166.023954 0.000000 0.000000 0.000000 
0.000000 0.000000 166.039647 166.018585 166.004130 166.001652 166.004130 166.018585 166.039647 0.000000 0.000000 
0.000000 0.000000 166.032626 166.014868 166.004543 166.002891 166.004543 166.014868 166.032626 0.000000 0.000000 
0.000000 0.000000 166.028496 166.013216 166.004956 166.003717 166.004956 166.013216 166.028496 0.000000 0.000000 
0.000000 0.000000 166.024780 166.012803 166.005782 166.004956 166.005782 166.012803 166.024780 0.000000 0.000000 
0.000000 166.038408 166.023128 166.012390 166.006608 166.005782 166.006608 166.012390 166.023128 166.038408 0.000000 
0.000000 166.035104 166.021889 166.012390 166.007434 166.007021 166.007434 166.012390 166.021889 166.035104 0.000000 
0.000000 166.033039 166.021476 166.012803 166.008673 166.007847 166.008673 166.012803 166.021476 166.033039 0.000000 
0.000000 166.031387 166.021063 166.013216 166.009499 166.009086 166.009499 166.013216 166.021063 166.031387 0.000000 
0.000000 166.030561 166.020650 166.014042 166.010738 166.009912 166.010738 166.014042 166.020650 166.030561 0.000000 
166.041667 166.029735 166.020650 166.014455 166.011564 166.011151 166.011564 166.014455 166.020650 166.029735 166.041667 
166.040060 166.029322 166.020650 166.015281 166.012803 166.011977 166.012803 166.015281 166.020650 166.029322 166.040060 
166.039234 166.028909 166.021063 166.016107 166.013629 166.013216 166.013629 166.016107 166.021063 166.028909 166.039234 
166.038408 166.028909 166.021476 166.016933 166.014455 166.014042 166.014455 166.016933 166.021476 166.028909 166.038408 
166.037995 166.028909 166.021889 166.017759 166.015694 166.015281 166.015694 166.017759 166.021889 166.028909 166.037995 
166.037582 166.028909 166.022715 166.018585 166.016520 166.016107 166.016520 166.018585 166.022715 166.028909 166.037582 
166.037169 166.028909 166.023541 166.019411 166.017759 166.017346 166.017759 166.019411 166.023541 166.028909 166.037169 
166.037169 166.029322 166.023954 166.020650 166.018585 166.018172 166.018585 166.020650 166.023954 166.029322 166.037169 
166.037169 166.029735 166.024780 166.021476 166.019824 166.019411 166.019824 166.021476 166.024780 166.029735 166.037169 
166.037169 166.030148 166.025606 166.022302 166.020650 166.020237 166.020650 166.022302 166.025606 166.030148 166.037169 
166.037169 166.030974 166.026432 166.023128 166.021476 166.021476 166.021476 166.023128 166.026432 166.030974 166.037169 
166.037169 166.031387 166.027258 166.024367 166.022715 166.022302 166.022715 166.024367 166.027258 166.031387 166.037169 
166.037169 166.032213 166.028083 166.025193 166.023541 166.023541 166.023541 166.025193 166.028083 166.032213 166.037169 
166.037995 166.033039 166.028909 166.026432 166.024780 166.024367 166.024780 166.026432 166.028909 166.033039 166.037995 
166.038408 166.033865 166.029735 166.027258 166.025606 166.025606 166.025606 166.027258 166.029735 166.033865 166.038408 
166.039234 166.034278 166.030561 166.028083 166.026845 166.026432 166.026845 166.028083 166.030561 166.034278 166.039234 
166.039647 166.035104 166.031387 166.029322 166.027670 166.027670 166.027670 166.029322 166.031387 166.035104 166.039647 
166.040473 166.035930 166.032213 166.030148 166.028909 166.028496 166.028909 166.030148 166.032213 166.035930 166.040473 
166.040886 166.036756 166.033452 166.031387 166.029735 166.029735 166.029735 166.031387 166.033452 166.036756 166.040886 
166.041667 166.037582 166.034278 166.032213 166.030974 166.030561 166.030974 166.032213 166.034278 166.037582 166.041667 
0.000000 166.038408 166.035104 166.033039 166.031800 166.031800 166.031800 166.033039 166.035104 166.038408 0.000000 
0.000000 166.039234 166.036343 166.034278 166.033039 166.032626 166.033039 166.034278 166.036343 166.039234 0.000000 
0.000000 166.039647 166.037169 166.035104 166.033865 166.033865 166.033865 166.035104 166.037169 166.039647 0.000000 
0.000000 166.040886 166.037995 166.035930 166.035104 166.034691 166.035104 166.035930 166.037995 166.040886 0.000000 
0.000000 166.041667 166.038821 166.037169 166.035930 166.035930 166.035930 166.037169 166.038821 166.041667 0.000000 
0.000000 0.000000 166.040060 166.037995 166.037169 166.036756 166.037169 166.037995 166.040060 0.000000 0.000000 
0.000000 0.000000 166.040886 166.039234 166.037995 166.037995 166.037995 166.039234 166.040886 0.000000 0.000000 
0.000000 0.000000 0.000000 166.040060 166.039234 166.038821 166.039234 166.040060 0.000000 0.000000 0.000000 
0.000000 0.000000 0.000000 166.041299 166.040060 166.040060 166.040060 166.041299 0.000000 0.000000 0.000000 
0.000000 0.000000 0.000000 0.000000 166.041299 166.040886 166.041299 0.000000 0.000000 0.000000 0.000000 
