test/output/constant/M3M470_S000_A090_WD270.0_WS030.0/M3M470_S000_A090_WD270.0_WS030.0_arrival.asc
ncols         30
nrows         9
xllcorner     426503.990666
yllcorner     12748355.311160
cellsize      100.000000
NODATA_value  0.000000
0.000000 0.000000 0.000000 0.000000 0.000000 0.000000 0.000000 0.000000 0.000000 0.000000 0.000000 166.041615 166.041029 166.040443 166.040443 166.039856 166.039856 166.040443 166.040443 166.041029 166.041615 0.000000 0.000000 0.000000 0.000000 0.000000 0.000000 0.000000 0.000000 0.000000 
0.000000 0.000000 0.000000 0.000000 0.000000 166.037512 166.033995 166.031651 166.029892 166.029306 166.028720 166.028720 166.028720 166.028720 166.029306 166.029892 166.031065 166.031651 166.032823 166.033995 166.035167 166.036340 166.037512 166.038684 166.039856 166.041029 166.041615 0.000000 0.000000 0.000000 
0.000000 0.000000 166.031065 166.024031 166.019928 166.018170 166.017584 166.017584 166.017584 166.017584 166.018756 166.019342 166.020514 166.021687 166.022859 166.024031 166.025203 166.026376 166.027548 166.028720 166.030478 166.031651 166.032823 166.034581 166.035754 166.036926 166.038684 166.039856 166.041615 0.000000 
166.036926 166.011136 166.006447 166.005861 166.005861 166.007033 166.008206 166.009378 166.010550 166.012309 166.013481 166.015239 166.016411 166.018170 166.019342 166.020514 166.022273 166.023445 166.025203 166.026376 166.028134 166.029306 166.030478 166.032237 166.033409 166.035167 166.036340 166.038098 166.039270 166.041029 
166.026962 166.000000 166.001172 166.002344 166.004103 166.005275 166.007033 166.008206 166.009964 166.011136 166.012895 166.014067 166.015825 166.016998 166.018756 166.019928 166.021687 166.022859 166.024617 166.025789 166.027548 166.028720 166.030478 166.031651 166.033409 166.034581 166.036340 166.037512 166.039270 166.040443 
166.036926 166.011136 166.006447 166.005861 166.005861 166.007033 166.008206 166.009378 166.010550 166.012309 166.013481 166.015239 166.016411 166.018170 166.019342 166.020514 166.022273 166.023445 166.025203 166.026376 166.028134 166.029306 166.030478 166.032237 166.033409 166.035167 166.036340 166.038098 166.039270 166.041029 
0.000000 0.000000 166.031065 166.024031 166.019928 166.018170 166.017584 166.017584 166.017584 166.017584 166.018756 166.019342 166.020514 166.021687 166.022859 166.024031 166.025203 166.026376 166.027548 166.028720 166.030478 166.031651 166.032823 166.034581 166.035754 166.036926 166.038684 166.039856 166.041615 0.000000 
0.000000 0.000000 0.000000 0.000000 0.000000 166.037512 166.033995 166.031651 166.029892 166.029306 166.028720 166.028720 166.028720 166.028720 166.029306 166.029892 166.031065 166.031651 166.032823 166.033995 166.035167 166.036340 166.037512 166.038684 166.039856 166.041029 166.041615 0.000000 0.000000 0.000000 
0.000000 0.000000 0.000000 0.000000 0.000000 0.000000 0.000000 0.000000 0.000000 0.000000 0.000000 166.041615 166.041029 166.040443 166.040443 166.039856 166.039856 166.040443 166.040443 166.041029 166.041615 0.000000 0.000000 0.000000 0.000000 0.000000 0.000000 0.000000 0.000000 0.000000 
