test/output/constant/M395_S060_A270_WD090.0_WS010.0/M395_S060_A270_WD090.0_WS010.0_intensity.asc
ncols         17
nrows         55
xllcorner     425103.990666
yllcorner     12748755.311160
cellsize      100.000000
NODATA_value  0.000000
0 85695 83685 85695 0 0 0 0 0 0 0 0 0 0 0 0 0 
85695 85695 85695 83685 85695 0 0 0 0 0 0 0 0 0 0 0 0 
85695 85695 85695 30918 85695 30918 0 0 0 0 0 0 0 0 0 0 0 
85695 85695 85695 83685 80848 83685 0 0 0 0 0 0 0 0 0 0 0 
85695 85695 85695 85695 71917 71917 38049 0 0 0 0 0 0 0 0 0 0 
85695 85695 85695 85695 85695 85695 71917 45352 0 0 0 0 0 0 0 0 0 
85695 85695 85695 85695 85695 52605 85695 45352 0 0 0 0 0 0 0 0 0 
83248 85695 85695 85695 71917 38049 71917 38049 0 0 0 0 0 0 0 0 0 
85695 85695 80196 85695 85695 38049 30918 30918 30918 0 0 0 0 0 0 0 0 
85695 85695 85695 85695 85695 66092 38049 38049 30918 0 0 0 0 0 0 0 0 
85695 85695 85101 85695 85695 85695 76885 45352 80848 76885 0 0 0 0 0 0 0 
70900 85695 85695 85695 85695 85695 66092 59589 38049 66092 0 0 0 0 0 0 0 
58338 85695 85695 85695 85695 71917 66092 52605 66092 38049 45352 0 0 0 0 0 0 
58338 85520 85695 85695 85695 85695 83685 38049 38049 38049 30918 0 0 0 0 0 0 
0 85695 85695 83248 85695 85695 85695 76885 85695 24176 38049 0 0 0 0 0 0 
0 85695 85695 85695 85695 85695 71917 80848 38049 45352 38049 30918 0 0 0 0 0 
0 58338 70900 83248 85695 83248 85695 59589 38049 76885 18026 38049 0 0 0 0 0 
0 4523 70900 85695 85695 85695 85695 38049 85695 71917 24176 38049 0 0 0 0 0 
0 4523 64940 85695 83248 85695 85695 85695 76885 66092 38049 30918 24176 0 0 0 0 
0 58338 4523 83248 85695 85695 85695 85695 30918 52605 76885 38049 30918 0 0 0 0 
0 64940 58338 85695 85695 85695 85695 76885 85695 52605 30918 38049 38049 0 0 0 0 
0 0 58338 1798 83248 85695 80196 85624 30918 38049 38049 71917 38049 0 0 0 0 
0 0 4523 58338 85695 85695 85695 85695 85695 66092 76885 30918 52605 30918 0 0 0 
0 0 58338 58338 58338 85695 85695 85695 76885 38049 38049 30918 12654 30918 0 0 0 
0 0 4523 58338 58338 85695 85695 85695 85695 71917 30918 38049 66092 38049 0 0 0 
0 0 4523 64940 4523 80196 85101 85695 85695 71917 30918 76885 18026 38049 0 0 0 
0 0 0 58338 4523 85695 85695 85695 85695 85695 24176 24176 38049 30918 18026 0 0 
0 0 0 4523 58338 7665 85695 85695 85695 59589 45352 38049 38049 30918 38049 0 0 
0 0 0 58338 58338 58338 85695 85695 85695 85695 85309 24176 18026 30918 30918 0 0 
0 0 0 64940 4523 58338 70900 85695 85695 85695 83685 38049 76885 18026 30918 0 0 
0 0 0 0 58338 4523 58338 85695 85695 85695 76885 38049 30918 52605 12654 30918 0 
0 0 0 0 58338 58338 64940 70900 85695 85695 80848 38049 71917 12654 30918 24176 0 
0 0 0 0 2490 58338 64940 85695 85695 85695 85695 85695 24176 38049 30918 30918 0 
0 0 0 0 64940 64940 58338 64940 85695 85695 85695 18026 38049 18026 38049 18026 0 
0 0 0 0 0 58338 58338 4523 85695 85695 85695 38049 24176 38049 30918 38049 0 
0 0 0 0 0 4523 2490 64940 76038 85695 85695 66092 85695 30918 30918 30918 0 
0 0 0 0 0 58338 58338 4523 58338 85101 85695 85695 76885 30918 18026 24176 0 
0 0 0 0 0 0 58338 58338 58338 85695 85695 85695 76885 66092 30918 38049 0 
0 0 0 0 0 0 58338 64940 4523 85695 85695 85695 76885 38049 38049 18026 24176 
0 0 0 0 0 0 7665 58338 58338 58338 85695 85695 85624 45352 18026 38049 30918 
0 0 0 0 0 0 0 4523 58338 64940 85695 85695 71917 30918 38049 38049 18026 
0 0 0 0 0 0 0 58338 2490 4523 64940 85695 85695 38049 38049 30918 30918 
0 0 0 0 0 0 0 58338 58338 58338 4523 85695 85695 85695 30918 38049 30918 
0 0 0 0 0 0 0 0 2490 58338 4523 85695 85695 52605 38049 18026 24176 
0 0 0 0 0 0 0 0 58338 58338 7665 58338 85695 85695 38049 24176 30918 
0 0 0 0 0 0 0 0 0 64940 2490 58338 85695 85695 71917 38049 18026 
0 0 0 0 0 0 0 0 0 4523 2490 58338 85695 85695 38049 38049 30918 
0 0 0 0 0 0 0 0 0 2490 58338 64940 58338 85695 12654 30918 30918 
0 0 0 0 0 0 0 0 0 0 2490 58338 58338 85695 85695 38049 30918 
0 0 0 0 0 0 0 0 0 0 2490 2490 58338 85695 85695 59589 18026 
0 0 0 0 0 0 0 0 0 0 0 1798 2490 70900 85695 38049 38049 
0 0 0 0 0 0 0 0 0 0 0 2490 2490 58338 85695 80848 30918 
0 0 0 0 0 0 0 0 0 0 0 0 1798 1798 85695 85695 18026 
0 0 0 0 0 0 0 0 0 0 0 0 0 1798 70900 85695 18026 
0 0 0 0 0 0 0 0 0 0 0 0 0 1364 1798 0 958 
