test/output/constant/M185_S060_A270_WD180.0_WS030.0/M185_S060_A270_WD180.0_WS030.0_arrival.asc
ncols         7
nrows         38
xllcorner     426303.990666
yllcorner     12748755.311160
cellsize      100.000000
NODATA_value  0.000000
0.000000 0.000000 166.041667 166.040996 166.041667 0.000000 0.000000 
0.000000 0.000000 166.040550 166.039659 166.040550 0.000000 0.000000 
0.000000 0.000000 166.039659 166.038768 166.039659 0.000000 0.000000 
0.000000 0.000000 166.038768 166.037431 166.038768 0.000000 0.000000 
0.000000 166.040996 166.037431 166.036540 166.037431 166.040996 0.000000 
0.000000 166.040105 166.036540 166.035203 166.036540 166.040105 0.000000 
0.000000 166.038768 166.035203 166.034312 166.035203 166.038768 0.000000 
0.000000 166.037877 166.034312 166.032975 166.034312 166.037877 0.000000 
0.000000 166.036985 166.032975 166.032084 166.032975 166.036985 0.000000 
0.000000 166.035648 166.032084 166.030747 166.032084 166.035648 0.000000 
0.000000 166.034757 166.030747 166.029856 166.030747 166.034757 0.000000 
0.000000 166.033866 166.029856 166.028519 166.029856 166.033866 0.000000 
166.041441 166.032975 166.028519 166.027628 166.028519 166.032975 166.041441 
166.040996 166.032084 166.027628 166.026291 166.027628 166.032084 166.040996 
166.040105 166.031192 166.026736 166.025400 166.026736 166.031192 166.040105 
166.040105 166.030301 166.025400 166.024063 166.025400 166.030301 166.040105 
166.040105 166.029410 166.024508 166.023172 166.024508 166.029410 166.040105 
166.040105 166.028519 166.023172 166.021835 166.023172 166.028519 166.040105 
166.040105 166.028073 166.022280 166.020943 166.022280 166.028073 166.040105 
166.040550 166.027182 166.020943 166.019607 166.020943 166.027182 166.040550 
166.040996 166.026291 166.020052 166.018715 166.020052 166.026291 166.040996 
166.041441 166.025845 166.018715 166.017379 166.018715 166.025845 166.041441 
0.000000 166.024954 166.017824 166.016487 166.017824 166.024954 0.000000 
0.000000 166.024063 166.016933 166.015151 166.016933 166.024063 0.000000 
0.000000 166.024063 166.015596 166.014259 166.015596 166.024063 0.000000 
0.000000 166.024063 166.014705 166.012923 166.014705 166.024063 0.000000 
0.000000 166.024508 166.013368 166.012031 166.013368 166.024508 0.000000 
0.000000 166.024954 166.012477 166.010695 166.012477 166.024954 0.000000 
0.000000 166.025400 166.011586 166.009803 166.011586 166.025400 0.000000 
0.000000 166.026736 166.010695 166.008467 166.010695 166.026736 0.000000 
0.000000 166.028519 166.009803 166.007575 166.009803 166.028519 0.000000 
0.000000 166.031192 166.008912 166.006238 166.008912 166.031192 0.000000 
0.000000 166.035648 166.008467 166.005347 166.008467 166.035648 0.000000 
0.000000 0.000000 166.008021 166.004010 166.008021 0.000000 0.000000 
0.000000 0.000000 166.008467 166.003119 166.008467 0.000000 0.000000 
0.000000 0.000000 166.010249 166.001782 166.010249 0.000000 0.000000 
0.000000 0.000000 166.016487 166.000891 166.016487 0.000000 0.000000 
0.000000 0.000000 0.000000 166.000000 0.000000 0.000000 0.000000 
