test/output/constant/C4_S060_A000_WD090.0_WS010.0/C4_S060_A000_WD090.0_WS010.0_arrival.asc
ncols         30
nrows         7
xllcorner     423703.990666
yllcorner     12748455.311160
cellsize      100.000000
NODATA_value  0.000000
0.000000 0.000000 0.000000 0.000000 0.000000 0.000000 0.000000 0.000000 166.041142 166.039999 166.039428 166.038285 166.037714 166.037142 166.037142 166.037142 166.037142 166.037714 166.038285 166.038857 166.041142 0.000000 0.000000 0.000000 0.000000 0.000000 0.000000 0.000000 0.000000 0.000000 
0.000000 0.000000 166.041667 166.040571 166.038857 166.037714 166.036571 166.035428 166.033714 166.032571 166.031428 166.030285 166.029142 166.028000 166.026857 166.026285 166.025143 166.024000 166.023428 166.022285 166.022285 166.022285 166.022857 166.023428 166.025143 166.028571 166.033714 0.000000 0.000000 0.000000 
166.041667 166.040571 166.038857 166.037714 166.036000 166.034857 166.033142 166.032000 166.030285 166.029142 166.027428 166.026285 166.025143 166.023428 166.022285 166.020571 166.019428 166.017714 166.016571 166.014857 166.013714 166.012571 166.010857 166.009714 166.009143 166.008000 166.007428 166.008000 166.010286 166.027428 
166.041142 166.039428 166.038285 166.036571 166.035428 166.033714 166.032571 166.030857 166.029714 166.028000 166.026857 166.025143 166.024000 166.022285 166.021143 166.019428 166.018285 166.016571 166.015428 166.013714 166.012571 166.010857 166.009714 166.008000 166.006857 166.005143 166.004000 166.002286 166.001143 166.000000 
166.041667 166.040571 166.038857 166.037714 166.036000 166.034857 166.033142 166.032000 166.030285 166.029142 166.027428 166.026285 166.025143 166.023428 166.022285 166.020571 166.019428 166.017714 166.016571 166.014857 166.013714 166.012571 166.010857 166.009714 166.009143 166.008000 166.007428 166.008000 166.010286 166.027428 
0.000000 0.000000 166.041667 166.040571 166.038857 166.037714 166.036571 166.035428 166.033714 166.032571 166.031428 166.030285 166.029142 166.028000 166.026857 166.026285 166.025143 166.024000 166.023428 166.022285 166.022285 166.022285 166.022857 166.023428 166.025143 166.028571 166.033714 0.000000 0.000000 0.000000 
0.000000 0.000000 0.000000 0.000000 0.000000 0.000000 0.000000 0.000000 166.041142 166.039999 166.039428 166.038285 166.037714 166.037142 166.037142 166.037142 166.037142 166.037714 166.038285 166.038857 166.041142 0.000000 0.000000 0.000000 0.000000 0.000000 0.000000 0.000000 0.000000 0.000000 
