test/output/constant/M490_S060_A270_WD270.0_WS010.0/M490_S060_A270_WD270.0_WS010.0_arrival.asc
ncols         11
nrows         25
xllcorner     426503.990666
yllcorner     12748755.311160
cellsize      100.000000
NODATA_value  0.000000
0.000000 0.000000 0.000000 0.000000 0.000000 0.000000 0.000000 166.041432 166.040785 166.041432 0.000000 
0.000000 0.000000 0.000000 0.000000 0.000000 0.000000 166.041432 166.039490 166.039490 166.039490 0.000000 
0.000000 0.000000 0.000000 0.000000 0.000000 0.000000 166.038843 166.037548 166.037548 166.038843 166.041667 
0.000000 0.000000 0.000000 0.000000 0.000000 166.040137 166.036901 166.035606 166.035606 166.037548 0.000000 
0.000000 0.000000 0.000000 0.000000 0.000000 166.036901 166.034311 166.034311 166.034311 166.037548 0.000000 
0.000000 0.000000 0.000000 0.000000 166.038843 166.034311 166.032369 166.032369 166.033664 166.036901 0.000000 
0.000000 0.000000 0.000000 0.000000 166.035606 166.031722 166.030427 166.030427 166.033016 166.036901 0.000000 
0.000000 0.000000 0.000000 166.039490 166.033016 166.029779 166.029132 166.029132 166.032369 166.037548 0.000000 
0.000000 0.000000 0.000000 166.035606 166.029779 166.027190 166.027190 166.028485 166.032369 166.038195 0.000000 
0.000000 0.000000 166.041432 166.032369 166.027190 166.025248 166.025248 166.027190 166.032369 166.039490 0.000000 
0.000000 0.000000 166.036901 166.029132 166.024600 166.023953 166.023953 166.027190 166.033016 166.041432 0.000000 
0.000000 0.000000 166.033016 166.025895 166.022011 166.022011 166.023306 166.027190 166.034311 0.000000 0.000000 
0.000000 166.041432 166.029779 166.022658 166.020069 166.020069 166.022658 166.027837 166.036253 0.000000 0.000000 
0.000000 166.037548 166.025895 166.020069 166.018774 166.018774 166.022658 166.029132 166.039490 0.000000 0.000000 
0.000000 166.033016 166.022011 166.017479 166.016832 166.018127 166.022658 166.031074 0.000000 0.000000 0.000000 
0.000000 166.029132 166.018774 166.014890 166.014890 166.017479 166.023953 166.034311 0.000000 0.000000 0.000000 
0.000000 166.024600 166.015537 166.013595 166.013595 166.017479 166.025895 166.039490 0.000000 0.000000 0.000000 
0.000000 166.020716 166.012300 166.011653 166.012948 166.018127 166.029779 0.000000 0.000000 0.000000 0.000000 
166.041432 166.016832 166.010358 166.009711 166.012300 166.020716 166.036253 0.000000 0.000000 0.000000 0.000000 
166.036901 166.012948 166.008416 166.008416 166.012948 166.025248 0.000000 0.000000 0.000000 0.000000 0.000000 
166.033016 166.009063 166.006474 166.007769 166.014890 166.033016 0.000000 0.000000 0.000000 0.000000 0.000000 
166.030427 166.005179 166.004532 166.007769 166.021363 0.000000 0.000000 0.000000 0.000000 0.000000 0.000000 
166.029132 166.003237 166.003237 166.010358 166.034311 0.000000 0.000000 0.000000 0.000000 0.000000 0.000000 
166.027837 166.001295 166.002590 166.021363 0.000000 0.000000 0.000000 0.000000 0.000000 0.000000 0.000000 
166.034311 166.000000 166.007769 0.000000 0.000000 0.000000 0.000000 0.000000 0.000000 0.000000 0.000000 
