test/output/constant/M3M495_S060_A090_WD090.0_WS005.0/M3M495_S060_A090_WD090.0_WS005.0_raz.asc
ncols         12
nrows         54
xllcorner     425703.990666
yllcorner     12743555.311160
cellsize      100.000000
NODATA_value  0.000000
0 0 0 0 0 0 0 0 0 7 0 0 
0 0 0 0 0 0 0 0 277 254 7 0 
0 0 0 0 0 0 0 300 222 187 168 0 
0 0 0 0 0 0 0 263 187 187 168 73 
0 0 0 0 0 0 277 194 187 187 168 97 
0 0 0 0 0 0 194 194 189 187 168 176 
0 0 0 0 0 251 194 194 187 179 168 168 
0 0 0 0 0 194 194 187 187 179 177 168 
0 0 0 0 0 194 194 187 187 180 168 174 
0 0 0 0 194 194 194 187 187 179 168 171 
0 0 0 0 300 251 234 191 187 180 171 171 
0 0 0 0 234 194 190 190 187 174 171 168 
0 0 0 251 194 194 192 187 186 179 168 168 
0 0 0 194 194 234 187 187 187 179 176 174 
0 0 0 193 193 194 190 187 179 179 176 176 
0 0 0 194 194 187 187 187 176 180 176 179 
0 0 0 251 193 187 192 187 177 179 176 174 
0 0 234 194 194 187 190 187 185 168 174 174 
0 0 251 194 194 187 187 187 176 179 179 171 
0 0 251 194 187 187 187 186 186 174 177 174 
0 0 194 194 187 187 187 187 185 179 171 177 
0 0 193 194 187 187 187 182 176 174 180 179 
0 193 194 234 190 189 187 187 179 179 179 168 
0 251 194 234 187 189 187 182 180 176 177 174 
0 194 194 187 191 191 187 180 179 179 179 174 
0 194 194 187 187 189 187 174 168 179 179 176 
0 194 193 187 187 187 183 187 180 180 179 171 
0 234 187 187 187 187 187 179 179 179 179 180 
0 194 187 190 188 187 187 179 171 180 179 168 
194 194 187 187 188 187 180 179 180 179 179 179 
194 234 187 189 189 187 187 180 179 180 174 0 
194 189 187 187 189 187 187 179 177 180 179 0 
263 189 188 187 187 187 180 180 179 171 174 0 
194 188 187 191 187 187 182 182 180 180 179 0 
187 189 187 187 187 187 187 180 179 171 176 0 
193 190 187 187 187 187 179 179 179 180 180 0 
187 187 187 188 187 187 187 180 179 176 177 0 
187 187 189 189 187 185 179 179 179 180 0 0 
187 189 187 187 187 187 171 180 179 176 0 0 
187 191 190 187 187 187 174 179 179 179 0 0 
187 190 187 187 187 179 171 171 179 177 0 0 
187 187 187 187 187 179 182 179 179 179 0 0 
189 187 189 187 187 179 174 180 180 0 0 0 
187 188 187 187 187 187 168 171 177 0 0 0 
187 189 189 187 182 179 180 179 179 0 0 0 
187 187 187 187 179 179 179 180 0 0 0 0 
189 187 187 187 187 186 179 168 0 0 0 0 
187 187 187 187 183 183 180 180 0 0 0 0 
187 187 187 187 187 184 183 0 0 0 0 0 
0 188 187 187 182 180 177 0 0 0 0 0 
0 191 187 187 180 179 0 0 0 0 0 0 
0 187 187 187 174 179 0 0 0 0 0 0 
0 187 187 187 187 0 0 0 0 0 0 0 
0 0 187 179 0 0 0 0 0 0 0 0 
