test/output/constant/M3M495_S060_A090_WD090.0_WS005.0/M3M495_S060_A090_WD090.0_WS005.0_ros.asc
ncols         12
nrows         54
xllcorner     425703.990666
yllcorner     12743555.311160
cellsize      100.000000
NODATA_value  0.000000
0.000000 0.000000 0.000000 0.000000 0.000000 0.000000 0.000000 0.000000 0.000000 0.890900 0.000000 0.000000 
0.000000 0.000000 0.000000 0.000000 0.000000 0.000000 0.000000 0.000000 1.506570 -1.000000 0.890900 0.000000 
0.000000 0.000000 0.000000 0.000000 0.000000 0.000000 0.000000 1.121602 7.958926 86.896217 24.246853 0.000000 
0.000000 0.000000 0.000000 0.000000 0.000000 0.000000 0.000000 1.956727 86.896217 86.896217 24.246853 1.093542 
0.000000 0.000000 0.000000 0.000000 0.000000 0.000000 1.506570 59.370827 86.896217 86.896217 24.246853 1.506570 
0.000000 0.000000 0.000000 0.000000 0.000000 0.000000 59.370827 59.370827 84.480309 86.896217 24.246853 45.630875 
0.000000 0.000000 0.000000 0.000000 0.000000 2.664682 59.370827 59.370827 86.896217 60.075089 24.246853 24.246853 
0.000000 0.000000 0.000000 0.000000 0.000000 59.370827 59.370827 86.896217 86.896217 60.075089 52.982922 24.246853 
0.000000 0.000000 0.000000 0.000000 0.000000 59.370827 59.370827 86.738083 86.896217 66.691994 24.246853 38.242210 
0.000000 0.000000 0.000000 0.000000 59.370827 59.370827 59.370827 86.896217 86.896217 60.075089 24.246853 31.041319 
0.000000 0.000000 0.000000 0.000000 1.121602 2.664682 4.749319 77.237778 86.896217 66.691994 31.041319 31.041319 
0.000000 0.000000 0.000000 0.000000 4.749319 59.370827 81.420494 81.420494 86.896217 38.242210 31.041319 24.246853 
0.000000 0.000000 0.000000 2.664682 59.370827 59.370827 72.059364 86.896217 86.442719 60.075089 24.246853 24.246853 
0.000000 0.000000 0.000000 59.370827 59.370827 4.749319 86.896217 86.896217 86.896217 60.075089 45.630875 38.242210 
0.000000 0.000000 0.000000 66.042717 66.042717 59.370827 81.420494 86.896217 60.075089 60.075089 45.630875 45.630875 
0.000000 0.000000 0.000000 59.370827 59.370827 86.896217 86.896217 86.896217 45.630875 66.691994 45.630875 60.075089 
0.000000 0.000000 0.000000 2.664682 66.042717 86.896217 72.059364 86.896217 52.982922 60.075089 45.630875 38.242210 
0.000000 0.000000 4.749319 59.370827 59.370827 86.896217 81.420494 86.896217 84.728203 24.246853 38.242210 38.242210 
0.000000 0.000000 2.664682 59.370827 59.370827 86.896217 86.738083 86.896217 45.630875 60.075089 60.075089 31.041319 
0.000000 0.000000 2.664682 59.370827 86.896217 86.896217 86.896217 86.442719 86.442719 38.242210 52.982922 38.242210 
0.000000 0.000000 59.370827 59.370827 86.896217 86.896217 86.896217 86.896217 84.728203 60.075089 31.041319 52.982922 
0.000000 0.000000 66.042717 59.370827 86.738083 86.896217 86.896217 72.632683 45.630875 38.242210 66.691994 60.075089 
0.000000 66.042717 59.370827 4.749319 81.420494 84.480309 86.896217 86.896217 60.075089 60.075089 60.075089 24.246853 
0.000000 2.664682 59.370827 4.749319 86.896217 84.480309 86.896217 72.632683 66.691994 45.630875 52.982922 38.242210 
0.000000 59.370827 59.370827 86.896217 77.237778 77.237778 86.896217 66.691994 60.075089 60.075089 60.075089 38.242210 
0.000000 59.370827 59.370827 86.896217 86.896217 84.480309 86.896217 38.242210 24.246853 60.075089 60.075089 45.630875 
0.000000 59.370827 66.042717 86.896217 86.896217 86.896217 77.716751 86.896217 66.691994 66.691994 60.075089 31.041319 
0.000000 4.749319 86.896217 86.896217 86.738083 86.896217 86.896217 60.075089 60.075089 60.075089 60.075089 66.691994 
0.000000 59.370827 86.896217 81.420494 86.324135 86.896217 86.896217 60.075089 31.041319 66.691994 60.075089 24.246853 
59.370827 59.370827 86.896217 86.896217 86.324135 86.896217 66.691994 60.075089 66.691994 60.075089 60.075089 60.075089 
59.370827 4.749319 86.896217 84.480309 84.480309 86.896217 86.896217 66.691994 60.075089 66.691994 38.242210 0.000000 
59.370827 84.480309 86.896217 86.896217 84.480309 86.896217 86.896217 60.075089 52.982922 66.691994 60.075089 0.000000 
1.956727 84.480309 86.324135 86.896217 86.896217 86.896217 66.691994 66.691994 60.075089 31.041319 38.242210 0.000000 
59.370827 86.324135 86.896217 77.237778 86.896217 86.896217 72.632683 72.632683 66.691994 66.691994 60.075089 0.000000 
86.896217 84.480309 86.896217 86.896217 86.896217 86.896217 86.896217 66.691994 60.075089 31.041319 45.630875 0.000000 
66.042717 81.420494 86.896217 86.896217 86.896217 86.896217 60.075089 60.075089 60.075089 66.691994 66.691994 0.000000 
86.896217 86.896217 86.896217 86.324135 86.896217 86.896217 86.896217 66.691994 60.075089 45.630875 52.982922 0.000000 
86.896217 86.896217 84.480309 84.480309 86.896217 84.728203 60.075089 60.075089 60.075089 66.691994 0.000000 0.000000 
86.896217 84.480309 86.896217 86.896217 86.896217 86.896217 31.041319 66.691994 60.075089 45.630875 0.000000 0.000000 
86.896217 77.237778 81.420494 86.896217 86.896217 86.896217 38.242210 60.075089 60.075089 60.075089 0.000000 0.000000 
86.896217 81.420494 86.896217 86.896217 86.896217 60.075089 31.041319 31.041319 60.075089 52.982922 0.000000 0.000000 
86.896217 86.896217 86.896217 86.896217 86.896217 60.075089 72.632683 60.075089 60.075089 60.075089 0.000000 0.000000 
84.480309 86.896217 84.480309 86.896217 86.896217 60.075089 38.242210 66.691994 66.691994 0.000000 0.000000 0.000000 
86.896217 86.324135 86.896217 86.896217 86.896217 86.896217 24.246853 31.041319 52.982922 0.000000 0.000000 0.000000 
86.896217 84.480309 84.480309 86.896217 72.632683 60.075089 66.691994 60.075089 60.075089 0.000000 0.000000 0.000000 
86.896217 86.896217 86.896217 86.896217 60.075089 60.075089 60.075089 66.691994 0.000000 0.000000 0.000000 0.000000 
84.480309 86.896217 86.896217 86.896217 86.896217 86.797562 60.075089 24.246853 0.000000 0.000000 0.000000 0.000000 
86.738083 86.896217 86.896217 86.896217 77.716751 77.716751 66.691994 66.691994 0.000000 0.000000 0.000000 0.000000 
86.738083 86.896217 86.896217 86.896217 86.896217 81.789810 77.716751 0.000000 0.000000 0.000000 0.000000 0.000000 
0.000000 86.324135 86.896217 86.896217 72.632683 66.691994 52.982922 0.000000 0.000000 0.000000 0.000000 0.000000 
0.000000 77.237778 86.896217 86.896217 66.691994 60.075089 0.000000 0.000000 0.000000 0.000000 0.000000 0.000000 
0.000000 86.896217 86.896217 86.896217 38.242210 60.075089 0.000000 0.000000 0.000000 0.000000 0.000000 0.000000 
0.000000 86.896217 86.896217 86.896217 86.896217 0.000000 0.000000 0.000000 0.000000 0.000000 0.000000 0.000000 
0.000000 0.000000 86.896217 60.075089 0.000000 0.000000 0.000000 0.000000 0.000000 0.000000 0.000000 0.000000 
