test/output/constant/M380_S060_A090_WD135.0_WS010.0/M380_S060_A090_WD135.0_WS010.0_intensity.asc
ncols         13
nrows         38
xllcorner     425603.990666
yllcorner     12745155.311160
cellsize      100.000000
NODATA_value  0.000000
0 0 0 0 0 0 0 0 0 1219 1219 1157 0 
0 0 0 0 0 0 0 0 1219 1696 0 1157 0 
0 0 0 0 0 0 0 0 2390 44680 54296 19885 0 
0 0 0 0 0 0 0 27870 32390 54158 54296 15722 1346 
0 0 0 0 0 0 1397 3643 40924 54296 28832 28832 1157 
0 0 0 0 0 0 2390 36786 54296 54296 41774 28832 11936 
0 0 0 0 0 1981 2390 40924 54296 54296 28832 28832 11936 
0 0 0 0 0 2390 1219 36786 54296 54296 28832 28832 15722 
0 0 0 0 0 2390 1397 53828 54296 54296 37704 19885 19885 
0 0 0 0 36786 3643 40924 54158 54296 33346 15722 28832 11936 
0 0 0 0 3643 3643 36786 54296 54296 33346 33346 33346 11936 
0 0 0 0 36786 36786 54296 54296 54296 24300 33346 19885 28832 
0 0 0 5549 36786 3643 54296 54296 28832 33346 15722 28832 28832 
0 0 0 3643 2390 3643 54296 54296 54296 33346 28832 28832 0 
0 0 0 2390 36786 54158 54296 54296 54296 19885 24300 28832 0 
0 0 2390 5549 36786 54296 54296 54296 41774 28832 33346 24300 0 
0 0 40924 3643 40924 54296 54296 51092 33346 41774 28832 33346 0 
0 0 36786 36786 54296 54296 54296 54296 24300 15722 11936 33346 0 
0 0 5549 36786 54296 54296 54296 54296 28832 19885 33346 33346 0 
0 3643 5549 2390 54296 54296 54296 54296 33346 28832 11936 19885 0 
0 36786 2390 54158 54296 54296 54296 33346 15722 33346 28832 0 0 
0 36786 2390 54296 54296 54296 48571 28832 33346 24300 33346 0 0 
0 40924 54296 52582 54296 54296 28832 37704 28832 15722 11936 0 0 
0 36786 54296 54296 54296 54296 52919 37704 33346 28832 28832 0 0 
0 40924 54296 52582 54158 54296 54296 28832 33346 33346 19885 0 0 
36786 3643 54296 50598 54296 54296 33346 33346 33346 24300 0 0 0 
36786 54296 54296 54296 54296 54296 28832 33346 19885 28832 0 0 0 
36786 54296 54296 54296 54296 28832 54296 33346 28832 28832 0 0 0 
40924 52582 54296 54296 54296 52919 41774 28832 33346 0 0 0 0 
54296 54296 54158 54296 54296 54296 33346 15722 28832 0 0 0 0 
54296 54296 54296 54296 54296 33346 53998 24300 33346 0 0 0 0 
54296 54296 54296 54296 45434 28832 28832 52919 0 0 0 0 0 
54158 54296 54296 54296 54296 37704 19885 33346 0 0 0 0 0 
54296 54296 54296 54296 54296 52919 33346 0 0 0 0 0 0 
54158 54296 54296 51092 54296 48571 28832 0 0 0 0 0 0 
0 54296 54296 54296 37704 33346 0 0 0 0 0 0 0 
0 54296 54296 54296 28832 0 0 0 0 0 0 0 0 
0 54296 54296 28832 0 0 0 0 0 0 0 0 0 
