test/output/constant/M375_S060_A000_WD315.0_WS015.0/M375_S060_A000_WD315.0_WS015.0_ros.asc
ncols         31
nrows         14
xllcorner     423703.990666
yllcorner     12747555.311160
cellsize      100.000000
NODATA_value  0.000000
0.000000 0.000000 0.000000 0.000000 0.000000 0.000000 0.000000 0.000000 0.000000 0.000000 0.000000 0.000000 0.000000 0.000000 0.000000 0.000000 0.000000 0.000000 0.000000 0.000000 0.000000 17.456181 17.456181 10.356676 7.493258 10.356676 17.456181 13.709682 7.493258 1.458205 1.698245 
0.000000 0.000000 0.000000 0.000000 0.000000 0.000000 0.000000 0.000000 0.000000 0.000000 0.000000 0.000000 0.000000 0.000000 0.000000 0.000000 13.709682 10.356676 7.493258 13.709682 17.456181 17.456181 17.456181 10.356676 17.456181 21.486139 13.709682 17.456181 51.311966 -1.000000 2.364709 
0.000000 0.000000 0.000000 0.000000 0.000000 0.000000 0.000000 0.000000 0.000000 0.000000 0.000000 0.000000 0.000000 17.456181 21.486139 7.493258 17.456181 10.356676 21.486139 25.679720 25.679720 17.456181 21.486139 49.350967 21.486139 51.311966 51.311966 51.311966 51.311966 1.591635 1.591635 
0.000000 0.000000 0.000000 0.000000 0.000000 0.000000 0.000000 0.000000 0.000000 0.000000 0.000000 17.456181 17.456181 17.456181 21.486139 17.456181 10.356676 17.456181 7.493258 5.196417 37.982071 41.577682 51.311966 51.311966 51.311966 51.311966 51.311966 32.555641 2.364709 2.364709 0.000000 
0.000000 0.000000 0.000000 0.000000 0.000000 0.000000 0.000000 0.000000 0.000000 17.456181 17.456181 34.053753 13.709682 37.982071 21.486139 29.911341 17.456181 13.709682 21.486139 41.577682 51.311966 51.311966 51.311966 51.311966 48.681293 4.706640 4.706640 1.795813 1.591635 0.000000 0.000000 
0.000000 0.000000 0.000000 0.000000 0.000000 0.000000 0.000000 5.196417 34.053753 21.486139 21.486139 17.456181 49.350967 25.679720 29.911341 21.486139 17.456181 51.311966 51.311966 51.311966 48.681293 51.311966 51.311966 40.293579 4.706640 1.591635 28.378218 2.364709 0.000000 0.000000 0.000000 
0.000000 0.000000 0.000000 0.000000 0.000000 13.709682 7.493258 13.709682 17.456181 47.349396 21.486139 49.350967 34.053753 51.311966 51.311966 51.311966 51.311966 51.311966 51.311966 50.263824 50.263824 43.619171 4.706640 32.555641 36.568016 1.795813 0.000000 0.000000 0.000000 0.000000 0.000000 
0.000000 0.000000 0.000000 0.000000 41.577682 17.456181 37.982071 29.911341 34.053753 21.486139 51.311966 37.982071 51.311966 51.311966 51.311966 51.311966 51.311966 50.263824 50.263824 46.443707 36.568016 32.555641 32.555641 1.795813 4.706640 0.000000 0.000000 0.000000 0.000000 0.000000 0.000000 
0.000000 0.000000 21.486139 13.709682 13.709682 17.456181 25.679720 13.709682 21.486139 51.311966 51.311966 51.311966 51.311966 51.311966 51.311966 43.619171 43.619171 2.220761 36.568016 36.568016 4.706640 6.756916 3.256451 0.000000 0.000000 0.000000 0.000000 0.000000 0.000000 0.000000 0.000000 
0.000000 34.053753 17.456181 41.577682 51.311966 51.311966 51.311966 51.311966 51.311966 51.311966 51.311966 51.311966 51.311966 51.311966 3.256451 43.619171 1.795813 36.568016 4.706640 4.706640 3.256451 0.000000 0.000000 0.000000 0.000000 0.000000 0.000000 0.000000 0.000000 0.000000 0.000000 
0.000000 51.311966 51.311966 17.456181 51.311966 51.311966 51.311966 51.311966 51.311966 51.143074 51.311966 51.143074 36.568016 4.706640 36.568016 36.568016 1.795813 32.555641 36.568016 0.000000 0.000000 0.000000 0.000000 0.000000 0.000000 0.000000 0.000000 0.000000 0.000000 0.000000 0.000000 
51.311966 51.311966 51.311966 51.311966 51.311966 51.311966 51.311966 51.311966 50.263824 43.619171 48.681293 46.443707 43.619171 3.256451 2.100322 1.795813 0.000000 0.000000 0.000000 0.000000 0.000000 0.000000 0.000000 0.000000 0.000000 0.000000 0.000000 0.000000 0.000000 0.000000 0.000000 
51.311966 51.311966 51.311966 46.443707 51.311966 51.311966 51.311966 51.143074 51.311966 40.293579 36.568016 40.293579 3.256451 43.619171 0.000000 0.000000 0.000000 0.000000 0.000000 0.000000 0.000000 0.000000 0.000000 0.000000 0.000000 0.000000 0.000000 0.000000 0.000000 0.000000 0.000000 
0.000000 51.311966 51.311966 51.311966 50.263824 48.681293 40.293579 32.555641 36.568016 48.681293 0.000000 0.000000 0.000000 0.000000 0.000000 0.000000 0.000000 0.000000 0.000000 0.000000 0.000000 0.000000 0.000000 0.000000 0.000000 0.000000 0.000000 0.000000 0.000000 0.000000 0.000000 
