test/output/constant/M490_S060_A090_WD000.0_WS020.0/M490_S060_A090_WD000.0_WS020.0_arrival.asc
ncols         7
nrows         43
xllcorner     426303.990666
yllcorner     12744555.311160
cellsize      100.000000
NODATA_value  0.000000
0.000000 0.000000 166.033511 166.000000 166.033511 0.000000 0.000000 
0.000000 0.000000 166.011170 166.000798 166.011170 0.000000 0.000000 
0.000000 0.000000 166.007580 166.001596 166.007580 0.000000 0.000000 
0.000000 166.038298 166.006782 166.002793 166.006782 166.038298 0.000000 
0.000000 166.029920 166.006782 166.003590 166.006782 166.029920 0.000000 
0.000000 166.026330 166.007181 166.004787 166.007181 166.026330 0.000000 
0.000000 166.023537 166.007580 166.005585 166.007580 166.023537 0.000000 
0.000000 166.021942 166.008378 166.006782 166.008378 166.021942 0.000000 
0.000000 166.020745 166.009176 166.007580 166.009176 166.020745 0.000000 
0.000000 166.020346 166.009973 166.008777 166.009973 166.020346 0.000000 
166.039096 166.019947 166.010771 166.009575 166.010771 166.019947 166.039096 
166.037500 166.019548 166.011968 166.010771 166.011968 166.019548 166.037500 
166.035904 166.019548 166.012766 166.011569 166.012766 166.019548 166.035904 
166.034708 166.019947 166.013564 166.012766 166.013564 166.019947 166.034708 
166.034309 166.020346 166.014761 166.013564 166.014761 166.020346 166.034309 
166.033511 166.021144 166.015559 166.014761 166.015559 166.021144 166.033511 
166.033112 166.021942 166.016356 166.015559 166.016356 166.021942 166.033112 
166.032713 166.022341 166.017553 166.016755 166.017553 166.022341 166.032713 
166.032713 166.023138 166.018351 166.017553 166.018351 166.023138 166.032713 
166.032713 166.023936 166.019548 166.018750 166.019548 166.023936 166.032713 
166.032713 166.024734 166.020346 166.019548 166.020346 166.024734 166.032713 
166.032713 166.025532 166.021543 166.020745 166.021543 166.025532 166.032713 
166.033511 166.025931 166.022341 166.021543 166.022341 166.025931 166.033511 
166.033910 166.026729 166.023537 166.022739 166.023537 166.026729 166.033910 
166.034708 166.027527 166.024335 166.023537 166.024335 166.027527 166.034708 
166.035107 166.028724 166.025532 166.024734 166.025532 166.028724 166.035107 
166.035904 166.029521 166.026330 166.025532 166.026330 166.029521 166.035904 
166.036702 166.030319 166.027527 166.026729 166.027527 166.030319 166.036702 
166.037101 166.031516 166.028325 166.027527 166.028325 166.031516 166.037101 
166.037899 166.032314 166.029521 166.028724 166.029521 166.032314 166.037899 
166.038697 166.033112 166.030319 166.029521 166.030319 166.033112 166.038697 
166.039495 166.034309 166.031516 166.030718 166.031516 166.034309 166.039495 
166.040293 166.035107 166.032314 166.031516 166.032314 166.035107 166.040293 
166.040692 166.035904 166.033511 166.032713 166.033511 166.035904 166.040692 
166.041490 166.036702 166.034309 166.033511 166.034309 166.036702 166.041490 
0.000000 166.037899 166.035107 166.034708 166.035107 166.037899 0.000000 
0.000000 166.038697 166.036303 166.035505 166.036303 166.038697 0.000000 
0.000000 166.039495 166.037101 166.036702 166.037101 166.039495 0.000000 
0.000000 166.040692 166.038298 166.037500 166.038298 166.040692 0.000000 
0.000000 166.041490 166.039096 166.038697 166.039096 166.041490 0.000000 
0.000000 0.000000 166.040293 166.039495 166.040293 0.000000 0.000000 
0.000000 0.000000 166.041091 166.040692 166.041091 0.000000 0.000000 
0.000000 0.000000 0.000000 166.041490 0.000000 0.000000 0.000000 
