test/output/constant/M390_S060_A180_WD270.0_WS010.0/M390_S060_A180_WD270.0_WS010.0_arrival.asc
ncols         60
nrows         11
xllcorner     426603.990666
yllcorner     12748255.311160
cellsize      100.000000
NODATA_value  0.000000
0.000000 0.000000 0.000000 0.000000 0.000000 0.000000 0.000000 0.000000 0.000000 0.000000 0.000000 0.000000 0.000000 0.000000 0.000000 0.000000 0.000000 0.000000 0.000000 0.000000 0.000000 0.000000 0.000000 0.000000 0.000000 0.000000 166.041385 166.041101 166.040818 166.040818 166.040534 166.040534 166.040534 166.040251 166.040251 166.040534 166.040534 166.040818 166.041385 166.041667 0.000000 0.000000 0.000000 0.000000 0.000000 0.000000 0.000000 0.000000 0.000000 0.000000 0.000000 0.000000 0.000000 0.000000 0.000000 0.000000 0.000000 0.000000 0.000000 0.000000 
0.000000 0.000000 0.000000 0.000000 0.000000 0.000000 0.000000 0.000000 0.000000 0.000000 0.000000 0.000000 166.040534 166.038550 166.036566 166.035716 166.034865 166.033731 166.033448 166.032881 166.032314 166.032031 166.031747 166.031464 166.031464 166.031464 166.031464 166.031464 166.031747 166.032031 166.032314 166.032597 166.033164 166.033731 166.034015 166.034582 166.034865 166.035432 166.035999 166.036566 166.037133 166.037416 166.037983 166.038550 166.039117 166.039400 166.039967 166.040534 166.041101 166.041667 0.000000 0.000000 0.000000 0.000000 0.000000 0.000000 0.000000 0.000000 0.000000 0.000000 
0.000000 0.000000 0.000000 0.000000 0.000000 0.000000 166.037133 166.032597 166.030046 166.028062 166.026078 166.025228 166.024377 166.023810 166.023243 166.022960 166.022677 166.022677 166.022393 166.022393 166.022677 166.022960 166.023243 166.023810 166.024094 166.024661 166.025228 166.025511 166.026078 166.026645 166.027212 166.027779 166.028062 166.028629 166.029196 166.029763 166.030330 166.030897 166.031464 166.032031 166.032597 166.033448 166.034015 166.034582 166.035149 166.035999 166.036566 166.037133 166.037983 166.038550 166.039117 166.039684 166.040534 166.041101 166.041667 0.000000 0.000000 0.000000 0.000000 0.000000 
0.000000 0.000000 166.035149 166.024944 166.020125 166.017574 166.015590 166.014740 166.014173 166.013889 166.013606 166.013606 166.013606 166.013889 166.014173 166.014740 166.015307 166.015874 166.016157 166.016724 166.017291 166.017858 166.018425 166.018992 166.019558 166.020125 166.020692 166.021543 166.022110 166.022960 166.023527 166.024094 166.024661 166.025511 166.026078 166.026645 166.027495 166.028062 166.028629 166.029196 166.030046 166.030613 166.031464 166.032031 166.032597 166.033448 166.034015 166.034865 166.035432 166.035999 166.036849 166.037416 166.038267 166.038834 166.039684 166.040251 166.041101 166.041667 0.000000 0.000000 
166.018425 166.007653 166.005102 166.004819 166.004535 166.004819 166.005386 166.005953 166.006519 166.007086 166.007653 166.008504 166.009071 166.009638 166.010488 166.011055 166.011622 166.012472 166.013039 166.013889 166.014456 166.015023 166.015874 166.016440 166.017291 166.017858 166.018708 166.019275 166.020125 166.020692 166.021543 166.022110 166.022960 166.023527 166.024377 166.024944 166.025795 166.026361 166.027212 166.027779 166.028346 166.029196 166.029763 166.030613 166.031180 166.032031 166.032597 166.033448 166.034015 166.034865 166.035432 166.036282 166.036849 166.037700 166.038267 166.039117 166.039684 166.040534 166.041101 0.000000 
166.000000 166.000567 166.001134 166.001984 166.002551 166.003401 166.003968 166.004819 166.005386 166.006236 166.006803 166.007653 166.008220 166.009071 166.009638 166.010488 166.011055 166.011905 166.012472 166.013322 166.013889 166.014740 166.015307 166.016157 166.016724 166.017574 166.018141 166.018992 166.019558 166.020409 166.020976 166.021826 166.022393 166.023243 166.023810 166.024661 166.025228 166.026078 166.026645 166.027495 166.028062 166.028913 166.029479 166.030330 166.030897 166.031747 166.032314 166.033164 166.033731 166.034582 166.035149 166.035999 166.036566 166.037416 166.037983 166.038834 166.039400 166.040251 166.040818 166.041667 
166.018425 166.007653 166.005102 166.004819 166.004535 166.004819 166.005386 166.005953 166.006519 166.007086 166.007653 166.008504 166.009071 166.009638 166.010488 166.011055 166.011622 166.012472 166.013039 166.013889 166.014456 166.015023 166.015874 166.016440 166.017291 166.017858 166.018708 166.019275 166.020125 166.020692 166.021543 166.022110 166.022960 166.023527 166.024377 166.024944 166.025795 166.026361 166.027212 166.027779 166.028346 166.029196 166.029763 166.030613 166.031180 166.032031 166.032597 166.033448 166.034015 166.034865 166.035432 166.036282 166.036849 166.037700 166.038267 166.039117 166.039684 166.040534 166.041101 0.000000 
0.000000 0.000000 166.035149 166.024944 166.020125 166.017574 166.015590 166.014740 166.014173 166.013889 166.013606 166.013606 166.013606 166.013889 166.014173 166.014740 166.015307 166.015874 166.016157 166.016724 166.017291 166.017858 166.018425 166.018992 166.019558 166.020125 166.020692 166.021543 166.022110 166.022960 166.023527 166.024094 166.024661 166.025511 166.026078 166.026645 166.027495 166.028062 166.028629 166.029196 166.030046 166.030613 166.031464 166.032031 166.032597 166.033448 166.034015 166.034865 166.035432 166.035999 166.036849 166.037416 166.038267 166.038834 166.039684 166.040251 166.041101 166.041667 0.000000 0.000000 
0.000000 0.000000 0.000000 0.000000 0.000000 0.000000 166.037133 166.032597 166.030046 166.028062 166.026078 166.025228 166.024377 166.023810 166.023243 166.022960 166.022677 166.022677 166.022393 166.022393 166.022677 166.022960 166.023243 166.023810 166.024094 166.024661 166.025228 166.025511 166.026078 166.026645 166.027212 166.027779 166.028062 166.028629 166.029196 166.029763 166.030330 166.030897 166.031464 166.032031 166.032597 166.033448 166.034015 166.034582 166.035149 166.035999 166.036566 166.037133 166.037983 166.038550 166.039117 166.039684 166.040534 166.041101 166.041667 0.000000 0.000000 0.000000 0.000000 0.000000 
0.000000 0.000000 0.000000 0.000000 0.000000 0.000000 0.000000 0.000000 0.000000 0.000000 0.000000 0.000000 166.040534 166.038550 166.036566 166.035716 166.034865 166.033731 166.033448 166.032881 166.032314 166.032031 166.031747 166.031464 166.031464 166.031464 166.031464 166.031464 166.031747 166.032031 166.032314 166.032597 166.033164 166.033731 166.034015 166.034582 166.034865 166.035432 166.035999 166.036566 166.037133 166.037416 166.037983 166.038550 166.039117 166.039400 166.039967 166.040534 166.041101 166.041667 0.000000 0.000000 0.000000 0.000000 0.000000 0.000000 0.000000 0.000000 0.000000 0.000000 
0.000000 0.000000 0.000000 0.000000 0.000000 0.000000 0.000000 0.000000 0.000000 0.000000 0.000000 0.000000 0.000000 0.000000 0.000000 0.000000 0.000000 0.000000 0.000000 0.000000 0.000000 0.000000 0.000000 0.000000 0.000000 0.000000 166.041385 166.041101 166.040818 166.040818 166.040534 166.040534 166.040534 166.040251 166.040251 166.040534 166.040534 166.040818 166.041385 166.041667 0.000000 0.000000 0.000000 0.000000 0.000000 0.000000 0.000000 0.000000 0.000000 0.000000 0.000000 0.000000 0.000000 0.000000 0.000000 0.000000 0.000000 0.000000 0.000000 0.000000 
