test/output/constant/M380_S060_A090_WD180.0_WS020.0/M380_S060_A090_WD180.0_WS020.0_arrival.asc
ncols         9
nrows         23
xllcorner     426203.990666
yllcorner     12746755.311160
cellsize      100.000000
NODATA_value  0.000000
0.000000 0.000000 0.000000 166.033565 166.030291 166.033565 0.000000 0.000000 0.000000 
0.000000 0.000000 166.033565 166.015555 166.010643 166.015555 166.033565 0.000000 0.000000 
0.000000 166.040933 166.023741 166.006549 166.000000 166.006549 166.023741 166.040933 0.000000 
0.000000 166.034384 166.018011 166.004912 166.001637 166.004912 166.018011 166.034384 0.000000 
0.000000 166.029472 166.015555 166.005731 166.003275 166.005731 166.015555 166.029472 0.000000 
166.040114 166.026197 166.014736 166.006549 166.005731 166.006549 166.014736 166.026197 166.040114 
166.037658 166.024560 166.014736 166.008187 166.007368 166.008187 166.014736 166.024560 166.037658 
166.035202 166.023741 166.014736 166.010643 166.009824 166.010643 166.014736 166.023741 166.035202 
166.034384 166.023741 166.016373 166.012280 166.011461 166.012280 166.016373 166.023741 166.034384 
166.033565 166.024560 166.018011 166.013917 166.013917 166.013917 166.018011 166.024560 166.033565 
166.033565 166.024560 166.019648 166.016373 166.015555 166.016373 166.019648 166.024560 166.033565 
166.033565 166.026197 166.021285 166.018011 166.018011 166.018011 166.021285 166.026197 166.033565 
166.034384 166.027016 166.022923 166.020467 166.019648 166.020467 166.022923 166.027016 166.034384 
166.034384 166.028653 166.024560 166.022104 166.022104 166.022104 166.024560 166.028653 166.034384 
166.036021 166.030291 166.026197 166.024560 166.023741 166.024560 166.026197 166.030291 166.036021 
166.036840 166.031928 166.027835 166.026197 166.026197 166.026197 166.027835 166.031928 166.036840 
166.038477 166.033565 166.030291 166.028653 166.027835 166.028653 166.030291 166.033565 166.038477 
166.039296 166.035202 166.031928 166.030291 166.030291 166.030291 166.031928 166.035202 166.039296 
166.040933 166.036840 166.033565 166.032747 166.031928 166.032747 166.033565 166.036840 166.040933 
0.000000 166.038477 166.036021 166.034384 166.034384 166.034384 166.036021 166.038477 0.000000 
0.000000 166.040114 166.037658 166.036840 166.036021 166.036840 166.037658 166.040114 0.000000 
0.000000 0.000000 166.040114 166.038477 166.038477 166.038477 166.040114 0.000000 0.000000 
0.000000 0.000000 166.041667 166.040933 166.040114 166.040933 166.041667 0.000000 0.000000 
