test/output/constant/S3_S060_A180_WD270.0_WS040.0/S3_S060_A180_WD270.0_WS040.0_arrival.asc
ncols         38
nrows         7
xllcorner     426603.990666
yllcorner     12748455.311160
cellsize      100.000000
NODATA_value  0.000000
0.000000 0.000000 0.000000 0.000000 0.000000 0.000000 0.000000 0.000000 0.000000 0.000000 0.000000 0.000000 0.000000 0.000000 166.041449 166.040557 166.039666 166.039220 166.038775 166.038775 166.038775 166.038775 166.038775 166.039220 166.040112 166.040557 166.041449 0.000000 0.000000 0.000000 0.000000 0.000000 0.000000 0.000000 0.000000 0.000000 0.000000 0.000000 
0.000000 0.000000 0.000000 0.000000 166.039666 166.032981 166.029415 166.026741 166.025404 166.024513 166.023621 166.023176 166.023176 166.023176 166.023621 166.024513 166.024958 166.025850 166.026741 166.027632 166.028078 166.028969 166.029861 166.030752 166.031644 166.032535 166.033426 166.034318 166.035209 166.036546 166.037437 166.038329 166.039666 166.040557 166.041667 0.000000 0.000000 0.000000 
0.000000 166.014708 166.009805 166.008468 166.008022 166.008022 166.008914 166.009805 166.010251 166.011142 166.012479 166.013371 166.014708 166.015599 166.016490 166.017827 166.018719 166.020056 166.020947 166.022284 166.023176 166.024067 166.025404 166.026295 166.027632 166.028524 166.029861 166.030752 166.032089 166.032981 166.033872 166.035209 166.036100 166.037437 166.038329 166.039666 166.040557 166.041667 
166.000000 166.000891 166.001783 166.003120 166.004011 166.005348 166.006240 166.007577 166.008468 166.009805 166.010696 166.012033 166.012925 166.014262 166.015153 166.016490 166.017382 166.018719 166.019610 166.020947 166.021839 166.023176 166.024067 166.025404 166.026295 166.027632 166.028524 166.029861 166.030752 166.032089 166.032981 166.034318 166.035209 166.036546 166.037437 166.038775 166.039666 166.041003 
0.000000 166.014708 166.009805 166.008468 166.008022 166.008022 166.008914 166.009805 166.010251 166.011142 166.012479 166.013371 166.014708 166.015599 166.016490 166.017827 166.018719 166.020056 166.020947 166.022284 166.023176 166.024067 166.025404 166.026295 166.027632 166.028524 166.029861 166.030752 166.032089 166.032981 166.033872 166.035209 166.036100 166.037437 166.038329 166.039666 166.040557 166.041667 
0.000000 0.000000 0.000000 0.000000 166.039666 166.032981 166.029415 166.026741 166.025404 166.024513 166.023621 166.023176 166.023176 166.023176 166.023621 166.024513 166.024958 166.025850 166.026741 166.027632 166.028078 166.028969 166.029861 166.030752 166.031644 166.032535 166.033426 166.034318 166.035209 166.036546 166.037437 166.038329 166.039666 166.040557 166.041667 0.000000 0.000000 0.000000 
0.000000 0.000000 0.000000 0.000000 0.000000 0.000000 0.000000 0.000000 0.000000 0.000000 0.000000 0.000000 0.000000 0.000000 166.041449 166.040557 166.039666 166.039220 166.038775 166.038775 166.038775 166.038775 166.038775 166.039220 166.040112 166.040557 166.041449 0.000000 0.000000 0.000000 0.000000 0.000000 0.000000 0.000000 0.000000 0.000000 0.000000 0.000000 
