test/output/constant/C6_S060_A000_WD135.0_WS015.0/C6_S060_A000_WD135.0_WS015.0_arrival.asc
ncols         21
nrows         10
xllcorner     424603.990666
yllcorner     12748655.311160
cellsize      100.000000
NODATA_value  0.000000
166.041667 166.040359 166.039583 166.038807 166.038031 166.038807 166.038807 166.040359 0.000000 0.000000 0.000000 0.000000 0.000000 0.000000 0.000000 0.000000 0.000000 0.000000 0.000000 0.000000 0.000000 
166.041667 166.039583 166.038031 166.035702 166.034150 166.033374 166.033374 166.033374 166.034150 166.034926 166.037255 166.041667 0.000000 0.000000 0.000000 0.000000 0.000000 0.000000 0.000000 0.000000 0.000000 
0.000000 166.039583 166.038031 166.035702 166.033374 166.031045 166.029493 166.028717 166.027941 166.027941 166.028717 166.030269 166.033374 166.038807 0.000000 0.000000 0.000000 0.000000 0.000000 0.000000 0.000000 
0.000000 0.000000 166.038807 166.035702 166.033374 166.031045 166.029493 166.027165 166.024836 166.024060 166.023284 166.023284 166.023284 166.025612 166.029493 166.037255 0.000000 0.000000 0.000000 0.000000 0.000000 
0.000000 0.000000 0.000000 166.038807 166.035702 166.032598 166.029493 166.027165 166.024836 166.022508 166.020956 166.018627 166.017851 166.017851 166.018627 166.020956 166.027165 166.038807 0.000000 0.000000 0.000000 
0.000000 0.000000 0.000000 0.000000 166.041135 166.037255 166.033374 166.029493 166.026389 166.023284 166.020956 166.018627 166.016299 166.013970 166.013194 166.013194 166.013970 166.017075 166.027941 0.000000 0.000000 
0.000000 0.000000 0.000000 0.000000 0.000000 0.000000 166.040359 166.035702 166.031045 166.027165 166.023284 166.019403 166.016299 166.013970 166.012418 166.010090 166.008537 166.007761 166.008537 166.017851 0.000000 
0.000000 0.000000 0.000000 0.000000 0.000000 0.000000 0.000000 0.000000 166.041135 166.035702 166.031045 166.026389 166.021732 166.017075 166.013194 166.010090 166.007761 166.005433 166.003881 166.003105 166.006985 
0.000000 0.000000 0.000000 0.000000 0.000000 0.000000 0.000000 0.000000 0.000000 0.000000 0.000000 166.039583 166.034150 166.028717 166.022508 166.017851 166.012418 166.007761 166.003881 166.001552 166.000000 
0.000000 0.000000 0.000000 0.000000 0.000000 0.000000 0.000000 0.000000 0.000000 0.000000 0.000000 0.000000 0.000000 0.000000 0.000000 0.000000 0.000000 166.038807 166.037255 0.000000 0.000000 
