test/output/constant/M3M400_S060_A000_WD090.0_WS020.0/M3M400_S060_A000_WD090.0_WS020.0_arrival.asc
ncols         68
nrows         11
xllcorner     419903.990666
yllcorner     12748255.311160
cellsize      100.000000
NODATA_value  0.000000
0.000000 0.000000 0.000000 0.000000 0.000000 0.000000 0.000000 0.000000 0.000000 0.000000 0.000000 0.000000 0.000000 0.000000 0.000000 0.000000 0.000000 0.000000 0.000000 0.000000 0.000000 0.000000 0.000000 0.000000 0.000000 166.041552 166.041302 166.041302 166.041302 166.041302 166.041302 166.041552 166.041552 166.041667 0.000000 0.000000 0.000000 0.000000 0.000000 0.000000 0.000000 0.000000 0.000000 0.000000 0.000000 0.000000 0.000000 0.000000 0.000000 0.000000 0.000000 0.000000 0.000000 0.000000 0.000000 0.000000 0.000000 0.000000 0.000000 0.000000 0.000000 0.000000 0.000000 0.000000 0.000000 0.000000 0.000000 0.000000 
0.000000 0.000000 0.000000 0.000000 0.000000 0.000000 0.000000 0.000000 0.000000 0.000000 0.000000 0.000000 166.041667 166.041302 166.040801 166.040300 166.040050 166.039549 166.039049 166.038548 166.038048 166.037797 166.037297 166.036796 166.036295 166.036045 166.035544 166.035044 166.034793 166.034293 166.033792 166.033542 166.033041 166.032791 166.032290 166.032290 166.032040 166.032040 166.032290 166.032290 166.032290 166.032541 166.032791 166.033041 166.033292 166.033792 166.034293 166.035044 166.035795 166.036546 166.038048 166.039049 166.040801 0.000000 0.000000 0.000000 0.000000 0.000000 0.000000 0.000000 0.000000 0.000000 0.000000 0.000000 0.000000 0.000000 0.000000 0.000000 
0.000000 0.000000 0.000000 0.000000 0.000000 0.000000 0.000000 166.041302 166.040801 166.040300 166.039549 166.039049 166.038548 166.037797 166.037297 166.036796 166.036045 166.035544 166.035044 166.034543 166.033792 166.033292 166.032791 166.032290 166.031539 166.031039 166.030538 166.030038 166.029787 166.029287 166.028786 166.028285 166.027785 166.027534 166.027034 166.026533 166.026033 166.025782 166.025282 166.024781 166.024531 166.024030 166.023780 166.023279 166.023029 166.023029 166.023029 166.023029 166.023279 166.023529 166.023780 166.024030 166.024531 166.025282 166.026283 166.027284 166.028536 166.030538 166.032290 166.035294 166.040050 0.000000 0.000000 0.000000 0.000000 0.000000 0.000000 0.000000 
0.000000 0.000000 0.000000 166.041552 166.040801 166.040300 166.039549 166.039049 166.038548 166.037797 166.037297 166.036796 166.036045 166.035544 166.034793 166.034293 166.033792 166.033041 166.032541 166.031790 166.031289 166.030788 166.030038 166.029537 166.028786 166.028285 166.027785 166.027034 166.026533 166.026033 166.025282 166.024781 166.024280 166.023529 166.023029 166.022528 166.021777 166.021277 166.020776 166.020275 166.019524 166.019024 166.018523 166.018023 166.017522 166.017272 166.016771 166.016270 166.015770 166.015519 166.015019 166.014518 166.014268 166.013767 166.013767 166.013767 166.014018 166.014268 166.014768 166.015770 166.016771 166.018273 166.020526 166.025282 166.031039 0.000000 0.000000 0.000000 
0.000000 166.041552 166.040801 166.040300 166.039549 166.039049 166.038298 166.037797 166.037046 166.036546 166.035795 166.035294 166.034543 166.034043 166.033292 166.032791 166.032290 166.031539 166.031039 166.030288 166.029787 166.029036 166.028536 166.027785 166.027284 166.026783 166.026033 166.025532 166.024781 166.024280 166.023529 166.023029 166.022278 166.021777 166.021026 166.020526 166.019775 166.019274 166.018523 166.018023 166.017272 166.016771 166.016020 166.015519 166.014768 166.014268 166.013767 166.013016 166.012516 166.011765 166.011264 166.010763 166.010013 166.009512 166.008761 166.008260 166.007760 166.007009 166.006508 166.006008 166.005507 166.005006 166.004756 166.004756 166.005006 166.006008 166.010013 166.024531 
166.041667 166.041051 166.040551 166.039800 166.039299 166.038548 166.038048 166.037297 166.036796 166.036045 166.035544 166.034793 166.034293 166.033542 166.033041 166.032290 166.031790 166.031039 166.030538 166.029787 166.029287 166.028536 166.028035 166.027284 166.026783 166.026033 166.025532 166.024781 166.024280 166.023529 166.023029 166.022278 166.021777 166.021026 166.020526 166.019775 166.019274 166.018523 166.018023 166.017272 166.016771 166.016020 166.015519 166.014768 166.014268 166.013517 166.013016 166.012265 166.011765 166.011014 166.010513 166.009762 166.009262 166.008511 166.008010 166.007259 166.006758 166.006008 166.005507 166.004756 166.004255 166.003504 166.003004 166.002253 166.001752 166.001001 166.000501 166.000000 
0.000000 166.041552 166.040801 166.040300 166.039549 166.039049 166.038298 166.037797 166.037046 166.036546 166.035795 166.035294 166.034543 166.034043 166.033292 166.032791 166.032290 166.031539 166.031039 166.030288 166.029787 166.029036 166.028536 166.027785 166.027284 166.026783 166.026033 166.025532 166.024781 166.024280 166.023529 166.023029 166.022278 166.021777 166.021026 166.020526 166.019775 166.019274 166.018523 166.018023 166.017272 166.016771 166.016020 166.015519 166.014768 166.014268 166.013767 166.013016 166.012516 166.011765 166.011264 166.010763 166.010013 166.009512 166.008761 166.008260 166.007760 166.007009 166.006508 166.006008 166.005507 166.005006 166.004756 166.004756 166.005006 166.006008 166.010013 166.024531 
0.000000 0.000000 0.000000 166.041552 166.040801 166.040300 166.039549 166.039049 166.038548 166.037797 166.037297 166.036796 166.036045 166.035544 166.034793 166.034293 166.033792 166.033041 166.032541 166.031790 166.031289 166.030788 166.030038 166.029537 166.028786 166.028285 166.027785 166.027034 166.026533 166.026033 166.025282 166.024781 166.024280 166.023529 166.023029 166.022528 166.021777 166.021277 166.020776 166.020275 166.019524 166.019024 166.018523 166.018023 166.017522 166.017272 166.016771 166.016270 166.015770 166.015519 166.015019 166.014518 166.014268 166.013767 166.013767 166.013767 166.014018 166.014268 166.014768 166.015770 166.016771 166.018273 166.020526 166.025282 166.031039 0.000000 0.000000 0.000000 
0.000000 0.000000 0.000000 0.000000 0.000000 0.000000 0.000000 166.041302 166.040801 166.040300 166.039549 166.039049 166.038548 166.037797 166.037297 166.036796 166.036045 166.035544 166.035044 166.034543 166.033792 166.033292 166.032791 166.032290 166.031539 166.031039 166.030538 166.030038 166.029787 166.029287 166.028786 166.028285 166.027785 166.027534 166.027034 166.026533 166.026033 166.025782 166.025282 166.024781 166.024531 166.024030 166.023780 166.023279 166.023029 166.023029 166.023029 166.023029 166.023279 166.023529 166.023780 166.024030 166.024531 166.025282 166.026283 166.027284 166.028536 166.030538 166.032290 166.035294 166.040050 0.000000 0.000000 0.000000 0.000000 0.000000 0.000000 0.000000 
0.000000 0.000000 0.000000 0.000000 0.000000 0.000000 0.000000 0.000000 0.000000 0.000000 0.000000 0.000000 166.041667 166.041302 166.040801 166.040300 166.040050 166.039549 166.039049 166.038548 166.038048 166.037797 166.037297 166.036796 166.036295 166.036045 166.035544 166.035044 166.034793 166.034293 166.033792 166.033542 166.033041 166.032791 166.032290 166.032290 166.032040 166.032040 166.032290 166.032290 166.032290 166.032541 166.032791 166.033041 166.033292 166.033792 166.034293 166.035044 166.035795 166.036546 166.038048 166.039049 166.040801 0.000000 0.000000 0.000000 0.000000 0.000000 0.000000 0.000000 0.000000 0.000000 0.000000 0.000000 0.000000 0.000000 0.000000 0.000000 
0.000000 0.000000 0.000000 0.000000 0.000000 0.000000 0.000000 0.000000 0.000000 0.000000 0.000000 0.000000 0.000000 0.000000 0.000000 0.000000 0.000000 0.000000 0.000000 0.000000 0.000000 0.000000 0.000000 0.000000 0.000000 166.041552 166.041302 166.041302 166.041302 166.041302 166.041302 166.041552 166.041552 166.041667 0.000000 0.000000 0.000000 0.000000 0.000000 0.000000 0.000000 0.000000 0.000000 0.000000 0.000000 0.000000 0.000000 0.000000 0.000000 0.000000 0.000000 0.000000 0.000000 0.000000 0.000000 0.000000 0.000000 0.000000 0.000000 0.000000 0.000000 0.000000 0.000000 0.000000 0.000000 0.000000 0.000000 0.000000 
