test/output/constant/M3M470_S060_A000_WD090.0_WS015.0/M3M470_S060_A000_WD090.0_WS015.0_arrival.asc
ncols         46
nrows         7
xllcorner     422103.990666
yllcorner     12748455.311160
cellsize      100.000000
NODATA_value  0.000000
0.000000 0.000000 0.000000 0.000000 0.000000 0.000000 0.000000 166.041121 166.040387 166.039653 166.038918 166.038184 166.037817 166.037082 166.036348 166.035614 166.034880 166.034512 166.033778 166.033044 166.032677 166.031942 166.031208 166.030841 166.030107 166.030107 166.030107 166.030474 166.030107 166.030474 166.030841 166.031575 166.031942 166.033411 166.034512 166.036348 166.038551 0.000000 0.000000 0.000000 0.000000 0.000000 0.000000 0.000000 0.000000 0.000000 
0.000000 0.000000 166.041488 166.040754 166.040020 166.038918 166.038184 166.037450 166.036348 166.035614 166.034880 166.033778 166.033044 166.032309 166.031208 166.030474 166.029739 166.029005 166.027904 166.027169 166.026435 166.025701 166.024966 166.024232 166.023498 166.022763 166.022029 166.021295 166.020561 166.020193 166.019459 166.018725 166.018358 166.018358 166.018358 166.018358 166.018725 166.019092 166.020193 166.022029 166.024232 166.028271 166.035247 0.000000 0.000000 0.000000 
166.041488 166.040754 166.039653 166.038918 166.037817 166.037082 166.035981 166.035247 166.034145 166.033411 166.032677 166.031575 166.030841 166.029739 166.029005 166.027904 166.027169 166.026068 166.025334 166.024232 166.023498 166.022396 166.021662 166.020561 166.019826 166.018725 166.017991 166.016889 166.016155 166.015420 166.014319 166.013585 166.012483 166.011749 166.011015 166.010280 166.009179 166.008445 166.007710 166.006976 166.006609 166.006242 166.006242 166.006976 166.010647 166.026802 
166.041121 166.040020 166.039285 166.038184 166.037450 166.036348 166.035614 166.034512 166.033778 166.032677 166.031942 166.030841 166.030107 166.029005 166.028271 166.027169 166.026435 166.025334 166.024599 166.023498 166.022763 166.021662 166.020928 166.019826 166.019092 166.017991 166.017256 166.016155 166.015420 166.014319 166.013585 166.012483 166.011749 166.010647 166.009913 166.008812 166.008077 166.006976 166.006242 166.005140 166.004406 166.003304 166.002570 166.001469 166.000734 166.000000 
166.041488 166.040754 166.039653 166.038918 166.037817 166.037082 166.035981 166.035247 166.034145 166.033411 166.032677 166.031575 166.030841 166.029739 166.029005 166.027904 166.027169 166.026068 166.025334 166.024232 166.023498 166.022396 166.021662 166.020561 166.019826 166.018725 166.017991 166.016889 166.016155 166.015420 166.014319 166.013585 166.012483 166.011749 166.011015 166.010280 166.009179 166.008445 166.007710 166.006976 166.006609 166.006242 166.006242 166.006976 166.010647 166.026802 
0.000000 0.000000 166.041488 166.040754 166.040020 166.038918 166.038184 166.037450 166.036348 166.035614 166.034880 166.033778 166.033044 166.032309 166.031208 166.030474 166.029739 166.029005 166.027904 166.027169 166.026435 166.025701 166.024966 166.024232 166.023498 166.022763 166.022029 166.021295 166.020561 166.020193 166.019459 166.018725 166.018358 166.018358 166.018358 166.018358 166.018725 166.019092 166.020193 166.022029 166.024232 166.028271 166.035247 0.000000 0.000000 0.000000 
0.000000 0.000000 0.000000 0.000000 0.000000 0.000000 0.000000 166.041121 166.040387 166.039653 166.038918 166.038184 166.037817 166.037082 166.036348 166.035614 166.034880 166.034512 166.033778 166.033044 166.032677 166.031942 166.031208 166.030841 166.030107 166.030107 166.030107 166.030474 166.030107 166.030474 166.030841 166.031575 166.031942 166.033411 166.034512 166.036348 166.038551 0.000000 0.000000 0.000000 0.000000 0.000000 0.000000 0.000000 0.000000 0.000000 
