test/output/constant/M490_S060_A090_WD090.0_WS010.0/M490_S060_A090_WD090.0_WS010.0_ros.asc
ncols         11
nrows         25
xllcorner     425703.990666
yllcorner     12746355.311160
cellsize      100.000000
NODATA_value  0.000000
0.000000 0.000000 0.000000 0.000000 0.000000 0.000000 0.000000 0.000000 24.971500 -1.000000 0.741847 
0.000000 0.000000 0.000000 0.000000 0.000000 0.000000 0.000000 1.019185 42.216156 42.216156 6.514899 
0.000000 0.000000 0.000000 0.000000 0.000000 0.000000 0.592162 2.522610 42.216156 12.102965 4.368797 
0.000000 0.000000 0.000000 0.000000 0.000000 0.000000 28.419556 34.619255 42.216156 18.847055 9.118545 
0.000000 0.000000 0.000000 0.000000 0.000000 1.558406 28.419556 42.216156 42.216156 9.118545 9.118545 
0.000000 0.000000 0.000000 0.000000 0.000000 1.558406 31.668434 42.216156 15.378695 12.102965 15.378695 
0.000000 0.000000 0.000000 0.000000 1.558406 3.996694 40.846504 42.216156 12.102965 9.118545 9.118545 
0.000000 0.000000 0.000000 0.000000 2.522610 31.668434 42.216156 42.216156 35.383629 9.118545 0.000000 
0.000000 0.000000 0.000000 3.996694 2.522610 34.619255 42.216156 25.939945 18.847055 15.378695 0.000000 
0.000000 0.000000 0.000000 28.419556 1.558406 42.216156 42.216156 41.187267 15.378695 9.118545 0.000000 
0.000000 0.000000 0.000000 1.240508 37.182201 42.216156 42.216156 29.349897 22.403318 15.378695 0.000000 
0.000000 0.000000 31.668434 31.668434 2.522610 42.216156 32.529903 12.102965 18.847055 9.118545 0.000000 
0.000000 0.000000 3.996694 31.668434 42.216156 42.216156 42.216156 18.847055 12.102965 15.378695 0.000000 
0.000000 0.000000 28.419556 37.182201 42.216156 42.216156 35.383629 9.118545 22.403318 0.000000 0.000000 
0.000000 28.419556 31.668434 42.216156 42.216156 35.383629 29.349897 12.102965 18.847055 0.000000 0.000000 
0.000000 28.419556 37.182201 42.099506 42.216156 42.216156 15.378695 9.118545 12.102965 0.000000 0.000000 
0.000000 28.419556 37.182201 42.216156 42.216156 25.939945 18.847055 18.847055 0.000000 0.000000 0.000000 
0.000000 37.182201 42.216156 42.216156 32.529903 25.939945 6.514899 12.102965 0.000000 0.000000 0.000000 
0.000000 37.182201 42.216156 42.216156 42.216156 37.824608 22.403318 0.000000 0.000000 0.000000 0.000000 
0.000000 42.216156 42.216156 42.216156 22.403318 15.378695 18.847055 0.000000 0.000000 0.000000 0.000000 
0.000000 42.216156 42.216156 41.187267 35.383629 15.378695 0.000000 0.000000 0.000000 0.000000 0.000000 
0.000000 41.836216 42.185299 41.187267 18.847055 6.514899 0.000000 0.000000 0.000000 0.000000 0.000000 
42.216156 42.216156 42.216156 32.529903 32.529903 0.000000 0.000000 0.000000 0.000000 0.000000 0.000000 
0.000000 42.216156 35.383629 29.349897 35.383629 0.000000 0.000000 0.000000 0.000000 0.000000 0.000000 
0.000000 42.216156 42.216156 42.216156 0.000000 0.000000 0.000000 0.000000 0.000000 0.000000 0.000000 
