test/output/constant/M1M290_S060_A270_WD180.0_WS045.0/M1M290_S060_A270_WD180.0_WS045.0_arrival.asc
ncols         5
nrows         42
xllcorner     426403.990666
yllcorner     12748755.311160
cellsize      100.000000
NODATA_value  0.000000
0.000000 0.000000 166.041667 0.000000 0.000000 
0.000000 166.041667 166.040496 166.041667 0.000000 
0.000000 166.040496 166.039678 166.040496 0.000000 
0.000000 166.039678 166.038451 166.039678 0.000000 
0.000000 166.038860 166.037632 166.038860 0.000000 
166.041314 166.037632 166.036405 166.037632 166.041314 
166.040496 166.036814 166.035587 166.036814 166.040496 
166.039678 166.035587 166.034360 166.035587 166.039678 
166.038451 166.034769 166.033542 166.034769 166.038451 
166.037632 166.033542 166.032315 166.033542 166.037632 
166.036814 166.032724 166.031497 166.032724 166.036814 
166.035587 166.031497 166.030270 166.031497 166.035587 
166.034769 166.030679 166.029452 166.030679 166.034769 
166.033951 166.029452 166.028224 166.029452 166.033951 
166.033133 166.028633 166.027406 166.028633 166.033133 
166.032315 166.027815 166.026179 166.027815 166.032315 
166.031906 166.026588 166.025361 166.026588 166.031906 
166.031088 166.025770 166.024134 166.025770 166.031088 
166.030270 166.024543 166.023316 166.024543 166.030270 
166.029452 166.023725 166.022089 166.023725 166.029452 
166.028633 166.022498 166.021271 166.022498 166.028633 
166.028224 166.021680 166.020043 166.021680 166.028224 
166.027406 166.020452 166.019225 166.020452 166.027406 
166.026588 166.019634 166.017998 166.019634 166.026588 
166.026179 166.018816 166.017180 166.018816 166.026179 
166.025361 166.017589 166.015953 166.017589 166.025361 
166.025361 166.016771 166.015135 166.016771 166.025361 
166.025361 166.015544 166.013908 166.015544 166.025361 
166.025361 166.014726 166.013090 166.014726 166.025361 
166.025770 166.013908 166.011862 166.013908 166.025770 
166.026588 166.012681 166.011044 166.012681 166.026588 
166.027406 166.011862 166.009817 166.011862 166.027406 
166.028224 166.011044 166.008999 166.011044 166.028224 
166.030270 166.010226 166.007772 166.010226 166.030270 
166.033133 166.009408 166.006954 166.009408 166.033133 
166.036814 166.008999 166.005727 166.008999 166.036814 
0.000000 166.008590 166.004909 166.008590 0.000000 
0.000000 166.008590 166.003681 166.008590 0.000000 
0.000000 166.009408 166.002863 166.009408 0.000000 
0.000000 166.012271 166.001636 166.012271 0.000000 
0.000000 166.020043 166.000818 166.020043 0.000000 
0.000000 0.000000 166.000000 0.000000 0.000000 
