test/output/constant/M385_S060_A180_WD270.0_WS020.0/M385_S060_A180_WD270.0_WS020.0_arrival.asc
ncols         59
nrows         9
xllcorner     426603.990666
yllcorner     12748355.311160
cellsize      100.000000
NODATA_value  0.000000
0.000000 0.000000 0.000000 0.000000 0.000000 0.000000 0.000000 0.000000 0.000000 0.000000 0.000000 0.000000 0.000000 0.000000 0.000000 0.000000 0.000000 0.000000 166.040893 166.040029 166.039165 166.038589 166.038013 166.037437 166.037149 166.036862 166.036574 166.036574 166.036286 166.036286 166.036286 166.036286 166.036574 166.036862 166.037149 166.037725 166.038301 166.038589 166.039165 166.039453 166.040029 166.040605 166.040893 166.041469 0.000000 0.000000 0.000000 0.000000 0.000000 0.000000 0.000000 0.000000 0.000000 0.000000 0.000000 0.000000 0.000000 0.000000 0.000000 
0.000000 0.000000 0.000000 0.000000 0.000000 0.000000 0.000000 0.000000 166.039453 166.036574 166.033982 166.032254 166.030526 166.029086 166.028222 166.027646 166.027070 166.026494 166.026206 166.026206 166.025918 166.025918 166.025918 166.026206 166.026494 166.026782 166.027358 166.027934 166.028222 166.028798 166.029374 166.029662 166.030238 166.030814 166.031390 166.031678 166.032254 166.032830 166.033406 166.033982 166.034558 166.035134 166.035710 166.036286 166.036862 166.037437 166.038301 166.038877 166.039453 166.040029 166.040605 166.041469 0.000000 0.000000 0.000000 0.000000 0.000000 0.000000 0.000000 
0.000000 0.000000 0.000000 166.033694 166.027646 166.023326 166.020447 166.018719 166.017279 166.016703 166.016127 166.015839 166.015551 166.015551 166.015839 166.016127 166.016703 166.016991 166.017567 166.018143 166.018431 166.019007 166.019583 166.020159 166.020735 166.021311 166.021887 166.022462 166.023038 166.023902 166.024478 166.025054 166.025918 166.026494 166.027070 166.027646 166.028510 166.029086 166.029662 166.030526 166.031102 166.031678 166.032542 166.033118 166.033694 166.034558 166.035134 166.035998 166.036574 166.037437 166.038013 166.038589 166.039453 166.040029 166.040893 166.041469 0.000000 0.000000 0.000000 
166.027070 166.010367 166.006624 166.005760 166.005184 166.005472 166.005760 166.006336 166.006912 166.007487 166.008063 166.008639 166.009503 166.010079 166.010943 166.011519 166.012095 166.012959 166.013535 166.014399 166.014975 166.015839 166.016415 166.017279 166.017855 166.018431 166.019295 166.019871 166.020735 166.021311 166.022175 166.022750 166.023614 166.024190 166.025054 166.025630 166.026494 166.027070 166.027934 166.028510 166.029086 166.029950 166.030526 166.031390 166.031966 166.032830 166.033406 166.034270 166.034846 166.035710 166.036286 166.037149 166.037725 166.038301 166.039165 166.039741 166.040605 166.041181 0.000000 
166.000000 166.000576 166.001152 166.002016 166.002592 166.003456 166.004032 166.004896 166.005472 166.006336 166.006912 166.007775 166.008351 166.009215 166.009791 166.010655 166.011231 166.012095 166.012671 166.013535 166.014111 166.014975 166.015551 166.016415 166.016991 166.017855 166.018431 166.019295 166.019871 166.020735 166.021311 166.022175 166.022750 166.023614 166.024190 166.025054 166.025630 166.026494 166.027070 166.027934 166.028510 166.029374 166.029950 166.030814 166.031390 166.032254 166.032830 166.033694 166.034270 166.035134 166.035710 166.036574 166.037149 166.038013 166.038589 166.039453 166.040029 166.040893 166.041469 
166.027070 166.010367 166.006624 166.005760 166.005184 166.005472 166.005760 166.006336 166.006912 166.007487 166.008063 166.008639 166.009503 166.010079 166.010943 166.011519 166.012095 166.012959 166.013535 166.014399 166.014975 166.015839 166.016415 166.017279 166.017855 166.018431 166.019295 166.019871 166.020735 166.021311 166.022175 166.022750 166.023614 166.024190 166.025054 166.025630 166.026494 166.027070 166.027934 166.028510 166.029086 166.029950 166.030526 166.031390 166.031966 166.032830 166.033406 166.034270 166.034846 166.035710 166.036286 166.037149 166.037725 166.038301 166.039165 166.039741 166.040605 166.041181 0.000000 
0.000000 0.000000 0.000000 166.033694 166.027646 166.023326 166.020447 166.018719 166.017279 166.016703 166.016127 166.015839 166.015551 166.015551 166.015839 166.016127 166.016703 166.016991 166.017567 166.018143 166.018431 166.019007 166.019583 166.020159 166.020735 166.021311 166.021887 166.022462 166.023038 166.023902 166.024478 166.025054 166.025918 166.026494 166.027070 166.027646 166.028510 166.029086 166.029662 166.030526 166.031102 166.031678 166.032542 166.033118 166.033694 166.034558 166.035134 166.035998 166.036574 166.037437 166.038013 166.038589 166.039453 166.040029 166.040893 166.041469 0.000000 0.000000 0.000000 
0.000000 0.000000 0.000000 0.000000 0.000000 0.000000 0.000000 0.000000 166.039453 166.036574 166.033982 166.032254 166.030526 166.029086 166.028222 166.027646 166.027070 166.026494 166.026206 166.026206 166.025918 166.025918 166.025918 166.026206 166.026494 166.026782 166.027358 166.027934 166.028222 166.028798 166.029374 166.029662 166.030238 166.030814 166.031390 166.031678 166.032254 166.032830 166.033406 166.033982 166.034558 166.035134 166.035710 166.036286 166.036862 166.037437 166.038301 166.038877 166.039453 166.040029 166.040605 166.041469 0.000000 0.000000 0.000000 0.000000 0.000000 0.000000 0.000000 
0.000000 0.000000 0.000000 0.000000 0.000000 0.000000 0.000000 0.000000 0.000000 0.000000 0.000000 0.000000 0.000000 0.000000 0.000000 0.000000 0.000000 0.000000 166.040893 166.040029 166.039165 166.038589 166.038013 166.037437 166.037149 166.036862 166.036574 166.036574 166.036286 166.036286 166.036286 166.036286 166.036574 166.036862 166.037149 166.037725 166.038301 166.038589 166.039165 166.039453 166.040029 166.040605 166.040893 166.041469 0.000000 0.000000 0.000000 0.000000 0.000000 0.000000 0.000000 0.000000 0.000000 0.000000 0.000000 0.000000 0.000000 0.000000 0.000000 
