test/output/constant/M3M495_S060_A090_WD180.0_WS030.0/M3M495_S060_A090_WD180.0_WS030.0_arrival.asc
ncols         13
nrows         19
xllcorner     426003.990666
yllcorner     12747355.311160
cellsize      100.000000
NODATA_value  0.000000
0.000000 0.000000 0.000000 0.000000 166.039329 166.036946 166.035754 166.036946 166.039329 0.000000 0.000000 0.000000 0.000000 
0.000000 0.000000 0.000000 166.038137 166.030987 166.027411 166.025028 166.027411 166.030987 166.038137 0.000000 0.000000 0.000000 
0.000000 0.000000 166.040521 166.030987 166.022644 166.016685 166.015493 166.016685 166.022644 166.030987 166.040521 0.000000 0.000000 
0.000000 0.000000 166.035754 166.026219 166.016685 166.008343 166.005959 166.008343 166.016685 166.026219 166.035754 0.000000 0.000000 
0.000000 166.040521 166.030987 166.022644 166.013110 166.004767 166.000000 166.004767 166.013110 166.022644 166.030987 166.040521 0.000000 
0.000000 166.036946 166.028603 166.020260 166.011918 166.004767 166.002384 166.004767 166.011918 166.020260 166.028603 166.036946 0.000000 
0.000000 166.035754 166.027411 166.019069 166.011918 166.005959 166.004767 166.005959 166.011918 166.019069 166.027411 166.035754 0.000000 
0.000000 166.034562 166.026219 166.019069 166.013110 166.008343 166.008343 166.008343 166.013110 166.019069 166.026219 166.034562 0.000000 
166.041667 166.034562 166.026219 166.020260 166.014302 166.011918 166.010726 166.011918 166.014302 166.020260 166.026219 166.034562 166.041667 
166.041667 166.034562 166.027411 166.021452 166.016685 166.014302 166.014302 166.014302 166.016685 166.021452 166.027411 166.034562 166.041667 
166.041667 166.034562 166.028603 166.022644 166.019069 166.017877 166.016685 166.017877 166.019069 166.022644 166.028603 166.034562 166.041667 
166.041667 166.035754 166.029795 166.025028 166.021452 166.020260 166.020260 166.020260 166.021452 166.025028 166.029795 166.035754 166.041667 
0.000000 166.036946 166.030987 166.027411 166.025028 166.022644 166.022644 166.022644 166.025028 166.027411 166.030987 166.036946 0.000000 
0.000000 166.038137 166.033370 166.029795 166.027411 166.026219 166.026219 166.026219 166.027411 166.029795 166.033370 166.038137 0.000000 
0.000000 166.039329 166.035754 166.032178 166.029795 166.028603 166.028603 166.028603 166.029795 166.032178 166.035754 166.039329 0.000000 
0.000000 166.041667 166.038137 166.035754 166.033370 166.032178 166.032178 166.032178 166.033370 166.035754 166.038137 166.041667 0.000000 
0.000000 0.000000 166.040521 166.038137 166.035754 166.034562 166.034562 166.034562 166.035754 166.038137 166.040521 0.000000 0.000000 
0.000000 0.000000 0.000000 166.040521 166.039329 166.038137 166.038137 166.038137 166.039329 166.040521 0.000000 0.000000 0.000000 
0.000000 0.000000 0.000000 0.000000 166.041667 166.040521 166.040521 166.040521 166.041667 0.000000 0.000000 0.000000 0.000000 
