test/output/constant/M265_S060_A090_WD045.0_WS020.0/M265_S060_A090_WD045.0_WS020.0_arrival.asc
ncols         9
nrows         23
xllcorner     425803.990666
yllcorner     12746555.311160
cellsize      100.000000
NODATA_value  0.000000
0.000000 0.000000 0.000000 0.000000 0.000000 0.000000 0.000000 166.013966 166.000000 
0.000000 0.000000 0.000000 0.000000 0.000000 0.000000 166.037708 166.002793 166.001397 
0.000000 0.000000 0.000000 0.000000 0.000000 0.000000 166.014664 166.003492 166.003492 
0.000000 0.000000 0.000000 0.000000 0.000000 166.032820 166.008380 166.004888 166.006983 
0.000000 0.000000 0.000000 0.000000 0.000000 166.020251 166.008380 166.006983 166.012569 
0.000000 0.000000 0.000000 0.000000 166.037010 166.015363 166.009078 166.009078 166.019553 
0.000000 0.000000 0.000000 0.000000 166.026536 166.013966 166.010475 166.011871 166.026536 
0.000000 0.000000 0.000000 0.000000 166.021647 166.013966 166.012569 166.015363 166.033519 
0.000000 0.000000 0.000000 166.032820 166.019553 166.014664 166.014664 166.020251 166.041200 
0.000000 0.000000 0.000000 166.027932 166.018854 166.016061 166.016759 166.025837 0.000000 
0.000000 0.000000 166.039105 166.025139 166.018854 166.018156 166.020251 166.031424 0.000000 
0.000000 0.000000 166.034217 166.024441 166.020251 166.020251 166.024441 166.037708 0.000000 
0.000000 0.000000 166.031424 166.024441 166.021647 166.022346 166.028630 0.000000 0.000000 
0.000000 166.041200 166.030027 166.024441 166.023742 166.025139 166.033519 0.000000 0.000000 
0.000000 166.038407 166.030027 166.025837 166.025837 166.029329 166.039105 0.000000 0.000000 
0.000000 166.036312 166.030027 166.027234 166.027932 166.032820 0.000000 0.000000 0.000000 
0.000000 166.034915 166.030027 166.029329 166.030725 166.037708 0.000000 0.000000 0.000000 
0.000000 166.034915 166.031424 166.031424 166.034217 0.000000 0.000000 0.000000 0.000000 
166.040502 166.034915 166.032820 166.033519 166.037708 0.000000 0.000000 0.000000 0.000000 
166.040502 166.036312 166.034915 166.036312 166.041667 0.000000 0.000000 0.000000 0.000000 
166.040502 166.037010 166.037010 166.039105 0.000000 0.000000 0.000000 0.000000 0.000000 
166.040502 166.038407 166.039105 0.000000 0.000000 0.000000 0.000000 0.000000 0.000000 
166.041667 166.040502 166.041200 0.000000 0.000000 0.000000 0.000000 0.000000 0.000000 
