test/output/constant/M3M400_S060_A180_WD270.0_WS015.0/M3M400_S060_A180_WD270.0_WS015.0_arrival.asc
ncols         67
nrows         11
xllcorner     426603.990666
yllcorner     12748255.311160
cellsize      100.000000
NODATA_value  0.000000
0.000000 0.000000 0.000000 0.000000 0.000000 0.000000 0.000000 0.000000 0.000000 0.000000 0.000000 0.000000 0.000000 0.000000 0.000000 0.000000 0.000000 0.000000 0.000000 0.000000 0.000000 0.000000 0.000000 0.000000 0.000000 0.000000 166.041226 166.040974 166.040468 166.040215 166.039962 166.039962 166.039456 166.039456 166.039456 166.039456 166.039456 166.039456 166.039456 166.039456 166.039709 166.039962 166.040468 166.040721 166.041226 166.041479 0.000000 0.000000 0.000000 0.000000 0.000000 0.000000 0.000000 0.000000 0.000000 0.000000 0.000000 0.000000 0.000000 0.000000 0.000000 0.000000 0.000000 0.000000 0.000000 0.000000 0.000000 
0.000000 0.000000 0.000000 0.000000 0.000000 0.000000 0.000000 0.000000 0.000000 0.000000 0.000000 0.000000 0.000000 166.040468 166.038697 166.036927 166.035915 166.034650 166.033639 166.032880 166.032374 166.031868 166.031615 166.031110 166.031110 166.030857 166.030604 166.030604 166.030604 166.030604 166.030604 166.030857 166.031110 166.031615 166.031868 166.032374 166.032627 166.033133 166.033639 166.034145 166.034398 166.034903 166.035409 166.035662 166.036168 166.036674 166.037180 166.037433 166.037938 166.038444 166.038950 166.039456 166.039709 166.040215 166.040721 166.041226 0.000000 0.000000 0.000000 0.000000 0.000000 0.000000 0.000000 0.000000 0.000000 0.000000 0.000000 
0.000000 0.000000 0.000000 0.000000 0.000000 0.000000 166.040468 166.035156 166.032121 166.029592 166.027569 166.026051 166.025039 166.024028 166.023269 166.022763 166.022510 166.022257 166.022004 166.022004 166.022004 166.022004 166.022004 166.022257 166.022763 166.023016 166.023522 166.024028 166.024281 166.024786 166.025292 166.025545 166.026051 166.026557 166.027063 166.027569 166.027822 166.028327 166.028833 166.029339 166.029845 166.030351 166.030857 166.031615 166.032121 166.032627 166.033133 166.033892 166.034398 166.034903 166.035409 166.036168 166.036674 166.037180 166.037938 166.038444 166.038950 166.039709 166.040215 166.040721 166.041479 0.000000 0.000000 0.000000 0.000000 0.000000 0.000000 
0.000000 0.000000 166.038191 166.027569 166.021751 166.018716 166.016693 166.015175 166.014417 166.013658 166.013405 166.013152 166.013152 166.013152 166.013405 166.013911 166.014164 166.014670 166.015175 166.015681 166.015934 166.016440 166.016946 166.017452 166.017958 166.018463 166.018969 166.019475 166.020234 166.020740 166.021246 166.021751 166.022510 166.023016 166.023522 166.024281 166.024786 166.025292 166.026051 166.026557 166.027063 166.027822 166.028327 166.028833 166.029592 166.030098 166.030857 166.031362 166.032121 166.032627 166.033133 166.033892 166.034398 166.035156 166.035662 166.036168 166.036927 166.037433 166.038191 166.038697 166.039456 166.039962 166.040468 166.041226 166.041667 0.000000 0.000000 
166.021751 166.008346 166.005564 166.004553 166.004553 166.004553 166.005058 166.005564 166.006070 166.006323 166.007082 166.007588 166.008346 166.008852 166.009358 166.010117 166.010623 166.011382 166.011887 166.012646 166.013152 166.013658 166.014417 166.014922 166.015681 166.016187 166.016946 166.017452 166.018210 166.018716 166.019222 166.019981 166.020487 166.021246 166.021751 166.022510 166.023016 166.023775 166.024281 166.025039 166.025545 166.026051 166.026810 166.027316 166.028074 166.028580 166.029339 166.029845 166.030604 166.031110 166.031868 166.032374 166.033133 166.033639 166.034398 166.034903 166.035409 166.036168 166.036674 166.037433 166.037938 166.038697 166.039203 166.039962 166.040468 166.041226 166.041667 
166.000000 166.000506 166.001012 166.001770 166.002276 166.003035 166.003541 166.004300 166.004806 166.005564 166.006070 166.006829 166.007335 166.008094 166.008599 166.009358 166.009864 166.010623 166.011129 166.011887 166.012393 166.013152 166.013658 166.014417 166.014922 166.015681 166.016187 166.016946 166.017452 166.018210 166.018716 166.019475 166.019981 166.020740 166.021246 166.022004 166.022510 166.023269 166.023775 166.024534 166.025039 166.025798 166.026304 166.027063 166.027569 166.028327 166.028833 166.029592 166.030098 166.030857 166.031362 166.032121 166.032627 166.033386 166.033892 166.034650 166.035156 166.035915 166.036421 166.037180 166.037686 166.038444 166.038950 166.039709 166.040215 166.040974 166.041479 
166.021751 166.008346 166.005564 166.004553 166.004553 166.004553 166.005058 166.005564 166.006070 166.006323 166.007082 166.007588 166.008346 166.008852 166.009358 166.010117 166.010623 166.011382 166.011887 166.012646 166.013152 166.013658 166.014417 166.014922 166.015681 166.016187 166.016946 166.017452 166.018210 166.018716 166.019222 166.019981 166.020487 166.021246 166.021751 166.022510 166.023016 166.023775 166.024281 166.025039 166.025545 166.026051 166.026810 166.027316 166.028074 166.028580 166.029339 166.029845 166.030604 166.031110 166.031868 166.032374 166.033133 166.033639 166.034398 166.034903 166.035409 166.036168 166.036674 166.037433 166.037938 166.038697 166.039203 166.039962 166.040468 166.041226 166.041667 
0.000000 0.000000 166.038191 166.027569 166.021751 166.018716 166.016693 166.015175 166.014417 166.013658 166.013405 166.013152 166.013152 166.013152 166.013405 166.013911 166.014164 166.014670 166.015175 166.015681 166.015934 166.016440 166.016946 166.017452 166.017958 166.018463 166.018969 166.019475 166.020234 166.020740 166.021246 166.021751 166.022510 166.023016 166.023522 166.024281 166.024786 166.025292 166.026051 166.026557 166.027063 166.027822 166.028327 166.028833 166.029592 166.030098 166.030857 166.031362 166.032121 166.032627 166.033133 166.033892 166.034398 166.035156 166.035662 166.036168 166.036927 166.037433 166.038191 166.038697 166.039456 166.039962 166.040468 166.041226 166.041667 0.000000 0.000000 
0.000000 0.000000 0.000000 0.000000 0.000000 0.000000 166.040468 166.035156 166.032121 166.029592 166.027569 166.026051 166.025039 166.024028 166.023269 166.022763 166.022510 166.022257 166.022004 166.022004 166.022004 166.022004 166.022004 166.022257 166.022763 166.023016 166.023522 166.024028 166.024281 166.024786 166.025292 166.025545 166.026051 166.026557 166.027063 166.027569 166.027822 166.028327 166.028833 166.029339 166.029845 166.030351 166.030857 166.031615 166.032121 166.032627 166.033133 166.033892 166.034398 166.034903 166.035409 166.036168 166.036674 166.037180 166.037938 166.038444 166.038950 166.039709 166.040215 166.040721 166.041479 0.000000 0.000000 0.000000 0.000000 0.000000 0.000000 
0.000000 0.000000 0.000000 0.000000 0.000000 0.000000 0.000000 0.000000 0.000000 0.000000 0.000000 0.000000 0.000000 166.040468 166.038697 166.036927 166.035915 166.034650 166.033639 166.032880 166.032374 166.031868 166.031615 166.031110 166.031110 166.030857 166.030604 166.030604 166.030604 166.030604 166.030604 166.030857 166.031110 166.031615 166.031868 166.032374 166.032627 166.033133 166.033639 166.034145 166.034398 166.034903 166.035409 166.035662 166.036168 166.036674 166.037180 166.037433 166.037938 166.038444 166.038950 166.039456 166.039709 166.040215 166.040721 166.041226 0.000000 0.000000 0.000000 0.000000 0.000000 0.000000 0.000000 0.000000 0.000000 0.000000 0.000000 
0.000000 0.000000 0.000000 0.000000 0.000000 0.000000 0.000000 0.000000 0.000000 0.000000 0.000000 0.000000 0.000000 0.000000 0.000000 0.000000 0.000000 0.000000 0.000000 0.000000 0.000000 0.000000 0.000000 0.000000 0.000000 0.000000 166.041226 166.040974 166.040468 166.040215 166.039962 166.039962 166.039456 166.039456 166.039456 166.039456 166.039456 166.039456 166.039456 166.039456 166.039709 166.039962 166.040468 166.040721 166.041226 166.041479 0.000000 0.000000 0.000000 0.000000 0.000000 0.000000 0.000000 0.000000 0.000000 0.000000 0.000000 0.000000 0.000000 0.000000 0.000000 0.000000 0.000000 0.000000 0.000000 0.000000 0.000000 
