test/output/constant/M370_S060_A000_WD225.0_WS010.0/M370_S060_A000_WD225.0_WS010.0_intensity.asc
ncols         33
nrows         12
xllcorner     423503.990666
yllcorner     12748555.311160
cellsize      100.000000
NODATA_value  0.000000
0 0 0 0 40906 44199 38439 3862 32240 5703 0 0 0 0 0 0 0 0 0 0 0 0 0 0 0 0 0 0 0 0 0 0 0 
0 45046 45046 44199 45046 45046 45046 45046 42845 32240 2564 32240 1773 32240 5703 32240 3862 0 0 0 0 0 0 0 0 0 0 0 0 0 0 0 0 
45046 45046 45046 44926 44199 40906 45046 40906 44199 45046 45046 45046 32240 32240 32240 2564 1644 3862 28696 32240 0 0 0 0 0 0 0 0 0 0 0 0 0 
29530 45046 45046 45046 45046 45046 45046 45046 45046 45046 45046 44926 45046 40906 42845 32240 32240 3862 1773 32240 32240 32240 28696 24996 0 0 0 0 0 0 0 0 0 
0 25849 45046 44427 45046 36237 45046 45046 45046 45046 45046 45046 45046 44199 38439 45046 45046 45046 32240 32240 1773 3862 3862 3862 32240 1644 0 0 0 0 0 0 0 
0 0 25849 25849 33028 25849 22097 45046 44427 45046 45046 41410 45046 44199 45046 45046 45046 45046 45046 44199 38439 3862 32240 3862 28696 32240 1773 3862 1773 0 0 0 0 
0 0 0 0 25849 25849 29530 25849 25849 45046 25849 41410 45003 45046 45046 45046 45046 45046 42845 45046 45046 40906 45046 40906 38439 32240 32240 3862 1537 1279 0 0 0 
0 0 0 0 0 0 25849 25849 25849 25849 29530 22097 25849 25849 29530 25849 25849 25849 45046 44427 41410 45046 45046 44199 45046 45046 40906 38439 32240 1537 1773 1279 0 
0 0 0 0 0 0 0 0 0 25849 25849 25849 22097 25849 25849 25849 25849 25849 25849 25849 25849 25849 39059 45046 44427 45046 45046 45046 45046 45046 38439 1644 1279 
0 0 0 0 0 0 0 0 0 0 0 25849 25849 25849 25849 25849 25849 25849 25849 25849 25849 25849 25849 25849 25849 25849 43217 41410 25849 45046 45046 0 1537 
0 0 0 0 0 0 0 0 0 0 0 0 0 0 0 0 25849 25849 25849 25849 25849 25849 25849 25849 25849 25849 25849 25849 8595 11532 14829 1232 1125 
0 0 0 0 0 0 0 0 0 0 0 0 0 0 0 0 0 0 0 0 0 0 0 0 0 25849 14829 18386 18386 0 0 0 0 
