test/output/constant/M3M480_S060_A090_WD135.0_WS045.0/M3M480_S060_A090_WD135.0_WS045.0_arrival.asc
ncols         32
nrows         11
xllcorner     423603.990666
yllcorner     12747955.311160
cellsize      100.000000
NODATA_value  0.000000
0.000000 0.000000 0.000000 0.000000 0.000000 0.000000 0.000000 0.000000 0.000000 0.000000 0.000000 0.000000 0.000000 0.000000 0.000000 0.000000 0.000000 0.000000 0.000000 0.000000 0.000000 0.000000 0.000000 166.040598 166.040126 166.039654 166.040126 166.040126 166.041667 0.000000 0.000000 0.000000 
0.000000 0.000000 0.000000 0.000000 0.000000 0.000000 0.000000 0.000000 0.000000 0.000000 0.000000 0.000000 0.000000 0.000000 0.000000 166.039654 166.037765 166.035405 166.033517 166.031156 166.028796 166.026908 166.024547 166.022187 166.019827 166.018411 166.016522 166.014634 166.014162 166.014162 166.016050 0.000000 
0.000000 0.000000 0.000000 0.000000 0.000000 0.000000 0.000000 0.000000 0.000000 166.041667 166.039654 166.037293 166.035405 166.033045 166.030684 166.028324 166.026436 166.024075 166.022187 166.019827 166.017466 166.015578 166.013218 166.011330 166.008969 166.007081 166.005193 166.003777 166.002360 166.000944 166.000000 166.032100 
0.000000 0.000000 0.000000 0.000000 0.000000 0.000000 0.000000 166.040126 166.037765 166.035405 166.033517 166.031628 166.029268 166.027380 166.025020 166.023131 166.021243 166.019355 166.017466 166.015578 166.013690 166.012274 166.010858 166.009441 166.008025 166.006609 166.005193 166.003777 166.002832 166.002832 166.007081 166.039654 
0.000000 0.000000 0.000000 0.000000 166.041070 166.039181 166.037293 166.034933 166.033045 166.031156 166.029268 166.027380 166.025964 166.024075 166.022187 166.020771 166.019355 166.017939 166.016522 166.015106 166.013690 166.012274 166.010858 166.009441 166.008969 166.008497 166.008497 166.009441 166.012746 166.019827 166.032573 0.000000 
0.000000 0.000000 166.041542 166.039654 166.037765 166.035877 166.033989 166.032573 166.030684 166.029268 166.027852 166.026436 166.025020 166.023603 166.022187 166.020771 166.019355 166.017939 166.016522 166.015578 166.014634 166.014162 166.014162 166.014162 166.014634 166.016050 166.019355 166.024547 166.032573 0.000000 0.000000 0.000000 
0.000000 166.041070 166.039181 166.037765 166.036349 166.034933 166.033517 166.032100 166.030684 166.029268 166.027852 166.026436 166.025020 166.023603 166.022187 166.021243 166.020771 166.020299 166.019827 166.019355 166.019355 166.019827 166.020771 166.022659 166.025964 166.030684 166.036821 0.000000 0.000000 0.000000 0.000000 0.000000 
166.041667 166.040598 166.039181 166.037765 166.036349 166.034933 166.033517 166.032100 166.030684 166.029268 166.028324 166.027380 166.026436 166.025964 166.025492 166.025020 166.025020 166.025020 166.025492 166.025964 166.027380 166.029740 166.033045 166.036821 0.000000 0.000000 0.000000 0.000000 0.000000 0.000000 0.000000 0.000000 
166.041667 166.040598 166.039181 166.037765 166.036349 166.034933 166.033989 166.033517 166.032573 166.031628 166.031156 166.030684 166.030684 166.030212 166.030212 166.030684 166.031628 166.032573 166.034461 166.036349 166.039654 0.000000 0.000000 0.000000 0.000000 0.000000 0.000000 0.000000 0.000000 0.000000 0.000000 0.000000 
0.000000 166.041070 166.040126 166.039181 166.038709 166.037765 166.036821 166.036821 166.036349 166.035877 166.035877 166.035877 166.036349 166.036821 166.037765 166.038709 166.041070 0.000000 0.000000 0.000000 0.000000 0.000000 0.000000 0.000000 0.000000 0.000000 0.000000 0.000000 0.000000 0.000000 0.000000 0.000000 
0.000000 0.000000 0.000000 0.000000 0.000000 166.041667 166.041542 166.041542 166.041542 166.041542 0.000000 0.000000 0.000000 0.000000 0.000000 0.000000 0.000000 0.000000 0.000000 0.000000 0.000000 0.000000 0.000000 0.000000 0.000000 0.000000 0.000000 0.000000 0.000000 0.000000 0.000000 0.000000 
