test/output/constant/M3M465_S060_A000_WD045.0_WS005.0/M3M465_S060_A000_WD045.0_WS005.0_arrival.asc
ncols         38
nrows         9
xllcorner     422903.990666
yllcorner     12748155.311160
cellsize      100.000000
NODATA_value  0.000000
0.000000 0.000000 0.000000 0.000000 0.000000 0.000000 0.000000 0.000000 0.000000 0.000000 0.000000 0.000000 0.000000 0.000000 166.041059 166.040157 166.039254 166.037901 166.036998 166.036096 166.035193 166.034291 166.033389 166.032486 166.032035 166.031133 166.030681 166.030230 166.030230 166.030230 166.030230 166.030681 166.032486 166.034291 166.037901 0.000000 0.000000 0.000000 
0.000000 0.000000 0.000000 0.000000 0.000000 0.000000 0.000000 0.000000 0.000000 166.040608 166.039254 166.037901 166.036547 166.035193 166.033840 166.032486 166.031133 166.029779 166.028425 166.027072 166.026169 166.024816 166.023462 166.022109 166.020755 166.019402 166.018048 166.016694 166.015341 166.013987 166.013085 166.012182 166.011280 166.010829 166.010378 166.010829 166.012634 166.022560 
0.000000 0.000000 0.000000 0.000000 0.000000 166.040608 166.039254 166.037901 166.036547 166.035193 166.033840 166.032486 166.031133 166.029779 166.028425 166.027072 166.025718 166.024365 166.023011 166.021658 166.020304 166.019402 166.018048 166.016694 166.015341 166.013987 166.012634 166.011280 166.009926 166.009024 166.007670 166.006317 166.005414 166.004061 166.003158 166.001805 166.000902 166.000000 
0.000000 0.000000 166.041510 166.040157 166.038803 166.037449 166.036096 166.035193 166.033840 166.032486 166.031133 166.029779 166.028425 166.027523 166.026169 166.024816 166.023462 166.022560 166.021206 166.020304 166.018950 166.018048 166.016694 166.015341 166.014438 166.013085 166.012182 166.010829 166.009926 166.008573 166.007670 166.006317 166.005414 166.004512 166.004061 166.004061 166.004963 166.014890 
0.000000 166.041059 166.039705 166.038352 166.037449 166.036096 166.035193 166.033840 166.032486 166.031584 166.030230 166.029328 166.027974 166.027072 166.025718 166.024816 166.023462 166.022560 166.021206 166.020304 166.018950 166.018048 166.016694 166.015792 166.014890 166.013987 166.013085 166.012634 166.012182 166.011731 166.011731 166.011280 166.012182 166.013987 166.017597 166.024816 166.040157 0.000000 
166.041510 166.040608 166.039254 166.038352 166.036998 166.036096 166.034742 166.033840 166.032486 166.031584 166.030230 166.029328 166.028425 166.027072 166.026169 166.025267 166.024365 166.023462 166.022560 166.022109 166.021206 166.020304 166.019853 166.019402 166.019402 166.018950 166.018950 166.018950 166.019853 166.021206 166.023011 166.025718 166.030681 166.037449 0.000000 0.000000 0.000000 0.000000 
166.041667 166.040608 166.039705 166.038803 166.037901 166.036998 166.035645 166.034742 166.033840 166.033389 166.032035 166.031133 166.030681 166.029779 166.028877 166.028425 166.027974 166.027523 166.027072 166.027072 166.026621 166.026621 166.026621 166.026621 166.027523 166.028425 166.030230 166.032035 166.034742 166.038352 0.000000 0.000000 0.000000 0.000000 0.000000 0.000000 0.000000 0.000000 
0.000000 0.000000 166.041510 166.041059 166.040157 166.039254 166.038352 166.037901 166.036998 166.036547 166.035645 166.035193 166.035193 166.034742 166.034742 166.034291 166.034291 166.034291 166.033840 166.034291 166.034742 166.036096 166.036998 166.038803 166.041059 0.000000 0.000000 0.000000 0.000000 0.000000 0.000000 0.000000 0.000000 0.000000 0.000000 0.000000 0.000000 0.000000 
0.000000 0.000000 0.000000 0.000000 0.000000 0.000000 0.000000 0.000000 0.000000 0.000000 0.000000 166.041667 166.041510 166.041510 166.041510 0.000000 0.000000 0.000000 0.000000 0.000000 0.000000 0.000000 0.000000 0.000000 0.000000 0.000000 0.000000 0.000000 0.000000 0.000000 0.000000 0.000000 0.000000 0.000000 0.000000 0.000000 0.000000 0.000000 
