test/output/constant/M3M470_S060_A180_WD315.0_WS015.0/M3M470_S060_A180_WD315.0_WS015.0_ros.asc
ncols         44
nrows         13
xllcorner     426603.990666
yllcorner     12747655.311160
cellsize      100.000000
NODATA_value  0.000000
0.468479 10.583953 10.583953 15.256997 32.627571 20.599066 15.256997 20.599066 26.448368 32.627571 0.000000 0.000000 0.000000 0.000000 0.000000 0.000000 0.000000 0.000000 0.000000 0.000000 0.000000 0.000000 0.000000 0.000000 0.000000 0.000000 0.000000 0.000000 0.000000 0.000000 0.000000 0.000000 0.000000 0.000000 0.000000 0.000000 0.000000 0.000000 0.000000 0.000000 0.000000 0.000000 0.000000 0.000000 
-1.000000 73.635368 73.635368 73.635368 69.546837 15.256997 15.256997 20.599066 56.863697 20.599066 56.863697 38.949234 32.627571 20.599066 20.599066 32.627571 10.583953 20.599066 32.627571 10.583953 0.000000 0.000000 0.000000 0.000000 0.000000 0.000000 0.000000 0.000000 0.000000 0.000000 0.000000 0.000000 0.000000 0.000000 0.000000 0.000000 0.000000 0.000000 0.000000 0.000000 0.000000 0.000000 0.000000 0.000000 
0.492123 56.074322 73.635368 73.635368 73.635368 73.635368 73.635368 69.546837 73.635368 73.635368 66.151070 73.635368 56.863697 66.151070 20.599066 56.863697 66.151070 26.448368 20.599066 61.880138 51.254059 20.599066 56.863697 51.254059 10.583953 0.000000 0.000000 0.000000 0.000000 0.000000 0.000000 0.000000 0.000000 0.000000 0.000000 0.000000 0.000000 0.000000 0.000000 0.000000 0.000000 0.000000 0.000000 0.000000 
0.000000 0.924232 50.394562 50.394562 50.394562 73.635368 73.635368 73.635368 73.635368 73.635368 73.635368 73.635368 66.151070 69.546837 15.256997 73.575745 66.151070 73.635368 73.635368 73.635368 56.863697 69.546837 20.599066 61.880138 10.583953 51.254059 56.863697 61.880138 20.599066 0.000000 0.000000 0.000000 0.000000 0.000000 0.000000 0.000000 0.000000 0.000000 0.000000 0.000000 0.000000 0.000000 0.000000 0.000000 
0.000000 0.000000 0.000000 44.319447 0.492123 50.394562 50.394562 71.672256 73.635368 73.635368 73.635368 73.635368 73.635368 73.635368 73.635368 73.635368 73.635368 71.964348 69.546837 73.635368 73.635368 73.635368 66.151070 73.635368 10.583953 69.546837 51.254059 10.583953 56.863697 6.748351 20.599066 61.880138 0.000000 0.000000 0.000000 0.000000 0.000000 0.000000 0.000000 0.000000 0.000000 0.000000 0.000000 0.000000 
0.000000 0.000000 0.000000 0.000000 0.000000 44.319447 44.319447 50.394562 50.394562 56.074322 65.574173 73.635368 73.635368 73.635368 73.635368 73.635368 73.635368 73.635368 73.635368 73.635368 73.635368 73.635368 69.546837 73.635368 73.635368 73.635368 73.635368 69.546837 20.599066 73.635368 73.635368 69.546837 73.635368 73.575745 56.863697 0.000000 0.000000 0.000000 0.000000 0.000000 0.000000 0.000000 0.000000 0.000000 
0.000000 0.000000 0.000000 0.000000 0.000000 0.000000 0.000000 0.000000 50.394562 50.394562 50.394562 50.394562 73.196686 73.635368 73.635368 71.672256 69.105385 73.635368 73.635368 73.635368 73.635368 73.635368 73.635368 73.635368 73.635368 73.635368 26.448368 73.635368 73.635368 73.635368 73.635368 20.599066 73.635368 71.964348 15.256997 73.330238 73.635368 66.151070 0.000000 0.000000 0.000000 0.000000 0.000000 0.000000 
0.000000 0.000000 0.000000 0.000000 0.000000 0.000000 0.000000 0.000000 0.000000 0.000000 0.000000 50.394562 50.394562 50.394562 56.074322 73.635368 73.635368 73.196686 56.074322 73.508797 73.635368 73.635368 73.635368 73.635368 73.635368 73.635368 73.635368 73.635368 73.635368 73.635368 73.635368 73.635368 73.635368 73.635368 73.635368 73.635368 73.635368 20.599066 73.635368 71.964348 0.000000 0.000000 0.000000 0.000000 
0.000000 0.000000 0.000000 0.000000 0.000000 0.000000 0.000000 0.000000 0.000000 0.000000 0.000000 0.000000 0.000000 0.000000 44.319447 50.394562 50.394562 50.394562 73.635368 71.672256 73.196686 61.186005 61.186005 73.196686 71.672256 73.635368 73.635368 73.635368 73.635368 73.635368 73.635368 73.635368 73.635368 73.635368 73.635368 73.635368 73.635368 73.635368 73.635368 73.635368 73.635368 73.635368 0.000000 0.000000 
0.000000 0.000000 0.000000 0.000000 0.000000 0.000000 0.000000 0.000000 0.000000 0.000000 0.000000 0.000000 0.000000 0.000000 0.000000 0.000000 0.000000 0.000000 50.394562 50.394562 50.394562 73.635368 69.105385 73.635368 61.186005 65.574173 73.635368 73.635368 73.635368 71.672256 73.635368 73.635368 73.635368 73.635368 73.635368 73.635368 73.635368 73.635368 73.635368 73.635368 73.635368 73.635368 73.635368 0.000000 
0.000000 0.000000 0.000000 0.000000 0.000000 0.000000 0.000000 0.000000 0.000000 0.000000 0.000000 0.000000 0.000000 0.000000 0.000000 0.000000 0.000000 0.000000 0.000000 0.000000 0.000000 0.000000 65.574173 56.074322 73.635368 50.394562 73.635368 56.074322 73.635368 69.105385 73.635368 71.672256 73.635368 73.635368 73.635368 71.672256 73.635368 73.635368 73.635368 73.635368 73.635368 73.635368 73.635368 73.635368 
0.000000 0.000000 0.000000 0.000000 0.000000 0.000000 0.000000 0.000000 0.000000 0.000000 0.000000 0.000000 0.000000 0.000000 0.000000 0.000000 0.000000 0.000000 0.000000 0.000000 0.000000 0.000000 0.000000 0.000000 0.000000 0.000000 0.000000 73.635368 73.635368 73.635368 56.074322 73.508797 73.635368 73.635368 73.635368 73.635368 73.635368 73.635368 73.635368 73.635368 73.635368 73.635368 73.635368 73.635368 
0.000000 0.000000 0.000000 0.000000 0.000000 0.000000 0.000000 0.000000 0.000000 0.000000 0.000000 0.000000 0.000000 0.000000 0.000000 0.000000 0.000000 0.000000 0.000000 0.000000 0.000000 0.000000 0.000000 0.000000 0.000000 0.000000 0.000000 0.000000 0.000000 0.000000 0.000000 0.000000 0.000000 0.000000 0.000000 73.635368 65.574173 73.635368 73.635368 73.635368 73.635368 0.000000 0.000000 0.000000 
