test/output/constant/M380_S000_A000_WD045.0_WS025.0/M380_S000_A000_WD045.0_WS025.0_arrival.asc
ncols         22
nrows         22
xllcorner     424603.990666
yllcorner     12746755.311160
cellsize      100.000000
NODATA_value  0.000000
0.000000 0.000000 0.000000 0.000000 0.000000 0.000000 0.000000 0.000000 0.000000 0.000000 0.000000 0.000000 0.000000 0.000000 0.000000 0.000000 0.000000 166.034303 166.025276 166.017452 166.015647 166.022267 
0.000000 0.000000 0.000000 0.000000 0.000000 0.000000 0.000000 0.000000 0.000000 0.000000 0.000000 0.000000 0.000000 0.000000 0.000000 166.033099 166.024072 166.015647 166.007222 166.001204 166.000000 166.015647 
0.000000 0.000000 0.000000 0.000000 0.000000 0.000000 0.000000 0.000000 0.000000 0.000000 0.000000 0.000000 0.000000 166.037914 166.029488 166.021063 166.013841 166.007222 166.003611 166.001204 166.001204 166.017452 
0.000000 0.000000 0.000000 0.000000 0.000000 0.000000 0.000000 0.000000 0.000000 0.000000 0.000000 0.000000 166.035506 166.027683 166.019860 166.013841 166.008425 166.005416 166.003611 166.003611 166.007222 166.025276 
0.000000 0.000000 0.000000 0.000000 0.000000 0.000000 0.000000 0.000000 0.000000 0.000000 166.041524 166.033701 166.026479 166.020461 166.014443 166.010231 166.007823 166.005416 166.005416 166.007222 166.015647 166.034303 
0.000000 0.000000 0.000000 0.000000 0.000000 0.000000 0.000000 0.000000 0.000000 166.040321 166.033099 166.027081 166.021063 166.015647 166.012036 166.009629 166.007823 166.007823 166.008425 166.013841 166.024072 0.000000 
0.000000 0.000000 0.000000 0.000000 0.000000 0.000000 0.000000 0.000000 166.039719 166.033099 166.027081 166.022267 166.017452 166.013841 166.012036 166.009629 166.009629 166.010231 166.013841 166.021063 166.033099 0.000000 
0.000000 0.000000 0.000000 0.000000 0.000000 0.000000 0.000000 166.039719 166.033701 166.028285 166.023470 166.019258 166.016249 166.013841 166.012036 166.012036 166.012036 166.014443 166.019860 166.029488 0.000000 0.000000 
0.000000 0.000000 0.000000 0.000000 0.000000 0.000000 166.040321 166.034303 166.029488 166.024674 166.021063 166.018054 166.016249 166.013841 166.013841 166.013841 166.015647 166.020461 166.027683 166.037914 0.000000 0.000000 
0.000000 0.000000 0.000000 0.000000 0.000000 166.040923 166.035506 166.030692 166.026479 166.022869 166.019860 166.018054 166.016249 166.016249 166.016249 166.017452 166.021063 166.026479 166.035506 0.000000 0.000000 0.000000 
0.000000 0.000000 0.000000 0.000000 166.041667 166.036710 166.032497 166.028285 166.024674 166.022267 166.020461 166.018656 166.018054 166.018054 166.019258 166.022267 166.027081 166.033701 0.000000 0.000000 0.000000 0.000000 
0.000000 0.000000 0.000000 0.000000 166.037914 166.033701 166.030090 166.026479 166.024072 166.022267 166.020461 166.020461 166.019860 166.021063 166.023470 166.027081 166.033099 166.041524 0.000000 0.000000 0.000000 0.000000 
0.000000 0.000000 0.000000 166.039719 166.035506 166.031896 166.028887 166.026479 166.024072 166.022869 166.022267 166.022267 166.022869 166.024674 166.028285 166.033099 166.040321 0.000000 0.000000 0.000000 0.000000 0.000000 
0.000000 0.000000 166.040923 166.037312 166.033701 166.030692 166.028285 166.026479 166.024674 166.024072 166.024072 166.024674 166.026479 166.029488 166.033701 166.039719 0.000000 0.000000 0.000000 0.000000 0.000000 0.000000 
0.000000 0.000000 166.039117 166.035506 166.032497 166.030692 166.028285 166.027081 166.026479 166.026479 166.026479 166.028285 166.030692 166.034303 166.039719 0.000000 0.000000 0.000000 0.000000 0.000000 0.000000 0.000000 
0.000000 166.040923 166.037312 166.034905 166.032497 166.030692 166.028887 166.028285 166.028285 166.028887 166.030090 166.032497 166.035506 166.040321 0.000000 0.000000 0.000000 0.000000 0.000000 0.000000 0.000000 0.000000 
0.000000 166.039117 166.036710 166.034905 166.032497 166.031294 166.030692 166.030692 166.030692 166.031896 166.033701 166.036710 166.040923 0.000000 0.000000 0.000000 0.000000 0.000000 0.000000 0.000000 0.000000 0.000000 
166.041524 166.039117 166.036710 166.034905 166.033099 166.032497 166.032497 166.032497 166.033701 166.035506 166.037914 166.041667 0.000000 0.000000 0.000000 0.000000 0.000000 0.000000 0.000000 0.000000 0.000000 0.000000 
166.040923 166.039117 166.036710 166.035506 166.034905 166.034905 166.034905 166.035506 166.037312 166.039719 0.000000 0.000000 0.000000 0.000000 0.000000 0.000000 0.000000 0.000000 0.000000 0.000000 0.000000 0.000000 
166.040923 166.039117 166.037312 166.036710 166.036710 166.036710 166.037312 166.039117 166.040923 0.000000 0.000000 0.000000 0.000000 0.000000 0.000000 0.000000 0.000000 0.000000 0.000000 0.000000 0.000000 0.000000 
166.040923 166.039719 166.039117 166.039117 166.039117 166.039117 166.040923 0.000000 0.000000 0.000000 0.000000 0.000000 0.000000 0.000000 0.000000 0.000000 0.000000 0.000000 0.000000 0.000000 0.000000 0.000000 
166.041524 166.040923 166.040923 166.040923 166.041524 0.000000 0.000000 0.000000 0.000000 0.000000 0.000000 0.000000 0.000000 0.000000 0.000000 0.000000 0.000000 0.000000 0.000000 0.000000 0.000000 0.000000 
