test/output/constant/C6_S000_A180_WD000.0_WS040.0/C6_S000_A180_WD000.0_WS040.0_arrival.asc
ncols         7
nrows         35
xllcorner     426303.990666
yllcorner     12745355.311160
cellsize      100.000000
NODATA_value  0.000000
0.000000 0.000000 166.028759 166.000000 166.028759 0.000000 0.000000 
0.000000 0.000000 166.009421 166.000992 166.009421 0.000000 0.000000 
0.000000 0.000000 166.006942 166.001983 166.006942 0.000000 0.000000 
0.000000 166.029751 166.006942 166.003471 166.006942 166.029751 0.000000 
0.000000 166.025288 166.006942 166.004463 166.006942 166.025288 0.000000 
0.000000 166.022809 166.007934 166.005950 166.007934 166.022809 0.000000 
0.000000 166.020826 166.008925 166.006942 166.008925 166.020826 0.000000 
166.041156 166.020330 166.009917 166.008429 166.009917 166.020330 166.041156 
166.038676 166.019834 166.010909 166.009421 166.010909 166.019834 166.038676 
166.036693 166.019834 166.011900 166.010909 166.011900 166.019834 166.036693 
166.035206 166.019834 166.013388 166.011900 166.013388 166.019834 166.035206 
166.034214 166.020330 166.014380 166.013388 166.014380 166.020330 166.034214 
166.033222 166.021322 166.015371 166.014380 166.015371 166.021322 166.033222 
166.033222 166.021818 166.016859 166.015867 166.016859 166.021818 166.033222 
166.032726 166.022809 166.017851 166.016859 166.017851 166.022809 166.032726 
166.032726 166.023801 166.019338 166.018347 166.019338 166.023801 166.032726 
166.032726 166.024297 166.020330 166.019338 166.020330 166.024297 166.032726 
166.033222 166.025288 166.021818 166.020826 166.021818 166.025288 166.033222 
166.033718 166.026280 166.022809 166.021818 166.022809 166.026280 166.033718 
166.034214 166.027272 166.023801 166.023305 166.023801 166.027272 166.034214 
166.035206 166.028264 166.025288 166.024297 166.025288 166.028264 166.035206 
166.036197 166.029751 166.026280 166.025784 166.026280 166.029751 166.036197 
166.036693 166.030743 166.027768 166.026776 166.027768 166.030743 166.036693 
166.037685 166.031735 166.028759 166.028264 166.028759 166.031735 166.037685 
166.038676 166.032726 166.029751 166.029255 166.029751 166.032726 166.038676 
166.039668 166.034214 166.031239 166.030743 166.031239 166.034214 166.039668 
166.040164 166.035206 166.032230 166.031735 166.032230 166.035206 166.040164 
166.041156 166.036197 166.033718 166.033222 166.033718 166.036197 166.041156 
0.000000 166.037189 166.034710 166.034214 166.034710 166.037189 0.000000 
0.000000 166.038676 166.036197 166.035701 166.036197 166.038676 0.000000 
0.000000 166.039668 166.037189 166.036693 166.037189 166.039668 0.000000 
0.000000 166.041156 166.038676 166.038181 166.038676 166.041156 0.000000 
0.000000 0.000000 166.039668 166.039172 166.039668 0.000000 0.000000 
0.000000 0.000000 166.041156 166.040660 166.041156 0.000000 0.000000 
0.000000 0.000000 0.000000 166.041652 0.000000 0.000000 0.000000 
