test/output/constant/M3M480_S000_A180_WD090.0_WS035.0/M3M480_S000_A180_WD090.0_WS035.0_arrival.asc
ncols         41
nrows         9
xllcorner     422703.990666
yllcorner     12748355.311160
cellsize      100.000000
NODATA_value  0.000000
0.000000 0.000000 0.000000 0.000000 0.000000 0.000000 0.000000 0.000000 0.000000 166.041443 166.040579 166.040148 166.039284 166.038421 166.037557 166.037126 166.036262 166.035831 166.034967 166.034967 166.034536 166.034536 166.034536 166.034967 166.034967 166.035399 166.036262 166.036694 166.037989 166.038853 166.040579 0.000000 0.000000 0.000000 0.000000 0.000000 0.000000 0.000000 0.000000 0.000000 0.000000 
0.000000 0.000000 0.000000 0.000000 166.041667 166.041011 166.039716 166.038853 166.037989 166.036694 166.035831 166.034967 166.034104 166.033241 166.032377 166.031514 166.030650 166.030219 166.029355 166.028492 166.027628 166.027197 166.026333 166.025902 166.025038 166.025038 166.025038 166.024607 166.025038 166.025470 166.025902 166.026765 166.028060 166.029787 166.032809 166.037126 0.000000 0.000000 0.000000 0.000000 0.000000 
0.000000 0.000000 166.041443 166.040579 166.039284 166.038421 166.037126 166.036262 166.034967 166.034104 166.033241 166.031945 166.031082 166.030219 166.028924 166.028060 166.027197 166.025902 166.025038 166.024175 166.022880 166.022016 166.021153 166.020290 166.019426 166.018563 166.017699 166.017268 166.016404 166.015541 166.015109 166.015109 166.015109 166.015109 166.015973 166.016836 166.018995 166.024175 166.031945 0.000000 0.000000 
0.000000 166.041011 166.039716 166.038853 166.037557 166.036694 166.035399 166.034536 166.033241 166.032377 166.031082 166.030219 166.028924 166.028060 166.027197 166.025902 166.025038 166.023743 166.022880 166.021585 166.020721 166.019426 166.018563 166.017699 166.016404 166.015541 166.014246 166.013383 166.012519 166.011224 166.010361 166.009066 166.008202 166.007339 166.006475 166.005612 166.005180 166.005180 166.006044 166.011656 0.000000 
166.041667 166.040579 166.039716 166.038421 166.037557 166.036262 166.035399 166.034104 166.033241 166.031945 166.031082 166.029787 166.028924 166.027628 166.026765 166.025470 166.024607 166.023312 166.022448 166.021153 166.020290 166.018995 166.018131 166.016836 166.015973 166.014678 166.013814 166.012519 166.011656 166.010361 166.009497 166.008202 166.007339 166.006044 166.005180 166.003885 166.003022 166.001727 166.000863 166.000000 166.032809 
0.000000 166.041011 166.039716 166.038853 166.037557 166.036694 166.035399 166.034536 166.033241 166.032377 166.031082 166.030219 166.028924 166.028060 166.027197 166.025902 166.025038 166.023743 166.022880 166.021585 166.020721 166.019426 166.018563 166.017699 166.016404 166.015541 166.014246 166.013383 166.012519 166.011224 166.010361 166.009066 166.008202 166.007339 166.006475 166.005612 166.005180 166.005180 166.006044 166.011656 0.000000 
0.000000 0.000000 166.041443 166.040579 166.039284 166.038421 166.037126 166.036262 166.034967 166.034104 166.033241 166.031945 166.031082 166.030219 166.028924 166.028060 166.027197 166.025902 166.025038 166.024175 166.022880 166.022016 166.021153 166.020290 166.019426 166.018563 166.017699 166.017268 166.016404 166.015541 166.015109 166.015109 166.015109 166.015109 166.015973 166.016836 166.018995 166.024175 166.031945 0.000000 0.000000 
0.000000 0.000000 0.000000 0.000000 166.041667 166.041011 166.039716 166.038853 166.037989 166.036694 166.035831 166.034967 166.034104 166.033241 166.032377 166.031514 166.030650 166.030219 166.029355 166.028492 166.027628 166.027197 166.026333 166.025902 166.025038 166.025038 166.025038 166.024607 166.025038 166.025470 166.025902 166.026765 166.028060 166.029787 166.032809 166.037126 0.000000 0.000000 0.000000 0.000000 0.000000 
0.000000 0.000000 0.000000 0.000000 0.000000 0.000000 0.000000 0.000000 0.000000 166.041443 166.040579 166.040148 166.039284 166.038421 166.037557 166.037126 166.036262 166.035831 166.034967 166.034967 166.034536 166.034536 166.034536 166.034967 166.034967 166.035399 166.036262 166.036694 166.037989 166.038853 166.040579 0.000000 0.000000 0.000000 0.000000 0.000000 0.000000 0.000000 0.000000 0.000000 0.000000 
