test/output/constant/M3M480_S060_A270_WD135.0_WS015.0/M3M480_S060_A270_WD135.0_WS015.0_ros.asc
ncols         14
nrows         50
xllcorner     425403.990666
yllcorner     12748755.311160
cellsize      100.000000
NODATA_value  0.000000
0.000000 83.450340 58.098843 0.000000 0.000000 0.000000 0.000000 0.000000 0.000000 0.000000 0.000000 0.000000 0.000000 0.000000 
0.000000 83.450340 83.450340 83.450340 0.000000 0.000000 0.000000 0.000000 0.000000 0.000000 0.000000 0.000000 0.000000 0.000000 
83.450340 83.450340 83.450340 78.829002 78.829002 0.000000 0.000000 0.000000 0.000000 0.000000 0.000000 0.000000 0.000000 0.000000 
83.450340 83.450340 83.450340 36.977039 58.098843 0.000000 0.000000 0.000000 0.000000 0.000000 0.000000 0.000000 0.000000 0.000000 
83.450340 83.450340 83.450340 29.968102 81.565216 23.332409 0.000000 0.000000 0.000000 0.000000 0.000000 0.000000 0.000000 0.000000 
83.450340 74.356537 83.450340 83.450340 83.108459 51.259155 0.000000 0.000000 0.000000 0.000000 0.000000 0.000000 0.000000 0.000000 
83.450340 83.450340 83.450340 83.450340 74.982857 78.829002 29.968102 0.000000 0.000000 0.000000 0.000000 0.000000 0.000000 0.000000 
83.450340 83.450340 83.450340 83.450340 74.982857 29.968102 29.968102 0.000000 0.000000 0.000000 0.000000 0.000000 0.000000 0.000000 
83.450340 83.310699 83.450340 83.450340 29.968102 29.968102 51.259155 0.000000 0.000000 0.000000 0.000000 0.000000 0.000000 0.000000 
69.389526 83.450340 83.450340 83.450340 36.977039 51.259155 29.968102 29.968102 0.000000 0.000000 0.000000 0.000000 0.000000 0.000000 
69.389526 83.450340 83.450340 83.450340 83.450340 51.259155 36.977039 29.968102 0.000000 0.000000 0.000000 0.000000 0.000000 0.000000 
81.248894 83.450340 83.450340 83.450340 83.450340 74.982857 29.968102 36.977039 0.000000 0.000000 0.000000 0.000000 0.000000 0.000000 
0.000000 83.450340 83.450340 83.450340 83.450340 81.565216 11.967994 29.968102 64.458000 0.000000 0.000000 0.000000 0.000000 0.000000 
0.000000 63.600132 83.450340 83.450340 83.450340 74.982857 58.098843 70.143547 36.977039 0.000000 0.000000 0.000000 0.000000 0.000000 
0.000000 57.164406 83.450340 81.248894 83.450340 83.382812 29.968102 29.968102 11.967994 0.000000 0.000000 0.000000 0.000000 0.000000 
0.000000 63.600132 83.450340 83.450340 83.450340 83.450340 36.977039 36.977039 74.982857 29.968102 0.000000 0.000000 0.000000 0.000000 
0.000000 2.114046 63.600132 83.450340 83.450340 83.450340 70.143547 70.143547 64.458000 36.977039 0.000000 0.000000 0.000000 0.000000 
0.000000 7.210712 63.600132 83.450340 83.450340 83.450340 78.829002 36.977039 29.968102 23.332409 0.000000 0.000000 0.000000 0.000000 
0.000000 57.164406 63.600132 83.450340 83.450340 83.450340 83.450340 36.977039 44.146584 70.143547 0.000000 0.000000 0.000000 0.000000 
0.000000 57.164406 63.600132 78.350143 83.450340 83.450340 83.450340 64.458000 36.977039 44.146584 36.977039 0.000000 0.000000 0.000000 
0.000000 0.000000 63.600132 78.350143 83.450340 83.450340 83.450340 83.450340 29.968102 29.968102 29.968102 0.000000 0.000000 0.000000 
0.000000 0.000000 63.600132 63.600132 83.450340 83.450340 83.450340 70.143547 64.458000 64.458000 36.977039 0.000000 0.000000 0.000000 
0.000000 0.000000 57.164406 4.135928 83.450340 83.450340 83.450340 78.829002 83.450340 29.968102 29.968102 0.000000 0.000000 0.000000 
0.000000 0.000000 57.164406 1.030323 83.450340 83.450340 83.450340 83.450340 36.977039 29.968102 11.967994 29.968102 0.000000 0.000000 
0.000000 0.000000 2.114046 63.600132 81.248894 83.450340 83.450340 58.098843 81.565216 70.143547 29.968102 23.332409 0.000000 0.000000 
0.000000 0.000000 0.000000 57.164406 63.600132 83.450340 83.450340 83.450340 83.450340 17.271166 44.146584 29.968102 0.000000 0.000000 
0.000000 0.000000 0.000000 57.164406 63.600132 83.450340 83.450340 83.450340 78.829002 74.982857 17.271166 29.968102 0.000000 0.000000 
0.000000 0.000000 0.000000 2.114046 57.164406 83.450340 83.450340 83.450340 83.108459 11.967994 36.977039 23.332409 0.000000 0.000000 
0.000000 0.000000 0.000000 4.135928 57.164406 4.135928 82.964607 83.450340 83.450340 64.458000 17.271166 29.968102 29.968102 0.000000 
0.000000 0.000000 0.000000 0.000000 63.600132 7.210712 83.450340 83.450340 81.565216 44.146584 29.968102 29.968102 29.968102 0.000000 
0.000000 0.000000 0.000000 0.000000 63.600132 63.600132 63.600132 83.450340 83.450340 51.259155 17.271166 23.332409 29.968102 0.000000 
0.000000 0.000000 0.000000 0.000000 57.164406 7.210712 69.389526 83.450340 83.450340 74.982857 36.977039 29.968102 29.968102 0.000000 
0.000000 0.000000 0.000000 0.000000 63.600132 4.135928 7.210712 83.450340 83.450340 78.829002 64.458000 11.967994 17.271166 0.000000 
0.000000 0.000000 0.000000 0.000000 0.000000 2.114046 57.164406 78.350143 83.450340 36.977039 36.977039 29.968102 29.968102 0.000000 
0.000000 0.000000 0.000000 0.000000 0.000000 1.030323 57.164406 63.600132 83.450340 83.450340 70.143547 29.968102 36.977039 0.000000 
0.000000 0.000000 0.000000 0.000000 0.000000 2.114046 4.135928 57.164406 83.450340 83.450340 64.458000 17.271166 29.968102 0.000000 
0.000000 0.000000 0.000000 0.000000 0.000000 57.164406 57.164406 57.164406 83.450340 83.450340 81.565216 36.977039 29.968102 0.000000 
0.000000 0.000000 0.000000 0.000000 0.000000 0.000000 1.030323 57.164406 63.600132 83.450340 81.565216 29.968102 29.968102 29.968102 
0.000000 0.000000 0.000000 0.000000 0.000000 0.000000 57.164406 57.164406 63.600132 83.450340 78.829002 36.977039 17.271166 29.968102 
0.000000 0.000000 0.000000 0.000000 0.000000 0.000000 4.135928 57.164406 57.164406 83.450340 83.450340 36.977039 29.968102 29.968102 
0.000000 0.000000 0.000000 0.000000 0.000000 0.000000 0.000000 57.164406 57.164406 83.450340 83.450340 29.968102 11.967994 29.968102 
0.000000 0.000000 0.000000 0.000000 0.000000 0.000000 0.000000 2.114046 2.114046 2.114046 83.450340 83.450340 23.332409 17.271166 
0.000000 0.000000 0.000000 0.000000 0.000000 0.000000 0.000000 0.000000 57.164406 57.164406 81.248894 83.450340 36.977039 29.968102 
0.000000 0.000000 0.000000 0.000000 0.000000 0.000000 0.000000 0.000000 57.164406 63.600132 83.450340 83.450340 44.146584 29.968102 
0.000000 0.000000 0.000000 0.000000 0.000000 0.000000 0.000000 0.000000 57.164406 57.164406 83.450340 83.450340 36.977039 29.968102 
0.000000 0.000000 0.000000 0.000000 0.000000 0.000000 0.000000 0.000000 0.000000 2.114046 57.164406 83.450340 74.982857 17.271166 
0.000000 0.000000 0.000000 0.000000 0.000000 0.000000 0.000000 0.000000 0.000000 1.030323 4.135928 83.450340 36.977039 11.967994 
0.000000 0.000000 0.000000 0.000000 0.000000 0.000000 0.000000 0.000000 0.000000 0.000000 1.030323 83.450340 83.450340 11.967994 
0.000000 0.000000 0.000000 0.000000 0.000000 0.000000 0.000000 0.000000 0.000000 0.000000 1.030323 57.164406 83.450340 11.967994 
0.000000 0.000000 0.000000 0.000000 0.000000 0.000000 0.000000 0.000000 0.000000 0.000000 0.000000 43.150463 0.000000 0.495367 
