test/output/constant/M3M400_S060_A000_WD045.0_WS015.0/M3M400_S060_A000_WD045.0_WS015.0_raz.asc
ncols         64
nrows         17
xllcorner     420303.990666
yllcorner     12747255.311160
cellsize      100.000000
NODATA_value  0.000000
0 0 0 0 0 0 0 0 0 0 0 0 0 0 0 0 0 0 0 0 0 0 0 0 0 0 0 0 0 0 0 0 0 0 0 0 0 0 0 0 0 0 0 0 0 0 270 273 280 270 276 270 276 270 276 280 270 280 280 280 280 280 280 17 
0 0 0 0 0 0 0 0 0 0 0 0 0 0 0 0 0 0 0 0 0 0 0 0 0 0 0 0 0 0 0 0 0 0 0 0 276 270 276 270 276 270 273 268 270 280 268 276 270 276 270 280 270 270 276 273 268 265 270 268 264 258 258 65535 
0 0 0 0 0 0 0 0 0 0 0 0 0 0 0 0 0 0 0 0 0 0 0 0 0 0 0 0 0 0 270 273 270 280 270 270 273 270 270 276 264 270 268 276 268 270 267 280 268 280 268 261 270 265 265 268 258 258 258 258 258 256 252 182 
0 0 0 0 0 0 0 0 0 0 0 0 0 0 0 0 0 0 0 0 0 0 0 0 0 0 270 276 280 273 264 268 276 270 270 270 268 270 276 270 280 268 273 268 270 263 280 258 273 270 265 258 258 258 258 258 258 255 205 252 220 175 175 0 
0 0 0 0 0 0 0 0 0 0 0 0 0 0 0 0 0 0 0 0 0 0 276 270 267 270 268 273 268 273 268 262 270 267 270 280 260 263 270 264 267 268 267 260 268 267 258 258 258 258 258 258 258 256 220 220 253 252 205 251 251 0 0 0 
0 0 0 0 0 0 0 0 0 0 0 0 0 0 0 0 0 0 268 270 268 276 267 280 268 273 262 270 263 273 262 270 261 273 270 268 270 267 265 259 258 258 258 258 258 258 258 256 258 254 263 253 252 220 252 229 182 205 175 0 0 0 0 0 
0 0 0 0 0 0 0 0 0 0 0 0 0 0 0 270 267 268 273 264 280 268 267 270 268 276 262 276 265 268 268 273 270 258 258 258 258 258 258 258 258 258 258 258 258 257 252 254 220 182 252 182 252 205 252 252 205 0 0 0 0 0 0 0 
0 0 0 0 0 0 0 0 0 0 0 268 268 262 273 259 263 270 268 270 262 268 270 265 261 265 263 261 265 258 258 258 258 258 258 258 258 258 258 258 258 256 258 253 253 252 253 252 253 252 252 252 168 252 0 0 0 0 0 0 0 0 0 0 
0 0 0 0 0 0 0 0 0 261 276 270 263 258 273 267 270 280 268 270 267 265 258 265 258 258 258 258 258 258 258 258 258 258 258 256 258 253 258 254 253 220 253 229 182 220 252 252 252 205 252 0 0 0 0 0 0 0 0 0 0 0 0 0 
0 0 0 0 0 0 280 262 264 262 267 270 270 265 276 270 276 258 270 258 258 258 258 258 258 258 258 256 258 258 256 258 258 256 254 205 253 254 252 220 252 252 252 229 252 253 252 253 0 0 0 0 0 0 0 0 0 0 0 0 0 0 0 0 
0 0 0 0 276 260 268 258 267 263 267 267 268 273 268 259 258 258 258 258 258 258 258 258 258 258 258 258 253 256 253 263 253 253 220 252 252 229 252 182 252 252 253 252 252 0 0 0 0 0 0 0 0 0 0 0 0 0 0 0 0 0 0 0 
0 0 264 265 265 264 258 270 258 259 263 258 258 258 258 258 258 258 258 258 258 258 258 256 258 254 258 253 253 253 253 252 220 252 252 252 252 220 252 205 175 0 0 0 0 0 0 0 0 0 0 0 0 0 0 0 0 0 0 0 0 0 0 0 
0 276 261 258 258 268 258 258 258 258 258 258 258 258 258 258 258 258 258 258 257 253 256 254 253 253 252 220 252 252 252 252 252 205 252 220 253 0 0 0 0 0 0 0 0 0 0 0 0 0 0 0 0 0 0 0 0 0 0 0 0 0 0 0 
258 258 258 258 258 258 258 258 258 258 258 258 258 258 258 258 253 256 258 256 256 253 253 253 252 220 252 252 252 253 253 182 220 0 0 0 0 0 0 0 0 0 0 0 0 0 0 0 0 0 0 0 0 0 0 0 0 0 0 0 0 0 0 0 
258 258 258 258 258 258 258 258 258 258 258 258 258 258 258 263 263 253 253 253 253 253 253 253 252 253 252 220 0 0 0 0 0 0 0 0 0 0 0 0 0 0 0 0 0 0 0 0 0 0 0 0 0 0 0 0 0 0 0 0 0 0 0 0 
258 258 258 256 258 258 258 258 258 258 256 253 253 253 220 252 252 252 205 252 182 0 0 0 0 0 0 0 0 0 0 0 0 0 0 0 0 0 0 0 0 0 0 0 0 0 0 0 0 0 0 0 0 0 0 0 0 0 0 0 0 0 0 0 
0 0 0 0 0 0 0 255 254 253 0 0 0 0 0 0 0 0 0 0 0 0 0 0 0 0 0 0 0 0 0 0 0 0 0 0 0 0 0 0 0 0 0 0 0 0 0 0 0 0 0 0 0 0 0 0 0 0 0 0 0 0 0 0 
