test/output/constant/M4100_S000_A000_WD270.0_WS040.0/M4100_S000_A000_WD270.0_WS040.0_arrival.asc
ncols         39
nrows         9
xllcorner     426603.990666
yllcorner     12748355.311160
cellsize      100.000000
NODATA_value  0.000000
0.000000 0.000000 0.000000 0.000000 0.000000 0.000000 0.000000 0.000000 0.000000 0.000000 0.000000 0.000000 0.000000 0.000000 0.000000 0.000000 166.041213 166.040774 166.040774 166.040336 166.040336 166.040336 166.040336 166.040336 166.040774 166.041213 0.000000 0.000000 0.000000 0.000000 0.000000 0.000000 0.000000 0.000000 0.000000 0.000000 0.000000 0.000000 0.000000 
0.000000 0.000000 0.000000 0.000000 0.000000 0.000000 166.039020 166.035513 166.033321 166.031567 166.030690 166.029813 166.029375 166.028937 166.028937 166.028937 166.028937 166.028937 166.029813 166.030252 166.031129 166.031567 166.032444 166.033321 166.034198 166.034636 166.035513 166.036390 166.037267 166.038144 166.039020 166.039897 166.040774 166.041651 0.000000 0.000000 0.000000 0.000000 0.000000 
0.000000 0.000000 166.033759 166.026306 166.021922 166.019729 166.018414 166.017537 166.017537 166.017537 166.017537 166.017976 166.018414 166.019291 166.020168 166.021045 166.021483 166.022360 166.023237 166.024114 166.024991 166.026306 166.027183 166.028060 166.028937 166.030252 166.031129 166.032006 166.033321 166.034198 166.035075 166.036390 166.037267 166.038144 166.039459 166.040336 166.041651 0.000000 0.000000 
166.017537 166.007892 166.006138 166.006138 166.006138 166.007015 166.007453 166.008769 166.009646 166.010522 166.011838 166.012715 166.013591 166.014907 166.015784 166.017099 166.017976 166.019291 166.020168 166.021045 166.022360 166.023237 166.024552 166.025429 166.026744 166.027621 166.028498 166.029813 166.030690 166.032006 166.032882 166.034198 166.035075 166.036390 166.037267 166.038144 166.039459 166.040336 166.041651 
166.000000 166.000877 166.001754 166.003069 166.003946 166.005261 166.006138 166.007453 166.008330 166.009646 166.010522 166.011838 166.012715 166.014030 166.014907 166.016222 166.017099 166.018414 166.019291 166.020606 166.021483 166.022798 166.023675 166.024991 166.025868 166.027183 166.028060 166.029375 166.030252 166.031567 166.032444 166.033759 166.034636 166.035951 166.036828 166.038144 166.039020 166.040336 166.041213 
166.017537 166.007892 166.006138 166.006138 166.006138 166.007015 166.007453 166.008769 166.009646 166.010522 166.011838 166.012715 166.013591 166.014907 166.015784 166.017099 166.017976 166.019291 166.020168 166.021045 166.022360 166.023237 166.024552 166.025429 166.026744 166.027621 166.028498 166.029813 166.030690 166.032006 166.032882 166.034198 166.035075 166.036390 166.037267 166.038144 166.039459 166.040336 166.041651 
0.000000 0.000000 166.033759 166.026306 166.021922 166.019729 166.018414 166.017537 166.017537 166.017537 166.017537 166.017976 166.018414 166.019291 166.020168 166.021045 166.021483 166.022360 166.023237 166.024114 166.024991 166.026306 166.027183 166.028060 166.028937 166.030252 166.031129 166.032006 166.033321 166.034198 166.035075 166.036390 166.037267 166.038144 166.039459 166.040336 166.041651 0.000000 0.000000 
0.000000 0.000000 0.000000 0.000000 0.000000 0.000000 166.039020 166.035513 166.033321 166.031567 166.030690 166.029813 166.029375 166.028937 166.028937 166.028937 166.028937 166.028937 166.029813 166.030252 166.031129 166.031567 166.032444 166.033321 166.034198 166.034636 166.035513 166.036390 166.037267 166.038144 166.039020 166.039897 166.040774 166.041651 0.000000 0.000000 0.000000 0.000000 0.000000 
0.000000 0.000000 0.000000 0.000000 0.000000 0.000000 0.000000 0.000000 0.000000 0.000000 0.000000 0.000000 0.000000 0.000000 0.000000 0.000000 166.041213 166.040774 166.040774 166.040336 166.040336 166.040336 166.040336 166.040336 166.040774 166.041213 0.000000 0.000000 0.000000 0.000000 0.000000 0.000000 0.000000 0.000000 0.000000 0.000000 0.000000 0.000000 0.000000 
