test/output/constant/M3M4100_S060_A180_WD270.0_WS040.0/M3M4100_S060_A180_WD270.0_WS040.0_arrival.asc
ncols         66
nrows         9
xllcorner     426603.990666
yllcorner     12748355.311160
cellsize      100.000000
NODATA_value  0.000000
0.000000 0.000000 0.000000 0.000000 0.000000 0.000000 0.000000 0.000000 0.000000 0.000000 0.000000 0.000000 0.000000 0.000000 0.000000 0.000000 0.000000 0.000000 0.000000 0.000000 0.000000 0.000000 0.000000 0.000000 0.000000 166.041236 166.040721 166.040463 166.039948 166.039690 166.039432 166.039174 166.038917 166.038917 166.038659 166.038659 166.038659 166.038659 166.038659 166.039174 166.039432 166.039948 166.040463 166.040721 166.041236 166.041494 0.000000 0.000000 0.000000 0.000000 0.000000 0.000000 0.000000 0.000000 0.000000 0.000000 0.000000 0.000000 0.000000 0.000000 0.000000 0.000000 0.000000 0.000000 0.000000 0.000000 
0.000000 0.000000 0.000000 0.000000 0.000000 0.000000 0.000000 0.000000 0.000000 0.000000 0.000000 166.039174 166.036597 166.034535 166.033247 166.031700 166.030927 166.030154 166.029381 166.028865 166.028608 166.028350 166.028092 166.027834 166.027834 166.027577 166.027577 166.027577 166.028092 166.028350 166.028865 166.029123 166.029639 166.030154 166.030412 166.030927 166.031443 166.031958 166.032216 166.032731 166.033247 166.033504 166.034020 166.034535 166.035051 166.035309 166.035824 166.036339 166.036855 166.037370 166.038144 166.038659 166.039174 166.039690 166.040463 166.040979 166.041494 0.000000 0.000000 0.000000 0.000000 0.000000 0.000000 0.000000 0.000000 0.000000 
0.000000 0.000000 0.000000 0.000000 166.035566 166.028865 166.024999 166.022422 166.020618 166.019072 166.018299 166.017525 166.017268 166.017010 166.016752 166.016752 166.016752 166.016752 166.017268 166.017783 166.018041 166.018556 166.019072 166.019330 166.019845 166.020360 166.020876 166.021391 166.021649 166.022164 166.022680 166.023453 166.023969 166.024484 166.024999 166.025773 166.026288 166.026804 166.027319 166.028092 166.028608 166.029123 166.029896 166.030412 166.030927 166.031700 166.032216 166.032731 166.033504 166.034020 166.034793 166.035309 166.035824 166.036597 166.037113 166.037886 166.038401 166.038917 166.039690 166.040205 166.040979 166.041494 0.000000 0.000000 0.000000 0.000000 
0.000000 166.013144 166.007990 166.006443 166.005928 166.005670 166.005670 166.006185 166.006701 166.006959 166.007474 166.007990 166.008763 166.009278 166.010051 166.010567 166.011082 166.011855 166.012371 166.013144 166.013660 166.014433 166.014948 166.015464 166.016237 166.016752 166.017525 166.018041 166.018814 166.019330 166.019845 166.020618 166.021134 166.021907 166.022422 166.023195 166.023711 166.024484 166.024999 166.025773 166.026288 166.027061 166.027577 166.028092 166.028865 166.029381 166.030154 166.030669 166.031443 166.031958 166.032731 166.033247 166.034020 166.034535 166.035309 166.035824 166.036339 166.037113 166.037628 166.038401 166.038917 166.039690 166.040205 166.040979 166.041494 0.000000 
166.000000 166.000515 166.001031 166.001804 166.002320 166.003093 166.003608 166.004381 166.004897 166.005670 166.006185 166.006959 166.007474 166.008247 166.008763 166.009536 166.010051 166.010825 166.011340 166.012113 166.012629 166.013402 166.013917 166.014690 166.015206 166.015979 166.016495 166.017268 166.017783 166.018556 166.019072 166.019845 166.020360 166.021134 166.021649 166.022422 166.022938 166.023711 166.024226 166.024999 166.025515 166.026288 166.026804 166.027577 166.028092 166.028865 166.029381 166.030154 166.030669 166.031443 166.031958 166.032731 166.033247 166.034020 166.034535 166.035309 166.035824 166.036597 166.037113 166.037886 166.038401 166.039174 166.039690 166.040463 166.040979 166.041667 
0.000000 166.013144 166.007990 166.006443 166.005928 166.005670 166.005670 166.006185 166.006701 166.006959 166.007474 166.007990 166.008763 166.009278 166.010051 166.010567 166.011082 166.011855 166.012371 166.013144 166.013660 166.014433 166.014948 166.015464 166.016237 166.016752 166.017525 166.018041 166.018814 166.019330 166.019845 166.020618 166.021134 166.021907 166.022422 166.023195 166.023711 166.024484 166.024999 166.025773 166.026288 166.027061 166.027577 166.028092 166.028865 166.029381 166.030154 166.030669 166.031443 166.031958 166.032731 166.033247 166.034020 166.034535 166.035309 166.035824 166.036339 166.037113 166.037628 166.038401 166.038917 166.039690 166.040205 166.040979 166.041494 0.000000 
0.000000 0.000000 0.000000 0.000000 166.035566 166.028865 166.024999 166.022422 166.020618 166.019072 166.018299 166.017525 166.017268 166.017010 166.016752 166.016752 166.016752 166.016752 166.017268 166.017783 166.018041 166.018556 166.019072 166.019330 166.019845 166.020360 166.020876 166.021391 166.021649 166.022164 166.022680 166.023453 166.023969 166.024484 166.024999 166.025773 166.026288 166.026804 166.027319 166.028092 166.028608 166.029123 166.029896 166.030412 166.030927 166.031700 166.032216 166.032731 166.033504 166.034020 166.034793 166.035309 166.035824 166.036597 166.037113 166.037886 166.038401 166.038917 166.039690 166.040205 166.040979 166.041494 0.000000 0.000000 0.000000 0.000000 
0.000000 0.000000 0.000000 0.000000 0.000000 0.000000 0.000000 0.000000 0.000000 0.000000 0.000000 166.039174 166.036597 166.034535 166.033247 166.031700 166.030927 166.030154 166.029381 166.028865 166.028608 166.028350 166.028092 166.027834 166.027834 166.027577 166.027577 166.027577 166.028092 166.028350 166.028865 166.029123 166.029639 166.030154 166.030412 166.030927 166.031443 166.031958 166.032216 166.032731 166.033247 166.033504 166.034020 166.034535 166.035051 166.035309 166.035824 166.036339 166.036855 166.037370 166.038144 166.038659 166.039174 166.039690 166.040463 166.040979 166.041494 0.000000 0.000000 0.000000 0.000000 0.000000 0.000000 0.000000 0.000000 0.000000 
0.000000 0.000000 0.000000 0.000000 0.000000 0.000000 0.000000 0.000000 0.000000 0.000000 0.000000 0.000000 0.000000 0.000000 0.000000 0.000000 0.000000 0.000000 0.000000 0.000000 0.000000 0.000000 0.000000 0.000000 0.000000 166.041236 166.040721 166.040463 166.039948 166.039690 166.039432 166.039174 166.038917 166.038917 166.038659 166.038659 166.038659 166.038659 166.038659 166.039174 166.039432 166.039948 166.040463 166.040721 166.041236 166.041494 0.000000 0.000000 0.000000 0.000000 0.000000 0.000000 0.000000 0.000000 0.000000 0.000000 0.000000 0.000000 0.000000 0.000000 0.000000 0.000000 0.000000 0.000000 0.000000 0.000000 
