test/output/constant/M385_S060_A270_WD000.0_WS050.0/M385_S060_A270_WD000.0_WS050.0_arrival.asc
ncols         11
nrows         19
xllcorner     426103.990666
yllcorner     12747355.311160
cellsize      100.000000
NODATA_value  0.000000
0.000000 0.000000 0.000000 0.000000 166.041556 166.039181 166.041556 0.000000 0.000000 0.000000 0.000000 
0.000000 0.000000 0.000000 166.034432 166.029683 166.028496 166.029683 166.034432 0.000000 0.000000 0.000000 
0.000000 0.000000 166.035620 166.026121 166.018997 166.017810 166.018997 166.026121 166.035620 0.000000 0.000000 
0.000000 166.039181 166.029683 166.018997 166.009499 166.005937 166.009499 166.018997 166.029683 166.039181 0.000000 
0.000000 166.034432 166.024934 166.014248 166.004749 166.000000 166.004749 166.014248 166.024934 166.034432 0.000000 
166.041556 166.032058 166.021372 166.013060 166.004749 166.002375 166.004749 166.013060 166.021372 166.032058 166.041556 
166.039181 166.029683 166.021372 166.013060 166.005937 166.004749 166.005937 166.013060 166.021372 166.029683 166.039181 
166.037994 166.028496 166.020184 166.013060 166.008311 166.008311 166.008311 166.013060 166.020184 166.028496 166.037994 
166.036807 166.028496 166.021372 166.014248 166.011873 166.010686 166.011873 166.014248 166.021372 166.028496 166.036807 
166.036807 166.028496 166.021372 166.016622 166.014248 166.014248 166.014248 166.016622 166.021372 166.028496 166.036807 
166.036807 166.029683 166.023746 166.018997 166.017810 166.016622 166.017810 166.018997 166.023746 166.029683 166.036807 
166.036807 166.030870 166.026121 166.022559 166.020184 166.020184 166.020184 166.022559 166.026121 166.030870 166.036807 
166.037994 166.032058 166.028496 166.024934 166.023746 166.022559 166.023746 166.024934 166.028496 166.032058 166.037994 
166.039181 166.034432 166.030870 166.027308 166.026121 166.026121 166.026121 166.027308 166.030870 166.034432 166.039181 
166.041556 166.036807 166.033245 166.030870 166.029683 166.028496 166.029683 166.030870 166.033245 166.036807 166.041556 
0.000000 166.039181 166.035620 166.033245 166.032058 166.032058 166.032058 166.033245 166.035620 166.039181 0.000000 
0.000000 166.041556 166.037994 166.035620 166.035620 166.034432 166.035620 166.035620 166.037994 166.041556 0.000000 
0.000000 0.000000 166.040369 166.039181 166.037994 166.037994 166.037994 166.039181 166.040369 0.000000 0.000000 
0.000000 0.000000 0.000000 166.041556 166.040369 166.040369 166.040369 166.041556 0.000000 0.000000 0.000000 
