test/output/constant/M380_S060_A180_WD045.0_WS040.0/M380_S060_A180_WD045.0_WS040.0_arrival.asc
ncols         13
nrows         30
xllcorner     426503.990666
yllcorner     12745955.311160
cellsize      100.000000
NODATA_value  0.000000
166.033530 166.025755 166.031586 0.000000 0.000000 0.000000 0.000000 0.000000 0.000000 0.000000 0.000000 0.000000 0.000000 
166.017494 166.000000 166.003888 166.021867 0.000000 0.000000 0.000000 0.000000 0.000000 0.000000 0.000000 0.000000 0.000000 
166.017008 166.000972 166.001944 166.011177 166.027699 0.000000 0.000000 0.000000 0.000000 0.000000 0.000000 0.000000 0.000000 
166.018466 166.002430 166.002430 166.006317 166.017980 166.034016 0.000000 0.000000 0.000000 0.000000 0.000000 0.000000 0.000000 
166.021381 166.004859 166.003888 166.005831 166.012148 166.024783 166.040333 0.000000 0.000000 0.000000 0.000000 0.000000 0.000000 
166.025269 166.008261 166.005345 166.005831 166.009719 166.018952 166.031586 0.000000 0.000000 0.000000 0.000000 0.000000 0.000000 
166.029156 166.011663 166.006803 166.006803 166.009233 166.015064 166.025755 166.038875 0.000000 0.000000 0.000000 0.000000 0.000000 
166.033044 166.015550 166.009233 166.008261 166.009233 166.013606 166.020895 166.032558 0.000000 0.000000 0.000000 0.000000 0.000000 
166.036931 166.019438 166.011663 166.009719 166.010205 166.013120 166.018466 166.027213 166.039361 0.000000 0.000000 0.000000 0.000000 
166.040333 166.023325 166.014578 166.011663 166.011177 166.013120 166.017008 166.023811 166.034016 0.000000 0.000000 0.000000 0.000000 
0.000000 166.027213 166.017980 166.013606 166.012634 166.013120 166.016522 166.021867 166.029642 166.040333 0.000000 0.000000 0.000000 
0.000000 166.030614 166.021381 166.016036 166.014578 166.014578 166.016522 166.020895 166.027213 166.035959 0.000000 0.000000 0.000000 
0.000000 166.034502 166.024783 166.018466 166.016036 166.016036 166.017008 166.020409 166.025269 166.032558 0.000000 0.000000 0.000000 
0.000000 166.038389 166.028184 166.021381 166.017980 166.017494 166.017494 166.020409 166.024297 166.030614 166.038389 0.000000 0.000000 
0.000000 0.000000 166.031586 166.024297 166.020409 166.018952 166.018952 166.020409 166.023811 166.028670 166.035959 0.000000 0.000000 
0.000000 0.000000 166.035474 166.027213 166.022353 166.020409 166.020409 166.020895 166.023811 166.028184 166.034016 166.041305 0.000000 
0.000000 0.000000 166.038875 166.030614 166.025269 166.022353 166.021867 166.021867 166.024297 166.027699 166.032558 166.039361 0.000000 
0.000000 0.000000 0.000000 166.034016 166.028184 166.024783 166.023325 166.023325 166.024297 166.027699 166.031586 166.037417 0.000000 
0.000000 0.000000 0.000000 166.037417 166.031100 166.026727 166.024783 166.024783 166.025269 166.027699 166.031586 166.035959 0.000000 
0.000000 0.000000 0.000000 166.040819 166.034016 166.029156 166.026727 166.026241 166.026727 166.028184 166.031100 166.035474 166.040819 
0.000000 0.000000 0.000000 0.000000 166.036931 166.032072 166.029156 166.027699 166.027699 166.028670 166.031100 166.034988 166.039847 
0.000000 0.000000 0.000000 0.000000 166.040333 166.034988 166.031100 166.029642 166.029156 166.029642 166.031586 166.034988 166.038875 
0.000000 0.000000 0.000000 0.000000 0.000000 166.037903 166.033530 166.031586 166.030614 166.030614 166.032072 166.034988 166.038875 
0.000000 0.000000 0.000000 0.000000 0.000000 166.040819 166.035959 166.033530 166.032072 166.032072 166.033044 166.034988 166.038389 
0.000000 0.000000 0.000000 0.000000 0.000000 0.000000 166.038389 166.035474 166.034016 166.033530 166.034016 166.035474 166.038389 
0.000000 0.000000 0.000000 0.000000 0.000000 0.000000 166.041305 166.037903 166.035959 166.034988 166.035474 166.035959 166.038875 
0.000000 0.000000 0.000000 0.000000 0.000000 0.000000 0.000000 166.040333 166.037903 166.036931 166.036931 166.036931 166.038875 
0.000000 0.000000 0.000000 0.000000 0.000000 0.000000 0.000000 0.000000 166.040333 166.038389 166.038389 166.038389 166.039847 
0.000000 0.000000 0.000000 0.000000 0.000000 0.000000 0.000000 0.000000 0.000000 166.040333 166.039847 166.039847 166.040333 
0.000000 0.000000 0.000000 0.000000 0.000000 0.000000 0.000000 0.000000 0.000000 0.000000 166.041305 166.041305 166.041305 
