test/output/constant/M3M460_S060_A090_WD045.0_WS010.0/M3M460_S060_A090_WD045.0_WS010.0_arrival.asc
ncols         9
nrows         37
xllcorner     425903.990666
yllcorner     12745155.311160
cellsize      100.000000
NODATA_value  0.000000
0.000000 0.000000 0.000000 0.000000 0.000000 0.000000 166.014491 166.000000 166.032152 
0.000000 0.000000 0.000000 0.000000 0.000000 166.038039 166.003623 166.000906 166.021736 
0.000000 0.000000 0.000000 0.000000 0.000000 166.020378 166.003170 166.001811 166.019019 
0.000000 0.000000 0.000000 0.000000 0.000000 166.013132 166.003170 166.003170 166.019019 
0.000000 0.000000 0.000000 0.000000 166.030340 166.009962 166.004076 166.004528 166.019925 
0.000000 0.000000 0.000000 0.000000 166.023095 166.009057 166.005434 166.005887 166.021283 
0.000000 0.000000 0.000000 166.040756 166.018566 166.008604 166.006793 166.007698 166.021736 
0.000000 0.000000 0.000000 166.033510 166.016302 166.008604 166.007698 166.009057 166.023548 
0.000000 0.000000 0.000000 166.028076 166.014944 166.009510 166.009057 166.011321 166.025812 
0.000000 0.000000 0.000000 166.024453 166.014491 166.009962 166.009962 166.013132 166.027623 
0.000000 0.000000 166.038039 166.022189 166.014491 166.011321 166.011321 166.014944 166.029435 
0.000000 0.000000 166.033963 166.020831 166.014491 166.012227 166.012680 166.016755 166.031246 
0.000000 0.000000 166.030793 166.020378 166.014944 166.013585 166.014038 166.019019 166.033057 
0.000000 0.000000 166.028529 166.020378 166.015397 166.014491 166.015397 166.020831 166.035321 
0.000000 166.039850 166.027170 166.019925 166.016302 166.015849 166.017208 166.022642 166.037133 
0.000000 166.037133 166.026718 166.019925 166.017208 166.017208 166.018566 166.024906 166.039397 
0.000000 166.034869 166.026265 166.020378 166.018114 166.018114 166.020378 166.026718 166.041208 
0.000000 166.033510 166.025812 166.020831 166.019472 166.019472 166.022189 166.028529 0.000000 
0.000000 166.032604 166.025812 166.021736 166.020378 166.020831 166.024000 166.030793 0.000000 
166.041208 166.032152 166.025812 166.022189 166.021736 166.022189 166.025812 166.032604 0.000000 
166.039850 166.031699 166.025812 166.023095 166.022642 166.023548 166.027623 166.034869 0.000000 
166.038491 166.031699 166.026265 166.024000 166.024000 166.024906 166.029435 166.036680 0.000000 
166.038039 166.031246 166.026718 166.024906 166.024906 166.026718 166.031246 166.038491 0.000000 
166.038039 166.031246 166.027623 166.026265 166.026265 166.028529 166.033057 166.040756 0.000000 
166.037586 166.031699 166.028076 166.027623 166.027623 166.029887 166.034869 0.000000 0.000000 
166.037133 166.031699 166.028982 166.028529 166.028982 166.031699 166.037133 0.000000 0.000000 
166.037133 166.032152 166.029887 166.029887 166.030340 166.033510 166.038944 0.000000 0.000000 
166.037133 166.033057 166.030793 166.030793 166.031699 166.035321 166.040756 0.000000 0.000000 
166.037133 166.033510 166.032152 166.032152 166.033057 166.036680 0.000000 0.000000 0.000000 
166.037586 166.034416 166.033057 166.033057 166.034869 166.038491 0.000000 0.000000 0.000000 
166.038039 166.034869 166.034416 166.034416 166.036227 166.040303 0.000000 0.000000 0.000000 
166.038491 166.035774 166.035321 166.035774 166.038039 0.000000 0.000000 0.000000 0.000000 
166.038944 166.036680 166.036680 166.037133 166.039397 0.000000 0.000000 0.000000 0.000000 
166.039850 166.038039 166.038039 166.038491 166.041208 0.000000 0.000000 0.000000 0.000000 
166.040303 166.038944 166.038944 166.039850 0.000000 0.000000 0.000000 0.000000 0.000000 
166.041208 166.040303 166.040303 166.041208 0.000000 0.000000 0.000000 0.000000 0.000000 
0.000000 166.041208 166.041208 0.000000 0.000000 0.000000 0.000000 0.000000 0.000000 
