test/output/constant/M3M475_S060_A180_WD135.0_WS010.0/M3M475_S060_A180_WD135.0_WS010.0_ros.asc
ncols         33
nrows         12
xllcorner     426503.990666
yllcorner     12748555.311160
cellsize      100.000000
NODATA_value  0.000000
0.000000 0.000000 0.000000 0.000000 0.000000 0.000000 0.000000 0.000000 0.000000 0.000000 0.000000 0.000000 0.000000 0.000000 0.000000 0.000000 0.000000 0.000000 0.000000 0.000000 0.000000 0.000000 0.000000 51.504250 49.926750 52.491558 44.792686 51.504250 52.491558 0.000000 0.000000 0.000000 0.000000 
0.000000 0.000000 0.000000 0.000000 0.000000 0.000000 0.000000 0.000000 0.000000 0.000000 0.000000 0.000000 0.000000 0.000000 0.000000 0.000000 37.569077 37.569077 52.491558 37.569077 49.926750 52.351059 52.491558 51.504250 51.504250 52.491558 52.491558 52.491558 52.491558 51.504250 52.491558 52.491558 0.000000 
0.000000 0.000000 0.000000 0.000000 0.000000 0.000000 0.000000 0.000000 0.000000 0.000000 0.000000 0.000000 0.000000 37.569077 33.439091 49.926750 49.926750 52.491558 44.792686 51.504250 51.504250 52.491558 52.491558 52.491558 52.491558 52.491558 52.491558 52.491558 52.491558 52.491558 52.491558 52.491558 52.491558 
0.000000 0.000000 0.000000 0.000000 0.000000 0.000000 0.000000 0.000000 0.000000 29.127935 33.439091 37.569077 37.569077 37.569077 52.491558 52.351059 47.666630 52.351059 52.491558 52.491558 52.491558 52.491558 52.491558 52.491558 52.491558 52.491558 52.491558 52.491558 52.491558 52.491558 52.491558 52.491558 34.411087 
0.000000 0.000000 0.000000 0.000000 0.000000 0.000000 0.000000 33.439091 37.569077 37.569077 37.569077 51.504250 47.666630 49.926750 52.491558 52.491558 52.491558 52.491558 52.491558 52.491558 52.491558 52.491558 52.491558 52.491558 52.491558 52.491558 52.491558 52.491558 52.491558 52.491558 52.491558 52.491558 0.000000 
0.000000 0.000000 0.000000 0.000000 2.066804 4.500721 33.439091 37.569077 33.439091 47.666630 49.926750 52.491558 52.491558 51.504250 52.491558 52.491558 52.440765 52.491558 51.504250 52.491558 47.666630 52.491558 52.491558 52.491558 52.491558 52.491558 52.491558 52.491558 45.514824 52.491558 38.486904 0.000000 0.000000 
0.000000 0.000000 0.000000 2.066804 37.569077 37.569077 37.569077 52.491558 49.926750 47.666630 52.491558 52.491558 52.491558 52.491558 52.491558 52.491558 52.491558 52.491558 52.491558 52.491558 52.491558 52.491558 52.491558 52.491558 52.491558 52.491558 52.491558 34.411087 52.491558 0.000000 0.000000 0.000000 0.000000 
0.000000 2.066804 29.127935 37.569077 44.792686 51.504250 52.491558 52.491558 52.491558 52.491558 52.491558 52.491558 52.491558 50.360352 52.491558 42.225914 52.491558 52.491558 52.491558 52.491558 34.411087 52.491558 52.491558 52.491558 52.491558 52.491558 52.491558 0.000000 0.000000 0.000000 0.000000 0.000000 0.000000 
2.066804 1.915881 52.491558 52.491558 52.491558 52.491558 52.491558 48.253967 50.360352 51.770172 50.360352 52.491558 52.491558 52.491558 52.491558 52.491558 52.491558 34.411087 50.360352 52.491558 50.360352 48.253967 30.121899 52.491558 0.000000 0.000000 0.000000 0.000000 0.000000 0.000000 0.000000 0.000000 0.000000 
1.791113 -1.000000 52.491558 52.491558 52.440765 51.770172 52.440765 52.491558 52.491558 52.491558 45.514824 52.491558 50.360352 42.225914 51.770172 48.253967 52.491558 51.770172 45.514824 51.770172 48.253967 34.411087 0.000000 0.000000 0.000000 0.000000 0.000000 0.000000 0.000000 0.000000 0.000000 0.000000 0.000000 
1.311775 1.436043 17.280159 10.016313 10.016313 30.121899 30.121899 45.514824 30.121899 38.486904 34.411087 48.253967 34.411087 30.121899 45.514824 42.225914 30.121899 0.000000 0.000000 0.000000 0.000000 0.000000 0.000000 0.000000 0.000000 0.000000 0.000000 0.000000 0.000000 0.000000 0.000000 0.000000 0.000000 
0.000000 0.000000 0.000000 0.000000 21.425093 13.439008 10.016313 30.121899 0.000000 0.000000 0.000000 0.000000 0.000000 0.000000 0.000000 0.000000 0.000000 0.000000 0.000000 0.000000 0.000000 0.000000 0.000000 0.000000 0.000000 0.000000 0.000000 0.000000 0.000000 0.000000 0.000000 0.000000 0.000000 
