test/output/constant/M375_S000_A180_WD180.0_WS045.0/M375_S000_A180_WD180.0_WS045.0_arrival.asc
ncols         9
nrows         50
xllcorner     426203.990666
yllcorner     12748755.311160
cellsize      100.000000
NODATA_value  0.000000
0.000000 0.000000 0.000000 0.000000 166.041667 0.000000 0.000000 0.000000 0.000000 
0.000000 0.000000 0.000000 166.041185 166.040842 166.041185 0.000000 0.000000 0.000000 
0.000000 0.000000 0.000000 166.040155 166.040155 166.040155 0.000000 0.000000 0.000000 
0.000000 0.000000 166.041185 166.039469 166.039126 166.039469 166.041185 0.000000 0.000000 
0.000000 0.000000 166.040155 166.038439 166.038439 166.038439 166.040155 0.000000 0.000000 
0.000000 0.000000 166.039469 166.037753 166.037410 166.037753 166.039469 0.000000 0.000000 
0.000000 166.041185 166.038783 166.037067 166.036723 166.037067 166.038783 166.041185 0.000000 
0.000000 166.040499 166.037753 166.036037 166.035694 166.036037 166.037753 166.040499 0.000000 
0.000000 166.039469 166.037067 166.035350 166.035007 166.035350 166.037067 166.039469 0.000000 
0.000000 166.038783 166.036037 166.034321 166.033978 166.034321 166.036037 166.038783 0.000000 
0.000000 166.038096 166.035350 166.033634 166.033291 166.033634 166.035350 166.038096 0.000000 
0.000000 166.037410 166.034321 166.032605 166.032262 166.032605 166.034321 166.037410 0.000000 
166.041185 166.036380 166.033634 166.031918 166.031575 166.031918 166.033634 166.036380 166.041185 
166.040499 166.035694 166.032605 166.030889 166.030546 166.030889 166.032605 166.035694 166.040499 
166.040155 166.035007 166.031918 166.030202 166.029859 166.030202 166.031918 166.035007 166.040155 
166.039469 166.034321 166.031232 166.029516 166.028830 166.029516 166.031232 166.034321 166.039469 
166.038783 166.033634 166.030546 166.028486 166.028143 166.028486 166.030546 166.033634 166.038783 
166.038439 166.032948 166.029516 166.027800 166.027113 166.027800 166.029516 166.032948 166.038439 
166.037753 166.032262 166.028830 166.026770 166.026427 166.026770 166.028830 166.032262 166.037753 
166.037067 166.031575 166.027800 166.026084 166.025397 166.026084 166.027800 166.031575 166.037067 
166.036723 166.030889 166.027113 166.025054 166.024711 166.025054 166.027113 166.030889 166.036723 
166.036037 166.030546 166.026427 166.024368 166.023681 166.024368 166.026427 166.030546 166.036037 
166.035694 166.029859 166.025397 166.023681 166.022995 166.023681 166.025397 166.029859 166.035694 
166.035007 166.029173 166.024711 166.022652 166.021965 166.022652 166.024711 166.029173 166.035007 
166.035007 166.028486 166.024025 166.021965 166.021279 166.021965 166.024025 166.028486 166.035007 
166.035007 166.028143 166.023338 166.020936 166.020249 166.020936 166.023338 166.028143 166.035007 
166.035007 166.027457 166.022309 166.020249 166.019563 166.020249 166.022309 166.027457 166.035007 
166.035007 166.026770 166.021622 166.019220 166.018533 166.019220 166.021622 166.026770 166.035007 
166.035007 166.026427 166.020936 166.018533 166.017847 166.018533 166.020936 166.026427 166.035007 
166.035007 166.025741 166.020249 166.017504 166.016817 166.017504 166.020249 166.025741 166.035007 
166.035350 166.025397 166.019563 166.016817 166.016131 166.016817 166.019563 166.025397 166.035350 
166.035694 166.025054 166.018876 166.015788 166.015101 166.015788 166.018876 166.025054 166.035694 
166.036380 166.025054 166.018190 166.015101 166.014415 166.015101 166.018190 166.025054 166.036380 
166.036723 166.025054 166.017847 166.014072 166.013385 166.014072 166.017847 166.025054 166.036723 
166.037753 166.025054 166.017160 166.013385 166.012699 166.013385 166.017160 166.025054 166.037753 
166.038783 166.025054 166.016474 166.012699 166.011669 166.012699 166.016474 166.025054 166.038783 
166.040155 166.025397 166.016131 166.011669 166.010983 166.011669 166.016131 166.025397 166.040155 
166.041528 166.026084 166.015444 166.010983 166.009953 166.010983 166.015444 166.026084 166.041528 
0.000000 166.026770 166.015101 166.009953 166.009267 166.009953 166.015101 166.026770 0.000000 
0.000000 166.027800 166.015101 166.009267 166.008237 166.009267 166.015101 166.027800 0.000000 
0.000000 166.028830 166.015101 166.008580 166.007551 166.008580 166.015101 166.028830 0.000000 
0.000000 166.030889 166.015101 166.007551 166.006521 166.007551 166.015101 166.030889 0.000000 
0.000000 166.032948 166.015788 166.006864 166.005835 166.006864 166.015788 166.032948 0.000000 
0.000000 166.036380 166.016817 166.006178 166.004805 166.006178 166.016817 166.036380 0.000000 
0.000000 166.041185 166.017847 166.005835 166.004119 166.005835 166.017847 166.041185 0.000000 
0.000000 0.000000 166.020249 166.005148 166.003089 166.005148 166.020249 0.000000 0.000000 
0.000000 0.000000 166.024025 166.005148 166.002402 166.005148 166.024025 0.000000 0.000000 
0.000000 0.000000 166.032262 166.005491 166.001373 166.005491 166.032262 0.000000 0.000000 
0.000000 0.000000 0.000000 166.007551 166.000686 166.007551 0.000000 0.000000 0.000000 
0.000000 0.000000 0.000000 166.016474 166.000000 166.016474 0.000000 0.000000 0.000000 
