test/output/constant/M3M485_S060_A000_WD135.0_WS005.0/M3M485_S060_A000_WD135.0_WS005.0_intensity.asc
ncols         50
nrows         11
xllcorner     421703.990666
yllcorner     12748455.311160
cellsize      100.000000
NODATA_value  0.000000
0 0 0 0 0 0 72611 64669 55339 72170 72611 60358 49763 55339 49763 64669 49763 60358 49763 55339 49763 49763 1447 49763 2053 49763 0 0 0 0 0 0 0 0 0 0 0 0 0 0 0 0 0 0 0 0 0 0 0 0 
0 0 72611 72611 68141 72611 68141 60358 72611 72611 64669 72611 49763 55339 70666 68141 55339 60358 60358 49763 49763 68141 49763 60358 55339 55339 55339 49763 49763 6544 49763 55339 55339 49763 0 0 0 0 0 0 0 0 0 0 0 0 0 0 0 0 
64669 72611 72611 72611 72611 70666 72611 68141 72611 70666 70666 72611 55339 72611 72611 72611 68141 72611 72611 70666 64669 60358 55339 49763 55339 49763 55339 49763 49763 49763 49763 3821 49763 49763 55339 2053 49763 1071 49763 0 0 0 0 0 0 0 0 0 0 0 
72611 72611 72611 70666 72611 72611 72611 72611 72611 72611 72611 72493 72611 72611 72611 72611 72611 72611 72611 64669 72611 72611 72611 72170 72611 60358 72611 72170 64669 55339 64669 49763 64669 49763 55339 49763 49763 49763 3821 49763 1071 3821 1071 0 0 0 0 0 0 0 
72611 72611 60665 72611 72611 72611 68337 72611 72611 72611 72611 72611 72611 72611 72611 72611 72611 72611 72611 72611 72611 72611 72611 72611 64669 72611 72611 72611 72611 72611 72611 72611 70666 68141 72170 55339 49763 49763 55339 49763 2053 49763 49763 49763 55339 767 767 0 0 0 
0 60665 68337 72524 72611 60665 72232 72232 60665 60665 64925 60665 60665 68337 72611 60665 72232 72611 72611 72611 72611 72611 72611 72611 72611 72611 72611 72611 72611 72611 72611 72611 72611 72611 72611 72170 72611 72170 64669 72611 55339 68141 49763 49763 2053 2053 49763 43800 1447 0 
0 0 0 60665 60665 64925 60665 60665 60665 60665 60665 60665 60665 60665 60665 60665 70798 60665 64925 60665 60665 64925 70798 72611 72611 60665 60665 68337 72611 60665 72611 72611 72611 72611 72611 72611 72611 72611 72611 72611 72493 72611 68141 72611 72611 72493 64669 49763 49763 1071 
0 0 0 0 0 0 60665 60665 60665 60665 60665 60665 60665 60665 60665 60665 60665 64925 60665 60665 60665 60665 60665 60665 60665 60665 60665 60665 60665 60665 60665 60665 60665 60665 60665 64925 60665 60665 68337 64925 72611 72232 72611 68337 72611 72611 72611 72611 72611 0 
0 0 0 0 0 0 0 0 0 0 60665 60665 60665 60665 60665 60665 60665 60665 60665 60665 60665 60665 60665 60665 60665 60665 60665 60665 60665 60665 64925 60665 60665 60665 60665 60665 60665 60665 60665 60665 60665 60665 60665 60665 31839 38032 50140 31839 31839 754 
0 0 0 0 0 0 0 0 0 0 0 0 0 0 0 0 60665 60665 60665 55686 60665 60665 60665 60665 60665 55686 60665 60665 60665 60665 25802 60665 31839 31839 60665 60665 60665 60665 60665 44195 38032 44195 38032 38032 754 598 754 754 0 0 
0 0 0 0 0 0 0 0 0 0 0 0 0 0 0 0 0 0 0 0 0 0 0 0 0 0 60665 60665 44195 31839 60665 25802 25802 44195 60665 25802 44195 44195 31839 31839 0 0 0 0 0 0 0 0 0 0 
