test/output/constant/M375_S060_A270_WD315.0_WS005.0/M375_S060_A270_WD315.0_WS005.0_arrival.asc
ncols         11
nrows         40
xllcorner     426303.990666
yllcorner     12748655.311160
cellsize      100.000000
NODATA_value  0.000000
0.000000 0.000000 0.000000 0.000000 0.000000 0.000000 166.041417 166.041417 0.000000 0.000000 0.000000 
0.000000 0.000000 0.000000 0.000000 0.000000 166.041417 166.040545 166.040545 166.040981 0.000000 0.000000 
0.000000 0.000000 0.000000 0.000000 166.041667 166.040109 166.039237 166.039237 166.040109 0.000000 0.000000 
0.000000 0.000000 0.000000 0.000000 166.040545 166.038801 166.038365 166.038365 166.038801 166.040981 0.000000 
0.000000 0.000000 0.000000 0.000000 166.039237 166.037493 166.037057 166.037057 166.037929 166.040545 0.000000 
0.000000 0.000000 0.000000 166.040981 166.037929 166.036185 166.035749 166.036185 166.037057 166.039673 0.000000 
0.000000 0.000000 0.000000 166.039673 166.036621 166.035313 166.034877 166.034877 166.036185 166.038801 0.000000 
0.000000 0.000000 0.000000 166.038365 166.035313 166.034006 166.033570 166.034006 166.035749 166.038365 0.000000 
0.000000 0.000000 166.041417 166.037057 166.034006 166.033134 166.032698 166.032698 166.034877 166.037493 0.000000 
0.000000 0.000000 166.040109 166.035749 166.033134 166.031826 166.031390 166.031826 166.034006 166.037057 0.000000 
0.000000 0.000000 166.038801 166.034442 166.031826 166.030518 166.030518 166.030954 166.033134 166.036621 0.000000 
0.000000 0.000000 166.037493 166.033134 166.030518 166.029210 166.029210 166.030082 166.032262 166.036185 166.041667 
0.000000 0.000000 166.036185 166.031826 166.029210 166.028338 166.028338 166.029210 166.031826 166.036185 166.041417 
0.000000 166.040981 166.034877 166.030518 166.027902 166.027030 166.027030 166.028338 166.030954 166.035749 166.041417 
0.000000 166.039673 166.033570 166.029210 166.026594 166.026158 166.026158 166.027466 166.030518 166.035749 166.041417 
0.000000 166.038365 166.032698 166.027902 166.025722 166.024850 166.024850 166.026594 166.030082 166.035313 166.041417 
0.000000 166.037057 166.031390 166.026594 166.024414 166.023978 166.023978 166.025722 166.029646 166.035313 0.000000 
0.000000 166.035749 166.029646 166.025286 166.023106 166.022670 166.023106 166.025286 166.029646 166.035313 0.000000 
0.000000 166.034877 166.028338 166.023978 166.021798 166.021798 166.022234 166.024414 166.029210 166.035313 0.000000 
0.000000 166.033570 166.027466 166.022670 166.020926 166.020491 166.021362 166.023978 166.028774 166.035313 0.000000 
0.000000 166.032698 166.026158 166.021362 166.019619 166.019619 166.020491 166.023542 166.028774 166.036185 0.000000 
0.000000 166.031390 166.024850 166.020055 166.018311 166.018311 166.019619 166.023106 166.028774 166.037057 0.000000 
0.000000 166.030518 166.023542 166.018747 166.017439 166.017439 166.018747 166.022670 166.028774 166.037929 0.000000 
0.000000 166.029646 166.022234 166.017439 166.016131 166.016131 166.017875 166.022670 166.029210 166.039673 0.000000 
166.041667 166.028774 166.020926 166.016131 166.015259 166.015259 166.017439 166.022670 166.030082 166.041417 0.000000 
166.041417 166.027902 166.019619 166.014823 166.013951 166.013951 166.017003 166.022670 166.030954 0.000000 0.000000 
166.040981 166.027030 166.018311 166.013515 166.012643 166.013079 166.016567 166.022670 166.033134 0.000000 0.000000 
166.041417 166.026594 166.017003 166.012207 166.011771 166.012207 166.016131 166.023106 166.034877 0.000000 0.000000 
166.041417 166.025722 166.015695 166.010899 166.010463 166.011335 166.016131 166.024414 166.037493 0.000000 0.000000 
0.000000 166.025722 166.014387 166.010027 166.009591 166.010899 166.016131 166.026158 166.040545 0.000000 0.000000 
0.000000 166.024850 166.013079 166.008719 166.008283 166.010463 166.016567 166.027902 0.000000 0.000000 0.000000 
0.000000 166.024850 166.011771 166.007411 166.007411 166.010027 166.017439 166.031390 0.000000 0.000000 0.000000 
0.000000 166.025286 166.010899 166.006540 166.006104 166.009591 166.019183 166.036185 0.000000 0.000000 0.000000 
0.000000 166.025722 166.010027 166.005232 166.005232 166.009591 166.022234 0.000000 0.000000 0.000000 0.000000 
0.000000 166.026594 166.009155 166.003924 166.004360 166.010899 166.026594 0.000000 0.000000 0.000000 0.000000 
0.000000 166.029210 166.008719 166.003052 166.003488 166.012643 166.034006 0.000000 0.000000 0.000000 0.000000 
0.000000 166.034877 166.008719 166.001744 166.003488 166.017439 0.000000 0.000000 0.000000 0.000000 0.000000 
0.000000 0.000000 166.009591 166.000872 166.003924 166.027902 0.000000 0.000000 0.000000 0.000000 0.000000 
0.000000 0.000000 166.016131 166.000000 166.010463 0.000000 0.000000 0.000000 0.000000 0.000000 0.000000 
0.000000 0.000000 0.000000 166.033570 0.000000 0.000000 0.000000 0.000000 0.000000 0.000000 0.000000 
