test/output/constant/M3M485_S060_A270_WD090.0_WS010.0/M3M485_S060_A270_WD090.0_WS010.0_ros.asc
ncols         15
nrows         46
xllcorner     425303.990666
yllcorner     12748755.311160
cellsize      100.000000
NODATA_value  0.000000
0.000000 77.541107 77.604553 77.604553 0.000000 0.000000 0.000000 0.000000 0.000000 0.000000 0.000000 0.000000 0.000000 0.000000 0.000000 
77.604553 77.604553 77.604553 11.565432 34.498802 0.000000 0.000000 0.000000 0.000000 0.000000 0.000000 0.000000 0.000000 0.000000 0.000000 
75.344055 77.604553 77.604553 77.604553 34.498802 0.000000 0.000000 0.000000 0.000000 0.000000 0.000000 0.000000 0.000000 0.000000 0.000000 
77.604553 77.604553 77.604553 77.604553 69.611443 34.498802 0.000000 0.000000 0.000000 0.000000 0.000000 0.000000 0.000000 0.000000 0.000000 
77.604553 77.604553 77.604553 77.604553 59.846359 34.498802 73.200066 0.000000 0.000000 0.000000 0.000000 0.000000 0.000000 0.000000 0.000000 
77.604553 77.604553 77.604553 77.604553 75.771736 69.611443 69.611443 0.000000 0.000000 0.000000 0.000000 0.000000 0.000000 0.000000 0.000000 
77.604553 77.604553 77.604553 77.604553 53.966194 21.967918 53.966194 34.498802 0.000000 0.000000 0.000000 0.000000 0.000000 0.000000 0.000000 
77.604553 77.604553 77.604553 77.604553 77.604553 77.604553 28.057325 34.498802 0.000000 0.000000 0.000000 0.000000 0.000000 0.000000 0.000000 
77.604553 77.604553 77.604553 77.604553 59.846359 77.604553 47.652649 59.846359 0.000000 0.000000 0.000000 0.000000 0.000000 0.000000 0.000000 
58.725792 77.604553 77.604553 77.604553 77.604553 77.604553 28.057325 28.057325 28.057325 0.000000 0.000000 0.000000 0.000000 0.000000 0.000000 
58.725792 72.562958 77.604553 77.604553 77.604553 28.057325 28.057325 21.967918 16.414778 0.000000 0.000000 0.000000 0.000000 0.000000 0.000000 
58.725792 77.604553 77.604553 77.604553 77.604553 77.604553 34.498802 41.097252 28.057325 16.414778 0.000000 0.000000 0.000000 0.000000 0.000000 
77.438431 58.725792 77.604553 77.604553 77.604553 77.604553 69.611443 34.498802 47.652649 34.498802 0.000000 0.000000 0.000000 0.000000 0.000000 
0.000000 64.125481 75.344055 77.604553 77.604553 77.604553 65.114731 34.498802 34.498802 28.057325 0.000000 0.000000 0.000000 0.000000 0.000000 
0.000000 52.750301 77.604553 77.604553 77.604553 77.604553 75.771736 65.114731 59.846359 21.967918 47.652649 0.000000 0.000000 0.000000 0.000000 
0.000000 52.750301 64.125481 77.604553 77.604553 77.604553 77.604553 21.967918 11.565432 69.611443 11.565432 0.000000 0.000000 0.000000 0.000000 
0.000000 52.750301 58.725792 77.043755 77.604553 77.604553 77.604553 77.604553 77.604553 77.248459 28.057325 0.000000 0.000000 0.000000 0.000000 
0.000000 52.750301 1.761185 77.604553 68.785118 77.438431 77.604553 77.604553 77.604553 16.414778 28.057325 34.498802 0.000000 0.000000 0.000000 
0.000000 2.380464 52.750301 52.750301 77.604553 77.604553 77.604553 34.498802 34.498802 28.057325 34.498802 34.498802 0.000000 0.000000 0.000000 
0.000000 0.000000 2.380464 52.750301 77.438431 77.604553 77.604553 77.604553 28.057325 69.611443 16.414778 34.498802 0.000000 0.000000 0.000000 
0.000000 0.000000 52.750301 58.725792 77.604553 77.043755 77.604553 77.604553 34.498802 28.057325 69.611443 11.565432 0.000000 0.000000 0.000000 
0.000000 0.000000 4.207879 52.750301 52.750301 77.604553 77.604553 77.604553 28.057325 47.652649 34.498802 34.498802 28.057325 0.000000 0.000000 
0.000000 0.000000 4.207879 52.750301 64.125481 77.604553 77.604553 77.604553 69.611443 41.097252 34.498802 28.057325 34.498802 0.000000 0.000000 
0.000000 0.000000 0.000000 58.725792 52.750301 77.604553 77.604553 77.604553 28.057325 47.652649 69.611443 28.057325 28.057325 0.000000 0.000000 
0.000000 0.000000 0.000000 4.207879 52.750301 58.725792 77.604553 77.604553 73.200066 21.967918 21.967918 28.057325 28.057325 0.000000 0.000000 
0.000000 0.000000 0.000000 52.750301 58.725792 52.750301 77.604553 77.604553 77.604553 59.846359 34.498802 34.498802 34.498802 34.498802 0.000000 
0.000000 0.000000 0.000000 7.030102 4.207879 52.750301 64.125481 77.604553 77.604553 77.604553 34.498802 53.966194 21.967918 11.565432 0.000000 
0.000000 0.000000 0.000000 0.000000 52.750301 7.030102 52.750301 77.604553 77.604553 77.604553 53.966194 34.498802 28.057325 28.057325 0.000000 
0.000000 0.000000 0.000000 0.000000 58.725792 52.750301 7.030102 77.604553 77.604553 75.771736 59.846359 34.498802 34.498802 28.057325 0.000000 
0.000000 0.000000 0.000000 0.000000 52.750301 7.030102 1.761185 64.125481 77.604553 77.604553 59.846359 34.498802 21.967918 16.414778 0.000000 
0.000000 0.000000 0.000000 0.000000 0.000000 58.725792 52.750301 52.750301 77.604553 77.604553 11.565432 73.200066 16.414778 28.057325 0.000000 
0.000000 0.000000 0.000000 0.000000 0.000000 52.750301 52.750301 52.750301 77.604553 77.604553 28.057325 28.057325 34.498802 16.414778 0.000000 
0.000000 0.000000 0.000000 0.000000 0.000000 52.750301 7.030102 52.750301 68.785118 77.604553 77.604553 69.611443 28.057325 34.498802 28.057325 
0.000000 0.000000 0.000000 0.000000 0.000000 0.000000 4.207879 52.750301 52.750301 77.604553 77.604553 28.057325 28.057325 28.057325 16.414778 
0.000000 0.000000 0.000000 0.000000 0.000000 0.000000 2.380464 58.725792 58.725792 77.604553 77.604553 77.604553 21.967918 28.057325 28.057325 
0.000000 0.000000 0.000000 0.000000 0.000000 0.000000 52.750301 52.750301 52.750301 64.125481 77.604553 73.200066 59.846359 28.057325 11.565432 
0.000000 0.000000 0.000000 0.000000 0.000000 0.000000 0.000000 2.380464 58.725792 58.725792 77.604553 77.604553 34.498802 28.057325 28.057325 
0.000000 0.000000 0.000000 0.000000 0.000000 0.000000 0.000000 1.761185 4.207879 52.750301 77.604553 77.604553 65.114731 34.498802 28.057325 
0.000000 0.000000 0.000000 0.000000 0.000000 0.000000 0.000000 0.000000 52.750301 58.725792 64.125481 77.604553 65.114731 21.967918 21.967918 
0.000000 0.000000 0.000000 0.000000 0.000000 0.000000 0.000000 0.000000 52.750301 52.750301 52.750301 77.604553 75.771736 28.057325 34.498802 
0.000000 0.000000 0.000000 0.000000 0.000000 0.000000 0.000000 0.000000 0.000000 2.380464 52.750301 77.604553 77.604553 16.414778 28.057325 
0.000000 0.000000 0.000000 0.000000 0.000000 0.000000 0.000000 0.000000 0.000000 1.761185 1.761185 64.125481 77.604553 34.498802 28.057325 
0.000000 0.000000 0.000000 0.000000 0.000000 0.000000 0.000000 0.000000 0.000000 0.000000 2.380464 52.750301 77.604553 16.414778 11.565432 
0.000000 0.000000 0.000000 0.000000 0.000000 0.000000 0.000000 0.000000 0.000000 0.000000 1.761185 4.207879 77.604553 77.604553 16.414778 
0.000000 0.000000 0.000000 0.000000 0.000000 0.000000 0.000000 0.000000 0.000000 0.000000 0.000000 2.380464 64.125481 77.604553 16.414778 
0.000000 0.000000 0.000000 0.000000 0.000000 0.000000 0.000000 0.000000 0.000000 0.000000 0.000000 1.761185 1.761185 0.000000 1.367099 
