test/output/constant/M3M485_S060_A270_WD090.0_WS010.0/M3M485_S060_A270_WD090.0_WS010.0_intensity.asc
ncols         15
nrows         46
xllcorner     425303.990666
yllcorner     12748755.311160
cellsize      100.000000
NODATA_value  0.000000
0 68404 68460 68460 0 0 0 0 0 0 0 0 0 0 0 
68460 68460 68460 10202 30433 0 0 0 0 0 0 0 0 0 0 
66466 68460 68460 68460 30433 0 0 0 0 0 0 0 0 0 0 
68460 68460 68460 68460 61409 30433 0 0 0 0 0 0 0 0 0 
68460 68460 68460 68460 52794 30433 64575 0 0 0 0 0 0 0 0 
68460 68460 68460 68460 66843 61409 61409 0 0 0 0 0 0 0 0 
68460 68460 68460 68460 47607 19379 47607 30433 0 0 0 0 0 0 0 
68460 68460 68460 68460 68460 68460 24751 30433 0 0 0 0 0 0 0 
68460 68460 68460 68460 52794 68460 42037 52794 0 0 0 0 0 0 0 
51806 68460 68460 68460 68460 68460 24751 24751 24751 0 0 0 0 0 0 
51806 64013 68460 68460 68460 24751 24751 19379 14480 0 0 0 0 0 0 
51806 68460 68460 68460 68460 68460 30433 36254 24751 14480 0 0 0 0 0 
68314 51806 68460 68460 68460 68460 61409 30433 42037 30433 0 0 0 0 0 
0 56569 66466 68460 68460 68460 57442 30433 30433 24751 0 0 0 0 0 
0 46534 68460 68460 68460 68460 66843 57442 52794 19379 42037 0 0 0 0 
0 46534 56569 68460 68460 68460 68460 19379 10202 61409 10202 0 0 0 0 
0 46534 51806 67965 68460 68460 68460 68460 68460 68146 24751 0 0 0 0 
0 46534 1553 68460 60680 68314 68460 68460 68460 14480 24751 30433 0 0 0 
0 2099 46534 46534 68460 68460 68460 30433 30433 24751 30433 30433 0 0 0 
0 0 2099 46534 68314 68460 68460 68460 24751 61409 14480 30433 0 0 0 
0 0 46534 51806 68460 67965 68460 68460 30433 24751 61409 10202 0 0 0 
0 0 3712 46534 46534 68460 68460 68460 24751 42037 30433 30433 24751 0 0 
0 0 3712 46534 56569 68460 68460 68460 61409 36254 30433 24751 30433 0 0 
0 0 0 51806 46534 68460 68460 68460 24751 42037 61409 24751 24751 0 0 
0 0 0 3712 46534 51806 68460 68460 64575 19379 19379 24751 24751 0 0 
0 0 0 46534 51806 46534 68460 68460 68460 52794 30433 30433 30433 30433 0 
0 0 0 6201 3712 46534 56569 68460 68460 68460 30433 47607 19379 10202 0 
0 0 0 0 46534 6201 46534 68460 68460 68460 47607 30433 24751 24751 0 
0 0 0 0 51806 46534 6201 68460 68460 66843 52794 30433 30433 24751 0 
0 0 0 0 46534 6201 1553 56569 68460 68460 52794 30433 19379 14480 0 
0 0 0 0 0 51806 46534 46534 68460 68460 10202 64575 14480 24751 0 
0 0 0 0 0 46534 46534 46534 68460 68460 24751 24751 30433 14480 0 
0 0 0 0 0 46534 6201 46534 60680 68460 68460 61409 24751 30433 24751 
0 0 0 0 0 0 3712 46534 46534 68460 68460 24751 24751 24751 14480 
0 0 0 0 0 0 2099 51806 51806 68460 68460 68460 19379 24751 24751 
0 0 0 0 0 0 46534 46534 46534 56569 68460 64575 52794 24751 10202 
0 0 0 0 0 0 0 2099 51806 51806 68460 68460 30433 24751 24751 
0 0 0 0 0 0 0 1553 3712 46534 68460 68460 57442 30433 24751 
0 0 0 0 0 0 0 0 46534 51806 56569 68460 57442 19379 19379 
0 0 0 0 0 0 0 0 46534 46534 46534 68460 66843 24751 30433 
0 0 0 0 0 0 0 0 0 2099 46534 68460 68460 14480 24751 
0 0 0 0 0 0 0 0 0 1553 1553 56569 68460 30433 24751 
0 0 0 0 0 0 0 0 0 0 2099 46534 68460 14480 10202 
0 0 0 0 0 0 0 0 0 0 1553 3712 68460 68460 14480 
0 0 0 0 0 0 0 0 0 0 0 2099 56569 68460 14480 
0 0 0 0 0 0 0 0 0 0 0 1553 1553 0 1206 
