test/output/constant/M3M400_S060_A090_WD090.0_WS005.0/M3M400_S060_A090_WD090.0_WS005.0_arrival.asc
ncols         14
nrows         60
xllcorner     425603.990666
yllcorner     12742955.311160
cellsize      100.000000
NODATA_value  0.000000
0.000000 0.000000 0.000000 0.000000 0.000000 0.000000 0.000000 0.000000 0.000000 0.000000 166.039719 0.000000 0.000000 0.000000 
0.000000 0.000000 0.000000 0.000000 0.000000 0.000000 0.000000 0.000000 0.000000 166.009079 166.000000 166.016171 0.000000 0.000000 
0.000000 0.000000 0.000000 0.000000 0.000000 0.000000 0.000000 0.000000 166.024399 166.002553 166.000567 166.010214 0.000000 0.000000 
0.000000 0.000000 0.000000 0.000000 0.000000 0.000000 0.000000 166.040003 166.015037 166.002270 166.001135 166.008511 166.035747 0.000000 
0.000000 0.000000 0.000000 0.000000 0.000000 0.000000 0.000000 166.028938 166.009646 166.002270 166.001986 166.008511 166.029222 0.000000 
0.000000 0.000000 0.000000 0.000000 0.000000 0.000000 0.000000 166.021562 166.007660 166.002837 166.002553 166.008511 166.026952 0.000000 
0.000000 0.000000 0.000000 0.000000 0.000000 0.000000 166.034896 166.017023 166.006525 166.003405 166.003405 166.009079 166.024683 0.000000 
0.000000 0.000000 0.000000 0.000000 0.000000 0.000000 166.028655 166.014185 166.006525 166.003972 166.004256 166.009646 166.024399 0.000000 
0.000000 0.000000 0.000000 0.000000 0.000000 166.041667 166.024399 166.012483 166.006525 166.004823 166.005107 166.010497 166.024115 0.000000 
0.000000 0.000000 0.000000 0.000000 0.000000 166.036315 166.021278 166.011348 166.006525 166.005390 166.005958 166.011348 166.023832 166.041667 
0.000000 0.000000 0.000000 0.000000 0.000000 166.031492 166.019008 166.010781 166.006809 166.006242 166.006809 166.012199 166.023832 166.040287 
0.000000 0.000000 0.000000 0.000000 0.000000 166.028371 166.017306 166.010497 166.007376 166.007093 166.007944 166.013051 166.024115 166.039719 
0.000000 0.000000 0.000000 0.000000 166.038584 166.025817 166.015888 166.010497 166.007944 166.007660 166.008795 166.013902 166.024399 166.039435 
0.000000 0.000000 0.000000 0.000000 166.035464 166.023548 166.015320 166.010781 166.008511 166.008511 166.009646 166.014753 166.024683 166.039435 
0.000000 0.000000 0.000000 0.000000 166.032910 166.022129 166.014753 166.010781 166.009079 166.009079 166.010781 166.015604 166.025250 166.039152 
0.000000 0.000000 0.000000 0.000000 166.030357 166.020711 166.014753 166.011065 166.009930 166.009930 166.011632 166.016455 166.026101 166.039152 
0.000000 0.000000 0.000000 166.040003 166.028371 166.019860 166.014753 166.011348 166.010497 166.010497 166.012483 166.017306 166.026669 166.039152 
0.000000 0.000000 0.000000 166.037166 166.026669 166.019292 166.014753 166.011916 166.011348 166.011348 166.013618 166.018157 166.027236 166.039435 
0.000000 0.000000 0.000000 166.035180 166.025534 166.019008 166.014753 166.012483 166.011916 166.012199 166.014469 166.019292 166.028087 166.039719 
0.000000 0.000000 0.000000 166.033194 166.024683 166.019008 166.015037 166.013051 166.012767 166.013051 166.015320 166.020143 166.028938 166.040003 
0.000000 0.000000 0.000000 166.031492 166.023832 166.019008 166.015320 166.013618 166.013334 166.013902 166.016455 166.020994 166.029506 166.040570 
0.000000 0.000000 166.039719 166.030357 166.023264 166.019008 166.015604 166.014185 166.014185 166.014753 166.017306 166.022129 166.030357 166.040854 
0.000000 0.000000 166.038017 166.029506 166.023264 166.019008 166.016171 166.014753 166.014753 166.015888 166.018441 166.022980 166.031208 166.041421 
0.000000 0.000000 166.036315 166.028655 166.023264 166.019008 166.016455 166.015604 166.015604 166.016739 166.019292 166.023832 166.032059 0.000000 
0.000000 0.000000 166.035180 166.028087 166.023264 166.019292 166.017023 166.016171 166.016455 166.017590 166.020427 166.024966 166.032910 0.000000 
0.000000 0.000000 166.034045 166.027520 166.023264 166.019576 166.017590 166.017023 166.017023 166.018441 166.021278 166.025817 166.033478 0.000000 
0.000000 166.041138 166.033478 166.027520 166.023264 166.019860 166.018157 166.017874 166.017874 166.019576 166.022413 166.026952 166.034329 0.000000 
0.000000 166.040003 166.032626 166.027236 166.023264 166.020143 166.018725 166.018441 166.018725 166.020427 166.023264 166.027803 166.035180 0.000000 
0.000000 166.038868 166.032059 166.027236 166.023264 166.020711 166.019292 166.019292 166.019576 166.021278 166.024399 166.028938 166.036031 0.000000 
0.000000 166.038017 166.031775 166.027236 166.023548 166.020994 166.019860 166.019860 166.020427 166.022413 166.025250 166.029789 166.036882 0.000000 
0.000000 166.037166 166.031492 166.027236 166.023832 166.021562 166.020711 166.020711 166.021278 166.023264 166.026385 166.030924 166.037733 0.000000 
0.000000 166.036598 166.031492 166.027236 166.024115 166.022129 166.021278 166.021278 166.022129 166.024115 166.027236 166.031775 166.038584 0.000000 
0.000000 166.036031 166.031492 166.027236 166.024399 166.022697 166.022129 166.022129 166.022980 166.025250 166.028371 166.032910 166.039435 0.000000 
0.000000 166.035747 166.031492 166.027520 166.024966 166.023264 166.022697 166.022980 166.023832 166.026101 166.029222 166.033761 166.040287 0.000000 
166.041421 166.035747 166.031492 166.027520 166.025250 166.023832 166.023548 166.023548 166.024683 166.026952 166.030073 166.034896 166.041138 0.000000 
166.040854 166.035747 166.031492 166.027803 166.025817 166.024399 166.024115 166.024399 166.025534 166.027803 166.031208 166.035747 0.000000 0.000000 
166.040287 166.035747 166.031492 166.028371 166.026101 166.024966 166.024966 166.025250 166.026669 166.028938 166.032059 166.036598 0.000000 0.000000 
166.040003 166.035747 166.031492 166.028655 166.026669 166.025534 166.025534 166.026101 166.027520 166.029789 166.033194 166.037733 0.000000 0.000000 
166.040003 166.035747 166.031775 166.028938 166.027236 166.026385 166.026385 166.026669 166.028371 166.030641 166.034045 166.038584 0.000000 0.000000 
166.040003 166.035747 166.031775 166.029506 166.027803 166.026952 166.026952 166.027520 166.029222 166.031775 166.035180 166.039719 0.000000 0.000000 
166.040003 166.035747 166.032059 166.029789 166.028371 166.027803 166.027803 166.028371 166.030073 166.032626 166.036031 166.040570 0.000000 0.000000 
166.040003 166.035747 166.032343 166.030357 166.028938 166.028371 166.028655 166.029222 166.031208 166.033478 166.037166 166.041667 0.000000 0.000000 
166.039719 166.035747 166.032910 166.030641 166.029506 166.029222 166.029506 166.030073 166.032059 166.034612 166.038017 0.000000 0.000000 0.000000 
166.039719 166.035747 166.033194 166.031208 166.030073 166.030073 166.030073 166.030924 166.033194 166.035464 166.039152 0.000000 0.000000 0.000000 
166.040003 166.036031 166.033478 166.031775 166.030641 166.030641 166.030924 166.031775 166.034045 166.036598 166.040003 0.000000 0.000000 0.000000 
166.040003 166.036315 166.034045 166.032343 166.031492 166.031492 166.031492 166.032910 166.034896 166.037450 166.041138 0.000000 0.000000 0.000000 
166.040003 166.036598 166.034612 166.032910 166.032059 166.032059 166.032626 166.033761 166.035747 166.038301 0.000000 0.000000 0.000000 0.000000 
166.040003 166.036882 166.034896 166.033478 166.032910 166.032910 166.033194 166.034612 166.036882 166.039435 0.000000 0.000000 0.000000 0.000000 
166.040003 166.037450 166.035464 166.034045 166.033478 166.033478 166.034045 166.035464 166.037733 166.040287 0.000000 0.000000 0.000000 0.000000 
166.040287 166.037733 166.035747 166.034612 166.034329 166.034329 166.034896 166.036315 166.038584 166.041421 0.000000 0.000000 0.000000 0.000000 
166.040570 166.038301 166.036315 166.035180 166.034896 166.034896 166.035747 166.037166 166.039435 0.000000 0.000000 0.000000 0.000000 0.000000 
166.040854 166.038584 166.036882 166.035747 166.035747 166.035747 166.036598 166.038301 166.040570 0.000000 0.000000 0.000000 0.000000 0.000000 
166.041138 166.039152 166.037450 166.036598 166.036315 166.036598 166.037450 166.039152 166.041421 0.000000 0.000000 0.000000 0.000000 0.000000 
166.041421 166.039435 166.038017 166.037166 166.037166 166.037166 166.038301 166.040003 0.000000 0.000000 0.000000 0.000000 0.000000 0.000000 
0.000000 166.040003 166.038584 166.037733 166.037733 166.038017 166.039152 166.040854 0.000000 0.000000 0.000000 0.000000 0.000000 0.000000 
0.000000 166.040287 166.039152 166.038584 166.038584 166.038868 166.040003 0.000000 0.000000 0.000000 0.000000 0.000000 0.000000 0.000000 
0.000000 166.040854 166.039719 166.039152 166.039152 166.039719 166.040854 0.000000 0.000000 0.000000 0.000000 0.000000 0.000000 0.000000 
0.000000 166.041421 166.040287 166.040003 166.040003 166.040570 166.041667 0.000000 0.000000 0.000000 0.000000 0.000000 0.000000 0.000000 
0.000000 0.000000 166.040854 166.040854 166.040854 166.041421 0.000000 0.000000 0.000000 0.000000 0.000000 0.000000 0.000000 0.000000 
0.000000 0.000000 166.041667 166.041421 166.041421 0.000000 0.000000 0.000000 0.000000 0.000000 0.000000 0.000000 0.000000 0.000000 
