test/output/constant/M465_S060_A270_WD135.0_WS015.0/M465_S060_A270_WD135.0_WS015.0_arrival.asc
ncols         9
nrows         27
xllcorner     425903.990666
yllcorner     12748755.311160
cellsize      100.000000
NODATA_value  0.000000
166.041643 166.041643 0.000000 0.000000 0.000000 0.000000 0.000000 0.000000 0.000000 
166.040400 166.040400 166.041022 0.000000 0.000000 0.000000 0.000000 0.000000 0.000000 
166.039157 166.038535 166.039157 0.000000 0.000000 0.000000 0.000000 0.000000 0.000000 
166.037914 166.036671 166.037292 166.039779 0.000000 0.000000 0.000000 0.000000 0.000000 
166.037914 166.035428 166.035428 166.037292 0.000000 0.000000 0.000000 0.000000 0.000000 
166.037292 166.033563 166.033563 166.034806 166.039779 0.000000 0.000000 0.000000 0.000000 
166.037292 166.032942 166.032320 166.032320 166.036671 0.000000 0.000000 0.000000 0.000000 
166.037292 166.031699 166.030455 166.030455 166.033563 166.041643 0.000000 0.000000 0.000000 
166.037914 166.031699 166.028591 166.028591 166.031077 166.037914 0.000000 0.000000 0.000000 
166.039157 166.031699 166.027348 166.027348 166.028591 166.034185 0.000000 0.000000 0.000000 
166.040400 166.031699 166.026105 166.025483 166.026105 166.031077 166.041643 0.000000 0.000000 
0.000000 166.032320 166.026105 166.023619 166.024240 166.027969 166.037292 0.000000 0.000000 
0.000000 166.033563 166.026105 166.022375 166.022375 166.024862 166.033563 0.000000 0.000000 
0.000000 166.034806 166.026105 166.021132 166.020511 166.022375 166.029834 0.000000 0.000000 
0.000000 166.037914 166.026726 166.020511 166.019268 166.019889 166.026726 166.040400 0.000000 
0.000000 0.000000 166.027969 166.019889 166.017403 166.017403 166.022997 166.036049 0.000000 
0.000000 0.000000 166.030455 166.020511 166.015538 166.015538 166.019268 166.032320 0.000000 
0.000000 0.000000 166.034185 166.021132 166.014917 166.014295 166.016160 166.027969 0.000000 
0.000000 0.000000 166.041022 166.022375 166.014295 166.012431 166.013674 166.023619 0.000000 
0.000000 0.000000 0.000000 166.026105 166.014295 166.011188 166.011188 166.019268 0.000000 
0.000000 0.000000 0.000000 166.032942 166.015538 166.009323 166.009323 166.015538 0.000000 
0.000000 0.000000 0.000000 0.000000 166.018025 166.008702 166.007458 166.011188 0.000000 
0.000000 0.000000 0.000000 0.000000 166.024862 166.008702 166.006215 166.008080 0.000000 
0.000000 0.000000 0.000000 0.000000 166.037914 166.010566 166.004351 166.004972 166.039779 
0.000000 0.000000 0.000000 0.000000 0.000000 166.018025 166.003108 166.002486 166.038535 
0.000000 0.000000 0.000000 0.000000 0.000000 166.038535 166.003108 166.001243 0.000000 
0.000000 0.000000 0.000000 0.000000 0.000000 0.000000 166.014917 166.000000 0.000000 
