test/output/constant/M390_S060_A270_WD045.0_WS040.0/M390_S060_A270_WD045.0_WS040.0_ros.asc
ncols         33
nrows         16
xllcorner     423503.990666
yllcorner     12748655.311160
cellsize      100.000000
NODATA_value  0.000000
0.000000 56.401939 56.360302 49.159851 52.021370 6.272779 4.389607 6.272779 0.000000 0.000000 0.000000 0.000000 0.000000 0.000000 0.000000 0.000000 0.000000 0.000000 0.000000 0.000000 0.000000 0.000000 0.000000 0.000000 0.000000 0.000000 0.000000 0.000000 0.000000 0.000000 0.000000 0.000000 0.000000 
56.401939 56.401939 56.401939 56.401939 54.216019 56.401939 54.216019 6.272779 6.272779 6.272779 4.389607 45.718353 0.000000 0.000000 0.000000 0.000000 0.000000 0.000000 0.000000 0.000000 0.000000 0.000000 0.000000 0.000000 0.000000 0.000000 0.000000 0.000000 0.000000 0.000000 0.000000 0.000000 0.000000 
56.401939 56.401939 56.401939 56.401939 56.401939 56.401939 56.401939 45.718353 23.889753 45.718353 6.272779 4.389607 49.159851 6.272779 45.718353 0.000000 0.000000 0.000000 0.000000 0.000000 0.000000 0.000000 0.000000 0.000000 0.000000 0.000000 0.000000 0.000000 0.000000 0.000000 0.000000 0.000000 0.000000 
56.401939 56.401939 56.401939 54.216019 56.401939 56.401939 56.401939 56.401939 56.360302 45.718353 45.718353 49.159851 49.159851 45.718353 45.718353 4.389607 4.389607 3.088117 0.000000 0.000000 0.000000 0.000000 0.000000 0.000000 0.000000 0.000000 0.000000 0.000000 0.000000 0.000000 0.000000 0.000000 0.000000 
0.000000 56.401939 40.537506 56.401939 56.401939 56.401939 56.401939 56.401939 56.401939 56.401939 56.401939 45.718353 49.159851 49.159851 45.718353 41.801315 45.718353 41.801315 3.088117 6.272779 0.000000 0.000000 0.000000 0.000000 0.000000 0.000000 0.000000 0.000000 0.000000 0.000000 0.000000 0.000000 0.000000 
0.000000 0.000000 18.237064 56.401939 27.032661 31.630314 55.316792 56.401939 56.401939 54.216019 56.401939 56.401939 56.401939 56.401939 56.401939 45.718353 49.159851 4.389607 4.389607 3.088117 41.801315 41.801315 0.000000 0.000000 0.000000 0.000000 0.000000 0.000000 0.000000 0.000000 0.000000 0.000000 0.000000 
0.000000 0.000000 0.000000 18.237064 18.237064 36.177708 56.401939 56.401939 55.316792 56.401939 56.237930 56.401939 56.401939 56.401939 56.360302 56.360302 45.718353 49.159851 45.718353 45.718353 6.272779 3.088117 6.272779 4.389607 0.000000 0.000000 0.000000 0.000000 0.000000 0.000000 0.000000 0.000000 0.000000 
0.000000 0.000000 0.000000 0.000000 40.537506 18.237064 44.577820 48.176315 56.401939 18.237064 48.176315 56.401939 56.401939 56.401939 56.401939 56.401939 56.401939 55.677135 45.718353 45.718353 45.718353 4.389607 41.801315 4.389607 2.638756 4.389607 0.000000 0.000000 0.000000 0.000000 0.000000 0.000000 0.000000 
0.000000 0.000000 0.000000 0.000000 0.000000 0.000000 22.523212 18.237064 44.577820 18.237064 40.537506 18.237064 27.032661 56.401939 48.176315 56.401939 56.401939 56.401939 56.401939 56.401939 49.159851 45.718353 4.389607 2.848648 2.848648 41.801315 6.272779 3.088117 0.000000 0.000000 0.000000 0.000000 0.000000 
0.000000 0.000000 0.000000 0.000000 0.000000 0.000000 0.000000 18.237064 18.237064 51.223972 18.237064 18.237064 44.577820 18.237064 56.401939 56.401939 40.537506 56.401939 56.237930 56.401939 56.401939 56.360302 45.718353 45.718353 45.718353 41.801315 2.638756 2.848648 2.049826 0.000000 0.000000 0.000000 0.000000 
0.000000 0.000000 0.000000 0.000000 0.000000 0.000000 0.000000 0.000000 0.000000 22.523212 18.237064 22.523212 44.577820 18.237064 36.177708 18.237064 22.523212 56.401939 36.177708 56.401939 56.401939 56.401939 56.401939 56.401939 45.718353 41.801315 2.049826 45.718353 4.389607 3.088117 4.389607 0.000000 0.000000 
0.000000 0.000000 0.000000 0.000000 0.000000 0.000000 0.000000 0.000000 0.000000 0.000000 0.000000 18.237064 40.537506 18.237064 18.237064 22.523212 18.237064 48.176315 18.237064 18.237064 55.316792 56.401939 31.630314 56.401939 56.401939 56.401939 45.718353 45.718353 45.718353 4.389607 3.088117 3.088117 0.000000 
0.000000 0.000000 0.000000 0.000000 0.000000 0.000000 0.000000 0.000000 0.000000 0.000000 0.000000 0.000000 0.000000 18.237064 18.237064 18.237064 18.237064 18.237064 18.237064 36.177708 22.523212 18.237064 18.237064 22.523212 44.577820 56.401939 56.401939 56.401939 56.401939 4.389607 4.389607 3.088117 0.000000 
0.000000 0.000000 0.000000 0.000000 0.000000 0.000000 0.000000 0.000000 0.000000 0.000000 0.000000 0.000000 0.000000 0.000000 0.000000 0.000000 18.237064 18.237064 18.237064 18.237064 18.237064 18.237064 18.237064 18.237064 22.523212 36.177708 56.401939 56.401939 56.401939 56.401939 56.401939 4.389607 3.088117 
0.000000 0.000000 0.000000 0.000000 0.000000 0.000000 0.000000 0.000000 0.000000 0.000000 0.000000 0.000000 0.000000 0.000000 0.000000 0.000000 0.000000 0.000000 0.000000 18.237064 18.237064 14.301320 18.237064 18.237064 18.237064 18.237064 14.301320 18.237064 18.237064 40.537506 56.401939 -1.000000 1.510104 
0.000000 0.000000 0.000000 0.000000 0.000000 0.000000 0.000000 0.000000 0.000000 0.000000 0.000000 0.000000 0.000000 0.000000 0.000000 0.000000 0.000000 0.000000 0.000000 0.000000 0.000000 0.000000 0.000000 18.237064 18.237064 14.301320 18.237064 18.237064 18.237064 18.237064 5.634901 1.629683 1.510104 
