test/output/constant/M390_S060_A270_WD045.0_WS040.0/M390_S060_A270_WD045.0_WS040.0_raz.asc
ncols         33
nrows         16
xllcorner     423503.990666
yllcorner     12748655.311160
cellsize      100.000000
NODATA_value  0.000000
0 292 292 298 296 341 355 341 0 0 0 0 0 0 0 0 0 0 0 0 0 0 0 0 0 0 0 0 0 0 0 0 0 
292 292 292 292 295 292 295 341 341 341 355 299 0 0 0 0 0 0 0 0 0 0 0 0 0 0 0 0 0 0 0 0 0 
292 292 292 292 292 292 292 299 310 299 341 355 298 341 299 0 0 0 0 0 0 0 0 0 0 0 0 0 0 0 0 0 0 
292 292 292 295 292 292 292 292 292 299 299 298 298 299 299 355 355 12 0 0 0 0 0 0 0 0 0 0 0 0 0 0 0 
0 292 282 292 292 292 292 292 292 292 292 299 298 298 299 301 299 301 12 341 0 0 0 0 0 0 0 0 0 0 0 0 0 
0 0 270 292 276 278 290 292 292 295 292 292 292 292 292 299 298 355 355 12 301 301 0 0 0 0 0 0 0 0 0 0 0 
0 0 0 270 270 280 292 292 290 292 291 292 292 292 292 292 299 298 299 299 341 12 341 355 0 0 0 0 0 0 0 0 0 
0 0 0 0 282 270 284 286 292 270 286 292 292 292 292 292 292 294 299 299 299 355 301 355 22 355 0 0 0 0 0 0 0 
0 0 0 0 0 0 273 270 284 270 282 270 276 292 286 292 292 292 292 292 298 299 355 17 17 301 341 12 0 0 0 0 0 
0 0 0 0 0 0 0 270 270 287 270 270 284 270 292 292 282 292 291 292 292 292 299 299 299 301 22 17 40 0 0 0 0 
0 0 0 0 0 0 0 0 0 273 270 273 284 270 280 270 273 292 280 292 292 292 292 292 299 301 40 299 355 12 355 0 0 
0 0 0 0 0 0 0 0 0 0 0 270 282 270 270 273 270 286 270 270 290 292 278 292 292 292 299 299 299 355 12 12 0 
0 0 0 0 0 0 0 0 0 0 0 0 0 270 270 270 270 270 270 280 273 270 270 273 284 292 292 292 292 355 355 12 0 
0 0 0 0 0 0 0 0 0 0 0 0 0 0 0 0 270 270 270 270 270 270 270 270 273 280 292 292 292 292 292 355 12 
0 0 0 0 0 0 0 0 0 0 0 0 0 0 0 0 0 0 0 270 270 265 270 270 270 270 265 270 270 282 292 254 87 
0 0 0 0 0 0 0 0 0 0 0 0 0 0 0 0 0 0 0 0 0 0 0 270 270 265 270 270 270 270 242 137 87 
