test/output/constant/M3100_S060_A000_WD225.0_WS010.0/M3100_S060_A000_WD225.0_WS010.0_arrival.asc
ncols         50
nrows         15
xllcorner     421803.990666
yllcorner     12748555.311160
cellsize      100.000000
NODATA_value  0.000000
0.000000 0.000000 0.000000 166.041458 166.041118 166.040779 166.040439 166.040099 166.039759 166.039759 166.039759 166.039759 166.039759 166.039759 166.040099 166.040439 166.040779 166.041118 166.041458 0.000000 0.000000 0.000000 0.000000 0.000000 0.000000 0.000000 0.000000 0.000000 0.000000 0.000000 0.000000 0.000000 0.000000 0.000000 0.000000 0.000000 0.000000 0.000000 0.000000 0.000000 0.000000 0.000000 0.000000 0.000000 0.000000 0.000000 0.000000 0.000000 0.000000 0.000000 
0.000000 166.041458 166.040439 166.040099 166.039419 166.039080 166.038400 166.037720 166.037380 166.037041 166.036701 166.036701 166.036361 166.036361 166.036361 166.036361 166.036361 166.036701 166.037041 166.037041 166.037380 166.038060 166.038740 166.039759 166.041118 0.000000 0.000000 0.000000 0.000000 0.000000 0.000000 0.000000 0.000000 0.000000 0.000000 0.000000 0.000000 0.000000 0.000000 0.000000 0.000000 0.000000 0.000000 0.000000 0.000000 0.000000 0.000000 0.000000 0.000000 0.000000 
166.041667 166.040779 166.040099 166.039080 166.038400 166.037720 166.037041 166.036361 166.035681 166.035341 166.034662 166.034322 166.033982 166.033642 166.033303 166.032963 166.032623 166.032623 166.032963 166.032963 166.032963 166.033303 166.033642 166.033982 166.034662 166.035341 166.036701 166.038060 166.039759 0.000000 0.000000 0.000000 0.000000 0.000000 0.000000 0.000000 0.000000 0.000000 0.000000 0.000000 0.000000 0.000000 0.000000 0.000000 0.000000 0.000000 0.000000 0.000000 0.000000 0.000000 
166.041667 166.040779 166.040099 166.039080 166.038400 166.037380 166.036701 166.035681 166.035002 166.033982 166.033303 166.032623 166.032283 166.031603 166.030924 166.030584 166.030244 166.029904 166.029565 166.029225 166.029225 166.029225 166.029565 166.029565 166.029904 166.030244 166.030584 166.031264 166.032623 166.033642 166.035341 166.037380 166.040099 0.000000 0.000000 0.000000 0.000000 0.000000 0.000000 0.000000 0.000000 0.000000 0.000000 0.000000 0.000000 0.000000 0.000000 0.000000 0.000000 0.000000 
0.000000 166.041118 166.040099 166.039080 166.038400 166.037380 166.036701 166.035681 166.034662 166.033982 166.032963 166.032283 166.031264 166.030584 166.029904 166.028885 166.028545 166.027865 166.027526 166.026846 166.026506 166.026166 166.026166 166.025826 166.025826 166.025826 166.026166 166.026506 166.026846 166.027186 166.028205 166.029565 166.030924 166.032963 166.035681 166.038740 0.000000 0.000000 0.000000 0.000000 0.000000 0.000000 0.000000 0.000000 0.000000 0.000000 0.000000 0.000000 0.000000 0.000000 
0.000000 0.000000 166.041118 166.040099 166.039080 166.038060 166.036701 166.035681 166.034662 166.033982 166.032963 166.032283 166.031264 166.030244 166.029565 166.028545 166.027865 166.026846 166.026166 166.025487 166.024807 166.024127 166.023788 166.023108 166.023108 166.022768 166.022428 166.022428 166.022428 166.022768 166.023108 166.023448 166.023788 166.025147 166.026506 166.028205 166.031264 166.034322 166.038400 0.000000 0.000000 0.000000 0.000000 0.000000 0.000000 0.000000 0.000000 0.000000 0.000000 0.000000 
0.000000 0.000000 0.000000 166.041458 166.040099 166.039080 166.037720 166.037041 166.035681 166.034662 166.033642 166.032623 166.031603 166.030584 166.029565 166.028545 166.027865 166.026846 166.026166 166.025147 166.024127 166.023448 166.022768 166.021749 166.021069 166.020729 166.020049 166.019710 166.019370 166.019030 166.019030 166.019030 166.019370 166.019710 166.020049 166.020729 166.022088 166.023788 166.026846 166.029904 166.034322 166.039759 0.000000 0.000000 0.000000 0.000000 0.000000 0.000000 0.000000 0.000000 
0.000000 0.000000 0.000000 0.000000 0.000000 166.041118 166.039759 166.038740 166.037380 166.036021 166.035002 166.033642 166.032623 166.031264 166.030584 166.029225 166.028205 166.027186 166.026166 166.025147 166.024127 166.023448 166.022428 166.021749 166.020729 166.020049 166.019030 166.018350 166.017671 166.016991 166.016311 166.015972 166.015632 166.015632 166.015632 166.015972 166.015972 166.016651 166.017671 166.019370 166.022088 166.025826 166.030584 166.037041 0.000000 0.000000 0.000000 0.000000 0.000000 0.000000 
0.000000 0.000000 0.000000 0.000000 0.000000 0.000000 0.000000 166.041118 166.039759 166.038400 166.037041 166.036021 166.034662 166.033303 166.032283 166.030924 166.029565 166.028205 166.027186 166.026166 166.025147 166.024127 166.022768 166.021749 166.020729 166.020049 166.019030 166.018011 166.017331 166.016311 166.015632 166.014612 166.013933 166.013253 166.012573 166.012573 166.012234 166.012234 166.012234 166.012573 166.013593 166.014952 166.017671 166.021749 166.027186 166.035681 0.000000 0.000000 0.000000 0.000000 
0.000000 0.000000 0.000000 0.000000 0.000000 0.000000 0.000000 0.000000 0.000000 166.041458 166.040099 166.038740 166.037380 166.036021 166.034662 166.033303 166.031943 166.030584 166.029225 166.028205 166.026846 166.025487 166.024127 166.023108 166.021749 166.020729 166.019710 166.018690 166.017671 166.016311 166.015632 166.014612 166.013593 166.012913 166.011894 166.011214 166.010195 166.009515 166.009175 166.008835 166.008835 166.008835 166.009175 166.010534 166.013253 166.017671 166.025826 166.038400 0.000000 0.000000 
0.000000 0.000000 0.000000 0.000000 0.000000 0.000000 0.000000 0.000000 0.000000 0.000000 0.000000 0.000000 166.041458 166.039759 166.038400 166.037041 166.035341 166.033982 166.032623 166.031264 166.029565 166.028205 166.026846 166.025487 166.024127 166.022768 166.021749 166.020389 166.019030 166.017671 166.016651 166.015292 166.014273 166.013253 166.011894 166.011214 166.010195 166.009515 166.008496 166.007476 166.006796 166.006117 166.005437 166.005437 166.005437 166.006117 166.008835 166.015972 166.030244 0.000000 
0.000000 0.000000 0.000000 0.000000 0.000000 0.000000 0.000000 0.000000 0.000000 0.000000 0.000000 0.000000 0.000000 0.000000 0.000000 166.041458 166.039759 166.038400 166.037041 166.035341 166.033982 166.032623 166.030924 166.029565 166.028205 166.026506 166.025147 166.023788 166.022088 166.020729 166.019370 166.018011 166.016651 166.015292 166.013933 166.012573 166.011214 166.009855 166.008835 166.007816 166.006796 166.005777 166.005097 166.004078 166.003398 166.002379 166.002039 166.002039 166.005777 166.034662 
0.000000 0.000000 0.000000 0.000000 0.000000 0.000000 0.000000 0.000000 0.000000 0.000000 0.000000 0.000000 0.000000 0.000000 0.000000 0.000000 0.000000 0.000000 0.000000 166.040439 166.039080 166.037380 166.036021 166.034322 166.032963 166.031264 166.029904 166.028205 166.026846 166.025487 166.023788 166.022428 166.020729 166.019370 166.018011 166.016311 166.014952 166.013253 166.011894 166.010534 166.008835 166.007476 166.006117 166.004758 166.003398 166.002379 166.001359 166.000680 166.000000 166.026506 
0.000000 0.000000 0.000000 0.000000 0.000000 0.000000 0.000000 0.000000 0.000000 0.000000 0.000000 0.000000 0.000000 0.000000 0.000000 0.000000 0.000000 0.000000 0.000000 0.000000 0.000000 0.000000 0.000000 0.000000 166.041118 166.039419 166.038060 166.036361 166.035002 166.033642 166.031943 166.030584 166.028885 166.027526 166.025826 166.024467 166.022768 166.021409 166.019710 166.018350 166.017331 166.015632 166.014273 166.012913 166.011894 166.011214 166.010874 166.010874 166.014273 166.039080 
0.000000 0.000000 0.000000 0.000000 0.000000 0.000000 0.000000 0.000000 0.000000 0.000000 0.000000 0.000000 0.000000 0.000000 0.000000 0.000000 0.000000 0.000000 0.000000 0.000000 0.000000 0.000000 0.000000 0.000000 0.000000 0.000000 0.000000 0.000000 0.000000 0.000000 0.000000 166.041118 166.039759 166.038060 166.037041 166.035681 166.034662 166.033303 166.032623 166.031603 166.030924 166.030244 166.029904 166.030244 166.029904 166.031943 166.034662 166.039759 0.000000 0.000000 
