test/output/constant/M3100_S060_A000_WD225.0_WS010.0/M3100_S060_A000_WD225.0_WS010.0_raz.asc
ncols         50
nrows         15
xllcorner     421803.990666
yllcorner     12748555.311160
cellsize      100.000000
NODATA_value  0.000000
0 0 0 286 281 281 284 281 282 287 287 287 287 290 321 333 349 321 289 0 0 0 0 0 0 0 0 0 0 0 0 0 0 0 0 0 0 0 0 0 0 0 0 0 0 0 0 0 0 0 
0 281 282 281 281 281 281 281 286 281 284 287 281 287 333 290 287 0 11 290 290 290 290 290 290 0 0 0 0 0 0 0 0 0 0 0 0 0 0 0 0 0 0 0 0 0 0 0 0 0 
281 281 281 281 281 281 281 281 281 281 281 281 281 281 281 282 286 286 11 287 290 289 289 289 321 290 290 290 333 0 0 0 0 0 0 0 0 0 0 0 0 0 0 0 0 0 0 0 0 0 
281 281 281 281 281 281 281 282 281 281 281 281 281 281 284 281 282 281 287 284 286 286 289 289 290 290 289 289 32 290 349 333 289 0 0 0 0 0 0 0 0 0 0 0 0 0 0 0 0 0 
0 281 281 281 281 281 281 281 281 281 281 281 282 282 281 284 281 281 281 281 286 284 289 281 287 286 290 289 290 290 349 349 11 333 289 333 0 0 0 0 0 0 0 0 0 0 0 0 0 0 
0 0 269 271 275 271 281 281 281 281 281 281 281 281 281 286 281 281 281 281 281 282 281 284 286 281 282 286 290 290 321 333 290 289 333 290 289 0 32 0 0 0 0 0 0 0 0 0 0 0 
0 0 0 269 275 269 278 271 271 269 279 269 269 269 281 281 281 281 281 281 281 281 281 281 281 281 281 285 281 282 287 287 289 349 349 289 333 290 0 349 0 349 0 0 0 0 0 0 0 0 
0 0 0 0 0 271 280 271 269 269 271 279 269 275 271 281 277 271 269 281 281 281 281 281 281 281 281 281 282 281 281 285 281 289 287 349 290 333 290 290 290 349 11 333 0 0 0 0 0 0 
0 0 0 0 0 0 0 271 271 269 278 269 269 269 271 269 269 275 269 269 271 271 271 271 281 269 275 281 281 284 281 281 281 281 282 287 281 287 290 289 349 289 349 349 0 11 0 0 0 0 
0 0 0 0 0 0 0 0 0 269 271 269 269 269 269 269 269 271 277 269 269 269 271 269 272 269 277 271 269 281 281 280 281 281 281 281 281 281 281 282 289 290 289 333 0 292 11 11 0 0 
0 0 0 0 0 0 0 0 0 0 0 0 271 269 269 269 269 269 271 269 271 269 269 271 271 271 271 271 271 271 271 275 271 269 279 281 281 281 281 281 281 285 282 287 289 290 290 11 11 0 
0 0 0 0 0 0 0 0 0 0 0 0 0 0 0 269 269 269 269 271 271 271 271 269 271 269 271 269 271 269 271 269 271 271 271 271 271 271 271 275 281 281 281 281 281 281 281 333 0 32 
0 0 0 0 0 0 0 0 0 0 0 0 0 0 0 0 0 0 0 269 271 271 271 271 269 271 269 269 269 271 271 269 271 271 271 269 269 271 271 271 271 269 269 271 269 274 281 281 254 11 
0 0 0 0 0 0 0 0 0 0 0 0 0 0 0 0 0 0 0 0 0 0 0 0 271 271 269 271 269 271 269 271 271 271 271 269 271 269 269 269 269 269 269 269 269 269 263 263 170 101 
0 0 0 0 0 0 0 0 0 0 0 0 0 0 0 0 0 0 0 0 0 0 0 0 0 0 0 0 0 0 0 269 269 269 269 269 269 269 263 269 260 269 260 269 260 263 256 101 0 0 
