test/output/constant/M350_S060_A180_WD270.0_WS045.0/M350_S060_A180_WD270.0_WS045.0_arrival.asc
ncols         40
nrows         5
xllcorner     426603.990666
yllcorner     12748555.311160
cellsize      100.000000
NODATA_value  0.000000
0.000000 0.000000 0.000000 0.000000 0.000000 0.000000 0.000000 166.036916 166.034340 166.031765 166.030477 166.029189 166.028760 166.027902 166.027902 166.027472 166.027472 166.027902 166.028760 166.029619 166.030048 166.030906 166.031765 166.032194 166.033053 166.033911 166.034340 166.035199 166.036057 166.036916 166.037774 166.039062 166.039921 166.040779 166.041638 0.000000 0.000000 0.000000 0.000000 0.000000 
0.000000 166.023180 166.013736 166.010731 166.009873 166.009444 166.009444 166.010302 166.011161 166.011590 166.012448 166.013307 166.014595 166.015453 166.016741 166.017599 166.018458 166.019746 166.020604 166.021892 166.022751 166.024038 166.024897 166.025755 166.027043 166.027902 166.029189 166.030048 166.031336 166.032194 166.033482 166.034340 166.035199 166.036487 166.037345 166.038633 166.039491 166.040779 166.041638 0.000000 
166.000000 166.000859 166.001717 166.003005 166.003863 166.005151 166.006010 166.007297 166.008156 166.009444 166.010302 166.011590 166.012448 166.013736 166.014595 166.015882 166.016741 166.018029 166.018887 166.020175 166.021034 166.022321 166.023180 166.024468 166.025326 166.026614 166.027472 166.028760 166.029619 166.030906 166.031765 166.033053 166.033911 166.035199 166.036057 166.037345 166.038204 166.039491 166.040350 166.041638 
0.000000 166.023180 166.013736 166.010731 166.009873 166.009444 166.009444 166.010302 166.011161 166.011590 166.012448 166.013307 166.014595 166.015453 166.016741 166.017599 166.018458 166.019746 166.020604 166.021892 166.022751 166.024038 166.024897 166.025755 166.027043 166.027902 166.029189 166.030048 166.031336 166.032194 166.033482 166.034340 166.035199 166.036487 166.037345 166.038633 166.039491 166.040779 166.041638 0.000000 
0.000000 0.000000 0.000000 0.000000 0.000000 0.000000 0.000000 166.036916 166.034340 166.031765 166.030477 166.029189 166.028760 166.027902 166.027902 166.027472 166.027472 166.027902 166.028760 166.029619 166.030048 166.030906 166.031765 166.032194 166.033053 166.033911 166.034340 166.035199 166.036057 166.036916 166.037774 166.039062 166.039921 166.040779 166.041638 0.000000 0.000000 0.000000 0.000000 0.000000 
