test/output/constant/M3M485_S060_A270_WD045.0_WS015.0/M3M485_S060_A270_WD045.0_WS015.0_ros.asc
ncols         15
nrows         33
xllcorner     425303.990666
yllcorner     12748655.311160
cellsize      100.000000
NODATA_value  0.000000
0.000000 55.451752 55.482475 55.482475 0.000000 0.000000 0.000000 0.000000 0.000000 0.000000 0.000000 0.000000 0.000000 0.000000 0.000000 
55.482475 55.482475 55.482475 55.482475 41.024742 0.000000 0.000000 0.000000 0.000000 0.000000 0.000000 0.000000 0.000000 0.000000 0.000000 
55.451752 55.482475 55.482475 55.482475 27.689636 36.766205 0.000000 0.000000 0.000000 0.000000 0.000000 0.000000 0.000000 0.000000 0.000000 
55.482475 55.482475 55.482475 55.482475 55.482475 48.343056 36.766205 0.000000 0.000000 0.000000 0.000000 0.000000 0.000000 0.000000 0.000000 
55.482475 55.482475 55.482475 55.482475 23.145082 41.024742 23.145082 23.145082 0.000000 0.000000 0.000000 0.000000 0.000000 0.000000 0.000000 
55.482475 55.482475 55.482475 55.482475 55.482475 18.778608 44.922977 44.922977 0.000000 0.000000 0.000000 0.000000 0.000000 0.000000 0.000000 
55.482475 55.482475 55.482475 55.482475 55.482475 14.720275 44.922977 36.766205 23.145082 0.000000 0.000000 0.000000 0.000000 0.000000 0.000000 
55.482475 55.482475 55.482475 54.359196 55.482475 18.778608 27.689636 18.778608 18.778608 0.000000 0.000000 0.000000 0.000000 0.000000 0.000000 
0.000000 55.482475 55.482475 55.482475 55.482475 55.482475 18.778608 14.720275 11.089570 27.689636 0.000000 0.000000 0.000000 0.000000 0.000000 
0.000000 50.232704 52.651333 55.482475 55.482475 55.482475 55.482475 14.720275 23.145082 11.089570 0.000000 0.000000 0.000000 0.000000 0.000000 
0.000000 39.542206 55.482475 55.482475 55.482475 55.482475 55.482475 23.145082 51.181526 23.145082 23.145082 0.000000 0.000000 0.000000 0.000000 
0.000000 4.994241 50.232704 55.482475 55.482475 55.482475 36.766205 41.024742 27.689636 32.276020 23.145082 0.000000 0.000000 0.000000 0.000000 
0.000000 39.542206 39.542206 55.482475 55.482475 55.482475 55.482475 55.482475 23.145082 23.145082 23.145082 14.720275 0.000000 0.000000 0.000000 
0.000000 0.000000 39.542206 54.359196 55.482475 55.482475 55.482475 55.482475 44.922977 23.145082 14.720275 23.145082 0.000000 0.000000 0.000000 
0.000000 0.000000 39.542206 39.542206 50.232704 55.482475 55.482475 55.482475 32.276020 14.720275 23.145082 18.778608 18.778608 0.000000 0.000000 
0.000000 0.000000 39.542206 7.217914 43.576954 55.304253 55.482475 55.482475 55.482475 32.276020 23.145082 23.145082 23.145082 0.000000 0.000000 
0.000000 0.000000 0.000000 3.423633 3.423633 55.482475 55.482475 55.482475 55.482475 44.922977 14.720275 23.145082 14.720275 0.000000 0.000000 
0.000000 0.000000 0.000000 3.423633 39.542206 47.176933 55.482475 55.482475 55.482475 23.145082 23.145082 18.778608 23.145082 18.778608 0.000000 
0.000000 0.000000 0.000000 35.195263 3.423633 39.542206 55.482475 55.482475 55.482475 18.778608 41.024742 23.145082 18.778608 18.778608 0.000000 
0.000000 0.000000 0.000000 0.000000 39.542206 39.542206 2.461314 55.482475 55.482475 44.922977 23.145082 23.145082 23.145082 18.778608 0.000000 
0.000000 0.000000 0.000000 0.000000 4.994241 35.195263 4.994241 54.359196 55.482475 55.482475 14.720275 32.276020 18.778608 18.778608 0.000000 
0.000000 0.000000 0.000000 0.000000 0.000000 3.423633 4.994241 43.576954 55.482475 55.482475 55.482475 48.343056 11.089570 14.720275 0.000000 
0.000000 0.000000 0.000000 0.000000 0.000000 35.195263 35.195263 39.542206 50.232704 55.482475 55.482475 23.145082 18.778608 11.089570 14.720275 
0.000000 0.000000 0.000000 0.000000 0.000000 0.000000 39.542206 7.217914 35.195263 55.482475 55.482475 32.276020 23.145082 11.089570 18.778608 
0.000000 0.000000 0.000000 0.000000 0.000000 0.000000 3.423633 4.994241 7.217914 55.482475 55.482475 51.181526 5.508160 18.778608 18.778608 
0.000000 0.000000 0.000000 0.000000 0.000000 0.000000 0.000000 39.542206 39.542206 3.423633 55.482475 55.482475 18.778608 18.778608 18.778608 
0.000000 0.000000 0.000000 0.000000 0.000000 0.000000 0.000000 2.461314 4.994241 4.994241 55.482475 55.482475 27.689636 14.720275 18.778608 
0.000000 0.000000 0.000000 0.000000 0.000000 0.000000 0.000000 0.000000 3.423633 4.994241 43.576954 55.482475 55.482475 18.778608 11.089570 
0.000000 0.000000 0.000000 0.000000 0.000000 0.000000 0.000000 0.000000 3.423633 3.423633 4.994241 55.482475 55.482475 27.689636 11.089570 
0.000000 0.000000 0.000000 0.000000 0.000000 0.000000 0.000000 0.000000 0.000000 2.461314 3.423633 3.423633 55.482475 18.778608 11.089570 
0.000000 0.000000 0.000000 0.000000 0.000000 0.000000 0.000000 0.000000 0.000000 0.000000 3.423633 2.461314 55.482475 55.482475 11.089570 
0.000000 0.000000 0.000000 0.000000 0.000000 0.000000 0.000000 0.000000 0.000000 0.000000 0.000000 3.423633 2.461314 -1.000000 11.089570 
0.000000 0.000000 0.000000 0.000000 0.000000 0.000000 0.000000 0.000000 0.000000 0.000000 0.000000 0.000000 1.636182 2.175420 1.751518 
