test/output/constant/M380_S060_A270_WD045.0_WS040.0/M380_S060_A270_WD045.0_WS040.0_arrival.asc
ncols         30
nrows         13
xllcorner     423803.990666
yllcorner     12748655.311160
cellsize      100.000000
NODATA_value  0.000000
166.041305 166.040333 166.039847 166.038875 166.038875 166.038389 166.038389 166.038875 166.038875 166.039847 166.040819 0.000000 0.000000 0.000000 0.000000 0.000000 0.000000 0.000000 0.000000 0.000000 0.000000 0.000000 0.000000 0.000000 0.000000 0.000000 0.000000 0.000000 0.000000 0.000000 
166.041305 166.039847 166.038389 166.036931 166.035959 166.035474 166.034988 166.034988 166.034988 166.034988 166.035474 166.035959 166.037417 166.039361 166.041305 0.000000 0.000000 0.000000 0.000000 0.000000 0.000000 0.000000 0.000000 0.000000 0.000000 0.000000 0.000000 0.000000 0.000000 0.000000 
166.041305 166.039847 166.038389 166.036931 166.035474 166.034016 166.033044 166.032072 166.031586 166.031100 166.031100 166.031586 166.031586 166.032558 166.034016 166.035959 166.038389 0.000000 0.000000 0.000000 0.000000 0.000000 0.000000 0.000000 0.000000 0.000000 0.000000 0.000000 0.000000 0.000000 
0.000000 166.040333 166.038389 166.036931 166.034988 166.033530 166.032072 166.030614 166.029642 166.028670 166.028184 166.027699 166.027699 166.027699 166.028184 166.028670 166.030614 166.032558 166.035959 166.040333 0.000000 0.000000 0.000000 0.000000 0.000000 0.000000 0.000000 0.000000 0.000000 0.000000 
0.000000 0.000000 166.040333 166.037903 166.035959 166.034016 166.032072 166.030614 166.029156 166.027699 166.026727 166.025269 166.024297 166.024297 166.023811 166.023811 166.024297 166.025269 166.027213 166.029642 166.034016 166.039361 0.000000 0.000000 0.000000 0.000000 0.000000 0.000000 0.000000 0.000000 
0.000000 0.000000 0.000000 166.040333 166.037903 166.035474 166.033530 166.031586 166.029642 166.027699 166.026241 166.024783 166.023325 166.021867 166.020895 166.020409 166.020409 166.020409 166.020895 166.021867 166.023811 166.027213 166.032558 166.038875 0.000000 0.000000 0.000000 0.000000 0.000000 0.000000 
0.000000 0.000000 0.000000 0.000000 166.041305 166.038389 166.035959 166.033530 166.031100 166.029156 166.026727 166.024783 166.023325 166.021867 166.020409 166.018952 166.017494 166.017008 166.016522 166.016522 166.017008 166.018466 166.020895 166.025755 166.031586 166.040333 0.000000 0.000000 0.000000 0.000000 
0.000000 0.000000 0.000000 0.000000 0.000000 0.000000 166.040819 166.037903 166.034988 166.032072 166.029156 166.026727 166.024783 166.022353 166.020409 166.018952 166.017494 166.016036 166.014578 166.013120 166.013120 166.013120 166.013606 166.015064 166.018952 166.024783 166.034016 0.000000 0.000000 0.000000 
0.000000 0.000000 0.000000 0.000000 0.000000 0.000000 0.000000 0.000000 166.040333 166.036931 166.034016 166.031100 166.028184 166.025269 166.022353 166.020409 166.017980 166.016036 166.014578 166.012634 166.011177 166.010205 166.009233 166.009233 166.009719 166.012148 166.017980 166.027699 0.000000 0.000000 
0.000000 0.000000 0.000000 0.000000 0.000000 0.000000 0.000000 0.000000 0.000000 0.000000 166.040819 166.037417 166.034016 166.030614 166.027213 166.024297 166.021381 166.018466 166.016036 166.013606 166.011663 166.009719 166.008261 166.006803 166.005831 166.005831 166.006317 166.011177 166.021867 0.000000 
0.000000 0.000000 0.000000 0.000000 0.000000 0.000000 0.000000 0.000000 0.000000 0.000000 0.000000 0.000000 0.000000 166.038875 166.035474 166.031586 166.028184 166.024783 166.021381 166.017980 166.014578 166.011663 166.009233 166.006803 166.005345 166.003888 166.002430 166.001944 166.003888 166.031586 
0.000000 0.000000 0.000000 0.000000 0.000000 0.000000 0.000000 0.000000 0.000000 0.000000 0.000000 0.000000 0.000000 0.000000 0.000000 0.000000 166.038389 166.034502 166.030614 166.027213 166.023325 166.019438 166.015550 166.011663 166.008261 166.004859 166.002430 166.000972 166.000000 166.025755 
0.000000 0.000000 0.000000 0.000000 0.000000 0.000000 0.000000 0.000000 0.000000 0.000000 0.000000 0.000000 0.000000 0.000000 0.000000 0.000000 0.000000 0.000000 0.000000 0.000000 166.040333 166.036931 166.033044 166.029156 166.025269 166.021381 166.018466 166.017008 166.017494 166.033530 
