test/output/constant/M295_S060_A270_WD225.0_WS010.0/M295_S060_A270_WD225.0_WS010.0_arrival.asc
ncols         8
nrows         25
xllcorner     426503.990666
yllcorner     12748755.311160
cellsize      100.000000
NODATA_value  0.000000
0.000000 0.000000 0.000000 0.000000 0.000000 166.040610 166.040610 0.000000 
0.000000 0.000000 0.000000 0.000000 166.039944 166.038613 166.039278 166.041275 
0.000000 0.000000 0.000000 166.041275 166.037947 166.037281 166.037281 166.040610 
0.000000 0.000000 0.000000 166.039278 166.035950 166.035284 166.035950 166.039944 
0.000000 0.000000 0.000000 166.036615 166.033952 166.033952 166.035284 166.039278 
0.000000 0.000000 166.039944 166.033952 166.031955 166.031955 166.033952 166.039278 
0.000000 0.000000 166.037281 166.031955 166.030624 166.030624 166.033287 166.039944 
0.000000 0.000000 166.034618 166.029292 166.028627 166.028627 166.032621 166.039944 
0.000000 166.040610 166.031955 166.027295 166.026629 166.027961 166.032621 166.040610 
0.000000 166.037947 166.029292 166.025298 166.025298 166.026629 166.032621 166.041275 
0.000000 166.034618 166.026629 166.023301 166.023301 166.025964 166.032621 0.000000 
0.000000 166.031955 166.023966 166.021969 166.021969 166.025298 166.033287 0.000000 
0.000000 166.028627 166.021969 166.019972 166.020638 166.025298 166.034618 0.000000 
0.000000 166.025964 166.019306 166.018641 166.019306 166.025298 166.036615 0.000000 
166.041275 166.023301 166.017309 166.016643 166.018641 166.025964 166.039278 0.000000 
166.038613 166.019972 166.014646 166.014646 166.017975 166.027295 0.000000 0.000000 
166.035950 166.017309 166.013315 166.013315 166.017975 166.029292 0.000000 0.000000 
166.032621 166.014646 166.011317 166.011983 166.018641 166.033952 0.000000 0.000000 
166.029958 166.011317 166.009986 166.011317 166.019972 166.040610 0.000000 0.000000 
166.027295 166.009320 166.007989 166.011317 166.023301 0.000000 0.000000 0.000000 
166.025964 166.006657 166.005992 166.011317 166.030624 0.000000 0.000000 0.000000 
166.024632 166.004660 166.004660 166.013315 0.000000 0.000000 0.000000 0.000000 
166.024632 166.002663 166.003994 166.021303 0.000000 0.000000 0.000000 0.000000 
166.026629 166.001331 166.003994 166.039944 0.000000 0.000000 0.000000 0.000000 
0.000000 166.000000 166.015312 0.000000 0.000000 0.000000 0.000000 0.000000 
