test/output/constant/M3M400_S060_A270_WD090.0_WS005.0/M3M400_S060_A270_WD090.0_WS005.0_intensity.asc
ncols         14
nrows         60
xllcorner     425603.990666
yllcorner     12748655.311160
cellsize      100.000000
NODATA_value  0.000000
0 0 90832 90832 90832 0 0 0 0 0 0 0 0 0 
0 0 90832 90832 90832 55389 0 0 0 0 0 0 0 0 
0 90832 90832 90832 47694 62811 69733 0 0 0 0 0 0 0 
0 90832 90832 90832 90832 69733 47694 0 0 0 0 0 0 0 
0 90832 90832 90832 90832 62811 69733 0 0 0 0 0 0 0 
0 90832 90832 90832 90832 90832 47694 62811 0 0 0 0 0 0 
85150 90832 90832 90832 85515 88582 81260 69733 0 0 0 0 0 0 
90832 90832 90832 90832 90832 90832 55389 62811 62811 0 0 0 0 0 
90832 90832 90832 90832 90832 62811 55389 55389 69733 0 0 0 0 0 
90832 90832 90832 90832 90832 90366 69733 62811 69733 0 0 0 0 0 
90832 90832 90832 90832 90832 90832 55389 69733 62811 62811 0 0 0 0 
88337 90832 90832 90832 90832 90832 62811 69733 32418 69733 0 0 0 0 
90832 88337 90832 90832 90832 90832 88582 62811 47694 62811 0 0 0 0 
90832 88337 90832 90832 90832 90832 47694 62811 69733 62811 0 0 0 0 
90832 90832 90832 90832 90832 75946 75946 25301 69733 69733 39959 0 0 0 
90832 90832 90832 90832 90832 75946 62811 75946 62811 62811 62811 0 0 0 
75377 69089 90832 90832 90832 90832 90832 62811 62811 69733 55389 0 0 0 
80786 90832 90832 90832 90832 90832 55389 69733 62811 62811 62811 0 0 0 
90832 90832 85150 90832 90832 90832 85515 62811 69733 69733 47694 32418 0 0 
90832 90832 90832 90250 90832 90832 55389 90366 69733 69733 62811 62811 0 0 
90832 90832 90832 90832 90832 90832 90832 62811 69733 32418 25301 69733 0 0 
90671 90832 90832 90832 90832 90832 90832 90832 69733 69733 69733 62811 0 0 
62111 90832 90671 90832 90832 90832 90832 75946 32418 69733 62811 69733 0 0 
62111 90832 90832 90832 90832 90832 90832 69733 62811 62811 69733 62811 0 0 
4872 90832 90832 90832 90832 90832 90832 55389 85515 62811 62811 69733 0 0 
2683 80786 90832 85150 90832 90832 90832 90832 62811 69733 69733 55389 62811 0 
0 62111 90832 90832 90832 90832 90832 55389 62811 62811 62811 69733 47694 0 
0 62111 90671 80786 90832 90832 90832 88582 69733 55389 62811 62811 39959 0 
0 62111 88337 88337 90832 90832 90832 90832 81260 85515 62811 69733 55389 0 
0 62111 62111 88337 90832 90832 90832 90832 47694 69733 39959 47694 47694 0 
0 62111 75377 88337 90832 85150 90832 69733 55389 25301 62811 69733 55389 0 
0 62111 62111 80786 90832 90832 90832 90832 62811 62811 55389 39959 47694 0 
0 2683 62111 80786 90832 90832 90832 90832 62811 69733 62811 69733 47694 0 
0 62111 4872 90832 90832 90832 90832 90832 55389 39959 25301 69733 47694 0 
0 0 69089 62111 90832 90832 90832 90832 90832 62811 69733 62811 39959 0 
0 0 4872 2683 90832 90832 90832 90832 62811 62811 62811 69733 47694 0 
0 0 69089 4872 90832 90832 90832 90832 85515 62811 69733 62811 55389 0 
0 0 8244 2683 90832 90832 90832 90832 90832 62811 62811 69733 47694 62811 
0 0 62111 69089 62111 90832 90832 90832 69733 62811 69733 55389 62811 32418 
0 0 0 62111 62111 90832 90832 90832 90832 62811 62811 62811 62811 55389 
0 0 0 69089 4872 90832 90832 90832 90832 90832 69733 47694 55389 39959 
0 0 0 62111 62111 69089 85150 90832 90832 62811 62811 62811 55389 32418 
0 0 0 4872 62111 62111 90832 90832 90832 90832 62811 62811 32418 39959 
0 0 0 4872 62111 62111 90832 88337 90832 90832 62811 47694 39959 32418 
0 0 0 0 62111 69089 88337 90832 90832 55389 69733 47694 39959 32418 
0 0 0 0 1937 1937 62111 90832 90832 90832 62811 55389 39959 47694 
0 0 0 0 62111 62111 8244 90832 90832 32418 69733 39959 25301 25301 
0 0 0 0 4872 2683 62111 80786 90832 90832 62811 62811 47694 25301 
0 0 0 0 0 62111 4872 75377 90832 90832 55389 55389 39959 39959 
0 0 0 0 0 2683 1468 4872 90832 90832 69733 55389 32418 32418 
0 0 0 0 0 62111 4872 4872 90832 90832 62811 39959 32418 39959 
0 0 0 0 0 62111 2683 2683 90832 90832 62811 32418 25301 0 
0 0 0 0 0 0 4872 4872 90832 90832 69733 32418 32418 0 
0 0 0 0 0 0 62111 54658 62111 90832 62811 47694 32418 0 
0 0 0 0 0 0 0 54658 4872 90832 90832 32418 32418 0 
0 0 0 0 0 0 0 1937 62111 90832 90832 32418 32418 0 
0 0 0 0 0 0 0 1937 2683 85150 90832 25301 25301 0 
0 0 0 0 0 0 0 0 1468 62111 90832 39959 0 0 
0 0 0 0 0 0 0 0 0 1937 0 1051 0 0 
0 0 0 0 0 0 0 0 0 0 1078 0 0 0 
