test/output/constant/M285_S060_A000_WD090.0_WS030.0/M285_S060_A000_WD090.0_WS030.0_arrival.asc
ncols         37
nrows         7
xllcorner     423003.990666
yllcorner     12748455.311160
cellsize      100.000000
NODATA_value  0.000000
0.000000 0.000000 0.000000 0.000000 0.000000 0.000000 0.000000 0.000000 0.000000 0.000000 0.000000 0.000000 0.000000 166.041370 166.041370 166.041370 166.041370 166.041370 0.000000 0.000000 0.000000 0.000000 0.000000 0.000000 0.000000 0.000000 0.000000 0.000000 0.000000 0.000000 0.000000 0.000000 0.000000 0.000000 0.000000 0.000000 0.000000 
0.000000 0.000000 0.000000 0.000000 166.041370 166.039991 166.039071 166.038152 166.036773 166.035854 166.034934 166.034015 166.033096 166.032177 166.031257 166.030338 166.029419 166.028959 166.028040 166.027120 166.026661 166.025741 166.024822 166.024822 166.024822 166.025282 166.025741 166.026201 166.027580 166.029419 166.031717 166.036773 0.000000 0.000000 0.000000 0.000000 0.000000 
0.000000 166.040910 166.039991 166.038612 166.037692 166.036313 166.035394 166.034015 166.033096 166.031717 166.030798 166.029419 166.028499 166.027580 166.026201 166.025282 166.023903 166.022983 166.021604 166.020685 166.019306 166.018387 166.017467 166.016088 166.015169 166.013790 166.012871 166.011951 166.011032 166.010113 166.009193 166.008734 166.008274 166.008734 166.010572 166.017008 0.000000 
166.040910 166.039991 166.038612 166.037692 166.036313 166.035394 166.034015 166.033096 166.031717 166.030798 166.029419 166.028499 166.027120 166.026201 166.024822 166.023903 166.022524 166.021604 166.020225 166.019306 166.017927 166.017008 166.015629 166.014709 166.013330 166.012411 166.011032 166.010113 166.008734 166.007814 166.006435 166.005516 166.004137 166.003218 166.001839 166.000919 166.000000 
0.000000 166.040910 166.039991 166.038612 166.037692 166.036313 166.035394 166.034015 166.033096 166.031717 166.030798 166.029419 166.028499 166.027580 166.026201 166.025282 166.023903 166.022983 166.021604 166.020685 166.019306 166.018387 166.017467 166.016088 166.015169 166.013790 166.012871 166.011951 166.011032 166.010113 166.009193 166.008734 166.008274 166.008734 166.010572 166.017008 0.000000 
0.000000 0.000000 0.000000 0.000000 166.041370 166.039991 166.039071 166.038152 166.036773 166.035854 166.034934 166.034015 166.033096 166.032177 166.031257 166.030338 166.029419 166.028959 166.028040 166.027120 166.026661 166.025741 166.024822 166.024822 166.024822 166.025282 166.025741 166.026201 166.027580 166.029419 166.031717 166.036773 0.000000 0.000000 0.000000 0.000000 0.000000 
0.000000 0.000000 0.000000 0.000000 0.000000 0.000000 0.000000 0.000000 0.000000 0.000000 0.000000 0.000000 0.000000 166.041370 166.041370 166.041370 166.041370 166.041370 0.000000 0.000000 0.000000 0.000000 0.000000 0.000000 0.000000 0.000000 0.000000 0.000000 0.000000 0.000000 0.000000 0.000000 0.000000 0.000000 0.000000 0.000000 0.000000 
