test/output/constant/M4100_S060_A000_WD090.0_WS045.0/M4100_S060_A000_WD090.0_WS045.0_arrival.asc
ncols         51
nrows         7
xllcorner     421603.990666
yllcorner     12748455.311160
cellsize      100.000000
NODATA_value  0.000000
0.000000 0.000000 0.000000 0.000000 0.000000 0.000000 0.000000 0.000000 0.000000 0.000000 0.000000 0.000000 166.041667 166.041027 166.040354 166.040018 166.039345 166.038673 166.038336 166.037664 166.037327 166.036655 166.035982 166.035646 166.035310 166.035310 166.035310 166.035646 166.035646 166.035982 166.036655 166.036991 166.037664 166.038336 166.039345 166.040354 0.000000 0.000000 0.000000 0.000000 0.000000 0.000000 0.000000 0.000000 0.000000 0.000000 0.000000 0.000000 0.000000 0.000000 0.000000 
0.000000 0.000000 0.000000 0.000000 0.000000 166.041027 166.040354 166.039345 166.038673 166.038000 166.037327 166.036319 166.035646 166.034973 166.033965 166.033292 166.032619 166.031611 166.030938 166.030265 166.029593 166.028920 166.028248 166.027575 166.026903 166.026230 166.025558 166.025221 166.024549 166.023876 166.023540 166.022867 166.022195 166.021858 166.021522 166.021186 166.021186 166.021522 166.021858 166.022531 166.023204 166.024212 166.025894 166.027911 166.031274 166.036319 0.000000 0.000000 0.000000 0.000000 0.000000 
0.000000 166.041667 166.041027 166.040018 166.039345 166.038336 166.037664 166.036655 166.035982 166.034973 166.034301 166.033628 166.032619 166.031947 166.030938 166.030265 166.029257 166.028584 166.027575 166.026903 166.025894 166.025221 166.024549 166.023540 166.022867 166.021858 166.021186 166.020177 166.019504 166.018496 166.017823 166.017150 166.016142 166.015469 166.014460 166.013788 166.012779 166.012106 166.011434 166.010425 166.009752 166.009080 166.008407 166.008071 166.007398 166.007398 166.007398 166.008071 166.010088 166.018496 0.000000 
166.041667 166.041027 166.040018 166.039345 166.038336 166.037664 166.036655 166.035982 166.034973 166.034301 166.033292 166.032619 166.031611 166.030938 166.029929 166.029257 166.028248 166.027575 166.026566 166.025894 166.024885 166.024212 166.023204 166.022531 166.021522 166.020850 166.019841 166.019168 166.018159 166.017487 166.016478 166.015805 166.014796 166.014124 166.013115 166.012442 166.011434 166.010761 166.009752 166.009080 166.008071 166.007398 166.006389 166.005717 166.004708 166.004035 166.003027 166.002354 166.001345 166.000673 166.000000 
0.000000 166.041667 166.041027 166.040018 166.039345 166.038336 166.037664 166.036655 166.035982 166.034973 166.034301 166.033628 166.032619 166.031947 166.030938 166.030265 166.029257 166.028584 166.027575 166.026903 166.025894 166.025221 166.024549 166.023540 166.022867 166.021858 166.021186 166.020177 166.019504 166.018496 166.017823 166.017150 166.016142 166.015469 166.014460 166.013788 166.012779 166.012106 166.011434 166.010425 166.009752 166.009080 166.008407 166.008071 166.007398 166.007398 166.007398 166.008071 166.010088 166.018496 0.000000 
0.000000 0.000000 0.000000 0.000000 0.000000 166.041027 166.040354 166.039345 166.038673 166.038000 166.037327 166.036319 166.035646 166.034973 166.033965 166.033292 166.032619 166.031611 166.030938 166.030265 166.029593 166.028920 166.028248 166.027575 166.026903 166.026230 166.025558 166.025221 166.024549 166.023876 166.023540 166.022867 166.022195 166.021858 166.021522 166.021186 166.021186 166.021522 166.021858 166.022531 166.023204 166.024212 166.025894 166.027911 166.031274 166.036319 0.000000 0.000000 0.000000 0.000000 0.000000 
0.000000 0.000000 0.000000 0.000000 0.000000 0.000000 0.000000 0.000000 0.000000 0.000000 0.000000 0.000000 166.041667 166.041027 166.040354 166.040018 166.039345 166.038673 166.038336 166.037664 166.037327 166.036655 166.035982 166.035646 166.035310 166.035310 166.035310 166.035646 166.035646 166.035982 166.036655 166.036991 166.037664 166.038336 166.039345 166.040354 0.000000 0.000000 0.000000 0.000000 0.000000 0.000000 0.000000 0.000000 0.000000 0.000000 0.000000 0.000000 0.000000 0.000000 0.000000 
