test/output/constant/M495_S000_A090_WD270.0_WS045.0/M495_S000_A090_WD270.0_WS045.0_arrival.asc
ncols         42
nrows         9
xllcorner     426603.990666
yllcorner     12748355.311160
cellsize      100.000000
NODATA_value  0.000000
0.000000 0.000000 0.000000 0.000000 0.000000 0.000000 0.000000 0.000000 0.000000 0.000000 0.000000 0.000000 0.000000 0.000000 0.000000 0.000000 0.000000 0.000000 0.000000 0.000000 0.000000 166.041566 166.041566 166.041566 166.041566 166.041566 166.041667 0.000000 0.000000 0.000000 0.000000 0.000000 0.000000 0.000000 0.000000 0.000000 0.000000 0.000000 0.000000 0.000000 0.000000 0.000000 
0.000000 0.000000 0.000000 0.000000 0.000000 0.000000 0.000000 166.040344 166.037084 166.034639 166.033008 166.032193 166.031378 166.030563 166.030156 166.029748 166.029748 166.029748 166.029748 166.030156 166.030563 166.031378 166.031786 166.032601 166.033416 166.033823 166.034639 166.035454 166.036269 166.036676 166.037491 166.038306 166.039121 166.039936 166.040751 166.041566 0.000000 0.000000 0.000000 0.000000 0.000000 0.000000 
0.000000 0.000000 166.039936 166.029341 166.024451 166.021598 166.019968 166.018746 166.018338 166.017931 166.017931 166.017931 166.018338 166.019153 166.019561 166.020376 166.021191 166.022006 166.022413 166.023228 166.024043 166.024858 166.025673 166.026488 166.027711 166.028526 166.029341 166.030563 166.031378 166.032193 166.033008 166.034231 166.035046 166.036269 166.037084 166.037899 166.039121 166.039936 166.040751 0.000000 0.000000 0.000000 
166.022821 166.008965 166.006520 166.006113 166.006113 166.006928 166.007335 166.008150 166.008965 166.010188 166.011003 166.011818 166.013040 166.013855 166.015078 166.015893 166.016708 166.017931 166.018746 166.019968 166.020783 166.022006 166.022821 166.024043 166.024858 166.025673 166.026896 166.027711 166.028933 166.029748 166.030971 166.031786 166.033008 166.033823 166.035046 166.035861 166.036676 166.037899 166.038714 166.039936 166.040751 0.000000 
166.000000 166.000815 166.001630 166.002853 166.003668 166.004890 166.005705 166.006928 166.007743 166.008965 166.009780 166.011003 166.011818 166.013040 166.013855 166.015078 166.015893 166.017115 166.017931 166.019153 166.019968 166.021191 166.022006 166.023228 166.024043 166.025266 166.026081 166.027303 166.028118 166.029341 166.030156 166.031378 166.032193 166.033416 166.034231 166.035454 166.036269 166.037491 166.038306 166.039529 166.040344 166.041566 
166.022821 166.008965 166.006520 166.006113 166.006113 166.006928 166.007335 166.008150 166.008965 166.010188 166.011003 166.011818 166.013040 166.013855 166.015078 166.015893 166.016708 166.017931 166.018746 166.019968 166.020783 166.022006 166.022821 166.024043 166.024858 166.025673 166.026896 166.027711 166.028933 166.029748 166.030971 166.031786 166.033008 166.033823 166.035046 166.035861 166.036676 166.037899 166.038714 166.039936 166.040751 0.000000 
0.000000 0.000000 166.039936 166.029341 166.024451 166.021598 166.019968 166.018746 166.018338 166.017931 166.017931 166.017931 166.018338 166.019153 166.019561 166.020376 166.021191 166.022006 166.022413 166.023228 166.024043 166.024858 166.025673 166.026488 166.027711 166.028526 166.029341 166.030563 166.031378 166.032193 166.033008 166.034231 166.035046 166.036269 166.037084 166.037899 166.039121 166.039936 166.040751 0.000000 0.000000 0.000000 
0.000000 0.000000 0.000000 0.000000 0.000000 0.000000 0.000000 166.040344 166.037084 166.034639 166.033008 166.032193 166.031378 166.030563 166.030156 166.029748 166.029748 166.029748 166.029748 166.030156 166.030563 166.031378 166.031786 166.032601 166.033416 166.033823 166.034639 166.035454 166.036269 166.036676 166.037491 166.038306 166.039121 166.039936 166.040751 166.041566 0.000000 0.000000 0.000000 0.000000 0.000000 0.000000 
0.000000 0.000000 0.000000 0.000000 0.000000 0.000000 0.000000 0.000000 0.000000 0.000000 0.000000 0.000000 0.000000 0.000000 0.000000 0.000000 0.000000 0.000000 0.000000 0.000000 0.000000 166.041566 166.041566 166.041566 166.041566 166.041566 166.041667 0.000000 0.000000 0.000000 0.000000 0.000000 0.000000 0.000000 0.000000 0.000000 0.000000 0.000000 0.000000 0.000000 0.000000 0.000000 
