test/output/constant/M290_S060_A000_WD090.0_WS040.0/M290_S060_A000_WD090.0_WS040.0_arrival.asc
ncols         41
nrows         7
xllcorner     422603.990666
yllcorner     12748455.311160
cellsize      100.000000
NODATA_value  0.000000
0.000000 0.000000 0.000000 0.000000 0.000000 0.000000 0.000000 0.000000 0.000000 0.000000 0.000000 0.000000 0.000000 0.000000 0.000000 0.000000 166.041660 166.041660 166.041660 0.000000 0.000000 0.000000 0.000000 0.000000 0.000000 0.000000 0.000000 0.000000 0.000000 0.000000 0.000000 0.000000 0.000000 0.000000 0.000000 0.000000 0.000000 0.000000 0.000000 0.000000 0.000000 
0.000000 0.000000 0.000000 0.000000 0.000000 166.041239 166.040398 166.039135 166.038294 166.037452 166.036610 166.035348 166.034506 166.033665 166.032823 166.031981 166.031140 166.030719 166.029877 166.029036 166.028194 166.027773 166.026932 166.026090 166.025669 166.025249 166.025249 166.025249 166.025249 166.026090 166.026932 166.027773 166.029457 166.031561 166.035348 166.040818 0.000000 0.000000 0.000000 0.000000 0.000000 
0.000000 166.041660 166.040818 166.039556 166.038714 166.037452 166.036610 166.035348 166.034506 166.033244 166.032402 166.031140 166.030298 166.029457 166.028194 166.027353 166.026090 166.025249 166.024407 166.023144 166.022303 166.021040 166.020199 166.018936 166.018095 166.017253 166.015991 166.015149 166.013887 166.013045 166.012203 166.011362 166.010520 166.009679 166.008837 166.008416 166.008416 166.009679 166.011362 166.019778 0.000000 
166.041660 166.040818 166.039556 166.038714 166.037452 166.036610 166.035348 166.034506 166.033244 166.032402 166.031140 166.030298 166.029036 166.028194 166.026932 166.026090 166.024828 166.023986 166.022724 166.021882 166.020620 166.019778 166.018516 166.017674 166.016412 166.015570 166.014307 166.013466 166.012203 166.011362 166.010099 166.009258 166.007995 166.007154 166.005891 166.005050 166.003787 166.002946 166.001683 166.000842 166.000000 
0.000000 166.041660 166.040818 166.039556 166.038714 166.037452 166.036610 166.035348 166.034506 166.033244 166.032402 166.031140 166.030298 166.029457 166.028194 166.027353 166.026090 166.025249 166.024407 166.023144 166.022303 166.021040 166.020199 166.018936 166.018095 166.017253 166.015991 166.015149 166.013887 166.013045 166.012203 166.011362 166.010520 166.009679 166.008837 166.008416 166.008416 166.009679 166.011362 166.019778 0.000000 
0.000000 0.000000 0.000000 0.000000 0.000000 166.041239 166.040398 166.039135 166.038294 166.037452 166.036610 166.035348 166.034506 166.033665 166.032823 166.031981 166.031140 166.030719 166.029877 166.029036 166.028194 166.027773 166.026932 166.026090 166.025669 166.025249 166.025249 166.025249 166.025249 166.026090 166.026932 166.027773 166.029457 166.031561 166.035348 166.040818 0.000000 0.000000 0.000000 0.000000 0.000000 
0.000000 0.000000 0.000000 0.000000 0.000000 0.000000 0.000000 0.000000 0.000000 0.000000 0.000000 0.000000 0.000000 0.000000 0.000000 0.000000 166.041660 166.041660 166.041660 0.000000 0.000000 0.000000 0.000000 0.000000 0.000000 0.000000 0.000000 0.000000 0.000000 0.000000 0.000000 0.000000 0.000000 0.000000 0.000000 0.000000 0.000000 0.000000 0.000000 0.000000 0.000000 
