test/output/constant/M3M4100_S060_A090_WD090.0_WS005.0/M3M4100_S060_A090_WD090.0_WS005.0_ros.asc
ncols         14
nrows         57
xllcorner     425603.990666
yllcorner     12743255.311160
cellsize      100.000000
NODATA_value  0.000000
0.000000 0.000000 0.000000 0.000000 0.000000 0.000000 0.000000 0.000000 0.000000 0.000000 1.138568 0.000000 0.000000 0.000000 
0.000000 0.000000 0.000000 0.000000 0.000000 0.000000 0.000000 0.000000 0.000000 1.540974 -1.000000 1.110185 0.000000 0.000000 
0.000000 0.000000 0.000000 0.000000 0.000000 0.000000 0.000000 0.000000 0.900505 63.145283 92.379395 25.751720 0.000000 0.000000 
0.000000 0.000000 0.000000 0.000000 0.000000 0.000000 0.000000 1.540974 1.540974 92.379395 92.379395 40.646351 0.900505 0.000000 
0.000000 0.000000 0.000000 0.000000 0.000000 0.000000 0.000000 55.567543 4.995947 92.379395 92.379395 40.646351 1.110185 0.000000 
0.000000 0.000000 0.000000 0.000000 0.000000 0.000000 0.000000 2.018550 2.774511 92.379395 92.379395 40.646351 32.983292 0.000000 
0.000000 0.000000 0.000000 0.000000 0.000000 0.000000 55.567543 2.774511 2.774511 92.379395 63.874325 25.751720 40.646351 0.000000 
0.000000 0.000000 0.000000 0.000000 0.000000 0.000000 63.145283 1.540974 86.581184 92.379395 70.911964 48.508183 48.508183 0.000000 
0.000000 0.000000 0.000000 0.000000 0.000000 0.000000 1.138568 70.240059 86.581184 92.379395 63.874325 48.508183 32.983292 0.000000 
0.000000 0.000000 0.000000 0.000000 0.000000 63.145283 4.995947 70.240059 92.379395 92.379395 63.874325 56.330021 32.983292 0.000000 
0.000000 0.000000 0.000000 0.000000 0.000000 63.145283 2.774511 63.145283 89.827782 92.379395 70.911964 56.330021 32.983292 0.000000 
0.000000 0.000000 0.000000 0.000000 0.000000 2.774511 4.995947 92.379395 92.379395 92.379395 48.508183 48.508183 32.983292 0.000000 
0.000000 0.000000 0.000000 0.000000 2.018550 70.240059 70.240059 92.379395 92.379395 92.379395 63.874325 48.508183 32.983292 48.508183 
0.000000 0.000000 0.000000 0.000000 2.774511 63.145283 4.995947 92.379395 92.379395 63.874325 70.911964 56.330021 32.983292 32.983292 
0.000000 0.000000 0.000000 0.000000 2.018550 63.145283 63.145283 92.379395 92.379395 92.379395 40.646351 48.508183 40.646351 32.983292 
0.000000 0.000000 0.000000 0.000000 70.240059 4.995947 1.540974 92.379395 92.379395 70.911964 63.874325 32.983292 32.983292 32.983292 
0.000000 0.000000 0.000000 63.145283 70.240059 70.240059 82.138931 91.779961 92.379395 63.874325 70.911964 40.646351 56.330021 32.983292 
0.000000 0.000000 0.000000 70.240059 2.774511 8.417634 92.379395 92.379395 92.379395 77.229218 40.646351 63.874325 32.983292 40.646351 
0.000000 0.000000 0.000000 63.145283 63.145283 63.145283 92.379395 92.379395 92.379395 40.646351 63.874325 48.508183 40.646351 32.983292 
0.000000 0.000000 0.000000 2.774511 63.145283 92.379395 82.138931 92.379395 92.379395 70.911964 48.508183 48.508183 40.646351 0.000000 
0.000000 0.000000 0.000000 70.240059 63.145283 92.379395 92.379395 92.379395 92.379395 70.911964 70.911964 63.874325 56.330021 0.000000 
0.000000 0.000000 1.540974 2.774511 63.145283 92.379395 92.379395 92.379395 63.874325 32.983292 56.330021 56.330021 32.983292 0.000000 
0.000000 0.000000 4.995947 8.417634 63.145283 92.379395 89.827782 92.379395 92.379395 63.874325 70.911964 63.874325 63.874325 0.000000 
0.000000 0.000000 4.995947 63.145283 92.379395 89.827782 92.379395 92.379395 77.229218 70.911964 56.330021 70.911964 25.751720 0.000000 
0.000000 0.000000 63.145283 4.995947 92.379395 92.379395 92.379395 92.379395 56.330021 63.874325 70.911964 63.874325 25.751720 0.000000 
0.000000 0.000000 63.145283 92.379395 92.379395 92.213997 92.379395 92.379395 40.646351 48.508183 70.911964 56.330021 48.508183 0.000000 
0.000000 0.000000 63.145283 63.145283 92.379395 89.827782 92.379395 92.379395 92.379395 63.874325 63.874325 63.874325 48.508183 0.000000 
0.000000 63.145283 2.774511 92.213997 92.379395 92.379395 92.379395 92.379395 32.983292 63.874325 70.911964 63.874325 48.508183 0.000000 
0.000000 63.145283 63.145283 92.379395 92.379395 82.138931 92.379395 82.634224 70.911964 63.874325 63.874325 63.874325 56.330021 0.000000 
0.000000 63.145283 63.145283 92.379395 92.379395 92.379395 92.379395 92.379395 70.911964 70.911964 70.911964 63.874325 56.330021 0.000000 
0.000000 63.145283 92.379395 92.379395 92.379395 92.379395 92.379395 92.379395 63.874325 70.911964 32.983292 70.911964 48.508183 0.000000 
0.000000 70.240059 63.145283 91.779961 92.379395 92.379395 92.379395 86.962845 70.911964 77.229218 63.874325 63.874325 56.330021 0.000000 
0.000000 63.145283 92.379395 86.581184 89.827782 89.827782 92.379395 56.330021 63.874325 32.983292 40.646351 40.646351 40.646351 0.000000 
0.000000 70.240059 4.995947 92.379395 92.379395 92.379395 92.379395 92.379395 63.874325 63.874325 63.874325 63.874325 0.000000 0.000000 
0.000000 2.774511 92.379395 92.379395 92.379395 92.379395 92.379395 63.874325 70.911964 70.911964 40.646351 40.646351 0.000000 0.000000 
0.000000 89.827782 92.379395 92.379395 92.379395 92.379395 92.379395 92.379395 56.330021 48.508183 63.874325 70.911964 0.000000 0.000000 
0.000000 91.779961 92.379395 92.379395 92.379395 92.379395 63.874325 56.330021 25.751720 70.911964 56.330021 48.508183 0.000000 0.000000 
0.000000 92.213997 92.379395 76.636108 92.213997 92.379395 92.275169 48.508183 70.911964 70.911964 63.874325 70.911964 0.000000 0.000000 
63.145283 91.779961 92.379395 92.213997 92.379395 92.379395 92.379395 77.229218 70.911964 32.983292 63.874325 56.330021 0.000000 0.000000 
92.379395 89.827782 76.636108 92.379395 92.379395 92.379395 92.379395 77.229218 63.874325 63.874325 63.874325 0.000000 0.000000 0.000000 
92.379395 86.581184 92.379395 91.779961 92.379395 92.379395 63.874325 48.508183 70.911964 70.911964 56.330021 0.000000 0.000000 0.000000 
92.379395 92.379395 92.213997 92.213997 92.379395 92.379395 56.330021 77.229218 70.911964 40.646351 70.911964 0.000000 0.000000 0.000000 
92.379395 92.379395 92.379395 92.379395 92.379395 92.379395 92.379395 70.911964 92.275169 63.874325 63.874325 0.000000 0.000000 0.000000 
92.379395 92.213997 91.779961 91.779961 92.379395 92.379395 70.911964 48.508183 40.646351 70.911964 70.911964 0.000000 0.000000 0.000000 
92.379395 92.379395 92.213997 92.379395 92.379395 92.379395 92.379395 90.083664 70.911964 40.646351 0.000000 0.000000 0.000000 0.000000 
92.379395 89.827782 82.138931 92.213997 92.379395 70.911964 63.874325 48.508183 63.874325 63.874325 0.000000 0.000000 0.000000 0.000000 
92.379395 82.138931 86.581184 92.379395 92.379395 92.379395 92.379395 63.874325 48.508183 70.911964 0.000000 0.000000 0.000000 0.000000 
86.581184 86.581184 89.827782 92.379395 92.379395 92.379395 63.874325 70.911964 70.911964 63.874325 0.000000 0.000000 0.000000 0.000000 
0.000000 92.379395 92.379395 82.138931 92.379395 92.379395 92.379395 70.911964 70.911964 0.000000 0.000000 0.000000 0.000000 0.000000 
0.000000 86.581184 92.379395 92.379395 92.379395 56.330021 56.330021 56.330021 63.874325 0.000000 0.000000 0.000000 0.000000 0.000000 
0.000000 76.636108 91.779961 92.379395 92.379395 63.874325 63.874325 48.508183 0.000000 0.000000 0.000000 0.000000 0.000000 0.000000 
0.000000 92.379395 92.379395 92.379395 86.962845 92.379395 63.874325 70.911964 0.000000 0.000000 0.000000 0.000000 0.000000 0.000000 
0.000000 92.379395 92.379395 92.379395 92.379395 63.874325 63.874325 70.911964 0.000000 0.000000 0.000000 0.000000 0.000000 0.000000 
0.000000 70.240059 92.379395 92.379395 70.911964 70.911964 70.911964 0.000000 0.000000 0.000000 0.000000 0.000000 0.000000 0.000000 
0.000000 0.000000 92.379395 92.379395 92.379395 92.379395 63.874325 0.000000 0.000000 0.000000 0.000000 0.000000 0.000000 0.000000 
0.000000 0.000000 91.779961 92.379395 92.379395 92.379395 0.000000 0.000000 0.000000 0.000000 0.000000 0.000000 0.000000 0.000000 
0.000000 0.000000 0.000000 92.379395 92.379395 0.000000 0.000000 0.000000 0.000000 0.000000 0.000000 0.000000 0.000000 0.000000 
