test/output/constant/M495_S060_A180_WD270.0_WS040.0/M495_S060_A180_WD270.0_WS040.0_arrival.asc
ncols         48
nrows         7
xllcorner     426603.990666
yllcorner     12748455.311160
cellsize      100.000000
NODATA_value  0.000000
0.000000 0.000000 0.000000 0.000000 0.000000 0.000000 0.000000 0.000000 0.000000 0.000000 0.000000 0.000000 0.000000 0.000000 0.000000 166.040100 166.039035 166.038326 166.037616 166.036906 166.036551 166.036551 166.036196 166.036196 166.035842 166.035842 166.036196 166.036551 166.037261 166.037616 166.038326 166.039035 166.039745 166.040100 166.040810 166.041519 0.000000 0.000000 0.000000 0.000000 0.000000 0.000000 0.000000 0.000000 0.000000 0.000000 0.000000 0.000000 
0.000000 0.000000 0.000000 0.000000 0.000000 166.035842 166.030873 166.028034 166.025905 166.024486 166.023066 166.022357 166.022357 166.021647 166.021647 166.021647 166.022002 166.022357 166.023066 166.023776 166.024131 166.024841 166.025550 166.026260 166.026615 166.027325 166.028034 166.028744 166.029454 166.030164 166.030873 166.031583 166.032293 166.033357 166.034067 166.034777 166.035487 166.036551 166.037261 166.038326 166.039035 166.039745 166.040810 166.041519 0.000000 0.000000 0.000000 0.000000 
0.000000 166.017388 166.010291 166.008517 166.007452 166.007452 166.007807 166.008162 166.008872 166.009581 166.010291 166.011001 166.011711 166.012775 166.013485 166.014550 166.015259 166.016324 166.017034 166.017743 166.018808 166.019518 166.020582 166.021292 166.022357 166.023066 166.024131 166.024841 166.025550 166.026615 166.027325 166.028389 166.029099 166.030164 166.030873 166.031583 166.032648 166.033357 166.034422 166.035132 166.036196 166.036906 166.037971 166.038680 166.039745 166.040455 166.041519 0.000000 
166.000000 166.000710 166.001419 166.002484 166.003194 166.004258 166.004968 166.006033 166.006742 166.007807 166.008517 166.009581 166.010291 166.011356 166.012065 166.013130 166.013840 166.014904 166.015614 166.016679 166.017388 166.018453 166.019163 166.020227 166.020937 166.022002 166.022711 166.023776 166.024486 166.025550 166.026260 166.027325 166.028034 166.029099 166.029809 166.030873 166.031583 166.032648 166.033357 166.034422 166.035132 166.036196 166.036906 166.037971 166.038680 166.039745 166.040455 166.041519 
0.000000 166.017388 166.010291 166.008517 166.007452 166.007452 166.007807 166.008162 166.008872 166.009581 166.010291 166.011001 166.011711 166.012775 166.013485 166.014550 166.015259 166.016324 166.017034 166.017743 166.018808 166.019518 166.020582 166.021292 166.022357 166.023066 166.024131 166.024841 166.025550 166.026615 166.027325 166.028389 166.029099 166.030164 166.030873 166.031583 166.032648 166.033357 166.034422 166.035132 166.036196 166.036906 166.037971 166.038680 166.039745 166.040455 166.041519 0.000000 
0.000000 0.000000 0.000000 0.000000 0.000000 166.035842 166.030873 166.028034 166.025905 166.024486 166.023066 166.022357 166.022357 166.021647 166.021647 166.021647 166.022002 166.022357 166.023066 166.023776 166.024131 166.024841 166.025550 166.026260 166.026615 166.027325 166.028034 166.028744 166.029454 166.030164 166.030873 166.031583 166.032293 166.033357 166.034067 166.034777 166.035487 166.036551 166.037261 166.038326 166.039035 166.039745 166.040810 166.041519 0.000000 0.000000 0.000000 0.000000 
0.000000 0.000000 0.000000 0.000000 0.000000 0.000000 0.000000 0.000000 0.000000 0.000000 0.000000 0.000000 0.000000 0.000000 0.000000 166.040100 166.039035 166.038326 166.037616 166.036906 166.036551 166.036551 166.036196 166.036196 166.035842 166.035842 166.036196 166.036551 166.037261 166.037616 166.038326 166.039035 166.039745 166.040100 166.040810 166.041519 0.000000 0.000000 0.000000 0.000000 0.000000 0.000000 0.000000 0.000000 0.000000 0.000000 0.000000 0.000000 
