test/output/constant/M375_S060_A270_WD180.0_WS005.0/M375_S060_A270_WD180.0_WS005.0_arrival.asc
ncols         9
nrows         48
xllcorner     426203.990666
yllcorner     12748755.311160
cellsize      100.000000
NODATA_value  0.000000
0.000000 0.000000 0.000000 166.041552 166.041200 166.041552 0.000000 0.000000 0.000000 
0.000000 0.000000 0.000000 166.040496 166.040144 166.040496 0.000000 0.000000 0.000000 
0.000000 0.000000 166.041200 166.039792 166.039439 166.039792 166.041200 0.000000 0.000000 
0.000000 0.000000 166.040496 166.038735 166.038383 166.038735 166.040496 0.000000 0.000000 
0.000000 0.000000 166.039439 166.038031 166.037679 166.038031 166.039439 0.000000 0.000000 
0.000000 166.041200 166.038735 166.036974 166.036622 166.036974 166.038735 166.041200 0.000000 
0.000000 166.040496 166.037679 166.036270 166.035918 166.036270 166.037679 166.040496 0.000000 
0.000000 166.039439 166.036974 166.035214 166.034862 166.035214 166.036974 166.039439 0.000000 
0.000000 166.038735 166.035918 166.034509 166.034157 166.034509 166.035918 166.038735 0.000000 
0.000000 166.038031 166.035214 166.033453 166.033101 166.033453 166.035214 166.038031 0.000000 
166.041552 166.036974 166.034509 166.032749 166.032397 166.032749 166.034509 166.036974 166.041552 
166.040848 166.036270 166.033453 166.031692 166.031340 166.031692 166.033453 166.036270 166.040848 
166.040496 166.035566 166.032749 166.030988 166.030636 166.030988 166.032749 166.035566 166.040496 
166.039792 166.034862 166.031692 166.029932 166.029580 166.029932 166.031692 166.034862 166.039792 
166.039087 166.034157 166.030988 166.029227 166.028875 166.029227 166.030988 166.034157 166.039087 
166.038735 166.033453 166.030284 166.028171 166.027819 166.028171 166.030284 166.033453 166.038735 
166.038031 166.032749 166.029227 166.027467 166.027115 166.027467 166.029227 166.032749 166.038031 
166.037327 166.032045 166.028523 166.026410 166.026058 166.026410 166.028523 166.032045 166.037327 
166.036974 166.031340 166.027819 166.025706 166.025354 166.025706 166.027819 166.031340 166.036974 
166.036270 166.030636 166.026762 166.025002 166.024298 166.025002 166.026762 166.030636 166.036270 
166.035566 166.029932 166.026058 166.023945 166.023593 166.023945 166.026058 166.029932 166.035566 
166.035214 166.029580 166.025354 166.023241 166.022537 166.023241 166.025354 166.029580 166.035214 
166.034862 166.028875 166.024650 166.022185 166.021833 166.022185 166.024650 166.028875 166.034862 
166.034509 166.028171 166.023593 166.021480 166.020776 166.021480 166.023593 166.028171 166.034509 
166.034509 166.027819 166.022889 166.020424 166.020072 166.020424 166.022889 166.027819 166.034509 
166.034509 166.027115 166.022185 166.019720 166.019015 166.019720 166.022185 166.027115 166.034509 
166.034509 166.026410 166.021128 166.019015 166.018311 166.019015 166.021128 166.026410 166.034509 
166.034862 166.026058 166.020424 166.017959 166.017255 166.017959 166.020424 166.026058 166.034862 
166.035214 166.025354 166.019720 166.017255 166.016550 166.017255 166.019720 166.025354 166.035214 
166.035214 166.025002 166.019015 166.016198 166.015494 166.016198 166.019015 166.025002 166.035214 
166.035566 166.024650 166.018663 166.015494 166.014790 166.015494 166.018663 166.024650 166.035566 
166.036270 166.024650 166.017959 166.014438 166.013733 166.014438 166.017959 166.024650 166.036270 
166.036974 166.024650 166.017255 166.013733 166.013029 166.013733 166.017255 166.024650 166.036974 
166.037679 166.025002 166.016550 166.012677 166.011973 166.012677 166.016550 166.025002 166.037679 
166.039087 166.025354 166.016198 166.011973 166.011268 166.011973 166.016198 166.025354 166.039087 
166.040848 166.025354 166.015494 166.011268 166.010212 166.011268 166.015494 166.025354 166.040848 
0.000000 166.026058 166.015142 166.010212 166.009508 166.010212 166.015142 166.026058 0.000000 
0.000000 166.027115 166.014790 166.009508 166.008451 166.009508 166.014790 166.027115 0.000000 
0.000000 166.028523 166.014790 166.008451 166.007747 166.008451 166.014790 166.028523 0.000000 
0.000000 166.030284 166.015142 166.007747 166.006691 166.007747 166.015142 166.030284 0.000000 
0.000000 166.032749 166.015494 166.007043 166.005986 166.007043 166.015494 166.032749 0.000000 
0.000000 166.036270 166.016198 166.006338 166.004930 166.006338 166.016198 166.036270 0.000000 
0.000000 166.040848 166.017607 166.005634 166.004226 166.005634 166.017607 166.040848 0.000000 
0.000000 0.000000 166.020424 166.005282 166.003169 166.005282 166.020424 0.000000 0.000000 
0.000000 0.000000 166.023945 166.004930 166.002465 166.004930 166.023945 0.000000 0.000000 
0.000000 0.000000 166.031692 166.005282 166.001409 166.005282 166.031692 0.000000 0.000000 
0.000000 0.000000 0.000000 166.007747 166.000704 166.007747 0.000000 0.000000 0.000000 
0.000000 0.000000 0.000000 166.016550 166.000000 166.016550 0.000000 0.000000 0.000000 
