test/output/constant/M495_S060_A180_WD270.0_WS005.0/M495_S060_A180_WD270.0_WS005.0_arrival.asc
ncols         33
nrows         7
xllcorner     426603.990666
yllcorner     12748455.311160
cellsize      100.000000
NODATA_value  0.000000
0.000000 0.000000 0.000000 0.000000 0.000000 0.000000 166.041513 166.037835 166.035208 166.034157 166.033106 166.032580 166.032055 166.032055 166.032055 166.032055 166.032580 166.033106 166.034157 166.034682 166.035733 166.036259 166.037310 166.038361 166.039412 166.040463 166.040988 0.000000 0.000000 0.000000 0.000000 0.000000 0.000000 
0.000000 0.000000 166.036259 166.026800 166.023121 166.021019 166.019969 166.019443 166.019443 166.019443 166.019969 166.020494 166.021545 166.022070 166.023121 166.024172 166.025223 166.026274 166.027325 166.028376 166.029427 166.031004 166.032055 166.033106 166.034157 166.035733 166.036784 166.037835 166.039412 166.040463 166.041513 0.000000 0.000000 
166.019969 166.008408 166.006831 166.006831 166.006831 166.007882 166.008933 166.009984 166.011035 166.012612 166.013663 166.015239 166.016290 166.017867 166.018918 166.019969 166.021545 166.022596 166.024172 166.025223 166.026274 166.027851 166.028902 166.030478 166.031529 166.033106 166.034157 166.035733 166.036784 166.037835 166.039412 166.040463 0.000000 
166.000000 166.001051 166.002102 166.003678 166.004729 166.006306 166.007357 166.008933 166.009984 166.011561 166.012612 166.014188 166.015239 166.016816 166.017867 166.019443 166.020494 166.022070 166.023121 166.024698 166.025749 166.027325 166.028376 166.029953 166.031004 166.032580 166.033631 166.035208 166.036259 166.037835 166.038886 166.040463 166.041513 
166.019969 166.008408 166.006831 166.006831 166.006831 166.007882 166.008933 166.009984 166.011035 166.012612 166.013663 166.015239 166.016290 166.017867 166.018918 166.019969 166.021545 166.022596 166.024172 166.025223 166.026274 166.027851 166.028902 166.030478 166.031529 166.033106 166.034157 166.035733 166.036784 166.037835 166.039412 166.040463 0.000000 
0.000000 0.000000 166.036259 166.026800 166.023121 166.021019 166.019969 166.019443 166.019443 166.019443 166.019969 166.020494 166.021545 166.022070 166.023121 166.024172 166.025223 166.026274 166.027325 166.028376 166.029427 166.031004 166.032055 166.033106 166.034157 166.035733 166.036784 166.037835 166.039412 166.040463 166.041513 0.000000 0.000000 
0.000000 0.000000 0.000000 0.000000 0.000000 0.000000 166.041513 166.037835 166.035208 166.034157 166.033106 166.032580 166.032055 166.032055 166.032055 166.032055 166.032580 166.033106 166.034157 166.034682 166.035733 166.036259 166.037310 166.038361 166.039412 166.040463 166.040988 0.000000 0.000000 0.000000 0.000000 0.000000 0.000000 
