test/output/constant/M380_S060_A270_WD045.0_WS010.0/M380_S060_A270_WD045.0_WS010.0_arrival.asc
ncols         13
nrows         38
xllcorner     425603.990666
yllcorner     12748655.311160
cellsize      100.000000
NODATA_value  0.000000
0.000000 166.041616 166.041168 166.041616 0.000000 0.000000 0.000000 0.000000 0.000000 0.000000 0.000000 0.000000 0.000000 
0.000000 166.040721 166.040273 166.040273 166.040721 0.000000 0.000000 0.000000 0.000000 0.000000 0.000000 0.000000 0.000000 
0.000000 166.039826 166.038931 166.038931 166.039378 166.040721 0.000000 0.000000 0.000000 0.000000 0.000000 0.000000 0.000000 
166.041616 166.039378 166.038036 166.038036 166.038036 166.038931 166.041616 0.000000 0.000000 0.000000 0.000000 0.000000 0.000000 
166.041168 166.038483 166.037141 166.036694 166.036694 166.037588 166.039826 0.000000 0.000000 0.000000 0.000000 0.000000 0.000000 
166.040721 166.038036 166.036246 166.035799 166.035799 166.036246 166.038483 166.041168 0.000000 0.000000 0.000000 0.000000 0.000000 
166.040721 166.037588 166.035351 166.034456 166.034456 166.034904 166.036694 166.039378 0.000000 0.000000 0.000000 0.000000 0.000000 
166.040721 166.037141 166.034456 166.033561 166.033114 166.033561 166.034904 166.038036 166.041616 0.000000 0.000000 0.000000 0.000000 
166.040721 166.036694 166.033561 166.032219 166.032219 166.032219 166.033561 166.036246 166.039826 0.000000 0.000000 0.000000 0.000000 
166.040721 166.036246 166.033114 166.031324 166.030876 166.030876 166.031771 166.034456 166.038036 0.000000 0.000000 0.000000 0.000000 
166.040721 166.036246 166.033114 166.030429 166.029981 166.029981 166.030429 166.032666 166.036246 166.041168 0.000000 0.000000 0.000000 
166.041168 166.036246 166.032666 166.029981 166.028639 166.028639 166.029086 166.030876 166.034456 166.039378 0.000000 0.000000 0.000000 
166.041616 166.036694 166.032219 166.029086 166.027744 166.027296 166.027744 166.029534 166.032666 166.037588 0.000000 0.000000 0.000000 
0.000000 166.036694 166.032219 166.028639 166.026401 166.026401 166.026401 166.027744 166.030876 166.035351 166.041616 0.000000 0.000000 
0.000000 166.037141 166.032219 166.028191 166.025954 166.025059 166.025059 166.026401 166.029086 166.033561 166.039378 0.000000 0.000000 
0.000000 166.037588 166.032219 166.027744 166.025059 166.024164 166.024164 166.024611 166.027296 166.031771 166.037588 0.000000 0.000000 
0.000000 166.038036 166.032666 166.027744 166.024611 166.022822 166.022822 166.023269 166.025506 166.029981 166.035351 0.000000 0.000000 
0.000000 166.039378 166.033114 166.027744 166.024164 166.021927 166.021479 166.021927 166.024164 166.027744 166.033561 0.000000 0.000000 
0.000000 166.041168 166.033561 166.028191 166.023717 166.021032 166.020584 166.020584 166.022374 166.025954 166.031771 166.041616 0.000000 
0.000000 0.000000 166.034456 166.028191 166.023717 166.020584 166.019242 166.019242 166.020584 166.024164 166.029534 166.039378 0.000000 
0.000000 0.000000 166.035799 166.028639 166.023717 166.020137 166.018347 166.018347 166.019242 166.022374 166.027744 166.037141 0.000000 
0.000000 0.000000 166.037588 166.029534 166.023717 166.019689 166.017004 166.017004 166.017452 166.020137 166.025506 166.035351 0.000000 
0.000000 0.000000 166.040721 166.030876 166.024164 166.019242 166.016557 166.015662 166.016109 166.018794 166.023717 166.033561 0.000000 
0.000000 0.000000 0.000000 166.032666 166.024611 166.019242 166.015662 166.014767 166.014767 166.017004 166.021927 166.031324 0.000000 
0.000000 0.000000 0.000000 166.035351 166.025954 166.019689 166.015214 166.013424 166.013424 166.015214 166.019689 166.029534 0.000000 
0.000000 0.000000 0.000000 166.038483 166.027296 166.020137 166.015214 166.012529 166.012529 166.013424 166.017899 166.027744 166.041616 
0.000000 0.000000 0.000000 0.000000 166.030429 166.020584 166.015214 166.011635 166.011187 166.012082 166.015662 166.025954 166.040273 
0.000000 0.000000 0.000000 0.000000 166.034009 166.022374 166.015214 166.011187 166.009845 166.010292 166.013872 166.023717 166.039378 
0.000000 0.000000 0.000000 0.000000 166.038483 166.025059 166.015662 166.010740 166.008950 166.008950 166.012082 166.021927 166.038036 
0.000000 0.000000 0.000000 0.000000 0.000000 166.029086 166.017452 166.010740 166.007607 166.007607 166.009845 166.020137 166.036694 
0.000000 0.000000 0.000000 0.000000 0.000000 166.034009 166.020137 166.011187 166.007160 166.006712 166.008055 166.017899 166.036246 
0.000000 0.000000 0.000000 0.000000 0.000000 166.040721 166.024164 166.012082 166.006712 166.005370 166.006265 166.016109 166.035799 
0.000000 0.000000 0.000000 0.000000 0.000000 0.000000 166.030429 166.014767 166.006712 166.004475 166.004475 166.014767 166.036246 
0.000000 0.000000 0.000000 0.000000 0.000000 0.000000 166.039826 166.020137 166.007160 166.003132 166.003132 166.013424 166.037141 
0.000000 0.000000 0.000000 0.000000 0.000000 0.000000 0.000000 166.028639 166.009845 166.002237 166.001790 166.012977 166.040273 
0.000000 0.000000 0.000000 0.000000 0.000000 0.000000 0.000000 0.000000 166.017452 166.002237 166.000895 166.012529 0.000000 
0.000000 0.000000 0.000000 0.000000 0.000000 0.000000 0.000000 0.000000 166.033561 166.006712 166.000000 166.016109 0.000000 
0.000000 0.000000 0.000000 0.000000 0.000000 0.000000 0.000000 0.000000 0.000000 166.035351 166.025954 166.038931 0.000000 
