test/output/constant/M3M470_S060_A000_WD180.0_WS000.0/M3M470_S060_A000_WD180.0_WS000.0_arrival.asc
ncols         37
nrows         9
xllcorner     423003.990666
yllcorner     12748355.311160
cellsize      100.000000
NODATA_value  0.000000
0.000000 0.000000 0.000000 0.000000 0.000000 0.000000 0.000000 0.000000 0.000000 0.000000 0.000000 166.041514 166.041052 166.040130 166.039669 166.039207 166.039207 166.039207 166.039207 166.039207 166.039669 166.040130 166.040591 166.041514 0.000000 0.000000 0.000000 0.000000 0.000000 0.000000 0.000000 0.000000 0.000000 0.000000 0.000000 0.000000 0.000000 
0.000000 0.000000 0.000000 0.000000 0.000000 166.041052 166.040130 166.039207 166.038285 166.037362 166.036440 166.035517 166.034595 166.033672 166.032750 166.032288 166.031366 166.030443 166.029982 166.029060 166.028598 166.028137 166.028137 166.028137 166.028137 166.028598 166.029060 166.029982 166.031366 166.033211 166.035978 166.039669 0.000000 0.000000 0.000000 0.000000 0.000000 
0.000000 0.000000 166.041052 166.040130 166.038746 166.037824 166.036440 166.035517 166.034595 166.033211 166.032288 166.031366 166.029982 166.029060 166.028137 166.026753 166.025831 166.024908 166.023986 166.023063 166.022141 166.021218 166.020296 166.019373 166.018912 166.017989 166.017067 166.017067 166.017067 166.017067 166.017528 166.018450 166.020296 166.023524 166.030443 0.000000 0.000000 
166.041514 166.040130 166.039207 166.037824 166.036901 166.035517 166.034595 166.033672 166.032288 166.031366 166.029982 166.029060 166.027676 166.026753 166.025369 166.024447 166.023063 166.022141 166.021218 166.019834 166.018912 166.017528 166.016605 166.015683 166.014299 166.013377 166.011993 166.011070 166.009687 166.008764 166.007841 166.006919 166.005996 166.005996 166.005996 166.007380 166.016144 
166.041052 166.040130 166.038746 166.037824 166.036440 166.035517 166.034133 166.033211 166.031827 166.030905 166.029521 166.028598 166.027214 166.026292 166.024908 166.023986 166.022602 166.021679 166.020296 166.019373 166.017989 166.017067 166.015683 166.014760 166.013377 166.012454 166.011070 166.010148 166.008764 166.007841 166.006458 166.005535 166.004151 166.003229 166.001845 166.000923 166.000000 
166.041514 166.040130 166.039207 166.037824 166.036901 166.035517 166.034595 166.033672 166.032288 166.031366 166.029982 166.029060 166.027676 166.026753 166.025369 166.024447 166.023063 166.022141 166.021218 166.019834 166.018912 166.017528 166.016605 166.015683 166.014299 166.013377 166.011993 166.011070 166.009687 166.008764 166.007841 166.006919 166.005996 166.005996 166.005996 166.007380 166.016144 
0.000000 0.000000 166.041052 166.040130 166.038746 166.037824 166.036440 166.035517 166.034595 166.033211 166.032288 166.031366 166.029982 166.029060 166.028137 166.026753 166.025831 166.024908 166.023986 166.023063 166.022141 166.021218 166.020296 166.019373 166.018912 166.017989 166.017067 166.017067 166.017067 166.017067 166.017528 166.018450 166.020296 166.023524 166.030443 0.000000 0.000000 
0.000000 0.000000 0.000000 0.000000 0.000000 166.041052 166.040130 166.039207 166.038285 166.037362 166.036440 166.035517 166.034595 166.033672 166.032750 166.032288 166.031366 166.030443 166.029982 166.029060 166.028598 166.028137 166.028137 166.028137 166.028137 166.028598 166.029060 166.029982 166.031366 166.033211 166.035978 166.039669 0.000000 0.000000 0.000000 0.000000 0.000000 
0.000000 0.000000 0.000000 0.000000 0.000000 0.000000 0.000000 0.000000 0.000000 0.000000 0.000000 166.041514 166.041052 166.040130 166.039669 166.039207 166.039207 166.039207 166.039207 166.039207 166.039669 166.040130 166.040591 166.041514 0.000000 0.000000 0.000000 0.000000 0.000000 0.000000 0.000000 0.000000 0.000000 0.000000 0.000000 0.000000 0.000000 
