test/output/constant/M3M400_S060_A090_WD270.0_WS010.0/M3M400_S060_A090_WD270.0_WS010.0_ros.asc
ncols         19
nrows         58
xllcorner     426403.990666
yllcorner     12743055.311160
cellsize      100.000000
NODATA_value  0.000000
0.000000 1.062169 -1.000000 1.522273 1.115673 0.000000 0.000000 0.000000 0.000000 0.000000 0.000000 0.000000 0.000000 0.000000 0.000000 0.000000 0.000000 0.000000 0.000000 
0.000000 20.691452 98.516449 81.539833 1.522273 0.000000 0.000000 0.000000 0.000000 0.000000 0.000000 0.000000 0.000000 0.000000 0.000000 0.000000 0.000000 0.000000 0.000000 
0.000000 20.691452 98.516449 98.318687 5.161050 1.115673 0.000000 0.000000 0.000000 0.000000 0.000000 0.000000 0.000000 0.000000 0.000000 0.000000 0.000000 0.000000 0.000000 
0.000000 52.128357 98.516449 98.516449 67.098816 1.522273 1.115673 0.000000 0.000000 0.000000 0.000000 0.000000 0.000000 0.000000 0.000000 0.000000 0.000000 0.000000 0.000000 
20.691452 52.128357 96.209694 98.516449 98.516449 67.098816 67.098816 0.000000 0.000000 0.000000 0.000000 0.000000 0.000000 0.000000 0.000000 0.000000 0.000000 0.000000 0.000000 
0.000000 43.727703 82.681320 98.516449 98.516449 74.689156 67.098816 1.115673 0.000000 0.000000 0.000000 0.000000 0.000000 0.000000 0.000000 0.000000 0.000000 0.000000 0.000000 
0.000000 43.727703 88.394646 98.516449 98.516449 67.098816 5.161050 2.019786 0.000000 0.000000 0.000000 0.000000 0.000000 0.000000 0.000000 0.000000 0.000000 0.000000 0.000000 
0.000000 27.767502 82.681320 92.950180 98.516449 98.516449 67.098816 67.098816 2.819099 0.000000 0.000000 0.000000 0.000000 0.000000 0.000000 0.000000 0.000000 0.000000 0.000000 
0.000000 43.727703 82.681320 98.516449 98.516449 97.842720 67.098816 67.098816 67.098816 0.000000 0.000000 0.000000 0.000000 0.000000 0.000000 0.000000 0.000000 0.000000 0.000000 
0.000000 52.128357 75.983589 98.516449 98.516449 98.516449 98.516449 1.115673 67.098816 0.000000 0.000000 0.000000 0.000000 0.000000 0.000000 0.000000 0.000000 0.000000 0.000000 
0.000000 52.128357 43.727703 27.767502 98.516449 98.516449 98.318687 67.098816 67.098816 1.115673 0.000000 0.000000 0.000000 0.000000 0.000000 0.000000 0.000000 0.000000 0.000000 
0.000000 43.727703 27.767502 92.950180 98.516449 98.516449 98.516449 95.719856 67.098816 67.098816 0.000000 0.000000 0.000000 0.000000 0.000000 0.000000 0.000000 0.000000 0.000000 
0.000000 35.524544 20.691452 98.516449 98.516449 98.516449 98.516449 98.516449 67.098816 67.098816 67.098816 0.000000 0.000000 0.000000 0.000000 0.000000 0.000000 0.000000 0.000000 
0.000000 52.128357 52.128357 82.681320 27.767502 98.516449 98.516449 92.217590 67.098816 67.098816 74.689156 0.000000 0.000000 0.000000 0.000000 0.000000 0.000000 0.000000 0.000000 
0.000000 43.727703 27.767502 27.767502 98.074318 98.516449 98.516449 81.539833 87.442497 67.098816 1.522273 0.000000 0.000000 0.000000 0.000000 0.000000 0.000000 0.000000 0.000000 
0.000000 20.691452 43.727703 82.681320 98.516449 98.516449 97.842720 92.217590 97.842720 95.719856 67.098816 67.098816 0.000000 0.000000 0.000000 0.000000 0.000000 0.000000 0.000000 
0.000000 52.128357 43.727703 96.209694 96.209694 98.516449 98.516449 98.516449 95.719856 67.098816 67.098816 67.098816 0.000000 0.000000 0.000000 0.000000 0.000000 0.000000 0.000000 
0.000000 43.727703 27.767502 75.983589 98.516449 98.516449 98.516449 98.516449 98.516449 98.318687 74.689156 67.098816 0.000000 0.000000 0.000000 0.000000 0.000000 0.000000 0.000000 
0.000000 52.128357 52.128357 75.983589 98.074318 98.516449 98.516449 95.719856 98.318687 98.318687 98.318687 67.098816 67.098816 0.000000 0.000000 0.000000 0.000000 0.000000 0.000000 
0.000000 0.000000 52.128357 35.524544 98.074318 98.516449 98.516449 98.516449 98.516449 67.098816 67.098816 67.098816 74.689156 0.000000 0.000000 0.000000 0.000000 0.000000 0.000000 
0.000000 0.000000 52.128357 27.767502 27.767502 35.524544 98.516449 98.516449 98.516449 98.516449 98.318687 74.689156 74.689156 0.000000 0.000000 0.000000 0.000000 0.000000 0.000000 
0.000000 0.000000 43.727703 20.691452 92.950180 14.510248 88.394646 98.516449 98.516449 98.516449 95.719856 98.516449 74.689156 67.098816 0.000000 0.000000 0.000000 0.000000 0.000000 
0.000000 0.000000 52.128357 14.510248 27.767502 98.516449 98.516449 98.516449 98.516449 98.516449 98.318687 98.516449 67.098816 74.689156 0.000000 0.000000 0.000000 0.000000 0.000000 
0.000000 0.000000 52.128357 82.681320 98.434837 98.516449 68.504738 98.516449 87.442497 95.719856 98.516449 98.516449 74.689156 67.098816 0.000000 0.000000 0.000000 0.000000 0.000000 
0.000000 0.000000 43.727703 82.681320 27.767502 96.209694 27.767502 98.516449 98.516449 92.217590 98.516449 97.842720 98.516449 74.689156 67.098816 0.000000 0.000000 0.000000 0.000000 
0.000000 0.000000 20.691452 75.983589 82.681320 27.767502 98.516449 98.516449 98.516449 98.516449 98.516449 98.516449 67.098816 67.098816 67.098816 0.000000 0.000000 0.000000 0.000000 
0.000000 0.000000 52.128357 35.524544 96.209694 98.516449 98.516449 98.516449 98.516449 98.516449 98.516449 98.516449 95.719856 95.719856 67.098816 0.000000 0.000000 0.000000 0.000000 
0.000000 0.000000 0.000000 27.767502 75.983589 98.434837 98.516449 98.516449 98.516449 95.719856 98.516449 98.516449 95.719856 98.516449 67.098816 0.000000 0.000000 0.000000 0.000000 
0.000000 0.000000 0.000000 82.681320 88.394646 52.128357 98.516449 98.516449 98.516449 98.516449 98.516449 98.516449 67.098816 92.217590 74.689156 74.689156 0.000000 0.000000 0.000000 
0.000000 0.000000 0.000000 75.983589 88.394646 96.209694 27.767502 98.516449 98.516449 98.516449 98.516449 98.516449 92.217590 97.842720 67.098816 67.098816 0.000000 0.000000 0.000000 
0.000000 0.000000 0.000000 43.727703 88.394646 92.950180 98.516449 98.516449 98.516449 98.516449 98.516449 98.516449 98.516449 95.719856 67.098816 67.098816 0.000000 0.000000 0.000000 
0.000000 0.000000 0.000000 0.000000 82.681320 96.209694 98.516449 96.209694 98.516449 98.516449 92.217590 98.516449 95.719856 98.516449 95.719856 67.098816 0.000000 0.000000 0.000000 
0.000000 0.000000 0.000000 0.000000 82.681320 88.394646 98.516449 98.516449 98.516449 98.516449 98.516449 98.516449 98.516449 95.719856 87.442497 67.098816 0.000000 0.000000 0.000000 
0.000000 0.000000 0.000000 0.000000 75.983589 92.950180 92.950180 98.516449 98.516449 98.516449 98.516449 98.516449 98.516449 98.516449 98.516449 97.842720 95.719856 0.000000 0.000000 
0.000000 0.000000 0.000000 0.000000 43.727703 27.767502 98.516449 20.691452 98.516449 92.950180 98.516449 95.719856 98.516449 98.516449 98.516449 95.719856 74.689156 0.000000 0.000000 
0.000000 0.000000 0.000000 0.000000 0.000000 82.681320 96.209694 98.074318 98.516449 88.394646 98.516449 98.516449 98.516449 97.842720 98.516449 98.516449 92.217590 0.000000 0.000000 
0.000000 0.000000 0.000000 0.000000 0.000000 96.209694 92.950180 98.516449 98.516449 98.516449 98.516449 98.516449 98.318687 98.516449 98.516449 74.689156 67.098816 0.000000 0.000000 
0.000000 0.000000 0.000000 0.000000 0.000000 75.983589 96.209694 20.691452 98.516449 98.516449 98.516449 98.516449 98.516449 87.442497 81.539833 95.719856 67.098816 0.000000 0.000000 
0.000000 0.000000 0.000000 0.000000 0.000000 0.000000 96.209694 92.950180 82.681320 98.516449 98.516449 98.516449 98.516449 95.719856 92.217590 98.318687 74.689156 95.719856 0.000000 
0.000000 0.000000 0.000000 0.000000 0.000000 0.000000 14.510248 20.691452 98.516449 98.516449 98.516449 98.516449 92.217590 98.516449 92.217590 98.516449 97.842720 98.516449 0.000000 
0.000000 0.000000 0.000000 0.000000 0.000000 0.000000 82.681320 98.516449 96.209694 98.516449 98.516449 98.516449 95.719856 98.516449 98.318687 98.516449 95.719856 98.516449 0.000000 
0.000000 0.000000 0.000000 0.000000 0.000000 0.000000 0.000000 98.074318 98.516449 98.516449 98.516449 98.516449 98.516449 97.842720 98.516449 81.539833 98.516449 98.516449 0.000000 
0.000000 0.000000 0.000000 0.000000 0.000000 0.000000 0.000000 88.394646 98.516449 98.516449 98.516449 98.516449 98.516449 98.516449 98.516449 87.442497 98.516449 1.522273 0.000000 
0.000000 0.000000 0.000000 0.000000 0.000000 0.000000 0.000000 98.516449 92.950180 98.516449 98.516449 98.516449 98.516449 98.516449 98.516449 95.719856 81.539833 98.516449 0.000000 
0.000000 0.000000 0.000000 0.000000 0.000000 0.000000 0.000000 0.000000 98.516449 92.950180 98.074318 98.516449 98.516449 98.516449 98.516449 92.217590 92.217590 81.539833 0.000000 
0.000000 0.000000 0.000000 0.000000 0.000000 0.000000 0.000000 0.000000 98.516449 20.691452 82.681320 98.516449 98.516449 98.516449 98.516449 98.516449 95.719856 98.516449 0.000000 
0.000000 0.000000 0.000000 0.000000 0.000000 0.000000 0.000000 0.000000 96.209694 98.516449 98.516449 98.516449 98.516449 98.516449 98.516449 98.516449 95.719856 98.516449 0.000000 
0.000000 0.000000 0.000000 0.000000 0.000000 0.000000 0.000000 0.000000 0.000000 98.516449 98.516449 98.516449 96.209694 98.516449 98.516449 98.516449 98.516449 98.516449 98.318687 
0.000000 0.000000 0.000000 0.000000 0.000000 0.000000 0.000000 0.000000 0.000000 35.524544 98.516449 98.074318 88.394646 98.516449 98.516449 98.318687 92.217590 95.719856 81.539833 
0.000000 0.000000 0.000000 0.000000 0.000000 0.000000 0.000000 0.000000 0.000000 0.000000 88.394646 98.516449 35.524544 98.516449 98.516449 98.318687 98.516449 98.516449 81.539833 
0.000000 0.000000 0.000000 0.000000 0.000000 0.000000 0.000000 0.000000 0.000000 0.000000 98.516449 98.516449 75.983589 98.516449 98.516449 98.516449 97.842720 97.842720 97.842720 
0.000000 0.000000 0.000000 0.000000 0.000000 0.000000 0.000000 0.000000 0.000000 0.000000 92.950180 98.516449 98.516449 98.516449 98.516449 98.516449 92.217590 98.516449 98.516449 
0.000000 0.000000 0.000000 0.000000 0.000000 0.000000 0.000000 0.000000 0.000000 0.000000 0.000000 98.516449 98.516449 98.516449 98.516449 98.516449 98.516449 98.516449 98.318687 
0.000000 0.000000 0.000000 0.000000 0.000000 0.000000 0.000000 0.000000 0.000000 0.000000 0.000000 0.000000 98.516449 98.516449 96.209694 98.516449 95.719856 98.516449 97.842720 
0.000000 0.000000 0.000000 0.000000 0.000000 0.000000 0.000000 0.000000 0.000000 0.000000 0.000000 0.000000 98.516449 98.516449 98.516449 98.516449 98.516449 98.516449 0.000000 
0.000000 0.000000 0.000000 0.000000 0.000000 0.000000 0.000000 0.000000 0.000000 0.000000 0.000000 0.000000 0.000000 75.983589 98.516449 98.516449 98.516449 98.516449 0.000000 
0.000000 0.000000 0.000000 0.000000 0.000000 0.000000 0.000000 0.000000 0.000000 0.000000 0.000000 0.000000 0.000000 98.516449 98.516449 98.516449 98.516449 98.516449 0.000000 
0.000000 0.000000 0.000000 0.000000 0.000000 0.000000 0.000000 0.000000 0.000000 0.000000 0.000000 0.000000 0.000000 0.000000 92.950180 98.516449 98.516449 97.842720 0.000000 
