test/output/constant/S1_S060_A090_WD315.0_WS010.0/S1_S060_A090_WD315.0_WS010.0_arrival.asc
ncols         8
nrows         29
xllcorner     426503.990666
yllcorner     12745955.311160
cellsize      100.000000
NODATA_value  0.000000
166.039867 166.000000 166.017333 0.000000 0.000000 0.000000 0.000000 0.000000 
166.027156 166.001156 166.004044 0.000000 0.000000 0.000000 0.000000 0.000000 
166.023111 166.002311 166.004044 166.026000 0.000000 0.000000 0.000000 0.000000 
166.023689 166.004044 166.004044 166.016178 0.000000 0.000000 0.000000 0.000000 
166.025422 166.005778 166.005200 166.012133 166.037556 0.000000 0.000000 0.000000 
166.026000 166.007511 166.006933 166.010978 166.028311 0.000000 0.000000 0.000000 
166.027734 166.009822 166.008667 166.010978 166.023111 0.000000 0.000000 0.000000 
166.029467 166.012133 166.009822 166.010978 166.019645 166.040445 0.000000 0.000000 
166.032356 166.014445 166.011556 166.012133 166.018489 166.034667 0.000000 0.000000 
166.034667 166.016756 166.012711 166.012711 166.018489 166.030623 0.000000 0.000000 
166.037556 166.019067 166.014445 166.014445 166.017911 166.027734 0.000000 0.000000 
166.039867 166.021956 166.016178 166.015600 166.017911 166.026000 166.041600 0.000000 
0.000000 166.024267 166.017911 166.017333 166.018489 166.025422 166.038134 0.000000 
0.000000 166.026578 166.019645 166.018489 166.019645 166.025422 166.035245 0.000000 
0.000000 166.029467 166.021956 166.020222 166.020222 166.024845 166.034089 0.000000 
0.000000 166.031778 166.024267 166.021956 166.021956 166.025422 166.032934 0.000000 
0.000000 166.034089 166.026000 166.023111 166.023111 166.025422 166.032934 0.000000 
0.000000 166.036978 166.028311 166.024845 166.024845 166.026578 166.032356 166.041600 
0.000000 166.039289 166.030623 166.026578 166.026000 166.027156 166.032356 166.040445 
0.000000 166.041600 166.032934 166.028311 166.027734 166.028311 166.032356 166.040445 
0.000000 0.000000 166.035245 166.030045 166.028889 166.029467 166.032934 166.039867 
0.000000 0.000000 166.037556 166.032356 166.030623 166.030623 166.033511 166.039289 
0.000000 0.000000 166.039867 166.034089 166.031778 166.031778 166.034089 166.039289 
0.000000 0.000000 0.000000 166.036400 166.033511 166.033511 166.035245 166.039289 
0.000000 0.000000 0.000000 166.038711 166.035245 166.035245 166.035823 166.039867 
0.000000 0.000000 0.000000 166.040445 166.036978 166.036400 166.036978 166.040445 
0.000000 0.000000 0.000000 0.000000 166.038711 166.038134 166.038134 166.041023 
0.000000 0.000000 0.000000 0.000000 166.040445 166.039289 166.039289 166.041600 
0.000000 0.000000 0.000000 0.000000 0.000000 166.041023 166.041023 0.000000 
