test/output/constant/M345_S000_A180_WD000.0_WS045.0/M345_S000_A180_WD000.0_WS045.0_arrival.asc
ncols         7
nrows         33
xllcorner     426303.990666
yllcorner     12745555.311160
cellsize      100.000000
NODATA_value  0.000000
0.000000 0.000000 166.024256 166.000000 166.024256 0.000000 0.000000 
0.000000 0.000000 166.011354 166.001032 166.011354 0.000000 0.000000 
0.000000 0.000000 166.008257 166.002064 166.008257 0.000000 0.000000 
0.000000 166.036126 166.007741 166.003613 166.007741 166.036126 0.000000 
0.000000 166.030965 166.007741 166.004645 166.007741 166.030965 0.000000 
0.000000 166.027353 166.008773 166.006193 166.008773 166.027353 0.000000 
0.000000 166.024772 166.009290 166.007225 166.009290 166.024772 0.000000 
0.000000 166.023740 166.010322 166.008773 166.010322 166.023740 0.000000 
0.000000 166.023224 166.011354 166.009806 166.011354 166.023224 0.000000 
0.000000 166.022708 166.012902 166.011354 166.012902 166.022708 0.000000 
166.041287 166.022708 166.013934 166.012386 166.013934 166.022708 166.041287 
166.040255 166.022708 166.014967 166.013934 166.014967 166.022708 166.040255 
166.039223 166.023224 166.016515 166.014967 166.016515 166.023224 166.039223 
166.038190 166.024256 166.017547 166.016515 166.017547 166.024256 166.038190 
166.038190 166.024772 166.019095 166.017547 166.019095 166.024772 166.038190 
166.037674 166.025804 166.020127 166.019095 166.020127 166.025804 166.037674 
166.037674 166.026837 166.021160 166.020127 166.021160 166.026837 166.037674 
166.037674 166.027353 166.022708 166.021676 166.022708 166.027353 166.037674 
166.037674 166.028385 166.023740 166.022708 166.023740 166.028385 166.037674 
166.038190 166.029417 166.025288 166.024256 166.025288 166.029417 166.038190 
166.038707 166.030449 166.026320 166.025288 166.026320 166.030449 166.038707 
166.039739 166.031481 166.027869 166.026837 166.027869 166.031481 166.039739 
166.040255 166.032513 166.028901 166.027869 166.028901 166.032513 166.040255 
166.041287 166.033546 166.030449 166.029417 166.030449 166.033546 166.041287 
0.000000 166.035094 166.031481 166.030449 166.031481 166.035094 0.000000 
0.000000 166.036126 166.033030 166.031997 166.033030 166.036126 0.000000 
0.000000 166.037158 166.034062 166.033030 166.034062 166.037158 0.000000 
0.000000 166.038707 166.035610 166.034578 166.035610 166.038707 0.000000 
0.000000 166.039739 166.036642 166.035610 166.036642 166.039739 0.000000 
0.000000 166.040771 166.037674 166.037158 166.037674 166.040771 0.000000 
0.000000 0.000000 166.039223 166.038190 166.039223 0.000000 0.000000 
0.000000 0.000000 166.040255 166.039739 166.040255 0.000000 0.000000 
0.000000 0.000000 166.041667 166.040771 166.041667 0.000000 0.000000 
