test/output/constant/M390_S060_A180_WD045.0_WS015.0/M390_S060_A180_WD045.0_WS015.0_intensity.asc
ncols         38
nrows         16
xllcorner     426503.990666
yllcorner     12747355.311160
cellsize      100.000000
NODATA_value  0.000000
1662 1662 11439 8173 11439 24171 28974 11439 11439 11439 15271 15271 15271 0 0 0 0 0 0 0 0 0 0 0 0 0 0 0 0 0 0 0 0 0 0 0 0 0 
2221 0 58377 11439 47198 43074 28974 43074 11439 19557 19557 24171 24171 24171 28974 28974 28974 11439 0 0 0 0 0 0 0 0 0 0 0 0 0 0 0 0 0 0 0 0 
1757 32232 58377 58377 58377 58377 58377 19557 38571 19557 43074 38571 53819 8173 11439 15271 43074 15271 38571 28974 11439 0 0 0 0 0 0 0 0 0 0 0 0 0 0 0 0 0 
0 2385 32232 41609 55426 58377 58377 58377 57640 58377 11439 58377 53819 15271 53819 19557 43074 53819 50816 33823 15271 56117 33823 43074 0 0 0 0 0 0 0 0 0 0 0 0 0 0 
0 0 3394 1540 41609 41609 57216 58377 58377 58377 58377 58377 58377 58377 50816 58377 11439 15271 53819 47198 43074 15271 11439 28974 50816 15271 0 0 0 0 0 0 0 0 0 0 0 0 
0 0 0 2385 2221 37018 37018 57216 58198 58377 58377 58377 58377 58377 58377 53819 58342 19557 58377 58377 58377 50816 47198 43074 15271 33823 57640 11439 0 0 0 0 0 0 0 0 0 0 
0 0 0 0 32232 37018 1540 37018 37018 58377 58377 57216 58377 58377 58377 58377 53819 58377 50816 58377 58377 15271 58377 50816 58377 47198 58377 38571 19557 50816 0 0 0 0 0 0 0 0 
0 0 0 0 0 0 2385 41609 41609 41609 58198 58377 58377 57216 58377 58377 58377 58377 58377 58377 58377 11439 58377 58377 50816 15271 15271 19557 57640 43074 47198 47198 0 0 0 0 0 0 
0 0 0 0 0 0 0 3394 37018 41609 41609 41609 58377 58377 58377 58377 58377 58377 58377 58342 58377 58377 58377 58377 58377 58377 58377 58377 53819 15271 58377 8173 38571 0 0 0 0 0 
0 0 0 0 0 0 0 0 0 37018 41609 41609 41609 41609 41609 58377 58377 58377 58377 58377 58377 58377 58377 58377 58377 58377 58377 58377 58377 58377 11439 58377 11439 58377 47198 0 0 0 
0 0 0 0 0 0 0 0 0 0 0 41609 41609 37018 37018 41609 41609 58377 52883 55426 58377 58377 58377 58377 58377 58377 58377 58377 58377 58377 58377 47198 58377 58377 11439 43074 0 0 
0 0 0 0 0 0 0 0 0 0 0 0 0 0 41609 41609 37018 57216 57216 58377 58377 58377 58377 58377 58377 58377 58377 58377 58377 58377 58377 19557 58342 50816 15271 58377 15271 0 
0 0 0 0 0 0 0 0 0 0 0 0 0 0 0 0 41609 41609 2385 58377 55426 55426 52883 55426 55426 58198 58377 58377 58377 58342 58377 58377 58377 58377 58377 19557 19557 58377 
0 0 0 0 0 0 0 0 0 0 0 0 0 0 0 0 0 0 0 41609 41609 58377 58198 57216 58377 58377 58377 58198 58377 58377 58377 57216 58377 58377 58377 58377 58377 58377 
0 0 0 0 0 0 0 0 0 0 0 0 0 0 0 0 0 0 0 0 0 0 58377 41609 58198 58198 52883 58377 58377 58377 58377 58377 58377 58377 58377 58377 58377 58377 
0 0 0 0 0 0 0 0 0 0 0 0 0 0 0 0 0 0 0 0 0 0 0 0 0 0 58377 58198 52883 58377 58377 58377 58377 57216 58377 58377 58377 58377 
