test/output/constant/M390_S060_A180_WD045.0_WS015.0/M390_S060_A180_WD045.0_WS015.0_ros.asc
ncols         38
nrows         16
xllcorner     426503.990666
yllcorner     12747355.311160
cellsize      100.000000
NODATA_value  0.000000
1.834392 1.834392 12.624068 9.019303 12.624068 26.674179 31.974884 12.624068 12.624068 12.624068 16.852734 16.852734 16.852734 0.000000 0.000000 0.000000 0.000000 0.000000 0.000000 0.000000 0.000000 0.000000 0.000000 0.000000 0.000000 0.000000 0.000000 0.000000 0.000000 0.000000 0.000000 0.000000 0.000000 0.000000 0.000000 0.000000 0.000000 0.000000 
2.451372 -1.000000 64.421616 12.624068 52.085178 47.535004 31.974884 47.535004 12.624068 21.582748 21.582748 26.674179 26.674179 26.674179 31.974884 31.974884 31.974884 12.624068 0.000000 0.000000 0.000000 0.000000 0.000000 0.000000 0.000000 0.000000 0.000000 0.000000 0.000000 0.000000 0.000000 0.000000 0.000000 0.000000 0.000000 0.000000 0.000000 0.000000 
1.939284 35.570431 64.421616 64.421616 64.421616 64.421616 64.421616 21.582748 42.565052 21.582748 47.535004 42.565052 59.392334 9.019303 12.624068 16.852734 47.535004 16.852734 42.565052 31.974884 12.624068 0.000000 0.000000 0.000000 0.000000 0.000000 0.000000 0.000000 0.000000 0.000000 0.000000 0.000000 0.000000 0.000000 0.000000 0.000000 0.000000 0.000000 
0.000000 2.632985 35.570431 45.917973 61.165489 64.421616 64.421616 64.421616 63.608627 64.421616 12.624068 64.421616 59.392334 16.852734 59.392334 21.582748 47.535004 59.392334 56.077904 37.325603 16.852734 61.928150 37.325603 47.535004 0.000000 0.000000 0.000000 0.000000 0.000000 0.000000 0.000000 0.000000 0.000000 0.000000 0.000000 0.000000 0.000000 0.000000 
0.000000 0.000000 3.745533 1.699693 45.917973 45.917973 63.140785 64.421616 64.421616 64.421616 64.421616 64.421616 64.421616 64.421616 56.077904 64.421616 12.624068 16.852734 59.392334 52.085178 47.535004 16.852734 12.624068 31.974884 56.077904 16.852734 0.000000 0.000000 0.000000 0.000000 0.000000 0.000000 0.000000 0.000000 0.000000 0.000000 0.000000 0.000000 
0.000000 0.000000 0.000000 2.632985 2.451372 40.850922 40.850922 63.140785 64.224846 64.421616 64.421616 64.421616 64.421616 64.421616 64.421616 59.392334 64.382988 21.582748 64.421616 64.421616 64.421616 56.077904 52.085178 47.535004 16.852734 37.325603 63.608627 12.624068 0.000000 0.000000 0.000000 0.000000 0.000000 0.000000 0.000000 0.000000 0.000000 0.000000 
0.000000 0.000000 0.000000 0.000000 35.570431 40.850922 1.699693 40.850922 40.850922 64.421616 64.421616 63.140785 64.421616 64.421616 64.421616 64.421616 59.392334 64.421616 56.077904 64.421616 64.421616 16.852734 64.421616 56.077904 64.421616 52.085178 64.421616 42.565052 21.582748 56.077904 0.000000 0.000000 0.000000 0.000000 0.000000 0.000000 0.000000 0.000000 
0.000000 0.000000 0.000000 0.000000 0.000000 0.000000 2.632985 45.917973 45.917973 45.917973 64.224846 64.421616 64.421616 63.140785 64.421616 64.421616 64.421616 64.421616 64.421616 64.421616 64.421616 12.624068 64.421616 64.421616 56.077904 16.852734 16.852734 21.582748 63.608627 47.535004 52.085178 52.085178 0.000000 0.000000 0.000000 0.000000 0.000000 0.000000 
0.000000 0.000000 0.000000 0.000000 0.000000 0.000000 0.000000 3.745533 40.850922 45.917973 45.917973 45.917973 64.421616 64.421616 64.421616 64.421616 64.421616 64.421616 64.421616 64.382988 64.421616 64.421616 64.421616 64.421616 64.421616 64.421616 64.421616 64.421616 59.392334 16.852734 64.421616 9.019303 42.565052 0.000000 0.000000 0.000000 0.000000 0.000000 
0.000000 0.000000 0.000000 0.000000 0.000000 0.000000 0.000000 0.000000 0.000000 40.850922 45.917973 45.917973 45.917973 45.917973 45.917973 64.421616 64.421616 64.421616 64.421616 64.421616 64.421616 64.421616 64.421616 64.421616 64.421616 64.421616 64.421616 64.421616 64.421616 64.421616 12.624068 64.421616 12.624068 64.421616 52.085178 0.000000 0.000000 0.000000 
0.000000 0.000000 0.000000 0.000000 0.000000 0.000000 0.000000 0.000000 0.000000 0.000000 0.000000 45.917973 45.917973 40.850922 40.850922 45.917973 45.917973 64.421616 58.359154 61.165489 64.421616 64.421616 64.421616 64.421616 64.421616 64.421616 64.421616 64.421616 64.421616 64.421616 64.421616 52.085178 64.421616 64.421616 12.624068 47.535004 0.000000 0.000000 
0.000000 0.000000 0.000000 0.000000 0.000000 0.000000 0.000000 0.000000 0.000000 0.000000 0.000000 0.000000 0.000000 0.000000 45.917973 45.917973 40.850922 63.140785 63.140785 64.421616 64.421616 64.421616 64.421616 64.421616 64.421616 64.421616 64.421616 64.421616 64.421616 64.421616 64.421616 21.582748 64.382988 56.077904 16.852734 64.421616 16.852734 0.000000 
0.000000 0.000000 0.000000 0.000000 0.000000 0.000000 0.000000 0.000000 0.000000 0.000000 0.000000 0.000000 0.000000 0.000000 0.000000 0.000000 45.917973 45.917973 2.632985 64.421616 61.165489 61.165489 58.359154 61.165489 61.165489 64.224846 64.421616 64.421616 64.421616 64.382988 64.421616 64.421616 64.421616 64.421616 64.421616 21.582748 21.582748 64.421616 
0.000000 0.000000 0.000000 0.000000 0.000000 0.000000 0.000000 0.000000 0.000000 0.000000 0.000000 0.000000 0.000000 0.000000 0.000000 0.000000 0.000000 0.000000 0.000000 45.917973 45.917973 64.421616 64.224846 63.140785 64.421616 64.421616 64.421616 64.224846 64.421616 64.421616 64.421616 63.140785 64.421616 64.421616 64.421616 64.421616 64.421616 64.421616 
0.000000 0.000000 0.000000 0.000000 0.000000 0.000000 0.000000 0.000000 0.000000 0.000000 0.000000 0.000000 0.000000 0.000000 0.000000 0.000000 0.000000 0.000000 0.000000 0.000000 0.000000 0.000000 64.421616 45.917973 64.224846 64.224846 58.359154 64.421616 64.421616 64.421616 64.421616 64.421616 64.421616 64.421616 64.421616 64.421616 64.421616 64.421616 
0.000000 0.000000 0.000000 0.000000 0.000000 0.000000 0.000000 0.000000 0.000000 0.000000 0.000000 0.000000 0.000000 0.000000 0.000000 0.000000 0.000000 0.000000 0.000000 0.000000 0.000000 0.000000 0.000000 0.000000 0.000000 0.000000 64.421616 64.224846 58.359154 64.421616 64.421616 64.421616 64.421616 63.140785 64.421616 64.421616 64.421616 64.421616 
