test/output/constant/M3M470_S060_A090_WD135.0_WS015.0/M3M470_S060_A090_WD135.0_WS015.0_ros.asc
ncols         13
nrows         26
xllcorner     425503.990666
yllcorner     12746355.311160
cellsize      100.000000
NODATA_value  0.000000
0.000000 0.000000 0.000000 0.000000 0.000000 0.000000 0.000000 0.000000 0.000000 0.000000 2.167112 1.497183 1.364166 
0.000000 0.000000 0.000000 0.000000 0.000000 0.000000 0.000000 0.000000 0.000000 2.167112 5.848135 -1.000000 1.364166 
0.000000 0.000000 0.000000 0.000000 0.000000 0.000000 0.000000 0.000000 2.046596 27.394585 43.153049 43.153049 8.912408 
0.000000 0.000000 0.000000 0.000000 0.000000 0.000000 0.000000 1.678470 1.944910 2.920569 43.153049 8.912408 8.912408 
0.000000 0.000000 0.000000 0.000000 0.000000 0.000000 0.000000 1.497183 2.920569 43.153049 43.153049 8.912408 8.912408 
0.000000 0.000000 0.000000 0.000000 0.000000 0.000000 2.167112 27.394585 2.167112 43.153049 42.626820 11.722764 8.912408 
0.000000 0.000000 0.000000 0.000000 0.000000 2.920569 4.135805 30.752998 43.153049 43.153049 35.030018 14.860007 18.232540 
0.000000 0.000000 0.000000 0.000000 0.000000 30.752998 30.752998 36.662689 43.153049 43.153049 39.850948 6.508791 14.860007 
0.000000 0.000000 0.000000 0.000000 1.497183 5.848135 2.046596 42.253677 43.153049 41.521694 11.722764 11.722764 6.508791 
0.000000 0.000000 0.000000 0.000000 27.394585 30.752998 30.752998 42.253677 43.153049 25.279099 18.232540 18.232540 0.000000 
0.000000 0.000000 0.000000 5.848135 2.046596 2.920569 43.153049 43.153049 43.153049 18.232540 14.860007 14.860007 0.000000 
0.000000 0.000000 0.000000 30.752998 4.135805 39.034496 43.153049 43.153049 43.153049 35.030018 14.860007 18.232540 0.000000 
0.000000 0.000000 0.000000 1.678470 2.167112 43.153049 43.153049 42.626820 32.025494 14.860007 14.860007 8.912408 0.000000 
0.000000 0.000000 2.167112 4.135805 2.920569 43.153049 43.153049 43.153049 35.030018 14.860007 6.508791 0.000000 0.000000 
0.000000 0.000000 30.752998 2.167112 43.153049 43.153049 43.153049 35.030018 11.722764 6.508791 14.860007 0.000000 0.000000 
0.000000 0.000000 2.046596 36.662689 42.253677 43.153049 37.665039 18.232540 32.025494 28.742180 8.912408 0.000000 0.000000 
0.000000 30.752998 36.662689 43.153049 43.153049 43.153049 43.153049 8.912408 32.025494 21.740488 0.000000 0.000000 0.000000 
0.000000 4.135805 43.153049 43.153049 43.153049 43.153049 32.025494 18.232540 11.722764 21.740488 0.000000 0.000000 0.000000 
0.000000 33.873947 43.153049 43.153049 43.153049 43.153049 18.232540 11.722764 25.279099 0.000000 0.000000 0.000000 0.000000 
0.000000 2.167112 43.153049 43.153049 43.153049 43.153049 18.232540 39.850948 18.232540 0.000000 0.000000 0.000000 0.000000 
0.000000 43.153049 40.917255 43.153049 25.279099 21.740488 35.030018 32.025494 0.000000 0.000000 0.000000 0.000000 0.000000 
0.000000 43.153049 43.153049 43.153049 21.740488 8.912408 8.912408 8.912408 0.000000 0.000000 0.000000 0.000000 0.000000 
43.153049 43.153049 43.153049 43.153049 35.030018 8.912408 39.850948 0.000000 0.000000 0.000000 0.000000 0.000000 0.000000 
43.153049 43.153049 43.153049 32.025494 11.722764 18.232540 0.000000 0.000000 0.000000 0.000000 0.000000 0.000000 0.000000 
0.000000 43.153049 43.153049 43.153049 18.232540 0.000000 0.000000 0.000000 0.000000 0.000000 0.000000 0.000000 0.000000 
0.000000 43.153049 8.912408 43.153049 0.000000 0.000000 0.000000 0.000000 0.000000 0.000000 0.000000 0.000000 0.000000 
