test/output/constant/M3100_S060_A180_WD135.0_WS010.0/M3100_S060_A180_WD135.0_WS010.0_arrival.asc
ncols         50
nrows         15
xllcorner     426503.990666
yllcorner     12748555.311160
cellsize      100.000000
NODATA_value  0.000000
0.000000 0.000000 0.000000 0.000000 0.000000 0.000000 0.000000 0.000000 0.000000 0.000000 0.000000 0.000000 0.000000 0.000000 0.000000 0.000000 0.000000 0.000000 0.000000 0.000000 0.000000 0.000000 0.000000 0.000000 0.000000 0.000000 0.000000 0.000000 0.000000 0.000000 0.000000 166.041458 166.041118 166.040779 166.040439 166.040099 166.039759 166.039759 166.039759 166.039759 166.039759 166.039759 166.040099 166.040439 166.040779 166.041118 166.041458 0.000000 0.000000 0.000000 
0.000000 0.000000 0.000000 0.000000 0.000000 0.000000 0.000000 0.000000 0.000000 0.000000 0.000000 0.000000 0.000000 0.000000 0.000000 0.000000 0.000000 0.000000 0.000000 0.000000 0.000000 0.000000 0.000000 0.000000 0.000000 166.041118 166.039759 166.038740 166.038060 166.037380 166.037041 166.037041 166.036701 166.036361 166.036361 166.036361 166.036361 166.036361 166.036701 166.036701 166.037041 166.037380 166.037720 166.038400 166.039080 166.039419 166.040099 166.040439 166.041458 0.000000 
0.000000 0.000000 0.000000 0.000000 0.000000 0.000000 0.000000 0.000000 0.000000 0.000000 0.000000 0.000000 0.000000 0.000000 0.000000 0.000000 0.000000 0.000000 0.000000 0.000000 0.000000 166.039759 166.038060 166.036701 166.035341 166.034662 166.033982 166.033642 166.033303 166.032963 166.032963 166.032963 166.032623 166.032623 166.032963 166.033303 166.033642 166.033982 166.034322 166.034662 166.035341 166.035681 166.036361 166.037041 166.037720 166.038400 166.039080 166.040099 166.040779 166.041667 
0.000000 0.000000 0.000000 0.000000 0.000000 0.000000 0.000000 0.000000 0.000000 0.000000 0.000000 0.000000 0.000000 0.000000 0.000000 0.000000 0.000000 166.040099 166.037380 166.035341 166.033642 166.032623 166.031264 166.030584 166.030244 166.029904 166.029565 166.029565 166.029225 166.029225 166.029225 166.029565 166.029904 166.030244 166.030584 166.030924 166.031603 166.032283 166.032623 166.033303 166.033982 166.035002 166.035681 166.036701 166.037380 166.038400 166.039080 166.040099 166.040779 166.041667 
0.000000 0.000000 0.000000 0.000000 0.000000 0.000000 0.000000 0.000000 0.000000 0.000000 0.000000 0.000000 0.000000 0.000000 166.038740 166.035681 166.032963 166.030924 166.029565 166.028205 166.027186 166.026846 166.026506 166.026166 166.025826 166.025826 166.025826 166.026166 166.026166 166.026506 166.026846 166.027526 166.027865 166.028545 166.028885 166.029904 166.030584 166.031264 166.032283 166.032963 166.033982 166.034662 166.035681 166.036701 166.037380 166.038400 166.039080 166.040099 166.041118 0.000000 
0.000000 0.000000 0.000000 0.000000 0.000000 0.000000 0.000000 0.000000 0.000000 0.000000 0.000000 166.038400 166.034322 166.031264 166.028205 166.026506 166.025147 166.023788 166.023448 166.023108 166.022768 166.022428 166.022428 166.022428 166.022768 166.023108 166.023108 166.023788 166.024127 166.024807 166.025487 166.026166 166.026846 166.027865 166.028545 166.029565 166.030244 166.031264 166.032283 166.032963 166.033982 166.034662 166.035681 166.036701 166.038060 166.039080 166.040099 166.041118 0.000000 0.000000 
0.000000 0.000000 0.000000 0.000000 0.000000 0.000000 0.000000 0.000000 166.039759 166.034322 166.029904 166.026846 166.023788 166.022088 166.020729 166.020049 166.019710 166.019370 166.019030 166.019030 166.019030 166.019370 166.019710 166.020049 166.020729 166.021069 166.021749 166.022768 166.023448 166.024127 166.025147 166.026166 166.026846 166.027865 166.028545 166.029565 166.030584 166.031603 166.032623 166.033642 166.034662 166.035681 166.037041 166.037720 166.039080 166.040099 166.041458 0.000000 0.000000 0.000000 
0.000000 0.000000 0.000000 0.000000 0.000000 0.000000 166.037041 166.030584 166.025826 166.022088 166.019370 166.017671 166.016651 166.015972 166.015972 166.015632 166.015632 166.015632 166.015972 166.016311 166.016991 166.017671 166.018350 166.019030 166.020049 166.020729 166.021749 166.022428 166.023448 166.024127 166.025147 166.026166 166.027186 166.028205 166.029225 166.030584 166.031264 166.032623 166.033642 166.035002 166.036021 166.037380 166.038740 166.039759 166.041118 0.000000 0.000000 0.000000 0.000000 0.000000 
0.000000 0.000000 0.000000 0.000000 166.035681 166.027186 166.021749 166.017671 166.014952 166.013593 166.012573 166.012234 166.012234 166.012234 166.012573 166.012573 166.013253 166.013933 166.014612 166.015632 166.016311 166.017331 166.018011 166.019030 166.020049 166.020729 166.021749 166.022768 166.024127 166.025147 166.026166 166.027186 166.028205 166.029565 166.030924 166.032283 166.033303 166.034662 166.036021 166.037041 166.038400 166.039759 166.041118 0.000000 0.000000 0.000000 0.000000 0.000000 0.000000 0.000000 
0.000000 0.000000 166.038400 166.025826 166.017671 166.013253 166.010534 166.009175 166.008835 166.008835 166.008835 166.009175 166.009515 166.010195 166.011214 166.011894 166.012913 166.013593 166.014612 166.015632 166.016311 166.017671 166.018690 166.019710 166.020729 166.021749 166.023108 166.024127 166.025487 166.026846 166.028205 166.029225 166.030584 166.031943 166.033303 166.034662 166.036021 166.037380 166.038740 166.040099 166.041458 0.000000 0.000000 0.000000 0.000000 0.000000 0.000000 0.000000 0.000000 0.000000 
0.000000 166.030244 166.015972 166.008835 166.006117 166.005437 166.005437 166.005437 166.006117 166.006796 166.007476 166.008496 166.009515 166.010195 166.011214 166.011894 166.013253 166.014273 166.015292 166.016651 166.017671 166.019030 166.020389 166.021749 166.022768 166.024127 166.025487 166.026846 166.028205 166.029565 166.031264 166.032623 166.033982 166.035341 166.037041 166.038400 166.039759 166.041458 0.000000 0.000000 0.000000 0.000000 0.000000 0.000000 0.000000 0.000000 0.000000 0.000000 0.000000 0.000000 
166.034662 166.005777 166.002039 166.002039 166.002379 166.003398 166.004078 166.005097 166.005777 166.006796 166.007816 166.008835 166.009855 166.011214 166.012573 166.013933 166.015292 166.016651 166.018011 166.019370 166.020729 166.022088 166.023788 166.025147 166.026506 166.028205 166.029565 166.030924 166.032623 166.033982 166.035341 166.037041 166.038400 166.039759 166.041458 0.000000 0.000000 0.000000 0.000000 0.000000 0.000000 0.000000 0.000000 0.000000 0.000000 0.000000 0.000000 0.000000 0.000000 0.000000 
166.026506 166.000000 166.000680 166.001359 166.002379 166.003398 166.004758 166.006117 166.007476 166.008835 166.010534 166.011894 166.013253 166.014952 166.016311 166.018011 166.019370 166.020729 166.022428 166.023788 166.025487 166.026846 166.028205 166.029904 166.031264 166.032963 166.034322 166.036021 166.037380 166.039080 166.040439 0.000000 0.000000 0.000000 0.000000 0.000000 0.000000 0.000000 0.000000 0.000000 0.000000 0.000000 0.000000 0.000000 0.000000 0.000000 0.000000 0.000000 0.000000 0.000000 
166.039080 166.014273 166.010874 166.010874 166.011214 166.011894 166.012913 166.014273 166.015632 166.017331 166.018350 166.019710 166.021409 166.022768 166.024467 166.025826 166.027526 166.028885 166.030584 166.031943 166.033642 166.035002 166.036361 166.038060 166.039419 166.041118 0.000000 0.000000 0.000000 0.000000 0.000000 0.000000 0.000000 0.000000 0.000000 0.000000 0.000000 0.000000 0.000000 0.000000 0.000000 0.000000 0.000000 0.000000 0.000000 0.000000 0.000000 0.000000 0.000000 0.000000 
0.000000 0.000000 166.039759 166.034662 166.031943 166.029904 166.030244 166.029904 166.030244 166.030924 166.031603 166.032623 166.033303 166.034662 166.035681 166.037041 166.038060 166.039759 166.041118 0.000000 0.000000 0.000000 0.000000 0.000000 0.000000 0.000000 0.000000 0.000000 0.000000 0.000000 0.000000 0.000000 0.000000 0.000000 0.000000 0.000000 0.000000 0.000000 0.000000 0.000000 0.000000 0.000000 0.000000 0.000000 0.000000 0.000000 0.000000 0.000000 0.000000 0.000000 
