test/output/constant/M3M485_S060_A090_WD135.0_WS015.0/M3M485_S060_A090_WD135.0_WS015.0_raz.asc
ncols         15
nrows         33
xllcorner     425303.990666
yllcorner     12745655.311160
cellsize      100.000000
NODATA_value  0.000000
0 0 0 0 0 0 0 0 0 0 0 0 355 290 355 
0 0 0 0 0 0 0 0 0 0 0 290 281 254 46 
0 0 0 0 0 0 0 0 0 0 281 281 200 200 168 
0 0 0 0 0 0 0 0 0 281 264 264 200 178 168 
0 0 0 0 0 0 0 0 264 286 250 200 200 184 173 
0 0 0 0 0 0 0 0 309 250 208 200 200 178 173 
0 0 0 0 0 0 0 309 250 250 200 200 184 150 178 
0 0 0 0 0 0 0 210 210 264 200 200 178 178 178 
0 0 0 0 0 0 281 250 240 202 200 195 150 178 178 
0 0 0 0 0 0 210 240 212 200 200 187 181 168 178 
0 0 0 0 0 212 212 210 205 200 200 181 178 168 173 
0 0 0 0 0 264 250 208 200 200 200 194 168 168 0 
0 0 0 0 250 212 355 206 200 200 173 187 178 178 0 
0 0 0 0 210 210 281 200 200 192 181 181 181 178 0 
0 0 0 212 264 210 204 200 200 178 191 181 168 178 0 
0 0 0 264 210 206 200 200 200 181 181 168 181 178 0 
0 0 0 264 264 264 200 200 200 192 173 173 160 0 0 
0 0 210 286 208 200 200 200 200 187 181 181 181 0 0 
0 0 210 210 200 202 200 200 187 173 181 173 178 0 0 
0 0 210 264 202 200 200 200 192 181 173 181 0 0 0 
0 210 210 205 200 200 200 200 181 181 181 173 0 0 0 
0 250 205 264 200 200 189 191 184 187 181 0 0 0 0 
0 210 200 200 200 200 200 181 195 181 181 0 0 0 0 
0 205 204 200 200 200 200 168 181 168 0 0 0 0 0 
0 200 200 201 200 200 168 173 173 184 0 0 0 0 0 
264 202 200 202 200 178 184 178 178 0 0 0 0 0 0 
200 200 200 200 200 173 192 189 181 0 0 0 0 0 0 
205 200 200 200 200 178 192 192 0 0 0 0 0 0 0 
200 200 200 200 181 191 181 181 0 0 0 0 0 0 0 
200 200 200 200 200 194 189 0 0 0 0 0 0 0 0 
200 200 200 200 184 189 0 0 0 0 0 0 0 0 0 
200 200 200 200 191 0 0 0 0 0 0 0 0 0 0 
0 200 200 200 0 0 0 0 0 0 0 0 0 0 0 
