test/output/constant/M390_S060_A000_WD135.0_WS010.0/M390_S060_A000_WD135.0_WS010.0_arrival.asc
ncols         58
nrows         14
xllcorner     420903.990666
yllcorner     12748555.311160
cellsize      100.000000
NODATA_value  0.000000
0.000000 0.000000 0.000000 0.000000 0.000000 0.000000 0.000000 166.041667 166.041464 166.041176 166.041176 166.041176 166.041464 166.041464 166.041667 0.000000 0.000000 0.000000 0.000000 0.000000 0.000000 0.000000 0.000000 0.000000 0.000000 0.000000 0.000000 0.000000 0.000000 0.000000 0.000000 0.000000 0.000000 0.000000 0.000000 0.000000 0.000000 0.000000 0.000000 0.000000 0.000000 0.000000 0.000000 0.000000 0.000000 0.000000 0.000000 0.000000 0.000000 0.000000 0.000000 0.000000 0.000000 0.000000 0.000000 0.000000 0.000000 0.000000 
0.000000 166.041667 166.041176 166.040600 166.040312 166.040024 166.039448 166.039160 166.038585 166.038297 166.038009 166.038009 166.037721 166.037433 166.037433 166.037145 166.037433 166.037433 166.037721 166.038009 166.038009 166.038297 166.038585 166.038873 166.039448 166.040312 166.041176 0.000000 0.000000 0.000000 0.000000 0.000000 0.000000 0.000000 0.000000 0.000000 0.000000 0.000000 0.000000 0.000000 0.000000 0.000000 0.000000 0.000000 0.000000 0.000000 0.000000 0.000000 0.000000 0.000000 0.000000 0.000000 0.000000 0.000000 0.000000 0.000000 0.000000 0.000000 
166.041464 166.040888 166.040312 166.039448 166.038873 166.038297 166.037721 166.037145 166.036857 166.036281 166.035993 166.035417 166.035129 166.034841 166.034265 166.033977 166.033977 166.033690 166.033402 166.033402 166.033402 166.033402 166.033690 166.033977 166.034265 166.034265 166.034553 166.035129 166.035705 166.036569 166.037721 166.038873 166.040312 0.000000 0.000000 0.000000 0.000000 0.000000 0.000000 0.000000 0.000000 0.000000 0.000000 0.000000 0.000000 0.000000 0.000000 0.000000 0.000000 0.000000 0.000000 0.000000 0.000000 0.000000 0.000000 0.000000 0.000000 0.000000 
166.041464 166.040888 166.040024 166.039448 166.038585 166.038009 166.037145 166.036569 166.035705 166.035129 166.034265 166.033977 166.033402 166.032826 166.032250 166.031962 166.031386 166.031098 166.030810 166.030234 166.029946 166.029946 166.029658 166.029370 166.029370 166.029658 166.029658 166.029946 166.030234 166.030522 166.030810 166.031098 166.031962 166.033114 166.034265 166.035705 166.037721 166.040024 0.000000 0.000000 0.000000 0.000000 0.000000 0.000000 0.000000 0.000000 0.000000 0.000000 0.000000 0.000000 0.000000 0.000000 0.000000 0.000000 0.000000 0.000000 0.000000 0.000000 
0.000000 166.040888 166.040024 166.039448 166.038585 166.038009 166.037145 166.036569 166.035705 166.034841 166.034265 166.033402 166.032826 166.031962 166.031386 166.030522 166.029946 166.029370 166.029082 166.028219 166.027931 166.027355 166.027067 166.026779 166.026203 166.025915 166.025915 166.025627 166.025627 166.025627 166.025627 166.025915 166.026203 166.026491 166.026779 166.027355 166.028507 166.029370 166.030810 166.033114 166.035705 166.038009 166.041464 0.000000 0.000000 0.000000 0.000000 0.000000 0.000000 0.000000 0.000000 0.000000 0.000000 0.000000 0.000000 0.000000 0.000000 0.000000 
0.000000 0.000000 166.041464 166.040312 166.039448 166.038585 166.037721 166.036857 166.035993 166.035129 166.034265 166.033402 166.032826 166.031962 166.031386 166.030522 166.029946 166.029082 166.028507 166.027643 166.026779 166.026203 166.025627 166.025051 166.024475 166.023899 166.023324 166.023036 166.022748 166.022172 166.021884 166.021884 166.021596 166.021596 166.021884 166.021884 166.022172 166.022460 166.022748 166.023611 166.024763 166.026203 166.028507 166.030810 166.033977 166.037433 0.000000 0.000000 0.000000 0.000000 0.000000 0.000000 0.000000 0.000000 0.000000 0.000000 0.000000 0.000000 
0.000000 0.000000 0.000000 0.000000 166.041176 166.040312 166.039160 166.038297 166.037145 166.036281 166.035417 166.034265 166.033690 166.032538 166.031674 166.030810 166.029946 166.029082 166.028507 166.027643 166.026779 166.026203 166.025339 166.024763 166.023899 166.023324 166.022460 166.021884 166.021020 166.020444 166.020156 166.019292 166.019004 166.018716 166.018141 166.017853 166.017853 166.017853 166.017853 166.017853 166.018141 166.018428 166.019004 166.020156 166.021596 166.023611 166.026203 166.029658 166.033977 166.040312 0.000000 0.000000 0.000000 0.000000 0.000000 0.000000 0.000000 0.000000 
0.000000 0.000000 0.000000 0.000000 0.000000 0.000000 166.041667 166.040888 166.039736 166.038585 166.037433 166.036569 166.035417 166.034265 166.033402 166.032250 166.031386 166.030522 166.029370 166.028507 166.027643 166.026779 166.025627 166.025051 166.023899 166.023324 166.022460 166.021884 166.021020 166.020444 166.019580 166.018716 166.018141 166.017277 166.016701 166.016125 166.015549 166.014973 166.014685 166.014109 166.014109 166.013821 166.013821 166.014109 166.014109 166.014685 166.015549 166.016701 166.019004 166.022172 166.026203 166.032538 166.040312 0.000000 0.000000 0.000000 0.000000 0.000000 
0.000000 0.000000 0.000000 0.000000 0.000000 0.000000 0.000000 0.000000 0.000000 166.041464 166.040312 166.039448 166.038297 166.037145 166.035993 166.035129 166.033977 166.032826 166.031674 166.030522 166.029658 166.028507 166.027355 166.026491 166.025339 166.024475 166.023324 166.022460 166.021596 166.020732 166.019868 166.019004 166.018141 166.017277 166.016701 166.015837 166.015261 166.014397 166.013821 166.012958 166.012382 166.011518 166.010942 166.010654 166.010078 166.010078 166.009790 166.010078 166.010366 166.010942 166.012094 166.014397 166.018141 166.024475 166.033977 0.000000 0.000000 0.000000 
0.000000 0.000000 0.000000 0.000000 0.000000 0.000000 0.000000 0.000000 0.000000 0.000000 0.000000 0.000000 0.000000 166.040888 166.039736 166.038585 166.037433 166.035993 166.034841 166.033690 166.032538 166.031386 166.030234 166.029082 166.028219 166.027067 166.025915 166.025051 166.023899 166.022748 166.021596 166.020444 166.019580 166.018428 166.017565 166.016701 166.015549 166.014685 166.013821 166.012958 166.012382 166.011518 166.010654 166.010078 166.009214 166.008638 166.007775 166.007199 166.006623 166.006047 166.006047 166.006047 166.006335 166.007487 166.010366 166.016701 166.031098 0.000000 
0.000000 0.000000 0.000000 0.000000 0.000000 0.000000 0.000000 0.000000 0.000000 0.000000 0.000000 0.000000 0.000000 0.000000 0.000000 0.000000 0.000000 166.041176 166.040024 166.038585 166.037433 166.036281 166.034841 166.033690 166.032538 166.031386 166.029946 166.028794 166.027643 166.026203 166.025051 166.023899 166.022748 166.021596 166.020444 166.019004 166.018141 166.016989 166.015837 166.014685 166.013821 166.012670 166.011518 166.010654 166.009502 166.008638 166.007775 166.007199 166.006335 166.005759 166.004895 166.004031 166.003455 166.002592 166.002016 166.002016 166.002592 166.010942 
0.000000 0.000000 0.000000 0.000000 0.000000 0.000000 0.000000 0.000000 0.000000 0.000000 0.000000 0.000000 0.000000 0.000000 0.000000 0.000000 0.000000 0.000000 0.000000 0.000000 0.000000 166.041667 166.040312 166.039160 166.037721 166.036569 166.035417 166.033977 166.032826 166.031674 166.030234 166.029082 166.027931 166.026491 166.025339 166.024187 166.022748 166.021596 166.020444 166.019004 166.017853 166.016701 166.015549 166.014109 166.012958 166.011806 166.010366 166.009214 166.008062 166.006911 166.005759 166.004607 166.003743 166.002592 166.002016 166.001152 166.000576 166.000000 
0.000000 0.000000 0.000000 0.000000 0.000000 0.000000 0.000000 0.000000 0.000000 0.000000 0.000000 0.000000 0.000000 0.000000 0.000000 0.000000 0.000000 0.000000 0.000000 0.000000 0.000000 0.000000 0.000000 0.000000 0.000000 0.000000 0.000000 0.000000 0.000000 166.041464 166.040312 166.039160 166.037721 166.036569 166.035129 166.033977 166.032826 166.031386 166.030234 166.029082 166.027643 166.026491 166.025339 166.023899 166.022748 166.021308 166.020156 166.019004 166.017565 166.016701 166.016125 166.014685 166.013533 166.013245 166.012958 166.012958 166.014973 166.024475 
0.000000 0.000000 0.000000 0.000000 0.000000 0.000000 0.000000 0.000000 0.000000 0.000000 0.000000 0.000000 0.000000 0.000000 0.000000 0.000000 0.000000 0.000000 0.000000 0.000000 0.000000 0.000000 0.000000 0.000000 0.000000 0.000000 0.000000 0.000000 0.000000 0.000000 0.000000 0.000000 0.000000 0.000000 0.000000 0.000000 0.000000 0.000000 0.000000 0.000000 166.041176 166.040024 166.039160 166.038297 166.037721 166.036857 166.036569 166.036281 166.035705 166.035705 166.035417 166.035993 166.037721 166.040024 0.000000 0.000000 0.000000 0.000000 
