test/output/constant/M360_S060_A180_WD045.0_WS035.0/M360_S060_A180_WD045.0_WS035.0_arrival.asc
ncols         12
nrows         21
xllcorner     426503.990666
yllcorner     12746855.311160
cellsize      100.000000
NODATA_value  0.000000
166.037405 166.027524 166.033876 0.000000 0.000000 0.000000 0.000000 0.000000 0.000000 0.000000 0.000000 0.000000 
166.019761 166.000000 166.003529 166.022584 0.000000 0.000000 0.000000 0.000000 0.000000 0.000000 0.000000 0.000000 
166.021173 166.001412 166.002823 166.010586 166.026819 0.000000 0.000000 0.000000 0.000000 0.000000 0.000000 0.000000 
166.026113 166.004235 166.003529 166.007058 166.016938 166.032465 0.000000 0.000000 0.000000 0.000000 0.000000 0.000000 
166.031759 166.009175 166.005646 166.007058 166.011998 166.023290 166.038816 0.000000 0.000000 0.000000 0.000000 0.000000 
166.038111 166.014821 166.008469 166.007763 166.011292 166.018350 166.030347 0.000000 0.000000 0.000000 0.000000 0.000000 
0.000000 166.020467 166.011292 166.010586 166.011292 166.016232 166.023996 166.036699 0.000000 0.000000 0.000000 0.000000 
0.000000 166.026819 166.015527 166.012704 166.012704 166.015527 166.021173 166.030347 0.000000 0.000000 0.000000 0.000000 
0.000000 166.033170 166.020467 166.015527 166.014821 166.015527 166.020467 166.026819 166.036699 0.000000 0.000000 0.000000 
0.000000 166.038816 166.026113 166.019055 166.016938 166.016938 166.019761 166.025407 166.032465 0.000000 0.000000 0.000000 
0.000000 0.000000 166.031759 166.023290 166.019761 166.019055 166.020467 166.024701 166.030347 166.038816 0.000000 0.000000 
0.000000 0.000000 166.037405 166.027524 166.022584 166.021173 166.021173 166.024701 166.028936 166.035993 0.000000 0.000000 
0.000000 0.000000 0.000000 166.032465 166.026113 166.023996 166.023290 166.024701 166.028936 166.034582 166.041639 0.000000 
0.000000 0.000000 0.000000 166.037405 166.030347 166.026819 166.026113 166.026113 166.028936 166.033170 166.039522 0.000000 
0.000000 0.000000 0.000000 0.000000 166.034582 166.029642 166.028230 166.028230 166.029642 166.033170 166.038111 0.000000 
0.000000 0.000000 0.000000 0.000000 166.039522 166.033876 166.031053 166.030347 166.030347 166.033170 166.037405 0.000000 
0.000000 0.000000 0.000000 0.000000 0.000000 166.037405 166.033876 166.032465 166.032465 166.033876 166.037405 0.000000 
0.000000 0.000000 0.000000 0.000000 0.000000 0.000000 166.037405 166.035288 166.034582 166.035288 166.037405 166.041639 
0.000000 0.000000 0.000000 0.000000 0.000000 0.000000 166.040934 166.037405 166.036699 166.036699 166.038816 166.041639 
0.000000 0.000000 0.000000 0.000000 0.000000 0.000000 0.000000 166.040934 166.039522 166.038816 166.039522 0.000000 
0.000000 0.000000 0.000000 0.000000 0.000000 0.000000 0.000000 0.000000 0.000000 166.041639 166.041639 0.000000 
