test/output/constant/S3_S060_A090_WD000.0_WS045.0/S3_S060_A090_WD000.0_WS045.0_arrival.asc
ncols         7
nrows         39
xllcorner     426303.990666
yllcorner     12744955.311160
cellsize      100.000000
NODATA_value  0.000000
0.000000 0.000000 0.000000 166.000000 0.000000 0.000000 0.000000 
0.000000 0.000000 166.017211 166.000883 166.017211 0.000000 0.000000 
0.000000 0.000000 166.010591 166.001765 166.010591 0.000000 0.000000 
0.000000 0.000000 166.008826 166.003089 166.008826 0.000000 0.000000 
0.000000 0.000000 166.008385 166.003972 166.008385 0.000000 0.000000 
0.000000 166.036628 166.008385 166.005296 166.008385 166.036628 0.000000 
0.000000 166.032215 166.009267 166.006178 166.009267 166.032215 0.000000 
0.000000 166.029126 166.009709 166.007502 166.009709 166.029126 0.000000 
0.000000 166.027361 166.010591 166.008385 166.010591 166.027361 0.000000 
0.000000 166.026478 166.011474 166.009709 166.011474 166.026478 0.000000 
0.000000 166.025595 166.012356 166.010591 166.012356 166.025595 0.000000 
0.000000 166.024713 166.013239 166.011915 166.013239 166.024713 0.000000 
0.000000 166.024713 166.014563 166.012798 166.014563 166.024713 0.000000 
0.000000 166.024272 166.015446 166.014122 166.015446 166.024272 0.000000 
0.000000 166.024272 166.016769 166.015004 166.016769 166.024272 0.000000 
0.000000 166.025154 166.017652 166.016328 166.017652 166.025154 0.000000 
0.000000 166.025595 166.018976 166.017211 166.018976 166.025595 0.000000 
0.000000 166.026478 166.019859 166.018535 166.019859 166.026478 0.000000 
166.041041 166.027361 166.020741 166.019417 166.020741 166.027361 166.041041 
166.041041 166.027802 166.022065 166.020741 166.022065 166.027802 166.041041 
166.040600 166.028685 166.022948 166.021624 166.022948 166.028685 166.040600 
166.040600 166.029567 166.024272 166.022948 166.024272 166.029567 166.040600 
166.040600 166.030450 166.025154 166.023830 166.025154 166.030450 166.040600 
166.040600 166.030891 166.026037 166.025154 166.026037 166.030891 166.040600 
166.041041 166.031774 166.027361 166.026037 166.027361 166.031774 166.041041 
166.041482 166.032656 166.028243 166.027361 166.028243 166.032656 166.041482 
0.000000 166.033539 166.029567 166.028243 166.029567 166.033539 0.000000 
0.000000 166.034421 166.030450 166.029567 166.030450 166.034421 0.000000 
0.000000 166.035745 166.031774 166.030450 166.031774 166.035745 0.000000 
0.000000 166.036628 166.032656 166.031774 166.032656 166.036628 0.000000 
0.000000 166.037511 166.033980 166.032656 166.033980 166.037511 0.000000 
0.000000 166.038834 166.034863 166.033980 166.034863 166.038834 0.000000 
0.000000 166.039717 166.036187 166.034863 166.036187 166.039717 0.000000 
0.000000 166.040600 166.037069 166.036187 166.037069 166.040600 0.000000 
0.000000 166.041667 166.038393 166.037069 166.038393 166.041667 0.000000 
0.000000 0.000000 166.039276 166.038393 166.039276 0.000000 0.000000 
0.000000 0.000000 166.040600 166.039276 166.040600 0.000000 0.000000 
0.000000 0.000000 166.041482 166.040600 166.041482 0.000000 0.000000 
0.000000 0.000000 0.000000 166.041482 0.000000 0.000000 0.000000 
