test/output/constant/C2_S060_A180_WD225.0_WS010.0/C2_S060_A180_WD225.0_WS010.0_arrival.asc
ncols         25
nrows         8
xllcorner     426603.990666
yllcorner     12748655.311160
cellsize      100.000000
NODATA_value  0.000000
0.000000 0.000000 0.000000 0.000000 0.000000 0.000000 0.000000 0.000000 0.000000 0.000000 0.000000 0.000000 0.000000 0.000000 0.000000 0.000000 166.041213 166.041213 166.040537 166.040537 166.040537 166.040537 166.041213 0.000000 0.000000 
0.000000 0.000000 0.000000 0.000000 0.000000 0.000000 0.000000 0.000000 0.000000 0.000000 166.039861 166.037159 166.035132 166.033781 166.033781 166.033105 166.033105 166.033105 166.033781 166.034456 166.035808 166.036483 166.037834 166.039186 166.041213 
0.000000 0.000000 0.000000 0.000000 0.000000 0.000000 166.041213 166.034456 166.030403 166.027700 166.026349 166.026349 166.025673 166.025673 166.026349 166.027025 166.028376 166.029051 166.031078 166.032430 166.034456 166.035808 166.037834 166.039186 166.041213 
0.000000 0.000000 0.000000 0.000000 166.031078 166.024322 166.020268 166.018917 166.018917 166.018242 166.018917 166.019593 166.020944 166.022295 166.023647 166.025673 166.027025 166.029051 166.031078 166.032430 166.034456 166.036483 166.038510 166.040537 0.000000 
0.000000 166.041213 166.020944 166.013512 166.011485 166.011485 166.011485 166.012161 166.013512 166.014864 166.016890 166.018917 166.020268 166.022295 166.023647 166.025673 166.027700 166.029727 166.032430 166.034456 166.037159 166.039861 0.000000 0.000000 0.000000 
166.015539 166.004054 166.004054 166.004729 166.006081 166.008107 166.010134 166.011485 166.013512 166.014864 166.016890 166.019593 166.022295 166.024322 166.027025 166.029727 166.032430 166.035132 166.037834 166.040537 0.000000 0.000000 0.000000 0.000000 0.000000 
166.000000 166.001351 166.002702 166.004729 166.006756 166.009459 166.011485 166.014864 166.017566 166.020268 166.023647 166.026349 166.029051 166.032430 166.035132 166.038510 166.041213 0.000000 0.000000 0.000000 0.000000 0.000000 0.000000 0.000000 0.000000 
0.000000 166.027700 166.024998 166.024998 166.025673 166.027700 166.030403 166.033105 166.036483 166.039186 166.041667 0.000000 0.000000 0.000000 0.000000 0.000000 0.000000 0.000000 0.000000 0.000000 0.000000 0.000000 0.000000 0.000000 0.000000 
