test/output/constant/M3M455_S000_A270_WD270.0_WS050.0/M3M455_S000_A270_WD270.0_WS050.0_arrival.asc
ncols         38
nrows         7
xllcorner     426603.990666
yllcorner     12748455.311160
cellsize      100.000000
NODATA_value  0.000000
0.000000 0.000000 0.000000 0.000000 0.000000 0.000000 0.000000 0.000000 0.000000 0.000000 0.000000 166.040526 166.039160 166.037794 166.037338 166.036883 166.036428 166.036428 166.035972 166.035972 166.036428 166.036883 166.037338 166.038249 166.038704 166.039615 166.040526 166.040981 0.000000 0.000000 0.000000 0.000000 0.000000 0.000000 0.000000 0.000000 0.000000 0.000000 
0.000000 0.000000 0.000000 166.039160 166.032330 166.027776 166.025499 166.023678 166.022767 166.022312 166.021857 166.021857 166.021857 166.022312 166.023223 166.023678 166.024589 166.025499 166.025955 166.026865 166.027776 166.028687 166.029597 166.030508 166.031419 166.032330 166.033696 166.034606 166.035517 166.036428 166.037794 166.038704 166.039615 166.040526 166.041667 0.000000 0.000000 0.000000 
166.026865 166.011839 166.008652 166.007741 166.007286 166.007741 166.008652 166.009562 166.010473 166.011384 166.012294 166.013660 166.014571 166.015482 166.016848 166.017758 166.018669 166.020035 166.020946 166.022312 166.023223 166.024589 166.025499 166.026865 166.027776 166.029142 166.030053 166.031419 166.032330 166.033696 166.034606 166.035972 166.036883 166.038249 166.039160 166.040526 166.041436 0.000000 
166.000000 166.000911 166.001821 166.003187 166.004098 166.005464 166.006375 166.007741 166.008652 166.010018 166.010928 166.012294 166.013205 166.014571 166.015482 166.016848 166.017758 166.019125 166.020035 166.021401 166.022312 166.023678 166.024589 166.025955 166.026865 166.028231 166.029142 166.030508 166.031419 166.032785 166.033696 166.035062 166.035972 166.037338 166.038249 166.039615 166.040526 166.041667 
166.026865 166.011839 166.008652 166.007741 166.007286 166.007741 166.008652 166.009562 166.010473 166.011384 166.012294 166.013660 166.014571 166.015482 166.016848 166.017758 166.018669 166.020035 166.020946 166.022312 166.023223 166.024589 166.025499 166.026865 166.027776 166.029142 166.030053 166.031419 166.032330 166.033696 166.034606 166.035972 166.036883 166.038249 166.039160 166.040526 166.041436 0.000000 
0.000000 0.000000 0.000000 166.039160 166.032330 166.027776 166.025499 166.023678 166.022767 166.022312 166.021857 166.021857 166.021857 166.022312 166.023223 166.023678 166.024589 166.025499 166.025955 166.026865 166.027776 166.028687 166.029597 166.030508 166.031419 166.032330 166.033696 166.034606 166.035517 166.036428 166.037794 166.038704 166.039615 166.040526 166.041667 0.000000 0.000000 0.000000 
0.000000 0.000000 0.000000 0.000000 0.000000 0.000000 0.000000 0.000000 0.000000 0.000000 0.000000 166.040526 166.039160 166.037794 166.037338 166.036883 166.036428 166.036428 166.035972 166.035972 166.036428 166.036883 166.037338 166.038249 166.038704 166.039615 166.040526 166.040981 0.000000 0.000000 0.000000 0.000000 0.000000 0.000000 0.000000 0.000000 0.000000 0.000000 
