test/output/constant/M3M485_S060_A180_WD315.0_WS010.0/M3M485_S060_A180_WD315.0_WS010.0_arrival.asc
ncols         52
nrows         13
xllcorner     426603.990666
yllcorner     12747755.311160
cellsize      100.000000
NODATA_value  0.000000
0.000000 0.000000 0.000000 0.000000 0.000000 166.040792 166.039507 166.039186 166.039186 166.039507 166.039828 166.040471 166.040792 166.041113 0.000000 0.000000 0.000000 0.000000 0.000000 0.000000 0.000000 0.000000 0.000000 0.000000 0.000000 0.000000 0.000000 0.000000 0.000000 0.000000 0.000000 0.000000 0.000000 0.000000 0.000000 0.000000 0.000000 0.000000 0.000000 0.000000 0.000000 0.000000 0.000000 0.000000 0.000000 0.000000 0.000000 0.000000 0.000000 0.000000 0.000000 0.000000 
166.026017 166.016060 166.013811 166.014133 166.014775 166.015096 166.016060 166.017023 166.018308 166.019914 166.021199 166.022484 166.023769 166.025053 166.026659 166.027944 166.029229 166.030835 166.032120 166.033726 166.035010 166.036295 166.037901 166.039186 166.040471 0.000000 0.000000 0.000000 0.000000 0.000000 0.000000 0.000000 0.000000 0.000000 0.000000 0.000000 0.000000 0.000000 0.000000 0.000000 0.000000 0.000000 0.000000 0.000000 0.000000 0.000000 0.000000 0.000000 0.000000 0.000000 0.000000 0.000000 
166.000000 166.000642 166.001285 166.002248 166.002891 166.004176 166.005139 166.006424 166.007709 166.008993 166.010278 166.011884 166.013169 166.014454 166.016060 166.017345 166.018629 166.019914 166.021520 166.022805 166.024090 166.025696 166.026980 166.028586 166.029871 166.031156 166.032762 166.034047 166.035332 166.036938 166.038222 166.039507 166.041113 0.000000 0.000000 0.000000 0.000000 0.000000 0.000000 0.000000 0.000000 0.000000 0.000000 0.000000 0.000000 0.000000 0.000000 0.000000 0.000000 0.000000 0.000000 0.000000 
166.012527 166.002891 166.002248 166.002248 166.002891 166.003854 166.004818 166.005460 166.006424 166.007066 166.008030 166.008672 166.009957 166.010599 166.011884 166.013169 166.014133 166.015417 166.016702 166.017987 166.018951 166.020235 166.021520 166.022805 166.024090 166.025696 166.026980 166.028265 166.029550 166.031156 166.032441 166.033726 166.035010 166.036616 166.037901 166.039186 166.040792 0.000000 0.000000 0.000000 0.000000 0.000000 0.000000 0.000000 0.000000 0.000000 0.000000 0.000000 0.000000 0.000000 0.000000 0.000000 
0.000000 166.032120 166.017666 166.010921 166.007709 166.006745 166.006424 166.006424 166.006745 166.007388 166.008030 166.008672 166.009636 166.010278 166.011242 166.011884 166.012848 166.013811 166.014454 166.015417 166.016702 166.017345 166.018629 166.019593 166.020557 166.021841 166.023126 166.024411 166.025696 166.026659 166.027944 166.029229 166.030514 166.031477 166.032762 166.034047 166.035332 166.036616 166.037901 166.039507 166.040792 0.000000 0.000000 0.000000 0.000000 0.000000 0.000000 0.000000 0.000000 0.000000 0.000000 0.000000 
0.000000 0.000000 0.000000 166.035332 166.025696 166.019272 166.015417 166.012848 166.011563 166.011242 166.010921 166.010921 166.010921 166.011242 166.011884 166.012205 166.012848 166.013811 166.014454 166.015417 166.016060 166.017023 166.017666 166.018629 166.019272 166.020235 166.021199 166.022163 166.023126 166.024090 166.025374 166.026338 166.027302 166.028586 166.029550 166.030835 166.032120 166.033404 166.034368 166.035653 166.036938 166.038222 166.039186 166.040471 166.041667 0.000000 0.000000 0.000000 0.000000 0.000000 0.000000 0.000000 
0.000000 0.000000 0.000000 0.000000 0.000000 0.000000 166.033726 166.027623 166.023447 166.020235 166.017987 166.016702 166.015739 166.015417 166.015096 166.015096 166.015096 166.015417 166.015739 166.016060 166.016702 166.017345 166.017987 166.018629 166.019272 166.020235 166.020878 166.021841 166.022805 166.023447 166.024411 166.025053 166.026017 166.026980 166.027944 166.028908 166.029871 166.030835 166.032120 166.033083 166.034047 166.035332 166.036295 166.037580 166.038544 166.039828 166.041113 0.000000 0.000000 0.000000 0.000000 0.000000 
0.000000 0.000000 0.000000 0.000000 0.000000 0.000000 0.000000 0.000000 0.000000 166.035974 166.031477 166.027623 166.025053 166.022805 166.021520 166.020557 166.019914 166.019914 166.019593 166.019272 166.019272 166.019593 166.019593 166.020235 166.020557 166.020878 166.021520 166.022163 166.022805 166.023447 166.024411 166.025053 166.026017 166.026659 166.027623 166.028265 166.029229 166.030192 166.030835 166.031798 166.032441 166.033726 166.034689 166.035653 166.036616 166.037580 166.038544 166.039507 166.040792 0.000000 0.000000 0.000000 
0.000000 0.000000 0.000000 0.000000 0.000000 0.000000 0.000000 0.000000 0.000000 0.000000 0.000000 0.000000 166.039828 166.035653 166.032762 166.030192 166.027944 166.026659 166.025374 166.024732 166.024411 166.024090 166.023769 166.023769 166.023769 166.023769 166.023769 166.024090 166.024732 166.025053 166.025374 166.026017 166.026338 166.027302 166.027623 166.028586 166.029229 166.029871 166.030835 166.031798 166.032441 166.033404 166.034047 166.035010 166.035974 166.036616 166.037580 166.038222 166.039507 166.040150 166.041434 0.000000 
0.000000 0.000000 0.000000 0.000000 0.000000 0.000000 0.000000 0.000000 0.000000 0.000000 0.000000 0.000000 0.000000 0.000000 0.000000 0.000000 166.040150 166.037580 166.035010 166.033083 166.031477 166.030514 166.029550 166.028908 166.028586 166.028265 166.028265 166.027944 166.027944 166.027944 166.028265 166.028265 166.028586 166.028908 166.029550 166.029871 166.030192 166.030835 166.031477 166.032120 166.032762 166.033404 166.034047 166.035010 166.035653 166.036616 166.037259 166.038222 166.038865 166.039828 166.040792 166.041434 
0.000000 0.000000 0.000000 0.000000 0.000000 0.000000 0.000000 0.000000 0.000000 0.000000 0.000000 0.000000 0.000000 0.000000 0.000000 0.000000 0.000000 0.000000 0.000000 0.000000 0.000000 166.040150 166.037901 166.036616 166.035332 166.034368 166.033726 166.033404 166.033083 166.032762 166.032441 166.032441 166.032120 166.032120 166.032441 166.032441 166.032762 166.033083 166.033404 166.034047 166.034368 166.034689 166.035332 166.035974 166.036295 166.036938 166.037580 166.038222 166.039186 166.039828 166.040792 166.041434 
0.000000 0.000000 0.000000 0.000000 0.000000 0.000000 0.000000 0.000000 0.000000 0.000000 0.000000 0.000000 0.000000 0.000000 0.000000 0.000000 0.000000 0.000000 0.000000 0.000000 0.000000 0.000000 0.000000 0.000000 0.000000 0.000000 166.041667 166.040471 166.039186 166.038544 166.037901 166.037580 166.037259 166.036938 166.036938 166.036616 166.036616 166.036295 166.036616 166.036616 166.036938 166.037259 166.037580 166.037901 166.038222 166.038865 166.039186 166.039507 166.040150 166.040792 166.041434 0.000000 
0.000000 0.000000 0.000000 0.000000 0.000000 0.000000 0.000000 0.000000 0.000000 0.000000 0.000000 0.000000 0.000000 0.000000 0.000000 0.000000 0.000000 0.000000 0.000000 0.000000 0.000000 0.000000 0.000000 0.000000 0.000000 0.000000 0.000000 0.000000 0.000000 0.000000 0.000000 0.000000 0.000000 0.000000 0.000000 0.000000 166.041667 166.041434 166.041113 166.041113 166.040792 166.040792 166.040792 166.040792 166.041113 166.041434 166.041667 0.000000 0.000000 0.000000 0.000000 0.000000 
