test/output/constant/M3M475_S060_A090_WD135.0_WS015.0/M3M475_S060_A090_WD135.0_WS015.0_ros.asc
ncols         13
nrows         28
xllcorner     425503.990666
yllcorner     12746155.311160
cellsize      100.000000
NODATA_value  0.000000
0.000000 0.000000 0.000000 0.000000 0.000000 0.000000 0.000000 0.000000 0.000000 0.000000 1.744832 1.552436 1.418303 
0.000000 0.000000 0.000000 0.000000 0.000000 0.000000 0.000000 0.000000 0.000000 1.552436 2.030194 -1.000000 1.418303 
0.000000 0.000000 0.000000 0.000000 0.000000 0.000000 0.000000 0.000000 2.030194 2.140928 47.069542 47.069542 6.992877 
0.000000 0.000000 0.000000 0.000000 0.000000 0.000000 0.000000 2.272677 2.272677 33.544880 47.069542 16.115501 4.885392 
0.000000 0.000000 0.000000 0.000000 0.000000 0.000000 0.000000 3.092819 3.092819 47.069542 47.069542 9.616683 6.992877 
0.000000 0.000000 0.000000 0.000000 0.000000 0.000000 2.272677 3.092819 33.544880 46.097897 47.069542 12.686752 9.616683 
0.000000 0.000000 0.000000 0.000000 0.000000 3.092819 33.544880 2.140928 47.069542 47.069542 43.451385 16.115501 12.686752 
0.000000 0.000000 0.000000 0.000000 0.000000 2.030194 33.544880 42.590057 47.069542 47.069542 34.888382 16.115501 12.686752 
0.000000 0.000000 0.000000 0.000000 29.873507 33.544880 1.744832 47.069542 47.069542 47.069542 19.802536 12.686752 16.115501 
0.000000 0.000000 0.000000 0.000000 33.544880 4.420649 36.955303 47.069542 47.069542 12.686752 9.616683 16.115501 23.638449 
0.000000 0.000000 0.000000 1.744832 1.744832 2.272677 47.069542 47.069542 47.069542 12.686752 6.992877 16.115501 0.000000 
0.000000 0.000000 0.000000 6.294540 29.873507 42.590057 47.069542 47.069542 46.490841 19.802536 9.616683 9.616683 0.000000 
0.000000 0.000000 4.420649 3.092819 6.294540 46.910080 47.069542 47.069542 31.296555 19.802536 12.686752 9.616683 0.000000 
0.000000 0.000000 4.420649 29.873507 4.420649 47.069542 47.069542 47.069542 16.115501 19.802536 16.115501 12.686752 0.000000 
0.000000 0.000000 33.544880 33.544880 47.069542 47.069542 47.069542 31.296555 19.802536 19.802536 9.616683 0.000000 0.000000 
0.000000 1.744832 29.873507 33.544880 47.069542 47.069542 45.280411 31.296555 19.802536 6.992877 19.802536 0.000000 0.000000 
0.000000 33.544880 33.544880 4.420649 47.069542 47.069542 47.069542 34.888382 16.115501 9.616683 9.616683 0.000000 0.000000 
0.000000 4.420649 42.590057 47.069542 47.069542 47.069542 47.069542 34.888382 19.802536 16.115501 0.000000 0.000000 0.000000 
0.000000 4.420649 47.069542 47.069542 47.069542 45.280411 9.616683 16.115501 31.296555 9.616683 0.000000 0.000000 0.000000 
3.092819 42.590057 47.069542 47.069542 47.069542 43.451385 16.115501 9.616683 19.802536 0.000000 0.000000 0.000000 0.000000 
33.544880 44.643112 47.069542 47.069542 47.069542 41.059021 12.686752 16.115501 19.802536 0.000000 0.000000 0.000000 0.000000 
44.643112 46.910080 47.069542 47.069542 47.069542 43.451385 43.451385 16.115501 0.000000 0.000000 0.000000 0.000000 0.000000 
46.097897 47.069542 44.643112 47.069542 47.069542 19.802536 41.059021 16.115501 0.000000 0.000000 0.000000 0.000000 0.000000 
47.069542 47.069542 47.069542 46.490841 31.296555 16.115501 16.115501 0.000000 0.000000 0.000000 0.000000 0.000000 0.000000 
47.069542 47.069542 47.069542 47.069542 12.686752 27.508539 0.000000 0.000000 0.000000 0.000000 0.000000 0.000000 0.000000 
47.069542 47.069542 47.046150 41.059021 38.175636 12.686752 0.000000 0.000000 0.000000 0.000000 0.000000 0.000000 0.000000 
44.643112 47.069542 47.069542 47.069542 38.175636 0.000000 0.000000 0.000000 0.000000 0.000000 0.000000 0.000000 0.000000 
47.069542 47.069542 16.115501 23.638449 0.000000 0.000000 0.000000 0.000000 0.000000 0.000000 0.000000 0.000000 0.000000 
