test/output/constant/M3M470_S060_A270_WD180.0_WS040.0/M3M470_S060_A270_WD180.0_WS040.0_arrival.asc
ncols         7
nrows         48
xllcorner     426303.990666
yllcorner     12748755.311160
cellsize      100.000000
NODATA_value  0.000000
0.000000 0.000000 0.000000 166.041154 0.000000 0.000000 0.000000 
0.000000 0.000000 166.041154 166.040099 166.041154 0.000000 0.000000 
0.000000 0.000000 166.040099 166.039395 166.040099 0.000000 0.000000 
0.000000 0.000000 166.039395 166.038340 166.039395 0.000000 0.000000 
0.000000 166.041154 166.038340 166.037637 166.038340 166.041154 0.000000 
0.000000 166.040451 166.037637 166.036581 166.037637 166.040451 0.000000 
0.000000 166.039747 166.036581 166.035878 166.036581 166.039747 0.000000 
0.000000 166.039044 166.035878 166.034823 166.035878 166.039044 0.000000 
0.000000 166.037988 166.035175 166.034119 166.035175 166.037988 0.000000 
0.000000 166.037285 166.034119 166.033064 166.034119 166.037285 0.000000 
0.000000 166.036581 166.033416 166.032361 166.033416 166.036581 0.000000 
0.000000 166.035526 166.032361 166.031305 166.032361 166.035526 0.000000 
166.041667 166.034823 166.031657 166.030602 166.031657 166.034823 166.041667 
166.041154 166.034119 166.030602 166.029547 166.030602 166.034119 166.041154 
166.040451 166.033064 166.029898 166.028843 166.029898 166.033064 166.040451 
166.040099 166.032361 166.028843 166.027788 166.028843 166.032361 166.040099 
166.039395 166.031657 166.028140 166.027084 166.028140 166.031657 166.039395 
166.038692 166.030954 166.027084 166.026029 166.027084 166.030954 166.038692 
166.038340 166.030250 166.026381 166.025326 166.026381 166.030250 166.038340 
166.037637 166.029547 166.025677 166.024270 166.025677 166.029547 166.037637 
166.037285 166.028843 166.024622 166.023567 166.024622 166.028843 166.037285 
166.036933 166.028140 166.023919 166.022512 166.023919 166.028140 166.036933 
166.036933 166.027436 166.022863 166.021808 166.022863 166.027436 166.036933 
166.036933 166.026733 166.022160 166.020753 166.022160 166.026733 166.036933 
166.036933 166.026381 166.021105 166.020049 166.021105 166.026381 166.036933 
166.037285 166.025677 166.020401 166.018994 166.020401 166.025677 166.037285 
166.037637 166.024974 166.019346 166.018291 166.019346 166.024974 166.037637 
166.037988 166.024622 166.018642 166.017236 166.018642 166.024622 166.037988 
166.038340 166.023919 166.017939 166.016532 166.017939 166.023919 166.038340 
166.039044 166.023215 166.016884 166.015477 166.016884 166.023215 166.039044 
166.039747 166.022863 166.016180 166.014773 166.016180 166.022863 166.039747 
166.040451 166.022512 166.015125 166.013718 166.015125 166.022512 166.040451 
0.000000 166.022160 166.014422 166.013015 166.014422 166.022160 0.000000 
0.000000 166.022160 166.013366 166.011959 166.013366 166.022160 0.000000 
0.000000 166.022512 166.012663 166.011256 166.012663 166.022512 0.000000 
0.000000 166.022863 166.011959 166.010201 166.011959 166.022863 0.000000 
0.000000 166.023567 166.010904 166.009497 166.010904 166.023567 0.000000 
0.000000 166.024270 166.010201 166.008442 166.010201 166.024270 0.000000 
0.000000 166.025326 166.009497 166.007738 166.009497 166.025326 0.000000 
0.000000 166.027436 166.008794 166.006683 166.008794 166.027436 0.000000 
0.000000 166.029547 166.008442 166.005980 166.008442 166.029547 0.000000 
0.000000 166.032361 166.007738 166.004924 166.007738 166.032361 0.000000 
0.000000 166.037988 166.007387 166.004221 166.007387 166.037988 0.000000 
0.000000 0.000000 166.007738 166.003166 166.007738 0.000000 0.000000 
0.000000 0.000000 166.008442 166.002462 166.008442 0.000000 0.000000 
0.000000 0.000000 166.010552 166.001407 166.010552 0.000000 0.000000 
0.000000 0.000000 166.017587 166.000703 166.017587 0.000000 0.000000 
0.000000 0.000000 0.000000 166.000000 0.000000 0.000000 0.000000 
