test/output/constant/M3100_S000_A090_WD225.0_WS020.0/M3100_S000_A090_WD225.0_WS020.0_raz.asc
ncols         23
nrows         23
xllcorner     426403.990666
yllcorner     12748555.311160
cellsize      100.000000
NODATA_value  0.000000
0 0 0 0 0 0 0 0 0 0 0 0 0 0 0 0 0 0 43 45 45 0 0 
0 0 0 0 0 0 0 0 0 0 0 0 0 0 0 45 43 45 45 45 45 45 0 
0 0 0 0 0 0 0 0 0 0 0 0 0 33 35 45 43 45 45 45 45 45 45 
0 0 0 0 0 0 0 0 0 0 0 45 43 45 45 45 45 45 45 45 45 45 45 
0 0 0 0 0 0 0 0 0 0 45 43 45 45 45 45 45 41 45 45 46 48 46 
0 0 0 0 0 0 0 0 0 39 45 33 35 43 45 45 45 45 48 45 45 45 0 
0 0 0 0 0 0 0 0 35 39 45 45 45 43 45 45 45 45 45 45 46 46 0 
0 0 0 0 0 0 0 37 39 41 45 45 45 45 43 45 45 45 45 45 45 45 0 
0 0 0 0 0 0 39 41 43 33 35 43 45 45 45 46 45 45 45 45 54 0 0 
0 0 0 0 0 37 21 35 45 45 41 45 45 45 45 45 46 46 45 45 56 0 0 
0 0 0 0 35 37 41 45 45 45 45 45 45 45 45 45 45 54 45 46 0 0 0 
0 0 0 17 35 37 28 33 45 45 50 45 45 45 46 45 45 56 46 45 0 0 0 
0 0 0 17 37 37 45 45 41 45 48 45 45 48 54 45 45 45 45 0 0 0 0 
0 0 28 21 21 39 45 41 45 45 45 45 45 45 56 48 50 50 0 0 0 0 0 
0 17 21 33 37 41 43 45 45 45 48 45 45 45 46 50 54 0 0 0 0 0 0 
0 28 17 35 33 45 45 45 45 48 45 56 45 54 48 52 0 0 0 0 0 0 0 
17 21 30 39 45 43 46 45 46 45 45 61 48 68 50 0 0 0 0 0 0 0 0 
17 12 21 30 45 45 46 45 48 50 52 52 52 52 0 0 0 0 0 0 0 0 0 
17 17 33 45 46 45 45 56 52 68 52 54 54 0 0 0 0 0 0 0 0 0 0 
343 343 45 45 45 59 50 54 56 68 72 72 0 0 0 0 0 0 0 0 0 0 0 
332 352 254 54 56 68 59 72 68 61 89 0 0 0 0 0 0 0 0 0 0 0 0 
266 266 97 106 72 77 68 61 72 0 0 0 0 0 0 0 0 0 0 0 0 0 0 
225 183 117 106 72 72 72 0 0 0 0 0 0 0 0 0 0 0 0 0 0 0 0 
