test/output/constant/M3M400_S000_A090_WD180.0_WS035.0/M3M400_S000_A090_WD180.0_WS035.0_raz.asc
ncols         11
nrows         52
xllcorner     426103.990666
yllcorner     12748655.311160
cellsize      100.000000
NODATA_value  0.000000
0 0 0 0 360 360 0 0 0 0 0 
0 0 0 360 360 0 0 360 0 0 0 
0 0 0 360 360 360 3 5 0 0 0 
0 0 360 360 360 3 0 0 360 0 0 
0 0 360 360 360 360 3 3 5 0 0 
0 0 360 360 360 3 0 2 1 0 0 
0 360 360 360 360 360 3 2 4 3 0 
0 360 360 360 360 3 0 0 0 1 0 
0 360 360 360 360 360 3 0 2 0 0 
0 360 360 360 360 3 0 8 2 0 0 
0 360 360 360 360 360 3 0 4 2 0 
354 360 360 360 360 3 0 5 1 0 5 
360 360 360 360 360 360 1 0 2 10 2 
360 360 360 360 360 0 0 3 0 2 4 
360 360 360 360 360 360 1 0 0 2 3 
352 360 360 360 360 0 0 0 5 3 7 
360 354 360 360 360 360 1 2 0 5 4 
360 352 360 360 360 0 0 0 2 7 5 
355 360 360 360 360 360 2 0 2 3 4 
360 360 360 360 360 3 0 3 4 5 2 
360 360 354 360 360 360 0 2 5 10 7 
360 354 360 360 360 3 2 1 0 5 0 
355 360 360 360 360 360 3 1 8 2 10 
360 360 360 360 360 0 3 2 5 4 3 
357 360 360 360 360 360 5 3 7 12 3 
352 352 360 360 360 360 0 3 1 7 10 
355 360 360 360 360 360 1 0 2 4 4 
356 355 355 360 360 360 3 2 4 4 4 
354 360 360 360 360 360 2 2 2 3 5 
349 352 360 360 360 360 4 0 3 7 10 
354 359 360 360 360 360 1 2 10 1 5 
351 352 352 360 360 360 2 3 7 7 8 
351 354 360 360 354 360 5 3 2 8 8 
351 351 360 360 360 360 0 5 7 8 8 
308 356 360 360 360 360 4 5 0 5 8 
308 351 356 360 360 360 0 5 10 10 7 
308 292 359 360 360 360 8 10 2 7 8 
349 351 358 355 360 360 3 4 2 8 10 
308 292 356 360 360 360 1 1 4 7 8 
281 351 351 360 360 360 2 4 7 8 10 
0 351 351 356 360 360 0 3 10 8 0 
0 292 292 356 360 360 5 3 8 7 0 
0 292 308 356 360 360 2 3 8 67 0 
0 270 292 354 360 360 0 7 8 8 0 
0 281 351 351 360 360 2 8 8 78 0 
0 0 292 351 360 360 4 7 12 0 0 
0 0 270 270 360 360 5 10 8 0 0 
0 0 270 347 355 360 5 12 90 0 0 
0 0 270 270 351 360 8 90 10 0 0 
0 0 0 270 351 360 8 90 0 0 0 
0 0 0 270 270 254 90 90 0 0 0 
0 0 0 0 270 111 90 0 0 0 0 
