test/output/constant/M370_S060_A270_WD045.0_WS015.0/M370_S060_A270_WD045.0_WS015.0_arrival.asc
ncols         13
nrows         28
xllcorner     425503.990666
yllcorner     12748655.311160
cellsize      100.000000
NODATA_value  0.000000
166.041495 166.040918 166.040918 166.041495 0.000000 0.000000 0.000000 0.000000 0.000000 0.000000 0.000000 0.000000 0.000000 
166.040342 166.039189 166.039189 166.039189 166.040918 0.000000 0.000000 0.000000 0.000000 0.000000 0.000000 0.000000 0.000000 
166.039766 166.038037 166.037460 166.037460 166.038613 166.041495 0.000000 0.000000 0.000000 0.000000 0.000000 0.000000 0.000000 
166.039189 166.036884 166.035732 166.035732 166.036884 166.038613 0.000000 0.000000 0.000000 0.000000 0.000000 0.000000 0.000000 
166.039189 166.036308 166.034579 166.034579 166.034579 166.036308 166.039766 0.000000 0.000000 0.000000 0.000000 0.000000 0.000000 
166.039189 166.035732 166.033426 166.032850 166.032850 166.034003 166.036308 166.040918 0.000000 0.000000 0.000000 0.000000 0.000000 
166.039189 166.035155 166.032850 166.031121 166.031121 166.031697 166.034003 166.038037 0.000000 0.000000 0.000000 0.000000 0.000000 
166.039766 166.035155 166.031697 166.029968 166.029392 166.029968 166.031697 166.035155 166.040342 0.000000 0.000000 0.000000 0.000000 
166.040918 166.035732 166.031697 166.028816 166.028239 166.028239 166.029392 166.032274 166.036884 0.000000 0.000000 0.000000 0.000000 
0.000000 166.036308 166.031697 166.028239 166.026510 166.026510 166.027087 166.029392 166.033426 166.040342 0.000000 0.000000 0.000000 
0.000000 166.037460 166.031697 166.028239 166.025358 166.024782 166.024782 166.026510 166.030545 166.036884 0.000000 0.000000 0.000000 
0.000000 166.038613 166.032274 166.028239 166.024782 166.023053 166.023053 166.024205 166.027663 166.033426 166.041495 0.000000 0.000000 
0.000000 166.040918 166.033426 166.028239 166.024205 166.021900 166.021900 166.021900 166.024782 166.029968 166.037460 0.000000 0.000000 
0.000000 0.000000 166.035155 166.028816 166.024205 166.021324 166.020171 166.020171 166.021900 166.026510 166.034003 0.000000 0.000000 
0.000000 0.000000 166.038037 166.029968 166.024782 166.020747 166.018442 166.018442 166.019595 166.023053 166.029968 166.040342 0.000000 
0.000000 0.000000 166.041495 166.032274 166.025358 166.020747 166.017289 166.016713 166.017289 166.020171 166.026510 166.036308 0.000000 
0.000000 0.000000 0.000000 166.035155 166.026510 166.020747 166.017289 166.015561 166.015561 166.017289 166.023053 166.032274 0.000000 
0.000000 0.000000 0.000000 166.039766 166.029392 166.021900 166.016713 166.013832 166.013832 166.014984 166.019595 166.028239 0.000000 
0.000000 0.000000 0.000000 0.000000 166.032850 166.023629 166.017289 166.013255 166.012103 166.012679 166.016137 166.024205 166.041667 
0.000000 0.000000 0.000000 0.000000 166.038613 166.026510 166.018442 166.013255 166.010374 166.010374 166.012679 166.020747 166.038037 
0.000000 0.000000 0.000000 0.000000 0.000000 166.031697 166.020171 166.013255 166.009797 166.009221 166.009797 166.016713 166.034003 
0.000000 0.000000 0.000000 0.000000 0.000000 166.039189 166.024782 166.014984 166.009797 166.007492 166.007492 166.012679 166.029968 
0.000000 0.000000 0.000000 0.000000 0.000000 0.000000 166.032274 166.018442 166.009797 166.005763 166.005763 166.009221 166.026510 
0.000000 0.000000 0.000000 0.000000 0.000000 0.000000 0.000000 166.025358 166.012103 166.005763 166.004034 166.005763 166.022476 
0.000000 0.000000 0.000000 0.000000 0.000000 0.000000 0.000000 166.036884 166.018442 166.006339 166.002882 166.002882 166.019595 
0.000000 0.000000 0.000000 0.000000 0.000000 0.000000 0.000000 0.000000 166.030545 166.011526 166.002305 166.001153 166.019018 
0.000000 0.000000 0.000000 0.000000 0.000000 0.000000 0.000000 0.000000 0.000000 166.025934 166.004611 166.000000 166.020171 
0.000000 0.000000 0.000000 0.000000 0.000000 0.000000 0.000000 0.000000 0.000000 0.000000 166.031121 166.023053 166.035155 
