test/output/constant/M480_S060_A000_WD090.0_WS015.0/M480_S060_A000_WD090.0_WS015.0_arrival.asc
ncols         36
nrows         7
xllcorner     423103.990666
yllcorner     12748455.311160
cellsize      100.000000
NODATA_value  0.000000
0.000000 0.000000 0.000000 0.000000 0.000000 0.000000 0.000000 0.000000 166.041667 166.040736 166.039788 166.039315 166.038367 166.037420 166.036946 166.035999 166.035525 166.035525 166.035051 166.035525 166.035525 166.035999 166.036472 166.036946 166.038367 166.039788 0.000000 0.000000 0.000000 0.000000 0.000000 0.000000 0.000000 0.000000 0.000000 0.000000 
0.000000 0.000000 0.000000 166.040736 166.039788 166.038841 166.037420 166.036472 166.035525 166.034578 166.033157 166.032209 166.031262 166.029841 166.028894 166.027946 166.027473 166.026525 166.025578 166.024631 166.024157 166.023210 166.022262 166.021789 166.021315 166.021315 166.021315 166.021789 166.022262 166.024157 166.026052 166.030315 166.036946 0.000000 0.000000 0.000000 
0.000000 166.040736 166.039315 166.038367 166.037420 166.035999 166.035051 166.033630 166.032683 166.031262 166.030315 166.028894 166.027946 166.026525 166.025578 166.024157 166.023210 166.021789 166.020841 166.019894 166.018473 166.017526 166.016105 166.015157 166.013736 166.012789 166.011842 166.010421 166.009473 166.009000 166.008052 166.007105 166.007105 166.008052 166.011368 166.029367 
166.041209 166.039788 166.038841 166.037420 166.036472 166.035051 166.034104 166.032683 166.031736 166.030315 166.029367 166.027946 166.026999 166.025578 166.024631 166.023210 166.022262 166.020841 166.019894 166.018473 166.017526 166.016105 166.015157 166.013736 166.012789 166.011368 166.010421 166.009000 166.008052 166.006631 166.005684 166.004263 166.003316 166.001895 166.000947 166.000000 
0.000000 166.040736 166.039315 166.038367 166.037420 166.035999 166.035051 166.033630 166.032683 166.031262 166.030315 166.028894 166.027946 166.026525 166.025578 166.024157 166.023210 166.021789 166.020841 166.019894 166.018473 166.017526 166.016105 166.015157 166.013736 166.012789 166.011842 166.010421 166.009473 166.009000 166.008052 166.007105 166.007105 166.008052 166.011368 166.029367 
0.000000 0.000000 0.000000 166.040736 166.039788 166.038841 166.037420 166.036472 166.035525 166.034578 166.033157 166.032209 166.031262 166.029841 166.028894 166.027946 166.027473 166.026525 166.025578 166.024631 166.024157 166.023210 166.022262 166.021789 166.021315 166.021315 166.021315 166.021789 166.022262 166.024157 166.026052 166.030315 166.036946 0.000000 0.000000 0.000000 
0.000000 0.000000 0.000000 0.000000 0.000000 0.000000 0.000000 0.000000 166.041667 166.040736 166.039788 166.039315 166.038367 166.037420 166.036946 166.035999 166.035525 166.035525 166.035051 166.035525 166.035525 166.035999 166.036472 166.036946 166.038367 166.039788 0.000000 0.000000 0.000000 0.000000 0.000000 0.000000 0.000000 0.000000 0.000000 0.000000 
