test/output/constant/M3M480_S060_A180_WD270.0_WS035.0/M3M480_S060_A180_WD270.0_WS035.0_arrival.asc
ncols         54
nrows         7
xllcorner     426603.990666
yllcorner     12748455.311160
cellsize      100.000000
NODATA_value  0.000000
0.000000 0.000000 0.000000 0.000000 0.000000 0.000000 0.000000 0.000000 0.000000 0.000000 0.000000 0.000000 166.040864 166.039292 166.037092 166.035834 166.034891 166.034263 166.033634 166.033320 166.033005 166.032377 166.032377 166.032062 166.032062 166.032062 166.032377 166.032691 166.033320 166.033634 166.034263 166.034577 166.035206 166.035834 166.036149 166.036777 166.037406 166.038035 166.038349 166.038978 166.039606 166.040235 166.040864 166.041492 0.000000 0.000000 0.000000 0.000000 0.000000 0.000000 0.000000 0.000000 0.000000 0.000000 
0.000000 0.000000 0.000000 0.000000 166.038978 166.032691 166.027976 166.024833 166.023261 166.021689 166.020746 166.020117 166.019803 166.019489 166.019489 166.019489 166.019489 166.020117 166.020432 166.021060 166.021689 166.022003 166.022632 166.023261 166.023890 166.024204 166.024833 166.025461 166.026090 166.026719 166.027347 166.028290 166.028919 166.029548 166.030491 166.031119 166.031748 166.032377 166.033320 166.033948 166.034577 166.035520 166.036149 166.036777 166.037720 166.038349 166.038978 166.039921 166.040549 166.041178 0.000000 0.000000 0.000000 0.000000 
0.000000 166.014774 166.009116 166.007230 166.006601 166.006601 166.006915 166.007230 166.007858 166.008487 166.009116 166.009744 166.010687 166.011316 166.011945 166.012888 166.013516 166.014459 166.015088 166.015717 166.016660 166.017288 166.018231 166.018860 166.019803 166.020432 166.021375 166.022003 166.022632 166.023575 166.024204 166.025147 166.025776 166.026719 166.027347 166.028290 166.028919 166.029862 166.030491 166.031119 166.032062 166.032691 166.033634 166.034263 166.035206 166.035834 166.036777 166.037406 166.038349 166.038978 166.039606 166.040549 166.041178 0.000000 
166.000000 166.000629 166.001257 166.002200 166.002829 166.003772 166.004401 166.005344 166.005972 166.006915 166.007544 166.008487 166.009116 166.010059 166.010687 166.011630 166.012259 166.013202 166.013831 166.014774 166.015402 166.016345 166.016974 166.017917 166.018546 166.019489 166.020117 166.021060 166.021689 166.022632 166.023261 166.024204 166.024833 166.025776 166.026404 166.027347 166.027976 166.028919 166.029548 166.030491 166.031119 166.032062 166.032691 166.033634 166.034263 166.035206 166.035834 166.036777 166.037406 166.038349 166.038978 166.039921 166.040549 166.041492 
0.000000 166.014774 166.009116 166.007230 166.006601 166.006601 166.006915 166.007230 166.007858 166.008487 166.009116 166.009744 166.010687 166.011316 166.011945 166.012888 166.013516 166.014459 166.015088 166.015717 166.016660 166.017288 166.018231 166.018860 166.019803 166.020432 166.021375 166.022003 166.022632 166.023575 166.024204 166.025147 166.025776 166.026719 166.027347 166.028290 166.028919 166.029862 166.030491 166.031119 166.032062 166.032691 166.033634 166.034263 166.035206 166.035834 166.036777 166.037406 166.038349 166.038978 166.039606 166.040549 166.041178 0.000000 
0.000000 0.000000 0.000000 0.000000 166.038978 166.032691 166.027976 166.024833 166.023261 166.021689 166.020746 166.020117 166.019803 166.019489 166.019489 166.019489 166.019489 166.020117 166.020432 166.021060 166.021689 166.022003 166.022632 166.023261 166.023890 166.024204 166.024833 166.025461 166.026090 166.026719 166.027347 166.028290 166.028919 166.029548 166.030491 166.031119 166.031748 166.032377 166.033320 166.033948 166.034577 166.035520 166.036149 166.036777 166.037720 166.038349 166.038978 166.039921 166.040549 166.041178 0.000000 0.000000 0.000000 0.000000 
0.000000 0.000000 0.000000 0.000000 0.000000 0.000000 0.000000 0.000000 0.000000 0.000000 0.000000 0.000000 166.040864 166.039292 166.037092 166.035834 166.034891 166.034263 166.033634 166.033320 166.033005 166.032377 166.032377 166.032062 166.032062 166.032062 166.032377 166.032691 166.033320 166.033634 166.034263 166.034577 166.035206 166.035834 166.036149 166.036777 166.037406 166.038035 166.038349 166.038978 166.039606 166.040235 166.040864 166.041492 0.000000 0.000000 0.000000 0.000000 0.000000 0.000000 0.000000 0.000000 0.000000 0.000000 
