test/output/constant/M3M480_S060_A270_WD135.0_WS005.0/M3M480_S060_A270_WD135.0_WS005.0_arrival.asc
ncols         11
nrows         47
xllcorner     425903.990666
yllcorner     12748755.311160
cellsize      100.000000
NODATA_value  0.000000
0.000000 0.000000 166.041667 166.041380 166.041380 0.000000 0.000000 0.000000 0.000000 0.000000 0.000000 
0.000000 0.000000 166.041020 166.040660 166.040660 166.041380 0.000000 0.000000 0.000000 0.000000 0.000000 
0.000000 0.000000 166.040300 166.039581 166.039581 166.040300 0.000000 0.000000 0.000000 0.000000 0.000000 
0.000000 166.041380 166.039221 166.038861 166.038861 166.039221 166.041380 0.000000 0.000000 0.000000 0.000000 
0.000000 166.040660 166.038501 166.037781 166.037781 166.038501 166.040300 0.000000 0.000000 0.000000 0.000000 
0.000000 166.039940 166.038141 166.037062 166.037062 166.037422 166.039221 0.000000 0.000000 0.000000 0.000000 
0.000000 166.039221 166.037422 166.035982 166.035982 166.036342 166.038141 166.041020 0.000000 0.000000 0.000000 
0.000000 166.038861 166.036342 166.035263 166.034903 166.035263 166.037062 166.039940 0.000000 0.000000 0.000000 
0.000000 166.038141 166.035623 166.034183 166.034183 166.034543 166.035982 166.038861 0.000000 0.000000 0.000000 
0.000000 166.037781 166.035263 166.033464 166.033104 166.033464 166.034903 166.037781 0.000000 0.000000 0.000000 
166.041667 166.037062 166.034183 166.032744 166.032384 166.032384 166.033823 166.036702 166.041020 0.000000 0.000000 
166.041380 166.036702 166.033823 166.032024 166.031305 166.031664 166.032744 166.035623 166.039940 0.000000 0.000000 
166.041380 166.036342 166.033104 166.030945 166.030585 166.030585 166.031664 166.034543 166.038861 0.000000 0.000000 
166.041020 166.035982 166.032384 166.030225 166.029506 166.029506 166.030945 166.033464 166.037781 0.000000 0.000000 
166.041020 166.035623 166.031664 166.029506 166.028786 166.028786 166.029865 166.032384 166.036702 0.000000 0.000000 
166.041020 166.035623 166.031305 166.028786 166.027706 166.027706 166.028786 166.031305 166.035623 166.041380 0.000000 
166.041020 166.035263 166.030585 166.028066 166.026987 166.026987 166.027706 166.030225 166.034543 166.040300 0.000000 
166.040660 166.034903 166.030225 166.027347 166.026267 166.025907 166.026627 166.029146 166.033464 166.039221 0.000000 
166.041020 166.034903 166.029865 166.026627 166.025188 166.025188 166.025907 166.028066 166.032384 166.038141 0.000000 
166.041380 166.034903 166.029506 166.025907 166.024108 166.024108 166.024828 166.026987 166.031305 166.037062 0.000000 
0.000000 166.034543 166.029146 166.025547 166.023389 166.023389 166.023748 166.025907 166.030225 166.036342 0.000000 
0.000000 166.034543 166.028786 166.024828 166.022669 166.022309 166.022669 166.024828 166.029506 166.035263 0.000000 
0.000000 166.034543 166.028786 166.024108 166.021949 166.021589 166.021949 166.023748 166.028426 166.034183 0.000000 
0.000000 166.034903 166.028426 166.023748 166.021230 166.020510 166.020870 166.022669 166.027347 166.033464 0.000000 
0.000000 166.035623 166.028426 166.023389 166.020510 166.019790 166.019790 166.021589 166.026267 166.032384 0.000000 
0.000000 166.035982 166.028426 166.023029 166.019790 166.018711 166.018711 166.020510 166.025188 166.031664 0.000000 
0.000000 166.037062 166.028426 166.022669 166.019071 166.017991 166.017991 166.019430 166.024108 166.030945 0.000000 
0.000000 166.038141 166.028426 166.022309 166.018351 166.016912 166.016912 166.018351 166.023029 166.030225 0.000000 
0.000000 166.039581 166.029146 166.022309 166.017631 166.016192 166.016192 166.017272 166.021949 166.029506 0.000000 
0.000000 166.041020 166.029506 166.022309 166.017272 166.015113 166.015113 166.016192 166.020870 166.028786 166.041667 
0.000000 0.000000 166.030585 166.021949 166.016552 166.014393 166.014393 166.015472 166.019790 166.028066 166.041380 
0.000000 0.000000 166.031664 166.021949 166.016192 166.013673 166.013313 166.014393 166.018711 166.027347 166.041380 
0.000000 0.000000 166.033464 166.022669 166.016192 166.012954 166.012594 166.013313 166.017631 166.026627 166.041380 
0.000000 0.000000 166.035263 166.023029 166.015832 166.012234 166.011514 166.012234 166.016552 166.026267 166.041020 
0.000000 0.000000 166.037781 166.024108 166.015832 166.011514 166.010435 166.011155 166.015472 166.025907 166.041380 
0.000000 0.000000 166.040660 166.025547 166.015832 166.010795 166.009715 166.010075 166.014393 166.025547 0.000000 
0.000000 0.000000 0.000000 166.027706 166.016192 166.010075 166.008636 166.008996 166.013313 166.025188 0.000000 
0.000000 0.000000 0.000000 166.030225 166.016912 166.009715 166.007916 166.007916 166.012234 166.025188 0.000000 
0.000000 0.000000 0.000000 166.033464 166.017991 166.009715 166.006837 166.007196 166.011514 166.024828 0.000000 
0.000000 0.000000 0.000000 166.037422 166.019790 166.009715 166.006117 166.006117 166.010435 166.025188 0.000000 
0.000000 0.000000 0.000000 0.000000 166.022669 166.009715 166.005038 166.005038 166.009715 166.025907 0.000000 
0.000000 0.000000 0.000000 0.000000 166.026267 166.010435 166.004318 166.004318 166.009355 166.027347 0.000000 
0.000000 0.000000 0.000000 0.000000 166.033464 166.012234 166.003598 166.003238 166.008996 166.029146 0.000000 
0.000000 0.000000 0.000000 0.000000 0.000000 166.015472 166.003238 166.002519 166.008636 166.032744 0.000000 
0.000000 0.000000 0.000000 0.000000 0.000000 166.021949 166.003238 166.001439 166.008996 166.041020 0.000000 
0.000000 0.000000 0.000000 0.000000 0.000000 166.036702 166.004318 166.000720 166.010795 0.000000 0.000000 
0.000000 0.000000 0.000000 0.000000 0.000000 0.000000 166.013673 166.000000 166.020150 0.000000 0.000000 
