test/output/constant/C1_S060_A180_WD270.0_WS030.0/C1_S060_A180_WD270.0_WS030.0_arrival.asc
ncols         30
nrows         7
xllcorner     426603.990666
yllcorner     12748455.311160
cellsize      100.000000
NODATA_value  0.000000
0.000000 0.000000 0.000000 0.000000 0.000000 0.000000 0.000000 0.000000 0.000000 0.000000 166.041107 166.039965 166.039395 166.038253 166.038253 166.038253 166.038253 166.038253 166.038824 166.039965 166.040536 166.041667 0.000000 0.000000 0.000000 0.000000 0.000000 0.000000 0.000000 0.000000 
0.000000 0.000000 0.000000 166.035969 166.029689 166.026834 166.024550 166.023979 166.022837 166.022837 166.022837 166.023408 166.024550 166.025121 166.026263 166.027405 166.028547 166.029118 166.030260 166.031401 166.032543 166.034256 166.035398 166.036540 166.037682 166.039395 166.040536 166.041667 0.000000 0.000000 
166.034827 166.010848 166.008564 166.007993 166.007993 166.009135 166.010277 166.011419 166.012561 166.013702 166.014844 166.016557 166.017699 166.019412 166.020554 166.021696 166.023408 166.024550 166.026263 166.027405 166.029118 166.030260 166.031972 166.033114 166.034827 166.035969 166.037682 166.038824 166.040536 166.041667 
166.000000 166.001142 166.002284 166.003997 166.005138 166.006851 166.007993 166.009706 166.010848 166.012561 166.013702 166.015415 166.016557 166.018270 166.019412 166.021125 166.022266 166.023979 166.025121 166.026834 166.027976 166.029689 166.030831 166.032543 166.033685 166.035398 166.036540 166.038253 166.039395 166.041107 
166.034827 166.010848 166.008564 166.007993 166.007993 166.009135 166.010277 166.011419 166.012561 166.013702 166.014844 166.016557 166.017699 166.019412 166.020554 166.021696 166.023408 166.024550 166.026263 166.027405 166.029118 166.030260 166.031972 166.033114 166.034827 166.035969 166.037682 166.038824 166.040536 166.041667 
0.000000 0.000000 0.000000 166.035969 166.029689 166.026834 166.024550 166.023979 166.022837 166.022837 166.022837 166.023408 166.024550 166.025121 166.026263 166.027405 166.028547 166.029118 166.030260 166.031401 166.032543 166.034256 166.035398 166.036540 166.037682 166.039395 166.040536 166.041667 0.000000 0.000000 
0.000000 0.000000 0.000000 0.000000 0.000000 0.000000 0.000000 0.000000 0.000000 0.000000 166.041107 166.039965 166.039395 166.038253 166.038253 166.038253 166.038253 166.038253 166.038824 166.039965 166.040536 166.041667 0.000000 0.000000 0.000000 0.000000 0.000000 0.000000 0.000000 0.000000 
