test/output/constant/M395_S060_A090_WD135.0_WS045.0/M395_S060_A090_WD135.0_WS045.0_raz.asc
ncols         39
nrows         15
xllcorner     422903.990666
yllcorner     12747555.311160
cellsize      100.000000
NODATA_value  0.000000
0 0 0 0 0 0 0 0 0 0 0 0 0 0 0 0 0 0 0 0 0 0 0 0 0 0 0 0 0 0 0 282 288 277 288 282 5 0 0 
0 0 0 0 0 0 0 0 0 0 0 0 0 0 0 0 0 0 0 0 0 0 0 288 273 270 270 270 277 270 277 277 277 282 277 282 282 5 75 
0 0 0 0 0 0 0 0 0 0 0 0 0 0 0 0 0 277 277 268 270 296 273 273 270 270 277 277 277 277 270 273 268 270 258 255 255 65535 97 
0 0 0 0 0 0 0 0 0 0 0 0 0 0 288 282 277 288 282 277 288 268 270 268 268 273 268 270 270 258 257 262 255 255 255 254 248 175 165 
0 0 0 0 0 0 0 0 0 0 0 268 268 277 270 273 270 282 270 268 282 273 262 268 264 270 255 255 255 255 255 255 255 248 247 185 175 175 0 
0 0 0 0 0 0 0 0 0 282 268 268 277 270 270 268 270 264 277 259 261 268 255 255 255 255 255 255 255 252 250 185 247 201 201 201 144 0 0 
0 0 0 0 0 0 268 268 268 273 273 277 270 277 268 258 266 255 255 255 255 255 255 255 255 255 255 255 248 248 201 201 247 245 175 185 0 0 0 
0 0 0 0 268 264 277 257 277 257 270 277 255 255 255 255 255 255 255 255 255 255 255 255 251 248 248 248 201 144 201 175 185 175 0 0 0 0 0 
0 0 0 262 257 264 277 282 258 273 264 255 255 255 255 255 255 255 252 255 255 248 251 248 250 248 201 144 248 185 213 165 0 0 0 0 0 0 0 
0 0 259 259 255 270 258 255 255 255 255 255 255 255 255 255 255 255 252 248 247 248 247 248 201 247 144 201 245 0 0 0 0 0 0 0 0 0 0 
255 264 255 255 262 255 255 255 255 255 255 255 254 255 255 255 248 261 250 248 248 247 247 247 247 247 247 0 0 0 0 0 0 0 0 0 0 0 0 
270 255 255 255 255 255 255 255 255 255 255 255 255 250 252 247 201 248 247 165 248 247 247 175 0 0 0 0 0 0 0 0 0 0 0 0 0 0 0 
255 255 255 255 254 255 255 255 251 255 250 247 248 248 185 201 248 175 248 201 0 0 0 0 0 0 0 0 0 0 0 0 0 0 0 0 0 0 0 
255 255 255 255 250 253 255 255 248 250 201 250 185 248 248 247 0 0 0 0 0 0 0 0 0 0 0 0 0 0 0 0 0 0 0 0 0 0 0 
0 0 0 0 0 0 254 250 0 0 0 0 0 0 0 0 0 0 0 0 0 0 0 0 0 0 0 0 0 0 0 0 0 0 0 0 0 0 0 
