test/output/constant/M395_S060_A090_WD135.0_WS045.0/M395_S060_A090_WD135.0_WS045.0_ros.asc
ncols         39
nrows         15
xllcorner     422903.990666
yllcorner     12747555.311160
cellsize      100.000000
NODATA_value  0.000000
0.000000 0.000000 0.000000 0.000000 0.000000 0.000000 0.000000 0.000000 0.000000 0.000000 0.000000 0.000000 0.000000 0.000000 0.000000 0.000000 0.000000 0.000000 0.000000 0.000000 0.000000 0.000000 0.000000 0.000000 0.000000 0.000000 0.000000 0.000000 0.000000 0.000000 0.000000 13.995973 10.284856 18.292742 10.284856 13.995973 2.012437 0.000000 0.000000 
0.000000 0.000000 0.000000 0.000000 0.000000 0.000000 0.000000 0.000000 0.000000 0.000000 0.000000 0.000000 0.000000 0.000000 0.000000 0.000000 0.000000 0.000000 0.000000 0.000000 0.000000 0.000000 0.000000 10.284856 23.051001 28.129547 28.129547 28.129547 18.292742 28.129547 18.292742 18.292742 18.292742 13.995973 18.292742 13.995973 13.995973 2.012437 1.331028 
0.000000 0.000000 0.000000 0.000000 0.000000 0.000000 0.000000 0.000000 0.000000 0.000000 0.000000 0.000000 0.000000 0.000000 0.000000 0.000000 0.000000 18.292742 18.292742 33.376003 28.129547 7.258893 23.051001 23.051001 28.129547 28.129547 18.292742 18.292742 18.292742 18.292742 28.129547 23.051001 33.376003 28.129547 59.743343 63.982632 63.982632 0.000000 1.352881 
0.000000 0.000000 0.000000 0.000000 0.000000 0.000000 0.000000 0.000000 0.000000 0.000000 0.000000 0.000000 0.000000 0.000000 10.284856 13.995973 18.292742 10.284856 13.995973 18.292742 10.284856 33.376003 28.129547 33.376003 33.376003 23.051001 33.376003 28.129547 28.129547 59.743343 62.030106 48.541954 63.982632 63.982632 63.982632 63.916599 53.678879 3.002312 2.512607 
0.000000 0.000000 0.000000 0.000000 0.000000 0.000000 0.000000 0.000000 0.000000 0.000000 0.000000 33.376003 33.376003 18.292742 28.129547 23.051001 28.129547 13.995973 28.129547 33.376003 13.995973 23.051001 48.541954 33.376003 43.739006 28.129547 63.982632 63.982632 63.982632 63.982632 63.982632 63.982632 63.982632 53.678879 49.429874 3.639341 3.002312 3.002312 0.000000 
0.000000 0.000000 0.000000 0.000000 0.000000 0.000000 0.000000 0.000000 0.000000 13.995973 33.376003 33.376003 18.292742 28.129547 28.129547 33.376003 28.129547 43.739006 18.292742 56.667336 52.895401 33.376003 63.982632 63.982632 63.982632 63.982632 63.982632 63.982632 63.982632 62.376366 57.323116 3.639341 49.429874 5.372298 5.372298 5.372298 1.905247 0.000000 0.000000 
0.000000 0.000000 0.000000 0.000000 0.000000 0.000000 33.376003 33.376003 33.376003 23.051001 23.051001 18.292742 28.129547 18.292742 33.376003 59.743343 38.632141 63.982632 63.982632 63.982632 63.982632 63.982632 63.982632 63.982632 63.982632 63.982632 63.982632 63.982632 53.678879 53.678879 5.372298 5.372298 49.429874 44.705090 3.002312 3.639341 0.000000 0.000000 0.000000 
0.000000 0.000000 0.000000 0.000000 33.376003 43.739006 18.292742 62.030106 18.292742 62.030106 28.129547 18.292742 63.829483 63.982632 63.982632 63.982632 63.982632 63.982632 63.982632 63.982632 63.982632 63.982632 63.982632 63.982632 60.251934 53.678879 53.678879 53.678879 5.372298 1.905247 5.372298 3.002312 3.639341 3.002312 0.000000 0.000000 0.000000 0.000000 0.000000 
0.000000 0.000000 0.000000 48.541954 62.030106 43.739006 18.292742 13.995973 59.743343 23.051001 43.739006 63.982632 63.982632 63.982632 63.982632 63.982632 63.982632 63.982632 62.376366 63.982632 63.982632 53.678879 60.251934 53.678879 57.323116 53.678879 5.372298 1.905247 53.678879 3.639341 7.818912 2.512607 0.000000 0.000000 0.000000 0.000000 0.000000 0.000000 0.000000 
0.000000 0.000000 56.667336 56.667336 63.982632 28.129547 59.743343 63.982632 63.982632 63.982632 63.982632 63.982632 63.982632 63.982632 63.982632 63.982632 63.982632 63.982632 62.376366 53.678879 49.429874 53.678879 49.429874 53.678879 5.372298 49.429874 1.905247 5.372298 44.705090 0.000000 0.000000 0.000000 0.000000 0.000000 0.000000 0.000000 0.000000 0.000000 0.000000 
63.982632 43.739006 63.982632 63.982632 48.541954 63.982632 63.982632 63.982632 63.982632 63.982632 63.982632 63.982632 63.916599 63.982632 63.982632 63.982632 53.678879 52.895401 57.323116 53.678879 53.678879 49.429874 49.429874 49.429874 49.429874 49.429874 49.429874 0.000000 0.000000 0.000000 0.000000 0.000000 0.000000 0.000000 0.000000 0.000000 0.000000 0.000000 0.000000 
28.129547 63.982632 63.982632 63.982632 63.982632 63.982632 63.982632 63.982632 63.982632 63.982632 63.982632 63.982632 63.982632 57.323116 62.376366 49.429874 5.372298 53.678879 49.429874 2.512607 53.678879 49.429874 49.429874 3.002312 0.000000 0.000000 0.000000 0.000000 0.000000 0.000000 0.000000 0.000000 0.000000 0.000000 0.000000 0.000000 0.000000 0.000000 0.000000 
63.982632 63.982632 63.982632 63.982632 63.916599 63.982632 63.982632 63.982632 60.251934 63.982632 57.323116 49.429874 53.678879 53.678879 3.639341 5.372298 53.678879 3.002312 53.678879 5.372298 0.000000 0.000000 0.000000 0.000000 0.000000 0.000000 0.000000 0.000000 0.000000 0.000000 0.000000 0.000000 0.000000 0.000000 0.000000 0.000000 0.000000 0.000000 0.000000 
63.982632 63.982632 63.982632 63.982632 57.323116 63.631866 63.982632 63.982632 53.678879 57.323116 5.372298 57.323116 3.639341 53.678879 53.678879 49.429874 0.000000 0.000000 0.000000 0.000000 0.000000 0.000000 0.000000 0.000000 0.000000 0.000000 0.000000 0.000000 0.000000 0.000000 0.000000 0.000000 0.000000 0.000000 0.000000 0.000000 0.000000 0.000000 0.000000 
0.000000 0.000000 0.000000 0.000000 0.000000 0.000000 63.916599 57.323116 0.000000 0.000000 0.000000 0.000000 0.000000 0.000000 0.000000 0.000000 0.000000 0.000000 0.000000 0.000000 0.000000 0.000000 0.000000 0.000000 0.000000 0.000000 0.000000 0.000000 0.000000 0.000000 0.000000 0.000000 0.000000 0.000000 0.000000 0.000000 0.000000 0.000000 0.000000 
