test/output/constant/M3M470_S060_A090_WD045.0_WS015.0/M3M470_S060_A090_WD045.0_WS015.0_raz.asc
ncols         13
nrows         44
xllcorner     425503.990666
yllcorner     12744455.311160
cellsize      100.000000
NODATA_value  0.000000
0 0 0 0 0 0 0 0 0 0 310 254 75 
0 0 0 0 0 0 0 0 0 282 197 192 168 
0 0 0 0 0 0 0 0 0 273 192 192 168 
0 0 0 0 0 0 0 0 249 199 192 189 173 
0 0 0 0 0 0 0 0 310 199 192 187 179 
0 0 0 0 0 0 0 233 249 197 192 173 173 
0 0 0 0 0 0 0 233 199 192 192 173 173 
0 0 0 0 0 0 0 249 233 192 190 176 176 
0 0 0 0 0 0 199 233 197 192 190 181 179 
0 0 0 0 0 0 233 223 192 192 179 176 179 
0 0 0 0 0 0 199 249 192 192 187 179 0 
0 0 0 0 0 199 199 223 192 192 190 179 0 
0 0 0 0 0 199 233 196 192 189 184 179 0 
0 0 0 0 0 199 197 192 192 190 181 176 0 
0 0 0 0 200 197 233 192 192 173 176 176 0 
0 0 0 0 199 249 249 192 192 179 179 179 0 
0 0 0 0 249 197 195 192 192 187 181 168 0 
0 0 0 0 199 233 192 192 190 190 179 176 0 
0 0 0 249 233 197 192 192 190 181 176 179 0 
0 0 0 199 197 192 192 192 183 181 179 168 0 
0 0 0 199 199 192 192 192 181 181 179 0 0 
0 0 0 223 196 192 192 191 181 179 173 0 0 
0 0 197 199 196 192 192 190 187 176 179 0 0 
0 0 197 197 192 192 192 181 189 179 181 0 0 
0 0 223 196 194 192 192 184 168 168 168 0 0 
0 0 199 196 192 192 192 179 186 183 0 0 0 
0 0 197 197 192 192 179 179 183 181 0 0 0 
0 197 197 192 192 192 181 179 168 179 0 0 0 
0 233 197 192 192 191 181 176 181 176 0 0 0 
0 199 196 194 192 192 192 189 162 0 0 0 0 
0 197 192 192 192 192 183 179 179 0 0 0 0 
0 199 194 192 192 179 176 186 181 0 0 0 0 
0 197 192 192 192 192 179 191 0 0 0 0 0 
0 192 192 192 192 192 190 179 0 0 0 0 0 
0 192 192 192 188 191 173 184 0 0 0 0 0 
197 192 194 192 191 191 187 0 0 0 0 0 0 
196 194 192 192 192 179 181 0 0 0 0 0 0 
192 192 192 192 192 176 187 0 0 0 0 0 0 
192 192 192 192 192 181 0 0 0 0 0 0 0 
192 192 192 192 187 189 0 0 0 0 0 0 0 
192 192 192 181 179 0 0 0 0 0 0 0 0 
0 192 192 192 179 0 0 0 0 0 0 0 0 
0 192 192 192 0 0 0 0 0 0 0 0 0 
0 192 181 0 0 0 0 0 0 0 0 0 0 
