test/output/constant/M3M470_S060_A090_WD045.0_WS015.0/M3M470_S060_A090_WD045.0_WS015.0_ros.asc
ncols         13
nrows         44
xllcorner     425503.990666
yllcorner     12744455.311160
cellsize      100.000000
NODATA_value  0.000000
0.000000 0.000000 0.000000 0.000000 0.000000 0.000000 0.000000 0.000000 0.000000 0.000000 0.492123 0.000000 0.468479 
0.000000 0.000000 0.000000 0.000000 0.000000 0.000000 0.000000 0.000000 0.000000 0.750679 56.074322 73.635368 10.583953 
0.000000 0.000000 0.000000 0.000000 0.000000 0.000000 0.000000 0.000000 0.000000 0.924232 73.635368 73.635368 10.583953 
0.000000 0.000000 0.000000 0.000000 0.000000 0.000000 0.000000 0.000000 1.863486 50.394562 73.635368 66.151070 15.256997 
0.000000 0.000000 0.000000 0.000000 0.000000 0.000000 0.000000 0.000000 0.492123 50.394562 73.635368 56.863697 26.448368 
0.000000 0.000000 0.000000 0.000000 0.000000 0.000000 0.000000 3.635001 1.863486 56.074322 73.635368 15.256997 15.256997 
0.000000 0.000000 0.000000 0.000000 0.000000 0.000000 0.000000 3.635001 50.394562 73.635368 73.635368 15.256997 15.256997 
0.000000 0.000000 0.000000 0.000000 0.000000 0.000000 0.000000 1.863486 3.635001 73.635368 69.546837 20.599066 20.599066 
0.000000 0.000000 0.000000 0.000000 0.000000 0.000000 50.394562 3.635001 56.074322 73.635368 69.546837 32.627571 26.448368 
0.000000 0.000000 0.000000 0.000000 0.000000 0.000000 3.635001 6.348993 73.635368 73.635368 26.448368 20.599066 26.448368 
0.000000 0.000000 0.000000 0.000000 0.000000 0.000000 50.394562 1.863486 73.635368 73.635368 56.863697 26.448368 0.000000 
0.000000 0.000000 0.000000 0.000000 0.000000 50.394562 50.394562 6.348993 73.635368 73.635368 69.546837 26.448368 0.000000 
0.000000 0.000000 0.000000 0.000000 0.000000 50.394562 3.635001 61.186005 73.635368 66.151070 45.221523 26.448368 0.000000 
0.000000 0.000000 0.000000 0.000000 0.000000 50.394562 56.074322 73.635368 73.635368 69.546837 32.627571 20.599066 0.000000 
0.000000 0.000000 0.000000 0.000000 44.319447 56.074322 3.635001 73.635368 73.635368 15.256997 20.599066 20.599066 0.000000 
0.000000 0.000000 0.000000 0.000000 50.394562 1.863486 1.863486 73.635368 73.635368 26.448368 26.448368 26.448368 0.000000 
0.000000 0.000000 0.000000 0.000000 1.863486 56.074322 69.105385 73.635368 73.635368 56.863697 32.627571 10.583953 0.000000 
0.000000 0.000000 0.000000 0.000000 50.394562 3.635001 73.635368 73.635368 69.546837 69.546837 26.448368 20.599066 0.000000 
0.000000 0.000000 0.000000 1.863486 3.635001 56.074322 73.635368 73.635368 69.546837 32.627571 20.599066 26.448368 0.000000 
0.000000 0.000000 0.000000 50.394562 56.074322 73.635368 73.635368 73.635368 38.949234 32.627571 26.448368 10.583953 0.000000 
0.000000 0.000000 0.000000 50.394562 50.394562 73.635368 73.635368 73.635368 32.627571 32.627571 26.448368 0.000000 0.000000 
0.000000 0.000000 0.000000 6.348993 61.186005 73.635368 73.635368 73.330238 32.627571 26.448368 15.256997 0.000000 0.000000 
0.000000 0.000000 56.074322 50.394562 61.186005 73.635368 73.635368 69.546837 56.863697 20.599066 26.448368 0.000000 0.000000 
0.000000 0.000000 56.074322 56.074322 73.635368 73.635368 73.635368 32.627571 66.151070 26.448368 32.627571 0.000000 0.000000 
0.000000 0.000000 6.348993 61.186005 71.672256 73.635368 73.635368 45.221523 10.583953 10.583953 10.583953 0.000000 0.000000 
0.000000 0.000000 50.394562 61.186005 73.635368 73.635368 73.635368 26.448368 51.254059 38.949234 0.000000 0.000000 0.000000 
0.000000 0.000000 56.074322 56.074322 73.635368 73.635368 26.448368 26.448368 38.949234 32.627571 0.000000 0.000000 0.000000 
0.000000 56.074322 56.074322 73.635368 73.635368 73.635368 32.627571 26.448368 10.583953 26.448368 0.000000 0.000000 0.000000 
0.000000 3.635001 56.074322 73.635368 73.635368 71.964348 32.627571 20.599066 32.627571 20.599066 0.000000 0.000000 0.000000 
0.000000 50.394562 61.186005 71.672256 73.635368 73.635368 73.635368 66.151070 6.748351 0.000000 0.000000 0.000000 0.000000 
0.000000 56.074322 73.635368 73.635368 73.635368 73.635368 38.949234 26.448368 26.448368 0.000000 0.000000 0.000000 0.000000 
0.000000 50.394562 71.672256 73.635368 73.635368 26.448368 20.599066 51.254059 32.627571 0.000000 0.000000 0.000000 0.000000 
0.000000 56.074322 73.635368 73.635368 73.635368 73.635368 26.448368 71.964348 0.000000 0.000000 0.000000 0.000000 0.000000 
0.000000 73.635368 73.635368 73.635368 73.635368 73.575745 69.546837 26.448368 0.000000 0.000000 0.000000 0.000000 0.000000 
0.000000 73.635368 73.635368 73.635368 61.880138 71.964348 15.256997 45.221523 0.000000 0.000000 0.000000 0.000000 0.000000 
56.074322 73.635368 71.672256 73.635368 71.964348 73.330238 56.863697 0.000000 0.000000 0.000000 0.000000 0.000000 0.000000 
61.186005 71.672256 73.635368 73.635368 73.635368 26.448368 32.627571 0.000000 0.000000 0.000000 0.000000 0.000000 0.000000 
73.635368 73.635368 73.635368 73.575745 73.635368 20.599066 56.863697 0.000000 0.000000 0.000000 0.000000 0.000000 0.000000 
73.635368 73.635368 73.635368 73.635368 73.635368 32.627571 0.000000 0.000000 0.000000 0.000000 0.000000 0.000000 0.000000 
73.635368 73.635368 73.635368 73.635368 56.863697 66.151070 0.000000 0.000000 0.000000 0.000000 0.000000 0.000000 0.000000 
73.635368 73.635368 73.635368 32.627571 26.448368 0.000000 0.000000 0.000000 0.000000 0.000000 0.000000 0.000000 0.000000 
0.000000 73.635368 73.635368 73.635368 26.448368 0.000000 0.000000 0.000000 0.000000 0.000000 0.000000 0.000000 0.000000 
0.000000 73.635368 73.635368 73.635368 0.000000 0.000000 0.000000 0.000000 0.000000 0.000000 0.000000 0.000000 0.000000 
0.000000 73.635368 32.627571 0.000000 0.000000 0.000000 0.000000 0.000000 0.000000 0.000000 0.000000 0.000000 0.000000 
