test/output/constant/M490_S060_A180_WD270.0_WS010.0/M490_S060_A180_WD270.0_WS010.0_arrival.asc
ncols         37
nrows         7
xllcorner     426603.990666
yllcorner     12748455.311160
cellsize      100.000000
NODATA_value  0.000000
0.000000 0.000000 0.000000 0.000000 0.000000 0.000000 0.000000 166.040856 166.037606 166.035749 166.034356 166.033428 166.032499 166.032035 166.031571 166.031571 166.031571 166.031571 166.032035 166.032963 166.033428 166.034356 166.035285 166.035749 166.036678 166.037606 166.038070 166.038999 166.039927 166.040856 166.041667 0.000000 0.000000 0.000000 0.000000 0.000000 0.000000 
0.000000 0.000000 166.040856 166.030178 166.024606 166.021821 166.020428 166.019499 166.019035 166.019035 166.019035 166.019499 166.019964 166.020892 166.021821 166.022285 166.023214 166.024142 166.025071 166.025999 166.026928 166.027856 166.028785 166.030178 166.031106 166.032035 166.032963 166.033892 166.035285 166.036213 166.037606 166.038535 166.039463 166.040856 166.041667 0.000000 0.000000 
166.023214 166.008821 166.006964 166.006500 166.006500 166.007428 166.008357 166.009285 166.010214 166.011143 166.012535 166.013464 166.014392 166.015785 166.016714 166.018107 166.019035 166.020428 166.021357 166.022749 166.023678 166.024606 166.025999 166.026928 166.028321 166.029249 166.030642 166.031571 166.032963 166.033892 166.035285 166.036213 166.037606 166.038535 166.039463 166.040856 0.000000 
166.000000 166.000929 166.001857 166.003250 166.004178 166.005571 166.006500 166.007893 166.008821 166.010214 166.011143 166.012535 166.013464 166.014857 166.015785 166.017178 166.018107 166.019499 166.020428 166.021821 166.022749 166.024142 166.025071 166.026464 166.027392 166.028785 166.029713 166.031106 166.032035 166.033428 166.034356 166.035749 166.036678 166.038070 166.038999 166.040392 166.041320 
166.023214 166.008821 166.006964 166.006500 166.006500 166.007428 166.008357 166.009285 166.010214 166.011143 166.012535 166.013464 166.014392 166.015785 166.016714 166.018107 166.019035 166.020428 166.021357 166.022749 166.023678 166.024606 166.025999 166.026928 166.028321 166.029249 166.030642 166.031571 166.032963 166.033892 166.035285 166.036213 166.037606 166.038535 166.039463 166.040856 0.000000 
0.000000 0.000000 166.040856 166.030178 166.024606 166.021821 166.020428 166.019499 166.019035 166.019035 166.019035 166.019499 166.019964 166.020892 166.021821 166.022285 166.023214 166.024142 166.025071 166.025999 166.026928 166.027856 166.028785 166.030178 166.031106 166.032035 166.032963 166.033892 166.035285 166.036213 166.037606 166.038535 166.039463 166.040856 166.041667 0.000000 0.000000 
0.000000 0.000000 0.000000 0.000000 0.000000 0.000000 0.000000 166.040856 166.037606 166.035749 166.034356 166.033428 166.032499 166.032035 166.031571 166.031571 166.031571 166.031571 166.032035 166.032963 166.033428 166.034356 166.035285 166.035749 166.036678 166.037606 166.038070 166.038999 166.039927 166.040856 166.041667 0.000000 0.000000 0.000000 0.000000 0.000000 0.000000 
