test/output/constant/M3M4100_S000_A180_WD045.0_WS020.0/M3M4100_S000_A180_WD045.0_WS020.0_raz.asc
ncols         22
nrows         22
xllcorner     424703.990666
yllcorner     12746855.311160
cellsize      100.000000
NODATA_value  0.000000
0 0 0 0 0 0 0 0 0 0 0 0 0 0 0 0 315 277 286 306 24 45 
0 0 0 0 0 0 0 0 0 0 0 0 0 315 286 315 306 297 286 297 24 24 
0 0 0 0 0 0 0 0 0 0 0 0 286 297 277 286 277 327 230 254 152 143 
0 0 0 0 0 0 0 0 0 0 327 269 306 315 277 277 239 225 225 215 163 163 
0 0 0 0 0 0 0 0 0 286 306 315 248 269 297 239 225 223 201 122 152 172 
0 0 0 0 0 0 0 0 306 297 277 269 286 236 225 226 225 217 210 172 143 135 
0 0 0 0 0 0 0 277 277 315 241 277 257 232 225 223 223 210 172 163 135 0 
0 0 0 0 0 0 269 286 241 286 236 257 277 225 225 219 225 152 172 172 163 0 
0 0 0 0 0 269 262 269 286 257 225 228 225 225 219 217 213 180 135 152 135 0 
0 0 0 0 297 297 236 236 262 226 225 225 225 223 172 192 163 201 143 163 0 0 
0 0 0 0 262 297 262 234 286 225 225 221 225 221 192 172 180 135 180 0 0 0 
0 0 0 269 239 257 225 228 225 225 225 225 180 225 213 208 172 143 122 0 0 0 
0 0 277 262 269 225 225 225 225 225 225 219 223 192 163 135 152 163 0 0 0 0 
0 0 239 239 262 277 225 225 225 225 225 163 187 163 208 172 143 0 0 0 0 0 
0 262 225 286 228 225 225 225 225 221 221 215 213 180 163 172 0 0 0 0 0 0 
0 225 228 225 225 225 225 225 225 225 225 187 213 187 180 0 0 0 0 0 0 0 
0 230 225 225 225 225 225 213 172 225 192 152 152 180 0 0 0 0 0 0 0 0 
286 225 225 225 225 225 225 210 187 180 210 187 152 0 0 0 0 0 0 0 0 0 
225 225 225 225 225 225 225 163 210 187 180 0 0 0 0 0 0 0 0 0 0 0 
225 225 225 225 225 221 221 225 210 172 0 0 0 0 0 0 0 0 0 0 0 0 
0 225 225 225 225 219 225 187 0 0 0 0 0 0 0 0 0 0 0 0 0 0 
0 0 225 225 163 0 0 0 0 0 0 0 0 0 0 0 0 0 0 0 0 0 
