test/output/constant/M355_S060_A180_WD270.0_WS010.0/M355_S060_A180_WD270.0_WS010.0_arrival.asc
ncols         39
nrows         7
xllcorner     426603.990666
yllcorner     12748455.311160
cellsize      100.000000
NODATA_value  0.000000
0.000000 0.000000 0.000000 0.000000 0.000000 0.000000 0.000000 0.000000 166.041300 166.038664 166.036467 166.035149 166.034270 166.033391 166.032952 166.032952 166.032513 166.032513 166.032513 166.032513 166.033391 166.033831 166.034710 166.035588 166.036028 166.036906 166.037785 166.038224 166.039103 166.039982 166.040861 166.041667 0.000000 0.000000 0.000000 0.000000 0.000000 0.000000 0.000000 
0.000000 0.000000 0.000000 166.032952 166.027680 166.024165 166.021968 166.020650 166.020211 166.019771 166.019771 166.019771 166.019771 166.020650 166.021529 166.021968 166.022847 166.023725 166.024604 166.025044 166.025922 166.026801 166.027680 166.028998 166.029877 166.030755 166.031634 166.032952 166.033831 166.034710 166.036028 166.036906 166.037785 166.038664 166.039982 166.040861 0.000000 0.000000 0.000000 
166.024604 166.010105 166.007030 166.006590 166.006590 166.007469 166.008348 166.008787 166.009666 166.010984 166.011863 166.012741 166.014060 166.014938 166.016256 166.017135 166.018453 166.019332 166.020211 166.021529 166.022407 166.023725 166.024604 166.025922 166.026801 166.028119 166.028998 166.030316 166.031195 166.032513 166.033391 166.034270 166.035588 166.036467 166.037785 166.038664 166.039982 166.040861 0.000000 
166.000000 166.000879 166.001757 166.003076 166.003954 166.005272 166.006151 166.007469 166.008348 166.009666 166.010545 166.011863 166.012741 166.014060 166.014938 166.016256 166.017135 166.018453 166.019332 166.020650 166.021529 166.022847 166.023725 166.025044 166.025922 166.027240 166.028119 166.029437 166.030316 166.031634 166.032513 166.033831 166.034710 166.036028 166.036906 166.038224 166.039103 166.040421 166.041300 
166.024604 166.010105 166.007030 166.006590 166.006590 166.007469 166.008348 166.008787 166.009666 166.010984 166.011863 166.012741 166.014060 166.014938 166.016256 166.017135 166.018453 166.019332 166.020211 166.021529 166.022407 166.023725 166.024604 166.025922 166.026801 166.028119 166.028998 166.030316 166.031195 166.032513 166.033391 166.034270 166.035588 166.036467 166.037785 166.038664 166.039982 166.040861 0.000000 
0.000000 0.000000 0.000000 166.032952 166.027680 166.024165 166.021968 166.020650 166.020211 166.019771 166.019771 166.019771 166.019771 166.020650 166.021529 166.021968 166.022847 166.023725 166.024604 166.025044 166.025922 166.026801 166.027680 166.028998 166.029877 166.030755 166.031634 166.032952 166.033831 166.034710 166.036028 166.036906 166.037785 166.038664 166.039982 166.040861 0.000000 0.000000 0.000000 
0.000000 0.000000 0.000000 0.000000 0.000000 0.000000 0.000000 0.000000 166.041300 166.038664 166.036467 166.035149 166.034270 166.033391 166.032952 166.032952 166.032513 166.032513 166.032513 166.032513 166.033391 166.033831 166.034710 166.035588 166.036028 166.036906 166.037785 166.038224 166.039103 166.039982 166.040861 166.041667 0.000000 0.000000 0.000000 0.000000 0.000000 0.000000 0.000000 
