test/output/constant/M3M485_S060_A000_WD180.0_WS010.0/M3M485_S060_A000_WD180.0_WS010.0_intensity.asc
ncols         46
nrows         15
xllcorner     422103.990666
yllcorner     12748655.311160
cellsize      100.000000
NODATA_value  0.000000
0 68460 66466 56569 66466 64013 60680 56569 46534 51806 51806 51806 68314 0 0 0 0 0 0 0 0 0 0 0 0 0 0 0 0 0 0 0 0 0 0 0 0 0 0 0 0 0 0 0 0 0 
68460 68460 68460 67965 67965 68460 60680 68460 66466 56569 64013 3712 51806 56569 46534 46534 46534 46534 2099 0 0 0 0 0 0 0 0 0 0 0 0 0 0 0 0 0 0 0 0 0 0 0 0 0 0 0 
68460 68460 68460 68460 68460 68460 68460 68460 68460 68460 68460 68460 51806 67965 3712 56569 51806 1553 46534 2099 46534 3712 3712 0 0 0 0 0 0 0 0 0 0 0 0 0 0 0 0 0 0 0 0 0 0 0 
68460 30433 68460 68460 68460 68460 68460 68460 68460 68460 66466 68460 68460 66466 68460 66466 68314 3712 46534 46534 51806 46534 46534 51806 3712 46534 6201 0 0 0 0 0 0 0 0 0 0 0 0 0 0 0 0 0 0 0 
0 30433 30433 61409 52794 66843 47607 68460 68460 68460 68460 68460 68460 68460 68460 66466 68460 60680 68460 68460 3712 46534 56569 46534 46534 51806 3712 46534 906 46534 0 0 0 0 0 0 0 0 0 0 0 0 0 0 0 0 
0 0 0 30433 30433 61409 30433 68460 68460 68460 24751 68460 68460 68460 68460 68460 68460 68314 68460 68460 67965 51806 68460 3712 51806 46534 46534 6201 46534 6201 51806 46534 46534 0 0 0 0 0 0 0 0 0 0 0 0 0 
0 0 0 0 64575 61409 47607 24751 42037 24751 24751 30433 61409 57442 66843 68460 68460 68460 68460 68460 68460 68460 68460 68460 46534 66466 56569 46534 1206 1553 46534 46534 6201 3712 2099 46534 0 0 0 0 0 0 0 0 0 0 
0 0 0 0 0 0 30433 30433 52794 24751 30433 36254 30433 30433 57442 30433 68460 68460 30433 68460 68460 68460 68460 68460 68460 68460 68460 56569 66466 56569 46534 46534 46534 46534 51806 46534 2099 1553 0 0 0 0 0 0 0 0 
0 0 0 0 0 0 0 0 0 30433 24751 24751 42037 30433 52794 30433 68460 68460 30433 24751 30433 24751 61409 68460 68460 68460 68460 68460 66466 68460 64013 64013 60680 46534 51806 46534 51806 3712 46534 46534 0 0 0 0 0 0 
0 0 0 0 0 0 0 0 0 0 0 30433 30433 24751 30433 61409 68146 24751 24751 61409 24751 42037 36254 42037 30433 57442 68460 68460 68460 68460 68460 68460 68460 68460 68314 56569 51806 46534 51806 46534 2099 1206 0 0 0 0 
0 0 0 0 0 0 0 0 0 0 0 0 0 0 42037 30433 24751 30433 30433 30433 61409 30433 30433 61409 24751 30433 30433 47607 52794 52794 24751 68460 68460 68460 68460 68460 68460 68460 56569 46534 46534 1553 2099 1206 0 0 
0 0 0 0 0 0 0 0 0 0 0 0 0 0 0 0 0 30433 30433 30433 30433 30433 24751 24751 24751 30433 47607 30433 30433 30433 64575 24751 61409 24751 68460 68460 68460 68460 68460 68460 68460 56569 46534 3712 2099 1553 
0 0 0 0 0 0 0 0 0 0 0 0 0 0 0 0 0 0 0 0 0 24751 30433 24751 24751 30433 24751 24751 30433 30433 24751 30433 24751 24751 30433 52794 30433 57442 57442 68460 68460 68460 68460 67965 56569 1553 
0 0 0 0 0 0 0 0 0 0 0 0 0 0 0 0 0 0 0 0 0 0 0 0 0 30433 24751 24751 24751 24751 24751 24751 30433 24751 30433 24751 24751 30433 24751 24751 24751 30433 24751 68460 68460 0 
0 0 0 0 0 0 0 0 0 0 0 0 0 0 0 0 0 0 0 0 0 0 0 0 0 0 0 0 0 0 0 0 24751 24751 24751 24751 24751 24751 24751 30433 24751 24751 10202 14480 862 862 
