test/output/constant/M3M470_S060_A000_WD090.0_WS005.0/M3M470_S060_A000_WD090.0_WS005.0_arrival.asc
ncols         42
nrows         9
xllcorner     422503.990666
yllcorner     12748355.311160
cellsize      100.000000
NODATA_value  0.000000
0.000000 0.000000 0.000000 0.000000 0.000000 0.000000 0.000000 0.000000 0.000000 0.000000 0.000000 0.000000 166.041667 166.041299 166.040489 166.039679 166.039274 166.038870 166.038870 166.038870 166.038870 166.038870 166.039274 166.039274 166.039679 166.040489 166.040894 166.041667 0.000000 0.000000 0.000000 0.000000 0.000000 0.000000 0.000000 0.000000 0.000000 0.000000 0.000000 0.000000 0.000000 0.000000 
0.000000 0.000000 0.000000 0.000000 0.000000 166.041667 166.040489 166.039679 166.038870 166.038060 166.037250 166.036440 166.035630 166.034821 166.034011 166.033606 166.032796 166.031986 166.031582 166.030772 166.029962 166.029557 166.028747 166.028342 166.027938 166.027938 166.027938 166.027938 166.027938 166.028747 166.029152 166.029962 166.031177 166.033606 166.036035 166.039679 0.000000 0.000000 0.000000 0.000000 0.000000 0.000000 
0.000000 0.000000 166.041299 166.040489 166.039274 166.038465 166.037250 166.036440 166.035630 166.034821 166.033606 166.032796 166.031986 166.030772 166.029962 166.028747 166.027938 166.027128 166.026318 166.025103 166.024293 166.023484 166.022674 166.021864 166.021054 166.020245 166.019840 166.019030 166.018220 166.017410 166.017005 166.016601 166.016601 166.017005 166.017410 166.018220 166.019435 166.022269 166.026318 166.033606 0.000000 0.000000 
166.041667 166.040489 166.039679 166.038465 166.037655 166.036440 166.035630 166.034416 166.033606 166.032796 166.031582 166.030772 166.029557 166.028747 166.027533 166.026723 166.025508 166.024698 166.023484 166.022674 166.021459 166.020649 166.019840 166.018625 166.017815 166.016601 166.015791 166.014576 166.013766 166.012957 166.011742 166.010932 166.009717 166.008908 166.008098 166.007288 166.006478 166.005668 166.005668 166.006073 166.008098 166.019030 
166.041299 166.040084 166.039274 166.038060 166.037250 166.036035 166.035226 166.034011 166.033201 166.031986 166.031177 166.029962 166.029152 166.027938 166.027128 166.025913 166.025103 166.023889 166.023079 166.021864 166.021054 166.019840 166.019030 166.017815 166.017005 166.015791 166.014981 166.013766 166.012957 166.011742 166.010932 166.009717 166.008908 166.007693 166.006883 166.005668 166.004859 166.003644 166.002834 166.001620 166.000810 166.000000 
166.041667 166.040489 166.039679 166.038465 166.037655 166.036440 166.035630 166.034416 166.033606 166.032796 166.031582 166.030772 166.029557 166.028747 166.027533 166.026723 166.025508 166.024698 166.023484 166.022674 166.021459 166.020649 166.019840 166.018625 166.017815 166.016601 166.015791 166.014576 166.013766 166.012957 166.011742 166.010932 166.009717 166.008908 166.008098 166.007288 166.006478 166.005668 166.005668 166.006073 166.008098 166.019030 
0.000000 0.000000 166.041299 166.040489 166.039274 166.038465 166.037250 166.036440 166.035630 166.034821 166.033606 166.032796 166.031986 166.030772 166.029962 166.028747 166.027938 166.027128 166.026318 166.025103 166.024293 166.023484 166.022674 166.021864 166.021054 166.020245 166.019840 166.019030 166.018220 166.017410 166.017005 166.016601 166.016601 166.017005 166.017410 166.018220 166.019435 166.022269 166.026318 166.033606 0.000000 0.000000 
0.000000 0.000000 0.000000 0.000000 0.000000 166.041667 166.040489 166.039679 166.038870 166.038060 166.037250 166.036440 166.035630 166.034821 166.034011 166.033606 166.032796 166.031986 166.031582 166.030772 166.029962 166.029557 166.028747 166.028342 166.027938 166.027938 166.027938 166.027938 166.027938 166.028747 166.029152 166.029962 166.031177 166.033606 166.036035 166.039679 0.000000 0.000000 0.000000 0.000000 0.000000 0.000000 
0.000000 0.000000 0.000000 0.000000 0.000000 0.000000 0.000000 0.000000 0.000000 0.000000 0.000000 0.000000 166.041667 166.041299 166.040489 166.039679 166.039274 166.038870 166.038870 166.038870 166.038870 166.038870 166.039274 166.039274 166.039679 166.040489 166.040894 166.041667 0.000000 0.000000 0.000000 0.000000 0.000000 0.000000 0.000000 0.000000 0.000000 0.000000 0.000000 0.000000 0.000000 0.000000 
