test/output/constant/M3M470_S060_A090_WD225.0_WS015.0/M3M470_S060_A090_WD225.0_WS015.0_intensity.asc
ncols         13
nrows         26
xllcorner     426503.990666
yllcorner     12746355.311160
cellsize      100.000000
NODATA_value  0.000000
1154 1266 1833 0 0 0 0 0 0 0 0 0 0 
1154 0 4948 1833 0 0 0 0 0 0 0 0 0 
7541 36514 36514 23180 1731 0 0 0 0 0 0 0 0 
18395 36514 36514 36514 1645 1420 0 0 0 0 0 0 0 
18395 36514 36514 33029 26021 1266 0 0 0 0 0 0 0 
7541 29641 36514 34622 1833 23180 20223 0 0 0 0 0 0 
18395 24320 35134 36514 36387 36387 26021 23180 0 0 0 0 0 
21390 5507 33720 36514 36514 36514 26021 26021 0 0 0 0 0 
5507 9919 9919 36514 36514 35753 1731 26021 1266 0 0 0 0 
0 15427 29641 36514 36514 35753 36387 26021 23180 0 0 0 0 
0 18395 27098 36514 36514 35753 36514 36387 1731 26021 0 0 0 
0 18395 29641 29641 36514 36387 36514 33029 36514 26021 0 0 0 
0 18395 27098 12573 27098 36514 36514 35753 1833 1420 0 0 0 
0 0 5507 31870 36497 36514 36514 35753 36514 36514 1833 0 0 
0 0 24320 5507 9919 36514 33029 36514 31022 1833 26021 0 0 
0 0 7541 24320 27098 36514 36514 36514 35753 36514 1731 0 0 
0 0 0 27098 27098 36514 36514 36514 36514 36514 36387 36514 0 
0 0 0 27098 36514 36514 36514 36514 36514 34622 34622 35753 0 
0 0 0 0 31870 9919 31870 36514 36514 36514 36514 36387 0 
0 0 0 0 24320 33720 36514 36514 35753 36514 36514 1833 0 
0 0 0 0 0 29641 36514 35134 36514 36514 34622 36514 0 
0 0 0 0 0 7541 36514 36514 36514 36514 36514 36514 0 
0 0 0 0 0 0 33720 36514 36514 36514 35753 36514 36514 
0 0 0 0 0 0 0 36514 36514 36514 36514 36514 36514 
0 0 0 0 0 0 0 0 36514 36514 36514 36514 0 
0 0 0 0 0 0 0 0 0 36514 36514 36514 0 
