test/output/constant/M3M470_S060_A090_WD225.0_WS015.0/M3M470_S060_A090_WD225.0_WS015.0_ros.asc
ncols         13
nrows         26
xllcorner     426503.990666
yllcorner     12746355.311160
cellsize      100.000000
NODATA_value  0.000000
1.364166 1.497183 2.167112 0.000000 0.000000 0.000000 0.000000 0.000000 0.000000 0.000000 0.000000 0.000000 0.000000 
1.364166 -1.000000 5.848135 2.167112 0.000000 0.000000 0.000000 0.000000 0.000000 0.000000 0.000000 0.000000 0.000000 
8.912408 43.153049 43.153049 27.394585 2.046596 0.000000 0.000000 0.000000 0.000000 0.000000 0.000000 0.000000 0.000000 
21.740488 43.153049 43.153049 43.153049 1.944910 1.678470 0.000000 0.000000 0.000000 0.000000 0.000000 0.000000 0.000000 
21.740488 43.153049 43.153049 39.034496 30.752998 1.497183 0.000000 0.000000 0.000000 0.000000 0.000000 0.000000 0.000000 
8.912408 35.030018 43.153049 40.917255 2.167112 27.394585 23.900541 0.000000 0.000000 0.000000 0.000000 0.000000 0.000000 
21.740488 28.742180 41.521694 43.153049 43.003033 43.003033 30.752998 27.394585 0.000000 0.000000 0.000000 0.000000 0.000000 
25.279099 6.508791 39.850948 43.153049 43.153049 43.153049 30.752998 30.752998 0.000000 0.000000 0.000000 0.000000 0.000000 
6.508791 11.722764 11.722764 43.153049 43.153049 42.253677 2.046596 30.752998 1.497183 0.000000 0.000000 0.000000 0.000000 
0.000000 18.232540 35.030018 43.153049 43.153049 42.253677 43.003033 30.752998 27.394585 0.000000 0.000000 0.000000 0.000000 
0.000000 21.740488 32.025494 43.153049 43.153049 42.253677 43.153049 43.003033 2.046596 30.752998 0.000000 0.000000 0.000000 
0.000000 21.740488 35.030018 35.030018 43.153049 43.003033 43.153049 39.034496 43.153049 30.752998 0.000000 0.000000 0.000000 
0.000000 21.740488 32.025494 14.860007 32.025494 43.153049 43.153049 42.253677 2.167112 1.678470 0.000000 0.000000 0.000000 
0.000000 0.000000 6.508791 37.665039 43.132992 43.153049 43.153049 42.253677 43.153049 43.153049 2.167112 0.000000 0.000000 
0.000000 0.000000 28.742180 6.508791 11.722764 43.153049 39.034496 43.153049 36.662689 2.167112 30.752998 0.000000 0.000000 
0.000000 0.000000 8.912408 28.742180 32.025494 43.153049 43.153049 43.153049 42.253677 43.153049 2.046596 0.000000 0.000000 
0.000000 0.000000 0.000000 32.025494 32.025494 43.153049 43.153049 43.153049 43.153049 43.153049 43.003033 43.153049 0.000000 
0.000000 0.000000 0.000000 32.025494 43.153049 43.153049 43.153049 43.153049 43.153049 40.917255 40.917255 42.253677 0.000000 
0.000000 0.000000 0.000000 0.000000 37.665039 11.722764 37.665039 43.153049 43.153049 43.153049 43.153049 43.003033 0.000000 
0.000000 0.000000 0.000000 0.000000 28.742180 39.850948 43.153049 43.153049 42.253677 43.153049 43.153049 2.167112 0.000000 
0.000000 0.000000 0.000000 0.000000 0.000000 35.030018 43.153049 41.521694 43.153049 43.153049 40.917255 43.153049 0.000000 
0.000000 0.000000 0.000000 0.000000 0.000000 8.912408 43.153049 43.153049 43.153049 43.153049 43.153049 43.153049 0.000000 
0.000000 0.000000 0.000000 0.000000 0.000000 0.000000 39.850948 43.153049 43.153049 43.153049 42.253677 43.153049 43.153049 
0.000000 0.000000 0.000000 0.000000 0.000000 0.000000 0.000000 43.153049 43.153049 43.153049 43.153049 43.153049 43.153049 
0.000000 0.000000 0.000000 0.000000 0.000000 0.000000 0.000000 0.000000 43.153049 43.153049 43.153049 43.153049 0.000000 
0.000000 0.000000 0.000000 0.000000 0.000000 0.000000 0.000000 0.000000 0.000000 43.153049 43.153049 43.153049 0.000000 
