test/output/constant/M365_S060_A090_WD000.0_WS045.0/M365_S060_A090_WD000.0_WS045.0_arrival.asc
ncols         7
nrows         48
xllcorner     426303.990666
yllcorner     12744055.311160
cellsize      100.000000
NODATA_value  0.000000
0.000000 0.000000 0.000000 166.000000 0.000000 0.000000 0.000000 
0.000000 0.000000 166.019312 166.000702 166.019312 0.000000 0.000000 
0.000000 0.000000 166.011236 166.001404 166.011236 0.000000 0.000000 
0.000000 0.000000 166.009129 166.002458 166.009129 0.000000 0.000000 
0.000000 0.000000 166.008076 166.003160 166.008076 0.000000 0.000000 
0.000000 166.040028 166.007725 166.004213 166.007725 166.040028 0.000000 
0.000000 166.034410 166.007725 166.004916 166.007725 166.034410 0.000000 
0.000000 166.031250 166.008427 166.005969 166.008427 166.031250 0.000000 
0.000000 166.028792 166.009129 166.006671 166.009129 166.028792 0.000000 
0.000000 166.026334 166.009831 166.007725 166.009831 166.026334 0.000000 
0.000000 166.025281 166.010534 166.008427 166.010534 166.025281 0.000000 
0.000000 166.024227 166.011236 166.009480 166.011236 166.024227 0.000000 
0.000000 166.023876 166.011938 166.010182 166.011938 166.023876 0.000000 
0.000000 166.023525 166.012640 166.011236 166.012640 166.023525 0.000000 
0.000000 166.023174 166.013694 166.011938 166.013694 166.023174 0.000000 
0.000000 166.022823 166.014396 166.012991 166.014396 166.022823 0.000000 
0.000000 166.022823 166.015449 166.013694 166.015449 166.022823 0.000000 
166.041667 166.023174 166.016152 166.014747 166.016152 166.023174 166.041667 
166.040730 166.023525 166.016854 166.015449 166.016854 166.023525 166.040730 
166.040028 166.024227 166.017907 166.016503 166.017907 166.024227 166.040028 
166.039326 166.024930 166.018609 166.017205 166.018609 166.024930 166.039326 
166.038974 166.025281 166.019663 166.018258 166.019663 166.025281 166.038974 
166.038623 166.025983 166.020365 166.018961 166.020365 166.025983 166.038623 
166.038272 166.026685 166.021418 166.020014 166.021418 166.026685 166.038272 
166.038272 166.027036 166.022121 166.020716 166.022121 166.027036 166.038272 
166.037921 166.027739 166.022823 166.021769 166.022823 166.027739 166.037921 
166.037921 166.028441 166.023876 166.022472 166.023876 166.028441 166.037921 
166.037921 166.029143 166.024578 166.023525 166.024578 166.029143 166.037921 
166.038272 166.029845 166.025632 166.024227 166.025632 166.029845 166.038272 
166.038974 166.030547 166.026334 166.025281 166.026334 166.030547 166.038974 
166.039326 166.031250 166.027387 166.025983 166.027387 166.031250 166.039326 
166.040028 166.031952 166.028090 166.027036 166.028090 166.031952 166.040028 
166.040730 166.032654 166.028792 166.027739 166.028792 166.032654 166.040730 
166.041081 166.033356 166.029845 166.028792 166.029845 166.033356 166.041081 
166.041667 166.034410 166.030547 166.029494 166.030547 166.034410 166.041667 
0.000000 166.035112 166.031601 166.030547 166.031601 166.035112 0.000000 
0.000000 166.035814 166.032303 166.031250 166.032303 166.035814 0.000000 
0.000000 166.036868 166.033356 166.032303 166.033356 166.036868 0.000000 
0.000000 166.037570 166.034059 166.033005 166.034059 166.037570 0.000000 
0.000000 166.038272 166.035112 166.034059 166.035112 166.038272 0.000000 
0.000000 166.039326 166.035814 166.034761 166.035814 166.039326 0.000000 
0.000000 166.040028 166.036868 166.035814 166.036868 166.040028 0.000000 
0.000000 166.040730 166.037570 166.036517 166.037570 166.040730 0.000000 
0.000000 166.041432 166.038623 166.037570 166.038623 166.041432 0.000000 
0.000000 0.000000 166.039326 166.038272 166.039326 0.000000 0.000000 
0.000000 0.000000 166.040379 166.039326 166.040379 0.000000 0.000000 
0.000000 0.000000 166.041081 166.040028 166.041081 0.000000 0.000000 
0.000000 0.000000 0.000000 166.041081 0.000000 0.000000 0.000000 
