test/output/constant/M3M400_S060_A000_WD225.0_WS045.0/M3M400_S060_A000_WD225.0_WS045.0_intensity.asc
ncols         16
nrows         41
xllcorner     425303.990666
yllcorner     12748655.311160
cellsize      100.000000
NODATA_value  0.000000
0 62630 62630 60711 0 0 0 0 0 0 0 0 0 0 0 0 
0 62630 62630 62630 62630 0 0 0 0 0 0 0 0 0 0 0 
0 62630 62630 62630 62630 62630 0 0 0 0 0 0 0 0 0 0 
62630 62630 62630 62630 62630 22525 27498 0 0 0 0 0 0 0 0 0 
62630 62630 62630 62630 62630 37783 17867 0 0 0 0 0 0 0 0 0 
62630 61069 62630 62630 58468 62630 51756 17867 0 0 0 0 0 0 0 0 
62630 62293 62630 62630 62630 27498 62630 27498 47491 0 0 0 0 0 0 0 
62568 62630 62630 62630 62630 51756 27498 51756 13661 0 0 0 0 0 0 0 
62630 58994 62630 62630 62630 62630 27498 27498 37783 0 0 0 0 0 0 0 
52567 62630 62630 62630 62630 62630 27498 51756 27498 32636 0 0 0 0 0 0 
62630 61069 62568 62630 62630 62630 55453 27498 27498 42786 0 0 0 0 0 0 
0 62630 62630 62630 62630 62630 62630 17867 42786 27498 27498 0 0 0 0 0 
0 52567 62630 62630 62630 62630 60711 10030 27498 42786 32636 0 0 0 0 0 
0 52567 58994 62630 62630 62630 62630 27498 47491 27498 22525 37783 0 0 0 0 
0 52567 62630 62630 62630 62630 62630 55453 27498 22525 27498 22525 0 0 0 0 
0 48410 52567 62630 62630 62630 62630 62630 60711 13661 32636 27498 0 0 0 0 
0 5246 52567 52567 62630 62630 62630 62113 60711 37783 10030 27498 0 0 0 0 
0 0 48410 52567 62630 62568 62630 62630 32636 62478 27498 27498 27498 0 0 0 
0 0 3544 52567 62630 62630 62630 62630 58468 27498 13661 27498 17867 0 0 0 
0 0 52567 52567 52567 62630 62630 62630 60711 10030 32636 27498 27498 0 0 0 
0 0 52567 5246 52567 58994 62630 62630 62630 62630 51756 32636 27498 27498 0 0 
0 0 0 48410 52567 62630 61069 62630 62630 55453 47491 17867 27498 17867 0 0 
0 0 0 5246 48410 52567 62630 62630 62630 62630 27498 27498 27498 27498 0 0 
0 0 0 3544 3544 52567 48410 62630 62630 62630 55453 22525 17867 27498 0 0 
0 0 0 0 3544 52567 52567 62630 62630 62630 55453 27498 27498 13661 0 0 
0 0 0 0 7648 3544 52567 62630 62630 62630 60711 17867 27498 27498 27498 0 
0 0 0 0 48410 52567 48410 52567 62630 62630 62630 27498 27498 27498 22525 0 
0 0 0 0 0 3544 48410 52567 62630 62630 58468 37783 27498 17867 10030 0 
0 0 0 0 0 3544 52567 5246 62630 62630 62630 22525 42786 27498 27498 0 
0 0 0 0 0 3544 3544 52567 52567 62630 62630 55453 10030 27498 22525 0 
0 0 0 0 0 0 3544 5246 5246 62630 62630 62630 42786 13661 22525 0 
0 0 0 0 0 0 43785 48410 5246 52567 62630 62630 37783 27498 27498 0 
0 0 0 0 0 0 0 3544 48410 52567 62630 62630 27498 22525 17867 0 
0 0 0 0 0 0 0 2917 43785 3544 56131 62630 62630 27498 7069 17867 
0 0 0 0 0 0 0 0 2917 5246 52567 62630 62630 27498 17867 7069 
0 0 0 0 0 0 0 0 2917 3544 5246 62630 62630 27498 7069 10030 
0 0 0 0 0 0 0 0 0 3544 3544 52567 62630 27498 22525 17867 
0 0 0 0 0 0 0 0 0 3544 3544 48410 62630 58468 10030 10030 
0 0 0 0 0 0 0 0 0 0 3544 2917 62630 62630 7069 1954 
0 0 0 0 0 0 0 0 0 0 0 2917 2917 0 1954 0 
0 0 0 0 0 0 0 0 0 0 0 0 1844 2437 1954 0 
