test/output/constant/M3M495_S060_A090_WD135.0_WS045.0/M3M495_S060_A090_WD135.0_WS045.0_intensity.asc
ncols         37
nrows         13
xllcorner     423103.990666
yllcorner     12747755.311160
cellsize      100.000000
NODATA_value  0.000000
0 0 0 0 0 0 0 0 0 0 0 0 0 0 0 0 0 0 0 0 0 0 0 0 0 0 0 0 0 12028 12028 8852 12028 8852 0 0 0 
0 0 0 0 0 0 0 0 0 0 0 0 0 0 0 0 0 0 0 0 0 28609 24121 15705 12028 28609 8852 24121 28609 28609 19776 28609 19776 19776 8852 2188 1159 
0 0 0 0 0 0 0 0 0 0 0 0 0 0 0 8852 28609 24121 19776 8852 28609 28609 24121 12028 28609 28609 15705 28609 24121 28609 28609 8852 48529 54781 54781 0 1237 
0 0 0 0 0 0 0 0 0 0 0 0 28609 8852 28609 24121 28609 19776 28609 28609 15705 28609 24121 28609 28609 41581 28609 28609 24121 54781 54781 54781 54781 54781 3149 3149 2188 
0 0 0 0 0 0 0 0 0 24121 28609 28609 28609 24121 12028 15705 19776 41581 19776 28609 8852 28609 48529 54781 24121 54781 54781 54781 54781 49061 54722 49061 45939 4628 2606 1180 0 
0 0 0 0 0 0 0 28609 28609 28609 28609 28609 45304 24121 45304 28609 12028 28609 41581 33105 41581 54781 54781 54781 54781 54781 54781 54781 45939 4628 4628 42301 2188 33928 2606 0 0 
0 0 0 0 0 15705 19776 41581 28609 15705 19776 37473 54781 28609 54781 54781 24121 54781 54781 54781 54781 54781 54781 54722 53395 45939 49061 45939 45939 1664 4628 3149 1664 0 0 0 0 
0 0 0 37473 24121 24121 51159 51159 24121 12028 54781 54781 37473 24121 54781 54781 54781 54781 54781 54781 54781 54722 45939 45939 45939 4628 4628 45939 45939 38256 2606 0 0 0 0 0 0 
0 28609 15705 28609 28609 24121 41581 54781 41581 24121 54781 54781 54781 54781 54781 54781 54781 53395 51572 42301 49061 45939 4628 45939 45939 4628 4628 42301 2606 0 0 0 0 0 0 0 0 
54781 54781 45304 54781 37473 24121 54781 54781 54781 54781 54781 54781 54781 54781 54781 54781 49061 45939 45939 45939 4628 45939 1664 45939 4628 4628 0 0 0 0 0 0 0 0 0 0 0 
33105 24121 54781 54781 54781 54781 54781 54781 54781 54781 54781 54781 45939 49061 45939 45939 42301 45939 45939 45939 45939 45939 42301 0 0 0 0 0 0 0 0 0 0 0 0 0 0 
54781 54781 54781 54781 54781 54781 54781 54781 54781 54781 54781 53395 45939 42301 2606 45939 45939 45939 2606 1664 0 0 0 0 0 0 0 0 0 0 0 0 0 0 0 0 0 
54781 54781 54781 53395 54781 54722 54781 45939 45939 45939 42301 42301 42301 45939 3149 4628 0 0 0 0 0 0 0 0 0 0 0 0 0 0 0 0 0 0 0 0 0 
