test/output/constant/M370_S000_A000_WD270.0_WS030.0/M370_S000_A000_WD270.0_WS030.0_arrival.asc
ncols         32
nrows         9
xllcorner     426503.990666
yllcorner     12748355.311160
cellsize      100.000000
NODATA_value  0.000000
0.000000 0.000000 0.000000 0.000000 0.000000 0.000000 0.000000 0.000000 0.000000 0.000000 166.040094 166.038996 166.038447 166.037897 166.037897 166.037348 166.037348 166.037897 166.037897 166.038447 166.038996 166.039545 166.040644 166.041667 0.000000 0.000000 0.000000 0.000000 0.000000 0.000000 0.000000 0.000000 
0.000000 0.000000 0.000000 0.000000 166.039545 166.035151 166.031856 166.029659 166.028011 166.027462 166.026913 166.026913 166.026913 166.026913 166.027462 166.028011 166.029110 166.029659 166.030757 166.031856 166.032954 166.034053 166.035151 166.036250 166.036799 166.037897 166.038996 166.040644 166.041667 0.000000 0.000000 0.000000 
0.000000 166.039545 166.028560 166.022519 166.018674 166.017026 166.016477 166.016477 166.016477 166.016477 166.017576 166.018125 166.019223 166.020322 166.021420 166.022519 166.023617 166.024716 166.025814 166.026913 166.028560 166.029659 166.030757 166.032405 166.033503 166.034602 166.036250 166.037348 166.038996 166.040094 166.041193 0.000000 
166.034602 166.010436 166.006042 166.005492 166.005492 166.006591 166.007689 166.008788 166.009886 166.011534 166.012632 166.014280 166.015379 166.017026 166.018125 166.019223 166.020871 166.021970 166.023617 166.024716 166.026363 166.027462 166.028560 166.030208 166.031307 166.032954 166.034053 166.035700 166.036799 166.038447 166.039545 166.041193 
166.025265 166.000000 166.001098 166.002197 166.003845 166.004943 166.006591 166.007689 166.009337 166.010436 166.012083 166.013182 166.014829 166.015928 166.017576 166.018674 166.020322 166.021420 166.023068 166.024166 166.025814 166.026913 166.028560 166.029659 166.031307 166.032405 166.034053 166.035151 166.036799 166.037897 166.039545 166.040644 
166.034602 166.010436 166.006042 166.005492 166.005492 166.006591 166.007689 166.008788 166.009886 166.011534 166.012632 166.014280 166.015379 166.017026 166.018125 166.019223 166.020871 166.021970 166.023617 166.024716 166.026363 166.027462 166.028560 166.030208 166.031307 166.032954 166.034053 166.035700 166.036799 166.038447 166.039545 166.041193 
0.000000 166.039545 166.028560 166.022519 166.018674 166.017026 166.016477 166.016477 166.016477 166.016477 166.017576 166.018125 166.019223 166.020322 166.021420 166.022519 166.023617 166.024716 166.025814 166.026913 166.028560 166.029659 166.030757 166.032405 166.033503 166.034602 166.036250 166.037348 166.038996 166.040094 166.041193 0.000000 
0.000000 0.000000 0.000000 0.000000 166.039545 166.035151 166.031856 166.029659 166.028011 166.027462 166.026913 166.026913 166.026913 166.026913 166.027462 166.028011 166.029110 166.029659 166.030757 166.031856 166.032954 166.034053 166.035151 166.036250 166.036799 166.037897 166.038996 166.040644 166.041667 0.000000 0.000000 0.000000 
0.000000 0.000000 0.000000 0.000000 0.000000 0.000000 0.000000 0.000000 0.000000 0.000000 166.040094 166.038996 166.038447 166.037897 166.037897 166.037348 166.037348 166.037897 166.037897 166.038447 166.038996 166.039545 166.040644 166.041667 0.000000 0.000000 0.000000 0.000000 0.000000 0.000000 0.000000 0.000000 
