test/output/constant/M3M460_S060_A180_WD270.0_WS005.0/M3M460_S060_A180_WD270.0_WS005.0_arrival.asc
ncols         36
nrows         7
xllcorner     426603.990666
yllcorner     12748455.311160
cellsize      100.000000
NODATA_value  0.000000
0.000000 0.000000 0.000000 0.000000 0.000000 0.000000 0.000000 166.040082 166.037219 166.035311 166.033879 166.032925 166.032448 166.031970 166.031970 166.031970 166.031970 166.031970 166.032448 166.033402 166.033879 166.034833 166.035788 166.036265 166.037219 166.038174 166.039128 166.039605 166.040560 166.041514 0.000000 0.000000 0.000000 0.000000 0.000000 0.000000 
0.000000 0.000000 166.039128 166.029585 166.024336 166.021950 166.020041 166.019564 166.019564 166.019087 166.019087 166.019564 166.020518 166.020996 166.021950 166.022904 166.023859 166.024813 166.025290 166.026244 166.027199 166.028630 166.029585 166.030539 166.031493 166.032925 166.033879 166.035311 166.036265 166.037219 166.038174 166.039605 166.040560 166.041667 0.000000 0.000000 
166.020518 166.009066 166.006680 166.006680 166.006680 166.007635 166.008589 166.009543 166.010498 166.011452 166.012884 166.013838 166.014792 166.016224 166.017178 166.018610 166.019564 166.020996 166.021950 166.022904 166.024336 166.025290 166.026722 166.027676 166.028630 166.030062 166.031016 166.032448 166.033402 166.034833 166.035788 166.037219 166.038174 166.039605 166.040560 166.041667 
166.000000 166.000954 166.001909 166.003340 166.004295 166.005726 166.006680 166.008112 166.009066 166.010498 166.011452 166.012884 166.013838 166.015269 166.016224 166.017655 166.018610 166.020041 166.020996 166.022427 166.023381 166.024813 166.025767 166.027199 166.028153 166.029585 166.030539 166.031970 166.032925 166.034356 166.035311 166.036742 166.037696 166.039128 166.040082 166.041514 
166.020518 166.009066 166.006680 166.006680 166.006680 166.007635 166.008589 166.009543 166.010498 166.011452 166.012884 166.013838 166.014792 166.016224 166.017178 166.018610 166.019564 166.020996 166.021950 166.022904 166.024336 166.025290 166.026722 166.027676 166.028630 166.030062 166.031016 166.032448 166.033402 166.034833 166.035788 166.037219 166.038174 166.039605 166.040560 166.041667 
0.000000 0.000000 166.039128 166.029585 166.024336 166.021950 166.020041 166.019564 166.019564 166.019087 166.019087 166.019564 166.020518 166.020996 166.021950 166.022904 166.023859 166.024813 166.025290 166.026244 166.027199 166.028630 166.029585 166.030539 166.031493 166.032925 166.033879 166.035311 166.036265 166.037219 166.038174 166.039605 166.040560 166.041667 0.000000 0.000000 
0.000000 0.000000 0.000000 0.000000 0.000000 0.000000 0.000000 166.040082 166.037219 166.035311 166.033879 166.032925 166.032448 166.031970 166.031970 166.031970 166.031970 166.031970 166.032448 166.033402 166.033879 166.034833 166.035788 166.036265 166.037219 166.038174 166.039128 166.039605 166.040560 166.041514 0.000000 0.000000 0.000000 0.000000 0.000000 0.000000 
