test/output/constant/C1_S060_A000_WD090.0_WS050.0/C1_S060_A000_WD090.0_WS050.0_arrival.asc
ncols         44
nrows         7
xllcorner     422303.990666
yllcorner     12748455.311160
cellsize      100.000000
NODATA_value  0.000000
0.000000 0.000000 0.000000 0.000000 0.000000 0.000000 0.000000 0.000000 0.000000 0.000000 0.000000 166.041321 166.040541 166.039762 166.039372 166.038592 166.037813 166.037423 166.036643 166.036253 166.035474 166.035474 166.035863 166.035863 166.035863 166.036253 166.036643 166.037423 166.037813 166.038982 166.040151 0.000000 0.000000 0.000000 0.000000 0.000000 0.000000 0.000000 0.000000 0.000000 0.000000 0.000000 0.000000 0.000000 
0.000000 0.000000 0.000000 0.000000 166.041321 166.040151 166.039372 166.038592 166.037813 166.036643 166.035863 166.035084 166.033914 166.033135 166.032355 166.031575 166.030406 166.029626 166.028847 166.028067 166.027287 166.026508 166.026118 166.025338 166.024559 166.023779 166.023389 166.022610 166.021830 166.021440 166.021440 166.021440 166.021830 166.022220 166.022999 166.023779 166.025728 166.028067 166.031965 166.038202 0.000000 0.000000 0.000000 0.000000 
0.000000 166.041321 166.040541 166.039372 166.038592 166.037423 166.036643 166.035863 166.034694 166.033914 166.032745 166.031965 166.030796 166.030016 166.028847 166.028067 166.026898 166.026118 166.025338 166.024169 166.023389 166.022220 166.021440 166.020271 166.019491 166.018322 166.017542 166.016762 166.015593 166.014813 166.013644 166.012864 166.011695 166.010915 166.010135 166.009356 166.008576 166.007796 166.007407 166.007407 166.007796 166.009356 166.014813 0.000000 
166.041667 166.040541 166.039762 166.038592 166.037813 166.036643 166.035863 166.034694 166.033914 166.032745 166.031965 166.030796 166.030016 166.028847 166.028067 166.026898 166.026118 166.024948 166.024169 166.022999 166.022220 166.021050 166.020271 166.019101 166.018322 166.017152 166.016372 166.015203 166.014423 166.013254 166.012474 166.011305 166.010525 166.009356 166.008576 166.007407 166.006627 166.005457 166.004678 166.003508 166.002729 166.001559 166.000780 166.000000 
0.000000 166.041321 166.040541 166.039372 166.038592 166.037423 166.036643 166.035863 166.034694 166.033914 166.032745 166.031965 166.030796 166.030016 166.028847 166.028067 166.026898 166.026118 166.025338 166.024169 166.023389 166.022220 166.021440 166.020271 166.019491 166.018322 166.017542 166.016762 166.015593 166.014813 166.013644 166.012864 166.011695 166.010915 166.010135 166.009356 166.008576 166.007796 166.007407 166.007407 166.007796 166.009356 166.014813 0.000000 
0.000000 0.000000 0.000000 0.000000 166.041321 166.040151 166.039372 166.038592 166.037813 166.036643 166.035863 166.035084 166.033914 166.033135 166.032355 166.031575 166.030406 166.029626 166.028847 166.028067 166.027287 166.026508 166.026118 166.025338 166.024559 166.023779 166.023389 166.022610 166.021830 166.021440 166.021440 166.021440 166.021830 166.022220 166.022999 166.023779 166.025728 166.028067 166.031965 166.038202 0.000000 0.000000 0.000000 0.000000 
0.000000 0.000000 0.000000 0.000000 0.000000 0.000000 0.000000 0.000000 0.000000 0.000000 0.000000 166.041321 166.040541 166.039762 166.039372 166.038592 166.037813 166.037423 166.036643 166.036253 166.035474 166.035474 166.035863 166.035863 166.035863 166.036253 166.036643 166.037423 166.037813 166.038982 166.040151 0.000000 0.000000 0.000000 0.000000 0.000000 0.000000 0.000000 0.000000 0.000000 0.000000 0.000000 0.000000 0.000000 
