test/output/constant/M370_S060_A090_WD090.0_WS010.0/M370_S060_A090_WD090.0_WS010.0_raz.asc
ncols         14
nrows         40
xllcorner     425403.990666
yllcorner     12744855.311160
cellsize      100.000000
NODATA_value  0.000000
0 0 0 0 0 0 0 0 0 0 0 271 254 81 
0 0 0 0 0 0 0 0 0 0 271 201 194 166 
0 0 0 0 0 0 0 0 0 271 242 194 194 158 
0 0 0 0 0 0 0 0 0 308 202 194 175 178 
0 0 0 0 0 0 0 0 284 202 200 194 183 171 
0 0 0 0 0 0 0 0 284 202 194 194 181 166 
0 0 0 0 0 0 0 259 201 14 194 189 171 178 
0 0 0 0 0 0 0 204 201 200 194 181 181 181 
0 0 0 0 0 0 202 202 201 194 194 178 178 166 
0 0 0 0 0 0 202 202 200 194 191 194 178 181 
0 0 0 0 0 0 201 202 200 194 194 181 178 166 
0 0 0 0 0 242 242 202 197 194 190 183 178 178 
0 0 0 0 0 201 202 242 194 194 178 181 178 0 
0 0 0 0 0 202 242 200 194 194 178 178 171 0 
0 0 0 0 259 231 202 196 194 194 185 178 178 0 
0 0 0 0 231 202 200 194 194 194 181 171 171 0 
0 0 0 0 231 201 200 194 194 190 171 181 178 0 
0 0 0 231 201 200 194 194 185 178 181 175 178 0 
0 0 0 202 202 200 194 194 194 183 181 171 178 0 
0 0 0 242 201 194 195 194 190 191 171 178 0 0 
0 0 242 231 201 194 194 194 158 181 181 178 0 0 
0 0 202 242 202 194 194 194 181 171 175 181 0 0 
0 0 202 259 194 194 194 194 186 194 181 178 0 0 
0 0 202 200 194 194 194 181 185 181 178 0 0 0 
0 0 201 242 194 194 192 194 166 171 181 0 0 0 
0 202 200 194 194 194 194 189 183 178 181 0 0 0 
0 202 200 194 194 194 194 190 166 181 0 0 0 0 
0 202 200 194 194 194 189 189 185 178 0 0 0 0 
0 200 194 194 194 183 178 185 178 178 0 0 0 0 
0 200 195 194 194 194 178 178 181 0 0 0 0 0 
0 200 194 194 194 194 178 185 181 0 0 0 0 0 
0 194 194 194 194 178 186 181 0 0 0 0 0 0 
0 194 194 194 194 185 190 191 0 0 0 0 0 0 
194 194 194 194 189 185 192 178 0 0 0 0 0 0 
194 194 194 194 194 178 178 0 0 0 0 0 0 0 
196 194 194 192 192 178 190 0 0 0 0 0 0 0 
0 194 194 194 175 175 0 0 0 0 0 0 0 0 
0 194 194 189 178 0 0 0 0 0 0 0 0 0 
0 194 194 194 194 0 0 0 0 0 0 0 0 0 
0 194 194 194 0 0 0 0 0 0 0 0 0 0 
