test/output/constant/M395_S060_A180_WD315.0_WS010.0/M395_S060_A180_WD315.0_WS010.0_arrival.asc
ncols         61
nrows         14
xllcorner     426603.990666
yllcorner     12747655.311160
cellsize      100.000000
NODATA_value  0.000000
0.000000 0.000000 0.000000 0.000000 166.039136 166.036126 166.035031 166.034484 166.034210 166.034210 166.034484 166.035031 166.036126 166.036673 166.036947 166.037768 166.038589 166.039410 166.040505 166.041326 0.000000 0.000000 0.000000 0.000000 0.000000 0.000000 0.000000 0.000000 0.000000 0.000000 0.000000 0.000000 0.000000 0.000000 0.000000 0.000000 0.000000 0.000000 0.000000 0.000000 0.000000 0.000000 0.000000 0.000000 0.000000 0.000000 0.000000 0.000000 0.000000 0.000000 0.000000 0.000000 0.000000 0.000000 0.000000 0.000000 0.000000 0.000000 0.000000 0.000000 0.000000 
166.023810 166.014505 166.012589 166.012316 166.012589 166.013137 166.014231 166.015052 166.015873 166.016968 166.018063 166.019158 166.020526 166.021621 166.022715 166.024084 166.025179 166.026273 166.027642 166.028736 166.029831 166.031200 166.032294 166.033389 166.034757 166.035852 166.037220 166.038315 166.039410 166.040778 0.000000 0.000000 0.000000 0.000000 0.000000 0.000000 0.000000 0.000000 0.000000 0.000000 0.000000 0.000000 0.000000 0.000000 0.000000 0.000000 0.000000 0.000000 0.000000 0.000000 0.000000 0.000000 0.000000 0.000000 0.000000 0.000000 0.000000 0.000000 0.000000 0.000000 0.000000 
166.000000 166.000547 166.001095 166.001916 166.002463 166.003284 166.004379 166.005474 166.006568 166.007663 166.008758 166.009852 166.010947 166.012316 166.013410 166.014505 166.015873 166.016968 166.018063 166.019431 166.020526 166.021621 166.022715 166.024084 166.025179 166.026547 166.027642 166.028736 166.030105 166.031200 166.032294 166.033389 166.034757 166.035852 166.037220 166.038315 166.039410 166.040778 0.000000 0.000000 0.000000 0.000000 0.000000 0.000000 0.000000 0.000000 0.000000 0.000000 0.000000 0.000000 0.000000 0.000000 0.000000 0.000000 0.000000 0.000000 0.000000 0.000000 0.000000 0.000000 0.000000 
166.010947 166.002463 166.001916 166.002189 166.002463 166.003284 166.003832 166.004653 166.005474 166.006021 166.006842 166.007389 166.008210 166.009305 166.009852 166.010947 166.012042 166.012863 166.013958 166.015052 166.016147 166.016968 166.018063 166.019158 166.020252 166.021621 166.022715 166.023810 166.024905 166.026000 166.027368 166.028463 166.029557 166.030652 166.032021 166.033115 166.034210 166.035578 166.036673 166.037768 166.038863 166.040231 166.041326 0.000000 0.000000 0.000000 0.000000 0.000000 0.000000 0.000000 0.000000 0.000000 0.000000 0.000000 0.000000 0.000000 0.000000 0.000000 0.000000 0.000000 0.000000 
0.000000 166.029284 166.016147 166.010126 166.007116 166.006021 166.005747 166.005747 166.006021 166.006295 166.006842 166.007389 166.008210 166.008758 166.009579 166.010126 166.010947 166.011495 166.012316 166.013137 166.013958 166.014779 166.015600 166.016421 166.017516 166.018610 166.019431 166.020526 166.021347 166.022442 166.023536 166.024631 166.025726 166.026547 166.027642 166.028736 166.029831 166.030926 166.032021 166.033115 166.034210 166.035305 166.036673 166.037768 166.038863 166.039957 166.041052 0.000000 0.000000 0.000000 0.000000 0.000000 0.000000 0.000000 0.000000 0.000000 0.000000 0.000000 0.000000 0.000000 0.000000 
0.000000 0.000000 0.000000 166.032842 166.023810 166.017789 166.014231 166.011768 166.010400 166.009852 166.009579 166.009579 166.009579 166.009852 166.010126 166.010674 166.010947 166.011768 166.012316 166.013137 166.013684 166.014505 166.015052 166.015873 166.016421 166.017242 166.017789 166.018884 166.019431 166.020252 166.021347 166.022168 166.022989 166.024084 166.025179 166.026000 166.027094 166.027915 166.029010 166.030105 166.030926 166.032021 166.033115 166.034210 166.035031 166.036126 166.037220 166.038315 166.039410 166.040231 166.041326 0.000000 0.000000 0.000000 0.000000 0.000000 0.000000 0.000000 0.000000 0.000000 0.000000 
0.000000 0.000000 0.000000 0.000000 0.000000 166.039684 166.031200 166.025726 166.021621 166.018610 166.016421 166.015052 166.013958 166.013684 166.013410 166.013410 166.013410 166.013410 166.013684 166.013958 166.014505 166.014779 166.015326 166.015873 166.016421 166.017242 166.017789 166.018610 166.019158 166.019979 166.020800 166.021347 166.022168 166.022715 166.023536 166.024358 166.025179 166.026000 166.027094 166.027915 166.028736 166.029831 166.030652 166.031473 166.032568 166.033663 166.034484 166.035578 166.036673 166.037494 166.038589 166.039410 166.040505 166.041599 0.000000 0.000000 0.000000 0.000000 0.000000 0.000000 0.000000 
0.000000 0.000000 0.000000 0.000000 0.000000 0.000000 0.000000 0.000000 166.039136 166.033389 166.029284 166.025726 166.022989 166.020800 166.019431 166.018610 166.017789 166.017516 166.017242 166.017242 166.016968 166.016968 166.017242 166.017516 166.017789 166.018063 166.018610 166.019158 166.019431 166.019979 166.020800 166.021347 166.022168 166.022715 166.023536 166.024084 166.024905 166.025452 166.026273 166.026821 166.027642 166.028463 166.029284 166.030105 166.030926 166.031747 166.032568 166.033389 166.034484 166.035305 166.036126 166.037220 166.038042 166.039136 166.039957 166.041052 0.000000 0.000000 0.000000 0.000000 0.000000 
0.000000 0.000000 0.000000 0.000000 0.000000 0.000000 0.000000 0.000000 0.000000 0.000000 0.000000 166.041052 166.036673 166.033115 166.030105 166.027642 166.025452 166.024084 166.022989 166.022168 166.021621 166.021347 166.021073 166.021073 166.020800 166.020800 166.020800 166.021073 166.021347 166.021621 166.021894 166.022442 166.022715 166.023263 166.023810 166.024358 166.024905 166.025726 166.026273 166.026821 166.027642 166.028189 166.029010 166.029831 166.030378 166.031200 166.031747 166.032568 166.033115 166.034210 166.035031 166.035852 166.036673 166.037220 166.038315 166.039136 166.039957 166.041052 166.041667 0.000000 0.000000 
0.000000 0.000000 0.000000 0.000000 0.000000 0.000000 0.000000 0.000000 0.000000 0.000000 0.000000 0.000000 0.000000 0.000000 0.000000 166.040778 166.037220 166.034484 166.032021 166.030105 166.028736 166.027368 166.026547 166.025726 166.025452 166.025179 166.024905 166.024905 166.024631 166.024631 166.024631 166.024631 166.024905 166.025179 166.025452 166.025726 166.026273 166.026547 166.027094 166.027642 166.028189 166.028463 166.029010 166.029831 166.030378 166.031200 166.031747 166.032568 166.033115 166.033936 166.034484 166.035305 166.035852 166.036673 166.037494 166.038042 166.038863 166.039684 166.040505 166.041326 0.000000 
0.000000 0.000000 0.000000 0.000000 0.000000 0.000000 0.000000 0.000000 0.000000 0.000000 0.000000 0.000000 0.000000 0.000000 0.000000 0.000000 0.000000 0.000000 0.000000 166.041599 166.038863 166.036673 166.034757 166.033115 166.032021 166.030926 166.030105 166.029557 166.029284 166.029010 166.028736 166.028736 166.028463 166.028463 166.028189 166.028463 166.028463 166.028736 166.029010 166.029284 166.029557 166.030105 166.030378 166.030926 166.031200 166.031747 166.032294 166.032842 166.033389 166.033936 166.034757 166.035305 166.035852 166.036673 166.037494 166.038042 166.038863 166.039410 166.040231 166.040778 166.041599 
0.000000 0.000000 0.000000 0.000000 0.000000 0.000000 0.000000 0.000000 0.000000 0.000000 0.000000 0.000000 0.000000 0.000000 0.000000 0.000000 0.000000 0.000000 0.000000 0.000000 0.000000 0.000000 0.000000 0.000000 166.041326 166.039410 166.037768 166.036673 166.035578 166.034484 166.033936 166.033389 166.033115 166.032842 166.032568 166.032568 166.032294 166.032021 166.032021 166.032021 166.032294 166.032568 166.032568 166.032842 166.033115 166.033663 166.033936 166.034210 166.034757 166.035031 166.035578 166.036126 166.036399 166.036947 166.037494 166.038042 166.038863 166.039684 166.040231 166.040778 166.041599 
0.000000 0.000000 0.000000 0.000000 0.000000 0.000000 0.000000 0.000000 0.000000 0.000000 0.000000 0.000000 0.000000 0.000000 0.000000 0.000000 0.000000 0.000000 0.000000 0.000000 0.000000 0.000000 0.000000 0.000000 0.000000 0.000000 0.000000 0.000000 0.000000 0.000000 166.041052 166.039957 166.039136 166.038315 166.037494 166.037220 166.036947 166.036673 166.036399 166.036399 166.036126 166.035852 166.035852 166.035852 166.035852 166.036126 166.036399 166.036399 166.036673 166.037220 166.037494 166.037768 166.038042 166.038315 166.038863 166.039410 166.039957 166.040231 166.040778 166.041326 0.000000 
0.000000 0.000000 0.000000 0.000000 0.000000 0.000000 0.000000 0.000000 0.000000 0.000000 0.000000 0.000000 0.000000 0.000000 0.000000 0.000000 0.000000 0.000000 0.000000 0.000000 0.000000 0.000000 0.000000 0.000000 0.000000 0.000000 0.000000 0.000000 0.000000 0.000000 0.000000 0.000000 0.000000 0.000000 0.000000 0.000000 0.000000 0.000000 166.041326 166.041052 166.040778 166.040505 166.040231 166.040231 166.039957 166.039684 166.039684 166.039684 166.039684 166.039684 166.039957 166.040231 166.040231 166.040505 166.040778 166.041326 166.041599 0.000000 0.000000 0.000000 0.000000 
