test/output/constant/M390_S060_A180_WD045.0_WS010.0/M390_S060_A180_WD045.0_WS010.0_raz.asc
ncols         44
nrows         14
xllcorner     426503.990666
yllcorner     12747655.311160
cellsize      100.000000
NODATA_value  0.000000
0 0 0 75 80 83 80 80 80 80 69 89 75 91 75 89 0 0 0 0 0 0 0 0 0 0 0 0 0 0 0 0 0 0 0 0 0 0 0 0 0 0 0 0 
304 351 83 80 75 91 75 91 91 91 89 86 89 80 92 91 80 92 86 92 83 91 86 0 0 0 0 0 0 0 0 0 0 0 0 0 0 0 0 0 0 0 0 0 
192 65535 102 102 102 102 102 102 99 89 83 95 86 75 94 86 97 86 98 94 86 95 89 92 86 94 91 80 0 0 0 0 0 0 0 0 0 0 0 0 0 0 0 0 
192 181 108 107 102 102 102 102 102 102 102 98 80 101 102 102 102 102 99 83 86 102 99 98 86 97 92 83 99 94 83 0 0 0 0 0 0 0 0 0 0 0 0 0 
0 260 181 111 109 104 104 102 102 102 102 102 102 102 102 102 102 101 102 102 98 86 80 98 102 102 102 102 102 95 86 83 102 98 0 0 0 0 0 0 0 0 0 0 
0 0 181 171 212 111 111 102 103 102 102 102 102 102 102 102 102 102 102 102 80 89 86 102 80 95 86 97 102 102 102 83 80 102 102 102 102 0 0 0 0 0 0 0 
0 0 0 0 181 111 111 111 111 109 102 105 102 102 102 102 102 102 102 102 102 102 102 102 102 102 102 89 102 102 101 102 101 102 102 89 101 102 102 0 0 0 0 0 
0 0 0 0 0 0 212 113 111 111 111 111 103 109 107 102 102 103 102 102 102 102 102 102 102 102 102 102 102 102 102 102 102 89 102 102 101 102 102 102 101 0 0 0 
0 0 0 0 0 0 0 0 0 113 109 111 109 109 105 111 104 102 105 107 102 102 102 102 102 102 102 102 102 99 102 102 102 102 94 102 95 102 102 83 89 102 0 0 
0 0 0 0 0 0 0 0 0 0 0 109 111 109 111 111 104 109 107 103 102 103 102 104 102 102 104 102 102 102 102 102 102 102 101 102 94 102 102 102 102 102 102 0 
0 0 0 0 0 0 0 0 0 0 0 0 0 0 111 111 109 111 109 111 105 107 104 104 104 102 102 102 102 102 102 102 102 102 102 102 102 102 102 102 102 102 102 102 
0 0 0 0 0 0 0 0 0 0 0 0 0 0 0 0 0 0 111 111 111 109 104 107 109 107 103 102 102 102 102 102 102 102 102 102 102 102 102 102 102 102 102 102 
0 0 0 0 0 0 0 0 0 0 0 0 0 0 0 0 0 0 0 0 0 0 104 111 109 102 104 105 111 104 102 102 102 102 102 102 102 102 102 102 102 102 102 0 
0 0 0 0 0 0 0 0 0 0 0 0 0 0 0 0 0 0 0 0 0 0 0 0 0 0 0 0 107 102 104 103 103 102 105 105 102 102 102 102 102 0 0 0 
