test/output/constant/M370_S000_A180_WD180.0_WS035.0/M370_S000_A180_WD180.0_WS035.0_arrival.asc
ncols         9
nrows         38
xllcorner     426203.990666
yllcorner     12748655.311160
cellsize      100.000000
NODATA_value  0.000000
0.000000 0.000000 0.000000 166.041253 166.040794 166.041253 0.000000 0.000000 0.000000 
0.000000 0.000000 166.041667 166.039878 166.039878 166.039878 166.041667 0.000000 0.000000 
0.000000 0.000000 166.040794 166.038961 166.038503 166.038961 166.040794 0.000000 0.000000 
0.000000 0.000000 166.039419 166.037586 166.037586 166.037586 166.039419 0.000000 0.000000 
0.000000 166.041253 166.038503 166.036669 166.036211 166.036669 166.038503 166.041253 0.000000 
0.000000 166.040336 166.037127 166.035294 166.035294 166.035294 166.037127 166.040336 0.000000 
0.000000 166.038961 166.036211 166.034377 166.033919 166.034377 166.036211 166.038961 0.000000 
0.000000 166.038044 166.035294 166.033002 166.033002 166.033002 166.035294 166.038044 0.000000 
0.000000 166.037127 166.033919 166.032085 166.031627 166.032085 166.033919 166.037127 0.000000 
166.041667 166.036211 166.033002 166.030710 166.030710 166.030710 166.033002 166.036211 166.041667 
166.040794 166.035294 166.032085 166.029794 166.029335 166.029794 166.032085 166.035294 166.040794 
166.040336 166.034377 166.030710 166.028877 166.028419 166.028877 166.030710 166.034377 166.040336 
166.039419 166.033461 166.029794 166.027502 166.027043 166.027502 166.029794 166.033461 166.039419 
166.038503 166.032544 166.028877 166.026585 166.026127 166.026585 166.028877 166.032544 166.038503 
166.038044 166.032085 166.027502 166.025210 166.024752 166.025210 166.027502 166.032085 166.038044 
166.037127 166.031169 166.026585 166.024293 166.023835 166.024293 166.026585 166.031169 166.037127 
166.037127 166.030252 166.025668 166.022918 166.022460 166.022918 166.025668 166.030252 166.037127 
166.036669 166.029335 166.024293 166.022001 166.021543 166.022001 166.024293 166.029335 166.036669 
166.036669 166.028877 166.023377 166.020626 166.020168 166.020626 166.023377 166.028877 166.036669 
166.036669 166.027960 166.022460 166.019710 166.019251 166.019710 166.022460 166.027960 166.036669 
166.037127 166.027502 166.021543 166.018793 166.017876 166.018793 166.021543 166.027502 166.037127 
166.037127 166.026585 166.020626 166.017418 166.016959 166.017418 166.020626 166.026585 166.037127 
166.037586 166.026585 166.019710 166.016501 166.015584 166.016501 166.019710 166.026585 166.037586 
166.038044 166.026585 166.018793 166.015126 166.014668 166.015126 166.018793 166.026585 166.038044 
166.038961 166.026127 166.018335 166.014209 166.013293 166.014209 166.018335 166.026127 166.038961 
166.039878 166.026585 166.017418 166.013293 166.012376 166.013293 166.017418 166.026585 166.039878 
166.041253 166.027043 166.016501 166.011917 166.011001 166.011917 166.016501 166.027043 166.041253 
0.000000 166.027502 166.016043 166.011001 166.010084 166.011001 166.016043 166.027502 0.000000 
0.000000 166.028419 166.016043 166.009626 166.008709 166.009626 166.016043 166.028419 0.000000 
0.000000 166.029794 166.016043 166.008709 166.007792 166.008709 166.016043 166.029794 0.000000 
0.000000 166.031627 166.016043 166.007792 166.006417 166.007792 166.016043 166.031627 0.000000 
0.000000 166.034836 166.016959 166.006875 166.005500 166.006875 166.016959 166.034836 0.000000 
0.000000 166.039878 166.017876 166.005959 166.004125 166.005959 166.017876 166.039878 0.000000 
0.000000 0.000000 166.020626 166.005500 166.003209 166.005500 166.020626 0.000000 0.000000 
0.000000 0.000000 166.025668 166.005500 166.001833 166.005500 166.025668 0.000000 0.000000 
0.000000 0.000000 166.034377 166.006417 166.000917 166.006417 166.034377 0.000000 0.000000 
0.000000 0.000000 0.000000 166.012376 166.000000 166.012376 0.000000 0.000000 0.000000 
0.000000 0.000000 0.000000 0.000000 166.035294 0.000000 0.000000 0.000000 0.000000 
