test/output/constant/M380_S060_A000_WD135.0_WS005.0/M380_S060_A000_WD135.0_WS005.0_ros.asc
ncols         50
nrows         11
xllcorner     421703.990666
yllcorner     12748455.311160
cellsize      100.000000
NODATA_value  0.000000
0.000000 0.000000 0.000000 0.000000 0.000000 0.000000 82.309311 73.307365 62.730385 81.810089 82.309311 68.420563 56.409836 62.730385 56.409836 73.307365 56.409836 68.420563 56.409836 62.730385 56.409836 56.409836 1.641284 56.409836 2.327723 56.409836 0.000000 0.000000 0.000000 0.000000 0.000000 0.000000 0.000000 0.000000 0.000000 0.000000 0.000000 0.000000 0.000000 0.000000 0.000000 0.000000 0.000000 0.000000 0.000000 0.000000 0.000000 0.000000 0.000000 0.000000 
0.000000 0.000000 82.309311 82.309311 77.242210 82.309311 77.242210 68.420563 82.309311 82.309311 73.307365 82.309311 56.409836 62.730385 80.105476 77.242210 62.730385 68.420563 68.420563 56.409836 56.409836 77.242210 56.409836 68.420563 62.730385 62.730385 62.730385 56.409836 56.409836 7.418560 56.409836 62.730385 62.730385 56.409836 0.000000 0.000000 0.000000 0.000000 0.000000 0.000000 0.000000 0.000000 0.000000 0.000000 0.000000 0.000000 0.000000 0.000000 0.000000 0.000000 
73.307365 82.309311 82.309311 82.309311 82.309311 80.105476 82.309311 77.242210 82.309311 80.105476 80.105476 82.309311 62.730385 82.309311 82.309311 82.309311 77.242210 82.309311 82.309311 80.105476 73.307365 68.420563 62.730385 56.409836 62.730385 56.409836 62.730385 56.409836 56.409836 56.409836 56.409836 4.332109 56.409836 56.409836 62.730385 2.327723 56.409836 1.215079 56.409836 0.000000 0.000000 0.000000 0.000000 0.000000 0.000000 0.000000 0.000000 0.000000 0.000000 0.000000 
82.309311 82.309311 82.309311 80.105476 82.309311 82.309311 82.309311 82.309311 82.309311 82.309311 82.309311 82.175491 82.309311 82.309311 82.309311 82.309311 82.309311 82.309311 82.309311 73.307365 82.309311 82.309311 82.309311 81.810089 82.309311 68.420563 82.309311 81.810089 73.307365 62.730385 73.307365 56.409836 73.307365 56.409836 62.730385 56.409836 56.409836 56.409836 4.332109 56.409836 1.215079 4.332109 1.215079 0.000000 0.000000 0.000000 0.000000 0.000000 0.000000 0.000000 
82.309311 82.309311 68.768166 82.309311 82.309311 82.309311 77.465286 82.309311 82.309311 82.309311 82.309311 82.309311 82.309311 82.309311 82.309311 82.309311 82.309311 82.309311 82.309311 82.309311 82.309311 82.309311 82.309311 82.309311 73.307365 82.309311 82.309311 82.309311 82.309311 82.309311 82.309311 82.309311 80.105476 77.242210 81.810089 62.730385 56.409836 56.409836 62.730385 56.409836 2.327723 56.409836 56.409836 56.409836 62.730385 0.870057 0.870057 0.000000 0.000000 0.000000 
0.000000 68.768166 77.465286 82.210785 82.309311 68.768166 81.880463 81.880463 68.768166 68.768166 73.597321 68.768166 68.768166 77.465286 82.309311 68.768166 81.880463 82.309311 82.309311 82.309311 82.309311 82.309311 82.309311 82.309311 82.309311 82.309311 82.309311 82.309311 82.309311 82.309311 82.309311 82.309311 82.309311 82.309311 82.309311 81.810089 82.309311 81.810089 73.307365 82.309311 62.730385 77.242210 56.409836 56.409836 2.327723 2.327723 56.409836 49.651096 1.641284 0.000000 
0.000000 0.000000 0.000000 68.768166 68.768166 73.597321 68.768166 68.768166 68.768166 68.768166 68.768166 68.768166 68.768166 68.768166 68.768166 68.768166 80.254570 68.768166 73.597321 68.768166 68.768166 73.597321 80.254570 82.309311 82.309311 68.768166 68.768166 77.465286 82.309311 68.768166 82.309311 82.309311 82.309311 82.309311 82.309311 82.309311 82.309311 82.309311 82.309311 82.309311 82.175491 82.309311 77.242210 82.309311 82.309311 82.175491 73.307365 56.409836 56.409836 1.215079 
0.000000 0.000000 0.000000 0.000000 0.000000 0.000000 68.768166 68.768166 68.768166 68.768166 68.768166 68.768166 68.768166 68.768166 68.768166 68.768166 68.768166 73.597321 68.768166 68.768166 68.768166 68.768166 68.768166 68.768166 68.768166 68.768166 68.768166 68.768166 68.768166 68.768166 68.768166 68.768166 68.768166 68.768166 68.768166 73.597321 68.768166 68.768166 77.465286 73.597321 82.309311 81.880463 82.309311 77.465286 82.309311 82.309311 82.309311 82.309311 82.309311 -1.000000 
0.000000 0.000000 0.000000 0.000000 0.000000 0.000000 0.000000 0.000000 0.000000 0.000000 68.768166 68.768166 68.768166 68.768166 68.768166 68.768166 68.768166 68.768166 68.768166 68.768166 68.768166 68.768166 68.768166 68.768166 68.768166 68.768166 68.768166 68.768166 68.768166 68.768166 73.597321 68.768166 68.768166 68.768166 68.768166 68.768166 68.768166 68.768166 68.768166 68.768166 68.768166 68.768166 68.768166 68.768166 36.091572 43.112816 56.837772 36.091572 36.091572 0.854849 
0.000000 0.000000 0.000000 0.000000 0.000000 0.000000 0.000000 0.000000 0.000000 0.000000 0.000000 0.000000 0.000000 0.000000 0.000000 0.000000 68.768166 68.768166 68.768166 63.124500 68.768166 68.768166 68.768166 68.768166 68.768166 63.124500 68.768166 68.768166 68.768166 68.768166 29.248583 68.768166 36.091572 36.091572 68.768166 68.768166 68.768166 68.768166 68.768166 50.098969 43.112816 50.098969 43.112816 43.112816 0.854849 0.678716 0.854849 0.854849 0.000000 0.000000 
0.000000 0.000000 0.000000 0.000000 0.000000 0.000000 0.000000 0.000000 0.000000 0.000000 0.000000 0.000000 0.000000 0.000000 0.000000 0.000000 0.000000 0.000000 0.000000 0.000000 0.000000 0.000000 0.000000 0.000000 0.000000 0.000000 68.768166 68.768166 50.098969 36.091572 68.768166 29.248583 29.248583 50.098969 68.768166 29.248583 50.098969 50.098969 36.091572 36.091572 0.000000 0.000000 0.000000 0.000000 0.000000 0.000000 0.000000 0.000000 0.000000 0.000000 
