test/output/constant/M390_S000_A000_WD225.0_WS020.0/M390_S000_A000_WD225.0_WS020.0_arrival.asc
ncols         21
nrows         21
xllcorner     426403.990666
yllcorner     12748555.311160
cellsize      100.000000
NODATA_value  0.000000
0.000000 0.000000 0.000000 0.000000 0.000000 0.000000 0.000000 0.000000 0.000000 0.000000 0.000000 0.000000 0.000000 0.000000 0.000000 0.000000 166.041068 166.041068 166.041667 166.041667 0.000000 
0.000000 0.000000 0.000000 0.000000 0.000000 0.000000 0.000000 0.000000 0.000000 0.000000 0.000000 0.000000 0.000000 166.041068 166.039699 166.039015 166.039015 166.039015 166.039699 166.040384 166.041667 
0.000000 0.000000 0.000000 0.000000 0.000000 0.000000 0.000000 0.000000 0.000000 0.000000 0.000000 166.041068 166.039015 166.037646 166.036961 166.036277 166.036961 166.036961 166.037646 166.039699 166.041667 
0.000000 0.000000 0.000000 0.000000 0.000000 0.000000 0.000000 0.000000 0.000000 0.000000 166.039699 166.036961 166.035592 166.034908 166.034223 166.034223 166.034908 166.035592 166.036961 166.039015 166.041068 
0.000000 0.000000 0.000000 0.000000 0.000000 0.000000 0.000000 0.000000 166.041667 166.038330 166.035592 166.033539 166.032170 166.032170 166.032170 166.032170 166.032854 166.034908 166.036961 166.039015 166.041068 
0.000000 0.000000 0.000000 0.000000 0.000000 0.000000 0.000000 166.041068 166.036961 166.033539 166.031485 166.030117 166.029432 166.029432 166.030117 166.030801 166.032170 166.034223 166.036277 166.039015 0.000000 
0.000000 0.000000 0.000000 0.000000 0.000000 0.000000 166.041068 166.036277 166.032170 166.029432 166.028063 166.027379 166.027379 166.027379 166.028063 166.030117 166.032170 166.034223 166.036961 166.039699 0.000000 
0.000000 0.000000 0.000000 0.000000 0.000000 166.041068 166.035592 166.030801 166.028063 166.026010 166.025325 166.024641 166.025325 166.026010 166.027379 166.029432 166.032170 166.034908 166.037646 166.041068 0.000000 
0.000000 0.000000 0.000000 0.000000 166.041667 166.034908 166.030117 166.026694 166.023956 166.022587 166.022587 166.022587 166.023272 166.025325 166.027379 166.029432 166.032170 166.035592 166.039015 0.000000 0.000000 
0.000000 0.000000 0.000000 0.000000 166.035592 166.029432 166.024641 166.021903 166.020534 166.020534 166.020534 166.021218 166.022587 166.024641 166.027379 166.030117 166.033539 166.036961 166.041068 0.000000 0.000000 
0.000000 0.000000 0.000000 166.036277 166.029432 166.023956 166.020534 166.018481 166.017796 166.017796 166.018481 166.020534 166.022587 166.025325 166.028063 166.031485 166.035592 166.039699 0.000000 0.000000 0.000000 
0.000000 0.000000 166.039015 166.030117 166.023272 166.019165 166.016427 166.015743 166.015743 166.015743 166.017796 166.020534 166.022587 166.026010 166.029432 166.033539 166.038330 0.000000 0.000000 0.000000 0.000000 
0.000000 0.000000 166.032170 166.023956 166.017796 166.014374 166.013005 166.013005 166.013689 166.015743 166.017796 166.020534 166.023956 166.028063 166.032170 166.036961 166.041667 0.000000 0.000000 0.000000 0.000000 
0.000000 166.037646 166.025325 166.017796 166.013005 166.010951 166.010951 166.010951 166.013005 166.015743 166.018481 166.021903 166.026694 166.030801 166.036277 166.041068 0.000000 0.000000 0.000000 0.000000 0.000000 
0.000000 166.030801 166.019165 166.011636 166.008898 166.008214 166.008898 166.010951 166.013005 166.016427 166.020534 166.024641 166.030117 166.035592 166.041068 0.000000 0.000000 0.000000 0.000000 0.000000 0.000000 
166.039699 166.024641 166.012320 166.006845 166.006160 166.006160 166.008214 166.010951 166.014374 166.019165 166.023956 166.029432 166.034908 166.041068 0.000000 0.000000 0.000000 0.000000 0.000000 0.000000 0.000000 
166.033539 166.017796 166.006160 166.004107 166.004107 166.006160 166.008898 166.013005 166.017796 166.023272 166.029432 166.035592 166.041667 0.000000 0.000000 0.000000 0.000000 0.000000 0.000000 0.000000 0.000000 
166.030117 166.012320 166.001369 166.001369 166.004107 166.006845 166.011636 166.017796 166.023956 166.030117 166.036277 0.000000 0.000000 0.000000 0.000000 0.000000 0.000000 0.000000 0.000000 0.000000 0.000000 
166.029432 166.010267 166.000000 166.001369 166.006160 166.012320 166.019165 166.025325 166.032170 166.039015 0.000000 0.000000 0.000000 0.000000 0.000000 0.000000 0.000000 0.000000 0.000000 0.000000 0.000000 
166.032170 166.014374 166.010267 166.012320 166.017796 166.024641 166.030801 166.037646 0.000000 0.000000 0.000000 0.000000 0.000000 0.000000 0.000000 0.000000 0.000000 0.000000 0.000000 0.000000 0.000000 
0.000000 166.032170 166.029432 166.030117 166.033539 166.039699 0.000000 0.000000 0.000000 0.000000 0.000000 0.000000 0.000000 0.000000 0.000000 0.000000 0.000000 0.000000 0.000000 0.000000 0.000000 
