test/output/constant/M390_S060_A090_WD315.0_WS005.0/M390_S060_A090_WD315.0_WS005.0_ros.asc
ncols         12
nrows         56
xllcorner     426303.990666
yllcorner     12743255.311160
cellsize      100.000000
NODATA_value  0.000000
0.000000 0.000000 0.704467 0.000000 1.284113 0.000000 0.000000 0.000000 0.000000 0.000000 0.000000 0.000000 
0.000000 0.000000 0.704467 92.589554 63.503597 0.907547 0.000000 0.000000 0.000000 0.000000 0.000000 0.000000 
0.000000 0.891837 32.893394 92.589554 90.136223 0.907547 0.000000 0.000000 0.000000 0.000000 0.000000 0.000000 
0.000000 0.891837 40.602325 92.589554 70.615158 70.615158 48.023712 0.000000 0.000000 0.000000 0.000000 0.000000 
0.000000 63.962494 56.376526 92.589554 82.506950 70.615158 63.503597 0.000000 0.000000 0.000000 0.000000 0.000000 
0.000000 32.893394 40.602325 92.589554 92.589554 63.503597 2.545903 0.000000 0.000000 0.000000 0.000000 0.000000 
0.000000 32.893394 56.376526 92.589554 92.589554 77.014458 55.896004 55.896004 0.000000 0.000000 0.000000 0.000000 
0.000000 56.376526 56.376526 92.589554 63.503597 92.589554 63.503597 55.896004 0.000000 0.000000 0.000000 0.000000 
48.510132 63.962494 56.376526 92.589554 92.442856 63.503597 70.615158 63.503597 0.000000 0.000000 0.000000 0.000000 
48.510132 56.376526 77.386810 92.589554 92.589554 70.615158 63.503597 63.503597 0.000000 0.000000 0.000000 0.000000 
48.510132 40.602325 77.386810 92.589554 92.589554 92.442856 82.506950 63.503597 70.615158 0.000000 0.000000 0.000000 
40.602325 56.376526 82.817345 92.589554 92.589554 92.041031 82.506950 70.615158 1.284113 0.000000 0.000000 0.000000 
48.510132 56.376526 92.589554 63.962494 92.589554 92.589554 70.615158 63.503597 63.503597 0.000000 0.000000 0.000000 
63.962494 63.962494 87.164192 77.386810 92.589554 92.041031 63.503597 63.503597 63.503597 0.000000 0.000000 0.000000 
56.376526 56.376526 87.164192 90.295341 92.589554 86.925652 86.925652 77.014458 63.503597 0.000000 0.000000 0.000000 
56.376526 25.617630 92.589554 82.817345 92.589554 92.589554 70.615158 82.506950 63.503597 55.896004 0.000000 0.000000 
48.510132 25.617630 87.164192 82.817345 92.589554 92.589554 82.506950 92.589554 86.925652 70.615158 0.000000 0.000000 
40.602325 77.386810 90.295341 92.589554 92.589554 92.589554 92.589554 63.503597 70.615158 63.503597 0.000000 0.000000 
40.602325 40.602325 87.164192 92.589554 92.589554 92.589554 92.589554 63.503597 63.503597 63.503597 0.000000 0.000000 
40.602325 56.376526 87.164192 92.480293 92.589554 92.589554 92.041031 82.506950 77.014458 63.503597 0.000000 0.000000 
56.376526 40.602325 92.589554 90.295341 92.589554 92.589554 92.589554 63.503597 77.014458 70.615158 0.000000 0.000000 
40.602325 77.386810 92.115685 90.295341 92.589554 92.442856 90.136223 77.014458 63.503597 63.503597 0.000000 0.000000 
40.602325 71.037567 87.164192 92.115685 92.589554 92.589554 92.589554 92.041031 70.615158 86.925652 82.506950 0.000000 
32.893394 48.510132 90.295341 87.164192 92.589554 92.041031 90.136223 77.014458 70.615158 86.925652 63.503597 0.000000 
48.510132 77.386810 90.295341 87.164192 82.817345 92.589554 92.589554 82.506950 82.506950 77.014458 86.925652 0.000000 
63.962494 63.962494 92.589554 92.115685 92.589554 92.589554 92.589554 86.925652 70.615158 92.589554 77.014458 0.000000 
71.037567 71.037567 92.589554 92.589554 92.589554 92.589554 90.136223 92.589554 86.925652 92.589554 63.503597 0.000000 
77.386810 77.386810 90.295341 90.295341 92.589554 92.589554 92.589554 86.925652 77.014458 63.503597 63.503597 0.000000 
40.602325 77.386810 32.893394 90.295341 92.589554 92.589554 92.589554 92.589554 82.506950 63.503597 77.014458 0.000000 
32.893394 82.817345 48.510132 92.589554 92.589554 92.589554 92.589554 86.925652 86.925652 70.615158 86.925652 0.000000 
48.510132 92.589554 40.602325 92.589554 92.589554 92.589554 92.589554 92.589554 86.925652 63.503597 63.503597 0.000000 
0.000000 87.164192 63.962494 92.480293 92.589554 92.589554 92.589554 92.589554 90.136223 77.014458 70.615158 63.503597 
0.000000 40.602325 63.962494 48.510132 92.589554 92.589554 92.589554 92.589554 92.589554 77.014458 63.503597 86.925652 
0.000000 63.962494 63.962494 56.376526 92.589554 92.589554 92.589554 77.014458 86.925652 70.615158 63.503597 63.503597 
0.000000 63.962494 71.037567 56.376526 77.386810 92.589554 92.589554 90.136223 92.589554 70.615158 70.615158 92.589554 
0.000000 71.037567 71.037567 71.037567 92.589554 48.510132 92.589554 86.925652 92.589554 77.014458 63.503597 92.589554 
0.000000 71.037567 71.037567 71.037567 92.589554 92.589554 92.589554 92.589554 92.589554 86.925652 77.014458 92.589554 
0.000000 71.037567 71.037567 71.037567 92.589554 92.589554 92.589554 92.589554 82.506950 63.503597 77.014458 70.615158 
0.000000 77.386810 77.386810 82.817345 63.962494 92.589554 92.442856 86.925652 92.589554 70.615158 63.503597 82.506950 
0.000000 77.386810 77.386810 77.386810 87.164192 77.386810 92.589554 92.589554 92.589554 82.506950 82.506950 63.503597 
0.000000 0.000000 77.386810 77.386810 77.386810 92.589554 92.589554 92.589554 92.589554 92.589554 63.503597 70.615158 
0.000000 0.000000 77.386810 77.386810 77.386810 92.589554 92.589554 92.589554 92.589554 92.589554 90.136223 86.925652 
0.000000 0.000000 77.386810 77.386810 77.386810 92.589554 92.589554 92.589554 86.925652 86.925652 92.041031 86.925652 
0.000000 0.000000 77.386810 77.386810 82.817345 92.589554 92.589554 92.589554 92.589554 92.589554 70.615158 63.503597 
0.000000 0.000000 77.386810 77.386810 82.817345 92.589554 92.589554 92.589554 90.136223 92.589554 82.506950 86.925652 
0.000000 0.000000 0.000000 82.817345 82.817345 92.589554 92.589554 92.589554 86.925652 92.589554 90.136223 0.000000 
0.000000 0.000000 0.000000 82.817345 82.817345 92.589554 92.589554 92.589554 92.589554 92.589554 92.442856 0.000000 
0.000000 0.000000 0.000000 77.386810 92.589554 77.386810 92.589554 92.589554 86.925652 77.014458 92.589554 0.000000 
0.000000 0.000000 0.000000 77.386810 92.589554 92.589554 92.589554 92.589554 92.041031 92.041031 86.925652 0.000000 
0.000000 0.000000 0.000000 0.000000 92.589554 92.589554 92.589554 92.442856 92.589554 92.589554 92.589554 0.000000 
0.000000 0.000000 0.000000 0.000000 92.589554 87.164192 92.589554 92.589554 92.589554 77.014458 92.041031 0.000000 
0.000000 0.000000 0.000000 0.000000 92.589554 77.386810 92.589554 92.589554 92.589554 92.589554 92.589554 0.000000 
0.000000 0.000000 0.000000 0.000000 0.000000 92.589554 92.589554 92.589554 92.589554 92.589554 0.000000 0.000000 
0.000000 0.000000 0.000000 0.000000 0.000000 92.589554 92.589554 92.041031 92.589554 70.615158 0.000000 0.000000 
0.000000 0.000000 0.000000 0.000000 0.000000 0.000000 77.386810 92.589554 92.589554 92.589554 0.000000 0.000000 
0.000000 0.000000 0.000000 0.000000 0.000000 0.000000 92.589554 92.589554 92.589554 0.000000 0.000000 0.000000 
