test/output/constant/M390_S060_A090_WD315.0_WS005.0/M390_S060_A090_WD315.0_WS005.0_arrival.asc
ncols         12
nrows         56
xllcorner     426303.990666
yllcorner     12743255.311160
cellsize      100.000000
NODATA_value  0.000000
0.000000 0.000000 166.018578 166.000000 166.011986 0.000000 0.000000 0.000000 0.000000 0.000000 0.000000 0.000000 
0.000000 0.000000 166.009889 166.000599 166.003895 166.032962 0.000000 0.000000 0.000000 0.000000 0.000000 0.000000 
0.000000 166.037457 166.007791 166.001199 166.002997 166.019777 0.000000 0.000000 0.000000 0.000000 0.000000 0.000000 
0.000000 166.030565 166.007491 166.002098 166.002997 166.013784 166.038955 0.000000 0.000000 0.000000 0.000000 0.000000 
0.000000 166.026070 166.007791 166.002697 166.002997 166.010787 166.029666 0.000000 0.000000 0.000000 0.000000 0.000000 
0.000000 166.023673 166.007791 166.003596 166.003596 166.009289 166.023673 0.000000 0.000000 0.000000 0.000000 0.000000 
0.000000 166.022474 166.008390 166.004195 166.004195 166.008390 166.020077 166.039854 0.000000 0.000000 0.000000 0.000000 
0.000000 166.022174 166.008990 166.005094 166.005094 166.008390 166.017680 166.033861 0.000000 0.000000 0.000000 0.000000 
166.040153 166.021575 166.009589 166.005693 166.005693 166.008390 166.016181 166.029965 0.000000 0.000000 0.000000 0.000000 
166.038655 166.021575 166.010188 166.006592 166.006592 166.008390 166.014683 166.026969 0.000000 0.000000 0.000000 0.000000 
166.037457 166.021575 166.011087 166.007491 166.007192 166.008690 166.014084 166.024572 166.040153 0.000000 0.000000 0.000000 
166.036558 166.021875 166.011986 166.008390 166.008091 166.008990 166.013784 166.023073 166.036558 0.000000 0.000000 0.000000 
166.036258 166.022174 166.012885 166.009289 166.008690 166.009589 166.013784 166.021575 166.033561 0.000000 0.000000 0.000000 
166.035958 166.022474 166.013784 166.009889 166.009589 166.010188 166.013784 166.020376 166.031464 0.000000 0.000000 0.000000 
166.035659 166.022774 166.014683 166.010787 166.010488 166.010787 166.013784 166.019777 166.029666 0.000000 0.000000 0.000000 
166.035659 166.023073 166.015582 166.011686 166.011087 166.011387 166.014084 166.019178 166.028167 166.040453 0.000000 0.000000 
166.035659 166.023673 166.016481 166.012585 166.011986 166.011986 166.014084 166.019178 166.027268 166.038356 0.000000 0.000000 
166.035659 166.024272 166.017380 166.013484 166.012585 166.012585 166.014683 166.019178 166.026070 166.036857 0.000000 0.000000 
166.035958 166.024871 166.018279 166.014383 166.013484 166.013484 166.014983 166.019178 166.025171 166.035059 0.000000 0.000000 
166.036258 166.025470 166.019178 166.015282 166.014084 166.014084 166.015582 166.019178 166.024871 166.033861 0.000000 0.000000 
166.036558 166.026070 166.020077 166.016181 166.014983 166.014983 166.016181 166.019477 166.024572 166.032662 0.000000 0.000000 
166.036857 166.026669 166.020976 166.017080 166.015582 166.015582 166.016481 166.019477 166.024572 166.031763 0.000000 0.000000 
166.037157 166.027268 166.021875 166.017979 166.016481 166.016481 166.017080 166.019777 166.024572 166.031164 166.040753 0.000000 
166.037457 166.028167 166.022774 166.018878 166.017080 166.017080 166.017680 166.020077 166.024572 166.030565 166.039255 0.000000 
166.038056 166.028767 166.023673 166.019777 166.017979 166.017979 166.018279 166.020376 166.024572 166.029965 166.038356 0.000000 
166.038655 166.029666 166.024572 166.020676 166.018878 166.018578 166.018878 166.020976 166.024871 166.029965 166.037457 0.000000 
166.039255 166.030265 166.025470 166.021575 166.019777 166.019477 166.019777 166.021575 166.024871 166.029965 166.036558 0.000000 
166.039554 166.031164 166.026369 166.022474 166.020376 166.020077 166.020376 166.021875 166.025171 166.029965 166.035958 0.000000 
166.040153 166.032063 166.027268 166.023373 166.021275 166.020976 166.020976 166.022474 166.025470 166.029965 166.035659 0.000000 
166.040753 166.032962 166.028167 166.024272 166.022174 166.021575 166.021575 166.023073 166.025770 166.029965 166.035359 0.000000 
166.041352 166.033861 166.029066 166.025171 166.023073 166.022474 166.022474 166.023673 166.026070 166.030265 166.035359 0.000000 
0.000000 166.034760 166.029965 166.026070 166.023972 166.023073 166.023073 166.024272 166.026369 166.030265 166.035359 166.041652 
0.000000 166.035659 166.030864 166.026969 166.024871 166.023972 166.023972 166.024871 166.026969 166.030565 166.035359 166.041352 
0.000000 166.036558 166.031763 166.027868 166.025470 166.024572 166.024572 166.025470 166.027268 166.030864 166.035359 166.040753 
0.000000 166.037457 166.032662 166.028767 166.026369 166.025470 166.025470 166.026070 166.027868 166.030864 166.035359 166.040753 
0.000000 166.038356 166.033561 166.029666 166.027268 166.026369 166.026070 166.026669 166.028467 166.031164 166.035659 166.040753 
0.000000 166.039255 166.034460 166.030565 166.028167 166.026969 166.026969 166.027268 166.029066 166.031464 166.035659 166.040753 
0.000000 166.039854 166.035359 166.031464 166.029066 166.027868 166.027568 166.028167 166.029366 166.032063 166.035958 166.040753 
0.000000 166.040753 166.035958 166.032063 166.029965 166.028467 166.028467 166.028767 166.029965 166.032362 166.036258 166.040753 
0.000000 166.041652 166.036857 166.032962 166.030565 166.029366 166.029066 166.029366 166.030565 166.032662 166.036258 166.041052 
0.000000 0.000000 166.037756 166.033861 166.031464 166.030265 166.029965 166.029965 166.031164 166.033261 166.036558 166.041052 
0.000000 0.000000 166.038655 166.034760 166.032362 166.031164 166.030864 166.030864 166.031763 166.033861 166.036857 166.041052 
0.000000 0.000000 166.039554 166.035659 166.033261 166.031763 166.031464 166.031464 166.032362 166.034460 166.037157 166.041352 
0.000000 0.000000 166.040453 166.036558 166.034160 166.032662 166.032362 166.032362 166.032962 166.035059 166.037457 166.041652 
0.000000 0.000000 166.041352 166.037457 166.035059 166.033561 166.032962 166.032962 166.033561 166.035359 166.037756 166.041652 
0.000000 0.000000 0.000000 166.038356 166.035958 166.034460 166.033861 166.033861 166.034160 166.035958 166.038356 0.000000 
0.000000 0.000000 0.000000 166.039255 166.036857 166.035059 166.034460 166.034460 166.035059 166.036558 166.038655 0.000000 
0.000000 0.000000 0.000000 166.040153 166.037756 166.035958 166.035359 166.035359 166.035659 166.036857 166.039255 0.000000 
0.000000 0.000000 0.000000 166.041052 166.038655 166.036857 166.035958 166.035958 166.036258 166.037457 166.039854 0.000000 
0.000000 0.000000 0.000000 0.000000 166.039554 166.037756 166.036857 166.036857 166.036857 166.038356 166.040453 0.000000 
0.000000 0.000000 0.000000 0.000000 166.040453 166.038356 166.037756 166.037457 166.037457 166.038955 166.040753 0.000000 
0.000000 0.000000 0.000000 0.000000 166.041352 166.039255 166.038356 166.038356 166.038356 166.039554 166.041352 0.000000 
0.000000 0.000000 0.000000 0.000000 0.000000 166.040153 166.039255 166.038955 166.038955 166.040153 0.000000 0.000000 
0.000000 0.000000 0.000000 0.000000 0.000000 166.041052 166.039854 166.039854 166.039854 166.040753 0.000000 0.000000 
0.000000 0.000000 0.000000 0.000000 0.000000 0.000000 166.040753 166.040453 166.040453 166.041352 0.000000 0.000000 
0.000000 0.000000 0.000000 0.000000 0.000000 0.000000 166.041652 166.041352 166.041352 0.000000 0.000000 0.000000 
