test/output/constant/M3100_S060_A090_WD180.0_WS020.0/M3100_S060_A090_WD180.0_WS020.0_arrival.asc
ncols         11
nrows         31
xllcorner     426103.990666
yllcorner     12745955.311160
cellsize      100.000000
NODATA_value  0.000000
0.000000 0.000000 0.000000 0.000000 166.031034 166.028646 166.031034 0.000000 0.000000 0.000000 0.000000 
0.000000 0.000000 0.000000 166.031034 166.014920 166.009549 166.014920 166.031034 0.000000 0.000000 0.000000 
0.000000 0.000000 166.037598 166.021485 166.005968 166.000000 166.005968 166.021485 166.037598 0.000000 0.000000 
0.000000 0.000000 166.030437 166.016114 166.004178 166.001194 166.004178 166.016114 166.030437 0.000000 0.000000 
0.000000 166.040582 166.026259 166.013130 166.004178 166.002387 166.004178 166.013130 166.026259 166.040582 0.000000 
0.000000 166.035808 166.022678 166.011936 166.005371 166.004178 166.005371 166.011936 166.022678 166.035808 0.000000 
0.000000 166.032824 166.020888 166.011936 166.006565 166.005371 166.006565 166.011936 166.020888 166.032824 0.000000 
0.000000 166.030437 166.020291 166.011936 166.007758 166.007162 166.007758 166.011936 166.020291 166.030437 0.000000 
166.039985 166.028646 166.019694 166.012533 166.008952 166.008355 166.008952 166.012533 166.019694 166.028646 166.039985 
166.038195 166.028050 166.019694 166.013726 166.010742 166.010146 166.010742 166.013726 166.019694 166.028050 166.038195 
166.037001 166.028050 166.020291 166.014920 166.011936 166.011339 166.011936 166.014920 166.020291 166.028050 166.037001 
166.035808 166.027453 166.020291 166.016114 166.013130 166.013130 166.013130 166.016114 166.020291 166.027453 166.035808 
166.035808 166.027453 166.020888 166.017307 166.014920 166.014323 166.014920 166.017307 166.020888 166.027453 166.035808 
166.035211 166.028050 166.022082 166.018501 166.016114 166.016114 166.016114 166.018501 166.022082 166.028050 166.035211 
166.035211 166.028050 166.023275 166.019694 166.017904 166.017307 166.017904 166.019694 166.023275 166.028050 166.035211 
166.035808 166.028646 166.024469 166.020888 166.019098 166.019098 166.019098 166.020888 166.024469 166.028646 166.035808 
166.035808 166.029840 166.025662 166.022082 166.020888 166.020291 166.020888 166.022082 166.025662 166.029840 166.035808 
166.036405 166.030437 166.026856 166.023872 166.022082 166.022082 166.022082 166.023872 166.026856 166.030437 166.036405 
166.036405 166.031630 166.028050 166.025066 166.023872 166.023275 166.023872 166.025066 166.028050 166.031630 166.036405 
166.037598 166.032824 166.029243 166.026259 166.025066 166.025066 166.025066 166.026259 166.029243 166.032824 166.037598 
166.038195 166.034017 166.030437 166.028050 166.026856 166.026259 166.026856 166.028050 166.030437 166.034017 166.038195 
166.039389 166.035211 166.031630 166.029243 166.028050 166.028050 166.028050 166.029243 166.031630 166.035211 166.039389 
166.039985 166.036405 166.032824 166.030437 166.029840 166.029243 166.029840 166.030437 166.032824 166.036405 166.039985 
166.041179 166.037598 166.034017 166.032227 166.031034 166.031034 166.031034 166.032227 166.034017 166.037598 166.041179 
0.000000 166.038195 166.035808 166.033421 166.032824 166.032227 166.032824 166.033421 166.035808 166.038195 0.000000 
0.000000 166.039389 166.037001 166.035211 166.034017 166.034017 166.034017 166.035211 166.037001 166.039389 0.000000 
0.000000 166.040582 166.038195 166.036405 166.035808 166.035211 166.035808 166.036405 166.038195 166.040582 0.000000 
0.000000 0.000000 166.039389 166.038195 166.037001 166.037001 166.037001 166.038195 166.039389 0.000000 0.000000 
0.000000 0.000000 166.041179 166.039389 166.038792 166.038195 166.038792 166.039389 166.041179 0.000000 0.000000 
0.000000 0.000000 0.000000 166.041179 166.039985 166.039985 166.039985 166.041179 0.000000 0.000000 0.000000 
0.000000 0.000000 0.000000 0.000000 166.041667 166.041179 166.041667 0.000000 0.000000 0.000000 0.000000 
