test/output/constant/M185_S060_A180_WD315.0_WS015.0/M185_S060_A180_WD315.0_WS015.0_arrival.asc
ncols         28
nrows         10
xllcorner     426603.990666
yllcorner     12747955.311160
cellsize      100.000000
NODATA_value  0.000000
0.000000 166.038060 166.038655 166.039844 166.041628 0.000000 0.000000 0.000000 0.000000 0.000000 0.000000 0.000000 0.000000 0.000000 0.000000 0.000000 0.000000 0.000000 0.000000 0.000000 0.000000 0.000000 0.000000 0.000000 0.000000 0.000000 0.000000 0.000000 
166.000000 166.001189 166.002379 166.004757 166.007731 166.011299 166.014867 166.019030 166.023193 166.026761 166.030924 166.035086 166.039249 0.000000 0.000000 0.000000 0.000000 0.000000 0.000000 0.000000 0.000000 0.000000 0.000000 0.000000 0.000000 0.000000 0.000000 0.000000 
166.013083 166.002973 166.002973 166.004163 166.005947 166.007136 166.008920 166.010704 166.013083 166.016057 166.019030 166.022598 166.025572 166.029140 166.032708 166.036871 166.040439 0.000000 0.000000 0.000000 0.000000 0.000000 0.000000 0.000000 0.000000 0.000000 0.000000 0.000000 
0.000000 166.034492 166.015462 166.009515 166.008326 166.008326 166.008920 166.010704 166.011894 166.013678 166.015462 166.017246 166.019030 166.021409 166.024382 166.027356 166.030329 166.033897 166.037465 166.040439 0.000000 0.000000 0.000000 0.000000 0.000000 0.000000 0.000000 0.000000 
0.000000 0.000000 0.000000 166.033302 166.022003 166.016057 166.014272 166.013678 166.013678 166.013678 166.014867 166.016651 166.018435 166.019625 166.021409 166.023193 166.025572 166.027950 166.030329 166.033302 166.036276 166.038655 0.000000 0.000000 0.000000 0.000000 0.000000 0.000000 
0.000000 0.000000 0.000000 0.000000 0.000000 166.038655 166.029140 166.023193 166.020219 166.019030 166.019030 166.019030 166.019030 166.020219 166.021409 166.023193 166.024382 166.026166 166.027950 166.029734 166.031518 166.033897 166.036276 166.038655 166.041628 0.000000 0.000000 0.000000 
0.000000 0.000000 0.000000 0.000000 0.000000 0.000000 0.000000 0.000000 166.036276 166.030329 166.026761 166.025572 166.024382 166.023787 166.023787 166.024382 166.024977 166.026166 166.027356 166.029140 166.030924 166.032113 166.033897 166.035681 166.038060 166.039844 0.000000 0.000000 
0.000000 0.000000 0.000000 0.000000 0.000000 0.000000 0.000000 0.000000 0.000000 0.000000 0.000000 166.037465 166.033897 166.031518 166.030329 166.029734 166.029140 166.029140 166.029734 166.029734 166.030924 166.032708 166.033897 166.035681 166.036871 166.038655 166.040439 0.000000 
0.000000 0.000000 0.000000 0.000000 0.000000 0.000000 0.000000 0.000000 0.000000 0.000000 0.000000 0.000000 0.000000 0.000000 166.041033 166.038060 166.036871 166.035086 166.034492 166.034492 166.034492 166.034492 166.035086 166.036276 166.036871 166.038655 166.039844 166.041628 
0.000000 0.000000 0.000000 0.000000 0.000000 0.000000 0.000000 0.000000 0.000000 0.000000 0.000000 0.000000 0.000000 0.000000 0.000000 0.000000 0.000000 0.000000 0.000000 166.041628 166.040439 166.039844 166.039844 166.039844 166.039844 166.040439 166.041033 0.000000 
