test/output/constant/M385_S000_A090_WD000.0_WS010.0/M385_S000_A090_WD000.0_WS010.0_arrival.asc
ncols         13
nrows         18
xllcorner     426003.990666
yllcorner     12747455.311160
cellsize      100.000000
NODATA_value  0.000000
0.000000 0.000000 0.000000 0.000000 166.041667 166.039545 166.038309 166.039545 166.041667 0.000000 0.000000 0.000000 0.000000 
0.000000 0.000000 0.000000 166.037073 166.032130 166.028423 166.027187 166.028423 166.032130 166.037073 0.000000 0.000000 0.000000 
0.000000 0.000000 166.038309 166.030895 166.022244 166.017301 166.016065 166.017301 166.022244 166.030895 166.038309 0.000000 0.000000 
0.000000 166.040781 166.032130 166.024716 166.016065 166.008650 166.006179 166.008650 166.016065 166.024716 166.032130 166.040781 0.000000 
0.000000 166.037073 166.028423 166.021008 166.012358 166.003707 166.000000 166.003707 166.012358 166.021008 166.028423 166.037073 0.000000 
0.000000 166.034602 166.027187 166.018537 166.011122 166.003707 166.002472 166.003707 166.011122 166.018537 166.027187 166.034602 0.000000 
166.041667 166.033366 166.025951 166.018537 166.011122 166.006179 166.004943 166.006179 166.011122 166.018537 166.025951 166.033366 166.041667 
166.040781 166.033366 166.025951 166.018537 166.012358 166.008650 166.008650 166.008650 166.012358 166.018537 166.025951 166.033366 166.040781 
166.040781 166.033366 166.025951 166.019773 166.014829 166.012358 166.011122 166.012358 166.014829 166.019773 166.025951 166.033366 166.040781 
166.039545 166.033366 166.027187 166.021008 166.017301 166.014829 166.014829 166.014829 166.017301 166.021008 166.027187 166.033366 166.039545 
166.040781 166.033366 166.028423 166.023480 166.019773 166.017301 166.017301 166.017301 166.019773 166.023480 166.028423 166.033366 166.040781 
166.040781 166.034602 166.029659 166.025951 166.022244 166.021008 166.021008 166.021008 166.022244 166.025951 166.029659 166.034602 166.040781 
166.041667 166.037073 166.032130 166.028423 166.025951 166.023480 166.023480 166.023480 166.025951 166.028423 166.032130 166.037073 166.041667 
0.000000 166.038309 166.034602 166.030895 166.028423 166.027187 166.027187 166.027187 166.028423 166.030895 166.034602 166.038309 0.000000 
0.000000 166.040781 166.037073 166.033366 166.030895 166.029659 166.029659 166.029659 166.030895 166.033366 166.037073 166.040781 0.000000 
0.000000 0.000000 166.039545 166.035838 166.034602 166.033366 166.033366 166.033366 166.034602 166.035838 166.039545 0.000000 0.000000 
0.000000 0.000000 166.041667 166.039545 166.037073 166.035838 166.035838 166.035838 166.037073 166.039545 166.041667 0.000000 0.000000 
0.000000 0.000000 0.000000 166.041667 166.040781 166.039545 166.039545 166.039545 166.040781 166.041667 0.000000 0.000000 0.000000 
