test/output/constant/M3M465_S060_A270_WD045.0_WS020.0/M3M465_S060_A270_WD045.0_WS020.0_arrival.asc
ncols         14
nrows         20
xllcorner     425403.990666
yllcorner     12748655.311160
cellsize      100.000000
NODATA_value  0.000000
166.041287 166.040550 166.040550 166.041287 0.000000 0.000000 0.000000 0.000000 0.000000 0.000000 0.000000 0.000000 0.000000 0.000000 
166.040550 166.038338 166.037601 166.038338 166.039075 0.000000 0.000000 0.000000 0.000000 0.000000 0.000000 0.000000 0.000000 0.000000 
166.040550 166.036863 166.036126 166.035389 166.036126 166.038338 0.000000 0.000000 0.000000 0.000000 0.000000 0.000000 0.000000 0.000000 
166.040550 166.036863 166.034651 166.033177 166.033177 166.034651 166.037601 0.000000 0.000000 0.000000 0.000000 0.000000 0.000000 0.000000 
166.041287 166.036863 166.033177 166.030965 166.030965 166.031702 166.033177 166.037601 0.000000 0.000000 0.000000 0.000000 0.000000 0.000000 
0.000000 166.036863 166.033177 166.030228 166.028753 166.028753 166.029491 166.033177 166.038338 0.000000 0.000000 0.000000 0.000000 0.000000 
0.000000 166.038338 166.033914 166.029491 166.027279 166.026542 166.026542 166.028753 166.033177 166.040550 0.000000 0.000000 0.000000 0.000000 
0.000000 166.041287 166.034651 166.030228 166.026542 166.024330 166.024330 166.025067 166.028016 166.034651 0.000000 0.000000 0.000000 0.000000 
0.000000 0.000000 166.036863 166.030965 166.026542 166.022855 166.022118 166.022118 166.023592 166.028753 166.036863 0.000000 0.000000 0.000000 
0.000000 0.000000 166.040550 166.032440 166.026542 166.022855 166.019906 166.019906 166.019906 166.023592 166.030965 166.041667 0.000000 0.000000 
0.000000 0.000000 0.000000 166.036126 166.028753 166.022855 166.019169 166.017694 166.017694 166.019169 166.025067 166.034651 0.000000 0.000000 
0.000000 0.000000 0.000000 166.041287 166.032440 166.024330 166.019169 166.016220 166.015483 166.015483 166.019169 166.028016 166.041287 0.000000 
0.000000 0.000000 0.000000 0.000000 166.037601 166.028016 166.020643 166.016220 166.013271 166.012534 166.014745 166.021381 166.033914 0.000000 
0.000000 0.000000 0.000000 0.000000 0.000000 166.033914 166.023592 166.016220 166.012534 166.010322 166.011059 166.014745 166.026542 0.000000 
0.000000 0.000000 0.000000 0.000000 0.000000 0.000000 166.029491 166.019169 166.012534 166.008847 166.008110 166.009584 166.019169 0.000000 
0.000000 0.000000 0.000000 0.000000 0.000000 0.000000 166.040550 166.025804 166.015483 166.008847 166.005898 166.005898 166.011796 166.036126 
0.000000 0.000000 0.000000 0.000000 0.000000 0.000000 0.000000 166.038338 166.022855 166.011059 166.005898 166.003686 166.005161 166.029491 
0.000000 0.000000 0.000000 0.000000 0.000000 0.000000 0.000000 0.000000 166.036863 166.019906 166.006635 166.002212 166.001475 166.023592 
0.000000 0.000000 0.000000 0.000000 0.000000 0.000000 0.000000 0.000000 0.000000 166.038338 166.018432 166.002212 166.000000 166.022118 
0.000000 0.000000 0.000000 0.000000 0.000000 0.000000 0.000000 0.000000 0.000000 0.000000 0.000000 166.029491 166.022118 166.035389 
