test/output/constant/M3M4100_S060_A000_WD270.0_WS025.0/M3M4100_S060_A000_WD270.0_WS025.0_arrival.asc
ncols         24
nrows         11
xllcorner     424603.990666
yllcorner     12748255.311160
cellsize      100.000000
NODATA_value  0.000000
0.000000 0.000000 0.000000 0.000000 0.000000 166.041491 166.039831 166.038172 166.037342 166.036512 166.035682 166.035682 166.035682 166.035682 166.036512 166.036512 166.039002 166.041491 0.000000 0.000000 0.000000 0.000000 0.000000 0.000000 
0.000000 0.000000 0.000000 166.040661 166.039002 166.037342 166.035682 166.034023 166.032363 166.030703 166.029874 166.029044 166.028214 166.028214 166.027384 166.028214 166.028214 166.029874 166.033193 166.036512 166.041491 0.000000 0.000000 0.000000 
0.000000 166.041491 166.039831 166.037342 166.035682 166.034023 166.032363 166.030703 166.028214 166.026554 166.024895 166.024065 166.022405 166.020746 166.019916 166.019916 166.019916 166.020746 166.021575 166.024895 166.029044 166.035682 0.000000 0.000000 
166.041667 166.039831 166.038172 166.035682 166.034023 166.031533 166.029874 166.028214 166.025724 166.024065 166.022405 166.019916 166.018256 166.016596 166.014937 166.013277 166.012447 166.012447 166.012447 166.013277 166.016596 166.023235 166.031533 0.000000 
166.041491 166.039002 166.037342 166.034853 166.033193 166.030703 166.029044 166.026554 166.024895 166.022405 166.020746 166.018256 166.016596 166.014107 166.012447 166.009958 166.008298 166.006639 166.004979 166.004149 166.004979 166.010788 166.023235 166.035682 
166.040661 166.039002 166.036512 166.034853 166.032363 166.030703 166.028214 166.026554 166.024065 166.022405 166.019916 166.018256 166.015767 166.014107 166.011618 166.009958 166.007468 166.005809 166.003319 166.001660 166.000000 166.007468 166.020746 166.034853 
166.041491 166.039002 166.037342 166.034853 166.033193 166.030703 166.029044 166.026554 166.024895 166.022405 166.020746 166.018256 166.016596 166.014107 166.012447 166.009958 166.008298 166.006639 166.004979 166.004149 166.004979 166.010788 166.023235 166.035682 
166.041667 166.039831 166.038172 166.035682 166.034023 166.031533 166.029874 166.028214 166.025724 166.024065 166.022405 166.019916 166.018256 166.016596 166.014937 166.013277 166.012447 166.012447 166.012447 166.013277 166.016596 166.023235 166.031533 0.000000 
0.000000 166.041491 166.039831 166.037342 166.035682 166.034023 166.032363 166.030703 166.028214 166.026554 166.024895 166.024065 166.022405 166.020746 166.019916 166.019916 166.019916 166.020746 166.021575 166.024895 166.029044 166.035682 0.000000 0.000000 
0.000000 0.000000 0.000000 166.040661 166.039002 166.037342 166.035682 166.034023 166.032363 166.030703 166.029874 166.029044 166.028214 166.028214 166.027384 166.028214 166.028214 166.029874 166.033193 166.036512 166.041491 0.000000 0.000000 0.000000 
0.000000 0.000000 0.000000 0.000000 0.000000 166.041491 166.039831 166.038172 166.037342 166.036512 166.035682 166.035682 166.035682 166.035682 166.036512 166.036512 166.039002 166.041491 0.000000 0.000000 0.000000 0.000000 0.000000 0.000000 
