test/output/constant/M1M290_S060_A270_WD180.0_WS015.0/M1M290_S060_A270_WD180.0_WS015.0_arrival.asc
ncols         7
nrows         33
xllcorner     426303.990666
yllcorner     12748755.311160
cellsize      100.000000
NODATA_value  0.000000
0.000000 0.000000 166.041646 166.040618 166.041646 0.000000 0.000000 
0.000000 0.000000 166.040104 166.039590 166.040104 0.000000 0.000000 
0.000000 166.041646 166.039076 166.038047 166.039076 166.041646 0.000000 
0.000000 166.040618 166.037533 166.037019 166.037533 166.040618 0.000000 
0.000000 166.039590 166.036505 166.035477 166.036505 166.039590 0.000000 
0.000000 166.038047 166.034962 166.034448 166.034962 166.038047 0.000000 
0.000000 166.037019 166.033934 166.032906 166.033934 166.037019 0.000000 
0.000000 166.035991 166.032392 166.031877 166.032392 166.035991 0.000000 
166.041646 166.034962 166.031363 166.030335 166.031363 166.034962 166.041646 
166.040618 166.033420 166.030335 166.029307 166.030335 166.033420 166.040618 
166.040104 166.032392 166.028793 166.027764 166.028793 166.032392 166.040104 
166.039076 166.031363 166.027764 166.026736 166.027764 166.031363 166.039076 
166.038047 166.030335 166.026222 166.025193 166.026222 166.030335 166.038047 
166.037533 166.029307 166.025193 166.024165 166.025193 166.029307 166.037533 
166.037019 166.028278 166.023651 166.022623 166.023651 166.028278 166.037019 
166.037019 166.027250 166.022623 166.021594 166.022623 166.027250 166.037019 
166.037019 166.026222 166.021080 166.020052 166.021080 166.026222 166.037019 
166.037019 166.025708 166.020052 166.019024 166.020052 166.025708 166.037019 
166.037533 166.024679 166.019024 166.017481 166.019024 166.024679 166.037533 
166.037533 166.023651 166.017481 166.016453 166.017481 166.023651 166.037533 
166.038561 166.023137 166.016453 166.014910 166.016453 166.023137 166.038561 
166.039076 166.022109 166.014910 166.013882 166.014910 166.022109 166.039076 
166.040618 166.022109 166.013882 166.012340 166.013882 166.022109 166.040618 
0.000000 166.022623 166.012340 166.011311 166.012340 166.022623 0.000000 
0.000000 166.022623 166.011311 166.009769 166.011311 166.022623 0.000000 
0.000000 166.023137 166.010283 166.008741 166.010283 166.023137 0.000000 
0.000000 166.024679 166.009255 166.007198 166.009255 166.024679 0.000000 
0.000000 166.027250 166.008226 166.006170 166.008226 166.027250 0.000000 
0.000000 166.030849 166.007712 166.004627 166.007712 166.030849 0.000000 
0.000000 166.037533 166.007712 166.003599 166.007712 166.037533 0.000000 
0.000000 0.000000 166.008226 166.002057 166.008226 0.000000 0.000000 
0.000000 0.000000 166.011311 166.001028 166.011311 0.000000 0.000000 
0.000000 0.000000 166.030849 166.000000 166.030849 0.000000 0.000000 
