test/output/constant/M3M470_S060_A270_WD090.0_WS005.0/M3M470_S060_A270_WD090.0_WS005.0_arrival.asc
ncols         10
nrows         37
xllcorner     425903.990666
yllcorner     12748755.311160
cellsize      100.000000
NODATA_value  0.000000
0.000000 0.000000 166.041136 166.041593 0.000000 0.000000 0.000000 0.000000 0.000000 0.000000 
0.000000 166.041136 166.040222 166.040222 166.041136 0.000000 0.000000 0.000000 0.000000 0.000000 
0.000000 166.040222 166.039307 166.038850 166.039764 0.000000 0.000000 0.000000 0.000000 0.000000 
0.000000 166.039307 166.037936 166.037936 166.038393 166.040679 0.000000 0.000000 0.000000 0.000000 
166.041593 166.038393 166.037022 166.036565 166.037022 166.039307 0.000000 0.000000 0.000000 0.000000 
166.040679 166.037479 166.035651 166.035651 166.035651 166.037479 166.041136 0.000000 0.000000 0.000000 
166.040679 166.037022 166.034737 166.034280 166.034737 166.036108 166.039764 0.000000 0.000000 0.000000 
166.040222 166.036108 166.033823 166.033366 166.033366 166.034737 166.037936 0.000000 0.000000 0.000000 
166.040222 166.035651 166.032909 166.031994 166.031994 166.033366 166.036565 166.041136 0.000000 0.000000 
166.039764 166.035194 166.031994 166.031080 166.031080 166.031994 166.035194 166.039764 0.000000 0.000000 
166.039764 166.034280 166.031080 166.029709 166.029709 166.030623 166.033366 166.037936 0.000000 0.000000 
166.039764 166.034280 166.030623 166.028795 166.028795 166.029252 166.031994 166.036565 0.000000 0.000000 
166.040222 166.033823 166.029709 166.027424 166.027424 166.027881 166.030623 166.034737 166.041593 0.000000 
166.040222 166.033823 166.029252 166.026510 166.026510 166.026510 166.028795 166.033366 166.039764 0.000000 
166.040222 166.033823 166.028795 166.025596 166.025138 166.025138 166.027424 166.031537 166.038393 0.000000 
166.040679 166.033823 166.028338 166.024681 166.023767 166.024224 166.026053 166.030166 166.036565 0.000000 
166.041593 166.033823 166.027881 166.024224 166.022853 166.022853 166.024224 166.028338 166.035194 0.000000 
0.000000 166.033823 166.027881 166.023310 166.021939 166.021482 166.022853 166.026967 166.033823 0.000000 
0.000000 166.034280 166.027881 166.022853 166.020568 166.020568 166.021482 166.025138 166.031994 0.000000 
0.000000 166.035194 166.027881 166.022396 166.019654 166.019197 166.020111 166.023767 166.030623 0.000000 
0.000000 166.036108 166.027881 166.021939 166.018740 166.018283 166.018740 166.021939 166.028795 166.041593 
0.000000 166.037936 166.027881 166.021482 166.017825 166.016911 166.017368 166.020568 166.027424 166.040222 
0.000000 166.040222 166.028795 166.021482 166.016911 166.015997 166.015997 166.018740 166.026053 166.039307 
0.000000 0.000000 166.029709 166.021482 166.016454 166.014626 166.014626 166.017368 166.024681 166.037936 
0.000000 0.000000 166.031537 166.021939 166.015997 166.013712 166.013712 166.015997 166.022853 166.037022 
0.000000 0.000000 166.033823 166.021939 166.015540 166.012341 166.012341 166.014169 166.021482 166.036108 
0.000000 0.000000 166.036565 166.023310 166.015540 166.011427 166.011427 166.012798 166.020111 166.035194 
0.000000 0.000000 166.040222 166.025138 166.015540 166.010512 166.010055 166.011427 166.018740 166.034280 
0.000000 0.000000 0.000000 166.027424 166.015540 166.010055 166.009141 166.009598 166.017368 166.034280 
0.000000 0.000000 0.000000 166.031080 166.016911 166.009598 166.007770 166.008227 166.015997 166.033823 
0.000000 0.000000 0.000000 166.037022 166.018740 166.009598 166.006399 166.006856 166.015083 166.034280 
0.000000 0.000000 0.000000 0.000000 166.021939 166.009598 166.005485 166.005485 166.013712 166.034737 
0.000000 0.000000 0.000000 0.000000 166.027424 166.010055 166.004114 166.004114 166.012798 166.037022 
0.000000 0.000000 0.000000 0.000000 166.036108 166.012798 166.003657 166.003199 166.011884 166.039764 
0.000000 0.000000 0.000000 0.000000 0.000000 166.018283 166.003199 166.001828 166.011884 0.000000 
0.000000 0.000000 0.000000 0.000000 0.000000 166.030166 166.003657 166.000914 166.013255 0.000000 
0.000000 0.000000 0.000000 0.000000 0.000000 0.000000 166.011427 166.000000 166.021025 0.000000 
