test/output/constant/C6_S000_A270_WD000.0_WS050.0/C6_S000_A270_WD000.0_WS050.0_arrival.asc
ncols         7
nrows         39
xllcorner     426303.990666
yllcorner     12744955.311160
cellsize      100.000000
NODATA_value  0.000000
0.000000 0.000000 0.000000 166.000000 0.000000 0.000000 0.000000 
0.000000 0.000000 166.011987 166.000888 166.011987 0.000000 0.000000 
0.000000 0.000000 166.008435 166.001776 166.008435 0.000000 0.000000 
0.000000 166.039955 166.007547 166.003108 166.007547 166.039955 0.000000 
0.000000 166.032852 166.007103 166.003996 166.007103 166.032852 0.000000 
0.000000 166.027525 166.007547 166.005327 166.007547 166.027525 0.000000 
0.000000 166.024861 166.008435 166.006215 166.008435 166.024861 0.000000 
0.000000 166.023529 166.009323 166.007547 166.009323 166.023529 0.000000 
0.000000 166.022641 166.010211 166.008435 166.010211 166.022641 0.000000 
0.000000 166.021753 166.011099 166.009767 166.011099 166.021753 0.000000 
166.041287 166.021309 166.011987 166.010655 166.011987 166.021309 166.041287 
166.039955 166.021309 166.013318 166.011987 166.013318 166.021309 166.039955 
166.038623 166.021309 166.014206 166.012874 166.014206 166.021309 166.038623 
166.037735 166.021753 166.015094 166.014206 166.015094 166.021753 166.037735 
166.036847 166.022641 166.016426 166.015094 166.016426 166.022641 166.036847 
166.035960 166.023085 166.017314 166.016426 166.017314 166.023085 166.035960 
166.035516 166.023973 166.018202 166.017314 166.018202 166.023973 166.035516 
166.035516 166.024861 166.019534 166.018646 166.019534 166.024861 166.035516 
166.035516 166.025305 166.020421 166.019534 166.020421 166.025305 166.035516 
166.035516 166.026193 166.021753 166.020865 166.021753 166.026193 166.035516 
166.035516 166.027081 166.022641 166.021753 166.022641 166.027081 166.035516 
166.035960 166.027969 166.023529 166.023085 166.023529 166.027969 166.035960 
166.036403 166.028856 166.024861 166.023973 166.024861 166.028856 166.036403 
166.037291 166.029744 166.025749 166.025305 166.025749 166.029744 166.037291 
166.037735 166.030632 166.027081 166.026193 166.027081 166.030632 166.037735 
166.038623 166.031520 166.027969 166.027525 166.027969 166.031520 166.038623 
166.039511 166.032852 166.029300 166.028412 166.029300 166.032852 166.039511 
166.040399 166.033740 166.030188 166.029744 166.030188 166.033740 166.040399 
166.040843 166.034628 166.031520 166.030632 166.031520 166.034628 166.040843 
166.041667 166.035960 166.032408 166.031964 166.032408 166.035960 166.041667 
0.000000 166.036847 166.033740 166.032852 166.033740 166.036847 0.000000 
0.000000 166.037735 166.034628 166.034184 166.034628 166.037735 0.000000 
0.000000 166.038623 166.035960 166.035072 166.035960 166.038623 0.000000 
0.000000 166.039955 166.036847 166.036403 166.036847 166.039955 0.000000 
0.000000 166.040843 166.038179 166.037291 166.038179 166.040843 0.000000 
0.000000 0.000000 166.039067 166.038623 166.039067 0.000000 0.000000 
0.000000 0.000000 166.040399 166.039511 166.040399 0.000000 0.000000 
0.000000 0.000000 166.041287 166.040843 166.041287 0.000000 0.000000 
0.000000 0.000000 0.000000 166.041667 0.000000 0.000000 0.000000 
