test/output/constant/M3M490_S000_A000_WD315.0_WS015.0/M3M490_S000_A000_WD315.0_WS015.0_arrival.asc
ncols         17
nrows         17
xllcorner     426303.990666
yllcorner     12747455.311160
cellsize      100.000000
NODATA_value  0.000000
0.000000 0.000000 166.039284 166.037413 166.037413 166.040219 0.000000 0.000000 0.000000 0.000000 0.000000 0.000000 0.000000 0.000000 0.000000 0.000000 0.000000 
0.000000 166.031801 166.024318 166.022448 166.022448 166.026189 166.030866 166.035542 166.041154 0.000000 0.000000 0.000000 0.000000 0.000000 0.000000 0.000000 0.000000 
166.039284 166.024318 166.011224 166.007483 166.009353 166.014030 166.019642 166.025254 166.031801 166.037413 0.000000 0.000000 0.000000 0.000000 0.000000 0.000000 0.000000 
166.037413 166.022448 166.007483 166.000000 166.001871 166.006547 166.012159 166.017771 166.023383 166.028995 166.034607 166.041154 0.000000 0.000000 0.000000 0.000000 0.000000 
166.037413 166.022448 166.009353 166.001871 166.001871 166.004677 166.008418 166.013095 166.017771 166.023383 166.028995 166.034607 166.040219 0.000000 0.000000 0.000000 0.000000 
166.040219 166.026189 166.014030 166.006547 166.004677 166.005612 166.008418 166.011224 166.014965 166.019642 166.024318 166.029930 166.035542 166.041154 0.000000 0.000000 0.000000 
0.000000 166.030866 166.019642 166.012159 166.008418 166.008418 166.008418 166.011224 166.014030 166.017771 166.021512 166.026189 166.031801 166.036478 166.041154 0.000000 0.000000 
0.000000 166.035542 166.025254 166.017771 166.013095 166.011224 166.011224 166.012159 166.014030 166.017771 166.020577 166.024318 166.028995 166.033672 166.038348 0.000000 0.000000 
0.000000 166.041154 166.031801 166.023383 166.017771 166.014965 166.014030 166.014030 166.014965 166.017771 166.020577 166.024318 166.027124 166.030866 166.035542 166.040219 0.000000 
0.000000 0.000000 166.037413 166.028995 166.023383 166.019642 166.017771 166.017771 166.017771 166.018706 166.020577 166.023383 166.027124 166.029930 166.033672 166.038348 0.000000 
0.000000 0.000000 0.000000 166.034607 166.028995 166.024318 166.021512 166.020577 166.020577 166.020577 166.021512 166.024318 166.027124 166.029930 166.033672 166.036478 166.040219 
0.000000 0.000000 0.000000 166.041154 166.034607 166.029930 166.026189 166.024318 166.024318 166.023383 166.024318 166.025254 166.028060 166.029930 166.032736 166.036478 166.039284 
0.000000 0.000000 0.000000 0.000000 166.040219 166.035542 166.031801 166.028995 166.027124 166.027124 166.027124 166.028060 166.028995 166.030866 166.033672 166.036478 166.039284 
0.000000 0.000000 0.000000 0.000000 0.000000 166.041154 166.036478 166.033672 166.030866 166.029930 166.029930 166.029930 166.030866 166.031801 166.033672 166.036478 166.039284 
0.000000 0.000000 0.000000 0.000000 0.000000 0.000000 166.041154 166.038348 166.035542 166.033672 166.033672 166.032736 166.033672 166.033672 166.035542 166.037413 166.040219 
0.000000 0.000000 0.000000 0.000000 0.000000 0.000000 0.000000 0.000000 166.040219 166.038348 166.036478 166.036478 166.036478 166.036478 166.037413 166.038348 166.041154 
0.000000 0.000000 0.000000 0.000000 0.000000 0.000000 0.000000 0.000000 0.000000 0.000000 166.040219 166.039284 166.039284 166.039284 166.040219 166.041154 166.041667 
