test/output/constant/M3M485_S000_A270_WD270.0_WS045.0/M3M485_S000_A270_WD270.0_WS045.0_arrival.asc
ncols         52
nrows         9
xllcorner     426603.990666
yllcorner     12748355.311160
cellsize      100.000000
NODATA_value  0.000000
0.000000 0.000000 0.000000 0.000000 0.000000 0.000000 0.000000 0.000000 0.000000 0.000000 0.000000 166.041283 166.039332 166.038032 166.036407 166.035757 166.035107 166.034456 166.033806 166.033481 166.033156 166.033156 166.033156 166.033156 166.033156 166.033156 166.033156 166.033806 166.034131 166.034781 166.035107 166.035757 166.036082 166.036732 166.037382 166.038032 166.038357 166.039007 166.039657 166.040308 166.040958 166.041283 0.000000 0.000000 0.000000 0.000000 0.000000 0.000000 0.000000 0.000000 0.000000 0.000000 
0.000000 0.000000 0.000000 0.000000 0.000000 166.039332 166.034456 166.031531 166.028930 166.027305 166.026005 166.025355 166.024705 166.024054 166.023729 166.023729 166.023729 166.023729 166.023729 166.024054 166.024380 166.025030 166.025355 166.026005 166.026655 166.026980 166.027630 166.028280 166.028930 166.029255 166.029906 166.030556 166.031206 166.031856 166.032506 166.033156 166.033806 166.034456 166.035432 166.036082 166.036732 166.037382 166.038357 166.039007 166.039657 166.040633 166.041283 0.000000 0.000000 0.000000 0.000000 0.000000 
0.000000 0.000000 166.030231 166.023404 166.019179 166.016903 166.015928 166.014953 166.014303 166.014303 166.014303 166.014303 166.014628 166.015278 166.015603 166.016253 166.016903 166.017228 166.017878 166.018528 166.019179 166.019829 166.020479 166.021129 166.022104 166.022754 166.023404 166.024054 166.025030 166.025680 166.026330 166.027305 166.027955 166.028930 166.029581 166.030231 166.030881 166.031856 166.032506 166.033481 166.034131 166.035107 166.035757 166.036732 166.037382 166.038032 166.039007 166.039657 166.040633 166.041283 0.000000 0.000000 
166.015603 166.007151 166.005201 166.004876 166.004876 166.005526 166.005851 166.006501 166.007151 166.008127 166.008777 166.009427 166.010402 166.011052 166.012027 166.012677 166.013327 166.014303 166.014953 166.015928 166.016578 166.017553 166.018203 166.019179 166.019829 166.020804 166.021454 166.022429 166.023079 166.023729 166.024705 166.025355 166.026330 166.026980 166.027955 166.028605 166.029255 166.030231 166.030881 166.031856 166.032506 166.033481 166.034131 166.035107 166.035757 166.036407 166.037382 166.038032 166.039007 166.039657 166.040633 166.041283 
166.000000 166.000650 166.001300 166.002275 166.002926 166.003901 166.004551 166.005526 166.006176 166.007151 166.007801 166.008777 166.009427 166.010402 166.011052 166.012027 166.012677 166.013653 166.014303 166.015278 166.015928 166.016903 166.017553 166.018528 166.019179 166.020154 166.020804 166.021779 166.022429 166.023404 166.024054 166.025030 166.025680 166.026655 166.027305 166.028280 166.028930 166.029906 166.030556 166.031531 166.032181 166.033156 166.033806 166.034781 166.035432 166.036407 166.037057 166.038032 166.038682 166.039657 166.040308 166.041283 
166.015603 166.007151 166.005201 166.004876 166.004876 166.005526 166.005851 166.006501 166.007151 166.008127 166.008777 166.009427 166.010402 166.011052 166.012027 166.012677 166.013327 166.014303 166.014953 166.015928 166.016578 166.017553 166.018203 166.019179 166.019829 166.020804 166.021454 166.022429 166.023079 166.023729 166.024705 166.025355 166.026330 166.026980 166.027955 166.028605 166.029255 166.030231 166.030881 166.031856 166.032506 166.033481 166.034131 166.035107 166.035757 166.036407 166.037382 166.038032 166.039007 166.039657 166.040633 166.041283 
0.000000 0.000000 166.030231 166.023404 166.019179 166.016903 166.015928 166.014953 166.014303 166.014303 166.014303 166.014303 166.014628 166.015278 166.015603 166.016253 166.016903 166.017228 166.017878 166.018528 166.019179 166.019829 166.020479 166.021129 166.022104 166.022754 166.023404 166.024054 166.025030 166.025680 166.026330 166.027305 166.027955 166.028930 166.029581 166.030231 166.030881 166.031856 166.032506 166.033481 166.034131 166.035107 166.035757 166.036732 166.037382 166.038032 166.039007 166.039657 166.040633 166.041283 0.000000 0.000000 
0.000000 0.000000 0.000000 0.000000 0.000000 166.039332 166.034456 166.031531 166.028930 166.027305 166.026005 166.025355 166.024705 166.024054 166.023729 166.023729 166.023729 166.023729 166.023729 166.024054 166.024380 166.025030 166.025355 166.026005 166.026655 166.026980 166.027630 166.028280 166.028930 166.029255 166.029906 166.030556 166.031206 166.031856 166.032506 166.033156 166.033806 166.034456 166.035432 166.036082 166.036732 166.037382 166.038357 166.039007 166.039657 166.040633 166.041283 0.000000 0.000000 0.000000 0.000000 0.000000 
0.000000 0.000000 0.000000 0.000000 0.000000 0.000000 0.000000 0.000000 0.000000 0.000000 0.000000 166.041283 166.039332 166.038032 166.036407 166.035757 166.035107 166.034456 166.033806 166.033481 166.033156 166.033156 166.033156 166.033156 166.033156 166.033156 166.033156 166.033806 166.034131 166.034781 166.035107 166.035757 166.036082 166.036732 166.037382 166.038032 166.038357 166.039007 166.039657 166.040308 166.040958 166.041283 0.000000 0.000000 0.000000 0.000000 0.000000 0.000000 0.000000 0.000000 0.000000 0.000000 
