test/output/constant/M285_S060_A000_WD045.0_WS015.0/M285_S060_A000_WD045.0_WS015.0_arrival.asc
ncols         27
nrows         10
xllcorner     424003.990666
yllcorner     12747955.311160
cellsize      100.000000
NODATA_value  0.000000
0.000000 0.000000 0.000000 0.000000 0.000000 0.000000 0.000000 0.000000 0.000000 0.000000 0.000000 0.000000 0.000000 0.000000 0.000000 0.000000 0.000000 0.000000 0.000000 0.000000 0.000000 0.000000 0.000000 166.038583 166.037358 166.039195 0.000000 
0.000000 0.000000 0.000000 0.000000 0.000000 0.000000 0.000000 0.000000 0.000000 0.000000 0.000000 0.000000 0.000000 0.000000 166.040420 166.036133 166.031846 166.027559 166.023885 166.019598 166.015311 166.011636 166.007962 166.004899 166.002450 166.001225 166.000000 
0.000000 0.000000 0.000000 0.000000 0.000000 0.000000 0.000000 0.000000 0.000000 0.000000 166.041645 166.037970 166.033683 166.030009 166.026334 166.023272 166.019598 166.016535 166.013473 166.011024 166.009186 166.007349 166.006124 166.004287 166.003062 166.003062 166.013473 
0.000000 0.000000 0.000000 0.000000 0.000000 0.000000 0.000000 166.041645 166.038583 166.034908 166.031234 166.028172 166.025109 166.022047 166.019598 166.017760 166.015923 166.014086 166.012248 166.011024 166.009186 166.008574 166.008574 166.009799 166.015923 166.034908 0.000000 
0.000000 0.000000 0.000000 0.000000 0.000000 166.039808 166.037358 166.034296 166.031234 166.028784 166.026334 166.023885 166.022047 166.020210 166.018985 166.017148 166.015311 166.014086 166.014086 166.014086 166.014698 166.016535 166.022660 166.034296 0.000000 0.000000 0.000000 
0.000000 0.000000 0.000000 166.039808 166.037358 166.034908 166.032458 166.030621 166.028784 166.026947 166.025109 166.023885 166.022047 166.020822 166.019598 166.019598 166.019598 166.019598 166.020822 166.023885 166.030009 166.039195 0.000000 0.000000 0.000000 0.000000 0.000000 
0.000000 166.041032 166.039195 166.036745 166.034908 166.033071 166.031846 166.030009 166.028172 166.026947 166.025722 166.025109 166.024497 166.024497 166.025109 166.026334 166.027559 166.031234 166.037358 0.000000 0.000000 0.000000 0.000000 0.000000 0.000000 0.000000 0.000000 
166.041645 166.039808 166.037970 166.036745 166.034908 166.033683 166.031846 166.030621 166.030621 166.030009 166.030009 166.030621 166.031234 166.032458 166.034908 166.038583 0.000000 0.000000 0.000000 0.000000 0.000000 0.000000 0.000000 0.000000 0.000000 0.000000 0.000000 
166.041032 166.039808 166.037970 166.037358 166.036133 166.035521 166.035521 166.035521 166.035521 166.036133 166.037970 166.039195 166.041667 0.000000 0.000000 0.000000 0.000000 0.000000 0.000000 0.000000 0.000000 0.000000 0.000000 0.000000 0.000000 0.000000 0.000000 
0.000000 166.041645 166.041032 166.041032 166.041032 166.041032 166.041645 0.000000 0.000000 0.000000 0.000000 0.000000 0.000000 0.000000 0.000000 0.000000 0.000000 0.000000 0.000000 0.000000 0.000000 0.000000 0.000000 0.000000 0.000000 0.000000 0.000000 
