test/output/constant/M3M475_S060_A270_WD180.0_WS035.0/M3M475_S060_A270_WD180.0_WS035.0_arrival.asc
ncols         7
nrows         51
xllcorner     426303.990666
yllcorner     12748755.311160
cellsize      100.000000
NODATA_value  0.000000
0.000000 0.000000 0.000000 166.041220 0.000000 0.000000 0.000000 
0.000000 0.000000 166.041220 166.040555 166.041220 0.000000 0.000000 
0.000000 0.000000 166.040555 166.039558 166.040555 0.000000 0.000000 
0.000000 0.000000 166.039558 166.038893 166.039558 0.000000 0.000000 
0.000000 166.041220 166.038893 166.037896 166.038893 166.041220 0.000000 
0.000000 166.040555 166.037896 166.037231 166.037896 166.040555 0.000000 
0.000000 166.039558 166.037231 166.036234 166.037231 166.039558 0.000000 
0.000000 166.038893 166.036234 166.035569 166.036234 166.038893 0.000000 
0.000000 166.037896 166.035569 166.034571 166.035569 166.037896 0.000000 
0.000000 166.037231 166.034571 166.033907 166.034571 166.037231 0.000000 
166.041667 166.036566 166.033907 166.032909 166.033907 166.036566 166.041667 
166.041220 166.035901 166.032909 166.032245 166.032909 166.035901 166.041220 
166.040555 166.034904 166.032245 166.031247 166.032245 166.034904 166.040555 
166.040223 166.034239 166.031247 166.030582 166.031247 166.034239 166.040223 
166.039558 166.033574 166.030582 166.029585 166.030582 166.033574 166.039558 
166.038893 166.032577 166.029918 166.028920 166.029918 166.032577 166.038893 
166.038228 166.031912 166.028920 166.027923 166.028920 166.031912 166.038228 
166.037896 166.031247 166.028256 166.027258 166.028256 166.031247 166.037896 
166.037231 166.030582 166.027258 166.026261 166.027258 166.030582 166.037231 
166.036566 166.029585 166.026593 166.025596 166.026593 166.029585 166.036566 
166.035901 166.028920 166.025596 166.024599 166.025596 166.028920 166.035901 
166.035569 166.028256 166.024931 166.023934 166.024931 166.028256 166.035569 
166.034904 166.027591 166.023934 166.022937 166.023934 166.027591 166.034904 
166.034571 166.026926 166.023269 166.022272 166.023269 166.026926 166.034571 
166.033907 166.026261 166.022272 166.021275 166.022272 166.026261 166.033907 
166.033907 166.025596 166.021607 166.020610 166.021607 166.025596 166.033907 
166.033907 166.024931 166.020942 166.019613 166.020942 166.024931 166.033907 
166.033907 166.024599 166.019945 166.018948 166.019945 166.024599 166.033907 
166.033907 166.023934 166.019280 166.017951 166.019280 166.023934 166.033907 
166.034239 166.023269 166.018283 166.017286 166.018283 166.023269 166.034239 
166.034571 166.022604 166.017618 166.016288 166.017618 166.022604 166.034571 
166.034904 166.022272 166.016621 166.015624 166.016621 166.022272 166.034904 
166.035569 166.021607 166.015956 166.014626 166.015956 166.021607 166.035569 
166.036234 166.020942 166.015291 166.013962 166.015291 166.020942 166.036234 
166.037231 166.020610 166.014294 166.012964 166.014294 166.020610 166.037231 
166.037896 166.020278 166.013629 166.012299 166.013629 166.020278 166.037896 
166.039558 166.020278 166.012632 166.011302 166.012632 166.020278 166.039558 
166.040887 166.020610 166.011967 166.010637 166.011967 166.020610 166.040887 
0.000000 166.020610 166.010970 166.009640 166.010970 166.020610 0.000000 
0.000000 166.021275 166.010305 166.008975 166.010305 166.021275 0.000000 
0.000000 166.021940 166.009640 166.007978 166.009640 166.021940 0.000000 
0.000000 166.022937 166.008975 166.007313 166.008975 166.022937 0.000000 
0.000000 166.024267 166.008310 166.006316 166.008310 166.024267 0.000000 
0.000000 166.025929 166.007646 166.005651 166.007646 166.025929 0.000000 
0.000000 166.029253 166.007313 166.004654 166.007313 166.029253 0.000000 
0.000000 166.033574 166.006981 166.003989 166.006981 166.033574 0.000000 
0.000000 166.040887 166.006981 166.002992 166.006981 166.040887 0.000000 
0.000000 0.000000 166.007646 166.002327 166.007646 0.000000 0.000000 
0.000000 0.000000 166.009640 166.001330 166.009640 0.000000 0.000000 
0.000000 0.000000 166.015624 166.000665 166.015624 0.000000 0.000000 
0.000000 0.000000 0.000000 166.000000 0.000000 0.000000 0.000000 
