test/output/constant/M3M480_S060_A000_WD225.0_WS020.0/M3M480_S060_A000_WD225.0_WS020.0_ros.asc
ncols         26
nrows         17
xllcorner     424203.990666
yllcorner     12748655.311160
cellsize      100.000000
NODATA_value  0.000000
46.833626 46.833626 46.833626 42.279182 42.279182 0.000000 0.000000 0.000000 0.000000 0.000000 0.000000 0.000000 0.000000 0.000000 0.000000 0.000000 0.000000 0.000000 0.000000 0.000000 0.000000 0.000000 0.000000 0.000000 0.000000 0.000000 
46.833626 46.833626 46.833626 39.698692 46.833626 39.698692 6.509135 39.698692 11.677207 0.000000 0.000000 0.000000 0.000000 0.000000 0.000000 0.000000 0.000000 0.000000 0.000000 0.000000 0.000000 0.000000 0.000000 0.000000 0.000000 0.000000 
46.833626 46.833626 46.833626 46.833626 46.651947 46.833626 44.336945 44.336945 44.336945 4.674747 3.371294 0.000000 0.000000 0.000000 0.000000 0.000000 0.000000 0.000000 0.000000 0.000000 0.000000 0.000000 0.000000 0.000000 0.000000 0.000000 
13.134151 46.833626 46.833626 46.651947 46.833626 46.833626 46.833626 46.833626 42.279182 44.336945 4.674747 33.296303 29.668482 0.000000 0.000000 0.000000 0.000000 0.000000 0.000000 0.000000 0.000000 0.000000 0.000000 0.000000 0.000000 0.000000 
38.232555 43.378685 46.833626 46.833626 46.833626 46.833626 46.833626 46.833626 45.809467 4.674747 44.336945 29.668482 6.509135 6.509135 6.509135 0.000000 0.000000 0.000000 0.000000 0.000000 0.000000 0.000000 0.000000 0.000000 0.000000 0.000000 
0.000000 31.490810 35.014122 45.151031 46.833626 46.833626 46.833626 46.833626 46.833626 42.279182 42.279182 39.698692 44.336945 3.371294 29.668482 4.674747 0.000000 0.000000 0.000000 0.000000 0.000000 0.000000 0.000000 0.000000 0.000000 0.000000 
0.000000 0.000000 35.014122 38.232555 35.014122 16.532795 35.014122 46.833626 46.651947 46.833626 46.833626 46.833626 2.732480 6.509135 39.698692 4.674747 29.668482 2.732480 0.000000 0.000000 0.000000 0.000000 0.000000 0.000000 0.000000 0.000000 
0.000000 0.000000 0.000000 16.532795 35.014122 35.014122 38.232555 13.134151 46.833626 46.833626 46.833626 46.833626 46.833626 42.279182 44.336945 39.698692 29.668482 29.668482 29.668482 0.000000 0.000000 0.000000 0.000000 0.000000 0.000000 0.000000 
0.000000 0.000000 0.000000 0.000000 13.134151 35.014122 35.014122 23.959379 10.077956 13.134151 46.833626 46.833626 46.833626 46.833626 29.668482 44.336945 36.673820 3.371294 2.732480 6.509135 2.732480 0.000000 0.000000 0.000000 0.000000 0.000000 
0.000000 0.000000 0.000000 0.000000 0.000000 23.959379 13.134151 13.134151 35.014122 10.077956 13.134151 46.833626 41.049080 46.833626 46.833626 46.833626 46.833626 39.698692 39.698692 33.296303 4.674747 3.371294 0.000000 0.000000 0.000000 0.000000 
0.000000 0.000000 0.000000 0.000000 0.000000 0.000000 0.000000 13.134151 16.532795 13.134151 13.134151 13.134151 13.134151 46.833626 46.833626 46.833626 46.833626 46.833626 44.336945 39.698692 6.509135 2.028721 4.674747 0.000000 0.000000 0.000000 
0.000000 0.000000 0.000000 0.000000 0.000000 0.000000 0.000000 0.000000 13.134151 13.134151 13.134151 13.134151 10.077956 13.134151 10.077956 46.833626 46.833626 46.833626 46.833626 14.886594 3.371294 4.674747 4.674747 3.371294 0.000000 0.000000 
0.000000 0.000000 0.000000 0.000000 0.000000 0.000000 0.000000 0.000000 0.000000 0.000000 10.077956 20.176725 10.077956 16.532795 13.134151 10.077956 38.232555 35.014122 46.833626 46.833626 44.336945 44.336945 29.668482 3.371294 3.371294 0.000000 
0.000000 0.000000 0.000000 0.000000 0.000000 0.000000 0.000000 0.000000 0.000000 0.000000 0.000000 0.000000 13.134151 13.134151 13.134151 10.077956 23.959379 31.490810 35.014122 45.151031 46.833626 46.833626 29.668482 4.674747 2.732480 0.000000 
0.000000 0.000000 0.000000 0.000000 0.000000 0.000000 0.000000 0.000000 0.000000 0.000000 0.000000 0.000000 0.000000 0.000000 13.134151 10.077956 13.134151 13.134151 10.077956 13.134151 35.014122 46.833626 46.833626 46.833626 2.732480 2.322339 
0.000000 0.000000 0.000000 0.000000 0.000000 0.000000 0.000000 0.000000 0.000000 0.000000 0.000000 0.000000 0.000000 0.000000 0.000000 0.000000 13.134151 13.134151 13.134151 10.077956 13.134151 20.176725 13.134151 46.833626 0.000000 2.322339 
0.000000 0.000000 0.000000 0.000000 0.000000 0.000000 0.000000 0.000000 0.000000 0.000000 0.000000 0.000000 0.000000 0.000000 0.000000 0.000000 0.000000 0.000000 0.000000 13.134151 10.077956 13.134151 13.134151 3.713542 7.448226 1.590394 
