test/output/constant/M3M480_S060_A000_WD225.0_WS020.0/M3M480_S060_A000_WD225.0_WS020.0_arrival.asc
ncols         26
nrows         17
xllcorner     424203.990666
yllcorner     12748655.311160
cellsize      100.000000
NODATA_value  0.000000
166.041667 166.041410 166.040843 166.040843 166.041410 0.000000 0.000000 0.000000 0.000000 0.000000 0.000000 0.000000 0.000000 0.000000 0.000000 0.000000 0.000000 0.000000 0.000000 0.000000 0.000000 0.000000 0.000000 0.000000 0.000000 0.000000 
166.040276 166.039708 166.038574 166.038574 166.038007 166.038574 166.039141 166.039708 166.041667 0.000000 0.000000 0.000000 0.000000 0.000000 0.000000 0.000000 0.000000 0.000000 0.000000 0.000000 0.000000 0.000000 0.000000 0.000000 0.000000 0.000000 
166.040276 166.038574 166.037439 166.036305 166.035738 166.035170 166.035170 166.035738 166.036305 166.038574 166.040843 0.000000 0.000000 0.000000 0.000000 0.000000 0.000000 0.000000 0.000000 0.000000 0.000000 0.000000 0.000000 0.000000 0.000000 0.000000 
166.040843 166.038574 166.036872 166.035170 166.034036 166.032901 166.032901 166.032334 166.032901 166.033468 166.035170 166.036872 166.039708 0.000000 0.000000 0.000000 0.000000 0.000000 0.000000 0.000000 0.000000 0.000000 0.000000 0.000000 0.000000 0.000000 
166.041410 166.039141 166.036872 166.035170 166.033468 166.031767 166.030632 166.030065 166.029498 166.030065 166.030065 166.031199 166.033468 166.036305 166.040276 0.000000 0.000000 0.000000 0.000000 0.000000 0.000000 0.000000 0.000000 0.000000 0.000000 0.000000 
0.000000 166.040843 166.038007 166.035738 166.033468 166.031767 166.030065 166.028363 166.027229 166.027229 166.027229 166.027229 166.027796 166.030065 166.032334 166.036305 0.000000 0.000000 0.000000 0.000000 0.000000 0.000000 0.000000 0.000000 0.000000 0.000000 
0.000000 0.000000 166.040276 166.037439 166.034603 166.032334 166.030065 166.028363 166.026661 166.024960 166.024392 166.024392 166.024392 166.024960 166.026094 166.028930 166.032334 166.038574 0.000000 0.000000 0.000000 0.000000 0.000000 0.000000 0.000000 0.000000 
0.000000 0.000000 0.000000 166.040276 166.036872 166.034036 166.031199 166.028930 166.026661 166.024960 166.023258 166.022123 166.021556 166.021556 166.021556 166.022690 166.024960 166.028363 166.034603 0.000000 0.000000 0.000000 0.000000 0.000000 0.000000 0.000000 
0.000000 0.000000 0.000000 0.000000 166.040843 166.036872 166.033468 166.030632 166.027796 166.025527 166.023258 166.021556 166.019854 166.018720 166.018720 166.018720 166.019287 166.021556 166.024960 166.031199 166.040276 0.000000 0.000000 0.000000 0.000000 0.000000 
0.000000 0.000000 0.000000 0.000000 0.000000 166.041410 166.037439 166.034036 166.030065 166.027229 166.024392 166.021556 166.019854 166.018152 166.016451 166.015883 166.015883 166.015883 166.017585 166.020989 166.027796 166.037439 0.000000 0.000000 0.000000 0.000000 
0.000000 0.000000 0.000000 0.000000 0.000000 0.000000 0.000000 166.039141 166.034603 166.030632 166.027229 166.023825 166.020989 166.018152 166.016451 166.014749 166.013614 166.013047 166.013047 166.014182 166.017585 166.024392 166.035170 0.000000 0.000000 0.000000 
0.000000 0.000000 0.000000 0.000000 0.000000 0.000000 0.000000 0.000000 166.040843 166.036305 166.031767 166.027796 166.023825 166.020421 166.017585 166.014749 166.013047 166.011345 166.010211 166.010211 166.010778 166.013614 166.020989 166.034036 0.000000 0.000000 
0.000000 0.000000 0.000000 0.000000 0.000000 0.000000 0.000000 0.000000 0.000000 0.000000 166.038574 166.033468 166.029498 166.024960 166.020989 166.017018 166.013614 166.011345 166.009643 166.007942 166.007374 166.007374 166.009643 166.018720 166.035170 0.000000 
0.000000 0.000000 0.000000 0.000000 0.000000 0.000000 0.000000 0.000000 0.000000 0.000000 0.000000 0.000000 166.036872 166.031767 166.027229 166.022123 166.017585 166.013614 166.010211 166.007942 166.006240 166.004538 166.004538 166.006240 166.017585 0.000000 
0.000000 0.000000 0.000000 0.000000 0.000000 0.000000 0.000000 0.000000 0.000000 0.000000 0.000000 0.000000 0.000000 0.000000 166.036872 166.031199 166.025527 166.020421 166.015316 166.010778 166.006807 166.004538 166.002836 166.001702 166.002269 166.026094 
0.000000 0.000000 0.000000 0.000000 0.000000 0.000000 0.000000 0.000000 0.000000 0.000000 0.000000 0.000000 0.000000 0.000000 0.000000 0.000000 166.037439 166.031767 166.026094 166.019854 166.014182 166.008509 166.003971 166.001135 166.000000 166.019854 
0.000000 0.000000 0.000000 0.000000 0.000000 0.000000 0.000000 0.000000 0.000000 0.000000 0.000000 0.000000 0.000000 0.000000 0.000000 0.000000 0.000000 0.000000 0.000000 166.040276 166.034036 166.028363 166.024392 166.020989 166.019854 166.031199 
