test/output/constant/C1_S060_A000_WD090.0_WS045.0/C1_S060_A000_WD090.0_WS045.0_arrival.asc
ncols         43
nrows         7
xllcorner     422403.990666
yllcorner     12748455.311160
cellsize      100.000000
NODATA_value  0.000000
0.000000 0.000000 0.000000 0.000000 0.000000 0.000000 0.000000 0.000000 0.000000 0.000000 166.041283 166.040481 166.039680 166.039279 166.038477 166.037676 166.037275 166.036473 166.035672 166.035271 166.034469 166.034469 166.034469 166.034870 166.034870 166.034870 166.035271 166.036072 166.036874 166.037676 166.039279 166.041283 0.000000 0.000000 0.000000 0.000000 0.000000 0.000000 0.000000 0.000000 0.000000 0.000000 0.000000 
0.000000 0.000000 0.000000 0.000000 166.040882 166.040080 166.039279 166.038477 166.037275 166.036473 166.035271 166.034469 166.033667 166.032866 166.031663 166.030862 166.030060 166.029259 166.028056 166.027655 166.026854 166.026052 166.025251 166.024449 166.024048 166.023247 166.022445 166.021643 166.021243 166.020842 166.020842 166.020842 166.021243 166.021643 166.022445 166.024048 166.026052 166.029259 166.034068 0.000000 0.000000 0.000000 0.000000 
0.000000 166.041283 166.040481 166.039680 166.038477 166.037676 166.036473 166.035672 166.034469 166.033667 166.032465 166.031663 166.030461 166.029659 166.028457 166.027655 166.026854 166.025651 166.024850 166.023647 166.022846 166.021643 166.020842 166.020040 166.018838 166.018036 166.016834 166.016032 166.014830 166.014028 166.013227 166.012024 166.011222 166.010020 166.009218 166.008818 166.008016 166.007214 166.007214 166.007214 166.008818 166.012826 0.000000 
166.041667 166.040882 166.039680 166.038878 166.037676 166.036874 166.035672 166.034870 166.033667 166.032866 166.031663 166.030862 166.029659 166.028858 166.027655 166.026854 166.025651 166.024850 166.023647 166.022846 166.021643 166.020842 166.019639 166.018838 166.017635 166.016834 166.015631 166.014830 166.013627 166.012826 166.011623 166.010822 166.009619 166.008818 166.007615 166.006814 166.005611 166.004810 166.003607 166.002806 166.001603 166.000802 166.000000 
0.000000 166.041283 166.040481 166.039680 166.038477 166.037676 166.036473 166.035672 166.034469 166.033667 166.032465 166.031663 166.030461 166.029659 166.028457 166.027655 166.026854 166.025651 166.024850 166.023647 166.022846 166.021643 166.020842 166.020040 166.018838 166.018036 166.016834 166.016032 166.014830 166.014028 166.013227 166.012024 166.011222 166.010020 166.009218 166.008818 166.008016 166.007214 166.007214 166.007214 166.008818 166.012826 0.000000 
0.000000 0.000000 0.000000 0.000000 166.040882 166.040080 166.039279 166.038477 166.037275 166.036473 166.035271 166.034469 166.033667 166.032866 166.031663 166.030862 166.030060 166.029259 166.028056 166.027655 166.026854 166.026052 166.025251 166.024449 166.024048 166.023247 166.022445 166.021643 166.021243 166.020842 166.020842 166.020842 166.021243 166.021643 166.022445 166.024048 166.026052 166.029259 166.034068 0.000000 0.000000 0.000000 0.000000 
0.000000 0.000000 0.000000 0.000000 0.000000 0.000000 0.000000 0.000000 0.000000 0.000000 166.041283 166.040481 166.039680 166.039279 166.038477 166.037676 166.037275 166.036473 166.035672 166.035271 166.034469 166.034469 166.034469 166.034870 166.034870 166.034870 166.035271 166.036072 166.036874 166.037676 166.039279 166.041283 0.000000 0.000000 0.000000 0.000000 0.000000 0.000000 0.000000 0.000000 0.000000 0.000000 0.000000 
