test/output/constant/M345_S060_A000_WD135.0_WS010.0/M345_S060_A000_WD135.0_WS010.0_arrival.asc
ncols         31
nrows         8
xllcorner     423603.990666
yllcorner     12748655.311160
cellsize      100.000000
NODATA_value  0.000000
166.041667 166.040740 166.039654 166.039111 166.038024 166.037481 166.036938 166.036395 166.036395 166.036395 166.036938 166.036938 166.037481 166.038024 166.039654 166.041667 0.000000 0.000000 0.000000 0.000000 0.000000 0.000000 0.000000 0.000000 0.000000 0.000000 0.000000 0.000000 0.000000 0.000000 0.000000 
166.041283 166.039654 166.038567 166.036938 166.035851 166.034765 166.033679 166.032592 166.031506 166.030963 166.030419 166.029876 166.029876 166.029876 166.030419 166.030419 166.031506 166.032592 166.034765 166.038024 0.000000 0.000000 0.000000 0.000000 0.000000 0.000000 0.000000 0.000000 0.000000 0.000000 0.000000 
166.041283 166.040197 166.038567 166.036938 166.035851 166.034222 166.033135 166.031506 166.029876 166.028790 166.027703 166.026074 166.025531 166.024444 166.023901 166.023358 166.023358 166.023358 166.023901 166.024444 166.025531 166.027703 166.031506 166.036938 0.000000 0.000000 0.000000 0.000000 0.000000 0.000000 0.000000 
0.000000 0.000000 166.040197 166.038567 166.036938 166.034765 166.033135 166.031506 166.030419 166.028790 166.027160 166.026074 166.024444 166.023358 166.021728 166.020642 166.019012 166.018469 166.017382 166.016839 166.016839 166.016839 166.017382 166.018469 166.021185 166.025531 166.034222 0.000000 0.000000 0.000000 0.000000 
0.000000 0.000000 0.000000 0.000000 166.040740 166.038567 166.036395 166.034222 166.032592 166.030419 166.028790 166.026617 166.024987 166.023358 166.021728 166.020642 166.019012 166.017382 166.016296 166.014666 166.013580 166.011950 166.010864 166.010321 166.010321 166.010321 166.010864 166.014666 166.022815 0.000000 0.000000 
0.000000 0.000000 0.000000 0.000000 0.000000 0.000000 0.000000 166.040197 166.038024 166.035308 166.033135 166.030963 166.028790 166.027160 166.024987 166.022815 166.020642 166.019012 166.016839 166.015210 166.013580 166.011950 166.010864 166.009234 166.008148 166.006518 166.004889 166.003802 166.003802 166.003802 166.015753 
0.000000 0.000000 0.000000 0.000000 0.000000 0.000000 0.000000 0.000000 0.000000 0.000000 166.041667 166.039654 166.036938 166.034765 166.032592 166.029876 166.027703 166.024987 166.022815 166.020642 166.018469 166.015753 166.013580 166.011407 166.009234 166.007062 166.005432 166.003802 166.002173 166.001086 166.000000 
0.000000 0.000000 0.000000 0.000000 0.000000 0.000000 0.000000 0.000000 0.000000 0.000000 0.000000 0.000000 0.000000 0.000000 0.000000 0.000000 0.000000 0.000000 166.039654 166.037481 166.034765 166.032592 166.029876 166.028247 166.026074 166.023901 166.022815 166.022271 166.021728 166.023901 166.035851 
