test/output/constant/M385_S000_A270_WD000.0_WS035.0/M385_S000_A270_WD000.0_WS035.0_raz.asc
ncols         11
nrows         45
xllcorner     426103.990666
yllcorner     12744455.311160
cellsize      100.000000
NODATA_value  0.000000
0 0 0 0 360 291 68 0 0 0 0 
0 0 0 291 291 65535 68 68 0 0 0 
0 0 0 360 188 180 171 68 0 0 0 
0 0 0 291 188 180 171 68 0 0 0 
0 0 291 231 184 180 174 128 68 0 0 
0 0 291 258 187 180 172 171 68 0 0 
0 0 192 247 185 180 174 171 167 0 0 
0 0 247 188 182 180 177 171 171 0 0 
0 190 188 231 180 180 179 169 171 169 0 
0 188 188 188 180 180 177 176 171 171 0 
0 190 188 185 185 180 174 174 169 169 0 
0 188 192 183 180 180 179 176 167 171 0 
0 231 187 184 182 180 177 175 169 171 0 
0 188 190 182 180 180 178 171 169 171 0 
0 187 188 184 180 180 176 175 177 172 0 
0 258 182 180 192 180 167 169 172 172 0 
0 188 184 185 180 180 179 174 171 171 0 
219 188 181 187 185 180 174 172 174 171 174 
258 188 187 185 180 180 179 174 172 171 175 
187 187 183 180 185 180 174 176 169 171 167 
188 190 187 180 180 180 177 176 172 169 171 
190 182 190 183 180 180 178 176 169 171 169 
188 187 185 180 185 180 174 179 174 172 171 
188 184 182 180 180 180 177 177 177 175 174 
187 184 185 183 184 180 175 176 174 175 174 
185 184 180 180 180 180 178 179 176 175 171 
192 187 192 180 181 180 172 176 167 172 167 
184 180 180 183 180 180 174 176 169 169 171 
184 185 187 180 180 179 176 177 172 174 172 
182 182 180 180 180 180 176 178 171 169 169 
182 185 180 182 180 176 177 177 178 174 177 
0 180 185 180 180 180 179 177 174 177 0 
0 185 184 180 180 176 179 176 175 174 0 
0 183 180 180 180 180 177 179 177 176 0 
0 187 180 180 180 179 179 179 177 172 0 
0 184 180 182 180 180 178 177 179 175 0 
0 180 185 180 180 179 179 179 174 176 0 
0 180 180 183 180 180 178 176 179 177 0 
0 0 181 180 180 179 179 176 178 0 0 
0 0 190 182 180 180 178 177 169 0 0 
0 0 180 188 180 176 179 171 179 0 0 
0 0 0 180 180 180 176 179 0 0 0 
0 0 0 180 180 176 179 171 0 0 0 
0 0 0 180 180 180 176 177 0 0 0 
0 0 0 0 180 176 179 0 0 0 0 
