test/output/constant/M355_S060_A180_WD045.0_WS005.0/M355_S060_A180_WD045.0_WS005.0_arrival.asc
ncols         29
nrows         8
xllcorner     426503.990666
yllcorner     12748255.311160
cellsize      100.000000
NODATA_value  0.000000
0.000000 0.000000 0.000000 0.000000 166.036679 166.034814 166.033571 166.032327 166.032327 166.032949 166.033571 166.034814 166.035436 166.036679 166.037922 166.039166 166.040409 166.041667 0.000000 0.000000 0.000000 0.000000 0.000000 0.000000 0.000000 0.000000 0.000000 0.000000 0.000000 
0.000000 166.019272 166.012434 166.011190 166.011812 166.012434 166.013677 166.014920 166.016164 166.018029 166.019894 166.021759 166.023624 166.025489 166.027354 166.029219 166.031084 166.032949 166.034814 166.036679 166.038544 166.040409 0.000000 0.000000 0.000000 0.000000 0.000000 0.000000 0.000000 
166.037301 166.000000 166.001243 166.002487 166.004352 166.005595 166.007460 166.009325 166.010569 166.012434 166.014299 166.016164 166.018029 166.019272 166.021137 166.023002 166.024867 166.026732 166.028597 166.030462 166.032327 166.034192 166.036057 166.037922 166.039787 166.041652 0.000000 0.000000 0.000000 
0.000000 166.011812 166.004973 166.004352 166.004973 166.006217 166.007460 166.008703 166.010569 166.011812 166.013677 166.014920 166.016785 166.018650 166.019894 166.021759 166.023002 166.024867 166.026110 166.027975 166.029841 166.031706 166.032949 166.034814 166.036679 166.038544 166.040409 166.041652 0.000000 
0.000000 0.000000 166.032949 166.021137 166.015542 166.013677 166.013055 166.013055 166.013055 166.013677 166.014920 166.016164 166.017407 166.018650 166.019894 166.021759 166.023002 166.024867 166.026110 166.027975 166.029219 166.031084 166.032327 166.034192 166.035436 166.037301 166.039166 166.040409 0.000000 
0.000000 0.000000 0.000000 0.000000 166.040409 166.032949 166.027354 166.024245 166.022380 166.021137 166.021137 166.021759 166.021759 166.022380 166.023002 166.023624 166.024867 166.026110 166.027354 166.028597 166.029841 166.031084 166.032327 166.034192 166.035436 166.037301 166.038544 166.040409 166.041652 
0.000000 0.000000 0.000000 0.000000 0.000000 0.000000 0.000000 0.000000 166.038544 166.035436 166.032327 166.031084 166.029841 166.029841 166.029841 166.029841 166.030462 166.030462 166.031084 166.031706 166.032949 166.033571 166.034814 166.036057 166.037301 166.038544 166.039787 166.041031 0.000000 
0.000000 0.000000 0.000000 0.000000 0.000000 0.000000 0.000000 0.000000 0.000000 0.000000 0.000000 0.000000 0.000000 166.041652 166.039787 166.038544 166.037922 166.037922 166.038544 166.038544 166.039166 166.039166 166.039787 166.040409 166.041031 166.041652 0.000000 0.000000 0.000000 
