test/output/constant/M370_S060_A180_WD315.0_WS010.0/M370_S060_A180_WD315.0_WS010.0_arrival.asc
ncols         46
nrows         11
xllcorner     426603.990666
yllcorner     12747855.311160
cellsize      100.000000
NODATA_value  0.000000
166.027626 166.017812 166.015994 166.015631 166.015994 166.016721 166.017812 166.018902 166.020720 166.022174 166.023628 166.025082 166.026899 166.028353 166.030171 166.031625 166.033079 166.034896 166.036350 166.037804 166.039622 166.041076 0.000000 0.000000 0.000000 0.000000 0.000000 0.000000 0.000000 0.000000 0.000000 0.000000 0.000000 0.000000 0.000000 0.000000 0.000000 0.000000 0.000000 0.000000 0.000000 0.000000 0.000000 0.000000 0.000000 0.000000 
166.000000 166.000727 166.001454 166.002545 166.003272 166.004726 166.005816 166.007270 166.008724 166.010178 166.011996 166.013450 166.014904 166.016721 166.018175 166.019629 166.021447 166.022901 166.024355 166.026172 166.027626 166.029080 166.030898 166.032352 166.033806 166.035623 166.037077 166.038531 166.040349 0.000000 0.000000 0.000000 0.000000 0.000000 0.000000 0.000000 0.000000 0.000000 0.000000 0.000000 0.000000 0.000000 0.000000 0.000000 0.000000 0.000000 
166.013086 166.002908 166.002545 166.002545 166.003272 166.004362 166.005453 166.006180 166.007270 166.007997 166.009088 166.009815 166.011269 166.012359 166.013450 166.014904 166.016358 166.017448 166.018902 166.020356 166.021810 166.022901 166.024718 166.026172 166.027626 166.029080 166.030898 166.032352 166.033806 166.035260 166.037077 166.038531 166.039985 166.041667 0.000000 0.000000 0.000000 0.000000 0.000000 0.000000 0.000000 0.000000 0.000000 0.000000 0.000000 0.000000 
0.000000 166.034533 166.018175 166.011632 166.008361 166.007634 166.007270 166.007270 166.007634 166.008361 166.009088 166.009815 166.010905 166.011632 166.012723 166.013450 166.014540 166.015631 166.016358 166.017448 166.018539 166.019993 166.021083 166.022537 166.023628 166.025082 166.026536 166.027990 166.029080 166.030534 166.031988 166.033442 166.034533 166.035987 166.037441 166.038895 166.040349 0.000000 0.000000 0.000000 0.000000 0.000000 0.000000 0.000000 0.000000 0.000000 
0.000000 0.000000 0.000000 166.037441 166.027263 166.020720 166.016358 166.013813 166.012723 166.012359 166.011996 166.011996 166.011996 166.012723 166.013086 166.013813 166.014540 166.015631 166.016358 166.017448 166.018175 166.019266 166.019993 166.021083 166.021810 166.022901 166.023991 166.025082 166.026172 166.027626 166.028717 166.030171 166.031261 166.032715 166.033806 166.035260 166.036714 166.038168 166.039258 166.040712 0.000000 0.000000 0.000000 0.000000 0.000000 0.000000 
0.000000 0.000000 0.000000 0.000000 0.000000 0.000000 166.035987 166.029444 166.024718 166.021447 166.019266 166.017812 166.017448 166.017085 166.016721 166.016721 166.016721 166.017085 166.017448 166.018175 166.018539 166.019266 166.019993 166.021083 166.021810 166.022901 166.023991 166.024718 166.025809 166.026536 166.027626 166.028353 166.029444 166.030534 166.031625 166.033079 166.033806 166.035260 166.036350 166.037804 166.038895 166.040349 166.041439 0.000000 0.000000 0.000000 
0.000000 0.000000 0.000000 0.000000 0.000000 0.000000 0.000000 0.000000 0.000000 166.038531 166.033442 166.029807 166.026899 166.024718 166.023264 166.022537 166.022174 166.021810 166.021447 166.021447 166.021447 166.021810 166.022174 166.022537 166.023264 166.023628 166.024355 166.024718 166.025809 166.026536 166.027626 166.028353 166.029444 166.030171 166.031261 166.031988 166.033079 166.034169 166.034896 166.035987 166.037077 166.038168 166.039258 166.040712 166.041667 0.000000 
0.000000 0.000000 0.000000 0.000000 0.000000 0.000000 0.000000 0.000000 0.000000 0.000000 0.000000 0.000000 0.000000 166.038531 166.034896 166.032352 166.030171 166.028717 166.027626 166.027263 166.026899 166.026536 166.026172 166.026172 166.026172 166.026172 166.026536 166.026899 166.027626 166.027990 166.028717 166.029080 166.029807 166.030534 166.031261 166.032352 166.033079 166.034169 166.034896 166.035987 166.036714 166.037804 166.038531 166.039622 166.040712 166.041439 
0.000000 0.000000 0.000000 0.000000 0.000000 0.000000 0.000000 0.000000 0.000000 0.000000 0.000000 0.000000 0.000000 0.000000 0.000000 0.000000 0.000000 166.039985 166.037804 166.035623 166.034169 166.033079 166.032352 166.031988 166.031625 166.031261 166.030898 166.030898 166.030898 166.030898 166.031261 166.031625 166.031988 166.032352 166.033079 166.033442 166.034169 166.034896 166.035260 166.035987 166.037077 166.037804 166.038531 166.039622 166.040349 166.041439 
0.000000 0.000000 0.000000 0.000000 0.000000 0.000000 0.000000 0.000000 0.000000 0.000000 0.000000 0.000000 0.000000 0.000000 0.000000 0.000000 0.000000 0.000000 0.000000 0.000000 0.000000 0.000000 166.041076 166.039622 166.038168 166.037441 166.037077 166.036714 166.036350 166.035987 166.035623 166.035623 166.035623 166.035623 166.035987 166.035987 166.036350 166.037077 166.037441 166.037804 166.038531 166.038895 166.039622 166.040349 166.041076 166.041667 
0.000000 0.000000 0.000000 0.000000 0.000000 0.000000 0.000000 0.000000 0.000000 0.000000 0.000000 0.000000 0.000000 0.000000 0.000000 0.000000 0.000000 0.000000 0.000000 0.000000 0.000000 0.000000 0.000000 0.000000 0.000000 0.000000 0.000000 0.000000 0.000000 0.000000 166.041667 166.041439 166.041076 166.040712 166.040349 166.040349 166.040349 166.040349 166.040349 166.040712 166.041076 166.041439 0.000000 0.000000 0.000000 0.000000 
