test/output/constant/M1M295_S060_A000_WD090.0_WS020.0/M1M295_S060_A000_WD090.0_WS020.0_arrival.asc
ncols         38
nrows         7
xllcorner     422903.990666
yllcorner     12748455.311160
cellsize      100.000000
NODATA_value  0.000000
0.000000 0.000000 0.000000 0.000000 0.000000 0.000000 0.000000 0.000000 166.041667 166.041091 166.040198 166.039304 166.038858 166.037964 166.037071 166.036624 166.035731 166.035284 166.035284 166.035284 166.035284 166.035284 166.035731 166.036178 166.037071 166.037964 166.039304 166.041091 0.000000 0.000000 0.000000 0.000000 0.000000 0.000000 0.000000 0.000000 0.000000 0.000000 
0.000000 0.000000 0.000000 166.041091 166.040198 166.038858 166.037964 166.037071 166.035731 166.034838 166.033945 166.032605 166.031711 166.030818 166.029925 166.028585 166.028138 166.027245 166.026352 166.025458 166.024565 166.024119 166.023225 166.022332 166.021885 166.021439 166.021439 166.021439 166.021439 166.021885 166.023225 166.024565 166.027692 166.031711 166.040198 0.000000 0.000000 0.000000 
166.041667 166.040644 166.039751 166.038411 166.037518 166.036178 166.035284 166.033945 166.033051 166.031711 166.030818 166.029478 166.028585 166.027245 166.026352 166.025012 166.024119 166.022779 166.021885 166.020545 166.019652 166.018312 166.017419 166.016079 166.015186 166.014292 166.013399 166.012059 166.011166 166.010273 166.009379 166.008486 166.007593 166.007146 166.007146 166.008486 166.012506 166.033945 
166.041091 166.039751 166.038858 166.037518 166.036624 166.035284 166.034391 166.033051 166.032158 166.030818 166.029925 166.028585 166.027692 166.026352 166.025458 166.024119 166.023225 166.021885 166.020992 166.019652 166.018759 166.017419 166.016526 166.015186 166.014292 166.012953 166.012059 166.010719 166.009826 166.008486 166.007593 166.006253 166.005360 166.004020 166.003126 166.001787 166.000893 166.000000 
166.041667 166.040644 166.039751 166.038411 166.037518 166.036178 166.035284 166.033945 166.033051 166.031711 166.030818 166.029478 166.028585 166.027245 166.026352 166.025012 166.024119 166.022779 166.021885 166.020545 166.019652 166.018312 166.017419 166.016079 166.015186 166.014292 166.013399 166.012059 166.011166 166.010273 166.009379 166.008486 166.007593 166.007146 166.007146 166.008486 166.012506 166.033945 
0.000000 0.000000 0.000000 166.041091 166.040198 166.038858 166.037964 166.037071 166.035731 166.034838 166.033945 166.032605 166.031711 166.030818 166.029925 166.028585 166.028138 166.027245 166.026352 166.025458 166.024565 166.024119 166.023225 166.022332 166.021885 166.021439 166.021439 166.021439 166.021439 166.021885 166.023225 166.024565 166.027692 166.031711 166.040198 0.000000 0.000000 0.000000 
0.000000 0.000000 0.000000 0.000000 0.000000 0.000000 0.000000 0.000000 166.041667 166.041091 166.040198 166.039304 166.038858 166.037964 166.037071 166.036624 166.035731 166.035284 166.035284 166.035284 166.035284 166.035284 166.035731 166.036178 166.037071 166.037964 166.039304 166.041091 0.000000 0.000000 0.000000 0.000000 0.000000 0.000000 0.000000 0.000000 0.000000 0.000000 
