test/output/constant/M290_S060_A180_WD225.0_WS015.0/M290_S060_A180_WD225.0_WS015.0_arrival.asc
ncols         28
nrows         10
xllcorner     426603.990666
yllcorner     12748655.311160
cellsize      100.000000
NODATA_value  0.000000
0.000000 0.000000 0.000000 0.000000 0.000000 0.000000 0.000000 0.000000 0.000000 0.000000 0.000000 0.000000 0.000000 0.000000 0.000000 0.000000 0.000000 0.000000 166.041667 166.040437 166.039282 166.038704 166.038704 166.038704 166.038704 166.039282 166.039859 166.041015 
0.000000 0.000000 0.000000 0.000000 0.000000 0.000000 0.000000 0.000000 0.000000 0.000000 0.000000 0.000000 0.000000 0.000000 166.039859 166.037549 166.035816 166.034660 166.034083 166.033505 166.033505 166.034083 166.034083 166.035238 166.035816 166.037549 166.038704 166.040437 
0.000000 0.000000 0.000000 0.000000 0.000000 0.000000 0.000000 0.000000 0.000000 0.000000 0.000000 166.036393 166.032927 166.031194 166.029461 166.028883 166.028306 166.028306 166.028883 166.028883 166.030039 166.031194 166.032927 166.034660 166.035816 166.037549 166.039282 166.041015 
0.000000 0.000000 0.000000 0.000000 0.000000 0.000000 0.000000 0.000000 166.035238 166.029461 166.026573 166.024840 166.023684 166.023684 166.023684 166.023684 166.024262 166.025417 166.026573 166.028306 166.030039 166.031194 166.032927 166.034660 166.036393 166.038704 166.041015 0.000000 
0.000000 0.000000 0.000000 0.000000 0.000000 166.038126 166.028306 166.022529 166.020218 166.018485 166.018485 166.018485 166.018485 166.019641 166.020796 166.022529 166.023684 166.025417 166.027150 166.028883 166.030617 166.032927 166.035238 166.037549 166.040437 0.000000 0.000000 0.000000 
0.000000 0.000000 0.000000 166.032927 166.021374 166.015597 166.013864 166.013286 166.013286 166.013286 166.014442 166.016175 166.017908 166.019063 166.020796 166.022529 166.024840 166.027150 166.029461 166.031772 166.034660 166.037549 166.040437 0.000000 0.000000 0.000000 0.000000 0.000000 
0.000000 166.033505 166.015019 166.009243 166.008087 166.008087 166.008665 166.010398 166.011553 166.013286 166.015019 166.016752 166.018485 166.020796 166.023684 166.026573 166.029461 166.032927 166.035816 166.039282 0.000000 0.000000 0.000000 0.000000 0.000000 0.000000 0.000000 0.000000 
166.012709 166.002888 166.002888 166.004044 166.005777 166.006932 166.008665 166.010398 166.012709 166.015597 166.018485 166.021951 166.024840 166.028306 166.031772 166.035816 166.039282 0.000000 0.000000 0.000000 0.000000 0.000000 0.000000 0.000000 0.000000 0.000000 0.000000 0.000000 
166.000000 166.001155 166.002311 166.004621 166.007510 166.010976 166.014442 166.018485 166.022529 166.025995 166.030039 166.034083 166.038126 0.000000 0.000000 0.000000 0.000000 0.000000 0.000000 0.000000 0.000000 0.000000 0.000000 0.000000 0.000000 0.000000 0.000000 0.000000 
0.000000 166.037549 166.036971 166.038126 166.040437 0.000000 0.000000 0.000000 0.000000 0.000000 0.000000 0.000000 0.000000 0.000000 0.000000 0.000000 0.000000 0.000000 0.000000 0.000000 0.000000 0.000000 0.000000 0.000000 0.000000 0.000000 0.000000 0.000000 
