test/output/constant/C4_S060_A180_WD270.0_WS030.0/C4_S060_A180_WD270.0_WS030.0_arrival.asc
ncols         42
nrows         7
xllcorner     426603.990666
yllcorner     12748455.311160
cellsize      100.000000
NODATA_value  0.000000
0.000000 0.000000 0.000000 0.000000 0.000000 0.000000 0.000000 0.000000 0.000000 0.000000 0.000000 0.000000 0.000000 166.040769 166.039558 166.038347 166.037943 166.037540 166.037136 166.036732 166.036329 166.036329 166.036329 166.036732 166.037136 166.037943 166.038347 166.039154 166.039558 166.040365 166.041172 166.041667 0.000000 0.000000 0.000000 0.000000 0.000000 0.000000 0.000000 0.000000 0.000000 0.000000 
0.000000 0.000000 0.000000 0.000000 166.039558 166.032696 166.028256 166.025834 166.024219 166.023008 166.022604 166.022201 166.021797 166.021797 166.022201 166.022604 166.023412 166.023815 166.024623 166.025430 166.026237 166.026641 166.027448 166.028256 166.029063 166.029870 166.030678 166.031485 166.032696 166.033503 166.034310 166.035118 166.036329 166.037136 166.037943 166.038751 166.039962 166.040769 166.041576 0.000000 0.000000 0.000000 
0.000000 166.015742 166.009284 166.007669 166.007266 166.007669 166.008073 166.008880 166.009688 166.010495 166.011302 166.012110 166.013321 166.014128 166.015339 166.016146 166.016953 166.018164 166.018972 166.020183 166.020990 166.022201 166.023008 166.024219 166.025026 166.025834 166.027045 166.027852 166.029063 166.029870 166.031081 166.031888 166.033099 166.033907 166.035118 166.035925 166.036732 166.037943 166.038751 166.039962 166.040769 0.000000 
166.000000 166.000807 166.001615 166.002826 166.003633 166.004844 166.005651 166.006862 166.007669 166.008880 166.009688 166.010899 166.011706 166.012917 166.013724 166.014935 166.015742 166.016953 166.017761 166.018972 166.019779 166.020990 166.021797 166.023008 166.023815 166.025026 166.025834 166.027045 166.027852 166.029063 166.029870 166.031081 166.031888 166.033099 166.033907 166.035118 166.035925 166.037136 166.037943 166.039154 166.039962 166.041172 
0.000000 166.015742 166.009284 166.007669 166.007266 166.007669 166.008073 166.008880 166.009688 166.010495 166.011302 166.012110 166.013321 166.014128 166.015339 166.016146 166.016953 166.018164 166.018972 166.020183 166.020990 166.022201 166.023008 166.024219 166.025026 166.025834 166.027045 166.027852 166.029063 166.029870 166.031081 166.031888 166.033099 166.033907 166.035118 166.035925 166.036732 166.037943 166.038751 166.039962 166.040769 0.000000 
0.000000 0.000000 0.000000 0.000000 166.039558 166.032696 166.028256 166.025834 166.024219 166.023008 166.022604 166.022201 166.021797 166.021797 166.022201 166.022604 166.023412 166.023815 166.024623 166.025430 166.026237 166.026641 166.027448 166.028256 166.029063 166.029870 166.030678 166.031485 166.032696 166.033503 166.034310 166.035118 166.036329 166.037136 166.037943 166.038751 166.039962 166.040769 166.041576 0.000000 0.000000 0.000000 
0.000000 0.000000 0.000000 0.000000 0.000000 0.000000 0.000000 0.000000 0.000000 0.000000 0.000000 0.000000 0.000000 166.040769 166.039558 166.038347 166.037943 166.037540 166.037136 166.036732 166.036329 166.036329 166.036329 166.036732 166.037136 166.037943 166.038347 166.039154 166.039558 166.040365 166.041172 166.041667 0.000000 0.000000 0.000000 0.000000 0.000000 0.000000 0.000000 0.000000 0.000000 0.000000 
