test/output/constant/M3M470_S060_A270_WD135.0_WS005.0/M3M470_S060_A270_WD135.0_WS005.0_arrival.asc
ncols         9
nrows         41
xllcorner     426003.990666
yllcorner     12748755.311160
cellsize      100.000000
NODATA_value  0.000000
0.000000 0.000000 166.041604 166.041604 0.000000 0.000000 0.000000 0.000000 0.000000 
0.000000 166.041667 166.040772 166.040356 166.041188 0.000000 0.000000 0.000000 0.000000 
0.000000 166.041188 166.039523 166.039523 166.039939 166.041604 0.000000 0.000000 0.000000 
0.000000 166.040356 166.038691 166.038275 166.038691 166.040356 0.000000 0.000000 0.000000 
0.000000 166.039523 166.037443 166.037443 166.037443 166.039523 0.000000 0.000000 0.000000 
166.041604 166.038691 166.036611 166.036195 166.036611 166.038275 166.041188 0.000000 0.000000 
166.041188 166.037859 166.035779 166.035363 166.035363 166.037027 166.039939 0.000000 0.000000 
166.040772 166.037027 166.034947 166.034115 166.034115 166.035779 166.038691 0.000000 0.000000 
166.040356 166.036195 166.034115 166.033283 166.033283 166.034531 166.037443 0.000000 0.000000 
166.039939 166.035779 166.033283 166.032035 166.032035 166.033283 166.036195 166.041188 0.000000 
166.039939 166.034947 166.032451 166.031203 166.031203 166.032035 166.034947 166.039939 0.000000 
166.039523 166.034531 166.031619 166.029955 166.029955 166.030787 166.033699 166.038691 0.000000 
166.039523 166.033699 166.030787 166.029123 166.029123 166.029955 166.032451 166.037443 0.000000 
166.039107 166.033283 166.029955 166.027874 166.027874 166.028707 166.031203 166.036195 0.000000 
166.039107 166.032867 166.029123 166.027042 166.027042 166.027458 166.029955 166.034947 166.041604 
166.039107 166.032867 166.028290 166.026210 166.025794 166.026210 166.028707 166.033699 166.040356 
166.038691 166.032451 166.027458 166.025378 166.024962 166.025378 166.027458 166.032451 166.039107 
166.039107 166.032451 166.027042 166.024546 166.023714 166.024130 166.026210 166.031203 166.038275 
166.039107 166.032035 166.026626 166.023298 166.022882 166.022882 166.024962 166.029955 166.037027 
166.039939 166.032035 166.025794 166.022466 166.021634 166.021634 166.023714 166.028707 166.036195 
166.040772 166.032035 166.025378 166.022050 166.020802 166.020802 166.022466 166.027874 166.035363 
0.000000 166.032035 166.025378 166.020802 166.019554 166.019554 166.021218 166.026626 166.034115 
0.000000 166.032035 166.024962 166.020386 166.018722 166.018722 166.019970 166.025378 166.033283 
0.000000 166.032867 166.024962 166.019554 166.017474 166.017474 166.018722 166.024130 166.032451 
0.000000 166.033699 166.024962 166.019138 166.016641 166.016641 166.017474 166.022882 166.031619 
0.000000 166.034947 166.024962 166.018722 166.015809 166.015393 166.016641 166.021634 166.031203 
0.000000 166.037027 166.024962 166.018306 166.014977 166.014145 166.015393 166.020386 166.030371 
0.000000 166.039107 166.025794 166.017890 166.013729 166.013313 166.014145 166.019138 166.029955 
0.000000 166.041188 166.027042 166.017890 166.012897 166.012065 166.012897 166.017890 166.029123 
0.000000 0.000000 166.028290 166.017890 166.012065 166.011233 166.011649 166.016641 166.028707 
0.000000 0.000000 166.030371 166.017890 166.011649 166.009985 166.010401 166.015393 166.028290 
0.000000 0.000000 166.032867 166.018722 166.011233 166.009153 166.009153 166.014145 166.028290 
0.000000 0.000000 166.036611 166.019970 166.010817 166.007905 166.008321 166.012897 166.028290 
0.000000 0.000000 166.041188 166.021634 166.010817 166.007073 166.007073 166.012065 166.028290 
0.000000 0.000000 0.000000 166.024546 166.010817 166.005825 166.005825 166.011233 166.029123 
0.000000 0.000000 0.000000 166.029123 166.011649 166.004992 166.004992 166.010401 166.030787 
0.000000 0.000000 0.000000 166.035363 166.013313 166.004160 166.003744 166.009985 166.032451 
0.000000 0.000000 0.000000 0.000000 166.016641 166.003744 166.002912 166.009985 166.036195 
0.000000 0.000000 0.000000 0.000000 166.024130 166.003744 166.001664 166.009985 0.000000 
0.000000 0.000000 0.000000 0.000000 166.039107 166.004992 166.000832 166.012065 0.000000 
0.000000 0.000000 0.000000 0.000000 0.000000 166.014561 166.000000 166.021634 0.000000 
