test/output/constant/M3M495_S060_A000_WD090.0_WS035.0/M3M495_S060_A000_WD090.0_WS035.0_arrival.asc
ncols         63
nrows         9
xllcorner     420403.990666
yllcorner     12748355.311160
cellsize      100.000000
NODATA_value  0.000000
0.000000 0.000000 0.000000 0.000000 0.000000 0.000000 0.000000 0.000000 0.000000 0.000000 0.000000 0.000000 0.000000 0.000000 0.000000 0.000000 0.000000 0.000000 0.000000 0.000000 166.041348 166.041078 166.040537 166.040267 166.039726 166.039456 166.039186 166.039186 166.039186 166.039186 166.039186 166.039456 166.039456 166.039726 166.039997 166.040267 166.040807 166.041348 0.000000 0.000000 0.000000 0.000000 0.000000 0.000000 0.000000 0.000000 0.000000 0.000000 0.000000 0.000000 0.000000 0.000000 0.000000 0.000000 0.000000 0.000000 0.000000 0.000000 0.000000 0.000000 0.000000 0.000000 0.000000 
0.000000 0.000000 0.000000 0.000000 0.000000 0.000000 0.000000 0.000000 0.000000 166.041348 166.040807 166.039997 166.039456 166.038916 166.038375 166.037564 166.037024 166.036754 166.036213 166.035673 166.035132 166.034592 166.034321 166.033781 166.033240 166.032700 166.032430 166.031889 166.031349 166.031079 166.030538 166.029998 166.029727 166.029187 166.028646 166.028376 166.028106 166.028106 166.028106 166.028106 166.028106 166.028376 166.028646 166.028917 166.029457 166.029998 166.030538 166.031619 166.032970 166.034321 166.036213 166.038375 166.041078 0.000000 0.000000 0.000000 0.000000 0.000000 0.000000 0.000000 0.000000 0.000000 0.000000 
0.000000 0.000000 0.000000 0.000000 166.041348 166.040807 166.040267 166.039456 166.038916 166.038105 166.037564 166.036754 166.036213 166.035673 166.034862 166.034321 166.033511 166.032970 166.032430 166.031619 166.031079 166.030538 166.029727 166.029187 166.028646 166.027836 166.027295 166.026755 166.025944 166.025403 166.024863 166.024322 166.023512 166.022971 166.022431 166.021890 166.021350 166.021079 166.020539 166.019998 166.019458 166.019188 166.018647 166.018107 166.017836 166.017296 166.017026 166.016755 166.017026 166.017026 166.017296 166.017566 166.018107 166.019188 166.020269 166.022160 166.024322 166.028646 166.034051 0.000000 0.000000 0.000000 0.000000 
0.000000 166.041618 166.040807 166.040267 166.039456 166.038916 166.038105 166.037564 166.036754 166.036213 166.035402 166.034862 166.034051 166.033511 166.032970 166.032159 166.031619 166.030808 166.030268 166.029457 166.028917 166.028106 166.027565 166.026755 166.026214 166.025674 166.024863 166.024322 166.023512 166.022971 166.022160 166.021620 166.020809 166.020269 166.019728 166.018917 166.018377 166.017566 166.017026 166.016215 166.015674 166.014864 166.014323 166.013783 166.012972 166.012431 166.011621 166.011080 166.010269 166.009729 166.009188 166.008378 166.007837 166.007297 166.006756 166.006216 166.005945 166.005675 166.005945 166.006486 166.008107 166.012972 166.040537 
166.041618 166.041078 166.040267 166.039726 166.038916 166.038375 166.037564 166.037024 166.036213 166.035673 166.034862 166.034321 166.033511 166.032970 166.032159 166.031619 166.030808 166.030268 166.029457 166.028917 166.028106 166.027565 166.026755 166.026214 166.025403 166.024863 166.024052 166.023512 166.022701 166.022160 166.021350 166.020809 166.019998 166.019458 166.018647 166.018107 166.017296 166.016755 166.015945 166.015404 166.014593 166.014053 166.013242 166.012702 166.011891 166.011350 166.010540 166.009999 166.009188 166.008648 166.007837 166.007297 166.006486 166.005945 166.005135 166.004594 166.003783 166.003243 166.002432 166.001892 166.001081 166.000540 166.000000 
0.000000 166.041618 166.040807 166.040267 166.039456 166.038916 166.038105 166.037564 166.036754 166.036213 166.035402 166.034862 166.034051 166.033511 166.032970 166.032159 166.031619 166.030808 166.030268 166.029457 166.028917 166.028106 166.027565 166.026755 166.026214 166.025674 166.024863 166.024322 166.023512 166.022971 166.022160 166.021620 166.020809 166.020269 166.019728 166.018917 166.018377 166.017566 166.017026 166.016215 166.015674 166.014864 166.014323 166.013783 166.012972 166.012431 166.011621 166.011080 166.010269 166.009729 166.009188 166.008378 166.007837 166.007297 166.006756 166.006216 166.005945 166.005675 166.005945 166.006486 166.008107 166.012972 166.040537 
0.000000 0.000000 0.000000 0.000000 166.041348 166.040807 166.040267 166.039456 166.038916 166.038105 166.037564 166.036754 166.036213 166.035673 166.034862 166.034321 166.033511 166.032970 166.032430 166.031619 166.031079 166.030538 166.029727 166.029187 166.028646 166.027836 166.027295 166.026755 166.025944 166.025403 166.024863 166.024322 166.023512 166.022971 166.022431 166.021890 166.021350 166.021079 166.020539 166.019998 166.019458 166.019188 166.018647 166.018107 166.017836 166.017296 166.017026 166.016755 166.017026 166.017026 166.017296 166.017566 166.018107 166.019188 166.020269 166.022160 166.024322 166.028646 166.034051 0.000000 0.000000 0.000000 0.000000 
0.000000 0.000000 0.000000 0.000000 0.000000 0.000000 0.000000 0.000000 0.000000 166.041348 166.040807 166.039997 166.039456 166.038916 166.038375 166.037564 166.037024 166.036754 166.036213 166.035673 166.035132 166.034592 166.034321 166.033781 166.033240 166.032700 166.032430 166.031889 166.031349 166.031079 166.030538 166.029998 166.029727 166.029187 166.028646 166.028376 166.028106 166.028106 166.028106 166.028106 166.028106 166.028376 166.028646 166.028917 166.029457 166.029998 166.030538 166.031619 166.032970 166.034321 166.036213 166.038375 166.041078 0.000000 0.000000 0.000000 0.000000 0.000000 0.000000 0.000000 0.000000 0.000000 0.000000 
0.000000 0.000000 0.000000 0.000000 0.000000 0.000000 0.000000 0.000000 0.000000 0.000000 0.000000 0.000000 0.000000 0.000000 0.000000 0.000000 0.000000 0.000000 0.000000 0.000000 166.041348 166.041078 166.040537 166.040267 166.039726 166.039456 166.039186 166.039186 166.039186 166.039186 166.039186 166.039456 166.039456 166.039726 166.039997 166.040267 166.040807 166.041348 0.000000 0.000000 0.000000 0.000000 0.000000 0.000000 0.000000 0.000000 0.000000 0.000000 0.000000 0.000000 0.000000 0.000000 0.000000 0.000000 0.000000 0.000000 0.000000 0.000000 0.000000 0.000000 0.000000 0.000000 0.000000 
