test/output/constant/M3M470_S060_A000_WD090.0_WS050.0/M3M470_S060_A000_WD090.0_WS050.0_arrival.asc
ncols         49
nrows         7
xllcorner     421803.990666
yllcorner     12748455.311160
cellsize      100.000000
NODATA_value  0.000000
0.000000 0.000000 0.000000 0.000000 0.000000 0.000000 0.000000 0.000000 0.000000 0.000000 0.000000 0.000000 0.000000 0.000000 0.000000 166.041667 166.041033 166.040683 166.039981 166.039280 166.038929 166.038929 166.038929 166.038929 166.039280 166.039630 166.039630 166.039981 166.040683 166.041384 0.000000 0.000000 0.000000 0.000000 0.000000 0.000000 0.000000 0.000000 0.000000 0.000000 0.000000 0.000000 0.000000 0.000000 0.000000 0.000000 0.000000 0.000000 0.000000 
0.000000 0.000000 0.000000 0.000000 0.000000 166.041667 166.040683 166.039981 166.039280 166.038578 166.037526 166.036825 166.035773 166.035071 166.034370 166.033668 166.032967 166.031915 166.031213 166.030512 166.029811 166.029460 166.028758 166.028057 166.027356 166.027005 166.026303 166.025602 166.025251 166.024550 166.023848 166.023498 166.023498 166.023498 166.023848 166.023848 166.024550 166.025251 166.026303 166.028057 166.030161 166.032967 166.036123 0.000000 0.000000 0.000000 0.000000 0.000000 0.000000 
0.000000 0.000000 166.041033 166.039981 166.039280 166.038578 166.037526 166.036825 166.035773 166.035071 166.034019 166.033318 166.032266 166.031564 166.030512 166.029811 166.029109 166.028057 166.027356 166.026303 166.025602 166.024550 166.023848 166.023147 166.022095 166.021393 166.020341 166.019640 166.018588 166.017886 166.016834 166.016133 166.015431 166.014379 166.013678 166.012976 166.011924 166.011223 166.010521 166.009820 166.009119 166.008417 166.008066 166.008066 166.008417 166.009469 166.012275 166.022446 0.000000 
166.041667 166.041033 166.039981 166.039280 166.038228 166.037526 166.036474 166.035773 166.034721 166.034019 166.032967 166.032266 166.031213 166.030512 166.029460 166.028758 166.027706 166.027005 166.025953 166.025251 166.024199 166.023498 166.022446 166.021744 166.020692 166.019991 166.018938 166.018237 166.017185 166.016483 166.015431 166.014730 166.013678 166.012976 166.011924 166.011223 166.010171 166.009469 166.008417 166.007716 166.006664 166.005962 166.004910 166.004209 166.003156 166.002455 166.001403 166.000701 166.000000 
0.000000 0.000000 166.041033 166.039981 166.039280 166.038578 166.037526 166.036825 166.035773 166.035071 166.034019 166.033318 166.032266 166.031564 166.030512 166.029811 166.029109 166.028057 166.027356 166.026303 166.025602 166.024550 166.023848 166.023147 166.022095 166.021393 166.020341 166.019640 166.018588 166.017886 166.016834 166.016133 166.015431 166.014379 166.013678 166.012976 166.011924 166.011223 166.010521 166.009820 166.009119 166.008417 166.008066 166.008066 166.008417 166.009469 166.012275 166.022446 0.000000 
0.000000 0.000000 0.000000 0.000000 0.000000 166.041667 166.040683 166.039981 166.039280 166.038578 166.037526 166.036825 166.035773 166.035071 166.034370 166.033668 166.032967 166.031915 166.031213 166.030512 166.029811 166.029460 166.028758 166.028057 166.027356 166.027005 166.026303 166.025602 166.025251 166.024550 166.023848 166.023498 166.023498 166.023498 166.023848 166.023848 166.024550 166.025251 166.026303 166.028057 166.030161 166.032967 166.036123 0.000000 0.000000 0.000000 0.000000 0.000000 0.000000 
0.000000 0.000000 0.000000 0.000000 0.000000 0.000000 0.000000 0.000000 0.000000 0.000000 0.000000 0.000000 0.000000 0.000000 0.000000 166.041667 166.041033 166.040683 166.039981 166.039280 166.038929 166.038929 166.038929 166.038929 166.039280 166.039630 166.039630 166.039981 166.040683 166.041384 0.000000 0.000000 0.000000 0.000000 0.000000 0.000000 0.000000 0.000000 0.000000 0.000000 0.000000 0.000000 0.000000 0.000000 0.000000 0.000000 0.000000 0.000000 0.000000 
