test/output/constant/M350_S000_A270_WD270.0_WS045.0/M350_S000_A270_WD270.0_WS045.0_arrival.asc
ncols         36
nrows         7
xllcorner     426603.990666
yllcorner     12748455.311160
cellsize      100.000000
NODATA_value  0.000000
0.000000 0.000000 0.000000 0.000000 0.000000 0.000000 0.000000 0.000000 0.000000 166.040470 166.038089 166.037137 166.036185 166.035233 166.035233 166.034756 166.034756 166.034756 166.034756 166.035233 166.035709 166.036661 166.037137 166.038089 166.039042 166.039518 166.040470 166.041422 0.000000 0.000000 0.000000 0.000000 0.000000 0.000000 0.000000 0.000000 
0.000000 0.000000 0.000000 166.033328 166.028091 166.025234 166.022854 166.021901 166.021425 166.020949 166.020949 166.020949 166.021425 166.022377 166.022854 166.023806 166.024758 166.025234 166.026186 166.027139 166.028091 166.029043 166.029995 166.030948 166.032376 166.033328 166.034280 166.035233 166.036661 166.037613 166.038565 166.039994 166.040946 0.000000 0.000000 0.000000 
166.024282 166.010475 166.007618 166.007142 166.007142 166.008094 166.008570 166.009522 166.010475 166.011903 166.012855 166.013807 166.015236 166.016188 166.017616 166.018569 166.019521 166.020949 166.021901 166.023330 166.024282 166.025710 166.026663 166.028091 166.029043 166.030471 166.031424 166.032852 166.033804 166.034756 166.036185 166.037137 166.038565 166.039518 166.040946 166.041667 
166.000000 166.000952 166.001904 166.003333 166.004285 166.005713 166.006666 166.008094 166.009046 166.010475 166.011427 166.012855 166.013807 166.015236 166.016188 166.017616 166.018569 166.019997 166.020949 166.022377 166.023330 166.024758 166.025710 166.027139 166.028091 166.029519 166.030471 166.031900 166.032852 166.034280 166.035233 166.036661 166.037613 166.039042 166.039994 166.041422 
166.024282 166.010475 166.007618 166.007142 166.007142 166.008094 166.008570 166.009522 166.010475 166.011903 166.012855 166.013807 166.015236 166.016188 166.017616 166.018569 166.019521 166.020949 166.021901 166.023330 166.024282 166.025710 166.026663 166.028091 166.029043 166.030471 166.031424 166.032852 166.033804 166.034756 166.036185 166.037137 166.038565 166.039518 166.040946 166.041667 
0.000000 0.000000 0.000000 166.033328 166.028091 166.025234 166.022854 166.021901 166.021425 166.020949 166.020949 166.020949 166.021425 166.022377 166.022854 166.023806 166.024758 166.025234 166.026186 166.027139 166.028091 166.029043 166.029995 166.030948 166.032376 166.033328 166.034280 166.035233 166.036661 166.037613 166.038565 166.039994 166.040946 0.000000 0.000000 0.000000 
0.000000 0.000000 0.000000 0.000000 0.000000 0.000000 0.000000 0.000000 0.000000 166.040470 166.038089 166.037137 166.036185 166.035233 166.035233 166.034756 166.034756 166.034756 166.034756 166.035233 166.035709 166.036661 166.037137 166.038089 166.039042 166.039518 166.040470 166.041422 0.000000 0.000000 0.000000 0.000000 0.000000 0.000000 0.000000 0.000000 
