test/output/constant/S1_S060_A000_WD090.0_WS020.0/S1_S060_A000_WD090.0_WS020.0_arrival.asc
ncols         35
nrows         7
xllcorner     423203.990666
yllcorner     12748455.311160
cellsize      100.000000
NODATA_value  0.000000
0.000000 0.000000 0.000000 0.000000 0.000000 0.000000 0.000000 0.000000 0.000000 0.000000 0.000000 0.000000 0.000000 166.041667 166.041667 166.041667 0.000000 0.000000 0.000000 0.000000 0.000000 0.000000 0.000000 0.000000 0.000000 0.000000 0.000000 0.000000 0.000000 0.000000 0.000000 0.000000 0.000000 0.000000 0.000000 
0.000000 0.000000 0.000000 0.000000 166.041028 166.039563 166.038586 166.037609 166.036632 166.035167 166.034190 166.033213 166.032236 166.031748 166.030771 166.029794 166.029306 166.028329 166.027352 166.026375 166.025887 166.025398 166.025398 166.025398 166.025887 166.026375 166.026864 166.028817 166.031259 166.035167 166.040540 0.000000 0.000000 0.000000 0.000000 
0.000000 166.041028 166.039563 166.038586 166.037121 166.036144 166.034678 166.033702 166.032725 166.031259 166.030283 166.028817 166.027840 166.026375 166.025398 166.024421 166.022956 166.021979 166.020514 166.019537 166.018072 166.017095 166.015630 166.014653 166.013676 166.012211 166.011234 166.010745 166.009769 166.008792 166.008792 166.008792 166.010257 166.015630 0.000000 
166.041028 166.040051 166.038586 166.037609 166.036144 166.035167 166.033702 166.032725 166.031259 166.030283 166.028817 166.027840 166.026375 166.025398 166.023933 166.022956 166.021491 166.020514 166.019049 166.018072 166.016607 166.015630 166.014164 166.013188 166.011722 166.010745 166.009280 166.008303 166.006838 166.005861 166.004396 166.003419 166.001954 166.000977 166.000000 
0.000000 166.041028 166.039563 166.038586 166.037121 166.036144 166.034678 166.033702 166.032725 166.031259 166.030283 166.028817 166.027840 166.026375 166.025398 166.024421 166.022956 166.021979 166.020514 166.019537 166.018072 166.017095 166.015630 166.014653 166.013676 166.012211 166.011234 166.010745 166.009769 166.008792 166.008792 166.008792 166.010257 166.015630 0.000000 
0.000000 0.000000 0.000000 0.000000 166.041028 166.039563 166.038586 166.037609 166.036632 166.035167 166.034190 166.033213 166.032236 166.031748 166.030771 166.029794 166.029306 166.028329 166.027352 166.026375 166.025887 166.025398 166.025398 166.025398 166.025887 166.026375 166.026864 166.028817 166.031259 166.035167 166.040540 0.000000 0.000000 0.000000 0.000000 
0.000000 0.000000 0.000000 0.000000 0.000000 0.000000 0.000000 0.000000 0.000000 0.000000 0.000000 0.000000 0.000000 166.041667 166.041667 166.041667 0.000000 0.000000 0.000000 0.000000 0.000000 0.000000 0.000000 0.000000 0.000000 0.000000 0.000000 0.000000 0.000000 0.000000 0.000000 0.000000 0.000000 0.000000 0.000000 
