test/output/constant/M375_S060_A090_WD000.0_WS020.0/M375_S060_A090_WD000.0_WS020.0_arrival.asc
ncols         9
nrows         53
xllcorner     426203.990666
yllcorner     12743555.311160
cellsize      100.000000
NODATA_value  0.000000
0.000000 0.000000 0.000000 166.028496 166.000000 166.028496 0.000000 0.000000 0.000000 
0.000000 0.000000 0.000000 166.010886 166.000640 166.010886 0.000000 0.000000 0.000000 
0.000000 0.000000 0.000000 166.007044 166.001281 166.007044 0.000000 0.000000 0.000000 
0.000000 0.000000 166.036821 166.006083 166.002241 166.006083 166.036821 0.000000 0.000000 
0.000000 0.000000 166.029457 166.005763 166.002882 166.005763 166.029457 0.000000 0.000000 
0.000000 0.000000 166.024974 166.005763 166.003842 166.005763 166.024974 0.000000 0.000000 
0.000000 0.000000 166.021772 166.006404 166.004483 166.006404 166.021772 0.000000 0.000000 
0.000000 0.000000 166.019851 166.007044 166.005443 166.007044 166.019851 0.000000 0.000000 
0.000000 0.000000 166.018891 166.007684 166.006083 166.007684 166.018891 0.000000 0.000000 
0.000000 166.039383 166.017930 166.008325 166.007044 166.008325 166.017930 166.039383 0.000000 
0.000000 166.036501 166.017610 166.008965 166.007684 166.008965 166.017610 166.036501 0.000000 
0.000000 166.034580 166.017290 166.009605 166.008645 166.009605 166.017290 166.034580 0.000000 
0.000000 166.032659 166.017290 166.010566 166.009285 166.010566 166.017290 166.032659 0.000000 
0.000000 166.031698 166.017290 166.011206 166.010246 166.011206 166.017290 166.031698 0.000000 
0.000000 166.030738 166.017290 166.012167 166.010886 166.012167 166.017290 166.030738 0.000000 
0.000000 166.029777 166.017610 166.012807 166.011847 166.012807 166.017610 166.029777 0.000000 
0.000000 166.029457 166.018250 166.013448 166.012487 166.013448 166.018250 166.029457 0.000000 
0.000000 166.029137 166.018891 166.014408 166.013448 166.014408 166.018891 166.029137 0.000000 
0.000000 166.028816 166.019531 166.015049 166.014088 166.015049 166.019531 166.028816 0.000000 
0.000000 166.028496 166.019851 166.015689 166.015049 166.015689 166.019851 166.028496 0.000000 
0.000000 166.028496 166.020492 166.016650 166.015689 166.016650 166.020492 166.028496 0.000000 
166.041624 166.028496 166.021132 166.017290 166.016650 166.017290 166.021132 166.028496 166.041624 
166.041304 166.028496 166.021772 166.017930 166.017290 166.017930 166.021772 166.028496 166.041304 
166.040983 166.028816 166.022093 166.018891 166.018250 166.018891 166.022093 166.028816 166.040983 
166.040663 166.029137 166.022733 166.019531 166.018891 166.019531 166.022733 166.029137 166.040663 
166.040343 166.029777 166.023373 166.020492 166.019851 166.020492 166.023373 166.029777 166.040343 
166.040023 166.030097 166.024334 166.021132 166.020492 166.021132 166.024334 166.030097 166.040023 
166.040023 166.030738 166.024974 166.022093 166.021452 166.022093 166.024974 166.030738 166.040023 
166.040023 166.031378 166.025615 166.022733 166.022093 166.022733 166.025615 166.031378 166.040023 
166.039703 166.031698 166.026255 166.023694 166.023053 166.023694 166.026255 166.031698 166.039703 
166.039703 166.032339 166.027216 166.024334 166.023694 166.024334 166.027216 166.032339 166.039703 
166.040023 166.032979 166.027856 166.025294 166.024654 166.025294 166.027856 166.032979 166.040023 
166.040023 166.033299 166.028496 166.025935 166.025294 166.025935 166.028496 166.033299 166.040023 
166.040663 166.033939 166.029457 166.026895 166.026255 166.026895 166.029457 166.033939 166.040663 
166.040983 166.034580 166.030097 166.027536 166.026895 166.027536 166.030097 166.034580 166.040983 
166.041624 166.035220 166.030738 166.028496 166.027856 166.028496 166.030738 166.035220 166.041624 
0.000000 166.035861 166.031698 166.029137 166.028496 166.029137 166.031698 166.035861 0.000000 
0.000000 166.036181 166.032339 166.030097 166.029457 166.030097 166.032339 166.036181 0.000000 
0.000000 166.036821 166.032979 166.030738 166.030097 166.030738 166.032979 166.036821 0.000000 
0.000000 166.037461 166.033939 166.031698 166.031058 166.031698 166.033939 166.037461 0.000000 
0.000000 166.038102 166.034580 166.032339 166.031698 166.032339 166.034580 166.038102 0.000000 
0.000000 166.038742 166.035220 166.033299 166.032659 166.033299 166.035220 166.038742 0.000000 
0.000000 166.039383 166.036181 166.033939 166.033299 166.033939 166.036181 166.039383 0.000000 
0.000000 166.040023 166.036821 166.034900 166.034260 166.034900 166.036821 166.040023 0.000000 
0.000000 166.040983 166.037461 166.035540 166.034900 166.035540 166.037461 166.040983 0.000000 
0.000000 166.041624 166.038422 166.036501 166.035861 166.036501 166.038422 166.041624 0.000000 
0.000000 0.000000 166.039062 166.037141 166.036501 166.037141 166.039062 0.000000 0.000000 
0.000000 0.000000 166.039703 166.038102 166.037461 166.038102 166.039703 0.000000 0.000000 
0.000000 0.000000 166.040663 166.038742 166.038102 166.038742 166.040663 0.000000 0.000000 
0.000000 0.000000 166.041304 166.039703 166.039062 166.039703 166.041304 0.000000 0.000000 
0.000000 0.000000 0.000000 166.040343 166.039703 166.040343 0.000000 0.000000 0.000000 
0.000000 0.000000 0.000000 166.041304 166.040663 166.041304 0.000000 0.000000 0.000000 
0.000000 0.000000 0.000000 0.000000 166.041304 0.000000 0.000000 0.000000 0.000000 
