test/output/constant/M3M4100_S060_A090_WD225.0_WS015.0/M3M4100_S060_A090_WD225.0_WS015.0_ros.asc
ncols         17
nrows         41
xllcorner     426503.990666
yllcorner     12744855.311160
cellsize      100.000000
NODATA_value  0.000000
1.600555 1.730434 1.981816 0.000000 0.000000 0.000000 0.000000 0.000000 0.000000 0.000000 0.000000 0.000000 0.000000 0.000000 0.000000 0.000000 0.000000 
1.600555 -1.000000 40.918919 3.225289 0.000000 0.000000 0.000000 0.000000 0.000000 0.000000 0.000000 0.000000 0.000000 0.000000 0.000000 0.000000 0.000000 
7.897511 68.959648 66.663582 1.981816 1.981816 0.000000 0.000000 0.000000 0.000000 0.000000 0.000000 0.000000 0.000000 0.000000 0.000000 0.000000 0.000000 
15.596363 68.959648 68.959648 46.487667 2.717909 2.362908 0.000000 0.000000 0.000000 0.000000 0.000000 0.000000 0.000000 0.000000 0.000000 0.000000 0.000000 
11.383249 65.034599 68.959648 68.959648 46.487667 2.362908 3.225289 0.000000 0.000000 0.000000 0.000000 0.000000 0.000000 0.000000 0.000000 0.000000 0.000000 
11.383249 67.304451 68.959648 68.959648 68.959648 2.717909 40.918919 0.000000 0.000000 0.000000 0.000000 0.000000 0.000000 0.000000 0.000000 0.000000 0.000000 
37.029655 42.730614 68.959648 68.959648 68.959648 51.742046 46.487667 2.717909 0.000000 0.000000 0.000000 0.000000 0.000000 0.000000 0.000000 0.000000 0.000000 
11.383249 42.730614 61.885052 68.959648 68.959648 2.362908 46.487667 46.487667 2.717909 0.000000 0.000000 0.000000 0.000000 0.000000 0.000000 0.000000 0.000000 
37.029655 53.351974 53.351974 68.959648 68.959648 68.959648 51.742046 1.981816 2.717909 0.000000 0.000000 0.000000 0.000000 0.000000 0.000000 0.000000 0.000000 
11.383249 20.416683 53.351974 68.959648 68.959648 68.959648 68.959648 51.742046 40.918919 46.487667 0.000000 0.000000 0.000000 0.000000 0.000000 0.000000 0.000000 
15.596363 20.416683 68.625938 53.351974 68.959648 68.959648 68.753731 46.487667 1.981816 40.918919 0.000000 0.000000 0.000000 0.000000 0.000000 0.000000 0.000000 
20.416683 20.416683 57.951141 65.034599 68.959648 64.098396 68.959648 68.753731 2.717909 46.487667 40.918919 0.000000 0.000000 0.000000 0.000000 0.000000 0.000000 
25.702415 20.416683 57.951141 48.226772 68.959648 68.300797 68.959648 68.753731 64.098396 51.742046 51.742046 0.000000 0.000000 0.000000 0.000000 0.000000 0.000000 
37.029655 31.296021 48.226772 53.351974 68.959648 68.959648 68.959648 68.959648 51.742046 51.742046 46.487667 51.742046 0.000000 0.000000 0.000000 0.000000 0.000000 
0.000000 37.029655 15.596363 48.226772 68.959648 68.959648 68.959648 68.959648 60.683357 66.663582 51.742046 46.487667 0.000000 0.000000 0.000000 0.000000 0.000000 
0.000000 31.296021 42.730614 53.351974 11.383249 68.959648 66.663582 68.959648 68.959648 46.487667 68.959648 46.487667 0.000000 0.000000 0.000000 0.000000 0.000000 
0.000000 37.029655 67.304451 68.625938 68.959648 20.416683 68.959648 68.959648 68.959648 68.300797 66.663582 51.742046 51.742046 0.000000 0.000000 0.000000 0.000000 
0.000000 37.029655 37.029655 57.951141 53.351974 68.959648 68.959648 66.663582 68.959648 68.959648 46.487667 46.487667 2.362908 0.000000 0.000000 0.000000 0.000000 
0.000000 37.029655 31.296021 68.959648 42.730614 61.885052 68.959648 66.663582 68.959648 68.959648 68.959648 66.663582 2.717909 46.487667 0.000000 0.000000 0.000000 
0.000000 0.000000 37.029655 68.959648 67.304451 20.416683 11.383249 68.959648 68.959648 60.683357 68.753731 2.362908 46.487667 1.981816 0.000000 0.000000 0.000000 
0.000000 0.000000 15.596363 53.351974 48.226772 53.351974 68.916946 68.959648 68.959648 68.959648 68.959648 68.959648 66.663582 51.742046 0.000000 0.000000 0.000000 
0.000000 0.000000 20.416683 42.730614 68.959648 37.029655 68.959648 61.885052 68.959648 68.959648 68.959648 68.959648 68.959648 46.487667 51.742046 0.000000 0.000000 
0.000000 0.000000 0.000000 20.416683 68.959648 53.351974 68.959648 68.959648 68.959648 68.959648 64.098396 68.959648 68.959648 51.742046 68.753731 0.000000 0.000000 
0.000000 0.000000 0.000000 42.730614 57.951141 37.029655 11.383249 53.351974 68.959648 68.959648 68.959648 68.959648 68.300797 68.959648 51.742046 0.000000 0.000000 
0.000000 0.000000 0.000000 11.383249 65.034599 68.959648 53.351974 68.959648 20.416683 68.959648 66.663582 68.959648 68.959648 66.663582 1.981816 0.000000 0.000000 
0.000000 0.000000 0.000000 0.000000 61.885052 20.416683 42.730614 68.959648 68.959648 68.959648 68.959648 64.098396 68.959648 68.753731 68.300797 46.487667 0.000000 
0.000000 0.000000 0.000000 0.000000 15.596363 67.304451 61.885052 48.226772 20.416683 68.959648 68.959648 64.098396 68.959648 68.959648 68.300797 2.362908 0.000000 
0.000000 0.000000 0.000000 0.000000 0.000000 68.959648 48.226772 67.304451 68.959648 68.959648 68.959648 68.959648 66.663582 68.959648 60.683357 51.742046 0.000000 
0.000000 0.000000 0.000000 0.000000 0.000000 11.383249 53.351974 48.226772 68.959648 68.959648 68.959648 68.959648 68.300797 68.959648 68.959648 64.098396 0.000000 
0.000000 0.000000 0.000000 0.000000 0.000000 0.000000 65.034599 68.916946 68.959648 57.951141 68.959648 68.959648 68.959648 68.753731 68.959648 60.683357 46.487667 
0.000000 0.000000 0.000000 0.000000 0.000000 0.000000 20.416683 37.029655 48.226772 68.959648 68.959648 68.959648 68.959648 68.959648 64.098396 68.959648 64.098396 
0.000000 0.000000 0.000000 0.000000 0.000000 0.000000 0.000000 42.730614 68.959648 68.959648 68.959648 68.959648 68.300797 68.959648 68.753731 68.959648 68.959648 
0.000000 0.000000 0.000000 0.000000 0.000000 0.000000 0.000000 48.226772 42.730614 68.959648 61.885052 68.959648 68.959648 66.663582 68.959648 66.663582 68.300797 
0.000000 0.000000 0.000000 0.000000 0.000000 0.000000 0.000000 0.000000 48.226772 68.959648 68.959648 68.959648 68.959648 68.959648 66.663582 68.959648 68.959648 
0.000000 0.000000 0.000000 0.000000 0.000000 0.000000 0.000000 0.000000 48.226772 53.351974 68.959648 68.959648 68.959648 68.959648 66.663582 68.959648 68.753731 
0.000000 0.000000 0.000000 0.000000 0.000000 0.000000 0.000000 0.000000 0.000000 68.959648 20.416683 68.959648 68.959648 68.959648 68.959648 68.959648 68.959648 
0.000000 0.000000 0.000000 0.000000 0.000000 0.000000 0.000000 0.000000 0.000000 57.951141 61.885052 68.959648 68.959648 66.663582 68.959648 66.663582 68.959648 
0.000000 0.000000 0.000000 0.000000 0.000000 0.000000 0.000000 0.000000 0.000000 0.000000 68.959648 68.959648 68.959648 68.959648 68.959648 68.959648 68.959648 
0.000000 0.000000 0.000000 0.000000 0.000000 0.000000 0.000000 0.000000 0.000000 0.000000 0.000000 68.959648 68.959648 68.959648 68.959648 68.959648 66.663582 
0.000000 0.000000 0.000000 0.000000 0.000000 0.000000 0.000000 0.000000 0.000000 0.000000 0.000000 0.000000 65.034599 68.959648 64.098396 68.916946 68.959648 
0.000000 0.000000 0.000000 0.000000 0.000000 0.000000 0.000000 0.000000 0.000000 0.000000 0.000000 0.000000 0.000000 61.885052 68.959648 68.959648 0.000000 
