test/output/constant/M3M4100_S060_A090_WD225.0_WS015.0/M3M4100_S060_A090_WD225.0_WS015.0_raz.asc
ncols         17
nrows         41
xllcorner     426503.990666
yllcorner     12744855.311160
cellsize      100.000000
NODATA_value  0.000000
316 4 50 0 0 0 0 0 0 0 0 0 0 0 0 0 0 
316 65535 148 89 0 0 0 0 0 0 0 0 0 0 0 0 0 
203 160 157 50 50 0 0 0 0 0 0 0 0 0 0 0 0 
188 160 160 150 80 70 0 0 0 0 0 0 0 0 0 0 0 
194 164 160 160 150 70 89 0 0 0 0 0 0 0 0 0 0 
194 162 160 160 160 80 148 0 0 0 0 0 0 0 0 0 0 
174 172 160 160 160 152 150 80 0 0 0 0 0 0 0 0 0 
194 172 165 160 160 70 150 150 80 0 0 0 0 0 0 0 0 
174 168 168 160 160 160 152 50 80 0 0 0 0 0 0 0 0 
194 183 168 160 160 160 160 152 148 150 0 0 0 0 0 0 0 
188 183 161 168 160 160 159 150 50 148 0 0 0 0 0 0 0 
183 183 166 164 160 156 160 159 80 150 148 0 0 0 0 0 0 
179 183 166 170 160 159 160 159 156 152 152 0 0 0 0 0 0 
174 176 170 168 160 160 160 160 152 152 150 152 0 0 0 0 0 
0 174 188 170 160 160 160 160 155 157 152 150 0 0 0 0 0 
0 176 172 168 194 160 157 160 160 150 160 150 0 0 0 0 0 
0 174 162 161 160 183 160 160 160 159 157 152 152 0 0 0 0 
0 174 174 166 168 160 160 157 160 160 150 150 70 0 0 0 0 
0 174 176 160 172 165 160 157 160 160 160 157 80 150 0 0 0 
0 0 174 160 162 183 194 160 160 155 159 70 150 50 0 0 0 
0 0 188 168 170 168 160 160 160 160 160 160 157 152 0 0 0 
0 0 183 172 160 174 160 165 160 160 160 160 160 150 152 0 0 
0 0 0 183 160 168 160 160 160 160 156 160 160 152 159 0 0 
0 0 0 172 166 174 194 168 160 160 160 160 159 160 152 0 0 
0 0 0 194 164 160 168 160 183 160 157 160 160 157 50 0 0 
0 0 0 0 165 183 172 160 160 160 160 156 160 159 159 150 0 
0 0 0 0 188 162 165 170 183 160 160 156 160 160 159 70 0 
0 0 0 0 0 160 170 162 160 160 160 160 157 160 155 152 0 
0 0 0 0 0 194 168 170 160 160 160 160 159 160 160 156 0 
0 0 0 0 0 0 164 160 160 166 160 160 160 159 160 155 150 
0 0 0 0 0 0 183 174 170 160 160 160 160 160 156 160 156 
0 0 0 0 0 0 0 172 160 160 160 160 159 160 159 160 160 
0 0 0 0 0 0 0 170 172 160 165 160 160 157 160 157 159 
0 0 0 0 0 0 0 0 170 160 160 160 160 160 157 160 160 
0 0 0 0 0 0 0 0 170 168 160 160 160 160 157 160 159 
0 0 0 0 0 0 0 0 0 160 183 160 160 160 160 160 160 
0 0 0 0 0 0 0 0 0 166 165 160 160 157 160 157 160 
0 0 0 0 0 0 0 0 0 0 160 160 160 160 160 160 160 
0 0 0 0 0 0 0 0 0 0 0 160 160 160 160 160 157 
0 0 0 0 0 0 0 0 0 0 0 0 164 160 156 160 160 
0 0 0 0 0 0 0 0 0 0 0 0 0 165 160 160 0 
