test/output/constant/M3M4100_S060_A090_WD225.0_WS015.0/M3M4100_S060_A090_WD225.0_WS015.0_intensity.asc
ncols         17
nrows         41
xllcorner     426503.990666
yllcorner     12744855.311160
cellsize      100.000000
NODATA_value  0.000000
1469 1588 1819 0 0 0 0 0 0 0 0 0 0 0 0 0 0 
1469 0 37570 2961 0 0 0 0 0 0 0 0 0 0 0 0 0 
7251 63316 61208 1819 1819 0 0 0 0 0 0 0 0 0 0 0 0 
14320 63316 63316 42683 2495 2169 0 0 0 0 0 0 0 0 0 0 0 
10451 59713 63316 63316 42683 2169 2961 0 0 0 0 0 0 0 0 0 0 
10451 61797 63316 63316 63316 2495 37570 0 0 0 0 0 0 0 0 0 0 
33999 39234 63316 63316 63316 47508 42683 2495 0 0 0 0 0 0 0 0 0 
10451 39234 56821 63316 63316 2169 42683 42683 2495 0 0 0 0 0 0 0 0 
33999 48986 48986 63316 63316 63316 47508 1819 2495 0 0 0 0 0 0 0 0 
10451 18746 48986 63316 63316 63316 63316 47508 37570 42683 0 0 0 0 0 0 0 
14320 18746 63010 48986 63316 63316 63127 42683 1819 37570 0 0 0 0 0 0 0 
18746 18746 53209 59713 63316 58853 63316 63127 2495 42683 37570 0 0 0 0 0 0 
23599 18746 53209 44280 63316 62711 63316 63127 58853 47508 47508 0 0 0 0 0 0 
33999 28735 44280 48986 63316 63316 63316 63316 47508 47508 42683 47508 0 0 0 0 0 
0 33999 14320 44280 63316 63316 63316 63316 55717 61208 47508 42683 0 0 0 0 0 
0 28735 39234 48986 10451 63316 61208 63316 63316 42683 63316 42683 0 0 0 0 0 
0 33999 61797 63010 63316 18746 63316 63316 63316 62711 61208 47508 47508 0 0 0 0 
0 33999 33999 53209 48986 63316 63316 61208 63316 63316 42683 42683 2169 0 0 0 0 
0 33999 28735 63316 39234 56821 63316 61208 63316 63316 63316 61208 2495 42683 0 0 0 
0 0 33999 63316 61797 18746 10451 63316 63316 55717 63127 2169 42683 1819 0 0 0 
0 0 14320 48986 44280 48986 63277 63316 63316 63316 63316 63316 61208 47508 0 0 0 
0 0 18746 39234 63316 33999 63316 56821 63316 63316 63316 63316 63316 42683 47508 0 0 
0 0 0 18746 63316 48986 63316 63316 63316 63316 58853 63316 63316 47508 63127 0 0 
0 0 0 39234 53209 33999 10451 48986 63316 63316 63316 63316 62711 63316 47508 0 0 
0 0 0 10451 59713 63316 48986 63316 18746 63316 61208 63316 63316 61208 1819 0 0 
0 0 0 0 56821 18746 39234 63316 63316 63316 63316 58853 63316 63127 62711 42683 0 
0 0 0 0 14320 61797 56821 44280 18746 63316 63316 58853 63316 63316 62711 2169 0 
0 0 0 0 0 63316 44280 61797 63316 63316 63316 63316 61208 63316 55717 47508 0 
0 0 0 0 0 10451 48986 44280 63316 63316 63316 63316 62711 63316 63316 58853 0 
0 0 0 0 0 0 59713 63277 63316 53209 63316 63316 63316 63127 63316 55717 42683 
0 0 0 0 0 0 18746 33999 44280 63316 63316 63316 63316 63316 58853 63316 58853 
0 0 0 0 0 0 0 39234 63316 63316 63316 63316 62711 63316 63127 63316 63316 
0 0 0 0 0 0 0 44280 39234 63316 56821 63316 63316 61208 63316 61208 62711 
0 0 0 0 0 0 0 0 44280 63316 63316 63316 63316 63316 61208 63316 63316 
0 0 0 0 0 0 0 0 44280 48986 63316 63316 63316 63316 61208 63316 63127 
0 0 0 0 0 0 0 0 0 63316 18746 63316 63316 63316 63316 63316 63316 
0 0 0 0 0 0 0 0 0 53209 56821 63316 63316 61208 63316 61208 63316 
0 0 0 0 0 0 0 0 0 0 63316 63316 63316 63316 63316 63316 63316 
0 0 0 0 0 0 0 0 0 0 0 63316 63316 63316 63316 63316 61208 
0 0 0 0 0 0 0 0 0 0 0 0 59713 63316 58853 63277 63316 
0 0 0 0 0 0 0 0 0 0 0 0 0 56821 63316 63316 0 
