test/output/constant/M385_S060_A180_WD270.0_WS030.0/M385_S060_A180_WD270.0_WS030.0_arrival.asc
ncols         60
nrows         9
xllcorner     426603.990666
yllcorner     12748355.311160
cellsize      100.000000
NODATA_value  0.000000
0.000000 0.000000 0.000000 0.000000 0.000000 0.000000 0.000000 0.000000 0.000000 0.000000 0.000000 0.000000 0.000000 0.000000 0.000000 0.000000 0.000000 0.000000 0.000000 0.000000 0.000000 0.000000 0.000000 0.000000 166.041518 166.040949 166.040665 166.040380 166.040096 166.039812 166.039527 166.039527 166.039527 166.039527 166.039527 166.039527 166.039812 166.040380 166.040665 166.041233 166.041518 0.000000 0.000000 0.000000 0.000000 0.000000 0.000000 0.000000 0.000000 0.000000 0.000000 0.000000 0.000000 0.000000 0.000000 0.000000 0.000000 0.000000 0.000000 0.000000 
0.000000 0.000000 0.000000 0.000000 0.000000 0.000000 0.000000 0.000000 0.000000 0.000000 166.039812 166.037252 166.035262 166.033555 166.032418 166.031280 166.030427 166.029859 166.029290 166.029006 166.028721 166.028437 166.028152 166.028152 166.028152 166.028437 166.028721 166.029006 166.029574 166.029859 166.030427 166.030996 166.031280 166.031849 166.032418 166.032702 166.033271 166.033840 166.034409 166.034693 166.035262 166.035830 166.036399 166.036968 166.037537 166.038105 166.038674 166.039243 166.039812 166.040380 166.041233 166.041667 0.000000 0.000000 0.000000 0.000000 0.000000 0.000000 0.000000 0.000000 
0.000000 0.000000 0.000000 0.000000 166.033555 166.027584 166.023603 166.021612 166.019906 166.018768 166.018200 166.017631 166.017346 166.017062 166.017062 166.017062 166.017346 166.017915 166.018200 166.018768 166.019337 166.019621 166.020190 166.020759 166.021043 166.021612 166.022181 166.022749 166.023318 166.023887 166.024740 166.025309 166.025877 166.026446 166.027299 166.027868 166.028437 166.029290 166.029859 166.030427 166.031280 166.031849 166.032702 166.033271 166.033840 166.034693 166.035262 166.035830 166.036399 166.037252 166.037821 166.038674 166.039243 166.040096 166.040665 166.041518 0.000000 0.000000 0.000000 0.000000 
166.038105 166.012797 166.007678 166.006256 166.005972 166.005687 166.005972 166.006540 166.007109 166.007678 166.008247 166.008815 166.009384 166.010237 166.010806 166.011659 166.012228 166.012797 166.013650 166.014218 166.015072 166.015640 166.016493 166.017062 166.017631 166.018484 166.019053 166.019906 166.020475 166.021328 166.021896 166.022749 166.023318 166.023887 166.024740 166.025309 166.026162 166.026731 166.027584 166.028152 166.029006 166.029574 166.030427 166.030996 166.031849 166.032418 166.033271 166.033840 166.034409 166.035262 166.035830 166.036683 166.037252 166.038105 166.038674 166.039527 166.040096 166.040949 166.041518 0.000000 
166.000000 166.000569 166.001137 166.001991 166.002559 166.003412 166.003981 166.004834 166.005403 166.006256 166.006825 166.007678 166.008247 166.009100 166.009669 166.010522 166.011090 166.011943 166.012512 166.013365 166.013934 166.014787 166.015356 166.016209 166.016778 166.017631 166.018200 166.019053 166.019621 166.020475 166.021043 166.021896 166.022465 166.023318 166.023887 166.024740 166.025309 166.026162 166.026731 166.027584 166.028152 166.029006 166.029574 166.030427 166.030996 166.031849 166.032418 166.033271 166.033840 166.034693 166.035262 166.036115 166.036683 166.037537 166.038105 166.038958 166.039527 166.040380 166.040949 166.041667 
166.038105 166.012797 166.007678 166.006256 166.005972 166.005687 166.005972 166.006540 166.007109 166.007678 166.008247 166.008815 166.009384 166.010237 166.010806 166.011659 166.012228 166.012797 166.013650 166.014218 166.015072 166.015640 166.016493 166.017062 166.017631 166.018484 166.019053 166.019906 166.020475 166.021328 166.021896 166.022749 166.023318 166.023887 166.024740 166.025309 166.026162 166.026731 166.027584 166.028152 166.029006 166.029574 166.030427 166.030996 166.031849 166.032418 166.033271 166.033840 166.034409 166.035262 166.035830 166.036683 166.037252 166.038105 166.038674 166.039527 166.040096 166.040949 166.041518 0.000000 
0.000000 0.000000 0.000000 0.000000 166.033555 166.027584 166.023603 166.021612 166.019906 166.018768 166.018200 166.017631 166.017346 166.017062 166.017062 166.017062 166.017346 166.017915 166.018200 166.018768 166.019337 166.019621 166.020190 166.020759 166.021043 166.021612 166.022181 166.022749 166.023318 166.023887 166.024740 166.025309 166.025877 166.026446 166.027299 166.027868 166.028437 166.029290 166.029859 166.030427 166.031280 166.031849 166.032702 166.033271 166.033840 166.034693 166.035262 166.035830 166.036399 166.037252 166.037821 166.038674 166.039243 166.040096 166.040665 166.041518 0.000000 0.000000 0.000000 0.000000 
0.000000 0.000000 0.000000 0.000000 0.000000 0.000000 0.000000 0.000000 0.000000 0.000000 166.039812 166.037252 166.035262 166.033555 166.032418 166.031280 166.030427 166.029859 166.029290 166.029006 166.028721 166.028437 166.028152 166.028152 166.028152 166.028437 166.028721 166.029006 166.029574 166.029859 166.030427 166.030996 166.031280 166.031849 166.032418 166.032702 166.033271 166.033840 166.034409 166.034693 166.035262 166.035830 166.036399 166.036968 166.037537 166.038105 166.038674 166.039243 166.039812 166.040380 166.041233 166.041667 0.000000 0.000000 0.000000 0.000000 0.000000 0.000000 0.000000 0.000000 
0.000000 0.000000 0.000000 0.000000 0.000000 0.000000 0.000000 0.000000 0.000000 0.000000 0.000000 0.000000 0.000000 0.000000 0.000000 0.000000 0.000000 0.000000 0.000000 0.000000 0.000000 0.000000 0.000000 0.000000 166.041518 166.040949 166.040665 166.040380 166.040096 166.039812 166.039527 166.039527 166.039527 166.039527 166.039527 166.039527 166.039812 166.040380 166.040665 166.041233 166.041518 0.000000 0.000000 0.000000 0.000000 0.000000 0.000000 0.000000 0.000000 0.000000 0.000000 0.000000 0.000000 0.000000 0.000000 0.000000 0.000000 0.000000 0.000000 0.000000 
