test/output/constant/M390_S060_A000_WD045.0_WS005.0/M390_S060_A000_WD045.0_WS005.0_intensity.asc
ncols         56
nrows         12
xllcorner     421103.990666
yllcorner     12747955.311160
cellsize      100.000000
NODATA_value  0.000000
0 0 0 0 0 0 0 0 0 0 0 0 0 0 0 0 0 0 0 0 0 0 0 0 0 43958 29807 36792 43958 36792 57961 43958 29807 36792 36792 51086 29807 36792 36792 43958 51086 51086 57961 43958 36792 43958 43958 43958 0 0 0 0 0 0 0 0 
0 0 0 0 0 0 0 0 0 0 0 0 0 0 0 0 64372 64372 64372 64372 64372 57961 57961 36792 36792 29807 64372 70125 64372 64372 57961 36792 43958 64372 29807 36792 51086 36792 43958 23214 23214 51086 36792 51086 43958 36792 43958 57961 51086 29807 29807 57961 1163 808 0 0 
0 0 0 0 0 0 0 0 0 0 0 70125 64372 70125 70125 64372 64372 64372 64372 64372 64372 64372 57961 57961 57961 36792 43958 29807 43958 36792 43958 36792 64372 43958 43958 29807 70125 70125 70125 70125 70125 70125 70125 70125 64372 64372 70125 51086 51086 51086 36792 36792 36792 29807 808 808 
0 0 0 0 0 0 0 64372 70125 70125 64372 64372 64372 70125 64372 64372 64372 75046 64372 64372 64372 51086 51086 43958 51086 29807 70125 43958 75046 70125 70125 70125 70125 70125 64372 70125 70125 70125 64372 70125 70125 64372 70125 57961 70125 70125 70125 83902 83902 81823 83902 83902 83902 83902 83902 0 
0 0 0 0 70125 75046 70125 64372 64372 64372 70125 70125 75046 64372 64372 64372 75046 57961 51086 75046 70125 70125 70125 36792 29807 70125 70125 70125 70125 64372 70125 70125 83902 83902 81823 83902 83902 83902 83472 64372 83902 83902 83902 83902 83902 83902 83902 83902 83902 83902 83902 74765 63989 4353 57545 1163 
0 0 70125 64372 64372 75046 70125 70125 64372 78985 64372 29807 70125 75046 64372 70125 70125 83472 83902 70125 43958 83902 83902 83902 83902 83902 83902 64372 83902 83902 83902 83902 83902 83902 83902 83902 83902 83902 83902 83902 83902 83902 83902 83902 83405 83769 63989 57545 57545 57545 2307 63989 1598 822 638 0 
70125 70125 81823 83902 83902 51086 70125 83472 83902 83902 64372 83902 83902 83902 57961 83902 83902 83902 83902 83902 83902 83902 83902 83902 83902 83902 83902 83902 83902 83902 83902 83902 81679 83902 81679 83902 83902 83902 83902 74765 63989 78769 57545 63989 2307 57545 57545 1598 4353 50651 2307 57545 43517 0 0 0 
83902 83902 70125 83902 83902 83902 83902 83902 83902 83902 83902 83902 83902 83902 83902 83902 83902 83902 83902 83902 83902 83902 83902 83902 83902 83902 83902 83902 78769 83902 83902 74765 69788 83405 69788 83902 74765 57545 57545 4353 57545 4353 57545 4353 63989 2307 1598 57545 2307 50651 0 0 0 0 0 0 
83902 83902 83902 83902 83902 83902 83902 83902 83902 83902 78769 81679 83902 78769 83902 83902 83902 83902 74765 83902 83902 83902 78769 83902 81679 83902 83902 83902 69788 78769 63989 74765 63989 63989 57545 57545 63989 57545 63989 2307 57545 57545 57545 4353 1163 63989 0 0 0 0 0 0 0 0 0 0 
0 83902 83902 83902 83902 83902 83902 83405 69788 83902 83902 83902 83902 83902 83902 83902 74765 63989 83902 78769 69788 63989 83902 69788 69788 57545 63989 57545 57545 63989 4353 57545 4353 2307 7513 4353 57545 57545 2307 2307 50651 0 0 0 0 0 0 0 0 0 0 0 0 0 0 0 
0 0 0 0 83902 83405 83902 83902 83902 83769 83902 74765 63989 83902 83902 83902 74765 83902 69788 69788 57545 63989 57545 57545 63989 57545 57545 63989 57545 57545 4353 4353 57545 57545 0 0 0 0 0 0 0 0 0 0 0 0 0 0 0 0 0 0 0 0 0 0 
0 0 0 0 0 0 0 0 0 0 0 78769 83902 78769 78769 63989 83902 74765 63989 57545 63989 63989 57545 4353 57545 0 0 0 0 0 0 0 0 0 0 0 0 0 0 0 0 0 0 0 0 0 0 0 0 0 0 0 0 0 0 0 
