test/output/constant/M390_S060_A000_WD045.0_WS005.0/M390_S060_A000_WD045.0_WS005.0_raz.asc
ncols         56
nrows         12
xllcorner     421103.990666
yllcorner     12747955.311160
cellsize      100.000000
NODATA_value  0.000000
0 0 0 0 0 0 0 0 0 0 0 0 0 0 0 0 0 0 0 0 0 0 0 0 0 275 279 277 275 277 272 275 279 277 277 273 279 277 277 275 273 273 272 275 277 275 275 275 0 0 0 0 0 0 0 0 
0 0 0 0 0 0 0 0 0 0 0 0 0 0 0 0 271 271 271 271 271 272 272 277 277 279 271 270 271 271 272 277 275 271 279 277 273 277 275 282 282 273 277 273 275 277 275 272 273 279 279 272 355 20 0 0 
0 0 0 0 0 0 0 0 0 0 0 270 271 270 270 271 271 271 271 271 271 271 272 272 272 277 275 279 275 277 275 277 271 275 275 279 270 270 270 270 270 270 270 270 271 271 270 273 273 273 277 277 277 279 20 20 
0 0 0 0 0 0 0 271 270 270 271 271 271 270 271 271 271 269 271 271 271 273 273 275 273 279 270 275 269 270 270 270 270 270 271 270 270 270 271 270 270 271 270 272 270 270 270 265 265 267 265 265 265 265 265 65535 
0 0 0 0 270 269 270 271 271 271 270 270 269 271 271 271 269 272 273 269 270 270 270 277 279 270 270 270 270 271 270 270 265 265 267 265 265 265 266 271 265 265 265 265 265 265 265 265 265 265 265 261 259 220 258 175 
0 0 270 271 271 269 270 270 271 268 271 279 270 269 271 270 270 266 265 270 275 265 265 265 265 265 265 271 265 265 265 265 265 265 265 265 265 265 265 265 265 265 265 265 264 264 259 258 258 258 203 259 190 150 85 0 
270 270 267 265 265 273 270 266 265 265 271 265 265 265 272 265 265 265 265 265 265 265 265 265 265 265 265 265 265 265 265 265 263 265 263 265 265 265 265 261 259 262 258 259 203 258 258 190 220 256 203 258 255 0 0 0 
265 265 270 265 265 265 265 265 265 265 265 265 265 265 265 265 265 265 265 265 265 265 265 265 265 265 265 265 262 265 265 261 260 264 260 265 261 258 258 220 258 220 258 220 259 203 190 258 203 256 0 0 0 0 0 0 
265 265 265 265 265 265 265 265 265 265 262 263 265 262 265 265 265 265 261 265 265 265 262 265 263 265 265 265 260 262 259 261 259 259 258 258 259 258 259 203 258 258 258 220 175 259 0 0 0 0 0 0 0 0 0 0 
0 265 265 265 265 265 265 264 260 265 265 265 265 265 265 265 261 259 265 262 260 259 265 260 260 258 259 258 258 259 220 258 220 203 231 220 258 258 203 203 256 0 0 0 0 0 0 0 0 0 0 0 0 0 0 0 
0 0 0 0 265 264 265 265 265 264 265 261 259 265 265 265 261 265 260 260 258 259 258 258 259 258 258 259 258 258 220 220 258 258 0 0 0 0 0 0 0 0 0 0 0 0 0 0 0 0 0 0 0 0 0 0 
0 0 0 0 0 0 0 0 0 0 0 262 265 262 262 259 265 261 259 258 259 259 258 220 258 0 0 0 0 0 0 0 0 0 0 0 0 0 0 0 0 0 0 0 0 0 0 0 0 0 0 0 0 0 0 0 
