test/output/constant/M3100_S060_A180_WD135.0_WS015.0/M3100_S060_A180_WD135.0_WS015.0_ros.asc
ncols         44
nrows         19
xllcorner     426503.990666
yllcorner     12748555.311160
cellsize      100.000000
NODATA_value  0.000000
0.000000 0.000000 0.000000 0.000000 0.000000 0.000000 0.000000 0.000000 0.000000 0.000000 0.000000 0.000000 0.000000 0.000000 0.000000 0.000000 0.000000 0.000000 0.000000 0.000000 0.000000 0.000000 0.000000 0.000000 0.000000 0.000000 0.000000 0.000000 0.000000 0.000000 0.000000 0.000000 0.000000 72.925507 68.455231 73.615662 73.615662 73.615662 73.615662 73.615662 73.615662 73.615662 0.000000 0.000000 
0.000000 0.000000 0.000000 0.000000 0.000000 0.000000 0.000000 0.000000 0.000000 0.000000 0.000000 0.000000 0.000000 0.000000 0.000000 0.000000 0.000000 0.000000 0.000000 0.000000 0.000000 0.000000 0.000000 0.000000 0.000000 0.000000 0.000000 0.000000 73.615662 71.187119 72.925507 73.615662 73.615662 71.187119 73.615662 73.615662 73.615662 73.615662 73.615662 73.615662 73.615662 73.615662 73.615662 73.615662 
0.000000 0.000000 0.000000 0.000000 0.000000 0.000000 0.000000 0.000000 0.000000 0.000000 0.000000 0.000000 0.000000 0.000000 0.000000 0.000000 0.000000 0.000000 0.000000 0.000000 0.000000 0.000000 0.000000 0.000000 49.650249 49.650249 71.187119 73.615662 73.615662 73.615662 73.615662 73.615662 73.615662 73.615662 73.615662 73.615662 73.615662 73.615662 73.615662 73.615662 73.615662 73.615662 73.615662 73.615662 
0.000000 0.000000 0.000000 0.000000 0.000000 0.000000 0.000000 0.000000 0.000000 0.000000 0.000000 0.000000 0.000000 0.000000 0.000000 0.000000 0.000000 0.000000 0.000000 0.000000 0.000000 49.650249 49.650249 49.650249 68.455231 49.650249 73.615662 72.925507 73.615662 73.615662 73.615662 73.615662 73.615662 73.615662 73.615662 73.615662 73.615662 73.615662 73.615662 73.615662 73.568703 73.615662 73.615662 73.615662 
0.000000 0.000000 0.000000 0.000000 0.000000 0.000000 0.000000 0.000000 0.000000 0.000000 0.000000 0.000000 0.000000 0.000000 0.000000 0.000000 0.000000 0.000000 49.650249 49.650249 72.925507 73.615662 73.615662 68.455231 73.400719 73.615662 73.400719 73.615662 73.615662 73.615662 73.615662 73.615662 73.615662 73.615662 73.615662 73.615662 73.615662 73.615662 73.615662 73.615662 73.615662 73.615662 56.933849 0.000000 
0.000000 0.000000 0.000000 0.000000 0.000000 0.000000 0.000000 0.000000 0.000000 0.000000 0.000000 0.000000 0.000000 0.000000 0.000000 0.000000 49.650249 49.650249 49.650249 71.187119 55.265377 73.615662 73.615662 73.400719 71.187119 73.615662 73.615662 71.187119 73.615662 71.187119 73.615662 73.615662 73.615662 73.615662 73.568703 73.615662 73.615662 73.615662 73.615662 73.615662 73.615662 73.615662 0.000000 0.000000 
0.000000 0.000000 0.000000 0.000000 0.000000 0.000000 0.000000 0.000000 0.000000 0.000000 0.000000 0.000000 0.000000 49.650249 49.650249 49.650249 49.650249 55.265377 55.265377 55.265377 60.371395 60.371395 73.615662 73.615662 73.615662 73.400719 73.615662 73.615662 73.615662 73.615662 73.615662 73.615662 56.933849 73.615662 73.615662 73.615662 73.615662 73.615662 73.615662 56.933849 73.615662 0.000000 0.000000 0.000000 
0.000000 0.000000 0.000000 0.000000 0.000000 0.000000 0.000000 0.000000 0.000000 0.000000 0.000000 49.650249 55.265377 49.650249 55.265377 55.265377 73.400719 55.265377 73.615662 73.400719 73.615662 68.455231 73.615662 73.615662 73.615662 73.615662 73.615662 73.615662 73.615662 73.615662 73.615662 73.615662 73.615662 73.615662 73.615662 73.615662 73.615662 73.615662 56.933849 73.615662 0.000000 0.000000 0.000000 0.000000 
0.000000 0.000000 0.000000 0.000000 0.000000 0.000000 0.000000 0.000000 0.000000 49.650249 49.650249 55.265377 55.265377 72.925507 73.615662 73.615662 73.615662 73.400719 68.455231 71.187119 73.615662 73.615662 73.615662 73.615662 73.615662 73.615662 73.615662 61.851547 61.851547 73.615662 56.933849 73.615662 73.615662 73.615662 73.615662 73.615662 51.453171 73.615662 0.000000 0.000000 0.000000 0.000000 0.000000 0.000000 
0.000000 0.000000 0.000000 0.000000 0.000000 0.000000 0.000000 49.650249 49.650249 55.265377 49.650249 55.265377 49.650249 49.650249 73.615662 73.615662 73.615662 72.925507 73.615662 73.615662 73.615662 73.615662 73.615662 73.615662 66.057365 61.851547 73.615662 66.057365 66.057365 73.615662 73.260155 73.615662 45.575394 73.615662 73.615662 73.615662 73.615662 0.000000 0.000000 0.000000 0.000000 0.000000 0.000000 0.000000 
0.000000 0.000000 0.000000 0.000000 0.000000 0.000000 37.585484 43.696671 7.561337 49.650249 71.187119 71.187119 72.925507 73.615662 73.615662 73.615662 73.615662 73.615662 73.615662 73.615662 73.615662 73.615662 51.453171 73.615662 73.615662 73.615662 69.423935 61.851547 56.933849 56.933849 73.615662 61.851547 51.453171 45.575394 73.615662 0.000000 0.000000 0.000000 0.000000 0.000000 0.000000 0.000000 0.000000 0.000000 
0.000000 0.000000 0.000000 0.000000 3.344083 43.696671 49.650249 55.265377 49.650249 73.615662 73.615662 72.925507 73.615662 73.615662 73.615662 73.615662 73.615662 73.615662 73.615662 73.615662 73.615662 61.851547 73.615662 61.851547 73.615662 51.453171 56.933849 73.615662 45.575394 69.423935 39.478287 66.057365 66.057365 0.000000 0.000000 0.000000 0.000000 0.000000 0.000000 0.000000 0.000000 0.000000 0.000000 0.000000 
0.000000 0.000000 0.000000 3.344083 3.344083 49.650249 49.650249 73.615662 68.455231 73.615662 73.615662 73.615662 73.615662 73.615662 73.615662 73.615662 71.849319 73.615662 73.615662 56.933849 73.615662 45.575394 45.575394 39.478287 69.423935 45.575394 73.568703 69.423935 66.057365 45.575394 61.851547 0.000000 0.000000 0.000000 0.000000 0.000000 0.000000 0.000000 0.000000 0.000000 0.000000 0.000000 0.000000 0.000000 
0.000000 0.000000 3.344083 37.585484 7.561337 55.265377 72.925507 71.187119 73.615662 73.615662 73.615662 73.615662 73.615662 73.615662 73.615662 71.849319 73.615662 73.615662 73.568703 69.423935 39.478287 73.615662 61.851547 73.615662 66.057365 66.057365 66.057365 61.851547 66.057365 0.000000 0.000000 0.000000 0.000000 0.000000 0.000000 0.000000 0.000000 0.000000 0.000000 0.000000 0.000000 0.000000 0.000000 0.000000 
0.000000 3.344083 3.344083 55.265377 73.615662 73.615662 73.615662 73.615662 73.615662 73.615662 71.849319 56.933849 73.615662 73.615662 73.615662 71.849319 69.423935 73.568703 73.568703 73.260155 66.057365 45.575394 71.849319 45.575394 69.423935 39.478287 0.000000 0.000000 0.000000 0.000000 0.000000 0.000000 0.000000 0.000000 0.000000 0.000000 0.000000 0.000000 0.000000 0.000000 0.000000 0.000000 0.000000 0.000000 
1.757138 43.696671 73.615662 73.615662 73.615662 73.615662 73.615662 73.615662 73.615662 73.615662 69.423935 73.615662 73.615662 61.851547 69.423935 73.568703 45.575394 71.849319 39.478287 33.346008 51.453171 45.575394 56.933849 0.000000 0.000000 0.000000 0.000000 0.000000 0.000000 0.000000 0.000000 0.000000 0.000000 0.000000 0.000000 0.000000 0.000000 0.000000 0.000000 0.000000 0.000000 0.000000 0.000000 0.000000 
2.420548 0.000000 73.615662 73.615662 71.849319 73.260155 45.575394 51.453171 56.933849 33.346008 33.346008 39.478287 39.478287 39.478287 39.478287 39.478287 51.453171 39.478287 56.933849 27.363409 0.000000 0.000000 0.000000 0.000000 0.000000 0.000000 0.000000 0.000000 0.000000 0.000000 0.000000 0.000000 0.000000 0.000000 0.000000 0.000000 0.000000 0.000000 0.000000 0.000000 0.000000 0.000000 0.000000 0.000000 
1.628824 1.911581 12.050106 33.346008 33.346008 39.478287 39.478287 33.346008 39.478287 39.478287 39.478287 56.933849 56.933849 56.933849 27.363409 0.000000 0.000000 0.000000 0.000000 0.000000 0.000000 0.000000 0.000000 0.000000 0.000000 0.000000 0.000000 0.000000 0.000000 0.000000 0.000000 0.000000 0.000000 0.000000 0.000000 0.000000 0.000000 0.000000 0.000000 0.000000 0.000000 0.000000 0.000000 0.000000 
0.000000 0.000000 0.000000 16.555075 12.050106 8.324304 33.346008 12.050106 0.000000 0.000000 0.000000 0.000000 0.000000 0.000000 0.000000 0.000000 0.000000 0.000000 0.000000 0.000000 0.000000 0.000000 0.000000 0.000000 0.000000 0.000000 0.000000 0.000000 0.000000 0.000000 0.000000 0.000000 0.000000 0.000000 0.000000 0.000000 0.000000 0.000000 0.000000 0.000000 0.000000 0.000000 0.000000 0.000000 
