test/output/constant/M3100_S060_A180_WD135.0_WS015.0/M3100_S060_A180_WD135.0_WS015.0_arrival.asc
ncols         44
nrows         19
xllcorner     426503.990666
yllcorner     12748555.311160
cellsize      100.000000
NODATA_value  0.000000
0.000000 0.000000 0.000000 0.000000 0.000000 0.000000 0.000000 0.000000 0.000000 0.000000 0.000000 0.000000 0.000000 0.000000 0.000000 0.000000 0.000000 0.000000 0.000000 0.000000 0.000000 0.000000 0.000000 0.000000 0.000000 0.000000 0.000000 0.000000 0.000000 0.000000 0.000000 0.000000 0.000000 166.041454 166.041084 166.041084 166.040714 166.040714 166.040714 166.040714 166.041084 166.041454 0.000000 0.000000 
0.000000 0.000000 0.000000 0.000000 0.000000 0.000000 0.000000 0.000000 0.000000 0.000000 0.000000 0.000000 0.000000 0.000000 0.000000 0.000000 0.000000 0.000000 0.000000 0.000000 0.000000 0.000000 0.000000 0.000000 0.000000 0.000000 0.000000 0.000000 166.041084 166.039973 166.039233 166.038863 166.038493 166.038123 166.038123 166.038123 166.038123 166.038493 166.038863 166.039233 166.039603 166.040344 166.041084 166.041667 
0.000000 0.000000 0.000000 0.000000 0.000000 0.000000 0.000000 0.000000 0.000000 0.000000 0.000000 0.000000 0.000000 0.000000 0.000000 0.000000 0.000000 0.000000 0.000000 0.000000 0.000000 0.000000 0.000000 0.000000 166.040714 166.039233 166.038493 166.037383 166.036642 166.036272 166.035902 166.035532 166.035532 166.035532 166.035532 166.035902 166.036272 166.037012 166.037383 166.038123 166.038863 166.039603 166.040714 166.041454 
0.000000 0.000000 0.000000 0.000000 0.000000 0.000000 0.000000 0.000000 0.000000 0.000000 0.000000 0.000000 0.000000 0.000000 0.000000 0.000000 0.000000 0.000000 0.000000 0.000000 0.000000 166.040344 166.038123 166.036642 166.035532 166.034422 166.034051 166.033311 166.033311 166.032941 166.032941 166.032941 166.033311 166.033311 166.034051 166.034422 166.035162 166.035902 166.036642 166.037753 166.038493 166.039603 166.040714 166.041667 
0.000000 0.000000 0.000000 0.000000 0.000000 0.000000 0.000000 0.000000 0.000000 0.000000 0.000000 0.000000 0.000000 0.000000 0.000000 0.000000 0.000000 0.000000 166.040344 166.037753 166.035902 166.034051 166.032941 166.031831 166.031090 166.030720 166.030350 166.030350 166.030350 166.030350 166.030720 166.031090 166.031461 166.032201 166.032941 166.033681 166.034792 166.035532 166.036642 166.037753 166.038863 166.039973 166.041084 0.000000 
0.000000 0.000000 0.000000 0.000000 0.000000 0.000000 0.000000 0.000000 0.000000 0.000000 0.000000 0.000000 0.000000 0.000000 0.000000 0.000000 166.038493 166.035532 166.033311 166.031461 166.029980 166.029240 166.028500 166.028129 166.027759 166.027759 166.027759 166.027759 166.028129 166.028500 166.029240 166.029980 166.030720 166.031461 166.032571 166.033681 166.034792 166.035902 166.037012 166.038493 166.039603 166.041084 0.000000 0.000000 
0.000000 0.000000 0.000000 0.000000 0.000000 0.000000 0.000000 0.000000 0.000000 0.000000 0.000000 0.000000 0.000000 166.041084 166.036642 166.033311 166.030720 166.028870 166.027389 166.026279 166.025539 166.025168 166.025168 166.025168 166.025168 166.025168 166.025539 166.026279 166.027019 166.027759 166.028500 166.029610 166.030720 166.031831 166.032941 166.034051 166.035162 166.036642 166.038123 166.039233 166.040714 0.000000 0.000000 0.000000 
0.000000 0.000000 0.000000 0.000000 0.000000 0.000000 0.000000 0.000000 0.000000 0.000000 0.000000 166.039973 166.035532 166.031461 166.028500 166.026279 166.024798 166.023688 166.022948 166.022578 166.022578 166.022207 166.022578 166.022948 166.023318 166.024058 166.024798 166.025539 166.026649 166.027759 166.028870 166.029610 166.031090 166.032201 166.033681 166.035162 166.036642 166.038123 166.039603 166.041454 0.000000 0.000000 0.000000 0.000000 
0.000000 0.000000 0.000000 0.000000 0.000000 0.000000 0.000000 0.000000 0.000000 166.039603 166.034051 166.029610 166.026279 166.024058 166.022207 166.021097 166.020357 166.019987 166.019617 166.019617 166.019987 166.020357 166.021097 166.021837 166.022578 166.023688 166.024798 166.025539 166.026649 166.028129 166.029240 166.030720 166.032201 166.033681 166.035162 166.037012 166.038493 166.040344 0.000000 0.000000 0.000000 0.000000 0.000000 0.000000 
0.000000 0.000000 0.000000 0.000000 0.000000 0.000000 0.000000 166.040344 166.033681 166.028500 166.024428 166.021467 166.019246 166.018136 166.017766 166.017396 166.017026 166.017026 166.017396 166.018136 166.018876 166.019617 166.020727 166.021837 166.022578 166.023688 166.025168 166.026279 166.027759 166.029240 166.030720 166.032571 166.034051 166.035902 166.037753 166.039603 166.041454 0.000000 0.000000 0.000000 0.000000 0.000000 0.000000 0.000000 
0.000000 0.000000 0.000000 0.000000 0.000000 0.000000 166.034051 166.027759 166.022578 166.019246 166.017026 166.015545 166.014805 166.014805 166.014435 166.014805 166.015175 166.015915 166.016656 166.017766 166.018506 166.019617 166.020727 166.022207 166.023688 166.024798 166.026279 166.028129 166.029610 166.031461 166.033311 166.035162 166.037012 166.038863 166.041084 0.000000 0.000000 0.000000 0.000000 0.000000 0.000000 0.000000 0.000000 0.000000 
0.000000 0.000000 0.000000 0.000000 166.037383 166.028129 166.021837 166.017026 166.014435 166.012954 166.012214 166.011844 166.011844 166.012214 166.012954 166.013695 166.014805 166.015545 166.016656 166.017766 166.019246 166.020357 166.022207 166.023688 166.025539 166.027019 166.028870 166.030720 166.032571 166.034792 166.036642 166.038863 166.040714 0.000000 0.000000 0.000000 0.000000 0.000000 0.000000 0.000000 0.000000 0.000000 0.000000 0.000000 
0.000000 0.000000 0.000000 166.031831 166.022207 166.015915 166.011844 166.010363 166.009623 166.009253 166.009253 166.009993 166.010734 166.011474 166.012584 166.013695 166.014805 166.016285 166.017766 166.019246 166.021097 166.022578 166.024428 166.026279 166.028500 166.030350 166.032571 166.034792 166.036642 166.038863 166.041084 0.000000 0.000000 0.000000 0.000000 0.000000 0.000000 0.000000 0.000000 0.000000 0.000000 0.000000 0.000000 0.000000 
0.000000 0.000000 166.027019 166.015915 166.009993 166.007402 166.006662 166.006662 166.007032 166.007773 166.008513 166.009623 166.010734 166.011844 166.013324 166.014805 166.016656 166.018506 166.020357 166.022207 166.024058 166.026279 166.028500 166.030720 166.032941 166.035162 166.037383 166.039603 166.041667 0.000000 0.000000 0.000000 0.000000 0.000000 0.000000 0.000000 0.000000 0.000000 0.000000 0.000000 0.000000 0.000000 0.000000 0.000000 
0.000000 166.022578 166.009993 166.005182 166.004071 166.004071 166.004812 166.005552 166.006662 166.007773 166.008883 166.010363 166.012214 166.014065 166.015915 166.018136 166.019987 166.022207 166.024428 166.026649 166.028870 166.031090 166.033681 166.035902 166.038493 166.040714 0.000000 0.000000 0.000000 0.000000 0.000000 0.000000 0.000000 0.000000 0.000000 0.000000 0.000000 0.000000 0.000000 0.000000 0.000000 0.000000 0.000000 0.000000 
166.027019 166.003701 166.001480 166.001851 166.002591 166.003701 166.004812 166.005922 166.007773 166.009623 166.011844 166.014065 166.016285 166.018506 166.020727 166.023318 166.025539 166.028129 166.030350 166.032941 166.035532 166.038123 166.040714 0.000000 0.000000 0.000000 0.000000 0.000000 0.000000 0.000000 0.000000 0.000000 0.000000 0.000000 0.000000 0.000000 0.000000 0.000000 0.000000 0.000000 0.000000 0.000000 0.000000 0.000000 
166.020357 166.000000 166.000740 166.001851 166.003331 166.005552 166.007773 166.010363 166.012954 166.015175 166.017766 166.020357 166.022948 166.025539 166.028129 166.030720 166.033311 166.035902 166.038493 166.040714 0.000000 0.000000 0.000000 0.000000 0.000000 0.000000 0.000000 0.000000 0.000000 0.000000 0.000000 0.000000 0.000000 0.000000 0.000000 0.000000 0.000000 0.000000 0.000000 0.000000 0.000000 0.000000 0.000000 0.000000 
166.030720 166.015175 166.013695 166.014435 166.017026 166.018876 166.021467 166.023688 166.026279 166.028870 166.031461 166.034051 166.036642 166.039233 166.041454 0.000000 0.000000 0.000000 0.000000 0.000000 0.000000 0.000000 0.000000 0.000000 0.000000 0.000000 0.000000 0.000000 0.000000 0.000000 0.000000 0.000000 0.000000 0.000000 0.000000 0.000000 0.000000 0.000000 0.000000 0.000000 0.000000 0.000000 0.000000 0.000000 
0.000000 0.000000 0.000000 166.040714 166.038863 166.039233 166.040344 166.041454 0.000000 0.000000 0.000000 0.000000 0.000000 0.000000 0.000000 0.000000 0.000000 0.000000 0.000000 0.000000 0.000000 0.000000 0.000000 0.000000 0.000000 0.000000 0.000000 0.000000 0.000000 0.000000 0.000000 0.000000 0.000000 0.000000 0.000000 0.000000 0.000000 0.000000 0.000000 0.000000 0.000000 0.000000 0.000000 0.000000 
