test/output/constant/M3100_S060_A180_WD135.0_WS015.0/M3100_S060_A180_WD135.0_WS015.0_intensity.asc
ncols         44
nrows         19
xllcorner     426503.990666
yllcorner     12748555.311160
cellsize      100.000000
NODATA_value  0.000000
0 0 0 0 0 0 0 0 0 0 0 0 0 0 0 0 0 0 0 0 0 0 0 0 0 0 0 0 0 0 0 0 0 67833 63675 68475 68475 68475 68475 68475 68475 68475 0 0 
0 0 0 0 0 0 0 0 0 0 0 0 0 0 0 0 0 0 0 0 0 0 0 0 0 0 0 0 68475 66216 67833 68475 68475 66216 68475 68475 68475 68475 68475 68475 68475 68475 68475 68475 
0 0 0 0 0 0 0 0 0 0 0 0 0 0 0 0 0 0 0 0 0 0 0 0 46183 46183 66216 68475 68475 68475 68475 68475 68475 68475 68475 68475 68475 68475 68475 68475 68475 68475 68475 68475 
0 0 0 0 0 0 0 0 0 0 0 0 0 0 0 0 0 0 0 0 0 46183 46183 46183 63675 46183 68475 67833 68475 68475 68475 68475 68475 68475 68475 68475 68475 68475 68475 68475 68431 68475 68475 68475 
0 0 0 0 0 0 0 0 0 0 0 0 0 0 0 0 0 0 46183 46183 67833 68475 68475 63675 68275 68475 68275 68475 68475 68475 68475 68475 68475 68475 68475 68475 68475 68475 68475 68475 68475 68475 52958 0 
0 0 0 0 0 0 0 0 0 0 0 0 0 0 0 0 46183 46183 46183 66216 51406 68475 68475 68275 66216 68475 68475 66216 68475 66216 68475 68475 68475 68475 68431 68475 68475 68475 68475 68475 68475 68475 0 0 
0 0 0 0 0 0 0 0 0 0 0 0 0 46183 46183 46183 46183 51406 51406 51406 56155 56155 68475 68475 68475 68275 68475 68475 68475 68475 68475 68475 52958 68475 68475 68475 68475 68475 68475 52958 68475 0 0 0 
0 0 0 0 0 0 0 0 0 0 0 46183 51406 46183 51406 51406 68275 51406 68475 68275 68475 63675 68475 68475 68475 68475 68475 68475 68475 68475 68475 68475 68475 68475 68475 68475 68475 68475 52958 68475 0 0 0 0 
0 0 0 0 0 0 0 0 0 46183 46183 51406 51406 67833 68475 68475 68475 68275 63675 66216 68475 68475 68475 68475 68475 68475 68475 57532 57532 68475 52958 68475 68475 68475 68475 68475 47860 68475 0 0 0 0 0 0 
0 0 0 0 0 0 0 46183 46183 51406 46183 51406 46183 46183 68475 68475 68475 67833 68475 68475 68475 68475 68475 68475 61444 57532 68475 61444 61444 68475 68144 68475 42393 68475 68475 68475 68475 0 0 0 0 0 0 0 
0 0 0 0 0 0 34961 40645 7033 46183 66216 66216 67833 68475 68475 68475 68475 68475 68475 68475 68475 68475 47860 68475 68475 68475 64576 57532 52958 52958 68475 57532 47860 42393 68475 0 0 0 0 0 0 0 0 0 
0 0 0 0 3110 40645 46183 51406 46183 68475 68475 67833 68475 68475 68475 68475 68475 68475 68475 68475 68475 57532 68475 57532 68475 47860 52958 68475 42393 64576 36721 61444 61444 0 0 0 0 0 0 0 0 0 0 0 
0 0 0 3110 3110 46183 46183 68475 63675 68475 68475 68475 68475 68475 68475 68475 66832 68475 68475 52958 68475 42393 42393 36721 64576 42393 68431 64576 61444 42393 57532 0 0 0 0 0 0 0 0 0 0 0 0 0 
0 0 3110 34961 7033 51406 67833 66216 68475 68475 68475 68475 68475 68475 68475 66832 68475 68475 68431 64576 36721 68475 57532 68475 61444 61444 61444 57532 61444 0 0 0 0 0 0 0 0 0 0 0 0 0 0 0 
0 3110 3110 51406 68475 68475 68475 68475 68475 68475 66832 52958 68475 68475 68475 66832 64576 68431 68431 68144 61444 42393 66832 42393 64576 36721 0 0 0 0 0 0 0 0 0 0 0 0 0 0 0 0 0 0 
1634 40645 68475 68475 68475 68475 68475 68475 68475 68475 64576 68475 68475 57532 64576 68431 42393 66832 36721 31017 47860 42393 52958 0 0 0 0 0 0 0 0 0 0 0 0 0 0 0 0 0 0 0 0 0 
2251 0 68475 68475 66832 68144 42393 47860 52958 31017 31017 36721 36721 36721 36721 36721 47860 36721 52958 25452 0 0 0 0 0 0 0 0 0 0 0 0 0 0 0 0 0 0 0 0 0 0 0 0 
1515 1778 11208 31017 31017 36721 36721 31017 36721 36721 36721 52958 52958 52958 25452 0 0 0 0 0 0 0 0 0 0 0 0 0 0 0 0 0 0 0 0 0 0 0 0 0 0 0 0 0 
0 0 0 15399 11208 7743 31017 11208 0 0 0 0 0 0 0 0 0 0 0 0 0 0 0 0 0 0 0 0 0 0 0 0 0 0 0 0 0 0 0 0 0 0 0 0 
