test/output/constant/C2_S000_A180_WD180.0_WS045.0/C2_S000_A180_WD180.0_WS045.0_arrival.asc
ncols         7
nrows         35
xllcorner     426303.990666
yllcorner     12748755.311160
cellsize      100.000000
NODATA_value  0.000000
0.000000 0.000000 0.000000 166.041420 0.000000 0.000000 0.000000 
0.000000 0.000000 166.040927 166.040433 166.040927 0.000000 0.000000 
0.000000 0.000000 166.039940 166.038954 166.039940 0.000000 0.000000 
0.000000 166.041420 166.038461 166.037968 166.038461 166.041420 0.000000 
0.000000 166.039940 166.037475 166.036489 166.037475 166.039940 0.000000 
0.000000 166.038954 166.035996 166.035503 166.035996 166.038954 0.000000 
0.000000 166.037968 166.035009 166.034023 166.035009 166.037968 0.000000 
0.000000 166.036982 166.033530 166.033037 166.033530 166.036982 0.000000 
0.000000 166.035503 166.032544 166.031558 166.032544 166.035503 0.000000 
166.040927 166.034516 166.031558 166.030572 166.031558 166.034516 166.040927 
166.040433 166.033530 166.030079 166.029092 166.030079 166.033530 166.040433 
166.039447 166.032051 166.029092 166.028106 166.029092 166.032051 166.039447 
166.038461 166.031065 166.027613 166.026627 166.027613 166.031065 166.038461 
166.037968 166.030079 166.026627 166.025641 166.026627 166.030079 166.037968 
166.036982 166.029092 166.025148 166.024161 166.025148 166.029092 166.036982 
166.036489 166.028106 166.024161 166.023175 166.024161 166.028106 166.036489 
166.035996 166.027120 166.022682 166.021696 166.022682 166.027120 166.035996 
166.035996 166.026627 166.021696 166.020710 166.021696 166.026627 166.035996 
166.035996 166.025641 166.020217 166.019231 166.020217 166.025641 166.035996 
166.035996 166.024655 166.019231 166.018244 166.019231 166.024655 166.035996 
166.036489 166.023668 166.018244 166.016765 166.018244 166.023668 166.036489 
166.036982 166.023175 166.016765 166.015779 166.016765 166.023175 166.036982 
166.037475 166.022189 166.015779 166.014300 166.015779 166.022189 166.037475 
166.038954 166.021696 166.014300 166.013313 166.014300 166.021696 166.038954 
166.039940 166.021696 166.013313 166.011834 166.013313 166.021696 166.039940 
0.000000 166.021696 166.012327 166.010848 166.012327 166.021696 0.000000 
0.000000 166.022189 166.010848 166.009369 166.010848 166.022189 0.000000 
0.000000 166.022682 166.009862 166.008383 166.009862 166.022682 0.000000 
0.000000 166.024161 166.008876 166.006903 166.008876 166.024161 0.000000 
0.000000 166.026627 166.008383 166.005917 166.008383 166.026627 0.000000 
0.000000 166.030079 166.007396 166.004438 166.007396 166.030079 0.000000 
0.000000 166.036489 166.007396 166.003452 166.007396 166.036489 0.000000 
0.000000 0.000000 166.007889 166.001972 166.007889 0.000000 0.000000 
0.000000 0.000000 166.011341 166.000986 166.011341 0.000000 0.000000 
0.000000 0.000000 166.027613 166.000000 166.027613 0.000000 0.000000 
