test/output/constant/M3M400_S060_A000_WD315.0_WS015.0/M3M400_S060_A000_WD315.0_WS015.0_ros.asc
ncols         44
nrows         19
xllcorner     422403.990666
yllcorner     12747155.311160
cellsize      100.000000
NODATA_value  0.000000
0.000000 0.000000 0.000000 0.000000 0.000000 0.000000 0.000000 0.000000 0.000000 0.000000 0.000000 0.000000 0.000000 0.000000 0.000000 0.000000 0.000000 0.000000 0.000000 0.000000 0.000000 0.000000 0.000000 0.000000 0.000000 0.000000 0.000000 0.000000 0.000000 0.000000 0.000000 0.000000 0.000000 0.000000 0.000000 0.000000 12.050106 12.050106 8.324304 12.050106 1.628824 0.000000 0.000000 0.000000 
0.000000 0.000000 0.000000 0.000000 0.000000 0.000000 0.000000 0.000000 0.000000 0.000000 0.000000 0.000000 0.000000 0.000000 0.000000 0.000000 0.000000 0.000000 0.000000 0.000000 0.000000 0.000000 0.000000 0.000000 0.000000 0.000000 0.000000 0.000000 0.000000 27.363409 21.710182 21.710182 21.710182 12.050106 12.050106 16.555075 27.363409 21.710182 21.710182 16.555075 27.363409 12.050106 1.628824 1.628824 
0.000000 0.000000 0.000000 0.000000 0.000000 0.000000 0.000000 0.000000 0.000000 0.000000 0.000000 0.000000 0.000000 0.000000 0.000000 0.000000 0.000000 0.000000 0.000000 0.000000 0.000000 0.000000 0.000000 0.000000 27.363409 21.710182 21.710182 21.710182 12.050106 12.050106 16.555075 27.363409 27.363409 27.363409 27.363409 21.710182 16.555075 33.346008 12.050106 33.346008 16.555075 73.615662 -1.000000 2.420548 
0.000000 0.000000 0.000000 0.000000 0.000000 0.000000 0.000000 0.000000 0.000000 0.000000 0.000000 0.000000 0.000000 0.000000 0.000000 0.000000 0.000000 0.000000 0.000000 0.000000 0.000000 12.050106 8.324304 27.363409 27.363409 33.346008 16.555075 27.363409 16.555075 8.324304 16.555075 16.555075 21.710182 21.710182 27.363409 27.363409 51.453171 27.363409 73.615662 73.615662 73.615662 73.615662 2.020247 1.757138 
0.000000 0.000000 0.000000 0.000000 0.000000 0.000000 0.000000 0.000000 0.000000 0.000000 0.000000 0.000000 0.000000 0.000000 0.000000 0.000000 0.000000 0.000000 33.346008 16.555075 27.363409 16.555075 27.363409 27.363409 27.363409 33.346008 27.363409 33.346008 21.710182 27.363409 16.555075 27.363409 27.363409 66.057365 27.363409 73.615662 73.615662 73.615662 73.615662 49.650249 1.757138 3.344083 2.020247 0.000000 
0.000000 0.000000 0.000000 0.000000 0.000000 0.000000 0.000000 0.000000 0.000000 0.000000 0.000000 0.000000 0.000000 0.000000 0.000000 27.363409 12.050106 16.555075 16.555075 16.555075 21.710182 27.363409 27.363409 39.478287 27.363409 21.710182 8.324304 16.555075 45.575394 27.363409 45.575394 51.453171 73.615662 73.615662 73.615662 73.615662 73.615662 72.925507 55.265377 7.561337 2.799337 2.420548 0.000000 0.000000 
0.000000 0.000000 0.000000 0.000000 0.000000 0.000000 0.000000 0.000000 0.000000 0.000000 0.000000 0.000000 0.000000 27.363409 27.363409 39.478287 8.324304 27.363409 33.346008 8.324304 33.346008 33.346008 45.575394 27.363409 27.363409 16.555075 51.453171 73.568703 73.615662 73.615662 73.615662 73.615662 73.615662 73.615662 60.371395 2.799337 2.020247 49.650249 3.344083 2.020247 3.344083 0.000000 0.000000 0.000000 
0.000000 0.000000 0.000000 0.000000 0.000000 0.000000 0.000000 0.000000 0.000000 0.000000 0.000000 33.346008 33.346008 27.363409 12.050106 39.478287 33.346008 27.363409 33.346008 12.050106 27.363409 16.555075 56.933849 56.933849 73.615662 39.478287 73.615662 73.615662 73.615662 73.615662 73.615662 73.615662 68.455231 64.813049 7.561337 49.650249 55.265377 2.020247 3.344083 2.020247 0.000000 0.000000 0.000000 0.000000 
0.000000 0.000000 0.000000 0.000000 0.000000 0.000000 0.000000 0.000000 0.000000 16.555075 33.346008 33.346008 27.363409 27.363409 27.363409 56.933849 27.363409 69.423935 66.057365 8.324304 27.363409 51.453171 51.453171 73.615662 73.615662 73.615662 73.615662 73.615662 73.615662 73.615662 5.015686 64.813049 55.265377 5.015686 3.344083 7.561337 5.015686 37.585484 0.000000 0.000000 0.000000 0.000000 0.000000 0.000000 
0.000000 0.000000 0.000000 0.000000 0.000000 0.000000 0.000000 27.363409 27.363409 33.346008 27.363409 45.575394 27.363409 33.346008 27.363409 39.478287 61.851547 8.324304 61.851547 66.057365 21.710182 73.615662 73.615662 73.615662 73.615662 73.615662 72.925507 64.813049 64.813049 3.344083 49.650249 49.650249 7.561337 2.020247 2.420548 7.561337 2.799337 0.000000 0.000000 0.000000 0.000000 0.000000 0.000000 0.000000 
0.000000 0.000000 0.000000 0.000000 0.000000 0.000000 27.363409 39.478287 12.050106 73.615662 12.050106 45.575394 39.478287 56.933849 12.050106 61.851547 61.851547 21.710182 73.615662 73.615662 73.615662 73.615662 73.615662 73.615662 71.187119 68.455231 55.265377 64.813049 49.650249 5.015686 2.020247 55.265377 55.265377 49.650249 5.015686 0.000000 0.000000 0.000000 0.000000 0.000000 0.000000 0.000000 0.000000 0.000000 
0.000000 0.000000 0.000000 0.000000 21.710182 27.363409 27.363409 21.710182 27.363409 27.363409 61.851547 21.710182 73.615662 21.710182 73.615662 73.615662 73.615662 73.615662 73.615662 73.615662 73.615662 73.615662 71.187119 7.561337 64.813049 49.650249 55.265377 55.265377 55.265377 55.265377 5.015686 2.420548 49.650249 0.000000 0.000000 0.000000 0.000000 0.000000 0.000000 0.000000 0.000000 0.000000 0.000000 0.000000 
0.000000 0.000000 0.000000 56.933849 51.453171 56.933849 27.363409 73.615662 56.933849 16.555075 27.363409 73.615662 73.615662 73.615662 73.615662 73.615662 73.615662 73.615662 73.400719 64.813049 2.020247 64.813049 60.371395 60.371395 55.265377 55.265377 5.015686 49.650249 49.650249 5.015686 2.799337 0.000000 0.000000 0.000000 0.000000 0.000000 0.000000 0.000000 0.000000 0.000000 0.000000 0.000000 0.000000 0.000000 
0.000000 0.000000 51.453171 45.575394 73.615662 73.615662 27.363409 27.363409 73.615662 73.615662 73.615662 73.615662 73.615662 73.615662 71.187119 73.400719 71.187119 73.615662 55.265377 64.813049 7.561337 49.650249 5.015686 55.265377 2.420548 5.015686 49.650249 5.015686 0.000000 0.000000 0.000000 0.000000 0.000000 0.000000 0.000000 0.000000 0.000000 0.000000 0.000000 0.000000 0.000000 0.000000 0.000000 0.000000 
0.000000 56.933849 27.363409 27.363409 39.478287 73.615662 73.615662 73.615662 73.615662 73.615662 73.615662 73.615662 73.615662 73.615662 68.455231 64.813049 68.455231 64.813049 64.813049 49.650249 49.650249 55.265377 7.561337 5.015686 49.650249 49.650249 0.000000 0.000000 0.000000 0.000000 0.000000 0.000000 0.000000 0.000000 0.000000 0.000000 0.000000 0.000000 0.000000 0.000000 0.000000 0.000000 0.000000 0.000000 
73.615662 27.363409 73.615662 73.615662 73.615662 73.615662 73.615662 73.615662 73.615662 73.615662 73.615662 73.615662 73.615662 68.455231 68.455231 3.344083 68.455231 2.799337 49.650249 49.650249 49.650249 49.650249 7.561337 0.000000 0.000000 0.000000 0.000000 0.000000 0.000000 0.000000 0.000000 0.000000 0.000000 0.000000 0.000000 0.000000 0.000000 0.000000 0.000000 0.000000 0.000000 0.000000 0.000000 0.000000 
73.615662 73.615662 73.615662 73.615662 73.615662 73.615662 73.615662 73.615662 73.615662 73.615662 64.813049 64.813049 64.813049 64.813049 5.015686 55.265377 7.561337 1.757138 49.650249 49.650249 0.000000 0.000000 0.000000 0.000000 0.000000 0.000000 0.000000 0.000000 0.000000 0.000000 0.000000 0.000000 0.000000 0.000000 0.000000 0.000000 0.000000 0.000000 0.000000 0.000000 0.000000 0.000000 0.000000 0.000000 
73.615662 73.615662 73.615662 73.615662 73.615662 73.615662 73.615662 73.615662 60.371395 68.455231 64.813049 64.813049 55.265377 64.813049 55.265377 7.561337 0.000000 0.000000 0.000000 0.000000 0.000000 0.000000 0.000000 0.000000 0.000000 0.000000 0.000000 0.000000 0.000000 0.000000 0.000000 0.000000 0.000000 0.000000 0.000000 0.000000 0.000000 0.000000 0.000000 0.000000 0.000000 0.000000 0.000000 0.000000 
0.000000 0.000000 73.615662 73.615662 73.615662 68.455231 68.455231 68.455231 5.015686 60.371395 64.813049 0.000000 0.000000 0.000000 0.000000 0.000000 0.000000 0.000000 0.000000 0.000000 0.000000 0.000000 0.000000 0.000000 0.000000 0.000000 0.000000 0.000000 0.000000 0.000000 0.000000 0.000000 0.000000 0.000000 0.000000 0.000000 0.000000 0.000000 0.000000 0.000000 0.000000 0.000000 0.000000 0.000000 
