test/output/constant/M3M400_S060_A090_WD000.0_WS040.0/M3M400_S060_A090_WD000.0_WS040.0_arrival.asc
ncols         9
nrows         69
xllcorner     426203.990666
yllcorner     12741955.311160
cellsize      100.000000
NODATA_value  0.000000
0.000000 0.000000 0.000000 0.000000 166.000000 0.000000 0.000000 0.000000 0.000000 
0.000000 0.000000 0.000000 166.013571 166.000493 166.013571 0.000000 0.000000 0.000000 
0.000000 0.000000 0.000000 166.007896 166.000987 166.007896 0.000000 0.000000 0.000000 
0.000000 0.000000 0.000000 166.006169 166.001727 166.006169 0.000000 0.000000 0.000000 
0.000000 0.000000 166.033557 166.005675 166.002221 166.005675 166.033557 0.000000 0.000000 
0.000000 0.000000 166.027882 166.005428 166.002961 166.005428 166.027882 0.000000 0.000000 
0.000000 0.000000 166.023687 166.005428 166.003454 166.005428 166.023687 0.000000 0.000000 
0.000000 0.000000 166.021713 166.005922 166.004195 166.005922 166.021713 0.000000 0.000000 
0.000000 0.000000 166.019986 166.006415 166.004688 166.006415 166.019986 0.000000 0.000000 
0.000000 0.000000 166.018506 166.006662 166.005428 166.006662 166.018506 0.000000 0.000000 
0.000000 166.040219 166.017519 166.007155 166.005922 166.007155 166.017519 166.040219 0.000000 
0.000000 166.037505 166.017025 166.007896 166.006662 166.007896 166.017025 166.037505 0.000000 
0.000000 166.035531 166.016532 166.008389 166.007155 166.008389 166.016532 166.035531 0.000000 
0.000000 166.033557 166.016285 166.008883 166.007896 166.008883 166.016285 166.033557 0.000000 
0.000000 166.032076 166.016038 166.009623 166.008389 166.009623 166.016038 166.032076 0.000000 
0.000000 166.030843 166.016038 166.010116 166.009129 166.010116 166.016038 166.030843 0.000000 
0.000000 166.029609 166.016038 166.010610 166.009623 166.010610 166.016038 166.029609 0.000000 
0.000000 166.028869 166.016285 166.011350 166.010363 166.011350 166.016285 166.028869 0.000000 
0.000000 166.028375 166.016532 166.011844 166.010857 166.011844 166.016532 166.028375 0.000000 
0.000000 166.027882 166.017025 166.012584 166.011597 166.012584 166.017025 166.027882 0.000000 
0.000000 166.027388 166.017272 166.013077 166.012090 166.013077 166.017272 166.027388 0.000000 
0.000000 166.027141 166.017765 166.013817 166.012830 166.013817 166.017765 166.027141 0.000000 
0.000000 166.026895 166.018259 166.014311 166.013324 166.014311 166.018259 166.026895 0.000000 
166.040959 166.026648 166.018752 166.014804 166.014064 166.014804 166.018752 166.026648 166.040959 
166.040219 166.026648 166.018999 166.015545 166.014558 166.015545 166.018999 166.026648 166.040219 
166.039725 166.026401 166.019492 166.016038 166.015298 166.016038 166.019492 166.026401 166.039725 
166.039232 166.026401 166.019986 166.016778 166.015791 166.016778 166.019986 166.026401 166.039232 
166.038738 166.026648 166.020479 166.017272 166.016532 166.017272 166.020479 166.026648 166.038738 
166.038491 166.026895 166.020726 166.018012 166.017025 166.018012 166.020726 166.026895 166.038491 
166.038245 166.027141 166.021220 166.018506 166.017765 166.018506 166.021220 166.027141 166.038245 
166.037751 166.027635 166.021960 166.019246 166.018259 166.019246 166.021960 166.027635 166.037751 
166.037751 166.028128 166.022453 166.019739 166.018999 166.019739 166.022453 166.028128 166.037751 
166.037505 166.028375 166.022947 166.020479 166.019492 166.020479 166.022947 166.028375 166.037505 
166.037258 166.028869 166.023440 166.020973 166.020233 166.020973 166.023440 166.028869 166.037258 
166.037258 166.029362 166.023934 166.021466 166.020726 166.021466 166.023934 166.029362 166.037258 
166.037011 166.029609 166.024674 166.022207 166.021466 166.022207 166.024674 166.029609 166.037011 
166.037011 166.030102 166.025168 166.022700 166.021960 166.022700 166.025168 166.030102 166.037011 
166.037011 166.030596 166.025661 166.023440 166.022700 166.023440 166.025661 166.030596 166.037011 
166.037258 166.030843 166.026401 166.023934 166.023194 166.023934 166.026401 166.030843 166.037258 
166.037505 166.031336 166.026895 166.024674 166.023934 166.024674 166.026895 166.031336 166.037505 
166.037998 166.031829 166.027635 166.025168 166.024427 166.025168 166.027635 166.031829 166.037998 
166.038245 166.032076 166.028128 166.025908 166.025168 166.025908 166.028128 166.032076 166.038245 
166.038738 166.032570 166.028622 166.026401 166.025661 166.026401 166.028622 166.032570 166.038738 
166.038985 166.033063 166.029362 166.027141 166.026401 166.027141 166.029362 166.033063 166.038985 
166.039478 166.033557 166.029856 166.027635 166.026895 166.027635 166.029856 166.033557 166.039478 
166.039972 166.034050 166.030349 166.028128 166.027635 166.028128 166.030349 166.034050 166.039972 
166.040219 166.034544 166.031089 166.028869 166.028128 166.028869 166.031089 166.034544 166.040219 
166.040712 166.034790 166.031583 166.029362 166.028869 166.029362 166.031583 166.034790 166.040712 
166.041206 166.035284 166.032076 166.030102 166.029362 166.030102 166.032076 166.035284 166.041206 
166.041452 166.036024 166.032816 166.030596 166.030102 166.030596 166.032816 166.036024 166.041452 
0.000000 166.036518 166.033310 166.031336 166.030596 166.031336 166.033310 166.036518 0.000000 
0.000000 166.037011 166.033803 166.031829 166.031336 166.031829 166.033803 166.037011 0.000000 
0.000000 166.037505 166.034544 166.032570 166.031829 166.032570 166.034544 166.037505 0.000000 
0.000000 166.037998 166.035037 166.033063 166.032570 166.033063 166.035037 166.037998 0.000000 
0.000000 166.038491 166.035531 166.033803 166.033063 166.033803 166.035531 166.038491 0.000000 
0.000000 166.039232 166.036271 166.034297 166.033803 166.034297 166.036271 166.039232 0.000000 
0.000000 166.039725 166.036764 166.034790 166.034297 166.034790 166.036764 166.039725 0.000000 
0.000000 166.040219 166.037258 166.035531 166.035037 166.035531 166.037258 166.040219 0.000000 
0.000000 166.040959 166.037998 166.036024 166.035531 166.036024 166.037998 166.040959 0.000000 
0.000000 166.041452 166.038491 166.036764 166.036271 166.036764 166.038491 166.041452 0.000000 
0.000000 0.000000 166.039232 166.037258 166.036764 166.037258 166.039232 0.000000 0.000000 
0.000000 0.000000 166.039725 166.037998 166.037505 166.037998 166.039725 0.000000 0.000000 
0.000000 0.000000 166.040465 166.038491 166.037998 166.038491 166.040465 0.000000 0.000000 
0.000000 0.000000 166.040959 166.039232 166.038738 166.039232 166.040959 0.000000 0.000000 
0.000000 0.000000 166.041452 166.039725 166.039232 166.039725 166.041452 0.000000 0.000000 
0.000000 0.000000 0.000000 166.040465 166.039972 166.040465 0.000000 0.000000 0.000000 
0.000000 0.000000 0.000000 166.040959 166.040465 166.040959 0.000000 0.000000 0.000000 
0.000000 0.000000 0.000000 166.041667 166.041206 166.041667 0.000000 0.000000 0.000000 
0.000000 0.000000 0.000000 0.000000 166.041667 0.000000 0.000000 0.000000 0.000000 
