test/output/constant/M370_S060_A000_WD225.0_WS020.0/M370_S060_A000_WD225.0_WS020.0_arrival.asc
ncols         24
nrows         16
xllcorner     424403.990666
yllcorner     12748655.311160
cellsize      100.000000
NODATA_value  0.000000
166.041667 166.041282 166.040666 166.040666 166.041282 0.000000 0.000000 0.000000 0.000000 0.000000 0.000000 0.000000 0.000000 0.000000 0.000000 0.000000 0.000000 0.000000 0.000000 0.000000 0.000000 0.000000 0.000000 0.000000 
166.040666 166.039434 166.038201 166.037585 166.037585 166.038201 166.038817 166.040050 0.000000 0.000000 0.000000 0.000000 0.000000 0.000000 0.000000 0.000000 0.000000 0.000000 0.000000 0.000000 0.000000 0.000000 0.000000 0.000000 
166.040666 166.038817 166.036969 166.035737 166.035120 166.035120 166.035120 166.035120 166.036353 166.038817 166.041282 0.000000 0.000000 0.000000 0.000000 0.000000 0.000000 0.000000 0.000000 0.000000 0.000000 0.000000 0.000000 0.000000 
166.040666 166.038817 166.036969 166.035120 166.033272 166.032040 166.032040 166.032040 166.032040 166.032656 166.035120 166.037585 166.041282 0.000000 0.000000 0.000000 0.000000 0.000000 0.000000 0.000000 0.000000 0.000000 0.000000 0.000000 
0.000000 166.039434 166.036969 166.035120 166.033272 166.031424 166.029575 166.028959 166.028959 166.028959 166.029575 166.031424 166.033888 166.037585 0.000000 0.000000 0.000000 0.000000 0.000000 0.000000 0.000000 0.000000 0.000000 0.000000 
0.000000 166.041282 166.038201 166.035737 166.033272 166.031424 166.029575 166.027727 166.026494 166.025878 166.025878 166.026494 166.027727 166.030191 166.033272 166.039434 0.000000 0.000000 0.000000 0.000000 0.000000 0.000000 0.000000 0.000000 
0.000000 0.000000 166.041282 166.037585 166.034504 166.031424 166.029575 166.027111 166.025262 166.024030 166.022798 166.022798 166.022798 166.024030 166.025878 166.029575 166.035737 0.000000 0.000000 0.000000 0.000000 0.000000 0.000000 0.000000 
0.000000 0.000000 0.000000 166.041282 166.037585 166.033888 166.030807 166.027727 166.025262 166.023414 166.021565 166.020333 166.019717 166.019717 166.020333 166.022181 166.025878 166.032040 166.041282 0.000000 0.000000 0.000000 0.000000 0.000000 
0.000000 0.000000 0.000000 0.000000 166.041667 166.037585 166.033888 166.030191 166.027111 166.024030 166.021565 166.019717 166.017868 166.017252 166.016636 166.017252 166.018484 166.022181 166.028343 166.038201 0.000000 0.000000 0.000000 0.000000 
0.000000 0.000000 0.000000 0.000000 0.000000 0.000000 166.038817 166.033888 166.030191 166.026494 166.022798 166.020333 166.017868 166.016020 166.014788 166.013555 166.013555 166.014788 166.017868 166.024646 166.036353 0.000000 0.000000 0.000000 
0.000000 0.000000 0.000000 0.000000 0.000000 0.000000 0.000000 166.040050 166.035120 166.030807 166.026494 166.022798 166.019101 166.016636 166.014171 166.012323 166.011091 166.011091 166.011091 166.014171 166.021565 166.035120 0.000000 0.000000 
0.000000 0.000000 0.000000 0.000000 0.000000 0.000000 0.000000 0.000000 0.000000 166.037585 166.032040 166.027727 166.022798 166.019101 166.015404 166.012323 166.010475 166.008626 166.008010 166.008010 166.009858 166.019101 166.035737 0.000000 
0.000000 0.000000 0.000000 0.000000 0.000000 0.000000 0.000000 0.000000 0.000000 0.000000 166.040666 166.035120 166.029575 166.024646 166.019717 166.015404 166.011707 166.008626 166.006778 166.004929 166.004929 166.006161 166.017868 0.000000 
0.000000 0.000000 0.000000 0.000000 0.000000 0.000000 0.000000 0.000000 0.000000 0.000000 0.000000 0.000000 166.040050 166.033888 166.028343 166.022181 166.017252 166.012323 166.008010 166.004929 166.003081 166.001848 166.002465 166.027111 
0.000000 0.000000 0.000000 0.000000 0.000000 0.000000 0.000000 0.000000 0.000000 0.000000 0.000000 0.000000 0.000000 0.000000 166.040666 166.034504 166.028343 166.022181 166.015404 166.009858 166.004313 166.001232 166.000000 166.020333 
0.000000 0.000000 0.000000 0.000000 0.000000 0.000000 0.000000 0.000000 0.000000 0.000000 0.000000 0.000000 0.000000 0.000000 0.000000 0.000000 0.000000 0.000000 166.036353 166.030807 166.024646 166.021565 166.020333 166.032656 
