test/output/constant/M1M295_S060_A270_WD180.0_WS050.0/M1M295_S060_A270_WD180.0_WS050.0_arrival.asc
ncols         7
nrows         44
xllcorner     426303.990666
yllcorner     12748755.311160
cellsize      100.000000
NODATA_value  0.000000
0.000000 0.000000 0.000000 166.041667 0.000000 0.000000 0.000000 
0.000000 0.000000 166.041667 166.040604 166.041667 0.000000 0.000000 
0.000000 0.000000 166.040995 166.039824 166.040995 0.000000 0.000000 
0.000000 0.000000 166.039824 166.038652 166.039824 0.000000 0.000000 
0.000000 0.000000 166.039043 166.037871 166.039043 0.000000 0.000000 
0.000000 166.041667 166.037871 166.036700 166.037871 166.041667 0.000000 
0.000000 166.040604 166.037091 166.035919 166.037091 166.040604 0.000000 
0.000000 166.039824 166.035919 166.034748 166.035919 166.039824 0.000000 
0.000000 166.039043 166.035138 166.033967 166.035138 166.039043 0.000000 
0.000000 166.037871 166.033967 166.032796 166.033967 166.037871 0.000000 
0.000000 166.037091 166.033186 166.032015 166.033186 166.037091 0.000000 
0.000000 166.036310 166.032015 166.030844 166.032015 166.036310 0.000000 
0.000000 166.035138 166.031234 166.030063 166.031234 166.035138 0.000000 
0.000000 166.034358 166.030453 166.028892 166.030453 166.034358 0.000000 
0.000000 166.033577 166.029282 166.028111 166.029282 166.033577 0.000000 
0.000000 166.032796 166.028501 166.026939 166.028501 166.032796 0.000000 
166.041667 166.032015 166.027330 166.026159 166.027330 166.032015 166.041667 
166.041667 166.031234 166.026549 166.024987 166.026549 166.031234 166.041667 
166.041385 166.030844 166.025378 166.024206 166.025378 166.030844 166.041385 
166.041667 166.030063 166.024597 166.023035 166.024597 166.030063 166.041667 
166.041667 166.029282 166.023426 166.022254 166.023426 166.029282 166.041667 
0.000000 166.028501 166.022645 166.021083 166.022645 166.028501 0.000000 
0.000000 166.028111 166.021864 166.020302 166.021864 166.028111 0.000000 
0.000000 166.027330 166.020693 166.019131 166.020693 166.027330 0.000000 
0.000000 166.026549 166.019912 166.018350 166.019912 166.026549 0.000000 
0.000000 166.026159 166.018741 166.017179 166.018741 166.026159 0.000000 
0.000000 166.025378 166.017960 166.016398 166.017960 166.025378 0.000000 
0.000000 166.024987 166.016788 166.015227 166.016788 166.024987 0.000000 
0.000000 166.024987 166.016008 166.014446 166.016008 166.024987 0.000000 
0.000000 166.024987 166.015227 166.013275 166.015227 166.024987 0.000000 
0.000000 166.025378 166.014055 166.012494 166.014055 166.025378 0.000000 
0.000000 166.025768 166.013275 166.011322 166.013275 166.025768 0.000000 
0.000000 166.026549 166.012103 166.010542 166.012103 166.026549 0.000000 
0.000000 166.026939 166.011322 166.009370 166.011322 166.026939 0.000000 
0.000000 166.028892 166.010542 166.008589 166.010542 166.028892 0.000000 
0.000000 166.030453 166.010151 166.007418 166.010151 166.030453 0.000000 
0.000000 166.033577 166.009370 166.006637 166.009370 166.033577 0.000000 
0.000000 166.037091 166.008589 166.005466 166.008589 166.037091 0.000000 
0.000000 0.000000 166.008589 166.004685 166.008589 0.000000 0.000000 
0.000000 0.000000 166.008589 166.003514 166.008589 0.000000 0.000000 
0.000000 0.000000 166.009761 166.002733 166.009761 0.000000 0.000000 
0.000000 0.000000 166.012103 166.001562 166.012103 0.000000 0.000000 
0.000000 0.000000 166.020302 166.000781 166.020302 0.000000 0.000000 
0.000000 0.000000 0.000000 166.000000 0.000000 0.000000 0.000000 
