test/output/constant/M385_S060_A000_WD315.0_WS015.0/M385_S060_A000_WD315.0_WS015.0_arrival.asc
ncols         36
nrows         16
xllcorner     423203.990666
yllcorner     12747355.311160
cellsize      100.000000
NODATA_value  0.000000
0.000000 0.000000 0.000000 0.000000 0.000000 0.000000 0.000000 0.000000 0.000000 0.000000 0.000000 0.000000 0.000000 0.000000 0.000000 0.000000 0.000000 0.000000 0.000000 0.000000 0.000000 0.000000 0.000000 0.000000 166.040334 166.037162 166.033990 166.030817 166.027645 166.024472 166.021753 166.019487 166.017221 166.016315 166.017675 166.032177 
0.000000 0.000000 0.000000 0.000000 0.000000 0.000000 0.000000 0.000000 0.000000 0.000000 0.000000 0.000000 0.000000 0.000000 0.000000 0.000000 0.000000 0.000000 0.000000 166.040787 166.037615 166.034443 166.031724 166.028551 166.025379 166.022206 166.019034 166.015862 166.012689 166.009970 166.006798 166.004079 166.002266 166.000906 166.000000 166.021300 
0.000000 0.000000 0.000000 0.000000 0.000000 0.000000 0.000000 0.000000 0.000000 0.000000 0.000000 0.000000 0.000000 0.000000 0.000000 0.000000 166.041241 166.038068 166.034896 166.032177 166.029004 166.026285 166.023113 166.020394 166.017675 166.014955 166.012236 166.009970 166.007704 166.005892 166.004532 166.003172 166.002266 166.001813 166.003626 166.029004 
0.000000 0.000000 0.000000 0.000000 0.000000 0.000000 0.000000 0.000000 0.000000 0.000000 0.000000 0.000000 0.000000 0.000000 166.039428 166.036256 166.033536 166.030817 166.028098 166.025379 166.022660 166.020394 166.017675 166.015409 166.013143 166.011330 166.009517 166.008157 166.006798 166.005892 166.004985 166.004985 166.005438 166.010423 166.023566 0.000000 
0.000000 0.000000 0.000000 0.000000 0.000000 0.000000 0.000000 0.000000 0.000000 0.000000 0.000000 166.041241 166.038521 166.035802 166.033536 166.030817 166.028098 166.025379 166.023113 166.020847 166.018581 166.016768 166.014955 166.013143 166.011783 166.010877 166.009517 166.008157 166.007704 166.008157 166.008611 166.010877 166.017221 166.028551 0.000000 0.000000 
0.000000 0.000000 0.000000 0.000000 0.000000 0.000000 0.000000 0.000000 0.000000 166.041241 166.038521 166.036256 166.033536 166.031270 166.029004 166.026738 166.024019 166.022206 166.020394 166.018581 166.016768 166.015409 166.014502 166.013143 166.011783 166.011330 166.010877 166.010877 166.011330 166.013143 166.016768 166.023113 166.033990 0.000000 0.000000 0.000000 
0.000000 0.000000 0.000000 0.000000 0.000000 0.000000 0.000000 166.041241 166.038975 166.036709 166.034443 166.032177 166.029911 166.027645 166.025832 166.024019 166.022206 166.020847 166.019487 166.018128 166.016768 166.015862 166.014502 166.014049 166.014049 166.014049 166.014502 166.015862 166.018581 166.023113 166.029458 166.039881 0.000000 0.000000 0.000000 0.000000 
0.000000 0.000000 0.000000 0.000000 0.000000 0.000000 166.039881 166.037615 166.035349 166.033536 166.031270 166.029458 166.027645 166.025832 166.024472 166.023113 166.021753 166.020394 166.019487 166.018128 166.017675 166.017221 166.017221 166.017221 166.017675 166.018581 166.020847 166.024019 166.029458 166.036256 0.000000 0.000000 0.000000 0.000000 0.000000 0.000000 
0.000000 0.000000 0.000000 0.000000 166.041241 166.038975 166.037162 166.034896 166.033083 166.031270 166.029911 166.028098 166.026738 166.025379 166.024472 166.023113 166.022206 166.020847 166.020394 166.019941 166.019941 166.020394 166.020847 166.021753 166.023566 166.026285 166.030364 166.035802 0.000000 0.000000 0.000000 0.000000 0.000000 0.000000 0.000000 0.000000 
0.000000 0.000000 0.000000 166.040334 166.038521 166.036709 166.034896 166.033536 166.031724 166.030364 166.029004 166.028098 166.026738 166.025832 166.024472 166.024019 166.023566 166.023113 166.023113 166.023566 166.024019 166.024926 166.026285 166.028551 166.031724 166.036256 0.000000 0.000000 0.000000 0.000000 0.000000 0.000000 0.000000 0.000000 0.000000 0.000000 
0.000000 0.000000 166.040334 166.038975 166.037162 166.035802 166.033990 166.033083 166.031724 166.030364 166.029458 166.028098 166.027192 166.026738 166.026285 166.026285 166.026285 166.026285 166.026738 166.027645 166.029004 166.031270 166.033990 166.037615 0.000000 0.000000 0.000000 0.000000 0.000000 0.000000 0.000000 0.000000 0.000000 0.000000 0.000000 0.000000 
0.000000 166.040787 166.039428 166.038068 166.036709 166.035349 166.033990 166.033083 166.031724 166.030817 166.030364 166.029911 166.029458 166.029458 166.029458 166.029458 166.029911 166.030817 166.032177 166.033990 166.036256 166.038975 0.000000 0.000000 0.000000 0.000000 0.000000 0.000000 0.000000 0.000000 0.000000 0.000000 0.000000 0.000000 0.000000 0.000000 
166.041667 166.040334 166.038975 166.038068 166.036709 166.035802 166.034443 166.033536 166.033083 166.032630 166.032177 166.032177 166.032630 166.032630 166.033083 166.033990 166.034896 166.036709 166.038975 166.041667 0.000000 0.000000 0.000000 0.000000 0.000000 0.000000 0.000000 0.000000 0.000000 0.000000 0.000000 0.000000 0.000000 0.000000 0.000000 0.000000 
166.041667 166.040334 166.038975 166.038068 166.037162 166.036709 166.036256 166.035802 166.035349 166.035349 166.035349 166.035802 166.036256 166.037162 166.038068 166.039428 166.041241 0.000000 0.000000 0.000000 0.000000 0.000000 0.000000 0.000000 0.000000 0.000000 0.000000 0.000000 0.000000 0.000000 0.000000 0.000000 0.000000 0.000000 0.000000 0.000000 
166.041667 166.040787 166.039881 166.039428 166.038975 166.038521 166.038521 166.038521 166.038521 166.038975 166.039428 166.039881 166.041241 0.000000 0.000000 0.000000 0.000000 0.000000 0.000000 0.000000 0.000000 0.000000 0.000000 0.000000 0.000000 0.000000 0.000000 0.000000 0.000000 0.000000 0.000000 0.000000 0.000000 0.000000 0.000000 0.000000 
0.000000 0.000000 0.000000 166.041667 166.041241 166.041667 166.041667 0.000000 0.000000 0.000000 0.000000 0.000000 0.000000 0.000000 0.000000 0.000000 0.000000 0.000000 0.000000 0.000000 0.000000 0.000000 0.000000 0.000000 0.000000 0.000000 0.000000 0.000000 0.000000 0.000000 0.000000 0.000000 0.000000 0.000000 0.000000 0.000000 
