test/output/constant/M385_S060_A000_WD315.0_WS015.0/M385_S060_A000_WD315.0_WS015.0_raz.asc
ncols         36
nrows         16
xllcorner     423203.990666
yllcorner     12747355.311160
cellsize      100.000000
NODATA_value  0.000000
0 0 0 0 0 0 0 0 0 0 0 0 0 0 0 0 0 0 0 0 0 0 0 0 275 281 281 281 271 271 281 281 281 281 44 44 
0 0 0 0 0 0 0 0 0 0 0 0 0 0 0 0 0 0 0 271 268 268 275 275 288 281 281 281 268 281 268 265 268 249 65535 94 
0 0 0 0 0 0 0 0 0 0 0 0 0 0 0 0 275 281 271 275 281 271 281 281 275 288 268 275 288 262 249 249 249 249 164 140 
0 0 0 0 0 0 0 0 0 0 0 0 0 0 281 268 268 268 271 268 271 275 268 271 254 251 260 249 249 249 249 240 240 140 186 0 
0 0 0 0 0 0 0 0 0 0 0 268 262 268 271 281 268 265 262 268 260 268 268 258 249 249 249 249 246 186 186 140 169 164 0 0 
0 0 0 0 0 0 0 0 0 268 268 275 268 281 275 281 255 252 265 254 255 250 249 249 250 249 249 245 240 200 186 186 140 0 0 0 
0 0 0 0 0 0 0 265 268 268 271 271 268 252 268 255 268 271 271 249 249 249 247 249 236 246 240 240 169 140 186 140 0 0 0 0 
0 0 0 0 0 0 268 271 260 275 254 268 265 254 262 249 249 249 249 249 249 249 245 245 240 240 186 240 200 169 0 0 0 0 0 0 
0 0 0 0 271 271 281 254 251 268 271 251 249 249 249 249 249 249 249 246 246 200 169 210 164 140 140 240 0 0 0 0 0 0 0 0 
0 0 0 254 260 262 260 271 257 249 249 249 249 249 249 249 249 249 247 169 186 210 200 186 200 240 0 0 0 0 0 0 0 0 0 0 
0 0 262 271 260 288 249 257 249 249 249 249 249 249 249 246 246 242 240 240 240 140 94 169 0 0 0 0 0 0 0 0 0 0 0 0 
0 250 271 257 257 249 249 249 249 249 249 249 249 245 245 245 240 240 240 186 186 240 0 0 0 0 0 0 0 0 0 0 0 0 0 0 
265 262 249 249 249 249 249 249 249 249 249 245 242 246 240 240 240 140 140 200 0 0 0 0 0 0 0 0 0 0 0 0 0 0 0 0 
249 249 249 249 249 249 249 249 249 246 247 245 240 186 240 240 240 0 0 0 0 0 0 0 0 0 0 0 0 0 0 0 0 0 0 0 
249 249 249 249 249 249 243 245 246 200 186 240 240 0 0 0 0 0 0 0 0 0 0 0 0 0 0 0 0 0 0 0 0 0 0 0 
0 0 0 249 247 200 242 0 0 0 0 0 0 0 0 0 0 0 0 0 0 0 0 0 0 0 0 0 0 0 0 0 0 0 0 0 
