test/output/constant/M390_S060_A180_WD045.0_WS040.0/M390_S060_A180_WD045.0_WS040.0_intensity.asc
ncols         16
nrows         33
xllcorner     426503.990666
yllcorner     12745655.311160
cellsize      100.000000
NODATA_value  0.000000
1476 1368 2798 0 0 0 0 0 0 0 0 0 0 0 0 0 
1476 0 2798 2798 2798 0 0 0 0 0 0 0 0 0 0 0 
5106 51109 50453 37879 2798 3977 0 0 0 0 0 0 0 0 0 0 
12959 51109 51109 47140 3977 2798 0 0 0 0 0 0 0 0 0 0 
9813 48596 51109 51109 41428 3977 1857 0 0 0 0 0 0 0 0 0 
20409 9813 51109 51109 41428 41428 2581 2798 0 0 0 0 0 0 0 0 
24496 28662 51109 51109 41428 1857 2391 37879 0 0 0 0 0 0 0 0 
24496 28662 48596 51109 51109 50453 37879 37879 1368 0 0 0 0 0 0 0 
24496 5106 46417 51109 51109 41428 51072 2581 2391 0 0 0 0 0 0 0 
24496 9813 46417 51109 51109 51109 51109 2581 37879 37879 0 0 0 0 0 0 
0 12959 46417 51109 51109 51109 41428 51109 37879 41428 0 0 0 0 0 0 
0 12959 9813 51109 51109 51109 51072 50453 50453 2798 37879 0 0 0 0 0 
0 16525 43656 12959 50126 51109 51109 44547 49129 41428 37879 0 0 0 0 0 
0 12959 12959 46417 9813 51109 51109 51109 50453 41428 44547 41428 0 0 0 0 
0 0 16525 43656 51109 51109 50961 51109 41428 51109 44547 2798 0 0 0 0 
0 0 20409 43656 48596 51109 51109 51109 50453 51109 51109 37879 41428 0 0 0 
0 0 36733 46417 50126 50126 51109 51109 51109 41428 50453 49129 41428 0 0 0 
0 0 0 48596 48596 9813 51109 51109 51109 51072 51109 37879 44547 0 0 0 
0 0 0 40395 7175 46417 51109 51109 51109 51072 51109 51109 41428 41428 0 0 
0 0 0 7175 48596 51109 51109 51109 51109 51109 51072 51072 51109 41428 0 0 
0 0 0 0 36733 40395 46417 46417 51109 51109 51109 51109 50453 51109 0 0 
0 0 0 0 43656 50126 7175 50961 51109 51109 51109 51109 51109 50453 41428 0 
0 0 0 0 0 43656 51109 43656 51109 50961 51109 51109 41428 51109 50453 0 
0 0 0 0 0 50126 50126 51109 51109 51109 49129 51109 41428 51109 51109 0 
0 0 0 0 0 0 43656 50126 51109 51109 51109 51109 51072 21648 51109 0 
0 0 0 0 0 0 51109 51109 43656 51109 51109 51109 51109 47140 51109 51109 
0 0 0 0 0 0 0 51109 46417 51109 51109 51109 51109 51109 49129 51109 
0 0 0 0 0 0 0 0 51109 46417 51109 51109 51109 51109 51072 51109 
0 0 0 0 0 0 0 0 48596 51109 51109 51109 51109 51109 49129 47140 
0 0 0 0 0 0 0 0 0 51109 51109 51109 49129 51109 51109 51109 
0 0 0 0 0 0 0 0 0 0 51109 51109 51109 51109 51109 51072 
0 0 0 0 0 0 0 0 0 0 0 51109 51109 51109 51109 51109 
0 0 0 0 0 0 0 0 0 0 0 0 51109 50961 51109 0 
