test/output/constant/M390_S060_A180_WD045.0_WS040.0/M390_S060_A180_WD045.0_WS040.0_raz.asc
ncols         16
nrows         33
xllcorner     426503.990666
yllcorner     12745655.311160
cellsize      100.000000
NODATA_value  0.000000
312 2 77 0 0 0 0 0 0 0 0 0 0 0 0 0 
312 65535 77 77 77 0 0 0 0 0 0 0 0 0 0 0 
207 157 155 148 77 94 0 0 0 0 0 0 0 0 0 0 
184 157 157 153 94 77 0 0 0 0 0 0 0 0 0 0 
189 161 157 157 150 94 49 0 0 0 0 0 0 0 0 0 
176 189 157 157 150 150 72 77 0 0 0 0 0 0 0 0 
173 171 157 157 150 49 67 148 0 0 0 0 0 0 0 0 
173 171 161 157 157 155 148 148 2 0 0 0 0 0 0 0 
173 207 162 157 157 150 157 72 67 0 0 0 0 0 0 0 
173 189 162 157 157 157 157 72 148 148 0 0 0 0 0 0 
0 184 162 157 157 157 150 157 148 150 0 0 0 0 0 0 
0 184 189 157 157 157 157 155 155 77 148 0 0 0 0 0 
0 179 163 184 159 157 157 151 154 150 148 0 0 0 0 0 
0 184 184 162 189 157 157 157 155 150 151 150 0 0 0 0 
0 0 179 163 157 157 158 157 150 157 151 77 0 0 0 0 
0 0 176 163 161 157 157 157 155 157 157 148 150 0 0 0 
0 0 167 162 159 159 157 157 157 150 155 154 150 0 0 0 
0 0 0 161 161 189 157 157 157 157 157 148 151 0 0 0 
0 0 0 165 197 162 157 157 157 157 157 157 150 150 0 0 
0 0 0 197 161 157 157 157 157 157 157 157 157 150 0 0 
0 0 0 0 167 165 162 162 157 157 157 157 155 157 0 0 
0 0 0 0 163 159 197 158 157 157 157 157 157 155 150 0 
0 0 0 0 0 163 157 163 157 158 157 157 150 157 155 0 
0 0 0 0 0 159 159 157 157 157 154 157 150 157 157 0 
0 0 0 0 0 0 163 159 157 157 157 157 157 139 157 0 
0 0 0 0 0 0 157 157 163 157 157 157 157 153 157 157 
0 0 0 0 0 0 0 157 162 157 157 157 157 157 154 157 
0 0 0 0 0 0 0 0 157 162 157 157 157 157 157 157 
0 0 0 0 0 0 0 0 161 157 157 157 157 157 154 153 
0 0 0 0 0 0 0 0 0 157 157 157 154 157 157 157 
0 0 0 0 0 0 0 0 0 0 157 157 157 157 157 157 
0 0 0 0 0 0 0 0 0 0 0 157 157 157 157 157 
0 0 0 0 0 0 0 0 0 0 0 0 157 158 157 0 
