test/output/constant/C1_S060_A180_WD270.0_WS035.0/C1_S060_A180_WD270.0_WS035.0_arrival.asc
ncols         37
nrows         7
xllcorner     426603.990666
yllcorner     12748455.311160
cellsize      100.000000
NODATA_value  0.000000
0.000000 0.000000 0.000000 0.000000 0.000000 0.000000 0.000000 0.000000 0.000000 166.041200 166.037959 166.037033 166.036107 166.035645 166.034719 166.034256 166.034256 166.034256 166.034256 166.034256 166.035182 166.035645 166.036570 166.037033 166.037959 166.038885 166.039348 166.040274 166.041200 0.000000 0.000000 0.000000 0.000000 0.000000 0.000000 0.000000 0.000000 
0.000000 0.000000 0.000000 166.036570 166.029627 166.025460 166.022683 166.021757 166.021294 166.020831 166.020831 166.020831 166.020831 166.021757 166.022683 166.023146 166.024072 166.024997 166.025923 166.026386 166.027312 166.028238 166.029164 166.030552 166.031478 166.032404 166.033330 166.034719 166.035645 166.036570 166.037959 166.038885 166.039811 166.041200 0.000000 0.000000 0.000000 
0.000000 166.010647 166.007870 166.006944 166.006944 166.007870 166.008332 166.009258 166.010184 166.011573 166.012499 166.013425 166.014350 166.015739 166.016665 166.018054 166.018980 166.020368 166.021294 166.022683 166.023609 166.024997 166.025923 166.027312 166.028238 166.029627 166.030552 166.031941 166.032867 166.034256 166.035182 166.036107 166.037496 166.038422 166.039811 166.040737 0.000000 
166.000000 166.000926 166.001852 166.003240 166.004166 166.005555 166.006481 166.007870 166.008795 166.010184 166.011110 166.012499 166.013425 166.014813 166.015739 166.017128 166.018054 166.019442 166.020368 166.021757 166.022683 166.024072 166.024997 166.026386 166.027312 166.028701 166.029627 166.031015 166.031941 166.033330 166.034256 166.035645 166.036570 166.037959 166.038885 166.040274 166.041200 
0.000000 166.010647 166.007870 166.006944 166.006944 166.007870 166.008332 166.009258 166.010184 166.011573 166.012499 166.013425 166.014350 166.015739 166.016665 166.018054 166.018980 166.020368 166.021294 166.022683 166.023609 166.024997 166.025923 166.027312 166.028238 166.029627 166.030552 166.031941 166.032867 166.034256 166.035182 166.036107 166.037496 166.038422 166.039811 166.040737 0.000000 
0.000000 0.000000 0.000000 166.036570 166.029627 166.025460 166.022683 166.021757 166.021294 166.020831 166.020831 166.020831 166.020831 166.021757 166.022683 166.023146 166.024072 166.024997 166.025923 166.026386 166.027312 166.028238 166.029164 166.030552 166.031478 166.032404 166.033330 166.034719 166.035645 166.036570 166.037959 166.038885 166.039811 166.041200 0.000000 0.000000 0.000000 
0.000000 0.000000 0.000000 0.000000 0.000000 0.000000 0.000000 0.000000 0.000000 166.041200 166.037959 166.037033 166.036107 166.035645 166.034719 166.034256 166.034256 166.034256 166.034256 166.034256 166.035182 166.035645 166.036570 166.037033 166.037959 166.038885 166.039348 166.040274 166.041200 0.000000 0.000000 0.000000 0.000000 0.000000 0.000000 0.000000 0.000000 
