test/output/constant/M285_S060_A270_WD180.0_WS025.0/M285_S060_A270_WD180.0_WS025.0_arrival.asc
ncols         7
nrows         36
xllcorner     426303.990666
yllcorner     12748755.311160
cellsize      100.000000
NODATA_value  0.000000
0.000000 0.000000 0.000000 166.041348 0.000000 0.000000 0.000000 
0.000000 0.000000 166.040873 166.039922 166.040873 0.000000 0.000000 
0.000000 0.000000 166.039922 166.038972 166.039922 0.000000 0.000000 
0.000000 0.000000 166.038497 166.037546 166.038497 0.000000 0.000000 
0.000000 166.040873 166.037546 166.036595 166.037546 166.040873 0.000000 
0.000000 166.039922 166.036120 166.035170 166.036120 166.039922 0.000000 
0.000000 166.038972 166.035170 166.034219 166.035170 166.038972 0.000000 
0.000000 166.037546 166.033744 166.032793 166.033744 166.037546 0.000000 
0.000000 166.036595 166.032793 166.031843 166.032793 166.036595 0.000000 
0.000000 166.035645 166.031843 166.030417 166.031843 166.035645 0.000000 
0.000000 166.034219 166.030417 166.029466 166.030417 166.034219 0.000000 
0.000000 166.033269 166.029466 166.028041 166.029466 166.033269 0.000000 
166.041348 166.032318 166.028041 166.027090 166.028041 166.032318 166.041348 
166.040398 166.031368 166.027090 166.025664 166.027090 166.031368 166.040398 
166.040398 166.030417 166.025664 166.024714 166.025664 166.030417 166.040398 
166.039922 166.029942 166.024714 166.023288 166.024714 166.029942 166.039922 
166.040398 166.028991 166.023288 166.022337 166.023288 166.028991 166.040398 
166.040398 166.028041 166.022337 166.020912 166.022337 166.028041 166.040398 
166.040398 166.027090 166.021387 166.019961 166.021387 166.027090 166.040398 
166.040873 166.026615 166.019961 166.018535 166.019961 166.026615 166.040873 
166.041348 166.025664 166.019011 166.017585 166.019011 166.025664 166.041348 
0.000000 166.024714 166.017585 166.016159 166.017585 166.024714 0.000000 
0.000000 166.024239 166.016634 166.015208 166.016634 166.024239 0.000000 
0.000000 166.024239 166.015208 166.013783 166.015208 166.024239 0.000000 
0.000000 166.024239 166.014258 166.012832 166.014258 166.024239 0.000000 
0.000000 166.024714 166.013307 166.011406 166.013307 166.024714 0.000000 
0.000000 166.025189 166.011882 166.010456 166.011882 166.025189 0.000000 
0.000000 166.026140 166.010931 166.009030 166.010931 166.026140 0.000000 
0.000000 166.027565 166.009981 166.008080 166.009981 166.027565 0.000000 
0.000000 166.029466 166.009505 166.006654 166.009505 166.029466 0.000000 
0.000000 166.033269 166.008555 166.005703 166.008555 166.033269 0.000000 
0.000000 166.039447 166.008080 166.004277 166.008080 166.039447 0.000000 
0.000000 0.000000 166.008555 166.003327 166.008555 0.000000 0.000000 
0.000000 0.000000 166.009981 166.001901 166.009981 0.000000 0.000000 
0.000000 0.000000 166.015684 166.000951 166.015684 0.000000 0.000000 
0.000000 0.000000 0.000000 166.000000 0.000000 0.000000 0.000000 
