test/output/constant/M3M485_S060_A090_WD135.0_WS040.0/M3M485_S060_A090_WD135.0_WS040.0_ros.asc
ncols         30
nrows         13
xllcorner     423803.990666
yllcorner     12747655.311160
cellsize      100.000000
NODATA_value  0.000000
0.000000 0.000000 0.000000 0.000000 0.000000 0.000000 0.000000 0.000000 0.000000 0.000000 0.000000 0.000000 0.000000 0.000000 0.000000 0.000000 0.000000 0.000000 0.000000 0.000000 16.205578 12.735689 12.735689 9.674043 16.205578 19.983221 9.674043 12.735689 1.490094 1.490094 
0.000000 0.000000 0.000000 0.000000 0.000000 0.000000 0.000000 0.000000 0.000000 0.000000 0.000000 0.000000 0.000000 0.000000 0.000000 0.000000 7.104434 16.205578 19.983221 16.205578 12.735689 16.205578 16.205578 19.983221 19.983221 35.851166 47.370468 49.802967 0.000000 2.605592 
0.000000 0.000000 0.000000 0.000000 0.000000 0.000000 0.000000 0.000000 0.000000 0.000000 0.000000 0.000000 0.000000 19.983221 9.674043 5.086212 12.735689 12.735689 16.205578 9.674043 28.006943 19.983221 12.735689 49.802967 49.802967 49.802967 49.802967 47.855389 33.125732 2.816512 
0.000000 0.000000 0.000000 0.000000 0.000000 0.000000 0.000000 0.000000 0.000000 0.000000 19.983221 12.735689 12.735689 7.104434 35.851166 19.983221 16.205578 19.983221 19.983221 16.205578 39.408066 49.802967 49.802967 49.802967 49.802967 43.386383 5.617928 1.889795 3.963500 0.000000 
0.000000 0.000000 0.000000 0.000000 0.000000 0.000000 0.000000 0.000000 9.674043 28.006943 19.983221 19.983221 9.674043 16.205578 42.575092 23.956673 19.983221 39.408066 16.205578 49.802967 49.802967 49.802967 49.761967 43.386383 36.893688 40.348831 2.605592 1.889795 0.000000 0.000000 
0.000000 0.000000 0.000000 0.000000 0.000000 0.000000 5.086212 9.674043 12.735689 7.104434 45.256310 35.851166 12.735689 32.012085 35.851166 49.802967 49.802967 49.802967 49.802967 49.802967 45.914150 10.529683 2.419925 5.617928 3.963500 3.963500 2.816512 0.000000 0.000000 0.000000 
0.000000 0.000000 0.000000 0.000000 45.256310 42.575092 19.983221 32.012085 39.408066 12.735689 49.802967 49.802967 49.802967 49.802967 49.802967 49.802967 49.802967 49.802967 47.855389 40.348831 43.386383 5.617928 40.348831 3.963500 33.125732 2.816512 0.000000 0.000000 0.000000 0.000000 
0.000000 0.000000 0.000000 19.983221 32.012085 42.575092 16.205578 16.205578 19.983221 49.802967 49.802967 49.802967 49.802967 49.802967 49.802967 49.802967 43.386383 43.386383 2.816512 5.617928 40.348831 36.893688 1.387504 2.816512 0.000000 0.000000 0.000000 0.000000 0.000000 0.000000 
0.000000 0.000000 12.735689 49.660458 19.983221 42.575092 49.802967 49.802967 49.802967 49.802967 49.802967 49.802967 49.802967 49.802967 49.802967 40.348831 40.348831 40.348831 3.963500 40.348831 1.889795 3.963500 0.000000 0.000000 0.000000 0.000000 0.000000 0.000000 0.000000 0.000000 
0.000000 32.012085 35.851166 16.205578 49.802967 49.802967 49.802967 49.802967 49.802967 49.802967 49.802967 49.761967 13.711712 43.386383 2.605592 40.348831 3.963500 40.348831 40.348831 36.893688 0.000000 0.000000 0.000000 0.000000 0.000000 0.000000 0.000000 0.000000 0.000000 0.000000 
19.983221 16.205578 49.802967 49.802967 49.802967 49.802967 49.802967 49.802967 49.151123 49.151123 49.802967 3.963500 36.893688 5.617928 3.963500 40.348831 40.348831 0.000000 0.000000 0.000000 0.000000 0.000000 0.000000 0.000000 0.000000 0.000000 0.000000 0.000000 0.000000 0.000000 
49.802967 49.802967 49.802967 49.802967 49.802967 49.802967 49.761967 49.802967 42.575092 40.348831 3.963500 43.386383 1.889795 2.816512 36.893688 0.000000 0.000000 0.000000 0.000000 0.000000 0.000000 0.000000 0.000000 0.000000 0.000000 0.000000 0.000000 0.000000 0.000000 0.000000 
49.802967 49.802967 49.802967 49.802967 49.802967 45.914150 40.348831 5.617928 40.348831 2.816512 2.816512 0.000000 0.000000 0.000000 0.000000 0.000000 0.000000 0.000000 0.000000 0.000000 0.000000 0.000000 0.000000 0.000000 0.000000 0.000000 0.000000 0.000000 0.000000 0.000000 
