test/output/constant/M365_S060_A090_WD135.0_WS050.0/M365_S060_A090_WD135.0_WS050.0_arrival.asc
ncols         30
nrows         8
xllcorner     423703.990666
yllcorner     12748355.311160
cellsize      100.000000
NODATA_value  0.000000
0.000000 0.000000 0.000000 0.000000 0.000000 0.000000 0.000000 0.000000 0.000000 0.000000 0.000000 0.000000 0.000000 0.000000 0.000000 166.041602 166.041602 166.041602 166.041602 166.041602 0.000000 0.000000 0.000000 0.000000 0.000000 0.000000 0.000000 0.000000 0.000000 0.000000 
0.000000 0.000000 0.000000 0.000000 0.000000 166.041118 166.039667 166.038699 166.037248 166.035797 166.034345 166.032894 166.031927 166.030959 166.029992 166.029024 166.028057 166.027089 166.026606 166.026122 166.025638 166.025154 166.025154 166.025154 166.026122 166.027573 166.030959 166.035313 0.000000 0.000000 
0.000000 0.000000 166.041118 166.039667 166.038215 166.036764 166.035313 166.033862 166.032411 166.030959 166.029508 166.028057 166.026606 166.025154 166.023703 166.022252 166.020801 166.019350 166.017898 166.016447 166.014996 166.013545 166.012093 166.011126 166.009675 166.009191 166.008707 166.008707 166.010159 166.015963 
166.041118 166.039667 166.038215 166.036764 166.035313 166.033862 166.032411 166.030959 166.029508 166.028057 166.026606 166.025154 166.023703 166.022252 166.020801 166.019350 166.017898 166.016447 166.014996 166.013545 166.012093 166.011126 166.009675 166.008224 166.006772 166.005321 166.003870 166.002419 166.000967 166.000000 
166.040634 166.039183 166.037732 166.036280 166.034829 166.033862 166.032411 166.030959 166.029508 166.028057 166.026606 166.025154 166.023703 166.022252 166.020801 166.019350 166.017898 166.016931 166.015480 166.014028 166.012577 166.011126 166.009675 166.008707 166.007256 166.006289 166.005805 166.005805 166.006772 166.013545 
166.041118 166.039667 166.038215 166.036764 166.035313 166.033862 166.032894 166.031443 166.029992 166.028541 166.027573 166.026122 166.025154 166.023703 166.022736 166.021285 166.020317 166.019350 166.018382 166.017415 166.016447 166.016447 166.016447 166.016447 166.017415 166.018866 166.021768 166.027089 166.036280 0.000000 
0.000000 166.041602 166.040150 166.039183 166.037732 166.036764 166.035313 166.034345 166.033378 166.032411 166.031443 166.030476 166.029508 166.028541 166.028057 166.027573 166.027089 166.027089 166.027089 166.027573 166.028057 166.029024 166.030959 166.033378 166.036764 166.041602 0.000000 0.000000 0.000000 0.000000 
0.000000 0.000000 0.000000 0.000000 0.000000 166.041602 166.040634 166.039667 166.039183 166.038215 166.038215 166.037732 166.037732 166.037732 166.038215 166.038215 166.039183 166.040150 166.040634 0.000000 0.000000 0.000000 0.000000 0.000000 0.000000 0.000000 0.000000 0.000000 0.000000 0.000000 
