test/output/constant/M3M455_S060_A090_WD045.0_WS015.0/M3M455_S060_A090_WD045.0_WS015.0_arrival.asc
ncols         11
nrows         35
xllcorner     425703.990666
yllcorner     12745355.311160
cellsize      100.000000
NODATA_value  0.000000
0.000000 0.000000 0.000000 0.000000 0.000000 0.000000 0.000000 0.000000 166.014489 166.000000 0.000000 
0.000000 0.000000 0.000000 0.000000 0.000000 0.000000 0.000000 166.037859 166.002804 166.000935 166.035054 
0.000000 0.000000 0.000000 0.000000 0.000000 0.000000 0.000000 166.017761 166.002804 166.001870 166.030380 
0.000000 0.000000 0.000000 0.000000 0.000000 0.000000 166.037859 166.009815 166.003272 166.003272 166.031315 
0.000000 0.000000 0.000000 0.000000 0.000000 0.000000 166.025239 166.007478 166.004674 166.005609 166.033652 
0.000000 0.000000 0.000000 0.000000 0.000000 0.000000 166.017761 166.007478 166.005609 166.007946 166.036924 
0.000000 0.000000 0.000000 0.000000 0.000000 166.033185 166.014022 166.007478 166.007011 166.010750 166.040195 
0.000000 0.000000 0.000000 0.000000 0.000000 166.025706 166.012620 166.007946 166.007946 166.014022 0.000000 
0.000000 0.000000 0.000000 0.000000 166.040663 166.021033 166.012152 166.009348 166.009815 166.016826 0.000000 
0.000000 0.000000 0.000000 0.000000 166.033652 166.018696 166.012152 166.010750 166.011685 166.019630 0.000000 
0.000000 0.000000 0.000000 0.000000 166.028511 166.017293 166.012152 166.011685 166.013554 166.022902 0.000000 
0.000000 0.000000 0.000000 166.041598 166.025239 166.016826 166.013087 166.013087 166.015891 166.026174 0.000000 
0.000000 0.000000 0.000000 166.036456 166.023369 166.016826 166.014022 166.014489 166.018696 166.028978 0.000000 
0.000000 0.000000 0.000000 166.032717 166.022435 166.016826 166.015424 166.015891 166.021033 166.032250 0.000000 
0.000000 0.000000 0.000000 166.029913 166.021500 166.017293 166.016826 166.017761 166.023837 166.035522 0.000000 
0.000000 0.000000 166.039728 166.028511 166.021500 166.017761 166.017761 166.019630 166.026641 166.038793 0.000000 
0.000000 0.000000 166.036924 166.027109 166.021500 166.019163 166.019163 166.021967 166.029446 166.041598 0.000000 
0.000000 0.000000 166.034587 166.026641 166.021500 166.020098 166.020565 166.023837 166.031782 0.000000 0.000000 
0.000000 0.000000 166.033185 166.026174 166.022435 166.021500 166.021967 166.026174 166.035054 0.000000 0.000000 
0.000000 166.041130 166.032250 166.026174 166.022902 166.022902 166.023837 166.028978 166.037859 0.000000 0.000000 
0.000000 166.039261 166.031315 166.026174 166.023837 166.023837 166.025706 166.031315 166.041130 0.000000 0.000000 
0.000000 166.037859 166.030848 166.026641 166.025239 166.025239 166.028043 166.034119 0.000000 0.000000 0.000000 
0.000000 166.036924 166.030848 166.027109 166.026174 166.026641 166.029913 166.036924 0.000000 0.000000 0.000000 
0.000000 166.035989 166.030848 166.027576 166.027576 166.028511 166.032250 166.039261 0.000000 0.000000 0.000000 
0.000000 166.035522 166.030848 166.028978 166.028978 166.029913 166.034587 0.000000 0.000000 0.000000 0.000000 
0.000000 166.035522 166.031315 166.029913 166.029913 166.032250 166.036924 0.000000 0.000000 0.000000 0.000000 
166.041130 166.035522 166.031782 166.031315 166.031315 166.034119 166.039261 0.000000 0.000000 0.000000 0.000000 
166.040663 166.035522 166.032717 166.032250 166.032717 166.035989 166.041667 0.000000 0.000000 0.000000 0.000000 
166.040195 166.035989 166.033652 166.033652 166.034587 166.038326 0.000000 0.000000 0.000000 0.000000 0.000000 
166.040195 166.036456 166.035054 166.035054 166.036456 166.040195 0.000000 0.000000 0.000000 0.000000 0.000000 
166.040195 166.036924 166.035989 166.035989 166.038326 0.000000 0.000000 0.000000 0.000000 0.000000 0.000000 
166.040663 166.037391 166.037391 166.037391 166.040195 0.000000 0.000000 0.000000 0.000000 0.000000 0.000000 
166.040663 166.038793 166.038326 166.039261 0.000000 0.000000 0.000000 0.000000 0.000000 0.000000 0.000000 
166.041130 166.039728 166.039728 166.040663 0.000000 0.000000 0.000000 0.000000 0.000000 0.000000 0.000000 
166.041598 166.041130 166.041130 0.000000 0.000000 0.000000 0.000000 0.000000 0.000000 0.000000 0.000000 
