test/output/constant/M375_S060_A090_WD225.0_WS010.0/M375_S060_A090_WD225.0_WS010.0_intensity.asc
ncols         12
nrows         35
xllcorner     426403.990666
yllcorner     12745455.311160
cellsize      100.000000
NODATA_value  0.000000
0 1116 1116 1621 0 0 0 0 0 0 0 0 
0 1116 0 1621 1621 0 0 0 0 0 0 0 
0 14379 49470 49470 1621 0 0 0 0 0 0 0 
0 10937 49470 46081 37267 1621 0 0 0 0 0 0 
1116 26298 49470 49034 33500 29502 1344 0 0 0 0 0 
10937 26298 49470 49470 49470 37267 37267 0 0 0 0 0 
10937 26298 49470 49470 40686 33500 1178 0 0 0 0 0 
18164 14379 41398 49470 47893 46081 1344 1344 0 0 0 0 
14379 22177 22177 49470 49470 49470 33500 33500 0 0 0 0 
7940 18164 49196 49470 49470 49470 47893 37267 33500 0 0 0 
26298 34366 44253 49470 49470 49470 1344 37267 33500 0 0 0 
0 14379 22177 49470 49470 49470 47893 33500 37267 0 0 0 
0 30403 48212 49470 49470 49470 43654 1344 37267 33500 0 0 
0 26298 41398 49470 49470 46081 46081 49341 1881 33500 0 0 
0 18164 18164 49470 49470 49470 49470 33500 47893 37267 0 0 
0 38069 46548 49470 49470 49422 49470 43654 47893 46081 0 0 
0 22177 41398 49470 49422 49470 47893 49470 43654 46081 37267 0 
0 38069 48212 49470 49470 49470 49470 49470 49470 49470 43654 0 
0 0 44253 49470 38069 49470 47893 49470 49470 46081 49341 0 
0 0 26298 46548 49470 49470 49470 49470 49470 49470 49034 0 
0 0 46548 30403 49470 49470 49470 49034 49470 46081 49341 37267 
0 0 38069 18164 22177 41398 49470 46081 49470 47893 46081 37267 
0 0 10937 48212 38069 22177 49470 49470 49470 49470 49470 46081 
0 0 0 46548 49196 49470 49470 49034 49470 46081 33500 46081 
0 0 0 26298 49470 49470 49470 49470 49470 47893 49470 49470 
0 0 0 48212 49470 49422 49470 49470 46081 47893 49470 49470 
0 0 0 0 49470 44253 49470 49470 47893 49470 47893 49470 
0 0 0 0 49470 41398 49470 49470 49470 49470 49470 49470 
0 0 0 0 30403 41398 49470 49470 49034 49470 49470 43654 
0 0 0 0 0 49470 30403 49470 49470 49470 49470 47893 
0 0 0 0 0 49470 49470 49470 49470 47893 49470 47893 
0 0 0 0 0 0 26298 38069 49470 49470 49470 47893 
0 0 0 0 0 0 49470 46548 49470 49470 49470 49470 
0 0 0 0 0 0 0 49470 49470 49341 49470 49470 
0 0 0 0 0 0 0 0 49470 49470 49470 0 
