test/output/constant/M3M480_S060_A090_WD135.0_WS005.0/M3M480_S060_A090_WD135.0_WS005.0_ros.asc
ncols         11
nrows         40
xllcorner     425903.990666
yllcorner     12744955.311160
cellsize      100.000000
NODATA_value  0.000000
0.000000 0.000000 0.000000 0.000000 0.000000 0.000000 0.000000 1.080325 0.000000 0.000000 0.000000 
0.000000 0.000000 0.000000 0.000000 0.000000 0.000000 1.080325 0.000000 1.258725 0.000000 0.000000 
0.000000 0.000000 0.000000 0.000000 0.000000 1.080325 3.962039 63.596455 28.026106 0.000000 0.000000 
0.000000 0.000000 0.000000 0.000000 0.000000 2.455283 63.596455 63.596455 22.824688 1.258725 0.000000 
0.000000 0.000000 0.000000 0.000000 1.282500 43.374809 48.229126 63.596455 38.704376 33.373432 0.000000 
0.000000 0.000000 0.000000 0.000000 2.455283 2.455283 61.742783 63.596455 28.026106 28.026106 0.000000 
0.000000 0.000000 0.000000 0.000000 1.080325 43.374809 63.596455 48.675182 38.704376 38.704376 0.000000 
0.000000 0.000000 0.000000 1.954076 43.374809 56.405136 63.596455 48.675182 22.824688 33.373432 0.000000 
0.000000 0.000000 0.000000 48.229126 48.229126 63.596455 63.596455 63.596455 28.026106 38.704376 0.000000 
0.000000 0.000000 0.000000 43.374809 43.374809 63.596455 63.596455 33.373432 38.704376 22.824688 0.000000 
0.000000 0.000000 38.201710 2.455283 63.596455 63.596455 63.596455 28.026106 38.704376 33.373432 0.000000 
0.000000 0.000000 2.455283 2.455283 63.596455 59.478203 63.596455 56.736786 43.857109 22.824688 28.026106 
0.000000 0.000000 2.455283 43.374809 52.617046 63.596455 63.596455 48.675182 43.857109 28.026106 38.704376 
0.000000 0.000000 2.455283 3.962039 63.596455 63.596455 63.596455 53.012306 38.704376 28.026106 22.824688 
0.000000 0.000000 48.229126 2.455283 63.596455 63.129978 63.596455 48.675182 38.704376 22.824688 28.026106 
0.000000 43.374809 43.374809 63.596455 63.596455 63.596455 53.012306 53.012306 43.857109 22.824688 28.026106 
0.000000 43.374809 43.374809 63.596455 63.596455 63.596455 61.917538 53.012306 43.857109 33.373432 0.000000 
0.000000 43.374809 43.374809 52.617046 63.596455 63.596455 56.736786 56.736786 48.675182 28.026106 0.000000 
0.000000 6.260936 63.129978 63.596455 56.405136 63.596455 48.675182 53.012306 48.675182 28.026106 0.000000 
0.000000 3.962039 61.742783 63.596455 63.596455 63.596455 48.675182 48.675182 48.675182 48.675182 0.000000 
0.000000 43.374809 48.229126 63.596455 63.596455 63.596455 33.373432 53.012306 53.012306 33.373432 0.000000 
0.000000 43.374809 63.596455 52.617046 59.478203 63.596455 63.596455 53.012306 53.012306 53.012306 0.000000 
0.000000 63.596455 63.596455 63.596455 63.596455 63.596455 48.675182 53.012306 53.012306 53.012306 0.000000 
0.000000 63.596455 59.478203 63.129978 63.596455 48.675182 22.824688 28.026106 48.675182 48.675182 0.000000 
43.374809 63.129978 63.596455 63.596455 63.596455 63.596455 38.704376 53.012306 48.675182 33.373432 0.000000 
59.478203 63.596455 63.596455 63.468754 63.596455 63.596455 56.736786 53.012306 48.675182 38.704376 0.000000 
56.405136 61.742783 63.596455 63.596455 63.596455 61.917538 53.012306 53.012306 48.675182 43.857109 0.000000 
52.617046 63.596455 63.596455 63.596455 63.596455 56.736786 48.675182 53.012306 48.675182 0.000000 0.000000 
63.596455 56.405136 63.596455 63.596455 63.596455 63.512196 28.026106 53.012306 48.675182 0.000000 0.000000 
0.000000 63.596455 63.596455 63.596455 63.596455 53.012306 53.012306 53.012306 48.675182 0.000000 0.000000 
0.000000 63.596455 63.596455 63.596455 63.596455 28.026106 48.675182 53.012306 48.675182 0.000000 0.000000 
0.000000 61.742783 63.596455 63.596455 63.216545 33.373432 53.012306 28.026106 48.675182 0.000000 0.000000 
0.000000 63.596455 61.742783 63.596455 63.596455 63.596455 53.012306 28.026106 0.000000 0.000000 0.000000 
0.000000 63.596455 52.617046 63.596455 48.675182 59.735542 53.012306 33.373432 0.000000 0.000000 0.000000 
0.000000 63.129978 59.478203 63.596455 63.596455 63.596455 53.012306 22.824688 0.000000 0.000000 0.000000 
0.000000 63.596455 63.596455 63.596455 63.512196 53.012306 53.012306 0.000000 0.000000 0.000000 0.000000 
0.000000 63.596455 63.596455 63.596455 48.675182 28.026106 53.012306 0.000000 0.000000 0.000000 0.000000 
0.000000 0.000000 63.596455 63.596455 63.596455 22.824688 53.012306 0.000000 0.000000 0.000000 0.000000 
0.000000 0.000000 63.596455 63.596455 61.917538 38.704376 0.000000 0.000000 0.000000 0.000000 0.000000 
0.000000 0.000000 0.000000 63.596455 43.857109 0.000000 0.000000 0.000000 0.000000 0.000000 0.000000 
