test/output/constant/M3M480_S060_A090_WD135.0_WS005.0/M3M480_S060_A090_WD135.0_WS005.0_intensity.asc
ncols         11
nrows         40
xllcorner     425903.990666
yllcorner     12744955.311160
cellsize      100.000000
NODATA_value  0.000000
0 0 0 0 0 0 0 940 0 0 0 
0 0 0 0 0 0 940 0 1095 0 0 
0 0 0 0 0 940 3447 55339 24387 0 0 
0 0 0 0 0 2136 55339 55339 19861 1095 0 
0 0 0 0 1115 37743 41967 55339 33679 29040 0 
0 0 0 0 2136 2136 53726 55339 24387 24387 0 
0 0 0 0 940 37743 55339 42355 33679 33679 0 
0 0 0 1700 37743 49082 55339 42355 19861 29040 0 
0 0 0 41967 41967 55339 55339 55339 24387 33679 0 
0 0 0 37743 37743 55339 55339 29040 33679 19861 0 
0 0 33242 2136 55339 55339 55339 24387 33679 29040 0 
0 0 2136 2136 55339 51756 55339 49370 38163 19861 24387 
0 0 2136 37743 45785 55339 55339 42355 38163 24387 33679 
0 0 2136 3447 55339 55339 55339 46129 33679 24387 19861 
0 0 41967 2136 55339 54934 55339 42355 33679 19861 24387 
0 37743 37743 55339 55339 55339 46129 46129 38163 19861 24387 
0 37743 37743 55339 55339 55339 53878 46129 38163 29040 0 
0 37743 37743 45785 55339 55339 49370 49370 42355 24387 0 
0 5448 54934 55339 49082 55339 42355 46129 42355 24387 0 
0 3447 53726 55339 55339 55339 42355 42355 42355 42355 0 
0 37743 41967 55339 55339 55339 29040 46129 46129 29040 0 
0 37743 55339 45785 51756 55339 55339 46129 46129 46129 0 
0 55339 55339 55339 55339 55339 42355 46129 46129 46129 0 
0 55339 51756 54934 55339 42355 19861 24387 42355 42355 0 
37743 54934 55339 55339 55339 55339 33679 46129 42355 29040 0 
51756 55339 55339 55228 55339 55339 49370 46129 42355 33679 0 
49082 53726 55339 55339 55339 53878 46129 46129 42355 38163 0 
45785 55339 55339 55339 55339 49370 42355 46129 42355 0 0 
55339 49082 55339 55339 55339 55266 24387 46129 42355 0 0 
0 55339 55339 55339 55339 46129 46129 46129 42355 0 0 
0 55339 55339 55339 55339 24387 42355 46129 42355 0 0 
0 53726 55339 55339 55009 29040 46129 24387 42355 0 0 
0 55339 53726 55339 55339 55339 46129 24387 0 0 0 
0 55339 45785 55339 42355 51980 46129 29040 0 0 0 
0 54934 51756 55339 55339 55339 46129 19861 0 0 0 
0 55339 55339 55339 55266 46129 46129 0 0 0 0 
0 55339 55339 55339 42355 24387 46129 0 0 0 0 
0 0 55339 55339 55339 19861 46129 0 0 0 0 
0 0 55339 55339 53878 33679 0 0 0 0 0 
0 0 0 55339 38163 0 0 0 0 0 0 
