test/output/constant/M3M485_S000_A000_WD315.0_WS025.0/M3M485_S000_A000_WD315.0_WS025.0_arrival.asc
ncols         22
nrows         22
xllcorner     426503.990666
yllcorner     12746755.311160
cellsize      100.000000
NODATA_value  0.000000
166.022267 166.015647 166.017452 166.025276 166.034303 0.000000 0.000000 0.000000 0.000000 0.000000 0.000000 0.000000 0.000000 0.000000 0.000000 0.000000 0.000000 0.000000 0.000000 0.000000 0.000000 0.000000 
166.015647 166.000000 166.001204 166.007222 166.015647 166.024072 166.033099 0.000000 0.000000 0.000000 0.000000 0.000000 0.000000 0.000000 0.000000 0.000000 0.000000 0.000000 0.000000 0.000000 0.000000 0.000000 
166.017452 166.001204 166.001204 166.003611 166.007222 166.013841 166.021063 166.029488 166.037914 0.000000 0.000000 0.000000 0.000000 0.000000 0.000000 0.000000 0.000000 0.000000 0.000000 0.000000 0.000000 0.000000 
166.025276 166.007222 166.003611 166.003611 166.005416 166.008425 166.013841 166.019860 166.027683 166.035506 0.000000 0.000000 0.000000 0.000000 0.000000 0.000000 0.000000 0.000000 0.000000 0.000000 0.000000 0.000000 
166.034303 166.015647 166.007222 166.005416 166.005416 166.007823 166.010231 166.014443 166.020461 166.026479 166.033701 166.041524 0.000000 0.000000 0.000000 0.000000 0.000000 0.000000 0.000000 0.000000 0.000000 0.000000 
0.000000 166.024072 166.013841 166.008425 166.007823 166.007823 166.009629 166.012036 166.015647 166.021063 166.027081 166.033099 166.040321 0.000000 0.000000 0.000000 0.000000 0.000000 0.000000 0.000000 0.000000 0.000000 
0.000000 166.033099 166.021063 166.013841 166.010231 166.009629 166.009629 166.012036 166.013841 166.017452 166.022267 166.027081 166.033099 166.039719 0.000000 0.000000 0.000000 0.000000 0.000000 0.000000 0.000000 0.000000 
0.000000 0.000000 166.029488 166.019860 166.014443 166.012036 166.012036 166.012036 166.013841 166.016249 166.019258 166.023470 166.028285 166.033701 166.039719 0.000000 0.000000 0.000000 0.000000 0.000000 0.000000 0.000000 
0.000000 0.000000 166.037914 166.027683 166.020461 166.015647 166.013841 166.013841 166.013841 166.016249 166.018054 166.021063 166.024674 166.029488 166.034303 166.040321 0.000000 0.000000 0.000000 0.000000 0.000000 0.000000 
0.000000 0.000000 0.000000 166.035506 166.026479 166.021063 166.017452 166.016249 166.016249 166.016249 166.018054 166.019860 166.022869 166.026479 166.030692 166.035506 166.040923 0.000000 0.000000 0.000000 0.000000 0.000000 
0.000000 0.000000 0.000000 0.000000 166.033701 166.027081 166.022267 166.019258 166.018054 166.018054 166.018656 166.020461 166.022267 166.024674 166.028285 166.032497 166.036710 166.041667 0.000000 0.000000 0.000000 0.000000 
0.000000 0.000000 0.000000 0.000000 166.041524 166.033099 166.027081 166.023470 166.021063 166.019860 166.020461 166.020461 166.022267 166.024072 166.026479 166.030090 166.033701 166.037914 0.000000 0.000000 0.000000 0.000000 
0.000000 0.000000 0.000000 0.000000 0.000000 166.040321 166.033099 166.028285 166.024674 166.022869 166.022267 166.022267 166.022869 166.024072 166.026479 166.028887 166.031896 166.035506 166.039719 0.000000 0.000000 0.000000 
0.000000 0.000000 0.000000 0.000000 0.000000 0.000000 166.039719 166.033701 166.029488 166.026479 166.024674 166.024072 166.024072 166.024674 166.026479 166.028285 166.030692 166.033701 166.037312 166.040923 0.000000 0.000000 
0.000000 0.000000 0.000000 0.000000 0.000000 0.000000 0.000000 166.039719 166.034303 166.030692 166.028285 166.026479 166.026479 166.026479 166.027081 166.028285 166.030692 166.032497 166.035506 166.039117 0.000000 0.000000 
0.000000 0.000000 0.000000 0.000000 0.000000 0.000000 0.000000 0.000000 166.040321 166.035506 166.032497 166.030090 166.028887 166.028285 166.028285 166.028887 166.030692 166.032497 166.034905 166.037312 166.040923 0.000000 
0.000000 0.000000 0.000000 0.000000 0.000000 0.000000 0.000000 0.000000 0.000000 166.040923 166.036710 166.033701 166.031896 166.030692 166.030692 166.030692 166.031294 166.032497 166.034905 166.036710 166.039117 0.000000 
0.000000 0.000000 0.000000 0.000000 0.000000 0.000000 0.000000 0.000000 0.000000 0.000000 166.041667 166.037914 166.035506 166.033701 166.032497 166.032497 166.032497 166.033099 166.034905 166.036710 166.039117 166.041524 
0.000000 0.000000 0.000000 0.000000 0.000000 0.000000 0.000000 0.000000 0.000000 0.000000 0.000000 0.000000 166.039719 166.037312 166.035506 166.034905 166.034905 166.034905 166.035506 166.036710 166.039117 166.040923 
0.000000 0.000000 0.000000 0.000000 0.000000 0.000000 0.000000 0.000000 0.000000 0.000000 0.000000 0.000000 0.000000 166.040923 166.039117 166.037312 166.036710 166.036710 166.036710 166.037312 166.039117 166.040923 
0.000000 0.000000 0.000000 0.000000 0.000000 0.000000 0.000000 0.000000 0.000000 0.000000 0.000000 0.000000 0.000000 0.000000 0.000000 166.040923 166.039117 166.039117 166.039117 166.039117 166.039719 166.040923 
0.000000 0.000000 0.000000 0.000000 0.000000 0.000000 0.000000 0.000000 0.000000 0.000000 0.000000 0.000000 0.000000 0.000000 0.000000 0.000000 0.000000 166.041524 166.040923 166.040923 166.040923 166.041524 
