test/output/constant/M395_S000_A270_WD090.0_WS035.0/M395_S000_A270_WD090.0_WS035.0_raz.asc
ncols         50
nrows         11
xllcorner     421803.990666
yllcorner     12748255.311160
cellsize      100.000000
NODATA_value  0.000000
0 0 0 0 0 0 0 0 0 0 0 0 272 277 273 277 274 280 278 275 280 277 280 282 278 278 278 278 337 348 278 278 278 277 278 278 282 0 0 0 0 0 0 0 0 0 0 0 0 0 
0 0 0 0 0 0 0 271 273 270 280 272 273 273 275 277 282 275 280 275 282 275 273 277 274 274 274 277 278 278 278 278 337 278 321 278 348 321 321 360 321 337 21 0 0 0 0 0 0 0 
0 0 0 0 275 271 272 272 274 271 273 271 270 275 270 272 272 274 275 270 278 277 278 271 272 274 278 274 280 277 280 277 275 280 278 337 321 278 278 278 321 337 278 348 280 21 0 0 0 0 
0 0 274 272 272 270 270 278 270 277 271 273 273 270 272 270 270 273 272 272 271 272 273 273 270 273 272 270 273 273 273 275 277 278 280 274 278 274 273 274 278 321 278 337 360 21 360 21 21 0 
0 270 270 270 270 270 270 270 270 270 270 270 270 270 270 270 270 270 270 272 273 273 275 277 271 274 272 275 271 272 275 270 275 270 282 273 271 272 270 275 272 270 272 275 277 274 278 278 21 360 
270 270 270 270 270 270 270 270 270 270 270 270 270 270 270 270 270 270 270 270 270 270 270 270 270 270 270 270 270 270 270 270 270 270 270 270 270 270 270 270 270 270 270 270 270 270 270 270 65535 90 
0 270 270 270 270 270 270 270 270 270 270 270 270 270 270 270 270 270 270 270 270 270 270 270 270 270 270 270 270 270 264 270 270 270 270 270 270 270 270 270 270 270 270 270 270 265 261 261 90 158 
0 0 270 270 270 270 270 270 270 270 270 270 270 270 270 270 270 270 270 270 270 270 270 270 270 270 270 270 270 270 270 270 270 270 270 265 270 270 266 265 261 218 261 202 180 158 180 158 90 0 
0 0 0 0 270 270 270 270 270 270 270 270 270 270 270 270 270 270 264 270 270 270 270 270 270 265 270 270 270 262 270 270 270 259 261 202 218 261 261 261 218 202 261 191 259 158 0 0 0 0 
0 0 0 0 0 0 0 270 270 270 270 270 270 266 264 262 270 270 270 264 270 270 270 262 270 265 270 262 261 261 261 261 202 261 218 261 191 218 218 180 218 202 90 0 0 0 0 0 0 0 
0 0 0 0 0 0 0 0 0 0 0 0 270 262 270 270 265 270 270 270 259 270 259 257 261 261 261 261 202 191 261 261 261 262 261 261 257 0 0 0 0 0 0 0 0 0 0 0 0 0 
