test/output/constant/M340_S060_A270_WD225.0_WS010.0/M340_S060_A270_WD225.0_WS010.0_arrival.asc
ncols         8
nrows         28
xllcorner     426503.990666
yllcorner     12748755.311160
cellsize      100.000000
NODATA_value  0.000000
0.000000 0.000000 0.000000 0.000000 0.000000 166.041014 166.041014 0.000000 
0.000000 0.000000 0.000000 0.000000 166.041014 166.039808 166.039808 0.000000 
0.000000 0.000000 0.000000 0.000000 166.038602 166.037999 166.038602 166.041014 
0.000000 0.000000 0.000000 166.040411 166.036792 166.036792 166.036792 166.040411 
0.000000 0.000000 0.000000 166.038602 166.034983 166.034983 166.036189 166.040411 
0.000000 0.000000 0.000000 166.036189 166.033776 166.033173 166.034983 166.039808 
0.000000 0.000000 166.039808 166.033776 166.031967 166.031967 166.034380 166.039808 
0.000000 0.000000 166.037395 166.031967 166.030158 166.030761 166.033173 166.040411 
0.000000 0.000000 166.034380 166.029554 166.028951 166.028951 166.033173 166.040411 
0.000000 166.041617 166.032570 166.027745 166.027142 166.028348 166.032570 166.041014 
0.000000 166.038602 166.030158 166.025936 166.025936 166.027142 166.032570 166.041617 
0.000000 166.036189 166.027745 166.024126 166.024126 166.026539 166.033173 0.000000 
0.000000 166.033173 166.025332 166.022920 166.022920 166.025936 166.033173 0.000000 
0.000000 166.030761 166.022920 166.021110 166.021110 166.025332 166.033776 0.000000 
0.000000 166.028348 166.021110 166.019301 166.019904 166.025332 166.034983 0.000000 
0.000000 166.025332 166.018698 166.018095 166.019301 166.025936 166.037395 0.000000 
166.041014 166.022920 166.016888 166.016285 166.018698 166.026539 166.041014 0.000000 
166.038602 166.020507 166.015079 166.015079 166.018095 166.027142 0.000000 0.000000 
166.035586 166.017491 166.013269 166.013269 166.018698 166.030158 0.000000 0.000000 
166.033173 166.015079 166.012063 166.012063 166.018698 166.033776 0.000000 0.000000 
166.030158 166.012666 166.010254 166.011460 166.019904 166.039205 0.000000 0.000000 
166.028951 166.010254 166.009047 166.010857 166.022317 0.000000 0.000000 0.000000 
166.027142 166.007841 166.007238 166.011460 166.027142 0.000000 0.000000 0.000000 
166.025332 166.006032 166.005428 166.012063 166.036189 0.000000 0.000000 0.000000 
166.024126 166.004222 166.004222 166.015682 0.000000 0.000000 0.000000 0.000000 
166.023523 166.002413 166.004222 166.025332 0.000000 0.000000 0.000000 0.000000 
166.027142 166.001206 166.004222 0.000000 0.000000 0.000000 0.000000 0.000000 
166.038602 166.000000 166.016285 0.000000 0.000000 0.000000 0.000000 0.000000 
