test/output/constant/M3M475_S060_A270_WD045.0_WS045.0/M3M475_S060_A270_WD045.0_WS045.0_arrival.asc
ncols         30
nrows         10
xllcorner     423803.990666
yllcorner     12748555.311160
cellsize      100.000000
NODATA_value  0.000000
0.000000 0.000000 0.000000 166.041667 166.041275 166.040772 166.040772 166.040772 166.040268 166.040772 166.041275 0.000000 0.000000 0.000000 0.000000 0.000000 0.000000 0.000000 0.000000 0.000000 0.000000 0.000000 0.000000 0.000000 0.000000 0.000000 0.000000 0.000000 0.000000 0.000000 
166.041667 166.040772 166.039765 166.038255 166.037752 166.036745 166.036242 166.035235 166.034732 166.034732 166.034228 166.034228 166.034732 166.035235 166.036242 166.037752 166.039765 0.000000 0.000000 0.000000 0.000000 0.000000 0.000000 0.000000 0.000000 0.000000 0.000000 0.000000 0.000000 0.000000 
166.041275 166.039765 166.038255 166.036745 166.035738 166.034228 166.033221 166.031711 166.031208 166.030201 166.029698 166.028691 166.028188 166.028188 166.028188 166.028188 166.029195 166.030201 166.031711 166.034228 166.037752 0.000000 0.000000 0.000000 0.000000 0.000000 0.000000 0.000000 0.000000 0.000000 
166.041275 166.039765 166.038255 166.036745 166.035235 166.033725 166.032215 166.030705 166.029195 166.028188 166.026678 166.025671 166.024664 166.023658 166.022651 166.022148 166.022148 166.022148 166.022148 166.022651 166.024161 166.026175 166.029698 166.034732 166.041275 0.000000 0.000000 0.000000 0.000000 0.000000 
0.000000 166.040772 166.039262 166.037248 166.035738 166.034228 166.032718 166.030705 166.029195 166.027685 166.026175 166.024664 166.023154 166.021644 166.020638 166.019128 166.018121 166.017114 166.016611 166.016107 166.015604 166.015604 166.016611 166.018624 166.022148 166.027685 166.036242 0.000000 0.000000 0.000000 
0.000000 0.000000 166.041667 166.039765 166.037752 166.035738 166.034228 166.032215 166.030201 166.028691 166.026678 166.025168 166.023658 166.022148 166.020134 166.019128 166.017617 166.016107 166.014597 166.013087 166.011577 166.010570 166.009564 166.009564 166.009564 166.010570 166.014597 166.022148 166.035235 0.000000 
0.000000 0.000000 0.000000 0.000000 0.000000 166.040268 166.038255 166.035738 166.033725 166.031711 166.029698 166.027685 166.025671 166.023658 166.021644 166.019631 166.018121 166.016107 166.014597 166.013087 166.011577 166.010067 166.008557 166.007047 166.005537 166.004027 166.003523 166.003523 166.008054 0.000000 
0.000000 0.000000 0.000000 0.000000 0.000000 0.000000 0.000000 166.041667 166.039262 166.037248 166.035235 166.032718 166.030705 166.028691 166.026175 166.024161 166.022148 166.020134 166.017617 166.015604 166.013591 166.011577 166.009564 166.007550 166.005537 166.004027 166.002517 166.001007 166.000000 166.034228 
0.000000 0.000000 0.000000 0.000000 0.000000 0.000000 0.000000 0.000000 0.000000 0.000000 0.000000 0.000000 166.041275 166.039262 166.036745 166.034732 166.032718 166.030201 166.028188 166.026175 166.024161 166.022148 166.019631 166.017617 166.016107 166.015101 166.014094 166.014094 166.016107 0.000000 
0.000000 0.000000 0.000000 0.000000 0.000000 0.000000 0.000000 0.000000 0.000000 0.000000 0.000000 0.000000 0.000000 0.000000 0.000000 0.000000 0.000000 0.000000 0.000000 0.000000 0.000000 166.041275 166.040268 166.039765 166.039765 166.040772 0.000000 0.000000 0.000000 0.000000 
