test/output/constant/M3M495_S060_A270_WD045.0_WS040.0/M3M495_S060_A270_WD045.0_WS040.0_arrival.asc
ncols         33
nrows         16
xllcorner     423503.990666
yllcorner     12748655.311160
cellsize      100.000000
NODATA_value  0.000000
0.000000 166.041322 166.040892 166.040892 166.040461 166.040892 166.041322 166.041667 0.000000 0.000000 0.000000 0.000000 0.000000 0.000000 0.000000 0.000000 0.000000 0.000000 0.000000 0.000000 0.000000 0.000000 0.000000 0.000000 0.000000 0.000000 0.000000 0.000000 0.000000 0.000000 0.000000 0.000000 0.000000 
166.040892 166.040031 166.039170 166.038309 166.037879 166.037879 166.037448 166.037879 166.038309 166.038740 166.039600 166.040461 0.000000 0.000000 0.000000 0.000000 0.000000 0.000000 0.000000 0.000000 0.000000 0.000000 0.000000 0.000000 0.000000 0.000000 0.000000 0.000000 0.000000 0.000000 0.000000 0.000000 0.000000 
166.040892 166.039600 166.038309 166.037018 166.036157 166.035296 166.034866 166.034866 166.034866 166.034866 166.035296 166.035726 166.036587 166.037879 166.039600 0.000000 0.000000 0.000000 0.000000 0.000000 0.000000 0.000000 0.000000 0.000000 0.000000 0.000000 0.000000 0.000000 0.000000 0.000000 0.000000 0.000000 0.000000 
166.040892 166.039600 166.038309 166.037018 166.035726 166.034435 166.033574 166.032713 166.031852 166.031852 166.031852 166.031852 166.032283 166.032713 166.033574 166.035296 166.037448 166.040031 0.000000 0.000000 0.000000 0.000000 0.000000 0.000000 0.000000 0.000000 0.000000 0.000000 0.000000 0.000000 0.000000 0.000000 0.000000 
0.000000 166.040031 166.038740 166.037018 166.035296 166.034005 166.032713 166.031422 166.030561 166.029700 166.028839 166.028839 166.028839 166.028839 166.029270 166.029700 166.030992 166.032713 166.035296 166.038309 0.000000 0.000000 0.000000 0.000000 0.000000 0.000000 0.000000 0.000000 0.000000 0.000000 0.000000 0.000000 0.000000 
0.000000 0.000000 166.040031 166.037879 166.036157 166.034435 166.032713 166.031422 166.030131 166.028839 166.027548 166.026687 166.026257 166.025826 166.025826 166.025826 166.026257 166.027118 166.028409 166.030561 166.033144 166.037018 0.000000 0.000000 0.000000 0.000000 0.000000 0.000000 0.000000 0.000000 0.000000 0.000000 0.000000 
0.000000 0.000000 0.000000 166.040031 166.037879 166.035726 166.033574 166.031852 166.030131 166.028839 166.027548 166.026257 166.024965 166.024105 166.023244 166.022813 166.022813 166.022813 166.023244 166.024105 166.025826 166.028409 166.031852 166.036587 0.000000 0.000000 0.000000 0.000000 0.000000 0.000000 0.000000 0.000000 0.000000 
0.000000 0.000000 0.000000 0.000000 166.040461 166.038309 166.035726 166.033574 166.031422 166.029700 166.027979 166.026257 166.024965 166.023674 166.022383 166.021092 166.020231 166.019800 166.019800 166.019800 166.020231 166.021522 166.023244 166.026687 166.030992 166.036587 0.000000 0.000000 0.000000 0.000000 0.000000 0.000000 0.000000 
0.000000 0.000000 0.000000 0.000000 0.000000 0.000000 166.039170 166.036587 166.034005 166.031852 166.029270 166.027548 166.025396 166.023674 166.022383 166.020661 166.019370 166.018078 166.017218 166.016787 166.016787 166.016787 166.017648 166.018939 166.021522 166.025396 166.030992 166.038740 0.000000 0.000000 0.000000 0.000000 0.000000 
0.000000 0.000000 0.000000 0.000000 0.000000 0.000000 0.000000 166.041322 166.038309 166.035296 166.032713 166.030131 166.027548 166.025396 166.023244 166.021092 166.019800 166.018078 166.016787 166.015496 166.014635 166.013774 166.013774 166.013774 166.014635 166.016357 166.020231 166.025826 166.033144 0.000000 0.000000 0.000000 0.000000 
0.000000 0.000000 0.000000 0.000000 0.000000 0.000000 0.000000 0.000000 0.000000 166.040461 166.037448 166.034435 166.031422 166.028839 166.025826 166.023674 166.021092 166.018939 166.017218 166.015496 166.014204 166.012913 166.011622 166.010761 166.010761 166.010761 166.012052 166.014635 166.019800 166.027979 166.039170 0.000000 0.000000 
0.000000 0.000000 0.000000 0.000000 0.000000 0.000000 0.000000 0.000000 0.000000 0.000000 0.000000 166.040461 166.037018 166.034005 166.030992 166.027979 166.024965 166.021952 166.019370 166.017218 166.014635 166.012913 166.011622 166.010331 166.009039 166.007748 166.007748 166.007748 166.009470 166.014204 166.023244 166.036157 0.000000 
0.000000 0.000000 0.000000 0.000000 0.000000 0.000000 0.000000 0.000000 0.000000 0.000000 0.000000 0.000000 0.000000 166.041667 166.037879 166.034435 166.030992 166.027548 166.024105 166.021092 166.018509 166.015496 166.012913 166.010761 166.009039 166.007317 166.006026 166.005165 166.004735 166.005165 166.009039 166.018939 0.000000 
0.000000 0.000000 0.000000 0.000000 0.000000 0.000000 0.000000 0.000000 0.000000 0.000000 0.000000 0.000000 0.000000 0.000000 0.000000 0.000000 166.040031 166.036157 166.032283 166.028839 166.024965 166.021522 166.018078 166.014635 166.011622 166.008609 166.006457 166.004735 166.003444 166.002152 166.001722 166.003444 166.028839 
0.000000 0.000000 0.000000 0.000000 0.000000 0.000000 0.000000 0.000000 0.000000 0.000000 0.000000 0.000000 0.000000 0.000000 0.000000 0.000000 0.000000 0.000000 0.000000 166.039170 166.034866 166.031422 166.027548 166.023674 166.019800 166.015926 166.012052 166.008609 166.005165 166.002152 166.000861 166.000000 166.023244 
0.000000 0.000000 0.000000 0.000000 0.000000 0.000000 0.000000 0.000000 0.000000 0.000000 0.000000 0.000000 0.000000 0.000000 0.000000 0.000000 0.000000 0.000000 0.000000 0.000000 0.000000 0.000000 0.000000 166.041322 166.037448 166.033574 166.029700 166.025826 166.022383 166.018939 166.015926 166.016357 166.030992 
