test/output/constant/M355_S060_A000_WD315.0_WS010.0/M355_S060_A000_WD315.0_WS010.0_ros.asc
ncols         25
nrows         9
xllcorner     424303.990666
yllcorner     12748055.311160
cellsize      100.000000
NODATA_value  0.000000
0.000000 0.000000 0.000000 0.000000 0.000000 0.000000 0.000000 0.000000 0.000000 0.000000 0.000000 0.000000 22.784109 22.784109 16.294661 22.784109 22.784109 22.784109 22.784109 19.521551 22.784109 13.200542 10.331863 1.116873 0.000000 
0.000000 0.000000 0.000000 0.000000 0.000000 0.000000 0.000000 0.000000 13.200542 22.784109 22.784109 13.200542 22.784109 22.784109 13.200542 22.784109 22.784109 10.331863 13.200542 13.200542 22.784109 39.467926 39.467926 -1.000000 1.334423 
0.000000 0.000000 0.000000 0.000000 0.000000 22.784109 22.784109 25.983889 22.784109 16.294661 7.773715 22.784109 22.784109 22.784109 10.331863 37.879742 36.308865 39.467926 39.467926 39.467926 39.467926 37.511127 33.654217 1.188167 1.188167 
0.000000 0.000000 0.000000 22.784109 22.784109 25.983889 16.294661 22.784109 25.983889 22.784109 10.331863 13.200542 19.521551 39.467926 39.467926 39.467926 39.467926 39.467926 39.467926 31.107595 3.613815 1.670401 2.481910 1.188167 0.000000 
0.000000 0.000000 22.784109 19.521551 29.024187 22.784109 22.784109 39.467926 39.431175 19.521551 39.467926 39.467926 39.467926 38.704041 39.467926 39.467926 37.511127 28.248173 28.248173 2.481910 3.613815 1.334423 0.000000 0.000000 0.000000 
34.266014 39.467926 31.813032 39.467926 19.521551 39.467926 39.467926 39.467926 39.467926 39.467926 39.467926 39.467926 39.467926 31.107595 31.107595 28.248173 2.481910 28.248173 28.248173 2.481910 0.000000 0.000000 0.000000 0.000000 0.000000 
37.879742 39.467926 39.467926 39.467926 39.467926 39.467926 39.467926 39.467926 39.352978 39.467926 33.654217 1.783427 1.670401 25.162867 28.248173 2.481910 28.248173 1.783427 0.000000 0.000000 0.000000 0.000000 0.000000 0.000000 0.000000 
39.467926 39.467926 39.467926 39.467926 39.467926 37.511127 39.467926 38.704041 28.248173 28.248173 31.107595 3.613815 2.481910 25.162867 0.000000 0.000000 0.000000 0.000000 0.000000 0.000000 0.000000 0.000000 0.000000 0.000000 0.000000 
0.000000 39.467926 39.467926 39.467926 38.704041 28.248173 28.248173 28.248173 28.248173 28.248173 0.000000 0.000000 0.000000 0.000000 0.000000 0.000000 0.000000 0.000000 0.000000 0.000000 0.000000 0.000000 0.000000 0.000000 0.000000 
