test/output/constant/M3M4100_S060_A000_WD090.0_WS035.0/M3M4100_S060_A000_WD090.0_WS035.0_arrival.asc
ncols         66
nrows         9
xllcorner     420103.990666
yllcorner     12748355.311160
cellsize      100.000000
NODATA_value  0.000000
0.000000 0.000000 0.000000 0.000000 0.000000 0.000000 0.000000 0.000000 0.000000 0.000000 0.000000 0.000000 0.000000 0.000000 0.000000 0.000000 0.000000 0.000000 0.000000 166.041308 166.041050 166.040533 166.040017 166.039759 166.039242 166.038984 166.038468 166.037952 166.037693 166.037693 166.037693 166.037693 166.037693 166.037693 166.037952 166.037952 166.038210 166.038468 166.038984 166.039242 166.039501 166.040275 166.040791 166.041308 0.000000 0.000000 0.000000 0.000000 0.000000 0.000000 0.000000 0.000000 0.000000 0.000000 0.000000 0.000000 0.000000 0.000000 0.000000 0.000000 0.000000 0.000000 0.000000 0.000000 0.000000 0.000000 
0.000000 0.000000 0.000000 0.000000 0.000000 0.000000 0.000000 0.000000 0.000000 166.041308 166.040533 166.040017 166.039501 166.038984 166.038210 166.037693 166.037177 166.036661 166.036144 166.035628 166.035112 166.034595 166.034079 166.033563 166.033046 166.032788 166.032272 166.031755 166.031497 166.030981 166.030464 166.029948 166.029690 166.029174 166.028657 166.028399 166.027883 166.027625 166.027108 166.026850 166.026850 166.026850 166.027108 166.027108 166.027366 166.027625 166.027883 166.028141 166.028915 166.029432 166.030464 166.031497 166.033304 166.035112 166.036919 166.039501 0.000000 0.000000 0.000000 0.000000 0.000000 0.000000 0.000000 0.000000 0.000000 0.000000 
0.000000 0.000000 0.000000 0.000000 166.041308 166.040791 166.040017 166.039501 166.038984 166.038468 166.037693 166.037177 166.036402 166.035886 166.035370 166.034595 166.034079 166.033304 166.032788 166.032014 166.031497 166.030981 166.030206 166.029690 166.029174 166.028399 166.027883 166.027366 166.026592 166.026076 166.025559 166.025043 166.024268 166.023752 166.023236 166.022461 166.021945 166.021428 166.020912 166.020654 166.020138 166.019621 166.019105 166.018847 166.018330 166.017814 166.017298 166.017039 166.016523 166.016265 166.016265 166.016265 166.016523 166.016523 166.017039 166.017556 166.018330 166.019621 166.021428 166.023752 166.027366 166.032788 0.000000 0.000000 0.000000 0.000000 
0.000000 166.041566 166.041050 166.040275 166.039759 166.038984 166.038468 166.037693 166.037177 166.036402 166.035886 166.035112 166.034595 166.033821 166.033304 166.032788 166.032014 166.031497 166.030723 166.030206 166.029432 166.028915 166.028141 166.027625 166.026850 166.026334 166.025559 166.025043 166.024526 166.023752 166.023236 166.022461 166.021945 166.021170 166.020654 166.019879 166.019363 166.018588 166.018072 166.017556 166.016781 166.016265 166.015490 166.014974 166.014200 166.013683 166.013167 166.012392 166.011876 166.011101 166.010585 166.009811 166.009294 166.008778 166.008003 166.007487 166.006971 166.006454 166.005938 166.005680 166.005422 166.005680 166.006196 166.007745 166.012909 166.041308 
166.041667 166.041050 166.040533 166.039759 166.039242 166.038468 166.037952 166.037177 166.036661 166.035886 166.035370 166.034595 166.034079 166.033304 166.032788 166.032014 166.031497 166.030723 166.030206 166.029432 166.028915 166.028141 166.027625 166.026850 166.026334 166.025559 166.025043 166.024268 166.023752 166.022977 166.022461 166.021687 166.021170 166.020396 166.019879 166.019105 166.018588 166.017814 166.017298 166.016523 166.016007 166.015232 166.014716 166.013941 166.013425 166.012651 166.012134 166.011360 166.010843 166.010069 166.009552 166.008778 166.008262 166.007487 166.006971 166.006196 166.005680 166.004905 166.004389 166.003614 166.003098 166.002324 166.001807 166.001033 166.000516 166.000000 
0.000000 166.041566 166.041050 166.040275 166.039759 166.038984 166.038468 166.037693 166.037177 166.036402 166.035886 166.035112 166.034595 166.033821 166.033304 166.032788 166.032014 166.031497 166.030723 166.030206 166.029432 166.028915 166.028141 166.027625 166.026850 166.026334 166.025559 166.025043 166.024526 166.023752 166.023236 166.022461 166.021945 166.021170 166.020654 166.019879 166.019363 166.018588 166.018072 166.017556 166.016781 166.016265 166.015490 166.014974 166.014200 166.013683 166.013167 166.012392 166.011876 166.011101 166.010585 166.009811 166.009294 166.008778 166.008003 166.007487 166.006971 166.006454 166.005938 166.005680 166.005422 166.005680 166.006196 166.007745 166.012909 166.041308 
0.000000 0.000000 0.000000 0.000000 166.041308 166.040791 166.040017 166.039501 166.038984 166.038468 166.037693 166.037177 166.036402 166.035886 166.035370 166.034595 166.034079 166.033304 166.032788 166.032014 166.031497 166.030981 166.030206 166.029690 166.029174 166.028399 166.027883 166.027366 166.026592 166.026076 166.025559 166.025043 166.024268 166.023752 166.023236 166.022461 166.021945 166.021428 166.020912 166.020654 166.020138 166.019621 166.019105 166.018847 166.018330 166.017814 166.017298 166.017039 166.016523 166.016265 166.016265 166.016265 166.016523 166.016523 166.017039 166.017556 166.018330 166.019621 166.021428 166.023752 166.027366 166.032788 0.000000 0.000000 0.000000 0.000000 
0.000000 0.000000 0.000000 0.000000 0.000000 0.000000 0.000000 0.000000 0.000000 166.041308 166.040533 166.040017 166.039501 166.038984 166.038210 166.037693 166.037177 166.036661 166.036144 166.035628 166.035112 166.034595 166.034079 166.033563 166.033046 166.032788 166.032272 166.031755 166.031497 166.030981 166.030464 166.029948 166.029690 166.029174 166.028657 166.028399 166.027883 166.027625 166.027108 166.026850 166.026850 166.026850 166.027108 166.027108 166.027366 166.027625 166.027883 166.028141 166.028915 166.029432 166.030464 166.031497 166.033304 166.035112 166.036919 166.039501 0.000000 0.000000 0.000000 0.000000 0.000000 0.000000 0.000000 0.000000 0.000000 0.000000 
0.000000 0.000000 0.000000 0.000000 0.000000 0.000000 0.000000 0.000000 0.000000 0.000000 0.000000 0.000000 0.000000 0.000000 0.000000 0.000000 0.000000 0.000000 0.000000 166.041308 166.041050 166.040533 166.040017 166.039759 166.039242 166.038984 166.038468 166.037952 166.037693 166.037693 166.037693 166.037693 166.037693 166.037693 166.037952 166.037952 166.038210 166.038468 166.038984 166.039242 166.039501 166.040275 166.040791 166.041308 0.000000 0.000000 0.000000 0.000000 0.000000 0.000000 0.000000 0.000000 0.000000 0.000000 0.000000 0.000000 0.000000 0.000000 0.000000 0.000000 0.000000 0.000000 0.000000 0.000000 0.000000 0.000000 
