test/output/constant/M395_S060_A000_WD090.0_WS045.0/M395_S060_A000_WD090.0_WS045.0_arrival.asc
ncols         66
nrows         9
xllcorner     420103.990666
yllcorner     12748355.311160
cellsize      100.000000
NODATA_value  0.000000
0.000000 0.000000 0.000000 0.000000 0.000000 0.000000 0.000000 0.000000 0.000000 0.000000 0.000000 0.000000 0.000000 0.000000 0.000000 0.000000 0.000000 0.000000 0.000000 0.000000 0.000000 166.041667 166.041190 166.040932 166.040417 166.040160 166.039645 166.039645 166.039645 166.039645 166.039645 166.039903 166.039903 166.040160 166.040417 166.040675 166.040932 166.041190 166.041667 0.000000 0.000000 0.000000 0.000000 0.000000 0.000000 0.000000 0.000000 0.000000 0.000000 0.000000 0.000000 0.000000 0.000000 0.000000 0.000000 0.000000 0.000000 0.000000 0.000000 0.000000 0.000000 0.000000 0.000000 0.000000 0.000000 0.000000 
0.000000 0.000000 0.000000 0.000000 0.000000 0.000000 0.000000 0.000000 0.000000 166.041667 166.041190 166.040417 166.039903 166.039388 166.038873 166.038358 166.037843 166.037328 166.036813 166.036298 166.035784 166.035269 166.034754 166.034496 166.033981 166.033467 166.032952 166.032694 166.032179 166.031665 166.031407 166.030892 166.030377 166.030120 166.029605 166.029090 166.028833 166.028575 166.028318 166.028318 166.028318 166.028575 166.028833 166.028833 166.029090 166.029605 166.030120 166.030377 166.031150 166.032179 166.033467 166.034754 166.036556 166.038873 166.041447 0.000000 0.000000 0.000000 0.000000 0.000000 0.000000 0.000000 0.000000 0.000000 0.000000 0.000000 
0.000000 0.000000 0.000000 0.000000 166.041447 166.040932 166.040160 166.039645 166.038873 166.038358 166.037843 166.037328 166.036556 166.036041 166.035526 166.034754 166.034239 166.033724 166.032952 166.032437 166.031665 166.031150 166.030377 166.029863 166.029348 166.028575 166.028060 166.027546 166.027031 166.026258 166.025744 166.025229 166.024714 166.023942 166.023427 166.022912 166.022397 166.021882 166.021367 166.021110 166.020595 166.020080 166.019565 166.019308 166.018793 166.018278 166.018020 166.017506 166.017248 166.016991 166.016991 166.017248 166.017506 166.017763 166.018278 166.018793 166.020337 166.021625 166.023942 166.026516 166.030892 166.038100 0.000000 0.000000 0.000000 0.000000 
0.000000 166.041447 166.040932 166.040160 166.039645 166.038873 166.038358 166.037843 166.037071 166.036556 166.035784 166.035269 166.034496 166.033981 166.033209 166.032694 166.031922 166.031407 166.030892 166.030120 166.029605 166.028833 166.028318 166.027546 166.027031 166.026258 166.025744 166.024971 166.024456 166.023684 166.023169 166.022654 166.021882 166.021367 166.020595 166.020080 166.019308 166.018793 166.018020 166.017506 166.016733 166.016218 166.015704 166.014931 166.014416 166.013644 166.013129 166.012357 166.011842 166.011327 166.010555 166.010040 166.009268 166.008753 166.008238 166.007723 166.007208 166.006693 166.006178 166.005921 166.005921 166.005921 166.006951 166.009010 166.015446 0.000000 
166.041667 166.040932 166.040417 166.039645 166.039130 166.038358 166.037843 166.037071 166.036556 166.035784 166.035269 166.034496 166.033981 166.033209 166.032694 166.031922 166.031407 166.030635 166.030120 166.029348 166.028833 166.028060 166.027546 166.026773 166.026258 166.025486 166.024971 166.024199 166.023684 166.022912 166.022397 166.021625 166.021110 166.020337 166.019823 166.019050 166.018535 166.017763 166.017248 166.016476 166.015961 166.015189 166.014674 166.013902 166.013387 166.012614 166.012099 166.011327 166.010812 166.010040 166.009525 166.008753 166.008238 166.007466 166.006951 166.006178 166.005664 166.004891 166.004376 166.003604 166.003089 166.002317 166.001802 166.001030 166.000515 166.000000 
0.000000 166.041447 166.040932 166.040160 166.039645 166.038873 166.038358 166.037843 166.037071 166.036556 166.035784 166.035269 166.034496 166.033981 166.033209 166.032694 166.031922 166.031407 166.030892 166.030120 166.029605 166.028833 166.028318 166.027546 166.027031 166.026258 166.025744 166.024971 166.024456 166.023684 166.023169 166.022654 166.021882 166.021367 166.020595 166.020080 166.019308 166.018793 166.018020 166.017506 166.016733 166.016218 166.015704 166.014931 166.014416 166.013644 166.013129 166.012357 166.011842 166.011327 166.010555 166.010040 166.009268 166.008753 166.008238 166.007723 166.007208 166.006693 166.006178 166.005921 166.005921 166.005921 166.006951 166.009010 166.015446 0.000000 
0.000000 0.000000 0.000000 0.000000 166.041447 166.040932 166.040160 166.039645 166.038873 166.038358 166.037843 166.037328 166.036556 166.036041 166.035526 166.034754 166.034239 166.033724 166.032952 166.032437 166.031665 166.031150 166.030377 166.029863 166.029348 166.028575 166.028060 166.027546 166.027031 166.026258 166.025744 166.025229 166.024714 166.023942 166.023427 166.022912 166.022397 166.021882 166.021367 166.021110 166.020595 166.020080 166.019565 166.019308 166.018793 166.018278 166.018020 166.017506 166.017248 166.016991 166.016991 166.017248 166.017506 166.017763 166.018278 166.018793 166.020337 166.021625 166.023942 166.026516 166.030892 166.038100 0.000000 0.000000 0.000000 0.000000 
0.000000 0.000000 0.000000 0.000000 0.000000 0.000000 0.000000 0.000000 0.000000 166.041667 166.041190 166.040417 166.039903 166.039388 166.038873 166.038358 166.037843 166.037328 166.036813 166.036298 166.035784 166.035269 166.034754 166.034496 166.033981 166.033467 166.032952 166.032694 166.032179 166.031665 166.031407 166.030892 166.030377 166.030120 166.029605 166.029090 166.028833 166.028575 166.028318 166.028318 166.028318 166.028575 166.028833 166.028833 166.029090 166.029605 166.030120 166.030377 166.031150 166.032179 166.033467 166.034754 166.036556 166.038873 166.041447 0.000000 0.000000 0.000000 0.000000 0.000000 0.000000 0.000000 0.000000 0.000000 0.000000 0.000000 
0.000000 0.000000 0.000000 0.000000 0.000000 0.000000 0.000000 0.000000 0.000000 0.000000 0.000000 0.000000 0.000000 0.000000 0.000000 0.000000 0.000000 0.000000 0.000000 0.000000 0.000000 166.041667 166.041190 166.040932 166.040417 166.040160 166.039645 166.039645 166.039645 166.039645 166.039645 166.039903 166.039903 166.040160 166.040417 166.040675 166.040932 166.041190 166.041667 0.000000 0.000000 0.000000 0.000000 0.000000 0.000000 0.000000 0.000000 0.000000 0.000000 0.000000 0.000000 0.000000 0.000000 0.000000 0.000000 0.000000 0.000000 0.000000 0.000000 0.000000 0.000000 0.000000 0.000000 0.000000 0.000000 0.000000 
