test/output/constant/M3100_S060_A090_WD225.0_WS005.0/M3100_S060_A090_WD225.0_WS005.0_raz.asc
ncols         13
nrows         55
xllcorner     426303.990666
yllcorner     12743455.311160
cellsize      100.000000
NODATA_value  0.000000
0 0 0 84 0 0 0 0 0 0 0 0 0 
0 0 287 65535 84 84 0 0 0 0 0 0 0 
0 287 184 174 166 84 0 0 0 0 0 0 0 
0 287 184 174 169 164 97 0 0 0 0 0 0 
0 188 186 174 169 166 164 0 0 0 0 0 0 
0 191 191 174 174 166 62 0 0 0 0 0 0 
186 223 186 174 172 171 166 354 0 0 0 0 0 
188 240 182 174 174 171 166 166 0 0 0 0 0 
182 191 186 174 171 169 166 166 0 0 0 0 0 
194 182 180 174 174 169 166 167 166 0 0 0 0 
191 186 180 177 174 171 166 62 62 0 0 0 0 
184 182 178 174 174 166 174 166 166 0 0 0 0 
182 184 178 174 174 171 167 166 167 166 0 0 0 
184 184 178 174 174 174 169 172 166 166 0 0 0 
182 181 178 174 174 174 172 172 167 166 0 0 0 
186 188 177 174 174 174 170 174 167 166 0 0 0 
186 184 177 174 174 174 170 137 167 166 0 0 0 
182 186 178 174 174 174 174 166 171 166 166 0 0 
182 188 177 174 174 174 170 171 173 167 166 0 0 
191 180 176 174 174 174 174 171 166 166 166 0 0 
186 181 177 174 174 174 170 167 170 166 167 0 0 
188 188 177 174 174 170 174 172 166 166 166 0 0 
180 181 176 186 174 174 172 174 166 169 166 0 0 
186 186 176 184 174 173 174 174 167 166 169 0 0 
184 182 177 184 174 174 170 174 170 167 171 166 0 
181 181 177 188 174 174 174 174 167 171 171 166 0 
188 180 177 182 174 174 174 174 171 166 171 166 0 
180 180 176 182 181 174 174 174 170 167 166 166 0 
181 180 175 182 174 174 174 174 172 169 167 169 0 
184 178 174 182 177 174 174 174 172 167 166 172 0 
186 178 174 181 174 174 174 174 172 166 170 167 0 
186 177 174 181 174 174 174 174 174 169 167 169 0 
181 186 174 181 174 174 174 174 170 173 170 167 0 
184 186 174 181 191 174 174 174 174 172 166 166 0 
0 186 174 175 175 174 174 174 174 170 171 166 171 
0 186 174 178 176 175 174 174 170 169 169 169 167 
0 184 174 180 180 174 174 174 174 171 170 167 166 
0 188 174 180 178 174 174 174 174 174 174 169 167 
0 182 174 178 174 174 174 174 174 169 173 166 174 
0 182 174 178 176 177 174 174 174 174 171 169 169 
0 0 174 178 178 175 174 174 174 174 167 167 0 
0 0 194 178 174 174 174 174 174 174 167 170 0 
0 0 188 178 174 174 174 173 172 174 167 174 0 
0 0 174 178 174 186 174 171 174 174 174 174 0 
0 0 174 177 174 186 174 174 174 174 174 170 0 
0 0 0 178 174 174 174 174 171 174 172 167 0 
0 0 0 178 174 174 174 174 174 173 174 174 0 
0 0 0 178 174 174 174 174 174 174 174 174 0 
0 0 0 0 174 174 186 174 174 169 173 174 0 
0 0 0 0 174 186 180 174 174 174 174 174 0 
0 0 0 0 174 180 174 174 174 174 172 170 0 
0 0 0 0 0 180 174 174 174 174 173 0 0 
0 0 0 0 0 177 174 174 174 169 174 0 0 
0 0 0 0 0 0 174 174 174 174 174 0 0 
0 0 0 0 0 0 0 174 174 171 0 0 0 
