test/output/constant/M3100_S060_A090_WD225.0_WS005.0/M3100_S060_A090_WD225.0_WS005.0_intensity.asc
ncols         13
nrows         55
xllcorner     426303.990666
yllcorner     12743455.311160
cellsize      100.000000
NODATA_value  0.000000
0 0 0 1726 0 0 0 0 0 0 0 0 0 
0 0 1304 0 1726 1726 0 0 0 0 0 0 0 
0 1304 50585 83142 56810 1726 0 0 0 0 0 0 0 
0 1304 50585 83142 68918 50018 2164 0 0 0 0 0 0 
0 36541 43576 83142 68918 56810 50018 0 0 0 0 0 0 
0 29692 29692 83142 83142 56810 1328 0 0 0 0 0 0 
43576 4959 43576 83142 80801 77868 56810 1092 0 0 0 0 0 
36541 2890 57353 83142 83142 77868 56810 56810 0 0 0 0 0 
57353 29692 43576 83142 77868 68918 56810 56810 0 0 0 0 0 
23238 57353 69362 83142 83142 68918 56810 63175 56810 0 0 0 0 
29692 43576 69362 78154 83142 77868 56810 1328 1328 0 0 0 0 
50585 57353 74237 83142 83142 56810 82989 56810 56810 0 0 0 0 
57353 50585 74237 83142 83142 77868 63175 56810 63175 56810 0 0 0 
50585 50585 74237 83142 83142 83142 68918 80801 56810 56810 0 0 0 
57353 63676 74237 83142 83142 83142 80801 80801 63175 56810 0 0 0 
43576 36541 78154 83142 83142 83142 73866 83142 63175 56810 0 0 0 
43576 50585 78154 83142 83142 83142 73866 7873 63175 56810 0 0 0 
57353 43576 74237 83142 83142 83142 83142 56810 77868 56810 56810 0 0 
57353 36541 78154 83142 83142 83142 73866 77868 82577 63175 56810 0 0 
29692 69362 80995 83142 83142 83142 83142 77868 56810 56810 56810 0 0 
43576 63676 78154 83142 83142 83142 73866 63175 73866 56810 63175 0 0 
36541 36541 78154 83142 83142 73866 83142 80801 56810 56810 56810 0 0 
69362 63676 80995 43576 83142 83142 80801 83142 56810 68918 56810 0 0 
43576 43576 80995 50585 83142 82577 83142 83142 63175 56810 68918 0 0 
50585 57353 78154 50585 83142 83142 73866 83142 73866 63175 77868 56810 0 
63676 63676 78154 36541 83142 83142 82989 83142 63175 77868 77868 56810 0 
36541 69362 78154 57353 83142 83142 83142 83142 77868 56810 77868 56810 0 
69362 69362 80995 57353 63676 83142 83142 83142 73866 63175 56810 56810 0 
63676 69362 82671 57353 83142 83142 82989 83142 80801 68918 63175 68918 0 
50585 74237 83142 57353 78154 83142 83142 83142 80801 63175 56810 80801 0 
43576 74237 83142 63676 83142 83142 83142 83142 80801 56810 73866 63175 0 
43576 78154 83142 63676 83142 83142 83142 83142 83142 68918 63175 68918 0 
63676 43576 83142 63676 83142 83142 83142 83142 73866 82577 73866 63175 0 
50585 43576 83142 63676 29692 83142 83142 83142 83142 80801 56810 56810 0 
0 43576 83142 82671 82671 83142 83142 83142 83142 73866 77868 56810 77868 
0 43576 83142 74237 80995 82671 83142 83142 73866 68918 68918 68918 63175 
0 50585 83142 69362 69362 83142 83142 83142 83142 77868 73866 63175 56810 
0 36541 83142 69362 74237 83142 83142 83142 83142 82989 82989 68918 63175 
0 57353 83142 74237 83142 83142 83142 83142 83142 68918 82577 56810 83142 
0 57353 83142 74237 80995 78154 83142 83142 83142 82989 77868 68918 68918 
0 0 83142 74237 74237 83036 83142 83142 83142 83142 63175 63175 0 
0 0 23238 74237 83142 83142 83142 83142 83142 83142 63175 73866 0 
0 0 36541 74237 83142 83142 83142 82577 80801 83142 63175 82989 0 
0 0 83142 74237 83142 43576 83142 77868 83142 83142 83142 83142 0 
0 0 83142 78154 83142 43576 83142 83142 83142 83142 83142 73866 0 
0 0 0 74237 83142 83142 83142 83142 77868 83142 80801 63175 0 
0 0 0 74237 83142 83142 83142 83142 83142 82577 83142 83142 0 
0 0 0 74237 83142 83142 83142 83142 83142 83142 83142 83142 0 
0 0 0 0 83142 83142 43576 83142 82989 68918 82577 83142 0 
0 0 0 0 83142 43576 69362 83142 83142 83142 83142 83142 0 
0 0 0 0 83142 69362 83142 83142 83142 83142 80801 73866 0 
0 0 0 0 0 69362 83142 83142 83142 83142 82577 0 0 
0 0 0 0 0 78154 83142 83142 83142 68918 83142 0 0 
0 0 0 0 0 0 83142 83142 83142 83142 83142 0 0 
0 0 0 0 0 0 0 83142 83142 77868 0 0 0 
