test/output/constant/M3100_S060_A090_WD225.0_WS005.0/M3100_S060_A090_WD225.0_WS005.0_arrival.asc
ncols         13
nrows         55
xllcorner     426303.990666
yllcorner     12743455.311160
cellsize      100.000000
NODATA_value  0.000000
0.000000 0.000000 0.000000 166.031027 0.000000 0.000000 0.000000 0.000000 0.000000 0.000000 0.000000 0.000000 0.000000 
0.000000 0.000000 166.013652 166.000000 166.008688 166.039405 0.000000 0.000000 0.000000 0.000000 0.000000 0.000000 0.000000 
0.000000 166.036923 166.008377 166.000621 166.003103 166.023891 0.000000 0.000000 0.000000 0.000000 0.000000 0.000000 0.000000 
0.000000 166.029166 166.006826 166.001241 166.002482 166.014893 166.038784 0.000000 0.000000 0.000000 0.000000 0.000000 0.000000 
0.000000 166.023891 166.006826 166.002172 166.002792 166.010549 166.028545 0.000000 0.000000 0.000000 0.000000 0.000000 0.000000 
0.000000 166.021719 166.006826 166.002792 166.003103 166.008688 166.022650 0.000000 0.000000 0.000000 0.000000 0.000000 0.000000 
166.040025 166.020478 166.007447 166.003723 166.003723 166.007757 166.018306 166.035681 0.000000 0.000000 0.000000 0.000000 0.000000 
166.037543 166.019547 166.008067 166.004344 166.004344 166.007447 166.015824 166.030407 0.000000 0.000000 0.000000 0.000000 0.000000 
166.035681 166.019237 166.008688 166.005275 166.005275 166.007447 166.014273 166.026063 0.000000 0.000000 0.000000 0.000000 0.000000 
166.034130 166.019547 166.009308 166.006205 166.005895 166.007757 166.013031 166.023271 166.038164 0.000000 0.000000 0.000000 0.000000 
166.032889 166.019547 166.010239 166.006826 166.006826 166.008067 166.012411 166.021409 166.034130 0.000000 0.000000 0.000000 0.000000 
166.032268 166.019858 166.011170 166.007757 166.007447 166.008377 166.012411 166.019858 166.030717 0.000000 0.000000 0.000000 0.000000 
166.031958 166.020168 166.012101 166.008688 166.008377 166.008998 166.012411 166.018616 166.028545 166.041577 0.000000 0.000000 0.000000 
166.031958 166.020478 166.013031 166.009618 166.008998 166.009618 166.012411 166.017996 166.026684 166.038474 0.000000 0.000000 0.000000 
166.031958 166.021099 166.013962 166.010549 166.009929 166.010239 166.012721 166.017375 166.025132 166.035992 0.000000 0.000000 0.000000 
166.031958 166.021409 166.014893 166.011480 166.010860 166.010860 166.013031 166.017375 166.024201 166.033820 0.000000 0.000000 0.000000 
166.032268 166.022029 166.015824 166.012411 166.011480 166.011480 166.013342 166.017375 166.023271 166.032268 0.000000 0.000000 0.000000 
166.032579 166.022650 166.016755 166.013342 166.012411 166.012411 166.013652 166.017375 166.022650 166.030717 166.040956 0.000000 0.000000 
166.032889 166.023271 166.017686 166.014273 166.013031 166.013031 166.014273 166.017375 166.022340 166.029786 166.039405 0.000000 0.000000 
166.032889 166.023891 166.018616 166.015203 166.013962 166.013962 166.014893 166.017686 166.022029 166.028545 166.037853 0.000000 0.000000 
166.033510 166.024822 166.019547 166.016134 166.014583 166.014583 166.015203 166.017996 166.022029 166.027925 166.036302 0.000000 0.000000 
166.033820 166.025442 166.020478 166.017065 166.015514 166.015514 166.016134 166.017996 166.022340 166.027304 166.035371 0.000000 0.000000 
166.034440 166.026063 166.021409 166.017996 166.016444 166.016134 166.016444 166.018616 166.022340 166.026994 166.034130 0.000000 0.000000 
166.035061 166.026994 166.022340 166.018927 166.017065 166.017065 166.017065 166.018927 166.022340 166.026994 166.033510 0.000000 0.000000 
166.035681 166.027925 166.023271 166.019858 166.017996 166.017686 166.017996 166.019547 166.022650 166.026994 166.032889 166.040646 0.000000 
166.035992 166.028545 166.024201 166.020788 166.018927 166.018616 166.018616 166.020168 166.022960 166.026994 166.032268 166.039715 0.000000 
166.036612 166.029476 166.025132 166.021719 166.019858 166.019237 166.019237 166.020788 166.022960 166.027304 166.031958 166.038784 0.000000 
166.037233 166.030407 166.026063 166.022650 166.020788 166.020168 166.020168 166.021099 166.023271 166.027304 166.031958 166.038164 0.000000 
166.038164 166.031338 166.026994 166.023581 166.021409 166.020788 166.020788 166.021719 166.023891 166.027304 166.031958 166.037543 0.000000 
166.038784 166.032268 166.027925 166.024512 166.022340 166.021719 166.021719 166.022340 166.024201 166.027614 166.031958 166.037233 0.000000 
166.039405 166.033199 166.028855 166.025442 166.023271 166.022340 166.022340 166.022960 166.024822 166.027925 166.031958 166.036612 0.000000 
166.040025 166.034130 166.029786 166.026373 166.024201 166.023271 166.023271 166.023581 166.025442 166.027925 166.032268 166.036612 0.000000 
166.040646 166.035061 166.030717 166.027304 166.025132 166.024201 166.023891 166.024201 166.025753 166.028235 166.032268 166.036612 0.000000 
166.041577 166.035992 166.031648 166.028235 166.026063 166.024822 166.024822 166.025132 166.026373 166.028855 166.032579 166.036923 0.000000 
0.000000 166.036923 166.032579 166.028855 166.026684 166.025753 166.025442 166.025753 166.026994 166.029166 166.032579 166.036923 166.041577 
0.000000 166.037853 166.033510 166.029786 166.027614 166.026373 166.026373 166.026373 166.027614 166.029786 166.032889 166.036923 166.041577 
0.000000 166.038784 166.034440 166.030717 166.028545 166.027304 166.026994 166.027304 166.028235 166.030097 166.032889 166.037233 166.041577 
0.000000 166.039715 166.035371 166.031648 166.029476 166.028235 166.027925 166.027925 166.028855 166.030717 166.033199 166.037233 166.041577 
0.000000 166.040646 166.036302 166.032579 166.030407 166.029166 166.028855 166.028855 166.029476 166.031027 166.033510 166.037543 166.041667 
0.000000 166.041577 166.037233 166.033510 166.031338 166.029786 166.029476 166.029476 166.030097 166.031648 166.034130 166.037543 166.041667 
0.000000 0.000000 166.038164 166.034440 166.032268 166.030717 166.030407 166.030407 166.030717 166.032268 166.034440 166.037853 0.000000 
0.000000 0.000000 166.039094 166.035371 166.033199 166.031648 166.031027 166.031027 166.031338 166.032889 166.035061 166.037853 0.000000 
0.000000 0.000000 166.040025 166.036302 166.034130 166.032579 166.031958 166.031958 166.031958 166.033510 166.035371 166.038164 0.000000 
0.000000 0.000000 166.040956 166.037233 166.035061 166.033510 166.032579 166.032579 166.032889 166.034130 166.035992 166.038474 0.000000 
0.000000 0.000000 166.041667 166.038164 166.035992 166.034440 166.033510 166.033510 166.033510 166.034751 166.036612 166.038784 0.000000 
0.000000 0.000000 0.000000 166.039094 166.036923 166.035061 166.034440 166.034130 166.034130 166.035371 166.036923 166.039405 0.000000 
0.000000 0.000000 0.000000 166.040025 166.037853 166.035992 166.035061 166.035061 166.035061 166.035992 166.037543 166.039715 0.000000 
0.000000 0.000000 0.000000 166.040956 166.038784 166.036923 166.035992 166.035681 166.035681 166.036612 166.038164 166.040336 0.000000 
0.000000 0.000000 0.000000 0.000000 166.039715 166.037853 166.036923 166.036612 166.036612 166.037233 166.038784 166.040646 0.000000 
0.000000 0.000000 0.000000 0.000000 166.040646 166.038784 166.037543 166.037233 166.037233 166.037853 166.039405 166.041266 0.000000 
0.000000 0.000000 0.000000 0.000000 166.041577 166.039715 166.038474 166.038164 166.038164 166.038474 166.039715 166.041577 0.000000 
0.000000 0.000000 0.000000 0.000000 0.000000 166.040336 166.039405 166.038784 166.038784 166.039094 166.040336 0.000000 0.000000 
0.000000 0.000000 0.000000 0.000000 0.000000 166.041266 166.040025 166.039715 166.039715 166.040025 166.040956 0.000000 0.000000 
0.000000 0.000000 0.000000 0.000000 0.000000 0.000000 166.040956 166.040646 166.040336 166.040646 166.041577 0.000000 0.000000 
0.000000 0.000000 0.000000 0.000000 0.000000 0.000000 0.000000 166.041266 166.041266 166.041266 0.000000 0.000000 0.000000 
