test/output/constant/M3M485_S060_A090_WD225.0_WS010.0/M3M485_S060_A090_WD225.0_WS010.0_ros.asc
ncols         13
nrows         38
xllcorner     426403.990666
yllcorner     12745155.311160
cellsize      100.000000
NODATA_value  0.000000
0.000000 1.526114 1.382559 1.923069 0.000000 0.000000 0.000000 0.000000 0.000000 0.000000 0.000000 0.000000 0.000000 
0.000000 1.312413 0.000000 1.923069 1.923069 0.000000 0.000000 0.000000 0.000000 0.000000 0.000000 0.000000 0.000000 
0.000000 22.541719 61.548916 61.017784 2.710317 0.000000 0.000000 0.000000 0.000000 0.000000 0.000000 0.000000 0.000000 
1.526114 17.822725 61.548916 61.391647 36.716808 31.593527 0.000000 0.000000 0.000000 0.000000 0.000000 0.000000 0.000000 
1.312413 37.800072 61.548916 61.391647 46.390957 46.390957 1.584514 0.000000 0.000000 0.000000 0.000000 0.000000 0.000000 
1.526114 32.683582 61.548916 61.548916 61.548916 41.699776 36.716808 0.000000 0.000000 0.000000 0.000000 0.000000 0.000000 
22.541719 37.800072 61.548916 61.548916 54.340553 46.390957 41.699776 2.245645 0.000000 0.000000 0.000000 0.000000 0.000000 
17.822725 32.683582 61.488415 61.548916 50.647705 59.605724 1.382559 36.716808 0.000000 0.000000 0.000000 0.000000 0.000000 
22.541719 22.541719 47.354401 61.548916 61.548916 57.357159 1.584514 46.390957 0.000000 0.000000 0.000000 0.000000 0.000000 
13.530532 37.800072 61.488415 61.548916 61.548916 61.391647 46.390957 41.699776 41.699776 0.000000 0.000000 0.000000 0.000000 
17.822725 37.800072 61.488415 61.548916 61.548916 59.605724 61.017784 41.699776 46.390957 0.000000 0.000000 0.000000 0.000000 
37.800072 22.541719 51.502728 27.545675 61.548916 61.548916 61.548916 41.699776 41.699776 0.000000 0.000000 0.000000 0.000000 
37.800072 42.740234 17.822725 61.548916 61.548916 61.548916 61.548916 61.548916 41.699776 41.699776 0.000000 0.000000 0.000000 
0.000000 32.683582 55.059452 61.548916 61.548916 61.548916 54.340553 61.548916 59.605724 41.699776 0.000000 0.000000 0.000000 
0.000000 32.683582 27.545675 22.541719 61.548916 61.548916 59.605724 57.357159 59.605724 46.390957 0.000000 0.000000 0.000000 
0.000000 27.545675 57.916759 32.683582 61.548916 61.548916 61.548916 61.391647 61.548916 46.390957 46.390957 0.000000 0.000000 
0.000000 47.354401 47.354401 59.988045 61.548916 61.548916 61.548916 61.548916 59.605724 59.605724 46.390957 0.000000 0.000000 
0.000000 37.800072 13.530532 17.822725 27.545675 61.548916 61.548916 61.548916 61.548916 57.357159 41.699776 0.000000 0.000000 
0.000000 51.502728 51.502728 61.548916 42.740234 61.548916 61.548916 57.357159 61.548916 61.017784 50.647705 0.000000 0.000000 
0.000000 22.541719 13.530532 61.548916 61.488415 61.548916 61.548916 61.548916 59.605724 61.548916 57.357159 59.605724 0.000000 
0.000000 0.000000 55.059452 61.210567 61.548916 61.548916 61.548916 61.548916 59.605724 57.357159 61.017784 41.699776 0.000000 
0.000000 0.000000 37.800072 27.545675 61.548916 61.548916 61.548916 61.548916 54.340553 54.340553 61.548916 41.699776 0.000000 
0.000000 0.000000 13.530532 17.822725 61.548916 61.488415 61.548916 61.548916 61.548916 59.605724 59.605724 61.548916 0.000000 
0.000000 0.000000 47.354401 61.548916 61.548916 61.548916 61.548916 59.605724 61.548916 61.548916 61.548916 61.548916 0.000000 
0.000000 0.000000 22.541719 51.502728 61.548916 37.800072 61.548916 61.548916 61.391647 59.605724 61.548916 59.605724 0.000000 
0.000000 0.000000 0.000000 27.545675 61.548916 61.548916 61.548916 61.548916 59.605724 57.357159 61.548916 61.548916 59.605724 
0.000000 0.000000 0.000000 57.916759 61.548916 61.488415 61.548916 61.548916 61.548916 61.548916 61.548916 59.605724 59.605724 
0.000000 0.000000 0.000000 32.683582 61.548916 61.548916 61.548916 61.548916 61.548916 61.548916 54.340553 59.605724 41.699776 
0.000000 0.000000 0.000000 0.000000 61.548916 61.548916 61.488415 61.548916 59.605724 61.548916 61.548916 59.605724 61.548916 
0.000000 0.000000 0.000000 0.000000 61.548916 17.822725 61.548916 61.548916 61.548916 61.548916 61.391647 61.391647 61.548916 
0.000000 0.000000 0.000000 0.000000 57.916759 27.545675 61.548916 61.548916 61.548916 61.548916 61.548916 61.548916 46.390957 
0.000000 0.000000 0.000000 0.000000 0.000000 59.988045 61.548916 61.548916 61.548916 61.548916 61.548916 59.605724 61.017784 
0.000000 0.000000 0.000000 0.000000 0.000000 61.548916 22.541719 55.059452 61.548916 61.548916 61.548916 61.017784 61.391647 
0.000000 0.000000 0.000000 0.000000 0.000000 0.000000 61.548916 61.548916 61.548916 61.548916 61.548916 61.548916 61.548916 
0.000000 0.000000 0.000000 0.000000 0.000000 0.000000 61.548916 61.210567 61.548916 61.548916 61.548916 61.548916 61.391647 
0.000000 0.000000 0.000000 0.000000 0.000000 0.000000 0.000000 61.548916 61.548916 61.548916 61.548916 61.548916 0.000000 
0.000000 0.000000 0.000000 0.000000 0.000000 0.000000 0.000000 0.000000 61.548916 61.548916 61.548916 61.548916 0.000000 
0.000000 0.000000 0.000000 0.000000 0.000000 0.000000 0.000000 0.000000 0.000000 61.548916 61.548916 57.357159 0.000000 
