test/output/constant/M3M485_S060_A090_WD225.0_WS010.0/M3M485_S060_A090_WD225.0_WS010.0_arrival.asc
ncols         13
nrows         38
xllcorner     426403.990666
yllcorner     12745155.311160
cellsize      100.000000
NODATA_value  0.000000
0.000000 166.038931 166.025954 166.035351 0.000000 0.000000 0.000000 0.000000 0.000000 0.000000 0.000000 0.000000 0.000000 
0.000000 166.016109 166.000000 166.006712 166.033561 0.000000 0.000000 0.000000 0.000000 0.000000 0.000000 0.000000 0.000000 
0.000000 166.012529 166.000895 166.002237 166.017452 0.000000 0.000000 0.000000 0.000000 0.000000 0.000000 0.000000 0.000000 
166.040273 166.012977 166.001790 166.002237 166.009845 166.028639 0.000000 0.000000 0.000000 0.000000 0.000000 0.000000 0.000000 
166.037141 166.013424 166.003132 166.003132 166.007160 166.020137 166.039826 0.000000 0.000000 0.000000 0.000000 0.000000 0.000000 
166.036246 166.014767 166.004475 166.004475 166.006712 166.014767 166.030429 0.000000 0.000000 0.000000 0.000000 0.000000 0.000000 
166.035799 166.016109 166.006265 166.005370 166.006712 166.012082 166.024164 166.040721 0.000000 0.000000 0.000000 0.000000 0.000000 
166.036246 166.017899 166.008055 166.006712 166.007160 166.011187 166.020137 166.034009 0.000000 0.000000 0.000000 0.000000 0.000000 
166.036694 166.020137 166.009845 166.007607 166.007607 166.010740 166.017452 166.029086 0.000000 0.000000 0.000000 0.000000 0.000000 
166.038036 166.021927 166.012082 166.008950 166.008950 166.010740 166.015662 166.025059 166.038483 0.000000 0.000000 0.000000 0.000000 
166.039378 166.023717 166.013872 166.010292 166.009845 166.011187 166.015214 166.022374 166.034009 0.000000 0.000000 0.000000 0.000000 
166.040273 166.025954 166.015662 166.012082 166.011187 166.011635 166.015214 166.020584 166.030429 0.000000 0.000000 0.000000 0.000000 
166.041616 166.027744 166.017899 166.013424 166.012529 166.012529 166.015214 166.020137 166.027296 166.038483 0.000000 0.000000 0.000000 
0.000000 166.029534 166.019689 166.015214 166.013424 166.013424 166.015214 166.019689 166.025954 166.035351 0.000000 0.000000 0.000000 
0.000000 166.031324 166.021927 166.017004 166.014767 166.014767 166.015662 166.019242 166.024611 166.032666 0.000000 0.000000 0.000000 
0.000000 166.033561 166.023717 166.018794 166.016109 166.015662 166.016557 166.019242 166.024164 166.030876 166.040721 0.000000 0.000000 
0.000000 166.035351 166.025506 166.020137 166.017452 166.017004 166.017004 166.019689 166.023717 166.029534 166.037588 0.000000 0.000000 
0.000000 166.037141 166.027744 166.022374 166.019242 166.018347 166.018347 166.020137 166.023717 166.028639 166.035799 0.000000 0.000000 
0.000000 166.039378 166.029534 166.024164 166.020584 166.019242 166.019242 166.020584 166.023717 166.028191 166.034456 0.000000 0.000000 
0.000000 166.041616 166.031771 166.025954 166.022374 166.020584 166.020584 166.021032 166.023717 166.028191 166.033561 166.041168 0.000000 
0.000000 0.000000 166.033561 166.027744 166.024164 166.021927 166.021479 166.021927 166.024164 166.027744 166.033114 166.039378 0.000000 
0.000000 0.000000 166.035351 166.029981 166.025506 166.023269 166.022822 166.022822 166.024611 166.027744 166.032666 166.038036 0.000000 
0.000000 0.000000 166.037588 166.031771 166.027296 166.024611 166.024164 166.024164 166.025059 166.027744 166.032219 166.037588 0.000000 
0.000000 0.000000 166.039378 166.033561 166.029086 166.026401 166.025059 166.025059 166.025954 166.028191 166.032219 166.037141 0.000000 
0.000000 0.000000 166.041616 166.035351 166.030876 166.027744 166.026401 166.026401 166.026401 166.028639 166.032219 166.036694 0.000000 
0.000000 0.000000 0.000000 166.037588 166.032666 166.029534 166.027744 166.027296 166.027744 166.029086 166.032219 166.036694 166.041616 
0.000000 0.000000 0.000000 166.039378 166.034456 166.030876 166.029086 166.028639 166.028639 166.029981 166.032666 166.036246 166.041168 
0.000000 0.000000 0.000000 166.041168 166.036246 166.032666 166.030429 166.029981 166.029981 166.030429 166.033114 166.036246 166.040721 
0.000000 0.000000 0.000000 0.000000 166.038036 166.034456 166.031771 166.030876 166.030876 166.031324 166.033114 166.036246 166.040721 
0.000000 0.000000 0.000000 0.000000 166.039826 166.036246 166.033561 166.032219 166.032219 166.032219 166.033561 166.036694 166.040721 
0.000000 0.000000 0.000000 0.000000 166.041616 166.038036 166.034904 166.033561 166.033114 166.033561 166.034456 166.037141 166.040721 
0.000000 0.000000 0.000000 0.000000 0.000000 166.039378 166.036694 166.034904 166.034456 166.034456 166.035351 166.037588 166.040721 
0.000000 0.000000 0.000000 0.000000 0.000000 166.041168 166.038483 166.036246 166.035799 166.035799 166.036246 166.038036 166.040721 
0.000000 0.000000 0.000000 0.000000 0.000000 0.000000 166.039826 166.037588 166.036694 166.036694 166.037141 166.038483 166.041168 
0.000000 0.000000 0.000000 0.000000 0.000000 0.000000 166.041616 166.038931 166.038036 166.038036 166.038036 166.039378 166.041616 
0.000000 0.000000 0.000000 0.000000 0.000000 0.000000 0.000000 166.040721 166.039378 166.038931 166.038931 166.039826 0.000000 
0.000000 0.000000 0.000000 0.000000 0.000000 0.000000 0.000000 0.000000 166.040721 166.040273 166.040273 166.040721 0.000000 
0.000000 0.000000 0.000000 0.000000 0.000000 0.000000 0.000000 0.000000 0.000000 166.041616 166.041168 166.041616 0.000000 
