test/output/constant/M3M485_S060_A090_WD225.0_WS010.0/M3M485_S060_A090_WD225.0_WS010.0_raz.asc
ncols         13
nrows         38
xllcorner     426403.990666
yllcorner     12745155.311160
cellsize      100.000000
NODATA_value  0.000000
0 277 10 77 0 0 0 0 0 0 0 0 0 
0 324 65535 77 77 0 0 0 0 0 0 0 0 
0 186 167 166 97 0 0 0 0 0 0 0 0 
277 190 167 166 155 153 0 0 0 0 0 0 0 
324 178 167 166 159 159 57 0 0 0 0 0 0 
277 180 167 167 167 157 155 0 0 0 0 0 0 
186 178 167 167 162 159 157 87 0 0 0 0 0 
190 180 167 167 160 164 10 155 0 0 0 0 0 
186 186 175 167 167 163 57 159 0 0 0 0 0 
194 178 167 167 167 166 159 157 157 0 0 0 0 
190 178 167 167 167 164 166 157 159 0 0 0 0 
178 186 173 183 167 167 167 157 157 0 0 0 0 
178 176 190 167 167 167 167 167 157 157 0 0 0 
0 180 172 167 167 167 162 167 164 157 0 0 0 
0 180 183 186 167 167 164 163 164 159 0 0 0 
0 183 171 180 167 167 167 166 167 159 159 0 0 
0 175 175 169 167 167 167 167 164 164 159 0 0 
0 178 194 190 183 167 167 167 167 163 157 0 0 
0 173 173 167 176 167 167 163 167 166 160 0 0 
0 186 194 167 167 167 167 167 164 167 163 164 0 
0 0 172 168 167 167 167 167 164 163 166 157 0 
0 0 178 183 167 167 167 167 162 162 167 157 0 
0 0 194 190 167 167 167 167 167 164 164 167 0 
0 0 175 167 167 167 167 164 167 167 167 167 0 
0 0 186 173 167 178 167 167 166 164 167 164 0 
0 0 0 183 167 167 167 167 164 163 167 167 164 
0 0 0 171 167 167 167 167 167 167 167 164 164 
0 0 0 180 167 167 167 167 167 167 162 164 157 
0 0 0 0 167 167 167 167 164 167 167 164 167 
0 0 0 0 167 190 167 167 167 167 166 166 167 
0 0 0 0 171 183 167 167 167 167 167 167 159 
0 0 0 0 0 169 167 167 167 167 167 164 166 
0 0 0 0 0 167 186 172 167 167 167 166 166 
0 0 0 0 0 0 167 167 167 167 167 167 167 
0 0 0 0 0 0 167 168 167 167 167 167 166 
0 0 0 0 0 0 0 167 167 167 167 167 0 
0 0 0 0 0 0 0 0 167 167 167 167 0 
0 0 0 0 0 0 0 0 0 167 167 163 0 
