test/output/constant/M385_S060_A000_WD045.0_WS010.0/M385_S060_A000_WD045.0_WS010.0_raz.asc
ncols         55
nrows         13
xllcorner     421203.990666
yllcorner     12747755.311160
cellsize      100.000000
NODATA_value  0.000000
0 0 0 0 0 0 0 0 0 0 0 0 0 0 0 0 0 0 0 0 0 0 0 0 0 0 0 0 0 0 0 0 0 0 0 0 0 0 0 0 281 274 269 277 270 281 277 277 272 281 0 0 0 0 0 
0 0 0 0 0 0 0 0 0 0 0 0 0 0 0 0 0 0 0 0 0 0 0 0 0 0 0 0 270 270 270 270 281 274 269 274 269 270 270 272 270 269 272 269 274 270 270 270 277 270 281 277 281 281 347 
0 0 0 0 0 0 0 0 0 0 0 0 0 0 0 0 0 0 0 0 269 274 269 269 272 269 270 277 270 281 270 269 270 274 269 269 274 270 269 277 270 269 277 272 269 270 270 269 269 272 262 261 261 261 65535 
0 0 0 0 0 0 0 0 0 0 0 0 0 0 0 0 277 269 269 277 277 269 270 274 268 269 270 277 272 270 270 270 274 269 270 270 272 270 270 269 274 263 270 261 261 261 261 261 261 261 261 258 255 254 171 
0 0 0 0 0 0 0 0 0 0 0 0 272 268 269 270 274 274 274 270 270 270 266 274 270 270 268 268 274 269 263 269 261 264 270 269 265 261 261 261 261 261 261 261 261 261 261 255 254 219 254 202 253 144 0 
0 0 0 0 0 0 0 0 269 269 270 270 269 268 274 274 270 269 264 269 269 269 269 263 272 261 269 270 268 261 261 261 261 261 261 261 261 261 261 261 261 261 261 255 229 254 254 254 254 253 178 202 0 0 0 
0 0 0 0 0 0 274 270 269 277 269 272 274 269 277 261 268 261 281 269 263 263 261 261 261 261 261 261 261 261 261 261 261 261 261 261 261 258 255 219 254 254 254 202 255 255 254 254 254 178 0 0 0 0 0 
0 0 0 264 270 269 266 261 270 264 263 261 261 269 265 261 266 261 270 261 261 261 261 261 261 261 261 261 261 261 261 261 261 257 254 255 219 254 254 255 178 255 229 254 254 219 254 0 0 0 0 0 0 0 0 
0 261 268 261 270 261 270 268 261 270 261 261 261 261 261 261 261 261 261 261 261 261 261 258 261 257 261 259 259 259 255 254 255 255 255 254 254 219 254 219 202 254 178 0 0 0 0 0 0 0 0 0 0 0 0 
261 261 269 261 261 263 261 261 261 261 261 261 261 261 261 261 261 261 261 261 261 261 257 260 261 254 254 255 254 254 229 254 255 219 219 254 254 255 219 0 0 0 0 0 0 0 0 0 0 0 0 0 0 0 0 
261 261 261 261 261 261 261 261 261 261 261 261 261 261 259 261 261 261 260 261 261 256 219 254 219 254 254 254 219 254 254 202 254 255 254 0 0 0 0 0 0 0 0 0 0 0 0 0 0 0 0 0 0 0 0 
261 261 261 261 261 261 258 261 261 261 261 261 261 261 261 258 255 219 255 254 255 254 254 255 254 254 254 219 219 254 0 0 0 0 0 0 0 0 0 0 0 0 0 0 0 0 0 0 0 0 0 0 0 0 0 
0 0 0 261 261 261 261 259 261 261 257 261 255 255 254 255 254 254 219 254 254 254 255 0 0 0 0 0 0 0 0 0 0 0 0 0 0 0 0 0 0 0 0 0 0 0 0 0 0 0 0 0 0 0 0 
