test/output/constant/M385_S060_A000_WD045.0_WS010.0/M385_S060_A000_WD045.0_WS010.0_ros.asc
ncols         55
nrows         13
xllcorner     421203.990666
yllcorner     12747755.311160
cellsize      100.000000
NODATA_value  0.000000
0.000000 0.000000 0.000000 0.000000 0.000000 0.000000 0.000000 0.000000 0.000000 0.000000 0.000000 0.000000 0.000000 0.000000 0.000000 0.000000 0.000000 0.000000 0.000000 0.000000 0.000000 0.000000 0.000000 0.000000 0.000000 0.000000 0.000000 0.000000 0.000000 0.000000 0.000000 0.000000 0.000000 0.000000 0.000000 0.000000 0.000000 0.000000 0.000000 0.000000 18.776217 32.565308 55.764263 25.353352 48.005177 18.776217 25.353352 25.353352 40.193119 18.776217 0.000000 0.000000 0.000000 0.000000 0.000000 
0.000000 0.000000 0.000000 0.000000 0.000000 0.000000 0.000000 0.000000 0.000000 0.000000 0.000000 0.000000 0.000000 0.000000 0.000000 0.000000 0.000000 0.000000 0.000000 0.000000 0.000000 0.000000 0.000000 0.000000 0.000000 0.000000 0.000000 0.000000 48.005177 48.005177 48.005177 48.005177 18.776217 32.565308 55.764263 32.565308 55.764263 48.005177 48.005177 40.193119 48.005177 55.764263 40.193119 55.764263 32.565308 48.005177 48.005177 48.005177 25.353352 48.005177 18.776217 25.353352 18.776217 18.776217 1.123287 
0.000000 0.000000 0.000000 0.000000 0.000000 0.000000 0.000000 0.000000 0.000000 0.000000 0.000000 0.000000 0.000000 0.000000 0.000000 0.000000 0.000000 0.000000 0.000000 0.000000 55.764263 32.565308 55.764263 55.764263 40.193119 55.764263 48.005177 25.353352 48.005177 18.776217 48.005177 55.764263 48.005177 32.565308 55.764263 55.764263 32.565308 48.005177 55.764263 25.353352 48.005177 55.764263 25.353352 40.193119 55.764263 48.005177 48.005177 55.764263 55.764263 40.193119 88.995583 91.140167 91.140167 91.140167 0.000000 
0.000000 0.000000 0.000000 0.000000 0.000000 0.000000 0.000000 0.000000 0.000000 0.000000 0.000000 0.000000 0.000000 0.000000 0.000000 0.000000 25.353352 55.764263 55.764263 25.353352 25.353352 55.764263 48.005177 32.565308 63.234756 55.764263 48.005177 25.353352 40.193119 48.005177 48.005177 48.005177 32.565308 55.764263 48.005177 48.005177 40.193119 48.005177 48.005177 55.764263 32.565308 85.965988 48.005177 91.140167 91.140167 91.140167 91.140167 91.140167 91.140167 91.140167 91.140167 85.565903 69.476654 62.458881 1.037382 
0.000000 0.000000 0.000000 0.000000 0.000000 0.000000 0.000000 0.000000 0.000000 0.000000 0.000000 0.000000 40.193119 63.234756 55.764263 48.005177 32.565308 32.565308 32.565308 48.005177 48.005177 48.005177 70.189781 32.565308 48.005177 48.005177 63.234756 63.234756 32.565308 55.764263 85.965988 55.764263 91.140167 81.730637 48.005177 55.764263 76.418121 91.140167 91.140167 91.140167 91.140167 91.140167 91.140167 91.140167 91.140167 91.140167 91.140167 69.476654 62.458881 4.551895 62.458881 2.356249 54.950603 0.701469 0.000000 
0.000000 0.000000 0.000000 0.000000 0.000000 0.000000 0.000000 0.000000 55.764263 55.764263 48.005177 48.005177 55.764263 63.234756 32.565308 32.565308 48.005177 55.764263 81.730637 55.764263 55.764263 55.764263 55.764263 85.965988 40.193119 91.140167 55.764263 48.005177 63.234756 91.140167 91.140167 91.140167 91.140167 91.140167 91.140167 91.140167 91.140167 91.140167 91.140167 91.140167 91.140167 91.140167 91.140167 69.476654 7.946141 62.458881 62.458881 62.458881 62.458881 54.950603 1.209541 2.356249 0.000000 0.000000 0.000000 
0.000000 0.000000 0.000000 0.000000 0.000000 0.000000 32.565308 48.005177 55.764263 25.353352 55.764263 40.193119 32.565308 55.764263 25.353352 91.140167 63.234756 91.140167 18.776217 55.764263 85.965988 85.965988 91.140167 91.140167 91.140167 91.140167 91.140167 91.140167 91.140167 91.140167 91.140167 91.140167 91.140167 91.140167 91.140167 91.140167 91.140167 85.565903 69.476654 4.551895 62.458881 62.458881 62.458881 2.356249 69.476654 69.476654 62.458881 62.458881 62.458881 1.209541 0.000000 0.000000 0.000000 0.000000 0.000000 
0.000000 0.000000 0.000000 81.730637 48.005177 55.764263 70.189781 91.140167 48.005177 81.730637 85.965988 91.140167 91.052216 55.764263 76.418121 91.140167 70.189781 91.140167 48.005177 91.140167 91.140167 91.140167 91.140167 91.140167 91.140167 91.140167 91.140167 91.140167 91.140167 91.140167 91.140167 91.140167 91.140167 81.208527 62.458881 69.476654 4.551895 62.458881 62.458881 69.476654 1.209541 69.476654 7.946141 62.458881 62.458881 4.551895 62.458881 0.000000 0.000000 0.000000 0.000000 0.000000 0.000000 0.000000 0.000000 
0.000000 91.140167 63.234756 91.140167 48.005177 91.140167 48.005177 63.234756 91.140167 48.005177 91.140167 91.140167 91.140167 91.140167 91.140167 91.140167 91.140167 91.140167 91.140167 91.140167 91.140167 91.140167 91.140167 85.565903 91.140167 81.208527 91.140167 88.730156 88.730156 88.730156 69.476654 62.458881 69.476654 69.476654 69.476654 62.458881 62.458881 4.551895 62.458881 4.551895 2.356249 62.458881 1.209541 0.000000 0.000000 0.000000 0.000000 0.000000 0.000000 0.000000 0.000000 0.000000 0.000000 0.000000 0.000000 
91.140167 91.140167 55.764263 91.140167 91.140167 85.965988 91.140167 91.140167 91.140167 91.140167 91.140167 91.140167 91.140167 91.140167 91.140167 91.140167 91.140167 91.140167 91.140167 91.140167 91.140167 91.140167 81.208527 90.990852 91.140167 62.458881 62.458881 69.476654 62.458881 62.458881 7.946141 62.458881 69.476654 4.551895 4.551895 62.458881 62.458881 69.476654 4.551895 0.000000 0.000000 0.000000 0.000000 0.000000 0.000000 0.000000 0.000000 0.000000 0.000000 0.000000 0.000000 0.000000 0.000000 0.000000 0.000000 
91.140167 91.140167 91.140167 91.140167 91.140167 91.140167 91.140167 91.140167 91.140167 91.140167 91.140167 91.140167 91.140167 91.140167 88.730156 91.140167 91.140167 91.140167 90.990852 91.140167 91.140167 75.790527 4.551895 62.458881 4.551895 62.458881 62.458881 62.458881 4.551895 62.458881 62.458881 2.356249 62.458881 69.476654 62.458881 0.000000 0.000000 0.000000 0.000000 0.000000 0.000000 0.000000 0.000000 0.000000 0.000000 0.000000 0.000000 0.000000 0.000000 0.000000 0.000000 0.000000 0.000000 0.000000 0.000000 
91.140167 91.140167 91.140167 91.140167 91.140167 91.140167 85.565903 91.140167 91.140167 91.140167 91.140167 91.140167 91.140167 91.140167 91.140167 85.565903 69.476654 4.551895 69.476654 62.458881 69.476654 62.458881 62.458881 69.476654 62.458881 62.458881 62.458881 4.551895 4.551895 62.458881 0.000000 0.000000 0.000000 0.000000 0.000000 0.000000 0.000000 0.000000 0.000000 0.000000 0.000000 0.000000 0.000000 0.000000 0.000000 0.000000 0.000000 0.000000 0.000000 0.000000 0.000000 0.000000 0.000000 0.000000 0.000000 
0.000000 0.000000 0.000000 91.140167 91.140167 91.140167 91.140167 88.730156 91.140167 91.140167 81.208527 91.140167 69.476654 69.476654 62.458881 69.476654 62.458881 62.458881 4.551895 62.458881 62.458881 62.458881 69.476654 0.000000 0.000000 0.000000 0.000000 0.000000 0.000000 0.000000 0.000000 0.000000 0.000000 0.000000 0.000000 0.000000 0.000000 0.000000 0.000000 0.000000 0.000000 0.000000 0.000000 0.000000 0.000000 0.000000 0.000000 0.000000 0.000000 0.000000 0.000000 0.000000 0.000000 0.000000 0.000000 
