test/output/constant/M3M485_S000_A180_WD180.0_WS045.0/M3M485_S000_A180_WD180.0_WS045.0_arrival.asc
ncols         9
nrows         52
xllcorner     426203.990666
yllcorner     12748755.311160
cellsize      100.000000
NODATA_value  0.000000
0.000000 0.000000 0.000000 166.041283 166.041283 166.041283 0.000000 0.000000 0.000000 
0.000000 0.000000 0.000000 166.040633 166.040308 166.040633 0.000000 0.000000 0.000000 
0.000000 0.000000 166.041283 166.039657 166.039657 166.039657 166.041283 0.000000 0.000000 
0.000000 0.000000 166.040633 166.039007 166.038682 166.039007 166.040633 0.000000 0.000000 
0.000000 0.000000 166.039657 166.038032 166.038032 166.038032 166.039657 0.000000 0.000000 
0.000000 166.041283 166.039007 166.037382 166.037057 166.037382 166.039007 166.041283 0.000000 
0.000000 166.040633 166.038032 166.036407 166.036407 166.036407 166.038032 166.040633 0.000000 
0.000000 166.039657 166.037382 166.035757 166.035432 166.035757 166.037382 166.039657 0.000000 
0.000000 166.039007 166.036732 166.035107 166.034781 166.035107 166.036732 166.039007 0.000000 
0.000000 166.038357 166.035757 166.034131 166.033806 166.034131 166.035757 166.038357 0.000000 
166.041283 166.037382 166.035107 166.033481 166.033156 166.033481 166.035107 166.037382 166.041283 
166.040958 166.036732 166.034131 166.032506 166.032181 166.032506 166.034131 166.036732 166.040958 
166.040308 166.036082 166.033481 166.031856 166.031531 166.031856 166.033481 166.036082 166.040308 
166.039657 166.035432 166.032506 166.030881 166.030556 166.030881 166.032506 166.035432 166.039657 
166.039007 166.034456 166.031856 166.030231 166.029906 166.030231 166.031856 166.034456 166.039007 
166.038357 166.033806 166.030881 166.029255 166.028930 166.029255 166.030881 166.033806 166.038357 
166.038032 166.033156 166.030231 166.028605 166.028280 166.028605 166.030231 166.033156 166.038032 
166.037382 166.032506 166.029581 166.027955 166.027305 166.027955 166.029581 166.032506 166.037382 
166.036732 166.031856 166.028930 166.026980 166.026655 166.026980 166.028930 166.031856 166.036732 
166.036082 166.031206 166.027955 166.026330 166.025680 166.026330 166.027955 166.031206 166.036082 
166.035757 166.030556 166.027305 166.025355 166.025030 166.025355 166.027305 166.030556 166.035757 
166.035107 166.029906 166.026330 166.024705 166.024054 166.024705 166.026330 166.029906 166.035107 
166.034781 166.029255 166.025680 166.023729 166.023404 166.023729 166.025680 166.029255 166.034781 
166.034131 166.028930 166.025030 166.023079 166.022429 166.023079 166.025030 166.028930 166.034131 
166.033806 166.028280 166.024054 166.022429 166.021779 166.022429 166.024054 166.028280 166.033806 
166.033156 166.027630 166.023404 166.021454 166.020804 166.021454 166.023404 166.027630 166.033156 
166.033156 166.026980 166.022754 166.020804 166.020154 166.020804 166.022754 166.026980 166.033156 
166.033156 166.026655 166.022104 166.019829 166.019179 166.019829 166.022104 166.026655 166.033156 
166.033156 166.026005 166.021129 166.019179 166.018528 166.019179 166.021129 166.026005 166.033156 
166.033156 166.025355 166.020479 166.018203 166.017553 166.018203 166.020479 166.025355 166.033156 
166.033156 166.025030 166.019829 166.017553 166.016903 166.017553 166.019829 166.025030 166.033156 
166.033156 166.024380 166.019179 166.016578 166.015928 166.016578 166.019179 166.024380 166.033156 
166.033481 166.024054 166.018528 166.015928 166.015278 166.015928 166.018528 166.024054 166.033481 
166.033806 166.023729 166.017878 166.014953 166.014303 166.014953 166.017878 166.023729 166.033806 
166.034456 166.023729 166.017228 166.014303 166.013653 166.014303 166.017228 166.023729 166.034456 
166.035107 166.023729 166.016903 166.013327 166.012677 166.013327 166.016903 166.023729 166.035107 
166.035757 166.023729 166.016253 166.012677 166.012027 166.012677 166.016253 166.023729 166.035757 
166.036407 166.023729 166.015603 166.012027 166.011052 166.012027 166.015603 166.023729 166.036407 
166.038032 166.024054 166.015278 166.011052 166.010402 166.011052 166.015278 166.024054 166.038032 
166.039332 166.024705 166.014628 166.010402 166.009427 166.010402 166.014628 166.024705 166.039332 
166.041283 166.025355 166.014303 166.009427 166.008777 166.009427 166.014303 166.025355 166.041283 
0.000000 166.026005 166.014303 166.008777 166.007801 166.008777 166.014303 166.026005 0.000000 
0.000000 166.027305 166.014303 166.008127 166.007151 166.008127 166.014303 166.027305 0.000000 
0.000000 166.028930 166.014303 166.007151 166.006176 166.007151 166.014303 166.028930 0.000000 
0.000000 166.031531 166.014953 166.006501 166.005526 166.006501 166.014953 166.031531 0.000000 
0.000000 166.034456 166.015928 166.005851 166.004551 166.005851 166.015928 166.034456 0.000000 
0.000000 166.039332 166.016903 166.005526 166.003901 166.005526 166.016903 166.039332 0.000000 
0.000000 0.000000 166.019179 166.004876 166.002926 166.004876 166.019179 0.000000 0.000000 
0.000000 0.000000 166.023404 166.004876 166.002275 166.004876 166.023404 0.000000 0.000000 
0.000000 0.000000 166.030231 166.005201 166.001300 166.005201 166.030231 0.000000 0.000000 
0.000000 0.000000 0.000000 166.007151 166.000650 166.007151 0.000000 0.000000 0.000000 
0.000000 0.000000 0.000000 166.015603 166.000000 166.015603 0.000000 0.000000 0.000000 
