test/output/constant/M3M4100_S060_A000_WD225.0_WS040.0/M3M4100_S060_A000_WD225.0_WS040.0_arrival.asc
ncols         17
nrows         35
xllcorner     425103.990666
yllcorner     12748655.311160
cellsize      100.000000
NODATA_value  0.000000
166.041667 166.041491 166.041491 166.041667 0.000000 0.000000 0.000000 0.000000 0.000000 0.000000 0.000000 0.000000 0.000000 0.000000 0.000000 0.000000 0.000000 
166.041084 166.040270 166.040270 166.040270 166.041084 0.000000 0.000000 0.000000 0.000000 0.000000 0.000000 0.000000 0.000000 0.000000 0.000000 0.000000 0.000000 
166.040677 166.039457 166.038643 166.038643 166.039457 166.041084 0.000000 0.000000 0.000000 0.000000 0.000000 0.000000 0.000000 0.000000 0.000000 0.000000 0.000000 
166.040270 166.038643 166.037423 166.037423 166.037830 166.039050 166.041084 0.000000 0.000000 0.000000 0.000000 0.000000 0.000000 0.000000 0.000000 0.000000 0.000000 
166.039864 166.037830 166.036609 166.036203 166.036203 166.037016 166.039050 166.041491 0.000000 0.000000 0.000000 0.000000 0.000000 0.000000 0.000000 0.000000 0.000000 
166.039864 166.037423 166.035796 166.034982 166.034982 166.035389 166.037016 166.039457 0.000000 0.000000 0.000000 0.000000 0.000000 0.000000 0.000000 0.000000 0.000000 
166.039864 166.037423 166.034982 166.034169 166.033762 166.033762 166.034982 166.037016 166.040270 0.000000 0.000000 0.000000 0.000000 0.000000 0.000000 0.000000 0.000000 
166.040270 166.037016 166.034982 166.032949 166.032542 166.032542 166.032949 166.034982 166.037830 0.000000 0.000000 0.000000 0.000000 0.000000 0.000000 0.000000 0.000000 
166.040677 166.037423 166.034576 166.032542 166.031321 166.031321 166.031321 166.032949 166.035389 166.039050 0.000000 0.000000 0.000000 0.000000 0.000000 0.000000 0.000000 
166.041491 166.037830 166.034576 166.032135 166.030508 166.030101 166.030101 166.030915 166.032949 166.036609 166.041084 0.000000 0.000000 0.000000 0.000000 0.000000 0.000000 
0.000000 166.038237 166.034576 166.031728 166.029694 166.028881 166.028881 166.028881 166.030915 166.033762 166.038237 0.000000 0.000000 0.000000 0.000000 0.000000 0.000000 
0.000000 166.039050 166.034982 166.031728 166.029288 166.027660 166.027254 166.027660 166.028881 166.031321 166.035389 166.040677 0.000000 0.000000 0.000000 0.000000 0.000000 
0.000000 166.039864 166.035796 166.031728 166.028881 166.026847 166.026033 166.026033 166.026847 166.028881 166.032542 166.037423 0.000000 0.000000 0.000000 0.000000 0.000000 
0.000000 166.041491 166.036609 166.032135 166.028881 166.026440 166.025220 166.024813 166.025220 166.026847 166.029694 166.034576 166.041084 0.000000 0.000000 0.000000 0.000000 
0.000000 0.000000 166.037830 166.032949 166.029288 166.026440 166.024406 166.023593 166.023593 166.024813 166.027254 166.031728 166.037423 0.000000 0.000000 0.000000 0.000000 
0.000000 0.000000 166.039457 166.033762 166.029694 166.026033 166.023593 166.022372 166.022372 166.022779 166.024813 166.028881 166.034169 0.000000 0.000000 0.000000 0.000000 
0.000000 0.000000 166.041667 166.035389 166.030508 166.026440 166.023593 166.021559 166.021152 166.021152 166.022779 166.026033 166.030915 166.038643 0.000000 0.000000 0.000000 
0.000000 0.000000 0.000000 166.037423 166.031321 166.026847 166.023593 166.021152 166.019932 166.019932 166.020745 166.023186 166.028067 166.034982 0.000000 0.000000 0.000000 
0.000000 0.000000 0.000000 166.039864 166.033355 166.027660 166.023593 166.020745 166.018711 166.018711 166.018711 166.020745 166.024813 166.031321 166.040677 0.000000 0.000000 
0.000000 0.000000 0.000000 0.000000 166.035796 166.029288 166.024406 166.020745 166.018305 166.017491 166.017491 166.018711 166.021966 166.028067 166.036609 0.000000 0.000000 
0.000000 0.000000 0.000000 0.000000 166.038643 166.031321 166.025220 166.021152 166.017898 166.016271 166.015864 166.016678 166.019118 166.024406 166.032949 0.000000 0.000000 
0.000000 0.000000 0.000000 0.000000 0.000000 166.034169 166.027254 166.021559 166.017898 166.015457 166.014644 166.014644 166.016678 166.021152 166.029288 166.039457 0.000000 
0.000000 0.000000 0.000000 0.000000 0.000000 166.037830 166.029694 166.023186 166.018305 166.015457 166.013423 166.013423 166.014644 166.018305 166.025627 166.035389 0.000000 
0.000000 0.000000 0.000000 0.000000 0.000000 0.000000 166.032949 166.025220 166.019118 166.015457 166.012610 166.012203 166.012610 166.015457 166.021966 166.031728 0.000000 
0.000000 0.000000 0.000000 0.000000 0.000000 0.000000 166.037423 166.028067 166.020745 166.015864 166.012610 166.010983 166.010983 166.012610 166.018305 166.027660 0.000000 
0.000000 0.000000 0.000000 0.000000 0.000000 0.000000 0.000000 166.032542 166.023593 166.016678 166.012610 166.010169 166.009763 166.010576 166.015051 166.024000 166.041084 
0.000000 0.000000 0.000000 0.000000 0.000000 0.000000 0.000000 166.037830 166.027660 166.019118 166.013017 166.009763 166.008542 166.008542 166.011796 166.019932 166.037016 
0.000000 0.000000 0.000000 0.000000 0.000000 0.000000 0.000000 0.000000 166.032949 166.022779 166.014644 166.009763 166.007322 166.007322 166.008949 166.016271 166.033355 
0.000000 0.000000 0.000000 0.000000 0.000000 0.000000 0.000000 0.000000 166.039864 166.028067 166.017898 166.010576 166.006915 166.005695 166.006508 166.012203 166.029288 
0.000000 0.000000 0.000000 0.000000 0.000000 0.000000 0.000000 0.000000 0.000000 166.034982 166.023186 166.013017 166.007322 166.004474 166.004474 166.008542 166.025627 
0.000000 0.000000 0.000000 0.000000 0.000000 0.000000 0.000000 0.000000 0.000000 0.000000 166.030101 166.017898 166.008542 166.004474 166.003254 166.004881 166.021966 
0.000000 0.000000 0.000000 0.000000 0.000000 0.000000 0.000000 0.000000 0.000000 0.000000 166.040270 166.025627 166.013017 166.004474 166.002034 166.002441 166.018711 
0.000000 0.000000 0.000000 0.000000 0.000000 0.000000 0.000000 0.000000 0.000000 0.000000 0.000000 166.036203 166.021152 166.008135 166.001627 166.000814 166.015864 
0.000000 0.000000 0.000000 0.000000 0.000000 0.000000 0.000000 0.000000 0.000000 0.000000 0.000000 0.000000 166.034169 166.017491 166.002847 166.000000 166.016271 
0.000000 0.000000 0.000000 0.000000 0.000000 0.000000 0.000000 0.000000 0.000000 0.000000 0.000000 0.000000 0.000000 166.041491 166.027254 166.022372 166.029694 
