test/output/constant/M475_S060_A000_WD045.0_WS010.0/M475_S060_A000_WD045.0_WS010.0_arrival.asc
ncols         27
nrows         8
xllcorner     424003.990666
yllcorner     12748155.311160
cellsize      100.000000
NODATA_value  0.000000
0.000000 0.000000 0.000000 0.000000 0.000000 0.000000 0.000000 0.000000 0.000000 0.000000 0.000000 0.000000 0.000000 0.000000 0.000000 166.041123 166.038667 166.035599 166.033144 166.031302 166.028233 166.026392 166.023937 166.023323 166.023937 166.025165 166.037440 
0.000000 0.000000 0.000000 0.000000 0.000000 0.000000 0.000000 0.000000 0.000000 166.039895 166.037440 166.034371 166.031916 166.028847 166.026392 166.023937 166.020868 166.018413 166.015958 166.012889 166.010434 166.007979 166.006138 166.004296 166.002455 166.001228 166.000000 
0.000000 0.000000 0.000000 0.000000 0.000000 166.041667 166.038667 166.036212 166.033757 166.031302 166.028847 166.026392 166.023937 166.022096 166.019641 166.017186 166.015344 166.013503 166.012275 166.010434 166.009207 166.007365 166.005524 166.004296 166.003683 166.003683 166.015344 
0.000000 0.000000 0.000000 166.039895 166.037440 166.035599 166.033144 166.030688 166.028847 166.027006 166.025165 166.023323 166.021482 166.020254 166.018413 166.016572 166.015344 166.013503 166.012275 166.011048 166.010434 166.010434 166.011048 166.013503 166.022096 166.040509 0.000000 
0.000000 166.040509 166.038054 166.036212 166.034371 166.032530 166.031302 166.029461 166.027620 166.026392 166.024551 166.023323 166.021482 166.020254 166.019027 166.018413 166.017799 166.017799 166.017799 166.018413 166.020254 166.023937 166.031916 0.000000 0.000000 0.000000 0.000000 
166.040509 166.038667 166.037440 166.035599 166.034371 166.032530 166.031302 166.029461 166.028233 166.027006 166.025778 166.025165 166.024551 166.024551 166.024551 166.024551 166.025165 166.027006 166.029461 166.034371 166.041667 0.000000 0.000000 0.000000 0.000000 0.000000 0.000000 
166.040509 166.039281 166.037440 166.036212 166.034985 166.033757 166.033144 166.031916 166.031302 166.031302 166.031302 166.031302 166.031916 166.032530 166.033757 166.036212 166.039895 0.000000 0.000000 0.000000 0.000000 0.000000 0.000000 0.000000 0.000000 0.000000 0.000000 
166.041667 166.040509 166.039895 166.039281 166.038667 166.038054 166.038054 166.038054 166.038667 166.039281 166.039895 166.040509 0.000000 0.000000 0.000000 0.000000 0.000000 0.000000 0.000000 0.000000 0.000000 0.000000 0.000000 0.000000 0.000000 0.000000 0.000000 
