test/output/constant/M3M495_S000_A000_WD000.0_WS050.0/M3M495_S000_A000_WD000.0_WS050.0_raz.asc
ncols         11
nrows         60
xllcorner     426103.990666
yllcorner     12742855.311160
cellsize      100.000000
NODATA_value  0.000000
0 0 0 0 270 65535 90 0 0 0 0 
0 0 0 0 235 180 124 0 0 0 0 
0 0 0 360 185 180 174 62 0 0 0 
0 0 0 258 189 180 170 101 0 0 0 
0 0 0 187 186 180 173 172 0 0 0 
0 0 264 186 183 180 176 173 172 0 0 
0 0 235 235 180 180 173 170 124 0 0 
0 0 258 185 184 180 175 173 173 0 0 
0 0 186 186 183 180 176 175 173 0 0 
0 0 186 186 180 180 177 172 173 0 0 
0 0 187 186 180 180 178 172 172 0 0 
0 0 219 186 181 180 178 175 173 0 0 
0 186 187 183 180 180 178 172 172 173 0 
0 297 186 184 180 180 178 175 173 62 0 
0 189 189 180 180 180 179 175 170 170 0 
0 235 186 180 180 180 177 170 173 173 0 
0 187 219 184 180 180 176 175 173 172 0 
0 186 187 182 180 180 179 177 172 173 0 
0 189 186 184 180 180 179 175 173 170 0 
0 186 187 180 180 180 178 177 172 173 0 
0 186 182 187 180 180 180 172 175 174 0 
0 219 181 183 180 180 176 176 173 174 0 
0 186 186 184 180 180 180 175 173 170 0 
0 185 181 183 180 180 179 176 172 174 0 
0 186 183 180 180 180 175 178 176 174 0 
258 186 184 180 180 180 179 177 175 176 172 
186 182 182 181 180 180 175 178 177 176 172 
219 184 184 180 180 180 179 172 175 174 174 
186 185 180 180 180 180 176 179 177 172 173 
186 185 185 180 180 180 179 177 174 174 173 
186 183 183 182 180 180 177 177 176 176 173 
189 183 181 180 187 180 172 178 174 176 170 
186 184 180 180 180 180 179 178 176 175 173 
186 181 180 183 186 180 173 176 176 176 170 
187 180 180 180 180 180 179 177 173 178 172 
182 183 187 180 183 180 176 178 172 176 176 
184 181 183 181 180 180 179 178 176 173 175 
183 183 187 186 182 180 177 173 172 176 176 
181 184 185 180 180 180 174 179 174 175 175 
186 182 180 184 180 180 180 175 178 177 173 
0 185 180 186 180 180 177 173 178 174 0 
0 182 180 180 180 180 177 179 179 177 0 
0 187 180 181 180 180 179 178 178 172 0 
0 183 180 180 180 180 178 178 178 176 0 
0 181 180 180 180 180 172 177 179 178 0 
0 184 182 180 180 180 179 175 177 175 0 
0 182 180 180 183 180 176 179 178 177 0 
0 180 180 180 180 180 179 178 177 176 0 
0 180 180 180 181 180 178 178 179 179 0 
0 186 184 183 180 180 175 176 175 173 0 
0 0 180 180 180 180 175 176 177 0 0 
0 0 180 180 180 180 178 175 178 0 0 
0 0 180 180 180 180 176 173 179 0 0 
0 0 180 180 180 180 179 179 179 0 0 
0 0 180 185 180 180 178 174 177 0 0 
0 0 0 180 187 180 172 178 0 0 0 
0 0 0 180 180 180 179 179 0 0 0 
0 0 0 180 185 180 174 172 0 0 0 
0 0 0 0 180 180 177 0 0 0 0 
0 0 0 0 180 180 180 0 0 0 0 
