test/output/constant/M480_S060_A090_WD000.0_WS045.0/M480_S060_A090_WD000.0_WS045.0_arrival.asc
ncols         5
nrows         41
xllcorner     426403.990666
yllcorner     12744755.311160
cellsize      100.000000
NODATA_value  0.000000
0.000000 0.000000 166.000000 0.000000 0.000000 
0.000000 166.022070 166.000833 166.022070 0.000000 
0.000000 166.012909 166.001666 166.012909 0.000000 
0.000000 166.009994 166.002915 166.009994 0.000000 
0.000000 166.009161 166.003748 166.009161 0.000000 
0.000000 166.008745 166.004997 166.008745 0.000000 
166.038727 166.009161 166.005830 166.009161 166.038727 
166.034563 166.009994 166.007079 166.009994 166.034563 
166.032064 166.010410 166.007912 166.010410 166.032064 
166.029566 166.011243 166.009161 166.011243 166.029566 
166.028317 166.012076 166.009994 166.012076 166.028317 
166.027484 166.012909 166.011243 166.012909 166.027484 
166.026651 166.014158 166.012076 166.014158 166.026651 
166.026651 166.014991 166.013325 166.014991 166.026651 
166.026234 166.015824 166.014158 166.015824 166.026234 
166.026234 166.017073 166.015408 166.017073 166.026234 
166.026234 166.017906 166.016240 166.017906 166.026234 
166.026651 166.019155 166.017490 166.019155 166.026651 
166.027484 166.019988 166.018322 166.019988 166.027484 
166.028317 166.021237 166.019572 166.021237 166.028317 
166.028733 166.022070 166.020405 166.022070 166.028733 
166.029566 166.022903 166.021654 166.022903 166.029566 
166.030399 166.024152 166.022487 166.024152 166.030399 
166.030815 166.024985 166.023736 166.024985 166.030815 
166.031648 166.026234 166.024569 166.026234 166.031648 
166.032481 166.027067 166.025818 166.027067 166.032481 
166.033314 166.028317 166.026651 166.028317 166.033314 
166.034146 166.029149 166.027900 166.029149 166.034146 
166.034563 166.029982 166.028733 166.029982 166.034563 
166.035396 166.031231 166.029982 166.031231 166.035396 
166.036228 166.032064 166.030815 166.032064 166.036228 
166.037478 166.033314 166.032064 166.033314 166.037478 
166.038311 166.034146 166.032897 166.034146 166.038311 
166.039143 166.035396 166.034146 166.035396 166.039143 
166.039976 166.036228 166.034979 166.036228 166.039976 
166.041226 166.037478 166.036228 166.037478 166.041226 
0.000000 166.038311 166.037061 166.038311 0.000000 
0.000000 166.039143 166.038311 166.039143 0.000000 
0.000000 166.040393 166.039143 166.040393 0.000000 
0.000000 166.041226 166.040393 166.041226 0.000000 
0.000000 0.000000 166.041226 0.000000 0.000000 
