test/output/constant/M370_S000_A180_WD270.0_WS050.0/M370_S000_A180_WD270.0_WS050.0_arrival.asc
ncols         49
nrows         9
xllcorner     426603.990666
yllcorner     12748355.311160
cellsize      100.000000
NODATA_value  0.000000
0.000000 0.000000 0.000000 0.000000 0.000000 0.000000 0.000000 0.000000 0.000000 0.000000 0.000000 0.000000 0.000000 0.000000 0.000000 0.000000 0.000000 166.041537 166.040839 166.040141 166.039792 166.039094 166.039094 166.039094 166.038745 166.038745 166.038745 166.038745 166.039094 166.039094 166.039792 166.040141 166.040839 166.041537 0.000000 0.000000 0.000000 0.000000 0.000000 0.000000 0.000000 0.000000 0.000000 0.000000 0.000000 0.000000 0.000000 0.000000 0.000000 
0.000000 0.000000 0.000000 0.000000 0.000000 0.000000 0.000000 166.039443 166.036301 166.034207 166.032113 166.030717 166.029669 166.029320 166.028622 166.027924 166.027924 166.027924 166.027575 166.027575 166.027924 166.028273 166.028622 166.029320 166.029669 166.030367 166.031066 166.031415 166.032113 166.032811 166.033509 166.034207 166.034556 166.035254 166.035952 166.036650 166.037348 166.038047 166.038745 166.039443 166.040490 166.041188 0.000000 0.000000 0.000000 0.000000 0.000000 0.000000 0.000000 
0.000000 0.000000 166.040490 166.029669 166.024434 166.021292 166.019198 166.018151 166.017453 166.016754 166.016754 166.016754 166.016754 166.017104 166.017802 166.018151 166.018849 166.019547 166.019896 166.020594 166.021292 166.021990 166.022688 166.023386 166.024085 166.024783 166.025830 166.026528 166.027226 166.027924 166.028971 166.029669 166.030367 166.031415 166.032113 166.032811 166.033858 166.034556 166.035254 166.035952 166.036999 166.037698 166.038745 166.039443 166.040141 166.041188 0.000000 0.000000 0.000000 
166.020594 166.009075 166.006283 166.005585 166.005585 166.005934 166.006632 166.007330 166.008028 166.008726 166.009424 166.010472 166.011170 166.011868 166.012915 166.013613 166.014311 166.015358 166.016056 166.017104 166.017802 166.018849 166.019547 166.020594 166.021292 166.022339 166.023037 166.024085 166.024783 166.025830 166.026528 166.027575 166.028273 166.029320 166.030018 166.031066 166.031764 166.032811 166.033509 166.034207 166.035254 166.035952 166.036999 166.037698 166.038745 166.039443 166.040490 166.041188 0.000000 
166.000000 166.000698 166.001396 166.002443 166.003141 166.004189 166.004887 166.005934 166.006632 166.007679 166.008377 166.009424 166.010122 166.011170 166.011868 166.012915 166.013613 166.014660 166.015358 166.016405 166.017104 166.018151 166.018849 166.019896 166.020594 166.021641 166.022339 166.023386 166.024085 166.025132 166.025830 166.026877 166.027575 166.028622 166.029320 166.030367 166.031066 166.032113 166.032811 166.033858 166.034556 166.035603 166.036301 166.037348 166.038047 166.039094 166.039792 166.040839 166.041537 
166.020594 166.009075 166.006283 166.005585 166.005585 166.005934 166.006632 166.007330 166.008028 166.008726 166.009424 166.010472 166.011170 166.011868 166.012915 166.013613 166.014311 166.015358 166.016056 166.017104 166.017802 166.018849 166.019547 166.020594 166.021292 166.022339 166.023037 166.024085 166.024783 166.025830 166.026528 166.027575 166.028273 166.029320 166.030018 166.031066 166.031764 166.032811 166.033509 166.034207 166.035254 166.035952 166.036999 166.037698 166.038745 166.039443 166.040490 166.041188 0.000000 
0.000000 0.000000 166.040490 166.029669 166.024434 166.021292 166.019198 166.018151 166.017453 166.016754 166.016754 166.016754 166.016754 166.017104 166.017802 166.018151 166.018849 166.019547 166.019896 166.020594 166.021292 166.021990 166.022688 166.023386 166.024085 166.024783 166.025830 166.026528 166.027226 166.027924 166.028971 166.029669 166.030367 166.031415 166.032113 166.032811 166.033858 166.034556 166.035254 166.035952 166.036999 166.037698 166.038745 166.039443 166.040141 166.041188 0.000000 0.000000 0.000000 
0.000000 0.000000 0.000000 0.000000 0.000000 0.000000 0.000000 166.039443 166.036301 166.034207 166.032113 166.030717 166.029669 166.029320 166.028622 166.027924 166.027924 166.027924 166.027575 166.027575 166.027924 166.028273 166.028622 166.029320 166.029669 166.030367 166.031066 166.031415 166.032113 166.032811 166.033509 166.034207 166.034556 166.035254 166.035952 166.036650 166.037348 166.038047 166.038745 166.039443 166.040490 166.041188 0.000000 0.000000 0.000000 0.000000 0.000000 0.000000 0.000000 
0.000000 0.000000 0.000000 0.000000 0.000000 0.000000 0.000000 0.000000 0.000000 0.000000 0.000000 0.000000 0.000000 0.000000 0.000000 0.000000 0.000000 166.041537 166.040839 166.040141 166.039792 166.039094 166.039094 166.039094 166.038745 166.038745 166.038745 166.038745 166.039094 166.039094 166.039792 166.040141 166.040839 166.041537 0.000000 0.000000 0.000000 0.000000 0.000000 0.000000 0.000000 0.000000 0.000000 0.000000 0.000000 0.000000 0.000000 0.000000 0.000000 
