test/output/constant/M3M470_S060_A000_WD315.0_WS005.0/M3M470_S060_A000_WD315.0_WS005.0_arrival.asc
ncols         34
nrows         9
xllcorner     423403.990666
yllcorner     12748155.311160
cellsize      100.000000
NODATA_value  0.000000
0.000000 0.000000 0.000000 0.000000 0.000000 0.000000 0.000000 0.000000 0.000000 0.000000 0.000000 166.041652 166.040623 166.039081 166.038052 166.036510 166.035481 166.034453 166.033424 166.032396 166.031367 166.030339 166.029825 166.028796 166.028796 166.028282 166.028282 166.028796 166.030339 166.032910 166.037538 0.000000 0.000000 0.000000 
0.000000 0.000000 0.000000 0.000000 0.000000 0.000000 0.000000 166.041138 166.039595 166.038052 166.036510 166.034967 166.033424 166.031882 166.030339 166.028796 166.027254 166.025711 166.024168 166.022626 166.021083 166.019540 166.017998 166.016455 166.014912 166.013884 166.012341 166.011313 166.010284 166.009770 166.009770 166.010799 166.017483 0.000000 
0.000000 0.000000 0.000000 0.000000 166.040623 166.039081 166.037538 166.035995 166.034453 166.032910 166.031367 166.029825 166.028282 166.026739 166.025197 166.023654 166.022111 166.020569 166.019026 166.017483 166.015941 166.014912 166.013370 166.011827 166.010284 166.008742 166.007713 166.006171 166.004628 166.003600 166.002057 166.001028 166.000000 166.034453 
0.000000 0.000000 166.040623 166.039081 166.037538 166.035995 166.034453 166.032910 166.031882 166.030339 166.028796 166.027254 166.025711 166.024683 166.023140 166.021597 166.020569 166.019026 166.017998 166.016455 166.015427 166.013884 166.012341 166.011313 166.009770 166.008742 166.007199 166.006171 166.005142 166.004114 166.004114 166.004114 166.011313 0.000000 
166.041652 166.040109 166.039081 166.037538 166.035995 166.034967 166.033424 166.032396 166.030853 166.029311 166.028282 166.026739 166.025711 166.024168 166.023140 166.021597 166.020569 166.019026 166.017998 166.016455 166.015427 166.014398 166.013370 166.012341 166.011827 166.011313 166.011313 166.011313 166.011827 166.013884 166.019540 166.029825 0.000000 0.000000 
166.041138 166.040109 166.038566 166.037538 166.035995 166.034453 166.033424 166.031882 166.030853 166.029825 166.028282 166.027254 166.025711 166.024683 166.023654 166.022626 166.021597 166.020569 166.020055 166.019540 166.019026 166.018512 166.018512 166.018512 166.018512 166.019540 166.021083 166.024168 166.028796 166.036510 0.000000 0.000000 0.000000 0.000000 
166.041138 166.040109 166.038566 166.037538 166.036510 166.035481 166.034453 166.032910 166.031882 166.031367 166.030339 166.029311 166.028282 166.027768 166.027254 166.026739 166.026225 166.025711 166.025711 166.025711 166.025711 166.026225 166.027254 166.028796 166.031367 166.034453 166.039081 0.000000 0.000000 0.000000 0.000000 0.000000 0.000000 0.000000 
0.000000 166.041652 166.040623 166.039595 166.038566 166.037538 166.037024 166.035995 166.035481 166.034453 166.033939 166.033939 166.033424 166.033424 166.032910 166.032910 166.032910 166.032910 166.033939 166.034967 166.036510 166.038566 166.041138 0.000000 0.000000 0.000000 0.000000 0.000000 0.000000 0.000000 0.000000 0.000000 0.000000 0.000000 
0.000000 0.000000 0.000000 0.000000 0.000000 166.041652 166.041138 166.041138 166.040623 166.040623 166.040109 166.040109 166.040109 166.040109 166.040623 166.041652 0.000000 0.000000 0.000000 0.000000 0.000000 0.000000 0.000000 0.000000 0.000000 0.000000 0.000000 0.000000 0.000000 0.000000 0.000000 0.000000 0.000000 0.000000 
