test/output/constant/M480_S060_A000_WD090.0_WS010.0/M480_S060_A000_WD090.0_WS010.0_arrival.asc
ncols         33
nrows         7
xllcorner     423403.990666
yllcorner     12748455.311160
cellsize      100.000000
NODATA_value  0.000000
0.000000 0.000000 0.000000 0.000000 0.000000 0.000000 0.000000 0.000000 166.041667 166.040616 166.039561 166.038506 166.037979 166.036924 166.036396 166.035869 166.035869 166.035869 166.035869 166.035869 166.036396 166.037451 166.037979 166.040089 0.000000 0.000000 0.000000 0.000000 0.000000 0.000000 0.000000 0.000000 0.000000 
0.000000 0.000000 0.000000 166.041144 166.040089 166.039034 166.037451 166.036396 166.035341 166.033759 166.032704 166.031649 166.030594 166.029539 166.028484 166.027429 166.026374 166.025319 166.024264 166.023737 166.022682 166.022154 166.021627 166.021627 166.021627 166.022154 166.023209 166.024792 166.027957 166.033231 0.000000 0.000000 0.000000 
0.000000 166.041144 166.040089 166.038506 166.037451 166.035869 166.034814 166.033231 166.032176 166.030594 166.029539 166.027957 166.026902 166.025847 166.024264 166.023209 166.021627 166.020572 166.018989 166.017934 166.016352 166.015297 166.014242 166.012660 166.011605 166.010550 166.009495 166.008440 166.007385 166.007385 166.007912 166.010022 166.025847 
166.041667 166.040616 166.039034 166.037979 166.036396 166.035341 166.033759 166.032704 166.031121 166.030066 166.028484 166.027429 166.025847 166.024792 166.023209 166.022154 166.020572 166.019517 166.017934 166.016879 166.015297 166.014242 166.012660 166.011605 166.010022 166.008967 166.007385 166.006330 166.004747 166.003692 166.002110 166.001055 166.000000 
0.000000 166.041144 166.040089 166.038506 166.037451 166.035869 166.034814 166.033231 166.032176 166.030594 166.029539 166.027957 166.026902 166.025847 166.024264 166.023209 166.021627 166.020572 166.018989 166.017934 166.016352 166.015297 166.014242 166.012660 166.011605 166.010550 166.009495 166.008440 166.007385 166.007385 166.007912 166.010022 166.025847 
0.000000 0.000000 0.000000 166.041144 166.040089 166.039034 166.037451 166.036396 166.035341 166.033759 166.032704 166.031649 166.030594 166.029539 166.028484 166.027429 166.026374 166.025319 166.024264 166.023737 166.022682 166.022154 166.021627 166.021627 166.021627 166.022154 166.023209 166.024792 166.027957 166.033231 0.000000 0.000000 0.000000 
0.000000 0.000000 0.000000 0.000000 0.000000 0.000000 0.000000 0.000000 166.041667 166.040616 166.039561 166.038506 166.037979 166.036924 166.036396 166.035869 166.035869 166.035869 166.035869 166.035869 166.036396 166.037451 166.037979 166.040089 0.000000 0.000000 0.000000 0.000000 0.000000 0.000000 0.000000 0.000000 0.000000 
