test/output/constant/M490_S060_A000_WD000.0_WS010.0/M490_S060_A000_WD000.0_WS010.0_ros.asc
ncols         25
nrows         11
xllcorner     424203.990666
yllcorner     12747855.311160
cellsize      100.000000
NODATA_value  0.000000
0.000000 0.000000 0.000000 0.000000 0.000000 0.000000 0.000000 0.000000 0.000000 0.000000 0.000000 0.000000 0.000000 0.000000 0.000000 0.000000 0.000000 0.000000 9.118545 15.378695 9.118545 9.118545 4.368797 6.514899 0.741847 
0.000000 0.000000 0.000000 0.000000 0.000000 0.000000 0.000000 0.000000 0.000000 0.000000 0.000000 0.000000 15.378695 9.118545 15.378695 9.118545 15.378695 9.118545 9.118545 12.102965 9.118545 18.847055 15.378695 42.216156 0.000000 
0.000000 0.000000 0.000000 0.000000 0.000000 0.000000 0.000000 0.000000 0.000000 12.102965 18.847055 22.403318 12.102965 18.847055 22.403318 15.378695 18.847055 35.383629 12.102965 15.378695 42.216156 42.216156 42.216156 40.846504 24.971500 
0.000000 0.000000 0.000000 0.000000 0.000000 0.000000 0.000000 12.102965 18.847055 9.118545 12.102965 9.118545 18.847055 12.102965 29.349897 42.185299 25.939945 42.216156 42.216156 42.216156 42.216156 34.619255 2.522610 1.019185 0.000000 
0.000000 0.000000 0.000000 0.000000 0.000000 18.847055 22.403318 6.514899 18.847055 15.378695 29.349897 35.383629 42.216156 32.529903 42.216156 42.216156 42.216156 42.216156 40.846504 31.668434 28.419556 28.419556 0.592162 0.000000 0.000000 
0.000000 0.000000 0.000000 6.514899 15.378695 15.378695 37.824608 25.939945 25.939945 42.216156 42.216156 42.216156 42.216156 42.216156 42.216156 42.216156 34.619255 31.668434 3.996694 1.558406 1.558406 0.000000 0.000000 0.000000 0.000000 
0.000000 35.383629 32.529903 18.847055 37.824608 22.403318 42.216156 42.216156 42.216156 42.216156 42.216156 42.216156 42.216156 2.522610 37.182201 1.558406 2.522610 2.522610 1.558406 0.000000 0.000000 0.000000 0.000000 0.000000 0.000000 
42.216156 39.778881 39.778881 42.216156 42.216156 42.216156 42.216156 42.216156 42.216156 42.099506 37.182201 37.182201 31.668434 31.668434 1.240508 28.419556 3.996694 0.000000 0.000000 0.000000 0.000000 0.000000 0.000000 0.000000 0.000000 
42.216156 42.216156 42.216156 42.216156 42.216156 42.216156 42.216156 42.216156 37.182201 37.182201 31.668434 28.419556 3.996694 31.668434 0.000000 0.000000 0.000000 0.000000 0.000000 0.000000 0.000000 0.000000 0.000000 0.000000 0.000000 
42.216156 42.099506 42.216156 41.836216 42.216156 42.216156 37.182201 37.182201 28.419556 28.419556 28.419556 0.000000 0.000000 0.000000 0.000000 0.000000 0.000000 0.000000 0.000000 0.000000 0.000000 0.000000 0.000000 0.000000 0.000000 
0.000000 0.000000 42.216156 0.000000 0.000000 0.000000 0.000000 0.000000 0.000000 0.000000 0.000000 0.000000 0.000000 0.000000 0.000000 0.000000 0.000000 0.000000 0.000000 0.000000 0.000000 0.000000 0.000000 0.000000 0.000000 
