test/output/constant/M3M465_S060_A180_WD000.0_WS010.0/M3M465_S060_A180_WD000.0_WS010.0_intensity.asc
ncols         34
nrows         12
xllcorner     426603.990666
yllcorner     12747755.311160
cellsize      100.000000
NODATA_value  0.000000
979 10126 7181 10126 7181 25123 13498 21112 13498 25123 0 0 0 0 0 0 0 0 0 0 0 0 0 0 0 0 0 0 0 0 0 0 0 0 
0 47369 47369 10126 13498 42478 39738 21112 13498 17197 36529 17197 25123 39738 10126 21112 0 0 0 0 0 0 0 0 0 0 0 0 0 0 0 0 0 0 
1591 45944 47369 47369 47369 47369 47369 47369 42478 47369 10126 44667 17197 44667 7181 39738 39738 21112 7181 10126 0 0 0 0 0 0 0 0 0 0 0 0 0 0 
0 757 32122 32122 45944 44230 47369 47369 47369 42478 47369 47369 32950 47369 21112 47369 7181 46239 42478 46239 17197 46239 17197 0 0 0 0 0 0 0 0 0 0 0 
0 0 24248 979 35764 32122 39061 47259 47369 47369 47369 47369 47369 47369 47369 47331 47369 39738 47369 13498 17197 47369 39738 46239 17197 47331 0 0 0 0 0 0 0 0 
0 0 0 0 28244 32122 32122 32122 32122 47369 44230 47369 47369 47369 47369 47369 47369 47369 47369 47369 47369 29110 46239 13498 47369 13498 47146 47369 0 0 0 0 0 0 
0 0 0 0 0 0 28244 32122 32122 32122 35764 45944 45944 47369 47369 47369 47369 47369 47369 47369 47369 47369 39738 7181 47369 44667 10126 47369 47369 46239 0 0 0 0 
0 0 0 0 0 0 0 0 0 35764 593 35764 32122 47259 39061 47259 47369 47369 47369 47369 47369 47369 47369 47369 47369 47369 47369 47369 46239 47369 47369 36529 0 0 
0 0 0 0 0 0 0 0 0 0 0 35764 32122 32122 47369 47002 47369 41912 44230 47369 47369 47369 47369 47369 47369 47369 47369 47369 47369 47369 39738 47369 47369 0 
0 0 0 0 0 0 0 0 0 0 0 0 0 0 35764 32122 35764 44230 47369 47369 41912 47369 47369 47369 47369 47369 47369 47369 47369 47369 47369 47369 47369 47369 
0 0 0 0 0 0 0 0 0 0 0 0 0 0 0 0 0 0 32122 35764 47369 44230 39061 45944 47369 47369 47369 47369 47369 47369 47369 47369 47369 47369 
0 0 0 0 0 0 0 0 0 0 0 0 0 0 0 0 0 0 0 0 0 0 0 47259 45944 45944 47369 47369 47369 47002 47369 47369 47369 0 
