test/output/constant/M3M475_S060_A270_WD180.0_WS030.0/M3M475_S060_A270_WD180.0_WS030.0_arrival.asc
ncols         7
nrows         51
xllcorner     426303.990666
yllcorner     12748755.311160
cellsize      100.000000
NODATA_value  0.000000
0.000000 0.000000 0.000000 166.041381 0.000000 0.000000 0.000000 
0.000000 0.000000 166.041381 166.040714 166.041381 0.000000 0.000000 
0.000000 0.000000 166.040380 166.039713 166.040380 0.000000 0.000000 
0.000000 0.000000 166.039713 166.039045 166.039713 0.000000 0.000000 
0.000000 166.041381 166.038711 166.038044 166.038711 166.041381 0.000000 
0.000000 166.040380 166.038044 166.037376 166.038044 166.040380 0.000000 
0.000000 166.039713 166.037043 166.036375 166.037043 166.039713 0.000000 
0.000000 166.038711 166.036375 166.035708 166.036375 166.038711 0.000000 
0.000000 166.038044 166.035708 166.034707 166.035708 166.038044 0.000000 
0.000000 166.037376 166.034707 166.034039 166.034707 166.037376 0.000000 
166.041381 166.036375 166.034039 166.033038 166.034039 166.036375 166.041381 
166.040714 166.035708 166.033038 166.032371 166.033038 166.035708 166.040714 
166.040046 166.035040 166.032371 166.031370 166.032371 166.035040 166.040046 
166.039379 166.034039 166.031370 166.030702 166.031370 166.034039 166.039379 
166.038711 166.033372 166.030702 166.029701 166.030702 166.033372 166.038711 
166.038378 166.032704 166.029701 166.029034 166.029701 166.032704 166.038378 
166.037710 166.031703 166.029034 166.028032 166.029034 166.031703 166.037710 
166.037043 166.031036 166.028032 166.027365 166.028032 166.031036 166.037043 
166.036375 166.030368 166.027365 166.026364 166.027365 166.030368 166.036375 
166.036042 166.029701 166.026364 166.025696 166.026364 166.029701 166.036042 
166.035374 166.028700 166.025696 166.024695 166.025696 166.028700 166.035374 
166.035040 166.028032 166.025029 166.024028 166.025029 166.028032 166.035040 
166.034373 166.027365 166.024028 166.023027 166.024028 166.027365 166.034373 
166.033706 166.026697 166.023360 166.022359 166.023360 166.026697 166.033706 
166.033372 166.026030 166.022359 166.021358 166.022359 166.026030 166.033372 
166.033038 166.025363 166.021692 166.020691 166.021692 166.025363 166.033038 
166.032704 166.024695 166.020691 166.019689 166.020691 166.024695 166.032704 
166.032704 166.024028 166.020023 166.019022 166.020023 166.024028 166.032704 
166.032704 166.023360 166.019022 166.018021 166.019022 166.023360 166.032704 
166.033038 166.023027 166.018355 166.017353 166.018355 166.023027 166.033038 
166.033038 166.022359 166.017687 166.016352 166.017687 166.022359 166.033038 
166.033372 166.021692 166.016686 166.015685 166.016686 166.021692 166.033372 
166.033706 166.021358 166.016018 166.014684 166.016018 166.021358 166.033706 
166.034373 166.020691 166.015017 166.014016 166.015017 166.020691 166.034373 
166.035040 166.020023 166.014350 166.013015 166.014350 166.020023 166.035040 
166.036042 166.019689 166.013349 166.012348 166.013349 166.019689 166.036042 
166.037043 166.019689 166.012681 166.011346 166.012681 166.019689 166.037043 
166.038378 166.019689 166.012014 166.010679 166.012014 166.019689 166.038378 
166.040380 166.020023 166.011013 166.009678 166.011013 166.020023 166.040380 
0.000000 166.020357 166.010345 166.009010 166.010345 166.020357 0.000000 
0.000000 166.021024 166.009344 166.008009 166.009344 166.021024 0.000000 
0.000000 166.021692 166.008677 166.007342 166.008677 166.021692 0.000000 
0.000000 166.022693 166.008343 166.006341 166.008343 166.022693 0.000000 
0.000000 166.024695 166.007676 166.005673 166.007676 166.024695 0.000000 
0.000000 166.026697 166.007008 166.004672 166.007008 166.026697 0.000000 
0.000000 166.031370 166.006674 166.004005 166.006674 166.031370 0.000000 
0.000000 166.037710 166.006674 166.003003 166.006674 166.037710 0.000000 
0.000000 0.000000 166.007342 166.002336 166.007342 0.000000 0.000000 
0.000000 0.000000 166.009010 166.001335 166.009010 0.000000 0.000000 
0.000000 0.000000 166.014684 166.000667 166.014684 0.000000 0.000000 
0.000000 0.000000 0.000000 166.000000 0.000000 0.000000 0.000000 
