test/output/constant/M3M480_S060_A090_WD225.0_WS050.0/M3M480_S060_A090_WD225.0_WS050.0_arrival.asc
ncols         35
nrows         8
xllcorner     426503.990666
yllcorner     12748255.311160
cellsize      100.000000
NODATA_value  0.000000
0.000000 0.000000 166.040910 166.034092 166.029830 166.028126 166.026847 166.026421 166.025995 166.026421 166.026847 166.027273 166.027699 166.028552 166.029404 166.030256 166.031109 166.032387 166.033239 166.034518 166.035370 166.036648 166.037501 166.038779 166.040058 166.041336 0.000000 0.000000 0.000000 0.000000 0.000000 0.000000 0.000000 0.000000 0.000000 
0.000000 166.014489 166.009801 166.008949 166.009375 166.009801 166.010654 166.011506 166.012358 166.013637 166.014915 166.016193 166.017472 166.018750 166.020029 166.021733 166.023012 166.024290 166.025569 166.027273 166.028552 166.029830 166.031109 166.032813 166.034092 166.035370 166.036648 166.038353 166.039631 166.040910 0.000000 0.000000 0.000000 0.000000 0.000000 
166.040484 166.000000 166.000852 166.002131 166.003409 166.004688 166.005966 166.007244 166.008523 166.009801 166.011080 166.012358 166.013637 166.014915 166.016193 166.017472 166.018750 166.020455 166.021733 166.023012 166.024290 166.025569 166.027273 166.028552 166.029830 166.031109 166.032813 166.034092 166.035370 166.036648 166.038353 166.039631 166.040910 0.000000 0.000000 
0.000000 166.010654 166.005114 166.004261 166.004261 166.005114 166.005966 166.007244 166.008523 166.009801 166.010654 166.011932 166.013210 166.014489 166.015767 166.017046 166.018324 166.019603 166.020881 166.022159 166.023438 166.024716 166.025995 166.027273 166.028552 166.029830 166.031109 166.032387 166.033665 166.034944 166.036222 166.037501 166.038779 166.040058 166.041667 
0.000000 0.000000 166.028978 166.021307 166.016620 166.014063 166.012784 166.012358 166.012358 166.012358 166.013210 166.014063 166.014489 166.015767 166.016620 166.017472 166.018750 166.019603 166.020881 166.022159 166.023438 166.024716 166.025995 166.027273 166.028552 166.029830 166.030682 166.031961 166.033239 166.034518 166.035796 166.037075 166.038353 166.039631 166.040910 
0.000000 0.000000 0.000000 0.000000 166.038779 166.032387 166.028126 166.025142 166.023012 166.021733 166.020881 166.020455 166.020455 166.020455 166.020881 166.021307 166.021733 166.022586 166.023438 166.024290 166.025142 166.025995 166.027273 166.028126 166.028978 166.030256 166.031535 166.032387 166.033665 166.034944 166.035796 166.037075 166.038353 166.039631 166.040910 
0.000000 0.000000 0.000000 0.000000 0.000000 0.000000 0.000000 0.000000 166.039631 166.036222 166.033665 166.031961 166.030682 166.029830 166.028978 166.028552 166.028552 166.028552 166.028552 166.028978 166.029404 166.030256 166.030682 166.031535 166.032387 166.033239 166.034092 166.034944 166.035796 166.036648 166.037927 166.038779 166.039631 166.040484 166.041667 
0.000000 0.000000 0.000000 0.000000 0.000000 0.000000 0.000000 0.000000 0.000000 0.000000 0.000000 0.000000 0.000000 0.000000 166.040910 166.039631 166.038779 166.037927 166.037075 166.036648 166.036648 166.036648 166.036648 166.036648 166.037075 166.037501 166.038353 166.038779 166.039631 166.040484 166.040910 0.000000 0.000000 0.000000 0.000000 
