test/output/constant/M3M465_S060_A000_WD315.0_WS015.0/M3M465_S060_A000_WD315.0_WS015.0_ros.asc
ncols         24
nrows         12
xllcorner     424403.990666
yllcorner     12747755.311160
cellsize      100.000000
NODATA_value  0.000000
0.000000 0.000000 0.000000 0.000000 0.000000 0.000000 0.000000 0.000000 0.000000 0.000000 0.000000 0.000000 0.000000 0.000000 0.000000 0.000000 10.751168 8.203872 10.751168 8.203872 8.203872 6.023267 1.313487 1.313487 
0.000000 0.000000 0.000000 0.000000 0.000000 0.000000 0.000000 0.000000 0.000000 0.000000 0.000000 0.000000 13.593135 16.647089 13.593135 10.751168 16.647089 13.593135 6.023267 13.593135 13.593135 39.191364 -1.000000 1.445948 
0.000000 0.000000 0.000000 0.000000 0.000000 0.000000 0.000000 0.000000 0.000000 10.751168 13.593135 10.751168 26.159599 23.025646 8.203872 13.593135 13.593135 29.130426 39.191364 39.191364 39.191364 39.191364 1.615948 1.863390 
0.000000 0.000000 0.000000 0.000000 0.000000 0.000000 0.000000 16.647089 13.593135 13.593135 29.130426 13.593135 13.593135 34.232113 16.647089 29.130426 39.191364 39.191364 38.365288 30.758764 27.931137 2.751198 1.863390 0.000000 
0.000000 0.000000 0.000000 0.000000 0.000000 13.593135 23.025646 13.593135 13.593135 23.025646 13.593135 8.203872 36.208981 39.191364 39.191364 39.191364 38.365288 30.758764 35.438732 5.401663 3.852682 2.210744 0.000000 0.000000 
0.000000 0.000000 0.000000 0.000000 29.130426 29.130426 6.023267 39.191364 29.130426 13.593135 39.191364 39.191364 39.191364 39.191364 39.191364 39.191364 27.931137 5.401663 2.210744 1.863390 1.615948 0.000000 0.000000 0.000000 
0.000000 0.000000 36.208981 13.593135 13.593135 23.025646 37.719509 26.159599 39.191364 39.191364 39.191364 39.191364 38.365288 39.191364 35.438732 3.852682 2.210744 1.863390 3.852682 0.000000 0.000000 0.000000 0.000000 0.000000 
0.000000 29.130426 29.130426 13.593135 31.848604 39.191364 39.191364 39.191364 39.191364 39.191364 39.050903 39.191364 2.210744 33.286892 2.751198 27.931137 27.931137 1.863390 0.000000 0.000000 0.000000 0.000000 0.000000 0.000000 
0.000000 26.159599 8.203872 39.191364 39.191364 39.191364 39.191364 37.148876 39.191364 39.191364 33.286892 35.438732 27.931137 27.931137 2.210744 5.401663 0.000000 0.000000 0.000000 0.000000 0.000000 0.000000 0.000000 0.000000 
39.191364 39.191364 39.191364 39.191364 39.191364 39.191364 38.365288 33.286892 27.931137 35.438732 30.758764 27.931137 2.751198 0.000000 0.000000 0.000000 0.000000 0.000000 0.000000 0.000000 0.000000 0.000000 0.000000 0.000000 
39.191364 39.191364 39.191364 39.191364 38.365288 35.438732 38.365288 33.286892 3.852682 27.931137 27.931137 0.000000 0.000000 0.000000 0.000000 0.000000 0.000000 0.000000 0.000000 0.000000 0.000000 0.000000 0.000000 0.000000 
0.000000 39.191364 39.191364 35.438732 39.191364 3.852682 7.385426 0.000000 0.000000 0.000000 0.000000 0.000000 0.000000 0.000000 0.000000 0.000000 0.000000 0.000000 0.000000 0.000000 0.000000 0.000000 0.000000 0.000000 
