test/output/constant/M3M495_S000_A270_WD090.0_WS010.0/M3M495_S000_A270_WD090.0_WS010.0_arrival.asc
ncols         19
nrows         13
xllcorner     425203.990666
yllcorner     12748155.311160
cellsize      100.000000
NODATA_value  0.000000
0.000000 0.000000 0.000000 0.000000 0.000000 166.041001 166.039829 166.038658 166.038658 166.037486 166.038658 166.038658 166.039829 166.041001 0.000000 0.000000 0.000000 0.000000 0.000000 
0.000000 0.000000 0.000000 166.041001 166.038658 166.036315 166.035143 166.032800 166.031629 166.031629 166.031629 166.031629 166.031629 166.032800 166.035143 166.038658 0.000000 0.000000 0.000000 
0.000000 166.041667 166.039829 166.037486 166.035143 166.032800 166.030458 166.028115 166.026943 166.025772 166.024600 166.024600 166.024600 166.025772 166.026943 166.030458 166.036315 0.000000 0.000000 
0.000000 166.039829 166.037486 166.033972 166.031629 166.029286 166.026943 166.024600 166.022257 166.019915 166.018743 166.017572 166.017572 166.017572 166.019915 166.023429 166.029286 166.035143 0.000000 
166.041001 166.038658 166.035143 166.032800 166.029286 166.026943 166.024600 166.021086 166.018743 166.016400 166.014057 166.011714 166.010543 166.010543 166.011714 166.015229 166.021086 166.030458 166.039829 
166.039829 166.037486 166.033972 166.031629 166.028115 166.025772 166.022257 166.019915 166.016400 166.014057 166.011714 166.008200 166.005857 166.003514 166.003514 166.008200 166.016400 166.026943 166.037486 
166.039829 166.037486 166.033972 166.031629 166.028115 166.025772 166.022257 166.019915 166.016400 166.014057 166.010543 166.008200 166.004686 166.002343 166.000000 166.005857 166.015229 166.025772 166.036315 
166.039829 166.037486 166.033972 166.031629 166.028115 166.025772 166.022257 166.019915 166.016400 166.014057 166.011714 166.008200 166.005857 166.003514 166.003514 166.008200 166.016400 166.026943 166.037486 
166.041001 166.038658 166.035143 166.032800 166.029286 166.026943 166.024600 166.021086 166.018743 166.016400 166.014057 166.011714 166.010543 166.010543 166.011714 166.015229 166.021086 166.030458 166.039829 
0.000000 166.039829 166.037486 166.033972 166.031629 166.029286 166.026943 166.024600 166.022257 166.019915 166.018743 166.017572 166.017572 166.017572 166.019915 166.023429 166.029286 166.035143 0.000000 
0.000000 166.041667 166.039829 166.037486 166.035143 166.032800 166.030458 166.028115 166.026943 166.025772 166.024600 166.024600 166.024600 166.025772 166.026943 166.030458 166.036315 0.000000 0.000000 
0.000000 0.000000 0.000000 166.041001 166.038658 166.036315 166.035143 166.032800 166.031629 166.031629 166.031629 166.031629 166.031629 166.032800 166.035143 166.038658 0.000000 0.000000 0.000000 
0.000000 0.000000 0.000000 0.000000 0.000000 166.041001 166.039829 166.038658 166.038658 166.037486 166.038658 166.038658 166.039829 166.041001 0.000000 0.000000 0.000000 0.000000 0.000000 
