test/output/constant/M395_S060_A000_WD045.0_WS005.0/M395_S060_A000_WD045.0_WS005.0_raz.asc
ncols         59
nrows         12
xllcorner     420803.990666
yllcorner     12747955.311160
cellsize      100.000000
NODATA_value  0.000000
0 0 0 0 0 0 0 0 0 0 0 0 0 0 0 0 0 0 0 0 0 0 0 0 0 273 277 271 279 277 279 275 277 277 277 275 277 273 275 272 273 275 277 279 282 272 275 275 277 275 273 275 0 0 0 0 0 0 0 
0 0 0 0 0 0 0 0 0 0 0 0 0 0 0 0 0 271 272 272 272 277 273 273 277 270 270 270 271 271 270 273 272 277 277 277 272 279 270 279 279 277 275 277 273 279 277 277 277 277 273 273 277 277 279 355 279 0 0 
0 0 0 0 0 0 0 0 0 0 0 0 271 271 270 271 271 270 270 271 271 270 271 271 271 273 273 275 277 277 279 279 275 279 277 275 277 279 270 270 270 270 270 269 270 270 271 271 270 271 275 275 275 279 275 279 273 279 20 
0 0 0 0 0 0 0 270 270 270 271 271 271 271 270 271 271 271 271 271 271 271 270 271 271 273 273 275 277 277 270 270 270 270 270 269 271 270 270 271 270 270 271 270 270 270 277 275 270 270 265 265 265 265 265 265 265 265 254 
0 0 0 0 270 275 277 279 270 269 270 270 270 270 269 270 271 269 270 271 272 272 277 267 270 271 270 265 271 270 271 267 265 270 270 265 265 271 270 265 271 265 271 265 265 265 265 265 265 265 265 265 264 265 265 264 258 258 175 
0 0 272 272 273 269 271 271 271 273 277 269 270 265 273 265 270 268 271 270 270 271 265 265 270 265 265 265 265 265 271 265 265 265 265 265 265 265 265 265 265 265 265 265 265 265 264 261 261 259 258 258 258 259 258 256 149 175 0 
269 271 265 265 265 272 273 271 265 271 265 271 265 265 265 265 272 265 265 265 265 265 265 265 265 265 265 265 265 262 265 265 265 265 264 265 265 265 265 265 263 265 265 261 265 259 258 258 259 258 258 258 149 221 256 175 0 0 0 
265 265 265 265 265 271 265 265 265 265 265 265 265 265 265 265 265 265 265 265 262 262 264 265 265 265 265 265 265 265 265 265 265 264 265 265 265 263 260 258 265 261 258 259 258 258 258 190 258 258 256 258 256 0 0 0 0 0 0 
265 265 265 265 265 265 265 265 265 261 265 265 265 262 263 265 264 265 265 263 265 265 265 264 263 265 264 265 263 260 259 265 262 265 261 258 232 204 204 259 258 258 258 204 258 258 258 258 190 0 0 0 0 0 0 0 0 0 0 
263 262 265 265 265 265 265 265 265 265 265 265 264 265 265 265 265 265 265 265 265 264 265 265 262 258 265 260 258 259 258 258 259 258 258 258 258 259 221 190 258 258 258 258 0 0 0 0 0 0 0 0 0 0 0 0 0 0 0 
0 0 0 265 265 264 265 265 265 265 265 265 265 265 265 265 260 261 265 261 265 261 259 258 265 259 259 258 258 258 221 149 258 221 259 258 204 258 0 0 0 0 0 0 0 0 0 0 0 0 0 0 0 0 0 0 0 0 0 
0 0 0 0 0 0 0 0 265 261 259 262 260 259 261 265 261 258 259 258 265 260 258 258 258 258 258 221 258 258 0 0 0 0 0 0 0 0 0 0 0 0 0 0 0 0 0 0 0 0 0 0 0 0 0 0 0 0 0 
