test/output/constant/M380_S060_A000_WD315.0_WS010.0/M380_S060_A000_WD315.0_WS010.0_raz.asc
ncols         38
nrows         13
xllcorner     423003.990666
yllcorner     12747755.311160
cellsize      100.000000
NODATA_value  0.000000
0 0 0 0 0 0 0 0 0 0 0 0 0 0 0 0 0 0 0 0 0 0 0 0 0 270 270 280 284 276 280 284 7 54 7 0 0 0 
0 0 0 0 0 0 0 0 0 0 0 0 0 0 0 0 0 0 276 268 268 268 273 270 270 270 276 268 270 276 270 270 270 270 280 276 54 54 
0 0 0 0 0 0 0 0 0 0 0 0 0 276 270 284 268 270 284 268 284 270 268 273 270 280 268 268 280 266 270 270 265 270 257 257 65535 100 
0 0 0 0 0 0 0 0 0 0 270 270 273 268 270 280 273 268 270 276 280 265 270 276 268 268 273 268 268 257 257 257 257 257 256 250 167 100 
0 0 0 0 0 0 0 268 270 268 270 276 268 268 268 270 268 280 268 270 273 268 265 257 257 270 257 257 257 257 257 252 247 249 245 187 100 0 
0 0 0 0 0 268 259 273 280 270 268 268 268 270 266 265 270 268 257 257 257 257 257 257 257 257 257 254 256 247 247 249 247 203 243 0 0 0 
0 0 0 270 268 276 270 258 268 265 257 270 268 257 257 270 257 257 257 257 257 257 257 254 252 250 250 247 249 147 100 187 187 147 0 0 0 0 
0 0 268 262 257 266 270 268 257 257 257 257 257 257 257 257 257 257 257 257 257 257 257 252 203 203 247 203 203 187 187 177 0 0 0 0 0 0 
0 270 266 257 257 257 257 257 257 257 257 257 257 256 257 257 257 257 254 252 250 249 247 247 187 247 247 203 247 0 0 0 0 0 0 0 0 0 
270 257 257 257 257 257 257 257 257 257 257 257 253 254 257 254 252 252 187 247 247 203 215 187 203 215 0 0 0 0 0 0 0 0 0 0 0 0 
257 257 257 257 257 257 257 257 256 257 257 257 257 252 250 249 187 187 215 215 247 249 187 0 0 0 0 0 0 0 0 0 0 0 0 0 0 0 
257 257 257 257 257 257 257 257 256 254 250 252 203 249 247 249 247 247 203 0 0 0 0 0 0 0 0 0 0 0 0 0 0 0 0 0 0 0 
0 0 0 256 257 256 250 249 250 249 247 247 247 0 0 0 0 0 0 0 0 0 0 0 0 0 0 0 0 0 0 0 0 0 0 0 0 0 
