test/output/constant/M380_S060_A000_WD315.0_WS010.0/M380_S060_A000_WD315.0_WS010.0_ros.asc
ncols         38
nrows         13
xllcorner     423003.990666
yllcorner     12747755.311160
cellsize      100.000000
NODATA_value  0.000000
0.000000 0.000000 0.000000 0.000000 0.000000 0.000000 0.000000 0.000000 0.000000 0.000000 0.000000 0.000000 0.000000 0.000000 0.000000 0.000000 0.000000 0.000000 0.000000 0.000000 0.000000 0.000000 0.000000 0.000000 0.000000 32.683582 32.683582 17.822725 13.530532 22.541719 17.822725 13.530532 1.526114 1.312413 1.526114 0.000000 0.000000 0.000000 
0.000000 0.000000 0.000000 0.000000 0.000000 0.000000 0.000000 0.000000 0.000000 0.000000 0.000000 0.000000 0.000000 0.000000 0.000000 0.000000 0.000000 0.000000 22.541719 37.800072 37.800072 37.800072 27.545675 32.683582 32.683582 32.683582 22.541719 37.800072 32.683582 22.541719 32.683582 32.683582 32.683582 32.683582 17.822725 22.541719 1.312413 1.312413 
0.000000 0.000000 0.000000 0.000000 0.000000 0.000000 0.000000 0.000000 0.000000 0.000000 0.000000 0.000000 0.000000 22.541719 32.683582 13.530532 37.800072 32.683582 13.530532 37.800072 13.530532 32.683582 37.800072 27.545675 32.683582 17.822725 37.800072 37.800072 17.822725 42.740234 32.683582 32.683582 47.354401 32.683582 61.548916 61.548916 0.000000 1.382559 
0.000000 0.000000 0.000000 0.000000 0.000000 0.000000 0.000000 0.000000 0.000000 0.000000 32.683582 32.683582 27.545675 37.800072 32.683582 17.822725 27.545675 37.800072 32.683582 22.541719 17.822725 47.354401 32.683582 22.541719 37.800072 37.800072 27.545675 37.800072 37.800072 61.548916 61.548916 61.548916 61.548916 61.548916 61.391647 50.647705 1.923069 1.382559 
0.000000 0.000000 0.000000 0.000000 0.000000 0.000000 0.000000 37.800072 32.683582 37.800072 32.683582 22.541719 37.800072 37.800072 37.800072 32.683582 37.800072 17.822725 37.800072 32.683582 27.545675 37.800072 47.354401 61.548916 61.548916 32.683582 61.548916 61.548916 61.548916 61.548916 61.548916 54.340553 41.699776 46.390957 36.716808 2.710317 1.382559 0.000000 
0.000000 0.000000 0.000000 0.000000 0.000000 37.800072 59.988045 27.545675 17.822725 32.683582 37.800072 37.800072 37.800072 32.683582 42.740234 47.354401 32.683582 37.800072 61.548916 61.548916 61.548916 61.548916 61.548916 61.548916 61.548916 61.548916 61.548916 59.605724 61.391647 41.699776 41.699776 46.390957 41.699776 4.130371 31.593527 0.000000 0.000000 0.000000 
0.000000 0.000000 0.000000 32.683582 37.800072 22.541719 32.683582 61.210567 37.800072 47.354401 61.548916 32.683582 37.800072 61.548916 61.548916 32.683582 61.548916 61.548916 61.548916 61.548916 61.548916 61.548916 61.548916 59.605724 54.340553 50.647705 50.647705 41.699776 46.390957 1.584514 1.382559 2.710317 2.710317 1.584514 0.000000 0.000000 0.000000 0.000000 
0.000000 0.000000 37.800072 55.059452 61.488415 42.740234 32.683582 37.800072 61.548916 61.548916 61.548916 61.548916 61.548916 61.548916 61.548916 61.548916 61.548916 61.548916 61.548916 61.548916 61.548916 61.548916 61.548916 54.340553 4.130371 4.130371 41.699776 4.130371 4.130371 2.710317 2.710317 2.245645 0.000000 0.000000 0.000000 0.000000 0.000000 0.000000 
0.000000 32.683582 42.740234 61.548916 61.548916 61.548916 61.548916 61.548916 61.548916 61.548916 61.548916 61.548916 61.548916 61.391647 61.548916 61.548916 61.548916 61.548916 59.605724 54.340553 50.647705 46.390957 41.699776 41.699776 2.710317 41.699776 41.699776 4.130371 41.699776 0.000000 0.000000 0.000000 0.000000 0.000000 0.000000 0.000000 0.000000 0.000000 
32.683582 61.548916 61.548916 61.548916 61.548916 61.548916 61.548916 61.548916 61.548916 61.548916 61.548916 61.548916 57.357159 59.605724 61.548916 59.605724 54.340553 54.340553 2.710317 41.699776 41.699776 4.130371 6.290513 2.710317 4.130371 6.290513 0.000000 0.000000 0.000000 0.000000 0.000000 0.000000 0.000000 0.000000 0.000000 0.000000 0.000000 0.000000 
61.548916 61.548916 61.548916 61.548916 61.548916 61.548916 61.548916 61.548916 61.391647 61.548916 61.548916 61.548916 61.548916 54.340553 50.647705 46.390957 2.710317 2.710317 6.290513 6.290513 41.699776 46.390957 2.710317 0.000000 0.000000 0.000000 0.000000 0.000000 0.000000 0.000000 0.000000 0.000000 0.000000 0.000000 0.000000 0.000000 0.000000 0.000000 
61.548916 61.548916 61.548916 61.548916 61.548916 61.548916 61.548916 61.548916 61.391647 59.605724 50.647705 54.340553 4.130371 46.390957 41.699776 46.390957 41.699776 41.699776 4.130371 0.000000 0.000000 0.000000 0.000000 0.000000 0.000000 0.000000 0.000000 0.000000 0.000000 0.000000 0.000000 0.000000 0.000000 0.000000 0.000000 0.000000 0.000000 0.000000 
0.000000 0.000000 0.000000 61.391647 61.548916 61.391647 50.647705 46.390957 50.647705 46.390957 41.699776 41.699776 41.699776 0.000000 0.000000 0.000000 0.000000 0.000000 0.000000 0.000000 0.000000 0.000000 0.000000 0.000000 0.000000 0.000000 0.000000 0.000000 0.000000 0.000000 0.000000 0.000000 0.000000 0.000000 0.000000 0.000000 0.000000 0.000000 
