test/output/constant/M380_S060_A000_WD315.0_WS010.0/M380_S060_A000_WD315.0_WS010.0_intensity.asc
ncols         38
nrows         13
xllcorner     423003.990666
yllcorner     12747755.311160
cellsize      100.000000
NODATA_value  0.000000
0 0 0 0 0 0 0 0 0 0 0 0 0 0 0 0 0 0 0 0 0 0 0 0 0 28832 28832 15722 11936 19885 15722 11936 1346 1157 1346 0 0 0 
0 0 0 0 0 0 0 0 0 0 0 0 0 0 0 0 0 0 19885 33346 33346 33346 24300 28832 28832 28832 19885 33346 28832 19885 28832 28832 28832 28832 15722 19885 1157 1157 
0 0 0 0 0 0 0 0 0 0 0 0 0 19885 28832 11936 33346 28832 11936 33346 11936 28832 33346 24300 28832 15722 33346 33346 15722 37704 28832 28832 41774 28832 54296 54296 0 1219 
0 0 0 0 0 0 0 0 0 0 28832 28832 24300 33346 28832 15722 24300 33346 28832 19885 15722 41774 28832 19885 33346 33346 24300 33346 33346 54296 54296 54296 54296 54296 54158 44680 1696 1219 
0 0 0 0 0 0 0 33346 28832 33346 28832 19885 33346 33346 33346 28832 33346 15722 33346 28832 24300 33346 41774 54296 54296 28832 54296 54296 54296 54296 54296 47937 36786 40924 32390 2390 1219 0 
0 0 0 0 0 33346 52919 24300 15722 28832 33346 33346 33346 28832 37704 41774 28832 33346 54296 54296 54296 54296 54296 54296 54296 54296 54296 52582 54158 36786 36786 40924 36786 3643 27870 0 0 0 
0 0 0 28832 33346 19885 28832 53998 33346 41774 54296 28832 33346 54296 54296 28832 54296 54296 54296 54296 54296 54296 54296 52582 47937 44680 44680 36786 40924 1397 1219 2390 2390 1397 0 0 0 0 
0 0 33346 48571 54243 37704 28832 33346 54296 54296 54296 54296 54296 54296 54296 54296 54296 54296 54296 54296 54296 54296 54296 47937 3643 3643 36786 3643 3643 2390 2390 1981 0 0 0 0 0 0 
0 28832 37704 54296 54296 54296 54296 54296 54296 54296 54296 54296 54296 54158 54296 54296 54296 54296 52582 47937 44680 40924 36786 36786 2390 36786 36786 3643 36786 0 0 0 0 0 0 0 0 0 
28832 54296 54296 54296 54296 54296 54296 54296 54296 54296 54296 54296 50598 52582 54296 52582 47937 47937 2390 36786 36786 3643 5549 2390 3643 5549 0 0 0 0 0 0 0 0 0 0 0 0 
54296 54296 54296 54296 54296 54296 54296 54296 54158 54296 54296 54296 54296 47937 44680 40924 2390 2390 5549 5549 36786 40924 2390 0 0 0 0 0 0 0 0 0 0 0 0 0 0 0 
54296 54296 54296 54296 54296 54296 54296 54296 54158 52582 44680 47937 3643 40924 36786 40924 36786 36786 3643 0 0 0 0 0 0 0 0 0 0 0 0 0 0 0 0 0 0 0 
0 0 0 54158 54296 54158 44680 40924 44680 40924 36786 36786 36786 0 0 0 0 0 0 0 0 0 0 0 0 0 0 0 0 0 0 0 0 0 0 0 0 0 
