test/output/constant/M385_S000_A000_WD090.0_WS035.0/M385_S000_A000_WD090.0_WS035.0_raz.asc
ncols         45
nrows         11
xllcorner     422303.990666
yllcorner     12748255.311160
cellsize      100.000000
NODATA_value  0.000000
0 0 0 0 0 0 0 0 0 0 0 0 0 0 272 280 277 278 282 278 277 278 278 280 278 277 348 309 0 0 0 0 0 0 0 0 0 0 0 0 0 0 0 0 0 
0 0 0 0 0 0 0 272 273 274 277 273 275 272 275 280 275 280 277 274 274 274 277 278 280 278 278 278 278 348 277 278 321 278 280 278 280 0 0 0 0 0 0 0 0 
0 0 0 0 270 280 271 270 275 270 272 272 274 275 271 278 277 280 282 273 275 272 275 280 277 280 277 275 278 277 337 280 277 282 278 278 278 337 282 21 360 0 0 0 0 
0 272 278 270 278 272 273 273 270 272 270 270 273 272 272 271 272 273 273 270 273 272 270 273 273 273 275 277 275 280 274 278 274 273 275 278 321 278 337 348 321 21 21 21 0 
270 270 270 270 270 270 270 270 270 270 270 270 270 270 272 273 273 275 277 271 274 272 275 271 272 275 270 275 270 282 273 271 272 270 275 272 270 272 275 277 274 278 278 21 21 
270 270 270 270 270 270 270 270 270 270 270 270 270 270 270 270 270 270 270 270 270 270 270 270 270 270 270 270 270 270 270 270 270 270 270 270 270 270 270 270 270 270 270 65535 21 
270 270 270 270 270 270 270 270 270 270 270 270 270 270 270 270 270 270 270 270 270 270 270 270 270 264 270 270 270 270 270 270 270 270 270 270 270 270 270 270 265 261 261 158 90 
0 270 270 270 270 270 270 270 270 270 270 270 270 270 270 270 270 270 270 270 270 270 270 270 270 270 270 270 270 270 265 270 270 266 264 261 218 261 202 191 218 158 90 158 0 
0 0 0 0 270 270 270 270 270 270 270 270 270 264 270 270 270 270 270 270 264 270 270 270 262 270 270 270 261 262 270 259 262 257 261 261 261 202 257 158 158 0 0 0 0 
0 0 0 0 0 0 0 270 270 265 262 270 270 270 264 270 270 270 262 270 265 270 262 270 259 261 261 261 261 191 262 261 218 261 259 261 259 0 0 0 0 0 0 0 0 
0 0 0 0 0 0 0 0 0 0 0 0 0 0 270 259 270 261 257 261 262 261 261 259 261 262 191 230 0 0 0 0 0 0 0 0 0 0 0 0 0 0 0 0 0 
