test/output/constant/M175_S060_A000_WD045.0_WS020.0/M175_S060_A000_WD045.0_WS020.0_arrival.asc
ncols         28
nrows         10
xllcorner     423903.990666
yllcorner     12747855.311160
cellsize      100.000000
NODATA_value  0.000000
0.000000 0.000000 0.000000 0.000000 0.000000 0.000000 0.000000 0.000000 0.000000 0.000000 0.000000 0.000000 0.000000 0.000000 0.000000 0.000000 0.000000 0.000000 166.039659 166.033911 166.027589 166.021841 166.016093 166.010346 166.005748 166.002874 166.001150 166.000000 
0.000000 0.000000 0.000000 0.000000 0.000000 0.000000 0.000000 0.000000 0.000000 0.000000 0.000000 0.000000 0.000000 0.000000 0.000000 166.036210 166.031037 166.025865 166.021266 166.016668 166.012645 166.009196 166.007472 166.005748 166.004023 166.002874 166.002299 166.011495 
0.000000 0.000000 0.000000 0.000000 0.000000 0.000000 0.000000 0.000000 0.000000 0.000000 0.000000 166.041383 166.036210 166.031612 166.027589 166.023565 166.019542 166.016668 166.013794 166.012070 166.010346 166.008622 166.007472 166.006897 166.007472 166.012070 166.031612 0.000000 
0.000000 0.000000 0.000000 0.000000 0.000000 0.000000 0.000000 0.000000 0.000000 166.038509 166.034486 166.030463 166.027014 166.023565 166.020692 166.018393 166.016668 166.014944 166.013220 166.012070 166.011495 166.011495 166.012645 166.016668 166.027589 0.000000 0.000000 0.000000 
0.000000 0.000000 0.000000 0.000000 0.000000 0.000000 166.041383 166.037360 166.033911 166.031037 166.027589 166.025290 166.022991 166.021266 166.019542 166.017818 166.016668 166.016093 166.015519 166.016093 166.017818 166.021841 166.031037 0.000000 0.000000 0.000000 0.000000 0.000000 
0.000000 0.000000 0.000000 0.000000 166.041383 166.037935 166.035061 166.032187 166.029313 166.027589 166.025865 166.024140 166.022416 166.021266 166.020117 166.020117 166.020117 166.021266 166.023565 166.027589 166.034486 0.000000 0.000000 0.000000 0.000000 0.000000 0.000000 0.000000 
0.000000 0.000000 166.041667 166.039084 166.036210 166.033911 166.032187 166.030463 166.028738 166.027014 166.025865 166.024715 166.024715 166.024715 166.025290 166.026439 166.028738 166.032762 166.039084 0.000000 0.000000 0.000000 0.000000 0.000000 0.000000 0.000000 0.000000 0.000000 
0.000000 166.040808 166.038509 166.036785 166.035061 166.033336 166.031612 166.030463 166.029313 166.028738 166.028738 166.029313 166.029888 166.031612 166.033911 166.037935 0.000000 0.000000 0.000000 0.000000 0.000000 0.000000 0.000000 0.000000 0.000000 0.000000 0.000000 0.000000 
166.041383 166.039659 166.037935 166.036210 166.035061 166.033911 166.033336 166.033336 166.033336 166.033911 166.035061 166.037360 166.039659 0.000000 0.000000 0.000000 0.000000 0.000000 0.000000 0.000000 0.000000 0.000000 0.000000 0.000000 0.000000 0.000000 0.000000 0.000000 
166.041383 166.039659 166.038509 166.037935 166.037935 166.037935 166.037935 166.039084 166.040234 0.000000 0.000000 0.000000 0.000000 0.000000 0.000000 0.000000 0.000000 0.000000 0.000000 0.000000 0.000000 0.000000 0.000000 0.000000 0.000000 0.000000 0.000000 0.000000 
