test/output/constant/C1_S000_A090_WD090.0_WS050.0/C1_S000_A090_WD090.0_WS050.0_arrival.asc
ncols         41
nrows         7
xllcorner     422603.990666
yllcorner     12748455.311160
cellsize      100.000000
NODATA_value  0.000000
0.000000 0.000000 0.000000 0.000000 0.000000 0.000000 0.000000 0.000000 0.000000 166.041314 166.040471 166.039628 166.038785 166.038363 166.037520 166.036677 166.035834 166.035412 166.034569 166.034147 166.033726 166.033726 166.033726 166.033726 166.033726 166.034147 166.034991 166.035412 166.036677 166.037942 166.039628 0.000000 0.000000 0.000000 0.000000 0.000000 0.000000 0.000000 0.000000 0.000000 0.000000 
0.000000 0.000000 0.000000 166.041667 166.040893 166.039628 166.038785 166.037942 166.036677 166.035834 166.034991 166.034147 166.032883 166.032040 166.031196 166.029932 166.029089 166.028245 166.027402 166.026559 166.025716 166.024873 166.024030 166.023608 166.022765 166.021922 166.021500 166.020657 166.020235 166.020235 166.020235 166.020657 166.021500 166.022343 166.023608 166.026138 166.030775 166.037520 0.000000 0.000000 0.000000 
0.000000 166.041314 166.040471 166.039206 166.038363 166.037098 166.036255 166.034991 166.034147 166.032883 166.032040 166.030775 166.029932 166.028667 166.027824 166.026559 166.025716 166.024451 166.023608 166.022343 166.021500 166.020657 166.019392 166.018549 166.017284 166.016441 166.015598 166.014333 166.013490 166.012647 166.011382 166.010539 166.009696 166.008853 166.008010 166.007167 166.006745 166.007167 166.008010 166.011382 0.000000 
166.041667 166.040893 166.039628 166.038785 166.037520 166.036677 166.035412 166.034569 166.033304 166.032461 166.031196 166.030353 166.029089 166.028245 166.026981 166.026138 166.024873 166.024030 166.022765 166.021922 166.020657 166.019814 166.018549 166.017706 166.016441 166.015598 166.014333 166.013490 166.012226 166.011382 166.010118 166.009275 166.008010 166.007167 166.005902 166.005059 166.003794 166.002951 166.001686 166.000843 166.000000 
0.000000 166.041314 166.040471 166.039206 166.038363 166.037098 166.036255 166.034991 166.034147 166.032883 166.032040 166.030775 166.029932 166.028667 166.027824 166.026559 166.025716 166.024451 166.023608 166.022343 166.021500 166.020657 166.019392 166.018549 166.017284 166.016441 166.015598 166.014333 166.013490 166.012647 166.011382 166.010539 166.009696 166.008853 166.008010 166.007167 166.006745 166.007167 166.008010 166.011382 0.000000 
0.000000 0.000000 0.000000 166.041667 166.040893 166.039628 166.038785 166.037942 166.036677 166.035834 166.034991 166.034147 166.032883 166.032040 166.031196 166.029932 166.029089 166.028245 166.027402 166.026559 166.025716 166.024873 166.024030 166.023608 166.022765 166.021922 166.021500 166.020657 166.020235 166.020235 166.020235 166.020657 166.021500 166.022343 166.023608 166.026138 166.030775 166.037520 0.000000 0.000000 0.000000 
0.000000 0.000000 0.000000 0.000000 0.000000 0.000000 0.000000 0.000000 0.000000 166.041314 166.040471 166.039628 166.038785 166.038363 166.037520 166.036677 166.035834 166.035412 166.034569 166.034147 166.033726 166.033726 166.033726 166.033726 166.033726 166.034147 166.034991 166.035412 166.036677 166.037942 166.039628 0.000000 0.000000 0.000000 0.000000 0.000000 0.000000 0.000000 0.000000 0.000000 0.000000 
