test/output/constant/M365_S060_A000_WD225.0_WS015.0/M365_S060_A000_WD225.0_WS015.0_arrival.asc
ncols         26
nrows         13
xllcorner     424203.990666
yllcorner     12748655.311160
cellsize      100.000000
NODATA_value  0.000000
0.000000 0.000000 166.041667 166.041667 0.000000 0.000000 0.000000 0.000000 0.000000 0.000000 0.000000 0.000000 0.000000 0.000000 0.000000 0.000000 0.000000 0.000000 0.000000 0.000000 0.000000 0.000000 0.000000 0.000000 0.000000 0.000000 
166.041450 166.040194 166.038938 166.038310 166.037682 166.037682 166.038310 166.038310 166.039566 166.040822 0.000000 0.000000 0.000000 0.000000 0.000000 0.000000 0.000000 0.000000 0.000000 0.000000 0.000000 0.000000 0.000000 0.000000 0.000000 0.000000 
166.041450 166.039566 166.037682 166.036426 166.035169 166.034541 166.033913 166.033913 166.033913 166.034541 166.035797 166.037054 166.039566 0.000000 0.000000 0.000000 0.000000 0.000000 0.000000 0.000000 0.000000 0.000000 0.000000 0.000000 0.000000 0.000000 
166.041450 166.039566 166.037682 166.035797 166.033913 166.032657 166.031401 166.030773 166.030145 166.030145 166.030145 166.030773 166.032029 166.033913 166.036426 166.040822 0.000000 0.000000 0.000000 0.000000 0.000000 0.000000 0.000000 0.000000 0.000000 0.000000 
0.000000 166.040194 166.038310 166.035797 166.034541 166.032657 166.030773 166.028889 166.027633 166.027005 166.025749 166.025749 166.026377 166.027005 166.028261 166.030773 166.033913 166.040194 0.000000 0.000000 0.000000 0.000000 0.000000 0.000000 0.000000 0.000000 
0.000000 0.000000 166.040194 166.037682 166.035169 166.032657 166.030773 166.028889 166.027005 166.025749 166.023865 166.022609 166.021981 166.021981 166.021981 166.023237 166.024493 166.027633 166.032657 166.040822 0.000000 0.000000 0.000000 0.000000 0.000000 0.000000 
0.000000 0.000000 0.000000 166.040194 166.037682 166.034541 166.032029 166.029517 166.027633 166.025749 166.023865 166.021981 166.020097 166.018841 166.018213 166.018213 166.018213 166.019469 166.021353 166.025749 166.033285 0.000000 0.000000 0.000000 0.000000 0.000000 
0.000000 0.000000 0.000000 0.000000 166.041667 166.038310 166.035169 166.032657 166.029517 166.027005 166.024493 166.021981 166.020097 166.018841 166.016957 166.015073 166.014445 166.013817 166.014445 166.015701 166.018841 166.026377 166.037682 0.000000 0.000000 0.000000 
0.000000 0.000000 0.000000 0.000000 0.000000 0.000000 166.040822 166.037054 166.033913 166.030145 166.027005 166.024493 166.021353 166.018841 166.016957 166.015073 166.013189 166.011304 166.010676 166.010048 166.010676 166.012561 166.018841 166.031401 0.000000 0.000000 
0.000000 0.000000 0.000000 0.000000 0.000000 0.000000 0.000000 0.000000 166.040194 166.036426 166.032657 166.029517 166.025749 166.022609 166.018841 166.016329 166.013817 166.011932 166.010048 166.008164 166.006280 166.006280 166.006908 166.011304 166.027005 0.000000 
0.000000 0.000000 0.000000 0.000000 0.000000 0.000000 0.000000 0.000000 0.000000 0.000000 166.041450 166.037054 166.033285 166.028889 166.025121 166.021353 166.017585 166.014445 166.010676 166.008164 166.006280 166.004396 166.003140 166.002512 166.003768 166.032657 
0.000000 0.000000 0.000000 0.000000 0.000000 0.000000 0.000000 0.000000 0.000000 0.000000 0.000000 0.000000 0.000000 166.039566 166.035169 166.030773 166.026377 166.022609 166.018213 166.013817 166.010048 166.006280 166.003140 166.001256 166.000000 166.023865 
0.000000 0.000000 0.000000 0.000000 0.000000 0.000000 0.000000 0.000000 0.000000 0.000000 0.000000 0.000000 0.000000 0.000000 0.000000 0.000000 0.000000 166.040822 166.036426 166.032029 166.028261 166.023865 166.020725 166.019469 166.020725 166.036426 
