test/output/constant/M365_S060_A000_WD225.0_WS015.0/M365_S060_A000_WD225.0_WS015.0_intensity.asc
ncols         26
nrows         13
xllcorner     424203.990666
yllcorner     12748655.311160
cellsize      100.000000
NODATA_value  0.000000
0 0 36514 6805 0 0 0 0 0 0 0 0 0 0 0 0 0 0 0 0 0 0 0 0 0 0 
36514 36514 36514 36514 36514 36514 1833 28662 3499 26021 0 0 0 0 0 0 0 0 0 0 0 0 0 0 0 0 
36514 36514 36514 35753 36514 34622 36514 36514 36514 31022 1731 26021 1833 0 0 0 0 0 0 0 0 0 0 0 0 0 
36514 36514 36514 36514 36514 36514 36514 36514 34622 36387 31022 1833 3499 3499 26021 4948 0 0 0 0 0 0 0 0 0 0 
0 15427 12573 29641 36514 36514 35753 36514 36514 36514 35753 31022 2471 1833 3499 4948 23180 1266 0 0 0 0 0 0 0 0 
0 0 15427 12573 12573 18395 36514 36514 36514 36514 36514 36514 35753 33029 33029 2471 26021 4948 26021 2471 0 0 0 0 0 0 
0 0 0 33720 12573 29641 15427 15427 27098 36514 36514 33029 36514 36514 36514 36514 26021 1731 26021 3499 1833 0 0 0 0 0 
0 0 0 0 21390 27098 33720 15427 15427 12573 15427 36514 36514 36514 36387 35753 35753 35753 31022 26021 23180 1833 1420 0 0 0 
0 0 0 0 0 0 15427 21390 12573 27098 27098 12573 29641 27098 36514 36514 36514 36514 36514 36514 1833 2471 1645 1731 0 0 
0 0 0 0 0 0 0 0 18395 18395 24320 15427 12573 15427 29641 15427 21390 35134 36514 36514 34622 33029 2471 23180 1833 0 
0 0 0 0 0 0 0 0 0 0 12573 12573 15427 12573 12573 12573 15427 15427 33720 29641 36514 36514 36514 36514 4948 1833 
0 0 0 0 0 0 0 0 0 0 0 0 0 12573 15427 12573 15427 12573 15427 12573 15427 12573 12573 36514 0 1266 
0 0 0 0 0 0 0 0 0 0 0 0 0 0 0 0 0 12573 12573 15427 12573 12573 15427 7541 1154 1154 
