test/output/constant/C4_S060_A000_WD090.0_WS050.0/C4_S060_A000_WD090.0_WS050.0_arrival.asc
ncols         44
nrows         7
xllcorner     422303.990666
yllcorner     12748455.311160
cellsize      100.000000
NODATA_value  0.000000
0.000000 0.000000 0.000000 0.000000 0.000000 0.000000 0.000000 0.000000 0.000000 0.000000 0.000000 0.000000 0.000000 0.000000 0.000000 166.041667 166.041320 166.041320 166.041320 166.041320 166.041667 166.041667 0.000000 0.000000 0.000000 0.000000 0.000000 0.000000 0.000000 0.000000 0.000000 0.000000 0.000000 0.000000 0.000000 0.000000 0.000000 0.000000 0.000000 0.000000 0.000000 0.000000 0.000000 0.000000 
0.000000 0.000000 0.000000 0.000000 0.000000 166.041320 166.040162 166.039389 166.038617 166.037459 166.036686 166.035914 166.034755 166.033983 166.033211 166.032438 166.031666 166.030894 166.030508 166.029735 166.028963 166.028191 166.027804 166.027032 166.026260 166.025873 166.025101 166.024715 166.024715 166.025101 166.025101 166.025487 166.026260 166.027032 166.028577 166.030894 166.033211 166.037072 0.000000 0.000000 0.000000 0.000000 0.000000 0.000000 
0.000000 166.041320 166.040548 166.039389 166.038617 166.037459 166.036686 166.035528 166.034755 166.033597 166.032825 166.031666 166.030894 166.030121 166.028963 166.028191 166.027032 166.026260 166.025101 166.024329 166.023170 166.022398 166.021626 166.020467 166.019695 166.018536 166.017764 166.016605 166.015833 166.015061 166.013902 166.013130 166.011971 166.011199 166.010427 166.010040 166.009268 166.008496 166.008496 166.008882 166.009654 166.011971 166.020467 0.000000 
166.041320 166.040162 166.039389 166.038231 166.037459 166.036300 166.035528 166.034369 166.033597 166.032438 166.031666 166.030508 166.029735 166.028577 166.027804 166.026646 166.025873 166.024715 166.023943 166.022784 166.022012 166.020853 166.020081 166.018922 166.018150 166.016992 166.016219 166.015061 166.014288 166.013130 166.012357 166.011199 166.010427 166.009268 166.008496 166.007337 166.006565 166.005406 166.004634 166.003476 166.002703 166.001545 166.000772 166.000000 
0.000000 166.041320 166.040548 166.039389 166.038617 166.037459 166.036686 166.035528 166.034755 166.033597 166.032825 166.031666 166.030894 166.030121 166.028963 166.028191 166.027032 166.026260 166.025101 166.024329 166.023170 166.022398 166.021626 166.020467 166.019695 166.018536 166.017764 166.016605 166.015833 166.015061 166.013902 166.013130 166.011971 166.011199 166.010427 166.010040 166.009268 166.008496 166.008496 166.008882 166.009654 166.011971 166.020467 0.000000 
0.000000 0.000000 0.000000 0.000000 0.000000 166.041320 166.040162 166.039389 166.038617 166.037459 166.036686 166.035914 166.034755 166.033983 166.033211 166.032438 166.031666 166.030894 166.030508 166.029735 166.028963 166.028191 166.027804 166.027032 166.026260 166.025873 166.025101 166.024715 166.024715 166.025101 166.025101 166.025487 166.026260 166.027032 166.028577 166.030894 166.033211 166.037072 0.000000 0.000000 0.000000 0.000000 0.000000 0.000000 
0.000000 0.000000 0.000000 0.000000 0.000000 0.000000 0.000000 0.000000 0.000000 0.000000 0.000000 0.000000 0.000000 0.000000 0.000000 166.041667 166.041320 166.041320 166.041320 166.041320 166.041667 166.041667 0.000000 0.000000 0.000000 0.000000 0.000000 0.000000 0.000000 0.000000 0.000000 0.000000 0.000000 0.000000 0.000000 0.000000 0.000000 0.000000 0.000000 0.000000 0.000000 0.000000 0.000000 0.000000 
