test/output/constant/M3M475_S000_A270_WD090.0_WS035.0/M3M475_S000_A270_WD090.0_WS035.0_arrival.asc
ncols         38
nrows         9
xllcorner     423003.990666
yllcorner     12748355.311160
cellsize      100.000000
NODATA_value  0.000000
0.000000 0.000000 0.000000 0.000000 0.000000 0.000000 0.000000 0.000000 0.000000 166.041667 166.040794 166.040336 166.039419 166.038503 166.038044 166.037127 166.037127 166.036669 166.036669 166.036669 166.037127 166.037127 166.037586 166.038044 166.038961 166.039878 166.041253 0.000000 0.000000 0.000000 0.000000 0.000000 0.000000 0.000000 0.000000 0.000000 0.000000 0.000000 
0.000000 0.000000 0.000000 0.000000 166.041253 166.040336 166.038961 166.038044 166.037127 166.036211 166.035294 166.034377 166.033461 166.032544 166.032085 166.031169 166.030252 166.029335 166.028877 166.027960 166.027502 166.026585 166.026585 166.026585 166.026127 166.026585 166.027043 166.027502 166.028419 166.029794 166.031627 166.034836 166.039878 0.000000 0.000000 0.000000 0.000000 0.000000 
0.000000 166.041667 166.040794 166.039419 166.038503 166.037127 166.036211 166.035294 166.033919 166.033002 166.032085 166.030710 166.029794 166.028877 166.027502 166.026585 166.025668 166.024293 166.023377 166.022460 166.021543 166.020626 166.019710 166.018793 166.018335 166.017418 166.016501 166.016043 166.016043 166.016043 166.016043 166.016959 166.017876 166.020626 166.025668 166.034377 0.000000 0.000000 
166.041253 166.039878 166.038961 166.037586 166.036669 166.035294 166.034377 166.033002 166.032085 166.030710 166.029794 166.028877 166.027502 166.026585 166.025210 166.024293 166.022918 166.022001 166.020626 166.019710 166.018793 166.017418 166.016501 166.015126 166.014209 166.013293 166.011917 166.011001 166.009626 166.008709 166.007792 166.006875 166.005959 166.005500 166.005500 166.006417 166.012376 0.000000 
166.040794 166.039878 166.038503 166.037586 166.036211 166.035294 166.033919 166.033002 166.031627 166.030710 166.029335 166.028419 166.027043 166.026127 166.024752 166.023835 166.022460 166.021543 166.020168 166.019251 166.017876 166.016959 166.015584 166.014668 166.013293 166.012376 166.011001 166.010084 166.008709 166.007792 166.006417 166.005500 166.004125 166.003209 166.001833 166.000917 166.000000 166.035294 
166.041253 166.039878 166.038961 166.037586 166.036669 166.035294 166.034377 166.033002 166.032085 166.030710 166.029794 166.028877 166.027502 166.026585 166.025210 166.024293 166.022918 166.022001 166.020626 166.019710 166.018793 166.017418 166.016501 166.015126 166.014209 166.013293 166.011917 166.011001 166.009626 166.008709 166.007792 166.006875 166.005959 166.005500 166.005500 166.006417 166.012376 0.000000 
0.000000 166.041667 166.040794 166.039419 166.038503 166.037127 166.036211 166.035294 166.033919 166.033002 166.032085 166.030710 166.029794 166.028877 166.027502 166.026585 166.025668 166.024293 166.023377 166.022460 166.021543 166.020626 166.019710 166.018793 166.018335 166.017418 166.016501 166.016043 166.016043 166.016043 166.016043 166.016959 166.017876 166.020626 166.025668 166.034377 0.000000 0.000000 
0.000000 0.000000 0.000000 0.000000 166.041253 166.040336 166.038961 166.038044 166.037127 166.036211 166.035294 166.034377 166.033461 166.032544 166.032085 166.031169 166.030252 166.029335 166.028877 166.027960 166.027502 166.026585 166.026585 166.026585 166.026127 166.026585 166.027043 166.027502 166.028419 166.029794 166.031627 166.034836 166.039878 0.000000 0.000000 0.000000 0.000000 0.000000 
0.000000 0.000000 0.000000 0.000000 0.000000 0.000000 0.000000 0.000000 0.000000 166.041667 166.040794 166.040336 166.039419 166.038503 166.038044 166.037127 166.037127 166.036669 166.036669 166.036669 166.037127 166.037127 166.037586 166.038044 166.038961 166.039878 166.041253 0.000000 0.000000 0.000000 0.000000 0.000000 0.000000 0.000000 0.000000 0.000000 0.000000 0.000000 
