test/output/constant/C1_S060_A180_WD270.0_WS050.0/C1_S060_A180_WD270.0_WS050.0_arrival.asc
ncols         44
nrows         7
xllcorner     426603.990666
yllcorner     12748455.311160
cellsize      100.000000
NODATA_value  0.000000
0.000000 0.000000 0.000000 0.000000 0.000000 0.000000 0.000000 0.000000 0.000000 0.000000 0.000000 0.000000 0.000000 166.040151 166.038982 166.037813 166.037423 166.036643 166.036253 166.035863 166.035863 166.035863 166.035474 166.035474 166.036253 166.036643 166.037423 166.037813 166.038592 166.039372 166.039762 166.040541 166.041321 0.000000 0.000000 0.000000 0.000000 0.000000 0.000000 0.000000 0.000000 0.000000 0.000000 0.000000 
0.000000 0.000000 0.000000 0.000000 166.038202 166.031965 166.028067 166.025728 166.023779 166.022999 166.022220 166.021830 166.021440 166.021440 166.021440 166.021830 166.022610 166.023389 166.023779 166.024559 166.025338 166.026118 166.026508 166.027287 166.028067 166.028847 166.029626 166.030406 166.031575 166.032355 166.033135 166.033914 166.035084 166.035863 166.036643 166.037813 166.038592 166.039372 166.040151 166.041321 0.000000 0.000000 0.000000 0.000000 
0.000000 166.014813 166.009356 166.007796 166.007407 166.007407 166.007796 166.008576 166.009356 166.010135 166.010915 166.011695 166.012864 166.013644 166.014813 166.015593 166.016762 166.017542 166.018322 166.019491 166.020271 166.021440 166.022220 166.023389 166.024169 166.025338 166.026118 166.026898 166.028067 166.028847 166.030016 166.030796 166.031965 166.032745 166.033914 166.034694 166.035863 166.036643 166.037423 166.038592 166.039372 166.040541 166.041321 0.000000 
166.000000 166.000780 166.001559 166.002729 166.003508 166.004678 166.005457 166.006627 166.007407 166.008576 166.009356 166.010525 166.011305 166.012474 166.013254 166.014423 166.015203 166.016372 166.017152 166.018322 166.019101 166.020271 166.021050 166.022220 166.022999 166.024169 166.024948 166.026118 166.026898 166.028067 166.028847 166.030016 166.030796 166.031965 166.032745 166.033914 166.034694 166.035863 166.036643 166.037813 166.038592 166.039762 166.040541 166.041667 
0.000000 166.014813 166.009356 166.007796 166.007407 166.007407 166.007796 166.008576 166.009356 166.010135 166.010915 166.011695 166.012864 166.013644 166.014813 166.015593 166.016762 166.017542 166.018322 166.019491 166.020271 166.021440 166.022220 166.023389 166.024169 166.025338 166.026118 166.026898 166.028067 166.028847 166.030016 166.030796 166.031965 166.032745 166.033914 166.034694 166.035863 166.036643 166.037423 166.038592 166.039372 166.040541 166.041321 0.000000 
0.000000 0.000000 0.000000 0.000000 166.038202 166.031965 166.028067 166.025728 166.023779 166.022999 166.022220 166.021830 166.021440 166.021440 166.021440 166.021830 166.022610 166.023389 166.023779 166.024559 166.025338 166.026118 166.026508 166.027287 166.028067 166.028847 166.029626 166.030406 166.031575 166.032355 166.033135 166.033914 166.035084 166.035863 166.036643 166.037813 166.038592 166.039372 166.040151 166.041321 0.000000 0.000000 0.000000 0.000000 
0.000000 0.000000 0.000000 0.000000 0.000000 0.000000 0.000000 0.000000 0.000000 0.000000 0.000000 0.000000 0.000000 166.040151 166.038982 166.037813 166.037423 166.036643 166.036253 166.035863 166.035863 166.035863 166.035474 166.035474 166.036253 166.036643 166.037423 166.037813 166.038592 166.039372 166.039762 166.040541 166.041321 0.000000 0.000000 0.000000 0.000000 0.000000 0.000000 0.000000 0.000000 0.000000 0.000000 0.000000 
