test/output/constant/M3M495_S060_A090_WD135.0_WS015.0/M3M495_S060_A090_WD135.0_WS015.0_intensity.asc
ncols         16
nrows         38
xllcorner     425203.990666
yllcorner     12745155.311160
cellsize      100.000000
NODATA_value  0.000000
0 0 0 0 0 0 0 0 0 0 0 0 0 1757 2221 1421 
0 0 0 0 0 0 0 0 0 0 0 0 2385 3394 0 1421 
0 0 0 0 0 0 0 0 0 0 0 3394 2385 58377 58377 11439 
0 0 0 0 0 0 0 0 0 0 1757 1540 41609 58377 11439 8173 
0 0 0 0 0 0 0 0 0 2385 2221 3394 58377 58377 24171 11439 
0 0 0 0 0 0 0 0 0 37018 3394 41609 58377 58377 24171 19557 
0 0 0 0 0 0 0 0 2385 1540 37018 52883 58377 38571 28974 19557 
0 0 0 0 0 0 0 3394 41609 37018 41609 58377 58377 15271 24171 11439 
0 0 0 0 0 0 0 37018 41609 37018 5052 58377 57640 28974 11439 11439 
0 0 0 0 0 0 2385 2385 5052 41609 58377 58377 47198 8173 15271 11439 
0 0 0 0 0 0 7406 41609 5052 3394 58377 58377 11439 19557 15271 11439 
0 0 0 0 0 41609 5052 3394 41609 57216 58377 58377 24171 19557 24171 11439 
0 0 0 0 0 5052 41609 5052 49664 58377 58377 43074 47198 24171 24171 15271 
0 0 0 0 0 37018 3394 41609 58377 58377 58377 19557 15271 15271 24171 0 
0 0 0 0 41609 37018 41609 3394 58377 58377 58377 50816 19557 11439 19557 0 
0 0 0 0 5052 41609 5052 55426 58377 58377 43074 47198 15271 15271 24171 0 
0 0 0 7406 37018 41609 3394 58377 58377 53819 19557 11439 24171 19557 24171 0 
0 0 0 41609 41609 3394 58377 58377 58377 19557 15271 15271 19557 15271 11439 0 
0 0 0 2385 41609 52883 58377 58377 58377 50816 19557 24171 24171 24171 0 0 
0 0 2385 7406 7406 49664 58377 58342 58377 24171 24171 38571 33823 19557 0 0 
0 0 3394 41609 3394 58377 58377 58377 58377 47198 19557 24171 15271 11439 0 0 
0 0 1757 5052 58377 58377 58377 58377 11439 19557 19557 8173 24171 0 0 0 
0 3394 41609 52883 52883 58377 58377 58377 38571 24171 24171 15271 24171 0 0 0 
0 41609 3394 52883 58377 58377 58377 58377 33823 33823 19557 24171 19557 0 0 0 
0 41609 3394 55426 57216 58377 56117 19557 50816 53819 15271 28974 0 0 0 0 
0 5052 41609 57216 58377 58377 58377 58377 15271 24171 24171 15271 0 0 0 0 
41609 52883 58377 58377 58377 58377 58377 24171 15271 19557 19557 0 0 0 0 0 
3394 49664 58377 58377 58377 58377 24171 47198 8173 24171 11439 0 0 0 0 0 
52883 55426 58377 58198 58377 58377 50816 43074 24171 11439 0 0 0 0 0 0 
52883 52883 58377 58342 58377 56117 38571 15271 24171 19557 0 0 0 0 0 0 
52883 58377 58377 58377 58377 38571 11439 53819 38571 0 0 0 0 0 0 0 
52883 58377 57216 58377 19557 47198 24171 8173 24171 0 0 0 0 0 0 0 
58377 58377 58377 58377 53819 58377 11439 38571 0 0 0 0 0 0 0 0 
57216 57216 58377 58377 43074 47198 24171 0 0 0 0 0 0 0 0 0 
58377 58377 58377 19557 15271 11439 24171 0 0 0 0 0 0 0 0 0 
58377 58377 58377 19557 28974 43074 0 0 0 0 0 0 0 0 0 0 
58377 58377 58377 19557 15271 0 0 0 0 0 0 0 0 0 0 0 
58377 58377 58377 19557 0 0 0 0 0 0 0 0 0 0 0 0 
