test/output/constant/M3M4100_S060_A090_WD225.0_WS040.0/M3M4100_S060_A090_WD225.0_WS040.0_arrival.asc
ncols         35
nrows         17
xllcorner     426503.990666
yllcorner     12747255.311160
cellsize      100.000000
NODATA_value  0.000000
166.029694 166.016271 166.015864 166.018711 166.021966 166.025627 166.029288 166.033355 166.037016 166.041084 0.000000 0.000000 0.000000 0.000000 0.000000 0.000000 0.000000 0.000000 0.000000 0.000000 0.000000 0.000000 0.000000 0.000000 0.000000 0.000000 0.000000 0.000000 0.000000 0.000000 0.000000 0.000000 0.000000 0.000000 0.000000 
166.022372 166.000000 166.000814 166.002441 166.004881 166.008542 166.012203 166.016271 166.019932 166.024000 166.027660 166.031728 166.035389 166.039457 0.000000 0.000000 0.000000 0.000000 0.000000 0.000000 0.000000 0.000000 0.000000 0.000000 0.000000 0.000000 0.000000 0.000000 0.000000 0.000000 0.000000 0.000000 0.000000 0.000000 0.000000 
166.027254 166.002847 166.001627 166.002034 166.003254 166.004474 166.006508 166.008949 166.011796 166.015051 166.018305 166.021966 166.025627 166.029288 166.032949 166.036609 166.040677 0.000000 0.000000 0.000000 0.000000 0.000000 0.000000 0.000000 0.000000 0.000000 0.000000 0.000000 0.000000 0.000000 0.000000 0.000000 0.000000 0.000000 0.000000 
166.041491 166.017491 166.008135 166.004474 166.004474 166.004474 166.005695 166.007322 166.008542 166.010576 166.012610 166.015457 166.018305 166.021152 166.024406 166.028067 166.031321 166.034982 166.038643 0.000000 0.000000 0.000000 0.000000 0.000000 0.000000 0.000000 0.000000 0.000000 0.000000 0.000000 0.000000 0.000000 0.000000 0.000000 0.000000 
0.000000 166.034169 166.021152 166.013017 166.008542 166.007322 166.006915 166.007322 166.008542 166.009763 166.010983 166.012610 166.014644 166.016678 166.019118 166.021966 166.024813 166.028067 166.030915 166.034169 166.037423 166.041084 0.000000 0.000000 0.000000 0.000000 0.000000 0.000000 0.000000 0.000000 0.000000 0.000000 0.000000 0.000000 0.000000 
0.000000 0.000000 166.036203 166.025627 166.017898 166.013017 166.010576 166.009763 166.009763 166.010169 166.010983 166.012203 166.013423 166.014644 166.016678 166.018711 166.020745 166.023186 166.026033 166.028881 166.031728 166.034576 166.037423 166.040677 0.000000 0.000000 0.000000 0.000000 0.000000 0.000000 0.000000 0.000000 0.000000 0.000000 0.000000 
0.000000 0.000000 0.000000 166.040270 166.030101 166.023186 166.017898 166.014644 166.013017 166.012610 166.012610 166.012610 166.013423 166.014644 166.015864 166.017491 166.018711 166.020745 166.022779 166.024813 166.027254 166.029694 166.032542 166.035389 166.038237 166.041084 0.000000 0.000000 0.000000 0.000000 0.000000 0.000000 0.000000 0.000000 0.000000 
0.000000 0.000000 0.000000 0.000000 0.000000 166.034982 166.028067 166.022779 166.019118 166.016678 166.015864 166.015457 166.015457 166.015457 166.016271 166.017491 166.018711 166.019932 166.021152 166.022779 166.024813 166.026847 166.028881 166.031321 166.033762 166.036609 166.039050 0.000000 0.000000 0.000000 0.000000 0.000000 0.000000 0.000000 0.000000 
0.000000 0.000000 0.000000 0.000000 0.000000 0.000000 166.039864 166.032949 166.027660 166.023593 166.020745 166.019118 166.018305 166.017898 166.017898 166.018305 166.018711 166.019932 166.021152 166.022372 166.023593 166.025220 166.026847 166.028881 166.030915 166.032949 166.035389 166.037830 166.040270 0.000000 0.000000 0.000000 0.000000 0.000000 0.000000 
0.000000 0.000000 0.000000 0.000000 0.000000 0.000000 0.000000 0.000000 166.037830 166.032542 166.028067 166.025220 166.023186 166.021559 166.021152 166.020745 166.020745 166.021152 166.021559 166.022372 166.023593 166.024813 166.026033 166.027660 166.028881 166.030915 166.032949 166.034982 166.037016 166.039457 166.041491 0.000000 0.000000 0.000000 0.000000 
0.000000 0.000000 0.000000 0.000000 0.000000 0.000000 0.000000 0.000000 0.000000 0.000000 166.037423 166.032949 166.029694 166.027254 166.025220 166.024406 166.023593 166.023593 166.023593 166.023593 166.024406 166.025220 166.026033 166.027254 166.028881 166.030101 166.031321 166.032949 166.034982 166.037016 166.039050 166.041084 0.000000 0.000000 0.000000 
0.000000 0.000000 0.000000 0.000000 0.000000 0.000000 0.000000 0.000000 0.000000 0.000000 0.000000 0.000000 166.037830 166.034169 166.031321 166.029288 166.027660 166.026847 166.026440 166.026033 166.026440 166.026440 166.026847 166.027660 166.028881 166.030101 166.031321 166.032542 166.033762 166.035389 166.037016 166.039050 166.041084 0.000000 0.000000 
0.000000 0.000000 0.000000 0.000000 0.000000 0.000000 0.000000 0.000000 0.000000 0.000000 0.000000 0.000000 0.000000 0.000000 166.038643 166.035796 166.033355 166.031321 166.030508 166.029694 166.029288 166.028881 166.028881 166.029288 166.029694 166.030508 166.031321 166.032542 166.033762 166.034982 166.036203 166.037830 166.039457 166.041084 0.000000 
0.000000 0.000000 0.000000 0.000000 0.000000 0.000000 0.000000 0.000000 0.000000 0.000000 0.000000 0.000000 0.000000 0.000000 0.000000 0.000000 166.039864 166.037423 166.035389 166.033762 166.032949 166.032135 166.031728 166.031728 166.031728 166.032135 166.032542 166.032949 166.034169 166.034982 166.036203 166.037423 166.038643 166.040270 166.041667 
0.000000 0.000000 0.000000 0.000000 0.000000 0.000000 0.000000 0.000000 0.000000 0.000000 0.000000 0.000000 0.000000 0.000000 0.000000 0.000000 0.000000 0.000000 166.041667 166.039457 166.037830 166.036609 166.035796 166.034982 166.034576 166.034576 166.034576 166.034982 166.034982 166.035796 166.036609 166.037423 166.038643 166.040270 166.041491 
0.000000 0.000000 0.000000 0.000000 0.000000 0.000000 0.000000 0.000000 0.000000 0.000000 0.000000 0.000000 0.000000 0.000000 0.000000 0.000000 0.000000 0.000000 0.000000 0.000000 0.000000 166.041491 166.039864 166.039050 166.038237 166.037830 166.037423 166.037016 166.037423 166.037423 166.037830 166.038643 166.039457 166.040270 166.041491 
0.000000 0.000000 0.000000 0.000000 0.000000 0.000000 0.000000 0.000000 0.000000 0.000000 0.000000 0.000000 0.000000 0.000000 0.000000 0.000000 0.000000 0.000000 0.000000 0.000000 0.000000 0.000000 0.000000 0.000000 0.000000 166.041491 166.040677 166.040270 166.039864 166.039864 166.039864 166.040270 166.040677 166.041084 166.041667 
