test/output/constant/M3M4100_S060_A090_WD225.0_WS040.0/M3M4100_S060_A090_WD225.0_WS040.0_ros.asc
ncols         35
nrows         17
xllcorner     426503.990666
yllcorner     12747255.311160
cellsize      100.000000
NODATA_value  0.000000
1.696700 8.328027 11.414693 5.908139 8.328027 19.270815 28.602522 15.096015 28.602522 15.096015 0.000000 0.000000 0.000000 0.000000 0.000000 0.000000 0.000000 0.000000 0.000000 0.000000 0.000000 0.000000 0.000000 0.000000 0.000000 0.000000 0.000000 0.000000 0.000000 0.000000 0.000000 0.000000 0.000000 0.000000 0.000000 
2.125905 -1.000000 59.780724 11.414693 38.306946 38.306946 33.481171 15.096015 23.817945 15.096015 28.602522 15.096015 19.270815 11.414693 0.000000 0.000000 0.000000 0.000000 0.000000 0.000000 0.000000 0.000000 0.000000 0.000000 0.000000 0.000000 0.000000 0.000000 0.000000 0.000000 0.000000 0.000000 0.000000 0.000000 0.000000 
2.125905 44.313892 59.738930 59.780724 59.780724 59.780724 8.328027 11.414693 11.414693 15.096015 11.414693 11.414693 15.096015 11.414693 11.414693 28.602522 11.414693 0.000000 0.000000 0.000000 0.000000 0.000000 0.000000 0.000000 0.000000 0.000000 0.000000 0.000000 0.000000 0.000000 0.000000 0.000000 0.000000 0.000000 0.000000 
4.600219 4.600219 2.125905 44.313892 59.780724 59.780724 59.780724 59.780724 59.780724 8.328027 59.780724 58.625881 58.625881 51.042660 51.042660 15.096015 42.934086 11.414693 42.934086 0.000000 0.000000 0.000000 0.000000 0.000000 0.000000 0.000000 0.000000 0.000000 0.000000 0.000000 0.000000 0.000000 0.000000 0.000000 0.000000 
0.000000 3.219956 4.600219 4.600219 48.467865 59.780724 59.780724 59.780724 59.780724 59.780724 59.780724 11.414693 59.780724 56.832027 51.042660 58.625881 47.222610 11.414693 51.042660 51.042660 42.934086 11.414693 0.000000 0.000000 0.000000 0.000000 0.000000 0.000000 0.000000 0.000000 0.000000 0.000000 0.000000 0.000000 0.000000 
0.000000 0.000000 2.125905 2.965964 39.780563 48.467865 44.313892 59.738930 59.780724 59.780724 59.780724 59.780724 59.780724 56.832027 11.414693 59.780724 58.625881 59.780724 11.414693 11.414693 11.414693 11.414693 54.278488 54.278488 0.000000 0.000000 0.000000 0.000000 0.000000 0.000000 0.000000 0.000000 0.000000 0.000000 0.000000 
0.000000 0.000000 0.000000 3.219956 4.600219 3.219956 48.467865 48.467865 44.313892 59.780724 59.780724 59.780724 59.780724 59.780724 59.780724 59.780724 59.780724 59.780724 11.414693 59.780724 59.780724 58.625881 58.625881 58.625881 54.278488 47.222610 0.000000 0.000000 0.000000 0.000000 0.000000 0.000000 0.000000 0.000000 0.000000 
0.000000 0.000000 0.000000 0.000000 0.000000 4.600219 39.780563 39.780563 48.467865 44.313892 57.473427 59.780724 59.780724 59.780724 59.780724 59.780724 59.780724 59.780724 54.278488 59.780724 59.780724 15.096015 59.605694 59.780724 59.780724 11.414693 51.042660 0.000000 0.000000 0.000000 0.000000 0.000000 0.000000 0.000000 0.000000 
0.000000 0.000000 0.000000 0.000000 0.000000 0.000000 39.780563 44.313892 44.313892 48.467865 48.467865 48.467865 48.467865 59.780724 59.780724 59.780724 59.780724 59.780724 59.780724 59.780724 59.780724 59.780724 59.780724 59.780724 59.780724 59.780724 59.780724 15.096015 59.780724 0.000000 0.000000 0.000000 0.000000 0.000000 0.000000 
0.000000 0.000000 0.000000 0.000000 0.000000 0.000000 0.000000 0.000000 44.313892 48.467865 44.313892 44.313892 57.473427 44.313892 59.738930 57.473427 59.780724 59.780724 59.780724 59.780724 59.780724 59.780724 59.780724 11.414693 54.278488 11.414693 15.096015 15.096015 59.780724 5.908139 51.042660 0.000000 0.000000 0.000000 0.000000 
0.000000 0.000000 0.000000 0.000000 0.000000 0.000000 0.000000 0.000000 0.000000 0.000000 44.313892 48.467865 48.467865 48.467865 48.467865 59.780724 44.313892 59.780724 59.780724 59.019051 59.780724 59.780724 59.780724 59.780724 59.780724 59.780724 47.222610 59.780724 15.096015 59.780724 59.780724 59.780724 0.000000 0.000000 0.000000 
0.000000 0.000000 0.000000 0.000000 0.000000 0.000000 0.000000 0.000000 0.000000 0.000000 0.000000 0.000000 44.313892 48.467865 48.467865 48.467865 48.467865 44.313892 59.780724 59.019051 59.780724 59.780724 59.780724 59.780724 59.780724 59.780724 59.780724 59.780724 59.780724 59.780724 59.780724 11.414693 8.328027 0.000000 0.000000 
0.000000 0.000000 0.000000 0.000000 0.000000 0.000000 0.000000 0.000000 0.000000 0.000000 0.000000 0.000000 0.000000 0.000000 48.467865 48.467865 48.467865 48.467865 59.780724 59.780724 59.019051 59.738930 59.780724 59.780724 59.780724 59.780724 59.780724 59.780724 59.780724 59.780724 59.780724 59.780724 15.096015 59.780724 0.000000 
0.000000 0.000000 0.000000 0.000000 0.000000 0.000000 0.000000 0.000000 0.000000 0.000000 0.000000 0.000000 0.000000 0.000000 0.000000 0.000000 48.467865 48.467865 48.467865 48.467865 59.780724 44.313892 48.467865 59.780724 59.780724 59.780724 59.780724 59.780724 59.780724 59.780724 59.780724 59.780724 59.605694 59.780724 59.780724 
0.000000 0.000000 0.000000 0.000000 0.000000 0.000000 0.000000 0.000000 0.000000 0.000000 0.000000 0.000000 0.000000 0.000000 0.000000 0.000000 0.000000 0.000000 4.600219 48.467865 59.780724 59.780724 59.780724 59.780724 55.149036 59.780724 59.780724 59.780724 59.780724 59.780724 59.780724 59.780724 59.780724 15.096015 59.780724 
0.000000 0.000000 0.000000 0.000000 0.000000 0.000000 0.000000 0.000000 0.000000 0.000000 0.000000 0.000000 0.000000 0.000000 0.000000 0.000000 0.000000 0.000000 0.000000 0.000000 0.000000 44.313892 44.313892 59.780724 59.780724 59.019051 59.780724 59.019051 59.780724 59.780724 59.780724 59.780724 59.780724 59.780724 59.780724 
0.000000 0.000000 0.000000 0.000000 0.000000 0.000000 0.000000 0.000000 0.000000 0.000000 0.000000 0.000000 0.000000 0.000000 0.000000 0.000000 0.000000 0.000000 0.000000 0.000000 0.000000 0.000000 0.000000 0.000000 0.000000 59.738930 48.467865 48.467865 44.313892 59.780724 59.780724 59.780724 59.780724 59.780724 59.780724 
