test/output/constant/M3M455_S060_A180_WD270.0_WS050.0/M3M455_S060_A180_WD270.0_WS050.0_arrival.asc
ncols         40
nrows         5
xllcorner     426603.990666
yllcorner     12748555.311160
cellsize      100.000000
NODATA_value  0.000000
0.000000 0.000000 0.000000 0.000000 0.000000 0.000000 0.000000 166.039002 166.035573 166.033430 166.031287 166.030430 166.029573 166.029144 166.028716 166.028287 166.028287 166.028287 166.029144 166.030002 166.030430 166.031287 166.032145 166.032573 166.033430 166.034287 166.034716 166.035573 166.036430 166.037288 166.038145 166.039002 166.039859 166.041145 0.000000 0.000000 0.000000 0.000000 0.000000 0.000000 
0.000000 166.024430 166.014572 166.011572 166.009858 166.009429 166.009858 166.010286 166.011143 166.012001 166.012858 166.013715 166.014572 166.015429 166.016715 166.017572 166.018858 166.019715 166.020572 166.021858 166.022715 166.024001 166.024858 166.026144 166.027001 166.028287 166.029144 166.030002 166.031287 166.032145 166.033430 166.034287 166.035573 166.036430 166.037716 166.038573 166.039431 166.040716 166.041574 0.000000 
166.000000 166.000857 166.001714 166.003000 166.003857 166.005143 166.006000 166.007286 166.008143 166.009429 166.010286 166.011572 166.012429 166.013715 166.014572 166.015858 166.016715 166.018001 166.018858 166.020144 166.021001 166.022287 166.023144 166.024430 166.025287 166.026573 166.027430 166.028716 166.029573 166.030859 166.031716 166.033002 166.033859 166.035145 166.036002 166.037288 166.038145 166.039431 166.040288 166.041574 
0.000000 166.024430 166.014572 166.011572 166.009858 166.009429 166.009858 166.010286 166.011143 166.012001 166.012858 166.013715 166.014572 166.015429 166.016715 166.017572 166.018858 166.019715 166.020572 166.021858 166.022715 166.024001 166.024858 166.026144 166.027001 166.028287 166.029144 166.030002 166.031287 166.032145 166.033430 166.034287 166.035573 166.036430 166.037716 166.038573 166.039431 166.040716 166.041574 0.000000 
0.000000 0.000000 0.000000 0.000000 0.000000 0.000000 0.000000 166.039002 166.035573 166.033430 166.031287 166.030430 166.029573 166.029144 166.028716 166.028287 166.028287 166.028287 166.029144 166.030002 166.030430 166.031287 166.032145 166.032573 166.033430 166.034287 166.034716 166.035573 166.036430 166.037288 166.038145 166.039002 166.039859 166.041145 0.000000 0.000000 0.000000 0.000000 0.000000 0.000000 
