test/output/constant/M370_S060_A000_WD090.0_WS040.0/M370_S060_A000_WD090.0_WS040.0_arrival.asc
ncols         51
nrows         7
xllcorner     421603.990666
yllcorner     12748455.311160
cellsize      100.000000
NODATA_value  0.000000
0.000000 0.000000 0.000000 0.000000 0.000000 0.000000 0.000000 0.000000 0.000000 0.000000 0.000000 166.041667 166.041116 166.040453 166.040122 166.039458 166.038795 166.038464 166.037800 166.037137 166.036806 166.036143 166.035811 166.035148 166.035148 166.034816 166.034816 166.035148 166.035479 166.035479 166.035811 166.036474 166.037137 166.037800 166.038795 166.039790 166.041448 0.000000 0.000000 0.000000 0.000000 0.000000 0.000000 0.000000 0.000000 0.000000 0.000000 0.000000 0.000000 0.000000 0.000000 
0.000000 0.000000 0.000000 0.000000 166.041448 166.040453 166.039790 166.039127 166.038132 166.037469 166.036806 166.036143 166.035148 166.034485 166.033821 166.032827 166.032164 166.031500 166.030506 166.029842 166.029179 166.028516 166.027853 166.027190 166.026527 166.025863 166.025200 166.024869 166.024206 166.023542 166.023211 166.022548 166.021884 166.021553 166.021221 166.020890 166.021221 166.021221 166.021553 166.022216 166.022879 166.023874 166.025532 166.027853 166.030506 166.035479 0.000000 0.000000 0.000000 0.000000 0.000000 
0.000000 166.041116 166.040453 166.039458 166.038795 166.037800 166.037137 166.036474 166.035479 166.034816 166.033821 166.033158 166.032164 166.031500 166.030506 166.029842 166.028848 166.028185 166.027190 166.026527 166.025863 166.024869 166.024206 166.023211 166.022548 166.021553 166.020890 166.019895 166.019232 166.018237 166.017574 166.016911 166.015916 166.015253 166.014258 166.013595 166.012600 166.011937 166.011274 166.010279 166.009616 166.008953 166.008290 166.007958 166.007295 166.007295 166.007295 166.008290 166.009947 166.017574 0.000000 
166.041116 166.040453 166.039458 166.038795 166.037800 166.037137 166.036143 166.035479 166.034485 166.033821 166.032827 166.032164 166.031169 166.030506 166.029511 166.028848 166.027853 166.027190 166.026195 166.025532 166.024537 166.023874 166.022879 166.022216 166.021221 166.020558 166.019563 166.018900 166.017905 166.017242 166.016248 166.015584 166.014590 166.013926 166.012932 166.012269 166.011274 166.010611 166.009616 166.008953 166.007958 166.007295 166.006300 166.005637 166.004642 166.003979 166.002984 166.002321 166.001326 166.000663 166.000000 
0.000000 166.041116 166.040453 166.039458 166.038795 166.037800 166.037137 166.036474 166.035479 166.034816 166.033821 166.033158 166.032164 166.031500 166.030506 166.029842 166.028848 166.028185 166.027190 166.026527 166.025863 166.024869 166.024206 166.023211 166.022548 166.021553 166.020890 166.019895 166.019232 166.018237 166.017574 166.016911 166.015916 166.015253 166.014258 166.013595 166.012600 166.011937 166.011274 166.010279 166.009616 166.008953 166.008290 166.007958 166.007295 166.007295 166.007295 166.008290 166.009947 166.017574 0.000000 
0.000000 0.000000 0.000000 0.000000 166.041448 166.040453 166.039790 166.039127 166.038132 166.037469 166.036806 166.036143 166.035148 166.034485 166.033821 166.032827 166.032164 166.031500 166.030506 166.029842 166.029179 166.028516 166.027853 166.027190 166.026527 166.025863 166.025200 166.024869 166.024206 166.023542 166.023211 166.022548 166.021884 166.021553 166.021221 166.020890 166.021221 166.021221 166.021553 166.022216 166.022879 166.023874 166.025532 166.027853 166.030506 166.035479 0.000000 0.000000 0.000000 0.000000 0.000000 
0.000000 0.000000 0.000000 0.000000 0.000000 0.000000 0.000000 0.000000 0.000000 0.000000 0.000000 166.041667 166.041116 166.040453 166.040122 166.039458 166.038795 166.038464 166.037800 166.037137 166.036806 166.036143 166.035811 166.035148 166.035148 166.034816 166.034816 166.035148 166.035479 166.035479 166.035811 166.036474 166.037137 166.037800 166.038795 166.039790 166.041448 0.000000 0.000000 0.000000 0.000000 0.000000 0.000000 0.000000 0.000000 0.000000 0.000000 0.000000 0.000000 0.000000 0.000000 
