test/output/constant/C2_S000_A270_WD090.0_WS040.0/C2_S000_A270_WD090.0_WS040.0_arrival.asc
ncols         30
nrows         7
xllcorner     423703.990666
yllcorner     12748455.311160
cellsize      100.000000
NODATA_value  0.000000
0.000000 0.000000 0.000000 0.000000 0.000000 0.000000 0.000000 0.000000 0.000000 166.041106 166.039948 166.039369 166.038211 166.038211 166.038211 166.038211 166.038211 166.038790 166.039369 166.039948 166.041667 0.000000 0.000000 0.000000 0.000000 0.000000 0.000000 0.000000 0.000000 0.000000 
0.000000 0.000000 0.000000 166.041106 166.039948 166.038211 166.037054 166.035896 166.034738 166.033001 166.031843 166.030685 166.029527 166.028369 166.027790 166.026632 166.025474 166.024316 166.023737 166.023158 166.023158 166.023158 166.023737 166.024316 166.026053 166.028948 166.034159 0.000000 0.000000 0.000000 
0.000000 166.040527 166.039369 166.037633 166.036475 166.035317 166.033580 166.032422 166.030685 166.029527 166.027790 166.026632 166.025474 166.023737 166.022580 166.020843 166.019685 166.017948 166.016790 166.015632 166.013895 166.012737 166.011579 166.010421 166.009263 166.008105 166.008105 166.008105 166.010421 166.024316 
166.041667 166.039948 166.038790 166.037054 166.035896 166.034159 166.033001 166.031264 166.030106 166.028369 166.027211 166.025474 166.024316 166.022580 166.021422 166.019685 166.018527 166.016790 166.015632 166.013895 166.012737 166.011000 166.009842 166.008105 166.006948 166.005211 166.004053 166.002316 166.001158 166.000000 
0.000000 166.040527 166.039369 166.037633 166.036475 166.035317 166.033580 166.032422 166.030685 166.029527 166.027790 166.026632 166.025474 166.023737 166.022580 166.020843 166.019685 166.017948 166.016790 166.015632 166.013895 166.012737 166.011579 166.010421 166.009263 166.008105 166.008105 166.008105 166.010421 166.024316 
0.000000 0.000000 0.000000 166.041106 166.039948 166.038211 166.037054 166.035896 166.034738 166.033001 166.031843 166.030685 166.029527 166.028369 166.027790 166.026632 166.025474 166.024316 166.023737 166.023158 166.023158 166.023158 166.023737 166.024316 166.026053 166.028948 166.034159 0.000000 0.000000 0.000000 
0.000000 0.000000 0.000000 0.000000 0.000000 0.000000 0.000000 0.000000 0.000000 166.041106 166.039948 166.039369 166.038211 166.038211 166.038211 166.038211 166.038211 166.038790 166.039369 166.039948 166.041667 0.000000 0.000000 0.000000 0.000000 0.000000 0.000000 0.000000 0.000000 0.000000 
