test/output/constant/M280_S060_A270_WD225.0_WS015.0/M280_S060_A270_WD225.0_WS015.0_arrival.asc
ncols         9
nrows         25
xllcorner     426503.990666
yllcorner     12748755.311160
cellsize      100.000000
NODATA_value  0.000000
0.000000 0.000000 0.000000 0.000000 0.000000 0.000000 166.041667 166.040384 166.040384 
0.000000 0.000000 0.000000 0.000000 0.000000 0.000000 166.039081 166.039081 166.039732 
0.000000 0.000000 0.000000 0.000000 0.000000 166.039732 166.037127 166.037127 166.038429 
0.000000 0.000000 0.000000 0.000000 0.000000 166.037127 166.035173 166.035173 166.037778 
0.000000 0.000000 0.000000 0.000000 166.039732 166.034521 166.033870 166.033870 166.037778 
0.000000 0.000000 0.000000 0.000000 166.036475 166.032567 166.031916 166.032567 166.037778 
0.000000 0.000000 0.000000 166.041035 166.033219 166.030613 166.029962 166.032567 166.037778 
0.000000 0.000000 0.000000 166.037127 166.030613 166.028659 166.028659 166.031916 166.038429 
0.000000 0.000000 0.000000 166.033219 166.028008 166.026705 166.027357 166.031916 166.039732 
0.000000 0.000000 166.040384 166.029962 166.025403 166.025403 166.026705 166.031916 166.041667 
0.000000 0.000000 166.036475 166.026705 166.023448 166.023448 166.026054 166.033219 0.000000 
0.000000 0.000000 166.031916 166.024100 166.021494 166.022146 166.026054 166.034521 0.000000 
0.000000 0.000000 166.028659 166.020843 166.020192 166.020843 166.026705 166.036475 0.000000 
0.000000 166.039081 166.024751 166.018889 166.018238 166.020192 166.027357 166.040384 0.000000 
0.000000 166.033870 166.020843 166.016935 166.016284 166.020192 166.029311 0.000000 0.000000 
0.000000 166.029962 166.017586 166.014981 166.014981 166.020843 166.033219 0.000000 0.000000 
0.000000 166.025403 166.014330 166.013027 166.014981 166.022146 166.039081 0.000000 0.000000 
0.000000 166.020843 166.011724 166.011724 166.014981 166.025403 0.000000 0.000000 0.000000 
0.000000 166.016284 166.009770 166.009770 166.015632 166.031265 0.000000 0.000000 0.000000 
0.000000 166.012376 166.007816 166.009119 166.017586 166.041667 0.000000 0.000000 0.000000 
0.000000 166.008468 166.006513 166.009119 166.024100 0.000000 0.000000 0.000000 0.000000 
166.041035 166.005211 166.004559 166.009770 166.035824 0.000000 0.000000 0.000000 0.000000 
166.039732 166.002605 166.003257 166.016935 0.000000 0.000000 0.000000 0.000000 0.000000 
166.041035 166.001303 166.003257 166.035824 0.000000 0.000000 0.000000 0.000000 0.000000 
0.000000 166.000000 166.013678 0.000000 0.000000 0.000000 0.000000 0.000000 0.000000 
