test/output/constant/M3M450_S000_A000_WD270.0_WS045.0/M3M450_S000_A000_WD270.0_WS045.0_arrival.asc
ncols         33
nrows         7
xllcorner     426603.990666
yllcorner     12748455.311160
cellsize      100.000000
NODATA_value  0.000000
0.000000 0.000000 0.000000 0.000000 0.000000 0.000000 0.000000 0.000000 0.000000 0.000000 166.041287 166.040255 166.039223 166.038190 166.038190 166.037674 166.037674 166.037674 166.037674 166.038190 166.038707 166.039739 166.040255 166.041287 0.000000 0.000000 0.000000 0.000000 0.000000 0.000000 0.000000 0.000000 0.000000 
0.000000 0.000000 0.000000 166.036126 166.030965 166.027353 166.024772 166.023740 166.023224 166.022708 166.022708 166.022708 166.023224 166.024256 166.024772 166.025804 166.026837 166.027353 166.028385 166.029417 166.030449 166.031481 166.032513 166.033546 166.035094 166.036126 166.037158 166.038707 166.039739 166.040771 0.000000 0.000000 0.000000 
166.024256 166.011354 166.008257 166.007741 166.007741 166.008773 166.009290 166.010322 166.011354 166.012902 166.013934 166.014967 166.016515 166.017547 166.019095 166.020127 166.021160 166.022708 166.023740 166.025288 166.026320 166.027869 166.028901 166.030449 166.031481 166.033030 166.034062 166.035610 166.036642 166.037674 166.039223 166.040255 166.041667 
166.000000 166.001032 166.002064 166.003613 166.004645 166.006193 166.007225 166.008773 166.009806 166.011354 166.012386 166.013934 166.014967 166.016515 166.017547 166.019095 166.020127 166.021676 166.022708 166.024256 166.025288 166.026837 166.027869 166.029417 166.030449 166.031997 166.033030 166.034578 166.035610 166.037158 166.038190 166.039739 166.040771 
166.024256 166.011354 166.008257 166.007741 166.007741 166.008773 166.009290 166.010322 166.011354 166.012902 166.013934 166.014967 166.016515 166.017547 166.019095 166.020127 166.021160 166.022708 166.023740 166.025288 166.026320 166.027869 166.028901 166.030449 166.031481 166.033030 166.034062 166.035610 166.036642 166.037674 166.039223 166.040255 166.041667 
0.000000 0.000000 0.000000 166.036126 166.030965 166.027353 166.024772 166.023740 166.023224 166.022708 166.022708 166.022708 166.023224 166.024256 166.024772 166.025804 166.026837 166.027353 166.028385 166.029417 166.030449 166.031481 166.032513 166.033546 166.035094 166.036126 166.037158 166.038707 166.039739 166.040771 0.000000 0.000000 0.000000 
0.000000 0.000000 0.000000 0.000000 0.000000 0.000000 0.000000 0.000000 0.000000 0.000000 166.041287 166.040255 166.039223 166.038190 166.038190 166.037674 166.037674 166.037674 166.037674 166.038190 166.038707 166.039739 166.040255 166.041287 0.000000 0.000000 0.000000 0.000000 0.000000 0.000000 0.000000 0.000000 0.000000 
