test/output/constant/M3M4100_S060_A000_WD000.0_WS005.0/M3M4100_S060_A000_WD000.0_WS005.0_ros.asc
ncols         57
nrows         14
xllcorner     421103.990666
yllcorner     12747755.311160
cellsize      100.000000
NODATA_value  0.000000
0.000000 0.000000 0.000000 0.000000 0.000000 0.000000 0.000000 0.000000 0.000000 0.000000 0.000000 0.000000 0.000000 0.000000 0.000000 0.000000 0.000000 0.000000 0.000000 0.000000 0.000000 0.000000 0.000000 0.000000 0.000000 0.000000 0.000000 0.000000 0.000000 0.000000 0.000000 0.000000 0.000000 0.000000 0.000000 0.000000 0.000000 0.000000 32.983292 40.646351 48.508183 32.983292 48.508183 40.646351 48.508183 0.000000 0.000000 0.000000 0.000000 0.000000 0.000000 0.000000 0.000000 0.000000 0.000000 0.000000 0.000000 
0.000000 0.000000 0.000000 0.000000 0.000000 0.000000 0.000000 0.000000 0.000000 0.000000 0.000000 0.000000 0.000000 0.000000 0.000000 0.000000 0.000000 0.000000 0.000000 0.000000 0.000000 0.000000 0.000000 0.000000 40.646351 56.330021 48.508183 56.330021 56.330021 48.508183 48.508183 48.508183 25.751720 25.751720 63.874325 32.983292 56.330021 40.646351 40.646351 32.983292 56.330021 32.983292 40.646351 32.983292 40.646351 32.983292 48.508183 32.983292 32.983292 48.508183 40.646351 32.983292 1.540974 1.110185 0.000000 0.000000 0.000000 
0.000000 0.000000 0.000000 0.000000 0.000000 0.000000 0.000000 0.000000 0.000000 0.000000 0.000000 0.000000 0.000000 0.000000 0.000000 0.000000 0.000000 0.000000 56.330021 70.911964 48.508183 70.911964 40.646351 63.874325 40.646351 63.874325 70.911964 63.874325 63.874325 63.874325 63.874325 56.330021 63.874325 70.911964 63.874325 56.330021 63.874325 48.508183 48.508183 63.874325 40.646351 32.983292 48.508183 56.330021 48.508183 48.508183 56.330021 56.330021 48.508183 48.508183 25.751720 48.508183 40.646351 48.508183 25.751720 1.110185 0.000000 
0.000000 0.000000 0.000000 0.000000 0.000000 0.000000 0.000000 0.000000 0.000000 0.000000 0.000000 0.000000 0.000000 70.911964 63.874325 70.911964 56.330021 63.874325 63.874325 63.874325 56.330021 63.874325 40.646351 63.874325 40.646351 63.874325 32.983292 70.911964 63.874325 70.911964 63.874325 70.911964 70.911964 56.330021 70.911964 56.330021 70.911964 48.508183 63.874325 40.646351 70.911964 63.874325 40.646351 70.911964 63.874325 48.508183 70.911964 63.874325 63.874325 70.911964 63.874325 92.379395 92.379395 92.379395 92.379395 -1.000000 1.110185 
0.000000 0.000000 0.000000 0.000000 0.000000 0.000000 0.000000 0.000000 0.000000 63.874325 70.911964 63.874325 40.646351 70.911964 63.874325 40.646351 70.911964 63.874325 32.983292 70.911964 70.911964 48.508183 70.911964 63.874325 32.983292 77.229218 70.911964 70.911964 63.874325 63.874325 63.874325 48.508183 63.874325 70.911964 63.874325 32.983292 70.911964 70.911964 40.646351 77.229218 63.874325 70.911964 92.379395 63.874325 92.379395 92.379395 92.379395 92.379395 92.379395 92.379395 92.379395 92.379395 92.379395 70.240059 63.145283 1.540974 0.000000 
0.000000 0.000000 0.000000 0.000000 0.000000 0.000000 0.000000 63.874325 70.911964 70.911964 48.508183 63.874325 70.911964 40.646351 92.275169 70.911964 70.911964 63.874325 70.911964 70.911964 25.751720 56.330021 77.229218 63.874325 63.874325 70.911964 63.874325 70.911964 70.911964 32.983292 92.379395 40.646351 56.330021 90.083664 92.379395 63.874325 92.379395 92.379395 92.379395 92.379395 92.379395 92.379395 92.379395 92.379395 92.379395 92.379395 92.379395 92.379395 86.581184 70.240059 2.774511 2.774511 4.995947 1.540974 0.900505 0.000000 0.000000 
0.000000 0.000000 0.000000 0.000000 70.911964 70.911964 48.508183 56.330021 70.911964 70.911964 63.874325 48.508183 90.083664 48.508183 70.911964 77.229218 48.508183 77.229218 92.379395 48.508183 56.330021 92.379395 63.874325 92.379395 56.330021 92.379395 92.379395 92.379395 92.379395 92.379395 92.379395 92.379395 92.379395 92.379395 92.379395 92.379395 92.379395 92.379395 92.379395 92.379395 92.379395 92.379395 92.379395 82.138931 70.240059 63.145283 63.145283 70.240059 70.240059 1.540974 2.774511 2.018550 55.567543 1.540974 0.000000 0.000000 0.000000 
0.000000 0.000000 63.874325 70.911964 63.874325 63.874325 63.874325 56.330021 92.379395 63.874325 92.379395 63.874325 92.379395 70.911964 92.379395 56.330021 63.874325 92.379395 92.379395 92.379395 63.874325 92.379395 92.379395 92.379395 92.379395 92.379395 92.379395 92.379395 92.379395 92.379395 92.379395 92.379395 92.379395 92.379395 92.379395 92.379395 92.379395 82.138931 76.636108 92.379395 82.138931 1.540974 63.145283 4.995947 70.240059 4.995947 2.774511 4.995947 1.138568 63.145283 55.567543 0.000000 0.000000 0.000000 0.000000 0.000000 0.000000 
0.000000 92.379395 92.379395 70.911964 63.874325 92.379395 92.379395 56.330021 92.379395 92.379395 92.379395 92.379395 92.379395 92.379395 92.379395 92.379395 92.379395 92.379395 92.379395 92.379395 92.379395 92.379395 92.379395 92.379395 92.379395 92.379395 92.379395 92.379395 92.379395 92.379395 89.827782 92.379395 76.636108 89.827782 70.240059 63.145283 70.240059 70.240059 63.145283 8.417634 70.240059 4.995947 63.145283 63.145283 70.240059 2.774511 63.145283 63.145283 0.000000 0.000000 0.000000 0.000000 0.000000 0.000000 0.000000 0.000000 0.000000 
92.379395 92.379395 92.379395 92.379395 92.379395 92.379395 92.379395 92.379395 92.379395 92.379395 92.379395 92.379395 92.379395 92.379395 92.379395 92.379395 92.379395 92.379395 92.379395 92.379395 92.379395 92.379395 92.379395 92.379395 89.827782 92.379395 92.379395 92.379395 86.581184 63.145283 70.240059 63.145283 4.995947 4.995947 63.145283 63.145283 63.145283 63.145283 63.145283 2.774511 70.240059 70.240059 2.018550 2.774511 2.018550 0.000000 0.000000 0.000000 0.000000 0.000000 0.000000 0.000000 0.000000 0.000000 0.000000 0.000000 0.000000 
92.379395 92.379395 92.379395 92.379395 92.379395 92.379395 92.379395 92.379395 82.138931 92.379395 92.379395 92.379395 92.379395 91.779961 92.379395 92.379395 91.779961 92.379395 92.213997 76.636108 92.379395 92.379395 92.379395 86.581184 70.240059 63.145283 63.145283 63.145283 70.240059 63.145283 63.145283 70.240059 4.995947 63.145283 8.417634 2.774511 70.240059 2.774511 63.145283 70.240059 63.145283 0.000000 0.000000 0.000000 0.000000 0.000000 0.000000 0.000000 0.000000 0.000000 0.000000 0.000000 0.000000 0.000000 0.000000 0.000000 0.000000 
0.000000 91.779961 92.379395 92.379395 92.379395 92.379395 92.379395 92.379395 92.379395 92.379395 86.581184 92.379395 92.213997 91.779961 92.379395 92.213997 92.379395 76.636108 92.379395 89.827782 63.145283 63.145283 70.240059 4.995947 70.240059 63.145283 63.145283 63.145283 63.145283 2.774511 63.145283 63.145283 63.145283 4.995947 4.995947 1.540974 0.000000 0.000000 0.000000 0.000000 0.000000 0.000000 0.000000 0.000000 0.000000 0.000000 0.000000 0.000000 0.000000 0.000000 0.000000 0.000000 0.000000 0.000000 0.000000 0.000000 0.000000 
0.000000 0.000000 0.000000 92.379395 92.379395 76.636108 76.636108 92.379395 92.379395 86.581184 82.138931 89.827782 92.379395 92.213997 63.145283 92.379395 76.636108 63.145283 63.145283 70.240059 70.240059 70.240059 2.774511 70.240059 63.145283 70.240059 63.145283 63.145283 63.145283 63.145283 0.000000 0.000000 0.000000 0.000000 0.000000 0.000000 0.000000 0.000000 0.000000 0.000000 0.000000 0.000000 0.000000 0.000000 0.000000 0.000000 0.000000 0.000000 0.000000 0.000000 0.000000 0.000000 0.000000 0.000000 0.000000 0.000000 0.000000 
0.000000 0.000000 0.000000 0.000000 0.000000 0.000000 0.000000 0.000000 0.000000 86.581184 70.240059 63.145283 63.145283 70.240059 70.240059 63.145283 70.240059 70.240059 63.145283 0.000000 0.000000 0.000000 0.000000 0.000000 0.000000 0.000000 0.000000 0.000000 0.000000 0.000000 0.000000 0.000000 0.000000 0.000000 0.000000 0.000000 0.000000 0.000000 0.000000 0.000000 0.000000 0.000000 0.000000 0.000000 0.000000 0.000000 0.000000 0.000000 0.000000 0.000000 0.000000 0.000000 0.000000 0.000000 0.000000 0.000000 0.000000 
