test/output/constant/M3M400_S000_A180_WD180.0_WS045.0/M3M400_S000_A180_WD180.0_WS045.0_arrival.asc
ncols         11
nrows         63
xllcorner     426103.990666
yllcorner     12748755.311160
cellsize      100.000000
NODATA_value  0.000000
0.000000 0.000000 0.000000 0.000000 166.041588 166.041320 166.041588 0.000000 0.000000 0.000000 0.000000 
0.000000 0.000000 0.000000 0.000000 166.040783 166.040783 166.040783 0.000000 0.000000 0.000000 0.000000 
0.000000 0.000000 0.000000 166.041320 166.040247 166.039978 166.040247 166.041320 0.000000 0.000000 0.000000 
0.000000 0.000000 0.000000 166.040515 166.039442 166.039442 166.039442 166.040515 0.000000 0.000000 0.000000 
0.000000 0.000000 166.041588 166.039978 166.038905 166.038637 166.038905 166.039978 166.041588 0.000000 0.000000 
0.000000 0.000000 166.040783 166.039173 166.038100 166.038100 166.038100 166.039173 166.040783 0.000000 0.000000 
0.000000 0.000000 166.040247 166.038637 166.037563 166.037295 166.037563 166.038637 166.040247 0.000000 0.000000 
0.000000 0.000000 166.039710 166.037832 166.036758 166.036758 166.036758 166.037832 166.039710 0.000000 0.000000 
0.000000 166.041320 166.038905 166.037295 166.036222 166.035954 166.036222 166.037295 166.038905 166.041320 0.000000 
0.000000 166.040783 166.038368 166.036758 166.035417 166.035417 166.035417 166.036758 166.038368 166.040783 0.000000 
0.000000 166.040247 166.037832 166.035954 166.034880 166.034612 166.034880 166.035954 166.037832 166.040247 0.000000 
0.000000 166.039442 166.037027 166.035417 166.034075 166.034075 166.034075 166.035417 166.037027 166.039442 0.000000 
0.000000 166.038905 166.036490 166.034880 166.033539 166.033270 166.033539 166.034880 166.036490 166.038905 0.000000 
0.000000 166.038368 166.035954 166.034075 166.032734 166.032734 166.032734 166.034075 166.035954 166.038368 0.000000 
166.041588 166.037832 166.035149 166.033539 166.032197 166.031929 166.032197 166.033539 166.035149 166.037832 166.041588 
166.041051 166.037295 166.034612 166.032734 166.031392 166.031392 166.031392 166.032734 166.034612 166.037295 166.041051 
166.040783 166.036758 166.034075 166.032197 166.030856 166.030587 166.030856 166.032197 166.034075 166.036758 166.040783 
166.040247 166.036222 166.033539 166.031392 166.030051 166.030051 166.030051 166.031392 166.033539 166.036222 166.040247 
166.039710 166.035685 166.032734 166.030856 166.029514 166.029246 166.029514 166.030856 166.032734 166.035685 166.039710 
166.039442 166.035149 166.032197 166.030319 166.028977 166.028709 166.028977 166.030319 166.032197 166.035149 166.039442 
166.038905 166.034612 166.031661 166.029514 166.028173 166.027904 166.028173 166.029514 166.031661 166.034612 166.038905 
166.038368 166.034075 166.030856 166.028977 166.027636 166.027368 166.027636 166.028977 166.030856 166.034075 166.038368 
166.038100 166.033807 166.030319 166.028173 166.026831 166.026563 166.026831 166.028173 166.030319 166.033807 166.038100 
166.037563 166.033270 166.029782 166.027636 166.026294 166.026026 166.026294 166.027636 166.029782 166.033270 166.037563 
166.037027 166.032734 166.029246 166.026831 166.025489 166.025221 166.025489 166.026831 166.029246 166.032734 166.037027 
166.036758 166.032197 166.028441 166.026294 166.024953 166.024685 166.024953 166.026294 166.028441 166.032197 166.036758 
166.036222 166.031661 166.027904 166.025489 166.024148 166.023880 166.024148 166.025489 166.027904 166.031661 166.036222 
166.035954 166.031392 166.027368 166.024953 166.023611 166.023343 166.023611 166.024953 166.027368 166.031392 166.035954 
166.035417 166.030856 166.026831 166.024416 166.023075 166.022538 166.023075 166.024416 166.026831 166.030856 166.035417 
166.035149 166.030319 166.026294 166.023611 166.022270 166.022001 166.022270 166.023611 166.026294 166.030319 166.035149 
166.035149 166.029782 166.025758 166.023075 166.021733 166.021196 166.021733 166.023075 166.025758 166.029782 166.035149 
166.035149 166.029514 166.025221 166.022538 166.020928 166.020660 166.020928 166.022538 166.025221 166.029514 166.035149 
166.035149 166.028977 166.024685 166.021733 166.020392 166.019855 166.020392 166.021733 166.024685 166.028977 166.035149 
166.035149 166.028709 166.024148 166.021196 166.019587 166.019318 166.019587 166.021196 166.024148 166.028709 166.035149 
166.035149 166.028173 166.023880 166.020660 166.019050 166.018513 166.019050 166.020660 166.023880 166.028173 166.035149 
166.035149 166.027904 166.023343 166.019855 166.018513 166.017977 166.018513 166.019855 166.023343 166.027904 166.035149 
166.035149 166.027368 166.022806 166.019318 166.017708 166.017172 166.017708 166.019318 166.022806 166.027368 166.035149 
166.035417 166.027368 166.022270 166.018782 166.017172 166.016635 166.017172 166.018782 166.022270 166.027368 166.035417 
166.035685 166.027368 166.022001 166.018245 166.016367 166.015830 166.016367 166.018245 166.022001 166.027368 166.035685 
166.035954 166.027368 166.021465 166.017440 166.015830 166.015294 166.015830 166.017440 166.021465 166.027368 166.035954 
166.036222 166.027368 166.020928 166.016904 166.015025 166.014489 166.015025 166.016904 166.020928 166.027368 166.036222 
166.036758 166.027368 166.020660 166.016367 166.014489 166.013952 166.014489 166.016367 166.020660 166.027368 166.036758 
166.037295 166.027368 166.020123 166.015830 166.013684 166.013147 166.013684 166.015830 166.020123 166.027368 166.037295 
166.038100 166.027636 166.019855 166.015294 166.013147 166.012611 166.013147 166.015294 166.019855 166.027636 166.038100 
166.038905 166.027904 166.019587 166.014757 166.012342 166.011806 166.012342 166.014757 166.019587 166.027904 166.038905 
166.039978 166.028441 166.019587 166.014220 166.011806 166.011269 166.011806 166.014220 166.019587 166.028441 166.039978 
166.041051 166.028709 166.019587 166.013952 166.011001 166.010464 166.011001 166.013952 166.019587 166.028709 166.041051 
0.000000 166.029514 166.019587 166.013416 166.010464 166.009927 166.010464 166.013416 166.019587 166.029514 0.000000 
0.000000 166.030319 166.019587 166.012879 166.009927 166.009123 166.009927 166.012879 166.019587 166.030319 0.000000 
0.000000 166.031124 166.019855 166.012611 166.009123 166.008586 166.009123 166.012611 166.019855 166.031124 0.000000 
0.000000 166.032466 166.020392 166.012074 166.008586 166.007781 166.008586 166.012074 166.020392 166.032466 0.000000 
0.000000 166.033807 166.020928 166.011806 166.007781 166.007244 166.007781 166.011806 166.020928 166.033807 0.000000 
0.000000 166.035954 166.021733 166.011806 166.007244 166.006439 166.007244 166.011806 166.021733 166.035954 0.000000 
0.000000 166.038100 166.022538 166.011806 166.006708 166.005903 166.006708 166.011806 166.022538 166.038100 0.000000 
0.000000 166.041588 166.024148 166.011806 166.005903 166.005098 166.005903 166.011806 166.024148 166.041588 0.000000 
0.000000 0.000000 166.026026 166.012342 166.005366 166.004561 166.005366 166.012342 166.026026 0.000000 0.000000 
0.000000 0.000000 166.028441 166.013147 166.004830 166.003756 166.004830 166.013147 166.028441 0.000000 0.000000 
0.000000 0.000000 166.032197 166.013952 166.004561 166.003220 166.004561 166.013952 166.032197 0.000000 0.000000 
0.000000 0.000000 166.038100 166.015562 166.004025 166.002415 166.004025 166.015562 166.038100 0.000000 0.000000 
0.000000 0.000000 0.000000 166.019050 166.004025 166.001878 166.004025 166.019050 0.000000 0.000000 0.000000 
0.000000 0.000000 0.000000 166.024416 166.004293 166.001073 166.004293 166.024416 0.000000 0.000000 0.000000 
0.000000 0.000000 0.000000 166.034344 166.005903 166.000537 166.005903 166.034344 0.000000 0.000000 0.000000 
0.000000 0.000000 0.000000 0.000000 166.012611 166.000000 166.012611 0.000000 0.000000 0.000000 0.000000 
