test/output/constant/M4100_S060_A090_WD315.0_WS010.0/M4100_S060_A090_WD315.0_WS010.0_arrival.asc
ncols         10
nrows         38
xllcorner     426503.990666
yllcorner     12745055.311160
cellsize      100.000000
NODATA_value  0.000000
166.030248 166.000000 166.012455 0.000000 0.000000 0.000000 0.000000 0.000000 0.000000 0.000000 
166.019572 166.000890 166.003114 166.030693 0.000000 0.000000 0.000000 0.000000 0.000000 0.000000 
166.017348 166.001779 166.002669 166.017348 0.000000 0.000000 0.000000 0.000000 0.000000 0.000000 
166.017793 166.003114 166.003114 166.010676 166.034252 0.000000 0.000000 0.000000 0.000000 0.000000 
166.018238 166.004448 166.004003 166.008452 166.024466 0.000000 0.000000 0.000000 0.000000 0.000000 
166.019128 166.005783 166.005338 166.008007 166.018683 166.040924 0.000000 0.000000 0.000000 0.000000 
166.020907 166.007562 166.006672 166.008007 166.015124 166.032472 0.000000 0.000000 0.000000 0.000000 
166.022686 166.009341 166.007562 166.008007 166.013790 166.026690 0.000000 0.000000 0.000000 0.000000 
166.024466 166.011121 166.008897 166.008897 166.013345 166.023131 166.040479 0.000000 0.000000 0.000000 
166.026245 166.013345 166.009786 166.009786 166.012900 166.020462 166.034697 0.000000 0.000000 0.000000 
166.028024 166.015124 166.011121 166.011121 166.012900 166.019128 166.031138 0.000000 0.000000 0.000000 
166.030248 166.016903 166.012455 166.012010 166.013345 166.018683 166.028024 0.000000 0.000000 0.000000 
166.032028 166.019128 166.014235 166.013345 166.013790 166.018238 166.025800 166.039145 0.000000 0.000000 
166.034252 166.020907 166.015569 166.014679 166.014679 166.018238 166.024466 166.035586 0.000000 0.000000 
166.036031 166.022686 166.017348 166.015569 166.015569 166.018238 166.024021 166.032917 0.000000 0.000000 
166.038255 166.024910 166.019128 166.016903 166.016903 166.018683 166.023576 166.031138 0.000000 0.000000 
166.040035 166.026690 166.020462 166.017793 166.017793 166.019128 166.023576 166.030248 166.040479 0.000000 
0.000000 166.028914 166.022241 166.019128 166.019128 166.019572 166.023131 166.029359 166.038255 0.000000 
0.000000 166.030693 166.024021 166.020907 166.020017 166.020462 166.023576 166.028914 166.036476 0.000000 
0.000000 166.032472 166.025800 166.022241 166.021352 166.021352 166.023576 166.028914 166.035586 0.000000 
0.000000 166.034697 166.028024 166.023576 166.022686 166.022686 166.024021 166.028469 166.034697 0.000000 
0.000000 166.036476 166.029803 166.025355 166.023576 166.023576 166.024910 166.028469 166.034252 0.000000 
0.000000 166.038700 166.031583 166.027135 166.024910 166.024910 166.025355 166.028469 166.033807 166.040924 
0.000000 166.040479 166.033362 166.028914 166.026245 166.025800 166.026245 166.028914 166.033807 166.040035 
0.000000 0.000000 166.035586 166.030248 166.027579 166.027135 166.027135 166.029359 166.033362 166.039590 
0.000000 0.000000 166.037366 166.032028 166.028914 166.028024 166.028024 166.029803 166.033362 166.039145 
0.000000 0.000000 166.039145 166.033807 166.030693 166.029359 166.029359 166.030693 166.033807 166.039145 
0.000000 0.000000 166.041369 166.035586 166.032028 166.030693 166.030248 166.031138 166.034252 166.038700 
0.000000 0.000000 0.000000 166.037366 166.033362 166.031583 166.031583 166.032028 166.034697 166.038700 
0.000000 0.000000 0.000000 166.039145 166.035141 166.032917 166.032917 166.032917 166.035141 166.038700 
0.000000 0.000000 0.000000 166.040479 166.036921 166.034252 166.033807 166.033807 166.035586 166.038700 
0.000000 0.000000 0.000000 0.000000 166.038255 166.035586 166.035141 166.035141 166.036476 166.039145 
0.000000 0.000000 0.000000 0.000000 166.040035 166.037366 166.036031 166.036031 166.036921 166.039590 
0.000000 0.000000 0.000000 0.000000 166.041667 166.038700 166.037366 166.037366 166.037810 166.040035 
0.000000 0.000000 0.000000 0.000000 0.000000 166.040035 166.038700 166.038255 166.038700 166.040924 
0.000000 0.000000 0.000000 0.000000 0.000000 166.041369 166.040035 166.039590 166.039590 166.041369 
0.000000 0.000000 0.000000 0.000000 0.000000 0.000000 166.041369 166.040924 166.040924 0.000000 
0.000000 0.000000 0.000000 0.000000 0.000000 0.000000 0.000000 166.041667 0.000000 0.000000 
