test/output/constant/M3M475_S060_A090_WD090.0_WS010.0/M3M475_S060_A090_WD090.0_WS010.0_ros.asc
ncols         14
nrows         40
xllcorner     425403.990666
yllcorner     12744855.311160
cellsize      100.000000
NODATA_value  0.000000
0.000000 0.000000 0.000000 0.000000 0.000000 0.000000 0.000000 0.000000 0.000000 0.000000 0.000000 1.619182 0.000000 0.927283 
0.000000 0.000000 0.000000 0.000000 0.000000 0.000000 0.000000 0.000000 0.000000 0.000000 1.619182 50.645092 66.999519 10.066038 
0.000000 0.000000 0.000000 0.000000 0.000000 0.000000 0.000000 0.000000 0.000000 1.619182 3.717815 66.999519 66.999519 6.621767 
0.000000 0.000000 0.000000 0.000000 0.000000 0.000000 0.000000 0.000000 0.000000 0.975196 45.489067 66.999519 19.024240 24.269518 
0.000000 0.000000 0.000000 0.000000 0.000000 0.000000 0.000000 0.000000 1.277826 45.489067 55.307735 66.999519 35.504711 14.241717 
0.000000 0.000000 0.000000 0.000000 0.000000 0.000000 0.000000 0.000000 1.277826 45.489067 66.999519 66.999519 29.819010 10.066038 
0.000000 0.000000 0.000000 0.000000 0.000000 0.000000 0.000000 2.148614 50.645092 0.758786 66.999519 56.209938 14.241717 24.269518 
0.000000 0.000000 0.000000 0.000000 0.000000 0.000000 0.000000 39.996498 50.645092 55.307735 66.999519 29.819010 29.819010 29.819010 
0.000000 0.000000 0.000000 0.000000 0.000000 0.000000 45.489067 45.489067 50.645092 66.999519 66.999519 24.269518 24.269518 10.066038 
0.000000 0.000000 0.000000 0.000000 0.000000 0.000000 45.489067 45.489067 55.307735 66.999519 63.187138 66.687996 24.269518 29.819010 
0.000000 0.000000 0.000000 0.000000 0.000000 0.000000 50.645092 45.489067 55.307735 66.999519 66.999519 29.819010 24.269518 10.066038 
0.000000 0.000000 0.000000 0.000000 0.000000 3.717815 3.717815 45.489067 62.604836 66.999519 60.089424 35.504711 24.269518 24.269518 
0.000000 0.000000 0.000000 0.000000 0.000000 50.645092 45.489067 3.717815 66.999519 66.999519 24.269518 29.819010 24.269518 0.000000 
0.000000 0.000000 0.000000 0.000000 0.000000 45.489067 3.717815 55.307735 66.999519 66.999519 24.269518 24.269518 14.241717 0.000000 
0.000000 0.000000 0.000000 0.000000 2.148614 6.138686 45.489067 65.017281 66.999519 66.999519 41.154327 24.269518 24.269518 0.000000 
0.000000 0.000000 0.000000 0.000000 6.138686 45.489067 55.307735 66.999519 66.999519 66.999519 29.819010 14.241717 14.241717 0.000000 
0.000000 0.000000 0.000000 0.000000 6.138686 50.645092 55.307735 66.999519 66.999519 60.089424 14.241717 29.819010 24.269518 0.000000 
0.000000 0.000000 0.000000 6.138686 50.645092 55.307735 66.999519 66.999519 41.154327 24.269518 29.819010 19.024240 24.269518 0.000000 
0.000000 0.000000 0.000000 45.489067 45.489067 55.307735 66.999519 66.999519 66.999519 35.504711 29.819010 14.241717 24.269518 0.000000 
0.000000 0.000000 0.000000 3.717815 50.645092 66.999519 66.850471 66.999519 60.089424 63.187138 14.241717 24.269518 0.000000 0.000000 
0.000000 0.000000 3.717815 6.138686 50.645092 66.999519 66.999519 66.999519 6.621767 29.819010 29.819010 24.269518 0.000000 0.000000 
0.000000 0.000000 45.489067 3.717815 45.489067 66.999519 66.999519 66.999519 29.819010 14.241717 19.024240 29.819010 0.000000 0.000000 
0.000000 0.000000 45.489067 2.148614 66.999519 66.999519 66.999519 66.999519 46.596569 66.687996 29.819010 24.269518 0.000000 0.000000 
0.000000 0.000000 45.489067 55.307735 66.999519 66.999519 66.999519 29.819010 41.154327 29.819010 24.269518 0.000000 0.000000 0.000000 
0.000000 0.000000 50.645092 3.717815 66.999519 66.999519 65.409111 66.999519 10.066038 14.241717 29.819010 0.000000 0.000000 0.000000 
0.000000 45.489067 55.307735 66.999519 66.999519 66.999519 66.999519 56.209938 35.504711 24.269518 29.819010 0.000000 0.000000 0.000000 
0.000000 45.489067 55.307735 66.999519 66.999519 66.999519 66.999519 60.089424 10.066038 29.819010 0.000000 0.000000 0.000000 0.000000 
0.000000 45.489067 55.307735 66.999519 66.999519 66.999519 56.209938 56.209938 41.154327 24.269518 0.000000 0.000000 0.000000 0.000000 
0.000000 55.307735 66.999519 66.999519 66.999519 35.504711 24.269518 41.154327 24.269518 24.269518 0.000000 0.000000 0.000000 0.000000 
0.000000 55.307735 66.850471 66.999519 66.999519 66.999519 24.269518 24.269518 29.819010 0.000000 0.000000 0.000000 0.000000 0.000000 
0.000000 55.307735 66.999519 66.999519 66.999519 66.999519 24.269518 41.154327 29.819010 0.000000 0.000000 0.000000 0.000000 0.000000 
0.000000 66.999519 66.999519 66.999519 66.999519 24.269518 46.596569 29.819010 0.000000 0.000000 0.000000 0.000000 0.000000 0.000000 
0.000000 66.999519 66.999519 66.999519 66.999519 41.154327 60.089424 63.187138 0.000000 0.000000 0.000000 0.000000 0.000000 0.000000 
66.999519 66.999519 66.999519 66.999519 56.209938 41.154327 65.409111 24.269518 0.000000 0.000000 0.000000 0.000000 0.000000 0.000000 
66.999519 66.999519 66.999519 66.999519 66.999519 24.269518 24.269518 0.000000 0.000000 0.000000 0.000000 0.000000 0.000000 0.000000 
65.017281 66.999519 66.999519 65.409111 65.409111 24.269518 60.089424 0.000000 0.000000 0.000000 0.000000 0.000000 0.000000 0.000000 
0.000000 66.999519 66.999519 66.999519 19.024240 19.024240 0.000000 0.000000 0.000000 0.000000 0.000000 0.000000 0.000000 0.000000 
0.000000 66.999519 66.999519 56.209938 24.269518 0.000000 0.000000 0.000000 0.000000 0.000000 0.000000 0.000000 0.000000 0.000000 
0.000000 66.999519 66.999519 66.999519 66.999519 0.000000 0.000000 0.000000 0.000000 0.000000 0.000000 0.000000 0.000000 0.000000 
0.000000 66.999519 66.999519 66.999519 0.000000 0.000000 0.000000 0.000000 0.000000 0.000000 0.000000 0.000000 0.000000 0.000000 
