test/output/constant/M3M475_S060_A090_WD090.0_WS010.0/M3M475_S060_A090_WD090.0_WS010.0_arrival.asc
ncols         14
nrows         40
xllcorner     425403.990666
yllcorner     12744855.311160
cellsize      100.000000
NODATA_value  0.000000
0.000000 0.000000 0.000000 0.000000 0.000000 0.000000 0.000000 0.000000 0.000000 0.000000 0.000000 166.007785 166.000000 166.025403 
0.000000 0.000000 0.000000 0.000000 0.000000 0.000000 0.000000 0.000000 0.000000 0.000000 166.020486 166.002049 166.000819 166.020896 
0.000000 0.000000 0.000000 0.000000 0.000000 0.000000 0.000000 0.000000 0.000000 166.033187 166.009833 166.002049 166.001639 166.020896 
0.000000 0.000000 0.000000 0.000000 0.000000 0.000000 0.000000 0.000000 0.000000 166.020896 166.006146 166.002868 166.003278 166.021715 
0.000000 0.000000 0.000000 0.000000 0.000000 0.000000 0.000000 0.000000 166.032778 166.014340 166.005736 166.004097 166.004917 166.023354 
0.000000 0.000000 0.000000 0.000000 0.000000 0.000000 0.000000 0.000000 166.024583 166.010653 166.005736 166.004917 166.007375 166.025812 
0.000000 0.000000 0.000000 0.000000 0.000000 0.000000 0.000000 166.035236 166.018847 166.009833 166.006146 166.006146 166.009833 166.028271 
0.000000 0.000000 0.000000 0.000000 0.000000 0.000000 0.000000 166.028271 166.015569 166.009424 166.007375 166.007375 166.012292 166.030729 
0.000000 0.000000 0.000000 0.000000 0.000000 0.000000 166.038924 166.023354 166.013931 166.009424 166.008194 166.009014 166.014750 166.033187 
0.000000 0.000000 0.000000 0.000000 0.000000 0.000000 166.032368 166.020076 166.013111 166.009424 166.009424 166.010653 166.017208 166.035646 
0.000000 0.000000 0.000000 0.000000 0.000000 0.000000 166.028271 166.018028 166.012701 166.010243 166.010243 166.012701 166.020076 166.038514 
0.000000 0.000000 0.000000 0.000000 0.000000 166.037285 166.024993 166.017208 166.012701 166.011472 166.011472 166.014750 166.022535 166.040972 
0.000000 0.000000 0.000000 0.000000 0.000000 166.032778 166.022535 166.016799 166.013111 166.012701 166.013111 166.017208 166.025403 0.000000 
0.000000 0.000000 0.000000 0.000000 0.000000 166.029500 166.021715 166.016389 166.013931 166.013521 166.014750 166.019257 166.027861 0.000000 
0.000000 0.000000 0.000000 0.000000 166.037694 166.027451 166.020486 166.016389 166.014750 166.014750 166.016389 166.021715 166.030319 0.000000 
0.000000 0.000000 0.000000 0.000000 166.034417 166.025812 166.020076 166.016799 166.015979 166.015979 166.018437 166.024174 166.033187 0.000000 
0.000000 0.000000 0.000000 0.000000 166.031958 166.024993 166.020076 166.017208 166.016799 166.017208 166.020486 166.026632 166.035646 0.000000 
0.000000 0.000000 0.000000 166.038924 166.030319 166.024174 166.020076 166.018028 166.018028 166.018847 166.022535 166.029090 166.038514 0.000000 
0.000000 0.000000 0.000000 166.036465 166.029090 166.023764 166.020486 166.018847 166.018847 166.020486 166.024583 166.031549 166.040972 0.000000 
0.000000 0.000000 0.000000 166.034826 166.028271 166.023764 166.020486 166.020076 166.020076 166.022125 166.027042 166.034007 0.000000 0.000000 
0.000000 0.000000 166.041382 166.033597 166.027861 166.023764 166.021715 166.021306 166.021715 166.024174 166.029090 166.036465 0.000000 0.000000 
0.000000 0.000000 166.038924 166.032778 166.027451 166.024174 166.022125 166.022125 166.022944 166.026222 166.031549 166.038924 0.000000 0.000000 
0.000000 0.000000 166.037694 166.031958 166.027451 166.024174 166.023354 166.023354 166.024583 166.027861 166.033597 166.041382 0.000000 0.000000 
0.000000 0.000000 166.036875 166.031139 166.027451 166.024993 166.024583 166.024583 166.026222 166.029910 166.036055 0.000000 0.000000 0.000000 
0.000000 0.000000 166.036055 166.031139 166.027451 166.025403 166.025403 166.025812 166.028271 166.032368 166.038104 0.000000 0.000000 0.000000 
0.000000 166.040972 166.035236 166.031139 166.027861 166.026632 166.026632 166.027042 166.029910 166.034417 166.040562 0.000000 0.000000 0.000000 
0.000000 166.040153 166.034826 166.031139 166.028271 166.027451 166.027861 166.028680 166.031958 166.036465 0.000000 0.000000 0.000000 0.000000 
0.000000 166.039333 166.034417 166.031139 166.029090 166.028680 166.028680 166.030319 166.033597 166.038924 0.000000 0.000000 0.000000 0.000000 
0.000000 166.038924 166.034417 166.031549 166.029910 166.029910 166.030319 166.031958 166.035646 166.041382 0.000000 0.000000 0.000000 0.000000 
0.000000 166.038514 166.034417 166.031958 166.030729 166.030729 166.031549 166.034007 166.037694 0.000000 0.000000 0.000000 0.000000 0.000000 
0.000000 166.038104 166.034826 166.032368 166.031958 166.031958 166.033187 166.035646 166.039743 0.000000 0.000000 0.000000 0.000000 0.000000 
0.000000 166.038104 166.035236 166.033187 166.033187 166.033187 166.034417 166.037694 0.000000 0.000000 0.000000 0.000000 0.000000 0.000000 
0.000000 166.038104 166.035646 166.034007 166.034007 166.034417 166.036055 166.039333 0.000000 0.000000 0.000000 0.000000 0.000000 0.000000 
166.041667 166.038514 166.036055 166.035236 166.035236 166.035646 166.037694 166.041382 0.000000 0.000000 0.000000 0.000000 0.000000 0.000000 
166.041667 166.038924 166.036875 166.036055 166.036465 166.037285 166.039743 0.000000 0.000000 0.000000 0.000000 0.000000 0.000000 0.000000 
166.041667 166.038924 166.037285 166.037285 166.037285 166.038924 166.041382 0.000000 0.000000 0.000000 0.000000 0.000000 0.000000 0.000000 
0.000000 166.039333 166.038514 166.038514 166.038924 166.040562 0.000000 0.000000 0.000000 0.000000 0.000000 0.000000 0.000000 0.000000 
0.000000 166.040153 166.039333 166.039333 166.040153 0.000000 0.000000 0.000000 0.000000 0.000000 0.000000 0.000000 0.000000 0.000000 
0.000000 166.040972 166.040562 166.040562 166.041382 0.000000 0.000000 0.000000 0.000000 0.000000 0.000000 0.000000 0.000000 0.000000 
0.000000 166.041667 166.041667 166.041667 0.000000 0.000000 0.000000 0.000000 0.000000 0.000000 0.000000 0.000000 0.000000 0.000000 
