test/output/constant/M3M4100_S060_A000_WD090.0_WS010.0/M3M4100_S060_A000_WD090.0_WS010.0_arrival.asc
ncols         63
nrows         11
xllcorner     420403.990666
yllcorner     12748255.311160
cellsize      100.000000
NODATA_value  0.000000
0.000000 0.000000 0.000000 0.000000 0.000000 0.000000 0.000000 0.000000 0.000000 0.000000 0.000000 0.000000 0.000000 0.000000 0.000000 0.000000 0.000000 0.000000 0.000000 166.041547 166.041277 166.040737 166.040198 166.039928 166.039658 166.039119 166.039119 166.038849 166.038849 166.038849 166.038849 166.038849 166.039119 166.039119 166.039388 166.039658 166.039928 166.040468 166.041007 166.041277 0.000000 0.000000 0.000000 0.000000 0.000000 0.000000 0.000000 0.000000 0.000000 0.000000 0.000000 0.000000 0.000000 0.000000 0.000000 0.000000 0.000000 0.000000 0.000000 0.000000 0.000000 0.000000 0.000000 
0.000000 0.000000 0.000000 0.000000 0.000000 0.000000 0.000000 0.000000 0.000000 0.000000 166.041277 166.040737 166.040198 166.039658 166.039119 166.038849 166.038309 166.037770 166.037230 166.036691 166.036421 166.035881 166.035342 166.034802 166.034532 166.033993 166.033453 166.032914 166.032644 166.032104 166.031835 166.031295 166.031025 166.030486 166.030486 166.030216 166.030216 166.030216 166.030486 166.030486 166.030486 166.030755 166.031295 166.031565 166.032104 166.032914 166.033453 166.034532 166.035612 166.037500 166.039388 166.041277 0.000000 0.000000 0.000000 0.000000 0.000000 0.000000 0.000000 0.000000 0.000000 0.000000 0.000000 
0.000000 0.000000 0.000000 0.000000 0.000000 166.041667 166.041007 166.040468 166.039658 166.039119 166.038579 166.037770 166.037230 166.036691 166.036151 166.035342 166.034802 166.034263 166.033453 166.032914 166.032374 166.031835 166.031295 166.030486 166.029946 166.029406 166.028867 166.028327 166.027788 166.027518 166.026978 166.026439 166.025899 166.025360 166.025090 166.024550 166.024011 166.023471 166.023201 166.022662 166.022392 166.021853 166.021853 166.021583 166.021583 166.021853 166.021853 166.022122 166.022392 166.022932 166.023471 166.024550 166.025360 166.027248 166.029137 166.031835 166.036151 166.041007 0.000000 0.000000 0.000000 0.000000 0.000000 
0.000000 0.000000 166.041547 166.041007 166.040468 166.039658 166.039119 166.038309 166.037770 166.036960 166.036421 166.035612 166.035072 166.034532 166.033723 166.033183 166.032374 166.031835 166.031295 166.030486 166.029946 166.029406 166.028597 166.028058 166.027248 166.026709 166.026169 166.025629 166.024820 166.024281 166.023471 166.022932 166.022392 166.021583 166.021043 166.020504 166.019964 166.019155 166.018615 166.018076 166.017536 166.016996 166.016457 166.015917 166.015647 166.015108 166.014568 166.014029 166.013759 166.013219 166.013219 166.012950 166.013219 166.013219 166.013759 166.014299 166.015378 166.016996 166.019694 166.024820 166.032914 0.000000 0.000000 
0.000000 166.041007 166.040468 166.039928 166.039119 166.038579 166.037770 166.037230 166.036421 166.035881 166.035072 166.034532 166.033723 166.033183 166.032374 166.031835 166.031025 166.030486 166.029676 166.029137 166.028327 166.027788 166.026978 166.026439 166.025899 166.025090 166.024550 166.023741 166.023201 166.022392 166.021853 166.021043 166.020504 166.019694 166.019155 166.018345 166.017806 166.016996 166.016457 166.015647 166.015108 166.014299 166.013759 166.012950 166.012410 166.011871 166.011061 166.010522 166.009982 166.009173 166.008633 166.008094 166.007284 166.006745 166.006205 166.005665 166.005126 166.004586 166.004586 166.004586 166.005126 166.007824 166.018076 
166.041547 166.041007 166.040198 166.039658 166.038849 166.038309 166.037500 166.036960 166.036151 166.035612 166.034802 166.034263 166.033453 166.032914 166.032104 166.031565 166.030755 166.030216 166.029406 166.028867 166.028058 166.027518 166.026709 166.026169 166.025360 166.024820 166.024011 166.023471 166.022662 166.022122 166.021313 166.020773 166.019964 166.019424 166.018615 166.018076 166.017266 166.016727 166.015917 166.015378 166.014568 166.014029 166.013219 166.012680 166.011871 166.011331 166.010522 166.009982 166.009173 166.008633 166.007824 166.007284 166.006475 166.005935 166.005126 166.004586 166.003777 166.003237 166.002428 166.001888 166.001079 166.000540 166.000000 
0.000000 166.041007 166.040468 166.039928 166.039119 166.038579 166.037770 166.037230 166.036421 166.035881 166.035072 166.034532 166.033723 166.033183 166.032374 166.031835 166.031025 166.030486 166.029676 166.029137 166.028327 166.027788 166.026978 166.026439 166.025899 166.025090 166.024550 166.023741 166.023201 166.022392 166.021853 166.021043 166.020504 166.019694 166.019155 166.018345 166.017806 166.016996 166.016457 166.015647 166.015108 166.014299 166.013759 166.012950 166.012410 166.011871 166.011061 166.010522 166.009982 166.009173 166.008633 166.008094 166.007284 166.006745 166.006205 166.005665 166.005126 166.004586 166.004586 166.004586 166.005126 166.007824 166.018076 
0.000000 0.000000 166.041547 166.041007 166.040468 166.039658 166.039119 166.038309 166.037770 166.036960 166.036421 166.035612 166.035072 166.034532 166.033723 166.033183 166.032374 166.031835 166.031295 166.030486 166.029946 166.029406 166.028597 166.028058 166.027248 166.026709 166.026169 166.025629 166.024820 166.024281 166.023471 166.022932 166.022392 166.021583 166.021043 166.020504 166.019964 166.019155 166.018615 166.018076 166.017536 166.016996 166.016457 166.015917 166.015647 166.015108 166.014568 166.014029 166.013759 166.013219 166.013219 166.012950 166.013219 166.013219 166.013759 166.014299 166.015378 166.016996 166.019694 166.024820 166.032914 0.000000 0.000000 
0.000000 0.000000 0.000000 0.000000 0.000000 166.041667 166.041007 166.040468 166.039658 166.039119 166.038579 166.037770 166.037230 166.036691 166.036151 166.035342 166.034802 166.034263 166.033453 166.032914 166.032374 166.031835 166.031295 166.030486 166.029946 166.029406 166.028867 166.028327 166.027788 166.027518 166.026978 166.026439 166.025899 166.025360 166.025090 166.024550 166.024011 166.023471 166.023201 166.022662 166.022392 166.021853 166.021853 166.021583 166.021583 166.021853 166.021853 166.022122 166.022392 166.022932 166.023471 166.024550 166.025360 166.027248 166.029137 166.031835 166.036151 166.041007 0.000000 0.000000 0.000000 0.000000 0.000000 
0.000000 0.000000 0.000000 0.000000 0.000000 0.000000 0.000000 0.000000 0.000000 0.000000 166.041277 166.040737 166.040198 166.039658 166.039119 166.038849 166.038309 166.037770 166.037230 166.036691 166.036421 166.035881 166.035342 166.034802 166.034532 166.033993 166.033453 166.032914 166.032644 166.032104 166.031835 166.031295 166.031025 166.030486 166.030486 166.030216 166.030216 166.030216 166.030486 166.030486 166.030486 166.030755 166.031295 166.031565 166.032104 166.032914 166.033453 166.034532 166.035612 166.037500 166.039388 166.041277 0.000000 0.000000 0.000000 0.000000 0.000000 0.000000 0.000000 0.000000 0.000000 0.000000 0.000000 
0.000000 0.000000 0.000000 0.000000 0.000000 0.000000 0.000000 0.000000 0.000000 0.000000 0.000000 0.000000 0.000000 0.000000 0.000000 0.000000 0.000000 0.000000 0.000000 166.041547 166.041277 166.040737 166.040198 166.039928 166.039658 166.039119 166.039119 166.038849 166.038849 166.038849 166.038849 166.038849 166.039119 166.039119 166.039388 166.039658 166.039928 166.040468 166.041007 166.041277 0.000000 0.000000 0.000000 0.000000 0.000000 0.000000 0.000000 0.000000 0.000000 0.000000 0.000000 0.000000 0.000000 0.000000 0.000000 0.000000 0.000000 0.000000 0.000000 0.000000 0.000000 0.000000 0.000000 
