test/output/constant/M3M475_S060_A000_WD000.0_WS010.0/M3M475_S060_A000_WD000.0_WS010.0_intensity.asc
ncols         40
nrows         14
xllcorner     422703.990666
yllcorner     12747555.311160
cellsize      100.000000
NODATA_value  0.000000
0 0 0 0 0 0 0 0 0 0 0 0 0 0 0 0 0 0 0 0 0 0 0 0 0 0 0 0 20827 8638 25589 8638 25589 20827 8638 12221 20827 5682 8638 795 
0 0 0 0 0 0 0 0 0 0 0 0 0 0 0 0 0 0 0 0 0 20827 20827 20827 12221 20827 12221 20827 20827 20827 20827 20827 25589 12221 25589 30469 16326 57497 57497 0 
0 0 0 0 0 0 0 0 0 0 0 0 0 0 0 0 0 20827 25589 20827 20827 12221 16326 25589 12221 20827 20827 25589 30469 25589 57229 20827 25589 48237 57497 57497 57497 57497 43462 1389 
0 0 0 0 0 0 0 0 0 0 0 0 0 0 25589 25589 20827 25589 16326 25589 12221 25589 25589 12221 25589 35317 20827 20827 51567 57497 57497 57497 57497 57497 57497 47463 39037 3190 1389 0 
0 0 0 0 0 0 0 0 0 0 0 20827 20827 25589 20827 12221 25589 57229 12221 25589 54225 30469 20827 51567 57497 57497 57497 57497 57497 57497 57497 53725 48237 651 39037 39037 836 1389 0 0 
0 0 0 0 0 0 0 0 0 25589 25589 20827 35317 8638 30469 8638 35317 39987 25589 5682 51567 57497 57497 57497 57497 57497 57497 57497 53725 47463 47463 43462 43462 43462 1096 1096 0 0 0 0 
0 0 0 0 0 0 20827 54225 25589 35317 20827 35317 48237 51567 48237 57497 25589 57497 57497 57497 57497 57497 57497 57497 57369 55796 47463 3190 39037 39037 39037 39037 34323 1843 0 0 0 0 0 0 
0 0 0 0 51567 20827 56132 51567 39987 20827 20827 20827 48237 57497 57497 57497 57497 57497 57497 57497 57369 57497 57067 47463 47463 39037 3190 39037 3190 43462 39037 39037 0 0 0 0 0 0 0 0 
0 0 0 16326 20827 20827 35317 35317 20827 57497 57497 57497 57497 57497 57497 57497 57497 55796 57497 57497 43462 47463 47463 43462 39037 5268 39037 43462 3190 0 0 0 0 0 0 0 0 0 0 0 
0 57497 20827 16326 56132 57497 48237 57497 57497 57497 57497 57497 57497 57497 53725 57497 43462 47463 39037 43462 43462 39037 43462 5268 5268 1843 0 0 0 0 0 0 0 0 0 0 0 0 0 0 
57497 57497 48237 57497 57497 57497 57497 57497 57497 57497 57497 57497 57497 47463 3190 3190 47463 1843 3190 5268 3190 39037 5268 0 0 0 0 0 0 0 0 0 0 0 0 0 0 0 0 0 
57497 57497 57497 57497 57497 57497 57497 57497 57497 57497 57369 47463 47463 47463 47463 43462 39037 39037 39037 3190 0 0 0 0 0 0 0 0 0 0 0 0 0 0 0 0 0 0 0 0 
57497 57497 57497 57497 57497 57497 57497 57497 43462 47463 47463 47463 39037 39037 39037 0 0 0 0 0 0 0 0 0 0 0 0 0 0 0 0 0 0 0 0 0 0 0 0 0 
0 0 0 0 55796 57497 57497 0 0 0 0 0 0 0 0 0 0 0 0 0 0 0 0 0 0 0 0 0 0 0 0 0 0 0 0 0 0 0 0 0 
