test/output/constant/M3M475_S060_A000_WD000.0_WS010.0/M3M475_S060_A000_WD000.0_WS010.0_raz.asc
ncols         40
nrows         14
xllcorner     422703.990666
yllcorner     12747555.311160
cellsize      100.000000
NODATA_value  0.000000
0 0 0 0 0 0 0 0 0 0 0 0 0 0 0 0 0 0 0 0 0 0 0 0 0 0 0 0 271 283 268 283 268 271 283 278 271 291 283 8 
0 0 0 0 0 0 0 0 0 0 0 0 0 0 0 0 0 0 0 0 0 271 271 271 278 271 278 271 271 271 271 271 268 278 268 266 274 255 255 65535 
0 0 0 0 0 0 0 0 0 0 0 0 0 0 0 0 0 271 268 271 271 278 274 268 278 271 271 268 266 268 255 271 268 260 255 255 255 255 248 178 
0 0 0 0 0 0 0 0 0 0 0 0 0 0 268 268 271 268 274 268 278 268 268 278 268 264 271 271 259 255 255 255 255 255 255 249 247 207 178 0 
0 0 0 0 0 0 0 0 0 0 0 271 271 268 271 278 268 255 278 268 258 266 271 259 255 255 255 255 255 255 255 252 260 75 247 247 141 178 0 0 
0 0 0 0 0 0 0 0 0 268 268 271 264 283 266 283 264 263 268 291 259 255 255 255 255 255 255 255 252 249 249 248 248 248 165 165 0 0 0 0 
0 0 0 0 0 0 271 258 268 264 271 264 260 259 260 255 268 255 255 255 255 255 255 255 254 253 249 207 247 247 247 247 245 190 0 0 0 0 0 0 
0 0 0 0 259 271 257 259 263 271 271 271 260 255 255 255 255 255 255 255 254 255 254 249 249 247 207 247 207 248 247 247 0 0 0 0 0 0 0 0 
0 0 0 274 271 271 264 264 271 255 255 255 255 255 255 255 255 253 255 255 248 249 249 248 247 218 247 248 207 0 0 0 0 0 0 0 0 0 0 0 
0 255 271 274 257 255 260 255 255 255 255 255 255 255 252 255 248 249 247 248 248 247 248 218 218 190 0 0 0 0 0 0 0 0 0 0 0 0 0 0 
255 255 260 255 255 255 255 255 255 255 255 255 255 249 207 207 249 190 207 218 207 247 218 0 0 0 0 0 0 0 0 0 0 0 0 0 0 0 0 0 
255 255 255 255 255 255 255 255 255 255 254 249 249 249 249 248 247 247 247 207 0 0 0 0 0 0 0 0 0 0 0 0 0 0 0 0 0 0 0 0 
255 255 255 255 255 255 255 255 248 249 249 249 247 247 247 0 0 0 0 0 0 0 0 0 0 0 0 0 0 0 0 0 0 0 0 0 0 0 0 0 
0 0 0 0 253 255 255 0 0 0 0 0 0 0 0 0 0 0 0 0 0 0 0 0 0 0 0 0 0 0 0 0 0 0 0 0 0 0 0 0 
