test/output/constant/M3M480_S060_A090_WD135.0_WS020.0/M3M480_S060_A090_WD135.0_WS020.0_intensity.asc
ncols         17
nrows         26
xllcorner     425103.990666
yllcorner     12746355.311160
cellsize      100.000000
NODATA_value  0.000000
0 0 0 0 0 0 0 0 0 0 0 0 0 0 1765 2020 1383 
0 0 0 0 0 0 0 0 0 0 0 0 2377 2020 2377 0 6481 
0 0 0 0 0 0 0 0 0 0 0 2933 2933 4067 40753 40753 3231 
0 0 0 0 0 0 0 0 0 0 4067 4067 25816 40753 40753 8769 6481 
0 0 0 0 0 0 0 0 0 2933 2933 4067 38580 40753 37746 17557 6481 
0 0 0 0 0 0 0 0 2377 4067 2020 2933 40753 40753 30468 11428 8769 
0 0 0 0 0 0 0 0 5664 28973 34544 40753 40753 39289 11428 8769 6481 
0 0 0 0 0 0 0 25816 2377 34544 38580 40753 40753 30468 8769 6481 0 
0 0 0 0 0 0 2377 25816 2933 34544 40753 40753 30468 27402 6481 4622 0 
0 0 0 0 0 0 25816 25816 31912 40753 40753 40753 33268 20848 11428 4622 0 
0 0 0 0 0 4067 4067 34544 38580 40753 40753 40753 8769 8769 6481 0 0 
0 0 0 0 2020 25816 34544 38580 40753 40753 30468 4622 8769 6481 4622 0 0 
0 0 0 0 5664 2933 2933 40753 40753 40753 40753 11428 14386 11428 0 0 0 
0 0 0 25816 5664 38580 2377 40753 40753 35719 11428 8769 4622 11428 0 0 0 
0 0 0 28973 25816 34544 40753 40753 40753 40753 11428 4622 17557 0 0 0 0 
0 0 2933 4067 38580 40753 40753 40753 40753 11428 6481 11428 8769 0 0 0 0 
0 0 4067 38580 4067 40753 40753 39289 8769 8769 11428 11428 0 0 0 0 0 
0 10161 38580 36790 39861 40753 40753 37746 8769 30468 14386 8769 0 0 0 0 0 
0 34544 38580 40753 40753 40753 40753 11428 20848 6481 6481 0 0 0 0 0 0 
0 2377 38580 40753 40753 40753 30468 33268 30468 11428 0 0 0 0 0 0 0 
0 34544 40753 40753 40753 40753 14386 30468 30468 20848 0 0 0 0 0 0 0 
36790 40753 40753 40753 40753 40753 30468 30468 4622 0 0 0 0 0 0 0 0 
36790 40753 40753 40753 35719 39289 33268 14386 0 0 0 0 0 0 0 0 0 
40753 40753 40753 40753 40753 30468 30468 0 0 0 0 0 0 0 0 0 0 
40753 40753 40753 40753 37746 27402 0 0 0 0 0 0 0 0 0 0 0 
40753 40753 40753 8769 33268 0 0 0 0 0 0 0 0 0 0 0 0 
