test/output/constant/M3M480_S060_A090_WD135.0_WS020.0/M3M480_S060_A090_WD135.0_WS020.0_ros.asc
ncols         17
nrows         26
xllcorner     425103.990666
yllcorner     12746355.311160
cellsize      100.000000
NODATA_value  0.000000
0.000000 0.000000 0.000000 0.000000 0.000000 0.000000 0.000000 0.000000 0.000000 0.000000 0.000000 0.000000 0.000000 0.000000 2.028721 2.322339 1.590394 
0.000000 0.000000 0.000000 0.000000 0.000000 0.000000 0.000000 0.000000 0.000000 0.000000 0.000000 0.000000 2.732480 2.322339 2.732480 0.000000 7.448226 
0.000000 0.000000 0.000000 0.000000 0.000000 0.000000 0.000000 0.000000 0.000000 0.000000 0.000000 3.371294 3.371294 4.674747 46.833626 46.833626 3.713542 
0.000000 0.000000 0.000000 0.000000 0.000000 0.000000 0.000000 0.000000 0.000000 0.000000 4.674747 4.674747 29.668482 46.833626 46.833626 10.077956 7.448226 
0.000000 0.000000 0.000000 0.000000 0.000000 0.000000 0.000000 0.000000 0.000000 3.371294 3.371294 4.674747 44.336945 46.833626 43.378685 20.176725 7.448226 
0.000000 0.000000 0.000000 0.000000 0.000000 0.000000 0.000000 0.000000 2.732480 4.674747 2.322339 3.371294 46.833626 46.833626 35.014122 13.134151 10.077956 
0.000000 0.000000 0.000000 0.000000 0.000000 0.000000 0.000000 0.000000 6.509135 33.296303 39.698692 46.833626 46.833626 45.151031 13.134151 10.077956 7.448226 
0.000000 0.000000 0.000000 0.000000 0.000000 0.000000 0.000000 29.668482 2.732480 39.698692 44.336945 46.833626 46.833626 35.014122 10.077956 7.448226 0.000000 
0.000000 0.000000 0.000000 0.000000 0.000000 0.000000 2.732480 29.668482 3.371294 39.698692 46.833626 46.833626 35.014122 31.490810 7.448226 5.312134 0.000000 
0.000000 0.000000 0.000000 0.000000 0.000000 0.000000 29.668482 29.668482 36.673820 46.833626 46.833626 46.833626 38.232555 23.959379 13.134151 5.312134 0.000000 
0.000000 0.000000 0.000000 0.000000 0.000000 4.674747 4.674747 39.698692 44.336945 46.833626 46.833626 46.833626 10.077956 10.077956 7.448226 0.000000 0.000000 
0.000000 0.000000 0.000000 0.000000 2.322339 29.668482 39.698692 44.336945 46.833626 46.833626 35.014122 5.312134 10.077956 7.448226 5.312134 0.000000 0.000000 
0.000000 0.000000 0.000000 0.000000 6.509135 3.371294 3.371294 46.833626 46.833626 46.833626 46.833626 13.134151 16.532795 13.134151 0.000000 0.000000 0.000000 
0.000000 0.000000 0.000000 29.668482 6.509135 44.336945 2.732480 46.833626 46.833626 41.049080 13.134151 10.077956 5.312134 13.134151 0.000000 0.000000 0.000000 
0.000000 0.000000 0.000000 33.296303 29.668482 39.698692 46.833626 46.833626 46.833626 46.833626 13.134151 5.312134 20.176725 0.000000 0.000000 0.000000 0.000000 
0.000000 0.000000 3.371294 4.674747 44.336945 46.833626 46.833626 46.833626 46.833626 13.134151 7.448226 13.134151 10.077956 0.000000 0.000000 0.000000 0.000000 
0.000000 0.000000 4.674747 44.336945 4.674747 46.833626 46.833626 45.151031 10.077956 10.077956 13.134151 13.134151 0.000000 0.000000 0.000000 0.000000 0.000000 
0.000000 11.677207 44.336945 42.279182 45.809467 46.833626 46.833626 43.378685 10.077956 35.014122 16.532795 10.077956 0.000000 0.000000 0.000000 0.000000 0.000000 
0.000000 39.698692 44.336945 46.833626 46.833626 46.833626 46.833626 13.134151 23.959379 7.448226 7.448226 0.000000 0.000000 0.000000 0.000000 0.000000 0.000000 
0.000000 2.732480 44.336945 46.833626 46.833626 46.833626 35.014122 38.232555 35.014122 13.134151 0.000000 0.000000 0.000000 0.000000 0.000000 0.000000 0.000000 
0.000000 39.698692 46.833626 46.833626 46.833626 46.833626 16.532795 35.014122 35.014122 23.959379 0.000000 0.000000 0.000000 0.000000 0.000000 0.000000 0.000000 
42.279182 46.833626 46.833626 46.833626 46.833626 46.833626 35.014122 35.014122 5.312134 0.000000 0.000000 0.000000 0.000000 0.000000 0.000000 0.000000 0.000000 
42.279182 46.833626 46.833626 46.833626 41.049080 45.151031 38.232555 16.532795 0.000000 0.000000 0.000000 0.000000 0.000000 0.000000 0.000000 0.000000 0.000000 
46.833626 46.833626 46.833626 46.833626 46.833626 35.014122 35.014122 0.000000 0.000000 0.000000 0.000000 0.000000 0.000000 0.000000 0.000000 0.000000 0.000000 
46.833626 46.833626 46.833626 46.833626 43.378685 31.490810 0.000000 0.000000 0.000000 0.000000 0.000000 0.000000 0.000000 0.000000 0.000000 0.000000 0.000000 
46.833626 46.833626 46.833626 10.077956 38.232555 0.000000 0.000000 0.000000 0.000000 0.000000 0.000000 0.000000 0.000000 0.000000 0.000000 0.000000 0.000000 
