test/output/constant/M3M4100_S000_A180_WD000.0_WS045.0/M3M4100_S000_A180_WD000.0_WS045.0_arrival.asc
ncols         11
nrows         60
xllcorner     426103.990666
yllcorner     12742855.311160
cellsize      100.000000
NODATA_value  0.000000
0.000000 0.000000 0.000000 0.000000 166.013467 166.000000 166.013467 0.000000 0.000000 0.000000 0.000000 
0.000000 0.000000 0.000000 166.035911 166.006172 166.000561 166.006172 166.035911 0.000000 0.000000 0.000000 
0.000000 0.000000 0.000000 166.026653 166.004489 166.001122 166.004489 166.026653 0.000000 0.000000 0.000000 
0.000000 0.000000 0.000000 166.019919 166.004208 166.001964 166.004208 166.019919 0.000000 0.000000 0.000000 
0.000000 0.000000 166.039839 166.016553 166.004208 166.002525 166.004208 166.016553 166.039839 0.000000 0.000000 
0.000000 0.000000 166.033667 166.014589 166.004769 166.003367 166.004769 166.014589 166.033667 0.000000 0.000000 
0.000000 0.000000 166.030019 166.013747 166.005050 166.003928 166.005050 166.013747 166.030019 0.000000 0.000000 
0.000000 0.000000 166.026933 166.012906 166.005611 166.004769 166.005611 166.012906 166.026933 0.000000 0.000000 
0.000000 0.000000 166.024969 166.012344 166.006172 166.005331 166.006172 166.012344 166.024969 0.000000 0.000000 
0.000000 166.040400 166.023847 166.012344 166.007014 166.006172 166.007014 166.012344 166.023847 166.040400 0.000000 
0.000000 166.037594 166.022725 166.012344 166.007575 166.006733 166.007575 166.012344 166.022725 166.037594 0.000000 
0.000000 166.035631 166.021883 166.012344 166.008136 166.007575 166.008136 166.012344 166.021883 166.035631 0.000000 
0.000000 166.033947 166.021322 166.012625 166.008978 166.008136 166.008978 166.012625 166.021322 166.033947 0.000000 
0.000000 166.032825 166.020761 166.013186 166.009539 166.008978 166.009539 166.013186 166.020761 166.032825 0.000000 
0.000000 166.031703 166.020481 166.013467 166.010381 166.009539 166.010381 166.013467 166.020481 166.031703 0.000000 
0.000000 166.030861 166.020481 166.014028 166.010942 166.010381 166.010942 166.014028 166.020481 166.030861 0.000000 
0.000000 166.030019 166.020481 166.014589 166.011503 166.010942 166.011503 166.014589 166.020481 166.030019 0.000000 
0.000000 166.029739 166.020481 166.014869 166.012344 166.011783 166.012344 166.014869 166.020481 166.029739 0.000000 
166.040681 166.029178 166.020481 166.015431 166.012906 166.012344 166.012906 166.015431 166.020481 166.029178 166.040681 
166.039839 166.028897 166.020761 166.015992 166.013747 166.013186 166.013747 166.015992 166.020761 166.028897 166.039839 
166.038997 166.028617 166.021042 166.016553 166.014308 166.013747 166.014308 166.016553 166.021042 166.028617 166.038997 
166.038436 166.028617 166.021603 166.017114 166.015150 166.014589 166.015150 166.017114 166.021603 166.028617 166.038436 
166.037875 166.028617 166.021883 166.017675 166.015711 166.015150 166.015711 166.017675 166.021883 166.028617 166.037875 
166.037594 166.028617 166.022444 166.018236 166.016553 166.015992 166.016553 166.018236 166.022444 166.028617 166.037594 
166.037314 166.028617 166.023006 166.019078 166.017114 166.016553 166.017114 166.019078 166.023006 166.028617 166.037314 
166.037033 166.028617 166.023286 166.019639 166.017956 166.017394 166.017956 166.019639 166.023286 166.028617 166.037033 
166.036753 166.028617 166.023847 166.020200 166.018517 166.017956 166.018517 166.020200 166.023847 166.028617 166.036753 
166.036753 166.029178 166.024408 166.020761 166.019358 166.018797 166.019358 166.020761 166.024408 166.029178 166.036753 
166.036753 166.029458 166.024969 166.021603 166.019919 166.019358 166.019919 166.021603 166.024969 166.029458 166.036753 
166.036753 166.030019 166.025250 166.022164 166.020481 166.020200 166.020481 166.022164 166.025250 166.030019 166.036753 
166.036753 166.030300 166.025811 166.022725 166.021322 166.020761 166.021322 166.022725 166.025811 166.030300 166.036753 
166.036753 166.030861 166.026372 166.023567 166.021883 166.021603 166.021883 166.023567 166.026372 166.030861 166.036753 
166.036753 166.031142 166.026933 166.024128 166.022725 166.022164 166.022725 166.024128 166.026933 166.031142 166.036753 
166.036753 166.031703 166.027494 166.024689 166.023286 166.023006 166.023286 166.024689 166.027494 166.031703 166.036753 
166.037033 166.032264 166.028056 166.025531 166.024128 166.023567 166.024128 166.025531 166.028056 166.032264 166.037033 
166.037594 166.032825 166.028617 166.026092 166.024689 166.024408 166.024689 166.026092 166.028617 166.032825 166.037594 
166.037875 166.033106 166.029178 166.026653 166.025250 166.024969 166.025250 166.026653 166.029178 166.033106 166.037875 
166.038436 166.033667 166.029739 166.027494 166.026092 166.025811 166.026092 166.027494 166.029739 166.033667 166.038436 
166.038717 166.034228 166.030581 166.028056 166.026653 166.026372 166.026653 166.028056 166.030581 166.034228 166.038717 
166.039278 166.034789 166.031142 166.028897 166.027494 166.027214 166.027494 166.028897 166.031142 166.034789 166.039278 
166.039839 166.035350 166.031703 166.029458 166.028056 166.027775 166.028056 166.029458 166.031703 166.035350 166.039839 
166.040119 166.035631 166.032264 166.030300 166.028897 166.028617 166.028897 166.030300 166.032264 166.035631 166.040119 
166.040681 166.036192 166.033106 166.030861 166.029458 166.029178 166.029458 166.030861 166.033106 166.036192 166.040681 
166.041242 166.036753 166.033667 166.031703 166.030300 166.030019 166.030300 166.031703 166.033667 166.036753 166.041242 
166.041522 166.037314 166.034228 166.032264 166.030861 166.030581 166.030861 166.032264 166.034228 166.037314 166.041522 
0.000000 166.037875 166.035069 166.032825 166.031422 166.031422 166.031422 166.032825 166.035069 166.037875 0.000000 
0.000000 166.038436 166.035631 166.033667 166.032264 166.031983 166.032264 166.033667 166.035631 166.038436 0.000000 
0.000000 166.038997 166.036192 166.034228 166.032825 166.032825 166.032825 166.034228 166.036192 166.038997 0.000000 
0.000000 166.039558 166.036753 166.035069 166.033667 166.033386 166.033667 166.035069 166.036753 166.039558 0.000000 
0.000000 166.040119 166.037594 166.035631 166.034228 166.034228 166.034228 166.035631 166.037594 166.040119 0.000000 
0.000000 166.040681 166.038156 166.036472 166.035069 166.034789 166.035069 166.036472 166.038156 166.040681 0.000000 
0.000000 166.041242 166.038717 166.037033 166.035631 166.035631 166.035631 166.037033 166.038717 166.041242 0.000000 
0.000000 0.000000 166.039558 166.037594 166.036472 166.036192 166.036472 166.037594 166.039558 0.000000 0.000000 
0.000000 0.000000 166.040119 166.038436 166.037033 166.037033 166.037033 166.038436 166.040119 0.000000 0.000000 
0.000000 0.000000 166.040681 166.038997 166.037875 166.037594 166.037875 166.038997 166.040681 0.000000 0.000000 
0.000000 0.000000 166.041522 166.039558 166.038436 166.038436 166.038436 166.039558 166.041522 0.000000 0.000000 
0.000000 0.000000 0.000000 166.040400 166.039278 166.038997 166.039278 166.040400 0.000000 0.000000 0.000000 
0.000000 0.000000 0.000000 166.040961 166.039839 166.039839 166.039839 166.040961 0.000000 0.000000 0.000000 
0.000000 0.000000 0.000000 166.041667 166.040681 166.040400 166.040681 166.041667 0.000000 0.000000 0.000000 
0.000000 0.000000 0.000000 0.000000 166.041242 166.041242 166.041242 0.000000 0.000000 0.000000 0.000000 
