test/output/constant/M3M475_S060_A090_WD180.0_WS015.0/M3M475_S060_A090_WD180.0_WS015.0_arrival.asc
ncols         9
nrows         24
xllcorner     426203.990666
yllcorner     12746555.311160
cellsize      100.000000
NODATA_value  0.000000
0.000000 0.000000 0.000000 166.022977 166.015318 166.022977 0.000000 0.000000 0.000000 
0.000000 0.000000 166.032167 166.008425 166.000000 166.008425 166.032167 0.000000 0.000000 
0.000000 0.000000 166.023743 166.006127 166.001532 166.006127 166.023743 0.000000 0.000000 
0.000000 166.038295 166.019147 166.006127 166.003064 166.006127 166.019147 166.038295 0.000000 
0.000000 166.032933 166.017615 166.006893 166.005361 166.006893 166.017615 166.032933 0.000000 
0.000000 166.030636 166.016850 166.008425 166.006893 166.008425 166.016850 166.030636 0.000000 
0.000000 166.028338 166.016850 166.009957 166.009191 166.009957 166.016850 166.028338 0.000000 
166.041667 166.027572 166.016850 166.011488 166.010722 166.011488 166.016850 166.027572 166.041667 
166.039826 166.027572 166.018381 166.013786 166.013020 166.013786 166.018381 166.027572 166.039826 
166.039060 166.027572 166.019913 166.015318 166.014552 166.015318 166.019913 166.027572 166.039060 
166.039060 166.028338 166.020679 166.017615 166.016850 166.017615 166.020679 166.028338 166.039060 
166.038295 166.028338 166.022211 166.019147 166.018381 166.019147 166.022211 166.028338 166.038295 
166.038295 166.029870 166.023743 166.020679 166.020679 166.020679 166.023743 166.029870 166.038295 
166.039060 166.030636 166.025274 166.022977 166.022211 166.022977 166.025274 166.030636 166.039060 
166.039060 166.032167 166.027572 166.024508 166.024508 166.024508 166.027572 166.032167 166.039060 
166.039826 166.033699 166.029104 166.026806 166.026040 166.026806 166.029104 166.033699 166.039826 
166.041358 166.035231 166.030636 166.028338 166.028338 166.028338 166.030636 166.035231 166.041358 
0.000000 166.036763 166.032167 166.030636 166.029870 166.030636 166.032167 166.036763 0.000000 
0.000000 166.038295 166.034465 166.032167 166.032167 166.032167 166.034465 166.038295 0.000000 
0.000000 166.039826 166.035997 166.034465 166.033699 166.034465 166.035997 166.039826 0.000000 
0.000000 166.041358 166.038295 166.035997 166.035997 166.035997 166.038295 166.041358 0.000000 
0.000000 0.000000 166.039826 166.038295 166.037529 166.038295 166.039826 0.000000 0.000000 
0.000000 0.000000 166.041358 166.039826 166.039826 166.039826 166.041358 0.000000 0.000000 
0.000000 0.000000 0.000000 166.041667 166.041358 166.041667 0.000000 0.000000 0.000000 
