test/output/constant/M380_S060_A090_WD225.0_WS005.0/M380_S060_A090_WD225.0_WS005.0_arrival.asc
ncols         11
nrows         43
xllcorner     426303.990666
yllcorner     12744655.311160
cellsize      100.000000
NODATA_value  0.000000
0.000000 0.000000 0.000000 166.032832 0.000000 0.000000 0.000000 0.000000 0.000000 0.000000 0.000000 
0.000000 0.000000 166.014997 166.000000 166.010133 0.000000 0.000000 0.000000 0.000000 0.000000 0.000000 
0.000000 166.040939 166.009728 166.000811 166.003648 166.026752 0.000000 0.000000 0.000000 0.000000 0.000000 
0.000000 166.033237 166.008107 166.001621 166.003243 166.017429 0.000000 0.000000 0.000000 0.000000 0.000000 
0.000000 166.028373 166.008107 166.002837 166.003243 166.012160 166.032021 0.000000 0.000000 0.000000 0.000000 
0.000000 166.025536 166.008512 166.003648 166.004053 166.010133 166.025536 0.000000 0.000000 0.000000 0.000000 
0.000000 166.024320 166.009323 166.004864 166.004864 166.009323 166.021483 166.040533 0.000000 0.000000 0.000000 
0.000000 166.023509 166.010133 166.006080 166.005675 166.009323 166.018240 166.034859 0.000000 0.000000 0.000000 
0.000000 166.023509 166.010944 166.006891 166.006891 166.009323 166.016619 166.029995 0.000000 0.000000 0.000000 
166.040128 166.023509 166.012160 166.008107 166.007701 166.009728 166.015808 166.027157 0.000000 0.000000 0.000000 
166.039723 166.023915 166.013376 166.009323 166.008917 166.010133 166.015403 166.024725 166.038912 0.000000 0.000000 
166.038912 166.024320 166.014592 166.010133 166.009728 166.010944 166.015403 166.023104 166.035669 0.000000 0.000000 
166.038507 166.025131 166.015808 166.011349 166.010944 166.011349 166.015403 166.022293 166.033237 0.000000 0.000000 
166.038912 166.025536 166.017024 166.012565 166.011755 166.012160 166.015403 166.021483 166.031211 0.000000 0.000000 
166.038912 166.025941 166.018240 166.013781 166.012971 166.012971 166.015808 166.021077 166.029589 166.041667 0.000000 
166.039317 166.026752 166.019456 166.014997 166.014187 166.014187 166.016213 166.021077 166.028779 166.039723 0.000000 
166.040128 166.027968 166.020672 166.016213 166.014997 166.014997 166.016619 166.021483 166.027968 166.037696 0.000000 
166.040128 166.028779 166.021888 166.017429 166.016213 166.016213 166.017429 166.021483 166.027157 166.036075 0.000000 
166.040533 166.029589 166.023104 166.018645 166.017024 166.017024 166.018240 166.021888 166.027157 166.035264 0.000000 
166.040939 166.030400 166.024320 166.019861 166.018240 166.018240 166.019051 166.021888 166.027157 166.034453 0.000000 
166.041667 166.031616 166.025536 166.021077 166.019051 166.019051 166.019861 166.022293 166.027157 166.033643 0.000000 
0.000000 166.032427 166.026752 166.022293 166.020267 166.020267 166.020672 166.023104 166.027563 166.033237 166.041667 
0.000000 166.033643 166.027968 166.023509 166.021483 166.021077 166.021483 166.023509 166.027563 166.033237 166.040939 
0.000000 166.034453 166.029184 166.024725 166.022699 166.022293 166.022293 166.024320 166.027968 166.033237 166.040128 
0.000000 166.035669 166.030400 166.025941 166.023509 166.023104 166.023104 166.025131 166.028373 166.033237 166.039317 
0.000000 166.036885 166.031616 166.027157 166.024725 166.024320 166.024320 166.025536 166.028373 166.033643 166.039317 
0.000000 166.038101 166.032832 166.028373 166.025941 166.025131 166.025131 166.026752 166.029184 166.033643 166.039317 
0.000000 166.039317 166.034048 166.029589 166.027157 166.026347 166.026347 166.027157 166.029589 166.034048 166.039317 
0.000000 166.040533 166.034859 166.030805 166.028373 166.027157 166.027157 166.027968 166.030400 166.034048 166.039317 
0.000000 166.041667 166.036075 166.032021 166.029184 166.028373 166.028373 166.029184 166.031211 166.034453 166.039317 
0.000000 0.000000 166.037291 166.033237 166.030400 166.029589 166.029184 166.029995 166.031616 166.034859 166.039723 
0.000000 0.000000 166.038507 166.034453 166.031616 166.030400 166.030400 166.030805 166.032427 166.035264 166.039723 
0.000000 0.000000 166.039723 166.035669 166.032832 166.031616 166.031211 166.031616 166.033237 166.035669 166.040128 
0.000000 0.000000 166.040939 166.036885 166.034048 166.032832 166.032427 166.032427 166.034048 166.036480 166.040533 
0.000000 0.000000 0.000000 166.038101 166.035264 166.033643 166.033237 166.033643 166.034859 166.036885 166.040533 
0.000000 0.000000 0.000000 166.039317 166.036480 166.034859 166.034453 166.034453 166.035669 166.037696 166.040939 
0.000000 0.000000 0.000000 166.040533 166.037696 166.036075 166.035669 166.035669 166.036480 166.038507 166.041344 
0.000000 0.000000 0.000000 166.041667 166.038912 166.037291 166.036480 166.036480 166.037291 166.039317 0.000000 
0.000000 0.000000 0.000000 0.000000 166.040128 166.038101 166.037696 166.037696 166.038101 166.040128 0.000000 
0.000000 0.000000 0.000000 0.000000 166.041344 166.039317 166.038507 166.038507 166.038912 166.040533 0.000000 
0.000000 0.000000 0.000000 0.000000 0.000000 166.040533 166.039723 166.039723 166.039723 166.041344 0.000000 
0.000000 0.000000 0.000000 0.000000 0.000000 166.041667 166.040533 166.040533 166.040939 0.000000 0.000000 
0.000000 0.000000 0.000000 0.000000 0.000000 0.000000 166.041667 166.041667 166.041667 0.000000 0.000000 
