test/output/constant/M3M495_S060_A000_WD315.0_WS040.0/M3M495_S060_A000_WD315.0_WS040.0_intensity.asc
ncols         16
nrows         33
xllcorner     425203.990666
yllcorner     12745655.311160
cellsize      100.000000
NODATA_value  0.000000
0 0 0 0 0 0 0 0 0 0 0 0 0 2798 1368 1368 
0 0 0 0 0 0 0 0 0 0 0 2798 2798 2798 0 1476 
0 0 0 0 0 0 0 0 0 0 3977 2798 3977 51109 51109 5106 
0 0 0 0 0 0 0 0 0 0 2798 3977 3977 51109 36733 12959 
0 0 0 0 0 0 0 0 0 1857 3977 41428 51109 51109 9813 9813 
0 0 0 0 0 0 0 0 2798 2798 41428 41428 51109 51109 9813 16525 
0 0 0 0 0 0 0 0 5684 2391 1857 51109 51109 51109 12959 16525 
0 0 0 0 0 0 0 1368 37879 37879 37879 51109 51109 32783 16525 12959 
0 0 0 0 0 0 0 2391 2581 41428 51109 51109 40395 20409 5106 16525 
0 0 0 0 0 0 3977 3977 2581 41428 51109 51109 9813 16525 9813 16525 
0 0 0 0 0 0 5684 37879 3977 51109 51109 28662 16525 9813 12959 0 
0 0 0 0 0 37879 2798 3977 41428 51109 51109 51109 16525 9813 12959 0 
0 0 0 0 0 37879 5684 41428 51109 51109 51109 50126 12959 16525 16525 0 
0 0 0 0 5684 2798 41428 41428 51109 51109 51109 9813 32783 12959 12959 0 
0 0 0 0 2798 3977 41428 51109 51109 51109 32783 16525 16525 16525 0 0 
0 0 0 2798 37879 3977 44547 51109 51109 51109 51109 43656 16525 16525 0 0 
0 0 0 3977 41428 44547 51109 51109 51109 36733 20409 16525 16525 5106 0 0 
0 0 0 3977 37879 41428 51109 51109 51109 51109 9813 20409 9813 0 0 0 
0 0 41428 41428 41428 51109 51109 51109 43656 51109 32783 7175 16525 0 0 0 
0 0 5684 41428 44547 51109 51109 51109 51109 12959 7175 9813 7175 0 0 0 
0 0 44547 44547 51109 51109 51109 51109 24496 40395 40395 36733 0 0 0 0 
0 41428 3977 44547 51109 51109 51109 51109 16525 7175 20409 16525 0 0 0 0 
0 3977 5684 51109 51109 51109 50126 43656 36733 12959 16525 0 0 0 0 0 
0 5684 41428 51109 51109 51109 51109 12959 12959 46417 7175 0 0 0 0 0 
0 5684 51109 51109 51109 51109 46417 51109 40395 16525 0 0 0 0 0 0 
5684 5684 51109 51109 51109 51109 51109 43656 7175 9813 0 0 0 0 0 0 
3977 49129 51109 51109 51109 50126 51109 40395 20409 0 0 0 0 0 0 0 
5684 51109 51109 51109 50961 28662 32783 16525 0 0 0 0 0 0 0 0 
47140 51109 51109 51109 51109 24496 7175 36733 0 0 0 0 0 0 0 0 
51109 51109 51109 51109 51109 51109 16525 0 0 0 0 0 0 0 0 0 
51109 51109 51109 51109 36733 16525 0 0 0 0 0 0 0 0 0 0 
51109 51109 51109 51109 51109 0 0 0 0 0 0 0 0 0 0 0 
0 51109 51109 51109 0 0 0 0 0 0 0 0 0 0 0 0 
