test/output/constant/M3M495_S060_A000_WD315.0_WS040.0/M3M495_S060_A000_WD315.0_WS040.0_ros.asc
ncols         16
nrows         33
xllcorner     425203.990666
yllcorner     12745655.311160
cellsize      100.000000
NODATA_value  0.000000
0.000000 0.000000 0.000000 0.000000 0.000000 0.000000 0.000000 0.000000 0.000000 0.000000 0.000000 0.000000 0.000000 3.088117 1.510104 1.510104 
0.000000 0.000000 0.000000 0.000000 0.000000 0.000000 0.000000 0.000000 0.000000 0.000000 0.000000 3.088117 3.088117 3.088117 -1.000000 1.629683 
0.000000 0.000000 0.000000 0.000000 0.000000 0.000000 0.000000 0.000000 0.000000 0.000000 4.389607 3.088117 4.389607 56.401939 56.401939 5.634901 
0.000000 0.000000 0.000000 0.000000 0.000000 0.000000 0.000000 0.000000 0.000000 0.000000 3.088117 4.389607 4.389607 56.401939 40.537506 14.301320 
0.000000 0.000000 0.000000 0.000000 0.000000 0.000000 0.000000 0.000000 0.000000 2.049826 4.389607 45.718353 56.401939 56.401939 10.830111 10.830111 
0.000000 0.000000 0.000000 0.000000 0.000000 0.000000 0.000000 0.000000 3.088117 3.088117 45.718353 45.718353 56.401939 56.401939 10.830111 18.237064 
0.000000 0.000000 0.000000 0.000000 0.000000 0.000000 0.000000 0.000000 6.272779 2.638756 2.049826 56.401939 56.401939 56.401939 14.301320 18.237064 
0.000000 0.000000 0.000000 0.000000 0.000000 0.000000 0.000000 1.510104 41.801315 41.801315 41.801315 56.401939 56.401939 36.177708 18.237064 14.301320 
0.000000 0.000000 0.000000 0.000000 0.000000 0.000000 0.000000 2.638756 2.848648 45.718353 56.401939 56.401939 44.577820 22.523212 5.634901 18.237064 
0.000000 0.000000 0.000000 0.000000 0.000000 0.000000 4.389607 4.389607 2.848648 45.718353 56.401939 56.401939 10.830111 18.237064 10.830111 18.237064 
0.000000 0.000000 0.000000 0.000000 0.000000 0.000000 6.272779 41.801315 4.389607 56.401939 56.401939 31.630314 18.237064 10.830111 14.301320 0.000000 
0.000000 0.000000 0.000000 0.000000 0.000000 41.801315 3.088117 4.389607 45.718353 56.401939 56.401939 56.401939 18.237064 10.830111 14.301320 0.000000 
0.000000 0.000000 0.000000 0.000000 0.000000 41.801315 6.272779 45.718353 56.401939 56.401939 56.401939 55.316792 14.301320 18.237064 18.237064 0.000000 
0.000000 0.000000 0.000000 0.000000 6.272779 3.088117 45.718353 45.718353 56.401939 56.401939 56.401939 10.830111 36.177708 14.301320 14.301320 0.000000 
0.000000 0.000000 0.000000 0.000000 3.088117 4.389607 45.718353 56.401939 56.401939 56.401939 36.177708 18.237064 18.237064 18.237064 0.000000 0.000000 
0.000000 0.000000 0.000000 3.088117 41.801315 4.389607 49.159851 56.401939 56.401939 56.401939 56.401939 48.176315 18.237064 18.237064 0.000000 0.000000 
0.000000 0.000000 0.000000 4.389607 45.718353 49.159851 56.401939 56.401939 56.401939 40.537506 22.523212 18.237064 18.237064 5.634901 0.000000 0.000000 
0.000000 0.000000 0.000000 4.389607 41.801315 45.718353 56.401939 56.401939 56.401939 56.401939 10.830111 22.523212 10.830111 0.000000 0.000000 0.000000 
0.000000 0.000000 45.718353 45.718353 45.718353 56.401939 56.401939 56.401939 48.176315 56.401939 36.177708 7.918712 18.237064 0.000000 0.000000 0.000000 
0.000000 0.000000 6.272779 45.718353 49.159851 56.401939 56.401939 56.401939 56.401939 14.301320 7.918712 10.830111 7.918712 0.000000 0.000000 0.000000 
0.000000 0.000000 49.159851 49.159851 56.401939 56.401939 56.401939 56.401939 27.032661 44.577820 44.577820 40.537506 0.000000 0.000000 0.000000 0.000000 
0.000000 45.718353 4.389607 49.159851 56.401939 56.401939 56.401939 56.401939 18.237064 7.918712 22.523212 18.237064 0.000000 0.000000 0.000000 0.000000 
0.000000 4.389607 6.272779 56.401939 56.401939 56.401939 55.316792 48.176315 40.537506 14.301320 18.237064 0.000000 0.000000 0.000000 0.000000 0.000000 
0.000000 6.272779 45.718353 56.401939 56.401939 56.401939 56.401939 14.301320 14.301320 51.223972 7.918712 0.000000 0.000000 0.000000 0.000000 0.000000 
0.000000 6.272779 56.401939 56.401939 56.401939 56.401939 51.223972 56.401939 44.577820 18.237064 0.000000 0.000000 0.000000 0.000000 0.000000 0.000000 
6.272779 6.272779 56.401939 56.401939 56.401939 56.401939 56.401939 48.176315 7.918712 10.830111 0.000000 0.000000 0.000000 0.000000 0.000000 0.000000 
4.389607 54.216019 56.401939 56.401939 56.401939 55.316792 56.401939 44.577820 22.523212 0.000000 0.000000 0.000000 0.000000 0.000000 0.000000 0.000000 
6.272779 56.401939 56.401939 56.401939 56.237930 31.630314 36.177708 18.237064 0.000000 0.000000 0.000000 0.000000 0.000000 0.000000 0.000000 0.000000 
52.021370 56.401939 56.401939 56.401939 56.401939 27.032661 7.918712 40.537506 0.000000 0.000000 0.000000 0.000000 0.000000 0.000000 0.000000 0.000000 
56.401939 56.401939 56.401939 56.401939 56.401939 56.401939 18.237064 0.000000 0.000000 0.000000 0.000000 0.000000 0.000000 0.000000 0.000000 0.000000 
56.401939 56.401939 56.401939 56.401939 40.537506 18.237064 0.000000 0.000000 0.000000 0.000000 0.000000 0.000000 0.000000 0.000000 0.000000 0.000000 
56.401939 56.401939 56.401939 56.401939 56.401939 0.000000 0.000000 0.000000 0.000000 0.000000 0.000000 0.000000 0.000000 0.000000 0.000000 0.000000 
0.000000 56.401939 56.401939 56.401939 0.000000 0.000000 0.000000 0.000000 0.000000 0.000000 0.000000 0.000000 0.000000 0.000000 0.000000 0.000000 
