test/output/constant/M4100_S000_A090_WD180.0_WS040.0/M4100_S000_A090_WD180.0_WS040.0_arrival.asc
ncols         9
nrows         39
xllcorner     426203.990666
yllcorner     12748755.311160
cellsize      100.000000
NODATA_value  0.000000
0.000000 0.000000 0.000000 166.041651 166.041213 166.041651 0.000000 0.000000 0.000000 
0.000000 0.000000 0.000000 166.040336 166.040336 166.040336 0.000000 0.000000 0.000000 
0.000000 0.000000 166.041651 166.039459 166.039020 166.039459 166.041651 0.000000 0.000000 
0.000000 0.000000 166.040336 166.038144 166.038144 166.038144 166.040336 0.000000 0.000000 
0.000000 0.000000 166.039459 166.037267 166.036828 166.037267 166.039459 0.000000 0.000000 
0.000000 166.041651 166.038144 166.036390 166.035951 166.036390 166.038144 166.041651 0.000000 
0.000000 166.040774 166.037267 166.035075 166.034636 166.035075 166.037267 166.040774 0.000000 
0.000000 166.039897 166.036390 166.034198 166.033759 166.034198 166.036390 166.039897 0.000000 
0.000000 166.039020 166.035075 166.032882 166.032444 166.032882 166.035075 166.039020 0.000000 
0.000000 166.038144 166.034198 166.032006 166.031567 166.032006 166.034198 166.038144 0.000000 
0.000000 166.037267 166.033321 166.030690 166.030252 166.030690 166.033321 166.037267 0.000000 
0.000000 166.036390 166.032006 166.029813 166.029375 166.029813 166.032006 166.036390 0.000000 
0.000000 166.035513 166.031129 166.028498 166.028060 166.028498 166.031129 166.035513 0.000000 
166.041213 166.034636 166.030252 166.027621 166.027183 166.027621 166.030252 166.034636 166.041213 
166.040774 166.034198 166.028937 166.026744 166.025868 166.026744 166.028937 166.034198 166.040774 
166.040336 166.033321 166.028060 166.025429 166.024991 166.025429 166.028060 166.033321 166.040336 
166.040336 166.032444 166.027183 166.024552 166.023675 166.024552 166.027183 166.032444 166.040336 
166.040336 166.031567 166.026306 166.023237 166.022798 166.023237 166.026306 166.031567 166.040336 
166.040336 166.031129 166.024991 166.022360 166.021483 166.022360 166.024991 166.031129 166.040336 
166.040336 166.030252 166.024114 166.021045 166.020606 166.021045 166.024114 166.030252 166.040336 
166.040774 166.029813 166.023237 166.020168 166.019291 166.020168 166.023237 166.029813 166.040774 
166.040774 166.028937 166.022360 166.019291 166.018414 166.019291 166.022360 166.028937 166.040774 
166.041213 166.028937 166.021483 166.017976 166.017099 166.017976 166.021483 166.028937 166.041213 
0.000000 166.028937 166.021045 166.017099 166.016222 166.017099 166.021045 166.028937 0.000000 
0.000000 166.028937 166.020168 166.015784 166.014907 166.015784 166.020168 166.028937 0.000000 
0.000000 166.028937 166.019291 166.014907 166.014030 166.014907 166.019291 166.028937 0.000000 
0.000000 166.029375 166.018414 166.013591 166.012715 166.013591 166.018414 166.029375 0.000000 
0.000000 166.029813 166.017976 166.012715 166.011838 166.012715 166.017976 166.029813 0.000000 
0.000000 166.030690 166.017537 166.011838 166.010522 166.011838 166.017537 166.030690 0.000000 
0.000000 166.031567 166.017537 166.010522 166.009646 166.010522 166.017537 166.031567 0.000000 
0.000000 166.033321 166.017537 166.009646 166.008330 166.009646 166.017537 166.033321 0.000000 
0.000000 166.035513 166.017537 166.008769 166.007453 166.008769 166.017537 166.035513 0.000000 
0.000000 166.039020 166.018414 166.007453 166.006138 166.007453 166.018414 166.039020 0.000000 
0.000000 0.000000 166.019729 166.007015 166.005261 166.007015 166.019729 0.000000 0.000000 
0.000000 0.000000 166.021922 166.006138 166.003946 166.006138 166.021922 0.000000 0.000000 
0.000000 0.000000 166.026306 166.006138 166.003069 166.006138 166.026306 0.000000 0.000000 
0.000000 0.000000 166.033759 166.006138 166.001754 166.006138 166.033759 0.000000 0.000000 
0.000000 0.000000 0.000000 166.007892 166.000877 166.007892 0.000000 0.000000 0.000000 
0.000000 0.000000 0.000000 166.017537 166.000000 166.017537 0.000000 0.000000 0.000000 
