test/output/constant/M3M490_S060_A090_WD225.0_WS010.0/M3M490_S060_A090_WD225.0_WS010.0_arrival.asc
ncols         13
nrows         41
xllcorner     426403.990666
yllcorner     12744855.311160
cellsize      100.000000
NODATA_value  0.000000
0.000000 166.037767 166.025731 166.034862 0.000000 0.000000 0.000000 0.000000 0.000000 0.000000 0.000000 0.000000 0.000000 
0.000000 166.015771 166.000000 166.006225 166.032372 0.000000 0.000000 0.000000 0.000000 0.000000 0.000000 0.000000 0.000000 
0.000000 166.012451 166.000830 166.002075 166.017016 166.041087 0.000000 0.000000 0.000000 0.000000 0.000000 0.000000 0.000000 
166.039012 166.012451 166.001660 166.002075 166.009961 166.027806 0.000000 0.000000 0.000000 0.000000 0.000000 0.000000 0.000000 
166.035277 166.012866 166.002905 166.002905 166.006640 166.019091 166.038597 0.000000 0.000000 0.000000 0.000000 0.000000 0.000000 
166.034862 166.013696 166.004150 166.004150 166.006225 166.014526 166.029467 0.000000 0.000000 0.000000 0.000000 0.000000 0.000000 
166.034862 166.014941 166.005810 166.004980 166.006225 166.011621 166.023241 166.039842 0.000000 0.000000 0.000000 0.000000 0.000000 
166.034447 166.017016 166.007470 166.006225 166.006640 166.010376 166.019091 166.032787 0.000000 0.000000 0.000000 0.000000 0.000000 
166.035277 166.018676 166.009130 166.007055 166.007055 166.010376 166.016601 166.027806 0.000000 0.000000 0.000000 0.000000 0.000000 
166.035692 166.020336 166.011206 166.008300 166.008300 166.010376 166.014941 166.024071 166.036937 0.000000 0.000000 0.000000 0.000000 
166.036522 166.022411 166.012866 166.009545 166.009130 166.010376 166.014526 166.021581 166.032372 0.000000 0.000000 0.000000 0.000000 
166.037352 166.024071 166.014526 166.010791 166.010376 166.010791 166.014111 166.019921 166.029051 166.041502 0.000000 0.000000 0.000000 
166.039012 166.026146 166.016601 166.012451 166.011621 166.011621 166.014111 166.019091 166.026146 166.037352 0.000000 0.000000 0.000000 
166.039842 166.027806 166.018261 166.014111 166.012451 166.012451 166.014526 166.018676 166.024486 166.034032 0.000000 0.000000 0.000000 
166.041667 166.029467 166.019921 166.015356 166.013696 166.013696 166.014941 166.018261 166.023656 166.031127 0.000000 0.000000 0.000000 
0.000000 166.031127 166.021996 166.017016 166.014941 166.014526 166.015356 166.018261 166.022826 166.029467 166.039012 0.000000 0.000000 
0.000000 166.033202 166.023656 166.018676 166.016186 166.015771 166.016186 166.018261 166.022411 166.028221 166.036107 0.000000 0.000000 
0.000000 166.034862 166.025731 166.020336 166.017431 166.017016 166.017016 166.018676 166.022411 166.027391 166.034447 0.000000 0.000000 
0.000000 166.036937 166.027391 166.022411 166.019091 166.017846 166.017846 166.019091 166.022411 166.026976 166.032787 166.041087 0.000000 
0.000000 166.038597 166.029467 166.024071 166.020336 166.019091 166.019091 166.019506 166.022411 166.026561 166.031957 166.039427 0.000000 
0.000000 166.040672 166.031127 166.025731 166.021996 166.020336 166.019921 166.020751 166.022411 166.026146 166.031127 166.037767 0.000000 
0.000000 0.000000 166.032787 166.027391 166.023656 166.021581 166.021166 166.021166 166.022826 166.026146 166.030712 166.036522 0.000000 
0.000000 0.000000 166.034862 166.029467 166.025316 166.022826 166.022411 166.022411 166.023241 166.026146 166.030297 166.035692 0.000000 
0.000000 0.000000 166.036522 166.031127 166.026976 166.024071 166.023241 166.023241 166.024071 166.026561 166.030297 166.035277 166.041087 
0.000000 0.000000 166.038597 166.032787 166.028636 166.025731 166.024486 166.024486 166.024901 166.026976 166.030297 166.034862 166.040257 
0.000000 0.000000 166.040257 166.034862 166.029882 166.026976 166.025731 166.025316 166.025731 166.027391 166.030297 166.034447 166.039427 
0.000000 0.000000 0.000000 166.036522 166.031542 166.028636 166.026976 166.026561 166.026561 166.027806 166.030297 166.034447 166.039012 
0.000000 0.000000 0.000000 166.038182 166.033202 166.030297 166.028221 166.027391 166.027391 166.028636 166.030712 166.034447 166.038597 
0.000000 0.000000 0.000000 166.040257 166.035277 166.031957 166.029467 166.028636 166.028636 166.029467 166.031127 166.034447 166.038597 
0.000000 0.000000 0.000000 166.041667 166.036937 166.033202 166.030712 166.029882 166.029882 166.029882 166.031542 166.034447 166.038182 
0.000000 0.000000 0.000000 0.000000 166.038597 166.034862 166.032372 166.031127 166.030712 166.031127 166.032372 166.034862 166.038182 
0.000000 0.000000 0.000000 0.000000 166.040257 166.036522 166.033617 166.032372 166.031957 166.031957 166.032787 166.035277 166.038182 
0.000000 0.000000 0.000000 0.000000 0.000000 166.038182 166.035277 166.033617 166.032787 166.032787 166.033617 166.035692 166.038182 
0.000000 0.000000 0.000000 0.000000 0.000000 166.039842 166.036937 166.034862 166.034032 166.034032 166.034447 166.036107 166.038597 
0.000000 0.000000 0.000000 0.000000 0.000000 166.041502 166.038182 166.036107 166.035277 166.035277 166.035277 166.036522 166.039012 
0.000000 0.000000 0.000000 0.000000 0.000000 0.000000 166.039842 166.037352 166.036107 166.036107 166.036522 166.037352 166.039427 
0.000000 0.000000 0.000000 0.000000 0.000000 0.000000 166.041502 166.039012 166.037767 166.037352 166.037352 166.038182 166.039842 
0.000000 0.000000 0.000000 0.000000 0.000000 0.000000 0.000000 166.040257 166.039012 166.038182 166.038182 166.039012 166.040257 
0.000000 0.000000 0.000000 0.000000 0.000000 0.000000 0.000000 166.041667 166.040257 166.039427 166.039427 166.039842 166.041087 
0.000000 0.000000 0.000000 0.000000 0.000000 0.000000 0.000000 0.000000 166.041502 166.040672 166.040257 166.040672 166.041502 
0.000000 0.000000 0.000000 0.000000 0.000000 0.000000 0.000000 0.000000 0.000000 166.041502 166.041502 166.041502 0.000000 
