test/output/constant/M3M490_S060_A090_WD225.0_WS010.0/M3M490_S060_A090_WD225.0_WS010.0_intensity.asc
ncols         13
nrows         41
xllcorner     426403.990666
yllcorner     12744855.311160
cellsize      100.000000
NODATA_value  0.000000
0 1195 1448 1448 0 0 0 0 0 0 0 0 0 
0 1195 0 2079 1768 0 0 0 0 0 0 0 0 
0 17127 59356 55337 2530 2079 0 0 0 0 0 0 0 
17127 21688 59356 57500 1768 1768 0 0 0 0 0 0 0 
17127 31488 59356 57500 44762 2530 2079 0 0 0 0 0 0 
21688 31488 59356 57500 59356 1768 40233 0 0 0 0 0 0 
26523 31488 59356 59356 59356 40233 35420 1768 0 0 0 0 0 
12978 41204 59356 59356 59356 44762 44762 40233 0 0 0 0 0 
31488 41204 55858 59356 59356 59356 40233 40233 0 0 0 0 0 
17127 31488 21688 59356 57500 44762 40233 40233 40233 0 0 0 0 
31488 17127 55858 59356 59356 57500 57500 1448 40233 0 0 0 0 
31488 41204 31488 53100 59356 59356 55337 55337 40233 40233 0 0 0 
31488 49666 21688 59356 59356 59356 57500 2079 40233 40233 0 0 0 
31488 45660 49666 21688 59356 57500 52431 59356 40233 40233 0 0 0 
31488 31488 45660 59032 59356 59356 59356 59356 55337 40233 0 0 0 
0 31488 53100 59356 59356 59356 59356 52431 58854 40233 40233 0 0 
0 17127 49666 59356 59356 59356 59356 59208 52431 58854 44762 0 0 
0 41204 17127 59032 59032 59356 59356 59356 59356 52431 44762 0 0 
0 21688 53100 26523 59356 59356 59356 59356 44762 57500 40233 40233 0 
0 45660 26523 59356 57855 59356 52431 59356 57500 57500 59356 52431 0 
0 31488 53100 59356 59356 59356 59356 59356 58854 55337 55337 40233 0 
0 0 36431 49666 59356 59356 59356 59356 59356 55337 57500 52431 0 
0 0 55858 21688 59356 59356 59356 59356 59356 57500 40233 57500 0 
0 0 45660 57855 12978 55858 59356 59356 57500 55337 59356 48870 40233 
0 0 53100 49666 26523 59356 59356 59356 59356 55337 59356 55337 59208 
0 0 36431 31488 41204 41204 59356 59356 59356 58854 44762 58854 40233 
0 0 0 57855 59356 45660 59356 59356 59356 52431 55337 44762 55337 
0 0 0 59297 45660 59356 59356 59356 58854 59356 59356 59356 40233 
0 0 0 21688 21688 21688 59297 59356 59356 52431 59356 48870 59356 
0 0 0 41204 59356 59356 57855 59356 55337 59356 55337 55337 55337 
0 0 0 0 59297 59356 59356 59356 59356 59356 59356 59356 57500 
0 0 0 0 53100 59356 59356 59356 59356 59356 59356 59356 52431 
0 0 0 0 0 59356 59356 59356 59356 57500 59356 57500 55337 
0 0 0 0 0 59356 12978 59356 59356 59356 59356 59356 55337 
0 0 0 0 0 17127 59356 59032 59356 59356 59356 59356 59208 
0 0 0 0 0 0 59356 57855 59356 59356 59356 59356 59208 
0 0 0 0 0 0 59356 59356 59356 59356 59356 59356 59356 
0 0 0 0 0 0 0 45660 59356 59356 59208 59356 59356 
0 0 0 0 0 0 0 59356 59356 59356 59356 59356 59356 
0 0 0 0 0 0 0 0 59356 59356 59356 59356 59356 
0 0 0 0 0 0 0 0 0 59356 57500 59356 0 
