test/output/constant/M380_S000_A180_WD000.0_WS050.0/M380_S000_A180_WD000.0_WS050.0_arrival.asc
ncols         9
nrows         54
xllcorner     426203.990666
yllcorner     12743455.311160
cellsize      100.000000
NODATA_value  0.000000
0.000000 0.000000 0.000000 166.018129 166.000000 166.018129 0.000000 0.000000 0.000000 
0.000000 0.000000 0.000000 166.007814 166.000625 166.007814 0.000000 0.000000 0.000000 
0.000000 0.000000 166.036258 166.005626 166.001250 166.005626 166.036258 0.000000 0.000000 
0.000000 0.000000 166.026256 166.005001 166.002188 166.005001 166.026256 0.000000 0.000000 
0.000000 0.000000 166.022192 166.005001 166.002813 166.005001 166.022192 0.000000 0.000000 
0.000000 0.000000 166.019067 166.005314 166.003751 166.005314 166.019067 0.000000 0.000000 
0.000000 166.040009 166.017191 166.005939 166.004376 166.005939 166.017191 166.040009 0.000000 
0.000000 166.036258 166.016254 166.006564 166.005314 166.006564 166.016254 166.036258 0.000000 
0.000000 166.032820 166.015316 166.007189 166.005939 166.007189 166.015316 166.032820 0.000000 
0.000000 166.030944 166.015003 166.007814 166.006877 166.007814 166.015003 166.030944 0.000000 
0.000000 166.028756 166.015003 166.008439 166.007502 166.008439 166.015003 166.028756 0.000000 
0.000000 166.027819 166.015003 166.009377 166.008439 166.009377 166.015003 166.027819 0.000000 
0.000000 166.026881 166.015003 166.010002 166.009064 166.010002 166.015003 166.026881 0.000000 
0.000000 166.025943 166.015316 166.010627 166.010002 166.010627 166.015316 166.025943 0.000000 
166.040321 166.025631 166.015941 166.011565 166.010627 166.011565 166.015941 166.025631 166.040321 
166.039071 166.025005 166.016254 166.012190 166.011565 166.012190 166.016254 166.025005 166.039071 
166.038133 166.025005 166.016879 166.012815 166.012190 166.012815 166.016879 166.025005 166.038133 
166.037196 166.025005 166.017504 166.013753 166.013128 166.013753 166.017504 166.025005 166.037196 
166.036571 166.024693 166.017816 166.014378 166.013753 166.014378 166.017816 166.024693 166.036571 
166.035945 166.024693 166.018442 166.015316 166.014691 166.015316 166.018442 166.024693 166.035945 
166.035633 166.025005 166.019067 166.015941 166.015316 166.015941 166.019067 166.025005 166.035633 
166.035008 166.025318 166.019692 166.016879 166.016254 166.016879 166.019692 166.025318 166.035008 
166.035008 166.025631 166.020317 166.017504 166.016879 166.017504 166.020317 166.025631 166.035008 
166.034695 166.026256 166.020942 166.018442 166.017816 166.018442 166.020942 166.026256 166.034695 
166.034695 166.026568 166.021567 166.019067 166.018442 166.019067 166.021567 166.026568 166.034695 
166.034695 166.027193 166.022192 166.020004 166.019379 166.020004 166.022192 166.027193 166.034695 
166.034695 166.027819 166.023130 166.020630 166.020004 166.020630 166.023130 166.027819 166.034695 
166.034695 166.028131 166.023755 166.021567 166.020942 166.021567 166.023755 166.028131 166.034695 
166.035008 166.028756 166.024380 166.022192 166.021567 166.022192 166.024380 166.028756 166.035008 
166.035008 166.029381 166.025005 166.023130 166.022505 166.023130 166.025005 166.029381 166.035008 
166.035633 166.030007 166.025943 166.023755 166.023130 166.023755 166.025943 166.030007 166.035633 
166.035945 166.030632 166.026568 166.024693 166.024068 166.024693 166.026568 166.030632 166.035945 
166.036571 166.030944 166.027193 166.025318 166.024693 166.025318 166.027193 166.030944 166.036571 
166.037196 166.031569 166.028131 166.026256 166.025631 166.026256 166.028131 166.031569 166.037196 
166.037508 166.032195 166.028756 166.026881 166.026256 166.026881 166.028756 166.032195 166.037508 
166.038133 166.032820 166.029381 166.027819 166.027193 166.027819 166.029381 166.032820 166.038133 
166.038758 166.033445 166.030319 166.028444 166.027819 166.028444 166.030319 166.033445 166.038758 
166.039071 166.034070 166.030944 166.029381 166.028756 166.029381 166.030944 166.034070 166.039071 
166.039696 166.034695 166.031569 166.030007 166.029381 166.030007 166.031569 166.034695 166.039696 
166.040321 166.035320 166.032195 166.030632 166.030319 166.030632 166.032195 166.035320 166.040321 
166.040946 166.035945 166.033132 166.031569 166.030944 166.031569 166.033132 166.035945 166.040946 
166.041259 166.036883 166.033757 166.032195 166.031882 166.032195 166.033757 166.036883 166.041259 
0.000000 166.037508 166.034695 166.033132 166.032507 166.033132 166.034695 166.037508 0.000000 
0.000000 166.038133 166.035320 166.033757 166.033445 166.033757 166.035320 166.038133 0.000000 
0.000000 166.038758 166.035945 166.034695 166.034070 166.034695 166.035945 166.038758 0.000000 
0.000000 166.039696 166.036883 166.035320 166.035008 166.035320 166.036883 166.039696 0.000000 
0.000000 166.040321 166.037508 166.036258 166.035633 166.036258 166.037508 166.040321 0.000000 
0.000000 166.040946 166.038446 166.036883 166.036571 166.036883 166.038446 166.040946 0.000000 
0.000000 166.041667 166.039071 166.037821 166.037196 166.037821 166.039071 166.041667 0.000000 
0.000000 0.000000 166.040009 166.038446 166.038133 166.038446 166.040009 0.000000 0.000000 
0.000000 0.000000 166.040634 166.039071 166.038758 166.039071 166.040634 0.000000 0.000000 
0.000000 0.000000 166.041259 166.040009 166.039696 166.040009 166.041259 0.000000 0.000000 
0.000000 0.000000 0.000000 166.040634 166.040321 166.040634 0.000000 0.000000 0.000000 
0.000000 0.000000 0.000000 166.041572 166.041259 166.041572 0.000000 0.000000 0.000000 
