test/output/constant/M480_S000_A000_WD270.0_WS045.0/M480_S000_A000_WD270.0_WS045.0_arrival.asc
ncols         36
nrows         7
xllcorner     426603.990666
yllcorner     12748455.311160
cellsize      100.000000
NODATA_value  0.000000
0.000000 0.000000 0.000000 0.000000 0.000000 0.000000 0.000000 0.000000 0.000000 166.040838 166.038916 166.037955 166.036994 166.036033 166.035553 166.035072 166.035072 166.035072 166.035072 166.035553 166.036033 166.036994 166.037475 166.038435 166.039396 166.039877 166.040838 166.041667 0.000000 0.000000 0.000000 0.000000 0.000000 0.000000 0.000000 0.000000 
0.000000 0.000000 0.000000 166.034592 166.028827 166.025463 166.023542 166.022100 166.021620 166.021139 166.021139 166.021139 166.021620 166.022581 166.023061 166.024022 166.024983 166.025944 166.026424 166.027385 166.028346 166.029307 166.030268 166.031229 166.032670 166.033631 166.034592 166.036033 166.036994 166.037955 166.039396 166.040357 166.041318 0.000000 0.000000 0.000000 
166.027385 166.011050 166.007687 166.007207 166.007207 166.008168 166.008648 166.009609 166.010570 166.012011 166.012972 166.013933 166.015374 166.016335 166.017776 166.018737 166.019698 166.021139 166.022100 166.023542 166.024503 166.025944 166.026905 166.028346 166.029307 166.030268 166.031709 166.032670 166.034111 166.035072 166.036514 166.037475 166.038916 166.039877 166.041318 0.000000 
166.000000 166.000961 166.001922 166.003363 166.004324 166.005765 166.006726 166.008168 166.009128 166.010570 166.011531 166.012972 166.013933 166.015374 166.016335 166.017776 166.018737 166.020179 166.021139 166.022581 166.023542 166.024983 166.025944 166.027385 166.028346 166.029787 166.030748 166.032190 166.033151 166.034592 166.035553 166.036994 166.037955 166.039396 166.040357 166.041667 
166.027385 166.011050 166.007687 166.007207 166.007207 166.008168 166.008648 166.009609 166.010570 166.012011 166.012972 166.013933 166.015374 166.016335 166.017776 166.018737 166.019698 166.021139 166.022100 166.023542 166.024503 166.025944 166.026905 166.028346 166.029307 166.030268 166.031709 166.032670 166.034111 166.035072 166.036514 166.037475 166.038916 166.039877 166.041318 0.000000 
0.000000 0.000000 0.000000 166.034592 166.028827 166.025463 166.023542 166.022100 166.021620 166.021139 166.021139 166.021139 166.021620 166.022581 166.023061 166.024022 166.024983 166.025944 166.026424 166.027385 166.028346 166.029307 166.030268 166.031229 166.032670 166.033631 166.034592 166.036033 166.036994 166.037955 166.039396 166.040357 166.041318 0.000000 0.000000 0.000000 
0.000000 0.000000 0.000000 0.000000 0.000000 0.000000 0.000000 0.000000 0.000000 166.040838 166.038916 166.037955 166.036994 166.036033 166.035553 166.035072 166.035072 166.035072 166.035072 166.035553 166.036033 166.036994 166.037475 166.038435 166.039396 166.039877 166.040838 166.041667 0.000000 0.000000 0.000000 0.000000 0.000000 0.000000 0.000000 0.000000 
