test/output/constant/M375_S060_A090_WD090.0_WS005.0/M375_S060_A090_WD090.0_WS005.0_arrival.asc
ncols         11
nrows         43
xllcorner     425803.990666
yllcorner     12744555.311160
cellsize      100.000000
NODATA_value  0.000000
0.000000 0.000000 0.000000 0.000000 0.000000 0.000000 0.000000 166.010936 166.000000 166.019138 0.000000 
0.000000 0.000000 0.000000 0.000000 0.000000 0.000000 166.028121 166.003125 166.000781 166.012108 0.000000 
0.000000 0.000000 0.000000 0.000000 0.000000 0.000000 166.016794 166.002734 166.001562 166.010545 0.000000 
0.000000 0.000000 0.000000 0.000000 0.000000 166.033198 166.011326 166.003125 166.002734 166.010936 166.035932 
0.000000 0.000000 0.000000 0.000000 0.000000 166.024996 166.008983 166.003515 166.003515 166.011326 166.033198 
0.000000 0.000000 0.000000 0.000000 166.040619 166.019919 166.008202 166.004687 166.004687 166.012108 166.031245 
0.000000 0.000000 0.000000 0.000000 166.033979 166.017185 166.008202 166.005468 166.005858 166.012889 166.030464 
0.000000 0.000000 0.000000 0.000000 166.028511 166.014842 166.008202 166.006640 166.007030 166.014060 166.030464 
0.000000 0.000000 0.000000 0.000000 166.024996 166.014060 166.008592 166.007811 166.008202 166.014842 166.030074 
0.000000 0.000000 0.000000 166.037104 166.022653 166.013670 166.009374 166.008592 166.009764 166.016404 166.030855 
0.000000 0.000000 0.000000 166.033589 166.020700 166.013670 166.009764 166.009764 166.010936 166.017575 166.030855 
0.000000 0.000000 0.000000 166.030855 166.019919 166.013670 166.010545 166.010545 166.012108 166.018747 166.031636 
0.000000 0.000000 166.041667 166.028121 166.019138 166.013670 166.011717 166.011717 166.013670 166.019919 166.032417 
0.000000 0.000000 166.039057 166.026559 166.019138 166.014060 166.012498 166.012498 166.014842 166.021091 166.033198 
0.000000 0.000000 166.036323 166.025777 166.019138 166.014842 166.013670 166.013670 166.016013 166.022262 166.033979 
0.000000 0.000000 166.033979 166.024606 166.019138 166.015232 166.014451 166.014842 166.017575 166.023825 166.035151 
0.000000 0.000000 166.032808 166.024606 166.019138 166.016013 166.015623 166.016013 166.018747 166.024996 166.035932 
0.000000 0.000000 166.031636 166.024606 166.019528 166.016794 166.016404 166.017185 166.020309 166.026168 166.037104 
0.000000 166.040228 166.030464 166.024606 166.019919 166.017575 166.017575 166.018357 166.021481 166.027340 166.038276 
0.000000 166.038666 166.030074 166.024606 166.020309 166.018747 166.018357 166.019528 166.023043 166.028902 166.039057 
0.000000 166.037494 166.030074 166.024606 166.021091 166.019528 166.019528 166.020700 166.024215 166.030074 166.040228 
0.000000 166.036323 166.029683 166.024606 166.021481 166.020700 166.020700 166.021872 166.025777 166.031636 166.041400 
0.000000 166.035542 166.029683 166.024996 166.022262 166.021481 166.021481 166.023434 166.026949 166.032808 0.000000 
0.000000 166.035542 166.029683 166.025387 166.023043 166.022653 166.022653 166.024606 166.028121 166.034370 0.000000 
0.000000 166.035151 166.029683 166.025777 166.023825 166.023434 166.023825 166.025777 166.029683 166.035542 0.000000 
166.041400 166.035151 166.030074 166.026168 166.024606 166.024606 166.024996 166.027340 166.030855 166.036713 0.000000 
166.041009 166.035151 166.030074 166.026949 166.025387 166.025387 166.026168 166.028511 166.032417 166.038276 0.000000 
166.040619 166.035151 166.030464 166.027730 166.026559 166.026559 166.027340 166.029683 166.033589 166.039447 0.000000 
166.040619 166.035151 166.030855 166.028511 166.027340 166.027340 166.028511 166.030855 166.035151 166.041009 0.000000 
166.040619 166.035151 166.031245 166.029292 166.028511 166.028511 166.029683 166.032417 166.036323 0.000000 0.000000 
166.040619 166.035542 166.032026 166.029683 166.029292 166.029292 166.030855 166.033589 166.037885 0.000000 0.000000 
166.040619 166.035542 166.032417 166.030464 166.030464 166.030464 166.032026 166.035151 166.039057 0.000000 0.000000 
166.040619 166.035932 166.033198 166.031636 166.031245 166.031636 166.033198 166.036323 166.040619 0.000000 0.000000 
166.040619 166.036323 166.033979 166.032417 166.032417 166.032808 166.034370 166.037494 166.041667 0.000000 0.000000 
166.040619 166.036713 166.034760 166.033589 166.033198 166.033979 166.035932 166.039057 0.000000 0.000000 0.000000 
166.041009 166.037494 166.035151 166.034370 166.034370 166.035151 166.037104 166.040228 0.000000 0.000000 0.000000 
166.041400 166.037885 166.035932 166.035542 166.035542 166.035932 166.038276 166.041400 0.000000 0.000000 0.000000 
166.041400 166.038666 166.036713 166.036323 166.036323 166.037104 166.039447 0.000000 0.000000 0.000000 0.000000 
0.000000 166.039447 166.037494 166.037494 166.037494 166.038666 166.041009 0.000000 0.000000 0.000000 0.000000 
0.000000 166.039838 166.038666 166.038276 166.038276 166.039447 0.000000 0.000000 0.000000 0.000000 0.000000 
0.000000 166.041009 166.039447 166.039447 166.039447 166.040619 0.000000 0.000000 0.000000 0.000000 0.000000 
0.000000 166.041400 166.040619 166.040228 166.040619 0.000000 0.000000 0.000000 0.000000 0.000000 0.000000 
0.000000 0.000000 166.041400 166.041400 166.041667 0.000000 0.000000 0.000000 0.000000 0.000000 0.000000 
