test/output/constant/M3100_S060_A090_WD315.0_WS015.0/M3100_S060_A090_WD315.0_WS015.0_intensity.asc
ncols         17
nrows         64
xllcorner     426503.990666
yllcorner     12742455.311160
cellsize      100.000000
NODATA_value  0.000000
382 0 1203 0 0 0 0 0 0 0 0 0 0 0 0 0 0 
14348 100344 68868 1006 0 0 0 0 0 0 0 0 0 0 0 0 0 
14348 100344 94295 1006 0 0 0 0 0 0 0 0 0 0 0 0 0 
14348 100344 100344 5031 60585 0 0 0 0 0 0 0 0 0 0 0 0 
14348 100344 100344 68868 60585 0 0 0 0 0 0 0 0 0 0 0 0 
44467 90199 100344 100344 68868 1006 0 0 0 0 0 0 0 0 0 0 0 
14348 61663 100344 89513 68868 2560 0 0 0 0 0 0 0 0 0 0 0 
44467 69895 100344 100344 76604 68868 2560 0 0 0 0 0 0 0 0 0 0 
14348 28028 100344 100344 100344 68868 68868 0 0 0 0 0 0 0 0 0 0 
20722 20722 100344 100344 100344 68868 68868 0 0 0 0 0 0 0 0 0 0 
44467 69895 100344 100344 94295 94295 68868 68868 0 0 0 0 0 0 0 0 0 
20722 90199 36024 100344 100344 100185 68868 854 0 0 0 0 0 0 0 0 0 
36024 14348 100263 100344 100344 76604 76604 68868 0 0 0 0 0 0 0 0 0 
44467 44467 77545 100344 100344 100344 68868 68868 68868 0 0 0 0 0 0 0 0 
53100 20722 14348 100344 100344 100344 100185 68868 68868 0 0 0 0 0 0 0 0 
53100 44467 69895 28028 100344 100344 100344 76604 68868 0 0 0 0 0 0 0 0 
28028 44467 94818 100344 100344 97755 97755 68868 68868 76604 0 0 0 0 0 0 0 
44467 44467 61663 14348 100344 100344 100344 99788 68868 68868 0 0 0 0 0 0 0 
0 44467 77545 94818 100344 100344 99788 100344 68868 76604 0 0 0 0 0 0 0 
0 36024 84383 100344 100344 100344 100344 76604 100344 68868 68868 0 0 0 0 0 0 
0 44467 84383 90199 100344 100344 100185 94295 99788 76604 68868 0 0 0 0 0 0 
0 53100 77545 28028 100344 100344 100344 100344 76604 68868 76604 0 0 0 0 0 0 
0 44467 61663 90199 100344 100344 100344 97755 100344 68868 68868 0 0 0 0 0 0 
0 20722 69895 14348 100344 100344 100344 100344 97755 97755 68868 1006 0 0 0 0 0 
0 36024 20722 77545 84383 100344 100185 100344 89513 100344 76604 68868 0 0 0 0 0 
0 20722 77545 20722 100344 100344 100344 100344 100344 94295 97755 68868 0 0 0 0 0 
0 36024 69895 77545 84383 100344 100344 100344 100344 83556 100344 76604 0 0 0 0 0 
0 53100 28028 94818 100344 100344 100344 100344 100185 97755 94295 68868 76604 0 0 0 0 
0 0 77545 36024 14348 100344 100344 100344 94295 100344 68868 68868 68868 0 0 0 0 
0 0 36024 77545 99943 98099 100344 100344 100344 100344 100344 94295 68868 0 0 0 0 
0 0 14348 90199 69895 100344 100344 100344 100344 94295 100344 100344 68868 0 0 0 0 
0 0 69895 20722 90199 99943 100344 100344 99788 100344 100344 100344 68868 76604 0 0 0 
0 0 28028 69895 84383 36024 100344 100344 100344 100344 100344 94295 100344 76604 0 0 0 
0 0 69895 69895 94818 98099 94818 100344 100344 97755 76604 76604 68868 76604 0 0 0 
0 0 0 28028 28028 100344 100263 100344 100344 100344 97755 99788 100344 97755 0 0 0 
0 0 0 14348 84383 94818 94818 61663 100344 100344 76604 100185 94295 68868 0 0 0 
0 0 0 84383 28028 98099 100344 94818 100344 94295 100344 100344 100344 100344 68868 0 0 
0 0 0 69895 77545 90199 98099 100344 100344 100344 100344 100344 100344 68868 68868 0 0 
0 0 0 0 90199 94818 20722 100344 100344 94295 100344 100344 100344 100344 100344 0 0 
0 0 0 0 69895 77545 94818 98099 100344 100344 100344 100344 97755 97755 68868 0 0 
0 0 0 0 84383 14348 100344 90199 100344 100344 100344 94295 94295 94295 100344 0 0 
0 0 0 0 20722 84383 94818 100344 100344 100344 100344 94295 97755 100344 100344 0 0 
0 0 0 0 0 20722 100344 100344 100344 100344 100344 94295 89513 97755 97755 0 0 
0 0 0 0 0 69895 100344 84383 84383 100344 89513 100344 99788 94295 76604 100185 0 
0 0 0 0 0 84383 84383 100344 100263 100344 100344 100185 100344 94295 100344 68868 0 
0 0 0 0 0 69895 100344 94818 100344 100344 100344 100344 100344 100344 100344 100344 0 
0 0 0 0 0 0 84383 100344 100344 100344 100344 100344 100344 97755 97755 100344 0 
0 0 0 0 0 0 69895 84383 100344 20722 100344 100344 100344 100344 100344 100344 0 
0 0 0 0 0 0 90199 100344 99943 100344 100344 100344 100344 100344 100344 100344 0 
0 0 0 0 0 0 0 28028 28028 100344 100344 100344 100344 100344 100344 100344 0 
0 0 0 0 0 0 0 99943 100344 98099 100344 100344 100185 100344 100344 100185 0 
0 0 0 0 0 0 0 100344 84383 100344 100344 100344 100344 100344 100344 100344 0 
0 0 0 0 0 0 0 100344 100263 100344 100344 100344 100344 100344 100344 100344 0 
0 0 0 0 0 0 0 0 20722 98099 100344 100344 100344 100344 97755 94295 0 
0 0 0 0 0 0 0 0 98099 90199 100344 100344 99788 100344 100344 100344 97755 
0 0 0 0 0 0 0 0 0 100344 100344 100344 94295 100344 100344 100344 99788 
0 0 0 0 0 0 0 0 0 94818 100344 100344 100344 100344 100344 100344 89513 
0 0 0 0 0 0 0 0 0 100344 94818 100344 100344 100344 97755 100344 0 
0 0 0 0 0 0 0 0 0 0 100344 69895 100344 100344 100344 100344 0 
0 0 0 0 0 0 0 0 0 0 20722 100344 100344 100344 100344 100344 0 
0 0 0 0 0 0 0 0 0 0 0 69895 100344 100344 100344 94295 0 
0 0 0 0 0 0 0 0 0 0 0 100344 100344 100344 100344 100344 0 
0 0 0 0 0 0 0 0 0 0 0 0 100344 100344 100344 100344 0 
0 0 0 0 0 0 0 0 0 0 0 0 0 100344 100344 100344 0 
