test/output/constant/M3100_S060_A090_WD315.0_WS015.0/M3100_S060_A090_WD315.0_WS015.0_ros.asc
ncols         17
nrows         64
xllcorner     426503.990666
yllcorner     12742455.311160
cellsize      100.000000
NODATA_value  0.000000
0.410996 -1.000000 1.293907 0.000000 0.000000 0.000000 0.000000 0.000000 0.000000 0.000000 0.000000 0.000000 0.000000 0.000000 0.000000 0.000000 0.000000 
15.425212 107.877274 74.038887 1.082217 0.000000 0.000000 0.000000 0.000000 0.000000 0.000000 0.000000 0.000000 0.000000 0.000000 0.000000 0.000000 0.000000 
15.425212 107.877274 101.373665 1.082217 0.000000 0.000000 0.000000 0.000000 0.000000 0.000000 0.000000 0.000000 0.000000 0.000000 0.000000 0.000000 0.000000 
15.425212 107.877274 107.877274 5.409183 65.133278 0.000000 0.000000 0.000000 0.000000 0.000000 0.000000 0.000000 0.000000 0.000000 0.000000 0.000000 0.000000 
15.425212 107.877274 107.877274 74.038887 65.133278 0.000000 0.000000 0.000000 0.000000 0.000000 0.000000 0.000000 0.000000 0.000000 0.000000 0.000000 0.000000 
47.805126 96.970802 107.877274 107.877274 74.038887 1.082217 0.000000 0.000000 0.000000 0.000000 0.000000 0.000000 0.000000 0.000000 0.000000 0.000000 0.000000 
15.425212 66.292557 107.877274 96.233467 74.038887 2.753060 0.000000 0.000000 0.000000 0.000000 0.000000 0.000000 0.000000 0.000000 0.000000 0.000000 0.000000 
47.805126 75.142151 107.877274 107.877274 82.355095 74.038887 2.753060 0.000000 0.000000 0.000000 0.000000 0.000000 0.000000 0.000000 0.000000 0.000000 0.000000 
15.425212 30.132629 107.877274 107.877274 107.877274 74.038887 74.038887 0.000000 0.000000 0.000000 0.000000 0.000000 0.000000 0.000000 0.000000 0.000000 0.000000 
22.278210 22.278210 107.877274 107.877274 107.877274 74.038887 74.038887 0.000000 0.000000 0.000000 0.000000 0.000000 0.000000 0.000000 0.000000 0.000000 0.000000 
47.805126 75.142151 107.877274 107.877274 101.373665 101.373665 74.038887 74.038887 0.000000 0.000000 0.000000 0.000000 0.000000 0.000000 0.000000 0.000000 0.000000 
22.278210 96.970802 38.728508 107.877274 107.877274 107.706711 74.038887 0.918565 0.000000 0.000000 0.000000 0.000000 0.000000 0.000000 0.000000 0.000000 0.000000 
38.728508 15.425212 107.790207 107.877274 107.877274 82.355095 82.355095 74.038887 0.000000 0.000000 0.000000 0.000000 0.000000 0.000000 0.000000 0.000000 0.000000 
47.805126 47.805126 83.367134 107.877274 107.877274 107.877274 74.038887 74.038887 74.038887 0.000000 0.000000 0.000000 0.000000 0.000000 0.000000 0.000000 0.000000 
57.087055 22.278210 15.425212 107.877274 107.877274 107.877274 107.706711 74.038887 74.038887 0.000000 0.000000 0.000000 0.000000 0.000000 0.000000 0.000000 0.000000 
57.087055 47.805126 75.142151 30.132629 107.877274 107.877274 107.877274 82.355095 74.038887 0.000000 0.000000 0.000000 0.000000 0.000000 0.000000 0.000000 0.000000 
30.132629 47.805126 101.936409 107.877274 107.877274 105.093330 105.093330 74.038887 74.038887 82.355095 0.000000 0.000000 0.000000 0.000000 0.000000 0.000000 0.000000 
47.805126 47.805126 66.292557 15.425212 107.877274 107.877274 107.877274 107.279335 74.038887 74.038887 0.000000 0.000000 0.000000 0.000000 0.000000 0.000000 0.000000 
0.000000 47.805126 83.367134 101.936409 107.877274 107.877274 107.279335 107.877274 74.038887 82.355095 0.000000 0.000000 0.000000 0.000000 0.000000 0.000000 0.000000 
0.000000 38.728508 90.717758 107.877274 107.877274 107.877274 107.877274 82.355095 107.877274 74.038887 74.038887 0.000000 0.000000 0.000000 0.000000 0.000000 0.000000 
0.000000 47.805126 90.717758 96.970802 107.877274 107.877274 107.706711 101.373665 107.279335 82.355095 74.038887 0.000000 0.000000 0.000000 0.000000 0.000000 0.000000 
0.000000 57.087055 83.367134 30.132629 107.877274 107.877274 107.877274 107.877274 82.355095 74.038887 82.355095 0.000000 0.000000 0.000000 0.000000 0.000000 0.000000 
0.000000 47.805126 66.292557 96.970802 107.877274 107.877274 107.877274 105.093330 107.877274 74.038887 74.038887 0.000000 0.000000 0.000000 0.000000 0.000000 0.000000 
0.000000 22.278210 75.142151 15.425212 107.877274 107.877274 107.877274 107.877274 105.093330 105.093330 74.038887 1.082217 0.000000 0.000000 0.000000 0.000000 0.000000 
0.000000 38.728508 22.278210 83.367134 90.717758 107.877274 107.706711 107.877274 96.233467 107.877274 82.355095 74.038887 0.000000 0.000000 0.000000 0.000000 0.000000 
0.000000 22.278210 83.367134 22.278210 107.877274 107.877274 107.877274 107.877274 107.877274 101.373665 105.093330 74.038887 0.000000 0.000000 0.000000 0.000000 0.000000 
0.000000 38.728508 75.142151 83.367134 90.717758 107.877274 107.877274 107.877274 107.877274 89.829033 107.877274 82.355095 0.000000 0.000000 0.000000 0.000000 0.000000 
0.000000 57.087055 30.132629 101.936409 107.877274 107.877274 107.877274 107.877274 107.706711 105.093330 101.373665 74.038887 82.355095 0.000000 0.000000 0.000000 0.000000 
0.000000 0.000000 83.367134 38.728508 15.425212 107.877274 107.877274 107.877274 101.373665 107.877274 74.038887 74.038887 74.038887 0.000000 0.000000 0.000000 0.000000 
0.000000 0.000000 38.728508 83.367134 107.445915 105.463806 107.877274 107.877274 107.877274 107.877274 107.877274 101.373665 74.038887 0.000000 0.000000 0.000000 0.000000 
0.000000 0.000000 15.425212 96.970802 75.142151 107.877274 107.877274 107.877274 107.877274 101.373665 107.877274 107.877274 74.038887 0.000000 0.000000 0.000000 0.000000 
0.000000 0.000000 75.142151 22.278210 96.970802 107.445915 107.877274 107.877274 107.279335 107.877274 107.877274 107.877274 74.038887 82.355095 0.000000 0.000000 0.000000 
0.000000 0.000000 30.132629 75.142151 90.717758 38.728508 107.877274 107.877274 107.877274 107.877274 107.877274 101.373665 107.877274 82.355095 0.000000 0.000000 0.000000 
0.000000 0.000000 75.142151 75.142151 101.936409 105.463806 101.936409 107.877274 107.877274 105.093330 82.355095 82.355095 74.038887 82.355095 0.000000 0.000000 0.000000 
0.000000 0.000000 0.000000 30.132629 30.132629 107.877274 107.790207 107.877274 107.877274 107.877274 105.093330 107.279335 107.877274 105.093330 0.000000 0.000000 0.000000 
0.000000 0.000000 0.000000 15.425212 90.717758 101.936409 101.936409 66.292557 107.877274 107.877274 82.355095 107.706711 101.373665 74.038887 0.000000 0.000000 0.000000 
0.000000 0.000000 0.000000 90.717758 30.132629 105.463806 107.877274 101.936409 107.877274 101.373665 107.877274 107.877274 107.877274 107.877274 74.038887 0.000000 0.000000 
0.000000 0.000000 0.000000 75.142151 83.367134 96.970802 105.463806 107.877274 107.877274 107.877274 107.877274 107.877274 107.877274 74.038887 74.038887 0.000000 0.000000 
0.000000 0.000000 0.000000 0.000000 96.970802 101.936409 22.278210 107.877274 107.877274 101.373665 107.877274 107.877274 107.877274 107.877274 107.877274 0.000000 0.000000 
0.000000 0.000000 0.000000 0.000000 75.142151 83.367134 101.936409 105.463806 107.877274 107.877274 107.877274 107.877274 105.093330 105.093330 74.038887 0.000000 0.000000 
0.000000 0.000000 0.000000 0.000000 90.717758 15.425212 107.877274 96.970802 107.877274 107.877274 107.877274 101.373665 101.373665 101.373665 107.877274 0.000000 0.000000 
0.000000 0.000000 0.000000 0.000000 22.278210 90.717758 101.936409 107.877274 107.877274 107.877274 107.877274 101.373665 105.093330 107.877274 107.877274 0.000000 0.000000 
0.000000 0.000000 0.000000 0.000000 0.000000 22.278210 107.877274 107.877274 107.877274 107.877274 107.877274 101.373665 96.233467 105.093330 105.093330 0.000000 0.000000 
0.000000 0.000000 0.000000 0.000000 0.000000 75.142151 107.877274 90.717758 90.717758 107.877274 96.233467 107.877274 107.279335 101.373665 82.355095 107.706711 0.000000 
0.000000 0.000000 0.000000 0.000000 0.000000 90.717758 90.717758 107.877274 107.790207 107.877274 107.877274 107.706711 107.877274 101.373665 107.877274 74.038887 0.000000 
0.000000 0.000000 0.000000 0.000000 0.000000 75.142151 107.877274 101.936409 107.877274 107.877274 107.877274 107.877274 107.877274 107.877274 107.877274 107.877274 0.000000 
0.000000 0.000000 0.000000 0.000000 0.000000 0.000000 90.717758 107.877274 107.877274 107.877274 107.877274 107.877274 107.877274 105.093330 105.093330 107.877274 0.000000 
0.000000 0.000000 0.000000 0.000000 0.000000 0.000000 75.142151 90.717758 107.877274 22.278210 107.877274 107.877274 107.877274 107.877274 107.877274 107.877274 0.000000 
0.000000 0.000000 0.000000 0.000000 0.000000 0.000000 96.970802 107.877274 107.445915 107.877274 107.877274 107.877274 107.877274 107.877274 107.877274 107.877274 0.000000 
0.000000 0.000000 0.000000 0.000000 0.000000 0.000000 0.000000 30.132629 30.132629 107.877274 107.877274 107.877274 107.877274 107.877274 107.877274 107.877274 0.000000 
0.000000 0.000000 0.000000 0.000000 0.000000 0.000000 0.000000 107.445915 107.877274 105.463806 107.877274 107.877274 107.706711 107.877274 107.877274 107.706711 0.000000 
0.000000 0.000000 0.000000 0.000000 0.000000 0.000000 0.000000 107.877274 90.717758 107.877274 107.877274 107.877274 107.877274 107.877274 107.877274 107.877274 0.000000 
0.000000 0.000000 0.000000 0.000000 0.000000 0.000000 0.000000 107.877274 107.790207 107.877274 107.877274 107.877274 107.877274 107.877274 107.877274 107.877274 0.000000 
0.000000 0.000000 0.000000 0.000000 0.000000 0.000000 0.000000 0.000000 22.278210 105.463806 107.877274 107.877274 107.877274 107.877274 105.093330 101.373665 0.000000 
0.000000 0.000000 0.000000 0.000000 0.000000 0.000000 0.000000 0.000000 105.463806 96.970802 107.877274 107.877274 107.279335 107.877274 107.877274 107.877274 105.093330 
0.000000 0.000000 0.000000 0.000000 0.000000 0.000000 0.000000 0.000000 0.000000 107.877274 107.877274 107.877274 101.373665 107.877274 107.877274 107.877274 107.279335 
0.000000 0.000000 0.000000 0.000000 0.000000 0.000000 0.000000 0.000000 0.000000 101.936409 107.877274 107.877274 107.877274 107.877274 107.877274 107.877274 96.233467 
0.000000 0.000000 0.000000 0.000000 0.000000 0.000000 0.000000 0.000000 0.000000 107.877274 101.936409 107.877274 107.877274 107.877274 105.093330 107.877274 0.000000 
0.000000 0.000000 0.000000 0.000000 0.000000 0.000000 0.000000 0.000000 0.000000 0.000000 107.877274 75.142151 107.877274 107.877274 107.877274 107.877274 0.000000 
0.000000 0.000000 0.000000 0.000000 0.000000 0.000000 0.000000 0.000000 0.000000 0.000000 22.278210 107.877274 107.877274 107.877274 107.877274 107.877274 0.000000 
0.000000 0.000000 0.000000 0.000000 0.000000 0.000000 0.000000 0.000000 0.000000 0.000000 0.000000 75.142151 107.877274 107.877274 107.877274 101.373665 0.000000 
0.000000 0.000000 0.000000 0.000000 0.000000 0.000000 0.000000 0.000000 0.000000 0.000000 0.000000 107.877274 107.877274 107.877274 107.877274 107.877274 0.000000 
0.000000 0.000000 0.000000 0.000000 0.000000 0.000000 0.000000 0.000000 0.000000 0.000000 0.000000 0.000000 107.877274 107.877274 107.877274 107.877274 0.000000 
0.000000 0.000000 0.000000 0.000000 0.000000 0.000000 0.000000 0.000000 0.000000 0.000000 0.000000 0.000000 0.000000 107.877274 107.877274 107.877274 0.000000 
