test/output/constant/M3M495_S060_A090_WD045.0_WS015.0/M3M495_S060_A090_WD045.0_WS015.0_raz.asc
ncols         15
nrows         58
xllcorner     425303.990666
yllcorner     12743055.311160
cellsize      100.000000
NODATA_value  0.000000
0 0 0 0 0 0 0 0 0 0 0 0 310 254 73 
0 0 0 0 0 0 0 0 0 0 0 275 230 191 169 
0 0 0 0 0 0 0 0 0 0 0 245 191 191 173 
0 0 0 0 0 0 0 0 0 0 199 269 191 183 169 
0 0 0 0 0 0 0 0 0 0 199 198 191 189 169 
0 0 0 0 0 0 0 0 0 199 198 196 191 181 176 
0 0 0 0 0 0 0 0 0 269 198 191 191 181 181 
0 0 0 0 0 0 0 0 230 269 197 191 191 176 169 
0 0 0 0 0 0 0 0 198 198 221 191 191 169 179 
0 0 0 0 0 0 0 0 245 197 191 191 184 179 179 
0 0 0 0 0 0 0 199 198 198 191 191 184 176 181 
0 0 0 0 0 0 0 245 245 197 191 191 181 179 179 
0 0 0 0 0 0 0 198 221 197 191 191 186 181 176 
0 0 0 0 0 0 198 198 198 191 191 191 181 179 179 
0 0 0 0 0 0 197 198 230 191 191 181 186 176 169 
0 0 0 0 0 0 198 197 197 191 191 179 179 179 179 
0 0 0 0 0 198 198 221 197 191 191 179 169 176 0 
0 0 0 0 0 197 197 198 191 191 189 181 181 181 0 
0 0 0 0 0 198 198 197 191 191 191 181 179 169 0 
0 0 0 0 0 198 198 197 191 191 181 186 173 176 0 
0 0 0 0 230 198 197 197 191 191 176 187 181 179 0 
0 0 0 0 198 221 197 191 191 191 184 179 179 169 0 
0 0 0 0 198 198 197 192 191 191 184 186 176 181 0 
0 0 0 0 198 198 197 191 191 191 181 179 169 173 0 
0 0 0 198 198 198 191 191 191 183 187 186 179 179 0 
0 0 0 198 198 197 191 191 191 179 179 179 179 179 0 
0 0 0 198 198 197 192 191 191 181 186 173 173 0 0 
0 0 0 198 198 197 191 191 191 181 181 181 179 0 0 
0 0 198 198 197 191 191 191 191 179 179 179 179 0 0 
0 0 198 198 197 191 191 191 176 187 183 173 179 0 0 
0 0 197 198 269 191 191 186 187 176 181 184 181 0 0 
0 0 198 198 191 194 192 191 176 187 184 179 0 0 0 
0 0 230 196 191 191 191 191 183 181 179 179 0 0 0 
0 197 198 197 192 191 191 191 187 185 173 185 0 0 0 
0 245 198 197 191 194 191 188 183 181 176 169 0 0 0 
0 245 198 191 191 191 191 191 173 186 181 0 0 0 0 
0 198 198 191 191 191 186 191 188 181 173 0 0 0 0 
0 198 230 192 191 191 191 191 176 181 179 0 0 0 0 
0 198 197 191 191 191 191 179 186 173 173 0 0 0 0 
198 197 191 191 191 191 191 188 179 183 0 0 0 0 0 
198 197 191 191 191 191 191 176 186 181 0 0 0 0 0 
198 196 191 191 191 181 179 189 179 187 0 0 0 0 0 
198 191 191 191 191 191 176 176 186 179 0 0 0 0 0 
197 191 191 191 191 191 185 179 187 0 0 0 0 0 0 
198 192 191 191 191 187 173 186 179 0 0 0 0 0 0 
197 191 191 191 191 191 181 188 179 0 0 0 0 0 0 
191 191 191 191 191 173 179 169 0 0 0 0 0 0 0 
191 192 192 191 184 183 183 187 0 0 0 0 0 0 0 
194 191 191 191 191 191 181 179 0 0 0 0 0 0 0 
191 191 191 191 191 179 187 0 0 0 0 0 0 0 0 
191 191 191 186 191 186 179 0 0 0 0 0 0 0 0 
193 195 191 191 179 186 183 0 0 0 0 0 0 0 0 
191 192 191 191 179 176 0 0 0 0 0 0 0 0 0 
191 191 191 191 183 181 0 0 0 0 0 0 0 0 0 
191 191 191 189 184 0 0 0 0 0 0 0 0 0 0 
191 191 190 181 183 0 0 0 0 0 0 0 0 0 0 
191 191 191 189 0 0 0 0 0 0 0 0 0 0 0 
191 191 191 0 0 0 0 0 0 0 0 0 0 0 0 
