test/output/constant/M3M495_S060_A090_WD045.0_WS015.0/M3M495_S060_A090_WD045.0_WS015.0_arrival.asc
ncols         15
nrows         58
xllcorner     425303.990666
yllcorner     12743055.311160
cellsize      100.000000
NODATA_value  0.000000
0.000000 0.000000 0.000000 0.000000 0.000000 0.000000 0.000000 0.000000 0.000000 0.000000 0.000000 0.000000 166.010960 166.000000 166.032600 
0.000000 0.000000 0.000000 0.000000 0.000000 0.000000 0.000000 0.000000 0.000000 0.000000 0.000000 166.029509 166.001967 166.000562 166.023326 
0.000000 0.000000 0.000000 0.000000 0.000000 0.000000 0.000000 0.000000 0.000000 0.000000 0.000000 166.013771 166.001686 166.001124 166.021359 
0.000000 0.000000 0.000000 0.000000 0.000000 0.000000 0.000000 0.000000 0.000000 0.000000 166.029509 166.007588 166.001967 166.001967 166.021359 
0.000000 0.000000 0.000000 0.000000 0.000000 0.000000 0.000000 0.000000 0.000000 0.000000 166.019673 166.005340 166.002810 166.003091 166.021921 
0.000000 0.000000 0.000000 0.000000 0.000000 0.000000 0.000000 0.000000 0.000000 166.034287 166.013490 166.004778 166.003372 166.004497 166.023326 
0.000000 0.000000 0.000000 0.000000 0.000000 0.000000 0.000000 0.000000 0.000000 166.025856 166.010398 166.004778 166.004216 166.006183 166.025012 
0.000000 0.000000 0.000000 0.000000 0.000000 0.000000 0.000000 0.000000 166.039345 166.019954 166.008712 166.005059 166.004778 166.007869 166.026418 
0.000000 0.000000 0.000000 0.000000 0.000000 0.000000 0.000000 0.000000 166.032038 166.016019 166.008150 166.005621 166.005621 166.009555 166.028104 
0.000000 0.000000 0.000000 0.000000 0.000000 0.000000 0.000000 0.000000 166.026137 166.013490 166.007869 166.006183 166.006464 166.011242 166.030071 
0.000000 0.000000 0.000000 0.000000 0.000000 0.000000 0.000000 166.037940 166.021921 166.012085 166.007869 166.007026 166.007588 166.013209 166.031757 
0.000000 0.000000 0.000000 0.000000 0.000000 0.000000 0.000000 166.032319 166.019111 166.011523 166.008150 166.007869 166.008993 166.014895 166.033725 
0.000000 0.000000 0.000000 0.000000 0.000000 0.000000 0.000000 166.028104 166.016862 166.010960 166.008431 166.008431 166.010117 166.016581 166.035692 
0.000000 0.000000 0.000000 0.000000 0.000000 0.000000 166.038221 166.024731 166.015738 166.010960 166.009274 166.009274 166.011804 166.018549 166.037378 
0.000000 0.000000 0.000000 0.000000 0.000000 0.000000 166.034287 166.021921 166.014895 166.010960 166.009836 166.010117 166.013209 166.020516 166.039345 
0.000000 0.000000 0.000000 0.000000 0.000000 0.000000 166.030633 166.020235 166.014333 166.011242 166.010679 166.011242 166.014895 166.022202 166.041032 
0.000000 0.000000 0.000000 0.000000 0.000000 166.040188 166.027542 166.019111 166.014052 166.011523 166.011242 166.012366 166.016581 166.024169 0.000000 
0.000000 0.000000 0.000000 0.000000 0.000000 166.036535 166.025293 166.018267 166.014052 166.012085 166.012085 166.013490 166.017986 166.025856 0.000000 
0.000000 0.000000 0.000000 0.000000 0.000000 166.033163 166.023607 166.017705 166.014052 166.012928 166.012928 166.014895 166.019673 166.027823 0.000000 
0.000000 0.000000 0.000000 0.000000 0.000000 166.030633 166.022483 166.017143 166.014333 166.013490 166.013771 166.016019 166.021359 166.029790 0.000000 
0.000000 0.000000 0.000000 0.000000 166.039064 166.028385 166.021640 166.017143 166.014614 166.014333 166.014895 166.017424 166.023045 166.031476 0.000000 
0.000000 0.000000 0.000000 0.000000 166.036254 166.026980 166.021078 166.017143 166.015176 166.014895 166.015738 166.019111 166.024731 166.033444 0.000000 
0.000000 0.000000 0.000000 0.000000 166.033725 166.025856 166.020516 166.017143 166.015738 166.015738 166.016862 166.020516 166.026699 166.035130 0.000000 
0.000000 0.000000 0.000000 0.000000 166.031757 166.025012 166.020235 166.017424 166.016581 166.016581 166.018267 166.022202 166.028385 166.037097 0.000000 
0.000000 0.000000 0.000000 166.039345 166.030352 166.024450 166.020235 166.017705 166.017143 166.017424 166.019392 166.023607 166.030071 166.039064 0.000000 
0.000000 0.000000 0.000000 166.036816 166.029228 166.023888 166.020235 166.018267 166.017986 166.018267 166.020797 166.025293 166.032038 166.040751 0.000000 
0.000000 0.000000 0.000000 166.035130 166.028385 166.023607 166.020235 166.018830 166.018549 166.019392 166.021921 166.026980 166.033725 0.000000 0.000000 
0.000000 0.000000 0.000000 166.033725 166.027823 166.023326 166.020516 166.019392 166.019392 166.020516 166.023326 166.028385 166.035411 0.000000 0.000000 
0.000000 0.000000 166.040188 166.032600 166.027261 166.023326 166.020797 166.019954 166.020235 166.021640 166.024731 166.030071 166.037378 0.000000 0.000000 
0.000000 0.000000 166.038502 166.031757 166.026699 166.023326 166.021359 166.020797 166.021078 166.022764 166.026137 166.031757 166.039064 0.000000 0.000000 
0.000000 0.000000 166.037097 166.031195 166.026699 166.023607 166.021640 166.021640 166.021921 166.024169 166.027823 166.033163 166.041032 0.000000 0.000000 
0.000000 0.000000 166.035973 166.030633 166.026418 166.023607 166.022202 166.022202 166.023045 166.025293 166.029228 166.034849 0.000000 0.000000 0.000000 
0.000000 0.000000 166.035411 166.030071 166.026418 166.023888 166.023045 166.023045 166.023888 166.026699 166.030914 166.036535 0.000000 0.000000 0.000000 
0.000000 166.040469 166.034568 166.029790 166.026418 166.024450 166.023607 166.023888 166.025012 166.027823 166.032600 166.038221 0.000000 0.000000 0.000000 
0.000000 166.039626 166.034006 166.029509 166.026699 166.024731 166.024450 166.024450 166.026137 166.029228 166.034287 166.040188 0.000000 0.000000 0.000000 
0.000000 166.038783 166.033444 166.029509 166.026699 166.025293 166.025012 166.025574 166.027542 166.030352 166.035692 0.000000 0.000000 0.000000 0.000000 
0.000000 166.037940 166.033163 166.029509 166.026980 166.025856 166.025856 166.026418 166.028666 166.032038 166.037378 0.000000 0.000000 0.000000 0.000000 
0.000000 166.037378 166.032881 166.029509 166.027542 166.026699 166.026699 166.027542 166.030071 166.033444 166.038783 0.000000 0.000000 0.000000 0.000000 
0.000000 166.036816 166.032600 166.029790 166.027823 166.027261 166.027542 166.028666 166.031195 166.035130 166.040469 0.000000 0.000000 0.000000 0.000000 
166.041313 166.036535 166.032600 166.029790 166.028385 166.028104 166.028104 166.029509 166.032600 166.036535 0.000000 0.000000 0.000000 0.000000 0.000000 
166.040751 166.035973 166.032600 166.030352 166.028947 166.028666 166.029228 166.030914 166.033725 166.038221 0.000000 0.000000 0.000000 0.000000 0.000000 
166.040188 166.035692 166.032881 166.030633 166.029509 166.029509 166.030071 166.032038 166.035130 166.039626 0.000000 0.000000 0.000000 0.000000 0.000000 
166.039626 166.035692 166.032881 166.030914 166.030352 166.030352 166.031195 166.033444 166.036254 166.041313 0.000000 0.000000 0.000000 0.000000 0.000000 
166.039345 166.035692 166.032881 166.031195 166.030914 166.031195 166.032038 166.034568 166.037659 0.000000 0.000000 0.000000 0.000000 0.000000 0.000000 
166.039064 166.035692 166.033444 166.031757 166.031757 166.031757 166.033444 166.035692 166.039345 0.000000 0.000000 0.000000 0.000000 0.000000 0.000000 
166.038783 166.035973 166.033725 166.032600 166.032319 166.032881 166.034287 166.037097 166.040751 0.000000 0.000000 0.000000 0.000000 0.000000 0.000000 
166.038783 166.035973 166.034006 166.033163 166.033163 166.033725 166.035411 166.038502 0.000000 0.000000 0.000000 0.000000 0.000000 0.000000 0.000000 
166.038783 166.035973 166.034287 166.033725 166.034006 166.034568 166.036535 166.039626 0.000000 0.000000 0.000000 0.000000 0.000000 0.000000 0.000000 
166.038783 166.036535 166.034849 166.034568 166.034849 166.035692 166.037940 166.041032 0.000000 0.000000 0.000000 0.000000 0.000000 0.000000 0.000000 
166.039064 166.036816 166.035411 166.035411 166.035411 166.036816 166.039064 0.000000 0.000000 0.000000 0.000000 0.000000 0.000000 0.000000 0.000000 
166.039064 166.037097 166.035973 166.035973 166.036535 166.037940 166.040469 0.000000 0.000000 0.000000 0.000000 0.000000 0.000000 0.000000 0.000000 
166.039064 166.037378 166.036816 166.036816 166.037378 166.038783 166.041594 0.000000 0.000000 0.000000 0.000000 0.000000 0.000000 0.000000 0.000000 
166.039626 166.037940 166.037378 166.037378 166.038221 166.040188 0.000000 0.000000 0.000000 0.000000 0.000000 0.000000 0.000000 0.000000 0.000000 
166.039907 166.038502 166.038221 166.038502 166.039345 166.041313 0.000000 0.000000 0.000000 0.000000 0.000000 0.000000 0.000000 0.000000 0.000000 
166.040469 166.039064 166.038783 166.039064 166.040188 0.000000 0.000000 0.000000 0.000000 0.000000 0.000000 0.000000 0.000000 0.000000 0.000000 
166.040751 166.039626 166.039626 166.040188 166.041313 0.000000 0.000000 0.000000 0.000000 0.000000 0.000000 0.000000 0.000000 0.000000 0.000000 
166.041032 166.040469 166.040469 166.040751 0.000000 0.000000 0.000000 0.000000 0.000000 0.000000 0.000000 0.000000 0.000000 0.000000 0.000000 
166.041313 166.041032 166.041032 0.000000 0.000000 0.000000 0.000000 0.000000 0.000000 0.000000 0.000000 0.000000 0.000000 0.000000 0.000000 
