test/output/constant/M370_S060_A000_WD315.0_WS010.0/M370_S060_A000_WD315.0_WS010.0_arrival.asc
ncols         33
nrows         12
xllcorner     423503.990666
yllcorner     12747855.311160
cellsize      100.000000
NODATA_value  0.000000
0.000000 0.000000 0.000000 0.000000 0.000000 0.000000 0.000000 0.000000 0.000000 0.000000 0.000000 0.000000 0.000000 0.000000 0.000000 0.000000 0.000000 0.000000 0.000000 0.000000 0.000000 0.000000 0.000000 0.000000 0.000000 166.040900 166.040376 166.040376 166.041425 0.000000 0.000000 0.000000 0.000000 
0.000000 0.000000 0.000000 0.000000 0.000000 0.000000 0.000000 0.000000 0.000000 0.000000 0.000000 0.000000 0.000000 0.000000 0.000000 0.000000 166.040900 166.038803 166.036705 166.034084 166.031986 166.029889 166.027267 166.025169 166.022548 166.020974 166.018353 166.016780 166.015206 166.014158 166.014158 166.018353 166.040900 
0.000000 0.000000 0.000000 0.000000 0.000000 0.000000 0.000000 0.000000 0.000000 0.000000 0.000000 166.041425 166.039327 166.037230 166.034608 166.032510 166.030413 166.027791 166.025694 166.023072 166.020974 166.018877 166.016255 166.014158 166.012060 166.009963 166.007341 166.005244 166.003671 166.002097 166.001049 166.000000 166.027791 
0.000000 0.000000 0.000000 0.000000 0.000000 0.000000 0.000000 0.000000 0.000000 166.039852 166.037230 166.035132 166.033035 166.030937 166.028316 166.026218 166.024121 166.022023 166.019926 166.017828 166.016255 166.014158 166.012060 166.010487 166.008914 166.007865 166.006292 166.005244 166.003671 166.002622 166.002622 166.006817 166.037754 
0.000000 0.000000 0.000000 0.000000 0.000000 0.000000 166.040900 166.038803 166.036705 166.034608 166.032510 166.030413 166.028316 166.026218 166.024645 166.022548 166.020974 166.018877 166.017304 166.015731 166.014682 166.013109 166.012060 166.010487 166.008914 166.007865 166.007341 166.007341 166.007865 166.011012 166.018877 166.035657 0.000000 
0.000000 0.000000 0.000000 0.000000 166.040900 166.038803 166.036705 166.035132 166.033035 166.030937 166.029364 166.027791 166.025694 166.024121 166.022548 166.021499 166.019926 166.018877 166.017304 166.015731 166.014682 166.013633 166.012585 166.012060 166.012060 166.012585 166.013109 166.016255 166.021499 166.029889 0.000000 0.000000 0.000000 
0.000000 0.000000 166.041425 166.039852 166.037754 166.036181 166.034608 166.032510 166.030937 166.029889 166.028316 166.026742 166.025694 166.024121 166.022548 166.021499 166.019926 166.018877 166.018353 166.017304 166.017304 166.017304 166.017304 166.017828 166.018877 166.021499 166.026218 166.031986 166.041667 0.000000 0.000000 0.000000 0.000000 
0.000000 166.041425 166.039327 166.037754 166.036705 166.035132 166.033559 166.032510 166.030937 166.029364 166.028316 166.026742 166.025694 166.024645 166.023596 166.023072 166.022548 166.022023 166.022023 166.022023 166.022548 166.023072 166.024645 166.027267 166.030937 166.036705 0.000000 0.000000 0.000000 0.000000 0.000000 0.000000 0.000000 
166.041667 166.040376 166.039327 166.037754 166.036181 166.035132 166.033559 166.032510 166.030937 166.029889 166.029364 166.028316 166.027791 166.027267 166.026742 166.026742 166.026742 166.027267 166.027791 166.028316 166.029889 166.032510 166.036181 166.040900 0.000000 0.000000 0.000000 0.000000 0.000000 0.000000 0.000000 0.000000 0.000000 
166.041667 166.040376 166.039327 166.037754 166.036705 166.035657 166.034608 166.033559 166.033035 166.032510 166.031986 166.031462 166.031462 166.031462 166.031986 166.032510 166.033035 166.034084 166.035657 166.038278 0.000000 0.000000 0.000000 0.000000 0.000000 0.000000 0.000000 0.000000 0.000000 0.000000 0.000000 0.000000 0.000000 
0.000000 166.040900 166.039852 166.038803 166.038278 166.037754 166.037230 166.036705 166.036181 166.036181 166.036705 166.036705 166.037230 166.037230 166.038278 166.039327 166.041425 0.000000 0.000000 0.000000 0.000000 0.000000 0.000000 0.000000 0.000000 0.000000 0.000000 0.000000 0.000000 0.000000 0.000000 0.000000 0.000000 
0.000000 0.000000 0.000000 0.000000 166.041425 166.040900 166.040900 166.041425 166.041425 166.041667 0.000000 0.000000 0.000000 0.000000 0.000000 0.000000 0.000000 0.000000 0.000000 0.000000 0.000000 0.000000 0.000000 0.000000 0.000000 0.000000 0.000000 0.000000 0.000000 0.000000 0.000000 0.000000 0.000000 
