test/output/constant/M490_S000_A090_WD090.0_WS035.0/M490_S000_A090_WD090.0_WS035.0_arrival.asc
ncols         29
nrows         7
xllcorner     423803.990666
yllcorner     12748455.311160
cellsize      100.000000
NODATA_value  0.000000
0.000000 0.000000 0.000000 0.000000 0.000000 0.000000 166.041460 166.040275 166.039091 166.038499 166.037314 166.036129 166.035537 166.034353 166.034353 166.034353 166.034353 166.034353 166.034945 166.036129 166.037314 166.039091 166.041460 0.000000 0.000000 0.000000 0.000000 0.000000 0.000000 
0.000000 0.000000 166.041460 166.039683 166.038499 166.037314 166.035537 166.034353 166.033168 166.031391 166.030207 166.029022 166.027837 166.026653 166.025468 166.024284 166.023691 166.022507 166.021322 166.020730 166.020730 166.020730 166.021322 166.021915 166.023691 166.027245 166.035537 0.000000 0.000000 
166.041460 166.039683 166.038499 166.036722 166.035537 166.034353 166.032576 166.031391 166.029614 166.028430 166.026653 166.025468 166.024284 166.022507 166.021322 166.019545 166.018361 166.016584 166.015399 166.014215 166.012438 166.011253 166.010069 166.008884 166.007700 166.007107 166.007107 166.008292 166.018361 
166.040868 166.039683 166.037906 166.036722 166.034945 166.033760 166.031983 166.030799 166.029022 166.027837 166.026061 166.024876 166.023099 166.021915 166.020138 166.018953 166.017176 166.015992 166.014215 166.013030 166.011253 166.010069 166.008292 166.007107 166.005331 166.004146 166.002369 166.001185 166.000000 
166.041460 166.039683 166.038499 166.036722 166.035537 166.034353 166.032576 166.031391 166.029614 166.028430 166.026653 166.025468 166.024284 166.022507 166.021322 166.019545 166.018361 166.016584 166.015399 166.014215 166.012438 166.011253 166.010069 166.008884 166.007700 166.007107 166.007107 166.008292 166.018361 
0.000000 0.000000 166.041460 166.039683 166.038499 166.037314 166.035537 166.034353 166.033168 166.031391 166.030207 166.029022 166.027837 166.026653 166.025468 166.024284 166.023691 166.022507 166.021322 166.020730 166.020730 166.020730 166.021322 166.021915 166.023691 166.027245 166.035537 0.000000 0.000000 
0.000000 0.000000 0.000000 0.000000 0.000000 0.000000 166.041460 166.040275 166.039091 166.038499 166.037314 166.036129 166.035537 166.034353 166.034353 166.034353 166.034353 166.034353 166.034945 166.036129 166.037314 166.039091 166.041460 0.000000 0.000000 0.000000 0.000000 0.000000 0.000000 
