test/output/constant/M290_S060_A270_WD180.0_WS025.0/M290_S060_A270_WD180.0_WS025.0_arrival.asc
ncols         7
nrows         38
xllcorner     426303.990666
yllcorner     12748755.311160
cellsize      100.000000
NODATA_value  0.000000
0.000000 0.000000 0.000000 166.041381 0.000000 0.000000 0.000000 
0.000000 0.000000 166.040931 166.040031 166.040931 0.000000 0.000000 
0.000000 0.000000 166.040031 166.039132 166.040031 0.000000 0.000000 
0.000000 0.000000 166.038682 166.037782 166.038682 0.000000 0.000000 
0.000000 166.040931 166.037782 166.036883 166.037782 166.040931 0.000000 
0.000000 166.039581 166.036433 166.035533 166.036433 166.039581 0.000000 
0.000000 166.038682 166.035533 166.034634 166.035533 166.038682 0.000000 
0.000000 166.037782 166.034184 166.033284 166.034184 166.037782 0.000000 
0.000000 166.036883 166.033284 166.032385 166.033284 166.036883 0.000000 
0.000000 166.035533 166.031935 166.031035 166.031935 166.035533 0.000000 
0.000000 166.034634 166.031035 166.030136 166.031035 166.034634 0.000000 
166.041381 166.033734 166.030136 166.028786 166.030136 166.033734 166.041381 
166.040481 166.032385 166.028786 166.027887 166.028786 166.032385 166.040481 
166.039581 166.031485 166.027887 166.026538 166.027887 166.031485 166.039581 
166.039132 166.030586 166.026538 166.025638 166.026538 166.030586 166.039132 
166.038232 166.029686 166.025638 166.024289 166.025638 166.029686 166.038232 
166.038232 166.028786 166.024289 166.023389 166.024289 166.028786 166.038232 
166.038232 166.028337 166.023389 166.022040 166.023389 166.028337 166.038232 
166.038232 166.027437 166.022040 166.021140 166.022040 166.027437 166.038232 
166.038232 166.026538 166.021140 166.019791 166.021140 166.026538 166.038232 
166.038232 166.025638 166.020240 166.018891 166.020240 166.025638 166.038232 
166.038682 166.025188 166.018891 166.017542 166.018891 166.025188 166.038682 
166.039132 166.024289 166.017992 166.016642 166.017992 166.024289 166.039132 
166.040481 166.023389 166.016642 166.015293 166.016642 166.023389 166.040481 
166.041381 166.022939 166.015743 166.014393 166.015743 166.022939 166.041381 
0.000000 166.022939 166.014393 166.013044 166.014393 166.022939 0.000000 
0.000000 166.022939 166.013494 166.012144 166.013494 166.022939 0.000000 
0.000000 166.023389 166.012594 166.010795 166.012594 166.023389 0.000000 
0.000000 166.023839 166.011245 166.009895 166.011245 166.023839 0.000000 
0.000000 166.024738 166.010345 166.008546 166.010345 166.024738 0.000000 
0.000000 166.026088 166.009446 166.007646 166.009446 166.026088 0.000000 
0.000000 166.028337 166.008996 166.006297 166.008996 166.028337 0.000000 
0.000000 166.031935 166.008096 166.005397 166.008096 166.031935 0.000000 
0.000000 166.037332 166.007646 166.004048 166.007646 166.037332 0.000000 
0.000000 0.000000 166.008096 166.003149 166.008096 0.000000 0.000000 
0.000000 0.000000 166.009446 166.001799 166.009446 0.000000 0.000000 
0.000000 0.000000 166.014843 166.000900 166.014843 0.000000 0.000000 
0.000000 0.000000 0.000000 166.000000 0.000000 0.000000 0.000000 
