test/output/constant/M395_S060_A090_WD135.0_WS015.0/M395_S060_A090_WD135.0_WS015.0_raz.asc
ncols         17
nrows         41
xllcorner     425103.990666
yllcorner     12744855.311160
cellsize      100.000000
NODATA_value  0.000000
0 0 0 0 0 0 0 0 0 0 0 0 0 0 355 355 355 
0 0 0 0 0 0 0 0 0 0 0 0 0 270 211 65535 43 
0 0 0 0 0 0 0 0 0 0 0 0 355 279 199 199 156 
0 0 0 0 0 0 0 0 0 0 0 289 289 242 199 165 171 
0 0 0 0 0 0 0 0 0 0 270 289 254 199 199 180 165 
0 0 0 0 0 0 0 0 0 0 211 279 242 199 199 180 165 
0 0 0 0 0 0 0 0 0 279 270 207 204 199 187 183 180 
0 0 0 0 0 0 0 0 279 209 209 289 199 199 194 180 165 
0 0 0 0 0 0 0 0 279 309 207 204 199 199 180 171 176 
0 0 0 0 0 0 0 209 211 242 242 199 199 191 180 176 165 
0 0 0 0 0 0 0 242 309 209 204 199 199 191 180 176 171 
0 0 0 0 0 0 211 270 279 209 199 200 199 195 180 176 176 
0 0 0 0 0 0 242 207 207 209 199 199 193 180 171 176 180 
0 0 0 0 0 207 242 242 207 203 199 199 180 180 165 180 176 
0 0 0 0 0 270 207 209 204 199 199 199 189 185 171 180 0 
0 0 0 0 0 242 254 209 203 199 199 193 165 180 180 180 0 
0 0 0 0 207 207 209 254 199 199 199 176 180 180 171 180 0 
0 0 0 0 289 209 209 203 199 199 199 194 180 171 180 176 0 
0 0 0 209 279 209 254 199 199 199 193 191 180 176 180 171 0 
0 0 0 309 209 289 204 199 199 199 165 176 171 171 171 0 0 
0 0 0 242 207 204 203 199 199 180 199 183 180 171 171 0 0 
0 0 242 209 242 204 199 199 199 191 189 180 183 180 176 0 0 
0 0 254 207 207 254 199 199 199 171 180 180 183 176 0 0 0 
0 0 207 207 206 199 199 199 180 189 165 183 176 180 0 0 0 
0 0 309 204 203 199 200 199 176 187 187 180 171 165 0 0 0 
0 209 207 209 199 199 199 199 180 176 180 176 171 0 0 0 0 
0 289 203 204 199 203 199 199 176 180 194 183 171 0 0 0 0 
0 207 204 270 199 199 199 176 180 171 185 180 0 0 0 0 0 
0 203 199 199 200 199 199 176 165 185 191 165 0 0 0 0 0 
209 204 270 199 199 199 199 193 180 195 180 0 0 0 0 0 0 
270 203 203 199 199 199 191 183 180 180 176 0 0 0 0 0 0 
242 204 199 199 200 199 185 189 180 183 0 0 0 0 0 0 0 
204 200 199 200 199 199 193 180 187 183 0 0 0 0 0 0 0 
254 199 202 199 199 193 194 183 185 0 0 0 0 0 0 0 0 
199 199 202 199 199 189 183 185 180 0 0 0 0 0 0 0 0 
199 199 199 199 199 191 176 180 0 0 0 0 0 0 0 0 0 
199 202 199 199 193 193 194 193 0 0 0 0 0 0 0 0 0 
199 199 199 189 191 199 171 0 0 0 0 0 0 0 0 0 0 
199 199 199 199 199 191 0 0 0 0 0 0 0 0 0 0 0 
199 199 199 193 193 0 0 0 0 0 0 0 0 0 0 0 0 
0 199 180 191 0 0 0 0 0 0 0 0 0 0 0 0 0 
