test/output/constant/M3M485_S060_A000_WD180.0_WS005.0/M3M485_S060_A000_WD180.0_WS005.0_ros.asc
ncols         46
nrows         11
xllcorner     422103.990666
yllcorner     12748555.311160
cellsize      100.000000
NODATA_value  0.000000
0.000000 0.000000 0.000000 76.221024 67.705658 76.077919 75.705147 76.221024 76.221024 63.159882 75.705147 67.705658 57.882263 52.033302 57.882263 52.033302 52.033302 1.816786 57.882263 4.253168 52.033302 4.253168 52.033302 0.000000 0.000000 0.000000 0.000000 0.000000 0.000000 0.000000 0.000000 0.000000 0.000000 0.000000 0.000000 0.000000 0.000000 0.000000 0.000000 0.000000 0.000000 0.000000 0.000000 0.000000 0.000000 0.000000 
76.221024 76.221024 76.221024 76.077919 63.159882 76.221024 76.221024 76.221024 57.882263 76.221024 76.221024 76.077919 67.705658 71.381355 76.077919 63.159882 67.705658 57.882263 52.033302 57.882263 57.882263 1.816786 52.033302 52.033302 57.882263 52.033302 57.882263 52.033302 52.033302 0.000000 0.000000 0.000000 0.000000 0.000000 0.000000 0.000000 0.000000 0.000000 0.000000 0.000000 0.000000 0.000000 0.000000 0.000000 0.000000 0.000000 
71.381355 76.221024 76.221024 76.077919 76.221024 76.221024 76.221024 76.221024 63.159882 76.221024 76.221024 75.705147 76.221024 76.221024 76.221024 76.221024 76.221024 76.221024 74.075172 76.221024 71.381355 52.033302 52.033302 52.033302 52.033302 4.253168 52.033302 52.033302 4.253168 2.432625 4.253168 57.882263 1.816786 52.033302 0.000000 0.000000 0.000000 0.000000 0.000000 0.000000 0.000000 0.000000 0.000000 0.000000 0.000000 0.000000 
76.221024 76.133583 76.221024 76.221024 76.221024 76.221024 76.221024 76.221024 76.221024 76.221024 76.221024 63.159882 76.221024 76.221024 76.221024 76.221024 67.705658 57.882263 76.221024 76.221024 63.159882 67.705658 75.705147 71.381355 63.159882 63.159882 52.033302 57.882263 52.033302 57.882263 4.253168 57.882263 57.882263 2.432625 57.882263 4.253168 1.420425 4.253168 0.000000 0.000000 0.000000 0.000000 0.000000 0.000000 0.000000 0.000000 
0.000000 58.482800 76.221024 52.684326 68.149323 52.684326 74.305565 76.221024 58.482800 76.221024 68.149323 76.221024 76.221024 76.221024 76.221024 76.221024 76.221024 76.221024 67.705658 76.221024 76.221024 74.075172 76.221024 67.705658 67.705658 74.075172 76.221024 76.221024 75.705147 57.882263 52.033302 57.882263 57.882263 57.882263 57.882263 4.253168 4.253168 2.432625 52.033302 45.790886 1.816786 0.000000 0.000000 0.000000 0.000000 0.000000 
0.000000 0.000000 63.690514 58.482800 52.684326 74.305565 52.684326 58.482800 58.482800 76.221024 58.482800 63.690514 74.305565 58.482800 58.482800 76.221024 76.221024 76.221024 76.221024 76.221024 76.221024 76.221024 76.221024 76.221024 76.221024 76.221024 76.221024 76.221024 76.221024 76.221024 76.221024 75.705147 74.075172 63.159882 57.882263 52.033302 4.253168 2.432625 52.033302 4.253168 2.432625 52.033302 2.432625 0.000000 0.000000 0.000000 
0.000000 0.000000 0.000000 0.000000 58.482800 52.684326 52.684326 52.684326 58.482800 52.684326 76.133583 58.482800 52.684326 52.684326 58.482800 75.816116 76.221024 63.690514 63.690514 68.149323 52.684326 52.684326 52.684326 52.684326 76.221024 71.723854 76.221024 76.221024 76.221024 76.221024 76.221024 76.221024 76.221024 76.221024 76.221024 76.221024 76.221024 63.159882 63.159882 67.705658 4.253168 57.882263 52.033302 2.432625 1.420425 0.000000 
0.000000 0.000000 0.000000 0.000000 0.000000 0.000000 0.000000 52.684326 52.684326 58.482800 52.684326 52.684326 58.482800 52.684326 52.684326 58.482800 58.482800 52.684326 52.684326 58.482800 58.482800 52.684326 58.482800 58.482800 71.723854 52.684326 58.482800 52.684326 52.684326 75.816116 63.690514 52.684326 76.221024 76.221024 76.221024 76.221024 76.221024 76.221024 76.221024 76.221024 76.221024 75.705147 76.221024 67.705658 57.882263 1.816786 
0.000000 0.000000 0.000000 0.000000 0.000000 0.000000 0.000000 0.000000 0.000000 0.000000 58.482800 58.482800 52.684326 58.482800 52.684326 52.684326 52.684326 52.684326 52.684326 52.684326 58.482800 52.684326 58.482800 58.482800 52.684326 58.482800 52.684326 58.482800 58.482800 52.684326 58.482800 58.482800 52.684326 58.482800 58.482800 52.684326 58.482800 58.482800 58.482800 52.684326 52.684326 76.221024 76.221024 76.221024 76.221024 0.000000 
0.000000 0.000000 0.000000 0.000000 0.000000 0.000000 0.000000 0.000000 0.000000 0.000000 0.000000 0.000000 0.000000 0.000000 0.000000 52.684326 52.684326 52.684326 52.684326 58.482800 52.684326 58.482800 58.482800 58.482800 58.482800 52.684326 58.482800 52.684326 52.684326 52.684326 58.482800 58.482800 52.684326 52.684326 52.684326 52.684326 58.482800 52.684326 52.684326 52.684326 52.684326 52.684326 33.562359 40.032005 27.258678 1.044871 
0.000000 0.000000 0.000000 0.000000 0.000000 0.000000 0.000000 0.000000 0.000000 0.000000 0.000000 0.000000 0.000000 0.000000 0.000000 0.000000 0.000000 0.000000 0.000000 0.000000 0.000000 0.000000 52.684326 52.684326 52.684326 52.684326 21.312334 58.482800 52.684326 27.258678 52.684326 52.684326 52.684326 52.684326 58.482800 27.258678 46.471169 33.562359 27.258678 27.258678 21.312334 27.258678 0.858206 1.044871 0.000000 0.000000 
