test/output/constant/M395_S060_A090_WD225.0_WS040.0/M395_S060_A090_WD225.0_WS040.0_raz.asc
ncols         35
nrows         17
xllcorner     426503.990666
yllcorner     12747255.311160
cellsize      100.000000
NODATA_value  0.000000
317 74 81 63 74 91 97 86 97 86 0 0 0 0 0 0 0 0 0 0 0 0 0 0 0 0 0 0 0 0 0 0 0 0 0 
221 65535 113 81 101 101 99 86 94 86 97 86 91 81 0 0 0 0 0 0 0 0 0 0 0 0 0 0 0 0 0 0 0 0 0 
221 122 113 113 113 113 74 81 81 86 81 81 86 81 81 97 81 0 0 0 0 0 0 0 0 0 0 0 0 0 0 0 0 0 0 
175 175 221 122 113 113 113 113 113 74 113 111 111 106 106 86 103 81 103 0 0 0 0 0 0 0 0 0 0 0 0 0 0 0 0 
0 193 175 175 120 113 113 113 113 113 113 81 113 109 106 111 105 81 106 106 103 81 0 0 0 0 0 0 0 0 0 0 0 0 0 
0 0 221 198 124 120 122 113 113 113 113 113 113 109 81 113 111 113 81 81 81 81 108 108 0 0 0 0 0 0 0 0 0 0 0 
0 0 0 193 175 193 120 120 122 113 113 113 113 113 113 113 113 113 81 113 113 111 111 111 108 105 0 0 0 0 0 0 0 0 0 
0 0 0 0 0 175 124 124 120 122 116 113 113 113 113 113 113 113 108 113 113 86 112 113 113 81 106 0 0 0 0 0 0 0 0 
0 0 0 0 0 0 124 122 122 120 120 120 120 113 113 113 113 113 113 113 113 113 113 113 113 113 113 86 113 0 0 0 0 0 0 
0 0 0 0 0 0 0 0 122 120 122 122 116 122 113 116 113 113 113 113 113 113 113 81 108 81 86 86 113 63 106 0 0 0 0 
0 0 0 0 0 0 0 0 0 0 122 120 120 120 120 113 122 113 113 114 113 113 113 113 113 113 105 113 86 113 113 113 0 0 0 
0 0 0 0 0 0 0 0 0 0 0 0 122 120 120 120 120 122 113 114 113 113 113 113 113 113 113 113 113 113 113 81 74 0 0 
0 0 0 0 0 0 0 0 0 0 0 0 0 0 120 120 120 120 113 113 114 113 113 113 113 113 113 113 113 113 113 113 86 113 0 
0 0 0 0 0 0 0 0 0 0 0 0 0 0 0 0 120 120 120 120 113 122 120 113 113 113 113 113 113 113 113 113 112 113 113 
0 0 0 0 0 0 0 0 0 0 0 0 0 0 0 0 0 0 175 120 113 113 113 113 117 113 113 113 113 113 113 113 113 86 113 
0 0 0 0 0 0 0 0 0 0 0 0 0 0 0 0 0 0 0 0 0 122 122 113 113 114 113 114 113 113 113 113 113 113 113 
0 0 0 0 0 0 0 0 0 0 0 0 0 0 0 0 0 0 0 0 0 0 0 0 0 113 120 120 122 113 113 113 113 113 113 
