test/output/constant/M395_S060_A090_WD225.0_WS040.0/M395_S060_A090_WD225.0_WS040.0_intensity.asc
ncols         35
nrows         17
xllcorner     426503.990666
yllcorner     12747255.311160
cellsize      100.000000
NODATA_value  0.000000
1557 7646 10480 5424 7646 17693 26262 13860 26262 13860 0 0 0 0 0 0 0 0 0 0 0 0 0 0 0 0 0 0 0 0 0 0 0 0 0 
1951 0 54889 10480 35172 35172 30741 13860 21868 13860 26262 13860 17693 10480 0 0 0 0 0 0 0 0 0 0 0 0 0 0 0 0 0 0 0 0 0 
1951 40687 54850 54889 54889 54889 7646 10480 10480 13860 10480 10480 13860 10480 10480 26262 10480 0 0 0 0 0 0 0 0 0 0 0 0 0 0 0 0 0 0 
4223 4223 1951 40687 54889 54889 54889 54889 54889 7646 54889 53828 53828 46865 46865 13860 39420 10480 39420 0 0 0 0 0 0 0 0 0 0 0 0 0 0 0 0 
0 2956 4223 4223 44501 54889 54889 54889 54889 54889 54889 10480 54889 52181 46865 53828 43358 10480 46865 46865 39420 10480 0 0 0 0 0 0 0 0 0 0 0 0 0 
0 0 1951 2723 36525 44501 40687 54850 54889 54889 54889 54889 54889 52181 10480 54889 53828 54889 10480 10480 10480 10480 49837 49837 0 0 0 0 0 0 0 0 0 0 0 
0 0 0 2956 4223 2956 44501 44501 40687 54889 54889 54889 54889 54889 54889 54889 54889 54889 10480 54889 54889 53828 53828 53828 49837 43358 0 0 0 0 0 0 0 0 0 
0 0 0 0 0 4223 36525 36525 44501 40687 52770 54889 54889 54889 54889 54889 54889 54889 49837 54889 54889 13860 54728 54889 54889 10480 46865 0 0 0 0 0 0 0 0 
0 0 0 0 0 0 36525 40687 40687 44501 44501 44501 44501 54889 54889 54889 54889 54889 54889 54889 54889 54889 54889 54889 54889 54889 54889 13860 54889 0 0 0 0 0 0 
0 0 0 0 0 0 0 0 40687 44501 40687 40687 52770 40687 54850 52770 54889 54889 54889 54889 54889 54889 54889 10480 49837 10480 13860 13860 54889 5424 46865 0 0 0 0 
0 0 0 0 0 0 0 0 0 0 40687 44501 44501 44501 44501 54889 40687 54889 54889 54189 54889 54889 54889 54889 54889 54889 43358 54889 13860 54889 54889 54889 0 0 0 
0 0 0 0 0 0 0 0 0 0 0 0 40687 44501 44501 44501 44501 40687 54889 54189 54889 54889 54889 54889 54889 54889 54889 54889 54889 54889 54889 10480 7646 0 0 
0 0 0 0 0 0 0 0 0 0 0 0 0 0 44501 44501 44501 44501 54889 54889 54189 54850 54889 54889 54889 54889 54889 54889 54889 54889 54889 54889 13860 54889 0 
0 0 0 0 0 0 0 0 0 0 0 0 0 0 0 0 44501 44501 44501 44501 54889 40687 44501 54889 54889 54889 54889 54889 54889 54889 54889 54889 54728 54889 54889 
0 0 0 0 0 0 0 0 0 0 0 0 0 0 0 0 0 0 4223 44501 54889 54889 54889 54889 50636 54889 54889 54889 54889 54889 54889 54889 54889 13860 54889 
0 0 0 0 0 0 0 0 0 0 0 0 0 0 0 0 0 0 0 0 0 40687 40687 54889 54889 54189 54889 54189 54889 54889 54889 54889 54889 54889 54889 
0 0 0 0 0 0 0 0 0 0 0 0 0 0 0 0 0 0 0 0 0 0 0 0 0 54850 44501 44501 40687 54889 54889 54889 54889 54889 54889 
