test/output/constant/M3M475_S060_A180_WD045.0_WS050.0/M3M475_S060_A180_WD045.0_WS050.0_arrival.asc
ncols         7
nrows         32
xllcorner     426403.990666
yllcorner     12745655.311160
cellsize      100.000000
NODATA_value  0.000000
0.000000 166.014930 166.000000 166.011763 0.000000 0.000000 0.000000 
0.000000 166.009953 166.000905 166.005882 166.032122 0.000000 0.000000 
166.035289 166.008596 166.002262 166.004977 166.023979 0.000000 0.000000 
166.030312 166.009049 166.003619 166.004977 166.019002 0.000000 0.000000 
166.028050 166.009501 166.004977 166.005882 166.016287 166.037099 0.000000 
166.026693 166.010406 166.006334 166.006786 166.014930 166.032122 0.000000 
166.025788 166.011311 166.007691 166.007691 166.014025 166.028503 0.000000 
166.025336 166.012215 166.009049 166.009049 166.014025 166.026241 0.000000 
166.025336 166.013573 166.010406 166.010406 166.014025 166.025336 166.041623 
166.026241 166.014930 166.011763 166.011763 166.014930 166.024431 166.038909 
166.026693 166.016287 166.013120 166.013120 166.015382 166.023526 166.036646 
166.027146 166.017645 166.014478 166.014025 166.016287 166.023526 166.035289 
166.028050 166.019002 166.015835 166.015382 166.017192 166.023526 166.034384 
166.028503 166.020359 166.017192 166.016740 166.018097 166.023526 166.033932 
166.029408 166.021716 166.018549 166.018097 166.019454 166.023979 166.033027 
166.030312 166.023074 166.019907 166.019454 166.020359 166.024431 166.032575 
166.031217 166.024431 166.021264 166.020812 166.021716 166.025336 166.032575 
166.032575 166.025788 166.022621 166.022169 166.022621 166.026241 166.032575 
166.033479 166.027598 166.023979 166.023526 166.023979 166.027146 166.032575 
166.034837 166.028955 166.025336 166.024883 166.024883 166.028050 166.033027 
166.035742 166.030312 166.026693 166.026241 166.026241 166.028955 166.033932 
166.037099 166.031670 166.028050 166.027598 166.027598 166.029860 166.034384 
166.038456 166.033027 166.029408 166.028955 166.028955 166.030765 166.035289 
166.039813 166.034384 166.030765 166.030312 166.030312 166.032122 166.035742 
166.041171 166.035742 166.032122 166.031670 166.031670 166.033027 166.036646 
0.000000 166.037099 166.033479 166.033027 166.033027 166.033932 166.037551 
0.000000 166.038909 166.034837 166.033932 166.034384 166.035289 166.038456 
0.000000 166.040266 166.036194 166.035289 166.035742 166.036194 166.039361 
0.000000 166.041623 166.038004 166.036646 166.037099 166.037551 166.040718 
0.000000 0.000000 166.039361 166.038004 166.038004 166.038909 166.041623 
0.000000 0.000000 166.040718 166.039361 166.039361 166.040266 0.000000 
0.000000 0.000000 0.000000 166.040718 166.040718 166.041171 0.000000 
