test/output/constant/M3100_S060_A090_WD180.0_WS010.0/M3100_S060_A090_WD180.0_WS010.0_raz.asc
ncols         11
nrows         45
xllcorner     426103.990666
yllcorner     12744455.311160
cellsize      100.000000
NODATA_value  0.000000
0 0 0 0 288 288 71 0 0 0 0 
0 0 0 360 288 65535 71 71 0 0 0 
0 0 0 288 228 180 170 71 0 0 0 
0 0 288 270 260 180 170 168 71 0 0 
0 0 288 260 183 180 170 166 71 0 0 
0 0 288 191 186 180 173 168 71 0 0 
0 335 191 242 180 180 178 172 168 71 0 
0 265 193 189 180 180 178 172 166 168 0 
0 335 189 183 181 180 178 176 170 24 0 
0 242 189 186 180 180 178 166 170 168 0 
0 189 242 184 180 180 176 175 170 166 0 
191 189 189 186 189 180 170 173 173 170 168 
228 260 191 181 180 180 179 178 173 166 168 
242 191 184 187 181 180 178 172 168 168 168 
189 242 191 180 180 180 176 176 168 166 170 
189 191 186 180 180 180 172 168 173 168 170 
191 191 186 180 180 180 179 179 173 172 168 
242 184 187 180 180 180 178 178 172 173 172 
189 187 180 186 187 180 172 173 178 164 172 
181 181 187 186 180 180 179 173 172 168 173 
189 181 184 180 184 180 175 175 175 173 170 
189 187 180 180 180 180 179 176 172 172 173 
187 180 180 184 180 180 168 175 173 172 170 
193 189 180 180 180 180 172 175 176 170 166 
184 181 180 180 180 179 176 176 168 166 168 
183 186 180 187 180 180 176 172 170 173 168 
189 180 180 180 180 176 178 178 179 176 170 
181 180 180 180 180 180 178 179 178 168 172 
183 186 186 193 180 176 178 166 173 173 168 
183 180 183 180 180 180 178 179 176 168 168 
184 186 180 181 180 179 178 178 168 173 175 
187 180 180 180 180 180 178 178 179 175 172 
184 180 181 180 180 179 178 172 178 175 175 
187 180 189 180 180 180 178 164 170 168 172 
180 180 180 180 180 179 178 178 179 170 175 
0 180 180 183 180 180 178 176 175 168 0 
0 180 187 180 180 179 178 175 172 176 0 
0 180 180 180 180 180 178 178 179 178 0 
0 180 186 180 180 176 178 178 173 175 0 
0 184 189 180 180 180 178 179 170 175 0 
0 0 180 180 180 176 178 178 179 0 0 
0 0 181 180 180 180 178 178 178 0 0 
0 0 0 193 180 176 178 166 0 0 0 
0 0 0 180 180 180 178 179 0 0 0 
0 0 0 0 180 176 178 0 0 0 0 
