test/output/constant/M3100_S060_A090_WD180.0_WS010.0/M3100_S060_A090_WD180.0_WS010.0_arrival.asc
ncols         11
nrows         45
xllcorner     426103.990666
yllcorner     12744455.311160
cellsize      100.000000
NODATA_value  0.000000
0.000000 0.000000 0.000000 0.000000 166.027847 166.018952 166.027847 0.000000 0.000000 0.000000 0.000000 
0.000000 0.000000 0.000000 166.034036 166.008509 166.000000 166.008509 166.034036 0.000000 0.000000 0.000000 
0.000000 0.000000 0.000000 166.023593 166.004641 166.000774 166.004641 166.023593 0.000000 0.000000 0.000000 
0.000000 0.000000 166.039064 166.017791 166.004254 166.001547 166.004254 166.017791 166.039064 0.000000 0.000000 
0.000000 0.000000 166.031715 166.014310 166.004254 166.002707 166.004254 166.014310 166.031715 0.000000 0.000000 
0.000000 0.000000 166.027847 166.012763 166.004641 166.003481 166.004641 166.012763 166.027847 0.000000 0.000000 
0.000000 166.041384 166.023980 166.012377 166.005415 166.004641 166.005415 166.012377 166.023980 166.041384 0.000000 
0.000000 166.037516 166.022046 166.011990 166.006188 166.005415 166.006188 166.011990 166.022046 166.037516 0.000000 
0.000000 166.034036 166.020885 166.011990 166.007349 166.006575 166.007349 166.011990 166.020885 166.034036 0.000000 
0.000000 166.031715 166.020112 166.011990 166.008122 166.007349 166.008122 166.011990 166.020112 166.031715 0.000000 
0.000000 166.030555 166.020112 166.012377 166.008896 166.008509 166.008896 166.012377 166.020112 166.030555 0.000000 
166.041384 166.029008 166.019725 166.013150 166.010056 166.009282 166.010056 166.013150 166.019725 166.029008 166.041384 
166.039837 166.028621 166.019725 166.013924 166.010829 166.010443 166.010829 166.013924 166.019725 166.028621 166.039837 
166.038677 166.027847 166.019725 166.014310 166.011990 166.011216 166.011990 166.014310 166.019725 166.027847 166.038677 
166.037130 166.027847 166.019725 166.015084 166.012763 166.012377 166.012763 166.015084 166.019725 166.027847 166.037130 
166.036743 166.027460 166.020112 166.015857 166.013537 166.013150 166.013537 166.015857 166.020112 166.027460 166.036743 
166.035969 166.027460 166.020885 166.016631 166.014697 166.014310 166.014697 166.016631 166.020885 166.027460 166.035969 
166.035969 166.027460 166.021272 166.017405 166.015471 166.015084 166.015471 166.017405 166.021272 166.027460 166.035969 
166.035583 166.027460 166.022046 166.018178 166.016631 166.016244 166.016631 166.018178 166.022046 166.027460 166.035583 
166.035583 166.027847 166.022819 166.019338 166.017405 166.017018 166.017405 166.019338 166.022819 166.027847 166.035583 
166.035196 166.028234 166.023593 166.020112 166.018565 166.018178 166.018565 166.020112 166.023593 166.028234 166.035196 
166.035196 166.028621 166.024366 166.020885 166.019338 166.018952 166.019338 166.020885 166.024366 166.028621 166.035196 
166.035196 166.029394 166.024753 166.022046 166.020499 166.020112 166.020499 166.022046 166.024753 166.029394 166.035196 
166.035196 166.029781 166.025527 166.022819 166.021272 166.020885 166.021272 166.022819 166.025527 166.029781 166.035196 
166.035583 166.030555 166.026300 166.023593 166.022046 166.022046 166.022046 166.023593 166.026300 166.030555 166.035583 
166.035969 166.030941 166.027074 166.024753 166.023206 166.022819 166.023206 166.024753 166.027074 166.030941 166.035969 
166.036356 166.031715 166.027847 166.025527 166.023980 166.023980 166.023980 166.025527 166.027847 166.031715 166.036356 
166.037130 166.032488 166.028621 166.026687 166.025140 166.024753 166.025140 166.026687 166.028621 166.032488 166.037130 
166.037516 166.033262 166.029394 166.027460 166.025913 166.025913 166.025913 166.027460 166.029394 166.033262 166.037516 
166.038290 166.034036 166.030555 166.028234 166.027074 166.026687 166.027074 166.028234 166.030555 166.034036 166.038290 
166.038677 166.034422 166.031328 166.029394 166.027847 166.027847 166.027847 166.029394 166.031328 166.034422 166.038677 
166.039450 166.035196 166.032102 166.030168 166.029008 166.028621 166.029008 166.030168 166.032102 166.035196 166.039450 
166.040224 166.035969 166.033262 166.030941 166.029781 166.029781 166.029781 166.030941 166.033262 166.035969 166.040224 
166.040611 166.036743 166.034036 166.032102 166.030941 166.030555 166.030941 166.032102 166.034036 166.036743 166.040611 
166.041384 166.037516 166.034809 166.032875 166.031715 166.031715 166.031715 166.032875 166.034809 166.037516 166.041384 
0.000000 166.038290 166.035583 166.034036 166.032875 166.032488 166.032875 166.034036 166.035583 166.038290 0.000000 
0.000000 166.039064 166.036743 166.034809 166.033649 166.033649 166.033649 166.034809 166.036743 166.039064 0.000000 
0.000000 166.039837 166.037516 166.035583 166.034809 166.034422 166.034809 166.035583 166.037516 166.039837 0.000000 
0.000000 166.040611 166.038290 166.036743 166.035583 166.035583 166.035583 166.036743 166.038290 166.040611 0.000000 
0.000000 166.041667 166.039450 166.037516 166.036743 166.036356 166.036743 166.037516 166.039450 166.041667 0.000000 
0.000000 0.000000 166.040224 166.038677 166.037516 166.037516 166.037516 166.038677 166.040224 0.000000 0.000000 
0.000000 0.000000 166.041384 166.039450 166.038677 166.038290 166.038677 166.039450 166.041384 0.000000 0.000000 
0.000000 0.000000 0.000000 166.040611 166.039450 166.039450 166.039450 166.040611 0.000000 0.000000 0.000000 
0.000000 0.000000 0.000000 166.041384 166.040611 166.040224 166.040611 166.041384 0.000000 0.000000 0.000000 
0.000000 0.000000 0.000000 0.000000 166.041384 166.041384 166.041384 0.000000 0.000000 0.000000 0.000000 
