test/output/constant/M3M400_S060_A000_WD045.0_WS000.0/M3M400_S060_A000_WD045.0_WS000.0_arrival.asc
ncols         60
nrows         11
xllcorner     420803.990666
yllcorner     12748255.311160
cellsize      100.000000
NODATA_value  0.000000
0.000000 0.000000 0.000000 0.000000 0.000000 0.000000 0.000000 0.000000 0.000000 0.000000 0.000000 0.000000 166.041667 166.041100 166.040815 166.040244 166.039673 166.039102 166.038817 166.038246 166.037675 166.037390 166.036819 166.036248 166.035963 166.035392 166.035107 166.034821 166.034536 166.034536 166.034250 166.034250 166.034250 166.034536 166.034536 166.034821 166.034821 166.035107 166.035677 166.036248 166.036534 166.037675 166.038532 166.039959 166.041386 0.000000 0.000000 0.000000 0.000000 0.000000 0.000000 0.000000 0.000000 0.000000 0.000000 0.000000 0.000000 0.000000 0.000000 0.000000 
0.000000 0.000000 0.000000 0.000000 0.000000 0.000000 0.000000 166.041386 166.040529 166.039959 166.039388 166.038817 166.038246 166.037390 166.036819 166.036248 166.035677 166.035107 166.034536 166.033965 166.033394 166.033109 166.032538 166.031967 166.031681 166.031111 166.030540 166.029969 166.029684 166.029113 166.028542 166.028256 166.027686 166.027400 166.026829 166.026829 166.026829 166.026829 166.026829 166.026829 166.027115 166.027115 166.027400 166.027971 166.028542 166.029398 166.030540 166.031967 166.033965 166.036248 166.039102 0.000000 0.000000 0.000000 0.000000 0.000000 0.000000 0.000000 0.000000 0.000000 
0.000000 0.000000 0.000000 166.041667 166.041100 166.040529 166.039673 166.039102 166.038246 166.037675 166.037104 166.036248 166.035677 166.035107 166.034250 166.033679 166.033109 166.032252 166.031681 166.031111 166.030540 166.029684 166.029113 166.028542 166.027971 166.027400 166.026544 166.025973 166.025402 166.024831 166.024261 166.023975 166.023404 166.022833 166.022263 166.021977 166.021406 166.020836 166.020550 166.019979 166.019694 166.019408 166.019123 166.019123 166.019123 166.019408 166.019408 166.019979 166.020265 166.021121 166.022548 166.024546 166.026544 166.029969 166.035677 0.000000 0.000000 0.000000 0.000000 0.000000 
0.000000 166.041667 166.040815 166.040244 166.039388 166.038817 166.037961 166.037390 166.036534 166.035963 166.035392 166.034536 166.033965 166.033109 166.032538 166.031967 166.031111 166.030540 166.029684 166.029113 166.028542 166.027686 166.027115 166.026259 166.025688 166.025117 166.024261 166.023690 166.023119 166.022263 166.021692 166.021121 166.020265 166.019694 166.018838 166.018267 166.017696 166.017125 166.016554 166.015983 166.015413 166.014842 166.014271 166.013700 166.013129 166.012844 166.012273 166.011702 166.011702 166.011417 166.011702 166.011702 166.012273 166.013129 166.015127 166.017696 166.023404 166.033109 0.000000 0.000000 
166.041386 166.040529 166.039959 166.039102 166.038532 166.037675 166.037104 166.036248 166.035677 166.034821 166.034250 166.033394 166.032823 166.032252 166.031396 166.030825 166.029969 166.029398 166.028542 166.027971 166.027115 166.026544 166.025688 166.025117 166.024261 166.023690 166.023119 166.022263 166.021692 166.020836 166.020265 166.019408 166.018838 166.017981 166.017411 166.016554 166.015983 166.015127 166.014556 166.013986 166.013129 166.012558 166.011702 166.011131 166.010275 166.009704 166.008848 166.008277 166.007706 166.006850 166.006279 166.005708 166.005138 166.004567 166.003996 166.003996 166.003996 166.005423 166.012273 0.000000 
166.041100 166.040529 166.039673 166.039102 166.038246 166.037675 166.036819 166.036248 166.035392 166.034821 166.033965 166.033394 166.032538 166.031967 166.031111 166.030540 166.029684 166.029113 166.028256 166.027686 166.026829 166.026259 166.025402 166.024831 166.023975 166.023404 166.022548 166.021977 166.021121 166.020550 166.019694 166.019123 166.018267 166.017696 166.016840 166.016269 166.015413 166.014842 166.013986 166.013415 166.012558 166.011988 166.011131 166.010560 166.009704 166.009133 166.008277 166.007706 166.006850 166.006279 166.005423 166.004852 166.003996 166.003425 166.002569 166.001998 166.001142 166.000571 166.000000 166.037104 
166.041386 166.040529 166.039959 166.039102 166.038532 166.037675 166.037104 166.036248 166.035677 166.034821 166.034250 166.033394 166.032823 166.032252 166.031396 166.030825 166.029969 166.029398 166.028542 166.027971 166.027115 166.026544 166.025688 166.025117 166.024261 166.023690 166.023119 166.022263 166.021692 166.020836 166.020265 166.019408 166.018838 166.017981 166.017411 166.016554 166.015983 166.015127 166.014556 166.013986 166.013129 166.012558 166.011702 166.011131 166.010275 166.009704 166.008848 166.008277 166.007706 166.006850 166.006279 166.005708 166.005138 166.004567 166.003996 166.003996 166.003996 166.005423 166.012273 0.000000 
0.000000 166.041667 166.040815 166.040244 166.039388 166.038817 166.037961 166.037390 166.036534 166.035963 166.035392 166.034536 166.033965 166.033109 166.032538 166.031967 166.031111 166.030540 166.029684 166.029113 166.028542 166.027686 166.027115 166.026259 166.025688 166.025117 166.024261 166.023690 166.023119 166.022263 166.021692 166.021121 166.020265 166.019694 166.018838 166.018267 166.017696 166.017125 166.016554 166.015983 166.015413 166.014842 166.014271 166.013700 166.013129 166.012844 166.012273 166.011702 166.011702 166.011417 166.011702 166.011702 166.012273 166.013129 166.015127 166.017696 166.023404 166.033109 0.000000 0.000000 
0.000000 0.000000 0.000000 166.041667 166.041100 166.040529 166.039673 166.039102 166.038246 166.037675 166.037104 166.036248 166.035677 166.035107 166.034250 166.033679 166.033109 166.032252 166.031681 166.031111 166.030540 166.029684 166.029113 166.028542 166.027971 166.027400 166.026544 166.025973 166.025402 166.024831 166.024261 166.023975 166.023404 166.022833 166.022263 166.021977 166.021406 166.020836 166.020550 166.019979 166.019694 166.019408 166.019123 166.019123 166.019123 166.019408 166.019408 166.019979 166.020265 166.021121 166.022548 166.024546 166.026544 166.029969 166.035677 0.000000 0.000000 0.000000 0.000000 0.000000 
0.000000 0.000000 0.000000 0.000000 0.000000 0.000000 0.000000 166.041386 166.040529 166.039959 166.039388 166.038817 166.038246 166.037390 166.036819 166.036248 166.035677 166.035107 166.034536 166.033965 166.033394 166.033109 166.032538 166.031967 166.031681 166.031111 166.030540 166.029969 166.029684 166.029113 166.028542 166.028256 166.027686 166.027400 166.026829 166.026829 166.026829 166.026829 166.026829 166.026829 166.027115 166.027115 166.027400 166.027971 166.028542 166.029398 166.030540 166.031967 166.033965 166.036248 166.039102 0.000000 0.000000 0.000000 0.000000 0.000000 0.000000 0.000000 0.000000 0.000000 
0.000000 0.000000 0.000000 0.000000 0.000000 0.000000 0.000000 0.000000 0.000000 0.000000 0.000000 0.000000 166.041667 166.041100 166.040815 166.040244 166.039673 166.039102 166.038817 166.038246 166.037675 166.037390 166.036819 166.036248 166.035963 166.035392 166.035107 166.034821 166.034536 166.034536 166.034250 166.034250 166.034250 166.034536 166.034536 166.034821 166.034821 166.035107 166.035677 166.036248 166.036534 166.037675 166.038532 166.039959 166.041386 0.000000 0.000000 0.000000 0.000000 0.000000 0.000000 0.000000 0.000000 0.000000 0.000000 0.000000 0.000000 0.000000 0.000000 0.000000 
