test/output/constant/M360_S060_A000_WD090.0_WS050.0/M360_S060_A000_WD090.0_WS050.0_arrival.asc
ncols         46
nrows         7
xllcorner     422103.990666
yllcorner     12748455.311160
cellsize      100.000000
NODATA_value  0.000000
0.000000 0.000000 0.000000 0.000000 0.000000 0.000000 0.000000 0.000000 0.000000 0.000000 0.000000 0.000000 0.000000 0.000000 0.000000 0.000000 0.000000 166.041439 166.041439 166.041439 166.041439 166.041667 0.000000 0.000000 0.000000 0.000000 0.000000 0.000000 0.000000 0.000000 0.000000 0.000000 0.000000 0.000000 0.000000 0.000000 0.000000 0.000000 0.000000 0.000000 0.000000 0.000000 0.000000 0.000000 0.000000 0.000000 
0.000000 0.000000 0.000000 0.000000 0.000000 166.041667 166.040692 166.039945 166.039199 166.038079 166.037332 166.036585 166.035839 166.035092 166.033972 166.033225 166.032479 166.031732 166.031359 166.030612 166.029866 166.029119 166.028746 166.027999 166.027252 166.026879 166.026132 166.025386 166.025012 166.025012 166.025012 166.025012 166.025386 166.026132 166.026506 166.027626 166.029492 166.031732 166.035092 166.038452 0.000000 0.000000 0.000000 0.000000 0.000000 0.000000 
0.000000 166.041667 166.041065 166.039945 166.039199 166.038079 166.037332 166.036212 166.035465 166.034345 166.033599 166.032479 166.031732 166.030986 166.029866 166.029119 166.027999 166.027252 166.026132 166.025386 166.024266 166.023519 166.022773 166.021653 166.020906 166.019786 166.019039 166.017919 166.017173 166.016426 166.015306 166.014559 166.013440 166.012693 166.011946 166.011200 166.010453 166.009706 166.008960 166.008586 166.008586 166.008960 166.010080 166.013066 166.021279 0.000000 
166.041667 166.040692 166.039945 166.038825 166.038079 166.036959 166.036212 166.035092 166.034345 166.033225 166.032479 166.031359 166.030612 166.029492 166.028746 166.027626 166.026879 166.025759 166.025012 166.023892 166.023146 166.022026 166.021279 166.020159 166.019413 166.018293 166.017546 166.016426 166.015679 166.014559 166.013813 166.012693 166.011946 166.010826 166.010080 166.008960 166.008213 166.007093 166.006346 166.005226 166.004480 166.003360 166.002613 166.001493 166.000747 166.000000 
0.000000 166.041667 166.041065 166.039945 166.039199 166.038079 166.037332 166.036212 166.035465 166.034345 166.033599 166.032479 166.031732 166.030986 166.029866 166.029119 166.027999 166.027252 166.026132 166.025386 166.024266 166.023519 166.022773 166.021653 166.020906 166.019786 166.019039 166.017919 166.017173 166.016426 166.015306 166.014559 166.013440 166.012693 166.011946 166.011200 166.010453 166.009706 166.008960 166.008586 166.008586 166.008960 166.010080 166.013066 166.021279 0.000000 
0.000000 0.000000 0.000000 0.000000 0.000000 166.041667 166.040692 166.039945 166.039199 166.038079 166.037332 166.036585 166.035839 166.035092 166.033972 166.033225 166.032479 166.031732 166.031359 166.030612 166.029866 166.029119 166.028746 166.027999 166.027252 166.026879 166.026132 166.025386 166.025012 166.025012 166.025012 166.025012 166.025386 166.026132 166.026506 166.027626 166.029492 166.031732 166.035092 166.038452 0.000000 0.000000 0.000000 0.000000 0.000000 0.000000 
0.000000 0.000000 0.000000 0.000000 0.000000 0.000000 0.000000 0.000000 0.000000 0.000000 0.000000 0.000000 0.000000 0.000000 0.000000 0.000000 0.000000 166.041439 166.041439 166.041439 166.041439 166.041667 0.000000 0.000000 0.000000 0.000000 0.000000 0.000000 0.000000 0.000000 0.000000 0.000000 0.000000 0.000000 0.000000 0.000000 0.000000 0.000000 0.000000 0.000000 0.000000 0.000000 0.000000 0.000000 0.000000 0.000000 
