test/output/constant/M3M400_S060_A180_WD135.0_WS015.0/M3M400_S060_A180_WD135.0_WS015.0_raz.asc
ncols         44
nrows         19
xllcorner     426503.990666
yllcorner     12748555.311160
cellsize      100.000000
NODATA_value  0.000000
0 0 0 0 0 0 0 0 0 0 0 0 0 0 0 0 0 0 0 0 0 0 0 0 0 0 0 0 0 0 0 0 0 69 66 70 70 70 70 70 70 70 0 0 
0 0 0 0 0 0 0 0 0 0 0 0 0 0 0 0 0 0 0 0 0 0 0 0 0 0 0 0 70 68 69 70 70 68 70 70 70 70 70 70 70 70 70 70 
0 0 0 0 0 0 0 0 0 0 0 0 0 0 0 0 0 0 0 0 0 0 0 0 60 60 68 70 70 70 70 70 70 70 70 70 70 70 70 70 70 70 70 70 
0 0 0 0 0 0 0 0 0 0 0 0 0 0 0 0 0 0 0 0 0 60 60 60 66 60 70 69 70 70 70 70 70 70 70 70 70 70 70 70 71 70 70 70 
0 0 0 0 0 0 0 0 0 0 0 0 0 0 0 0 0 0 60 60 69 70 70 66 70 70 70 70 70 70 70 70 70 70 70 70 70 70 70 70 70 70 78 0 
0 0 0 0 0 0 0 0 0 0 0 0 0 0 0 0 60 60 60 68 62 70 70 70 68 70 70 68 70 68 70 70 70 70 71 70 70 70 70 70 70 70 0 0 
0 0 0 0 0 0 0 0 0 0 0 0 0 60 60 60 60 62 62 62 64 64 70 70 70 70 70 70 70 70 70 70 78 70 70 70 70 70 70 78 70 0 0 0 
0 0 0 0 0 0 0 0 0 0 0 60 62 60 62 62 70 62 70 70 70 66 70 70 70 70 70 70 70 70 70 70 70 70 70 70 70 70 78 70 0 0 0 0 
0 0 0 0 0 0 0 0 0 60 60 62 62 69 70 70 70 70 66 68 70 70 70 70 70 70 70 77 77 70 78 70 70 70 70 70 80 70 0 0 0 0 0 0 
0 0 0 0 0 0 0 60 60 62 60 62 60 60 70 70 70 69 70 70 70 70 70 70 75 77 70 75 75 70 71 70 82 70 70 70 70 0 0 0 0 0 0 0 
0 0 0 0 0 0 56 59 28 60 68 68 69 70 70 70 70 70 70 70 70 70 80 70 70 70 74 77 78 78 70 77 80 82 70 0 0 0 0 0 0 0 0 0 
0 0 0 0 0 59 60 62 60 70 70 69 70 70 70 70 70 70 70 70 70 77 70 77 70 80 78 70 82 74 84 75 75 0 0 0 0 0 0 0 0 0 0 0 
0 0 0 0 0 60 60 70 66 70 70 70 70 70 70 70 73 70 70 78 70 82 82 84 74 82 71 74 75 82 77 0 0 0 0 0 0 0 0 0 0 0 0 0 
0 0 0 56 28 62 69 68 70 70 70 70 70 70 70 73 70 70 71 74 84 70 77 70 75 75 75 77 75 0 0 0 0 0 0 0 0 0 0 0 0 0 0 0 
0 0 0 62 70 70 70 70 70 70 73 78 70 70 70 73 74 71 71 71 75 82 73 82 74 84 0 0 0 0 0 0 0 0 0 0 0 0 0 0 0 0 0 0 
274 59 70 70 70 70 70 70 70 70 74 70 70 77 74 71 82 73 84 86 80 82 78 0 0 0 0 0 0 0 0 0 0 0 0 0 0 0 0 0 0 0 0 0 
340 65535 70 70 73 71 82 80 78 86 86 84 84 84 84 84 80 84 78 89 0 0 0 0 0 0 0 0 0 0 0 0 0 0 0 0 0 0 0 0 0 0 0 0 
227 180 104 86 86 84 84 86 84 84 84 78 78 78 89 0 0 0 0 0 0 0 0 0 0 0 0 0 0 0 0 0 0 0 0 0 0 0 0 0 0 0 0 0 
0 0 0 98 104 113 86 104 0 0 0 0 0 0 0 0 0 0 0 0 0 0 0 0 0 0 0 0 0 0 0 0 0 0 0 0 0 0 0 0 0 0 0 0 
