test/output/constant/M390_S060_A270_WD180.0_WS010.0/M390_S060_A270_WD180.0_WS010.0_arrival.asc
ncols         11
nrows         60
xllcorner     426103.990666
yllcorner     12748755.311160
cellsize      100.000000
NODATA_value  0.000000
0.000000 0.000000 0.000000 0.000000 0.000000 166.041667 0.000000 0.000000 0.000000 0.000000 0.000000 
0.000000 0.000000 0.000000 0.000000 166.041101 166.040818 166.041101 0.000000 0.000000 0.000000 0.000000 
0.000000 0.000000 0.000000 166.041667 166.040534 166.040251 166.040534 166.041667 0.000000 0.000000 0.000000 
0.000000 0.000000 0.000000 166.041101 166.039684 166.039400 166.039684 166.041101 0.000000 0.000000 0.000000 
0.000000 0.000000 0.000000 166.040251 166.039117 166.038834 166.039117 166.040251 0.000000 0.000000 0.000000 
0.000000 0.000000 166.041667 166.039684 166.038267 166.037983 166.038267 166.039684 166.041667 0.000000 0.000000 
0.000000 0.000000 166.041101 166.038834 166.037700 166.037416 166.037700 166.038834 166.041101 0.000000 0.000000 
0.000000 0.000000 166.040534 166.038267 166.036849 166.036566 166.036849 166.038267 166.040534 0.000000 0.000000 
0.000000 0.000000 166.039684 166.037416 166.036282 166.035999 166.036282 166.037416 166.039684 0.000000 0.000000 
0.000000 0.000000 166.039117 166.036849 166.035432 166.035149 166.035432 166.036849 166.039117 0.000000 0.000000 
0.000000 166.041667 166.038550 166.035999 166.034865 166.034582 166.034865 166.035999 166.038550 166.041667 0.000000 
0.000000 166.041101 166.037983 166.035432 166.034015 166.033731 166.034015 166.035432 166.037983 166.041101 0.000000 
0.000000 166.040534 166.037133 166.034865 166.033448 166.033164 166.033448 166.034865 166.037133 166.040534 0.000000 
0.000000 166.039967 166.036566 166.034015 166.032597 166.032314 166.032597 166.034015 166.036566 166.039967 0.000000 
0.000000 166.039400 166.035999 166.033448 166.032031 166.031747 166.032031 166.033448 166.035999 166.039400 0.000000 
0.000000 166.039117 166.035149 166.032597 166.031180 166.030897 166.031180 166.032597 166.035149 166.039117 0.000000 
0.000000 166.038550 166.034582 166.032031 166.030613 166.030330 166.030613 166.032031 166.034582 166.038550 0.000000 
0.000000 166.037983 166.034015 166.031464 166.029763 166.029479 166.029763 166.031464 166.034015 166.037983 0.000000 
0.000000 166.037416 166.033448 166.030613 166.029196 166.028913 166.029196 166.030613 166.033448 166.037416 0.000000 
0.000000 166.037133 166.032597 166.030046 166.028346 166.028062 166.028346 166.030046 166.032597 166.037133 0.000000 
166.041667 166.036566 166.032031 166.029196 166.027779 166.027495 166.027779 166.029196 166.032031 166.036566 166.041667 
166.041385 166.035999 166.031464 166.028629 166.027212 166.026645 166.027212 166.028629 166.031464 166.035999 166.041385 
166.040818 166.035432 166.030897 166.028062 166.026361 166.026078 166.026361 166.028062 166.030897 166.035432 166.040818 
166.040534 166.034865 166.030330 166.027495 166.025795 166.025228 166.025795 166.027495 166.030330 166.034865 166.040534 
166.040534 166.034582 166.029763 166.026645 166.024944 166.024661 166.024944 166.026645 166.029763 166.034582 166.040534 
166.040251 166.034015 166.029196 166.026078 166.024377 166.023810 166.024377 166.026078 166.029196 166.034015 166.040251 
166.040251 166.033731 166.028629 166.025511 166.023527 166.023243 166.023527 166.025511 166.028629 166.033731 166.040251 
166.040534 166.033164 166.028062 166.024661 166.022960 166.022393 166.022960 166.024661 166.028062 166.033164 166.040534 
166.040534 166.032597 166.027779 166.024094 166.022110 166.021826 166.022110 166.024094 166.027779 166.032597 166.040534 
166.040534 166.032314 166.027212 166.023527 166.021543 166.020976 166.021543 166.023527 166.027212 166.032314 166.040534 
166.040818 166.032031 166.026645 166.022960 166.020692 166.020409 166.020692 166.022960 166.026645 166.032031 166.040818 
166.040818 166.031747 166.026078 166.022110 166.020125 166.019558 166.020125 166.022110 166.026078 166.031747 166.040818 
166.041101 166.031464 166.025511 166.021543 166.019275 166.018992 166.019275 166.021543 166.025511 166.031464 166.041101 
166.041385 166.031464 166.025228 166.020692 166.018708 166.018141 166.018708 166.020692 166.025228 166.031464 166.041385 
0.000000 166.031464 166.024661 166.020125 166.017858 166.017574 166.017858 166.020125 166.024661 166.031464 0.000000 
0.000000 166.031464 166.024094 166.019558 166.017291 166.016724 166.017291 166.019558 166.024094 166.031464 0.000000 
0.000000 166.031464 166.023810 166.018992 166.016440 166.016157 166.016440 166.018992 166.023810 166.031464 0.000000 
0.000000 166.031747 166.023243 166.018425 166.015874 166.015307 166.015874 166.018425 166.023243 166.031747 0.000000 
0.000000 166.032031 166.022960 166.017858 166.015023 166.014740 166.015023 166.017858 166.022960 166.032031 0.000000 
0.000000 166.032314 166.022677 166.017291 166.014456 166.013889 166.014456 166.017291 166.022677 166.032314 0.000000 
0.000000 166.032881 166.022393 166.016724 166.013889 166.013322 166.013889 166.016724 166.022393 166.032881 0.000000 
0.000000 166.033448 166.022393 166.016157 166.013039 166.012472 166.013039 166.016157 166.022393 166.033448 0.000000 
0.000000 166.033731 166.022677 166.015874 166.012472 166.011905 166.012472 166.015874 166.022677 166.033731 0.000000 
0.000000 166.034865 166.022677 166.015307 166.011622 166.011055 166.011622 166.015307 166.022677 166.034865 0.000000 
0.000000 166.035716 166.022960 166.014740 166.011055 166.010488 166.011055 166.014740 166.022960 166.035716 0.000000 
0.000000 166.036566 166.023243 166.014173 166.010488 166.009638 166.010488 166.014173 166.023243 166.036566 0.000000 
0.000000 166.038550 166.023810 166.013889 166.009638 166.009071 166.009638 166.013889 166.023810 166.038550 0.000000 
0.000000 166.040534 166.024377 166.013606 166.009071 166.008220 166.009071 166.013606 166.024377 166.040534 0.000000 
0.000000 0.000000 166.025228 166.013606 166.008504 166.007653 166.008504 166.013606 166.025228 0.000000 0.000000 
0.000000 0.000000 166.026078 166.013606 166.007653 166.006803 166.007653 166.013606 166.026078 0.000000 0.000000 
0.000000 0.000000 166.028062 166.013889 166.007086 166.006236 166.007086 166.013889 166.028062 0.000000 0.000000 
0.000000 0.000000 166.030046 166.014173 166.006519 166.005386 166.006519 166.014173 166.030046 0.000000 0.000000 
0.000000 0.000000 166.032597 166.014740 166.005953 166.004819 166.005953 166.014740 166.032597 0.000000 0.000000 
0.000000 0.000000 166.037133 166.015590 166.005386 166.003968 166.005386 166.015590 166.037133 0.000000 0.000000 
0.000000 0.000000 0.000000 166.017574 166.004819 166.003401 166.004819 166.017574 0.000000 0.000000 0.000000 
0.000000 0.000000 0.000000 166.020125 166.004535 166.002551 166.004535 166.020125 0.000000 0.000000 0.000000 
0.000000 0.000000 0.000000 166.024944 166.004819 166.001984 166.004819 166.024944 0.000000 0.000000 0.000000 
0.000000 0.000000 0.000000 166.035149 166.005102 166.001134 166.005102 166.035149 0.000000 0.000000 0.000000 
0.000000 0.000000 0.000000 0.000000 166.007653 166.000567 166.007653 0.000000 0.000000 0.000000 0.000000 
0.000000 0.000000 0.000000 0.000000 166.018425 166.000000 166.018425 0.000000 0.000000 0.000000 0.000000 
