test/output/constant/M3M470_S060_A180_WD270.0_WS040.0/M3M470_S060_A180_WD270.0_WS040.0_arrival.asc
ncols         48
nrows         7
xllcorner     426603.990666
yllcorner     12748455.311160
cellsize      100.000000
NODATA_value  0.000000
0.000000 0.000000 0.000000 0.000000 0.000000 0.000000 0.000000 0.000000 0.000000 0.000000 0.000000 0.000000 0.000000 0.000000 0.000000 0.000000 166.040451 166.039747 166.039044 166.038340 166.037988 166.037637 166.037285 166.036933 166.036933 166.036933 166.036933 166.037285 166.037637 166.038340 166.038692 166.039395 166.040099 166.040451 166.041154 166.041667 0.000000 0.000000 0.000000 0.000000 0.000000 0.000000 0.000000 0.000000 0.000000 0.000000 0.000000 0.000000 
0.000000 0.000000 0.000000 0.000000 0.000000 166.037988 166.032361 166.029547 166.027436 166.025326 166.024270 166.023567 166.022863 166.022512 166.022160 166.022160 166.022512 166.022863 166.023215 166.023919 166.024622 166.024974 166.025677 166.026381 166.026733 166.027436 166.028140 166.028843 166.029547 166.030250 166.030954 166.031657 166.032361 166.033064 166.034119 166.034823 166.035526 166.036581 166.037285 166.037988 166.039044 166.039747 166.040451 166.041154 0.000000 0.000000 0.000000 0.000000 
0.000000 166.017587 166.010552 166.008442 166.007738 166.007387 166.007738 166.008442 166.008794 166.009497 166.010201 166.010904 166.011959 166.012663 166.013366 166.014422 166.015125 166.016180 166.016884 166.017939 166.018642 166.019346 166.020401 166.021105 166.022160 166.022863 166.023919 166.024622 166.025677 166.026381 166.027084 166.028140 166.028843 166.029898 166.030602 166.031657 166.032361 166.033416 166.034119 166.035175 166.035878 166.036581 166.037637 166.038340 166.039395 166.040099 166.041154 0.000000 
166.000000 166.000703 166.001407 166.002462 166.003166 166.004221 166.004924 166.005980 166.006683 166.007738 166.008442 166.009497 166.010201 166.011256 166.011959 166.013015 166.013718 166.014773 166.015477 166.016532 166.017236 166.018291 166.018994 166.020049 166.020753 166.021808 166.022512 166.023567 166.024270 166.025326 166.026029 166.027084 166.027788 166.028843 166.029547 166.030602 166.031305 166.032361 166.033064 166.034119 166.034823 166.035878 166.036581 166.037637 166.038340 166.039395 166.040099 166.041154 
0.000000 166.017587 166.010552 166.008442 166.007738 166.007387 166.007738 166.008442 166.008794 166.009497 166.010201 166.010904 166.011959 166.012663 166.013366 166.014422 166.015125 166.016180 166.016884 166.017939 166.018642 166.019346 166.020401 166.021105 166.022160 166.022863 166.023919 166.024622 166.025677 166.026381 166.027084 166.028140 166.028843 166.029898 166.030602 166.031657 166.032361 166.033416 166.034119 166.035175 166.035878 166.036581 166.037637 166.038340 166.039395 166.040099 166.041154 0.000000 
0.000000 0.000000 0.000000 0.000000 0.000000 166.037988 166.032361 166.029547 166.027436 166.025326 166.024270 166.023567 166.022863 166.022512 166.022160 166.022160 166.022512 166.022863 166.023215 166.023919 166.024622 166.024974 166.025677 166.026381 166.026733 166.027436 166.028140 166.028843 166.029547 166.030250 166.030954 166.031657 166.032361 166.033064 166.034119 166.034823 166.035526 166.036581 166.037285 166.037988 166.039044 166.039747 166.040451 166.041154 0.000000 0.000000 0.000000 0.000000 
0.000000 0.000000 0.000000 0.000000 0.000000 0.000000 0.000000 0.000000 0.000000 0.000000 0.000000 0.000000 0.000000 0.000000 0.000000 0.000000 166.040451 166.039747 166.039044 166.038340 166.037988 166.037637 166.037285 166.036933 166.036933 166.036933 166.036933 166.037285 166.037637 166.038340 166.038692 166.039395 166.040099 166.040451 166.041154 166.041667 0.000000 0.000000 0.000000 0.000000 0.000000 0.000000 0.000000 0.000000 0.000000 0.000000 0.000000 0.000000 
