test/output/constant/M3M495_S060_A000_WD000.0_WS005.0/M3M495_S060_A000_WD000.0_WS005.0_raz.asc
ncols         54
nrows         12
xllcorner     421403.990666
yllcorner     12747855.311160
cellsize      100.000000
NODATA_value  0.000000
0 0 0 0 0 0 0 0 0 0 0 0 0 0 0 0 0 0 0 0 0 0 0 0 270 281 269 278 273 275 275 281 270 272 275 278 275 275 270 273 273 278 275 278 278 273 281 281 273 352 16 0 0 0 
0 0 0 0 0 0 0 0 0 0 0 0 0 0 0 0 0 272 269 273 270 275 270 275 270 270 270 270 270 270 272 270 269 278 272 270 275 273 273 273 273 281 278 278 281 281 272 281 275 278 281 281 82 0 
0 0 0 0 0 0 0 0 0 0 0 0 270 272 270 273 269 273 269 278 269 278 269 269 270 269 270 269 270 270 273 270 275 270 275 270 281 270 269 270 270 270 275 269 270 269 270 270 262 262 262 262 65535 82 
0 0 0 0 0 0 0 0 0 270 272 269 270 270 270 270 270 270 270 270 269 270 272 270 269 278 270 269 281 270 269 270 273 264 263 273 263 272 273 270 262 262 262 262 262 262 262 262 260 262 256 227 172 0 
0 0 0 0 0 0 269 281 269 270 278 269 270 278 270 269 270 269 270 269 267 269 270 269 270 270 270 262 275 266 264 262 262 262 262 262 262 262 262 262 262 260 259 262 262 262 255 255 255 255 186 149 0 0 
0 0 0 0 272 265 269 270 270 266 281 275 264 278 275 278 270 262 270 262 263 267 262 262 269 262 262 262 262 262 262 262 262 262 258 262 259 262 262 259 256 257 257 215 255 255 255 255 255 172 0 0 0 0 
0 0 270 270 266 265 262 263 270 270 262 270 270 270 262 262 264 262 262 262 262 262 262 262 262 262 262 262 260 258 260 262 262 262 262 262 256 256 256 255 215 255 255 198 255 255 255 198 0 0 0 0 0 0 
0 262 275 264 262 262 262 262 262 262 262 262 262 262 262 262 262 262 262 262 262 262 260 260 261 262 262 262 262 258 262 259 256 255 255 255 255 256 255 256 255 255 215 149 255 0 0 0 0 0 0 0 0 0 
270 262 262 262 262 262 262 262 262 262 262 262 262 262 262 262 260 261 262 262 258 262 262 260 262 259 256 255 256 186 215 215 255 255 255 255 255 198 255 256 255 198 0 0 0 0 0 0 0 0 0 0 0 0 
262 262 262 262 262 262 262 262 262 260 262 260 262 262 259 262 260 262 262 262 261 261 256 255 255 256 256 256 255 255 255 255 256 255 198 198 215 0 0 0 0 0 0 0 0 0 0 0 0 0 0 0 0 0 
0 262 262 258 261 262 262 262 262 262 261 262 262 259 258 260 257 262 259 256 256 255 255 215 255 255 215 255 255 255 198 256 0 0 0 0 0 0 0 0 0 0 0 0 0 0 0 0 0 0 0 0 0 0 
0 0 0 0 0 262 262 260 262 259 262 260 257 256 255 227 256 256 256 255 255 186 255 255 255 0 0 0 0 0 0 0 0 0 0 0 0 0 0 0 0 0 0 0 0 0 0 0 0 0 0 0 0 0 
