test/output/constant/M3100_S060_A000_WD315.0_WS005.0/M3100_S060_A000_WD315.0_WS005.0_intensity.asc
ncols         55
nrows         13
xllcorner     421303.990666
yllcorner     12747855.311160
cellsize      100.000000
NODATA_value  0.000000
0 0 0 0 0 0 0 0 0 0 0 0 0 0 0 0 0 0 0 0 0 50585 63676 43576 43576 29692 36541 43576 36541 29692 36541 43576 43576 36541 43576 29692 50585 43576 43576 43576 57353 50585 57353 50585 29692 23238 57353 36541 43576 0 0 0 0 0 0 
0 0 0 0 0 0 0 0 0 0 0 0 0 0 0 57353 57353 36541 50585 43576 43576 43576 43576 43576 36541 29692 63676 69362 69362 63676 57353 43576 63676 36541 63676 63676 36541 43576 50585 36541 29692 50585 36541 36541 43576 57353 29692 2890 4959 29692 36541 1726 1304 0 0 
0 0 0 0 0 0 0 0 0 0 69362 50585 36541 23238 43576 36541 36541 29692 69362 69362 69362 69362 69362 69362 69362 69362 69362 69362 74237 69362 69362 69362 69362 69362 69362 69362 69362 69362 69362 69362 63676 63676 69362 69362 63676 63676 43576 57353 43576 29692 43576 50585 50585 1304 0 
0 0 0 0 0 0 0 63676 69362 69362 63676 63676 63676 63676 69362 69362 69362 69362 69362 69362 63676 63676 63676 63676 63676 57353 57353 57353 57353 36541 50585 50585 43576 50585 69362 69362 69362 63676 69362 69362 69362 69362 69362 69362 78154 36541 57353 83142 63676 83142 83142 83142 83142 0 1726 
0 0 0 0 50585 69362 69362 74237 69362 63676 69362 69362 69362 69362 74237 69362 69362 74237 69362 63676 78154 29692 43576 63676 69362 63676 63676 63676 50585 83142 63676 74237 57353 69362 78154 83142 63676 80995 63676 63676 83142 83142 83142 83142 83142 83142 83142 83142 83142 83142 83142 68918 2834 1726 0 
0 0 63676 63676 69362 43576 69362 69362 69362 63676 43576 43576 63676 69362 57353 78154 23238 63676 63676 82671 63676 83142 63676 83036 83142 83142 83142 83142 83142 63676 83142 83142 83142 83142 83142 83142 83142 83142 83142 83142 83142 83142 83142 83142 83142 83142 68918 56810 4823 56810 56810 2164 1092 1328 0 
0 63676 80995 80995 63676 63676 43576 83142 83142 83142 69362 83142 57353 83142 83142 63676 63676 83142 83142 63676 83142 83142 83142 83142 83142 83142 83142 83142 83142 83142 83142 83142 80801 83142 73866 83142 83142 83142 83142 83142 83142 68918 63175 56810 56810 56810 4823 56810 4823 1328 2834 2164 0 0 0 
69362 83142 83142 83142 82671 83142 83142 83142 63676 83142 63676 83142 83142 83142 83142 83142 83142 83142 83142 83142 83142 83142 83142 83142 83142 83142 83142 83142 83142 83142 83142 83142 83142 80801 83142 77868 77868 56810 7873 7873 56810 2164 56810 56810 1328 63175 56810 56810 1092 0 0 0 0 0 0 
83142 83142 83142 83142 83142 83142 83142 83142 83142 77868 83142 83142 80801 83142 83142 83142 83142 83142 83142 83142 83142 83142 73866 83142 83142 80801 83142 73866 77868 83142 73866 63175 56810 83142 73866 56810 4823 56810 63175 2834 63175 56810 63175 56810 1328 56810 0 0 0 0 0 0 0 0 0 
77868 83142 83142 83142 83142 83142 83142 83142 83142 83142 83142 83142 83142 83142 83142 82989 68918 83142 77868 83142 83142 83142 82577 68918 83142 63175 68918 63175 83142 77868 63175 56810 56810 56810 56810 56810 63175 56810 4823 56810 56810 56810 56810 0 0 0 0 0 0 0 0 0 0 0 0 
0 83142 83142 82577 80801 83142 83142 83142 83142 80801 83142 83142 63175 83142 83142 83142 82577 82989 73866 83142 77868 83142 73866 83142 73866 56810 63175 56810 2834 56810 7873 4823 56810 4823 63175 56810 56810 56810 0 0 0 0 0 0 0 0 0 0 0 0 0 0 0 0 0 
0 0 0 0 73866 83142 83142 83142 83142 83142 73866 83142 82989 73866 83142 68918 83142 68918 83142 68918 56810 56810 63175 68918 63175 4823 56810 56810 56810 56810 56810 0 0 0 0 0 0 0 0 0 0 0 0 0 0 0 0 0 0 0 0 0 0 0 0 
0 0 0 0 0 0 0 0 0 0 0 0 0 0 0 68918 83142 63175 56810 63175 63175 0 0 0 0 0 0 0 0 0 0 0 0 0 0 0 0 0 0 0 0 0 0 0 0 0 0 0 0 0 0 0 0 0 0 
