test/output/constant/M3100_S060_A000_WD315.0_WS005.0/M3100_S060_A000_WD315.0_WS005.0_raz.asc
ncols         55
nrows         13
xllcorner     421303.990666
yllcorner     12747855.311160
cellsize      100.000000
NODATA_value  0.000000
0 0 0 0 0 0 0 0 0 0 0 0 0 0 0 0 0 0 0 0 0 274 271 276 276 281 278 276 278 281 278 276 276 278 276 281 274 276 276 276 272 274 272 274 281 284 272 278 276 0 0 0 0 0 0 
0 0 0 0 0 0 0 0 0 0 0 0 0 0 0 272 272 278 274 276 276 276 276 276 278 281 271 270 270 271 272 276 271 278 271 271 278 276 274 278 281 274 278 278 276 272 281 330 313 281 278 354 17 0 0 
0 0 0 0 0 0 0 0 0 0 270 274 278 284 276 278 278 281 270 270 270 270 270 270 270 270 270 270 268 270 270 270 270 270 270 270 270 270 270 270 271 271 270 270 271 271 276 272 276 281 276 274 274 17 0 
0 0 0 0 0 0 0 271 270 270 271 271 271 271 270 270 270 270 270 270 271 271 271 271 271 272 272 272 272 278 274 274 276 274 270 270 270 271 270 270 270 270 270 270 267 278 272 264 271 264 264 264 264 254 174 
0 0 0 0 274 270 270 268 270 271 270 270 270 270 268 270 270 268 270 271 267 281 276 271 270 271 271 271 274 264 271 268 272 270 267 264 271 266 271 271 264 264 264 264 264 264 264 264 264 264 264 259 198 174 0 
0 0 271 271 270 276 270 270 270 271 276 276 271 270 272 267 284 271 271 265 271 264 271 265 264 264 264 264 264 271 264 264 264 264 264 264 264 264 264 264 264 264 264 264 264 264 259 256 215 256 256 187 84 152 0 
0 271 266 266 271 271 276 264 264 264 270 264 272 264 264 271 271 264 264 271 264 264 264 264 264 264 264 264 264 264 264 264 262 264 260 264 264 264 264 264 264 259 257 256 256 256 215 256 215 152 198 187 0 0 0 
270 264 264 264 265 264 264 264 271 264 271 264 264 264 264 264 264 264 264 264 264 264 264 264 264 264 264 264 264 264 264 264 264 262 264 261 261 256 227 227 256 187 256 256 152 257 256 256 84 0 0 0 0 0 0 
264 264 264 264 264 264 264 264 264 261 264 264 262 264 264 264 264 264 264 264 264 264 260 264 264 262 264 260 261 264 260 257 256 264 260 256 215 256 257 198 257 256 257 256 152 256 0 0 0 0 0 0 0 0 0 
261 264 264 264 264 264 264 264 264 264 264 264 264 264 264 264 259 264 261 264 264 264 263 259 264 257 259 257 264 261 257 256 256 256 256 256 257 256 215 256 256 256 256 0 0 0 0 0 0 0 0 0 0 0 0 
0 264 264 263 262 264 264 264 264 262 264 264 257 264 264 264 263 264 260 264 261 264 260 264 260 256 257 256 198 256 227 215 256 215 257 256 256 256 0 0 0 0 0 0 0 0 0 0 0 0 0 0 0 0 0 
0 0 0 0 260 264 264 264 264 264 260 264 264 260 264 259 264 259 264 259 256 256 257 259 257 215 256 256 256 256 256 0 0 0 0 0 0 0 0 0 0 0 0 0 0 0 0 0 0 0 0 0 0 0 0 
0 0 0 0 0 0 0 0 0 0 0 0 0 0 0 259 264 257 256 257 257 0 0 0 0 0 0 0 0 0 0 0 0 0 0 0 0 0 0 0 0 0 0 0 0 0 0 0 0 0 0 0 0 0 0 
