test/output/constant/M3M490_S060_A180_WD090.0_WS005.0/M3M490_S060_A180_WD090.0_WS005.0_arrival.asc
ncols         44
nrows         11
xllcorner     426503.990666
yllcorner     12748255.311160
cellsize      100.000000
NODATA_value  0.000000
0.000000 0.000000 0.000000 0.000000 0.000000 0.000000 0.000000 0.000000 0.000000 0.000000 0.000000 0.000000 0.000000 0.000000 0.000000 0.000000 0.000000 0.000000 166.041285 166.040888 166.040888 166.040491 166.040491 166.040094 166.040094 166.040491 166.040491 166.040491 166.041285 166.041667 0.000000 0.000000 0.000000 0.000000 0.000000 0.000000 0.000000 0.000000 0.000000 0.000000 0.000000 0.000000 0.000000 0.000000 
0.000000 0.000000 0.000000 0.000000 0.000000 0.000000 0.000000 0.000000 0.000000 166.039300 166.036918 166.035330 166.034139 166.033346 166.032552 166.031758 166.031758 166.031361 166.031361 166.031361 166.031361 166.031758 166.032155 166.032552 166.033346 166.033742 166.034536 166.034933 166.035727 166.036521 166.037315 166.037712 166.038506 166.039300 166.040094 166.040888 166.041667 0.000000 0.000000 0.000000 0.000000 0.000000 0.000000 0.000000 
0.000000 0.000000 0.000000 0.000000 166.041285 166.034536 166.029773 166.026994 166.025406 166.024215 166.023421 166.023024 166.022627 166.022627 166.022627 166.022627 166.023024 166.023421 166.024215 166.024612 166.025406 166.026200 166.026597 166.027391 166.028185 166.028979 166.029773 166.030567 166.031361 166.032155 166.032949 166.033742 166.034933 166.035727 166.036521 166.037315 166.038506 166.039300 166.040094 166.041285 0.000000 0.000000 0.000000 0.000000 
0.000000 0.000000 166.030567 166.022627 166.017467 166.015482 166.014688 166.013894 166.013497 166.013497 166.013894 166.014291 166.015085 166.015482 166.016276 166.017070 166.017864 166.018658 166.019452 166.020245 166.021039 166.022230 166.023024 166.023818 166.024612 166.025803 166.026597 166.027788 166.028582 166.029376 166.030567 166.031361 166.032155 166.033346 166.034139 166.035330 166.036124 166.036918 166.038109 166.038903 166.039697 166.040888 166.041667 0.000000 
0.000000 166.011512 166.005558 166.004764 166.004764 166.005161 166.005955 166.006748 166.007542 166.008336 166.009527 166.010321 166.011115 166.012306 166.013100 166.014291 166.015085 166.016276 166.017070 166.017864 166.019055 166.019849 166.021039 166.021833 166.023024 166.023818 166.024612 166.025803 166.026597 166.027788 166.028582 166.029773 166.030567 166.031758 166.032552 166.033742 166.034536 166.035727 166.036521 166.037712 166.038506 166.039697 166.040491 166.041667 
166.027788 166.000000 166.000794 166.001588 166.002779 166.003573 166.004764 166.005558 166.006748 166.007542 166.008733 166.009527 166.010718 166.011512 166.012703 166.013497 166.014688 166.015482 166.016673 166.017467 166.018658 166.019452 166.020642 166.021436 166.022627 166.023421 166.024612 166.025406 166.026597 166.027391 166.028582 166.029376 166.030567 166.031361 166.032552 166.033346 166.034536 166.035330 166.036521 166.037315 166.038506 166.039300 166.040491 166.041285 
0.000000 166.011512 166.005558 166.004764 166.004764 166.005161 166.005955 166.006748 166.007542 166.008336 166.009527 166.010321 166.011115 166.012306 166.013100 166.014291 166.015085 166.016276 166.017070 166.017864 166.019055 166.019849 166.021039 166.021833 166.023024 166.023818 166.024612 166.025803 166.026597 166.027788 166.028582 166.029773 166.030567 166.031758 166.032552 166.033742 166.034536 166.035727 166.036521 166.037712 166.038506 166.039697 166.040491 166.041667 
0.000000 0.000000 166.030567 166.022627 166.017467 166.015482 166.014688 166.013894 166.013497 166.013497 166.013894 166.014291 166.015085 166.015482 166.016276 166.017070 166.017864 166.018658 166.019452 166.020245 166.021039 166.022230 166.023024 166.023818 166.024612 166.025803 166.026597 166.027788 166.028582 166.029376 166.030567 166.031361 166.032155 166.033346 166.034139 166.035330 166.036124 166.036918 166.038109 166.038903 166.039697 166.040888 166.041667 0.000000 
0.000000 0.000000 0.000000 0.000000 166.041285 166.034536 166.029773 166.026994 166.025406 166.024215 166.023421 166.023024 166.022627 166.022627 166.022627 166.022627 166.023024 166.023421 166.024215 166.024612 166.025406 166.026200 166.026597 166.027391 166.028185 166.028979 166.029773 166.030567 166.031361 166.032155 166.032949 166.033742 166.034933 166.035727 166.036521 166.037315 166.038506 166.039300 166.040094 166.041285 0.000000 0.000000 0.000000 0.000000 
0.000000 0.000000 0.000000 0.000000 0.000000 0.000000 0.000000 0.000000 0.000000 166.039300 166.036918 166.035330 166.034139 166.033346 166.032552 166.031758 166.031758 166.031361 166.031361 166.031361 166.031361 166.031758 166.032155 166.032552 166.033346 166.033742 166.034536 166.034933 166.035727 166.036521 166.037315 166.037712 166.038506 166.039300 166.040094 166.040888 166.041667 0.000000 0.000000 0.000000 0.000000 0.000000 0.000000 0.000000 
0.000000 0.000000 0.000000 0.000000 0.000000 0.000000 0.000000 0.000000 0.000000 0.000000 0.000000 0.000000 0.000000 0.000000 0.000000 0.000000 0.000000 0.000000 166.041285 166.040888 166.040888 166.040491 166.040491 166.040094 166.040094 166.040491 166.040491 166.040491 166.041285 166.041667 0.000000 0.000000 0.000000 0.000000 0.000000 0.000000 0.000000 0.000000 0.000000 0.000000 0.000000 0.000000 0.000000 0.000000 
