test/output/constant/M395_S060_A180_WD045.0_WS010.0/M395_S060_A180_WD045.0_WS010.0_raz.asc
ncols         46
nrows         15
xllcorner     426503.990666
yllcorner     12747555.311160
cellsize      100.000000
NODATA_value  0.000000
0 0 12 75 80 75 83 75 75 75 80 75 89 89 83 75 75 0 0 0 0 0 0 0 0 0 0 0 0 0 0 0 0 0 0 0 0 0 0 0 0 0 0 0 0 0 
303 12 80 80 80 75 83 89 80 80 91 89 83 91 86 92 86 94 91 80 91 83 92 83 0 0 0 0 0 0 0 0 0 0 0 0 0 0 0 0 0 0 0 0 0 0 
212 65535 102 102 102 102 102 102 100 97 86 97 92 83 95 83 97 94 83 95 89 97 83 95 91 83 92 86 92 89 0 0 0 0 0 0 0 0 0 0 0 0 0 0 0 0 
192 180 102 102 102 102 102 102 101 102 102 102 98 101 102 102 102 83 80 102 95 86 102 97 92 75 97 89 83 97 92 98 95 0 0 0 0 0 0 0 0 0 0 0 0 0 
0 180 192 111 111 104 105 102 102 102 102 102 102 102 102 86 83 102 97 92 89 102 102 102 102 83 83 89 86 86 102 99 94 83 102 95 0 0 0 0 0 0 0 0 0 0 
0 0 180 180 111 111 109 102 102 105 102 105 102 102 102 102 102 83 102 102 102 102 89 102 102 86 102 102 83 98 102 102 102 80 86 98 99 99 99 0 0 0 0 0 0 0 
0 0 0 0 180 260 154 109 111 111 111 104 106 104 102 102 102 102 101 102 102 98 102 102 102 102 89 94 69 80 102 89 102 86 99 102 86 86 102 102 102 0 0 0 0 0 
0 0 0 0 0 0 212 111 260 111 111 106 106 109 104 103 103 102 102 102 102 102 102 102 102 102 99 102 102 80 102 102 91 98 102 86 102 99 86 102 102 83 102 0 0 0 
0 0 0 0 0 0 0 0 111 192 111 111 109 111 111 109 111 103 108 104 102 103 102 102 102 102 102 102 102 102 102 89 102 102 99 102 102 102 102 94 100 99 102 99 0 0 
0 0 0 0 0 0 0 0 0 0 0 111 111 111 111 192 104 102 111 109 104 105 103 102 102 102 102 102 102 102 102 102 102 102 102 102 102 102 102 102 102 102 89 101 102 91 
0 0 0 0 0 0 0 0 0 0 0 0 0 0 111 109 111 111 111 111 102 105 105 102 106 102 102 102 102 102 106 102 102 102 102 102 102 102 102 102 102 102 102 102 102 102 
0 0 0 0 0 0 0 0 0 0 0 0 0 0 0 0 0 111 109 111 111 103 104 109 105 103 102 105 102 102 102 102 102 102 102 102 102 102 102 102 102 102 102 102 102 102 
0 0 0 0 0 0 0 0 0 0 0 0 0 0 0 0 0 0 0 0 0 109 106 106 102 104 105 105 105 102 105 102 102 102 102 102 102 102 102 102 102 102 102 102 102 102 
0 0 0 0 0 0 0 0 0 0 0 0 0 0 0 0 0 0 0 0 0 0 0 0 0 0 104 111 109 104 104 105 102 105 102 102 102 102 104 102 102 102 102 102 102 0 
0 0 0 0 0 0 0 0 0 0 0 0 0 0 0 0 0 0 0 0 0 0 0 0 0 0 0 0 0 0 0 0 0 0 0 0 105 102 102 102 0 0 0 0 0 0 
