test/output/constant/M395_S060_A180_WD045.0_WS010.0/M395_S060_A180_WD045.0_WS010.0_intensity.asc
ncols         46
nrows         15
xllcorner     426503.990666
yllcorner     12747555.311160
cellsize      100.000000
NODATA_value  0.000000
0 0 1922 15119 20009 15119 25383 15119 15119 15119 20009 15119 36930 36930 25383 15119 15119 0 0 0 0 0 0 0 0 0 0 0 0 0 0 0 0 0 0 0 0 0 0 0 0 0 0 0 0 0 
1280 1922 20009 20009 20009 15119 25383 36930 20009 20009 42753 36930 25383 42753 31081 48373 31081 53620 42753 20009 42753 25383 48373 25383 0 0 0 0 0 0 0 0 0 0 0 0 0 0 0 0 0 0 0 0 0 0 
1558 0 69719 69719 69719 69719 69719 69719 69344 62375 31081 62375 48373 25383 58335 25383 62375 53620 25383 58335 36930 62375 25383 58335 42753 25383 48373 31081 48373 36930 0 0 0 0 0 0 0 0 0 0 0 0 0 0 0 0 
1922 2286 69719 69719 69719 69719 69719 69719 69649 69719 69719 69719 65618 69649 69719 69719 69719 25383 20009 69719 58335 31081 69719 62375 48373 15119 62375 36930 25383 62375 48373 65618 58335 0 0 0 0 0 0 0 0 0 0 0 0 0 
0 2286 1922 47298 47298 67573 65043 69719 69719 69719 69719 69719 69719 69719 69719 31081 25383 69719 62375 48373 36930 69719 69719 69719 69719 25383 25383 36930 31081 31081 69719 67964 53620 25383 69719 58335 0 0 0 0 0 0 0 0 0 0 
0 0 2286 2286 47298 47298 52626 69719 69719 65043 69719 65043 69719 69719 69719 69719 69719 25383 69719 69719 69719 69719 36930 69719 69719 31081 69719 69719 25383 65618 69719 69719 69719 20009 31081 65618 67964 67964 67964 0 0 0 0 0 0 0 
0 0 0 0 2286 1342 4439 52626 47298 47298 47298 67573 61635 67573 69719 69719 69719 69719 69649 69719 69719 65618 69719 69719 69719 69719 36930 53620 10861 20009 69719 36930 69719 31081 67964 69719 31081 31081 69719 69719 69719 0 0 0 0 0 
0 0 0 0 0 0 1558 47298 1342 47298 47298 61635 61635 52626 67573 69149 69149 69719 69719 69719 69719 69719 69719 69719 69719 69719 67964 69719 69719 20009 69719 69719 42753 65618 69719 31081 69719 67964 31081 69719 69719 25383 69719 0 0 0 
0 0 0 0 0 0 0 0 47298 1922 47298 47298 52626 47298 47298 52626 47298 69149 57454 67573 69719 69149 69719 69719 69719 69719 69719 69719 69719 69719 69719 36930 69719 69719 67964 69719 69719 69719 69719 53620 69344 67964 69719 67964 0 0 
0 0 0 0 0 0 0 0 0 0 0 47298 47298 47298 47298 1922 67573 69719 47298 52626 67573 65043 69149 69719 69719 69719 69719 69719 69719 69719 69719 69719 69719 69719 69719 69719 69719 69719 69719 69719 69719 69719 36930 69649 69719 42753 
0 0 0 0 0 0 0 0 0 0 0 0 0 0 47298 52626 47298 47298 47298 47298 69719 65043 65043 69719 61635 69719 69719 69719 69719 69719 61635 69719 69719 69719 69719 69719 69719 69719 69719 69719 69719 69719 69719 69719 69719 69719 
0 0 0 0 0 0 0 0 0 0 0 0 0 0 0 0 0 47298 52626 47298 47298 69149 67573 52626 65043 69149 69552 65043 69552 69719 69719 69719 69719 69719 69719 69719 69719 69719 69719 69719 69719 69719 69719 69719 69719 69719 
0 0 0 0 0 0 0 0 0 0 0 0 0 0 0 0 0 0 0 0 0 52626 61635 61635 69719 67573 65043 65043 65043 69719 65043 69719 69719 69719 69719 69719 69719 69719 69719 69719 69719 69719 69719 69719 69719 69719 
0 0 0 0 0 0 0 0 0 0 0 0 0 0 0 0 0 0 0 0 0 0 0 0 0 0 67573 47298 52626 67573 67573 65043 69719 65043 69719 69719 69719 69719 67573 69719 69552 69719 69719 69719 69719 0 
0 0 0 0 0 0 0 0 0 0 0 0 0 0 0 0 0 0 0 0 0 0 0 0 0 0 0 0 0 0 0 0 0 0 0 0 65043 69552 69719 69719 0 0 0 0 0 0 
