test/output/constant/M3M470_S060_A000_WD045.0_WS015.0/M3M470_S060_A000_WD045.0_WS015.0_arrival.asc
ncols         44
nrows         13
xllcorner     422303.990666
yllcorner     12747655.311160
cellsize      100.000000
NODATA_value  0.000000
0.000000 0.000000 0.000000 0.000000 0.000000 0.000000 0.000000 0.000000 0.000000 0.000000 0.000000 0.000000 0.000000 0.000000 0.000000 0.000000 0.000000 0.000000 0.000000 0.000000 0.000000 0.000000 0.000000 0.000000 0.000000 0.000000 0.000000 0.000000 0.000000 0.000000 0.000000 0.000000 0.000000 0.000000 166.039649 166.037030 166.034786 166.032168 166.030672 166.028053 166.026931 166.026183 166.028427 166.040023 
0.000000 0.000000 0.000000 0.000000 0.000000 0.000000 0.000000 0.000000 0.000000 0.000000 0.000000 0.000000 0.000000 0.000000 0.000000 0.000000 0.000000 0.000000 0.000000 0.000000 0.000000 0.000000 0.000000 0.000000 166.040397 166.037778 166.035534 166.032916 166.030298 166.028053 166.025435 166.022817 166.020572 166.017954 166.015710 166.013092 166.010847 166.008603 166.006359 166.004114 166.002618 166.001496 166.000748 166.000000 
0.000000 0.000000 0.000000 0.000000 0.000000 0.000000 0.000000 0.000000 0.000000 0.000000 0.000000 0.000000 0.000000 0.000000 0.000000 0.000000 0.000000 0.000000 0.000000 166.041519 166.038901 166.036656 166.034412 166.031794 166.029550 166.027305 166.025061 166.022817 166.020572 166.018702 166.016458 166.014214 166.012343 166.010473 166.008977 166.007481 166.006359 166.005611 166.004489 166.003740 166.002618 166.002244 166.002244 166.012718 
0.000000 0.000000 0.000000 0.000000 0.000000 0.000000 0.000000 0.000000 0.000000 0.000000 0.000000 0.000000 0.000000 0.000000 0.000000 166.041519 166.039275 166.037030 166.034786 166.032916 166.030672 166.028801 166.026557 166.024313 166.022443 166.020572 166.018702 166.016832 166.015336 166.013840 166.012343 166.011221 166.010473 166.009351 166.008229 166.007481 166.006359 166.005985 166.005985 166.006359 166.008603 166.016084 166.033290 0.000000 
0.000000 0.000000 0.000000 0.000000 0.000000 0.000000 0.000000 0.000000 0.000000 0.000000 0.000000 0.000000 166.040771 166.038901 166.036656 166.034412 166.032542 166.030298 166.028427 166.026931 166.025061 166.023191 166.021695 166.020198 166.018702 166.017206 166.016084 166.015336 166.014214 166.013466 166.012343 166.011221 166.010473 166.010099 166.010099 166.010099 166.010847 166.012343 166.015710 166.022817 166.034038 0.000000 0.000000 0.000000 
0.000000 0.000000 0.000000 0.000000 0.000000 0.000000 0.000000 0.000000 0.000000 166.040397 166.038527 166.036656 166.034786 166.033290 166.031420 166.029924 166.028053 166.026557 166.025061 166.023565 166.022443 166.020946 166.020198 166.019076 166.017954 166.017206 166.016084 166.015336 166.014588 166.014214 166.013840 166.013840 166.014214 166.014962 166.016084 166.018702 166.022817 166.029550 166.038527 0.000000 0.000000 0.000000 0.000000 0.000000 
0.000000 0.000000 0.000000 0.000000 0.000000 0.000000 166.041145 166.039649 166.037778 166.036282 166.034412 166.032916 166.031420 166.029924 166.028427 166.027305 166.026183 166.025061 166.023939 166.022817 166.022069 166.020946 166.020198 166.019076 166.018702 166.018328 166.017954 166.017580 166.017954 166.018328 166.019076 166.020198 166.022069 166.025435 166.029924 166.036282 0.000000 0.000000 0.000000 0.000000 0.000000 0.000000 0.000000 0.000000 
0.000000 0.000000 0.000000 0.000000 166.040771 166.039275 166.037778 166.036282 166.034786 166.033290 166.032168 166.031046 166.029924 166.028801 166.027679 166.026931 166.025809 166.025061 166.023939 166.023191 166.022443 166.022069 166.021695 166.021695 166.021695 166.021695 166.022443 166.023191 166.024313 166.026183 166.028427 166.032168 166.037030 0.000000 0.000000 0.000000 0.000000 0.000000 0.000000 0.000000 0.000000 0.000000 0.000000 0.000000 
0.000000 0.000000 166.041145 166.039649 166.038527 166.037030 166.035908 166.034786 166.033664 166.032542 166.031794 166.030672 166.029924 166.028801 166.028053 166.026931 166.026557 166.026183 166.025809 166.025435 166.025435 166.025435 166.025809 166.026557 166.027305 166.028427 166.029924 166.032168 166.035160 166.038901 0.000000 0.000000 0.000000 0.000000 0.000000 0.000000 0.000000 0.000000 0.000000 0.000000 0.000000 0.000000 0.000000 0.000000 
0.000000 166.040771 166.039649 166.038527 166.037404 166.036656 166.035534 166.034412 166.033664 166.032542 166.031794 166.031046 166.030672 166.030298 166.029550 166.029550 166.029550 166.029550 166.029550 166.029924 166.030672 166.031420 166.032542 166.033664 166.035908 166.038527 0.000000 0.000000 0.000000 0.000000 0.000000 0.000000 0.000000 0.000000 0.000000 0.000000 0.000000 0.000000 0.000000 0.000000 0.000000 0.000000 0.000000 0.000000 
166.041519 166.040397 166.039275 166.038527 166.037404 166.036656 166.035534 166.035160 166.034412 166.034038 166.033664 166.033664 166.033290 166.033290 166.033290 166.033664 166.034038 166.034786 166.035534 166.036656 166.037778 166.040023 0.000000 0.000000 0.000000 0.000000 0.000000 0.000000 0.000000 0.000000 0.000000 0.000000 0.000000 0.000000 0.000000 0.000000 0.000000 0.000000 0.000000 0.000000 0.000000 0.000000 0.000000 0.000000 
166.041519 166.040397 166.039649 166.039275 166.038527 166.038153 166.037778 166.037404 166.037404 166.037404 166.037404 166.037404 166.037778 166.038153 166.038901 166.040023 166.040771 0.000000 0.000000 0.000000 0.000000 0.000000 0.000000 0.000000 0.000000 0.000000 0.000000 0.000000 0.000000 0.000000 0.000000 0.000000 0.000000 0.000000 0.000000 0.000000 0.000000 0.000000 0.000000 0.000000 0.000000 0.000000 0.000000 0.000000 
0.000000 0.000000 0.000000 166.041519 166.041519 166.041145 166.041145 166.041145 166.041519 0.000000 0.000000 0.000000 0.000000 0.000000 0.000000 0.000000 0.000000 0.000000 0.000000 0.000000 0.000000 0.000000 0.000000 0.000000 0.000000 0.000000 0.000000 0.000000 0.000000 0.000000 0.000000 0.000000 0.000000 0.000000 0.000000 0.000000 0.000000 0.000000 0.000000 0.000000 0.000000 0.000000 0.000000 0.000000 
