test/output/constant/M395_S000_A180_WD270.0_WS025.0/M395_S000_A180_WD270.0_WS025.0_arrival.asc
ncols         35
nrows         11
xllcorner     426403.990666
yllcorner     12748255.311160
cellsize      100.000000
NODATA_value  0.000000
0.000000 0.000000 0.000000 0.000000 0.000000 0.000000 0.000000 0.000000 0.000000 0.000000 166.041152 166.039609 166.038580 166.037552 166.037037 166.037037 166.036523 166.036523 166.037037 166.037037 166.037552 166.037552 166.038580 166.039095 166.040124 166.040638 166.041667 0.000000 0.000000 0.000000 0.000000 0.000000 0.000000 0.000000 0.000000 
0.000000 0.000000 0.000000 0.000000 0.000000 166.041152 166.037037 166.034465 166.032408 166.030864 166.029836 166.028807 166.028807 166.028807 166.028807 166.028807 166.029321 166.029321 166.030350 166.030864 166.031893 166.032922 166.033436 166.034465 166.035494 166.036523 166.037552 166.038580 166.039609 166.040638 166.041667 0.000000 0.000000 0.000000 0.000000 
0.000000 0.000000 0.000000 166.034465 166.029321 166.025720 166.023663 166.022119 166.021091 166.020576 166.020576 166.020576 166.021091 166.021091 166.022119 166.022634 166.023663 166.024691 166.025720 166.026749 166.027263 166.028292 166.029321 166.030864 166.031893 166.032922 166.033951 166.035494 166.036523 166.037552 166.038580 166.040124 166.041152 0.000000 0.000000 
0.000000 166.037037 166.023663 166.018004 166.014918 166.013375 166.012346 166.012346 166.012346 166.012860 166.013889 166.014918 166.015947 166.016461 166.017490 166.018519 166.020062 166.021091 166.022119 166.023148 166.024691 166.025720 166.027263 166.028292 166.029321 166.030864 166.031893 166.033436 166.034465 166.035494 166.037037 166.038066 166.039609 166.040638 0.000000 
0.000000 166.018519 166.006687 166.004630 166.004115 166.004630 166.005658 166.006687 166.008230 166.009259 166.010288 166.011831 166.012860 166.014403 166.015432 166.016461 166.018004 166.019033 166.020576 166.021605 166.023148 166.024177 166.025720 166.026749 166.028292 166.029321 166.030864 166.031893 166.033436 166.034465 166.036008 166.037037 166.038580 166.039609 166.041152 
166.039609 166.013375 166.000000 166.001029 166.002058 166.003601 166.004630 166.006173 166.007202 166.008745 166.009774 166.011317 166.012346 166.013889 166.014918 166.016461 166.017490 166.019033 166.020062 166.021605 166.022634 166.024177 166.025206 166.026749 166.027778 166.029321 166.030350 166.031893 166.032922 166.034465 166.035494 166.037037 166.038066 166.039609 166.040638 
0.000000 166.018519 166.006687 166.004630 166.004115 166.004630 166.005658 166.006687 166.008230 166.009259 166.010288 166.011831 166.012860 166.014403 166.015432 166.016461 166.018004 166.019033 166.020576 166.021605 166.023148 166.024177 166.025720 166.026749 166.028292 166.029321 166.030864 166.031893 166.033436 166.034465 166.036008 166.037037 166.038580 166.039609 166.041152 
0.000000 166.037037 166.023663 166.018004 166.014918 166.013375 166.012346 166.012346 166.012346 166.012860 166.013889 166.014918 166.015947 166.016461 166.017490 166.018519 166.020062 166.021091 166.022119 166.023148 166.024691 166.025720 166.027263 166.028292 166.029321 166.030864 166.031893 166.033436 166.034465 166.035494 166.037037 166.038066 166.039609 166.040638 0.000000 
0.000000 0.000000 0.000000 166.034465 166.029321 166.025720 166.023663 166.022119 166.021091 166.020576 166.020576 166.020576 166.021091 166.021091 166.022119 166.022634 166.023663 166.024691 166.025720 166.026749 166.027263 166.028292 166.029321 166.030864 166.031893 166.032922 166.033951 166.035494 166.036523 166.037552 166.038580 166.040124 166.041152 0.000000 0.000000 
0.000000 0.000000 0.000000 0.000000 0.000000 166.041152 166.037037 166.034465 166.032408 166.030864 166.029836 166.028807 166.028807 166.028807 166.028807 166.028807 166.029321 166.029321 166.030350 166.030864 166.031893 166.032922 166.033436 166.034465 166.035494 166.036523 166.037552 166.038580 166.039609 166.040638 166.041667 0.000000 0.000000 0.000000 0.000000 
0.000000 0.000000 0.000000 0.000000 0.000000 0.000000 0.000000 0.000000 0.000000 0.000000 166.041152 166.039609 166.038580 166.037552 166.037037 166.037037 166.036523 166.036523 166.037037 166.037037 166.037552 166.037552 166.038580 166.039095 166.040124 166.040638 166.041667 0.000000 0.000000 0.000000 0.000000 0.000000 0.000000 0.000000 0.000000 
