test/output/constant/M4100_S060_A180_WD270.0_WS015.0/M4100_S060_A180_WD270.0_WS015.0_arrival.asc
ncols         45
nrows         9
xllcorner     426603.990666
yllcorner     12748355.311160
cellsize      100.000000
NODATA_value  0.000000
0.000000 0.000000 0.000000 0.000000 0.000000 0.000000 0.000000 0.000000 0.000000 0.000000 0.000000 0.000000 0.000000 0.000000 0.000000 0.000000 0.000000 0.000000 166.041667 166.041113 166.040736 166.040359 166.040359 166.039981 166.039981 166.039981 166.039981 166.040359 166.040736 166.041113 166.041667 0.000000 0.000000 0.000000 0.000000 0.000000 0.000000 0.000000 0.000000 0.000000 0.000000 0.000000 0.000000 0.000000 0.000000 
0.000000 0.000000 0.000000 0.000000 0.000000 0.000000 0.000000 166.040359 166.037341 166.034701 166.032815 166.031306 166.030175 166.029798 166.029043 166.029043 166.028666 166.028666 166.028666 166.028666 166.029043 166.029420 166.030175 166.030929 166.031306 166.032061 166.032815 166.033192 166.033947 166.034701 166.035455 166.036210 166.036587 166.037341 166.038096 166.038850 166.039604 166.040359 166.041490 0.000000 0.000000 0.000000 0.000000 0.000000 0.000000 
0.000000 0.000000 0.000000 166.030175 166.024894 166.021499 166.019614 166.018482 166.017728 166.017350 166.017350 166.017350 166.017350 166.018105 166.018482 166.019236 166.019991 166.020745 166.021122 166.021877 166.022631 166.023385 166.024140 166.024894 166.025649 166.026780 166.027534 166.028289 166.029043 166.030175 166.030929 166.031683 166.032815 166.033569 166.034324 166.035078 166.036210 166.036964 166.038096 166.038850 166.039604 166.040736 166.041490 0.000000 0.000000 
166.024894 166.009430 166.006412 166.006035 166.006035 166.006412 166.007166 166.007544 166.008298 166.009430 166.010184 166.010938 166.012070 166.012824 166.013579 166.014710 166.015465 166.016596 166.017350 166.018482 166.019236 166.020368 166.021122 166.022254 166.023008 166.024140 166.024894 166.026026 166.026780 166.027912 166.028666 166.029798 166.030552 166.031306 166.032438 166.033192 166.034324 166.035078 166.036210 166.036964 166.038096 166.038850 166.039981 166.040736 166.041490 
166.000000 166.000754 166.001509 166.002640 166.003395 166.004526 166.005281 166.006412 166.007166 166.008298 166.009052 166.010184 166.010938 166.012070 166.012824 166.013956 166.014710 166.015842 166.016596 166.017728 166.018482 166.019614 166.020368 166.021499 166.022254 166.023385 166.024140 166.025271 166.026026 166.027157 166.027912 166.029043 166.029798 166.030929 166.031683 166.032815 166.033569 166.034701 166.035455 166.036587 166.037341 166.038473 166.039227 166.040359 166.041113 
166.024894 166.009430 166.006412 166.006035 166.006035 166.006412 166.007166 166.007544 166.008298 166.009430 166.010184 166.010938 166.012070 166.012824 166.013579 166.014710 166.015465 166.016596 166.017350 166.018482 166.019236 166.020368 166.021122 166.022254 166.023008 166.024140 166.024894 166.026026 166.026780 166.027912 166.028666 166.029798 166.030552 166.031306 166.032438 166.033192 166.034324 166.035078 166.036210 166.036964 166.038096 166.038850 166.039981 166.040736 166.041490 
0.000000 0.000000 0.000000 166.030175 166.024894 166.021499 166.019614 166.018482 166.017728 166.017350 166.017350 166.017350 166.017350 166.018105 166.018482 166.019236 166.019991 166.020745 166.021122 166.021877 166.022631 166.023385 166.024140 166.024894 166.025649 166.026780 166.027534 166.028289 166.029043 166.030175 166.030929 166.031683 166.032815 166.033569 166.034324 166.035078 166.036210 166.036964 166.038096 166.038850 166.039604 166.040736 166.041490 0.000000 0.000000 
0.000000 0.000000 0.000000 0.000000 0.000000 0.000000 0.000000 166.040359 166.037341 166.034701 166.032815 166.031306 166.030175 166.029798 166.029043 166.029043 166.028666 166.028666 166.028666 166.028666 166.029043 166.029420 166.030175 166.030929 166.031306 166.032061 166.032815 166.033192 166.033947 166.034701 166.035455 166.036210 166.036587 166.037341 166.038096 166.038850 166.039604 166.040359 166.041490 0.000000 0.000000 0.000000 0.000000 0.000000 0.000000 
0.000000 0.000000 0.000000 0.000000 0.000000 0.000000 0.000000 0.000000 0.000000 0.000000 0.000000 0.000000 0.000000 0.000000 0.000000 0.000000 0.000000 0.000000 166.041667 166.041113 166.040736 166.040359 166.040359 166.039981 166.039981 166.039981 166.039981 166.040359 166.040736 166.041113 166.041667 0.000000 0.000000 0.000000 0.000000 0.000000 0.000000 0.000000 0.000000 0.000000 0.000000 0.000000 0.000000 0.000000 0.000000 
