test/output/constant/M375_S060_A090_WD000.0_WS025.0/M375_S060_A090_WD000.0_WS025.0_arrival.asc
ncols         9
nrows         54
xllcorner     426203.990666
yllcorner     12743455.311160
cellsize      100.000000
NODATA_value  0.000000
0.000000 0.000000 0.000000 166.033947 166.000000 166.033947 0.000000 0.000000 0.000000 
0.000000 0.000000 0.000000 166.013008 166.000635 166.013008 0.000000 0.000000 0.000000 
0.000000 0.000000 0.000000 166.007932 166.001269 166.007932 0.000000 0.000000 0.000000 
0.000000 0.000000 166.040927 166.006663 166.002221 166.006663 166.040927 0.000000 0.000000 
0.000000 0.000000 166.032996 166.006028 166.002855 166.006028 166.032996 0.000000 0.000000 
0.000000 0.000000 166.027602 166.006028 166.003807 166.006028 166.027602 0.000000 0.000000 
0.000000 0.000000 166.024112 166.006663 166.004442 166.006663 166.024112 0.000000 0.000000 
0.000000 0.000000 166.021891 166.006980 166.005394 166.006980 166.021891 0.000000 0.000000 
0.000000 0.000000 166.020305 166.007614 166.006028 166.007614 166.020305 0.000000 0.000000 
0.000000 0.000000 166.019353 166.008249 166.006980 166.008249 166.019353 0.000000 0.000000 
0.000000 166.040293 166.018719 166.008883 166.007614 166.008883 166.018719 166.040293 0.000000 
0.000000 166.037437 166.018401 166.009835 166.008566 166.009835 166.018401 166.037437 0.000000 
0.000000 166.035851 166.018084 166.010470 166.009201 166.010470 166.018084 166.035851 0.000000 
0.000000 166.034265 166.018084 166.011104 166.010152 166.011104 166.018084 166.034265 0.000000 
0.000000 166.032996 166.018084 166.012056 166.010787 166.012056 166.018084 166.032996 0.000000 
0.000000 166.032361 166.018401 166.012691 166.011739 166.012691 166.018401 166.032361 0.000000 
0.000000 166.031409 166.018719 166.013642 166.012373 166.013642 166.018719 166.031409 0.000000 
0.000000 166.031092 166.019353 166.014277 166.013325 166.014277 166.019353 166.031092 0.000000 
0.000000 166.030775 166.019670 166.015229 166.013960 166.015229 166.019670 166.030775 0.000000 
0.000000 166.030140 166.020305 166.015863 166.014911 166.015863 166.020305 166.030140 0.000000 
0.000000 166.029823 166.020939 166.016815 166.015546 166.016815 166.020939 166.029823 0.000000 
0.000000 166.029823 166.021574 166.017450 166.016498 166.017450 166.021574 166.029823 0.000000 
0.000000 166.029823 166.021891 166.018084 166.017132 166.018084 166.021891 166.029823 0.000000 
0.000000 166.029823 166.022526 166.018719 166.018084 166.018719 166.022526 166.029823 0.000000 
0.000000 166.029823 166.023160 166.019670 166.018719 166.019670 166.023160 166.029823 0.000000 
0.000000 166.030457 166.023795 166.020305 166.019670 166.020305 166.023795 166.030457 0.000000 
0.000000 166.030775 166.024429 166.021257 166.020305 166.021257 166.024429 166.030775 0.000000 
0.000000 166.031409 166.025064 166.021891 166.021257 166.021891 166.025064 166.031409 0.000000 
166.041667 166.032044 166.025698 166.022843 166.021891 166.022843 166.025698 166.032044 166.041667 
166.041667 166.032361 166.026333 166.023478 166.022843 166.023478 166.026333 166.032361 166.041667 
166.041667 166.032996 166.026968 166.024429 166.023478 166.024429 166.026968 166.032996 166.041667 
166.041562 166.033630 166.027919 166.025064 166.024429 166.025064 166.027919 166.033630 166.041562 
166.041562 166.033947 166.028554 166.026016 166.025064 166.026016 166.028554 166.033947 166.041562 
166.041562 166.034582 166.029188 166.026650 166.026016 166.026650 166.029188 166.034582 166.041562 
0.000000 166.035216 166.030140 166.027602 166.026650 166.027602 166.030140 166.035216 0.000000 
0.000000 166.035851 166.030775 166.028237 166.027602 166.028237 166.030775 166.035851 0.000000 
0.000000 166.036168 166.031409 166.029188 166.028237 166.029188 166.031409 166.036168 0.000000 
0.000000 166.036803 166.032361 166.029823 166.029188 166.029823 166.032361 166.036803 0.000000 
0.000000 166.037437 166.032996 166.030775 166.029823 166.030775 166.032996 166.037437 0.000000 
0.000000 166.038072 166.033630 166.031409 166.030775 166.031409 166.033630 166.038072 0.000000 
0.000000 166.038389 166.034582 166.032361 166.031409 166.032361 166.034582 166.038389 0.000000 
0.000000 166.039024 166.035216 166.032996 166.032361 166.032996 166.035216 166.039024 0.000000 
0.000000 166.039658 166.035851 166.033947 166.032996 166.033947 166.035851 166.039658 0.000000 
0.000000 166.040293 166.036803 166.034582 166.033947 166.034582 166.036803 166.040293 0.000000 
0.000000 166.040927 166.037437 166.035216 166.034582 166.035216 166.037437 166.040927 0.000000 
0.000000 166.041667 166.038389 166.036168 166.035534 166.036168 166.038389 166.041667 0.000000 
0.000000 0.000000 166.039024 166.036803 166.036168 166.036803 166.039024 0.000000 0.000000 
0.000000 0.000000 166.039658 166.037755 166.037120 166.037755 166.039658 0.000000 0.000000 
0.000000 0.000000 166.040610 166.038389 166.037755 166.038389 166.040610 0.000000 0.000000 
0.000000 0.000000 166.041244 166.039341 166.038706 166.039341 166.041244 0.000000 0.000000 
0.000000 0.000000 0.000000 166.039975 166.039341 166.039975 0.000000 0.000000 0.000000 
0.000000 0.000000 0.000000 166.040927 166.040293 166.040927 0.000000 0.000000 0.000000 
0.000000 0.000000 0.000000 166.041562 166.040927 166.041562 0.000000 0.000000 0.000000 
0.000000 0.000000 0.000000 0.000000 166.041667 0.000000 0.000000 0.000000 0.000000 
