test/output/constant/M485_S060_A000_WD045.0_WS015.0/M485_S060_A000_WD045.0_WS015.0_intensity.asc
ncols         35
nrows         12
xllcorner     423203.990666
yllcorner     12747755.311160
cellsize      100.000000
NODATA_value  0.000000
0 0 0 0 0 0 0 0 0 0 0 0 0 0 0 0 0 0 0 0 0 0 0 0 0 0 0 18723 10808 18723 18723 7506 7506 7506 0 
0 0 0 0 0 0 0 0 0 0 0 0 0 0 0 0 0 0 0 18723 14585 14585 14585 10808 10808 23098 10808 18723 40288 23098 32024 43853 52261 52261 0 
0 0 0 0 0 0 0 0 0 0 0 0 0 0 0 18723 14585 18723 14585 36304 7506 10808 14585 18723 14585 18723 32024 18723 52261 52261 52261 52261 46385 43244 827 
0 0 0 0 0 0 0 0 0 0 0 18723 18723 18723 36304 14585 23098 43853 49315 43853 10808 46893 43853 52261 52261 52261 52261 52261 52261 43244 2517 39596 31238 827 0 
0 0 0 0 0 0 0 0 0 14585 18723 14585 4780 18723 27577 7506 27577 32024 18723 43853 52261 52261 52261 52261 51909 52261 43244 39596 4453 4453 35553 1261 0 0 0 
0 0 0 0 0 0 46893 46893 40288 40288 40288 18723 27577 46893 52032 27577 52261 52261 52261 52261 52261 52261 52261 35553 4453 35553 39596 39596 2517 2517 0 0 0 0 0 
0 0 0 0 18723 46893 18723 18723 18723 52261 40288 52261 14585 52261 52261 52261 52261 52261 50784 52261 46385 43244 35553 35553 35553 35553 2517 35553 0 0 0 0 0 0 0 
0 0 18723 18723 51045 52261 52261 40288 52261 52261 52261 52261 52261 52261 52261 52261 35553 43244 35553 39596 35553 39596 35553 35553 35553 0 0 0 0 0 0 0 0 0 0 
0 43853 43853 51045 52261 52261 52261 52261 52261 52261 52261 52261 52261 48924 43244 43244 35553 35553 2517 2517 2517 35553 0 0 0 0 0 0 0 0 0 0 0 0 0 
52261 52261 52261 52261 52261 52261 52261 52261 48924 39596 48924 52158 35553 35553 35553 2517 2517 2517 0 0 0 0 0 0 0 0 0 0 0 0 0 0 0 0 0 
52261 52261 52261 52261 52261 52261 52261 43244 39596 43244 4453 4453 4453 35553 0 0 0 0 0 0 0 0 0 0 0 0 0 0 0 0 0 0 0 0 0 
0 0 0 0 0 52158 0 0 0 0 0 0 0 0 0 0 0 0 0 0 0 0 0 0 0 0 0 0 0 0 0 0 0 0 0 
