test/output/constant/M485_S060_A000_WD045.0_WS015.0/M485_S060_A000_WD045.0_WS015.0_arrival.asc
ncols         35
nrows         12
xllcorner     423203.990666
yllcorner     12747755.311160
cellsize      100.000000
NODATA_value  0.000000
0.000000 0.000000 0.000000 0.000000 0.000000 0.000000 0.000000 0.000000 0.000000 0.000000 0.000000 0.000000 0.000000 0.000000 0.000000 0.000000 0.000000 0.000000 0.000000 0.000000 0.000000 0.000000 0.000000 0.000000 0.000000 0.000000 0.000000 166.041667 166.039495 166.036203 166.032912 166.031502 166.030561 166.031032 0.000000 
0.000000 0.000000 0.000000 0.000000 0.000000 0.000000 0.000000 0.000000 0.000000 0.000000 0.000000 0.000000 0.000000 0.000000 0.000000 0.000000 0.000000 0.000000 0.000000 166.039965 166.037144 166.033853 166.030561 166.027270 166.023979 166.020688 166.017867 166.014575 166.011284 166.008463 166.005642 166.003291 166.001881 166.000940 166.000000 
0.000000 0.000000 0.000000 0.000000 0.000000 0.000000 0.000000 0.000000 0.000000 0.000000 0.000000 0.000000 0.000000 0.000000 0.000000 166.039965 166.037144 166.033853 166.031032 166.027740 166.025389 166.022568 166.019747 166.016926 166.014575 166.012225 166.009874 166.008463 166.007053 166.005642 166.004702 166.003291 166.002351 166.002351 166.012225 
0.000000 0.000000 0.000000 0.000000 0.000000 0.000000 0.000000 0.000000 0.000000 0.000000 0.000000 166.041667 166.039025 166.036203 166.033382 166.031032 166.028210 166.025389 166.023039 166.020688 166.018807 166.016456 166.014575 166.013165 166.011754 166.010814 166.009403 166.007993 166.007053 166.007053 166.007053 166.007993 166.014575 166.031972 0.000000 
0.000000 0.000000 0.000000 0.000000 0.000000 0.000000 0.000000 0.000000 0.000000 166.039495 166.036674 166.034323 166.031972 166.029621 166.027270 166.025389 166.023039 166.021158 166.019747 166.017867 166.016926 166.015516 166.014105 166.013165 166.011754 166.011284 166.011284 166.011284 166.012225 166.014575 166.020218 166.031502 0.000000 0.000000 0.000000 
0.000000 0.000000 0.000000 0.000000 0.000000 0.000000 166.040435 166.038084 166.035733 166.033853 166.031502 166.029621 166.027740 166.025860 166.024449 166.023039 166.021628 166.020688 166.019277 166.017867 166.016926 166.015986 166.015516 166.015516 166.015986 166.016456 166.017867 166.021158 166.026800 166.035263 0.000000 0.000000 0.000000 0.000000 0.000000 
0.000000 0.000000 0.000000 0.000000 166.040435 166.038084 166.036203 166.034323 166.032442 166.030561 166.029151 166.027740 166.026800 166.025389 166.023979 166.023039 166.021628 166.021158 166.020218 166.020218 166.019747 166.020218 166.020688 166.022098 166.023979 166.027270 166.033382 166.040905 0.000000 0.000000 0.000000 0.000000 0.000000 0.000000 0.000000 
0.000000 0.000000 166.040905 166.039025 166.037144 166.035733 166.034323 166.032912 166.031502 166.030091 166.029151 166.027740 166.026800 166.025860 166.024919 166.024449 166.024449 166.024449 166.024449 166.024919 166.026330 166.027740 166.030091 166.033853 166.039965 0.000000 0.000000 0.000000 0.000000 0.000000 0.000000 0.000000 0.000000 0.000000 0.000000 
0.000000 166.040435 166.039025 166.037614 166.036203 166.035263 166.033853 166.032912 166.031502 166.030561 166.029621 166.029151 166.029151 166.028681 166.028681 166.029151 166.029621 166.030561 166.031972 166.033853 166.036674 166.040435 0.000000 0.000000 0.000000 0.000000 0.000000 0.000000 0.000000 0.000000 0.000000 0.000000 0.000000 0.000000 0.000000 
166.041375 166.039965 166.039025 166.037614 166.036203 166.035263 166.034793 166.033853 166.033382 166.033382 166.032912 166.032912 166.033382 166.033853 166.034793 166.036203 166.037614 166.039965 0.000000 0.000000 0.000000 0.000000 0.000000 0.000000 0.000000 0.000000 0.000000 0.000000 0.000000 0.000000 0.000000 0.000000 0.000000 0.000000 0.000000 
166.041375 166.040435 166.039495 166.038554 166.038084 166.038084 166.037614 166.037614 166.037614 166.037614 166.038554 166.039495 166.040435 166.041375 0.000000 0.000000 0.000000 0.000000 0.000000 0.000000 0.000000 0.000000 0.000000 0.000000 0.000000 0.000000 0.000000 0.000000 0.000000 0.000000 0.000000 0.000000 0.000000 0.000000 0.000000 
0.000000 0.000000 0.000000 0.000000 0.000000 166.041667 0.000000 0.000000 0.000000 0.000000 0.000000 0.000000 0.000000 0.000000 0.000000 0.000000 0.000000 0.000000 0.000000 0.000000 0.000000 0.000000 0.000000 0.000000 0.000000 0.000000 0.000000 0.000000 0.000000 0.000000 0.000000 0.000000 0.000000 0.000000 0.000000 
