test/output/constant/M485_S060_A000_WD045.0_WS015.0/M485_S060_A000_WD045.0_WS015.0_ros.asc
ncols         35
nrows         12
xllcorner     423203.990666
yllcorner     12747755.311160
cellsize      100.000000
NODATA_value  0.000000
0.000000 0.000000 0.000000 0.000000 0.000000 0.000000 0.000000 0.000000 0.000000 0.000000 0.000000 0.000000 0.000000 0.000000 0.000000 0.000000 0.000000 0.000000 0.000000 0.000000 0.000000 0.000000 0.000000 0.000000 0.000000 0.000000 0.000000 20.939924 12.087260 20.939924 20.939924 8.395117 8.395117 8.395117 0.000000 
0.000000 0.000000 0.000000 0.000000 0.000000 0.000000 0.000000 0.000000 0.000000 0.000000 0.000000 0.000000 0.000000 0.000000 0.000000 0.000000 0.000000 0.000000 0.000000 20.939924 16.311390 16.311390 16.311390 12.087260 12.087260 25.832790 12.087260 20.939924 45.056187 25.832790 35.814919 49.043880 58.446899 58.446899 -1.000000 
0.000000 0.000000 0.000000 0.000000 0.000000 0.000000 0.000000 0.000000 0.000000 0.000000 0.000000 0.000000 0.000000 0.000000 0.000000 20.939924 16.311390 20.939924 16.311390 40.601475 8.395117 12.087260 16.311390 20.939924 16.311390 20.939924 35.814919 20.939924 58.446899 58.446899 58.446899 58.446899 51.875156 48.362186 0.925771 
0.000000 0.000000 0.000000 0.000000 0.000000 0.000000 0.000000 0.000000 0.000000 0.000000 0.000000 20.939924 20.939924 20.939924 40.601475 16.311390 25.832790 49.043880 55.152004 49.043880 12.087260 52.443539 49.043880 58.446899 58.446899 58.446899 58.446899 58.446899 58.446899 48.362186 2.815121 44.283009 34.935825 0.925771 0.000000 
0.000000 0.000000 0.000000 0.000000 0.000000 0.000000 0.000000 0.000000 0.000000 16.311390 20.939924 16.311390 5.345857 20.939924 30.841743 8.395117 30.841743 35.814919 20.939924 49.043880 58.446899 58.446899 58.446899 58.446899 58.053097 58.446899 48.362186 44.283009 4.980530 4.980530 39.761711 1.411258 0.000000 0.000000 0.000000 
0.000000 0.000000 0.000000 0.000000 0.000000 0.000000 52.443539 52.443539 45.056187 45.056187 45.056187 20.939924 30.841743 52.443539 58.190151 30.841743 58.446899 58.446899 58.446899 58.446899 58.446899 58.446899 58.446899 39.761711 4.980530 39.761711 44.283009 44.283009 2.815121 2.815121 0.000000 0.000000 0.000000 0.000000 0.000000 
0.000000 0.000000 0.000000 0.000000 20.939924 52.443539 20.939924 20.939924 20.939924 58.446899 45.056187 58.446899 16.311390 58.446899 58.446899 58.446899 58.446899 58.446899 56.795475 58.446899 51.875156 48.362186 39.761711 39.761711 39.761711 39.761711 2.815121 39.761711 0.000000 0.000000 0.000000 0.000000 0.000000 0.000000 0.000000 
0.000000 0.000000 20.939924 20.939924 57.087105 58.446899 58.446899 45.056187 58.446899 58.446899 58.446899 58.446899 58.446899 58.446899 58.446899 58.446899 39.761711 48.362186 39.761711 44.283009 39.761711 44.283009 39.761711 39.761711 39.761711 0.000000 0.000000 0.000000 0.000000 0.000000 0.000000 0.000000 0.000000 0.000000 0.000000 
0.000000 49.043880 49.043880 57.087105 58.446899 58.446899 58.446899 58.446899 58.446899 58.446899 58.446899 58.446899 58.446899 54.715054 48.362186 48.362186 39.761711 39.761711 2.815121 2.815121 2.815121 39.761711 0.000000 0.000000 0.000000 0.000000 0.000000 0.000000 0.000000 0.000000 0.000000 0.000000 0.000000 0.000000 0.000000 
58.446899 58.446899 58.446899 58.446899 58.446899 58.446899 58.446899 58.446899 54.715054 44.283009 54.715054 58.331100 39.761711 39.761711 39.761711 2.815121 2.815121 2.815121 0.000000 0.000000 0.000000 0.000000 0.000000 0.000000 0.000000 0.000000 0.000000 0.000000 0.000000 0.000000 0.000000 0.000000 0.000000 0.000000 0.000000 
58.446899 58.446899 58.446899 58.446899 58.446899 58.446899 58.446899 48.362186 44.283009 48.362186 4.980530 4.980530 4.980530 39.761711 0.000000 0.000000 0.000000 0.000000 0.000000 0.000000 0.000000 0.000000 0.000000 0.000000 0.000000 0.000000 0.000000 0.000000 0.000000 0.000000 0.000000 0.000000 0.000000 0.000000 0.000000 
0.000000 0.000000 0.000000 0.000000 0.000000 58.331100 0.000000 0.000000 0.000000 0.000000 0.000000 0.000000 0.000000 0.000000 0.000000 0.000000 0.000000 0.000000 0.000000 0.000000 0.000000 0.000000 0.000000 0.000000 0.000000 0.000000 0.000000 0.000000 0.000000 0.000000 0.000000 0.000000 0.000000 0.000000 0.000000 
