test/output/constant/M495_S000_A180_WD090.0_WS035.0/M495_S000_A180_WD090.0_WS035.0_arrival.asc
ncols         31
nrows         7
xllcorner     423603.990666
yllcorner     12748455.311160
cellsize      100.000000
NODATA_value  0.000000
0.000000 0.000000 0.000000 0.000000 0.000000 0.000000 166.041037 166.040475 166.039350 166.038226 166.037102 166.036540 166.035415 166.034291 166.033729 166.032605 166.032605 166.032605 166.032605 166.032605 166.033167 166.034291 166.035415 166.037102 166.039350 0.000000 0.000000 0.000000 0.000000 0.000000 0.000000 
0.000000 0.000000 166.041599 166.040475 166.039350 166.037664 166.036540 166.035415 166.033729 166.032605 166.031480 166.029794 166.028669 166.027545 166.026421 166.025297 166.024172 166.023048 166.022486 166.021362 166.020237 166.019675 166.019675 166.019675 166.020237 166.020799 166.022486 166.025859 166.033729 0.000000 0.000000 
0.000000 166.040475 166.039350 166.037664 166.036540 166.034853 166.033729 166.032605 166.030918 166.029794 166.028107 166.026983 166.025297 166.024172 166.023048 166.021362 166.020237 166.018551 166.017427 166.015740 166.014616 166.013492 166.011805 166.010681 166.009556 166.008432 166.007308 166.006746 166.006746 166.007870 166.017427 
166.041599 166.040475 166.038788 166.037664 166.035977 166.034853 166.033167 166.032042 166.030356 166.029232 166.027545 166.026421 166.024734 166.023610 166.021924 166.020799 166.019113 166.017989 166.016302 166.015178 166.013492 166.012367 166.010681 166.009556 166.007870 166.006746 166.005059 166.003935 166.002249 166.001124 166.000000 
0.000000 166.040475 166.039350 166.037664 166.036540 166.034853 166.033729 166.032605 166.030918 166.029794 166.028107 166.026983 166.025297 166.024172 166.023048 166.021362 166.020237 166.018551 166.017427 166.015740 166.014616 166.013492 166.011805 166.010681 166.009556 166.008432 166.007308 166.006746 166.006746 166.007870 166.017427 
0.000000 0.000000 166.041599 166.040475 166.039350 166.037664 166.036540 166.035415 166.033729 166.032605 166.031480 166.029794 166.028669 166.027545 166.026421 166.025297 166.024172 166.023048 166.022486 166.021362 166.020237 166.019675 166.019675 166.019675 166.020237 166.020799 166.022486 166.025859 166.033729 0.000000 0.000000 
0.000000 0.000000 0.000000 0.000000 0.000000 0.000000 166.041037 166.040475 166.039350 166.038226 166.037102 166.036540 166.035415 166.034291 166.033729 166.032605 166.032605 166.032605 166.032605 166.032605 166.033167 166.034291 166.035415 166.037102 166.039350 0.000000 0.000000 0.000000 0.000000 0.000000 0.000000 
