test/output/constant/S1_S060_A270_WD135.0_WS010.0/S1_S060_A270_WD135.0_WS010.0_arrival.asc
ncols         8
nrows         29
xllcorner     426003.990666
yllcorner     12748755.311160
cellsize      100.000000
NODATA_value  0.000000
0.000000 166.041023 166.041023 0.000000 0.000000 0.000000 0.000000 0.000000 
166.041600 166.039289 166.039289 166.040445 0.000000 0.000000 0.000000 0.000000 
166.041023 166.038134 166.038134 166.038711 0.000000 0.000000 0.000000 0.000000 
166.040445 166.036978 166.036400 166.036978 166.040445 0.000000 0.000000 0.000000 
166.039867 166.035823 166.035245 166.035245 166.038711 0.000000 0.000000 0.000000 
166.039289 166.035245 166.033511 166.033511 166.036400 0.000000 0.000000 0.000000 
166.039289 166.034089 166.031778 166.031778 166.034089 166.039867 0.000000 0.000000 
166.039289 166.033511 166.030623 166.030623 166.032356 166.037556 0.000000 0.000000 
166.039867 166.032934 166.029467 166.028889 166.030045 166.035245 0.000000 0.000000 
166.040445 166.032356 166.028311 166.027734 166.028311 166.032934 166.041600 0.000000 
166.040445 166.032356 166.027156 166.026000 166.026578 166.030623 166.039289 0.000000 
166.041600 166.032356 166.026578 166.024845 166.024845 166.028311 166.036978 0.000000 
0.000000 166.032934 166.025422 166.023111 166.023111 166.026000 166.034089 0.000000 
0.000000 166.032934 166.025422 166.021956 166.021956 166.024267 166.031778 0.000000 
0.000000 166.034089 166.024845 166.020222 166.020222 166.021956 166.029467 0.000000 
0.000000 166.035245 166.025422 166.019645 166.018489 166.019645 166.026578 0.000000 
0.000000 166.038134 166.025422 166.018489 166.017333 166.017911 166.024267 0.000000 
0.000000 166.041600 166.026000 166.017911 166.015600 166.016178 166.021956 166.039867 
0.000000 0.000000 166.027734 166.017911 166.014445 166.014445 166.019067 166.037556 
0.000000 0.000000 166.030623 166.018489 166.012711 166.012711 166.016756 166.034667 
0.000000 0.000000 166.034667 166.018489 166.012133 166.011556 166.014445 166.032356 
0.000000 0.000000 166.040445 166.019645 166.010978 166.009822 166.012133 166.029467 
0.000000 0.000000 0.000000 166.023111 166.010978 166.008667 166.009822 166.027734 
0.000000 0.000000 0.000000 166.028311 166.010978 166.006933 166.007511 166.026000 
0.000000 0.000000 0.000000 166.037556 166.012133 166.005200 166.005778 166.025422 
0.000000 0.000000 0.000000 0.000000 166.016178 166.004044 166.004044 166.023689 
0.000000 0.000000 0.000000 0.000000 166.026000 166.004044 166.002311 166.023111 
0.000000 0.000000 0.000000 0.000000 0.000000 166.004044 166.001156 166.027156 
0.000000 0.000000 0.000000 0.000000 0.000000 166.017333 166.000000 166.039867 
