test/output/constant/M360_S060_A180_WD000.0_WS010.0/M360_S060_A180_WD000.0_WS010.0_ros.asc
ncols         34
nrows         12
xllcorner     426603.990666
yllcorner     12747755.311160
cellsize      100.000000
NODATA_value  0.000000
1.173995 12.139093 8.609705 12.139093 8.609705 30.118006 16.181953 25.309361 16.181953 30.118006 0.000000 0.000000 0.000000 0.000000 0.000000 0.000000 0.000000 0.000000 0.000000 0.000000 0.000000 0.000000 0.000000 0.000000 0.000000 0.000000 0.000000 0.000000 0.000000 0.000000 0.000000 0.000000 0.000000 0.000000 
0.000000 56.785969 56.785969 12.139093 16.181953 50.922729 47.637669 25.309361 16.181953 20.616682 43.791668 20.616682 30.118006 47.637669 12.139093 25.309361 0.000000 0.000000 0.000000 0.000000 0.000000 0.000000 0.000000 0.000000 0.000000 0.000000 0.000000 0.000000 0.000000 0.000000 0.000000 0.000000 0.000000 0.000000 
1.908452 55.077778 56.785969 56.785969 56.785969 56.785969 56.785969 56.785969 50.922729 56.785969 12.139093 53.547215 20.616682 53.547215 8.609705 47.637669 47.637669 25.309361 8.609705 12.139093 0.000000 0.000000 0.000000 0.000000 0.000000 0.000000 0.000000 0.000000 0.000000 0.000000 0.000000 0.000000 0.000000 0.000000 
0.000000 0.908425 38.507648 38.507648 55.077778 53.022831 56.785969 56.785969 56.785969 50.922729 56.785969 56.785969 39.501396 56.785969 25.309361 56.785969 8.609705 55.431534 50.922729 55.431534 20.616682 55.431534 20.616682 0.000000 0.000000 0.000000 0.000000 0.000000 0.000000 0.000000 0.000000 0.000000 0.000000 0.000000 
0.000000 0.000000 29.069279 1.173995 42.874710 38.507648 46.827038 56.654373 56.785969 56.785969 56.785969 56.785969 56.785969 56.785969 56.785969 56.740608 56.785969 47.637669 56.785969 16.181953 20.616682 56.785969 47.637669 55.431534 20.616682 56.740608 0.000000 0.000000 0.000000 0.000000 0.000000 0.000000 0.000000 0.000000 
0.000000 0.000000 0.000000 0.000000 33.858704 38.507648 38.507648 38.507648 38.507648 56.785969 53.022831 56.785969 56.785969 56.785969 56.785969 56.785969 56.785969 56.785969 56.785969 56.785969 56.785969 34.896969 55.431534 16.181953 56.785969 16.181953 56.518574 56.785969 0.000000 0.000000 0.000000 0.000000 0.000000 0.000000 
0.000000 0.000000 0.000000 0.000000 0.000000 0.000000 33.858704 38.507648 38.507648 38.507648 42.874710 55.077778 55.077778 56.785969 56.785969 56.785969 56.785969 56.785969 56.785969 56.785969 56.785969 56.785969 47.637669 8.609705 56.785969 53.547215 12.139093 56.785969 56.785969 55.431534 0.000000 0.000000 0.000000 0.000000 
0.000000 0.000000 0.000000 0.000000 0.000000 0.000000 0.000000 0.000000 0.000000 42.874710 0.711490 42.874710 38.507648 56.654373 46.827038 56.654373 56.785969 56.785969 56.785969 56.785969 56.785969 56.785969 56.785969 56.785969 56.785969 56.785969 56.785969 56.785969 55.431534 56.785969 56.785969 43.791668 0.000000 0.000000 
0.000000 0.000000 0.000000 0.000000 0.000000 0.000000 0.000000 0.000000 0.000000 0.000000 0.000000 42.874710 38.507648 38.507648 56.785969 56.346680 56.785969 50.244400 53.022831 56.785969 56.785969 56.785969 56.785969 56.785969 56.785969 56.785969 56.785969 56.785969 56.785969 56.785969 47.637669 56.785969 56.785969 0.000000 
0.000000 0.000000 0.000000 0.000000 0.000000 0.000000 0.000000 0.000000 0.000000 0.000000 0.000000 0.000000 0.000000 0.000000 42.874710 38.507648 42.874710 53.022831 56.785969 56.785969 50.244400 56.785969 56.785969 56.785969 56.785969 56.785969 56.785969 56.785969 56.785969 56.785969 56.785969 56.785969 56.785969 56.785969 
0.000000 0.000000 0.000000 0.000000 0.000000 0.000000 0.000000 0.000000 0.000000 0.000000 0.000000 0.000000 0.000000 0.000000 0.000000 0.000000 0.000000 0.000000 38.507648 42.874710 56.785969 53.022831 46.827038 55.077778 56.785969 56.785969 56.785969 56.785969 56.785969 56.785969 56.785969 56.785969 56.785969 56.785969 
0.000000 0.000000 0.000000 0.000000 0.000000 0.000000 0.000000 0.000000 0.000000 0.000000 0.000000 0.000000 0.000000 0.000000 0.000000 0.000000 0.000000 0.000000 0.000000 0.000000 0.000000 0.000000 0.000000 56.654373 55.077778 55.077778 56.785969 56.785969 56.785969 56.346680 56.785969 56.785969 56.785969 0.000000 
