test/output/constant/M290_S060_A000_WD090.0_WS025.0/M290_S060_A000_WD090.0_WS025.0_arrival.asc
ncols         38
nrows         7
xllcorner     422903.990666
yllcorner     12748455.311160
cellsize      100.000000
NODATA_value  0.000000
0.000000 0.000000 0.000000 0.000000 0.000000 0.000000 0.000000 0.000000 0.000000 0.000000 0.000000 166.041381 166.040481 166.039581 166.039132 166.038232 166.038232 166.038232 166.038232 166.038232 166.038232 166.038682 166.039132 166.040481 166.041381 0.000000 0.000000 0.000000 0.000000 0.000000 0.000000 0.000000 0.000000 0.000000 0.000000 0.000000 0.000000 0.000000 
0.000000 0.000000 0.000000 0.000000 166.040931 166.039581 166.038682 166.037782 166.036883 166.035533 166.034634 166.033734 166.032385 166.031485 166.030586 166.029686 166.028786 166.028337 166.027437 166.026538 166.025638 166.025188 166.024289 166.023389 166.022939 166.022939 166.022939 166.023389 166.023839 166.024738 166.026088 166.028337 166.031935 166.037332 0.000000 0.000000 0.000000 0.000000 
0.000000 166.040931 166.040031 166.038682 166.037782 166.036433 166.035533 166.034184 166.033284 166.031935 166.031035 166.030136 166.028786 166.027887 166.026538 166.025638 166.024289 166.023389 166.022040 166.021140 166.020240 166.018891 166.017992 166.016642 166.015743 166.014393 166.013494 166.012594 166.011245 166.010345 166.009446 166.008996 166.008096 166.007646 166.008096 166.009446 166.014843 0.000000 
166.041381 166.040031 166.039132 166.037782 166.036883 166.035533 166.034634 166.033284 166.032385 166.031035 166.030136 166.028786 166.027887 166.026538 166.025638 166.024289 166.023389 166.022040 166.021140 166.019791 166.018891 166.017542 166.016642 166.015293 166.014393 166.013044 166.012144 166.010795 166.009895 166.008546 166.007646 166.006297 166.005397 166.004048 166.003149 166.001799 166.000900 166.000000 
0.000000 166.040931 166.040031 166.038682 166.037782 166.036433 166.035533 166.034184 166.033284 166.031935 166.031035 166.030136 166.028786 166.027887 166.026538 166.025638 166.024289 166.023389 166.022040 166.021140 166.020240 166.018891 166.017992 166.016642 166.015743 166.014393 166.013494 166.012594 166.011245 166.010345 166.009446 166.008996 166.008096 166.007646 166.008096 166.009446 166.014843 0.000000 
0.000000 0.000000 0.000000 0.000000 166.040931 166.039581 166.038682 166.037782 166.036883 166.035533 166.034634 166.033734 166.032385 166.031485 166.030586 166.029686 166.028786 166.028337 166.027437 166.026538 166.025638 166.025188 166.024289 166.023389 166.022939 166.022939 166.022939 166.023389 166.023839 166.024738 166.026088 166.028337 166.031935 166.037332 0.000000 0.000000 0.000000 0.000000 
0.000000 0.000000 0.000000 0.000000 0.000000 0.000000 0.000000 0.000000 0.000000 0.000000 0.000000 166.041381 166.040481 166.039581 166.039132 166.038232 166.038232 166.038232 166.038232 166.038232 166.038232 166.038682 166.039132 166.040481 166.041381 0.000000 0.000000 0.000000 0.000000 0.000000 0.000000 0.000000 0.000000 0.000000 0.000000 0.000000 0.000000 0.000000 
