test/output/constant/M375_S060_A180_WD315.0_WS015.0/M375_S060_A180_WD315.0_WS015.0_intensity.asc
ncols         50
nrows         14
xllcorner     426603.990666
yllcorner     12747555.311160
cellsize      100.000000
NODATA_value  0.000000
431 10414 10414 10414 15028 32176 26077 32176 15028 20303 32176 32176 26077 0 0 0 0 0 0 0 0 0 0 0 0 0 0 0 0 0 0 0 0 0 0 0 0 0 0 0 0 0 0 0 0 0 0 0 0 0 
0 72616 72616 72616 70975 20303 50556 50556 20303 10414 44604 15028 56089 32176 38415 26077 32176 15028 32176 32176 6656 26077 0 0 0 0 0 0 0 0 0 0 0 0 0 0 0 0 0 0 0 0 0 0 0 0 0 0 0 0 
37548 49742 72616 72616 72616 72616 72616 72616 72616 72616 72616 20303 26077 68594 15028 56089 61037 10414 26077 20303 56089 50556 20303 56089 44604 20303 50556 0 0 0 0 0 0 0 0 0 0 0 0 0 0 0 0 0 0 0 0 0 0 0 
0 896 43750 49742 70700 72616 72616 70700 72616 72616 72616 68594 70975 72616 72616 61037 72616 68594 72616 15028 72557 15028 61037 15028 50556 65248 10414 15028 50556 56089 61037 0 0 0 0 0 0 0 0 0 0 0 0 0 0 0 0 0 0 0 
0 0 0 43750 43750 49742 55343 72616 72616 72616 72616 72616 72616 72616 72616 72616 72616 68594 72616 72616 56089 56089 10414 72616 15028 70975 72616 70975 65248 72557 50556 65248 20303 20303 61037 0 0 0 0 0 0 0 0 0 0 0 0 0 0 0 
0 0 0 0 0 49742 49742 49742 49742 49742 49742 72616 64703 72616 72616 72616 72616 72616 72616 72616 72616 72616 72616 72616 72616 72616 72616 72616 61037 72616 10414 72616 26077 68594 68594 10414 72616 65248 0 0 0 0 0 0 0 0 0 0 0 0 
0 0 0 0 0 0 0 0 1839 49742 49742 49742 49742 72616 49742 72616 68178 72616 72616 72616 72616 72616 72616 72616 72616 72616 72616 68594 72616 72616 65248 44604 72616 72616 70975 72616 72557 72616 68594 72616 72616 0 0 0 0 0 0 0 0 0 
0 0 0 0 0 0 0 0 0 0 49742 49742 55343 49742 49742 49742 49742 72616 72616 68178 72616 72193 72616 72616 72616 72616 72616 72616 72616 72616 72616 72616 68594 72616 72616 65248 72616 10414 26077 72616 72616 68594 72616 15028 0 0 0 0 0 0 
0 0 0 0 0 0 0 0 0 0 0 0 0 49742 49742 55343 49742 49742 70700 72193 72616 72616 70700 70700 72616 72616 72616 72616 72616 72616 72616 64703 72616 72616 72616 72616 65248 70975 72616 72616 68594 72616 26077 72616 68594 20303 0 0 0 0 
0 0 0 0 0 0 0 0 0 0 0 0 0 0 0 0 0 55343 49742 55343 55343 49742 49742 72616 72616 70700 72616 72616 72616 72616 72616 72616 72616 72616 72616 72616 72616 72616 72616 72616 72616 15028 65248 72616 72616 72616 72616 72616 0 0 
0 0 0 0 0 0 0 0 0 0 0 0 0 0 0 0 0 0 0 0 0 49742 49742 49742 72494 55343 72616 72616 72616 68178 68178 72616 72616 72616 72616 70700 72616 72616 72616 72616 72616 72616 72616 72616 72616 72616 72616 68594 72616 0 
0 0 0 0 0 0 0 0 0 0 0 0 0 0 0 0 0 0 0 0 0 0 0 0 0 49742 49742 49742 70700 72193 72616 70700 72616 72616 72616 72616 72616 72616 72616 72616 72616 72616 72616 72616 72616 72616 72616 72616 72616 72616 
0 0 0 0 0 0 0 0 0 0 0 0 0 0 0 0 0 0 0 0 0 0 0 0 0 0 0 0 0 0 70700 49742 72616 72616 72616 72193 72193 72616 72616 72616 72616 72494 72616 72616 64703 72616 72616 72616 72616 72616 
0 0 0 0 0 0 0 0 0 0 0 0 0 0 0 0 0 0 0 0 0 0 0 0 0 0 0 0 0 0 0 0 0 0 0 0 0 0 70700 70700 60380 72193 72616 72616 72616 72616 72616 72616 0 0 
