test/output/constant/M3M495_S060_A090_WD270.0_WS005.0/M3M495_S060_A090_WD270.0_WS005.0_arrival.asc
ncols         12
nrows         54
xllcorner     426403.990666
yllcorner     12743555.311160
cellsize      100.000000
NODATA_value  0.000000
0.000000 0.000000 166.040803 0.000000 0.000000 0.000000 0.000000 0.000000 0.000000 0.000000 0.000000 0.000000 
0.000000 166.017214 166.000000 166.010201 0.000000 0.000000 0.000000 0.000000 0.000000 0.000000 0.000000 0.000000 
0.000000 166.009882 166.000638 166.002869 166.025821 0.000000 0.000000 0.000000 0.000000 0.000000 0.000000 0.000000 
166.036978 166.009244 166.001275 166.002550 166.015620 0.000000 0.000000 0.000000 0.000000 0.000000 0.000000 0.000000 
166.030284 166.009244 166.002231 166.002550 166.010201 166.030602 0.000000 0.000000 0.000000 0.000000 0.000000 0.000000 
166.028052 166.009563 166.002869 166.002869 166.007969 166.022952 0.000000 0.000000 0.000000 0.000000 0.000000 0.000000 
166.026777 166.009882 166.003825 166.003825 166.007013 166.017851 166.036659 0.000000 0.000000 0.000000 0.000000 0.000000 
166.026139 166.010838 166.004782 166.004463 166.007013 166.014982 166.030602 0.000000 0.000000 0.000000 0.000000 0.000000 
166.026458 166.011476 166.005738 166.005419 166.007013 166.013070 166.025502 0.000000 0.000000 0.000000 0.000000 0.000000 
166.025821 166.012432 166.006694 166.006057 166.007332 166.012113 166.022633 166.038253 0.000000 0.000000 0.000000 0.000000 
166.026139 166.013389 166.007651 166.007013 166.007651 166.011795 166.020083 166.033471 0.000000 0.000000 0.000000 0.000000 
166.026458 166.014345 166.008926 166.007969 166.007969 166.011476 166.018170 166.029965 0.000000 0.000000 0.000000 0.000000 
166.026777 166.015301 166.009882 166.008607 166.008607 166.011476 166.017214 166.027415 166.041122 0.000000 0.000000 0.000000 
166.027415 166.016576 166.010838 166.009563 166.009563 166.011795 166.016576 166.025183 166.037615 0.000000 0.000000 0.000000 
166.027733 166.017533 166.012113 166.010201 166.010201 166.011795 166.016257 166.023271 166.034746 0.000000 0.000000 0.000000 
166.028371 166.018489 166.013070 166.011157 166.011157 166.012113 166.016257 166.022314 166.032196 0.000000 0.000000 0.000000 
166.029327 166.019445 166.014026 166.012113 166.011795 166.012751 166.016257 166.021358 166.030284 0.000000 0.000000 0.000000 
166.030284 166.020402 166.015301 166.012751 166.012751 166.013070 166.016257 166.021039 166.028371 166.039528 0.000000 0.000000 
166.031240 166.021358 166.016257 166.014026 166.013389 166.013707 166.016257 166.020720 166.027415 166.037297 0.000000 0.000000 
166.031877 166.022633 166.017533 166.014664 166.014345 166.014345 166.016576 166.020720 166.026458 166.035384 0.000000 0.000000 
166.032834 166.023589 166.018489 166.015620 166.014982 166.015301 166.016895 166.020720 166.025821 166.033471 0.000000 0.000000 
166.033790 166.024546 166.019764 166.016895 166.015939 166.015939 166.017214 166.020720 166.025502 166.032515 0.000000 0.000000 
166.034428 166.025821 166.020720 166.017851 166.016576 166.016576 166.017851 166.020720 166.025502 166.031559 166.040484 0.000000 
166.035384 166.027096 166.021995 166.018808 166.017533 166.017533 166.018170 166.021039 166.025502 166.030921 166.038890 0.000000 
166.036340 166.028052 166.022952 166.019764 166.018489 166.018170 166.018808 166.021039 166.025502 166.030284 166.037615 0.000000 
166.037297 166.029008 166.024227 166.021039 166.019445 166.019126 166.019445 166.021677 166.025502 166.029965 166.036659 0.000000 
166.037934 166.030284 166.025183 166.021995 166.020083 166.020083 166.020083 166.021995 166.025502 166.029965 166.036021 0.000000 
166.038890 166.031240 166.026139 166.022952 166.021039 166.020720 166.020720 166.022314 166.025502 166.029965 166.035384 0.000000 
166.039847 166.032515 166.027415 166.024227 166.021995 166.021677 166.021677 166.022952 166.025502 166.029965 166.034746 0.000000 
166.041122 166.033471 166.028371 166.025183 166.022952 166.022314 166.022314 166.023271 166.025821 166.029965 166.034746 166.041122 
0.000000 166.034746 166.029646 166.026139 166.023908 166.023271 166.023271 166.023908 166.026139 166.029965 166.034746 166.040166 
0.000000 166.035703 166.030602 166.027415 166.024864 166.023908 166.023908 166.024546 166.026458 166.029965 166.034428 166.039528 
0.000000 166.036978 166.031877 166.028371 166.025821 166.024864 166.024864 166.025183 166.027096 166.029965 166.034428 166.039528 
0.000000 166.037934 166.032834 166.029327 166.026777 166.025821 166.025502 166.025821 166.027415 166.030284 166.034428 166.039209 
0.000000 166.039209 166.034109 166.030602 166.027733 166.026458 166.026458 166.026458 166.028052 166.030602 166.034428 166.039209 
0.000000 166.040166 166.035065 166.031559 166.029008 166.027415 166.027096 166.027415 166.028371 166.030921 166.034428 166.039209 
0.000000 166.041441 166.036340 166.032515 166.029965 166.028371 166.028052 166.028052 166.029008 166.031240 166.034746 166.039209 
0.000000 0.000000 166.037297 166.033790 166.030921 166.029327 166.028690 166.028690 166.029646 166.031559 166.034746 166.039209 
0.000000 0.000000 166.038572 166.034746 166.031877 166.030284 166.029646 166.029646 166.030284 166.032196 166.034746 166.039209 
0.000000 0.000000 166.039528 166.035703 166.033152 166.031240 166.030602 166.030602 166.030921 166.032515 166.035065 166.039209 
0.000000 0.000000 166.040803 166.036978 166.034109 166.032196 166.031240 166.031240 166.031559 166.033152 166.035384 166.039209 
0.000000 0.000000 166.041667 166.037934 166.035065 166.033152 166.032196 166.032196 166.032196 166.033471 166.036021 166.039209 
0.000000 0.000000 0.000000 166.038890 166.036021 166.034109 166.033152 166.032834 166.033152 166.034109 166.036340 166.039209 
0.000000 0.000000 0.000000 166.040166 166.037297 166.035065 166.033790 166.033790 166.033790 166.034746 166.036659 166.039528 
0.000000 0.000000 0.000000 166.041122 166.038253 166.036021 166.034746 166.034428 166.034428 166.035384 166.037297 166.039847 
0.000000 0.000000 0.000000 0.000000 166.039209 166.036978 166.035703 166.035384 166.035384 166.036021 166.037615 166.040166 
0.000000 0.000000 0.000000 0.000000 166.040484 166.037934 166.036659 166.036021 166.036021 166.036659 166.038253 166.040484 
0.000000 0.000000 0.000000 0.000000 166.041441 166.038890 166.037615 166.036978 166.036978 166.037297 166.038572 166.040803 
0.000000 0.000000 0.000000 0.000000 0.000000 166.039847 166.038253 166.037615 166.037615 166.037934 166.039209 166.041441 
0.000000 0.000000 0.000000 0.000000 0.000000 166.041122 166.039209 166.038572 166.038572 166.038890 166.039847 0.000000 
0.000000 0.000000 0.000000 0.000000 0.000000 0.000000 166.040166 166.039528 166.039209 166.039528 166.040484 0.000000 
0.000000 0.000000 0.000000 0.000000 0.000000 0.000000 166.041122 166.040484 166.040166 166.040166 166.041122 0.000000 
0.000000 0.000000 0.000000 0.000000 0.000000 0.000000 0.000000 166.041122 166.040803 166.041122 166.041667 0.000000 
0.000000 0.000000 0.000000 0.000000 0.000000 0.000000 0.000000 0.000000 166.041667 166.041667 0.000000 0.000000 
