test/output/constant/M4100_S060_A180_WD270.0_WS025.0/M4100_S060_A180_WD270.0_WS025.0_arrival.asc
ncols         49
nrows         7
xllcorner     426603.990666
yllcorner     12748455.311160
cellsize      100.000000
NODATA_value  0.000000
0.000000 0.000000 0.000000 0.000000 0.000000 0.000000 0.000000 0.000000 0.000000 166.041577 166.039131 166.036685 166.034938 166.033890 166.032842 166.032143 166.031794 166.031444 166.031095 166.030746 166.030746 166.030746 166.030746 166.031095 166.031444 166.032143 166.032842 166.033191 166.033890 166.034589 166.034938 166.035637 166.036336 166.037035 166.037733 166.038083 166.038781 166.039480 166.040179 166.040878 166.041577 0.000000 0.000000 0.000000 0.000000 0.000000 0.000000 0.000000 0.000000 
0.000000 0.000000 0.000000 166.039131 166.031095 166.026553 166.023409 166.021312 166.020264 166.019565 166.018867 166.018517 166.018517 166.018517 166.018867 166.019216 166.019915 166.020614 166.020963 166.021662 166.022360 166.023059 166.023409 166.024107 166.024806 166.025505 166.026204 166.027252 166.027951 166.028649 166.029348 166.030396 166.031095 166.031794 166.032842 166.033541 166.034240 166.034938 166.035986 166.036685 166.037733 166.038432 166.039131 166.040179 166.040878 0.000000 0.000000 0.000000 0.000000 
166.034589 166.012228 166.007686 166.006638 166.006289 166.006289 166.006988 166.007686 166.008385 166.009084 166.009783 166.010481 166.011530 166.012228 166.012927 166.013975 166.014674 166.015722 166.016421 166.017469 166.018168 166.019216 166.019915 166.020614 166.021662 166.022360 166.023409 166.024107 166.025156 166.025854 166.026553 166.027601 166.028300 166.029348 166.030047 166.031095 166.031794 166.032842 166.033541 166.034589 166.035288 166.036336 166.037035 166.038083 166.038781 166.039480 166.040528 166.041227 0.000000 
166.000000 166.000699 166.001398 166.002446 166.003144 166.004193 166.004891 166.005940 166.006638 166.007686 166.008385 166.009433 166.010132 166.011180 166.011879 166.012927 166.013626 166.014674 166.015373 166.016421 166.017120 166.018168 166.018867 166.019915 166.020614 166.021662 166.022360 166.023409 166.024107 166.025156 166.025854 166.026902 166.027601 166.028649 166.029348 166.030396 166.031095 166.032143 166.032842 166.033890 166.034589 166.035637 166.036336 166.037384 166.038083 166.039131 166.039830 166.040878 166.041577 
166.034589 166.012228 166.007686 166.006638 166.006289 166.006289 166.006988 166.007686 166.008385 166.009084 166.009783 166.010481 166.011530 166.012228 166.012927 166.013975 166.014674 166.015722 166.016421 166.017469 166.018168 166.019216 166.019915 166.020614 166.021662 166.022360 166.023409 166.024107 166.025156 166.025854 166.026553 166.027601 166.028300 166.029348 166.030047 166.031095 166.031794 166.032842 166.033541 166.034589 166.035288 166.036336 166.037035 166.038083 166.038781 166.039480 166.040528 166.041227 0.000000 
0.000000 0.000000 0.000000 166.039131 166.031095 166.026553 166.023409 166.021312 166.020264 166.019565 166.018867 166.018517 166.018517 166.018517 166.018867 166.019216 166.019915 166.020614 166.020963 166.021662 166.022360 166.023059 166.023409 166.024107 166.024806 166.025505 166.026204 166.027252 166.027951 166.028649 166.029348 166.030396 166.031095 166.031794 166.032842 166.033541 166.034240 166.034938 166.035986 166.036685 166.037733 166.038432 166.039131 166.040179 166.040878 0.000000 0.000000 0.000000 0.000000 
0.000000 0.000000 0.000000 0.000000 0.000000 0.000000 0.000000 0.000000 0.000000 166.041577 166.039131 166.036685 166.034938 166.033890 166.032842 166.032143 166.031794 166.031444 166.031095 166.030746 166.030746 166.030746 166.030746 166.031095 166.031444 166.032143 166.032842 166.033191 166.033890 166.034589 166.034938 166.035637 166.036336 166.037035 166.037733 166.038083 166.038781 166.039480 166.040179 166.040878 166.041577 0.000000 0.000000 0.000000 0.000000 0.000000 0.000000 0.000000 0.000000 
