test/output/constant/M180_S000_A180_WD000.0_WS045.0/M180_S000_A180_WD000.0_WS045.0_arrival.asc
ncols         7
nrows         32
xllcorner     426303.990666
yllcorner     12745655.311160
cellsize      100.000000
NODATA_value  0.000000
0.000000 0.000000 166.031100 166.000000 166.031100 0.000000 0.000000 
0.000000 0.000000 166.012549 166.001091 166.012549 0.000000 0.000000 
0.000000 0.000000 166.008730 166.002182 166.008730 0.000000 0.000000 
0.000000 166.040375 166.008184 166.003819 166.008184 166.040375 0.000000 
0.000000 166.033282 166.008184 166.004910 166.008184 166.033282 0.000000 
0.000000 166.029463 166.009275 166.006547 166.009275 166.029463 0.000000 
0.000000 166.026189 166.009821 166.007638 166.009821 166.026189 0.000000 
0.000000 166.025098 166.010912 166.009275 166.010912 166.025098 0.000000 
0.000000 166.024552 166.012003 166.010367 166.012003 166.024552 0.000000 
0.000000 166.024007 166.013640 166.012003 166.013640 166.024007 0.000000 
0.000000 166.024007 166.014731 166.013095 166.014731 166.024007 0.000000 
0.000000 166.024007 166.015823 166.014731 166.015823 166.024007 0.000000 
166.041466 166.024552 166.017459 166.015823 166.017459 166.024552 166.041466 
166.040920 166.025643 166.018551 166.017459 166.018551 166.025643 166.040920 
166.040375 166.026189 166.020187 166.018551 166.020187 166.026189 166.040375 
166.040375 166.027280 166.021279 166.020187 166.021279 166.027280 166.040375 
166.039829 166.028371 166.022370 166.021279 166.022370 166.028371 166.039829 
166.039829 166.029463 166.024007 166.022915 166.024007 166.029463 166.039829 
166.039829 166.030008 166.025098 166.024007 166.025098 166.030008 166.039829 
166.040375 166.031100 166.026735 166.025643 166.026735 166.031100 166.040375 
166.040920 166.032191 166.027826 166.026735 166.027826 166.032191 166.040920 
166.041667 166.033282 166.029463 166.028371 166.029463 166.033282 166.041667 
0.000000 166.034373 166.030554 166.029463 166.030554 166.034373 0.000000 
0.000000 166.035464 166.032191 166.031100 166.032191 166.035464 0.000000 
0.000000 166.037101 166.033282 166.032191 166.033282 166.037101 0.000000 
0.000000 166.038192 166.034919 166.033828 166.034919 166.038192 0.000000 
0.000000 166.039284 166.036010 166.034919 166.036010 166.039284 0.000000 
0.000000 166.040920 166.037101 166.036556 166.037101 166.040920 0.000000 
0.000000 0.000000 166.038738 166.037647 166.038738 0.000000 0.000000 
0.000000 0.000000 166.039829 166.039284 166.039829 0.000000 0.000000 
0.000000 0.000000 166.041466 166.040375 166.041466 0.000000 0.000000 
0.000000 0.000000 0.000000 166.041667 0.000000 0.000000 0.000000 
