test/output/constant/M3M490_S060_A270_WD045.0_WS040.0/M3M490_S060_A270_WD045.0_WS040.0_raz.asc
ncols         32
nrows         15
xllcorner     423603.990666
yllcorner     12748655.311160
cellsize      100.000000
NODATA_value  0.000000
0 0 293 298 298 323 298 0 0 0 0 0 0 0 0 0 0 0 0 0 0 0 0 0 0 0 0 0 0 0 0 0 
291 291 291 291 291 298 297 323 298 297 354 298 0 0 0 0 0 0 0 0 0 0 0 0 0 0 0 0 0 0 0 0 
291 291 291 291 291 293 291 294 291 298 298 297 297 300 354 0 0 0 0 0 0 0 0 0 0 0 0 0 0 0 0 0 
0 291 291 291 291 291 293 291 291 295 298 298 354 21 340 297 340 300 0 0 0 0 0 0 0 0 0 0 0 0 0 0 
0 279 279 291 291 291 291 291 291 295 291 291 298 297 354 354 340 354 11 354 300 0 0 0 0 0 0 0 0 0 0 0 
0 0 269 291 269 285 291 272 291 291 291 291 291 291 309 297 298 21 298 11 39 300 354 0 0 0 0 0 0 0 0 0 
0 0 0 283 269 283 272 281 291 272 291 291 291 293 291 294 295 293 298 39 354 354 298 11 11 0 0 0 0 0 0 0 
0 0 0 0 0 285 285 272 287 277 272 272 291 291 291 291 291 291 291 295 298 298 300 354 11 340 0 0 0 0 0 0 
0 0 0 0 0 0 283 269 272 269 272 269 269 281 281 279 291 291 291 295 291 291 354 340 354 300 298 354 0 0 0 0 
0 0 0 0 0 0 0 0 269 272 272 283 279 286 277 272 277 291 291 291 291 291 293 297 300 300 340 354 11 0 0 0 
0 0 0 0 0 0 0 0 0 0 269 269 272 272 281 272 269 283 272 269 279 291 291 291 291 323 300 354 16 11 354 0 
0 0 0 0 0 0 0 0 0 0 0 0 272 269 272 272 269 272 272 277 272 269 281 291 291 291 291 291 300 11 354 0 
0 0 0 0 0 0 0 0 0 0 0 0 0 0 0 272 269 269 272 272 279 269 272 272 272 272 291 291 291 291 11 11 
0 0 0 0 0 0 0 0 0 0 0 0 0 0 0 0 0 0 269 269 269 275 269 269 272 269 272 272 285 291 254 11 
0 0 0 0 0 0 0 0 0 0 0 0 0 0 0 0 0 0 0 0 0 0 269 269 269 269 269 269 269 241 85 136 
