test/output/constant/M385_S060_A000_WD225.0_WS050.0/M385_S060_A000_WD225.0_WS050.0_arrival.asc
ncols         10
nrows         39
xllcorner     425903.990666
yllcorner     12748655.311160
cellsize      100.000000
NODATA_value  0.000000
0.000000 0.000000 166.041484 166.041103 166.041103 0.000000 0.000000 0.000000 0.000000 0.000000 
0.000000 0.000000 166.040342 166.039961 166.039961 166.041103 0.000000 0.000000 0.000000 0.000000 
0.000000 166.041484 166.039581 166.038820 166.038820 166.039581 0.000000 0.000000 0.000000 0.000000 
0.000000 166.040342 166.038439 166.037678 166.037678 166.038439 166.040722 0.000000 0.000000 0.000000 
0.000000 166.039581 166.037297 166.036536 166.036536 166.037297 166.039200 0.000000 0.000000 0.000000 
0.000000 166.038820 166.036536 166.035775 166.035394 166.036155 166.038058 166.041484 0.000000 0.000000 
0.000000 166.038439 166.035775 166.034633 166.034253 166.035014 166.036536 166.039961 0.000000 0.000000 
166.041667 166.037678 166.034633 166.033491 166.033111 166.033491 166.035394 166.038439 0.000000 0.000000 
166.041484 166.036917 166.034253 166.032350 166.031969 166.032350 166.033872 166.037297 0.000000 0.000000 
166.041103 166.036536 166.033111 166.031588 166.030827 166.031208 166.032730 166.035775 166.040722 0.000000 
166.040722 166.036155 166.032350 166.030447 166.030066 166.030066 166.031208 166.034633 166.039581 0.000000 
166.040722 166.035775 166.031588 166.029305 166.028924 166.028924 166.030066 166.033111 166.038058 0.000000 
166.041103 166.035014 166.031208 166.028544 166.027783 166.027783 166.028924 166.031588 166.036536 0.000000 
166.041484 166.035014 166.030447 166.027783 166.026641 166.026641 166.027402 166.030447 166.035394 0.000000 
0.000000 166.034633 166.030066 166.027021 166.025499 166.025499 166.026260 166.028924 166.033872 0.000000 
0.000000 166.034633 166.029305 166.025880 166.024357 166.024357 166.025119 166.027783 166.032730 166.041103 
0.000000 166.034633 166.028924 166.025119 166.023216 166.023216 166.023596 166.026260 166.031208 166.039581 
0.000000 166.035014 166.028544 166.024357 166.022454 166.022074 166.022454 166.024738 166.030066 166.038439 
0.000000 166.035775 166.028163 166.023977 166.021313 166.020932 166.021313 166.023596 166.028544 166.037678 
0.000000 166.036155 166.028163 166.023216 166.020171 166.019790 166.020171 166.022074 166.027402 166.036536 
0.000000 166.036917 166.028544 166.022835 166.019790 166.018649 166.019029 166.020932 166.025880 166.035394 
0.000000 166.038058 166.028924 166.022454 166.018649 166.017507 166.017507 166.019410 166.024738 166.034253 
0.000000 166.039581 166.029686 166.022074 166.017887 166.016365 166.016365 166.018268 166.023216 166.033111 
0.000000 166.041103 166.030066 166.022074 166.017126 166.015223 166.015223 166.016746 166.022074 166.031969 
0.000000 0.000000 166.031208 166.022074 166.016746 166.014462 166.014082 166.015604 166.020932 166.031208 
0.000000 0.000000 166.032730 166.022835 166.016365 166.013320 166.012940 166.014082 166.019410 166.030066 
0.000000 0.000000 166.034633 166.023596 166.015985 166.012179 166.011798 166.012559 166.018268 166.029305 
0.000000 0.000000 166.036917 166.024357 166.015985 166.011798 166.011037 166.011418 166.017126 166.028544 
0.000000 0.000000 166.039961 166.025880 166.015985 166.010656 166.009895 166.010276 166.015604 166.028163 
0.000000 0.000000 0.000000 166.028163 166.016746 166.010276 166.008753 166.008753 166.014462 166.027783 
0.000000 0.000000 0.000000 166.030827 166.017507 166.009515 166.007612 166.007612 166.013320 166.027402 
0.000000 0.000000 0.000000 166.034633 166.019029 166.009515 166.006470 166.006470 166.012179 166.027402 
0.000000 0.000000 0.000000 166.039961 166.021693 166.009895 166.005328 166.005328 166.011037 166.027783 
0.000000 0.000000 0.000000 0.000000 166.025880 166.010656 166.004186 166.004186 166.010276 166.028924 
0.000000 0.000000 0.000000 0.000000 166.031208 166.012559 166.003425 166.003045 166.009895 166.030827 
0.000000 0.000000 0.000000 0.000000 166.039961 166.017126 166.003425 166.001903 166.009515 166.033872 
0.000000 0.000000 0.000000 0.000000 0.000000 166.024357 166.003806 166.000761 166.010656 166.039200 
0.000000 0.000000 0.000000 0.000000 0.000000 166.036917 166.009134 166.000000 166.013701 0.000000 
0.000000 0.000000 0.000000 0.000000 0.000000 0.000000 0.000000 166.036155 0.000000 0.000000 
