test/output/constant/M280_S060_A000_WD090.0_WS020.0/M280_S060_A000_WD090.0_WS020.0_arrival.asc
ncols         32
nrows         7
xllcorner     423503.990666
yllcorner     12748455.311160
cellsize      100.000000
NODATA_value  0.000000
0.000000 0.000000 0.000000 0.000000 0.000000 0.000000 0.000000 0.000000 0.000000 0.000000 0.000000 166.041634 166.041634 166.041634 166.041634 0.000000 0.000000 0.000000 0.000000 0.000000 0.000000 0.000000 0.000000 0.000000 0.000000 0.000000 0.000000 0.000000 0.000000 0.000000 0.000000 0.000000 
0.000000 0.000000 0.000000 166.041634 166.040033 166.038965 166.037898 166.036830 166.035229 166.034161 166.033094 166.032560 166.031493 166.030425 166.029357 166.028290 166.027756 166.026689 166.025621 166.025087 166.025087 166.025087 166.025621 166.026155 166.027222 166.029357 166.032560 166.037898 0.000000 0.000000 0.000000 0.000000 
0.000000 166.040567 166.039499 166.037898 166.036830 166.035229 166.034161 166.032560 166.031493 166.029891 166.028824 166.027222 166.026155 166.024554 166.023486 166.021885 166.020817 166.019216 166.018148 166.017081 166.015479 166.014412 166.013344 166.012277 166.011209 166.010142 166.009074 166.008540 166.008540 166.009608 166.014946 166.037898 
166.041100 166.039499 166.038432 166.036830 166.035763 166.034161 166.033094 166.031493 166.030425 166.028824 166.027756 166.026155 166.025087 166.023486 166.022418 166.020817 166.019750 166.018148 166.017081 166.015479 166.014412 166.012811 166.011743 166.010142 166.009074 166.007473 166.006405 166.004804 166.003736 166.002135 166.001068 166.000000 
0.000000 166.040567 166.039499 166.037898 166.036830 166.035229 166.034161 166.032560 166.031493 166.029891 166.028824 166.027222 166.026155 166.024554 166.023486 166.021885 166.020817 166.019216 166.018148 166.017081 166.015479 166.014412 166.013344 166.012277 166.011209 166.010142 166.009074 166.008540 166.008540 166.009608 166.014946 166.037898 
0.000000 0.000000 0.000000 166.041634 166.040033 166.038965 166.037898 166.036830 166.035229 166.034161 166.033094 166.032560 166.031493 166.030425 166.029357 166.028290 166.027756 166.026689 166.025621 166.025087 166.025087 166.025087 166.025621 166.026155 166.027222 166.029357 166.032560 166.037898 0.000000 0.000000 0.000000 0.000000 
0.000000 0.000000 0.000000 0.000000 0.000000 0.000000 0.000000 0.000000 0.000000 0.000000 0.000000 166.041634 166.041634 166.041634 166.041634 0.000000 0.000000 0.000000 0.000000 0.000000 0.000000 0.000000 0.000000 0.000000 0.000000 0.000000 0.000000 0.000000 0.000000 0.000000 0.000000 0.000000 
