test/output/constant/S1_S060_A090_WD000.0_WS015.0/S1_S060_A090_WD000.0_WS015.0_arrival.asc
ncols         7
nrows         34
xllcorner     426303.990666
yllcorner     12745455.311160
cellsize      100.000000
NODATA_value  0.000000
0.000000 0.000000 166.034611 166.000000 166.034611 0.000000 0.000000 
0.000000 0.000000 166.014252 166.001018 166.014252 0.000000 0.000000 
0.000000 0.000000 166.009671 166.002036 166.009671 0.000000 0.000000 
0.000000 0.000000 166.008653 166.003563 166.008653 0.000000 0.000000 
0.000000 166.037156 166.008144 166.004581 166.008144 166.037156 0.000000 
0.000000 166.032066 166.008653 166.006108 166.008653 166.032066 0.000000 
0.000000 166.028503 166.009671 166.007126 166.009671 166.028503 0.000000 
0.000000 166.026976 166.010689 166.008653 166.010689 166.026976 0.000000 
0.000000 166.025449 166.011707 166.009671 166.011707 166.025449 0.000000 
0.000000 166.024940 166.012725 166.011198 166.012725 166.024940 0.000000 
0.000000 166.024432 166.013743 166.012216 166.013743 166.024432 0.000000 
0.000000 166.024432 166.015270 166.013743 166.015270 166.024432 0.000000 
0.000000 166.024432 166.016288 166.014761 166.016288 166.024432 0.000000 
0.000000 166.024940 166.017306 166.016288 166.017306 166.024940 0.000000 
0.000000 166.025958 166.018833 166.017306 166.018833 166.025958 0.000000 
166.041228 166.026467 166.019851 166.018833 166.019851 166.026467 166.041228 
166.040719 166.027485 166.020869 166.019851 166.020869 166.027485 166.040719 
166.040719 166.028503 166.022396 166.021378 166.022396 166.028503 166.040719 
166.040719 166.029521 166.023414 166.022396 166.023414 166.029521 166.040719 
166.040719 166.030030 166.024940 166.023923 166.024940 166.030030 166.040719 
166.040719 166.031048 166.025958 166.024940 166.025958 166.031048 166.040719 
166.041228 166.032066 166.026976 166.026467 166.026976 166.032066 166.041228 
0.000000 166.033084 166.028503 166.027485 166.028503 166.033084 0.000000 
0.000000 166.034102 166.029521 166.029012 166.029521 166.034102 0.000000 
0.000000 166.035120 166.031048 166.030030 166.031048 166.035120 0.000000 
0.000000 166.036138 166.032066 166.031557 166.032066 166.036138 0.000000 
0.000000 166.037156 166.033593 166.032575 166.033593 166.037156 0.000000 
0.000000 166.038683 166.034611 166.034102 166.034611 166.038683 0.000000 
0.000000 166.039701 166.036138 166.035120 166.036138 166.039701 0.000000 
0.000000 166.041228 166.037156 166.036647 166.037156 166.041228 0.000000 
0.000000 0.000000 166.038683 166.037665 166.038683 0.000000 0.000000 
0.000000 0.000000 166.039701 166.039192 166.039701 0.000000 0.000000 
0.000000 0.000000 166.041228 166.040210 166.041228 0.000000 0.000000 
0.000000 0.000000 0.000000 166.041667 0.000000 0.000000 0.000000 
