test/output/constant/C3_S060_A000_WD090.0_WS040.0/C3_S060_A000_WD090.0_WS040.0_arrival.asc
ncols         43
nrows         7
xllcorner     422403.990666
yllcorner     12748455.311160
cellsize      100.000000
NODATA_value  0.000000
0.000000 0.000000 0.000000 0.000000 0.000000 0.000000 0.000000 0.000000 0.000000 166.041659 166.041258 166.040457 166.039656 166.038855 166.038454 166.037653 166.036852 166.036452 166.035650 166.034849 166.034449 166.034449 166.034449 166.034449 166.034449 166.034849 166.035250 166.035650 166.036452 166.037653 166.038855 166.040858 0.000000 0.000000 0.000000 0.000000 0.000000 0.000000 0.000000 0.000000 0.000000 0.000000 0.000000 
0.000000 0.000000 0.000000 0.000000 166.040858 166.040057 166.039256 166.038054 166.037253 166.036452 166.035650 166.034449 166.033648 166.032446 166.031645 166.030844 166.030043 166.028841 166.028040 166.027239 166.026437 166.026037 166.025236 166.024435 166.023633 166.023233 166.022432 166.021631 166.021230 166.020829 166.020829 166.020829 166.021230 166.021230 166.022432 166.023633 166.025636 166.029241 166.033648 0.000000 0.000000 0.000000 0.000000 
0.000000 166.041258 166.040457 166.039256 166.038454 166.037653 166.036452 166.035650 166.034449 166.033648 166.032446 166.031645 166.030443 166.029642 166.028440 166.027639 166.026838 166.025636 166.024835 166.023633 166.022832 166.021631 166.020829 166.020028 166.018827 166.018026 166.016824 166.016023 166.014821 166.014020 166.012818 166.012017 166.011216 166.010014 166.009213 166.008812 166.008011 166.007210 166.007210 166.007210 166.008412 166.013619 0.000000 
166.041659 166.040858 166.039656 166.038855 166.037653 166.036852 166.035650 166.034849 166.033648 166.032846 166.031645 166.030844 166.029642 166.028841 166.027639 166.026838 166.025636 166.024835 166.023633 166.022832 166.021631 166.020829 166.019628 166.018827 166.017625 166.016824 166.015622 166.014821 166.013619 166.012818 166.011616 166.010815 166.009614 166.008812 166.007611 166.006810 166.005608 166.004807 166.003605 166.002804 166.001602 166.000801 166.000000 
0.000000 166.041258 166.040457 166.039256 166.038454 166.037653 166.036452 166.035650 166.034449 166.033648 166.032446 166.031645 166.030443 166.029642 166.028440 166.027639 166.026838 166.025636 166.024835 166.023633 166.022832 166.021631 166.020829 166.020028 166.018827 166.018026 166.016824 166.016023 166.014821 166.014020 166.012818 166.012017 166.011216 166.010014 166.009213 166.008812 166.008011 166.007210 166.007210 166.007210 166.008412 166.013619 0.000000 
0.000000 0.000000 0.000000 0.000000 166.040858 166.040057 166.039256 166.038054 166.037253 166.036452 166.035650 166.034449 166.033648 166.032446 166.031645 166.030844 166.030043 166.028841 166.028040 166.027239 166.026437 166.026037 166.025236 166.024435 166.023633 166.023233 166.022432 166.021631 166.021230 166.020829 166.020829 166.020829 166.021230 166.021230 166.022432 166.023633 166.025636 166.029241 166.033648 0.000000 0.000000 0.000000 0.000000 
0.000000 0.000000 0.000000 0.000000 0.000000 0.000000 0.000000 0.000000 0.000000 166.041659 166.041258 166.040457 166.039656 166.038855 166.038454 166.037653 166.036852 166.036452 166.035650 166.034849 166.034449 166.034449 166.034449 166.034449 166.034449 166.034849 166.035250 166.035650 166.036452 166.037653 166.038855 166.040858 0.000000 0.000000 0.000000 0.000000 0.000000 0.000000 0.000000 0.000000 0.000000 0.000000 0.000000 
