test/output/constant/M365_S000_A000_WD045.0_WS020.0/M365_S000_A000_WD045.0_WS020.0_arrival.asc
ncols         16
nrows         16
xllcorner     425303.990666
yllcorner     12747455.311160
cellsize      100.000000
NODATA_value  0.000000
0.000000 0.000000 0.000000 0.000000 0.000000 0.000000 0.000000 0.000000 0.000000 0.000000 0.000000 0.000000 166.041441 166.040520 0.000000 0.000000 
0.000000 0.000000 0.000000 0.000000 0.000000 0.000000 0.000000 0.000000 0.000000 166.041441 166.033153 166.023944 166.016576 166.013814 166.019339 0.000000 
0.000000 0.000000 0.000000 0.000000 0.000000 0.000000 0.000000 0.000000 166.034074 166.025786 166.016576 166.008288 166.001842 166.000000 166.013814 166.040520 
0.000000 0.000000 0.000000 0.000000 0.000000 0.000000 166.040520 166.032232 166.023944 166.016576 166.009209 166.005525 166.001842 166.001842 166.016576 166.041441 
0.000000 0.000000 0.000000 0.000000 0.000000 166.039599 166.031311 166.023944 166.017497 166.011972 166.008288 166.005525 166.005525 166.008288 166.023944 0.000000 
0.000000 0.000000 0.000000 0.000000 166.039599 166.032232 166.025786 166.019339 166.014735 166.011051 166.008288 166.008288 166.009209 166.016576 166.033153 0.000000 
0.000000 0.000000 0.000000 166.040520 166.034074 166.027627 166.022102 166.017497 166.014735 166.011972 166.011051 166.011972 166.016576 166.025786 166.041441 0.000000 
0.000000 0.000000 166.041441 166.034995 166.029469 166.024865 166.021181 166.017497 166.014735 166.014735 166.014735 166.017497 166.023944 166.034074 0.000000 0.000000 
0.000000 0.000000 166.037758 166.032232 166.027627 166.023944 166.021181 166.018418 166.017497 166.017497 166.019339 166.023944 166.032232 0.000000 0.000000 0.000000 
0.000000 166.039599 166.034995 166.030390 166.027627 166.023944 166.021181 166.021181 166.021181 166.022102 166.025786 166.031311 166.040520 0.000000 0.000000 0.000000 
0.000000 166.037758 166.034074 166.030390 166.027627 166.024865 166.023944 166.023944 166.024865 166.027627 166.032232 166.039599 0.000000 0.000000 0.000000 0.000000 
166.040520 166.036837 166.033153 166.030390 166.028548 166.027627 166.027627 166.027627 166.029469 166.034074 166.039599 0.000000 0.000000 0.000000 0.000000 0.000000 
166.039599 166.036837 166.034074 166.031311 166.030390 166.030390 166.030390 166.032232 166.034995 166.040520 0.000000 0.000000 0.000000 0.000000 0.000000 0.000000 
166.039599 166.036837 166.034995 166.034074 166.033153 166.034074 166.034995 166.037758 166.041441 0.000000 0.000000 0.000000 0.000000 0.000000 0.000000 0.000000 
166.040520 166.037758 166.036837 166.036837 166.036837 166.037758 166.039599 0.000000 0.000000 0.000000 0.000000 0.000000 0.000000 0.000000 0.000000 0.000000 
166.041441 166.040520 166.039599 166.039599 166.040520 0.000000 0.000000 0.000000 0.000000 0.000000 0.000000 0.000000 0.000000 0.000000 0.000000 0.000000 
