test/output/constant/M3M470_S060_A270_WD315.0_WS040.0/M3M470_S060_A270_WD315.0_WS040.0_arrival.asc
ncols         25
nrows         10
xllcorner     426503.990666
yllcorner     12748655.311160
cellsize      100.000000
NODATA_value  0.000000
0.000000 0.000000 0.000000 0.000000 0.000000 0.000000 0.000000 0.000000 0.000000 0.000000 0.000000 0.000000 0.000000 0.000000 0.000000 166.040660 166.039464 166.038866 166.038866 166.038268 166.038866 166.039464 166.039464 166.040660 166.041667 
0.000000 0.000000 0.000000 0.000000 0.000000 0.000000 0.000000 0.000000 0.000000 0.000000 0.000000 166.040660 166.037670 166.035278 166.034082 166.033484 166.033484 166.033484 166.034082 166.034082 166.035278 166.036474 166.037670 166.039464 166.040660 
0.000000 0.000000 0.000000 0.000000 0.000000 0.000000 0.000000 0.000000 166.040660 166.035876 166.032886 166.030495 166.028701 166.028701 166.028103 166.028701 166.028701 166.029897 166.030495 166.032288 166.033484 166.035278 166.037072 166.038866 166.040660 
0.000000 0.000000 0.000000 0.000000 0.000000 0.000000 166.037670 166.031691 166.027505 166.025113 166.023917 166.023319 166.023319 166.023319 166.023917 166.025113 166.026309 166.028103 166.029897 166.031691 166.033484 166.035278 166.037670 166.040062 0.000000 
0.000000 0.000000 0.000000 0.000000 166.035278 166.028103 166.022721 166.019732 166.018536 166.017938 166.018536 166.018536 166.019732 166.020928 166.022721 166.024515 166.026309 166.028103 166.030495 166.032886 166.034680 166.037072 166.040062 0.000000 0.000000 
0.000000 0.000000 166.037072 166.025711 166.018536 166.014350 166.013155 166.013155 166.013155 166.014350 166.015546 166.017340 166.019134 166.020928 166.022721 166.025113 166.027505 166.029897 166.032886 166.035278 166.038268 166.041257 0.000000 0.000000 0.000000 
0.000000 166.028701 166.015546 166.009567 166.007773 166.007773 166.008371 166.010165 166.011959 166.013752 166.015546 166.017340 166.019732 166.022721 166.025113 166.028103 166.031093 166.034680 166.037670 166.040660 0.000000 0.000000 0.000000 0.000000 0.000000 
166.037072 166.005979 166.002990 166.002990 166.004783 166.006577 166.008371 166.010165 166.012557 166.015546 166.018536 166.021526 166.024515 166.028103 166.031093 166.034680 166.038268 166.041667 0.000000 0.000000 0.000000 0.000000 0.000000 0.000000 0.000000 
166.030495 166.000000 166.001196 166.002990 166.005381 166.008371 166.011959 166.015546 166.019134 166.022721 166.026309 166.029897 166.033484 166.037072 166.041257 0.000000 0.000000 0.000000 0.000000 0.000000 0.000000 0.000000 0.000000 0.000000 0.000000 
166.039464 166.019134 166.017938 166.019134 166.022124 166.025711 166.029299 166.032886 166.036474 166.040062 0.000000 0.000000 0.000000 0.000000 0.000000 0.000000 0.000000 0.000000 0.000000 0.000000 0.000000 0.000000 0.000000 0.000000 0.000000 
