test/output/constant/M3M460_S060_A270_WD045.0_WS025.0/M3M460_S060_A270_WD045.0_WS025.0_ros.asc
ncols         15
nrows         15
xllcorner     425303.990666
yllcorner     12748655.311160
cellsize      100.000000
NODATA_value  0.000000
30.625006 30.625006 30.625006 30.625006 9.241110 0.000000 0.000000 0.000000 0.000000 0.000000 0.000000 0.000000 0.000000 0.000000 0.000000 
30.625006 30.625006 30.625006 30.625006 30.625006 26.992836 0.000000 0.000000 0.000000 0.000000 0.000000 0.000000 0.000000 0.000000 0.000000 
30.625006 30.625006 30.625006 30.625006 11.414957 23.169043 26.992836 2.062216 0.000000 0.000000 0.000000 0.000000 0.000000 0.000000 0.000000 
6.274138 30.625006 30.625006 30.625006 30.625006 9.241110 28.465679 25.209364 4.159741 0.000000 0.000000 0.000000 0.000000 0.000000 0.000000 
0.000000 25.952620 12.337625 30.625006 30.625006 30.625006 30.625006 4.159741 5.570325 4.159741 0.000000 0.000000 0.000000 0.000000 0.000000 
0.000000 24.007818 27.618362 10.105380 30.625006 30.630260 30.625006 18.569117 25.209364 4.159741 4.159741 0.000000 0.000000 0.000000 0.000000 
0.000000 0.000000 6.274138 27.618362 30.625006 30.625006 30.312300 30.630260 16.147131 7.276509 16.147131 16.147131 0.000000 0.000000 0.000000 
0.000000 0.000000 0.000000 6.274138 4.776576 4.776576 30.625006 30.312300 30.630260 29.583427 7.276509 2.485053 5.570325 0.000000 0.000000 
0.000000 0.000000 0.000000 0.000000 4.776576 4.776576 29.921240 30.625006 30.625006 30.625006 30.625006 18.569117 2.062216 0.000000 0.000000 
0.000000 0.000000 0.000000 0.000000 0.000000 6.274138 25.952620 27.618362 30.625006 30.625006 30.625006 2.485053 5.570325 4.159741 0.000000 
0.000000 0.000000 0.000000 0.000000 0.000000 0.000000 3.602244 6.274138 25.952620 30.625006 30.625006 23.169043 23.169043 3.068885 0.000000 
0.000000 0.000000 0.000000 0.000000 0.000000 0.000000 0.000000 3.602244 6.274138 4.776576 30.625006 30.625006 26.992836 5.570325 2.485053 
0.000000 0.000000 0.000000 0.000000 0.000000 0.000000 0.000000 0.000000 4.776576 17.116819 4.776576 30.625006 30.625006 29.583427 2.485053 
0.000000 0.000000 0.000000 0.000000 0.000000 0.000000 0.000000 0.000000 0.000000 4.776576 4.776576 4.776576 29.921240 0.000000 4.159741 
0.000000 0.000000 0.000000 0.000000 0.000000 0.000000 0.000000 0.000000 0.000000 0.000000 0.000000 4.776576 4.776576 2.062216 1.374239 
