test/output/constant/M3M470_S060_A000_WD090.0_WS020.0/M3M470_S060_A000_WD090.0_WS020.0_arrival.asc
ncols         47
nrows         7
xllcorner     422003.990666
yllcorner     12748455.311160
cellsize      100.000000
NODATA_value  0.000000
0.000000 0.000000 0.000000 0.000000 0.000000 0.000000 0.000000 0.000000 166.041456 166.040735 166.040014 166.039293 166.038572 166.038212 166.037491 166.036770 166.036049 166.035688 166.034967 166.034246 166.033886 166.033165 166.032444 166.032084 166.031723 166.031723 166.031723 166.031723 166.031723 166.032084 166.032444 166.033165 166.033886 166.034967 166.036049 166.037851 166.040014 0.000000 0.000000 0.000000 0.000000 0.000000 0.000000 0.000000 0.000000 0.000000 0.000000 
0.000000 0.000000 0.000000 166.041456 166.040735 166.039654 166.038933 166.037851 166.037130 166.036049 166.035328 166.034607 166.033886 166.032805 166.032084 166.031363 166.030281 166.029560 166.028839 166.028118 166.027037 166.026316 166.025595 166.024874 166.024153 166.023792 166.023071 166.022350 166.021629 166.020908 166.020548 166.019827 166.019466 166.019106 166.019106 166.019106 166.019466 166.019827 166.020908 166.021990 166.023792 166.027397 166.032805 166.040014 0.000000 0.000000 0.000000 
166.041667 166.040735 166.040014 166.039293 166.038212 166.037491 166.036409 166.035688 166.034607 166.033886 166.032805 166.032084 166.031002 166.030281 166.029200 166.028479 166.027397 166.026676 166.025955 166.024874 166.024153 166.023071 166.022350 166.021269 166.020548 166.019827 166.018745 166.018024 166.016943 166.016222 166.015141 166.014420 166.013338 166.012617 166.011896 166.010815 166.010094 166.009373 166.008652 166.007931 166.007210 166.006489 166.006489 166.006849 166.007931 166.012617 166.032805 
166.041096 166.040375 166.039293 166.038572 166.037491 166.036770 166.035688 166.034967 166.033886 166.033165 166.032084 166.031363 166.030281 166.029560 166.028479 166.027758 166.026676 166.025955 166.024874 166.024153 166.023071 166.022350 166.021269 166.020548 166.019466 166.018745 166.017664 166.016943 166.015862 166.015141 166.014059 166.013338 166.012257 166.011536 166.010454 166.009733 166.008652 166.007931 166.006849 166.006128 166.005047 166.004326 166.003244 166.002523 166.001442 166.000721 166.000000 
166.041667 166.040735 166.040014 166.039293 166.038212 166.037491 166.036409 166.035688 166.034607 166.033886 166.032805 166.032084 166.031002 166.030281 166.029200 166.028479 166.027397 166.026676 166.025955 166.024874 166.024153 166.023071 166.022350 166.021269 166.020548 166.019827 166.018745 166.018024 166.016943 166.016222 166.015141 166.014420 166.013338 166.012617 166.011896 166.010815 166.010094 166.009373 166.008652 166.007931 166.007210 166.006489 166.006489 166.006849 166.007931 166.012617 166.032805 
0.000000 0.000000 0.000000 166.041456 166.040735 166.039654 166.038933 166.037851 166.037130 166.036049 166.035328 166.034607 166.033886 166.032805 166.032084 166.031363 166.030281 166.029560 166.028839 166.028118 166.027037 166.026316 166.025595 166.024874 166.024153 166.023792 166.023071 166.022350 166.021629 166.020908 166.020548 166.019827 166.019466 166.019106 166.019106 166.019106 166.019466 166.019827 166.020908 166.021990 166.023792 166.027397 166.032805 166.040014 0.000000 0.000000 0.000000 
0.000000 0.000000 0.000000 0.000000 0.000000 0.000000 0.000000 0.000000 166.041456 166.040735 166.040014 166.039293 166.038572 166.038212 166.037491 166.036770 166.036049 166.035688 166.034967 166.034246 166.033886 166.033165 166.032444 166.032084 166.031723 166.031723 166.031723 166.031723 166.031723 166.032084 166.032444 166.033165 166.033886 166.034967 166.036049 166.037851 166.040014 0.000000 0.000000 0.000000 0.000000 0.000000 0.000000 0.000000 0.000000 0.000000 0.000000 
