test/output/constant/M295_S060_A270_WD180.0_WS025.0/M295_S060_A270_WD180.0_WS025.0_arrival.asc
ncols         7
nrows         40
xllcorner     426303.990666
yllcorner     12748755.311160
cellsize      100.000000
NODATA_value  0.000000
0.000000 0.000000 0.000000 166.041406 0.000000 0.000000 0.000000 
0.000000 0.000000 166.040980 166.040126 166.040980 0.000000 0.000000 
0.000000 0.000000 166.039699 166.039272 166.039699 0.000000 0.000000 
0.000000 166.041667 166.038845 166.037992 166.038845 166.041667 0.000000 
0.000000 166.040553 166.037992 166.037138 166.037992 166.040553 0.000000 
0.000000 166.039699 166.036711 166.035857 166.036711 166.039699 0.000000 
0.000000 166.038845 166.035857 166.035003 166.035857 166.038845 0.000000 
0.000000 166.037565 166.034577 166.033723 166.034577 166.037565 0.000000 
0.000000 166.036711 166.033723 166.032869 166.033723 166.036711 0.000000 
0.000000 166.035857 166.032442 166.031588 166.032442 166.035857 0.000000 
166.041406 166.035003 166.031588 166.030735 166.031588 166.035003 166.041406 
166.040553 166.033723 166.030308 166.029454 166.030308 166.033723 166.040553 
166.039699 166.032869 166.029454 166.028600 166.029454 166.032869 166.039699 
166.039272 166.032015 166.028600 166.027320 166.028600 166.032015 166.039272 
166.038418 166.030735 166.027320 166.026466 166.027320 166.030735 166.038418 
166.037992 166.029881 166.026466 166.025185 166.026466 166.029881 166.037992 
166.037138 166.029027 166.025185 166.024332 166.025185 166.029027 166.037138 
166.036284 166.028173 166.024332 166.023051 166.024332 166.028173 166.036284 
166.036284 166.027320 166.023051 166.022197 166.023051 166.027320 166.036284 
166.036284 166.026893 166.022197 166.020917 166.022197 166.026893 166.036284 
166.036284 166.026039 166.020917 166.020063 166.020917 166.026039 166.036284 
166.036284 166.025185 166.020063 166.018782 166.020063 166.025185 166.036284 
166.036711 166.024332 166.019209 166.017929 166.019209 166.024332 166.036711 
166.036711 166.023905 166.017929 166.016648 166.017929 166.023905 166.036711 
166.037565 166.023051 166.017075 166.015794 166.017075 166.023051 166.037565 
166.038418 166.022197 166.015794 166.014514 166.015794 166.022197 166.038418 
166.039699 166.021770 166.014940 166.013660 166.014940 166.021770 166.039699 
166.040553 166.021770 166.013660 166.012379 166.013660 166.021770 166.040553 
0.000000 166.021770 166.012806 166.011526 166.012806 166.021770 0.000000 
0.000000 166.022197 166.011952 166.010245 166.011952 166.022197 0.000000 
0.000000 166.022624 166.010672 166.009391 166.010672 166.022624 0.000000 
0.000000 166.023478 166.009818 166.008111 166.009818 166.023478 0.000000 
0.000000 166.024759 166.008964 166.007257 166.008964 166.024759 0.000000 
0.000000 166.026893 166.008537 166.005976 166.008537 166.026893 0.000000 
0.000000 166.030308 166.007684 166.005122 166.007684 166.030308 0.000000 
0.000000 166.035430 166.007257 166.003842 166.007257 166.035430 0.000000 
0.000000 0.000000 166.007684 166.002988 166.007684 0.000000 0.000000 
0.000000 0.000000 166.008964 166.001707 166.008964 0.000000 0.000000 
0.000000 0.000000 166.013233 166.000854 166.013233 0.000000 0.000000 
0.000000 0.000000 166.039699 166.000000 166.039699 0.000000 0.000000 
