test/output/constant/M490_S060_A270_WD180.0_WS050.0/M490_S060_A270_WD180.0_WS050.0_arrival.asc
ncols         7
nrows         46
xllcorner     426303.990666
yllcorner     12748755.311160
cellsize      100.000000
NODATA_value  0.000000
0.000000 0.000000 0.000000 166.041552 0.000000 0.000000 0.000000 
0.000000 0.000000 166.041552 166.040439 166.041552 0.000000 0.000000 
0.000000 0.000000 166.040810 166.039697 166.040810 0.000000 0.000000 
0.000000 0.000000 166.039697 166.038584 166.039697 0.000000 0.000000 
0.000000 0.000000 166.038955 166.037842 166.038955 0.000000 0.000000 
0.000000 166.041552 166.037842 166.036729 166.037842 166.041552 0.000000 
0.000000 166.040439 166.037100 166.035987 166.037100 166.040439 0.000000 
0.000000 166.039697 166.035987 166.034874 166.035987 166.039697 0.000000 
0.000000 166.038955 166.035245 166.034132 166.035245 166.038955 0.000000 
0.000000 166.037842 166.034132 166.033019 166.034132 166.037842 0.000000 
0.000000 166.037100 166.033390 166.032277 166.033390 166.037100 0.000000 
0.000000 166.036358 166.032277 166.031164 166.032277 166.036358 0.000000 
0.000000 166.035245 166.031535 166.030422 166.031535 166.035245 0.000000 
0.000000 166.034503 166.030422 166.029309 166.030422 166.034503 0.000000 
0.000000 166.033761 166.029680 166.028567 166.029680 166.033761 0.000000 
166.041552 166.033019 166.028938 166.027454 166.028938 166.033019 166.041552 
166.041181 166.032277 166.027825 166.026712 166.027825 166.032277 166.041181 
166.040439 166.031535 166.027083 166.025599 166.027083 166.031535 166.040439 
166.040068 166.030793 166.025970 166.024857 166.025970 166.030793 166.040068 
166.040068 166.030051 166.025228 166.023744 166.025228 166.030051 166.040068 
166.040068 166.029309 166.024115 166.023002 166.024115 166.029309 166.040068 
166.040068 166.028567 166.023373 166.021889 166.023373 166.028567 166.040068 
166.040439 166.028196 166.022260 166.021147 166.022260 166.028196 166.040439 
166.040810 166.027454 166.021518 166.020034 166.021518 166.027454 166.040810 
166.041181 166.026712 166.020776 166.019292 166.020776 166.026712 166.041181 
166.041552 166.026341 166.019663 166.018179 166.019663 166.026341 166.041552 
0.000000 166.025599 166.018921 166.017437 166.018921 166.025599 0.000000 
0.000000 166.024857 166.017808 166.016324 166.017808 166.024857 0.000000 
0.000000 166.024486 166.017066 166.015582 166.017066 166.024486 0.000000 
0.000000 166.024115 166.016324 166.014469 166.016324 166.024115 0.000000 
0.000000 166.024115 166.015211 166.013727 166.015211 166.024115 0.000000 
0.000000 166.024115 166.014469 166.012614 166.014469 166.024115 0.000000 
0.000000 166.024486 166.013356 166.011872 166.013356 166.024486 0.000000 
0.000000 166.024857 166.012614 166.010759 166.012614 166.024857 0.000000 
0.000000 166.025599 166.011872 166.010017 166.011872 166.025599 0.000000 
0.000000 166.026712 166.010759 166.008904 166.010759 166.026712 0.000000 
0.000000 166.028196 166.010388 166.008162 166.010388 166.028196 0.000000 
0.000000 166.030422 166.009646 166.007049 166.009646 166.030422 0.000000 
0.000000 166.032648 166.008904 166.006307 166.008904 166.032648 0.000000 
0.000000 166.036358 166.008162 166.005194 166.008162 166.036358 0.000000 
0.000000 0.000000 166.008162 166.004452 166.008162 0.000000 0.000000 
0.000000 0.000000 166.008533 166.003339 166.008533 0.000000 0.000000 
0.000000 0.000000 166.009646 166.002597 166.009646 0.000000 0.000000 
0.000000 0.000000 166.011872 166.001484 166.011872 0.000000 0.000000 
0.000000 0.000000 166.022260 166.000742 166.022260 0.000000 0.000000 
0.000000 0.000000 0.000000 166.000000 0.000000 0.000000 0.000000 
