test/output/constant/M4100_S060_A000_WD180.0_WS010.0/M4100_S060_A000_WD180.0_WS010.0_arrival.asc
ncols         28
nrows         11
xllcorner     423903.990666
yllcorner     12748655.311160
cellsize      100.000000
NODATA_value  0.000000
166.041335 166.040187 166.039039 166.038464 166.037890 166.037890 166.037890 166.037890 166.038464 166.039613 166.040761 0.000000 0.000000 0.000000 0.000000 0.000000 0.000000 0.000000 0.000000 0.000000 0.000000 0.000000 0.000000 0.000000 0.000000 0.000000 0.000000 0.000000 
166.040761 166.039039 166.037890 166.036742 166.035594 166.034446 166.033872 166.033298 166.033298 166.033298 166.033872 166.034446 166.036168 166.037890 166.040761 0.000000 0.000000 0.000000 0.000000 0.000000 0.000000 0.000000 0.000000 0.000000 0.000000 0.000000 0.000000 0.000000 
166.041335 166.039613 166.037890 166.036168 166.034446 166.033298 166.032149 166.031001 166.029853 166.029279 166.028705 166.028705 166.029279 166.029853 166.031001 166.032723 166.036168 166.040761 0.000000 0.000000 0.000000 0.000000 0.000000 0.000000 0.000000 0.000000 0.000000 0.000000 
0.000000 166.040761 166.038464 166.036742 166.035020 166.033298 166.031575 166.029853 166.028705 166.026983 166.025834 166.025260 166.024686 166.024686 166.024686 166.025260 166.026408 166.028131 166.031575 166.036742 0.000000 0.000000 0.000000 0.000000 0.000000 0.000000 0.000000 0.000000 
0.000000 0.000000 166.041335 166.039039 166.036742 166.034446 166.032149 166.030427 166.028705 166.026983 166.025260 166.024112 166.022390 166.021242 166.020667 166.020093 166.020093 166.020667 166.021242 166.023538 166.026983 166.033298 0.000000 0.000000 0.000000 0.000000 0.000000 0.000000 
0.000000 0.000000 0.000000 0.000000 166.040187 166.037890 166.035020 166.032723 166.030427 166.028131 166.025834 166.024112 166.022390 166.020667 166.019519 166.017797 166.016649 166.016075 166.015501 166.016075 166.016649 166.018371 166.022964 166.031001 0.000000 0.000000 0.000000 0.000000 
0.000000 0.000000 0.000000 0.000000 0.000000 0.000000 166.040187 166.037316 166.034446 166.031575 166.028705 166.026408 166.023538 166.021816 166.019519 166.017797 166.016075 166.014926 166.013204 166.012056 166.011482 166.011482 166.011482 166.013778 166.019519 166.031575 0.000000 0.000000 
0.000000 0.000000 0.000000 0.000000 0.000000 0.000000 0.000000 0.000000 166.041335 166.037890 166.034446 166.031575 166.028131 166.025260 166.022390 166.020093 166.017223 166.015501 166.013204 166.011482 166.010334 166.008611 166.007463 166.006889 166.006889 166.009186 166.019519 0.000000 
0.000000 0.000000 0.000000 0.000000 0.000000 0.000000 0.000000 0.000000 0.000000 0.000000 0.000000 166.039613 166.036168 166.032723 166.029279 166.025834 166.022964 166.019519 166.016649 166.013778 166.010908 166.009186 166.006889 166.005741 166.004019 166.002870 166.002296 166.007463 
0.000000 0.000000 0.000000 0.000000 0.000000 0.000000 0.000000 0.000000 0.000000 0.000000 0.000000 0.000000 0.000000 0.000000 166.040761 166.036742 166.033298 166.029279 166.025260 166.021816 166.018371 166.014926 166.010908 166.008037 166.004593 166.002296 166.001148 166.000000 
0.000000 0.000000 0.000000 0.000000 0.000000 0.000000 0.000000 0.000000 0.000000 0.000000 0.000000 0.000000 0.000000 0.000000 0.000000 0.000000 0.000000 0.000000 0.000000 0.000000 166.040761 166.036742 166.033298 166.029853 166.026983 166.025260 166.024112 166.030427 
