test/output/constant/C3_S060_A180_WD270.0_WS045.0/C3_S060_A180_WD270.0_WS045.0_arrival.asc
ncols         44
nrows         7
xllcorner     426603.990666
yllcorner     12748455.311160
cellsize      100.000000
NODATA_value  0.000000
0.000000 0.000000 0.000000 0.000000 0.000000 0.000000 0.000000 0.000000 0.000000 0.000000 0.000000 0.000000 166.040884 166.039341 166.038570 166.037413 166.036641 166.035870 166.035484 166.035098 166.035098 166.035098 166.035098 166.035098 166.035484 166.036255 166.036641 166.037413 166.038184 166.038570 166.039341 166.040112 166.040884 166.041270 0.000000 0.000000 0.000000 0.000000 0.000000 0.000000 0.000000 0.000000 0.000000 0.000000 
0.000000 0.000000 0.000000 0.000000 166.037413 166.031241 166.026999 166.025070 166.023528 166.022756 166.021599 166.021213 166.021213 166.021213 166.021213 166.021599 166.022370 166.022756 166.023528 166.024299 166.025070 166.025456 166.026227 166.026999 166.027770 166.028542 166.029313 166.030084 166.031241 166.032013 166.032784 166.033556 166.034713 166.035484 166.036255 166.037413 166.038184 166.038955 166.039727 166.040884 166.041655 0.000000 0.000000 0.000000 
0.000000 166.015042 166.008871 166.007714 166.007328 166.007328 166.007714 166.008485 166.009257 166.010028 166.010800 166.011571 166.012728 166.013499 166.014656 166.015428 166.016585 166.017356 166.018128 166.019285 166.020056 166.021213 166.021985 166.023142 166.023913 166.024685 166.025842 166.026613 166.027770 166.028542 166.029699 166.030470 166.031627 166.032399 166.033556 166.034327 166.035484 166.036255 166.037413 166.038184 166.039341 166.040112 166.040884 0.000000 
166.000000 166.000771 166.001543 166.002700 166.003471 166.004628 166.005400 166.006557 166.007328 166.008485 166.009257 166.010414 166.011185 166.012342 166.013114 166.014271 166.015042 166.016199 166.016971 166.018128 166.018899 166.020056 166.020828 166.021985 166.022756 166.023913 166.024685 166.025842 166.026613 166.027770 166.028542 166.029699 166.030470 166.031627 166.032399 166.033556 166.034327 166.035484 166.036255 166.037413 166.038184 166.039341 166.040112 166.041270 
0.000000 166.015042 166.008871 166.007714 166.007328 166.007328 166.007714 166.008485 166.009257 166.010028 166.010800 166.011571 166.012728 166.013499 166.014656 166.015428 166.016585 166.017356 166.018128 166.019285 166.020056 166.021213 166.021985 166.023142 166.023913 166.024685 166.025842 166.026613 166.027770 166.028542 166.029699 166.030470 166.031627 166.032399 166.033556 166.034327 166.035484 166.036255 166.037413 166.038184 166.039341 166.040112 166.040884 0.000000 
0.000000 0.000000 0.000000 0.000000 166.037413 166.031241 166.026999 166.025070 166.023528 166.022756 166.021599 166.021213 166.021213 166.021213 166.021213 166.021599 166.022370 166.022756 166.023528 166.024299 166.025070 166.025456 166.026227 166.026999 166.027770 166.028542 166.029313 166.030084 166.031241 166.032013 166.032784 166.033556 166.034713 166.035484 166.036255 166.037413 166.038184 166.038955 166.039727 166.040884 166.041655 0.000000 0.000000 0.000000 
0.000000 0.000000 0.000000 0.000000 0.000000 0.000000 0.000000 0.000000 0.000000 0.000000 0.000000 0.000000 166.040884 166.039341 166.038570 166.037413 166.036641 166.035870 166.035484 166.035098 166.035098 166.035098 166.035098 166.035098 166.035484 166.036255 166.036641 166.037413 166.038184 166.038570 166.039341 166.040112 166.040884 166.041270 0.000000 0.000000 0.000000 0.000000 0.000000 0.000000 0.000000 0.000000 0.000000 0.000000 
