test/output/constant/M395_S000_A000_WD135.0_WS020.0/M395_S000_A000_WD135.0_WS020.0_arrival.asc
ncols         22
nrows         22
xllcorner     424703.990666
yllcorner     12748555.311160
cellsize      100.000000
NODATA_value  0.000000
0.000000 0.000000 166.041666 166.041666 166.041666 0.000000 0.000000 0.000000 0.000000 0.000000 0.000000 0.000000 0.000000 0.000000 0.000000 0.000000 0.000000 0.000000 0.000000 0.000000 0.000000 0.000000 
0.000000 166.040364 166.039713 166.039713 166.039062 166.039062 166.039713 166.041015 0.000000 0.000000 0.000000 0.000000 0.000000 0.000000 0.000000 0.000000 0.000000 0.000000 0.000000 0.000000 0.000000 0.000000 
166.041666 166.039713 166.038411 166.037760 166.037109 166.037109 166.037109 166.037760 166.039062 166.041015 0.000000 0.000000 0.000000 0.000000 0.000000 0.000000 0.000000 0.000000 0.000000 0.000000 0.000000 0.000000 
166.041666 166.039713 166.037760 166.035807 166.035156 166.035156 166.034505 166.035156 166.035807 166.037109 166.039062 0.000000 0.000000 0.000000 0.000000 0.000000 0.000000 0.000000 0.000000 0.000000 0.000000 0.000000 
166.041666 166.039062 166.037109 166.035156 166.033854 166.033203 166.032552 166.032552 166.033203 166.033854 166.035156 166.037760 166.041015 0.000000 0.000000 0.000000 0.000000 0.000000 0.000000 0.000000 0.000000 0.000000 
0.000000 166.039062 166.037109 166.035156 166.033203 166.031250 166.030599 166.030599 166.030599 166.030599 166.031901 166.033854 166.036458 166.039713 0.000000 0.000000 0.000000 0.000000 0.000000 0.000000 0.000000 0.000000 
0.000000 166.039713 166.037109 166.034505 166.032552 166.030599 166.029297 166.028646 166.027995 166.027995 166.028646 166.029948 166.031901 166.035156 166.039062 0.000000 0.000000 0.000000 0.000000 0.000000 0.000000 0.000000 
0.000000 166.041015 166.037760 166.035156 166.032552 166.030599 166.028646 166.026692 166.026041 166.026041 166.026041 166.026692 166.027995 166.030599 166.034505 166.039062 0.000000 0.000000 0.000000 0.000000 0.000000 0.000000 
0.000000 0.000000 166.039062 166.035807 166.033203 166.030599 166.027995 166.026041 166.024739 166.024088 166.023437 166.024088 166.024739 166.026692 166.029297 166.033854 166.039062 0.000000 0.000000 0.000000 0.000000 0.000000 
0.000000 0.000000 166.041015 166.037109 166.033854 166.030599 166.027995 166.026041 166.024088 166.022135 166.021484 166.021484 166.021484 166.022786 166.025390 166.028646 166.033203 166.039713 0.000000 0.000000 0.000000 0.000000 
0.000000 0.000000 0.000000 166.039062 166.035156 166.031901 166.028646 166.026041 166.023437 166.021484 166.020182 166.019531 166.019531 166.019531 166.020833 166.023437 166.027995 166.033854 166.041015 0.000000 0.000000 0.000000 
0.000000 0.000000 0.000000 0.000000 166.037760 166.033854 166.029948 166.026692 166.024088 166.021484 166.019531 166.017578 166.016927 166.016927 166.017578 166.019531 166.022786 166.027995 166.034505 0.000000 0.000000 0.000000 
0.000000 0.000000 0.000000 0.000000 166.041015 166.036458 166.031901 166.027995 166.024739 166.021484 166.019531 166.016927 166.014974 166.014974 166.014974 166.015625 166.018229 166.022135 166.028646 166.037109 0.000000 0.000000 
0.000000 0.000000 0.000000 0.000000 0.000000 166.039713 166.035156 166.030599 166.026692 166.022786 166.019531 166.016927 166.014974 166.013021 166.012370 166.012370 166.013672 166.016927 166.022786 166.030599 166.041666 0.000000 
0.000000 0.000000 0.000000 0.000000 0.000000 0.000000 166.039062 166.034505 166.029297 166.025390 166.020833 166.017578 166.014974 166.012370 166.010417 166.010417 166.010417 166.012370 166.016927 166.024088 166.035807 0.000000 
0.000000 0.000000 0.000000 0.000000 0.000000 0.000000 0.000000 166.039062 166.033854 166.028646 166.023437 166.019531 166.015625 166.012370 166.010417 166.008463 166.007812 166.008463 166.011719 166.018229 166.029297 0.000000 
0.000000 0.000000 0.000000 0.000000 0.000000 0.000000 0.000000 0.000000 166.039062 166.033203 166.027995 166.022786 166.018229 166.013672 166.010417 166.007812 166.005859 166.005859 166.006510 166.011719 166.022786 166.037109 
0.000000 0.000000 0.000000 0.000000 0.000000 0.000000 0.000000 0.000000 0.000000 166.039713 166.033854 166.027995 166.022135 166.016927 166.012370 166.008463 166.005859 166.003906 166.003906 166.005859 166.016927 166.032552 
0.000000 0.000000 0.000000 0.000000 0.000000 0.000000 0.000000 0.000000 0.000000 0.000000 166.041015 166.034505 166.028646 166.022786 166.016927 166.011719 166.006510 166.003906 166.001302 166.001302 166.011068 166.028646 
0.000000 0.000000 0.000000 0.000000 0.000000 0.000000 0.000000 0.000000 0.000000 0.000000 0.000000 0.000000 166.037109 166.030599 166.024088 166.018229 166.011719 166.005859 166.001302 166.000000 166.009766 166.027995 
0.000000 0.000000 0.000000 0.000000 0.000000 0.000000 0.000000 0.000000 0.000000 0.000000 0.000000 0.000000 0.000000 166.041666 166.035807 166.029297 166.022786 166.016927 166.011068 166.009766 166.013672 166.030599 
0.000000 0.000000 0.000000 0.000000 0.000000 0.000000 0.000000 0.000000 0.000000 0.000000 0.000000 0.000000 0.000000 0.000000 0.000000 0.000000 166.037109 166.032552 166.028646 166.027995 166.030599 166.039713 
