test/output/constant/M3M480_S060_A090_WD225.0_WS040.0/M3M480_S060_A090_WD225.0_WS040.0_ros.asc
ncols         28
nrows         12
xllcorner     426503.990666
yllcorner     12747755.311160
cellsize      100.000000
NODATA_value  0.000000
2.306199 1.417339 9.102548 22.449778 6.699553 22.449778 22.449778 15.207524 11.964610 26.233397 0.000000 0.000000 0.000000 0.000000 0.000000 0.000000 0.000000 0.000000 0.000000 0.000000 0.000000 0.000000 0.000000 0.000000 0.000000 0.000000 0.000000 0.000000 
1.805855 0.000000 46.579735 46.579735 39.838062 39.838062 9.102548 15.207524 6.699553 26.233397 18.737436 15.207524 9.102548 26.233397 15.207524 0.000000 0.000000 0.000000 0.000000 0.000000 0.000000 0.000000 0.000000 0.000000 0.000000 0.000000 0.000000 0.000000 
2.479879 2.676759 46.539158 46.579735 46.579735 46.579735 46.579735 46.579735 46.579735 15.207524 36.881222 15.207524 36.881222 11.964610 15.207524 33.559814 26.233397 0.000000 0.000000 0.000000 0.000000 0.000000 0.000000 0.000000 0.000000 0.000000 0.000000 0.000000 
0.000000 2.676759 30.974348 37.725861 46.579735 46.579735 46.579735 46.579735 46.579735 46.579735 46.579735 46.579735 46.579735 39.838062 39.838062 39.838062 39.838062 29.974394 15.207524 36.881222 0.000000 0.000000 0.000000 0.000000 0.000000 0.000000 0.000000 0.000000 
0.000000 0.000000 2.479879 34.495838 34.495838 37.725861 46.579735 46.579735 46.579735 46.579735 46.579735 46.579735 9.102548 46.579735 46.579735 46.579735 9.102548 15.207524 44.313484 44.313484 39.838062 46.447758 0.000000 0.000000 0.000000 0.000000 0.000000 0.000000 
0.000000 0.000000 0.000000 27.268084 3.747885 37.725861 34.495838 37.725861 46.579735 46.579735 46.579735 46.579735 46.579735 46.579735 46.579735 46.579735 46.579735 46.579735 44.313484 46.579735 46.579735 46.579735 39.838062 46.579735 0.000000 0.000000 0.000000 0.000000 
0.000000 0.000000 0.000000 0.000000 0.000000 30.974348 37.725861 37.725861 37.725861 46.539158 42.931431 46.579735 46.579735 46.579735 46.579735 46.579735 46.579735 46.579735 46.579735 46.579735 46.579735 46.579735 15.207524 44.313484 46.579735 0.000000 0.000000 0.000000 
0.000000 0.000000 0.000000 0.000000 0.000000 0.000000 0.000000 2.479879 37.725861 40.566460 44.748962 46.579735 45.963848 46.579735 46.579735 46.579735 46.579735 46.579735 46.579735 46.579735 46.579735 46.579735 46.579735 46.579735 46.579735 46.579735 46.579735 0.000000 
0.000000 0.000000 0.000000 0.000000 0.000000 0.000000 0.000000 0.000000 0.000000 37.725861 37.725861 37.725861 40.566460 46.579735 46.579735 44.748962 44.748962 46.579735 46.579735 46.579735 46.579735 46.579735 46.579735 46.579735 46.579735 45.696449 46.579735 46.579735 
0.000000 0.000000 0.000000 0.000000 0.000000 0.000000 0.000000 0.000000 0.000000 0.000000 0.000000 34.495838 37.725861 37.725861 42.931431 45.963848 42.931431 46.579735 46.579735 46.579735 46.579735 46.579735 46.579735 46.579735 46.579735 46.579735 46.579735 46.579735 
0.000000 0.000000 0.000000 0.000000 0.000000 0.000000 0.000000 0.000000 0.000000 0.000000 0.000000 0.000000 0.000000 0.000000 40.566460 37.725861 34.495838 34.495838 45.963848 44.748962 46.579735 46.579735 46.579735 46.579735 46.579735 46.579735 46.579735 46.579735 
0.000000 0.000000 0.000000 0.000000 0.000000 0.000000 0.000000 0.000000 0.000000 0.000000 0.000000 0.000000 0.000000 0.000000 0.000000 0.000000 0.000000 0.000000 40.566460 40.566460 45.963848 44.748962 46.579735 46.579735 46.579735 46.579735 46.579735 46.579735 
