test/output/constant/M3M480_S060_A090_WD225.0_WS040.0/M3M480_S060_A090_WD225.0_WS040.0_arrival.asc
ncols         28
nrows         12
xllcorner     426503.990666
yllcorner     12747755.311160
cellsize      100.000000
NODATA_value  0.000000
166.035275 166.017637 166.017119 166.019194 166.022306 166.025419 166.029050 166.033200 166.036831 166.040462 0.000000 0.000000 0.000000 0.000000 0.000000 0.000000 0.000000 0.000000 0.000000 0.000000 0.000000 0.000000 0.000000 0.000000 0.000000 0.000000 0.000000 0.000000 
166.026975 166.000000 166.001037 166.002594 166.005187 166.008300 166.011931 166.015562 166.019194 166.022825 166.026456 166.030606 166.034237 166.037869 166.041667 0.000000 0.000000 0.000000 0.000000 0.000000 0.000000 0.000000 0.000000 0.000000 0.000000 0.000000 0.000000 0.000000 
166.033200 166.004669 166.002075 166.002594 166.004150 166.005706 166.007262 166.009337 166.011931 166.015044 166.017637 166.021269 166.024381 166.028012 166.031644 166.034756 166.038387 0.000000 0.000000 0.000000 0.000000 0.000000 0.000000 0.000000 0.000000 0.000000 0.000000 0.000000 
0.000000 166.023862 166.012450 166.007262 166.006225 166.006225 166.007262 166.008819 166.010375 166.012450 166.014006 166.016081 166.018675 166.021269 166.024381 166.027494 166.030606 166.033719 166.037350 166.040462 0.000000 0.000000 0.000000 0.000000 0.000000 0.000000 0.000000 0.000000 
0.000000 0.000000 166.030606 166.020231 166.014006 166.010894 166.010375 166.010375 166.010894 166.011931 166.013487 166.015044 166.017119 166.018675 166.020750 166.023344 166.025937 166.028531 166.031125 166.034237 166.037350 166.040462 0.000000 0.000000 0.000000 0.000000 0.000000 0.000000 
0.000000 0.000000 0.000000 166.037350 166.027494 166.021269 166.017119 166.015044 166.014525 166.014525 166.014525 166.015562 166.016600 166.018156 166.020231 166.021787 166.023344 166.025419 166.027494 166.030087 166.032681 166.035275 166.037869 166.040981 0.000000 0.000000 0.000000 0.000000 
0.000000 0.000000 0.000000 0.000000 0.000000 166.035275 166.029050 166.023862 166.020750 166.019194 166.018675 166.018675 166.018675 166.019194 166.020231 166.021787 166.023344 166.024900 166.026456 166.028012 166.030087 166.032162 166.034756 166.036831 166.039425 0.000000 0.000000 0.000000 
0.000000 0.000000 0.000000 0.000000 0.000000 0.000000 0.000000 166.036831 166.031125 166.027494 166.024900 166.023344 166.022825 166.022825 166.022825 166.022825 166.023862 166.024900 166.026456 166.028012 166.029569 166.031125 166.032681 166.034756 166.036831 166.038906 166.041500 0.000000 
0.000000 0.000000 0.000000 0.000000 0.000000 0.000000 0.000000 0.000000 0.000000 166.038387 166.034237 166.030606 166.028531 166.027494 166.026975 166.026456 166.026456 166.026975 166.027494 166.028531 166.029569 166.031125 166.032681 166.034237 166.035794 166.037350 166.039425 166.041500 
0.000000 0.000000 0.000000 0.000000 0.000000 0.000000 0.000000 0.000000 0.000000 0.000000 0.000000 166.040981 166.037350 166.034756 166.032681 166.031644 166.031125 166.030606 166.030606 166.031125 166.031125 166.032162 166.033200 166.034237 166.035794 166.037350 166.038906 166.040462 
0.000000 0.000000 0.000000 0.000000 0.000000 0.000000 0.000000 0.000000 0.000000 0.000000 0.000000 0.000000 0.000000 0.000000 166.040981 166.038387 166.036312 166.035275 166.035275 166.034756 166.034756 166.034756 166.035275 166.035794 166.036831 166.037869 166.038906 166.040462 
0.000000 0.000000 0.000000 0.000000 0.000000 0.000000 0.000000 0.000000 0.000000 0.000000 0.000000 0.000000 0.000000 0.000000 0.000000 0.000000 0.000000 0.000000 166.040462 166.039425 166.038906 166.038906 166.038906 166.038906 166.038906 166.039425 166.040462 166.041500 
