test/output/constant/M3M480_S060_A090_WD225.0_WS040.0/M3M480_S060_A090_WD225.0_WS040.0_intensity.asc
ncols         28
nrows         12
xllcorner     426503.990666
yllcorner     12747755.311160
cellsize      100.000000
NODATA_value  0.000000
2006 1233 7920 19535 5829 19535 19535 13233 10411 22827 0 0 0 0 0 0 0 0 0 0 0 0 0 0 0 0 0 0 
1571 0 40532 40532 34665 34665 7920 13233 5829 22827 16304 13233 7920 22827 13233 0 0 0 0 0 0 0 0 0 0 0 0 0 
2157 2329 40497 40532 40532 40532 40532 40532 40532 13233 32092 13233 32092 10411 13233 29202 22827 0 0 0 0 0 0 0 0 0 0 0 
0 2329 26952 32827 40532 40532 40532 40532 40532 40532 40532 40532 40532 34665 34665 34665 34665 26082 13233 32092 0 0 0 0 0 0 0 0 
0 0 2157 30017 30017 32827 40532 40532 40532 40532 40532 40532 7920 40532 40532 40532 7920 13233 38560 38560 34665 40417 0 0 0 0 0 0 
0 0 0 23727 3261 32827 30017 32827 40532 40532 40532 40532 40532 40532 40532 40532 40532 40532 38560 40532 40532 40532 34665 40532 0 0 0 0 
0 0 0 0 0 26952 32827 32827 32827 40497 37357 40532 40532 40532 40532 40532 40532 40532 40532 40532 40532 40532 13233 38560 40532 0 0 0 
0 0 0 0 0 0 0 2157 32827 35299 38939 40532 39996 40532 40532 40532 40532 40532 40532 40532 40532 40532 40532 40532 40532 40532 40532 0 
0 0 0 0 0 0 0 0 0 32827 32827 32827 35299 40532 40532 38939 38939 40532 40532 40532 40532 40532 40532 40532 40532 39763 40532 40532 
0 0 0 0 0 0 0 0 0 0 0 30017 32827 32827 37357 39996 37357 40532 40532 40532 40532 40532 40532 40532 40532 40532 40532 40532 
0 0 0 0 0 0 0 0 0 0 0 0 0 0 35299 32827 30017 30017 39996 38939 40532 40532 40532 40532 40532 40532 40532 40532 
0 0 0 0 0 0 0 0 0 0 0 0 0 0 0 0 0 0 35299 35299 39996 38939 40532 40532 40532 40532 40532 40532 
