test/output/constant/M190_S060_A000_WD090.0_WS015.0/M190_S060_A000_WD090.0_WS015.0_arrival.asc
ncols         33
nrows         7
xllcorner     423403.990666
yllcorner     12748455.311160
cellsize      100.000000
NODATA_value  0.000000
0.000000 0.000000 0.000000 0.000000 0.000000 0.000000 0.000000 0.000000 166.041646 166.040618 166.040104 166.039076 166.038047 166.037533 166.037019 166.037019 166.037019 166.037019 166.037533 166.037533 166.038561 166.039076 166.040618 0.000000 0.000000 0.000000 0.000000 0.000000 0.000000 0.000000 0.000000 0.000000 0.000000 
0.000000 0.000000 166.041646 166.040618 166.039590 166.038047 166.037019 166.035991 166.034962 166.033420 166.032392 166.031363 166.030335 166.029307 166.028278 166.027250 166.026222 166.025708 166.024679 166.023651 166.023137 166.022109 166.022109 166.022623 166.022623 166.023137 166.024679 166.027250 166.030849 166.037533 0.000000 0.000000 0.000000 
166.041646 166.040104 166.039076 166.037533 166.036505 166.034962 166.033934 166.032392 166.031363 166.030335 166.028793 166.027764 166.026222 166.025193 166.023651 166.022623 166.021080 166.020052 166.019024 166.017481 166.016453 166.014910 166.013882 166.012340 166.011311 166.010283 166.009255 166.008226 166.007712 166.007712 166.008226 166.011311 166.030849 
166.040618 166.039590 166.038047 166.037019 166.035477 166.034448 166.032906 166.031877 166.030335 166.029307 166.027764 166.026736 166.025193 166.024165 166.022623 166.021594 166.020052 166.019024 166.017481 166.016453 166.014910 166.013882 166.012340 166.011311 166.009769 166.008741 166.007198 166.006170 166.004627 166.003599 166.002057 166.001028 166.000000 
166.041646 166.040104 166.039076 166.037533 166.036505 166.034962 166.033934 166.032392 166.031363 166.030335 166.028793 166.027764 166.026222 166.025193 166.023651 166.022623 166.021080 166.020052 166.019024 166.017481 166.016453 166.014910 166.013882 166.012340 166.011311 166.010283 166.009255 166.008226 166.007712 166.007712 166.008226 166.011311 166.030849 
0.000000 0.000000 166.041646 166.040618 166.039590 166.038047 166.037019 166.035991 166.034962 166.033420 166.032392 166.031363 166.030335 166.029307 166.028278 166.027250 166.026222 166.025708 166.024679 166.023651 166.023137 166.022109 166.022109 166.022623 166.022623 166.023137 166.024679 166.027250 166.030849 166.037533 0.000000 0.000000 0.000000 
0.000000 0.000000 0.000000 0.000000 0.000000 0.000000 0.000000 0.000000 166.041646 166.040618 166.040104 166.039076 166.038047 166.037533 166.037019 166.037019 166.037019 166.037019 166.037533 166.037533 166.038561 166.039076 166.040618 0.000000 0.000000 0.000000 0.000000 0.000000 0.000000 0.000000 0.000000 0.000000 0.000000 
