test/output/constant/M3M400_S060_A270_WD270.0_WS005.0/M3M400_S060_A270_WD270.0_WS005.0_arrival.asc
ncols         14
nrows         60
xllcorner     426303.990666
yllcorner     12748655.311160
cellsize      100.000000
NODATA_value  0.000000
0.000000 0.000000 0.000000 0.000000 0.000000 0.000000 0.000000 0.000000 0.000000 166.041421 166.041421 166.041667 0.000000 0.000000 
0.000000 0.000000 0.000000 0.000000 0.000000 0.000000 0.000000 0.000000 166.041421 166.040854 166.040854 166.040854 0.000000 0.000000 
0.000000 0.000000 0.000000 0.000000 0.000000 0.000000 0.000000 166.041667 166.040570 166.040003 166.040003 166.040287 166.041421 0.000000 
0.000000 0.000000 0.000000 0.000000 0.000000 0.000000 0.000000 166.040854 166.039719 166.039152 166.039152 166.039719 166.040854 0.000000 
0.000000 0.000000 0.000000 0.000000 0.000000 0.000000 0.000000 166.040003 166.038868 166.038584 166.038584 166.039152 166.040287 0.000000 
0.000000 0.000000 0.000000 0.000000 0.000000 0.000000 166.040854 166.039152 166.038017 166.037733 166.037733 166.038584 166.040003 0.000000 
0.000000 0.000000 0.000000 0.000000 0.000000 0.000000 166.040003 166.038301 166.037166 166.037166 166.037166 166.038017 166.039435 166.041421 
0.000000 0.000000 0.000000 0.000000 0.000000 166.041421 166.039152 166.037450 166.036598 166.036315 166.036598 166.037450 166.039152 166.041138 
0.000000 0.000000 0.000000 0.000000 0.000000 166.040570 166.038301 166.036598 166.035747 166.035747 166.035747 166.036882 166.038584 166.040854 
0.000000 0.000000 0.000000 0.000000 0.000000 166.039435 166.037166 166.035747 166.034896 166.034896 166.035180 166.036315 166.038301 166.040570 
0.000000 0.000000 0.000000 0.000000 166.041421 166.038584 166.036315 166.034896 166.034329 166.034329 166.034612 166.035747 166.037733 166.040287 
0.000000 0.000000 0.000000 0.000000 166.040287 166.037733 166.035464 166.034045 166.033478 166.033478 166.034045 166.035464 166.037450 166.040003 
0.000000 0.000000 0.000000 0.000000 166.039435 166.036882 166.034612 166.033194 166.032910 166.032910 166.033478 166.034896 166.036882 166.040003 
0.000000 0.000000 0.000000 0.000000 166.038301 166.035747 166.033761 166.032626 166.032059 166.032059 166.032910 166.034612 166.036598 166.040003 
0.000000 0.000000 0.000000 166.041138 166.037450 166.034896 166.032910 166.031492 166.031492 166.031492 166.032343 166.034045 166.036315 166.040003 
0.000000 0.000000 0.000000 166.040003 166.036598 166.034045 166.031775 166.030924 166.030641 166.030641 166.031775 166.033478 166.036031 166.040003 
0.000000 0.000000 0.000000 166.039152 166.035464 166.033194 166.030924 166.030073 166.030073 166.030073 166.031208 166.033194 166.035747 166.039719 
0.000000 0.000000 0.000000 166.038017 166.034612 166.032059 166.030073 166.029506 166.029222 166.029506 166.030641 166.032910 166.035747 166.039719 
0.000000 0.000000 166.041667 166.037166 166.033478 166.031208 166.029222 166.028655 166.028371 166.028938 166.030357 166.032343 166.035747 166.040003 
0.000000 0.000000 166.040570 166.036031 166.032626 166.030073 166.028371 166.027803 166.027803 166.028371 166.029789 166.032059 166.035747 166.040003 
0.000000 0.000000 166.039719 166.035180 166.031775 166.029222 166.027520 166.026952 166.026952 166.027803 166.029506 166.031775 166.035747 166.040003 
0.000000 0.000000 166.038584 166.034045 166.030641 166.028371 166.026669 166.026385 166.026385 166.027236 166.028938 166.031775 166.035747 166.040003 
0.000000 0.000000 166.037733 166.033194 166.029789 166.027520 166.026101 166.025534 166.025534 166.026669 166.028655 166.031492 166.035747 166.040003 
0.000000 0.000000 166.036598 166.032059 166.028938 166.026669 166.025250 166.024966 166.024966 166.026101 166.028371 166.031492 166.035747 166.040287 
0.000000 0.000000 166.035747 166.031208 166.027803 166.025534 166.024399 166.024115 166.024399 166.025817 166.027803 166.031492 166.035747 166.040854 
0.000000 166.041138 166.034896 166.030073 166.026952 166.024683 166.023548 166.023548 166.023832 166.025250 166.027520 166.031492 166.035747 166.041421 
0.000000 166.040287 166.033761 166.029222 166.026101 166.023832 166.022980 166.022697 166.023264 166.024966 166.027520 166.031492 166.035747 0.000000 
0.000000 166.039435 166.032910 166.028371 166.025250 166.022980 166.022129 166.022129 166.022697 166.024399 166.027236 166.031492 166.036031 0.000000 
0.000000 166.038584 166.031775 166.027236 166.024115 166.022129 166.021278 166.021278 166.022129 166.024115 166.027236 166.031492 166.036598 0.000000 
0.000000 166.037733 166.030924 166.026385 166.023264 166.021278 166.020711 166.020711 166.021562 166.023832 166.027236 166.031492 166.037166 0.000000 
0.000000 166.036882 166.029789 166.025250 166.022413 166.020427 166.019860 166.019860 166.020994 166.023548 166.027236 166.031775 166.038017 0.000000 
0.000000 166.036031 166.028938 166.024399 166.021278 166.019576 166.019292 166.019292 166.020711 166.023264 166.027236 166.032059 166.038868 0.000000 
0.000000 166.035180 166.027803 166.023264 166.020427 166.018725 166.018441 166.018725 166.020143 166.023264 166.027236 166.032626 166.040003 0.000000 
0.000000 166.034329 166.026952 166.022413 166.019576 166.017874 166.017874 166.018157 166.019860 166.023264 166.027520 166.033478 166.041138 0.000000 
0.000000 166.033478 166.025817 166.021278 166.018441 166.017023 166.017023 166.017590 166.019576 166.023264 166.027520 166.034045 0.000000 0.000000 
0.000000 166.032910 166.024966 166.020427 166.017590 166.016455 166.016171 166.017023 166.019292 166.023264 166.028087 166.035180 0.000000 0.000000 
0.000000 166.032059 166.023832 166.019292 166.016739 166.015604 166.015604 166.016455 166.019008 166.023264 166.028655 166.036315 0.000000 0.000000 
166.041421 166.031208 166.022980 166.018441 166.015888 166.014753 166.014753 166.016171 166.019008 166.023264 166.029506 166.038017 0.000000 0.000000 
166.040854 166.030357 166.022129 166.017306 166.014753 166.014185 166.014185 166.015604 166.019008 166.023264 166.030357 166.039719 0.000000 0.000000 
166.040570 166.029506 166.020994 166.016455 166.013902 166.013334 166.013618 166.015320 166.019008 166.023832 166.031492 0.000000 0.000000 0.000000 
166.040003 166.028938 166.020143 166.015320 166.013051 166.012767 166.013051 166.015037 166.019008 166.024683 166.033194 0.000000 0.000000 0.000000 
166.039719 166.028087 166.019292 166.014469 166.012199 166.011916 166.012483 166.014753 166.019008 166.025534 166.035180 0.000000 0.000000 0.000000 
166.039435 166.027236 166.018157 166.013618 166.011348 166.011348 166.011916 166.014753 166.019292 166.026669 166.037166 0.000000 0.000000 0.000000 
166.039152 166.026669 166.017306 166.012483 166.010497 166.010497 166.011348 166.014753 166.019860 166.028371 166.040003 0.000000 0.000000 0.000000 
166.039152 166.026101 166.016455 166.011632 166.009930 166.009930 166.011065 166.014753 166.020711 166.030357 0.000000 0.000000 0.000000 0.000000 
166.039152 166.025250 166.015604 166.010781 166.009079 166.009079 166.010781 166.014753 166.022129 166.032910 0.000000 0.000000 0.000000 0.000000 
166.039435 166.024683 166.014753 166.009646 166.008511 166.008511 166.010781 166.015320 166.023548 166.035464 0.000000 0.000000 0.000000 0.000000 
166.039435 166.024399 166.013902 166.008795 166.007660 166.007944 166.010497 166.015888 166.025817 166.038584 0.000000 0.000000 0.000000 0.000000 
166.039719 166.024115 166.013051 166.007944 166.007093 166.007376 166.010497 166.017306 166.028371 0.000000 0.000000 0.000000 0.000000 0.000000 
166.040287 166.023832 166.012199 166.006809 166.006242 166.006809 166.010781 166.019008 166.031492 0.000000 0.000000 0.000000 0.000000 0.000000 
166.041667 166.023832 166.011348 166.005958 166.005390 166.006525 166.011348 166.021278 166.036315 0.000000 0.000000 0.000000 0.000000 0.000000 
0.000000 166.024115 166.010497 166.005107 166.004823 166.006525 166.012483 166.024399 166.041667 0.000000 0.000000 0.000000 0.000000 0.000000 
0.000000 166.024399 166.009646 166.004256 166.003972 166.006525 166.014185 166.028655 0.000000 0.000000 0.000000 0.000000 0.000000 0.000000 
0.000000 166.024683 166.009079 166.003405 166.003405 166.006525 166.017023 166.034896 0.000000 0.000000 0.000000 0.000000 0.000000 0.000000 
0.000000 166.026952 166.008511 166.002553 166.002837 166.007660 166.021562 0.000000 0.000000 0.000000 0.000000 0.000000 0.000000 0.000000 
0.000000 166.029222 166.008511 166.001986 166.002270 166.009646 166.028938 0.000000 0.000000 0.000000 0.000000 0.000000 0.000000 0.000000 
0.000000 166.035747 166.008511 166.001135 166.002270 166.015037 166.040003 0.000000 0.000000 0.000000 0.000000 0.000000 0.000000 0.000000 
0.000000 0.000000 166.010214 166.000567 166.002553 166.024399 0.000000 0.000000 0.000000 0.000000 0.000000 0.000000 0.000000 0.000000 
0.000000 0.000000 166.016171 166.000000 166.009079 0.000000 0.000000 0.000000 0.000000 0.000000 0.000000 0.000000 0.000000 0.000000 
0.000000 0.000000 0.000000 166.039719 0.000000 0.000000 0.000000 0.000000 0.000000 0.000000 0.000000 0.000000 0.000000 0.000000 
