test/output/constant/M360_S060_A180_WD045.0_WS040.0/M360_S060_A180_WD045.0_WS040.0_ros.asc
ncols         9
nrows         23
xllcorner     426503.990666
yllcorner     12746655.311160
cellsize      100.000000
NODATA_value  0.000000
1.946752 1.537162 1.537162 0.000000 0.000000 0.000000 0.000000 0.000000 0.000000 
1.187081 -1.000000 21.768009 3.090600 0.000000 0.000000 0.000000 0.000000 0.000000 
9.696218 37.216232 37.177540 2.085091 2.240920 0.000000 0.000000 0.000000 0.000000 
7.412194 37.216232 34.269020 30.106579 2.085091 0.000000 0.000000 0.000000 0.000000 
15.094832 33.866982 37.216232 37.216232 2.240920 2.085091 0.000000 0.000000 0.000000 
12.281994 35.430672 37.216232 36.706665 32.376316 1.537162 0.000000 0.000000 0.000000 
5.492035 21.063488 37.216232 37.177540 30.106579 32.376316 0.000000 0.000000 0.000000 
9.696218 7.412194 37.216232 37.216232 30.106579 30.106579 2.085091 0.000000 0.000000 
15.094832 26.891703 15.094832 37.216232 34.269020 37.216232 32.376316 0.000000 0.000000 
21.063488 29.531832 15.094832 37.216232 37.216232 37.177540 30.106579 4.310643 0.000000 
0.000000 18.051491 37.216232 37.216232 37.216232 30.106579 32.376316 30.106579 0.000000 
0.000000 26.891703 37.216232 37.216232 37.216232 37.216232 36.706665 30.106579 0.000000 
0.000000 29.531832 7.412194 37.216232 37.216232 37.216232 32.376316 30.106579 0.000000 
0.000000 15.094832 33.866982 37.216232 37.216232 37.216232 37.177540 37.177540 32.376316 
0.000000 29.531832 37.216232 37.216232 37.216232 37.216232 37.216232 37.216232 34.269020 
0.000000 0.000000 26.891703 37.216232 37.216232 37.216232 37.216232 30.106579 30.106579 
0.000000 0.000000 26.891703 35.430672 37.114799 37.216232 37.216232 32.376316 37.216232 
0.000000 0.000000 35.430672 36.524323 37.216232 37.216232 36.706665 37.216232 32.376316 
0.000000 0.000000 0.000000 33.866982 31.880640 37.216232 37.216232 37.216232 37.216232 
0.000000 0.000000 0.000000 29.531832 37.216232 37.216232 37.216232 37.177540 32.376316 
0.000000 0.000000 0.000000 0.000000 37.216232 37.216232 37.216232 37.216232 37.177540 
0.000000 0.000000 0.000000 0.000000 0.000000 37.216232 37.216232 37.216232 32.376316 
0.000000 0.000000 0.000000 0.000000 0.000000 37.216232 37.216232 37.216232 34.269020 
