test/output/constant/M360_S060_A180_WD045.0_WS040.0/M360_S060_A180_WD045.0_WS040.0_arrival.asc
ncols         9
nrows         23
xllcorner     426503.990666
yllcorner     12746655.311160
cellsize      100.000000
NODATA_value  0.000000
166.041667 166.032314 166.039423 0.000000 0.000000 0.000000 0.000000 0.000000 0.000000 
166.019389 166.000000 166.006463 166.031022 0.000000 0.000000 0.000000 0.000000 0.000000 
166.018742 166.001293 166.003231 166.018096 166.040716 0.000000 0.000000 0.000000 0.000000 
166.019389 166.003231 166.003231 166.010987 166.029083 0.000000 0.000000 0.000000 0.000000 
166.022620 166.005170 166.005170 166.009048 166.021327 166.040716 0.000000 0.000000 0.000000 
166.025851 166.008402 166.007109 166.009048 166.016803 166.032314 0.000000 0.000000 0.000000 
166.029083 166.011633 166.009048 166.009694 166.014865 166.026498 0.000000 0.000000 0.000000 
166.032314 166.015511 166.010987 166.010987 166.014865 166.022620 166.036838 0.000000 0.000000 
166.036192 166.018742 166.013572 166.012926 166.014865 166.021327 166.032314 0.000000 0.000000 
166.039423 166.022620 166.016157 166.014865 166.015511 166.020681 166.029083 166.041667 0.000000 
0.000000 166.026498 166.018742 166.016803 166.016803 166.020681 166.027144 166.037485 0.000000 
0.000000 166.029729 166.021974 166.018742 166.018742 166.020681 166.026498 166.034899 0.000000 
0.000000 166.033607 166.025205 166.021327 166.020681 166.021974 166.026498 166.032961 0.000000 
0.000000 166.037485 166.028437 166.023266 166.022620 166.022620 166.026498 166.032314 166.041362 
0.000000 166.040716 166.031668 166.026498 166.024559 166.024559 166.027144 166.032314 166.039423 
0.000000 0.000000 166.034899 166.029083 166.026498 166.026498 166.027790 166.032314 166.038131 
0.000000 0.000000 166.038131 166.031668 166.029083 166.028437 166.029083 166.032314 166.038131 
0.000000 0.000000 166.041667 166.034899 166.031668 166.030375 166.030375 166.032961 166.038131 
0.000000 0.000000 0.000000 166.038131 166.033607 166.032314 166.032314 166.034253 166.038131 
0.000000 0.000000 0.000000 166.041362 166.036838 166.034253 166.034253 166.034899 166.038777 
0.000000 0.000000 0.000000 0.000000 166.039423 166.036838 166.036192 166.036838 166.038777 
0.000000 0.000000 0.000000 0.000000 0.000000 166.039423 166.038131 166.038131 166.040070 
0.000000 0.000000 0.000000 0.000000 0.000000 166.041362 166.040070 166.040070 166.041362 
