test/output/constant/M3M470_S060_A090_WD225.0_WS050.0/M3M470_S060_A090_WD225.0_WS050.0_arrival.asc
ncols         30
nrows         8
xllcorner     426603.990666
yllcorner     12748355.311160
cellsize      100.000000
NODATA_value  0.000000
0.000000 0.000000 0.000000 0.000000 0.000000 0.000000 0.000000 0.000000 0.000000 0.000000 166.041602 166.041602 166.041602 166.041602 166.041602 0.000000 0.000000 0.000000 0.000000 0.000000 0.000000 0.000000 0.000000 0.000000 0.000000 0.000000 0.000000 0.000000 0.000000 0.000000 
0.000000 0.000000 166.035313 166.030959 166.027573 166.026122 166.025154 166.025154 166.025154 166.025638 166.026122 166.026606 166.027089 166.028057 166.029024 166.029992 166.030959 166.031927 166.032894 166.034345 166.035797 166.037248 166.038699 166.039667 166.041118 0.000000 0.000000 0.000000 0.000000 0.000000 
166.015963 166.010159 166.008707 166.008707 166.009191 166.009675 166.011126 166.012093 166.013545 166.014996 166.016447 166.017898 166.019350 166.020801 166.022252 166.023703 166.025154 166.026606 166.028057 166.029508 166.030959 166.032411 166.033862 166.035313 166.036764 166.038215 166.039667 166.041118 0.000000 0.000000 
166.000000 166.000967 166.002419 166.003870 166.005321 166.006772 166.008224 166.009675 166.011126 166.012093 166.013545 166.014996 166.016447 166.017898 166.019350 166.020801 166.022252 166.023703 166.025154 166.026606 166.028057 166.029508 166.030959 166.032411 166.033862 166.035313 166.036764 166.038215 166.039667 166.041118 
166.013545 166.006772 166.005805 166.005805 166.006289 166.007256 166.008707 166.009675 166.011126 166.012577 166.014028 166.015480 166.016931 166.017898 166.019350 166.020801 166.022252 166.023703 166.025154 166.026606 166.028057 166.029508 166.030959 166.032411 166.033862 166.034829 166.036280 166.037732 166.039183 166.040634 
0.000000 166.036280 166.027089 166.021768 166.018866 166.017415 166.016447 166.016447 166.016447 166.016447 166.017415 166.018382 166.019350 166.020317 166.021285 166.022736 166.023703 166.025154 166.026122 166.027573 166.028541 166.029992 166.031443 166.032894 166.033862 166.035313 166.036764 166.038215 166.039667 166.041118 
0.000000 0.000000 0.000000 0.000000 166.041602 166.036764 166.033378 166.030959 166.029024 166.028057 166.027573 166.027089 166.027089 166.027089 166.027573 166.028057 166.028541 166.029508 166.030476 166.031443 166.032411 166.033378 166.034345 166.035313 166.036764 166.037732 166.039183 166.040150 166.041602 0.000000 
0.000000 0.000000 0.000000 0.000000 0.000000 0.000000 0.000000 0.000000 0.000000 0.000000 0.000000 166.040634 166.040150 166.039183 166.038215 166.038215 166.037732 166.037732 166.037732 166.038215 166.038215 166.039183 166.039667 166.040634 166.041602 0.000000 0.000000 0.000000 0.000000 0.000000 
