test/output/constant/M3M460_S000_A270_WD180.0_WS040.0/M3M460_S000_A270_WD180.0_WS040.0_arrival.asc
ncols         7
nrows         35
xllcorner     426303.990666
yllcorner     12748755.311160
cellsize      100.000000
NODATA_value  0.000000
0.000000 0.000000 166.041074 166.040590 166.041074 0.000000 0.000000 
0.000000 0.000000 166.040107 166.039624 166.040107 0.000000 0.000000 
0.000000 166.041074 166.038657 166.038174 166.038657 166.041074 0.000000 
0.000000 166.040107 166.037691 166.037208 166.037691 166.040107 0.000000 
0.000000 166.038657 166.036241 166.035758 166.036241 166.038657 0.000000 
166.041667 166.037691 166.035275 166.034792 166.035275 166.037691 166.041667 
166.041074 166.036241 166.033825 166.033342 166.033825 166.036241 166.041074 
166.040107 166.035275 166.032859 166.032376 166.032859 166.035275 166.040107 
166.039141 166.034308 166.031409 166.030926 166.031409 166.034308 166.039141 
166.038174 166.033342 166.030443 166.029959 166.030443 166.033342 166.038174 
166.037208 166.031892 166.028993 166.028510 166.028993 166.031892 166.037208 
166.036725 166.030926 166.028027 166.027543 166.028027 166.030926 166.036725 
166.035758 166.029959 166.027060 166.026094 166.027060 166.029959 166.035758 
166.034792 166.028510 166.025611 166.025127 166.025611 166.028510 166.034792 
166.034308 166.027543 166.024644 166.023678 166.024644 166.027543 166.034308 
166.033342 166.026577 166.023194 166.022711 166.023194 166.026577 166.033342 
166.032859 166.025611 166.022228 166.021262 166.022228 166.025611 166.032859 
166.031892 166.024644 166.021262 166.020295 166.021262 166.024644 166.031892 
166.031892 166.023678 166.019812 166.018845 166.019812 166.023678 166.031892 
166.031892 166.023194 166.018845 166.017879 166.018845 166.023194 166.031892 
166.031892 166.022228 166.017396 166.016429 166.017396 166.022228 166.031892 
166.031892 166.021262 166.016429 166.015463 166.016429 166.021262 166.031892 
166.032376 166.020295 166.014980 166.014013 166.014980 166.020295 166.032376 
166.032859 166.019812 166.014013 166.013047 166.014013 166.019812 166.032859 
166.033342 166.019329 166.012564 166.011597 166.012564 166.019329 166.033342 
166.034792 166.019329 166.011597 166.010631 166.011597 166.019329 166.034792 
166.036725 166.019329 166.010631 166.009181 166.010631 166.019329 166.036725 
166.039141 166.019329 166.009664 166.008215 166.009664 166.019329 166.039141 
0.000000 166.020295 166.008698 166.006765 166.008698 166.020295 0.000000 
0.000000 166.021745 166.007731 166.005799 166.007731 166.021745 0.000000 
0.000000 166.023678 166.006765 166.004349 166.006765 166.023678 0.000000 
0.000000 166.028027 166.006765 166.003383 166.006765 166.028027 0.000000 
0.000000 166.036241 166.006765 166.001933 166.006765 166.036241 0.000000 
0.000000 0.000000 166.008698 166.000966 166.008698 0.000000 0.000000 
0.000000 0.000000 166.017879 166.000000 166.017879 0.000000 0.000000 
