test/output/constant/M350_S060_A090_WD270.0_WS010.0/M350_S060_A090_WD270.0_WS010.0_ros.asc
ncols         11
nrows         28
xllcorner     426503.990666
yllcorner     12746055.311160
cellsize      100.000000
NODATA_value  0.000000
0.654970 -1.000000 1.299330 0.000000 0.000000 0.000000 0.000000 0.000000 0.000000 0.000000 0.000000 
7.183827 46.859413 46.859413 0.830973 0.000000 0.000000 0.000000 0.000000 0.000000 0.000000 0.000000 
7.183827 46.859413 43.717476 31.732918 1.661678 0.000000 0.000000 0.000000 0.000000 0.000000 0.000000 
24.881264 46.859413 46.859413 46.859413 27.903158 0.000000 0.000000 0.000000 0.000000 0.000000 0.000000 
24.881264 32.606682 46.859413 46.859413 31.732918 2.746759 0.000000 0.000000 0.000000 0.000000 0.000000 
10.086980 13.412883 46.859413 41.418140 31.732918 1.058905 0.000000 0.000000 0.000000 0.000000 0.000000 
10.086980 10.086980 46.859413 46.859413 45.422810 31.732918 2.746759 0.000000 0.000000 0.000000 0.000000 
0.000000 44.180473 42.016129 46.859413 45.422810 35.333298 35.333298 0.000000 0.000000 0.000000 0.000000 
0.000000 42.016129 46.859413 46.859413 46.859413 46.745663 0.830973 0.000000 0.000000 0.000000 0.000000 
0.000000 20.923426 46.635754 46.859413 46.859413 46.859413 31.732918 31.732918 0.000000 0.000000 0.000000 
0.000000 13.412883 17.061716 46.859413 41.418140 46.859413 46.745663 31.732918 0.000000 0.000000 0.000000 
0.000000 20.923426 46.859413 46.859413 46.859413 46.859413 38.594780 45.422810 0.000000 0.000000 0.000000 
0.000000 17.061716 42.016129 28.815414 46.859413 46.859413 46.859413 43.717476 31.732918 0.000000 0.000000 
0.000000 24.881264 45.736057 45.736057 46.859413 46.859413 45.422810 38.594780 0.830973 0.000000 0.000000 
0.000000 0.000000 46.859413 46.859413 46.859413 46.859413 46.482216 41.418140 43.717476 0.000000 0.000000 
0.000000 0.000000 24.881264 46.859413 46.859413 46.859413 46.859413 46.859413 46.859413 0.000000 0.000000 
0.000000 0.000000 13.412883 46.859413 46.859413 46.859413 46.859413 46.859413 38.594780 46.859413 0.000000 
0.000000 0.000000 0.000000 24.881264 44.180473 39.308651 46.859413 46.859413 46.859413 35.333298 0.000000 
0.000000 0.000000 0.000000 46.859413 24.881264 46.859413 46.859413 46.859413 41.418140 38.594780 0.000000 
0.000000 0.000000 0.000000 24.881264 46.859413 42.016129 46.859413 43.717476 45.736057 43.717476 0.000000 
0.000000 0.000000 0.000000 0.000000 45.736057 42.016129 46.859413 46.859413 46.859413 46.859413 0.000000 
0.000000 0.000000 0.000000 0.000000 46.822697 24.881264 46.859413 46.859413 46.859413 46.859413 0.000000 
0.000000 0.000000 0.000000 0.000000 10.086980 46.859413 46.859413 46.859413 46.859413 43.717476 38.594780 
0.000000 0.000000 0.000000 0.000000 0.000000 46.859413 46.859413 46.859413 46.859413 46.859413 46.859413 
0.000000 0.000000 0.000000 0.000000 0.000000 13.412883 46.859413 46.859413 46.859413 46.859413 46.859413 
0.000000 0.000000 0.000000 0.000000 0.000000 0.000000 46.859413 46.859413 46.859413 46.859413 46.745663 
0.000000 0.000000 0.000000 0.000000 0.000000 0.000000 0.000000 46.859413 46.859413 46.859413 0.000000 
0.000000 0.000000 0.000000 0.000000 0.000000 0.000000 0.000000 0.000000 46.859413 46.859413 0.000000 
