test/output/constant/M390_S060_A180_WD000.0_WS000.0/M390_S060_A180_WD000.0_WS000.0_arrival.asc
ncols         54
nrows         11
xllcorner     426503.990666
yllcorner     12748255.311160
cellsize      100.000000
NODATA_value  0.000000
0.000000 0.000000 0.000000 0.000000 0.000000 0.000000 0.000000 0.000000 0.000000 0.000000 0.000000 0.000000 0.000000 0.000000 0.000000 0.000000 0.000000 0.000000 166.040786 166.039822 166.039501 166.038859 166.038538 166.038217 166.038217 166.037895 166.037895 166.037574 166.037574 166.037895 166.037895 166.037895 166.038217 166.038859 166.039501 166.039822 166.040143 166.040786 166.041428 0.000000 0.000000 0.000000 0.000000 0.000000 0.000000 0.000000 0.000000 0.000000 0.000000 0.000000 0.000000 0.000000 0.000000 0.000000 
0.000000 0.000000 0.000000 0.000000 0.000000 0.000000 0.000000 0.000000 0.000000 166.041428 166.038538 166.035968 166.034363 166.033078 166.031794 166.031151 166.030509 166.030188 166.029867 166.029546 166.029546 166.029224 166.029224 166.029224 166.029546 166.029867 166.030188 166.030830 166.031151 166.031794 166.032436 166.032757 166.033399 166.034042 166.034363 166.035005 166.035647 166.036290 166.036932 166.037253 166.037895 166.038538 166.039180 166.039822 166.040465 166.041107 0.000000 0.000000 0.000000 0.000000 0.000000 0.000000 0.000000 0.000000 
0.000000 0.000000 0.000000 0.000000 0.000000 166.038217 166.031794 166.028582 166.026013 166.024407 166.023123 166.022159 166.021838 166.021517 166.021196 166.021196 166.020875 166.020875 166.021196 166.021517 166.022159 166.022801 166.023123 166.023765 166.024407 166.025049 166.025371 166.026013 166.026655 166.027298 166.027619 166.028582 166.028903 166.029867 166.030509 166.031151 166.031794 166.032757 166.033399 166.034042 166.034684 166.035647 166.036290 166.036932 166.037895 166.038538 166.039180 166.039822 166.040786 166.041428 0.000000 0.000000 0.000000 0.000000 
0.000000 0.000000 166.035005 166.025049 166.018948 166.016057 166.014130 166.013488 166.012846 166.012846 166.012525 166.012846 166.013167 166.013488 166.014130 166.014773 166.015415 166.015736 166.016379 166.017021 166.017663 166.018305 166.018948 166.019911 166.020553 166.021196 166.022159 166.022801 166.023444 166.024407 166.025049 166.025692 166.026655 166.027298 166.027940 166.028903 166.029546 166.030188 166.031151 166.031794 166.032757 166.033399 166.034363 166.035005 166.035647 166.036611 166.037253 166.038217 166.038859 166.039822 166.040465 166.041428 0.000000 0.000000 
0.000000 166.012846 166.005781 166.004496 166.004496 166.004496 166.005138 166.005781 166.006423 166.007065 166.007708 166.008671 166.009313 166.009956 166.010919 166.011561 166.012525 166.013167 166.013809 166.014773 166.015415 166.016379 166.017021 166.017984 166.018627 166.019269 166.020232 166.020875 166.021838 166.022480 166.023444 166.024086 166.025049 166.025692 166.026655 166.027298 166.027940 166.028903 166.029546 166.030509 166.031151 166.032115 166.032757 166.033720 166.034363 166.035326 166.035968 166.036932 166.037574 166.038538 166.039180 166.040143 166.040786 166.041667 
166.038217 166.000000 166.000642 166.001285 166.002248 166.002890 166.003854 166.004496 166.005460 166.006102 166.007065 166.007708 166.008671 166.009313 166.010277 166.010919 166.011882 166.012525 166.013488 166.014130 166.015094 166.015736 166.016700 166.017342 166.018305 166.018948 166.019911 166.020553 166.021517 166.022159 166.023123 166.023765 166.024728 166.025371 166.026334 166.026976 166.027940 166.028582 166.029546 166.030188 166.031151 166.031794 166.032757 166.033399 166.034363 166.035005 166.035968 166.036611 166.037574 166.038217 166.039180 166.039822 166.040786 166.041428 
0.000000 166.012846 166.005781 166.004496 166.004496 166.004496 166.005138 166.005781 166.006423 166.007065 166.007708 166.008671 166.009313 166.009956 166.010919 166.011561 166.012525 166.013167 166.013809 166.014773 166.015415 166.016379 166.017021 166.017984 166.018627 166.019269 166.020232 166.020875 166.021838 166.022480 166.023444 166.024086 166.025049 166.025692 166.026655 166.027298 166.027940 166.028903 166.029546 166.030509 166.031151 166.032115 166.032757 166.033720 166.034363 166.035326 166.035968 166.036932 166.037574 166.038538 166.039180 166.040143 166.040786 166.041667 
0.000000 0.000000 166.035005 166.025049 166.018948 166.016057 166.014130 166.013488 166.012846 166.012846 166.012525 166.012846 166.013167 166.013488 166.014130 166.014773 166.015415 166.015736 166.016379 166.017021 166.017663 166.018305 166.018948 166.019911 166.020553 166.021196 166.022159 166.022801 166.023444 166.024407 166.025049 166.025692 166.026655 166.027298 166.027940 166.028903 166.029546 166.030188 166.031151 166.031794 166.032757 166.033399 166.034363 166.035005 166.035647 166.036611 166.037253 166.038217 166.038859 166.039822 166.040465 166.041428 0.000000 0.000000 
0.000000 0.000000 0.000000 0.000000 0.000000 166.038217 166.031794 166.028582 166.026013 166.024407 166.023123 166.022159 166.021838 166.021517 166.021196 166.021196 166.020875 166.020875 166.021196 166.021517 166.022159 166.022801 166.023123 166.023765 166.024407 166.025049 166.025371 166.026013 166.026655 166.027298 166.027619 166.028582 166.028903 166.029867 166.030509 166.031151 166.031794 166.032757 166.033399 166.034042 166.034684 166.035647 166.036290 166.036932 166.037895 166.038538 166.039180 166.039822 166.040786 166.041428 0.000000 0.000000 0.000000 0.000000 
0.000000 0.000000 0.000000 0.000000 0.000000 0.000000 0.000000 0.000000 0.000000 166.041428 166.038538 166.035968 166.034363 166.033078 166.031794 166.031151 166.030509 166.030188 166.029867 166.029546 166.029546 166.029224 166.029224 166.029224 166.029546 166.029867 166.030188 166.030830 166.031151 166.031794 166.032436 166.032757 166.033399 166.034042 166.034363 166.035005 166.035647 166.036290 166.036932 166.037253 166.037895 166.038538 166.039180 166.039822 166.040465 166.041107 0.000000 0.000000 0.000000 0.000000 0.000000 0.000000 0.000000 0.000000 
0.000000 0.000000 0.000000 0.000000 0.000000 0.000000 0.000000 0.000000 0.000000 0.000000 0.000000 0.000000 0.000000 0.000000 0.000000 0.000000 0.000000 0.000000 166.040786 166.039822 166.039501 166.038859 166.038538 166.038217 166.038217 166.037895 166.037895 166.037574 166.037574 166.037895 166.037895 166.037895 166.038217 166.038859 166.039501 166.039822 166.040143 166.040786 166.041428 0.000000 0.000000 0.000000 0.000000 0.000000 0.000000 0.000000 0.000000 0.000000 0.000000 0.000000 0.000000 0.000000 0.000000 0.000000 
