test/output/constant/M195_S060_A090_WD000.0_WS015.0/M195_S060_A090_WD000.0_WS015.0_arrival.asc
ncols         7
nrows         35
xllcorner     426303.990666
yllcorner     12745355.311160
cellsize      100.000000
NODATA_value  0.000000
0.000000 0.000000 166.029515 166.000000 166.029515 0.000000 0.000000 
0.000000 0.000000 166.010822 166.000984 166.010822 0.000000 0.000000 
0.000000 0.000000 166.007871 166.001968 166.007871 0.000000 0.000000 
0.000000 166.036401 166.007379 166.003443 166.007379 166.036401 0.000000 
0.000000 166.029515 166.007379 166.004427 166.007379 166.029515 0.000000 
0.000000 166.026071 166.007871 166.005903 166.007871 166.026071 0.000000 
0.000000 166.023612 166.008854 166.006887 166.008854 166.023612 0.000000 
0.000000 166.022136 166.009838 166.008362 166.009838 166.022136 0.000000 
0.000000 166.021644 166.010822 166.009346 166.010822 166.021644 0.000000 
166.041321 166.021644 166.011806 166.010822 166.011806 166.021644 166.041321 
166.039353 166.021152 166.013282 166.011806 166.013282 166.021152 166.039353 
166.037877 166.021152 166.014265 166.013282 166.014265 166.021152 166.037877 
166.036893 166.022136 166.015741 166.014265 166.015741 166.022136 166.036893 
166.036401 166.022628 166.016725 166.015741 166.016725 166.022628 166.036401 
166.035910 166.023612 166.018201 166.016725 166.018201 166.023612 166.035910 
166.035418 166.024596 166.019185 166.018201 166.019185 166.024596 166.035418 
166.035418 166.025087 166.020168 166.019185 166.020168 166.025087 166.035418 
166.035418 166.026071 166.021644 166.020660 166.021644 166.026071 166.035418 
166.035418 166.027055 166.022628 166.021644 166.022628 166.027055 166.035418 
166.035910 166.028039 166.024104 166.023120 166.024104 166.028039 166.035910 
166.036401 166.029023 166.025087 166.024104 166.025087 166.029023 166.036401 
166.037385 166.030007 166.026563 166.025579 166.026563 166.030007 166.037385 
166.038369 166.030990 166.027547 166.026563 166.027547 166.030990 166.038369 
166.038861 166.031974 166.029023 166.028039 166.029023 166.031974 166.038861 
166.039845 166.033450 166.030007 166.029023 166.030007 166.033450 166.039845 
166.040829 166.034434 166.030990 166.030499 166.030990 166.034434 166.040829 
166.041321 166.035418 166.032466 166.031482 166.032466 166.035418 166.041321 
0.000000 166.036401 166.033450 166.032958 166.033450 166.036401 0.000000 
0.000000 166.037877 166.034926 166.033942 166.034926 166.037877 0.000000 
0.000000 166.038861 166.035910 166.035418 166.035910 166.038861 0.000000 
0.000000 166.039845 166.037385 166.036401 166.037385 166.039845 0.000000 
0.000000 166.041321 166.038369 166.037877 166.038369 166.041321 0.000000 
0.000000 0.000000 166.039845 166.038861 166.039845 0.000000 0.000000 
0.000000 0.000000 166.040829 166.040337 166.040829 0.000000 0.000000 
0.000000 0.000000 0.000000 166.041321 0.000000 0.000000 0.000000 
