test/output/constant/M3M490_S060_A090_WD045.0_WS015.0/M3M490_S060_A090_WD045.0_WS015.0_arrival.asc
ncols         15
nrows         56
xllcorner     425303.990666
yllcorner     12743255.311160
cellsize      100.000000
NODATA_value  0.000000
0.000000 0.000000 0.000000 0.000000 0.000000 0.000000 0.000000 0.000000 0.000000 0.000000 0.000000 0.000000 166.011235 166.000000 166.034888 
0.000000 0.000000 0.000000 0.000000 0.000000 0.000000 0.000000 0.000000 0.000000 0.000000 0.000000 166.029566 166.002070 166.000591 166.022766 
0.000000 0.000000 0.000000 0.000000 0.000000 0.000000 0.000000 0.000000 0.000000 0.000000 0.000000 166.013896 166.001774 166.001183 166.021288 
0.000000 0.000000 0.000000 0.000000 0.000000 0.000000 0.000000 0.000000 0.000000 0.000000 166.029862 166.007687 166.002070 166.002070 166.021879 
0.000000 0.000000 0.000000 0.000000 0.000000 0.000000 0.000000 0.000000 0.000000 0.000000 166.019810 166.005618 166.002957 166.003252 166.023062 
0.000000 0.000000 0.000000 0.000000 0.000000 0.000000 0.000000 0.000000 0.000000 166.035184 166.013896 166.005026 166.003548 166.004731 166.025132 
0.000000 0.000000 0.000000 0.000000 0.000000 0.000000 0.000000 0.000000 0.000000 166.026314 166.010644 166.005026 166.004435 166.006505 166.026314 
0.000000 0.000000 0.000000 0.000000 0.000000 0.000000 0.000000 0.000000 166.040210 166.020401 166.009166 166.005322 166.005026 166.008279 166.028088 
0.000000 0.000000 0.000000 0.000000 0.000000 0.000000 0.000000 0.000000 166.032523 166.016557 166.008279 166.005913 166.005913 166.010053 166.029271 
0.000000 0.000000 0.000000 0.000000 0.000000 0.000000 0.000000 0.000000 166.026610 166.013896 166.008279 166.006505 166.006800 166.012122 166.031340 
0.000000 0.000000 0.000000 0.000000 0.000000 0.000000 0.000000 166.039028 166.022471 166.012714 166.008279 166.007392 166.008279 166.013896 166.033114 
0.000000 0.000000 0.000000 0.000000 0.000000 0.000000 0.000000 166.033114 166.019514 166.011827 166.008574 166.008279 166.009461 166.015670 166.035184 
0.000000 0.000000 0.000000 0.000000 0.000000 0.000000 0.000000 166.028679 166.017444 166.011531 166.008870 166.008870 166.010940 166.017740 166.037254 
0.000000 0.000000 0.000000 0.000000 0.000000 0.000000 166.039619 166.025427 166.016262 166.011531 166.009757 166.009757 166.012418 166.019514 166.039028 
0.000000 0.000000 0.000000 0.000000 0.000000 0.000000 166.034888 166.022766 166.015375 166.011531 166.010348 166.010644 166.014192 166.021584 166.041097 
0.000000 0.000000 0.000000 0.000000 0.000000 0.000000 166.031340 166.020697 166.014783 166.011827 166.011235 166.011827 166.015966 166.023653 0.000000 
0.000000 0.000000 0.000000 0.000000 0.000000 166.041097 166.028384 166.019810 166.014783 166.012122 166.011827 166.013009 166.017444 166.025427 0.000000 
0.000000 0.000000 0.000000 0.000000 0.000000 166.037549 166.026018 166.018923 166.014783 166.012714 166.012714 166.014488 166.019218 166.027497 0.000000 
0.000000 0.000000 0.000000 0.000000 0.000000 166.034297 166.024245 166.018331 166.014783 166.013601 166.013601 166.015670 166.020992 166.029271 0.000000 
0.000000 0.000000 0.000000 0.000000 0.000000 166.031340 166.023358 166.018036 166.014783 166.014192 166.014488 166.017149 166.022766 166.031340 0.000000 
0.000000 0.000000 0.000000 0.000000 166.039915 166.029271 166.022471 166.017740 166.015375 166.015079 166.015670 166.018627 166.024540 166.033410 0.000000 
0.000000 0.000000 0.000000 0.000000 166.037254 166.027792 166.021879 166.018036 166.015966 166.015670 166.016853 166.020105 166.026314 166.035184 0.000000 
0.000000 0.000000 0.000000 0.000000 166.034888 166.026610 166.021288 166.018036 166.016557 166.016557 166.018036 166.021879 166.028088 166.037254 0.000000 
0.000000 0.000000 0.000000 0.000000 166.032819 166.026018 166.020992 166.018331 166.017444 166.017444 166.019218 166.023653 166.030158 166.039323 0.000000 
0.000000 0.000000 0.000000 166.040210 166.031340 166.025427 166.020992 166.018627 166.018036 166.018331 166.020697 166.025132 166.031932 166.041097 0.000000 
0.000000 0.000000 0.000000 166.038141 166.030453 166.024836 166.021288 166.018923 166.018923 166.019514 166.021879 166.026905 166.033706 0.000000 0.000000 
0.000000 0.000000 0.000000 166.036367 166.029566 166.024540 166.021288 166.019810 166.019514 166.020401 166.023358 166.028384 166.035775 0.000000 0.000000 
0.000000 0.000000 0.000000 166.034888 166.028975 166.024245 166.021288 166.020401 166.020401 166.021584 166.024836 166.030158 166.037549 0.000000 0.000000 
0.000000 0.000000 166.041393 166.033706 166.028384 166.024245 166.021879 166.020992 166.021288 166.022766 166.026314 166.031932 166.039323 0.000000 0.000000 
0.000000 0.000000 166.039619 166.033114 166.027792 166.024540 166.022175 166.021879 166.022175 166.024245 166.027792 166.033410 166.041393 0.000000 0.000000 
0.000000 0.000000 166.038436 166.032227 166.027497 166.024540 166.022766 166.022766 166.023062 166.025427 166.029566 166.035184 0.000000 0.000000 0.000000 
0.000000 0.000000 166.037254 166.031636 166.027497 166.024540 166.023358 166.023358 166.024245 166.026905 166.031045 166.036958 0.000000 0.000000 0.000000 
0.000000 0.000000 166.036367 166.031340 166.027497 166.025132 166.024245 166.024245 166.025427 166.028088 166.032819 166.038732 0.000000 0.000000 0.000000 
0.000000 0.000000 166.035775 166.031045 166.027792 166.025427 166.024836 166.025132 166.026610 166.029566 166.034593 166.040802 0.000000 0.000000 0.000000 
0.000000 166.040802 166.035184 166.030749 166.027792 166.026018 166.025723 166.026018 166.027792 166.031045 166.036071 0.000000 0.000000 0.000000 0.000000 
0.000000 166.039915 166.034888 166.030749 166.028088 166.026610 166.026610 166.026905 166.028975 166.032227 166.037845 0.000000 0.000000 0.000000 0.000000 
0.000000 166.039323 166.034297 166.030749 166.028384 166.027201 166.027201 166.028088 166.030453 166.034001 166.039619 0.000000 0.000000 0.000000 0.000000 
0.000000 166.038732 166.034001 166.031045 166.028679 166.028088 166.028088 166.028975 166.031636 166.035480 166.041097 0.000000 0.000000 0.000000 0.000000 
0.000000 166.038141 166.034001 166.031045 166.029271 166.028679 166.028975 166.030158 166.033114 166.037254 0.000000 0.000000 0.000000 0.000000 0.000000 
0.000000 166.037845 166.034001 166.031340 166.029566 166.029566 166.029862 166.031340 166.034297 166.038732 0.000000 0.000000 0.000000 0.000000 0.000000 
0.000000 166.037549 166.034001 166.031636 166.030453 166.030158 166.030749 166.032523 166.035775 166.040506 0.000000 0.000000 0.000000 0.000000 0.000000 
166.041667 166.037254 166.034297 166.031932 166.031045 166.031045 166.031636 166.034001 166.037254 0.000000 0.000000 0.000000 0.000000 0.000000 0.000000 
166.041393 166.037254 166.034297 166.032523 166.031932 166.031932 166.032819 166.035184 166.038436 0.000000 0.000000 0.000000 0.000000 0.000000 0.000000 
166.040802 166.037254 166.034297 166.032819 166.032523 166.032819 166.034001 166.036662 166.039915 0.000000 0.000000 0.000000 0.000000 0.000000 0.000000 
166.040506 166.037254 166.034888 166.033410 166.033410 166.033706 166.035184 166.037845 166.041667 0.000000 0.000000 0.000000 0.000000 0.000000 0.000000 
166.040506 166.037549 166.035184 166.034001 166.034001 166.034888 166.036367 166.039323 0.000000 0.000000 0.000000 0.000000 0.000000 0.000000 0.000000 
166.040506 166.037549 166.035775 166.034888 166.034888 166.035480 166.037549 166.040802 0.000000 0.000000 0.000000 0.000000 0.000000 0.000000 0.000000 
166.040506 166.037549 166.036071 166.035775 166.035775 166.036662 166.038732 0.000000 0.000000 0.000000 0.000000 0.000000 0.000000 0.000000 0.000000 
166.040506 166.038141 166.036662 166.036367 166.036662 166.037845 166.040210 0.000000 0.000000 0.000000 0.000000 0.000000 0.000000 0.000000 0.000000 
166.040802 166.038436 166.037254 166.037254 166.037549 166.038732 166.041393 0.000000 0.000000 0.000000 0.000000 0.000000 0.000000 0.000000 0.000000 
166.040802 166.039028 166.037845 166.037845 166.038436 166.039915 0.000000 0.000000 0.000000 0.000000 0.000000 0.000000 0.000000 0.000000 0.000000 
166.040802 166.039323 166.038732 166.038732 166.039323 166.041097 0.000000 0.000000 0.000000 0.000000 0.000000 0.000000 0.000000 0.000000 0.000000 
166.041393 166.039619 166.039323 166.039619 166.040506 0.000000 0.000000 0.000000 0.000000 0.000000 0.000000 0.000000 0.000000 0.000000 0.000000 
0.000000 166.040210 166.040210 166.040506 166.041393 0.000000 0.000000 0.000000 0.000000 0.000000 0.000000 0.000000 0.000000 0.000000 0.000000 
0.000000 166.041097 166.041097 166.041097 0.000000 0.000000 0.000000 0.000000 0.000000 0.000000 0.000000 0.000000 0.000000 0.000000 0.000000 
0.000000 166.041667 166.041667 0.000000 0.000000 0.000000 0.000000 0.000000 0.000000 0.000000 0.000000 0.000000 0.000000 0.000000 0.000000 
