test/output/constant/M3M490_S060_A090_WD045.0_WS015.0/M3M490_S060_A090_WD045.0_WS015.0_ros.asc
ncols         15
nrows         56
xllcorner     425303.990666
yllcorner     12743255.311160
cellsize      100.000000
NODATA_value  0.000000
0.000000 0.000000 0.000000 0.000000 0.000000 0.000000 0.000000 0.000000 0.000000 0.000000 0.000000 0.000000 2.365448 0.000000 0.854756 
0.000000 0.000000 0.000000 0.000000 0.000000 0.000000 0.000000 0.000000 0.000000 0.000000 0.000000 0.854756 4.638003 93.225334 13.344627 
0.000000 0.000000 0.000000 0.000000 0.000000 0.000000 0.000000 0.000000 0.000000 0.000000 0.000000 56.217648 93.225334 93.225334 19.276047 
0.000000 0.000000 0.000000 0.000000 0.000000 0.000000 0.000000 0.000000 0.000000 0.000000 56.217648 63.911991 93.225334 49.323875 33.473660 
0.000000 0.000000 0.000000 0.000000 0.000000 0.000000 0.000000 0.000000 0.000000 0.000000 63.911991 1.135371 93.225334 83.780220 13.344627 
0.000000 0.000000 0.000000 0.000000 0.000000 0.000000 0.000000 0.000000 0.000000 0.979421 4.638003 77.564301 93.225334 57.273632 33.473660 
0.000000 0.000000 0.000000 0.000000 0.000000 0.000000 0.000000 0.000000 0.000000 56.217648 63.911991 93.225334 93.225334 41.309471 13.344627 
0.000000 0.000000 0.000000 0.000000 0.000000 0.000000 0.000000 0.000000 1.135371 63.911991 4.638003 93.225334 93.225334 13.344627 26.054184 
0.000000 0.000000 0.000000 0.000000 0.000000 0.000000 0.000000 0.000000 63.911991 63.911991 71.100403 93.225334 93.225334 33.473660 33.473660 
0.000000 0.000000 0.000000 0.000000 0.000000 0.000000 0.000000 0.000000 63.911991 63.911991 77.564301 93.225334 88.074631 26.054184 26.054184 
0.000000 0.000000 0.000000 0.000000 0.000000 0.000000 0.000000 2.365448 63.911991 0.854756 93.225334 93.225334 26.054184 33.473660 33.473660 
0.000000 0.000000 0.000000 0.000000 0.000000 0.000000 0.000000 63.911991 63.911991 71.100403 93.225334 93.225334 83.780220 33.473660 19.276047 
0.000000 0.000000 0.000000 0.000000 0.000000 0.000000 0.000000 63.911991 63.911991 71.100403 93.225334 93.225334 33.473660 19.276047 33.473660 
0.000000 0.000000 0.000000 0.000000 0.000000 0.000000 63.911991 1.135371 2.365448 93.225334 93.225334 93.225334 57.273632 33.473660 33.473660 
0.000000 0.000000 0.000000 0.000000 0.000000 0.000000 63.911991 2.365448 63.911991 93.225334 93.225334 93.225334 33.473660 19.276047 19.276047 
0.000000 0.000000 0.000000 0.000000 0.000000 0.000000 2.365448 63.911991 71.100403 93.225334 93.225334 41.309471 26.054184 33.473660 0.000000 
0.000000 0.000000 0.000000 0.000000 0.000000 63.911991 1.135371 8.071699 4.638003 93.225334 93.225334 57.273632 33.473660 33.473660 0.000000 
0.000000 0.000000 0.000000 0.000000 0.000000 2.365448 63.911991 63.911991 93.225334 93.225334 78.375008 13.344627 19.276047 13.344627 0.000000 
0.000000 0.000000 0.000000 0.000000 0.000000 2.365448 63.911991 71.100403 93.225334 93.225334 93.225334 72.023109 26.054184 41.309471 0.000000 
0.000000 0.000000 0.000000 0.000000 0.000000 63.911991 2.365448 63.911991 90.788666 93.225334 41.309471 33.473660 26.054184 19.276047 0.000000 
0.000000 0.000000 0.000000 0.000000 63.911991 71.100403 63.911991 90.788666 93.225334 93.225334 41.309471 33.473660 13.344627 26.054184 0.000000 
0.000000 0.000000 0.000000 0.000000 63.911991 63.911991 63.911991 93.225334 93.225334 93.225334 19.276047 57.273632 33.473660 33.473660 0.000000 
0.000000 0.000000 0.000000 0.000000 1.135371 63.911991 71.100403 93.225334 93.225334 93.225334 33.473660 26.054184 33.473660 19.276047 0.000000 
0.000000 0.000000 0.000000 0.000000 8.071699 4.638003 77.564301 93.225334 93.225334 93.225334 72.023109 26.054184 26.054184 33.473660 0.000000 
0.000000 0.000000 0.000000 71.100403 63.911991 71.100403 93.225334 93.225334 93.225334 93.225334 41.309471 33.473660 41.309471 33.473660 0.000000 
0.000000 0.000000 0.000000 1.135371 4.638003 71.100403 93.225334 93.225334 83.780220 19.276047 64.917397 26.054184 33.473660 0.000000 0.000000 
0.000000 0.000000 0.000000 1.135371 8.071699 71.100403 93.225334 93.225334 93.225334 93.225334 41.309471 49.323875 19.276047 0.000000 0.000000 
0.000000 0.000000 0.000000 8.071699 4.638003 77.564301 83.107155 93.225334 93.225334 57.273632 19.276047 41.309471 33.473660 0.000000 0.000000 
0.000000 0.000000 71.100403 71.100403 8.071699 93.225334 93.225334 93.225334 93.225334 49.323875 41.309471 26.054184 41.309471 0.000000 0.000000 
0.000000 0.000000 71.100403 4.638003 71.100403 93.225334 93.225334 93.225334 41.309471 13.344627 41.309471 64.917397 19.276047 0.000000 0.000000 
0.000000 0.000000 71.100403 63.911991 77.564301 93.225334 93.225334 72.023109 93.225334 72.023109 26.054184 33.473660 0.000000 0.000000 0.000000 
0.000000 0.000000 63.911991 71.100403 93.225334 87.560417 93.225334 91.127861 33.473660 41.309471 78.375008 41.309471 0.000000 0.000000 0.000000 
0.000000 0.000000 63.911991 63.911991 93.072998 93.225334 93.225334 93.225334 19.276047 72.023109 41.309471 33.473660 0.000000 0.000000 0.000000 
0.000000 0.000000 63.911991 71.100403 93.225334 93.225334 93.225334 93.225334 33.473660 88.074631 26.054184 33.473660 0.000000 0.000000 0.000000 
0.000000 63.911991 71.100403 71.100403 93.225334 93.225334 93.225334 41.309471 33.473660 19.276047 78.375008 0.000000 0.000000 0.000000 0.000000 
0.000000 71.100403 8.071699 93.225334 93.225334 93.225334 93.225334 93.225334 78.375008 72.023109 33.473660 0.000000 0.000000 0.000000 0.000000 
0.000000 63.911991 71.100403 90.788666 93.225334 93.225334 93.225334 93.225334 41.309471 33.473660 26.054184 0.000000 0.000000 0.000000 0.000000 
0.000000 71.100403 77.564301 93.225334 93.225334 93.225334 93.225334 57.273632 72.023109 41.309471 33.473660 0.000000 0.000000 0.000000 0.000000 
0.000000 63.911991 71.100403 93.225334 93.225334 93.225334 93.225334 72.023109 41.309471 33.473660 0.000000 0.000000 0.000000 0.000000 0.000000 
0.000000 71.100403 93.225334 93.225334 93.225334 88.074631 49.323875 41.309471 72.023109 72.023109 0.000000 0.000000 0.000000 0.000000 0.000000 
0.000000 71.100403 93.225334 93.225334 93.225334 93.225334 41.309471 72.023109 41.309471 33.473660 0.000000 0.000000 0.000000 0.000000 0.000000 
77.564301 71.100403 93.225334 93.225334 93.225334 93.225334 93.225334 26.054184 13.344627 0.000000 0.000000 0.000000 0.000000 0.000000 0.000000 
4.638003 93.225334 93.225334 93.225334 93.225334 93.225334 33.473660 72.023109 64.917397 0.000000 0.000000 0.000000 0.000000 0.000000 0.000000 
71.100403 93.225334 83.107155 93.225334 93.225334 93.225334 33.473660 33.473660 72.023109 0.000000 0.000000 0.000000 0.000000 0.000000 0.000000 
77.564301 93.225334 93.225334 93.225334 93.225334 33.473660 33.473660 64.917397 33.473660 0.000000 0.000000 0.000000 0.000000 0.000000 0.000000 
77.564301 93.225334 93.225334 93.225334 93.225334 19.276047 33.473660 41.309471 0.000000 0.000000 0.000000 0.000000 0.000000 0.000000 0.000000 
93.225334 93.225334 93.225334 93.225334 93.225334 83.780220 92.847244 26.054184 0.000000 0.000000 0.000000 0.000000 0.000000 0.000000 0.000000 
93.225334 87.560417 93.072998 93.225334 83.780220 88.074631 49.323875 0.000000 0.000000 0.000000 0.000000 0.000000 0.000000 0.000000 0.000000 
93.225334 93.225334 93.225334 93.225334 41.309471 41.309471 33.473660 0.000000 0.000000 0.000000 0.000000 0.000000 0.000000 0.000000 0.000000 
93.225334 93.225334 93.225334 93.225334 19.276047 93.225334 64.917397 0.000000 0.000000 0.000000 0.000000 0.000000 0.000000 0.000000 0.000000 
93.225334 93.225334 93.225334 93.225334 33.473660 49.323875 0.000000 0.000000 0.000000 0.000000 0.000000 0.000000 0.000000 0.000000 0.000000 
90.788666 93.225334 93.225334 93.225334 91.127861 57.273632 0.000000 0.000000 0.000000 0.000000 0.000000 0.000000 0.000000 0.000000 0.000000 
93.225334 93.225334 93.225334 26.054184 26.054184 0.000000 0.000000 0.000000 0.000000 0.000000 0.000000 0.000000 0.000000 0.000000 0.000000 
0.000000 93.225334 93.225334 26.054184 49.323875 0.000000 0.000000 0.000000 0.000000 0.000000 0.000000 0.000000 0.000000 0.000000 0.000000 
0.000000 93.225334 49.323875 93.149956 0.000000 0.000000 0.000000 0.000000 0.000000 0.000000 0.000000 0.000000 0.000000 0.000000 0.000000 
0.000000 93.225334 93.225334 0.000000 0.000000 0.000000 0.000000 0.000000 0.000000 0.000000 0.000000 0.000000 0.000000 0.000000 0.000000 
