test/output/constant/M490_S060_A270_WD180.0_WS005.0/M490_S060_A270_WD180.0_WS005.0_arrival.asc
ncols         7
nrows         31
xllcorner     426303.990666
yllcorner     12748755.311160
cellsize      100.000000
NODATA_value  0.000000
0.000000 0.000000 166.041667 166.041308 166.041667 0.000000 0.000000 
0.000000 0.000000 166.040192 166.040192 166.040192 0.000000 0.000000 
0.000000 166.041667 166.039076 166.038517 166.039076 166.041667 0.000000 
0.000000 166.040192 166.037959 166.037401 166.037959 166.040192 0.000000 
0.000000 166.039076 166.036284 166.035726 166.036284 166.039076 0.000000 
0.000000 166.037959 166.035168 166.034610 166.035168 166.037959 0.000000 
166.041667 166.036284 166.033493 166.032935 166.033493 166.036284 166.041667 
166.040750 166.035168 166.032377 166.031819 166.032377 166.035168 166.040750 
166.039634 166.034052 166.030702 166.030144 166.030702 166.034052 166.039634 
166.038517 166.032377 166.029586 166.029028 166.029586 166.032377 166.038517 
166.037959 166.031260 166.027911 166.027353 166.027911 166.031260 166.037959 
166.036843 166.030144 166.026795 166.026236 166.026795 166.030144 166.036843 
166.036284 166.029028 166.025678 166.024562 166.025678 166.029028 166.036284 
166.035168 166.027911 166.024004 166.023445 166.024004 166.027911 166.035168 
166.034052 166.026795 166.022887 166.021771 166.022887 166.026795 166.034052 
166.034052 166.025678 166.021212 166.020654 166.021212 166.025678 166.034052 
166.034052 166.024562 166.020096 166.018980 166.020096 166.024562 166.034052 
166.034052 166.023445 166.018980 166.017863 166.018980 166.023445 166.034052 
166.034052 166.022887 166.017305 166.016188 166.017305 166.022887 166.034052 
166.034052 166.021771 166.016188 166.015072 166.016188 166.021771 166.034052 
166.035168 166.020654 166.014514 166.013397 166.014514 166.020654 166.035168 
166.036284 166.020654 166.013397 166.012281 166.013397 166.020654 166.036284 
166.037401 166.020654 166.011723 166.010606 166.011723 166.020654 166.037401 
166.039634 166.020654 166.010606 166.009490 166.010606 166.020654 166.039634 
0.000000 166.021212 166.009490 166.007815 166.009490 166.021212 0.000000 
0.000000 166.022329 166.008373 166.006699 166.008373 166.022329 0.000000 
0.000000 166.024562 166.007257 166.005024 166.007257 166.024562 0.000000 
0.000000 166.027911 166.007257 166.003908 166.007257 166.027911 0.000000 
0.000000 166.038517 166.007257 166.002233 166.007257 166.038517 0.000000 
0.000000 0.000000 166.008932 166.001116 166.008932 0.000000 0.000000 
0.000000 0.000000 166.021212 166.000000 166.021212 0.000000 0.000000 
