test/output/constant/M360_S060_A000_WD090.0_WS035.0/M360_S060_A000_WD090.0_WS035.0_arrival.asc
ncols         45
nrows         7
xllcorner     422203.990666
yllcorner     12748455.311160
cellsize      100.000000
NODATA_value  0.000000
0.000000 0.000000 0.000000 0.000000 0.000000 0.000000 0.000000 0.000000 0.000000 0.000000 0.000000 0.000000 166.041667 166.041320 166.040568 166.039817 166.039441 166.038690 166.038315 166.037939 166.037939 166.037939 166.038315 166.038315 166.038690 166.039066 166.039441 166.040193 166.040944 0.000000 0.000000 0.000000 0.000000 0.000000 0.000000 0.000000 0.000000 0.000000 0.000000 0.000000 0.000000 0.000000 0.000000 0.000000 0.000000 
0.000000 0.000000 0.000000 0.000000 166.041320 166.040193 166.039441 166.038690 166.037939 166.036812 166.036061 166.035310 166.034183 166.033431 166.032680 166.031929 166.031178 166.030426 166.029675 166.028924 166.028172 166.027421 166.027046 166.026294 166.025543 166.024792 166.024416 166.023665 166.023289 166.022914 166.022914 166.022914 166.023289 166.023665 166.024416 166.025543 166.027421 166.029299 166.032304 166.037563 0.000000 0.000000 0.000000 0.000000 0.000000 
0.000000 166.040944 166.040193 166.039066 166.038315 166.037188 166.036436 166.035310 166.034558 166.033431 166.032680 166.031929 166.030802 166.030051 166.028924 166.028172 166.027046 166.026294 166.025543 166.024416 166.023665 166.022538 166.021787 166.020660 166.019909 166.018782 166.018030 166.017279 166.016152 166.015401 166.014274 166.013523 166.012396 166.011645 166.010893 166.010142 166.009391 166.008640 166.007888 166.007888 166.007888 166.008640 166.010893 166.017655 0.000000 
166.040944 166.040193 166.039066 166.038315 166.037188 166.036436 166.035310 166.034558 166.033431 166.032680 166.031553 166.030802 166.029675 166.028924 166.027797 166.027046 166.025919 166.025167 166.024041 166.023289 166.022162 166.021411 166.020284 166.019533 166.018406 166.017655 166.016528 166.015777 166.014650 166.013898 166.012772 166.012020 166.010893 166.010142 166.009015 166.008264 166.007137 166.006386 166.005259 166.004508 166.003381 166.002629 166.001503 166.000751 166.000000 
0.000000 166.040944 166.040193 166.039066 166.038315 166.037188 166.036436 166.035310 166.034558 166.033431 166.032680 166.031929 166.030802 166.030051 166.028924 166.028172 166.027046 166.026294 166.025543 166.024416 166.023665 166.022538 166.021787 166.020660 166.019909 166.018782 166.018030 166.017279 166.016152 166.015401 166.014274 166.013523 166.012396 166.011645 166.010893 166.010142 166.009391 166.008640 166.007888 166.007888 166.007888 166.008640 166.010893 166.017655 0.000000 
0.000000 0.000000 0.000000 0.000000 166.041320 166.040193 166.039441 166.038690 166.037939 166.036812 166.036061 166.035310 166.034183 166.033431 166.032680 166.031929 166.031178 166.030426 166.029675 166.028924 166.028172 166.027421 166.027046 166.026294 166.025543 166.024792 166.024416 166.023665 166.023289 166.022914 166.022914 166.022914 166.023289 166.023665 166.024416 166.025543 166.027421 166.029299 166.032304 166.037563 0.000000 0.000000 0.000000 0.000000 0.000000 
0.000000 0.000000 0.000000 0.000000 0.000000 0.000000 0.000000 0.000000 0.000000 0.000000 0.000000 0.000000 166.041667 166.041320 166.040568 166.039817 166.039441 166.038690 166.038315 166.037939 166.037939 166.037939 166.038315 166.038315 166.038690 166.039066 166.039441 166.040193 166.040944 0.000000 0.000000 0.000000 0.000000 0.000000 0.000000 0.000000 0.000000 0.000000 0.000000 0.000000 0.000000 0.000000 0.000000 0.000000 0.000000 
