test/output/constant/M3M460_S060_A270_WD315.0_WS020.0/M3M460_S060_A270_WD315.0_WS020.0_arrival.asc
ncols         13
nrows         18
xllcorner     426503.990666
yllcorner     12748655.311160
cellsize      100.000000
NODATA_value  0.000000
0.000000 0.000000 0.000000 0.000000 0.000000 0.000000 0.000000 0.000000 0.000000 166.040848 166.040031 166.040031 166.040848 
0.000000 0.000000 0.000000 0.000000 0.000000 0.000000 0.000000 0.000000 166.039214 166.037580 166.037580 166.037580 166.040031 
0.000000 0.000000 0.000000 0.000000 0.000000 0.000000 0.000000 166.037580 166.035129 166.035129 166.035129 166.036763 166.040031 
0.000000 0.000000 0.000000 0.000000 0.000000 0.000000 166.037580 166.033495 166.032678 166.032678 166.033495 166.035946 166.040031 
0.000000 0.000000 0.000000 0.000000 0.000000 166.037580 166.032678 166.030227 166.029410 166.030227 166.032678 166.036763 166.041665 
0.000000 0.000000 0.000000 0.000000 166.039214 166.031861 166.028593 166.026959 166.026959 166.028593 166.032678 166.036763 0.000000 
0.000000 0.000000 0.000000 166.041665 166.032678 166.026959 166.024509 166.024509 166.025326 166.028593 166.032678 166.039214 0.000000 
0.000000 0.000000 0.000000 166.034312 166.026959 166.022875 166.022058 166.022058 166.025326 166.028593 166.035129 0.000000 0.000000 
0.000000 0.000000 166.038397 166.027776 166.022058 166.019607 166.019607 166.021241 166.025326 166.030227 166.038397 0.000000 0.000000 
0.000000 0.000000 166.031044 166.022058 166.017156 166.017156 166.017973 166.021241 166.026142 166.033495 0.000000 0.000000 0.000000 
0.000000 166.037580 166.023692 166.016339 166.014705 166.014705 166.017156 166.022058 166.029410 166.039214 0.000000 0.000000 0.000000 
0.000000 166.029410 166.017156 166.012254 166.012254 166.013888 166.017973 166.024509 166.035129 0.000000 0.000000 0.000000 0.000000 
0.000000 166.021241 166.011437 166.008986 166.009803 166.013888 166.020424 166.031044 0.000000 0.000000 0.000000 0.000000 0.000000 
166.038397 166.013071 166.006536 166.006536 166.009803 166.016339 166.026959 166.040848 0.000000 0.000000 0.000000 0.000000 0.000000 
166.030227 166.005719 166.004085 166.005719 166.011437 166.023692 166.039214 0.000000 0.000000 0.000000 0.000000 0.000000 0.000000 
166.024509 166.001634 166.002451 166.007353 166.020424 166.037580 0.000000 0.000000 0.000000 0.000000 0.000000 0.000000 0.000000 
166.023692 166.000000 166.002451 166.019607 166.039214 0.000000 0.000000 0.000000 0.000000 0.000000 0.000000 0.000000 0.000000 
166.036763 166.022875 166.030227 0.000000 0.000000 0.000000 0.000000 0.000000 0.000000 0.000000 0.000000 0.000000 0.000000 
