test/output/constant/S1_S000_A090_WD000.0_WS050.0/S1_S000_A090_WD000.0_WS050.0_arrival.asc
ncols         7
nrows         34
xllcorner     426303.990666
yllcorner     12745455.311160
cellsize      100.000000
NODATA_value  0.000000
0.000000 0.000000 166.031999 166.000000 166.031999 0.000000 0.000000 
0.000000 0.000000 166.013714 166.001016 166.013714 0.000000 0.000000 
0.000000 0.000000 166.009650 166.002032 166.009650 0.000000 0.000000 
0.000000 0.000000 166.008635 166.003555 166.008635 0.000000 0.000000 
0.000000 166.036062 166.008127 166.004571 166.008127 166.036062 0.000000 
0.000000 166.031491 166.008635 166.006095 166.008635 166.031491 0.000000 
0.000000 166.028443 166.009650 166.007111 166.009650 166.028443 0.000000 
0.000000 166.026412 166.010666 166.008635 166.010666 166.026412 0.000000 
0.000000 166.025396 166.011682 166.009650 166.011682 166.025396 0.000000 
0.000000 166.024888 166.012698 166.011174 166.012698 166.024888 0.000000 
0.000000 166.024380 166.013714 166.012190 166.013714 166.024380 0.000000 
0.000000 166.024380 166.015238 166.013714 166.015238 166.024380 0.000000 
0.000000 166.024380 166.016253 166.014730 166.016253 166.024380 0.000000 
0.000000 166.024888 166.017269 166.016253 166.017269 166.024888 0.000000 
166.041649 166.025904 166.018793 166.017269 166.018793 166.025904 166.041649 
166.041141 166.026412 166.019809 166.018793 166.019809 166.026412 166.041141 
166.040633 166.027428 166.020825 166.019809 166.020825 166.027428 166.040633 
166.040633 166.028443 166.022348 166.021333 166.022348 166.028443 166.040633 
166.040126 166.028951 166.023364 166.022348 166.023364 166.028951 166.040126 
166.040633 166.029967 166.024888 166.023872 166.024888 166.029967 166.040633 
166.040633 166.030983 166.025904 166.024888 166.025904 166.030983 166.040633 
166.041141 166.031999 166.027428 166.026412 166.027428 166.031999 166.041141 
166.041649 166.033015 166.028443 166.027428 166.028443 166.033015 166.041649 
0.000000 166.034031 166.029967 166.028951 166.029967 166.034031 0.000000 
0.000000 166.035046 166.030983 166.029967 166.030983 166.035046 0.000000 
0.000000 166.036062 166.032507 166.031491 166.032507 166.036062 0.000000 
0.000000 166.037586 166.033523 166.032507 166.033523 166.037586 0.000000 
0.000000 166.038602 166.035046 166.034031 166.035046 166.038602 0.000000 
0.000000 166.039618 166.036062 166.035046 166.036062 166.039618 0.000000 
0.000000 166.040633 166.037586 166.036570 166.037586 166.040633 0.000000 
0.000000 0.000000 166.038602 166.037586 166.038602 0.000000 0.000000 
0.000000 0.000000 166.040126 166.039110 166.040126 0.000000 0.000000 
0.000000 0.000000 166.041141 166.040126 166.041141 0.000000 0.000000 
0.000000 0.000000 0.000000 166.041649 0.000000 0.000000 0.000000 
