test/output/constant/M1M280_S000_A000_WD180.0_WS050.0/M1M280_S000_A000_WD180.0_WS050.0_arrival.asc
ncols         7
nrows         34
xllcorner     426303.990666
yllcorner     12748755.311160
cellsize      100.000000
NODATA_value  0.000000
0.000000 0.000000 166.041583 166.041082 166.041583 0.000000 0.000000 
0.000000 0.000000 166.040581 166.039579 166.040581 0.000000 0.000000 
0.000000 0.000000 166.039579 166.038577 166.039579 0.000000 0.000000 
0.000000 166.041583 166.038076 166.037074 166.038076 166.041583 0.000000 
0.000000 166.040080 166.037074 166.036072 166.037074 166.040080 0.000000 
0.000000 166.039078 166.035571 166.034569 166.035571 166.039078 0.000000 
0.000000 166.038076 166.034569 166.033567 166.034569 166.038076 0.000000 
0.000000 166.037074 166.033066 166.032064 166.033066 166.037074 0.000000 
0.000000 166.035571 166.032064 166.031062 166.032064 166.035571 0.000000 
0.000000 166.034569 166.030561 166.029559 166.030561 166.034569 0.000000 
0.000000 166.033567 166.029559 166.028557 166.029559 166.033567 0.000000 
166.041082 166.032565 166.028056 166.027054 166.028056 166.032565 166.041082 
166.040581 166.031563 166.027054 166.026052 166.027054 166.031563 166.040581 
166.040080 166.030561 166.025551 166.024549 166.025551 166.030561 166.040080 
166.040080 166.029559 166.024549 166.023547 166.024549 166.029559 166.040080 
166.040080 166.028557 166.023046 166.022044 166.023046 166.028557 166.040080 
166.040080 166.028056 166.022044 166.021042 166.022044 166.028056 166.040080 
166.040080 166.027054 166.020541 166.019539 166.020541 166.027054 166.040080 
166.040581 166.026052 166.019539 166.018537 166.019539 166.026052 166.040581 
166.041082 166.025551 166.018537 166.017034 166.018537 166.025551 166.041082 
0.000000 166.024549 166.017034 166.016032 166.017034 166.024549 0.000000 
0.000000 166.024048 166.016032 166.014529 166.016032 166.024048 0.000000 
0.000000 166.024048 166.015030 166.013527 166.015030 166.024048 0.000000 
0.000000 166.024048 166.013527 166.012024 166.013527 166.024048 0.000000 
0.000000 166.024549 166.012525 166.011022 166.012525 166.024549 0.000000 
0.000000 166.025050 166.011523 166.009519 166.011523 166.025050 0.000000 
0.000000 166.026052 166.010521 166.008517 166.010521 166.026052 0.000000 
0.000000 166.028056 166.009519 166.007014 166.009519 166.028056 0.000000 
0.000000 166.031062 166.008517 166.006012 166.008517 166.031062 0.000000 
0.000000 166.036072 166.008016 166.004509 166.008016 166.036072 0.000000 
0.000000 0.000000 166.008517 166.003507 166.008517 0.000000 0.000000 
0.000000 0.000000 166.009018 166.002004 166.009018 0.000000 0.000000 
0.000000 0.000000 166.013527 166.001002 166.013527 0.000000 0.000000 
0.000000 0.000000 166.037074 166.000000 166.037074 0.000000 0.000000 
