test/output/constant/M4100_S060_A090_WD000.0_WS020.0/M4100_S060_A090_WD000.0_WS020.0_arrival.asc
ncols         9
nrows         47
xllcorner     426203.990666
yllcorner     12744155.311160
cellsize      100.000000
NODATA_value  0.000000
0.000000 0.000000 0.000000 166.031614 166.000000 166.031614 0.000000 0.000000 0.000000 
0.000000 0.000000 0.000000 166.010778 166.000719 166.010778 0.000000 0.000000 0.000000 
0.000000 0.000000 0.000000 166.007185 166.001437 166.007185 0.000000 0.000000 0.000000 
0.000000 0.000000 166.034847 166.006107 166.002515 166.006107 166.034847 0.000000 0.000000 
0.000000 0.000000 166.027662 166.006107 166.003233 166.006107 166.027662 0.000000 0.000000 
0.000000 0.000000 166.024070 166.006467 166.004311 166.006467 166.024070 0.000000 0.000000 
0.000000 0.000000 166.021196 166.006826 166.005030 166.006826 166.021196 0.000000 0.000000 
0.000000 0.000000 166.020118 166.007544 166.006107 166.007544 166.020118 0.000000 0.000000 
0.000000 166.041667 166.019040 166.008263 166.006826 166.008263 166.019040 166.041667 0.000000 
0.000000 166.038081 166.018322 166.008981 166.007904 166.008981 166.018322 166.038081 0.000000 
0.000000 166.035566 166.017963 166.010059 166.008622 166.010059 166.017963 166.035566 0.000000 
0.000000 166.034129 166.017963 166.010778 166.009700 166.010778 166.017963 166.034129 0.000000 
0.000000 166.032692 166.017963 166.011496 166.010418 166.011496 166.017963 166.032692 0.000000 
0.000000 166.031614 166.017963 166.012574 166.011496 166.012574 166.017963 166.031614 0.000000 
0.000000 166.030896 166.018681 166.013292 166.012215 166.013292 166.018681 166.030896 0.000000 
0.000000 166.030177 166.019040 166.014370 166.013292 166.014370 166.019040 166.030177 0.000000 
0.000000 166.030177 166.019759 166.015089 166.014011 166.015089 166.019759 166.030177 0.000000 
0.000000 166.029818 166.020477 166.015807 166.015089 166.015807 166.020477 166.029818 0.000000 
0.000000 166.029459 166.020837 166.016885 166.015807 166.016885 166.020837 166.029459 0.000000 
0.000000 166.029459 166.021555 166.017603 166.016885 166.017603 166.021555 166.029459 0.000000 
0.000000 166.029818 166.022274 166.018681 166.017603 166.018681 166.022274 166.029818 0.000000 
0.000000 166.029818 166.022992 166.019400 166.018681 166.019400 166.022992 166.029818 0.000000 
0.000000 166.030177 166.023711 166.020477 166.019400 166.020477 166.023711 166.030177 0.000000 
166.041667 166.030536 166.024429 166.021196 166.020477 166.021196 166.024429 166.030536 166.041667 
166.041314 166.031255 166.025148 166.021914 166.021196 166.021914 166.025148 166.031255 166.041314 
166.041314 166.031973 166.025866 166.022992 166.022274 166.022992 166.025866 166.031973 166.041314 
166.041314 166.032333 166.026585 166.023711 166.022992 166.023711 166.026585 166.032333 166.041314 
166.041314 166.033051 166.027303 166.024788 166.024070 166.024788 166.027303 166.033051 166.041314 
166.041314 166.033770 166.028022 166.025507 166.024788 166.025507 166.028022 166.033770 166.041314 
166.041667 166.034129 166.029099 166.026585 166.025866 166.026585 166.029099 166.034129 166.041667 
0.000000 166.034847 166.029818 166.027303 166.026585 166.027303 166.029818 166.034847 0.000000 
0.000000 166.035566 166.030896 166.028381 166.027662 166.028381 166.030896 166.035566 0.000000 
0.000000 166.036284 166.031614 166.029099 166.028381 166.029099 166.031614 166.036284 0.000000 
0.000000 166.037003 166.032333 166.029818 166.029459 166.029818 166.032333 166.037003 0.000000 
0.000000 166.037362 166.033051 166.030896 166.030177 166.030896 166.033051 166.037362 0.000000 
0.000000 166.038081 166.034129 166.031614 166.031255 166.031614 166.034129 166.038081 0.000000 
0.000000 166.038799 166.034847 166.032692 166.031973 166.032692 166.034847 166.038799 0.000000 
0.000000 166.039518 166.035925 166.033410 166.033051 166.033410 166.035925 166.039518 0.000000 
0.000000 166.040236 166.036644 166.034488 166.033770 166.034488 166.036644 166.040236 0.000000 
0.000000 166.040955 166.037362 166.035207 166.034847 166.035207 166.037362 166.040955 0.000000 
0.000000 166.041667 166.038440 166.036284 166.035566 166.036284 166.038440 166.041667 0.000000 
0.000000 0.000000 166.039158 166.037003 166.036644 166.037003 166.039158 0.000000 0.000000 
0.000000 0.000000 166.040236 166.038081 166.037362 166.038081 166.040236 0.000000 0.000000 
0.000000 0.000000 166.040955 166.038799 166.038440 166.038799 166.040955 0.000000 0.000000 
0.000000 0.000000 166.041667 166.039877 166.039158 166.039877 166.041667 0.000000 0.000000 
0.000000 0.000000 0.000000 166.040595 166.040236 166.040595 0.000000 0.000000 0.000000 
0.000000 0.000000 0.000000 166.041314 166.040955 166.041314 0.000000 0.000000 0.000000 
