test/output/constant/M370_S060_A090_WD180.0_WS005.0/M370_S060_A090_WD180.0_WS005.0_arrival.asc
ncols         9
nrows         35
xllcorner     426203.990666
yllcorner     12745455.311160
cellsize      100.000000
NODATA_value  0.000000
0.000000 0.000000 0.000000 0.000000 166.029590 0.000000 0.000000 0.000000 0.000000 
0.000000 0.000000 0.000000 166.012538 166.000000 166.012538 0.000000 0.000000 0.000000 
0.000000 0.000000 166.034104 166.006520 166.001003 166.006520 166.034104 0.000000 0.000000 
0.000000 0.000000 166.025076 166.005517 166.002006 166.005517 166.025076 0.000000 0.000000 
0.000000 0.000000 166.020563 166.005517 166.003511 166.005517 166.020563 0.000000 0.000000 
0.000000 166.039119 166.018055 166.006520 166.004514 166.006520 166.018055 166.039119 0.000000 
0.000000 166.034605 166.017052 166.007021 166.006018 166.007021 166.017052 166.034605 0.000000 
0.000000 166.031596 166.016049 166.008024 166.007021 166.008024 166.016049 166.031596 0.000000 
0.000000 166.029590 166.016049 166.009529 166.008526 166.009529 166.016049 166.029590 0.000000 
0.000000 166.028587 166.016550 166.010532 166.009529 166.010532 166.016550 166.028587 0.000000 
0.000000 166.027584 166.016550 166.011535 166.011034 166.011535 166.016550 166.027584 0.000000 
166.041125 166.027082 166.017553 166.013040 166.012037 166.013040 166.017553 166.027082 166.041125 
166.040122 166.027082 166.018557 166.014043 166.013541 166.014043 166.018557 166.027082 166.040122 
166.038618 166.027082 166.019058 166.015547 166.014544 166.015547 166.019058 166.027082 166.038618 
166.038116 166.027082 166.020061 166.016550 166.016049 166.016550 166.020061 166.027082 166.038116 
166.037615 166.027082 166.021064 166.018055 166.017052 166.018055 166.021064 166.027082 166.037615 
166.037615 166.028086 166.022067 166.019058 166.018557 166.019058 166.022067 166.028086 166.037615 
166.037615 166.028587 166.023070 166.020061 166.019560 166.020061 166.023070 166.028587 166.037615 
166.037615 166.029590 166.024073 166.021566 166.021064 166.021566 166.024073 166.029590 166.037615 
166.037615 166.030593 166.025076 166.022569 166.022067 166.022569 166.025076 166.030593 166.037615 
166.037615 166.031095 166.026581 166.024073 166.023572 166.024073 166.026581 166.031095 166.037615 
166.038618 166.032098 166.027584 166.025076 166.024575 166.025076 166.027584 166.032098 166.038618 
166.039119 166.033101 166.028587 166.026581 166.026079 166.026581 166.028587 166.033101 166.039119 
166.039621 166.034104 166.029590 166.027584 166.027082 166.027584 166.029590 166.034104 166.039621 
166.040624 166.034605 166.031095 166.028587 166.028587 166.028587 166.031095 166.034605 166.040624 
166.041627 166.035608 166.032098 166.030092 166.029590 166.030092 166.032098 166.035608 166.041627 
0.000000 166.036611 166.033602 166.031095 166.031095 166.031095 166.033602 166.036611 0.000000 
0.000000 166.037615 166.034605 166.032599 166.032098 166.032599 166.034605 166.037615 0.000000 
0.000000 166.038618 166.035608 166.033602 166.033602 166.033602 166.035608 166.038618 0.000000 
0.000000 166.040122 166.037113 166.035107 166.034605 166.035107 166.037113 166.040122 0.000000 
0.000000 166.041125 166.038116 166.036110 166.036110 166.036110 166.038116 166.041125 0.000000 
0.000000 0.000000 166.039119 166.037615 166.037113 166.037615 166.039119 0.000000 0.000000 
0.000000 0.000000 166.040624 166.038618 166.038618 166.038618 166.040624 0.000000 0.000000 
0.000000 0.000000 166.041627 166.040122 166.039621 166.040122 166.041627 0.000000 0.000000 
0.000000 0.000000 0.000000 166.041125 166.041125 166.041125 0.000000 0.000000 0.000000 
