test/output/constant/M4100_S060_A180_WD270.0_WS010.0/M4100_S060_A180_WD270.0_WS010.0_arrival.asc
ncols         41
nrows         9
xllcorner     426603.990666
yllcorner     12748355.311160
cellsize      100.000000
NODATA_value  0.000000
0.000000 0.000000 0.000000 0.000000 0.000000 0.000000 0.000000 0.000000 0.000000 0.000000 0.000000 0.000000 0.000000 0.000000 0.000000 0.000000 166.041667 166.041384 166.040556 166.040142 166.040142 166.039729 166.039729 166.039729 166.040142 166.040142 166.040970 166.041384 0.000000 0.000000 0.000000 0.000000 0.000000 0.000000 0.000000 0.000000 0.000000 0.000000 0.000000 0.000000 0.000000 
0.000000 0.000000 0.000000 0.000000 0.000000 0.000000 166.041667 166.037246 166.034763 166.032693 166.031038 166.030210 166.029383 166.028969 166.028555 166.028555 166.028555 166.028555 166.028969 166.029383 166.030210 166.030624 166.031452 166.032279 166.032693 166.033521 166.034349 166.035176 166.035590 166.036418 166.037246 166.038073 166.038901 166.039729 166.040556 166.041667 0.000000 0.000000 0.000000 0.000000 0.000000 
0.000000 0.000000 166.038073 166.027727 166.023175 166.020278 166.018623 166.017795 166.017381 166.017381 166.017381 166.017381 166.018209 166.018623 166.019450 166.020278 166.020692 166.021520 166.022347 166.023175 166.024003 166.024830 166.025658 166.026900 166.027727 166.028555 166.029383 166.030624 166.031452 166.032693 166.033521 166.034349 166.035590 166.036418 166.037246 166.038487 166.039315 166.040142 166.041384 0.000000 0.000000 
166.021106 166.008277 166.006208 166.005794 166.005794 166.006621 166.007449 166.008277 166.009104 166.009932 166.011174 166.012001 166.013243 166.014071 166.014898 166.016140 166.016967 166.018209 166.019037 166.020278 166.021106 166.021933 166.023175 166.024003 166.025244 166.026072 166.027313 166.028141 166.029383 166.030210 166.031038 166.032279 166.033107 166.034349 166.035176 166.036418 166.037246 166.038487 166.039315 166.040556 166.041384 
166.000000 166.000828 166.001655 166.002897 166.003725 166.004966 166.005794 166.007035 166.007863 166.009104 166.009932 166.011174 166.012001 166.013243 166.014071 166.015312 166.016140 166.017381 166.018209 166.019450 166.020278 166.021520 166.022347 166.023589 166.024417 166.025658 166.026486 166.027727 166.028555 166.029796 166.030624 166.031866 166.032693 166.033935 166.034763 166.036004 166.036832 166.038073 166.038901 166.040142 166.040970 
166.021106 166.008277 166.006208 166.005794 166.005794 166.006621 166.007449 166.008277 166.009104 166.009932 166.011174 166.012001 166.013243 166.014071 166.014898 166.016140 166.016967 166.018209 166.019037 166.020278 166.021106 166.021933 166.023175 166.024003 166.025244 166.026072 166.027313 166.028141 166.029383 166.030210 166.031038 166.032279 166.033107 166.034349 166.035176 166.036418 166.037246 166.038487 166.039315 166.040556 166.041384 
0.000000 0.000000 166.038073 166.027727 166.023175 166.020278 166.018623 166.017795 166.017381 166.017381 166.017381 166.017381 166.018209 166.018623 166.019450 166.020278 166.020692 166.021520 166.022347 166.023175 166.024003 166.024830 166.025658 166.026900 166.027727 166.028555 166.029383 166.030624 166.031452 166.032693 166.033521 166.034349 166.035590 166.036418 166.037246 166.038487 166.039315 166.040142 166.041384 0.000000 0.000000 
0.000000 0.000000 0.000000 0.000000 0.000000 0.000000 166.041667 166.037246 166.034763 166.032693 166.031038 166.030210 166.029383 166.028969 166.028555 166.028555 166.028555 166.028555 166.028969 166.029383 166.030210 166.030624 166.031452 166.032279 166.032693 166.033521 166.034349 166.035176 166.035590 166.036418 166.037246 166.038073 166.038901 166.039729 166.040556 166.041667 0.000000 0.000000 0.000000 0.000000 0.000000 
0.000000 0.000000 0.000000 0.000000 0.000000 0.000000 0.000000 0.000000 0.000000 0.000000 0.000000 0.000000 0.000000 0.000000 0.000000 0.000000 166.041667 166.041384 166.040556 166.040142 166.040142 166.039729 166.039729 166.039729 166.040142 166.040142 166.040970 166.041384 0.000000 0.000000 0.000000 0.000000 0.000000 0.000000 0.000000 0.000000 0.000000 0.000000 0.000000 0.000000 0.000000 
