test/output/constant/M3M470_S060_A180_WD045.0_WS030.0/M3M470_S060_A180_WD045.0_WS030.0_ros.asc
ncols         16
nrows         20
xllcorner     426503.990666
yllcorner     12746955.311160
cellsize      100.000000
NODATA_value  0.000000
1.473924 2.823931 3.524827 2.823931 0.000000 0.000000 0.000000 0.000000 0.000000 0.000000 0.000000 0.000000 0.000000 0.000000 0.000000 0.000000 
5.599146 -1.000000 27.529692 2.823931 3.524827 3.524827 0.000000 0.000000 0.000000 0.000000 0.000000 0.000000 0.000000 0.000000 0.000000 0.000000 
2.653427 36.562424 36.163177 2.823931 2.823931 22.000307 2.823931 0.000000 0.000000 0.000000 0.000000 0.000000 0.000000 0.000000 0.000000 0.000000 
7.410566 3.159109 36.562424 36.562424 36.562424 3.524827 2.313950 3.524827 0.000000 0.000000 0.000000 0.000000 0.000000 0.000000 0.000000 0.000000 
2.653427 14.728801 5.599146 36.562424 36.562424 32.138573 4.815125 3.524827 2.823931 0.000000 0.000000 0.000000 0.000000 0.000000 0.000000 0.000000 
0.000000 20.478130 5.599146 36.562424 36.562424 36.163177 33.918854 27.529692 24.840401 2.823931 0.000000 0.000000 0.000000 0.000000 0.000000 0.000000 
0.000000 2.313950 17.570232 36.562424 36.562424 36.562424 36.562424 36.562424 24.840401 3.524827 0.000000 0.000000 0.000000 0.000000 0.000000 0.000000 
0.000000 0.000000 7.410566 34.623020 36.562424 36.562424 36.562424 36.562424 36.562424 27.529692 2.823931 0.000000 0.000000 0.000000 0.000000 0.000000 
0.000000 0.000000 14.728801 28.736267 36.562424 36.562424 36.562424 36.562424 36.562424 3.524827 2.823931 27.529692 0.000000 0.000000 0.000000 0.000000 
0.000000 0.000000 0.000000 5.599146 36.562424 36.562424 36.562424 36.562424 27.529692 36.163177 36.562424 24.840401 29.987158 0.000000 0.000000 0.000000 
0.000000 0.000000 0.000000 4.178607 31.057402 28.736267 36.562424 36.562424 36.562424 36.562424 36.562424 36.163177 27.529692 0.000000 0.000000 0.000000 
0.000000 0.000000 0.000000 0.000000 4.178607 33.039627 31.057402 31.057402 36.562424 36.562424 36.562424 36.562424 36.559155 36.559155 0.000000 0.000000 
0.000000 0.000000 0.000000 0.000000 0.000000 28.736267 5.599146 34.623020 36.562424 36.562424 36.163177 36.562424 35.274082 3.524827 0.000000 0.000000 
0.000000 0.000000 0.000000 0.000000 0.000000 23.365709 23.365709 36.562424 36.562424 36.562424 36.562424 36.562424 36.562424 27.529692 32.138573 0.000000 
0.000000 0.000000 0.000000 0.000000 0.000000 0.000000 3.159109 26.146326 36.562424 36.562424 36.562424 36.562424 36.562424 36.562424 36.562424 0.000000 
0.000000 0.000000 0.000000 0.000000 0.000000 0.000000 0.000000 26.146326 36.562424 34.623020 36.562424 36.562424 36.163177 36.562424 36.559155 0.000000 
0.000000 0.000000 0.000000 0.000000 0.000000 0.000000 0.000000 0.000000 23.365709 3.159109 36.562424 36.415333 36.562424 36.163177 8.502408 36.562424 
0.000000 0.000000 0.000000 0.000000 0.000000 0.000000 0.000000 0.000000 0.000000 36.415333 35.759712 36.562424 36.562424 36.562424 36.562424 36.163177 
0.000000 0.000000 0.000000 0.000000 0.000000 0.000000 0.000000 0.000000 0.000000 0.000000 0.000000 28.736267 36.562424 36.562424 36.163177 36.562424 
0.000000 0.000000 0.000000 0.000000 0.000000 0.000000 0.000000 0.000000 0.000000 0.000000 0.000000 0.000000 31.057402 36.562424 36.562424 0.000000 
