test/output/constant/M195_S060_A090_WD315.0_WS015.0/M195_S060_A090_WD315.0_WS015.0_arrival.asc
ncols         11
nrows         30
xllcorner     426503.990666
yllcorner     12745855.311160
cellsize      100.000000
NODATA_value  0.000000
0.000000 166.000000 166.011915 0.000000 0.000000 0.000000 0.000000 0.000000 0.000000 0.000000 0.000000 
166.035746 166.001083 166.002708 166.031413 0.000000 0.000000 0.000000 0.000000 0.000000 0.000000 0.000000 
166.033579 166.002166 166.002708 166.014623 0.000000 0.000000 0.000000 0.000000 0.000000 0.000000 0.000000 
166.034663 166.004333 166.003791 166.008666 166.030330 0.000000 0.000000 0.000000 0.000000 0.000000 0.000000 
166.037371 166.007041 166.005416 166.007582 166.020581 0.000000 0.000000 0.000000 0.000000 0.000000 0.000000 
166.040079 166.010290 166.006499 166.007582 166.014623 166.035746 0.000000 0.000000 0.000000 0.000000 0.000000 
0.000000 166.013540 166.008124 166.008124 166.012998 166.026539 0.000000 0.000000 0.000000 0.000000 0.000000 
0.000000 166.017331 166.009749 166.009749 166.012457 166.021664 166.041162 0.000000 0.000000 0.000000 0.000000 
0.000000 166.020581 166.011915 166.010832 166.012457 166.018956 166.033038 0.000000 0.000000 0.000000 0.000000 
0.000000 166.024372 166.014623 166.012457 166.012457 166.017331 166.028163 0.000000 0.000000 0.000000 0.000000 
0.000000 166.028163 166.017331 166.014082 166.013540 166.017331 166.024914 166.040079 0.000000 0.000000 0.000000 
0.000000 166.031955 166.020581 166.015707 166.015165 166.017331 166.023289 166.034663 0.000000 0.000000 0.000000 
0.000000 166.035746 166.023289 166.017331 166.016790 166.017331 166.022206 166.030871 0.000000 0.000000 0.000000 
0.000000 166.039537 166.026539 166.019498 166.017873 166.018415 166.022206 166.029247 166.041162 0.000000 0.000000 
0.000000 0.000000 166.029788 166.022206 166.019498 166.019498 166.022206 166.027622 166.037371 0.000000 0.000000 
0.000000 0.000000 166.033038 166.024914 166.021123 166.021123 166.022206 166.027080 166.035204 0.000000 0.000000 
0.000000 0.000000 166.036829 166.027622 166.022747 166.022206 166.022747 166.027080 166.033579 0.000000 0.000000 
0.000000 0.000000 166.040620 166.030871 166.025455 166.023831 166.023831 166.026539 166.032496 166.041162 0.000000 
0.000000 0.000000 0.000000 166.033579 166.027622 166.025455 166.024914 166.027080 166.031955 166.039537 0.000000 
0.000000 0.000000 0.000000 166.036829 166.029788 166.027080 166.026539 166.027622 166.031413 166.038454 0.000000 
0.000000 0.000000 0.000000 166.040079 166.032496 166.028705 166.028163 166.028163 166.031413 166.037371 0.000000 
0.000000 0.000000 0.000000 0.000000 166.035204 166.030871 166.029247 166.029247 166.031955 166.036829 0.000000 
0.000000 0.000000 0.000000 0.000000 166.037912 166.033038 166.030871 166.030871 166.031955 166.036287 0.000000 
0.000000 0.000000 0.000000 0.000000 166.041162 166.035204 166.032496 166.032496 166.033038 166.036287 0.000000 
0.000000 0.000000 0.000000 0.000000 0.000000 166.037912 166.034121 166.033579 166.033579 166.036829 166.041162 
0.000000 0.000000 0.000000 0.000000 0.000000 166.040620 166.036287 166.035204 166.035204 166.036829 166.041162 
0.000000 0.000000 0.000000 0.000000 0.000000 0.000000 166.038454 166.036829 166.036287 166.037371 166.041162 
0.000000 0.000000 0.000000 0.000000 0.000000 0.000000 166.040620 166.038454 166.037912 166.038454 166.041667 
0.000000 0.000000 0.000000 0.000000 0.000000 0.000000 0.000000 166.040079 166.039537 166.039537 166.041667 
0.000000 0.000000 0.000000 0.000000 0.000000 0.000000 0.000000 166.041667 166.040620 166.040620 0.000000 
