test/output/constant/M390_S060_A090_WD180.0_WS015.0/M390_S060_A090_WD180.0_WS015.0_arrival.asc
ncols         11
nrows         33
xllcorner     426103.990666
yllcorner     12745755.311160
cellsize      100.000000
NODATA_value  0.000000
0.000000 0.000000 0.000000 0.000000 0.000000 166.041091 0.000000 0.000000 0.000000 0.000000 0.000000 
0.000000 0.000000 0.000000 0.000000 166.020820 166.013697 166.020820 0.000000 0.000000 0.000000 0.000000 
0.000000 0.000000 0.000000 166.028490 166.007670 166.000000 166.007670 166.028490 0.000000 0.000000 0.000000 
0.000000 0.000000 166.041091 166.020820 166.004383 166.001096 166.004383 166.020820 166.041091 0.000000 0.000000 
0.000000 0.000000 166.033969 166.015889 166.004931 166.002192 166.004931 166.015889 166.033969 0.000000 0.000000 
0.000000 0.000000 166.029038 166.014245 166.004931 166.003835 166.004931 166.014245 166.029038 0.000000 0.000000 
0.000000 166.041639 166.025203 166.013149 166.006027 166.004931 166.006027 166.013149 166.025203 166.041639 0.000000 
0.000000 166.037804 166.023559 166.013149 166.007122 166.006575 166.007122 166.013149 166.023559 166.037804 0.000000 
0.000000 166.035065 166.022463 166.013149 166.008766 166.007670 166.008766 166.013149 166.022463 166.035065 0.000000 
0.000000 166.032873 166.021915 166.013697 166.009862 166.009314 166.009862 166.013697 166.021915 166.032873 0.000000 
0.000000 166.031777 166.021915 166.014793 166.010958 166.010410 166.010958 166.014793 166.021915 166.031777 0.000000 
0.000000 166.031229 166.021915 166.015889 166.012601 166.012053 166.012601 166.015889 166.021915 166.031229 0.000000 
166.041091 166.030681 166.022463 166.016437 166.013697 166.013149 166.013697 166.016437 166.022463 166.030681 166.041091 
166.040543 166.030681 166.022463 166.017532 166.015341 166.014793 166.015341 166.017532 166.022463 166.030681 166.040543 
166.039996 166.030681 166.023559 166.018628 166.016437 166.015889 166.016437 166.018628 166.023559 166.030681 166.039996 
166.039448 166.030681 166.024107 166.019724 166.017532 166.017532 166.017532 166.019724 166.024107 166.030681 166.039448 
166.039448 166.031229 166.025203 166.021367 166.019176 166.018628 166.019176 166.021367 166.025203 166.031229 166.039448 
166.039448 166.031777 166.026298 166.022463 166.020272 166.020272 166.020272 166.022463 166.026298 166.031777 166.039448 
166.039448 166.032325 166.027394 166.023559 166.021915 166.021367 166.021915 166.023559 166.027394 166.032325 166.039448 
166.039448 166.032873 166.027942 166.024655 166.023011 166.023011 166.023011 166.024655 166.027942 166.032873 166.039448 
166.039996 166.033969 166.029038 166.026298 166.024655 166.024107 166.024655 166.026298 166.029038 166.033969 166.039996 
166.040543 166.035065 166.030134 166.027394 166.025751 166.025751 166.025751 166.027394 166.030134 166.035065 166.040543 
166.041091 166.035612 166.031229 166.028490 166.027394 166.026846 166.027394 166.028490 166.031229 166.035612 166.041091 
166.041639 166.036708 166.032325 166.030134 166.028490 166.028490 166.028490 166.030134 166.032325 166.036708 166.041639 
0.000000 166.037804 166.033969 166.031229 166.030134 166.029586 166.030134 166.031229 166.033969 166.037804 0.000000 
0.000000 166.038900 166.035065 166.032873 166.031229 166.031229 166.031229 166.032873 166.035065 166.038900 0.000000 
0.000000 166.039996 166.036160 166.033969 166.032873 166.032325 166.032873 166.033969 166.036160 166.039996 0.000000 
0.000000 166.041091 166.037256 166.035612 166.033969 166.033969 166.033969 166.035612 166.037256 166.041091 0.000000 
0.000000 166.041639 166.038900 166.036708 166.035612 166.035065 166.035612 166.036708 166.038900 166.041639 0.000000 
0.000000 0.000000 166.039996 166.037804 166.036708 166.036708 166.036708 166.037804 166.039996 0.000000 0.000000 
0.000000 0.000000 166.041091 166.039448 166.038352 166.037804 166.038352 166.039448 166.041091 0.000000 0.000000 
0.000000 0.000000 0.000000 166.040543 166.039448 166.039448 166.039448 166.040543 0.000000 0.000000 0.000000 
0.000000 0.000000 0.000000 0.000000 166.041091 166.040543 166.041091 0.000000 0.000000 0.000000 0.000000 
