test/output/constant/M395_S060_A000_WD225.0_WS040.0/M395_S060_A000_WD225.0_WS040.0_raz.asc
ncols         17
nrows         35
xllcorner     425103.990666
yllcorner     12748655.311160
cellsize      100.000000
NODATA_value  0.000000
336 336 336 336 0 0 0 0 0 0 0 0 0 0 0 0 0 
336 336 3 336 336 0 0 0 0 0 0 0 0 0 0 0 0 
336 336 336 337 3 15 0 0 0 0 0 0 0 0 0 0 0 
336 336 336 343 355 8 3 0 0 0 0 0 0 0 0 0 0 
336 336 336 336 336 336 358 343 0 0 0 0 0 0 0 0 0 
336 336 336 336 336 338 358 26 0 0 0 0 0 0 0 0 0 
327 336 336 336 336 336 3 358 355 0 0 0 0 0 0 0 0 
329 335 336 336 336 343 336 3 3 0 0 0 0 0 0 0 0 
329 336 336 336 336 343 344 3 358 343 0 0 0 0 0 0 0 
329 335 336 336 336 336 336 8 358 8 348 0 0 0 0 0 0 
0 329 329 336 336 336 358 341 3 358 358 0 0 0 0 0 0 
0 330 336 336 336 336 336 8 355 358 358 358 0 0 0 0 0 
0 327 274 329 336 336 336 336 358 343 358 358 0 0 0 0 0 
0 327 287 327 336 336 336 336 336 3 343 8 8 0 0 0 0 
0 0 287 330 335 336 336 336 336 358 355 8 355 0 0 0 0 
0 0 329 329 330 335 335 336 337 336 344 8 358 0 0 0 0 
0 0 274 329 274 329 336 336 336 341 8 8 355 3 0 0 0 
0 0 0 329 329 327 336 336 336 336 358 358 8 8 0 0 0 
0 0 0 329 287 329 327 336 336 341 338 343 350 358 8 0 0 
0 0 0 0 287 287 330 333 336 336 336 358 355 358 3 0 0 
0 0 0 0 287 329 329 297 336 336 336 8 343 355 8 0 0 
0 0 0 0 0 287 287 327 329 336 336 340 352 355 8 8 0 
0 0 0 0 0 256 287 274 329 336 336 336 348 358 3 358 0 
0 0 0 0 0 0 287 274 329 336 336 336 8 358 3 3 0 
0 0 0 0 0 0 274 327 329 330 336 336 336 346 8 358 0 
0 0 0 0 0 0 0 329 287 327 329 336 336 15 358 3 3 
0 0 0 0 0 0 0 274 327 287 327 336 336 352 8 358 3 
0 0 0 0 0 0 0 0 274 287 329 329 336 348 8 3 3 
0 0 0 0 0 0 0 0 274 274 274 327 336 336 15 358 358 
0 0 0 0 0 0 0 0 0 274 274 287 274 336 337 358 358 
0 0 0 0 0 0 0 0 0 0 274 274 329 336 336 348 15 
0 0 0 0 0 0 0 0 0 0 274 256 274 327 336 8 26 
0 0 0 0 0 0 0 0 0 0 0 256 274 274 336 336 8 
0 0 0 0 0 0 0 0 0 0 0 0 256 274 327 254 15 
0 0 0 0 0 0 0 0 0 0 0 0 0 274 228 228 132 
