test/output/constant/M3M440_S060_A180_WD000.0_WS015.0/M3M440_S060_A180_WD000.0_WS015.0_arrival.asc
ncols         20
nrows         10
xllcorner     426603.990666
yllcorner     12747855.311160
cellsize      100.000000
NODATA_value  0.000000
166.000000 166.001564 166.003911 166.010951 166.019555 166.028159 166.036764 0.000000 0.000000 0.000000 0.000000 0.000000 0.000000 0.000000 0.000000 0.000000 0.000000 0.000000 0.000000 0.000000 
166.007040 166.002347 166.003911 166.006258 166.007822 166.012515 166.017991 166.025031 166.032853 166.040675 0.000000 0.000000 0.000000 0.000000 0.000000 0.000000 0.000000 0.000000 0.000000 0.000000 
0.000000 166.017991 166.007822 166.007040 166.007822 166.010169 166.012515 166.015644 166.020337 166.025813 166.032071 166.038328 0.000000 0.000000 0.000000 0.000000 0.000000 0.000000 0.000000 0.000000 
0.000000 0.000000 166.028942 166.015644 166.012515 166.011733 166.012515 166.014862 166.017209 166.019555 166.023466 166.028159 166.032853 166.039110 0.000000 0.000000 0.000000 0.000000 0.000000 0.000000 
0.000000 0.000000 0.000000 166.040675 166.025031 166.018773 166.017209 166.016426 166.017209 166.019555 166.021902 166.023466 166.027377 166.031288 166.035982 166.040675 0.000000 0.000000 0.000000 0.000000 
0.000000 0.000000 0.000000 0.000000 0.000000 166.035982 166.027377 166.022684 166.021120 166.021120 166.021902 166.023466 166.025813 166.028159 166.031288 166.034417 166.039110 0.000000 0.000000 0.000000 
0.000000 0.000000 0.000000 0.000000 0.000000 0.000000 0.000000 166.035982 166.030506 166.027377 166.025813 166.025813 166.026595 166.028159 166.030506 166.032853 166.035199 166.038328 0.000000 0.000000 
0.000000 0.000000 0.000000 0.000000 0.000000 0.000000 0.000000 0.000000 0.000000 166.038328 166.034417 166.031288 166.030506 166.030506 166.031288 166.032853 166.035199 166.036764 166.039110 0.000000 
0.000000 0.000000 0.000000 0.000000 0.000000 0.000000 0.000000 0.000000 0.000000 0.000000 0.000000 166.041457 166.038328 166.035982 166.035199 166.035199 166.035199 166.037546 166.039110 166.041457 
0.000000 0.000000 0.000000 0.000000 0.000000 0.000000 0.000000 0.000000 0.000000 0.000000 0.000000 0.000000 0.000000 0.000000 0.000000 166.040675 166.039893 166.039893 166.039893 166.041457 
