test/output/constant/C1_S000_A000_WD180.0_WS045.0/C1_S000_A000_WD180.0_WS045.0_arrival.asc
ncols         7
nrows         37
xllcorner     426303.990666
yllcorner     12748755.311160
cellsize      100.000000
NODATA_value  0.000000
0.000000 0.000000 0.000000 166.041311 0.000000 0.000000 0.000000 
0.000000 0.000000 166.040847 166.040382 166.040847 0.000000 0.000000 
0.000000 0.000000 166.039918 166.038990 166.039918 0.000000 0.000000 
0.000000 166.040847 166.038526 166.038062 166.038526 166.040847 0.000000 
0.000000 166.039918 166.037597 166.036669 166.037597 166.039918 0.000000 
0.000000 166.038990 166.036205 166.035741 166.036205 166.038990 0.000000 
0.000000 166.037597 166.035277 166.034348 166.035277 166.037597 0.000000 
0.000000 166.036669 166.033884 166.033420 166.033884 166.036669 0.000000 
166.041311 166.035741 166.032956 166.032027 166.032956 166.035741 166.041311 
166.040382 166.034812 166.031563 166.031099 166.031563 166.034812 166.040382 
166.039454 166.033420 166.030635 166.029707 166.030635 166.033420 166.039454 
166.038990 166.032492 166.029707 166.028778 166.029707 166.032492 166.038990 
166.038062 166.031563 166.028314 166.027386 166.028314 166.031563 166.038062 
166.037133 166.030635 166.027386 166.026457 166.027386 166.030635 166.037133 
166.036669 166.029242 166.025993 166.025065 166.025993 166.029242 166.036669 
166.035741 166.028314 166.025065 166.024137 166.025065 166.028314 166.035741 
166.034812 166.027386 166.023672 166.022744 166.023672 166.027386 166.034812 
166.034348 166.026457 166.022744 166.021816 166.022744 166.026457 166.034348 
166.033884 166.025529 166.021352 166.020423 166.021352 166.025529 166.033884 
166.033884 166.025065 166.020423 166.019495 166.020423 166.025065 166.033884 
166.033884 166.024137 166.019031 166.018102 166.019031 166.024137 166.033884 
166.034348 166.023208 166.018102 166.017174 166.018102 166.023208 166.034348 
166.034812 166.022280 166.017174 166.015782 166.017174 166.022280 166.034812 
166.034812 166.021816 166.015782 166.014853 166.015782 166.021816 166.034812 
166.035741 166.020887 166.014853 166.013461 166.014853 166.020887 166.035741 
166.036669 166.020423 166.013461 166.012532 166.013461 166.020423 166.036669 
166.038062 166.020423 166.012532 166.011140 166.012532 166.020423 166.038062 
166.039918 166.020423 166.011604 166.010212 166.011604 166.020423 166.039918 
0.000000 166.020887 166.010212 166.008819 166.010212 166.020887 0.000000 
0.000000 166.021816 166.009283 166.007891 166.009283 166.021816 0.000000 
0.000000 166.022744 166.008355 166.006498 166.008355 166.022744 0.000000 
0.000000 166.025065 166.007891 166.005570 166.007891 166.025065 0.000000 
0.000000 166.028314 166.006962 166.004177 166.006962 166.028314 0.000000 
0.000000 166.034812 166.006962 166.003249 166.006962 166.034812 0.000000 
0.000000 0.000000 166.007427 166.001857 166.007427 0.000000 0.000000 
0.000000 0.000000 166.010676 166.000928 166.010676 0.000000 0.000000 
0.000000 0.000000 166.031099 166.000000 166.031099 0.000000 0.000000 
