test/output/constant/M380_S060_A180_WD180.0_WS005.0/M380_S060_A180_WD180.0_WS005.0_arrival.asc
ncols         46
nrows         11
xllcorner     426603.990666
yllcorner     12748555.311160
cellsize      100.000000
NODATA_value  0.000000
0.000000 0.000000 0.000000 0.000000 0.000000 0.000000 0.000000 0.000000 0.000000 0.000000 0.000000 0.000000 0.000000 0.000000 0.000000 0.000000 0.000000 0.000000 0.000000 0.000000 0.000000 0.000000 0.000000 166.041060 166.040333 166.039243 166.038880 166.038516 166.038516 166.038153 166.038153 166.038153 166.038153 166.038153 166.038153 166.038516 166.038880 166.039243 166.039606 166.039970 166.040333 166.040697 166.041423 0.000000 0.000000 0.000000 
0.000000 0.000000 0.000000 0.000000 0.000000 0.000000 0.000000 0.000000 0.000000 0.000000 0.000000 0.000000 0.000000 0.000000 0.000000 0.000000 0.000000 166.040333 166.038153 166.036700 166.035609 166.034519 166.033793 166.033429 166.033429 166.033066 166.033066 166.033066 166.033066 166.033066 166.033429 166.033429 166.033793 166.034156 166.034519 166.035246 166.035609 166.036336 166.037063 166.037426 166.038153 166.038516 166.039243 166.039970 166.040697 166.041423 
0.000000 0.000000 0.000000 0.000000 0.000000 0.000000 0.000000 0.000000 0.000000 0.000000 0.000000 0.000000 166.040333 166.037426 166.034883 166.032703 166.031249 166.030159 166.029069 166.028342 166.028342 166.027979 166.027979 166.027979 166.027979 166.027979 166.028342 166.028706 166.029069 166.029432 166.029796 166.030522 166.031249 166.031612 166.032339 166.033066 166.033793 166.034156 166.034883 166.035973 166.036700 166.037426 166.038516 166.039243 166.040333 166.041060 
0.000000 0.000000 0.000000 0.000000 0.000000 0.000000 0.000000 0.000000 166.040697 166.035973 166.032339 166.029432 166.027252 166.025435 166.024345 166.023619 166.023255 166.022892 166.022892 166.022892 166.022892 166.023255 166.023255 166.023619 166.023982 166.024709 166.025435 166.025799 166.026525 166.027252 166.027979 166.028706 166.029432 166.030159 166.031249 166.031976 166.032703 166.033793 166.034519 166.035609 166.036700 166.037426 166.038516 166.039243 166.040333 166.041060 
0.000000 0.000000 0.000000 0.000000 0.000000 166.039243 166.032703 166.027616 166.024345 166.021802 166.019985 166.018895 166.018168 166.017805 166.017805 166.017805 166.017805 166.018168 166.018531 166.018895 166.019622 166.019985 166.020712 166.021438 166.022165 166.022892 166.023619 166.024709 166.025435 166.026525 166.027252 166.028342 166.029069 166.030159 166.030886 166.031976 166.032703 166.033793 166.034883 166.035609 166.036700 166.037790 166.038880 166.039606 166.040697 0.000000 
0.000000 0.000000 0.000000 166.031976 166.024345 166.019258 166.016351 166.014171 166.013444 166.013081 166.012718 166.012718 166.013081 166.013444 166.013808 166.014534 166.014898 166.015625 166.016351 166.017441 166.018168 166.018895 166.019985 166.020712 166.021802 166.022892 166.023619 166.024709 166.025435 166.026525 166.027252 166.028342 166.029432 166.030522 166.031249 166.032703 166.033429 166.034519 166.035609 166.036700 166.037790 166.038880 166.039970 166.041060 0.000000 0.000000 
0.000000 166.027616 166.016351 166.010901 166.008721 166.007994 166.007631 166.007631 166.007994 166.008721 166.009084 166.009811 166.010901 166.011628 166.012718 166.013444 166.014534 166.015261 166.016351 166.017078 166.018168 166.019258 166.019985 166.021075 166.022165 166.023255 166.023982 166.025072 166.026162 166.027252 166.028342 166.029796 166.030886 166.031976 166.033066 166.034156 166.035609 166.036700 166.037790 166.038880 166.040333 166.041423 0.000000 0.000000 0.000000 0.000000 
166.009811 166.002907 166.002544 166.002907 166.003270 166.004360 166.005087 166.006177 166.006904 166.007994 166.009084 166.009811 166.010901 166.011628 166.012718 166.013808 166.014898 166.015988 166.017078 166.018168 166.019258 166.020348 166.021438 166.022892 166.023982 166.025072 166.026525 166.027616 166.028706 166.030159 166.031249 166.032339 166.033793 166.034883 166.035973 166.037426 166.038516 166.039606 166.041060 0.000000 0.000000 0.000000 0.000000 0.000000 0.000000 0.000000 
166.000000 166.000727 166.001453 166.002544 166.003270 166.004360 166.005450 166.006541 166.007631 166.009084 166.010174 166.011264 166.012718 166.013808 166.014898 166.016351 166.017441 166.018895 166.019985 166.021075 166.022528 166.023619 166.025072 166.026162 166.027616 166.028706 166.030159 166.031249 166.032703 166.033793 166.035246 166.036336 166.037790 166.038880 166.040333 166.041423 0.000000 0.000000 0.000000 0.000000 0.000000 0.000000 0.000000 0.000000 0.000000 0.000000 
166.018531 166.011628 166.010537 166.010174 166.010537 166.011264 166.012354 166.013081 166.014171 166.015261 166.016351 166.017441 166.018531 166.019622 166.021075 166.022165 166.023255 166.024345 166.025435 166.026889 166.027979 166.029432 166.030522 166.031976 166.033066 166.034519 166.035609 166.037063 166.038153 166.039606 166.040697 0.000000 0.000000 0.000000 0.000000 0.000000 0.000000 0.000000 0.000000 0.000000 0.000000 0.000000 0.000000 0.000000 0.000000 0.000000 
0.000000 0.000000 166.040333 166.035246 166.031612 166.029796 166.029432 166.029069 166.029069 166.029069 166.029069 166.029796 166.030522 166.031612 166.032339 166.033066 166.033793 166.034883 166.035973 166.036700 166.037790 166.038880 166.039970 166.041060 0.000000 0.000000 0.000000 0.000000 0.000000 0.000000 0.000000 0.000000 0.000000 0.000000 0.000000 0.000000 0.000000 0.000000 0.000000 0.000000 0.000000 0.000000 0.000000 0.000000 0.000000 0.000000 
