test/output/constant/M3M480_S000_A000_WD090.0_WS050.0/M3M480_S000_A000_WD090.0_WS050.0_arrival.asc
ncols         52
nrows         9
xllcorner     421503.990666
yllcorner     12748355.311160
cellsize      100.000000
NODATA_value  0.000000
0.000000 0.000000 0.000000 0.000000 0.000000 0.000000 0.000000 0.000000 0.000000 0.000000 0.000000 0.000000 0.000000 0.000000 166.041225 166.040896 166.040236 166.039576 166.039247 166.038587 166.037927 166.037598 166.036938 166.036938 166.036608 166.036608 166.036608 166.036608 166.036608 166.036938 166.036938 166.037598 166.037927 166.038587 166.039247 166.040236 166.041225 0.000000 0.000000 0.000000 0.000000 0.000000 0.000000 0.000000 0.000000 0.000000 0.000000 0.000000 0.000000 0.000000 0.000000 0.000000 
0.000000 0.000000 0.000000 0.000000 0.000000 0.000000 166.041667 166.040896 166.040236 166.039576 166.038917 166.037927 166.037268 166.036608 166.035949 166.035289 166.034629 166.033970 166.033310 166.032651 166.032321 166.031661 166.031002 166.030342 166.029682 166.029353 166.028693 166.028033 166.027704 166.027044 166.026714 166.026384 166.026055 166.026055 166.026384 166.026384 166.026384 166.027044 166.027374 166.028363 166.029023 166.030672 166.032321 166.034629 166.037598 0.000000 0.000000 0.000000 0.000000 0.000000 0.000000 0.000000 
0.000000 0.000000 0.000000 166.041225 166.040566 166.039576 166.038917 166.037927 166.037268 166.036608 166.035619 166.034959 166.033970 166.033310 166.032651 166.031991 166.031002 166.030342 166.029682 166.028693 166.028033 166.027374 166.026384 166.025725 166.025065 166.024405 166.023416 166.022756 166.022097 166.021437 166.020778 166.020118 166.019458 166.018799 166.018469 166.017809 166.017150 166.016820 166.016160 166.015831 166.015831 166.015831 166.015831 166.016490 166.017150 166.018139 166.020448 166.023086 166.028033 166.037598 0.000000 0.000000 
0.000000 166.041225 166.040566 166.039906 166.038917 166.038257 166.037268 166.036608 166.035619 166.034959 166.033970 166.033310 166.032321 166.031661 166.031002 166.030012 166.029353 166.028363 166.027704 166.026714 166.026055 166.025065 166.024405 166.023416 166.022756 166.021767 166.021107 166.020118 166.019458 166.018469 166.017809 166.016820 166.016160 166.015171 166.014511 166.013522 166.012862 166.012203 166.011213 166.010554 166.009894 166.008905 166.008245 166.007585 166.006926 166.006266 166.005607 166.005277 166.005277 166.005936 166.008575 166.019129 
166.041667 166.040896 166.040236 166.039247 166.038587 166.037598 166.036938 166.035949 166.035289 166.034300 166.033640 166.032651 166.031991 166.031002 166.030342 166.029353 166.028693 166.027704 166.027044 166.026055 166.025395 166.024405 166.023746 166.022756 166.022097 166.021107 166.020448 166.019458 166.018799 166.017809 166.017150 166.016160 166.015501 166.014511 166.013852 166.012862 166.012203 166.011213 166.010554 166.009564 166.008905 166.007915 166.007256 166.006266 166.005607 166.004617 166.003958 166.002968 166.002309 166.001319 166.000660 166.000000 
0.000000 166.041225 166.040566 166.039906 166.038917 166.038257 166.037268 166.036608 166.035619 166.034959 166.033970 166.033310 166.032321 166.031661 166.031002 166.030012 166.029353 166.028363 166.027704 166.026714 166.026055 166.025065 166.024405 166.023416 166.022756 166.021767 166.021107 166.020118 166.019458 166.018469 166.017809 166.016820 166.016160 166.015171 166.014511 166.013522 166.012862 166.012203 166.011213 166.010554 166.009894 166.008905 166.008245 166.007585 166.006926 166.006266 166.005607 166.005277 166.005277 166.005936 166.008575 166.019129 
0.000000 0.000000 0.000000 166.041225 166.040566 166.039576 166.038917 166.037927 166.037268 166.036608 166.035619 166.034959 166.033970 166.033310 166.032651 166.031991 166.031002 166.030342 166.029682 166.028693 166.028033 166.027374 166.026384 166.025725 166.025065 166.024405 166.023416 166.022756 166.022097 166.021437 166.020778 166.020118 166.019458 166.018799 166.018469 166.017809 166.017150 166.016820 166.016160 166.015831 166.015831 166.015831 166.015831 166.016490 166.017150 166.018139 166.020448 166.023086 166.028033 166.037598 0.000000 0.000000 
0.000000 0.000000 0.000000 0.000000 0.000000 0.000000 166.041667 166.040896 166.040236 166.039576 166.038917 166.037927 166.037268 166.036608 166.035949 166.035289 166.034629 166.033970 166.033310 166.032651 166.032321 166.031661 166.031002 166.030342 166.029682 166.029353 166.028693 166.028033 166.027704 166.027044 166.026714 166.026384 166.026055 166.026055 166.026384 166.026384 166.026384 166.027044 166.027374 166.028363 166.029023 166.030672 166.032321 166.034629 166.037598 0.000000 0.000000 0.000000 0.000000 0.000000 0.000000 0.000000 
0.000000 0.000000 0.000000 0.000000 0.000000 0.000000 0.000000 0.000000 0.000000 0.000000 0.000000 0.000000 0.000000 0.000000 166.041225 166.040896 166.040236 166.039576 166.039247 166.038587 166.037927 166.037598 166.036938 166.036938 166.036608 166.036608 166.036608 166.036608 166.036608 166.036938 166.036938 166.037598 166.037927 166.038587 166.039247 166.040236 166.041225 0.000000 0.000000 0.000000 0.000000 0.000000 0.000000 0.000000 0.000000 0.000000 0.000000 0.000000 0.000000 0.000000 0.000000 0.000000 
