test/output/constant/M360_S060_A000_WD000.0_WS010.0/M360_S060_A000_WD000.0_WS010.0_ros.asc
ncols         34
nrows         12
xllcorner     423303.990666
yllcorner     12747755.311160
cellsize      100.000000
NODATA_value  0.000000
0.000000 0.000000 0.000000 0.000000 0.000000 0.000000 0.000000 0.000000 0.000000 0.000000 0.000000 0.000000 0.000000 0.000000 0.000000 0.000000 0.000000 0.000000 0.000000 0.000000 0.000000 0.000000 0.000000 0.000000 20.616682 16.181953 25.309361 8.609705 25.309361 8.609705 8.609705 12.139093 12.139093 0.863429 
0.000000 0.000000 0.000000 0.000000 0.000000 0.000000 0.000000 0.000000 0.000000 0.000000 0.000000 0.000000 0.000000 0.000000 0.000000 0.000000 0.000000 0.000000 25.309361 12.139093 20.616682 20.616682 20.616682 20.616682 12.139093 16.181953 25.309361 25.309361 20.616682 16.181953 12.139093 56.785969 56.785969 -1.000000 
0.000000 0.000000 0.000000 0.000000 0.000000 0.000000 0.000000 0.000000 0.000000 0.000000 0.000000 0.000000 0.000000 0.000000 12.139093 16.181953 25.309361 25.309361 20.616682 8.609705 25.309361 12.139093 25.309361 12.139093 25.309361 30.118006 55.431534 34.896969 56.785969 56.785969 56.785969 56.785969 46.827038 1.908452 
0.000000 0.000000 0.000000 0.000000 0.000000 0.000000 0.000000 0.000000 0.000000 0.000000 0.000000 12.139093 20.616682 16.181953 25.309361 47.637669 25.309361 8.609705 20.616682 25.309361 20.616682 39.501396 20.616682 56.785969 56.785969 56.785969 56.785969 56.785969 53.022831 55.077778 38.507648 38.507648 0.908425 0.000000 
0.000000 0.000000 0.000000 0.000000 0.000000 0.000000 0.000000 0.000000 25.309361 20.616682 20.616682 25.309361 20.616682 12.139093 16.181953 20.616682 20.616682 25.309361 39.501396 56.785969 56.785969 56.785969 56.785969 56.785969 56.785969 56.785969 46.827038 46.827038 3.231189 1.908452 1.173995 1.173995 0.000000 0.000000 
0.000000 0.000000 0.000000 0.000000 0.000000 0.000000 25.309361 55.431534 16.181953 25.309361 16.181953 39.501396 20.616682 50.922729 56.785969 53.547215 25.309361 56.785969 56.785969 56.785969 56.785969 56.785969 56.654373 53.022831 46.827038 38.507648 38.507648 38.507648 38.507648 33.858704 0.000000 0.000000 0.000000 0.000000 
0.000000 0.000000 0.000000 0.000000 43.791668 20.616682 25.309361 16.181953 50.922729 25.309361 8.609705 53.547215 56.785969 56.785969 56.785969 56.785969 56.785969 56.785969 56.785969 56.785969 42.874710 50.244400 38.507648 42.874710 5.269065 38.507648 38.507648 33.858704 0.000000 0.000000 0.000000 0.000000 0.000000 0.000000 
0.000000 0.000000 20.616682 25.309361 20.616682 50.922729 25.309361 25.309361 56.785969 55.431534 56.785969 56.785969 56.785969 56.785969 56.785969 55.077778 56.785969 42.874710 1.908452 46.827038 38.507648 38.507648 3.231189 0.711490 42.874710 0.000000 0.000000 0.000000 0.000000 0.000000 0.000000 0.000000 0.000000 0.000000 
0.000000 56.785969 56.785969 47.637669 56.785969 56.785969 56.785969 56.785969 56.785969 56.785969 56.785969 56.785969 56.785969 56.785969 56.654373 46.827038 46.827038 38.507648 38.507648 3.231189 38.507648 38.507648 42.874710 0.000000 0.000000 0.000000 0.000000 0.000000 0.000000 0.000000 0.000000 0.000000 0.000000 0.000000 
56.785969 56.785969 56.785969 56.785969 56.785969 56.785969 56.785969 56.785969 56.785969 55.077778 56.785969 42.874710 43.791668 46.827038 42.874710 42.874710 38.507648 42.874710 38.507648 0.908425 0.000000 0.000000 0.000000 0.000000 0.000000 0.000000 0.000000 0.000000 0.000000 0.000000 0.000000 0.000000 0.000000 0.000000 
56.785969 56.785969 56.785969 56.785969 56.785969 56.785969 56.785969 56.785969 56.654373 46.827038 0.908425 46.827038 42.874710 38.507648 42.874710 38.507648 0.000000 0.000000 0.000000 0.000000 0.000000 0.000000 0.000000 0.000000 0.000000 0.000000 0.000000 0.000000 0.000000 0.000000 0.000000 0.000000 0.000000 0.000000 
0.000000 56.785969 56.785969 56.785969 56.346680 42.874710 46.827038 46.827038 46.827038 38.507648 3.231189 0.000000 0.000000 0.000000 0.000000 0.000000 0.000000 0.000000 0.000000 0.000000 0.000000 0.000000 0.000000 0.000000 0.000000 0.000000 0.000000 0.000000 0.000000 0.000000 0.000000 0.000000 0.000000 0.000000 
