test/output/constant/M360_S060_A000_WD000.0_WS010.0/M360_S060_A000_WD000.0_WS010.0_arrival.asc
ncols         34
nrows         12
xllcorner     423303.990666
yllcorner     12747755.311160
cellsize      100.000000
NODATA_value  0.000000
0.000000 0.000000 0.000000 0.000000 0.000000 0.000000 0.000000 0.000000 0.000000 0.000000 0.000000 0.000000 0.000000 0.000000 0.000000 0.000000 0.000000 0.000000 0.000000 0.000000 0.000000 0.000000 0.000000 0.000000 166.041542 166.038644 166.035262 166.032364 166.029949 166.026567 166.025601 166.024152 166.023669 166.028983 
0.000000 0.000000 0.000000 0.000000 0.000000 0.000000 0.000000 0.000000 0.000000 0.000000 0.000000 0.000000 0.000000 0.000000 0.000000 0.000000 0.000000 0.000000 166.039127 166.036228 166.033330 166.029949 166.027050 166.023669 166.020771 166.017873 166.014491 166.011593 166.008695 166.006280 166.003864 166.001932 166.000966 166.000000 
0.000000 0.000000 0.000000 0.000000 0.000000 0.000000 0.000000 0.000000 0.000000 0.000000 0.000000 0.000000 0.000000 0.000000 166.040576 166.037677 166.034296 166.031398 166.028500 166.026084 166.023186 166.020771 166.017873 166.015457 166.013042 166.010627 166.008695 166.007246 166.005797 166.004830 166.003381 166.002415 166.002415 166.008212 
0.000000 0.000000 0.000000 0.000000 0.000000 0.000000 0.000000 0.000000 0.000000 0.000000 0.000000 166.040576 166.037677 166.035262 166.032364 166.029466 166.027050 166.024635 166.022220 166.019805 166.017873 166.015457 166.014008 166.012559 166.011110 166.009661 166.008695 166.007246 166.006280 166.006280 166.006763 166.010627 166.022220 0.000000 
0.000000 0.000000 0.000000 0.000000 0.000000 0.000000 0.000000 0.000000 166.041542 166.039127 166.036228 166.033813 166.031398 166.029466 166.027050 166.024635 166.022703 166.020771 166.018839 166.017390 166.015940 166.014974 166.013525 166.012076 166.011110 166.010627 166.010627 166.010627 166.012076 166.015457 166.022703 166.035745 0.000000 0.000000 
0.000000 0.000000 0.000000 0.000000 0.000000 0.000000 166.040576 166.038161 166.036228 166.033813 166.031881 166.029466 166.027534 166.025601 166.024152 166.022703 166.021254 166.019805 166.018839 166.017390 166.016424 166.015457 166.014974 166.014491 166.014974 166.015457 166.016907 166.020288 166.026084 166.035262 0.000000 0.000000 0.000000 0.000000 
0.000000 0.000000 0.000000 0.000000 166.040576 166.038644 166.036711 166.034779 166.032364 166.030915 166.029466 166.027534 166.026567 166.025118 166.023669 166.022220 166.021254 166.020288 166.019322 166.018839 166.018839 166.018839 166.019322 166.020288 166.022220 166.025601 166.030432 166.038161 0.000000 0.000000 0.000000 0.000000 0.000000 0.000000 
0.000000 0.000000 166.041542 166.039610 166.037677 166.035745 166.034296 166.032847 166.031398 166.029949 166.028983 166.027534 166.026084 166.025118 166.024152 166.023669 166.023186 166.023186 166.023186 166.023186 166.024152 166.025118 166.027534 166.030915 166.035262 0.000000 0.000000 0.000000 0.000000 0.000000 0.000000 0.000000 0.000000 0.000000 
0.000000 166.041059 166.039610 166.037677 166.036711 166.035262 166.033813 166.032847 166.031398 166.029949 166.028983 166.028500 166.027534 166.027534 166.027050 166.027050 166.027534 166.028017 166.028983 166.030432 166.032364 166.035745 166.040576 0.000000 0.000000 0.000000 0.000000 0.000000 0.000000 0.000000 0.000000 0.000000 0.000000 0.000000 
166.041542 166.040093 166.039127 166.037677 166.036228 166.035262 166.034296 166.033330 166.032364 166.031881 166.031398 166.031398 166.031398 166.031398 166.031881 166.032847 166.033813 166.035262 166.037677 166.041059 0.000000 0.000000 0.000000 0.000000 0.000000 0.000000 0.000000 0.000000 0.000000 0.000000 0.000000 0.000000 0.000000 0.000000 
166.041542 166.040093 166.039127 166.038161 166.037194 166.036711 166.036228 166.035745 166.035262 166.035262 166.035745 166.035745 166.036711 166.037677 166.038644 166.040093 0.000000 0.000000 0.000000 0.000000 0.000000 0.000000 0.000000 0.000000 0.000000 0.000000 0.000000 0.000000 0.000000 0.000000 0.000000 0.000000 0.000000 0.000000 
0.000000 166.041059 166.040576 166.040093 166.039610 166.039610 166.039610 166.039610 166.040093 166.040576 166.041542 0.000000 0.000000 0.000000 0.000000 0.000000 0.000000 0.000000 0.000000 0.000000 0.000000 0.000000 0.000000 0.000000 0.000000 0.000000 0.000000 0.000000 0.000000 0.000000 0.000000 0.000000 0.000000 0.000000 
