test/output/constant/M360_S060_A000_WD000.0_WS010.0/M360_S060_A000_WD000.0_WS010.0_intensity.asc
ncols         34
nrows         12
xllcorner     423303.990666
yllcorner     12747755.311160
cellsize      100.000000
NODATA_value  0.000000
0 0 0 0 0 0 0 0 0 0 0 0 0 0 0 0 0 0 0 0 0 0 0 0 17197 13498 21112 7181 21112 7181 7181 10126 10126 720 
0 0 0 0 0 0 0 0 0 0 0 0 0 0 0 0 0 0 21112 10126 17197 17197 17197 17197 10126 13498 21112 21112 17197 13498 10126 47369 47369 0 
0 0 0 0 0 0 0 0 0 0 0 0 0 0 10126 13498 21112 21112 17197 7181 21112 10126 21112 10126 21112 25123 46239 29110 47369 47369 47369 47369 39061 1591 
0 0 0 0 0 0 0 0 0 0 0 10126 17197 13498 21112 39738 21112 7181 17197 21112 17197 32950 17197 47369 47369 47369 47369 47369 44230 45944 32122 32122 757 0 
0 0 0 0 0 0 0 0 21112 17197 17197 21112 17197 10126 13498 17197 17197 21112 32950 47369 47369 47369 47369 47369 47369 47369 39061 39061 2695 1591 979 979 0 0 
0 0 0 0 0 0 21112 46239 13498 21112 13498 32950 17197 42478 47369 44667 21112 47369 47369 47369 47369 47369 47259 44230 39061 32122 32122 32122 32122 28244 0 0 0 0 
0 0 0 0 36529 17197 21112 13498 42478 21112 7181 44667 47369 47369 47369 47369 47369 47369 47369 47369 35764 41912 32122 35764 4395 32122 32122 28244 0 0 0 0 0 0 
0 0 17197 21112 17197 42478 21112 21112 47369 46239 47369 47369 47369 47369 47369 45944 47369 35764 1591 39061 32122 32122 2695 593 35764 0 0 0 0 0 0 0 0 0 
0 47369 47369 39738 47369 47369 47369 47369 47369 47369 47369 47369 47369 47369 47259 39061 39061 32122 32122 2695 32122 32122 35764 0 0 0 0 0 0 0 0 0 0 0 
47369 47369 47369 47369 47369 47369 47369 47369 47369 45944 47369 35764 36529 39061 35764 35764 32122 35764 32122 757 0 0 0 0 0 0 0 0 0 0 0 0 0 0 
47369 47369 47369 47369 47369 47369 47369 47369 47259 39061 757 39061 35764 32122 35764 32122 0 0 0 0 0 0 0 0 0 0 0 0 0 0 0 0 0 0 
0 47369 47369 47369 47002 35764 39061 39061 39061 32122 2695 0 0 0 0 0 0 0 0 0 0 0 0 0 0 0 0 0 0 0 0 0 0 0 
