test/output/constant/C2_S060_A090_WD045.0_WS010.0/C2_S060_A090_WD045.0_WS010.0_arrival.asc
ncols         8
nrows         25
xllcorner     426003.990666
yllcorner     12746355.311160
cellsize      100.000000
NODATA_value  0.000000
0.000000 0.000000 0.000000 0.000000 0.000000 166.015539 166.000000 0.000000 
0.000000 0.000000 0.000000 0.000000 166.041213 166.004054 166.001351 166.027700 
0.000000 0.000000 0.000000 0.000000 166.020944 166.004054 166.002702 166.024998 
0.000000 0.000000 0.000000 0.000000 166.013512 166.004729 166.004729 166.024998 
0.000000 0.000000 0.000000 166.031078 166.011485 166.006081 166.006756 166.025673 
0.000000 0.000000 0.000000 166.024322 166.011485 166.008107 166.009459 166.027700 
0.000000 0.000000 166.041213 166.020268 166.011485 166.010134 166.011485 166.030403 
0.000000 0.000000 166.034456 166.018917 166.012161 166.011485 166.014864 166.033105 
0.000000 0.000000 166.030403 166.018917 166.013512 166.013512 166.017566 166.036483 
0.000000 0.000000 166.027700 166.018242 166.014864 166.014864 166.020268 166.039186 
0.000000 166.039861 166.026349 166.018917 166.016890 166.016890 166.023647 166.041667 
0.000000 166.037159 166.026349 166.019593 166.018917 166.019593 166.026349 0.000000 
0.000000 166.035132 166.025673 166.020944 166.020268 166.022295 166.029051 0.000000 
0.000000 166.033781 166.025673 166.022295 166.022295 166.024322 166.032430 0.000000 
0.000000 166.033781 166.026349 166.023647 166.023647 166.027025 166.035132 0.000000 
0.000000 166.033105 166.027025 166.025673 166.025673 166.029727 166.038510 0.000000 
166.041213 166.033105 166.028376 166.027025 166.027700 166.032430 166.041213 0.000000 
166.041213 166.033105 166.029051 166.029051 166.029727 166.035132 0.000000 0.000000 
166.040537 166.033781 166.031078 166.031078 166.032430 166.037834 0.000000 0.000000 
166.040537 166.034456 166.032430 166.032430 166.034456 166.040537 0.000000 0.000000 
166.040537 166.035808 166.034456 166.034456 166.037159 0.000000 0.000000 0.000000 
166.040537 166.036483 166.035808 166.036483 166.039861 0.000000 0.000000 0.000000 
166.041213 166.037834 166.037834 166.038510 0.000000 0.000000 0.000000 0.000000 
0.000000 166.039186 166.039186 166.040537 0.000000 0.000000 0.000000 0.000000 
0.000000 166.041213 166.041213 0.000000 0.000000 0.000000 0.000000 0.000000 
