test/output/constant/M3M460_S060_A000_WD090.0_WS015.0/M3M460_S060_A000_WD090.0_WS015.0_arrival.asc
ncols         41
nrows         7
xllcorner     422603.990666
yllcorner     12748455.311160
cellsize      100.000000
NODATA_value  0.000000
0.000000 0.000000 0.000000 0.000000 0.000000 0.000000 0.000000 0.000000 0.000000 166.041342 166.040498 166.039654 166.039233 166.038389 166.037545 166.037123 166.036280 166.035436 166.035014 166.034592 166.034170 166.034170 166.034170 166.034170 166.034170 166.034592 166.035436 166.035858 166.036701 166.038811 166.040076 0.000000 0.000000 0.000000 0.000000 0.000000 0.000000 0.000000 0.000000 0.000000 0.000000 
0.000000 0.000000 0.000000 0.000000 166.040920 166.040076 166.038811 166.037967 166.037123 166.035858 166.035014 166.034170 166.032905 166.032061 166.031217 166.029952 166.029108 166.028264 166.027421 166.026577 166.025733 166.024890 166.024468 166.023624 166.022780 166.022358 166.021515 166.020671 166.020671 166.020671 166.020671 166.021093 166.021515 166.022358 166.024046 166.026577 166.031217 166.038811 0.000000 0.000000 0.000000 
0.000000 166.041342 166.040498 166.039233 166.038389 166.037123 166.036280 166.035014 166.034170 166.032905 166.032061 166.030796 166.029952 166.028686 166.027843 166.026577 166.025733 166.024468 166.023624 166.022358 166.021515 166.020671 166.019405 166.018562 166.017296 166.016452 166.015609 166.014343 166.013499 166.012656 166.011390 166.010546 166.009703 166.008859 166.008015 166.007172 166.007172 166.007172 166.008015 166.011812 166.029530 
166.041667 166.040920 166.039654 166.038811 166.037545 166.036701 166.035436 166.034592 166.033327 166.032483 166.031217 166.030374 166.029108 166.028264 166.026999 166.026155 166.024890 166.024046 166.022780 166.021937 166.020671 166.019827 166.018562 166.017718 166.016452 166.015609 166.014343 166.013499 166.012234 166.011390 166.010125 166.009281 166.008015 166.007172 166.005906 166.005062 166.003797 166.002953 166.001687 166.000844 166.000000 
0.000000 166.041342 166.040498 166.039233 166.038389 166.037123 166.036280 166.035014 166.034170 166.032905 166.032061 166.030796 166.029952 166.028686 166.027843 166.026577 166.025733 166.024468 166.023624 166.022358 166.021515 166.020671 166.019405 166.018562 166.017296 166.016452 166.015609 166.014343 166.013499 166.012656 166.011390 166.010546 166.009703 166.008859 166.008015 166.007172 166.007172 166.007172 166.008015 166.011812 166.029530 
0.000000 0.000000 0.000000 0.000000 166.040920 166.040076 166.038811 166.037967 166.037123 166.035858 166.035014 166.034170 166.032905 166.032061 166.031217 166.029952 166.029108 166.028264 166.027421 166.026577 166.025733 166.024890 166.024468 166.023624 166.022780 166.022358 166.021515 166.020671 166.020671 166.020671 166.020671 166.021093 166.021515 166.022358 166.024046 166.026577 166.031217 166.038811 0.000000 0.000000 0.000000 
0.000000 0.000000 0.000000 0.000000 0.000000 0.000000 0.000000 0.000000 0.000000 166.041342 166.040498 166.039654 166.039233 166.038389 166.037545 166.037123 166.036280 166.035436 166.035014 166.034592 166.034170 166.034170 166.034170 166.034170 166.034170 166.034592 166.035436 166.035858 166.036701 166.038811 166.040076 0.000000 0.000000 0.000000 0.000000 0.000000 0.000000 0.000000 0.000000 0.000000 0.000000 
