test/output/constant/M375_S060_A000_WD090.0_WS015.0/M375_S060_A000_WD090.0_WS015.0_arrival.asc
ncols         52
nrows         9
xllcorner     421503.990666
yllcorner     12748355.311160
cellsize      100.000000
NODATA_value  0.000000
0.000000 0.000000 0.000000 0.000000 0.000000 0.000000 0.000000 0.000000 0.000000 0.000000 0.000000 0.000000 0.000000 0.000000 166.041667 166.041291 166.040641 166.040316 166.039666 166.039340 166.038690 166.038365 166.038040 166.038040 166.038040 166.038040 166.038040 166.038040 166.038365 166.038690 166.039015 166.039666 166.040316 166.040966 0.000000 0.000000 0.000000 0.000000 0.000000 0.000000 0.000000 0.000000 0.000000 0.000000 0.000000 0.000000 0.000000 0.000000 0.000000 0.000000 0.000000 0.000000 
0.000000 0.000000 0.000000 0.000000 0.000000 0.000000 166.041616 166.040966 166.040316 166.039340 166.038690 166.038040 166.037390 166.036739 166.036089 166.035439 166.034789 166.034138 166.033488 166.032838 166.032513 166.031863 166.031212 166.030562 166.030237 166.029587 166.028936 166.028611 166.027961 166.027636 166.027311 166.027311 166.027311 166.026986 166.027311 166.027636 166.027961 166.028611 166.029262 166.030237 166.031212 166.032838 166.035439 166.038365 166.041616 0.000000 0.000000 0.000000 0.000000 0.000000 0.000000 0.000000 
0.000000 0.000000 166.041616 166.040966 166.040316 166.039340 166.038690 166.038040 166.037065 166.036414 166.035439 166.034789 166.034138 166.033163 166.032513 166.031537 166.030887 166.030237 166.029262 166.028611 166.027961 166.027311 166.026335 166.025685 166.025035 166.024059 166.023409 166.022759 166.022109 166.021458 166.020808 166.020158 166.019833 166.019183 166.018532 166.017882 166.017557 166.016907 166.016582 166.016256 166.016256 166.016582 166.016907 166.017557 166.018207 166.019833 166.022109 166.025685 166.031537 0.000000 0.000000 0.000000 
166.041616 166.040641 166.039991 166.039015 166.038365 166.037715 166.036739 166.036089 166.035114 166.034464 166.033488 166.032838 166.031863 166.031212 166.030237 166.029587 166.028936 166.027961 166.027311 166.026335 166.025685 166.024710 166.024059 166.023084 166.022434 166.021458 166.020808 166.020158 166.019183 166.018532 166.017557 166.016907 166.015931 166.015281 166.014631 166.013655 166.013005 166.012030 166.011379 166.010404 166.009754 166.009104 166.008128 166.007478 166.006828 166.006503 166.005852 166.005527 166.005852 166.006503 166.009754 166.025360 
166.041291 166.040316 166.039666 166.038690 166.038040 166.037065 166.036414 166.035439 166.034789 166.033813 166.033163 166.032188 166.031537 166.030562 166.029912 166.028936 166.028286 166.027311 166.026660 166.025685 166.025035 166.024059 166.023409 166.022434 166.021784 166.020808 166.020158 166.019183 166.018532 166.017557 166.016907 166.015931 166.015281 166.014306 166.013655 166.012680 166.012030 166.011054 166.010404 166.009429 166.008778 166.007803 166.007153 166.006177 166.005527 166.004552 166.003902 166.002926 166.002276 166.001301 166.000650 166.000000 
166.041616 166.040641 166.039991 166.039015 166.038365 166.037715 166.036739 166.036089 166.035114 166.034464 166.033488 166.032838 166.031863 166.031212 166.030237 166.029587 166.028936 166.027961 166.027311 166.026335 166.025685 166.024710 166.024059 166.023084 166.022434 166.021458 166.020808 166.020158 166.019183 166.018532 166.017557 166.016907 166.015931 166.015281 166.014631 166.013655 166.013005 166.012030 166.011379 166.010404 166.009754 166.009104 166.008128 166.007478 166.006828 166.006503 166.005852 166.005527 166.005852 166.006503 166.009754 166.025360 
0.000000 0.000000 166.041616 166.040966 166.040316 166.039340 166.038690 166.038040 166.037065 166.036414 166.035439 166.034789 166.034138 166.033163 166.032513 166.031537 166.030887 166.030237 166.029262 166.028611 166.027961 166.027311 166.026335 166.025685 166.025035 166.024059 166.023409 166.022759 166.022109 166.021458 166.020808 166.020158 166.019833 166.019183 166.018532 166.017882 166.017557 166.016907 166.016582 166.016256 166.016256 166.016582 166.016907 166.017557 166.018207 166.019833 166.022109 166.025685 166.031537 0.000000 0.000000 0.000000 
0.000000 0.000000 0.000000 0.000000 0.000000 0.000000 166.041616 166.040966 166.040316 166.039340 166.038690 166.038040 166.037390 166.036739 166.036089 166.035439 166.034789 166.034138 166.033488 166.032838 166.032513 166.031863 166.031212 166.030562 166.030237 166.029587 166.028936 166.028611 166.027961 166.027636 166.027311 166.027311 166.027311 166.026986 166.027311 166.027636 166.027961 166.028611 166.029262 166.030237 166.031212 166.032838 166.035439 166.038365 166.041616 0.000000 0.000000 0.000000 0.000000 0.000000 0.000000 0.000000 
0.000000 0.000000 0.000000 0.000000 0.000000 0.000000 0.000000 0.000000 0.000000 0.000000 0.000000 0.000000 0.000000 0.000000 166.041667 166.041291 166.040641 166.040316 166.039666 166.039340 166.038690 166.038365 166.038040 166.038040 166.038040 166.038040 166.038040 166.038040 166.038365 166.038690 166.039015 166.039666 166.040316 166.040966 0.000000 0.000000 0.000000 0.000000 0.000000 0.000000 0.000000 0.000000 0.000000 0.000000 0.000000 0.000000 0.000000 0.000000 0.000000 0.000000 0.000000 0.000000 
