test/output/constant/M380_S060_A000_WD135.0_WS010.0/M380_S060_A000_WD135.0_WS010.0_ros.asc
ncols         52
nrows         13
xllcorner     421503.990666
yllcorner     12748555.311160
cellsize      100.000000
NODATA_value  0.000000
0.000000 0.000000 0.000000 0.000000 0.000000 85.977829 86.120865 83.831215 85.977829 65.624367 65.624367 58.993011 4.310724 58.993011 58.993011 7.524540 0.000000 0.000000 0.000000 0.000000 0.000000 0.000000 0.000000 0.000000 0.000000 0.000000 0.000000 0.000000 0.000000 0.000000 0.000000 0.000000 0.000000 0.000000 0.000000 0.000000 0.000000 0.000000 0.000000 0.000000 0.000000 0.000000 0.000000 0.000000 0.000000 0.000000 0.000000 0.000000 0.000000 0.000000 0.000000 0.000000 
0.000000 86.120865 86.120865 86.120865 86.120865 86.120865 86.120865 83.831215 86.120865 71.592003 86.120865 83.831215 85.609085 71.592003 76.714462 4.310724 58.993011 4.310724 58.993011 58.993011 58.993011 58.993011 4.310724 58.993011 4.310724 80.835976 0.000000 0.000000 0.000000 0.000000 0.000000 0.000000 0.000000 0.000000 0.000000 0.000000 0.000000 0.000000 0.000000 0.000000 0.000000 0.000000 0.000000 0.000000 0.000000 0.000000 0.000000 0.000000 0.000000 0.000000 0.000000 0.000000 
86.120865 86.120865 86.120865 86.120865 86.120865 86.120865 86.120865 86.120865 80.835976 86.120865 86.120865 86.120865 83.831215 86.120865 86.120865 86.120865 80.835976 65.624367 85.977829 65.624367 4.310724 65.624367 58.993011 58.993011 58.993011 58.993011 65.624367 58.993011 58.993011 58.993011 58.993011 0.000000 0.000000 0.000000 0.000000 0.000000 0.000000 0.000000 0.000000 0.000000 0.000000 0.000000 0.000000 0.000000 0.000000 0.000000 0.000000 0.000000 0.000000 0.000000 0.000000 0.000000 
86.120865 81.223000 72.198616 86.120865 86.120865 86.120865 86.120865 86.120865 86.120865 83.831215 86.120865 86.120865 86.120865 86.120865 86.120865 83.831215 80.835976 86.120865 85.977829 86.120865 86.120865 65.624367 83.831215 65.624367 65.624367 4.310724 58.993011 58.993011 65.624367 65.624367 2.238518 58.993011 2.238518 58.993011 4.310724 58.993011 0.000000 0.000000 0.000000 0.000000 0.000000 0.000000 0.000000 0.000000 0.000000 0.000000 0.000000 0.000000 0.000000 0.000000 0.000000 0.000000 
0.000000 45.356476 86.120865 52.685478 77.219276 52.685478 86.120865 86.120865 86.120865 86.120865 86.120865 86.120865 83.831215 86.120865 86.120865 86.120865 86.120865 86.120865 83.831215 83.831215 86.120865 86.120865 80.835976 76.714462 86.120865 76.714462 71.592003 65.624367 4.310724 65.624367 58.993011 58.993011 65.624367 58.993011 58.993011 58.993011 4.310724 4.310724 58.993011 2.238518 0.000000 0.000000 0.000000 0.000000 0.000000 0.000000 0.000000 0.000000 0.000000 0.000000 0.000000 0.000000 
0.000000 0.000000 0.000000 45.356476 77.219276 52.685478 86.120865 45.356476 52.685478 52.685478 59.742584 77.219276 86.120865 86.120865 45.356476 86.120865 86.120865 86.120865 86.120865 83.831215 86.120865 86.120865 86.120865 86.120865 86.120865 86.120865 71.592003 86.120865 86.120865 76.714462 65.624367 80.835976 65.624367 58.993011 1.466139 58.993011 58.993011 58.993011 58.993011 58.993011 58.993011 58.993011 2.238518 0.000000 0.000000 0.000000 0.000000 0.000000 0.000000 0.000000 0.000000 0.000000 
0.000000 0.000000 0.000000 0.000000 0.000000 52.685478 45.356476 66.313477 72.198616 45.356476 52.685478 86.120865 52.685478 86.037422 86.120865 45.356476 86.120865 45.356476 66.313477 86.120865 86.120865 52.685478 86.120865 86.120865 86.120865 86.120865 86.120865 86.120865 86.120865 86.120865 76.714462 86.120865 83.831215 83.831215 85.609085 86.120865 65.624367 58.993011 58.993011 65.624367 4.310724 2.238518 4.310724 2.238518 51.899578 1.466139 0.000000 0.000000 0.000000 0.000000 0.000000 0.000000 
0.000000 0.000000 0.000000 0.000000 0.000000 0.000000 0.000000 59.742584 66.313477 72.198616 52.685478 45.356476 45.356476 59.742584 45.356476 45.356476 52.685478 66.313477 81.223000 52.685478 52.685478 66.313477 77.219276 45.356476 86.120865 45.356476 85.727928 86.120865 66.313477 86.120865 86.120865 86.120865 86.120865 86.120865 86.120865 86.120865 86.120865 86.120865 86.120865 85.977829 71.592003 58.993011 7.524540 58.993011 65.624367 58.993011 58.993011 0.688546 0.688546 0.000000 0.000000 0.000000 
0.000000 0.000000 0.000000 0.000000 0.000000 0.000000 0.000000 0.000000 0.000000 0.000000 0.000000 52.685478 52.685478 66.313477 45.356476 52.685478 45.356476 52.685478 59.742584 45.356476 45.356476 45.356476 59.742584 52.685478 45.356476 45.356476 52.685478 77.219276 52.685478 52.685478 72.198616 45.356476 45.356476 86.120865 86.120865 86.037422 86.120865 86.120865 86.120865 86.120865 85.977829 86.120865 86.120865 86.120865 76.714462 71.592003 58.993011 65.624367 65.624367 0.688546 1.010756 0.000000 
0.000000 0.000000 0.000000 0.000000 0.000000 0.000000 0.000000 0.000000 0.000000 0.000000 0.000000 0.000000 0.000000 0.000000 0.000000 45.356476 52.685478 52.685478 45.356476 52.685478 52.685478 52.685478 52.685478 52.685478 52.685478 52.685478 45.356476 52.685478 52.685478 52.685478 52.685478 45.356476 52.685478 52.685478 52.685478 52.685478 45.356476 45.356476 81.223000 52.685478 86.120865 86.120865 86.120865 86.120865 86.120865 86.120865 86.120865 86.120865 85.609085 65.624367 1.010756 44.559795 
0.000000 0.000000 0.000000 0.000000 0.000000 0.000000 0.000000 0.000000 0.000000 0.000000 0.000000 0.000000 0.000000 0.000000 0.000000 0.000000 0.000000 0.000000 0.000000 52.685478 52.685478 45.356476 52.685478 52.685478 45.356476 45.356476 45.356476 52.685478 52.685478 52.685478 52.685478 52.685478 45.356476 52.685478 52.685478 52.685478 52.685478 52.685478 52.685478 45.356476 52.685478 66.313477 45.356476 52.685478 45.356476 52.685478 45.356476 81.223000 86.120865 86.120865 86.120865 0.000000 
0.000000 0.000000 0.000000 0.000000 0.000000 0.000000 0.000000 0.000000 0.000000 0.000000 0.000000 0.000000 0.000000 0.000000 0.000000 0.000000 0.000000 0.000000 0.000000 0.000000 0.000000 0.000000 0.000000 0.000000 0.000000 0.000000 0.000000 52.685478 52.685478 45.356476 52.685478 52.685478 45.356476 52.685478 45.356476 52.685478 52.685478 45.356476 52.685478 45.356476 52.685478 52.685478 45.356476 52.685478 45.356476 45.356476 45.356476 45.356476 45.356476 17.754223 23.964262 0.515666 
0.000000 0.000000 0.000000 0.000000 0.000000 0.000000 0.000000 0.000000 0.000000 0.000000 0.000000 0.000000 0.000000 0.000000 0.000000 0.000000 0.000000 0.000000 0.000000 0.000000 0.000000 0.000000 0.000000 0.000000 0.000000 0.000000 0.000000 0.000000 0.000000 0.000000 0.000000 0.000000 0.000000 0.000000 0.000000 0.000000 0.000000 0.000000 45.356476 37.978130 45.356476 30.774485 45.356476 30.774485 17.754223 30.774485 23.964262 0.000000 0.000000 0.000000 0.000000 0.000000 
