test/output/constant/M380_S060_A000_WD135.0_WS010.0/M380_S060_A000_WD135.0_WS010.0_raz.asc
ncols         52
nrows         13
xllcorner     421503.990666
yllcorner     12748555.311160
cellsize      100.000000
NODATA_value  0.000000
0 0 0 0 0 279 278 280 279 284 284 285 321 285 285 310 0 0 0 0 0 0 0 0 0 0 0 0 0 0 0 0 0 0 0 0 0 0 0 0 0 0 0 0 0 0 0 0 0 0 0 0 
0 278 278 278 278 278 278 280 278 283 278 280 279 283 282 321 285 321 285 285 285 285 321 285 321 281 0 0 0 0 0 0 0 0 0 0 0 0 0 0 0 0 0 0 0 0 0 0 0 0 0 0 
278 278 278 278 278 278 278 278 281 278 278 278 280 278 278 278 281 284 279 284 321 284 285 285 285 285 284 285 285 285 285 0 0 0 0 0 0 0 0 0 0 0 0 0 0 0 0 0 0 0 0 0 
278 276 274 278 278 278 278 278 278 280 278 278 278 278 278 280 281 278 279 278 278 284 280 284 284 321 285 285 284 284 337 285 337 285 321 285 0 0 0 0 0 0 0 0 0 0 0 0 0 0 0 0 
0 269 278 270 275 270 278 278 278 278 278 278 280 278 278 278 278 278 280 280 278 278 281 282 278 282 283 284 321 284 285 285 284 285 285 285 321 321 285 337 0 0 0 0 0 0 0 0 0 0 0 0 
0 0 0 269 275 270 278 269 270 270 271 275 278 278 269 278 278 278 278 280 278 278 278 278 278 278 283 278 278 282 284 281 284 285 352 285 285 285 285 285 285 285 337 0 0 0 0 0 0 0 0 0 
0 0 0 0 0 270 269 273 274 269 270 278 270 278 278 269 278 269 273 278 278 270 278 278 278 278 278 278 278 278 282 278 280 280 279 278 284 285 285 284 321 337 321 337 286 352 0 0 0 0 0 0 
0 0 0 0 0 0 0 271 273 274 270 269 269 271 269 269 270 273 276 270 270 273 275 269 278 269 278 278 273 278 278 278 278 278 278 278 278 278 278 279 283 285 310 285 284 285 285 35 35 0 0 0 
0 0 0 0 0 0 0 0 0 0 0 270 270 273 269 270 269 270 271 269 269 269 271 270 269 269 270 275 270 270 274 269 269 278 278 278 278 278 278 278 279 278 278 278 282 283 285 284 284 35 8 0 
0 0 0 0 0 0 0 0 0 0 0 0 0 0 0 269 270 270 269 270 270 270 270 270 270 270 269 270 270 270 270 269 270 270 270 270 269 269 276 270 278 278 278 278 278 278 278 278 279 284 8 288 
0 0 0 0 0 0 0 0 0 0 0 0 0 0 0 0 0 0 0 270 270 269 270 270 269 269 269 270 270 270 270 270 269 270 270 270 270 270 270 269 270 273 269 270 269 270 269 276 278 278 278 65535 
0 0 0 0 0 0 0 0 0 0 0 0 0 0 0 0 0 0 0 0 0 0 0 0 0 0 0 270 270 269 270 270 269 270 269 270 270 269 270 269 270 270 269 270 269 269 269 269 269 258 262 98 
0 0 0 0 0 0 0 0 0 0 0 0 0 0 0 0 0 0 0 0 0 0 0 0 0 0 0 0 0 0 0 0 0 0 0 0 0 0 269 267 269 265 269 265 258 265 262 0 0 0 0 0 
