test/output/constant/M390_S000_A000_WD135.0_WS015.0/M390_S000_A000_WD135.0_WS015.0_arrival.asc
ncols         18
nrows         18
xllcorner     425203.990666
yllcorner     12748455.311160
cellsize      100.000000
NODATA_value  0.000000
0.000000 166.041667 166.040799 166.039912 166.039912 166.040799 166.040799 0.000000 0.000000 0.000000 0.000000 0.000000 0.000000 0.000000 0.000000 0.000000 0.000000 0.000000 
166.041667 166.039912 166.039025 166.038138 166.037251 166.037251 166.037251 166.038138 166.039912 0.000000 0.000000 0.000000 0.000000 0.000000 0.000000 0.000000 0.000000 0.000000 
166.040799 166.039025 166.036364 166.035477 166.034590 166.034590 166.034590 166.034590 166.036364 166.038138 166.040799 0.000000 0.000000 0.000000 0.000000 0.000000 0.000000 0.000000 
166.039912 166.038138 166.035477 166.033703 166.031929 166.031929 166.031042 166.031929 166.031929 166.033703 166.036364 166.039025 0.000000 0.000000 0.000000 0.000000 0.000000 0.000000 
166.039912 166.037251 166.034590 166.031929 166.030156 166.029269 166.028382 166.028382 166.028382 166.029269 166.031929 166.034590 166.039025 0.000000 0.000000 0.000000 0.000000 0.000000 
166.040799 166.037251 166.034590 166.031929 166.029269 166.027495 166.026608 166.025721 166.025721 166.025721 166.027495 166.030156 166.033703 166.038138 0.000000 0.000000 0.000000 0.000000 
166.040799 166.037251 166.034590 166.031042 166.028382 166.026608 166.023947 166.023060 166.022173 166.023060 166.023060 166.024834 166.028382 166.032816 166.039025 0.000000 0.000000 0.000000 
0.000000 166.038138 166.034590 166.031929 166.028382 166.025721 166.023060 166.020399 166.019512 166.019512 166.019512 166.020399 166.023060 166.027495 166.032816 166.040799 0.000000 0.000000 
0.000000 166.039912 166.036364 166.031929 166.028382 166.025721 166.022173 166.019512 166.017739 166.016852 166.016852 166.016852 166.018625 166.022173 166.027495 166.035477 0.000000 0.000000 
0.000000 0.000000 166.038138 166.033703 166.029269 166.025721 166.023060 166.019512 166.016852 166.014191 166.013304 166.013304 166.014191 166.016852 166.022173 166.029269 166.039025 0.000000 
0.000000 0.000000 166.040799 166.036364 166.031929 166.027495 166.023060 166.019512 166.016852 166.013304 166.011530 166.010643 166.010643 166.012417 166.016852 166.023947 166.033703 0.000000 
0.000000 0.000000 0.000000 166.039025 166.034590 166.030156 166.024834 166.020399 166.016852 166.013304 166.010643 166.007982 166.007982 166.007982 166.011530 166.018625 166.029269 166.040799 
0.000000 0.000000 0.000000 0.000000 166.039025 166.033703 166.028382 166.023060 166.018625 166.014191 166.010643 166.007982 166.005322 166.004435 166.006208 166.013304 166.024834 166.037251 
0.000000 0.000000 0.000000 0.000000 0.000000 166.038138 166.032816 166.027495 166.022173 166.016852 166.012417 166.007982 166.004435 166.001774 166.001774 166.008869 166.021286 166.035477 
0.000000 0.000000 0.000000 0.000000 0.000000 0.000000 166.039025 166.032816 166.027495 166.022173 166.016852 166.011530 166.006208 166.001774 166.000000 166.007095 166.021286 166.035477 
0.000000 0.000000 0.000000 0.000000 0.000000 0.000000 0.000000 166.040799 166.035477 166.029269 166.023947 166.018625 166.013304 166.008869 166.007095 166.010643 166.023060 166.036364 
0.000000 0.000000 0.000000 0.000000 0.000000 0.000000 0.000000 0.000000 0.000000 166.039025 166.033703 166.029269 166.024834 166.021286 166.021286 166.023060 166.030156 166.041667 
0.000000 0.000000 0.000000 0.000000 0.000000 0.000000 0.000000 0.000000 0.000000 0.000000 0.000000 166.040799 166.037251 166.035477 166.035477 166.036364 166.041667 0.000000 
