test/output/constant/M495_S060_A000_WD090.0_WS010.0/M495_S060_A000_WD090.0_WS010.0_arrival.asc
ncols         39
nrows         7
xllcorner     422803.990666
yllcorner     12748455.311160
cellsize      100.000000
NODATA_value  0.000000
0.000000 0.000000 0.000000 0.000000 0.000000 0.000000 166.041200 166.040324 166.039447 166.038571 166.037694 166.036817 166.036379 166.035503 166.034626 166.033749 166.033311 166.032434 166.031558 166.031120 166.030243 166.030243 166.029805 166.030243 166.030243 166.030681 166.031120 166.031558 166.032434 166.033749 166.035941 166.039009 0.000000 0.000000 0.000000 0.000000 0.000000 0.000000 0.000000 
0.000000 0.000000 166.041639 166.040324 166.039447 166.038571 166.037256 166.036379 166.035503 166.034188 166.033311 166.032434 166.031120 166.030243 166.029366 166.028490 166.027175 166.026298 166.025422 166.024545 166.023668 166.022792 166.021915 166.021477 166.020600 166.019724 166.018847 166.018409 166.017970 166.017970 166.018409 166.018847 166.019724 166.021477 166.023668 166.028928 166.039009 0.000000 0.000000 
166.041639 166.040762 166.039447 166.038571 166.037256 166.036379 166.035503 166.034188 166.033311 166.031996 166.031120 166.029805 166.028928 166.027613 166.026736 166.025422 166.024545 166.023230 166.022353 166.021477 166.020162 166.019285 166.017970 166.017094 166.015779 166.014902 166.014026 166.012711 166.011834 166.010519 166.009643 166.008766 166.007889 166.007013 166.006136 166.006136 166.006575 166.008328 166.022353 
166.041200 166.040324 166.039009 166.038132 166.036817 166.035941 166.034626 166.033749 166.032434 166.031558 166.030243 166.029366 166.028051 166.027175 166.025860 166.024983 166.023668 166.022792 166.021477 166.020600 166.019285 166.018409 166.017094 166.016217 166.014902 166.014026 166.012711 166.011834 166.010519 166.009643 166.008328 166.007451 166.006136 166.005260 166.003945 166.003068 166.001753 166.000877 166.000000 
166.041639 166.040762 166.039447 166.038571 166.037256 166.036379 166.035503 166.034188 166.033311 166.031996 166.031120 166.029805 166.028928 166.027613 166.026736 166.025422 166.024545 166.023230 166.022353 166.021477 166.020162 166.019285 166.017970 166.017094 166.015779 166.014902 166.014026 166.012711 166.011834 166.010519 166.009643 166.008766 166.007889 166.007013 166.006136 166.006136 166.006575 166.008328 166.022353 
0.000000 0.000000 166.041639 166.040324 166.039447 166.038571 166.037256 166.036379 166.035503 166.034188 166.033311 166.032434 166.031120 166.030243 166.029366 166.028490 166.027175 166.026298 166.025422 166.024545 166.023668 166.022792 166.021915 166.021477 166.020600 166.019724 166.018847 166.018409 166.017970 166.017970 166.018409 166.018847 166.019724 166.021477 166.023668 166.028928 166.039009 0.000000 0.000000 
0.000000 0.000000 0.000000 0.000000 0.000000 0.000000 166.041200 166.040324 166.039447 166.038571 166.037694 166.036817 166.036379 166.035503 166.034626 166.033749 166.033311 166.032434 166.031558 166.031120 166.030243 166.030243 166.029805 166.030243 166.030243 166.030681 166.031120 166.031558 166.032434 166.033749 166.035941 166.039009 0.000000 0.000000 0.000000 0.000000 0.000000 0.000000 0.000000 
