test/output/constant/M4100_S000_A000_WD000.0_WS050.0/M4100_S000_A000_WD000.0_WS050.0_arrival.asc
ncols         9
nrows         47
xllcorner     426203.990666
yllcorner     12744155.311160
cellsize      100.000000
NODATA_value  0.000000
0.000000 0.000000 0.000000 166.025169 166.000000 166.025169 0.000000 0.000000 0.000000 
0.000000 0.000000 0.000000 166.009849 166.000730 166.009849 0.000000 0.000000 0.000000 
0.000000 0.000000 0.000000 166.006931 166.001459 166.006931 0.000000 0.000000 0.000000 
0.000000 0.000000 166.032100 166.006201 166.002553 166.006201 166.032100 0.000000 0.000000 
0.000000 0.000000 166.025534 166.005836 166.003283 166.005836 166.025534 0.000000 0.000000 
0.000000 0.000000 166.022616 166.006201 166.004377 166.006201 166.022616 0.000000 0.000000 
0.000000 0.000000 166.020427 166.006931 166.005107 166.006931 166.020427 0.000000 0.000000 
0.000000 166.041667 166.018968 166.007660 166.006201 166.007660 166.018968 166.041667 0.000000 
0.000000 166.038665 166.018238 166.008390 166.006931 166.008390 166.018238 166.038665 0.000000 
0.000000 166.036477 166.017874 166.009119 166.008025 166.009119 166.017874 166.036477 0.000000 
0.000000 166.033923 166.017509 166.009849 166.008754 166.009849 166.017509 166.033923 0.000000 
0.000000 166.032829 166.017509 166.010578 166.009849 166.010578 166.017509 166.032829 0.000000 
0.000000 166.031370 166.017509 166.011673 166.010578 166.011673 166.017509 166.031370 0.000000 
0.000000 166.030641 166.017874 166.012402 166.011673 166.012402 166.017874 166.030641 0.000000 
0.000000 166.029911 166.018603 166.013496 166.012402 166.013496 166.018603 166.029911 0.000000 
0.000000 166.029546 166.018968 166.014226 166.013496 166.014226 166.018968 166.029546 0.000000 
0.000000 166.029181 166.019697 166.014955 166.014226 166.014955 166.019697 166.029181 0.000000 
0.000000 166.028817 166.020427 166.016050 166.015320 166.016050 166.020427 166.028817 0.000000 
0.000000 166.028817 166.020792 166.016779 166.016050 166.016779 166.020792 166.028817 0.000000 
0.000000 166.029181 166.021521 166.017509 166.017144 166.017509 166.021521 166.029181 0.000000 
0.000000 166.029181 166.022251 166.018603 166.017874 166.018603 166.022251 166.029181 0.000000 
166.041219 166.029546 166.022980 166.019333 166.018968 166.019333 166.022980 166.029546 166.041219 
166.040854 166.029911 166.023710 166.020427 166.019697 166.020427 166.023710 166.029911 166.040854 
166.040854 166.030641 166.024439 166.021157 166.020792 166.021157 166.024439 166.030641 166.040854 
166.040489 166.031370 166.025169 166.022251 166.021521 166.022251 166.025169 166.031370 166.040489 
166.040489 166.031735 166.025899 166.022980 166.022616 166.022980 166.025899 166.031735 166.040489 
166.040489 166.032464 166.026993 166.024075 166.023345 166.024075 166.026993 166.032464 166.040489 
166.040489 166.033194 166.027722 166.024804 166.024439 166.024804 166.027722 166.033194 166.040489 
166.040854 166.033559 166.028452 166.025899 166.025169 166.025899 166.028452 166.033559 166.040854 
166.041219 166.034288 166.029181 166.026628 166.026263 166.026628 166.029181 166.034288 166.041219 
166.041584 166.035018 166.030276 166.027722 166.026993 166.027722 166.030276 166.035018 166.041584 
0.000000 166.035747 166.031005 166.028452 166.028087 166.028452 166.031005 166.035747 0.000000 
0.000000 166.036112 166.031735 166.029546 166.028817 166.029546 166.031735 166.036112 0.000000 
0.000000 166.036842 166.032829 166.030276 166.029911 166.030276 166.032829 166.036842 0.000000 
0.000000 166.037571 166.033559 166.031370 166.030641 166.031370 166.033559 166.037571 0.000000 
0.000000 166.038301 166.034288 166.032100 166.031735 166.032100 166.034288 166.038301 0.000000 
0.000000 166.039030 166.035382 166.033194 166.032464 166.033194 166.035382 166.039030 0.000000 
0.000000 166.039760 166.036112 166.033923 166.033559 166.033923 166.036112 166.039760 0.000000 
0.000000 166.040489 166.036842 166.035018 166.034288 166.035018 166.036842 166.040489 0.000000 
0.000000 166.041219 166.037936 166.035747 166.035382 166.035747 166.037936 166.041219 0.000000 
0.000000 0.000000 166.038665 166.036842 166.036112 166.036842 166.038665 0.000000 0.000000 
0.000000 0.000000 166.039395 166.037571 166.037206 166.037571 166.039395 0.000000 0.000000 
0.000000 0.000000 166.040489 166.038665 166.037936 166.038665 166.040489 0.000000 0.000000 
0.000000 0.000000 166.041219 166.039395 166.039030 166.039395 166.041219 0.000000 0.000000 
0.000000 0.000000 0.000000 166.040489 166.039760 166.040489 0.000000 0.000000 0.000000 
0.000000 0.000000 0.000000 166.041219 166.040854 166.041219 0.000000 0.000000 0.000000 
0.000000 0.000000 0.000000 0.000000 166.041584 0.000000 0.000000 0.000000 0.000000 
