test/output/constant/M3M4100_S060_A090_WD045.0_WS015.0/M3M4100_S060_A090_WD045.0_WS015.0_raz.asc
ncols         16
nrows         61
xllcorner     425203.990666
yllcorner     12742755.311160
cellsize      100.000000
NODATA_value  0.000000
0 0 0 0 0 0 0 0 0 0 0 0 0 281 254 11 
0 0 0 0 0 0 0 0 0 0 0 0 268 230 191 169 
0 0 0 0 0 0 0 0 0 0 0 0 245 191 191 173 
0 0 0 0 0 0 0 0 0 0 0 245 196 191 185 169 
0 0 0 0 0 0 0 0 0 0 0 199 197 191 179 176 
0 0 0 0 0 0 0 0 0 0 199 268 196 191 181 179 
0 0 0 0 0 0 0 0 0 0 197 197 191 191 176 181 
0 0 0 0 0 0 0 0 0 230 197 230 191 191 176 169 
0 0 0 0 0 0 0 0 0 197 245 197 191 191 176 173 
0 0 0 0 0 0 0 0 0 197 197 195 191 181 179 179 
0 0 0 0 0 0 0 0 268 196 197 191 191 187 179 179 
0 0 0 0 0 0 0 0 230 196 310 191 191 181 176 176 
0 0 0 0 0 0 0 0 245 197 196 191 190 186 179 179 
0 0 0 0 0 0 0 197 197 197 192 191 179 169 173 173 
0 0 0 0 0 0 0 230 197 245 193 191 181 179 181 181 
0 0 0 0 0 0 0 196 268 197 194 191 173 173 173 179 
0 0 0 0 0 0 197 197 197 230 194 191 169 184 179 176 
0 0 0 0 0 0 196 196 196 193 191 191 184 179 169 0 
0 0 0 0 0 0 197 196 196 191 191 184 186 176 176 0 
0 0 0 0 0 220 245 197 196 191 191 181 189 185 179 0 
0 0 0 0 0 197 230 196 230 191 191 184 169 176 173 0 
0 0 0 0 0 197 196 197 191 191 191 179 179 176 179 0 
0 0 0 0 0 196 230 196 191 191 191 185 176 169 173 0 
0 0 0 0 196 197 245 196 191 191 191 186 186 179 179 0 
0 0 0 0 197 197 197 196 191 191 179 181 173 179 179 0 
0 0 0 0 245 197 220 191 191 191 181 185 186 173 176 0 
0 0 0 0 197 220 197 191 191 191 179 181 179 179 181 0 
0 0 0 197 230 230 196 194 191 191 184 185 176 176 0 0 
0 0 0 197 230 220 191 191 191 179 181 184 181 179 0 0 
0 0 0 196 197 197 191 191 191 191 179 173 179 179 0 0 
0 0 0 197 197 196 194 191 188 184 184 184 169 176 0 0 
0 0 0 197 197 196 191 191 191 184 186 173 182 181 0 0 
0 0 245 197 197 191 191 191 188 179 179 182 184 0 0 0 
0 0 197 197 196 191 191 191 191 179 181 169 181 0 0 0 
0 0 197 196 230 191 191 191 191 179 187 182 169 0 0 0 
0 0 197 197 191 191 191 191 190 187 181 179 173 0 0 0 
0 0 197 230 191 193 191 191 191 181 179 173 181 0 0 0 
0 191 197 196 193 191 191 179 173 181 186 182 0 0 0 0 
0 197 197 196 191 191 191 191 185 185 173 179 0 0 0 0 
0 197 220 191 191 191 191 190 182 181 179 169 0 0 0 0 
0 230 196 191 191 191 191 173 182 185 173 181 0 0 0 0 
0 230 197 191 194 191 191 185 187 181 184 0 0 0 0 0 
0 197 195 191 191 191 176 184 186 179 179 0 0 0 0 0 
0 196 191 191 192 191 191 176 189 185 176 0 0 0 0 0 
0 196 194 191 191 191 191 184 176 173 0 0 0 0 0 0 
0 196 191 191 191 191 191 173 191 181 0 0 0 0 0 0 
196 196 191 191 191 191 188 176 179 181 0 0 0 0 0 0 
197 193 193 191 191 191 179 186 187 173 0 0 0 0 0 0 
196 191 192 191 191 191 188 181 179 0 0 0 0 0 0 0 
230 191 191 191 191 190 179 185 182 0 0 0 0 0 0 0 
193 193 191 191 191 191 181 181 179 0 0 0 0 0 0 0 
191 191 191 191 191 191 189 179 0 0 0 0 0 0 0 0 
191 191 192 191 191 179 181 179 0 0 0 0 0 0 0 0 
192 191 191 191 191 186 182 0 0 0 0 0 0 0 0 0 
194 192 191 191 191 191 176 0 0 0 0 0 0 0 0 0 
191 191 191 191 179 186 181 0 0 0 0 0 0 0 0 0 
191 191 191 179 181 182 0 0 0 0 0 0 0 0 0 0 
191 191 191 191 189 190 0 0 0 0 0 0 0 0 0 0 
191 191 191 191 179 0 0 0 0 0 0 0 0 0 0 0 
0 191 191 191 191 0 0 0 0 0 0 0 0 0 0 0 
0 191 191 181 0 0 0 0 0 0 0 0 0 0 0 0 
