test/output/constant/M3M4100_S060_A090_WD045.0_WS015.0/M3M4100_S060_A090_WD045.0_WS015.0_arrival.asc
ncols         16
nrows         61
xllcorner     425203.990666
yllcorner     12742755.311160
cellsize      100.000000
NODATA_value  0.000000
0.000000 0.000000 0.000000 0.000000 0.000000 0.000000 0.000000 0.000000 0.000000 0.000000 0.000000 0.000000 0.000000 166.010172 166.000000 166.032389 
0.000000 0.000000 0.000000 0.000000 0.000000 0.000000 0.000000 0.000000 0.000000 0.000000 0.000000 0.000000 166.028641 166.001874 166.000535 166.022485 
0.000000 0.000000 0.000000 0.000000 0.000000 0.000000 0.000000 0.000000 0.000000 0.000000 0.000000 0.000000 166.013919 166.001606 166.001071 166.019808 
0.000000 0.000000 0.000000 0.000000 0.000000 0.000000 0.000000 0.000000 0.000000 0.000000 0.000000 166.028641 166.007495 166.001874 166.001874 166.019540 
0.000000 0.000000 0.000000 0.000000 0.000000 0.000000 0.000000 0.000000 0.000000 0.000000 0.000000 166.019273 166.005086 166.002677 166.002944 166.021414 
0.000000 0.000000 0.000000 0.000000 0.000000 0.000000 0.000000 0.000000 0.000000 0.000000 166.033192 166.013384 166.004550 166.003212 166.004283 166.023020 
0.000000 0.000000 0.000000 0.000000 0.000000 0.000000 0.000000 0.000000 0.000000 0.000000 166.025429 166.010172 166.004550 166.004015 166.005889 166.024358 
0.000000 0.000000 0.000000 0.000000 0.000000 0.000000 0.000000 0.000000 0.000000 166.038545 166.019540 166.008566 166.004818 166.004550 166.007495 166.025429 
0.000000 0.000000 0.000000 0.000000 0.000000 0.000000 0.000000 0.000000 0.000000 166.031318 166.015793 166.007763 166.005354 166.005354 166.009101 166.027303 
0.000000 0.000000 0.000000 0.000000 0.000000 0.000000 0.000000 0.000000 0.000000 166.025429 166.013116 166.007495 166.005889 166.006157 166.010707 166.028909 
0.000000 0.000000 0.000000 0.000000 0.000000 0.000000 0.000000 0.000000 166.037475 166.021682 166.011778 166.007495 166.006692 166.007227 166.012313 166.030515 
0.000000 0.000000 0.000000 0.000000 0.000000 0.000000 0.000000 0.000000 166.031586 166.018470 166.011242 166.007763 166.007495 166.008566 166.014187 166.032389 
0.000000 0.000000 0.000000 0.000000 0.000000 0.000000 0.000000 0.000000 166.027571 166.016328 166.010707 166.008030 166.008030 166.009636 166.015793 166.033995 
0.000000 0.000000 0.000000 0.000000 0.000000 0.000000 0.000000 166.037742 166.024091 166.014990 166.010439 166.008833 166.008833 166.011242 166.017667 166.035868 
0.000000 0.000000 0.000000 0.000000 0.000000 0.000000 0.000000 166.033459 166.021414 166.014454 166.010439 166.009369 166.009636 166.012581 166.019273 166.037475 
0.000000 0.000000 0.000000 0.000000 0.000000 0.000000 0.000000 166.029980 166.019808 166.013919 166.010707 166.010172 166.010707 166.014187 166.021146 166.039348 
0.000000 0.000000 0.000000 0.000000 0.000000 0.000000 166.039616 166.027035 166.018470 166.013651 166.010975 166.010975 166.011778 166.015525 166.022752 166.041222 
0.000000 0.000000 0.000000 0.000000 0.000000 0.000000 166.035601 166.024626 166.017667 166.013384 166.011510 166.011510 166.012848 166.017131 166.024626 0.000000 
0.000000 0.000000 0.000000 0.000000 0.000000 0.000000 166.032389 166.023020 166.017131 166.013651 166.012313 166.012313 166.013919 166.018737 166.026500 0.000000 
0.000000 0.000000 0.000000 0.000000 0.000000 166.041490 166.029980 166.021682 166.016596 166.013651 166.012848 166.013116 166.015257 166.020076 166.028106 0.000000 
0.000000 0.000000 0.000000 0.000000 0.000000 166.038278 166.027838 166.020879 166.016596 166.014187 166.013651 166.013919 166.016596 166.021949 166.029980 0.000000 
0.000000 0.000000 0.000000 0.000000 0.000000 166.035601 166.026232 166.020343 166.016596 166.014454 166.014187 166.014990 166.017934 166.023555 166.031586 0.000000 
0.000000 0.000000 0.000000 0.000000 0.000000 166.032924 166.025161 166.019808 166.016596 166.014990 166.014990 166.016061 166.019540 166.025161 166.033459 0.000000 
0.000000 0.000000 0.000000 0.000000 166.040954 166.031050 166.024358 166.019540 166.016596 166.015793 166.015793 166.017131 166.020879 166.026768 166.035333 0.000000 
0.000000 0.000000 0.000000 0.000000 166.038278 166.029444 166.023555 166.019540 166.017131 166.016328 166.016596 166.018470 166.022485 166.028641 166.036939 0.000000 
0.000000 0.000000 0.000000 0.000000 166.036136 166.028374 166.023288 166.019540 166.017399 166.017131 166.017399 166.019540 166.023823 166.030247 166.038813 0.000000 
0.000000 0.000000 0.000000 0.000000 166.034262 166.027571 166.022752 166.019540 166.017934 166.017667 166.018470 166.020879 166.025429 166.031853 166.040419 0.000000 
0.000000 0.000000 0.000000 166.041222 166.032924 166.027035 166.022485 166.019540 166.018470 166.018470 166.019273 166.021949 166.027035 166.033727 0.000000 0.000000 
0.000000 0.000000 0.000000 166.039081 166.031853 166.026500 166.022485 166.020076 166.019005 166.019273 166.020611 166.023288 166.028374 166.035333 0.000000 0.000000 
0.000000 0.000000 0.000000 166.037475 166.030783 166.025964 166.022485 166.020343 166.019808 166.019808 166.021682 166.024894 166.029980 166.036939 0.000000 0.000000 
0.000000 0.000000 0.000000 166.036136 166.030247 166.025697 166.022485 166.020611 166.020611 166.020879 166.022752 166.026232 166.031586 166.038813 0.000000 0.000000 
0.000000 0.000000 0.000000 166.035065 166.029712 166.025429 166.022752 166.021146 166.021146 166.021682 166.023823 166.027838 166.032924 166.040419 0.000000 0.000000 
0.000000 0.000000 166.040954 166.033995 166.029177 166.025429 166.023020 166.021949 166.021949 166.022752 166.025161 166.029177 166.034530 0.000000 0.000000 0.000000 
0.000000 0.000000 166.039348 166.033459 166.028909 166.025429 166.023288 166.022485 166.022752 166.023823 166.026500 166.030783 166.036404 0.000000 0.000000 0.000000 
0.000000 0.000000 166.038278 166.032924 166.028641 166.025697 166.023555 166.023288 166.023288 166.024894 166.027571 166.032121 166.038010 0.000000 0.000000 0.000000 
0.000000 0.000000 166.037475 166.032389 166.028374 166.025697 166.024091 166.023823 166.024358 166.025964 166.028909 166.033727 166.039616 0.000000 0.000000 0.000000 
0.000000 0.000000 166.036672 166.032121 166.028374 166.025964 166.024626 166.024626 166.025161 166.027303 166.030247 166.035333 166.041222 0.000000 0.000000 0.000000 
0.000000 166.041667 166.036136 166.031586 166.028374 166.026232 166.025429 166.025429 166.026232 166.028374 166.031586 166.036672 0.000000 0.000000 0.000000 0.000000 
0.000000 166.040687 166.035601 166.031318 166.028641 166.026768 166.025964 166.026232 166.027035 166.029444 166.033192 166.038278 0.000000 0.000000 0.000000 0.000000 
0.000000 166.040151 166.035333 166.031318 166.028641 166.027035 166.026768 166.026768 166.028106 166.030783 166.034530 166.039884 0.000000 0.000000 0.000000 0.000000 
0.000000 166.039616 166.034798 166.031318 166.028909 166.027571 166.027303 166.027838 166.029177 166.031853 166.036136 166.041222 0.000000 0.000000 0.000000 0.000000 
0.000000 166.039081 166.034530 166.031586 166.029177 166.028106 166.028106 166.028641 166.030247 166.033192 166.037475 0.000000 0.000000 0.000000 0.000000 0.000000 
0.000000 166.038545 166.034262 166.031586 166.029712 166.028909 166.028909 166.029444 166.031586 166.034530 166.039081 0.000000 0.000000 0.000000 0.000000 0.000000 
0.000000 166.038010 166.034262 166.031586 166.029980 166.029444 166.029712 166.030515 166.032656 166.035601 166.040687 0.000000 0.000000 0.000000 0.000000 0.000000 
0.000000 166.037742 166.034262 166.031853 166.030247 166.030247 166.030247 166.031586 166.033995 166.037207 0.000000 0.000000 0.000000 0.000000 0.000000 0.000000 
0.000000 166.037475 166.034530 166.032389 166.031050 166.030783 166.031050 166.032656 166.035065 166.038545 0.000000 0.000000 0.000000 0.000000 0.000000 0.000000 
166.041222 166.037207 166.034530 166.032656 166.031586 166.031586 166.031853 166.033727 166.036404 166.039884 0.000000 0.000000 0.000000 0.000000 0.000000 0.000000 
166.040954 166.037207 166.034530 166.032924 166.032121 166.032121 166.032924 166.034798 166.037475 166.041490 0.000000 0.000000 0.000000 0.000000 0.000000 0.000000 
166.040687 166.037475 166.034798 166.033459 166.032924 166.032924 166.033727 166.035868 166.038813 0.000000 0.000000 0.000000 0.000000 0.000000 0.000000 0.000000 
166.040419 166.037475 166.035333 166.033727 166.033727 166.033727 166.034798 166.036939 166.039884 0.000000 0.000000 0.000000 0.000000 0.000000 0.000000 0.000000 
166.040151 166.037475 166.035601 166.034530 166.034262 166.034530 166.035868 166.038278 166.041222 0.000000 0.000000 0.000000 0.000000 0.000000 0.000000 0.000000 
166.040419 166.037742 166.035868 166.035065 166.035065 166.035333 166.036939 166.039616 0.000000 0.000000 0.000000 0.000000 0.000000 0.000000 0.000000 0.000000 
166.040419 166.038010 166.036404 166.035601 166.035601 166.036404 166.038010 166.040687 0.000000 0.000000 0.000000 0.000000 0.000000 0.000000 0.000000 0.000000 
166.040419 166.038278 166.036672 166.036404 166.036404 166.037207 166.039081 0.000000 0.000000 0.000000 0.000000 0.000000 0.000000 0.000000 0.000000 0.000000 
166.040419 166.038545 166.037207 166.036939 166.037207 166.038278 166.040419 0.000000 0.000000 0.000000 0.000000 0.000000 0.000000 0.000000 0.000000 0.000000 
166.040687 166.038813 166.038010 166.037742 166.038010 166.039081 166.041490 0.000000 0.000000 0.000000 0.000000 0.000000 0.000000 0.000000 0.000000 0.000000 
166.040954 166.039348 166.038545 166.038545 166.038813 166.040151 0.000000 0.000000 0.000000 0.000000 0.000000 0.000000 0.000000 0.000000 0.000000 0.000000 
166.041222 166.039616 166.039081 166.039081 166.039884 166.041222 0.000000 0.000000 0.000000 0.000000 0.000000 0.000000 0.000000 0.000000 0.000000 0.000000 
166.041490 166.040151 166.039884 166.039884 166.040687 0.000000 0.000000 0.000000 0.000000 0.000000 0.000000 0.000000 0.000000 0.000000 0.000000 0.000000 
0.000000 166.040687 166.040419 166.040687 166.041490 0.000000 0.000000 0.000000 0.000000 0.000000 0.000000 0.000000 0.000000 0.000000 0.000000 0.000000 
0.000000 166.041490 166.041222 166.041490 0.000000 0.000000 0.000000 0.000000 0.000000 0.000000 0.000000 0.000000 0.000000 0.000000 0.000000 0.000000 
