test/output/constant/M285_S060_A270_WD180.0_WS020.0/M285_S060_A270_WD180.0_WS020.0_arrival.asc
ncols         7
nrows         34
xllcorner     426303.990666
yllcorner     12748755.311160
cellsize      100.000000
NODATA_value  0.000000
0.000000 0.000000 0.000000 166.041207 0.000000 0.000000 0.000000 
0.000000 0.000000 166.040704 166.039699 166.040704 0.000000 0.000000 
0.000000 0.000000 166.039699 166.038694 166.039699 0.000000 0.000000 
0.000000 166.041207 166.038191 166.037186 166.038191 166.041207 0.000000 
0.000000 166.040202 166.037186 166.036181 166.037186 166.040202 0.000000 
0.000000 166.039197 166.035679 166.034674 166.035679 166.039197 0.000000 
0.000000 166.037689 166.034674 166.033669 166.034674 166.037689 0.000000 
0.000000 166.036684 166.033166 166.032161 166.033166 166.036684 0.000000 
0.000000 166.035679 166.032161 166.031156 166.032161 166.035679 0.000000 
0.000000 166.034674 166.030654 166.029649 166.030654 166.034674 0.000000 
166.041667 166.033166 166.029649 166.028644 166.029649 166.033166 166.041667 
166.040704 166.032161 166.028141 166.027136 166.028141 166.032161 166.040704 
166.040202 166.031156 166.027136 166.026131 166.027136 166.031156 166.040202 
166.039699 166.030654 166.025628 166.024623 166.025628 166.030654 166.039699 
166.039197 166.029649 166.024623 166.023618 166.024623 166.029649 166.039197 
166.039197 166.028644 166.023116 166.022111 166.023116 166.028644 166.039197 
166.039197 166.027639 166.022111 166.021106 166.022111 166.027639 166.039197 
166.039699 166.027136 166.020603 166.019598 166.020603 166.027136 166.039699 
166.040202 166.026131 166.019598 166.018593 166.019598 166.026131 166.040202 
166.040704 166.025126 166.018593 166.017086 166.018593 166.025126 166.040704 
166.041207 166.024623 166.017086 166.016081 166.017086 166.024623 166.041207 
0.000000 166.023618 166.016081 166.014573 166.016081 166.023618 0.000000 
0.000000 166.023618 166.014573 166.013568 166.014573 166.023618 0.000000 
0.000000 166.023618 166.013568 166.012060 166.013568 166.023618 0.000000 
0.000000 166.024121 166.012563 166.011055 166.012563 166.024121 0.000000 
0.000000 166.024623 166.011558 166.009548 166.011558 166.024623 0.000000 
0.000000 166.025628 166.010553 166.008543 166.010553 166.025628 0.000000 
0.000000 166.027639 166.009548 166.007035 166.009548 166.027639 0.000000 
0.000000 166.030654 166.008543 166.006030 166.008543 166.030654 0.000000 
0.000000 166.035679 166.008040 166.004523 166.008040 166.035679 0.000000 
0.000000 0.000000 166.008040 166.003518 166.008040 0.000000 0.000000 
0.000000 0.000000 166.009045 166.002010 166.009045 0.000000 0.000000 
0.000000 0.000000 166.014071 166.001005 166.014071 0.000000 0.000000 
0.000000 0.000000 166.037186 166.000000 166.037186 0.000000 0.000000 
