test/output/constant/M360_S060_A090_WD315.0_WS015.0/M360_S060_A090_WD315.0_WS015.0_ros.asc
ncols         12
nrows         41
xllcorner     426503.990666
yllcorner     12744755.311160
cellsize      100.000000
NODATA_value  0.000000
0.000000 -1.000000 0.720105 0.000000 0.000000 0.000000 0.000000 0.000000 0.000000 0.000000 0.000000 0.000000 
9.890961 68.732651 52.318455 0.870041 0.000000 0.000000 0.000000 0.000000 0.000000 0.000000 0.000000 0.000000 
14.249828 68.732651 68.732651 41.346394 0.000000 0.000000 0.000000 0.000000 0.000000 0.000000 0.000000 0.000000 
36.353920 68.732651 68.732651 52.318455 0.870041 0.000000 0.000000 0.000000 0.000000 0.000000 0.000000 0.000000 
9.890961 61.740746 68.732651 68.612831 47.016384 0.000000 0.000000 0.000000 0.000000 0.000000 0.000000 0.000000 
30.455410 57.753841 68.732651 68.732651 47.016384 0.343427 0.000000 0.000000 0.000000 0.000000 0.000000 0.000000 
14.249828 61.740746 68.732651 68.732651 47.016384 1.738728 0.000000 0.000000 0.000000 0.000000 0.000000 0.000000 
19.233217 53.071648 68.732651 68.732651 68.612831 52.318455 0.000000 0.000000 0.000000 0.000000 0.000000 0.000000 
30.455410 53.071648 68.732651 66.890099 66.890099 52.318455 47.016384 0.000000 0.000000 0.000000 0.000000 0.000000 
0.000000 14.249828 64.911316 68.732651 68.612831 47.016384 52.318455 0.000000 0.000000 0.000000 0.000000 0.000000 
0.000000 30.455410 68.732651 68.732651 68.732651 68.732651 52.318455 0.000000 0.000000 0.000000 0.000000 0.000000 
0.000000 30.455410 67.169312 68.732651 68.732651 66.890099 52.318455 47.016384 0.000000 0.000000 0.000000 0.000000 
0.000000 14.249828 9.890961 68.732651 68.318192 68.732651 68.732651 47.016384 0.000000 0.000000 0.000000 0.000000 
0.000000 30.455410 64.911316 68.732651 68.732651 68.732651 68.732651 47.016384 0.000000 0.000000 0.000000 0.000000 
0.000000 30.455410 61.740746 68.732651 68.732651 68.732651 68.612831 47.016384 47.016384 0.000000 0.000000 0.000000 
0.000000 14.249828 19.233217 24.690218 68.732651 68.732651 68.318192 47.016384 47.016384 0.000000 0.000000 0.000000 
0.000000 30.455410 47.836308 68.732651 68.732651 68.732651 68.732651 68.732651 52.318455 0.000000 0.000000 0.000000 
0.000000 30.455410 53.071648 14.249828 68.732651 68.732651 66.890099 68.732651 52.318455 0.000000 0.000000 0.000000 
0.000000 30.455410 47.836308 68.446205 68.732651 68.732651 66.890099 57.091373 52.318455 47.016384 0.000000 0.000000 
0.000000 0.000000 61.740746 19.233217 68.732651 68.732651 68.732651 68.318192 68.732651 47.016384 0.000000 0.000000 
0.000000 0.000000 57.753841 61.740746 68.677010 68.732651 68.732651 68.318192 68.732651 47.016384 0.000000 0.000000 
0.000000 0.000000 30.455410 24.690218 68.732651 68.732651 68.732651 68.732651 68.612831 64.489693 0.000000 0.000000 
0.000000 0.000000 9.890961 57.753841 68.732651 68.732651 68.732651 68.732651 68.732651 61.190002 47.016384 0.000000 
0.000000 0.000000 0.000000 68.677010 68.732651 68.732651 68.732651 68.732651 68.732651 52.318455 47.016384 0.000000 
0.000000 0.000000 0.000000 47.836308 61.740746 68.732651 68.732651 68.732651 68.732651 68.318192 66.890099 0.000000 
0.000000 0.000000 0.000000 53.071648 68.732651 68.732651 68.732651 68.732651 68.318192 68.732651 68.318192 0.000000 
0.000000 0.000000 0.000000 57.753841 64.911316 19.233217 68.732651 68.732651 68.732651 68.732651 47.016384 0.000000 
0.000000 0.000000 0.000000 0.000000 68.732651 68.732651 68.732651 68.732651 68.732651 47.016384 68.732651 0.000000 
0.000000 0.000000 0.000000 0.000000 64.911316 64.911316 68.732651 68.732651 68.732651 64.489693 68.732651 52.318455 
0.000000 0.000000 0.000000 0.000000 67.169312 68.732651 68.732651 68.732651 64.489693 68.732651 68.612831 66.890099 
0.000000 0.000000 0.000000 0.000000 53.071648 68.732651 68.732651 68.732651 68.732651 68.732651 68.732651 68.732651 
0.000000 0.000000 0.000000 0.000000 0.000000 68.677010 67.169312 68.732651 68.732651 66.890099 68.732651 52.318455 
0.000000 0.000000 0.000000 0.000000 0.000000 68.732651 68.732651 68.732651 68.732651 68.732651 68.732651 68.732651 
0.000000 0.000000 0.000000 0.000000 0.000000 67.169312 68.732651 68.732651 68.732651 68.732651 68.732651 68.732651 
0.000000 0.000000 0.000000 0.000000 0.000000 0.000000 9.890961 68.732651 68.732651 68.732651 66.890099 68.732651 
0.000000 0.000000 0.000000 0.000000 0.000000 0.000000 67.169312 68.732651 68.732651 68.732651 68.732651 57.091373 
0.000000 0.000000 0.000000 0.000000 0.000000 0.000000 0.000000 14.249828 68.732651 68.732651 68.732651 68.318192 
0.000000 0.000000 0.000000 0.000000 0.000000 0.000000 0.000000 68.732651 68.732651 68.732651 68.732651 68.732651 
0.000000 0.000000 0.000000 0.000000 0.000000 0.000000 0.000000 0.000000 68.732651 68.732651 68.732651 68.732651 
0.000000 0.000000 0.000000 0.000000 0.000000 0.000000 0.000000 0.000000 68.732651 68.732651 66.890099 64.489693 
0.000000 0.000000 0.000000 0.000000 0.000000 0.000000 0.000000 0.000000 0.000000 68.732651 68.732651 68.732651 
