test/output/constant/M385_S060_A180_WD135.0_WS040.0/M385_S060_A180_WD135.0_WS040.0_arrival.asc
ncols         15
nrows         32
xllcorner     426503.990666
yllcorner     12748655.311160
cellsize      100.000000
NODATA_value  0.000000
0.000000 0.000000 0.000000 0.000000 0.000000 0.000000 0.000000 0.000000 0.000000 0.000000 0.000000 0.000000 166.041558 166.041558 0.000000 
0.000000 0.000000 0.000000 0.000000 0.000000 0.000000 0.000000 0.000000 0.000000 0.000000 166.041101 166.040188 166.040188 166.040645 0.000000 
0.000000 0.000000 0.000000 0.000000 0.000000 0.000000 0.000000 0.000000 0.000000 166.041101 166.039275 166.038818 166.038818 166.039731 166.041558 
0.000000 0.000000 0.000000 0.000000 0.000000 0.000000 0.000000 0.000000 166.041101 166.038818 166.037448 166.037448 166.037905 166.039275 166.041558 
0.000000 0.000000 0.000000 0.000000 0.000000 0.000000 0.000000 0.000000 166.038818 166.036991 166.036078 166.036078 166.036991 166.038361 166.041558 
0.000000 0.000000 0.000000 0.000000 0.000000 0.000000 0.000000 166.039275 166.036535 166.035165 166.034708 166.034708 166.035621 166.038361 166.041558 
0.000000 0.000000 0.000000 0.000000 0.000000 0.000000 166.041101 166.036991 166.034708 166.033338 166.033338 166.033338 166.035165 166.038361 166.041558 
0.000000 0.000000 0.000000 0.000000 0.000000 0.000000 166.038361 166.034708 166.032424 166.031968 166.031968 166.032424 166.035165 166.038361 0.000000 
0.000000 0.000000 0.000000 0.000000 0.000000 166.040645 166.035621 166.032424 166.030598 166.030598 166.030598 166.031968 166.034708 166.038361 0.000000 
0.000000 0.000000 0.000000 0.000000 0.000000 166.037448 166.032881 166.030141 166.029228 166.029228 166.029684 166.031511 166.034708 166.038818 0.000000 
0.000000 0.000000 0.000000 0.000000 166.040188 166.034708 166.030598 166.028314 166.027401 166.027858 166.028771 166.031511 166.035165 166.039731 0.000000 
0.000000 0.000000 0.000000 0.000000 166.036991 166.031511 166.028314 166.026488 166.026031 166.026488 166.028314 166.031511 166.035621 166.040645 0.000000 
0.000000 0.000000 0.000000 166.041101 166.033795 166.028771 166.026031 166.024661 166.024661 166.025574 166.028314 166.031968 166.036535 0.000000 0.000000 
0.000000 0.000000 0.000000 166.037448 166.031054 166.026031 166.023747 166.023291 166.023747 166.025118 166.028314 166.032424 166.037448 0.000000 0.000000 
0.000000 0.000000 0.000000 166.034251 166.027858 166.023747 166.022377 166.021921 166.022377 166.025118 166.028771 166.033338 166.039731 0.000000 0.000000 
0.000000 0.000000 166.039275 166.030598 166.025118 166.021921 166.020551 166.020551 166.021921 166.025118 166.029228 166.034708 0.000000 0.000000 0.000000 
0.000000 0.000000 166.035621 166.027401 166.022377 166.019637 166.019181 166.019637 166.021921 166.025118 166.030141 166.036991 0.000000 0.000000 0.000000 
0.000000 0.000000 166.031968 166.024204 166.019637 166.017811 166.017811 166.018724 166.021464 166.026031 166.031968 166.039275 0.000000 0.000000 0.000000 
0.000000 166.038818 166.028314 166.021464 166.017354 166.016441 166.016441 166.018267 166.021921 166.026944 166.034251 0.000000 0.000000 0.000000 0.000000 
0.000000 166.034708 166.024661 166.018267 166.015527 166.015071 166.015527 166.018267 166.022834 166.029228 166.037448 0.000000 0.000000 0.000000 0.000000 
0.000000 166.031054 166.021007 166.015527 166.013700 166.013700 166.015071 166.018724 166.024204 166.031968 166.041558 0.000000 0.000000 0.000000 0.000000 
0.000000 166.026944 166.017811 166.013244 166.012330 166.012330 166.015071 166.019181 166.026488 166.035621 0.000000 0.000000 0.000000 0.000000 0.000000 
166.041101 166.023291 166.014614 166.010960 166.010960 166.011874 166.015527 166.021007 166.029684 166.040645 0.000000 0.000000 0.000000 0.000000 0.000000 
166.036991 166.019637 166.011874 166.009134 166.009590 166.011874 166.016441 166.024204 166.034708 0.000000 0.000000 0.000000 0.000000 0.000000 0.000000 
166.033338 166.015527 166.009134 166.007764 166.008677 166.011874 166.018724 166.028771 166.040645 0.000000 0.000000 0.000000 0.000000 0.000000 0.000000 
166.029228 166.011874 166.006850 166.006394 166.008677 166.013244 166.022377 166.034251 0.000000 0.000000 0.000000 0.000000 0.000000 0.000000 0.000000 
166.025574 166.008220 166.005024 166.005480 166.008677 166.016441 166.028314 0.000000 0.000000 0.000000 0.000000 0.000000 0.000000 0.000000 0.000000 
166.021921 166.005024 166.003653 166.005024 166.010960 166.022377 166.036078 0.000000 0.000000 0.000000 0.000000 0.000000 0.000000 0.000000 0.000000 
166.018724 166.002283 166.002283 166.005480 166.016441 166.030598 0.000000 0.000000 0.000000 0.000000 0.000000 0.000000 0.000000 0.000000 0.000000 
166.015984 166.000913 166.001827 166.010047 166.025118 0.000000 0.000000 0.000000 0.000000 0.000000 0.000000 0.000000 0.000000 0.000000 0.000000 
166.016897 166.000000 166.003653 166.020094 166.038818 0.000000 0.000000 0.000000 0.000000 0.000000 0.000000 0.000000 0.000000 0.000000 0.000000 
166.031968 166.024661 166.030141 0.000000 0.000000 0.000000 0.000000 0.000000 0.000000 0.000000 0.000000 0.000000 0.000000 0.000000 0.000000 
