test/output/constant/M3100_S060_A270_WD135.0_WS015.0/M3100_S060_A270_WD135.0_WS015.0_ros.asc
ncols         17
nrows         64
xllcorner     425103.990666
yllcorner     12748755.311160
cellsize      100.000000
NODATA_value  0.000000
0.000000 107.877274 107.877274 47.805126 0.000000 0.000000 0.000000 0.000000 0.000000 0.000000 0.000000 0.000000 0.000000 0.000000 0.000000 0.000000 0.000000 
0.000000 107.877274 107.877274 107.877274 22.278210 0.000000 0.000000 0.000000 0.000000 0.000000 0.000000 0.000000 0.000000 0.000000 0.000000 0.000000 0.000000 
0.000000 107.877274 107.877274 107.877274 96.970802 75.142151 0.000000 0.000000 0.000000 0.000000 0.000000 0.000000 0.000000 0.000000 0.000000 0.000000 0.000000 
0.000000 107.877274 107.877274 96.970802 107.877274 66.292557 0.000000 0.000000 0.000000 0.000000 0.000000 0.000000 0.000000 0.000000 0.000000 0.000000 0.000000 
0.000000 107.877274 107.877274 107.877274 107.877274 66.292557 15.425212 0.000000 0.000000 0.000000 0.000000 0.000000 0.000000 0.000000 0.000000 0.000000 0.000000 
0.000000 107.877274 107.877274 107.877274 47.805126 75.142151 101.936409 0.000000 0.000000 0.000000 0.000000 0.000000 0.000000 0.000000 0.000000 0.000000 0.000000 
0.000000 107.877274 107.877274 107.877274 107.877274 107.877274 47.805126 15.425212 0.000000 0.000000 0.000000 0.000000 0.000000 0.000000 0.000000 0.000000 0.000000 
107.877274 107.877274 107.877274 107.877274 107.877274 38.728508 107.877274 90.717758 0.000000 0.000000 0.000000 0.000000 0.000000 0.000000 0.000000 0.000000 0.000000 
107.877274 107.877274 107.877274 107.877274 107.877274 105.463806 57.087055 75.142151 0.000000 0.000000 0.000000 0.000000 0.000000 0.000000 0.000000 0.000000 0.000000 
107.877274 107.877274 107.877274 107.877274 107.877274 105.463806 83.367134 90.717758 96.970802 0.000000 0.000000 0.000000 0.000000 0.000000 0.000000 0.000000 0.000000 
0.000000 107.877274 107.877274 107.877274 107.877274 83.367134 57.087055 57.087055 38.728508 0.000000 0.000000 0.000000 0.000000 0.000000 0.000000 0.000000 0.000000 
0.000000 107.877274 107.877274 107.877274 107.877274 107.877274 57.087055 38.728508 38.728508 47.805126 0.000000 0.000000 0.000000 0.000000 0.000000 0.000000 0.000000 
0.000000 107.877274 107.877274 107.877274 107.877274 107.877274 47.805126 38.728508 83.367134 47.805126 0.000000 0.000000 0.000000 0.000000 0.000000 0.000000 0.000000 
0.000000 107.279335 107.877274 107.877274 107.877274 107.877274 30.132629 66.292557 107.877274 90.717758 0.000000 0.000000 0.000000 0.000000 0.000000 0.000000 0.000000 
0.000000 107.877274 107.877274 107.877274 107.877274 101.936409 47.805126 22.278210 15.425212 38.728508 0.000000 0.000000 0.000000 0.000000 0.000000 0.000000 0.000000 
0.000000 74.038887 107.877274 107.877274 107.790207 107.877274 105.463806 38.728508 57.087055 105.463806 38.728508 0.000000 0.000000 0.000000 0.000000 0.000000 0.000000 
0.000000 74.038887 107.877274 107.877274 107.877274 107.877274 107.877274 22.278210 38.728508 83.367134 57.087055 0.000000 0.000000 0.000000 0.000000 0.000000 0.000000 
0.000000 74.038887 105.093330 101.373665 107.877274 107.877274 75.142151 107.877274 15.425212 38.728508 47.805126 0.000000 0.000000 0.000000 0.000000 0.000000 0.000000 
0.000000 2.753060 107.877274 107.877274 107.877274 107.877274 107.877274 38.728508 47.805126 47.805126 30.132629 47.805126 0.000000 0.000000 0.000000 0.000000 0.000000 
0.000000 74.038887 82.355095 101.373665 107.877274 107.877274 107.877274 107.877274 38.728508 38.728508 75.142151 38.728508 0.000000 0.000000 0.000000 0.000000 0.000000 
0.000000 1.293907 82.355095 96.233467 107.877274 107.877274 107.877274 107.877274 57.087055 90.717758 15.425212 47.805126 0.000000 0.000000 0.000000 0.000000 0.000000 
0.000000 0.000000 82.355095 105.093330 107.877274 107.877274 107.877274 107.877274 66.292557 47.805126 47.805126 15.425212 0.000000 0.000000 0.000000 0.000000 0.000000 
0.000000 0.000000 82.355095 82.355095 107.877274 107.877274 107.877274 90.717758 107.877274 38.728508 57.087055 57.087055 38.728508 0.000000 0.000000 0.000000 0.000000 
0.000000 0.000000 82.355095 82.355095 107.877274 107.877274 107.877274 107.877274 66.292557 66.292557 38.728508 47.805126 38.728508 0.000000 0.000000 0.000000 0.000000 
0.000000 0.000000 74.038887 74.038887 82.355095 107.877274 107.877274 107.877274 107.877274 96.970802 47.805126 47.805126 57.087055 0.000000 0.000000 0.000000 0.000000 
0.000000 0.000000 82.355095 5.409183 82.355095 107.877274 107.877274 107.877274 107.877274 66.292557 38.728508 30.132629 38.728508 0.000000 0.000000 0.000000 0.000000 
0.000000 0.000000 74.038887 74.038887 74.038887 107.877274 107.877274 107.877274 107.877274 83.367134 90.717758 90.717758 47.805126 38.728508 0.000000 0.000000 0.000000 
0.000000 0.000000 5.409183 74.038887 5.409183 107.877274 107.877274 107.877274 105.463806 96.970802 22.278210 38.728508 30.132629 22.278210 0.000000 0.000000 0.000000 
0.000000 0.000000 0.000000 74.038887 74.038887 82.355095 107.877274 107.877274 107.877274 66.292557 66.292557 83.367134 47.805126 38.728508 0.000000 0.000000 0.000000 
0.000000 0.000000 0.000000 82.355095 74.038887 82.355095 105.093330 107.877274 107.877274 107.877274 47.805126 30.132629 30.132629 47.805126 0.000000 0.000000 0.000000 
0.000000 0.000000 0.000000 82.355095 74.038887 82.355095 107.877274 105.093330 107.877274 107.877274 47.805126 90.717758 47.805126 75.142151 38.728508 0.000000 0.000000 
0.000000 0.000000 0.000000 1.293907 74.038887 74.038887 107.877274 107.877274 107.877274 107.877274 30.132629 47.805126 90.717758 47.805126 38.728508 0.000000 0.000000 
0.000000 0.000000 0.000000 5.409183 74.038887 5.409183 82.355095 107.877274 107.877274 107.877274 38.728508 96.970802 38.728508 38.728508 38.728508 0.000000 0.000000 
0.000000 0.000000 0.000000 0.000000 2.753060 74.038887 82.355095 107.877274 107.877274 107.877274 107.790207 30.132629 57.087055 38.728508 38.728508 0.000000 0.000000 
0.000000 0.000000 0.000000 0.000000 74.038887 74.038887 5.409183 107.877274 107.877274 107.877274 107.877274 38.728508 38.728508 38.728508 38.728508 0.000000 0.000000 
0.000000 0.000000 0.000000 0.000000 5.409183 74.038887 74.038887 107.877274 107.877274 107.877274 107.877274 47.805126 15.425212 47.805126 38.728508 0.000000 0.000000 
0.000000 0.000000 0.000000 0.000000 82.355095 74.038887 74.038887 82.355095 107.877274 107.877274 47.805126 38.728508 101.936409 47.805126 38.728508 22.278210 0.000000 
0.000000 0.000000 0.000000 0.000000 0.000000 5.409183 9.384681 89.829033 107.877274 107.877274 107.877274 57.087055 83.367134 38.728508 38.728508 38.728508 0.000000 
0.000000 0.000000 0.000000 0.000000 0.000000 74.038887 74.038887 74.038887 107.706711 107.877274 107.877274 66.292557 38.728508 22.278210 38.728508 47.805126 0.000000 
0.000000 0.000000 0.000000 0.000000 0.000000 2.753060 1.293907 5.409183 89.829033 107.877274 107.877274 101.936409 75.142151 38.728508 30.132629 38.728508 0.000000 
0.000000 0.000000 0.000000 0.000000 0.000000 74.038887 74.038887 74.038887 82.355095 107.877274 107.877274 107.877274 57.087055 38.728508 75.142151 30.132629 0.000000 
0.000000 0.000000 0.000000 0.000000 0.000000 0.000000 74.038887 74.038887 5.409183 105.093330 107.877274 96.970802 47.805126 47.805126 38.728508 38.728508 0.000000 
0.000000 0.000000 0.000000 0.000000 0.000000 0.000000 82.355095 74.038887 82.355095 107.877274 107.877274 107.877274 57.087055 30.132629 47.805126 30.132629 0.000000 
0.000000 0.000000 0.000000 0.000000 0.000000 0.000000 74.038887 9.384681 9.384681 82.355095 107.877274 107.877274 101.936409 47.805126 22.278210 47.805126 0.000000 
0.000000 0.000000 0.000000 0.000000 0.000000 0.000000 74.038887 74.038887 1.293907 82.355095 107.877274 107.877274 47.805126 38.728508 47.805126 47.805126 0.000000 
0.000000 0.000000 0.000000 0.000000 0.000000 0.000000 0.000000 82.355095 5.409183 74.038887 107.877274 107.877274 57.087055 83.367134 38.728508 15.425212 0.000000 
0.000000 0.000000 0.000000 0.000000 0.000000 0.000000 0.000000 74.038887 74.038887 82.355095 107.877274 107.877274 101.936409 15.425212 57.087055 47.805126 38.728508 
0.000000 0.000000 0.000000 0.000000 0.000000 0.000000 0.000000 82.355095 74.038887 74.038887 89.829033 105.093330 107.877274 107.877274 15.425212 22.278210 38.728508 
0.000000 0.000000 0.000000 0.000000 0.000000 0.000000 0.000000 0.000000 74.038887 82.355095 5.409183 107.877274 107.877274 30.132629 47.805126 38.728508 15.425212 
0.000000 0.000000 0.000000 0.000000 0.000000 0.000000 0.000000 0.000000 2.753060 74.038887 1.293907 107.877274 107.877274 38.728508 30.132629 38.728508 38.728508 
0.000000 0.000000 0.000000 0.000000 0.000000 0.000000 0.000000 0.000000 74.038887 74.038887 74.038887 107.877274 107.877274 66.292557 47.805126 38.728508 22.278210 
0.000000 0.000000 0.000000 0.000000 0.000000 0.000000 0.000000 0.000000 0.000000 74.038887 1.293907 82.355095 107.877274 107.877274 96.970802 30.132629 38.728508 
0.000000 0.000000 0.000000 0.000000 0.000000 0.000000 0.000000 0.000000 0.000000 1.293907 74.038887 74.038887 107.877274 107.877274 30.132629 38.728508 47.805126 
0.000000 0.000000 0.000000 0.000000 0.000000 0.000000 0.000000 0.000000 0.000000 74.038887 2.753060 5.409183 101.373665 107.877274 66.292557 38.728508 38.728508 
0.000000 0.000000 0.000000 0.000000 0.000000 0.000000 0.000000 0.000000 0.000000 0.000000 74.038887 74.038887 107.877274 107.877274 66.292557 38.728508 30.132629 
0.000000 0.000000 0.000000 0.000000 0.000000 0.000000 0.000000 0.000000 0.000000 0.000000 74.038887 9.384681 5.409183 107.877274 47.805126 38.728508 15.425212 
0.000000 0.000000 0.000000 0.000000 0.000000 0.000000 0.000000 0.000000 0.000000 0.000000 2.753060 1.293907 82.355095 107.877274 107.877274 47.805126 38.728508 
0.000000 0.000000 0.000000 0.000000 0.000000 0.000000 0.000000 0.000000 0.000000 0.000000 0.000000 2.753060 74.038887 107.877274 107.877274 66.292557 38.728508 
0.000000 0.000000 0.000000 0.000000 0.000000 0.000000 0.000000 0.000000 0.000000 0.000000 0.000000 1.293907 2.753060 2.753060 107.877274 38.728508 15.425212 
0.000000 0.000000 0.000000 0.000000 0.000000 0.000000 0.000000 0.000000 0.000000 0.000000 0.000000 0.000000 65.133278 74.038887 107.877274 47.805126 15.425212 
0.000000 0.000000 0.000000 0.000000 0.000000 0.000000 0.000000 0.000000 0.000000 0.000000 0.000000 0.000000 65.133278 5.409183 107.877274 75.142151 15.425212 
0.000000 0.000000 0.000000 0.000000 0.000000 0.000000 0.000000 0.000000 0.000000 0.000000 0.000000 0.000000 0.000000 1.293907 107.877274 107.877274 15.425212 
0.000000 0.000000 0.000000 0.000000 0.000000 0.000000 0.000000 0.000000 0.000000 0.000000 0.000000 0.000000 0.000000 1.293907 74.038887 107.877274 15.425212 
0.000000 0.000000 0.000000 0.000000 0.000000 0.000000 0.000000 0.000000 0.000000 0.000000 0.000000 0.000000 0.000000 0.000000 1.293907 0.000000 0.918565 
