test/output/constant/M3100_S060_A270_WD135.0_WS015.0/M3100_S060_A270_WD135.0_WS015.0_intensity.asc
ncols         17
nrows         64
xllcorner     425103.990666
yllcorner     12748755.311160
cellsize      100.000000
NODATA_value  0.000000
0 100344 100344 44467 0 0 0 0 0 0 0 0 0 0 0 0 0 
0 100344 100344 100344 20722 0 0 0 0 0 0 0 0 0 0 0 0 
0 100344 100344 100344 90199 69895 0 0 0 0 0 0 0 0 0 0 0 
0 100344 100344 90199 100344 61663 0 0 0 0 0 0 0 0 0 0 0 
0 100344 100344 100344 100344 61663 14348 0 0 0 0 0 0 0 0 0 0 
0 100344 100344 100344 44467 69895 94818 0 0 0 0 0 0 0 0 0 0 
0 100344 100344 100344 100344 100344 44467 14348 0 0 0 0 0 0 0 0 0 
100344 100344 100344 100344 100344 36024 100344 84383 0 0 0 0 0 0 0 0 0 
100344 100344 100344 100344 100344 98099 53100 69895 0 0 0 0 0 0 0 0 0 
100344 100344 100344 100344 100344 98099 77545 84383 90199 0 0 0 0 0 0 0 0 
0 100344 100344 100344 100344 77545 53100 53100 36024 0 0 0 0 0 0 0 0 
0 100344 100344 100344 100344 100344 53100 36024 36024 44467 0 0 0 0 0 0 0 
0 100344 100344 100344 100344 100344 44467 36024 77545 44467 0 0 0 0 0 0 0 
0 99788 100344 100344 100344 100344 28028 61663 100344 84383 0 0 0 0 0 0 0 
0 100344 100344 100344 100344 94818 44467 20722 14348 36024 0 0 0 0 0 0 0 
0 68868 100344 100344 100263 100344 98099 36024 53100 98099 36024 0 0 0 0 0 0 
0 68868 100344 100344 100344 100344 100344 20722 36024 77545 53100 0 0 0 0 0 0 
0 68868 97755 94295 100344 100344 69895 100344 14348 36024 44467 0 0 0 0 0 0 
0 2560 100344 100344 100344 100344 100344 36024 44467 44467 28028 44467 0 0 0 0 0 
0 68868 76604 94295 100344 100344 100344 100344 36024 36024 69895 36024 0 0 0 0 0 
0 1203 76604 89513 100344 100344 100344 100344 53100 84383 14348 44467 0 0 0 0 0 
0 0 76604 97755 100344 100344 100344 100344 61663 44467 44467 14348 0 0 0 0 0 
0 0 76604 76604 100344 100344 100344 84383 100344 36024 53100 53100 36024 0 0 0 0 
0 0 76604 76604 100344 100344 100344 100344 61663 61663 36024 44467 36024 0 0 0 0 
0 0 68868 68868 76604 100344 100344 100344 100344 90199 44467 44467 53100 0 0 0 0 
0 0 76604 5031 76604 100344 100344 100344 100344 61663 36024 28028 36024 0 0 0 0 
0 0 68868 68868 68868 100344 100344 100344 100344 77545 84383 84383 44467 36024 0 0 0 
0 0 5031 68868 5031 100344 100344 100344 98099 90199 20722 36024 28028 20722 0 0 0 
0 0 0 68868 68868 76604 100344 100344 100344 61663 61663 77545 44467 36024 0 0 0 
0 0 0 76604 68868 76604 97755 100344 100344 100344 44467 28028 28028 44467 0 0 0 
0 0 0 76604 68868 76604 100344 97755 100344 100344 44467 84383 44467 69895 36024 0 0 
0 0 0 1203 68868 68868 100344 100344 100344 100344 28028 44467 84383 44467 36024 0 0 
0 0 0 5031 68868 5031 76604 100344 100344 100344 36024 90199 36024 36024 36024 0 0 
0 0 0 0 2560 68868 76604 100344 100344 100344 100263 28028 53100 36024 36024 0 0 
0 0 0 0 68868 68868 5031 100344 100344 100344 100344 36024 36024 36024 36024 0 0 
0 0 0 0 5031 68868 68868 100344 100344 100344 100344 44467 14348 44467 36024 0 0 
0 0 0 0 76604 68868 68868 76604 100344 100344 44467 36024 94818 44467 36024 20722 0 
0 0 0 0 0 5031 8729 83556 100344 100344 100344 53100 77545 36024 36024 36024 0 
0 0 0 0 0 68868 68868 68868 100185 100344 100344 61663 36024 20722 36024 44467 0 
0 0 0 0 0 2560 1203 5031 83556 100344 100344 94818 69895 36024 28028 36024 0 
0 0 0 0 0 68868 68868 68868 76604 100344 100344 100344 53100 36024 69895 28028 0 
0 0 0 0 0 0 68868 68868 5031 97755 100344 90199 44467 44467 36024 36024 0 
0 0 0 0 0 0 76604 68868 76604 100344 100344 100344 53100 28028 44467 28028 0 
0 0 0 0 0 0 68868 8729 8729 76604 100344 100344 94818 44467 20722 44467 0 
0 0 0 0 0 0 68868 68868 1203 76604 100344 100344 44467 36024 44467 44467 0 
0 0 0 0 0 0 0 76604 5031 68868 100344 100344 53100 77545 36024 14348 0 
0 0 0 0 0 0 0 68868 68868 76604 100344 100344 94818 14348 53100 44467 36024 
0 0 0 0 0 0 0 76604 68868 68868 83556 97755 100344 100344 14348 20722 36024 
0 0 0 0 0 0 0 0 68868 76604 5031 100344 100344 28028 44467 36024 14348 
0 0 0 0 0 0 0 0 2560 68868 1203 100344 100344 36024 28028 36024 36024 
0 0 0 0 0 0 0 0 68868 68868 68868 100344 100344 61663 44467 36024 20722 
0 0 0 0 0 0 0 0 0 68868 1203 76604 100344 100344 90199 28028 36024 
0 0 0 0 0 0 0 0 0 1203 68868 68868 100344 100344 28028 36024 44467 
0 0 0 0 0 0 0 0 0 68868 2560 5031 94295 100344 61663 36024 36024 
0 0 0 0 0 0 0 0 0 0 68868 68868 100344 100344 61663 36024 28028 
0 0 0 0 0 0 0 0 0 0 68868 8729 5031 100344 44467 36024 14348 
0 0 0 0 0 0 0 0 0 0 2560 1203 76604 100344 100344 44467 36024 
0 0 0 0 0 0 0 0 0 0 0 2560 68868 100344 100344 61663 36024 
0 0 0 0 0 0 0 0 0 0 0 1203 2560 2560 100344 36024 14348 
0 0 0 0 0 0 0 0 0 0 0 0 60585 68868 100344 44467 14348 
0 0 0 0 0 0 0 0 0 0 0 0 60585 5031 100344 69895 14348 
0 0 0 0 0 0 0 0 0 0 0 0 0 1203 100344 100344 14348 
0 0 0 0 0 0 0 0 0 0 0 0 0 1203 68868 100344 14348 
0 0 0 0 0 0 0 0 0 0 0 0 0 0 1203 0 854 
