test/output/constant/M365_S060_A180_WD270.0_WS010.0/M365_S060_A180_WD270.0_WS010.0_arrival.asc
ncols         45
nrows         9
xllcorner     426603.990666
yllcorner     12748355.311160
cellsize      100.000000
NODATA_value  0.000000
0.000000 0.000000 0.000000 0.000000 0.000000 0.000000 0.000000 0.000000 0.000000 0.000000 0.000000 0.000000 0.000000 0.000000 0.000000 0.000000 0.000000 0.000000 166.041667 166.041355 166.040596 166.040596 166.040217 166.040217 166.040217 166.040217 166.040217 166.040217 166.040976 166.041355 0.000000 0.000000 0.000000 0.000000 0.000000 0.000000 0.000000 0.000000 0.000000 0.000000 0.000000 0.000000 0.000000 0.000000 0.000000 
0.000000 0.000000 0.000000 0.000000 0.000000 0.000000 0.000000 166.040217 166.037182 166.034905 166.032629 166.031491 166.030732 166.029594 166.029214 166.028835 166.028835 166.028835 166.028835 166.028835 166.029214 166.029594 166.030352 166.031111 166.031491 166.032250 166.033008 166.033388 166.034147 166.034905 166.035664 166.036423 166.036802 166.037561 166.038320 166.039079 166.039838 166.040596 166.041667 0.000000 0.000000 0.000000 0.000000 0.000000 0.000000 
0.000000 0.000000 166.040976 166.030352 166.024661 166.021626 166.019729 166.018591 166.017832 166.017453 166.017453 166.017453 166.017453 166.018211 166.018591 166.019350 166.020109 166.020488 166.021247 166.022006 166.022764 166.023523 166.024282 166.025041 166.025800 166.026558 166.027697 166.028455 166.029594 166.030352 166.031111 166.031870 166.032629 166.033767 166.034526 166.035285 166.036423 166.037182 166.038320 166.039079 166.039838 166.040976 0.000000 0.000000 0.000000 
166.022764 166.009485 166.006450 166.006070 166.006070 166.006450 166.007209 166.007588 166.008347 166.009485 166.010244 166.011003 166.012141 166.012900 166.013659 166.014797 166.015556 166.016694 166.017453 166.018591 166.019350 166.020488 166.021247 166.022385 166.023144 166.024282 166.025041 166.026179 166.026938 166.028076 166.028835 166.029973 166.030732 166.031491 166.032629 166.033388 166.034526 166.035285 166.036423 166.037182 166.038320 166.039079 166.040217 166.040976 0.000000 
166.000000 166.000759 166.001518 166.002656 166.003415 166.004553 166.005312 166.006450 166.007209 166.008347 166.009106 166.010244 166.011003 166.012141 166.012900 166.014038 166.014797 166.015935 166.016694 166.017832 166.018591 166.019729 166.020488 166.021626 166.022385 166.023523 166.024282 166.025420 166.026179 166.027317 166.028076 166.029214 166.029973 166.031111 166.031870 166.033008 166.033767 166.034905 166.035664 166.036802 166.037561 166.038699 166.039458 166.040596 166.041355 
166.022764 166.009485 166.006450 166.006070 166.006070 166.006450 166.007209 166.007588 166.008347 166.009485 166.010244 166.011003 166.012141 166.012900 166.013659 166.014797 166.015556 166.016694 166.017453 166.018591 166.019350 166.020488 166.021247 166.022385 166.023144 166.024282 166.025041 166.026179 166.026938 166.028076 166.028835 166.029973 166.030732 166.031491 166.032629 166.033388 166.034526 166.035285 166.036423 166.037182 166.038320 166.039079 166.040217 166.040976 0.000000 
0.000000 0.000000 166.040976 166.030352 166.024661 166.021626 166.019729 166.018591 166.017832 166.017453 166.017453 166.017453 166.017453 166.018211 166.018591 166.019350 166.020109 166.020488 166.021247 166.022006 166.022764 166.023523 166.024282 166.025041 166.025800 166.026558 166.027697 166.028455 166.029594 166.030352 166.031111 166.031870 166.032629 166.033767 166.034526 166.035285 166.036423 166.037182 166.038320 166.039079 166.039838 166.040976 0.000000 0.000000 0.000000 
0.000000 0.000000 0.000000 0.000000 0.000000 0.000000 0.000000 166.040217 166.037182 166.034905 166.032629 166.031491 166.030732 166.029594 166.029214 166.028835 166.028835 166.028835 166.028835 166.028835 166.029214 166.029594 166.030352 166.031111 166.031491 166.032250 166.033008 166.033388 166.034147 166.034905 166.035664 166.036423 166.036802 166.037561 166.038320 166.039079 166.039838 166.040596 166.041667 0.000000 0.000000 0.000000 0.000000 0.000000 0.000000 
0.000000 0.000000 0.000000 0.000000 0.000000 0.000000 0.000000 0.000000 0.000000 0.000000 0.000000 0.000000 0.000000 0.000000 0.000000 0.000000 0.000000 0.000000 166.041667 166.041355 166.040596 166.040596 166.040217 166.040217 166.040217 166.040217 166.040217 166.040217 166.040976 166.041355 0.000000 0.000000 0.000000 0.000000 0.000000 0.000000 0.000000 0.000000 0.000000 0.000000 0.000000 0.000000 0.000000 0.000000 0.000000 
