test/output/constant/M3M460_S060_A000_WD315.0_WS030.0/M3M460_S060_A000_WD315.0_WS030.0_arrival.asc
ncols         13
nrows         17
xllcorner     425503.990666
yllcorner     12747255.311160
cellsize      100.000000
NODATA_value  0.000000
0.000000 0.000000 0.000000 0.000000 0.000000 0.000000 0.000000 0.000000 0.000000 0.000000 166.032678 166.026959 166.036763 
0.000000 0.000000 0.000000 0.000000 0.000000 0.000000 0.000000 0.000000 166.033495 166.017156 166.002451 166.000000 166.021241 
0.000000 0.000000 0.000000 0.000000 0.000000 0.000000 0.000000 166.032678 166.017973 166.006536 166.002451 166.001634 166.024509 
0.000000 0.000000 0.000000 0.000000 0.000000 0.000000 166.035129 166.021241 166.011437 166.006536 166.004902 166.006536 166.032678 
0.000000 0.000000 0.000000 0.000000 0.000000 166.037580 166.025326 166.015522 166.009803 166.007353 166.007353 166.015522 0.000000 
0.000000 0.000000 0.000000 0.000000 166.040848 166.028593 166.019607 166.013888 166.010620 166.009803 166.012254 166.025326 0.000000 
0.000000 0.000000 0.000000 0.000000 166.032678 166.023692 166.017973 166.013888 166.013071 166.013071 166.019607 166.035129 0.000000 
0.000000 0.000000 0.000000 166.036763 166.028593 166.022058 166.017973 166.015522 166.015522 166.018790 166.027776 0.000000 0.000000 
0.000000 0.000000 166.040848 166.032678 166.026142 166.021241 166.018790 166.017973 166.019607 166.025326 166.036763 0.000000 0.000000 
0.000000 0.000000 166.036763 166.030227 166.025326 166.022058 166.021241 166.021241 166.024509 166.032678 0.000000 0.000000 0.000000 
0.000000 166.041665 166.034312 166.029410 166.025326 166.023692 166.023692 166.025326 166.031044 166.040848 0.000000 0.000000 0.000000 
0.000000 166.038397 166.033495 166.029410 166.026959 166.026142 166.026959 166.031044 166.037580 0.000000 0.000000 0.000000 0.000000 
0.000000 166.037580 166.033495 166.030227 166.029410 166.029410 166.031044 166.036763 0.000000 0.000000 0.000000 0.000000 0.000000 
166.041665 166.036763 166.033495 166.031861 166.031861 166.032678 166.036763 0.000000 0.000000 0.000000 0.000000 0.000000 0.000000 
166.040848 166.037580 166.035129 166.035129 166.035129 166.037580 0.000000 0.000000 0.000000 0.000000 0.000000 0.000000 0.000000 
166.040848 166.038397 166.037580 166.037580 166.039214 0.000000 0.000000 0.000000 0.000000 0.000000 0.000000 0.000000 0.000000 
166.041665 166.040031 166.040031 166.040848 0.000000 0.000000 0.000000 0.000000 0.000000 0.000000 0.000000 0.000000 0.000000 
