test/output/constant/M3M460_S060_A000_WD315.0_WS030.0/M3M460_S060_A000_WD315.0_WS030.0_ros.asc
ncols         13
nrows         17
xllcorner     425503.990666
yllcorner     12747255.311160
cellsize      100.000000
NODATA_value  0.000000
0.000000 0.000000 0.000000 0.000000 0.000000 0.000000 0.000000 0.000000 0.000000 0.000000 3.091964 3.091964 1.351508 
0.000000 0.000000 0.000000 0.000000 0.000000 0.000000 0.000000 0.000000 3.091964 2.505089 22.958555 -1.000000 2.783724 
0.000000 0.000000 0.000000 0.000000 0.000000 0.000000 0.000000 5.549362 4.167531 22.958555 30.447876 30.447876 4.813012 
0.000000 0.000000 0.000000 0.000000 0.000000 0.000000 3.091964 5.549362 2.505089 30.447876 30.447876 17.128868 3.633617 
0.000000 0.000000 0.000000 0.000000 0.000000 2.505089 1.690974 5.549362 30.447876 30.447876 30.447876 6.314233 0.000000 
0.000000 0.000000 0.000000 0.000000 2.505089 20.733160 22.958555 30.112692 30.447876 30.447876 19.518227 3.633617 0.000000 
0.000000 0.000000 0.000000 0.000000 20.733160 20.733160 26.774502 30.447876 30.447876 27.525549 6.314233 3.633617 0.000000 
0.000000 0.000000 0.000000 22.958555 4.167531 4.167531 30.447876 30.447876 21.819273 3.633617 8.106818 0.000000 0.000000 
0.000000 0.000000 22.958555 22.958555 30.443903 30.112692 30.447876 30.447876 4.813012 4.813012 12.371702 0.000000 0.000000 
0.000000 0.000000 22.958555 22.958555 30.447876 30.447876 30.447876 30.324108 21.819273 2.360539 0.000000 0.000000 0.000000 
0.000000 4.167531 30.112692 30.447876 29.373823 30.447876 30.447876 27.525549 2.783724 8.106818 0.000000 0.000000 0.000000 
0.000000 22.958555 3.091964 30.447876 30.447876 30.447876 28.837194 3.633617 19.518227 0.000000 0.000000 0.000000 0.000000 
0.000000 13.595134 30.447876 30.447876 30.447876 29.779535 25.884230 2.783724 0.000000 0.000000 0.000000 0.000000 0.000000 
1.690974 30.447876 30.112692 30.447876 30.447876 25.884230 8.106818 0.000000 0.000000 0.000000 0.000000 0.000000 0.000000 
30.447876 30.447876 30.447876 10.144898 30.447876 8.106818 0.000000 0.000000 0.000000 0.000000 0.000000 0.000000 0.000000 
30.447876 30.447876 30.447876 30.324108 3.633617 0.000000 0.000000 0.000000 0.000000 0.000000 0.000000 0.000000 0.000000 
30.447876 30.447876 30.447876 29.779535 0.000000 0.000000 0.000000 0.000000 0.000000 0.000000 0.000000 0.000000 0.000000 
