test/output/constant/M360_S060_A090_WD315.0_WS005.0/M360_S060_A090_WD315.0_WS005.0_arrival.asc
ncols         9
nrows         38
xllcorner     426403.990666
yllcorner     12745055.311160
cellsize      100.000000
NODATA_value  0.000000
0.000000 166.022560 166.000000 166.014890 0.000000 0.000000 0.000000 0.000000 0.000000 
0.000000 166.012634 166.000902 166.004963 166.040157 0.000000 0.000000 0.000000 0.000000 
0.000000 166.010829 166.001805 166.004061 166.024816 0.000000 0.000000 0.000000 0.000000 
166.037901 166.010378 166.003158 166.004061 166.017597 0.000000 0.000000 0.000000 0.000000 
166.034291 166.010829 166.004061 166.004512 166.013987 166.037449 0.000000 0.000000 0.000000 
166.032486 166.011280 166.005414 166.005414 166.012182 166.030681 0.000000 0.000000 0.000000 
166.030681 166.012182 166.006317 166.006317 166.011280 166.025718 0.000000 0.000000 0.000000 
166.030230 166.013085 166.007670 166.007670 166.011731 166.023011 0.000000 0.000000 0.000000 
166.030230 166.013987 166.009024 166.008573 166.011731 166.021206 166.038352 0.000000 0.000000 
166.030230 166.015341 166.009926 166.009926 166.012182 166.019853 166.034742 0.000000 0.000000 
166.030230 166.016694 166.011280 166.010829 166.012634 166.018950 166.032035 0.000000 0.000000 
166.030681 166.018048 166.012634 166.012182 166.013085 166.018950 166.030230 0.000000 0.000000 
166.031133 166.019402 166.013987 166.013085 166.013987 166.018950 166.028425 0.000000 0.000000 
166.032035 166.020755 166.015341 166.014438 166.014890 166.019402 166.027523 166.041059 0.000000 
166.032486 166.022109 166.016694 166.015341 166.015792 166.019402 166.026621 166.038803 0.000000 
166.033389 166.023462 166.018048 166.016694 166.016694 166.019853 166.026621 166.036998 0.000000 
166.034291 166.024816 166.019402 166.018048 166.018048 166.020304 166.026621 166.036096 0.000000 
166.035193 166.026169 166.020304 166.018950 166.018950 166.021206 166.026621 166.034742 0.000000 
166.036096 166.027072 166.021658 166.020304 166.020304 166.022109 166.027072 166.034291 0.000000 
166.036998 166.028425 166.023011 166.021206 166.021206 166.022560 166.027072 166.033840 0.000000 
166.037901 166.029779 166.024365 166.022560 166.022560 166.023462 166.027523 166.034291 0.000000 
166.039254 166.031133 166.025718 166.023462 166.023462 166.024365 166.027974 166.034291 0.000000 
166.040157 166.032486 166.027072 166.024816 166.024816 166.025267 166.028425 166.034291 0.000000 
166.041059 166.033840 166.028425 166.026169 166.025718 166.026169 166.028877 166.034742 166.041510 
0.000000 166.035193 166.029779 166.027523 166.027072 166.027072 166.029779 166.034742 166.041510 
0.000000 166.036547 166.031133 166.028425 166.027974 166.028425 166.030681 166.035193 166.041510 
0.000000 166.037901 166.032486 166.029779 166.029328 166.029328 166.031133 166.035193 166.041667 
0.000000 166.039254 166.033840 166.031133 166.030230 166.030230 166.032035 166.035645 0.000000 
0.000000 166.040608 166.035193 166.032486 166.031584 166.031584 166.033389 166.036547 0.000000 
0.000000 0.000000 166.036547 166.033840 166.032486 166.032486 166.033840 166.036998 0.000000 
0.000000 0.000000 166.037901 166.035193 166.033840 166.033840 166.034742 166.037901 0.000000 
0.000000 0.000000 166.039254 166.036096 166.035193 166.034742 166.035645 166.038352 0.000000 
0.000000 0.000000 166.040608 166.037449 166.036096 166.036096 166.036998 166.039254 0.000000 
0.000000 0.000000 0.000000 166.038803 166.037449 166.036998 166.037901 166.040157 0.000000 
0.000000 0.000000 0.000000 166.040157 166.038352 166.038352 166.038803 166.041059 0.000000 
0.000000 0.000000 0.000000 166.041510 166.039705 166.039254 166.039705 166.041510 0.000000 
0.000000 0.000000 0.000000 0.000000 166.041059 166.040608 166.040608 0.000000 0.000000 
0.000000 0.000000 0.000000 0.000000 0.000000 166.041510 166.041667 0.000000 0.000000 
