test/output/constant/M370_S060_A000_WD135.0_WS015.0/M370_S060_A000_WD135.0_WS015.0_intensity.asc
ncols         47
nrows         13
xllcorner     422003.990666
yllcorner     12748655.311160
cellsize      100.000000
NODATA_value  0.000000
67402 67402 67402 65615 67402 51348 65615 51348 63269 51348 5817 1706 5817 46150 46150 0 0 0 0 0 0 0 0 0 0 0 0 0 0 0 0 0 0 0 0 0 0 0 0 0 0 0 0 0 0 0 0 
67402 67402 67402 67402 67402 67402 67402 67402 67402 67288 67402 46150 51348 51348 51348 3333 51348 51348 3333 46150 1706 0 0 0 0 0 0 0 0 0 0 0 0 0 0 0 0 0 0 0 0 0 0 0 0 0 0 
35654 24207 67402 67402 67402 67402 67402 63269 67402 67402 67402 67402 65615 67005 51348 63269 51348 5817 3333 5817 5817 46150 5817 5817 46150 46150 0 0 0 0 0 0 0 0 0 0 0 0 0 0 0 0 0 0 0 0 0 
0 29865 29865 29865 24207 67402 56648 67402 67402 67402 67402 67402 67402 67402 65615 67402 67402 65615 56026 51348 51348 51348 1706 3333 46150 51348 3333 745 1706 46150 0 0 0 0 0 0 0 0 0 0 0 0 0 0 0 0 0 
0 0 0 67402 24207 29865 24207 67402 29865 29865 67402 67402 67402 67402 67402 67402 67402 67402 67402 67402 67402 56026 67402 51348 56026 51348 46150 46150 46150 46150 46150 46150 46150 0 0 0 0 0 0 0 0 0 0 0 0 0 0 
0 0 0 0 0 35654 24207 56648 56648 29865 65876 24207 52056 29865 63664 24207 60557 67402 67402 67402 67402 67402 67402 67402 67402 56026 51348 5817 51348 51348 46150 46150 46150 1706 46150 5817 0 0 0 0 0 0 0 0 0 0 0 
0 0 0 0 0 0 0 24207 56648 29865 65876 56648 29865 29865 46920 67402 24207 24207 65876 63664 24207 67402 67402 67005 67402 67402 67402 67402 63269 67402 51348 51348 3333 46150 5817 838 46150 1706 1706 0 0 0 0 0 0 0 0 
0 0 0 0 0 0 0 0 0 0 24207 29865 35654 60557 56648 29865 56648 29865 29865 24207 35654 65876 67402 67402 60557 41397 67402 67402 65615 67402 67402 67402 67402 46150 5817 46150 5817 46150 46150 46150 838 838 0 0 0 0 0 
0 0 0 0 0 0 0 0 0 0 0 0 0 0 29865 29865 24207 29865 63664 24207 24207 24207 56648 24207 24207 24207 29865 67402 67402 63664 67402 67402 67402 67402 67402 67402 67402 51348 56026 46150 46150 838 40588 1706 0 0 0 
0 0 0 0 0 0 0 0 0 0 0 0 0 0 0 0 0 24207 29865 24207 29865 24207 29865 29865 29865 24207 24207 60557 56648 24207 63664 24207 41397 67347 65876 67402 67402 67402 67402 67288 67288 46150 3333 1706 1706 1706 0 
0 0 0 0 0 0 0 0 0 0 0 0 0 0 0 0 0 0 0 0 0 24207 24207 24207 24207 24207 24207 29865 24207 24207 35654 29865 24207 52056 29865 29865 29865 24207 65876 67402 67402 67402 67402 67402 67402 46150 838 
0 0 0 0 0 0 0 0 0 0 0 0 0 0 0 0 0 0 0 0 0 0 0 0 0 0 24207 24207 24207 24207 24207 24207 24207 24207 24207 24207 24207 24207 24207 24207 35654 29865 56648 63664 67402 67402 0 
0 0 0 0 0 0 0 0 0 0 0 0 0 0 0 0 0 0 0 0 0 0 0 0 0 0 0 0 0 0 0 0 0 0 0 0 24207 24207 24207 24207 24207 24207 6177 24207 9677 13957 414 
