test/output/constant/M3M400_S000_A000_WD000.0_WS025.0/M3M400_S000_A000_WD000.0_WS025.0_arrival.asc
ncols         11
nrows         37
xllcorner     426103.990666
yllcorner     12745355.311160
cellsize      100.000000
NODATA_value  0.000000
0.000000 0.000000 0.000000 0.000000 166.041215 166.037780 166.041215 0.000000 0.000000 0.000000 0.000000 
0.000000 0.000000 0.000000 166.035327 166.017664 166.012757 166.017664 166.035327 0.000000 0.000000 0.000000 
0.000000 0.000000 166.040234 166.022570 166.006378 166.000000 166.006378 166.022570 166.040234 0.000000 0.000000 
0.000000 0.000000 166.032874 166.017173 166.004416 166.000981 166.004416 166.017173 166.032874 0.000000 0.000000 
0.000000 0.000000 166.027967 166.014229 166.003925 166.001963 166.003925 166.014229 166.027967 0.000000 0.000000 
0.000000 166.039252 166.024533 166.012757 166.004416 166.003435 166.004416 166.012757 166.024533 166.039252 0.000000 
0.000000 166.035327 166.022570 166.011776 166.005397 166.004416 166.005397 166.011776 166.022570 166.035327 0.000000 
0.000000 166.032874 166.021098 166.011776 166.006378 166.005888 166.006378 166.011776 166.021098 166.032874 0.000000 
0.000000 166.030911 166.020117 166.011776 166.007850 166.006869 166.007850 166.011776 166.020117 166.030911 0.000000 
166.040724 166.029439 166.019626 166.012266 166.008832 166.008341 166.008832 166.012266 166.019626 166.029439 166.040724 
166.039252 166.028458 166.019626 166.013248 166.009813 166.009322 166.009813 166.013248 166.019626 166.028458 166.039252 
166.037780 166.027477 166.019626 166.014229 166.011285 166.010794 166.011285 166.014229 166.019626 166.027477 166.037780 
166.036799 166.027477 166.019626 166.015210 166.012266 166.011776 166.012266 166.015210 166.019626 166.027477 166.036799 
166.035818 166.027477 166.020117 166.015701 166.013738 166.013248 166.013738 166.015701 166.020117 166.027477 166.035818 
166.035327 166.027477 166.021098 166.016682 166.014720 166.014229 166.014720 166.016682 166.021098 166.027477 166.035327 
166.035327 166.027477 166.021589 166.017664 166.015701 166.015701 166.015701 166.017664 166.021589 166.027477 166.035327 
166.034836 166.027967 166.022570 166.019135 166.017173 166.016682 166.017173 166.019135 166.022570 166.027967 166.034836 
166.034836 166.027967 166.023551 166.020117 166.018154 166.018154 166.018154 166.020117 166.023551 166.027967 166.034836 
166.035327 166.028949 166.024533 166.021098 166.019626 166.019135 166.019626 166.021098 166.024533 166.028949 166.035327 
166.035327 166.029439 166.025514 166.022079 166.020607 166.020607 166.020607 166.022079 166.025514 166.029439 166.035327 
166.035818 166.030421 166.026005 166.023551 166.022079 166.021589 166.022079 166.023551 166.026005 166.030421 166.035818 
166.035818 166.031402 166.026986 166.024533 166.023061 166.023061 166.023061 166.024533 166.026986 166.031402 166.035818 
166.036799 166.031892 166.027967 166.026005 166.024533 166.024042 166.024533 166.026005 166.027967 166.031892 166.036799 
166.037290 166.032874 166.029439 166.026986 166.025514 166.025514 166.025514 166.026986 166.029439 166.032874 166.037290 
166.038271 166.033855 166.030421 166.027967 166.026986 166.026495 166.026986 166.027967 166.030421 166.033855 166.038271 
166.038762 166.034836 166.031402 166.029439 166.027967 166.027967 166.027967 166.029439 166.031402 166.034836 166.038762 
166.039743 166.035818 166.032383 166.030421 166.029439 166.028949 166.029439 166.030421 166.032383 166.035818 166.039743 
166.040724 166.036799 166.033855 166.031892 166.030421 166.030421 166.030421 166.031892 166.033855 166.036799 166.040724 
166.041667 166.037780 166.034836 166.032874 166.031892 166.031402 166.031892 166.032874 166.034836 166.037780 166.041667 
0.000000 166.038762 166.035818 166.033855 166.032874 166.032874 166.032874 166.033855 166.035818 166.038762 0.000000 
0.000000 166.039743 166.036799 166.035327 166.034346 166.033855 166.034346 166.035327 166.036799 166.039743 0.000000 
0.000000 166.040724 166.038271 166.036308 166.035327 166.035327 166.035327 166.036308 166.038271 166.040724 0.000000 
0.000000 166.041667 166.039252 166.037780 166.036799 166.036308 166.036799 166.037780 166.039252 166.041667 0.000000 
0.000000 0.000000 166.040234 166.038762 166.037780 166.037780 166.037780 166.038762 166.040234 0.000000 0.000000 
0.000000 0.000000 166.041667 166.040234 166.039252 166.038762 166.039252 166.040234 166.041667 0.000000 0.000000 
0.000000 0.000000 0.000000 166.041215 166.040234 166.040234 166.040234 166.041215 0.000000 0.000000 0.000000 
0.000000 0.000000 0.000000 0.000000 166.041667 166.041215 166.041667 0.000000 0.000000 0.000000 0.000000 
