test/output/constant/S1_S060_A090_WD000.0_WS020.0/S1_S060_A090_WD000.0_WS020.0_arrival.asc
ncols         7
nrows         35
xllcorner     426303.990666
yllcorner     12745355.311160
cellsize      100.000000
NODATA_value  0.000000
0.000000 0.000000 0.000000 166.000000 0.000000 0.000000 0.000000 
0.000000 0.000000 166.015630 166.000977 166.015630 0.000000 0.000000 
0.000000 0.000000 166.010257 166.001954 166.010257 0.000000 0.000000 
0.000000 0.000000 166.008792 166.003419 166.008792 0.000000 0.000000 
0.000000 166.040540 166.008792 166.004396 166.008792 166.040540 0.000000 
0.000000 166.035167 166.008792 166.005861 166.008792 166.035167 0.000000 
0.000000 166.031259 166.009769 166.006838 166.009769 166.031259 0.000000 
0.000000 166.028817 166.010745 166.008303 166.010745 166.028817 0.000000 
0.000000 166.026864 166.011234 166.009280 166.011234 166.026864 0.000000 
0.000000 166.026375 166.012211 166.010745 166.012211 166.026375 0.000000 
0.000000 166.025887 166.013676 166.011722 166.013676 166.025887 0.000000 
0.000000 166.025398 166.014653 166.013188 166.014653 166.025398 0.000000 
0.000000 166.025398 166.015630 166.014164 166.015630 166.025398 0.000000 
0.000000 166.025398 166.017095 166.015630 166.017095 166.025398 0.000000 
0.000000 166.025887 166.018072 166.016607 166.018072 166.025887 0.000000 
0.000000 166.026375 166.019537 166.018072 166.019537 166.026375 0.000000 
0.000000 166.027352 166.020514 166.019049 166.020514 166.027352 0.000000 
0.000000 166.028329 166.021979 166.020514 166.021979 166.028329 0.000000 
0.000000 166.029306 166.022956 166.021491 166.022956 166.029306 0.000000 
166.041667 166.029794 166.024421 166.022956 166.024421 166.029794 166.041667 
166.041667 166.030771 166.025398 166.023933 166.025398 166.030771 166.041667 
166.041667 166.031748 166.026375 166.025398 166.026375 166.031748 166.041667 
0.000000 166.032236 166.027840 166.026375 166.027840 166.032236 0.000000 
0.000000 166.033213 166.028817 166.027840 166.028817 166.033213 0.000000 
0.000000 166.034190 166.030283 166.028817 166.030283 166.034190 0.000000 
0.000000 166.035167 166.031259 166.030283 166.031259 166.035167 0.000000 
0.000000 166.036632 166.032725 166.031259 166.032725 166.036632 0.000000 
0.000000 166.037609 166.033702 166.032725 166.033702 166.037609 0.000000 
0.000000 166.038586 166.034678 166.033702 166.034678 166.038586 0.000000 
0.000000 166.039563 166.036144 166.035167 166.036144 166.039563 0.000000 
0.000000 166.041028 166.037121 166.036144 166.037121 166.041028 0.000000 
0.000000 0.000000 166.038586 166.037609 166.038586 0.000000 0.000000 
0.000000 0.000000 166.039563 166.038586 166.039563 0.000000 0.000000 
0.000000 0.000000 166.041028 166.040051 166.041028 0.000000 0.000000 
0.000000 0.000000 0.000000 166.041028 0.000000 0.000000 0.000000 
