test/output/constant/M475_S060_A000_WD090.0_WS010.0/M475_S060_A000_WD090.0_WS010.0_arrival.asc
ncols         30
nrows         7
xllcorner     423703.990666
yllcorner     12748455.311160
cellsize      100.000000
NODATA_value  0.000000
0.000000 0.000000 0.000000 0.000000 0.000000 0.000000 0.000000 0.000000 166.041343 166.040210 166.039644 166.039078 166.037945 166.037945 166.037945 166.037945 166.038511 166.039078 166.039644 166.041343 0.000000 0.000000 0.000000 0.000000 0.000000 0.000000 0.000000 0.000000 0.000000 0.000000 
0.000000 0.000000 166.041667 166.040210 166.039078 166.037945 166.036246 166.035113 166.033981 166.032848 166.031715 166.030016 166.029450 166.028317 166.027184 166.026052 166.025485 166.024353 166.023220 166.023220 166.022654 166.023220 166.023786 166.024353 166.026618 166.029450 166.035113 0.000000 0.000000 0.000000 
166.041343 166.040210 166.038511 166.037379 166.035680 166.034547 166.032848 166.031715 166.030016 166.028883 166.027751 166.026052 166.024919 166.023220 166.022087 166.020388 166.019256 166.017557 166.016424 166.015291 166.013592 166.012460 166.011327 166.010194 166.009061 166.007929 166.007929 166.008495 166.010194 166.027184 
166.040777 166.039078 166.037945 166.036246 166.035113 166.033414 166.032281 166.030582 166.029450 166.027751 166.026618 166.024919 166.023786 166.022087 166.020955 166.019256 166.018123 166.016424 166.015291 166.013592 166.012460 166.010760 166.009628 166.007929 166.006796 166.005097 166.003964 166.002265 166.001133 166.000000 
166.041343 166.040210 166.038511 166.037379 166.035680 166.034547 166.032848 166.031715 166.030016 166.028883 166.027751 166.026052 166.024919 166.023220 166.022087 166.020388 166.019256 166.017557 166.016424 166.015291 166.013592 166.012460 166.011327 166.010194 166.009061 166.007929 166.007929 166.008495 166.010194 166.027184 
0.000000 0.000000 166.041667 166.040210 166.039078 166.037945 166.036246 166.035113 166.033981 166.032848 166.031715 166.030016 166.029450 166.028317 166.027184 166.026052 166.025485 166.024353 166.023220 166.023220 166.022654 166.023220 166.023786 166.024353 166.026618 166.029450 166.035113 0.000000 0.000000 0.000000 
0.000000 0.000000 0.000000 0.000000 0.000000 0.000000 0.000000 0.000000 166.041343 166.040210 166.039644 166.039078 166.037945 166.037945 166.037945 166.037945 166.038511 166.039078 166.039644 166.041343 0.000000 0.000000 0.000000 0.000000 0.000000 0.000000 0.000000 0.000000 0.000000 0.000000 
