test/output/constant/M485_S060_A270_WD180.0_WS010.0/M485_S060_A270_WD180.0_WS010.0_arrival.asc
ncols         7
nrows         35
xllcorner     426303.990666
yllcorner     12748755.311160
cellsize      100.000000
NODATA_value  0.000000
0.000000 0.000000 0.000000 166.041436 0.000000 0.000000 0.000000 
0.000000 0.000000 166.040942 166.040449 166.040942 0.000000 0.000000 
0.000000 0.000000 166.039956 166.038969 166.039956 0.000000 0.000000 
0.000000 166.040942 166.038476 166.037983 166.038476 166.040942 0.000000 
0.000000 166.039956 166.037489 166.036503 166.037489 166.039956 0.000000 
0.000000 166.038476 166.036010 166.035516 166.036010 166.038476 0.000000 
0.000000 166.037489 166.035023 166.034036 166.035023 166.037489 0.000000 
166.041436 166.036503 166.033543 166.033050 166.033543 166.036503 166.041436 
166.040449 166.035023 166.032557 166.031570 166.032557 166.035023 166.040449 
166.039956 166.034036 166.031077 166.030584 166.031077 166.034036 166.039956 
166.038969 166.033050 166.030090 166.029104 166.030090 166.033050 166.038969 
166.037983 166.032063 166.028610 166.028117 166.028610 166.032063 166.037983 
166.036996 166.030584 166.027624 166.026637 166.027624 166.030584 166.036996 
166.036503 166.029597 166.026144 166.025651 166.026144 166.029597 166.036503 
166.035516 166.028610 166.025157 166.024171 166.025157 166.028610 166.035516 
166.034530 166.027624 166.024171 166.023184 166.024171 166.027624 166.034530 
166.034036 166.026637 166.022691 166.021704 166.022691 166.026637 166.034036 
166.033543 166.025651 166.021704 166.020718 166.021704 166.025651 166.033543 
166.033543 166.024664 166.020225 166.019238 166.020225 166.024664 166.033543 
166.033543 166.023678 166.019238 166.018251 166.019238 166.023678 166.033543 
166.033543 166.023184 166.017758 166.016772 166.017758 166.023184 166.033543 
166.034036 166.022198 166.016772 166.015785 166.016772 166.022198 166.034036 
166.034530 166.021211 166.015292 166.014305 166.015292 166.021211 166.034530 
166.035023 166.020718 166.014305 166.013319 166.014305 166.020718 166.035023 
166.036010 166.020225 166.013319 166.011839 166.013319 166.020225 166.036010 
166.037489 166.020225 166.011839 166.010852 166.011839 166.020225 166.037489 
166.039956 166.020225 166.010852 166.009372 166.010852 166.020225 166.039956 
0.000000 166.020718 166.009866 166.008386 166.009866 166.020718 0.000000 
0.000000 166.021704 166.008879 166.006906 166.008879 166.021704 0.000000 
0.000000 166.023184 166.007893 166.005919 166.007893 166.023184 0.000000 
0.000000 166.026144 166.006906 166.004440 166.006906 166.026144 0.000000 
0.000000 166.031570 166.006906 166.003453 166.006906 166.031570 0.000000 
0.000000 0.000000 166.007399 166.001973 166.007399 0.000000 0.000000 
0.000000 0.000000 166.009372 166.000987 166.009372 0.000000 0.000000 
0.000000 0.000000 166.024664 166.000000 166.024664 0.000000 0.000000 
