test/output/constant/M3M465_S060_A180_WD180.0_WS005.0/M3M465_S060_A180_WD180.0_WS005.0_arrival.asc
ncols         34
nrows         9
xllcorner     426603.990666
yllcorner     12748555.311160
cellsize      100.000000
NODATA_value  0.000000
0.000000 0.000000 0.000000 0.000000 0.000000 0.000000 0.000000 0.000000 0.000000 0.000000 0.000000 0.000000 0.000000 0.000000 0.000000 166.039851 166.038356 166.037360 166.036862 166.036364 166.036364 166.036364 166.036364 166.036364 166.036364 166.036862 166.037360 166.037858 166.038356 166.038854 166.039851 166.040847 166.041667 0.000000 
0.000000 0.000000 0.000000 0.000000 0.000000 0.000000 0.000000 0.000000 0.000000 0.000000 166.038854 166.035865 166.033375 166.031382 166.030386 166.029888 166.029888 166.029888 166.029888 166.029888 166.029888 166.030386 166.030884 166.031382 166.032379 166.032877 166.033873 166.034869 166.035865 166.036862 166.037858 166.038854 166.040349 166.041345 
0.000000 0.000000 0.000000 0.000000 0.000000 0.000000 166.038854 166.032877 166.029390 166.026401 166.024408 166.023412 166.023412 166.023412 166.022914 166.023412 166.023412 166.023910 166.024408 166.025405 166.025903 166.026899 166.027895 166.028892 166.029888 166.031382 166.032379 166.033873 166.034869 166.036364 166.037360 166.038854 166.039851 166.041345 
0.000000 0.000000 0.000000 166.038356 166.028393 166.023412 166.019925 166.017435 166.016936 166.016438 166.016438 166.016936 166.016936 166.017435 166.018431 166.019427 166.020423 166.021420 166.022416 166.023910 166.024907 166.025903 166.027397 166.028892 166.029888 166.031382 166.032379 166.033873 166.034869 166.036364 166.037858 166.039352 166.040349 0.000000 
0.000000 166.032379 166.019925 166.013450 166.010959 166.009963 166.009963 166.009963 166.010461 166.011457 166.012453 166.013450 166.014944 166.015940 166.017435 166.018431 166.019925 166.020922 166.022416 166.023412 166.024907 166.026401 166.027895 166.028892 166.030386 166.031880 166.033375 166.034869 166.036364 166.037858 166.039352 166.040847 0.000000 0.000000 
166.011955 166.003985 166.003487 166.003487 166.004483 166.005978 166.006974 166.008468 166.009963 166.010959 166.012453 166.013450 166.014944 166.015940 166.017435 166.018929 166.020423 166.021918 166.023412 166.024907 166.026401 166.028393 166.029888 166.031382 166.033375 166.034869 166.036364 166.038356 166.039851 166.041345 0.000000 0.000000 0.000000 0.000000 
166.000000 166.000996 166.001993 166.003487 166.004483 166.005978 166.007472 166.008966 166.010461 166.012453 166.013948 166.015940 166.017435 166.018929 166.020922 166.022416 166.023910 166.025903 166.027397 166.029390 166.030884 166.032877 166.034371 166.036364 166.037858 166.039851 166.041345 0.000000 0.000000 0.000000 0.000000 0.000000 0.000000 0.000000 
166.021918 166.013948 166.012453 166.012951 166.013450 166.014446 166.015940 166.017435 166.018929 166.020423 166.021918 166.023412 166.024907 166.026899 166.028393 166.029888 166.031382 166.033375 166.034869 166.036364 166.038356 166.039851 166.041667 0.000000 0.000000 0.000000 0.000000 0.000000 0.000000 0.000000 0.000000 0.000000 0.000000 0.000000 
0.000000 0.000000 0.000000 166.041345 166.038854 166.036862 166.036364 166.036364 166.036364 166.037360 166.037858 166.038854 166.040349 166.041345 0.000000 0.000000 0.000000 0.000000 0.000000 0.000000 0.000000 0.000000 0.000000 0.000000 0.000000 0.000000 0.000000 0.000000 0.000000 0.000000 0.000000 0.000000 0.000000 0.000000 
