test/output/constant/M3100_S060_A090_WD090.0_WS010.0/M3100_S060_A090_WD090.0_WS010.0_arrival.asc
ncols         19
nrows         58
xllcorner     425003.990666
yllcorner     12743055.311160
cellsize      100.000000
NODATA_value  0.000000
0.000000 0.000000 0.000000 0.000000 0.000000 0.000000 0.000000 0.000000 0.000000 0.000000 0.000000 0.000000 0.000000 0.000000 166.037126 166.006699 166.000000 166.020935 0.000000 
0.000000 0.000000 0.000000 0.000000 0.000000 0.000000 0.000000 0.000000 0.000000 0.000000 0.000000 0.000000 0.000000 0.000000 166.017586 166.001396 166.000558 166.015353 0.000000 
0.000000 0.000000 0.000000 0.000000 0.000000 0.000000 0.000000 0.000000 0.000000 0.000000 0.000000 0.000000 0.000000 166.028193 166.008374 166.001396 166.001117 166.015353 0.000000 
0.000000 0.000000 0.000000 0.000000 0.000000 0.000000 0.000000 0.000000 0.000000 0.000000 0.000000 0.000000 166.039079 166.018144 166.005025 166.001954 166.001954 166.015911 0.000000 
0.000000 0.000000 0.000000 0.000000 0.000000 0.000000 0.000000 0.000000 0.000000 0.000000 0.000000 0.000000 166.028193 166.012282 166.004187 166.002791 166.003350 166.017027 166.041592 
0.000000 0.000000 0.000000 0.000000 0.000000 0.000000 0.000000 0.000000 0.000000 0.000000 0.000000 166.038800 166.020935 166.008932 166.004187 166.003350 166.004745 166.018423 0.000000 
0.000000 0.000000 0.000000 0.000000 0.000000 0.000000 0.000000 0.000000 0.000000 0.000000 0.000000 166.030147 166.015911 166.007258 166.004187 166.004187 166.006420 166.020098 0.000000 
0.000000 0.000000 0.000000 0.000000 0.000000 0.000000 0.000000 0.000000 0.000000 0.000000 166.039917 166.024564 166.012561 166.006978 166.004745 166.004745 166.008095 166.022052 0.000000 
0.000000 0.000000 0.000000 0.000000 0.000000 0.000000 0.000000 0.000000 0.000000 0.000000 166.033218 166.019819 166.010886 166.006699 166.005583 166.005862 166.009770 166.023727 0.000000 
0.000000 0.000000 0.000000 0.000000 0.000000 0.000000 0.000000 0.000000 0.000000 0.000000 166.027914 166.016748 166.010049 166.006978 166.006420 166.006978 166.011445 166.025681 0.000000 
0.000000 0.000000 0.000000 0.000000 0.000000 0.000000 0.000000 0.000000 0.000000 166.036846 166.023727 166.014515 166.009770 166.007258 166.006978 166.008374 166.013120 166.027356 0.000000 
0.000000 0.000000 0.000000 0.000000 0.000000 0.000000 0.000000 0.000000 0.000000 166.031822 166.020377 166.013399 166.009491 166.007816 166.007816 166.009491 166.015074 166.029030 0.000000 
0.000000 0.000000 0.000000 0.000000 0.000000 0.000000 0.000000 0.000000 166.040196 166.027914 166.018423 166.012840 166.009491 166.008374 166.008653 166.011166 166.016748 166.030984 0.000000 
0.000000 0.000000 0.000000 0.000000 0.000000 0.000000 0.000000 0.000000 166.035730 166.024564 166.016748 166.012282 166.009770 166.009212 166.009770 166.012561 166.018423 166.032659 0.000000 
0.000000 0.000000 0.000000 0.000000 0.000000 0.000000 0.000000 0.000000 166.031822 166.022052 166.015911 166.012003 166.010049 166.010049 166.010607 166.014236 166.020377 166.034334 0.000000 
0.000000 0.000000 0.000000 0.000000 0.000000 0.000000 0.000000 166.039359 166.028472 166.020656 166.015353 166.012003 166.010607 166.010607 166.012003 166.015632 166.022052 166.036288 0.000000 
0.000000 0.000000 0.000000 0.000000 0.000000 0.000000 0.000000 166.035451 166.025960 166.019261 166.015074 166.012282 166.011445 166.011445 166.013120 166.017307 166.023727 166.037963 0.000000 
0.000000 0.000000 0.000000 0.000000 0.000000 0.000000 0.000000 166.032380 166.024285 166.018702 166.014794 166.012561 166.012003 166.012282 166.014515 166.018702 166.025681 166.039638 0.000000 
0.000000 0.000000 0.000000 0.000000 0.000000 0.000000 166.039638 166.029868 166.022889 166.018144 166.014794 166.012840 166.012840 166.013399 166.015911 166.020377 166.027356 166.041592 0.000000 
0.000000 0.000000 0.000000 0.000000 0.000000 0.000000 166.036288 166.027914 166.021773 166.017586 166.014794 166.013678 166.013678 166.014515 166.017307 166.022052 166.029310 0.000000 0.000000 
0.000000 0.000000 0.000000 0.000000 0.000000 0.000000 166.033776 166.026518 166.021215 166.017586 166.015074 166.014236 166.014236 166.015911 166.018981 166.024006 166.030984 0.000000 0.000000 
0.000000 0.000000 0.000000 0.000000 0.000000 166.040196 166.031822 166.025402 166.020656 166.017586 166.015353 166.015074 166.015074 166.017027 166.020377 166.025681 166.032659 0.000000 0.000000 
0.000000 0.000000 0.000000 0.000000 0.000000 166.037684 166.030147 166.024564 166.020377 166.017586 166.015911 166.015632 166.016190 166.018144 166.022052 166.027356 166.034613 0.000000 0.000000 
0.000000 0.000000 0.000000 0.000000 0.000000 166.035451 166.028751 166.024006 166.020098 166.017586 166.016469 166.016469 166.017027 166.019540 166.023448 166.029030 166.036288 0.000000 0.000000 
0.000000 0.000000 0.000000 0.000000 166.041592 166.033776 166.027914 166.023448 166.020098 166.017865 166.017307 166.017307 166.018423 166.020656 166.025123 166.030705 166.037963 0.000000 0.000000 
0.000000 0.000000 0.000000 0.000000 166.039359 166.032380 166.027077 166.023169 166.020098 166.018423 166.017865 166.018144 166.019540 166.022331 166.026518 166.032380 166.039917 0.000000 0.000000 
0.000000 0.000000 0.000000 0.000000 166.037684 166.031264 166.026518 166.022889 166.020377 166.018702 166.018702 166.018981 166.020656 166.023727 166.028193 166.034334 166.041592 0.000000 0.000000 
0.000000 0.000000 0.000000 0.000000 166.036009 166.030426 166.026239 166.022889 166.020377 166.019540 166.019261 166.019819 166.022052 166.025123 166.029589 166.036009 0.000000 0.000000 0.000000 
0.000000 0.000000 0.000000 166.041313 166.034613 166.029868 166.025681 166.022889 166.020656 166.020098 166.020098 166.020935 166.023169 166.026518 166.031264 166.037684 0.000000 0.000000 0.000000 
0.000000 0.000000 0.000000 166.039638 166.033776 166.029310 166.025402 166.022889 166.021215 166.020935 166.020935 166.022052 166.024564 166.028193 166.032938 166.039359 0.000000 0.000000 0.000000 
0.000000 0.000000 0.000000 166.038242 166.032938 166.028751 166.025402 166.023169 166.021773 166.021494 166.021773 166.023169 166.025681 166.029589 166.034613 166.041033 0.000000 0.000000 0.000000 
0.000000 0.000000 0.000000 166.037126 166.032380 166.028472 166.025402 166.023169 166.022331 166.022331 166.022610 166.024285 166.027077 166.031264 166.036288 0.000000 0.000000 0.000000 0.000000 
0.000000 0.000000 0.000000 166.036288 166.031822 166.028193 166.025681 166.023727 166.022889 166.023169 166.023727 166.025681 166.028472 166.032659 166.037963 0.000000 0.000000 0.000000 0.000000 
0.000000 0.000000 166.040754 166.035730 166.031543 166.028193 166.025681 166.024285 166.023727 166.024006 166.024843 166.026797 166.029868 166.034334 166.039638 0.000000 0.000000 0.000000 0.000000 
0.000000 0.000000 166.039638 166.035172 166.031264 166.028193 166.025960 166.024564 166.024564 166.024564 166.025960 166.028193 166.031543 166.036009 166.041313 0.000000 0.000000 0.000000 0.000000 
0.000000 0.000000 166.039079 166.034613 166.030984 166.028193 166.026239 166.025402 166.025123 166.025402 166.027077 166.029310 166.032938 166.037405 0.000000 0.000000 0.000000 0.000000 0.000000 
0.000000 0.000000 166.038242 166.034055 166.030705 166.028472 166.026518 166.025960 166.025960 166.026518 166.028193 166.030705 166.034334 166.039079 0.000000 0.000000 0.000000 0.000000 0.000000 
0.000000 0.000000 166.037684 166.033776 166.030705 166.028472 166.027077 166.026518 166.026797 166.027356 166.029589 166.032101 166.036009 166.040475 0.000000 0.000000 0.000000 0.000000 0.000000 
0.000000 166.041592 166.037126 166.033497 166.030705 166.028472 166.027635 166.027356 166.027635 166.028472 166.030426 166.033218 166.037405 0.000000 0.000000 0.000000 0.000000 0.000000 0.000000 
0.000000 166.041033 166.036846 166.033497 166.030984 166.029030 166.028193 166.028193 166.028472 166.029589 166.031822 166.034892 166.039079 0.000000 0.000000 0.000000 0.000000 0.000000 0.000000 
0.000000 166.040475 166.036567 166.033497 166.030984 166.029310 166.028751 166.028751 166.029310 166.030705 166.032938 166.036288 166.040475 0.000000 0.000000 0.000000 0.000000 0.000000 0.000000 
0.000000 166.039917 166.036288 166.033497 166.031264 166.030147 166.029589 166.029589 166.030426 166.031822 166.034334 166.037684 0.000000 0.000000 0.000000 0.000000 0.000000 0.000000 0.000000 
0.000000 166.039638 166.036009 166.033497 166.031543 166.030426 166.030426 166.030426 166.031264 166.033218 166.035730 166.039079 0.000000 0.000000 0.000000 0.000000 0.000000 0.000000 0.000000 
0.000000 166.039359 166.036009 166.033776 166.031822 166.031264 166.030984 166.031264 166.032380 166.034334 166.036846 166.040754 0.000000 0.000000 0.000000 0.000000 0.000000 0.000000 0.000000 
0.000000 166.038800 166.036009 166.033776 166.032380 166.031822 166.031822 166.032101 166.033497 166.035451 166.038242 0.000000 0.000000 0.000000 0.000000 0.000000 0.000000 0.000000 0.000000 
0.000000 166.038800 166.036288 166.034055 166.032938 166.032380 166.032659 166.032938 166.034334 166.036846 166.039638 0.000000 0.000000 0.000000 0.000000 0.000000 0.000000 0.000000 0.000000 
0.000000 166.038800 166.036288 166.034334 166.033218 166.033218 166.033218 166.034055 166.035730 166.037963 166.041033 0.000000 0.000000 0.000000 0.000000 0.000000 0.000000 0.000000 0.000000 
166.041592 166.038800 166.036567 166.034892 166.034055 166.034055 166.034055 166.034892 166.036846 166.039359 0.000000 0.000000 0.000000 0.000000 0.000000 0.000000 0.000000 0.000000 0.000000 
166.041313 166.038800 166.036567 166.035172 166.034613 166.034613 166.034892 166.036009 166.037963 166.040754 0.000000 0.000000 0.000000 0.000000 0.000000 0.000000 0.000000 0.000000 0.000000 
166.041313 166.039079 166.036846 166.036009 166.035451 166.035451 166.036009 166.037126 166.039079 0.000000 0.000000 0.000000 0.000000 0.000000 0.000000 0.000000 0.000000 0.000000 0.000000 
166.041313 166.039079 166.037126 166.036288 166.036009 166.036288 166.036846 166.038242 166.040475 0.000000 0.000000 0.000000 0.000000 0.000000 0.000000 0.000000 0.000000 0.000000 0.000000 
166.041592 166.039359 166.037684 166.036846 166.036846 166.037126 166.037684 166.039359 166.041592 0.000000 0.000000 0.000000 0.000000 0.000000 0.000000 0.000000 0.000000 0.000000 0.000000 
166.041592 166.039359 166.038242 166.037684 166.037684 166.037963 166.038800 166.040475 0.000000 0.000000 0.000000 0.000000 0.000000 0.000000 0.000000 0.000000 0.000000 0.000000 0.000000 
166.041667 166.039638 166.038800 166.038242 166.038242 166.038800 166.039917 0.000000 0.000000 0.000000 0.000000 0.000000 0.000000 0.000000 0.000000 0.000000 0.000000 0.000000 0.000000 
0.000000 166.040196 166.039079 166.039079 166.039079 166.039638 166.041033 0.000000 0.000000 0.000000 0.000000 0.000000 0.000000 0.000000 0.000000 0.000000 0.000000 0.000000 0.000000 
0.000000 166.040475 166.039917 166.039638 166.039917 166.040475 0.000000 0.000000 0.000000 0.000000 0.000000 0.000000 0.000000 0.000000 0.000000 0.000000 0.000000 0.000000 0.000000 
0.000000 166.041033 166.040475 166.040475 166.040754 166.041592 0.000000 0.000000 0.000000 0.000000 0.000000 0.000000 0.000000 0.000000 0.000000 0.000000 0.000000 0.000000 0.000000 
0.000000 166.041592 166.041313 166.041313 166.041592 0.000000 0.000000 0.000000 0.000000 0.000000 0.000000 0.000000 0.000000 0.000000 0.000000 0.000000 0.000000 0.000000 0.000000 
