test/output/constant/M3100_S060_A090_WD090.0_WS010.0/M3100_S060_A090_WD090.0_WS010.0_ros.asc
ncols         19
nrows         58
xllcorner     425003.990666
yllcorner     12743055.311160
cellsize      100.000000
NODATA_value  0.000000
0.000000 0.000000 0.000000 0.000000 0.000000 0.000000 0.000000 0.000000 0.000000 0.000000 0.000000 0.000000 0.000000 0.000000 1.115673 0.852417 0.000000 1.062169 0.000000 
0.000000 0.000000 0.000000 0.000000 0.000000 0.000000 0.000000 0.000000 0.000000 0.000000 0.000000 0.000000 0.000000 0.000000 1.522273 81.539833 98.516449 20.691452 0.000000 
0.000000 0.000000 0.000000 0.000000 0.000000 0.000000 0.000000 0.000000 0.000000 0.000000 0.000000 0.000000 0.000000 1.115673 5.161050 98.318687 98.516449 20.691452 0.000000 
0.000000 0.000000 0.000000 0.000000 0.000000 0.000000 0.000000 0.000000 0.000000 0.000000 0.000000 0.000000 1.115673 1.522273 5.161050 98.516449 92.950180 35.524544 0.000000 
0.000000 0.000000 0.000000 0.000000 0.000000 0.000000 0.000000 0.000000 0.000000 0.000000 0.000000 0.000000 2.019786 2.819099 74.689156 98.516449 35.524544 20.691452 20.691452 
0.000000 0.000000 0.000000 0.000000 0.000000 0.000000 0.000000 0.000000 0.000000 0.000000 0.000000 1.522273 67.098816 2.019786 98.516449 98.516449 43.727703 20.691452 0.000000 
0.000000 0.000000 0.000000 0.000000 0.000000 0.000000 0.000000 0.000000 0.000000 0.000000 0.000000 2.019786 5.161050 67.098816 98.516449 88.394646 27.767502 35.524544 0.000000 
0.000000 0.000000 0.000000 0.000000 0.000000 0.000000 0.000000 0.000000 0.000000 0.000000 2.819099 67.098816 67.098816 81.539833 98.516449 88.394646 27.767502 27.767502 0.000000 
0.000000 0.000000 0.000000 0.000000 0.000000 0.000000 0.000000 0.000000 0.000000 0.000000 67.098816 2.019786 67.098816 98.318687 98.516449 35.524544 35.524544 43.727703 0.000000 
0.000000 0.000000 0.000000 0.000000 0.000000 0.000000 0.000000 0.000000 0.000000 0.000000 2.019786 1.115673 67.098816 98.516449 98.516449 43.727703 35.524544 35.524544 0.000000 
0.000000 0.000000 0.000000 0.000000 0.000000 0.000000 0.000000 0.000000 0.000000 1.115673 67.098816 67.098816 5.161050 98.516449 98.516449 27.767502 43.727703 20.691452 0.000000 
0.000000 0.000000 0.000000 0.000000 0.000000 0.000000 0.000000 0.000000 0.000000 67.098816 67.098816 5.161050 98.516449 98.516449 68.504738 82.681320 27.767502 35.524544 0.000000 
0.000000 0.000000 0.000000 0.000000 0.000000 0.000000 0.000000 0.000000 67.098816 2.019786 2.819099 5.161050 98.516449 98.516449 98.516449 27.767502 20.691452 35.524544 0.000000 
0.000000 0.000000 0.000000 0.000000 0.000000 0.000000 0.000000 0.000000 2.019786 5.161050 67.098816 67.098816 98.516449 98.516449 27.767502 35.524544 35.524544 35.524544 0.000000 
0.000000 0.000000 0.000000 0.000000 0.000000 0.000000 0.000000 0.000000 1.522273 67.098816 67.098816 95.719856 98.516449 98.434837 92.950180 27.767502 27.767502 43.727703 0.000000 
0.000000 0.000000 0.000000 0.000000 0.000000 0.000000 0.000000 5.161050 67.098816 2.819099 67.098816 92.217590 98.516449 96.209694 35.524544 43.727703 14.510248 20.691452 0.000000 
0.000000 0.000000 0.000000 0.000000 0.000000 0.000000 0.000000 67.098816 8.782124 67.098816 67.098816 98.516449 98.516449 82.681320 75.983589 27.767502 35.524544 35.524544 0.000000 
0.000000 0.000000 0.000000 0.000000 0.000000 0.000000 0.000000 5.161050 8.782124 5.161050 74.689156 98.516449 98.516449 96.209694 43.727703 60.471745 27.767502 43.727703 0.000000 
0.000000 0.000000 0.000000 0.000000 0.000000 0.000000 2.819099 67.098816 5.161050 2.019786 98.516449 95.719856 98.516449 43.727703 43.727703 35.524544 35.524544 20.691452 0.000000 
0.000000 0.000000 0.000000 0.000000 0.000000 0.000000 74.689156 67.098816 67.098816 67.098816 98.516449 98.516449 82.681320 35.524544 43.727703 35.524544 35.524544 0.000000 0.000000 
0.000000 0.000000 0.000000 0.000000 0.000000 0.000000 8.782124 5.161050 67.098816 2.819099 98.516449 98.516449 98.516449 35.524544 27.767502 27.767502 20.691452 0.000000 0.000000 
0.000000 0.000000 0.000000 0.000000 0.000000 67.098816 74.689156 2.819099 67.098816 98.516449 98.516449 98.516449 88.394646 14.510248 35.524544 20.691452 43.727703 0.000000 0.000000 
0.000000 0.000000 0.000000 0.000000 0.000000 74.689156 67.098816 67.098816 67.098816 98.516449 98.516449 98.516449 43.727703 35.524544 27.767502 14.510248 35.524544 0.000000 0.000000 
0.000000 0.000000 0.000000 0.000000 0.000000 67.098816 74.689156 5.161050 81.539833 95.719856 98.516449 98.074318 68.504738 35.524544 35.524544 35.524544 35.524544 0.000000 0.000000 
0.000000 0.000000 0.000000 0.000000 67.098816 74.689156 5.161050 74.689156 98.516449 98.516449 98.516449 98.516449 27.767502 60.471745 27.767502 43.727703 43.727703 0.000000 0.000000 
0.000000 0.000000 0.000000 0.000000 67.098816 67.098816 67.098816 74.689156 98.516449 98.516449 98.516449 35.524544 35.524544 27.767502 43.727703 43.727703 20.691452 0.000000 0.000000 
0.000000 0.000000 0.000000 0.000000 5.161050 67.098816 67.098816 81.539833 98.516449 98.516449 92.950180 43.727703 82.681320 35.524544 27.767502 35.524544 35.524544 0.000000 0.000000 
0.000000 0.000000 0.000000 0.000000 67.098816 67.098816 8.782124 98.516449 98.516449 98.516449 98.516449 98.516449 35.524544 35.524544 43.727703 27.767502 0.000000 0.000000 0.000000 
0.000000 0.000000 0.000000 74.689156 74.689156 5.161050 67.098816 98.516449 98.516449 98.516449 75.983589 35.524544 43.727703 43.727703 43.727703 20.691452 0.000000 0.000000 0.000000 
0.000000 0.000000 0.000000 67.098816 67.098816 8.782124 81.539833 98.516449 98.516449 98.516449 82.681320 35.524544 27.767502 35.524544 43.727703 43.727703 0.000000 0.000000 0.000000 
0.000000 0.000000 0.000000 67.098816 67.098816 67.098816 98.516449 98.516449 98.516449 98.516449 98.516449 35.524544 52.128357 92.950180 43.727703 43.727703 0.000000 0.000000 0.000000 
0.000000 0.000000 0.000000 67.098816 74.689156 67.098816 98.516449 98.516449 98.516449 98.516449 96.209694 82.681320 43.727703 43.727703 43.727703 0.000000 0.000000 0.000000 0.000000 
0.000000 0.000000 0.000000 67.098816 67.098816 81.539833 98.516449 98.516449 98.516449 35.524544 43.727703 35.524544 43.727703 75.983589 43.727703 0.000000 0.000000 0.000000 0.000000 
0.000000 0.000000 5.161050 67.098816 67.098816 98.516449 98.516449 98.516449 98.516449 98.516449 75.983589 35.524544 43.727703 43.727703 35.524544 0.000000 0.000000 0.000000 0.000000 
0.000000 0.000000 74.689156 5.161050 5.161050 98.516449 98.516449 98.516449 98.516449 92.950180 68.504738 20.691452 27.767502 27.767502 43.727703 0.000000 0.000000 0.000000 0.000000 
0.000000 0.000000 5.161050 67.098816 5.161050 98.516449 98.516449 98.516449 98.516449 88.394646 43.727703 82.681320 43.727703 35.524544 0.000000 0.000000 0.000000 0.000000 0.000000 
0.000000 0.000000 67.098816 74.689156 98.516449 98.516449 98.516449 98.516449 52.128357 35.524544 43.727703 35.524544 43.727703 27.767502 0.000000 0.000000 0.000000 0.000000 0.000000 
0.000000 0.000000 67.098816 67.098816 98.516449 98.516449 98.516449 98.516449 35.524544 60.471745 20.691452 20.691452 43.727703 68.504738 0.000000 0.000000 0.000000 0.000000 0.000000 
0.000000 67.098816 74.689156 81.539833 92.217590 95.719856 98.516449 98.516449 27.767502 43.727703 75.983589 82.681320 82.681320 0.000000 0.000000 0.000000 0.000000 0.000000 0.000000 
0.000000 5.161050 74.689156 81.539833 98.516449 98.516449 98.516449 98.516449 43.727703 35.524544 43.727703 20.691452 14.510248 0.000000 0.000000 0.000000 0.000000 0.000000 0.000000 
0.000000 74.689156 67.098816 98.516449 98.318687 98.516449 98.516449 98.434837 98.516449 43.727703 88.394646 43.727703 35.524544 0.000000 0.000000 0.000000 0.000000 0.000000 0.000000 
0.000000 67.098816 81.539833 98.516449 98.516449 98.516449 98.516449 98.516449 98.516449 43.727703 35.524544 43.727703 0.000000 0.000000 0.000000 0.000000 0.000000 0.000000 0.000000 
0.000000 1.522273 81.539833 87.442497 98.516449 98.516449 88.394646 92.950180 43.727703 52.128357 35.524544 82.681320 0.000000 0.000000 0.000000 0.000000 0.000000 0.000000 0.000000 
0.000000 5.161050 98.516449 98.516449 98.516449 98.516449 98.516449 98.516449 60.471745 14.510248 75.983589 43.727703 0.000000 0.000000 0.000000 0.000000 0.000000 0.000000 0.000000 
0.000000 81.539833 92.217590 92.217590 98.516449 98.516449 98.516449 98.434837 27.767502 88.394646 52.128357 0.000000 0.000000 0.000000 0.000000 0.000000 0.000000 0.000000 0.000000 
0.000000 81.539833 98.516449 98.516449 98.516449 98.516449 35.524544 82.681320 82.681320 20.691452 43.727703 0.000000 0.000000 0.000000 0.000000 0.000000 0.000000 0.000000 0.000000 
0.000000 98.516449 95.719856 98.516449 98.516449 98.516449 98.516449 98.516449 35.524544 88.394646 43.727703 0.000000 0.000000 0.000000 0.000000 0.000000 0.000000 0.000000 0.000000 
67.098816 98.516449 98.516449 98.516449 98.516449 98.434837 82.681320 60.471745 43.727703 43.727703 0.000000 0.000000 0.000000 0.000000 0.000000 0.000000 0.000000 0.000000 0.000000 
81.539833 95.719856 98.516449 98.516449 98.516449 98.516449 82.681320 88.394646 98.516449 35.524544 0.000000 0.000000 0.000000 0.000000 0.000000 0.000000 0.000000 0.000000 0.000000 
98.516449 98.516449 98.516449 98.516449 98.516449 98.516449 35.524544 35.524544 75.983589 0.000000 0.000000 0.000000 0.000000 0.000000 0.000000 0.000000 0.000000 0.000000 0.000000 
97.842720 97.842720 97.842720 98.516449 98.516449 98.516449 35.524544 60.471745 43.727703 0.000000 0.000000 0.000000 0.000000 0.000000 0.000000 0.000000 0.000000 0.000000 0.000000 
98.516449 98.516449 98.516449 98.516449 98.516449 35.524544 82.681320 43.727703 75.983589 0.000000 0.000000 0.000000 0.000000 0.000000 0.000000 0.000000 0.000000 0.000000 0.000000 
98.318687 98.516449 98.516449 98.516449 98.516449 35.524544 35.524544 88.394646 0.000000 0.000000 0.000000 0.000000 0.000000 0.000000 0.000000 0.000000 0.000000 0.000000 0.000000 
97.842720 98.516449 98.516449 98.516449 96.209694 98.516449 52.128357 0.000000 0.000000 0.000000 0.000000 0.000000 0.000000 0.000000 0.000000 0.000000 0.000000 0.000000 0.000000 
0.000000 98.516449 98.516449 98.516449 98.516449 98.516449 35.524544 0.000000 0.000000 0.000000 0.000000 0.000000 0.000000 0.000000 0.000000 0.000000 0.000000 0.000000 0.000000 
0.000000 98.516449 98.516449 98.516449 60.471745 60.471745 0.000000 0.000000 0.000000 0.000000 0.000000 0.000000 0.000000 0.000000 0.000000 0.000000 0.000000 0.000000 0.000000 
0.000000 98.516449 98.516449 52.128357 98.516449 35.524544 0.000000 0.000000 0.000000 0.000000 0.000000 0.000000 0.000000 0.000000 0.000000 0.000000 0.000000 0.000000 0.000000 
0.000000 97.842720 98.516449 75.983589 82.681320 0.000000 0.000000 0.000000 0.000000 0.000000 0.000000 0.000000 0.000000 0.000000 0.000000 0.000000 0.000000 0.000000 0.000000 
