test/output/constant/M3M4100_S000_A000_WD045.0_WS015.0/M3M4100_S000_A000_WD045.0_WS015.0_arrival.asc
ncols         19
nrows         19
xllcorner     425103.990666
yllcorner     12747255.311160
cellsize      100.000000
NODATA_value  0.000000
0.000000 0.000000 0.000000 0.000000 0.000000 0.000000 0.000000 0.000000 0.000000 0.000000 0.000000 0.000000 166.039635 166.035418 166.033732 166.033732 166.034575 166.039635 0.000000 
0.000000 0.000000 0.000000 0.000000 0.000000 0.000000 0.000000 0.000000 0.000000 166.041667 166.037105 166.032045 166.027829 166.023612 166.020239 166.020239 166.021926 166.028672 166.039635 
0.000000 0.000000 0.000000 0.000000 0.000000 0.000000 0.000000 0.000000 166.038792 166.033732 166.027829 166.022769 166.017709 166.012649 166.008433 166.006746 166.010120 166.021926 166.034575 
0.000000 0.000000 0.000000 0.000000 0.000000 0.000000 0.000000 166.037105 166.031202 166.026142 166.021082 166.016023 166.010963 166.005903 166.001687 166.000000 166.006746 166.020239 166.033732 
0.000000 0.000000 0.000000 0.000000 0.000000 166.041321 166.036262 166.031202 166.026142 166.021082 166.016023 166.011806 166.007590 166.004216 166.001687 166.001687 166.008433 166.020239 166.033732 
0.000000 0.000000 0.000000 0.000000 166.041321 166.036262 166.032045 166.026985 166.021926 166.017709 166.013493 166.010120 166.007590 166.005060 166.004216 166.005903 166.012649 166.023612 166.035418 
0.000000 0.000000 0.000000 0.000000 166.037105 166.032888 166.028672 166.023612 166.019396 166.016023 166.012649 166.010120 166.007590 166.007590 166.007590 166.010963 166.017709 166.027829 166.039635 
0.000000 0.000000 0.000000 166.038792 166.034575 166.030359 166.026142 166.021926 166.018552 166.016023 166.012649 166.010963 166.010120 166.010120 166.011806 166.016023 166.022769 166.032045 0.000000 
0.000000 0.000000 166.040478 166.036262 166.032045 166.027829 166.024456 166.021926 166.018552 166.016023 166.013493 166.012649 166.012649 166.013493 166.016023 166.021082 166.027829 166.037105 0.000000 
0.000000 0.000000 166.037948 166.034575 166.030359 166.026985 166.024456 166.021082 166.018552 166.016866 166.016023 166.016023 166.016023 166.017709 166.021082 166.026142 166.033732 166.041667 0.000000 
0.000000 166.040478 166.036262 166.032888 166.030359 166.026985 166.024456 166.021926 166.019396 166.018552 166.018552 166.018552 166.019396 166.021926 166.026142 166.031202 166.038792 0.000000 0.000000 
0.000000 166.038792 166.035418 166.032888 166.029515 166.026985 166.025299 166.022769 166.021926 166.021082 166.021926 166.021926 166.023612 166.026985 166.031202 166.037105 0.000000 0.000000 0.000000 
166.041321 166.038792 166.035418 166.032888 166.030359 166.027829 166.026142 166.025299 166.024456 166.024456 166.024456 166.026142 166.028672 166.032045 166.036262 0.000000 0.000000 0.000000 0.000000 
166.041321 166.037948 166.035418 166.032888 166.030359 166.028672 166.027829 166.026985 166.026985 166.026985 166.027829 166.030359 166.032888 166.036262 166.041321 0.000000 0.000000 0.000000 0.000000 
166.041321 166.037948 166.036262 166.033732 166.032045 166.030359 166.030359 166.029515 166.030359 166.030359 166.032045 166.034575 166.037105 166.041321 0.000000 0.000000 0.000000 0.000000 0.000000 
166.041321 166.038792 166.037105 166.034575 166.033732 166.032888 166.032888 166.032888 166.032888 166.034575 166.036262 166.038792 0.000000 0.000000 0.000000 0.000000 0.000000 0.000000 0.000000 
166.041321 166.039635 166.037948 166.037105 166.036262 166.035418 166.035418 166.035418 166.036262 166.037948 166.040478 0.000000 0.000000 0.000000 0.000000 0.000000 0.000000 0.000000 0.000000 
0.000000 166.040478 166.039635 166.038792 166.037948 166.037948 166.038792 166.038792 166.040478 0.000000 0.000000 0.000000 0.000000 0.000000 0.000000 0.000000 0.000000 0.000000 0.000000 
0.000000 0.000000 166.041321 166.041321 166.041321 166.041321 166.041321 0.000000 0.000000 0.000000 0.000000 0.000000 0.000000 0.000000 0.000000 0.000000 0.000000 0.000000 0.000000 
