test/output/constant/M3100_S060_A090_WD135.0_WS005.0/M3100_S060_A090_WD135.0_WS005.0_intensity.asc
ncols         13
nrows         55
xllcorner     425703.990666
yllcorner     12743455.311160
cellsize      100.000000
NODATA_value  0.000000
0 0 0 0 0 0 0 0 0 1726 0 0 0 
0 0 0 0 0 0 0 1328 1726 0 1304 0 0 
0 0 0 0 0 0 0 1092 2834 83142 50585 1304 0 
0 0 0 0 0 0 2164 2164 77868 83142 29692 1304 0 
0 0 0 0 0 0 2834 56810 83142 83142 29692 36541 0 
0 0 0 0 0 0 1328 56810 83142 83142 29692 29692 0 
0 0 0 0 0 1092 4823 4823 83142 50585 43576 50585 43576 
0 0 0 0 0 56810 56810 83142 83142 83142 57353 43576 36541 
0 0 0 0 0 56810 4823 77868 83142 57353 43576 29692 57353 
0 0 0 0 56810 63175 56810 83142 83142 36541 63676 43576 23238 
0 0 0 0 1328 1328 56810 83142 83142 78154 63676 23238 29692 
0 0 0 0 56810 56810 83142 56810 83142 69362 69362 36541 50585 
0 0 0 56810 63175 56810 83142 77868 83142 69362 69362 36541 29692 
0 0 0 56810 56810 2164 73866 83142 83142 69362 63676 50585 29692 
0 0 0 56810 63175 56810 83142 83142 83142 69362 63676 29692 43576 
0 0 0 56810 2834 83142 83142 83142 63676 69362 69362 36541 43576 
0 0 0 4823 63175 83142 83142 83142 63676 69362 69362 50585 29692 
0 0 56810 56810 56810 83142 83142 83142 74237 63676 69362 43576 43576 
0 0 56810 63175 4823 77868 73866 83142 63676 69362 69362 36541 43576 
0 0 56810 56810 80801 83142 83142 83142 83142 69362 69362 63676 29692 
0 0 63175 56810 73866 83142 73866 83142 78154 69362 69362 63676 43576 
0 0 4823 56810 83142 80801 83142 83142 69362 50585 69362 36541 36541 
0 0 56810 56810 83142 83142 80801 83142 57353 43576 69362 63676 43576 
0 0 4823 83142 63175 83142 83142 80995 74237 50585 69362 43576 43576 
0 56810 7873 82989 82577 83142 83142 83142 63676 50585 69362 57353 36541 
0 56810 56810 80801 83142 83142 83142 57353 69362 36541 69362 63676 29692 
0 56810 2834 83142 77868 83142 83142 74237 50585 57353 74237 69362 36541 
0 56810 83142 83142 73866 83142 83142 83142 63676 57353 69362 69362 43576 
0 56810 83142 68918 80801 83142 83142 82671 63676 57353 69362 63676 36541 
0 4823 83142 82577 80801 83142 83142 69362 63676 57353 69362 29692 29692 
0 63175 82577 83142 80801 83142 83142 83142 69362 63676 69362 36541 43576 
0 73866 83142 68918 83142 83142 83142 69362 63676 63676 69362 43576 43576 
0 63175 83142 82577 73866 83142 83142 63676 43576 63676 69362 43576 63676 
0 83142 83142 83142 83142 83142 83142 83142 29692 63676 69362 43576 50585 
63175 83142 80801 73866 83142 83142 83142 63676 78154 63676 69362 43576 0 
83142 80801 83142 83142 73866 83142 63676 82671 63676 69362 69362 43576 0 
80801 83142 73866 77868 83142 83142 83142 63676 69362 69362 69362 50585 0 
73866 82989 82989 82989 83142 83142 83142 63676 74237 69362 29692 36541 0 
83142 83142 82577 68918 83142 83142 63676 23238 69362 69362 36541 57353 0 
68918 77868 83142 82989 83142 83142 63676 78154 69362 69362 36541 57353 0 
0 83142 63175 83142 83142 83142 69362 57353 69362 69362 43576 0 0 
0 73866 83142 83142 83142 83142 83142 69362 69362 63676 23238 0 0 
0 82989 63175 83142 80801 83142 57353 63676 69362 63676 36541 0 0 
0 83142 83142 83142 83142 83142 83142 43576 69362 63676 50585 0 0 
0 73866 83142 83142 83142 63676 69362 43576 69362 63676 69362 0 0 
0 83142 80801 83142 77868 83142 69362 63676 63676 69362 0 0 0 
0 83142 83142 83142 83142 63676 83142 69362 69362 69362 0 0 0 
0 83142 83142 83142 83142 83142 74237 69362 74237 63676 0 0 0 
0 83142 82577 83142 83142 69362 43576 69362 69362 0 0 0 0 
0 83142 83142 83142 83142 83142 63676 43576 69362 0 0 0 0 
0 73866 80801 83142 83142 69362 63676 69362 50585 0 0 0 0 
0 0 82577 83142 83142 83142 74237 63676 0 0 0 0 0 
0 0 83142 68918 83142 83142 78154 63676 0 0 0 0 0 
0 0 83142 83142 83142 83142 63676 0 0 0 0 0 0 
0 0 0 77868 83142 69362 0 0 0 0 0 0 0 
