test/output/constant/M385_S060_A180_WD090.0_WS025.0/M385_S060_A180_WD090.0_WS025.0_arrival.asc
ncols         21
nrows         11
xllcorner     426303.990666
yllcorner     12748255.311160
cellsize      100.000000
NODATA_value  0.000000
0.000000 0.000000 0.000000 0.000000 0.000000 0.000000 0.000000 166.041026 166.040049 166.039072 166.039072 166.039072 166.039072 166.040049 166.041026 0.000000 0.000000 0.000000 0.000000 0.000000 0.000000 
0.000000 0.000000 0.000000 0.000000 166.038095 166.034188 166.032234 166.031258 166.030281 166.030281 166.030281 166.031258 166.032234 166.033211 166.035165 166.037118 166.039072 166.041026 0.000000 0.000000 0.000000 
0.000000 0.000000 166.037118 166.030281 166.026374 166.023443 166.022466 166.021490 166.022466 166.022466 166.023443 166.025397 166.027350 166.029304 166.031258 166.033211 166.035165 166.037118 166.039072 166.041667 0.000000 
0.000000 166.033211 166.023443 166.017582 166.014652 166.013675 166.013675 166.013675 166.015629 166.017582 166.019536 166.021490 166.023443 166.025397 166.028327 166.030281 166.032234 166.035165 166.037118 166.040049 166.041667 
166.037118 166.023443 166.011722 166.004884 166.004884 166.005861 166.007814 166.009768 166.011722 166.014652 166.016606 166.019536 166.021490 166.024420 166.026374 166.029304 166.031258 166.034188 166.036142 166.039072 166.041026 
166.036142 166.021490 166.007814 166.000000 166.001954 166.003907 166.006838 166.008791 166.011722 166.013675 166.016606 166.018559 166.021490 166.023443 166.026374 166.028327 166.031258 166.033211 166.036142 166.038095 166.041026 
166.037118 166.023443 166.011722 166.004884 166.004884 166.005861 166.007814 166.009768 166.011722 166.014652 166.016606 166.019536 166.021490 166.024420 166.026374 166.029304 166.031258 166.034188 166.036142 166.039072 166.041026 
0.000000 166.033211 166.023443 166.017582 166.014652 166.013675 166.013675 166.013675 166.015629 166.017582 166.019536 166.021490 166.023443 166.025397 166.028327 166.030281 166.032234 166.035165 166.037118 166.040049 166.041667 
0.000000 0.000000 166.037118 166.030281 166.026374 166.023443 166.022466 166.021490 166.022466 166.022466 166.023443 166.025397 166.027350 166.029304 166.031258 166.033211 166.035165 166.037118 166.039072 166.041667 0.000000 
0.000000 0.000000 0.000000 0.000000 166.038095 166.034188 166.032234 166.031258 166.030281 166.030281 166.030281 166.031258 166.032234 166.033211 166.035165 166.037118 166.039072 166.041026 0.000000 0.000000 0.000000 
0.000000 0.000000 0.000000 0.000000 0.000000 0.000000 0.000000 166.041026 166.040049 166.039072 166.039072 166.039072 166.039072 166.040049 166.041026 0.000000 0.000000 0.000000 0.000000 0.000000 0.000000 
