test/output/constant/M385_S060_A090_WD045.0_WS015.0/M385_S060_A090_WD045.0_WS015.0_raz.asc
ncols         15
nrows         56
xllcorner     425303.990666
yllcorner     12743255.311160
cellsize      100.000000
NODATA_value  0.000000
0 0 0 0 0 0 0 0 0 0 0 0 246 65535 102 
0 0 0 0 0 0 0 0 0 0 0 282 231 192 169 
0 0 0 0 0 0 0 0 0 0 0 199 192 192 173 
0 0 0 0 0 0 0 0 0 0 199 198 192 183 179 
0 0 0 0 0 0 0 0 0 0 198 269 192 188 169 
0 0 0 0 0 0 0 0 0 275 231 196 192 184 179 
0 0 0 0 0 0 0 0 0 199 198 192 192 181 169 
0 0 0 0 0 0 0 0 269 198 231 192 192 169 176 
0 0 0 0 0 0 0 0 198 198 197 192 192 179 179 
0 0 0 0 0 0 0 0 198 198 196 192 189 176 176 
0 0 0 0 0 0 0 246 198 282 192 192 176 179 179 
0 0 0 0 0 0 0 198 198 197 192 192 188 179 173 
0 0 0 0 0 0 0 198 198 197 192 192 179 173 179 
0 0 0 0 0 0 198 269 246 192 192 192 184 179 179 
0 0 0 0 0 0 198 246 198 192 192 192 179 173 173 
0 0 0 0 0 0 246 198 197 192 192 181 176 179 0 
0 0 0 0 0 198 269 221 231 192 192 184 179 179 0 
0 0 0 0 0 246 198 198 192 192 187 169 173 169 0 
0 0 0 0 0 246 198 197 192 192 192 186 176 181 0 
0 0 0 0 0 198 246 198 193 192 181 179 176 173 0 
0 0 0 0 198 197 198 193 192 192 181 179 169 176 0 
0 0 0 0 198 198 198 192 192 192 173 184 179 179 0 
0 0 0 0 269 198 197 192 192 192 179 176 179 173 0 
0 0 0 0 221 231 196 192 192 192 186 176 176 179 0 
0 0 0 197 198 197 192 192 192 192 181 179 181 179 0 
0 0 0 269 231 197 192 192 188 173 185 176 179 0 0 
0 0 0 269 221 197 192 192 192 192 181 183 173 0 0 
0 0 0 221 231 196 195 192 192 184 173 181 179 0 0 
0 0 197 197 221 192 192 192 192 183 181 176 181 0 0 
0 0 197 231 197 192 192 192 181 169 181 185 173 0 0 
0 0 197 198 196 192 192 186 192 186 176 179 0 0 0 
0 0 198 197 192 194 192 190 179 181 187 181 0 0 0 
0 0 198 198 192 192 192 192 173 186 181 179 0 0 0 
0 0 198 197 192 192 192 192 179 189 176 179 0 0 0 
0 198 197 197 192 192 192 181 179 173 187 0 0 0 0 
0 197 221 192 192 192 192 192 187 186 179 0 0 0 0 
0 198 197 193 192 192 192 192 181 179 176 0 0 0 0 
0 197 196 192 192 192 192 184 186 181 179 0 0 0 0 
0 198 197 192 192 192 192 186 181 179 0 0 0 0 0 
0 197 192 192 192 189 183 181 186 186 0 0 0 0 0 
0 197 192 192 192 192 181 186 181 179 0 0 0 0 0 
196 197 192 192 192 192 192 176 169 0 0 0 0 0 0 
231 192 192 192 192 192 179 186 185 0 0 0 0 0 0 
197 192 195 192 192 192 179 179 186 0 0 0 0 0 0 
196 192 192 192 192 179 179 185 179 0 0 0 0 0 0 
196 192 192 192 192 173 179 181 0 0 0 0 0 0 0 
192 192 192 192 192 188 191 176 0 0 0 0 0 0 0 
192 194 192 192 188 189 183 0 0 0 0 0 0 0 0 
192 192 192 192 181 181 179 0 0 0 0 0 0 0 0 
192 192 192 192 173 192 185 0 0 0 0 0 0 0 0 
192 192 192 192 179 183 0 0 0 0 0 0 0 0 0 
193 192 192 192 190 184 0 0 0 0 0 0 0 0 0 
192 192 192 176 176 0 0 0 0 0 0 0 0 0 0 
0 192 192 176 183 0 0 0 0 0 0 0 0 0 0 
0 192 183 191 0 0 0 0 0 0 0 0 0 0 0 
0 192 192 0 0 0 0 0 0 0 0 0 0 0 0 
