test/output/constant/M475_S060_A000_WD090.0_WS025.0/M475_S060_A000_WD090.0_WS025.0_arrival.asc
ncols         37
nrows         7
xllcorner     423003.990666
yllcorner     12748455.311160
cellsize      100.000000
NODATA_value  0.000000
0.000000 0.000000 0.000000 0.000000 0.000000 0.000000 0.000000 0.000000 0.000000 0.000000 0.000000 0.000000 166.041629 166.040704 166.040241 166.040241 166.040241 166.040241 166.040241 166.040704 166.041166 166.041629 0.000000 0.000000 0.000000 0.000000 0.000000 0.000000 0.000000 0.000000 0.000000 0.000000 0.000000 0.000000 0.000000 0.000000 0.000000 
0.000000 0.000000 0.000000 0.000000 166.041166 166.039779 166.038854 166.037929 166.037004 166.035616 166.034691 166.033766 166.032841 166.031916 166.030990 166.030065 166.029140 166.028678 166.027753 166.026828 166.025903 166.025440 166.024515 166.024052 166.024052 166.024052 166.024515 166.024977 166.026365 166.027753 166.030065 166.033766 166.040241 0.000000 0.000000 0.000000 0.000000 
0.000000 166.041166 166.039779 166.038854 166.037466 166.036541 166.035153 166.034228 166.032841 166.031916 166.030990 166.029603 166.028678 166.027290 166.026365 166.024977 166.024052 166.023127 166.021740 166.020815 166.019427 166.018502 166.017114 166.016189 166.015264 166.013876 166.012951 166.011564 166.011101 166.010176 166.009251 166.008326 166.008326 166.008326 166.009713 166.015264 0.000000 
166.041166 166.040241 166.038854 166.037929 166.036541 166.035616 166.034228 166.033303 166.031916 166.030990 166.029603 166.028678 166.027290 166.026365 166.024977 166.024052 166.022665 166.021740 166.020352 166.019427 166.018039 166.017114 166.015727 166.014801 166.013414 166.012489 166.011101 166.010176 166.008788 166.007863 166.006476 166.005551 166.004163 166.003238 166.001850 166.000925 166.000000 
0.000000 166.041166 166.039779 166.038854 166.037466 166.036541 166.035153 166.034228 166.032841 166.031916 166.030990 166.029603 166.028678 166.027290 166.026365 166.024977 166.024052 166.023127 166.021740 166.020815 166.019427 166.018502 166.017114 166.016189 166.015264 166.013876 166.012951 166.011564 166.011101 166.010176 166.009251 166.008326 166.008326 166.008326 166.009713 166.015264 0.000000 
0.000000 0.000000 0.000000 0.000000 166.041166 166.039779 166.038854 166.037929 166.037004 166.035616 166.034691 166.033766 166.032841 166.031916 166.030990 166.030065 166.029140 166.028678 166.027753 166.026828 166.025903 166.025440 166.024515 166.024052 166.024052 166.024052 166.024515 166.024977 166.026365 166.027753 166.030065 166.033766 166.040241 0.000000 0.000000 0.000000 0.000000 
0.000000 0.000000 0.000000 0.000000 0.000000 0.000000 0.000000 0.000000 0.000000 0.000000 0.000000 0.000000 166.041629 166.040704 166.040241 166.040241 166.040241 166.040241 166.040241 166.040704 166.041166 166.041629 0.000000 0.000000 0.000000 0.000000 0.000000 0.000000 0.000000 0.000000 0.000000 0.000000 0.000000 0.000000 0.000000 0.000000 0.000000 
