test/output/constant/M4100_S060_A270_WD225.0_WS005.0/M4100_S060_A270_WD225.0_WS005.0_arrival.asc
ncols         8
nrows         33
xllcorner     426403.990666
yllcorner     12748755.311160
cellsize      100.000000
NODATA_value  0.000000
0.000000 0.000000 0.000000 0.000000 0.000000 166.041667 166.041667 0.000000 
0.000000 0.000000 0.000000 0.000000 166.040667 166.040146 166.040667 0.000000 
0.000000 0.000000 0.000000 166.040667 166.039103 166.039103 166.039624 166.041667 
0.000000 0.000000 0.000000 166.039103 166.038060 166.037539 166.038582 166.041188 
0.000000 0.000000 166.041188 166.038060 166.036496 166.036496 166.037539 166.040146 
0.000000 0.000000 166.039624 166.036496 166.034932 166.034932 166.035975 166.039103 
0.000000 0.000000 166.038060 166.034932 166.033889 166.033889 166.035453 166.038582 
0.000000 0.000000 166.036496 166.033368 166.032325 166.032325 166.034411 166.037539 
0.000000 166.040667 166.034932 166.031804 166.031282 166.031282 166.033368 166.037017 
0.000000 166.039103 166.033368 166.030761 166.029718 166.030240 166.032325 166.036496 
0.000000 166.037539 166.031804 166.029197 166.028675 166.028675 166.031282 166.036496 
0.000000 166.035975 166.030240 166.027633 166.027111 166.027633 166.030240 166.035975 
0.000000 166.034411 166.028675 166.026069 166.026069 166.026590 166.029718 166.035975 
166.040667 166.032846 166.027111 166.024505 166.024505 166.025547 166.029197 166.035453 
166.039624 166.031282 166.025547 166.023462 166.023462 166.024505 166.028675 166.035453 
166.038582 166.029718 166.023983 166.021898 166.021898 166.023462 166.028154 166.035453 
166.037017 166.028154 166.022419 166.020855 166.020855 166.022419 166.028154 166.035453 
166.035975 166.026590 166.020855 166.019291 166.019291 166.021898 166.027633 166.036496 
166.035453 166.025026 166.019291 166.018248 166.018248 166.020855 166.027633 166.037539 
166.034411 166.023462 166.017727 166.016684 166.016684 166.020334 166.027633 166.039103 
166.033368 166.021898 166.016163 166.015120 166.015641 166.020334 166.028154 166.041188 
166.032325 166.020334 166.014598 166.014077 166.014598 166.019812 166.029197 0.000000 
166.031804 166.018769 166.013034 166.012513 166.014077 166.019812 166.030761 0.000000 
166.031282 166.017205 166.011992 166.011470 166.013034 166.019812 166.032846 0.000000 
166.031282 166.015641 166.010427 166.009906 166.012513 166.020334 166.035975 0.000000 
166.031282 166.014598 166.008863 166.008863 166.011992 166.021898 166.040146 0.000000 
166.031282 166.013034 166.007299 166.007299 166.011992 166.024505 0.000000 0.000000 
166.032846 166.011992 166.006256 166.006256 166.011992 166.028154 0.000000 0.000000 
166.034411 166.011470 166.004692 166.005214 166.013556 166.034932 0.000000 0.000000 
166.037539 166.010949 166.003650 166.004692 166.016163 0.000000 0.000000 0.000000 
0.000000 166.010949 166.002085 166.004171 166.022940 0.000000 0.000000 0.000000 
0.000000 166.012513 166.001043 166.004692 166.038582 0.000000 0.000000 0.000000 
0.000000 166.022419 166.000000 166.014598 0.000000 0.000000 0.000000 0.000000 
