test/output/constant/M360_S060_A000_WD315.0_WS025.0/M360_S060_A000_WD315.0_WS025.0_ros.asc
ncols         17
nrows         16
xllcorner     425103.990666
yllcorner     12747355.311160
cellsize      100.000000
NODATA_value  0.000000
0.000000 0.000000 0.000000 0.000000 0.000000 0.000000 0.000000 0.000000 0.000000 0.000000 0.000000 0.000000 0.000000 2.630203 2.630203 3.272112 1.444021 
0.000000 0.000000 0.000000 0.000000 0.000000 0.000000 0.000000 0.000000 0.000000 0.000000 4.474624 6.035713 4.474624 4.474624 33.891861 -1.000000 2.937188 
0.000000 0.000000 0.000000 0.000000 0.000000 0.000000 0.000000 0.000000 0.000000 4.474624 6.035713 2.630203 3.272112 33.891861 33.891861 30.566196 5.176504 
0.000000 0.000000 0.000000 0.000000 0.000000 0.000000 0.000000 0.000000 4.474624 3.272112 4.474624 27.866020 33.891861 33.891861 33.118065 16.210100 3.872327 
0.000000 0.000000 0.000000 0.000000 0.000000 0.000000 27.866020 4.474624 23.109680 25.596493 6.035713 33.891861 33.891861 33.891861 5.176504 2.937188 0.000000 
0.000000 0.000000 0.000000 0.000000 0.000000 17.786736 7.928084 4.474624 25.596493 10.109739 33.891861 33.891861 33.891861 3.872327 2.476438 3.872327 0.000000 
0.000000 0.000000 0.000000 0.000000 6.035713 7.928084 4.474624 4.474624 33.891861 33.891861 33.891861 33.891861 5.176504 3.872327 6.841317 0.000000 0.000000 
0.000000 0.000000 0.000000 0.000000 4.474624 7.928084 6.035713 33.891861 33.891861 33.891861 33.891861 28.717514 18.899689 5.176504 0.000000 0.000000 0.000000 
0.000000 0.000000 0.000000 6.035713 3.272112 33.891861 12.525419 33.891861 33.891861 33.891861 30.566196 5.176504 2.937188 0.000000 0.000000 0.000000 0.000000 
0.000000 0.000000 25.596493 6.035713 31.488379 33.891861 33.891861 33.891861 33.891861 28.717514 2.937188 2.476438 0.000000 0.000000 0.000000 0.000000 0.000000 
0.000000 7.928084 27.866020 32.731880 33.891861 33.891861 33.891861 33.891861 33.891861 2.476438 24.152449 6.841317 0.000000 0.000000 0.000000 0.000000 0.000000 
0.000000 33.891861 33.891861 33.891861 33.891861 33.891861 33.744007 11.102456 6.841317 2.476438 0.000000 0.000000 0.000000 0.000000 0.000000 0.000000 0.000000 
33.542858 33.891861 33.891861 33.891861 33.891861 33.891861 28.717514 3.872327 26.557850 0.000000 0.000000 0.000000 0.000000 0.000000 0.000000 0.000000 0.000000 
33.891861 33.891861 33.891861 33.891861 33.891861 30.566196 5.176504 26.557850 0.000000 0.000000 0.000000 0.000000 0.000000 0.000000 0.000000 0.000000 0.000000 
33.542858 33.891861 33.891861 33.891861 24.152449 33.118065 28.717514 0.000000 0.000000 0.000000 0.000000 0.000000 0.000000 0.000000 0.000000 0.000000 0.000000 
33.891861 33.891861 33.744007 13.585235 33.891861 0.000000 0.000000 0.000000 0.000000 0.000000 0.000000 0.000000 0.000000 0.000000 0.000000 0.000000 0.000000 
