test/output/constant/M395_S060_A180_WD000.0_WS010.0/M395_S060_A180_WD000.0_WS010.0_ros.asc
ncols         55
nrows         17
xllcorner     426603.990666
yllcorner     12747255.311160
cellsize      100.000000
NODATA_value  0.000000
1.043390 19.632824 19.632824 19.632824 19.632824 19.632824 19.632824 49.393951 33.674248 19.632824 41.440357 26.330971 49.393951 33.674248 19.632824 41.440357 26.330971 0.000000 0.000000 0.000000 0.000000 0.000000 0.000000 0.000000 0.000000 0.000000 0.000000 0.000000 0.000000 0.000000 0.000000 0.000000 0.000000 0.000000 0.000000 0.000000 0.000000 0.000000 0.000000 0.000000 0.000000 0.000000 0.000000 0.000000 0.000000 0.000000 0.000000 0.000000 0.000000 0.000000 0.000000 0.000000 0.000000 0.000000 0.000000 
0.000000 93.332703 93.332703 93.332703 91.143028 71.982841 78.326180 71.982841 71.982841 88.053871 26.330971 19.632824 64.900421 26.330971 49.393951 49.393951 19.632824 41.440357 26.330971 49.393951 33.674248 19.632824 41.440357 26.330971 49.393951 0.000000 0.000000 0.000000 0.000000 0.000000 0.000000 0.000000 0.000000 0.000000 0.000000 0.000000 0.000000 0.000000 0.000000 0.000000 0.000000 0.000000 0.000000 0.000000 0.000000 0.000000 0.000000 0.000000 0.000000 0.000000 0.000000 0.000000 0.000000 0.000000 0.000000 
1.486592 90.667290 93.332703 93.332703 93.332703 93.332703 93.332703 13.782166 93.332703 92.911713 93.332703 93.332703 93.255630 26.330971 83.737938 19.632824 78.326180 83.737938 19.632824 71.982841 78.326180 41.440357 26.330971 33.674248 13.782166 71.982841 64.900421 33.674248 19.632824 0.000000 0.000000 0.000000 0.000000 0.000000 0.000000 0.000000 0.000000 0.000000 0.000000 0.000000 0.000000 0.000000 0.000000 0.000000 0.000000 0.000000 0.000000 0.000000 0.000000 0.000000 0.000000 0.000000 0.000000 0.000000 0.000000 
1.486592 1.486592 1.486592 63.537952 93.332703 93.332703 93.332703 93.332703 93.332703 93.332703 93.332703 93.332703 93.332703 93.332703 93.332703 93.332703 93.332703 88.053871 33.674248 93.332703 78.326180 19.632824 78.326180 13.782166 78.326180 19.632824 33.674248 83.737938 83.737938 83.737938 78.326180 83.737938 71.982841 0.000000 0.000000 0.000000 0.000000 0.000000 0.000000 0.000000 0.000000 0.000000 0.000000 0.000000 0.000000 0.000000 0.000000 0.000000 0.000000 0.000000 0.000000 0.000000 0.000000 0.000000 0.000000 
0.000000 0.000000 1.096233 2.712830 63.537952 63.537952 93.332703 63.537952 93.332703 93.332703 93.332703 93.332703 93.332703 93.332703 93.332703 93.255630 83.737938 83.737938 93.255630 93.332703 26.330971 91.143028 26.330971 91.143028 93.332703 91.143028 19.632824 93.332703 78.326180 19.632824 83.737938 13.782166 78.326180 88.053871 26.330971 83.737938 26.330971 0.000000 0.000000 0.000000 0.000000 0.000000 0.000000 0.000000 0.000000 0.000000 0.000000 0.000000 0.000000 0.000000 0.000000 0.000000 0.000000 0.000000 0.000000 
0.000000 0.000000 0.000000 2.712830 47.950436 63.537952 63.537952 70.728134 63.537952 87.343010 93.332703 93.332703 93.332703 93.332703 93.332703 93.332703 93.332703 93.332703 93.332703 93.332703 93.332703 19.632824 93.332703 93.332703 93.332703 93.332703 26.330971 93.332703 26.330971 93.332703 93.332703 93.332703 93.255630 83.737938 93.332703 93.332703 33.674248 88.053871 26.330971 93.255630 0.000000 0.000000 0.000000 0.000000 0.000000 0.000000 0.000000 0.000000 0.000000 0.000000 0.000000 0.000000 0.000000 0.000000 0.000000 
0.000000 0.000000 0.000000 0.000000 0.000000 55.867615 55.867615 63.537952 63.537952 63.537952 63.537952 93.332703 93.332703 70.728134 90.667290 93.332703 93.332703 93.332703 93.332703 93.332703 93.332703 93.332703 93.332703 93.332703 93.332703 93.332703 93.332703 93.332703 26.330971 33.674248 33.674248 93.332703 91.143028 93.332703 33.674248 93.332703 93.332703 26.330971 19.632824 93.332703 92.911713 33.674248 78.326180 0.000000 0.000000 0.000000 0.000000 0.000000 0.000000 0.000000 0.000000 0.000000 0.000000 0.000000 0.000000 
0.000000 0.000000 0.000000 0.000000 0.000000 0.000000 0.000000 55.867615 4.926519 70.728134 63.537952 63.537952 63.537952 87.343010 92.686142 93.332703 93.332703 93.332703 92.686142 93.332703 93.332703 93.332703 93.332703 93.332703 93.332703 93.332703 93.332703 93.332703 93.332703 78.326180 92.911713 93.332703 71.982841 83.737938 93.332703 78.326180 88.053871 93.332703 93.255630 93.332703 26.330971 93.332703 93.332703 88.053871 91.143028 0.000000 0.000000 0.000000 0.000000 0.000000 0.000000 0.000000 0.000000 0.000000 0.000000 
0.000000 0.000000 0.000000 0.000000 0.000000 0.000000 0.000000 0.000000 0.000000 0.000000 63.537952 63.537952 63.537952 63.537952 63.537952 63.537952 93.332703 63.537952 63.537952 82.814476 87.343010 93.332703 93.332703 93.332703 93.332703 93.332703 93.332703 93.332703 93.332703 93.332703 93.332703 93.332703 93.332703 93.332703 93.332703 93.332703 91.143028 93.332703 93.332703 93.332703 93.255630 93.332703 88.053871 93.332703 93.255630 93.332703 33.674248 0.000000 0.000000 0.000000 0.000000 0.000000 0.000000 0.000000 0.000000 
0.000000 0.000000 0.000000 0.000000 0.000000 0.000000 0.000000 0.000000 0.000000 0.000000 0.000000 0.000000 63.537952 63.537952 70.728134 63.537952 70.728134 63.537952 93.332703 93.332703 92.686142 90.667290 93.332703 87.343010 93.332703 93.332703 93.332703 93.332703 93.332703 93.332703 93.332703 93.332703 93.332703 93.255630 93.332703 93.332703 93.332703 93.332703 93.332703 88.053871 93.255630 93.332703 93.332703 71.982841 93.332703 93.332703 33.674248 93.332703 93.332703 64.900421 0.000000 0.000000 0.000000 0.000000 0.000000 
0.000000 0.000000 0.000000 0.000000 0.000000 0.000000 0.000000 0.000000 0.000000 0.000000 0.000000 0.000000 0.000000 0.000000 0.000000 63.537952 63.537952 63.537952 63.537952 90.667290 63.537952 63.537952 92.686142 93.332703 93.142502 90.667290 93.332703 93.332703 93.332703 92.686142 93.332703 93.332703 93.332703 87.343010 93.332703 93.332703 93.332703 93.332703 93.332703 93.332703 93.332703 93.332703 91.143028 93.332703 83.737938 93.332703 93.332703 93.255630 93.332703 83.737938 49.393951 0.000000 0.000000 0.000000 0.000000 
0.000000 0.000000 0.000000 0.000000 0.000000 0.000000 0.000000 0.000000 0.000000 0.000000 0.000000 0.000000 0.000000 0.000000 0.000000 0.000000 0.000000 0.000000 63.537952 63.537952 63.537952 70.728134 63.537952 63.537952 93.332703 63.537952 63.537952 93.332703 93.332703 87.343010 93.332703 93.332703 93.332703 93.332703 93.332703 93.332703 93.332703 93.332703 90.667290 93.332703 93.332703 93.332703 93.332703 93.332703 93.332703 93.332703 93.332703 93.332703 93.332703 93.332703 78.326180 93.332703 88.053871 0.000000 0.000000 
0.000000 0.000000 0.000000 0.000000 0.000000 0.000000 0.000000 0.000000 0.000000 0.000000 0.000000 0.000000 0.000000 0.000000 0.000000 0.000000 0.000000 0.000000 0.000000 0.000000 0.000000 70.728134 63.537952 63.537952 63.537952 63.537952 63.537952 93.332703 90.667290 90.667290 90.667290 92.686142 93.332703 90.667290 93.332703 93.332703 90.667290 93.332703 93.332703 93.332703 93.332703 93.332703 93.332703 93.332703 93.332703 93.332703 93.332703 88.053871 93.332703 93.332703 93.332703 88.053871 93.332703 93.332703 0.000000 
0.000000 0.000000 0.000000 0.000000 0.000000 0.000000 0.000000 0.000000 0.000000 0.000000 0.000000 0.000000 0.000000 0.000000 0.000000 0.000000 0.000000 0.000000 0.000000 0.000000 0.000000 0.000000 0.000000 0.000000 0.000000 70.728134 63.537952 87.343010 63.537952 70.728134 92.686142 93.332703 93.332703 87.343010 93.332703 90.667290 93.332703 93.332703 90.667290 93.332703 90.667290 93.332703 93.332703 93.332703 93.332703 93.332703 93.332703 93.332703 93.332703 93.332703 93.332703 93.332703 33.674248 93.332703 93.332703 
0.000000 0.000000 0.000000 0.000000 0.000000 0.000000 0.000000 0.000000 0.000000 0.000000 0.000000 0.000000 0.000000 0.000000 0.000000 0.000000 0.000000 0.000000 0.000000 0.000000 0.000000 0.000000 0.000000 0.000000 0.000000 0.000000 0.000000 0.000000 0.000000 63.537952 93.142502 63.537952 87.343010 63.537952 63.537952 93.332703 93.332703 92.686142 77.219452 87.343010 93.332703 93.332703 93.332703 93.332703 92.686142 93.332703 87.343010 93.332703 93.332703 93.332703 93.332703 93.332703 93.332703 93.332703 93.332703 
0.000000 0.000000 0.000000 0.000000 0.000000 0.000000 0.000000 0.000000 0.000000 0.000000 0.000000 0.000000 0.000000 0.000000 0.000000 0.000000 0.000000 0.000000 0.000000 0.000000 0.000000 0.000000 0.000000 0.000000 0.000000 0.000000 0.000000 0.000000 0.000000 0.000000 0.000000 0.000000 0.000000 0.000000 70.728134 93.332703 87.343010 90.667290 87.343010 93.332703 93.332703 93.142502 93.332703 93.332703 93.332703 93.332703 93.332703 93.332703 93.332703 93.332703 93.332703 93.332703 93.332703 93.332703 93.332703 
0.000000 0.000000 0.000000 0.000000 0.000000 0.000000 0.000000 0.000000 0.000000 0.000000 0.000000 0.000000 0.000000 0.000000 0.000000 0.000000 0.000000 0.000000 0.000000 0.000000 0.000000 0.000000 0.000000 0.000000 0.000000 0.000000 0.000000 0.000000 0.000000 0.000000 0.000000 0.000000 0.000000 0.000000 0.000000 0.000000 0.000000 0.000000 0.000000 0.000000 0.000000 63.537952 90.667290 93.142502 93.332703 93.332703 93.332703 90.667290 93.332703 93.332703 93.332703 93.332703 93.332703 93.332703 0.000000 
