test/output/constant/M180_S060_A000_WD090.0_WS030.0/M180_S060_A000_WD090.0_WS030.0_arrival.asc
ncols         37
nrows         7
xllcorner     423003.990666
yllcorner     12748455.311160
cellsize      100.000000
NODATA_value  0.000000
0.000000 0.000000 0.000000 0.000000 0.000000 0.000000 0.000000 0.000000 0.000000 0.000000 0.000000 0.000000 0.000000 0.000000 166.041667 166.041667 0.000000 0.000000 0.000000 0.000000 0.000000 0.000000 0.000000 0.000000 0.000000 0.000000 0.000000 0.000000 0.000000 0.000000 0.000000 0.000000 0.000000 0.000000 0.000000 0.000000 0.000000 
0.000000 0.000000 0.000000 0.000000 166.041521 166.040588 166.039655 166.038722 166.037322 166.036389 166.035456 166.034523 166.033590 166.032657 166.031724 166.030791 166.029858 166.029391 166.028458 166.027525 166.026592 166.026125 166.025192 166.025192 166.025192 166.025659 166.025659 166.026592 166.027992 166.029858 166.032190 166.037322 0.000000 0.000000 0.000000 0.000000 0.000000 
0.000000 166.041521 166.040588 166.039188 166.038255 166.036856 166.035923 166.034523 166.033590 166.032190 166.031257 166.029858 166.028925 166.027525 166.026592 166.025659 166.024259 166.023326 166.021927 166.020994 166.019594 166.018661 166.017728 166.016328 166.015395 166.013996 166.013063 166.012130 166.011197 166.010264 166.009331 166.008397 166.008397 166.008864 166.010730 166.017261 0.000000 
166.041521 166.040588 166.039188 166.038255 166.036856 166.035923 166.034523 166.033590 166.032190 166.031257 166.029858 166.028925 166.027525 166.026592 166.025192 166.024259 166.022860 166.021927 166.020527 166.019594 166.018195 166.017261 166.015862 166.014929 166.013529 166.012596 166.011197 166.010264 166.008864 166.007931 166.006531 166.005598 166.004199 166.003266 166.001866 166.000933 166.000000 
0.000000 166.041521 166.040588 166.039188 166.038255 166.036856 166.035923 166.034523 166.033590 166.032190 166.031257 166.029858 166.028925 166.027525 166.026592 166.025659 166.024259 166.023326 166.021927 166.020994 166.019594 166.018661 166.017728 166.016328 166.015395 166.013996 166.013063 166.012130 166.011197 166.010264 166.009331 166.008397 166.008397 166.008864 166.010730 166.017261 0.000000 
0.000000 0.000000 0.000000 0.000000 166.041521 166.040588 166.039655 166.038722 166.037322 166.036389 166.035456 166.034523 166.033590 166.032657 166.031724 166.030791 166.029858 166.029391 166.028458 166.027525 166.026592 166.026125 166.025192 166.025192 166.025192 166.025659 166.025659 166.026592 166.027992 166.029858 166.032190 166.037322 0.000000 0.000000 0.000000 0.000000 0.000000 
0.000000 0.000000 0.000000 0.000000 0.000000 0.000000 0.000000 0.000000 0.000000 0.000000 0.000000 0.000000 0.000000 0.000000 166.041667 166.041667 0.000000 0.000000 0.000000 0.000000 0.000000 0.000000 0.000000 0.000000 0.000000 0.000000 0.000000 0.000000 0.000000 0.000000 0.000000 0.000000 0.000000 0.000000 0.000000 0.000000 0.000000 
