test/output/constant/M4100_S060_A270_WD135.0_WS015.0/M4100_S060_A270_WD135.0_WS015.0_ros.asc
ncols         13
nrows         41
xllcorner     425503.990666
yllcorner     12748755.311160
cellsize      100.000000
NODATA_value  0.000000
69.347885 69.347885 69.347885 0.000000 0.000000 0.000000 0.000000 0.000000 0.000000 0.000000 0.000000 0.000000 0.000000 
69.347885 69.347885 53.466095 58.198383 0.000000 0.000000 0.000000 0.000000 0.000000 0.000000 0.000000 0.000000 0.000000 
69.347885 67.403915 69.347885 53.466095 30.646467 0.000000 0.000000 0.000000 0.000000 0.000000 0.000000 0.000000 0.000000 
68.888481 69.347885 62.232109 69.347885 24.836933 0.000000 0.000000 0.000000 0.000000 0.000000 0.000000 0.000000 0.000000 
69.347885 69.347885 69.347885 69.347885 24.836933 24.836933 0.000000 0.000000 0.000000 0.000000 0.000000 0.000000 0.000000 
68.888481 69.347885 69.347885 69.347885 58.198383 19.340740 0.000000 0.000000 0.000000 0.000000 0.000000 0.000000 0.000000 
69.347885 69.347885 69.347885 53.466095 62.232109 30.646467 24.836933 0.000000 0.000000 0.000000 0.000000 0.000000 0.000000 
69.347885 69.347885 69.347885 69.347885 58.198383 62.232109 30.646467 0.000000 0.000000 0.000000 0.000000 0.000000 0.000000 
57.412952 69.347885 69.347885 69.347885 69.347885 69.291878 24.836933 0.000000 0.000000 0.000000 0.000000 0.000000 0.000000 
52.574951 69.347885 69.347885 69.347885 53.466095 53.466095 19.340740 19.340740 0.000000 0.000000 0.000000 0.000000 0.000000 
5.893227 69.347885 69.347885 69.347885 69.347885 24.836933 24.836933 24.836933 0.000000 0.000000 0.000000 0.000000 0.000000 
3.315706 69.347885 69.347885 69.347885 69.347885 24.836933 42.497135 30.646467 58.198383 0.000000 0.000000 0.000000 0.000000 
0.000000 47.210678 69.347885 69.347885 69.347885 69.347885 9.939009 62.232109 19.340740 0.000000 0.000000 0.000000 0.000000 
0.000000 47.210678 69.347885 69.347885 69.347885 36.593307 24.836933 14.324251 30.646467 0.000000 0.000000 0.000000 0.000000 
0.000000 47.210678 57.412952 69.347885 69.347885 62.232109 19.340740 24.836933 53.466095 0.000000 0.000000 0.000000 0.000000 
0.000000 47.210678 47.210678 69.347885 69.347885 69.347885 65.444862 65.444862 30.646467 19.340740 0.000000 0.000000 0.000000 
0.000000 47.210678 5.893227 69.347885 69.347885 69.347885 48.178864 9.939009 24.836933 14.324251 0.000000 0.000000 0.000000 
0.000000 1.067661 5.893227 69.347885 69.347885 69.347885 62.232109 19.340740 30.646467 14.324251 0.000000 0.000000 0.000000 
0.000000 0.000000 47.210678 69.213165 69.347885 69.347885 69.347885 24.836933 24.836933 24.836933 24.836933 0.000000 0.000000 
0.000000 0.000000 47.210678 47.210678 69.347885 69.347885 69.347885 69.347885 30.646467 24.836933 24.836933 0.000000 0.000000 
0.000000 0.000000 47.210678 47.210678 52.574951 69.347885 69.347885 69.347885 58.198383 42.497135 14.324251 0.000000 0.000000 
0.000000 0.000000 3.315706 3.315706 47.210678 69.347885 69.347885 48.178864 58.198383 30.646467 30.646467 0.000000 0.000000 
0.000000 0.000000 0.000000 52.574951 47.210678 69.347885 69.347885 62.232109 24.836933 24.836933 24.836933 24.836933 0.000000 
0.000000 0.000000 0.000000 47.210678 5.893227 69.347885 69.347885 69.347885 24.836933 19.340740 30.646467 24.836933 0.000000 
0.000000 0.000000 0.000000 47.210678 47.210678 69.347885 69.347885 69.347885 53.466095 14.324251 24.836933 19.340740 0.000000 
0.000000 0.000000 0.000000 47.210678 47.210678 52.574951 69.347885 69.347885 67.739174 30.646467 14.324251 19.340740 0.000000 
0.000000 0.000000 0.000000 0.000000 52.574951 47.210678 69.213165 69.347885 65.444862 48.178864 24.836933 14.324251 0.000000 
0.000000 0.000000 0.000000 0.000000 3.315706 1.652824 47.210678 69.347885 69.347885 24.836933 24.836933 24.836933 0.000000 
0.000000 0.000000 0.000000 0.000000 3.315706 52.574951 47.210678 69.347885 69.347885 42.497135 48.178864 24.836933 0.000000 
0.000000 0.000000 0.000000 0.000000 0.000000 47.210678 47.210678 69.347885 69.347885 30.646467 9.939009 24.836933 0.000000 
0.000000 0.000000 0.000000 0.000000 0.000000 52.574951 47.210678 52.574951 69.347885 69.347885 58.198383 24.836933 0.000000 
0.000000 0.000000 0.000000 0.000000 0.000000 41.483292 47.210678 47.210678 69.347885 69.347885 30.646467 19.340740 24.836933 
0.000000 0.000000 0.000000 0.000000 0.000000 0.000000 47.210678 47.210678 69.347885 69.347885 65.444862 24.836933 24.836933 
0.000000 0.000000 0.000000 0.000000 0.000000 0.000000 52.574951 47.210678 47.210678 69.347885 24.836933 14.324251 19.340740 
0.000000 0.000000 0.000000 0.000000 0.000000 0.000000 0.000000 47.210678 5.893227 69.347885 69.347885 30.646467 24.836933 
0.000000 0.000000 0.000000 0.000000 0.000000 0.000000 0.000000 47.210678 3.315706 69.347885 69.347885 24.836933 24.836933 
0.000000 0.000000 0.000000 0.000000 0.000000 0.000000 0.000000 0.000000 47.210678 52.574951 69.347885 48.178864 14.324251 
0.000000 0.000000 0.000000 0.000000 0.000000 0.000000 0.000000 0.000000 1.067661 47.210678 69.347885 58.198383 24.836933 
0.000000 0.000000 0.000000 0.000000 0.000000 0.000000 0.000000 0.000000 0.000000 3.315706 69.347885 69.347885 9.939009 
0.000000 0.000000 0.000000 0.000000 0.000000 0.000000 0.000000 0.000000 0.000000 1.067661 57.412952 69.347885 6.316782 
0.000000 0.000000 0.000000 0.000000 0.000000 0.000000 0.000000 0.000000 0.000000 0.000000 1.067661 -1.000000 0.412664 
