test/output/constant/M345_S060_A180_WD315.0_WS010.0/M345_S060_A180_WD315.0_WS010.0_arrival.asc
ncols         31
nrows         8
xllcorner     426603.990666
yllcorner     12748155.311160
cellsize      100.000000
NODATA_value  0.000000
166.035851 166.023901 166.021728 166.022271 166.022815 166.023901 166.026074 166.028247 166.029876 166.032592 166.034765 166.037481 166.039654 0.000000 0.000000 0.000000 0.000000 0.000000 0.000000 0.000000 0.000000 0.000000 0.000000 0.000000 0.000000 0.000000 0.000000 0.000000 0.000000 0.000000 0.000000 
166.000000 166.001086 166.002173 166.003802 166.005432 166.007062 166.009234 166.011407 166.013580 166.015753 166.018469 166.020642 166.022815 166.024987 166.027703 166.029876 166.032592 166.034765 166.036938 166.039654 166.041667 0.000000 0.000000 0.000000 0.000000 0.000000 0.000000 0.000000 0.000000 0.000000 0.000000 
166.015753 166.003802 166.003802 166.003802 166.004889 166.006518 166.008148 166.009234 166.010864 166.011950 166.013580 166.015210 166.016839 166.019012 166.020642 166.022815 166.024987 166.027160 166.028790 166.030963 166.033135 166.035308 166.038024 166.040197 0.000000 0.000000 0.000000 0.000000 0.000000 0.000000 0.000000 
0.000000 0.000000 166.022815 166.014666 166.010864 166.010321 166.010321 166.010321 166.010864 166.011950 166.013580 166.014666 166.016296 166.017382 166.019012 166.020642 166.021728 166.023358 166.024987 166.026617 166.028790 166.030419 166.032592 166.034222 166.036395 166.038567 166.040740 0.000000 0.000000 0.000000 0.000000 
0.000000 0.000000 0.000000 0.000000 166.034222 166.025531 166.021185 166.018469 166.017382 166.016839 166.016839 166.016839 166.017382 166.018469 166.019012 166.020642 166.021728 166.023358 166.024444 166.026074 166.027160 166.028790 166.030419 166.031506 166.033135 166.034765 166.036938 166.038567 166.040197 0.000000 0.000000 
0.000000 0.000000 0.000000 0.000000 0.000000 0.000000 0.000000 166.036938 166.031506 166.027703 166.025531 166.024444 166.023901 166.023358 166.023358 166.023358 166.023901 166.024444 166.025531 166.026074 166.027703 166.028790 166.029876 166.031506 166.033135 166.034222 166.035851 166.036938 166.038567 166.040197 166.041283 
0.000000 0.000000 0.000000 0.000000 0.000000 0.000000 0.000000 0.000000 0.000000 0.000000 0.000000 166.038024 166.034765 166.032592 166.031506 166.030419 166.030419 166.029876 166.029876 166.029876 166.030419 166.030963 166.031506 166.032592 166.033679 166.034765 166.035851 166.036938 166.038567 166.039654 166.041283 
0.000000 0.000000 0.000000 0.000000 0.000000 0.000000 0.000000 0.000000 0.000000 0.000000 0.000000 0.000000 0.000000 0.000000 0.000000 166.041667 166.039654 166.038024 166.037481 166.036938 166.036938 166.036395 166.036395 166.036395 166.036938 166.037481 166.038024 166.039111 166.039654 166.040740 166.041667 
