test/output/constant/M190_S060_A270_WD225.0_WS015.0/M190_S060_A270_WD225.0_WS015.0_arrival.asc
ncols         10
nrows         29
xllcorner     426503.990666
yllcorner     12748755.311160
cellsize      100.000000
NODATA_value  0.000000
0.000000 0.000000 0.000000 0.000000 0.000000 0.000000 0.000000 0.000000 166.041390 166.041390 
0.000000 0.000000 0.000000 0.000000 0.000000 0.000000 0.000000 166.040256 166.039689 166.040256 
0.000000 0.000000 0.000000 0.000000 0.000000 0.000000 166.040256 166.038555 166.037988 166.039122 
0.000000 0.000000 0.000000 0.000000 0.000000 0.000000 166.037988 166.036854 166.036854 166.038555 
0.000000 0.000000 0.000000 0.000000 0.000000 166.039689 166.035720 166.035153 166.035153 166.037988 
0.000000 0.000000 0.000000 0.000000 0.000000 166.037421 166.034019 166.034019 166.034586 166.037988 
0.000000 0.000000 0.000000 0.000000 166.039689 166.034586 166.032318 166.032318 166.033452 166.037988 
0.000000 0.000000 0.000000 0.000000 166.036854 166.032318 166.030617 166.030617 166.033452 166.037988 
0.000000 0.000000 0.000000 0.000000 166.034019 166.030050 166.029483 166.029483 166.032885 166.038555 
0.000000 0.000000 0.000000 166.038555 166.031184 166.028349 166.027782 166.028349 166.032885 166.039689 
0.000000 0.000000 0.000000 166.035153 166.028916 166.026648 166.026081 166.028349 166.033452 166.041390 
0.000000 0.000000 0.000000 166.032318 166.026648 166.024947 166.024947 166.027782 166.034019 0.000000 
0.000000 0.000000 166.038555 166.028916 166.024380 166.023246 166.023813 166.027782 166.035153 0.000000 
0.000000 0.000000 166.035153 166.026081 166.022112 166.022112 166.023246 166.028349 166.036854 0.000000 
0.000000 0.000000 166.031184 166.023246 166.020411 166.020411 166.022679 166.028916 166.039122 0.000000 
0.000000 166.041390 166.027782 166.020411 166.018711 166.019277 166.023246 166.030617 0.000000 0.000000 
0.000000 166.037421 166.024380 166.018144 166.017577 166.018144 166.023246 166.032318 0.000000 0.000000 
0.000000 166.033452 166.021545 166.016443 166.015876 166.018144 166.024380 166.035720 0.000000 0.000000 
0.000000 166.029483 166.018144 166.014742 166.014175 166.018144 166.026081 166.041390 0.000000 0.000000 
0.000000 166.025514 166.015309 166.013041 166.013041 166.018144 166.028916 0.000000 0.000000 0.000000 
0.000000 166.022112 166.012474 166.011340 166.013041 166.019844 166.034586 0.000000 0.000000 0.000000 
0.000000 166.018144 166.010206 166.010206 166.013041 166.022112 0.000000 0.000000 0.000000 0.000000 
0.000000 166.014175 166.008505 166.008505 166.013608 166.027782 0.000000 0.000000 0.000000 0.000000 
0.000000 166.010773 166.006804 166.007938 166.015309 166.037421 0.000000 0.000000 0.000000 0.000000 
166.039122 166.007371 166.005670 166.007938 166.020978 0.000000 0.000000 0.000000 0.000000 0.000000 
166.037421 166.004536 166.003969 166.009072 166.032318 0.000000 0.000000 0.000000 0.000000 0.000000 
166.036287 166.002268 166.002835 166.014742 0.000000 0.000000 0.000000 0.000000 0.000000 0.000000 
166.035720 166.001134 166.002835 166.032885 0.000000 0.000000 0.000000 0.000000 0.000000 0.000000 
0.000000 166.000000 166.012474 0.000000 0.000000 0.000000 0.000000 0.000000 0.000000 0.000000 
