test/output/constant/M3M450_S060_A000_WD180.0_WS010.0/M3M450_S060_A000_WD180.0_WS010.0_arrival.asc
ncols         25
nrows         10
xllcorner     424203.990666
yllcorner     12748655.311160
cellsize      100.000000
NODATA_value  0.000000
166.041667 166.040931 166.040281 166.040281 166.039631 166.040281 166.040931 166.041580 0.000000 0.000000 0.000000 0.000000 0.000000 0.000000 0.000000 0.000000 0.000000 0.000000 0.000000 0.000000 0.000000 0.000000 0.000000 0.000000 0.000000 
166.040931 166.038981 166.037682 166.036383 166.035733 166.035083 166.034434 166.034434 166.035083 166.035733 166.037032 166.038981 0.000000 0.000000 0.000000 0.000000 0.000000 0.000000 0.000000 0.000000 0.000000 0.000000 0.000000 0.000000 0.000000 
166.040931 166.038981 166.037032 166.035733 166.033784 166.032485 166.031185 166.030535 166.029886 166.029236 166.029236 166.029886 166.031185 166.033134 166.036383 166.041580 0.000000 0.000000 0.000000 0.000000 0.000000 0.000000 0.000000 0.000000 0.000000 
0.000000 166.040281 166.037682 166.035733 166.033784 166.031835 166.030535 166.028586 166.027287 166.025338 166.024688 166.024039 166.024039 166.024688 166.025338 166.026637 166.030535 166.035733 0.000000 0.000000 0.000000 0.000000 0.000000 0.000000 0.000000 
0.000000 0.000000 166.040931 166.038332 166.035733 166.033134 166.031185 166.028586 166.027287 166.025338 166.023389 166.022089 166.020140 166.019491 166.018841 166.018841 166.019491 166.020790 166.024039 166.030535 166.040931 0.000000 0.000000 0.000000 0.000000 
0.000000 0.000000 0.000000 0.000000 166.040281 166.037032 166.034434 166.031185 166.028586 166.025988 166.024039 166.022089 166.020140 166.018191 166.016892 166.014943 166.014293 166.013644 166.013644 166.014943 166.018191 166.025988 166.041580 0.000000 0.000000 
0.000000 0.000000 0.000000 0.000000 0.000000 0.000000 166.040931 166.037682 166.034434 166.030535 166.027937 166.024688 166.022089 166.018841 166.016892 166.014943 166.012994 166.011694 166.009745 166.008446 166.008446 166.008446 166.012344 166.025988 0.000000 
0.000000 0.000000 0.000000 0.000000 0.000000 0.000000 0.000000 0.000000 0.000000 166.039631 166.035733 166.032485 166.028586 166.024688 166.021440 166.018191 166.014943 166.012344 166.009745 166.007796 166.006497 166.004548 166.003248 166.003248 166.009745 
0.000000 0.000000 0.000000 0.000000 0.000000 0.000000 0.000000 0.000000 0.000000 0.000000 0.000000 0.000000 166.040931 166.036383 166.032485 166.028586 166.024039 166.020140 166.016242 166.012344 166.008446 166.005198 166.002599 166.001299 166.000000 
0.000000 0.000000 0.000000 0.000000 0.000000 0.000000 0.000000 0.000000 0.000000 0.000000 0.000000 0.000000 0.000000 0.000000 0.000000 0.000000 0.000000 0.000000 0.000000 166.038332 166.034434 166.032485 166.030535 166.030535 166.033784 
