test/output/constant/M3M485_S060_A180_WD045.0_WS005.0/M3M485_S060_A180_WD045.0_WS005.0_arrival.asc
ncols         43
nrows         11
xllcorner     426503.990666
yllcorner     12748055.311160
cellsize      100.000000
NODATA_value  0.000000
0.000000 0.000000 0.000000 0.000000 0.000000 0.000000 0.000000 0.000000 0.000000 166.040128 166.039723 166.038912 166.038507 166.038912 166.038912 166.039317 166.040128 166.040128 166.040533 166.040939 166.041667 0.000000 0.000000 0.000000 0.000000 0.000000 0.000000 0.000000 0.000000 0.000000 0.000000 0.000000 0.000000 0.000000 0.000000 0.000000 0.000000 0.000000 0.000000 0.000000 0.000000 0.000000 0.000000 
0.000000 0.000000 166.040939 166.033237 166.028373 166.025536 166.024320 166.023509 166.023509 166.023509 166.023915 166.024320 166.025131 166.025536 166.025941 166.026752 166.027968 166.028779 166.029589 166.030400 166.031616 166.032427 166.033643 166.034453 166.035669 166.036885 166.038101 166.039317 166.040533 166.041667 0.000000 0.000000 0.000000 0.000000 0.000000 0.000000 0.000000 0.000000 0.000000 0.000000 0.000000 0.000000 0.000000 
0.000000 166.014997 166.009728 166.008107 166.008107 166.008512 166.009323 166.010133 166.010944 166.012160 166.013376 166.014592 166.015808 166.017024 166.018240 166.019456 166.020672 166.021888 166.023104 166.024320 166.025536 166.026752 166.027968 166.029184 166.030400 166.031616 166.032832 166.034048 166.034859 166.036075 166.037291 166.038507 166.039723 166.040939 0.000000 0.000000 0.000000 0.000000 0.000000 0.000000 0.000000 0.000000 0.000000 
166.032832 166.000000 166.000811 166.001621 166.002837 166.003648 166.004864 166.006080 166.006891 166.008107 166.009323 166.010133 166.011349 166.012565 166.013781 166.014997 166.016213 166.017429 166.018645 166.019861 166.021077 166.022293 166.023509 166.024725 166.025941 166.027157 166.028373 166.029589 166.030805 166.032021 166.033237 166.034453 166.035669 166.036885 166.038101 166.039317 166.040533 166.041667 0.000000 0.000000 0.000000 0.000000 0.000000 
0.000000 166.010133 166.003648 166.003243 166.003243 166.004053 166.004864 166.005675 166.006891 166.007701 166.008917 166.009728 166.010944 166.011755 166.012971 166.014187 166.014997 166.016213 166.017024 166.018240 166.019051 166.020267 166.021483 166.022699 166.023509 166.024725 166.025941 166.027157 166.028373 166.029184 166.030400 166.031616 166.032832 166.034048 166.035264 166.036480 166.037696 166.038912 166.040128 166.041344 0.000000 0.000000 0.000000 
0.000000 0.000000 166.026752 166.017429 166.012160 166.010133 166.009323 166.009323 166.009323 166.009728 166.010133 166.010944 166.011349 166.012160 166.012971 166.014187 166.014997 166.016213 166.017024 166.018240 166.019051 166.020267 166.021077 166.022293 166.023104 166.024320 166.025131 166.026347 166.027157 166.028373 166.029589 166.030400 166.031616 166.032832 166.033643 166.034859 166.036075 166.037291 166.038101 166.039317 166.040533 166.041667 0.000000 
0.000000 0.000000 0.000000 0.000000 166.032021 166.025536 166.021483 166.018240 166.016619 166.015808 166.015403 166.015403 166.015403 166.015403 166.015808 166.016213 166.016619 166.017429 166.018240 166.019051 166.019861 166.020672 166.021483 166.022293 166.023104 166.024320 166.025131 166.026347 166.027157 166.028373 166.029184 166.030400 166.031211 166.032427 166.033237 166.034453 166.035669 166.036480 166.037696 166.038507 166.039723 166.040533 166.041667 
0.000000 0.000000 0.000000 0.000000 0.000000 0.000000 166.040533 166.034859 166.029995 166.027157 166.024725 166.023104 166.022293 166.021483 166.021077 166.021077 166.021483 166.021483 166.021888 166.021888 166.022293 166.023104 166.023509 166.024320 166.025131 166.025536 166.026752 166.027157 166.027968 166.029184 166.029995 166.030805 166.031616 166.032427 166.033643 166.034453 166.035669 166.036480 166.037696 166.038507 166.039723 166.040533 166.041667 
0.000000 0.000000 0.000000 0.000000 0.000000 0.000000 0.000000 0.000000 0.000000 0.000000 166.038912 166.035669 166.033237 166.031211 166.029589 166.028779 166.027968 166.027157 166.027157 166.027157 166.027157 166.027563 166.027563 166.027968 166.028373 166.028373 166.029184 166.029589 166.030400 166.031211 166.031616 166.032427 166.033237 166.034048 166.034859 166.035669 166.036480 166.037291 166.038101 166.038912 166.039723 166.040939 166.041667 
0.000000 0.000000 0.000000 0.000000 0.000000 0.000000 0.000000 0.000000 0.000000 0.000000 0.000000 0.000000 0.000000 0.000000 166.041667 166.039723 166.037696 166.036075 166.035264 166.034453 166.033643 166.033237 166.033237 166.033237 166.033237 166.033643 166.033643 166.034048 166.034048 166.034453 166.034859 166.035264 166.035669 166.036480 166.036885 166.037696 166.038507 166.039317 166.040128 166.040533 166.041344 0.000000 0.000000 
0.000000 0.000000 0.000000 0.000000 0.000000 0.000000 0.000000 0.000000 0.000000 0.000000 0.000000 0.000000 0.000000 0.000000 0.000000 0.000000 0.000000 0.000000 0.000000 0.000000 0.000000 166.041667 166.040939 166.040128 166.039317 166.039317 166.039317 166.039317 166.039317 166.039317 166.039723 166.039723 166.040128 166.040533 166.040533 166.040939 166.041344 0.000000 0.000000 0.000000 0.000000 0.000000 0.000000 
