test/output/constant/M3M485_S060_A090_WD225.0_WS045.0/M3M485_S060_A090_WD225.0_WS045.0_ros.asc
ncols         33
nrows         12
xllcorner     426503.990666
yllcorner     12747855.311160
cellsize      100.000000
NODATA_value  0.000000
0.000000 0.000000 0.000000 15.527153 15.527153 19.534113 15.527153 11.907125 28.224045 0.000000 0.000000 0.000000 0.000000 0.000000 0.000000 0.000000 0.000000 0.000000 0.000000 0.000000 0.000000 0.000000 0.000000 0.000000 0.000000 0.000000 0.000000 0.000000 0.000000 0.000000 0.000000 0.000000 0.000000 
1.749661 1.749661 11.907125 19.534113 28.224045 19.534113 28.224045 28.224045 28.224045 32.645626 36.940201 32.645626 28.224045 32.645626 32.645626 36.940201 23.809158 0.000000 0.000000 0.000000 0.000000 0.000000 0.000000 0.000000 0.000000 0.000000 0.000000 0.000000 0.000000 0.000000 0.000000 0.000000 0.000000 
2.190608 0.000000 53.928192 53.928192 53.928192 11.907125 50.384708 23.809158 52.301174 53.928192 53.928192 53.928192 15.527153 15.527153 11.907125 15.527153 52.301174 50.384708 52.301174 36.940201 50.384708 32.645626 0.000000 0.000000 0.000000 0.000000 0.000000 0.000000 0.000000 0.000000 0.000000 0.000000 0.000000 
1.672781 1.672781 50.740284 53.928192 53.928192 53.928192 53.928192 53.928192 28.224045 44.635777 36.940201 53.928192 53.928192 53.804314 23.809158 32.645626 19.534113 32.645626 53.928192 19.534113 28.224045 32.645626 53.928192 19.534113 11.907125 0.000000 0.000000 0.000000 0.000000 0.000000 0.000000 0.000000 0.000000 
0.000000 2.599724 37.615002 3.128700 50.740284 53.865463 53.928192 53.928192 53.928192 53.928192 53.928192 53.928192 53.928192 53.928192 47.803471 53.928192 53.928192 50.384708 53.928192 40.977707 44.635777 23.809158 32.645626 28.224045 32.645626 23.809158 53.804314 53.928192 0.000000 0.000000 0.000000 0.000000 0.000000 
0.000000 0.000000 2.599724 33.355137 45.183128 45.183128 45.183128 50.740284 52.543499 53.928192 53.928192 53.928192 53.928192 53.928192 53.928192 53.928192 53.928192 53.928192 53.928192 53.928192 53.928192 50.384708 53.928192 53.928192 53.928192 8.778499 53.928192 53.928192 53.928192 44.635777 0.000000 0.000000 0.000000 
0.000000 0.000000 0.000000 0.000000 37.615002 1.181996 45.183128 45.183128 45.183128 53.928192 41.597946 50.740284 53.616596 53.928192 53.928192 53.928192 53.928192 53.928192 53.928192 53.928192 53.928192 53.928192 53.928192 53.928192 53.928192 53.928192 52.301174 28.224045 23.809158 23.809158 52.301174 53.928192 0.000000 
0.000000 0.000000 0.000000 0.000000 0.000000 0.000000 0.000000 3.128700 45.183128 45.183128 41.597946 41.597946 52.543499 50.740284 53.928192 52.543499 53.928192 53.928192 53.928192 48.261734 53.928192 53.928192 53.928192 53.928192 53.928192 28.224045 53.928192 53.928192 53.928192 53.928192 53.928192 53.928192 53.928192 
0.000000 0.000000 0.000000 0.000000 0.000000 0.000000 0.000000 0.000000 0.000000 0.000000 45.183128 45.183128 45.183128 45.183128 45.183128 45.183128 48.261734 52.543499 48.261734 53.928192 50.740284 53.928192 53.928192 53.928192 53.928192 53.928192 53.928192 53.928192 53.928192 53.928192 53.928192 53.928192 53.928192 
0.000000 0.000000 0.000000 0.000000 0.000000 0.000000 0.000000 0.000000 0.000000 0.000000 0.000000 0.000000 0.000000 45.183128 45.183128 45.183128 45.183128 52.543499 53.865463 53.865463 52.543499 50.740284 53.928192 53.928192 53.928192 53.928192 53.928192 53.928192 53.928192 53.928192 53.928192 53.928192 53.928192 
0.000000 0.000000 0.000000 0.000000 0.000000 0.000000 0.000000 0.000000 0.000000 0.000000 0.000000 0.000000 0.000000 0.000000 0.000000 0.000000 0.000000 45.183128 45.183128 53.928192 45.183128 53.616596 52.543499 52.543499 50.740284 53.928192 53.928192 53.928192 53.865463 53.928192 53.928192 53.928192 53.928192 
0.000000 0.000000 0.000000 0.000000 0.000000 0.000000 0.000000 0.000000 0.000000 0.000000 0.000000 0.000000 0.000000 0.000000 0.000000 0.000000 0.000000 0.000000 0.000000 0.000000 0.000000 0.000000 0.000000 0.000000 0.000000 0.000000 50.740284 0.000000 0.000000 0.000000 0.000000 0.000000 0.000000 
