test/output/constant/M290_S060_A090_WD315.0_WS015.0/M290_S060_A090_WD315.0_WS015.0_arrival.asc
ncols         10
nrows         28
xllcorner     426503.990666
yllcorner     12746055.311160
cellsize      100.000000
NODATA_value  0.000000
0.000000 166.000000 166.012709 0.000000 0.000000 0.000000 0.000000 0.000000 0.000000 0.000000 
166.037549 166.001155 166.002888 166.033505 0.000000 0.000000 0.000000 0.000000 0.000000 0.000000 
166.036971 166.002311 166.002888 166.015019 0.000000 0.000000 0.000000 0.000000 0.000000 0.000000 
166.038126 166.004621 166.004044 166.009243 166.032927 0.000000 0.000000 0.000000 0.000000 0.000000 
166.040437 166.007510 166.005777 166.008087 166.021374 0.000000 0.000000 0.000000 0.000000 0.000000 
0.000000 166.010976 166.006932 166.008087 166.015597 166.038126 0.000000 0.000000 0.000000 0.000000 
0.000000 166.014442 166.008665 166.008665 166.013864 166.028306 0.000000 0.000000 0.000000 0.000000 
0.000000 166.018485 166.010398 166.010398 166.013286 166.022529 0.000000 0.000000 0.000000 0.000000 
0.000000 166.022529 166.012709 166.011553 166.013286 166.020218 166.035238 0.000000 0.000000 0.000000 
0.000000 166.025995 166.015597 166.013286 166.013286 166.018485 166.029461 0.000000 0.000000 0.000000 
0.000000 166.030039 166.018485 166.015019 166.014442 166.018485 166.026573 0.000000 0.000000 0.000000 
0.000000 166.034083 166.021951 166.016752 166.016175 166.018485 166.024840 166.036393 0.000000 0.000000 
0.000000 166.038126 166.024840 166.018485 166.017908 166.018485 166.023684 166.032927 0.000000 0.000000 
0.000000 0.000000 166.028306 166.020796 166.019063 166.019641 166.023684 166.031194 0.000000 0.000000 
0.000000 0.000000 166.031772 166.023684 166.020796 166.020796 166.023684 166.029461 166.039859 0.000000 
0.000000 0.000000 166.035816 166.026573 166.022529 166.022529 166.023684 166.028883 166.037549 0.000000 
0.000000 0.000000 166.039282 166.029461 166.024840 166.023684 166.024262 166.028306 166.035816 0.000000 
0.000000 0.000000 0.000000 166.032927 166.027150 166.025417 166.025417 166.028306 166.034660 0.000000 
0.000000 0.000000 0.000000 166.035816 166.029461 166.027150 166.026573 166.028883 166.034083 166.041667 
0.000000 0.000000 0.000000 166.039282 166.031772 166.028883 166.028306 166.028883 166.033505 166.040437 
0.000000 0.000000 0.000000 0.000000 166.034660 166.030617 166.030039 166.030039 166.033505 166.039282 
0.000000 0.000000 0.000000 0.000000 166.037549 166.032927 166.031194 166.031194 166.034083 166.038704 
0.000000 0.000000 0.000000 0.000000 166.040437 166.035238 166.032927 166.032927 166.034083 166.038704 
0.000000 0.000000 0.000000 0.000000 0.000000 166.037549 166.034660 166.034660 166.035238 166.038704 
0.000000 0.000000 0.000000 0.000000 0.000000 166.040437 166.036393 166.035816 166.035816 166.038704 
0.000000 0.000000 0.000000 0.000000 0.000000 0.000000 166.038704 166.037549 166.037549 166.039282 
0.000000 0.000000 0.000000 0.000000 0.000000 0.000000 166.041015 166.039282 166.038704 166.039859 
0.000000 0.000000 0.000000 0.000000 0.000000 0.000000 0.000000 166.041015 166.040437 166.041015 
