test/output/constant/M3100_S000_A090_WD000.0_WS025.0/M3100_S000_A090_WD000.0_WS025.0_raz.asc
ncols         11
nrows         37
xllcorner     426103.990666
yllcorner     12745355.311160
cellsize      100.000000
NODATA_value  0.000000
0 0 0 0 285 327 74 0 0 0 0 
0 0 0 327 327 327 32 74 0 0 0 
0 0 285 285 360 254 74 74 74 0 0 
0 0 270 285 327 180 32 74 90 0 0 
0 0 270 258 193 180 166 166 90 0 0 
0 285 285 285 187 180 172 74 74 74 0 
0 327 270 191 180 180 175 166 168 74 0 
0 360 270 189 180 180 177 168 168 74 0 
0 327 247 189 182 180 177 170 170 32 0 
196 285 191 185 180 180 179 174 166 74 163 
327 327 185 185 180 180 177 174 172 32 32 
270 193 187 184 189 180 170 160 166 166 168 
270 258 191 180 180 180 177 168 168 170 166 
191 193 187 187 185 180 174 172 172 175 168 
193 184 184 180 180 180 179 174 175 124 168 
191 185 187 180 180 179 180 174 172 166 170 
193 180 180 182 180 180 170 177 166 168 166 
196 187 189 180 180 179 172 179 170 172 163 
182 185 185 180 180 180 175 179 174 166 112 
187 185 184 185 180 177 175 174 175 174 168 
182 185 189 180 180 180 175 175 170 174 168 
189 180 187 180 180 174 177 177 172 166 170 
184 187 187 182 180 180 177 177 172 172 166 
184 180 182 180 180 174 177 168 177 177 175 
184 193 185 180 180 180 177 179 174 166 166 
185 189 180 196 180 172 177 163 177 170 174 
191 184 180 180 180 180 177 179 177 175 168 
184 184 182 180 180 172 177 179 177 175 175 
184 180 189 180 180 180 177 179 170 179 163 
0 182 180 180 180 172 177 177 177 177 0 
0 184 180 180 180 180 177 175 175 175 0 
0 185 185 180 180 172 177 179 174 174 0 
0 180 180 191 180 180 179 168 179 166 0 
0 0 187 180 180 179 179 179 172 0 0 
0 0 180 191 180 180 179 168 166 0 0 
0 0 0 180 180 179 179 179 0 0 0 
0 0 0 0 180 180 179 0 0 0 0 
