test/output/constant/M3M490_S060_A000_WD090.0_WS030.0/M3M490_S060_A000_WD090.0_WS030.0_arrival.asc
ncols         60
nrows         9
xllcorner     420703.990666
yllcorner     12748355.311160
cellsize      100.000000
NODATA_value  0.000000
0.000000 0.000000 0.000000 0.000000 0.000000 0.000000 0.000000 0.000000 0.000000 0.000000 0.000000 0.000000 0.000000 0.000000 0.000000 0.000000 0.000000 0.000000 0.000000 166.041518 166.041233 166.040665 166.040380 166.039812 166.039527 166.039527 166.039527 166.039527 166.039527 166.039527 166.039812 166.040096 166.040380 166.040665 166.040949 166.041518 0.000000 0.000000 0.000000 0.000000 0.000000 0.000000 0.000000 0.000000 0.000000 0.000000 0.000000 0.000000 0.000000 0.000000 0.000000 0.000000 0.000000 0.000000 0.000000 0.000000 0.000000 0.000000 0.000000 0.000000 
0.000000 0.000000 0.000000 0.000000 0.000000 0.000000 0.000000 0.000000 166.041667 166.041233 166.040380 166.039812 166.039243 166.038674 166.038105 166.037537 166.036968 166.036399 166.035830 166.035262 166.034693 166.034409 166.033840 166.033271 166.032702 166.032418 166.031849 166.031280 166.030996 166.030427 166.029859 166.029574 166.029006 166.028721 166.028437 166.028152 166.028152 166.028152 166.028437 166.028721 166.029006 166.029290 166.029859 166.030427 166.031280 166.032418 166.033555 166.035262 166.037252 166.039812 0.000000 0.000000 0.000000 0.000000 0.000000 0.000000 0.000000 0.000000 0.000000 0.000000 
0.000000 0.000000 0.000000 0.000000 166.041518 166.040665 166.040096 166.039243 166.038674 166.037821 166.037252 166.036399 166.035830 166.035262 166.034693 166.033840 166.033271 166.032702 166.031849 166.031280 166.030427 166.029859 166.029290 166.028437 166.027868 166.027299 166.026446 166.025877 166.025309 166.024740 166.023887 166.023318 166.022749 166.022181 166.021612 166.021043 166.020759 166.020190 166.019621 166.019337 166.018768 166.018200 166.017915 166.017346 166.017062 166.017062 166.017062 166.017346 166.017631 166.018200 166.018768 166.019906 166.021612 166.023603 166.027584 166.033555 0.000000 0.000000 0.000000 0.000000 
0.000000 166.041518 166.040949 166.040096 166.039527 166.038674 166.038105 166.037252 166.036683 166.035830 166.035262 166.034409 166.033840 166.033271 166.032418 166.031849 166.030996 166.030427 166.029574 166.029006 166.028152 166.027584 166.026731 166.026162 166.025309 166.024740 166.023887 166.023318 166.022749 166.021896 166.021328 166.020475 166.019906 166.019053 166.018484 166.017631 166.017062 166.016493 166.015640 166.015072 166.014218 166.013650 166.012797 166.012228 166.011659 166.010806 166.010237 166.009384 166.008815 166.008247 166.007678 166.007109 166.006540 166.005972 166.005687 166.005972 166.006256 166.007678 166.012797 166.038105 
166.041667 166.040949 166.040380 166.039527 166.038958 166.038105 166.037537 166.036683 166.036115 166.035262 166.034693 166.033840 166.033271 166.032418 166.031849 166.030996 166.030427 166.029574 166.029006 166.028152 166.027584 166.026731 166.026162 166.025309 166.024740 166.023887 166.023318 166.022465 166.021896 166.021043 166.020475 166.019621 166.019053 166.018200 166.017631 166.016778 166.016209 166.015356 166.014787 166.013934 166.013365 166.012512 166.011943 166.011090 166.010522 166.009669 166.009100 166.008247 166.007678 166.006825 166.006256 166.005403 166.004834 166.003981 166.003412 166.002559 166.001991 166.001137 166.000569 166.000000 
0.000000 166.041518 166.040949 166.040096 166.039527 166.038674 166.038105 166.037252 166.036683 166.035830 166.035262 166.034409 166.033840 166.033271 166.032418 166.031849 166.030996 166.030427 166.029574 166.029006 166.028152 166.027584 166.026731 166.026162 166.025309 166.024740 166.023887 166.023318 166.022749 166.021896 166.021328 166.020475 166.019906 166.019053 166.018484 166.017631 166.017062 166.016493 166.015640 166.015072 166.014218 166.013650 166.012797 166.012228 166.011659 166.010806 166.010237 166.009384 166.008815 166.008247 166.007678 166.007109 166.006540 166.005972 166.005687 166.005972 166.006256 166.007678 166.012797 166.038105 
0.000000 0.000000 0.000000 0.000000 166.041518 166.040665 166.040096 166.039243 166.038674 166.037821 166.037252 166.036399 166.035830 166.035262 166.034693 166.033840 166.033271 166.032702 166.031849 166.031280 166.030427 166.029859 166.029290 166.028437 166.027868 166.027299 166.026446 166.025877 166.025309 166.024740 166.023887 166.023318 166.022749 166.022181 166.021612 166.021043 166.020759 166.020190 166.019621 166.019337 166.018768 166.018200 166.017915 166.017346 166.017062 166.017062 166.017062 166.017346 166.017631 166.018200 166.018768 166.019906 166.021612 166.023603 166.027584 166.033555 0.000000 0.000000 0.000000 0.000000 
0.000000 0.000000 0.000000 0.000000 0.000000 0.000000 0.000000 0.000000 166.041667 166.041233 166.040380 166.039812 166.039243 166.038674 166.038105 166.037537 166.036968 166.036399 166.035830 166.035262 166.034693 166.034409 166.033840 166.033271 166.032702 166.032418 166.031849 166.031280 166.030996 166.030427 166.029859 166.029574 166.029006 166.028721 166.028437 166.028152 166.028152 166.028152 166.028437 166.028721 166.029006 166.029290 166.029859 166.030427 166.031280 166.032418 166.033555 166.035262 166.037252 166.039812 0.000000 0.000000 0.000000 0.000000 0.000000 0.000000 0.000000 0.000000 0.000000 0.000000 
0.000000 0.000000 0.000000 0.000000 0.000000 0.000000 0.000000 0.000000 0.000000 0.000000 0.000000 0.000000 0.000000 0.000000 0.000000 0.000000 0.000000 0.000000 0.000000 166.041518 166.041233 166.040665 166.040380 166.039812 166.039527 166.039527 166.039527 166.039527 166.039527 166.039527 166.039812 166.040096 166.040380 166.040665 166.040949 166.041518 0.000000 0.000000 0.000000 0.000000 0.000000 0.000000 0.000000 0.000000 0.000000 0.000000 0.000000 0.000000 0.000000 0.000000 0.000000 0.000000 0.000000 0.000000 0.000000 0.000000 0.000000 0.000000 0.000000 0.000000 
