test/output/constant/M290_S060_A000_WD090.0_WS050.0/M290_S060_A000_WD090.0_WS050.0_arrival.asc
ncols         41
nrows         5
xllcorner     422603.990666
yllcorner     12748555.311160
cellsize      100.000000
NODATA_value  0.000000
0.000000 0.000000 0.000000 0.000000 0.000000 166.041499 166.040254 166.039424 166.038595 166.037350 166.036520 166.035690 166.034860 166.034030 166.033200 166.032785 166.031955 166.031125 166.030295 166.029880 166.029050 166.028220 166.027805 166.026975 166.026560 166.026560 166.026560 166.026975 166.027390 166.027805 166.029050 166.030295 166.032785 166.035275 166.039424 0.000000 0.000000 0.000000 0.000000 0.000000 0.000000 
0.000000 166.041499 166.040254 166.039424 166.038180 166.037350 166.036105 166.035275 166.034030 166.033200 166.032370 166.031125 166.030295 166.029050 166.028220 166.026975 166.026145 166.024900 166.024070 166.023240 166.021995 166.021165 166.019920 166.019090 166.017845 166.017015 166.016185 166.014940 166.014110 166.012865 166.012035 166.011205 166.010790 166.009960 166.009130 166.009130 166.009130 166.010375 166.012865 166.021580 0.000000 
166.041084 166.040254 166.039010 166.038180 166.036935 166.036105 166.034860 166.034030 166.032785 166.031955 166.030710 166.029880 166.028635 166.027805 166.026560 166.025730 166.024485 166.023655 166.022410 166.021580 166.020335 166.019505 166.018260 166.017430 166.016185 166.015355 166.014110 166.013280 166.012035 166.011205 166.009960 166.009130 166.007885 166.007055 166.005810 166.004980 166.003735 166.002905 166.001660 166.000830 166.000000 
0.000000 166.041499 166.040254 166.039424 166.038180 166.037350 166.036105 166.035275 166.034030 166.033200 166.032370 166.031125 166.030295 166.029050 166.028220 166.026975 166.026145 166.024900 166.024070 166.023240 166.021995 166.021165 166.019920 166.019090 166.017845 166.017015 166.016185 166.014940 166.014110 166.012865 166.012035 166.011205 166.010790 166.009960 166.009130 166.009130 166.009130 166.010375 166.012865 166.021580 0.000000 
0.000000 0.000000 0.000000 0.000000 0.000000 166.041499 166.040254 166.039424 166.038595 166.037350 166.036520 166.035690 166.034860 166.034030 166.033200 166.032785 166.031955 166.031125 166.030295 166.029880 166.029050 166.028220 166.027805 166.026975 166.026560 166.026560 166.026560 166.026975 166.027390 166.027805 166.029050 166.030295 166.032785 166.035275 166.039424 0.000000 0.000000 0.000000 0.000000 0.000000 0.000000 
