test/output/constant/M3M455_S060_A180_WD315.0_WS005.0/M3M455_S060_A180_WD315.0_WS005.0_arrival.asc
ncols         31
nrows         8
xllcorner     426603.990666
yllcorner     12748255.311160
cellsize      100.000000
NODATA_value  0.000000
0.000000 0.000000 0.000000 0.000000 166.039744 166.037022 166.035388 166.034844 166.034844 166.034844 166.035388 166.035933 166.036477 166.037566 166.038111 166.039199 166.040288 166.041377 0.000000 0.000000 0.000000 0.000000 0.000000 0.000000 0.000000 0.000000 0.000000 0.000000 0.000000 0.000000 0.000000 
166.025044 166.014700 166.012522 166.011978 166.012522 166.013066 166.014155 166.015244 166.016878 166.017966 166.019600 166.021233 166.022866 166.024500 166.026133 166.027766 166.029400 166.031033 166.032666 166.034300 166.035933 166.037566 166.039199 166.040833 0.000000 0.000000 0.000000 0.000000 0.000000 0.000000 0.000000 
166.000000 166.001089 166.002178 166.003811 166.004900 166.006533 166.007622 166.009255 166.010889 166.012522 166.013611 166.015244 166.016878 166.018511 166.020144 166.021777 166.023411 166.025044 166.026677 166.028311 166.029944 166.031033 166.032666 166.034300 166.035933 166.037566 166.039199 166.040833 0.000000 0.000000 0.000000 
166.016333 166.005444 166.004900 166.004900 166.005444 166.006533 166.007622 166.009255 166.010344 166.011978 166.013066 166.014700 166.015789 166.017422 166.018511 166.020144 166.021777 166.022866 166.024500 166.025589 166.027222 166.028855 166.029944 166.031577 166.033211 166.034844 166.035933 166.037566 166.039199 166.040833 0.000000 
0.000000 0.000000 166.028311 166.019600 166.015789 166.014155 166.013611 166.013611 166.013611 166.014155 166.014700 166.015789 166.016878 166.017966 166.019055 166.020144 166.021777 166.022866 166.024500 166.025589 166.027222 166.028311 166.029944 166.031033 166.032666 166.033755 166.035388 166.036477 166.038111 166.039199 166.040833 
0.000000 0.000000 0.000000 0.000000 0.000000 166.034300 166.029400 166.026133 166.023955 166.022866 166.022322 166.022322 166.022322 166.022866 166.022866 166.023411 166.024500 166.025044 166.026133 166.027222 166.028311 166.029400 166.030488 166.031577 166.032666 166.034300 166.035388 166.036477 166.038111 166.039199 166.040833 
0.000000 0.000000 0.000000 0.000000 0.000000 0.000000 0.000000 0.000000 0.000000 166.039199 166.036477 166.033755 166.032666 166.031577 166.031033 166.031033 166.031033 166.031577 166.031577 166.032122 166.032122 166.033211 166.033755 166.034844 166.035388 166.036477 166.037566 166.038655 166.039744 166.040833 166.041667 
0.000000 0.000000 0.000000 0.000000 0.000000 0.000000 0.000000 0.000000 0.000000 0.000000 0.000000 0.000000 0.000000 0.000000 0.000000 0.000000 166.041377 166.040288 166.039744 166.039744 166.039744 166.040288 166.040288 166.040833 166.040833 166.041377 166.041667 0.000000 0.000000 0.000000 0.000000 
