test/output/constant/M385_S060_A000_WD090.0_WS015.0/M385_S060_A000_WD090.0_WS015.0_arrival.asc
ncols         58
nrows         9
xllcorner     420903.990666
yllcorner     12748355.311160
cellsize      100.000000
NODATA_value  0.000000
0.000000 0.000000 0.000000 0.000000 0.000000 0.000000 0.000000 0.000000 0.000000 0.000000 0.000000 0.000000 0.000000 166.041426 166.040842 166.040259 166.039675 166.039383 166.038800 166.038217 166.037925 166.037341 166.036758 166.036466 166.035883 166.035591 166.035008 166.034716 166.034716 166.034716 166.034716 166.034716 166.034716 166.035008 166.035299 166.035591 166.035883 166.036174 166.037050 166.037633 166.038508 166.039675 166.041134 0.000000 0.000000 0.000000 0.000000 0.000000 0.000000 0.000000 0.000000 0.000000 0.000000 0.000000 0.000000 0.000000 0.000000 0.000000 
0.000000 0.000000 0.000000 0.000000 0.000000 0.000000 166.041426 166.040842 166.039967 166.039383 166.038800 166.038217 166.037341 166.036758 166.036174 166.035591 166.034716 166.034132 166.033549 166.032965 166.032382 166.031799 166.031507 166.030923 166.030340 166.029756 166.029173 166.028881 166.028298 166.027714 166.027423 166.026839 166.026256 166.025964 166.025380 166.025089 166.024797 166.024797 166.024797 166.024797 166.025089 166.025380 166.025672 166.025964 166.026839 166.027714 166.028881 166.030340 166.032674 166.035299 166.039092 0.000000 0.000000 0.000000 0.000000 0.000000 0.000000 0.000000 
0.000000 0.000000 0.000000 166.041134 166.040550 166.039675 166.039092 166.038217 166.037633 166.036758 166.036174 166.035299 166.034716 166.034132 166.033257 166.032674 166.031799 166.031215 166.030632 166.029756 166.029173 166.028589 166.027714 166.027131 166.026547 166.025672 166.025089 166.024505 166.023630 166.023047 166.022463 166.021880 166.021005 166.020421 166.019838 166.019254 166.018962 166.018379 166.017795 166.017212 166.016629 166.016337 166.015753 166.015170 166.014878 166.014878 166.014878 166.015170 166.015462 166.016045 166.016920 166.018379 166.020421 166.023922 166.029756 166.041667 0.000000 0.000000 
166.041667 166.040842 166.040259 166.039383 166.038800 166.037925 166.037341 166.036466 166.035883 166.035299 166.034424 166.033841 166.032965 166.032382 166.031507 166.030923 166.030048 166.029465 166.028589 166.028006 166.027423 166.026547 166.025964 166.025089 166.024505 166.023630 166.023047 166.022171 166.021588 166.020713 166.020129 166.019254 166.018671 166.018087 166.017212 166.016629 166.015753 166.015170 166.014295 166.013711 166.013128 166.012253 166.011669 166.010794 166.010211 166.009335 166.008752 166.008168 166.007293 166.006710 166.006126 166.005835 166.005251 166.004959 166.005251 166.006126 166.009044 166.023922 
166.041426 166.040550 166.039967 166.039092 166.038508 166.037633 166.037050 166.036174 166.035591 166.034716 166.034132 166.033257 166.032674 166.031799 166.031215 166.030340 166.029756 166.028881 166.028298 166.027423 166.026839 166.025964 166.025380 166.024505 166.023922 166.023047 166.022463 166.021588 166.021005 166.020129 166.019546 166.018671 166.018087 166.017212 166.016629 166.015753 166.015170 166.014295 166.013711 166.012836 166.012253 166.011377 166.010794 166.009919 166.009335 166.008460 166.007877 166.007002 166.006418 166.005543 166.004959 166.004084 166.003501 166.002626 166.002042 166.001167 166.000583 166.000000 
166.041667 166.040842 166.040259 166.039383 166.038800 166.037925 166.037341 166.036466 166.035883 166.035299 166.034424 166.033841 166.032965 166.032382 166.031507 166.030923 166.030048 166.029465 166.028589 166.028006 166.027423 166.026547 166.025964 166.025089 166.024505 166.023630 166.023047 166.022171 166.021588 166.020713 166.020129 166.019254 166.018671 166.018087 166.017212 166.016629 166.015753 166.015170 166.014295 166.013711 166.013128 166.012253 166.011669 166.010794 166.010211 166.009335 166.008752 166.008168 166.007293 166.006710 166.006126 166.005835 166.005251 166.004959 166.005251 166.006126 166.009044 166.023922 
0.000000 0.000000 0.000000 166.041134 166.040550 166.039675 166.039092 166.038217 166.037633 166.036758 166.036174 166.035299 166.034716 166.034132 166.033257 166.032674 166.031799 166.031215 166.030632 166.029756 166.029173 166.028589 166.027714 166.027131 166.026547 166.025672 166.025089 166.024505 166.023630 166.023047 166.022463 166.021880 166.021005 166.020421 166.019838 166.019254 166.018962 166.018379 166.017795 166.017212 166.016629 166.016337 166.015753 166.015170 166.014878 166.014878 166.014878 166.015170 166.015462 166.016045 166.016920 166.018379 166.020421 166.023922 166.029756 166.041667 0.000000 0.000000 
0.000000 0.000000 0.000000 0.000000 0.000000 0.000000 166.041426 166.040842 166.039967 166.039383 166.038800 166.038217 166.037341 166.036758 166.036174 166.035591 166.034716 166.034132 166.033549 166.032965 166.032382 166.031799 166.031507 166.030923 166.030340 166.029756 166.029173 166.028881 166.028298 166.027714 166.027423 166.026839 166.026256 166.025964 166.025380 166.025089 166.024797 166.024797 166.024797 166.024797 166.025089 166.025380 166.025672 166.025964 166.026839 166.027714 166.028881 166.030340 166.032674 166.035299 166.039092 0.000000 0.000000 0.000000 0.000000 0.000000 0.000000 0.000000 
0.000000 0.000000 0.000000 0.000000 0.000000 0.000000 0.000000 0.000000 0.000000 0.000000 0.000000 0.000000 0.000000 166.041426 166.040842 166.040259 166.039675 166.039383 166.038800 166.038217 166.037925 166.037341 166.036758 166.036466 166.035883 166.035591 166.035008 166.034716 166.034716 166.034716 166.034716 166.034716 166.034716 166.035008 166.035299 166.035591 166.035883 166.036174 166.037050 166.037633 166.038508 166.039675 166.041134 0.000000 0.000000 0.000000 0.000000 0.000000 0.000000 0.000000 0.000000 0.000000 0.000000 0.000000 0.000000 0.000000 0.000000 0.000000 
