test/output/constant/M1M275_S060_A270_WD225.0_WS020.0/M1M275_S060_A270_WD225.0_WS020.0_arrival.asc
ncols         10
nrows         28
xllcorner     426603.990666
yllcorner     12748755.311160
cellsize      100.000000
NODATA_value  0.000000
0.000000 0.000000 0.000000 0.000000 0.000000 0.000000 0.000000 0.000000 166.041383 166.041383 
0.000000 0.000000 0.000000 0.000000 0.000000 0.000000 0.000000 166.040808 166.039659 166.039659 
0.000000 0.000000 0.000000 0.000000 0.000000 0.000000 166.041667 166.038509 166.037935 166.038509 
0.000000 0.000000 0.000000 0.000000 0.000000 0.000000 166.039084 166.036785 166.036210 166.037935 
0.000000 0.000000 0.000000 0.000000 0.000000 166.041383 166.036210 166.035061 166.035061 166.037935 
0.000000 0.000000 0.000000 0.000000 0.000000 166.037935 166.033911 166.033336 166.033911 166.037935 
0.000000 0.000000 0.000000 0.000000 166.041383 166.035061 166.032187 166.031612 166.033336 166.037935 
0.000000 0.000000 0.000000 0.000000 166.037360 166.032187 166.030463 166.030463 166.033336 166.039084 
0.000000 0.000000 0.000000 0.000000 166.033911 166.029313 166.028738 166.029313 166.033336 166.040234 
0.000000 0.000000 0.000000 166.038509 166.031037 166.027589 166.027014 166.028738 166.033911 0.000000 
0.000000 0.000000 0.000000 166.034486 166.027589 166.025865 166.025865 166.028738 166.035061 0.000000 
0.000000 0.000000 166.041383 166.030463 166.025290 166.024140 166.024715 166.029313 166.037360 0.000000 
0.000000 0.000000 166.036210 166.027014 166.022991 166.022416 166.024715 166.029888 166.039659 0.000000 
0.000000 0.000000 166.031612 166.023565 166.021266 166.021266 166.024715 166.031612 0.000000 0.000000 
0.000000 0.000000 166.027589 166.020692 166.019542 166.020117 166.025290 166.033911 0.000000 0.000000 
0.000000 166.036210 166.023565 166.018393 166.017818 166.020117 166.026439 166.037935 0.000000 0.000000 
0.000000 166.031037 166.019542 166.016668 166.016668 166.020117 166.028738 0.000000 0.000000 0.000000 
0.000000 166.025865 166.016668 166.014944 166.016093 166.021266 166.032762 0.000000 0.000000 0.000000 
166.039659 166.021266 166.013794 166.013220 166.015519 166.023565 166.039084 0.000000 0.000000 0.000000 
166.033911 166.016668 166.012070 166.012070 166.016093 166.027589 0.000000 0.000000 0.000000 0.000000 
166.027589 166.012645 166.010346 166.011495 166.017818 166.034486 0.000000 0.000000 0.000000 0.000000 
166.021841 166.009196 166.008622 166.011495 166.021841 0.000000 0.000000 0.000000 0.000000 0.000000 
166.016093 166.007472 166.007472 166.012645 166.031037 0.000000 0.000000 0.000000 0.000000 0.000000 
166.010346 166.005748 166.006897 166.016668 0.000000 0.000000 0.000000 0.000000 0.000000 0.000000 
166.005748 166.004023 166.007472 166.027589 0.000000 0.000000 0.000000 0.000000 0.000000 0.000000 
166.002874 166.002874 166.012070 0.000000 0.000000 0.000000 0.000000 0.000000 0.000000 0.000000 
166.001150 166.002299 166.031612 0.000000 0.000000 0.000000 0.000000 0.000000 0.000000 0.000000 
166.000000 166.011495 0.000000 0.000000 0.000000 0.000000 0.000000 0.000000 0.000000 0.000000 
