test/output/constant/M1M295_S060_A000_WD090.0_WS010.0/M1M295_S060_A000_WD090.0_WS010.0_arrival.asc
ncols         29
nrows         7
xllcorner     423803.990666
yllcorner     12748455.311160
cellsize      100.000000
NODATA_value  0.000000
0.000000 0.000000 0.000000 0.000000 0.000000 0.000000 0.000000 0.000000 166.041471 166.040286 166.039693 166.038508 166.038508 166.037916 166.038508 166.038508 166.038508 166.039693 166.040286 0.000000 0.000000 0.000000 0.000000 0.000000 0.000000 0.000000 0.000000 0.000000 0.000000 
0.000000 0.000000 166.041667 166.040286 166.039101 166.037916 166.036139 166.034954 166.033769 166.032584 166.031399 166.030214 166.029029 166.027845 166.026660 166.026067 166.024882 166.023698 166.023105 166.023105 166.023105 166.023698 166.024290 166.026067 166.029029 166.034954 0.000000 0.000000 0.000000 
166.041471 166.040286 166.038508 166.037324 166.035546 166.034361 166.033177 166.031399 166.030214 166.028437 166.027252 166.025475 166.024290 166.023105 166.021328 166.020143 166.018366 166.017181 166.015403 166.014219 166.013034 166.011256 166.010071 166.009479 166.008294 166.007702 166.008294 166.010664 166.027845 
166.040878 166.039693 166.037916 166.036731 166.034954 166.033769 166.031992 166.030807 166.029029 166.027845 166.026067 166.024882 166.023105 166.021920 166.020143 166.018958 166.017181 166.015996 166.014219 166.013034 166.011256 166.010071 166.008294 166.007109 166.005332 166.004147 166.002370 166.001185 166.000000 
166.041471 166.040286 166.038508 166.037324 166.035546 166.034361 166.033177 166.031399 166.030214 166.028437 166.027252 166.025475 166.024290 166.023105 166.021328 166.020143 166.018366 166.017181 166.015403 166.014219 166.013034 166.011256 166.010071 166.009479 166.008294 166.007702 166.008294 166.010664 166.027845 
0.000000 0.000000 166.041667 166.040286 166.039101 166.037916 166.036139 166.034954 166.033769 166.032584 166.031399 166.030214 166.029029 166.027845 166.026660 166.026067 166.024882 166.023698 166.023105 166.023105 166.023105 166.023698 166.024290 166.026067 166.029029 166.034954 0.000000 0.000000 0.000000 
0.000000 0.000000 0.000000 0.000000 0.000000 0.000000 0.000000 0.000000 166.041471 166.040286 166.039693 166.038508 166.038508 166.037916 166.038508 166.038508 166.038508 166.039693 166.040286 0.000000 0.000000 0.000000 0.000000 0.000000 0.000000 0.000000 0.000000 0.000000 0.000000 
