test/output/constant/C4_S060_A090_WD045.0_WS020.0/C4_S060_A090_WD045.0_WS020.0_ros.asc
ncols         12
nrows         34
xllcorner     425503.990666
yllcorner     12745455.311160
cellsize      100.000000
NODATA_value  0.000000
0.000000 0.000000 0.000000 0.000000 0.000000 0.000000 0.000000 0.000000 0.000000 0.000000 1.301936 -1.000000 
0.000000 0.000000 0.000000 0.000000 0.000000 0.000000 0.000000 0.000000 0.000000 0.459161 58.738441 58.738441 
0.000000 0.000000 0.000000 0.000000 0.000000 0.000000 0.000000 0.000000 0.000000 4.885029 58.738441 12.168723 
0.000000 0.000000 0.000000 0.000000 0.000000 0.000000 0.000000 0.000000 35.082245 39.942654 58.738441 16.443205 
0.000000 0.000000 0.000000 0.000000 0.000000 0.000000 0.000000 39.942654 39.942654 58.738441 58.738441 12.168723 
0.000000 0.000000 0.000000 0.000000 0.000000 0.000000 0.000000 2.708637 2.708637 58.738441 26.056398 16.443205 
0.000000 0.000000 0.000000 0.000000 0.000000 0.000000 1.301936 39.942654 48.601921 58.738441 49.396870 12.168723 
0.000000 0.000000 0.000000 0.000000 0.000000 0.000000 39.942654 39.942654 58.738441 58.738441 5.322047 16.443205 
0.000000 0.000000 0.000000 0.000000 0.000000 0.000000 2.708637 48.601921 58.738441 31.104603 12.168723 12.168723 
0.000000 0.000000 0.000000 0.000000 0.000000 39.942654 44.495373 44.495373 58.738441 16.443205 16.443205 12.168723 
0.000000 0.000000 0.000000 0.000000 0.000000 2.708637 48.601921 58.738441 58.738441 58.504200 16.443205 16.443205 
0.000000 0.000000 0.000000 0.000000 39.942654 2.708637 48.601921 58.738441 36.111176 16.443205 12.168723 12.168723 
0.000000 0.000000 0.000000 0.000000 1.301936 39.942654 58.738441 58.738441 12.168723 21.119480 16.443205 0.000000 
0.000000 0.000000 0.000000 0.000000 4.885029 4.885029 58.738441 58.738441 8.424510 16.443205 5.322047 0.000000 
0.000000 0.000000 0.000000 39.942654 39.942654 48.601921 58.738441 40.924351 52.799187 12.168723 8.424510 0.000000 
0.000000 0.000000 0.000000 4.885029 4.885029 54.994251 58.738441 31.104603 16.443205 12.168723 0.000000 0.000000 
0.000000 0.000000 4.885029 4.885029 48.601921 58.738441 58.738441 58.738441 16.443205 12.168723 0.000000 0.000000 
0.000000 0.000000 2.708637 4.885029 58.738441 58.738441 45.398155 40.924351 5.322047 16.443205 0.000000 0.000000 
0.000000 0.000000 39.942654 4.885029 58.347706 58.738441 52.799187 12.168723 16.443205 5.322047 0.000000 0.000000 
0.000000 0.000000 39.942654 48.601921 58.738441 58.738441 45.398155 16.443205 16.443205 0.000000 0.000000 0.000000 
0.000000 39.942654 4.885029 58.738441 58.738441 45.398155 52.799187 16.443205 8.424510 0.000000 0.000000 0.000000 
0.000000 39.942654 1.301936 57.085575 58.699448 58.738441 45.398155 12.168723 16.443205 0.000000 0.000000 0.000000 
0.000000 1.301936 44.495373 58.738441 58.738441 26.056398 8.424510 21.119480 0.000000 0.000000 0.000000 0.000000 
0.000000 48.601921 58.738441 58.738441 49.396870 40.924351 26.056398 31.104603 0.000000 0.000000 0.000000 0.000000 
4.885029 48.601921 58.738441 58.738441 58.738441 16.443205 16.443205 0.000000 0.000000 0.000000 0.000000 0.000000 
48.601921 58.738441 58.738441 58.738441 52.799187 55.501877 52.799187 0.000000 0.000000 0.000000 0.000000 0.000000 
48.601921 58.738441 58.738441 49.396870 36.111176 5.322047 16.443205 0.000000 0.000000 0.000000 0.000000 0.000000 
1.301936 58.347706 58.738441 12.168723 36.111176 52.799187 0.000000 0.000000 0.000000 0.000000 0.000000 0.000000 
58.738441 58.738441 58.738441 8.424510 16.443205 55.501877 0.000000 0.000000 0.000000 0.000000 0.000000 0.000000 
58.738441 58.738441 58.738441 58.738441 8.424510 0.000000 0.000000 0.000000 0.000000 0.000000 0.000000 0.000000 
58.738441 58.738441 31.104603 31.104603 49.396870 0.000000 0.000000 0.000000 0.000000 0.000000 0.000000 0.000000 
58.738441 58.738441 57.422966 36.111176 0.000000 0.000000 0.000000 0.000000 0.000000 0.000000 0.000000 0.000000 
58.738441 55.501877 16.443205 0.000000 0.000000 0.000000 0.000000 0.000000 0.000000 0.000000 0.000000 0.000000 
58.738441 49.396870 0.000000 0.000000 0.000000 0.000000 0.000000 0.000000 0.000000 0.000000 0.000000 0.000000 
