test/output/constant/M1M285_S000_A180_WD180.0_WS050.0/M1M285_S000_A180_WD180.0_WS050.0_arrival.asc
ncols         7
nrows         36
xllcorner     426303.990666
yllcorner     12748755.311160
cellsize      100.000000
NODATA_value  0.000000
0.000000 0.000000 0.000000 166.041666 0.000000 0.000000 0.000000 
0.000000 0.000000 166.041187 166.040230 166.041187 0.000000 0.000000 
0.000000 0.000000 166.039751 166.039272 166.039751 0.000000 0.000000 
0.000000 166.041666 166.038793 166.037835 166.038793 166.041666 0.000000 
0.000000 166.040708 166.037835 166.036877 166.037835 166.040708 0.000000 
0.000000 166.039751 166.036398 166.035440 166.036398 166.039751 0.000000 
0.000000 166.038314 166.035440 166.034482 166.035440 166.038314 0.000000 
0.000000 166.037356 166.034004 166.033046 166.034004 166.037356 0.000000 
0.000000 166.036398 166.033046 166.032088 166.033046 166.036398 0.000000 
0.000000 166.035440 166.031609 166.030651 166.031609 166.035440 0.000000 
166.041666 166.034004 166.030651 166.029693 166.030651 166.034004 166.041666 
166.041187 166.033046 166.029214 166.028256 166.029214 166.033046 166.041187 
166.040230 166.032088 166.028256 166.027299 166.028256 166.032088 166.040230 
166.039272 166.031130 166.026820 166.025862 166.026820 166.031130 166.039272 
166.038793 166.030172 166.025862 166.024904 166.025862 166.030172 166.038793 
166.038314 166.029214 166.024425 166.023467 166.024425 166.029214 166.038314 
166.038314 166.028256 166.023467 166.022509 166.023467 166.028256 166.038314 
166.038314 166.027299 166.022030 166.021073 166.022030 166.027299 166.038314 
166.038314 166.026820 166.021073 166.020115 166.021073 166.026820 166.038314 
166.038314 166.025862 166.019636 166.018678 166.019636 166.025862 166.038314 
166.038793 166.024904 166.018678 166.017720 166.018678 166.024904 166.038793 
166.039272 166.024425 166.017720 166.016283 166.017720 166.024425 166.039272 
166.040230 166.023467 166.016283 166.015326 166.016283 166.023467 166.040230 
166.041187 166.022988 166.015326 166.013889 166.015326 166.022988 166.041187 
0.000000 166.022988 166.014368 166.012931 166.014368 166.022988 0.000000 
0.000000 166.022988 166.012931 166.011494 166.012931 166.022988 0.000000 
0.000000 166.023467 166.011973 166.010536 166.011973 166.023467 0.000000 
0.000000 166.023946 166.011015 166.009100 166.011015 166.023946 0.000000 
0.000000 166.024904 166.010057 166.008142 166.010057 166.024904 0.000000 
0.000000 166.026820 166.009100 166.006705 166.009100 166.026820 0.000000 
0.000000 166.029693 166.008142 166.005747 166.008142 166.029693 0.000000 
0.000000 166.034482 166.007663 166.004310 166.007663 166.034482 0.000000 
0.000000 0.000000 166.008142 166.003352 166.008142 0.000000 0.000000 
0.000000 0.000000 166.008621 166.001916 166.008621 0.000000 0.000000 
0.000000 0.000000 166.012931 166.000958 166.012931 0.000000 0.000000 
0.000000 0.000000 166.035440 166.000000 166.035440 0.000000 0.000000 
