test/output/constant/M360_S060_A270_WD180.0_WS010.0/M360_S060_A270_WD180.0_WS010.0_arrival.asc
ncols         7
nrows         42
xllcorner     426303.990666
yllcorner     12748755.311160
cellsize      100.000000
NODATA_value  0.000000
0.000000 0.000000 0.000000 166.041514 0.000000 0.000000 0.000000 
0.000000 0.000000 166.041107 166.040293 166.041107 0.000000 0.000000 
0.000000 0.000000 166.039886 166.039479 166.039886 0.000000 0.000000 
0.000000 166.041107 166.039072 166.038258 166.039072 166.041107 0.000000 
0.000000 166.039886 166.037851 166.037444 166.037851 166.039886 0.000000 
0.000000 166.039072 166.037037 166.036223 166.037037 166.039072 0.000000 
166.041667 166.037851 166.035816 166.035409 166.035816 166.037851 166.041667 
166.041107 166.037037 166.035002 166.034188 166.035002 166.037037 166.041107 
166.040293 166.036223 166.034188 166.033374 166.034188 166.036223 166.040293 
166.039479 166.035002 166.032967 166.032153 166.032967 166.035002 166.039479 
166.038665 166.034188 166.032153 166.031339 166.032153 166.034188 166.038665 
166.037851 166.033374 166.030932 166.030118 166.030932 166.033374 166.037851 
166.037444 166.032560 166.030118 166.029304 166.030118 166.032560 166.037444 
166.036630 166.031339 166.028897 166.028083 166.028897 166.031339 166.036630 
166.035816 166.030525 166.028083 166.027269 166.028083 166.030525 166.035816 
166.035002 166.029711 166.026862 166.026048 166.026862 166.029711 166.035002 
166.034188 166.028490 166.026048 166.025234 166.026048 166.028490 166.034188 
166.033781 166.027676 166.024827 166.024013 166.024827 166.027676 166.033781 
166.032967 166.026862 166.024013 166.023199 166.024013 166.026862 166.032967 
166.032153 166.025641 166.022792 166.021978 166.022792 166.025641 166.032153 
166.031746 166.024827 166.021978 166.021164 166.021978 166.024827 166.031746 
166.030932 166.024013 166.020757 166.019943 166.020757 166.024013 166.030932 
166.030525 166.023606 166.019943 166.019129 166.019943 166.023606 166.030525 
166.030525 166.022792 166.018722 166.017908 166.018722 166.022792 166.030525 
166.030525 166.021978 166.017908 166.017094 166.017908 166.021978 166.030525 
166.030525 166.021164 166.016687 166.015873 166.016687 166.021164 166.030525 
166.030525 166.020757 166.015873 166.015059 166.015873 166.020757 166.030525 
166.030932 166.019943 166.014652 166.013838 166.014652 166.019943 166.030932 
166.031339 166.019129 166.013838 166.013024 166.013838 166.019129 166.031339 
166.032153 166.018722 166.013024 166.011803 166.013024 166.018722 166.032153 
166.032967 166.018315 166.011803 166.010989 166.011803 166.018315 166.032967 
166.034595 166.018315 166.010989 166.009768 166.010989 166.018315 166.034595 
166.036630 166.018315 166.010175 166.008954 166.010175 166.018315 166.036630 
166.039072 166.019129 166.008954 166.007733 166.008954 166.019129 166.039072 
0.000000 166.019536 166.008140 166.006919 166.008140 166.019536 0.000000 
0.000000 166.020757 166.007733 166.005698 166.007733 166.020757 0.000000 
0.000000 166.023199 166.006919 166.004884 166.006919 166.023199 0.000000 
0.000000 166.026048 166.006105 166.003663 166.006105 166.026048 0.000000 
0.000000 166.031339 166.006105 166.002849 166.006105 166.031339 0.000000 
0.000000 0.000000 166.006919 166.001628 166.006919 0.000000 0.000000 
0.000000 0.000000 166.009768 166.000814 166.009768 0.000000 0.000000 
0.000000 0.000000 166.023606 166.000000 166.023606 0.000000 0.000000 
