test/output/constant/M3M475_S060_A180_WD045.0_WS010.0/M3M475_S060_A180_WD045.0_WS010.0_intensity.asc
ncols         33
nrows         12
xllcorner     426503.990666
yllcorner     12747855.311160
cellsize      100.000000
NODATA_value  0.000000
0 0 0 0 18386 11532 8595 11532 0 0 0 0 0 0 0 0 0 0 0 0 0 0 0 0 0 0 0 0 0 0 0 0 0 
1232 1232 14829 8595 8595 8595 25849 14829 25849 8595 29530 11532 11532 25849 14829 36237 25849 0 0 0 0 0 0 0 0 0 0 0 0 0 0 0 0 
1537 0 45046 45046 45003 44427 45003 18386 18386 45046 39059 22097 43217 36237 18386 41410 22097 8595 39059 22097 41410 29530 0 0 0 0 0 0 0 0 0 0 0 
1537 1644 45046 45046 45046 45046 45046 41410 43217 44427 43217 45046 14829 45046 45046 45046 45046 29530 43217 22097 11532 41410 25849 18386 0 0 0 0 0 0 0 0 0 
0 1125 1773 32240 38439 44199 45046 45046 45046 45046 45046 45046 45046 43217 45046 36237 22097 45046 18386 45046 29530 45046 8595 45046 14829 14829 11532 0 0 0 0 0 0 
0 0 0 1125 32240 1644 32240 45046 42845 40906 45046 45046 45046 45046 45046 39059 45046 45046 45046 45046 45046 45046 45046 45046 45046 22097 45046 29530 14829 0 0 0 0 
0 0 0 0 1773 3862 28696 32240 28696 40906 42845 45046 45046 44199 45046 45046 45003 45046 45046 45046 33028 45046 45046 45046 45046 45046 18386 8595 39059 18386 33028 0 0 
0 0 0 0 0 0 0 28696 32240 32240 32240 44199 40906 42845 45046 45046 45046 45046 45046 45046 45046 45046 45046 45046 45046 18386 45046 45046 45046 45046 45046 14829 0 
0 0 0 0 0 0 0 0 0 24996 28696 32240 32240 32240 45046 44926 40906 44926 45046 45046 45046 45046 45046 45046 45046 45046 45046 45046 45046 45046 45046 45046 29530 
0 0 0 0 0 0 0 0 0 0 0 0 0 32240 28696 42845 42845 45046 38439 44199 44199 45046 45046 45046 45046 45046 45046 45046 45046 45003 45046 45046 45046 
0 0 0 0 0 0 0 0 0 0 0 0 0 0 0 0 32240 32240 45046 32240 42845 44926 45046 44199 44199 45046 45046 45046 45046 44199 45046 45046 0 
0 0 0 0 0 0 0 0 0 0 0 0 0 0 0 0 0 0 0 0 0 0 0 44199 42845 45046 38439 44199 45046 0 0 0 0 
