test/output/constant/M3100_S060_A000_WD045.0_WS015.0/M3100_S060_A000_WD045.0_WS015.0_intensity.asc
ncols         64
nrows         17
xllcorner     420303.990666
yllcorner     12747255.311160
cellsize      100.000000
NODATA_value  0.000000
0 0 0 0 0 0 0 0 0 0 0 0 0 0 0 0 0 0 0 0 0 0 0 0 0 0 0 0 0 0 0 0 0 0 0 0 0 0 0 0 0 0 0 0 0 0 36024 28028 14348 36024 20722 36024 20722 36024 20722 14348 36024 14348 14348 14348 14348 14348 14348 507 
0 0 0 0 0 0 0 0 0 0 0 0 0 0 0 0 0 0 0 0 0 0 0 0 0 0 0 0 0 0 0 0 0 0 0 0 20722 36024 20722 36024 20722 36024 28028 44467 36024 14348 44467 20722 36024 20722 36024 14348 36024 36024 20722 28028 44467 61663 36024 44467 69895 100344 100344 0 
0 0 0 0 0 0 0 0 0 0 0 0 0 0 0 0 0 0 0 0 0 0 0 0 0 0 0 0 0 0 36024 28028 36024 14348 36024 36024 28028 36024 36024 20722 69895 36024 44467 20722 44467 36024 53100 14348 44467 14348 44467 90199 36024 61663 61663 44467 100344 100344 100344 100344 100344 94295 68868 1203 
0 0 0 0 0 0 0 0 0 0 0 0 0 0 0 0 0 0 0 0 0 0 0 0 0 0 36024 20722 14348 28028 69895 44467 20722 36024 36024 36024 44467 36024 20722 36024 14348 44467 28028 44467 36024 77545 14348 100344 28028 36024 61663 100344 100344 100344 100344 100344 100344 89513 2560 68868 5031 1006 1006 0 
0 0 0 0 0 0 0 0 0 0 0 0 0 0 0 0 0 0 0 0 0 0 20722 36024 53100 36024 44467 28028 44467 28028 44467 84383 36024 53100 36024 14348 94818 77545 36024 69895 53100 44467 53100 94818 44467 53100 100344 100344 100344 100344 100344 100344 100344 94295 5031 5031 76604 68868 2560 60585 60585 0 0 0 
0 0 0 0 0 0 0 0 0 0 0 0 0 0 0 0 0 0 44467 36024 44467 20722 53100 14348 44467 28028 84383 36024 77545 28028 84383 36024 90199 28028 36024 44467 36024 53100 61663 98099 100344 100344 100344 100344 100344 100344 100344 97755 100344 83556 77545 76604 68868 5031 68868 8729 1203 2560 1006 0 0 0 0 0 
0 0 0 0 0 0 0 0 0 0 0 0 0 0 0 36024 53100 44467 28028 69895 14348 44467 53100 36024 44467 20722 84383 20722 61663 44467 44467 28028 36024 100263 100344 100344 100344 100344 100344 100344 100344 100344 100344 100185 100344 99788 68868 83556 5031 1203 68868 1203 68868 2560 68868 68868 2560 0 0 0 0 0 0 0 
0 0 0 0 0 0 0 0 0 0 0 44467 44467 84383 28028 98099 77545 36024 44467 36024 84383 44467 36024 61663 90199 61663 77545 90199 61663 100344 100344 100344 100344 100344 100344 100344 100344 100344 100344 100344 100344 97755 100344 76604 76604 68868 76604 68868 76604 68868 68868 68868 854 68868 0 0 0 0 0 0 0 0 0 0 
0 0 0 0 0 0 0 0 0 90199 20722 36024 77545 100344 28028 53100 36024 14348 44467 36024 53100 61663 100344 61663 100344 100344 100344 100344 100344 100344 100344 100344 100344 100344 100344 94295 100185 76604 100344 83556 76604 5031 76604 8729 1203 5031 68868 68868 68868 2560 68868 0 0 0 0 0 0 0 0 0 0 0 0 0 
0 0 0 0 0 0 14348 84383 69895 84383 53100 36024 36024 61663 20722 36024 20722 100344 36024 100344 100344 100344 100344 100344 100344 100344 100344 94295 100344 100344 97755 100344 100344 94295 83556 2560 76604 83556 68868 5031 68868 68868 68868 8729 68868 76604 68868 76604 0 0 0 0 0 0 0 0 0 0 0 0 0 0 0 0 
0 0 0 0 20722 94818 44467 100344 53100 77545 53100 53100 44467 28028 44467 98099 100344 100344 100344 100344 100344 100344 100344 100344 100344 100344 100344 100344 76604 97755 76604 77545 76604 76604 5031 68868 68868 8729 68868 1203 68868 68868 76604 68868 68868 0 0 0 0 0 0 0 0 0 0 0 0 0 0 0 0 0 0 0 
0 0 69895 61663 61663 69895 100344 36024 100263 98099 77545 100344 100344 100344 100344 100344 100344 100344 100344 100185 100344 100344 100344 94295 100344 83556 100344 76604 76604 76604 76604 68868 5031 68868 68868 68868 68868 5031 68868 2560 1006 0 0 0 0 0 0 0 0 0 0 0 0 0 0 0 0 0 0 0 0 0 0 0 
0 20722 90199 100344 100344 44467 100344 100344 100344 100344 100344 100344 100344 100344 100344 100263 100344 100344 100344 100344 99788 76604 97755 83556 76604 76604 68868 5031 68868 68868 68868 68868 68868 2560 68868 5031 76604 0 0 0 0 0 0 0 0 0 0 0 0 0 0 0 0 0 0 0 0 0 0 0 0 0 0 0 
100344 100344 100344 100344 100344 100344 100344 100344 100344 100344 100344 100344 100344 100344 100344 100344 76604 97755 100344 94295 94295 76604 76604 76604 68868 5031 68868 68868 68868 76604 76604 1203 5031 0 0 0 0 0 0 0 0 0 0 0 0 0 0 0 0 0 0 0 0 0 0 0 0 0 0 0 0 0 0 0 
100344 100344 100344 100344 100344 100344 100344 100344 100344 100344 100344 100344 100344 100344 100344 77545 77545 76604 76604 76604 76604 76604 76604 76604 68868 76604 68868 5031 0 0 0 0 0 0 0 0 0 0 0 0 0 0 0 0 0 0 0 0 0 0 0 0 0 0 0 0 0 0 0 0 0 0 0 0 
100344 100344 100344 94295 100344 100344 100344 100344 100344 100344 94295 76604 76604 76604 5031 68868 68868 68868 2560 68868 1203 0 0 0 0 0 0 0 0 0 0 0 0 0 0 0 0 0 0 0 0 0 0 0 0 0 0 0 0 0 0 0 0 0 0 0 0 0 0 0 0 0 0 0 
0 0 0 0 0 0 0 89513 83556 76604 0 0 0 0 0 0 0 0 0 0 0 0 0 0 0 0 0 0 0 0 0 0 0 0 0 0 0 0 0 0 0 0 0 0 0 0 0 0 0 0 0 0 0 0 0 0 0 0 0 0 0 0 0 0 
