test/output/constant/M380_S060_A180_WD045.0_WS050.0/M380_S060_A180_WD045.0_WS050.0_arrival.asc
ncols         9
nrows         37
xllcorner     426403.990666
yllcorner     12745255.311160
cellsize      100.000000
NODATA_value  0.000000
0.000000 0.000000 166.038140 0.000000 0.000000 0.000000 0.000000 0.000000 0.000000 
0.000000 166.014453 166.000000 166.009635 166.039746 0.000000 0.000000 0.000000 0.000000 
166.040147 166.010438 166.000803 166.004416 166.026899 0.000000 0.000000 0.000000 0.000000 
166.034526 166.009635 166.002007 166.003613 166.019271 0.000000 0.000000 0.000000 0.000000 
166.030512 166.009635 166.003212 166.004015 166.014453 166.034928 0.000000 0.000000 0.000000 
166.028504 166.010037 166.004416 166.004818 166.012044 166.029307 0.000000 0.000000 0.000000 
166.027701 166.010840 166.005621 166.005621 166.011241 166.024490 0.000000 0.000000 0.000000 
166.027300 166.011643 166.006825 166.006825 166.010840 166.021679 166.039344 0.000000 0.000000 
166.026899 166.012847 166.008029 166.008029 166.010840 166.020074 166.034526 0.000000 0.000000 
166.026899 166.014051 166.009234 166.009234 166.011241 166.018869 166.031716 0.000000 0.000000 
166.027300 166.015256 166.010438 166.010438 166.012044 166.018468 166.029307 0.000000 0.000000 
166.027701 166.016460 166.011643 166.011643 166.012446 166.018066 166.027701 166.041667 0.000000 
166.028504 166.017665 166.012847 166.012847 166.013249 166.018066 166.026899 166.039344 0.000000 
166.029307 166.018869 166.014453 166.014051 166.014051 166.018066 166.026096 166.037337 0.000000 
166.030512 166.020074 166.015657 166.014854 166.015256 166.018468 166.025293 166.035329 0.000000 
166.031315 166.021679 166.016862 166.016059 166.016460 166.019271 166.024891 166.034526 0.000000 
166.032118 166.022884 166.018468 166.017263 166.017263 166.019672 166.024891 166.033723 0.000000 
166.032921 166.024088 166.019672 166.018468 166.018468 166.020475 166.024891 166.032921 0.000000 
166.033723 166.025694 166.021278 166.019672 166.019672 166.021278 166.025293 166.032519 0.000000 
166.034928 166.026899 166.022482 166.020876 166.020876 166.022081 166.025694 166.032118 166.041351 
166.036132 166.028504 166.023687 166.022081 166.022081 166.022884 166.026497 166.032118 166.040548 
166.037337 166.029709 166.025293 166.023285 166.023285 166.024088 166.026899 166.032118 166.040147 
166.038541 166.031315 166.026497 166.024490 166.024490 166.024891 166.027701 166.032118 166.039746 
166.039746 166.032519 166.028103 166.026096 166.025694 166.026096 166.028504 166.032519 166.039344 
166.040950 166.033723 166.029307 166.027300 166.026899 166.026899 166.029307 166.033322 166.039344 
0.000000 166.035329 166.030512 166.028504 166.028103 166.028103 166.030110 166.033723 166.038943 
0.000000 166.036534 166.032118 166.029709 166.029307 166.029307 166.030913 166.034125 166.039344 
0.000000 166.038140 166.033322 166.030913 166.030512 166.030512 166.031716 166.034928 166.039746 
0.000000 166.039344 166.034928 166.032118 166.031716 166.031716 166.032519 166.035731 166.040147 
0.000000 166.040548 166.036132 166.033322 166.032921 166.032519 166.033723 166.036132 166.040548 
0.000000 0.000000 166.037337 166.034928 166.034125 166.033723 166.034526 166.037337 166.040950 
0.000000 0.000000 166.038943 166.036132 166.035329 166.034928 166.035731 166.037738 166.041351 
0.000000 0.000000 166.040147 166.037337 166.036534 166.036132 166.036534 166.038943 0.000000 
0.000000 0.000000 166.041667 166.038943 166.037738 166.037337 166.037738 166.039746 0.000000 
0.000000 0.000000 0.000000 166.040147 166.038943 166.038541 166.038943 166.040548 0.000000 
0.000000 0.000000 0.000000 166.041351 166.040147 166.039746 166.039746 166.041351 0.000000 
0.000000 0.000000 0.000000 0.000000 166.041351 166.040950 166.040950 0.000000 0.000000 
