test/output/constant/M3M4100_S000_A000_WD000.0_WS025.0/M3M4100_S000_A000_WD000.0_WS025.0_arrival.asc
ncols         11
nrows         35
xllcorner     426103.990666
yllcorner     12745555.311160
cellsize      100.000000
NODATA_value  0.000000
0.000000 0.000000 0.000000 0.000000 0.000000 166.039609 0.000000 0.000000 0.000000 0.000000 0.000000 
0.000000 0.000000 0.000000 166.037037 166.018519 166.013375 166.018519 166.037037 0.000000 0.000000 0.000000 
0.000000 0.000000 0.000000 166.023663 166.006687 166.000000 166.006687 166.023663 0.000000 0.000000 0.000000 
0.000000 0.000000 166.034465 166.018004 166.004630 166.001029 166.004630 166.018004 166.034465 0.000000 0.000000 
0.000000 0.000000 166.029321 166.014918 166.004115 166.002058 166.004115 166.014918 166.029321 0.000000 0.000000 
0.000000 166.041152 166.025720 166.013375 166.004630 166.003601 166.004630 166.013375 166.025720 166.041152 0.000000 
0.000000 166.037037 166.023663 166.012346 166.005658 166.004630 166.005658 166.012346 166.023663 166.037037 0.000000 
0.000000 166.034465 166.022119 166.012346 166.006687 166.006173 166.006687 166.012346 166.022119 166.034465 0.000000 
0.000000 166.032408 166.021091 166.012346 166.008230 166.007202 166.008230 166.012346 166.021091 166.032408 0.000000 
0.000000 166.030864 166.020576 166.012860 166.009259 166.008745 166.009259 166.012860 166.020576 166.030864 0.000000 
166.041152 166.029836 166.020576 166.013889 166.010288 166.009774 166.010288 166.013889 166.020576 166.029836 166.041152 
166.039609 166.028807 166.020576 166.014918 166.011831 166.011317 166.011831 166.014918 166.020576 166.028807 166.039609 
166.038580 166.028807 166.021091 166.015947 166.012860 166.012346 166.012860 166.015947 166.021091 166.028807 166.038580 
166.037552 166.028807 166.021091 166.016461 166.014403 166.013889 166.014403 166.016461 166.021091 166.028807 166.037552 
166.037037 166.028807 166.022119 166.017490 166.015432 166.014918 166.015432 166.017490 166.022119 166.028807 166.037037 
166.037037 166.028807 166.022634 166.018519 166.016461 166.016461 166.016461 166.018519 166.022634 166.028807 166.037037 
166.036523 166.029321 166.023663 166.020062 166.018004 166.017490 166.018004 166.020062 166.023663 166.029321 166.036523 
166.036523 166.029321 166.024691 166.021091 166.019033 166.019033 166.019033 166.021091 166.024691 166.029321 166.036523 
166.037037 166.030350 166.025720 166.022119 166.020576 166.020062 166.020576 166.022119 166.025720 166.030350 166.037037 
166.037037 166.030864 166.026749 166.023148 166.021605 166.021605 166.021605 166.023148 166.026749 166.030864 166.037037 
166.037552 166.031893 166.027263 166.024691 166.023148 166.022634 166.023148 166.024691 166.027263 166.031893 166.037552 
166.037552 166.032922 166.028292 166.025720 166.024177 166.024177 166.024177 166.025720 166.028292 166.032922 166.037552 
166.038580 166.033436 166.029321 166.027263 166.025720 166.025206 166.025720 166.027263 166.029321 166.033436 166.038580 
166.039095 166.034465 166.030864 166.028292 166.026749 166.026749 166.026749 166.028292 166.030864 166.034465 166.039095 
166.040124 166.035494 166.031893 166.029321 166.028292 166.027778 166.028292 166.029321 166.031893 166.035494 166.040124 
166.040638 166.036523 166.032922 166.030864 166.029321 166.029321 166.029321 166.030864 166.032922 166.036523 166.040638 
166.041667 166.037552 166.033951 166.031893 166.030864 166.030350 166.030864 166.031893 166.033951 166.037552 166.041667 
0.000000 166.038580 166.035494 166.033436 166.031893 166.031893 166.031893 166.033436 166.035494 166.038580 0.000000 
0.000000 166.039609 166.036523 166.034465 166.033436 166.032922 166.033436 166.034465 166.036523 166.039609 0.000000 
0.000000 166.040638 166.037552 166.035494 166.034465 166.034465 166.034465 166.035494 166.037552 166.040638 0.000000 
0.000000 166.041667 166.038580 166.037037 166.036008 166.035494 166.036008 166.037037 166.038580 166.041667 0.000000 
0.000000 0.000000 166.040124 166.038066 166.037037 166.037037 166.037037 166.038066 166.040124 0.000000 0.000000 
0.000000 0.000000 166.041152 166.039609 166.038580 166.038066 166.038580 166.039609 166.041152 0.000000 0.000000 
0.000000 0.000000 0.000000 166.040638 166.039609 166.039609 166.039609 166.040638 0.000000 0.000000 0.000000 
0.000000 0.000000 0.000000 0.000000 166.041152 166.040638 166.041152 0.000000 0.000000 0.000000 0.000000 
