test/output/constant/M495_S000_A180_WD000.0_WS045.0/M495_S000_A180_WD000.0_WS045.0_arrival.asc
ncols         9
nrows         42
xllcorner     426203.990666
yllcorner     12744655.311160
cellsize      100.000000
NODATA_value  0.000000
0.000000 0.000000 0.000000 166.022821 166.000000 166.022821 0.000000 0.000000 0.000000 
0.000000 0.000000 0.000000 166.008965 166.000815 166.008965 0.000000 0.000000 0.000000 
0.000000 0.000000 166.039936 166.006520 166.001630 166.006520 166.039936 0.000000 0.000000 
0.000000 0.000000 166.029341 166.006113 166.002853 166.006113 166.029341 0.000000 0.000000 
0.000000 0.000000 166.024451 166.006113 166.003668 166.006113 166.024451 0.000000 0.000000 
0.000000 0.000000 166.021598 166.006928 166.004890 166.006928 166.021598 0.000000 0.000000 
0.000000 0.000000 166.019968 166.007335 166.005705 166.007335 166.019968 0.000000 0.000000 
0.000000 166.040344 166.018746 166.008150 166.006928 166.008150 166.018746 166.040344 0.000000 
0.000000 166.037084 166.018338 166.008965 166.007743 166.008965 166.018338 166.037084 0.000000 
0.000000 166.034639 166.017931 166.010188 166.008965 166.010188 166.017931 166.034639 0.000000 
0.000000 166.033008 166.017931 166.011003 166.009780 166.011003 166.017931 166.033008 0.000000 
0.000000 166.032193 166.017931 166.011818 166.011003 166.011818 166.017931 166.032193 0.000000 
0.000000 166.031378 166.018338 166.013040 166.011818 166.013040 166.018338 166.031378 0.000000 
0.000000 166.030563 166.019153 166.013855 166.013040 166.013855 166.019153 166.030563 0.000000 
0.000000 166.030156 166.019561 166.015078 166.013855 166.015078 166.019561 166.030156 0.000000 
0.000000 166.029748 166.020376 166.015893 166.015078 166.015893 166.020376 166.029748 0.000000 
0.000000 166.029748 166.021191 166.016708 166.015893 166.016708 166.021191 166.029748 0.000000 
0.000000 166.029748 166.022006 166.017931 166.017115 166.017931 166.022006 166.029748 0.000000 
0.000000 166.029748 166.022413 166.018746 166.017931 166.018746 166.022413 166.029748 0.000000 
0.000000 166.030156 166.023228 166.019968 166.019153 166.019968 166.023228 166.030156 0.000000 
0.000000 166.030563 166.024043 166.020783 166.019968 166.020783 166.024043 166.030563 0.000000 
166.041566 166.031378 166.024858 166.022006 166.021191 166.022006 166.024858 166.031378 166.041566 
166.041566 166.031786 166.025673 166.022821 166.022006 166.022821 166.025673 166.031786 166.041566 
166.041566 166.032601 166.026488 166.024043 166.023228 166.024043 166.026488 166.032601 166.041566 
166.041566 166.033416 166.027711 166.024858 166.024043 166.024858 166.027711 166.033416 166.041566 
166.041566 166.033823 166.028526 166.025673 166.025266 166.025673 166.028526 166.033823 166.041566 
166.041667 166.034639 166.029341 166.026896 166.026081 166.026896 166.029341 166.034639 166.041667 
0.000000 166.035454 166.030563 166.027711 166.027303 166.027711 166.030563 166.035454 0.000000 
0.000000 166.036269 166.031378 166.028933 166.028118 166.028933 166.031378 166.036269 0.000000 
0.000000 166.036676 166.032193 166.029748 166.029341 166.029748 166.032193 166.036676 0.000000 
0.000000 166.037491 166.033008 166.030971 166.030156 166.030971 166.033008 166.037491 0.000000 
0.000000 166.038306 166.034231 166.031786 166.031378 166.031786 166.034231 166.038306 0.000000 
0.000000 166.039121 166.035046 166.033008 166.032193 166.033008 166.035046 166.039121 0.000000 
0.000000 166.039936 166.036269 166.033823 166.033416 166.033823 166.036269 166.039936 0.000000 
0.000000 166.040751 166.037084 166.035046 166.034231 166.035046 166.037084 166.040751 0.000000 
0.000000 166.041566 166.037899 166.035861 166.035454 166.035861 166.037899 166.041566 0.000000 
0.000000 0.000000 166.039121 166.036676 166.036269 166.036676 166.039121 0.000000 0.000000 
0.000000 0.000000 166.039936 166.037899 166.037491 166.037899 166.039936 0.000000 0.000000 
0.000000 0.000000 166.040751 166.038714 166.038306 166.038714 166.040751 0.000000 0.000000 
0.000000 0.000000 0.000000 166.039936 166.039529 166.039936 0.000000 0.000000 0.000000 
0.000000 0.000000 0.000000 166.040751 166.040344 166.040751 0.000000 0.000000 0.000000 
0.000000 0.000000 0.000000 0.000000 166.041566 0.000000 0.000000 0.000000 0.000000 
