test/output/constant/M490_S000_A000_WD270.0_WS045.0/M490_S000_A000_WD270.0_WS045.0_arrival.asc
ncols         40
nrows         7
xllcorner     426603.990666
yllcorner     12748455.311160
cellsize      100.000000
NODATA_value  0.000000
0.000000 0.000000 0.000000 0.000000 0.000000 0.000000 0.000000 0.000000 166.039060 166.036485 166.034768 166.033909 166.033051 166.032192 166.031763 166.031334 166.031334 166.031334 166.031334 166.031763 166.032192 166.033051 166.033480 166.034338 166.035197 166.035626 166.036485 166.037343 166.038202 166.038631 166.039489 166.040348 166.041206 0.000000 0.000000 0.000000 0.000000 0.000000 0.000000 0.000000 
0.000000 0.000000 0.000000 166.031334 166.025754 166.022749 166.021032 166.019745 166.019315 166.018886 166.018886 166.018886 166.019315 166.020174 166.020603 166.021462 166.022320 166.023178 166.023608 166.024466 166.025325 166.026183 166.027042 166.027900 166.029188 166.030046 166.030905 166.032192 166.033051 166.033909 166.034768 166.036055 166.036914 166.038202 166.039060 166.039918 166.041206 0.000000 0.000000 0.000000 
166.024466 166.009443 166.006868 166.006438 166.006438 166.007297 166.007726 166.008585 166.009443 166.010731 166.011589 166.012448 166.013735 166.014594 166.015882 166.016740 166.017598 166.018886 166.019745 166.021032 166.021891 166.023178 166.024037 166.025325 166.026183 166.027042 166.028329 166.029188 166.030475 166.031334 166.032622 166.033480 166.034768 166.035626 166.036914 166.037772 166.038631 166.039918 166.040777 0.000000 
166.000000 166.000858 166.001717 166.003005 166.003863 166.005151 166.006009 166.007297 166.008155 166.009443 166.010302 166.011589 166.012448 166.013735 166.014594 166.015882 166.016740 166.018028 166.018886 166.020174 166.021032 166.022320 166.023178 166.024466 166.025325 166.026612 166.027471 166.028758 166.029617 166.030905 166.031763 166.033051 166.033909 166.035197 166.036055 166.037343 166.038202 166.039489 166.040348 166.041635 
166.024466 166.009443 166.006868 166.006438 166.006438 166.007297 166.007726 166.008585 166.009443 166.010731 166.011589 166.012448 166.013735 166.014594 166.015882 166.016740 166.017598 166.018886 166.019745 166.021032 166.021891 166.023178 166.024037 166.025325 166.026183 166.027042 166.028329 166.029188 166.030475 166.031334 166.032622 166.033480 166.034768 166.035626 166.036914 166.037772 166.038631 166.039918 166.040777 0.000000 
0.000000 0.000000 0.000000 166.031334 166.025754 166.022749 166.021032 166.019745 166.019315 166.018886 166.018886 166.018886 166.019315 166.020174 166.020603 166.021462 166.022320 166.023178 166.023608 166.024466 166.025325 166.026183 166.027042 166.027900 166.029188 166.030046 166.030905 166.032192 166.033051 166.033909 166.034768 166.036055 166.036914 166.038202 166.039060 166.039918 166.041206 0.000000 0.000000 0.000000 
0.000000 0.000000 0.000000 0.000000 0.000000 0.000000 0.000000 0.000000 166.039060 166.036485 166.034768 166.033909 166.033051 166.032192 166.031763 166.031334 166.031334 166.031334 166.031334 166.031763 166.032192 166.033051 166.033480 166.034338 166.035197 166.035626 166.036485 166.037343 166.038202 166.038631 166.039489 166.040348 166.041206 0.000000 0.000000 0.000000 0.000000 0.000000 0.000000 0.000000 
