test/output/constant/M3M460_S060_A180_WD000.0_WS000.0/M3M460_S060_A180_WD000.0_WS000.0_arrival.asc
ncols         31
nrows         7
xllcorner     426603.990666
yllcorner     12748455.311160
cellsize      100.000000
NODATA_value  0.000000
0.000000 0.000000 0.000000 0.000000 0.000000 0.000000 166.040390 166.037624 166.035411 166.034304 166.033751 166.033198 166.032644 166.032644 166.032644 166.032644 166.033198 166.034304 166.034857 166.035964 166.037071 166.037624 166.038731 166.039837 166.040944 166.041667 0.000000 0.000000 0.000000 0.000000 0.000000 
0.000000 0.000000 166.034857 166.026005 166.022685 166.021025 166.019919 166.019919 166.019919 166.019919 166.020472 166.021025 166.022132 166.023238 166.023792 166.024898 166.026005 166.027111 166.028218 166.029878 166.030984 166.032091 166.033198 166.034857 166.035964 166.037071 166.038731 166.039837 166.040944 0.000000 0.000000 
166.017705 166.008299 166.006640 166.006640 166.007193 166.008299 166.009406 166.010513 166.011619 166.013279 166.014386 166.016046 166.017152 166.018259 166.019919 166.021025 166.022685 166.023792 166.025451 166.026558 166.028218 166.029325 166.030984 166.032091 166.033198 166.034857 166.035964 166.037624 166.038731 166.040390 166.041497 
166.000000 166.001107 166.002213 166.003873 166.004980 166.006640 166.007746 166.009406 166.010513 166.012172 166.013279 166.014939 166.016046 166.017705 166.018812 166.020472 166.021578 166.023238 166.024345 166.026005 166.027111 166.028771 166.029878 166.031538 166.032644 166.034304 166.035411 166.037071 166.038177 166.039837 166.040944 
166.017705 166.008299 166.006640 166.006640 166.007193 166.008299 166.009406 166.010513 166.011619 166.013279 166.014386 166.016046 166.017152 166.018259 166.019919 166.021025 166.022685 166.023792 166.025451 166.026558 166.028218 166.029325 166.030984 166.032091 166.033198 166.034857 166.035964 166.037624 166.038731 166.040390 166.041497 
0.000000 0.000000 166.034857 166.026005 166.022685 166.021025 166.019919 166.019919 166.019919 166.019919 166.020472 166.021025 166.022132 166.023238 166.023792 166.024898 166.026005 166.027111 166.028218 166.029878 166.030984 166.032091 166.033198 166.034857 166.035964 166.037071 166.038731 166.039837 166.040944 0.000000 0.000000 
0.000000 0.000000 0.000000 0.000000 0.000000 0.000000 166.040390 166.037624 166.035411 166.034304 166.033751 166.033198 166.032644 166.032644 166.032644 166.032644 166.033198 166.034304 166.034857 166.035964 166.037071 166.037624 166.038731 166.039837 166.040944 166.041667 0.000000 0.000000 0.000000 0.000000 0.000000 
