test/output/constant/M385_S000_A180_WD000.0_WS025.0/M385_S000_A180_WD000.0_WS025.0_arrival.asc
ncols         11
nrows         31
xllcorner     426103.990666
yllcorner     12745855.311160
cellsize      100.000000
NODATA_value  0.000000
0.000000 0.000000 0.000000 166.041007 166.021073 166.014808 166.021073 166.041007 0.000000 0.000000 0.000000 
0.000000 0.000000 0.000000 166.026199 166.007404 166.000000 166.007404 166.026199 0.000000 0.000000 0.000000 
0.000000 0.000000 166.038729 166.019934 166.005126 166.001139 166.005126 166.019934 166.038729 0.000000 0.000000 
0.000000 0.000000 166.032464 166.015947 166.004556 166.002278 166.004556 166.015947 166.032464 0.000000 0.000000 
0.000000 0.000000 166.029047 166.014239 166.005126 166.003987 166.005126 166.014239 166.029047 0.000000 0.000000 
0.000000 166.041007 166.025630 166.013669 166.006265 166.005126 166.006265 166.013669 166.025630 166.041007 0.000000 
0.000000 166.037590 166.023921 166.013669 166.007404 166.006835 166.007404 166.013669 166.023921 166.037590 0.000000 
0.000000 166.035312 166.023351 166.013669 166.009113 166.007974 166.009113 166.013669 166.023351 166.035312 0.000000 
0.000000 166.033603 166.022782 166.014239 166.010252 166.009682 166.010252 166.014239 166.022782 166.033603 0.000000 
0.000000 166.033034 166.022782 166.015378 166.011391 166.010821 166.011391 166.015378 166.022782 166.033034 0.000000 
0.000000 166.031895 166.022782 166.016517 166.013100 166.012530 166.013100 166.016517 166.022782 166.031895 0.000000 
0.000000 166.031895 166.023351 166.017086 166.014239 166.013669 166.014239 166.017086 166.023351 166.031895 0.000000 
166.041577 166.031895 166.023351 166.018226 166.015947 166.015378 166.015947 166.018226 166.023351 166.031895 166.041577 
166.041007 166.031895 166.024491 166.019365 166.017086 166.016517 166.017086 166.019365 166.024491 166.031895 166.041007 
166.041007 166.031895 166.025060 166.020504 166.018226 166.018226 166.018226 166.020504 166.025060 166.031895 166.041007 
166.040438 166.032464 166.026199 166.022212 166.019934 166.019365 166.019934 166.022212 166.026199 166.032464 166.040438 
166.040438 166.032464 166.027338 166.023351 166.021073 166.021073 166.021073 166.023351 166.027338 166.032464 166.040438 
166.041007 166.033603 166.028477 166.024491 166.022782 166.022212 166.022782 166.024491 166.028477 166.033603 166.041007 
166.041007 166.034173 166.029617 166.025630 166.023921 166.023921 166.023921 166.025630 166.029617 166.034173 166.041007 
166.041577 166.035312 166.030186 166.027338 166.025630 166.025060 166.025630 166.027338 166.030186 166.035312 166.041577 
166.041577 166.036451 166.031325 166.028477 166.026769 166.026769 166.026769 166.028477 166.031325 166.036451 166.041577 
0.000000 166.037021 166.032464 166.030186 166.028477 166.027908 166.028477 166.030186 166.032464 166.037021 0.000000 
0.000000 166.038160 166.033603 166.031325 166.029617 166.029617 166.029617 166.031325 166.033603 166.038160 0.000000 
0.000000 166.039299 166.035312 166.032464 166.031325 166.030756 166.031325 166.032464 166.035312 166.039299 0.000000 
0.000000 166.040438 166.036451 166.034173 166.032464 166.032464 166.032464 166.034173 166.036451 166.040438 0.000000 
0.000000 166.041577 166.037590 166.035312 166.034173 166.033603 166.034173 166.035312 166.037590 166.041577 0.000000 
0.000000 0.000000 166.039299 166.037021 166.035312 166.035312 166.035312 166.037021 166.039299 0.000000 0.000000 
0.000000 0.000000 166.040438 166.038160 166.037021 166.036451 166.037021 166.038160 166.040438 0.000000 0.000000 
0.000000 0.000000 166.041577 166.039299 166.038160 166.038160 166.038160 166.039299 166.041577 0.000000 0.000000 
0.000000 0.000000 0.000000 166.041007 166.039868 166.039299 166.039868 166.041007 0.000000 0.000000 0.000000 
0.000000 0.000000 0.000000 0.000000 166.041007 166.041007 166.041007 0.000000 0.000000 0.000000 0.000000 
