test/output/constant/M3M490_S060_A090_WD180.0_WS020.0/M3M490_S060_A090_WD180.0_WS020.0_arrival.asc
ncols         11
nrows         25
xllcorner     426103.990666
yllcorner     12746555.311160
cellsize      100.000000
NODATA_value  0.000000
0.000000 0.000000 0.000000 0.000000 166.032294 166.030041 166.032294 0.000000 0.000000 0.000000 0.000000 
0.000000 0.000000 0.000000 166.033045 166.015772 166.010514 166.015772 166.033045 0.000000 0.000000 0.000000 
0.000000 0.000000 166.039804 166.022531 166.006008 166.000000 166.006008 166.022531 166.039804 0.000000 0.000000 
0.000000 0.000000 166.033045 166.017274 166.005257 166.001502 166.005257 166.017274 166.033045 0.000000 0.000000 
0.000000 0.000000 166.028539 166.014270 166.005257 166.003004 166.005257 166.014270 166.028539 0.000000 0.000000 
0.000000 166.039053 166.024784 166.013518 166.006008 166.005257 166.006008 166.013518 166.024784 166.039053 0.000000 
0.000000 166.036049 166.023282 166.013518 166.007510 166.006759 166.007510 166.013518 166.023282 166.036049 0.000000 
0.000000 166.033796 166.023282 166.014270 166.009763 166.009012 166.009763 166.014270 166.023282 166.033796 0.000000 
0.000000 166.032294 166.022531 166.015021 166.011265 166.010514 166.011265 166.015021 166.022531 166.032294 0.000000 
0.000000 166.032294 166.023282 166.016523 166.012767 166.012767 166.012767 166.016523 166.023282 166.032294 0.000000 
166.041307 166.031543 166.023282 166.018025 166.015021 166.014270 166.015021 166.018025 166.023282 166.031543 166.041307 
166.041307 166.031543 166.024033 166.019527 166.016523 166.016523 166.016523 166.019527 166.024033 166.031543 166.041307 
166.040555 166.032294 166.025535 166.021029 166.018776 166.018025 166.018776 166.021029 166.025535 166.032294 166.040555 
166.040555 166.032294 166.027037 166.022531 166.020278 166.020278 166.020278 166.022531 166.027037 166.032294 166.040555 
166.040555 166.033796 166.027788 166.024033 166.022531 166.021780 166.022531 166.024033 166.027788 166.033796 166.040555 
166.041307 166.034547 166.029290 166.025535 166.024033 166.024033 166.024033 166.025535 166.029290 166.034547 166.041307 
166.041667 166.035298 166.030792 166.027788 166.026286 166.025535 166.026286 166.027788 166.030792 166.035298 166.041667 
0.000000 166.036800 166.032294 166.029290 166.027788 166.027788 166.027788 166.029290 166.032294 166.036800 0.000000 
0.000000 166.038302 166.033796 166.031543 166.030041 166.029290 166.030041 166.031543 166.033796 166.038302 0.000000 
0.000000 166.039804 166.035298 166.033045 166.031543 166.031543 166.031543 166.033045 166.035298 166.039804 0.000000 
0.000000 166.041307 166.037551 166.034547 166.033796 166.033045 166.033796 166.034547 166.037551 166.041307 0.000000 
0.000000 0.000000 166.039053 166.036800 166.035298 166.035298 166.035298 166.036800 166.039053 0.000000 0.000000 
0.000000 0.000000 166.040555 166.038302 166.037551 166.036800 166.037551 166.038302 166.040555 0.000000 0.000000 
0.000000 0.000000 0.000000 166.040555 166.039053 166.039053 166.039053 166.040555 0.000000 0.000000 0.000000 
0.000000 0.000000 0.000000 0.000000 166.041307 166.040555 166.041307 0.000000 0.000000 0.000000 0.000000 
