test/output/constant/M3100_S060_A000_WD090.0_WS050.0/M3100_S060_A000_WD090.0_WS050.0_arrival.asc
ncols         69
nrows         9
xllcorner     419803.990666
yllcorner     12748355.311160
cellsize      100.000000
NODATA_value  0.000000
0.000000 0.000000 0.000000 0.000000 0.000000 0.000000 0.000000 0.000000 0.000000 0.000000 0.000000 0.000000 0.000000 0.000000 0.000000 0.000000 0.000000 0.000000 0.000000 0.000000 0.000000 166.041626 166.041379 166.040887 166.040394 166.040148 166.039655 166.039409 166.038916 166.038916 166.038916 166.038916 166.038916 166.038916 166.039163 166.039163 166.039409 166.039902 166.039902 166.040394 166.040887 166.041379 0.000000 0.000000 0.000000 0.000000 0.000000 0.000000 0.000000 0.000000 0.000000 0.000000 0.000000 0.000000 0.000000 0.000000 0.000000 0.000000 0.000000 0.000000 0.000000 0.000000 0.000000 0.000000 0.000000 0.000000 0.000000 0.000000 0.000000 
0.000000 0.000000 0.000000 0.000000 0.000000 0.000000 0.000000 0.000000 0.000000 0.000000 166.041379 166.040641 166.040148 166.039655 166.038916 166.038424 166.037931 166.037439 166.036946 166.036453 166.035961 166.035468 166.034976 166.034483 166.034237 166.033744 166.033251 166.032759 166.032512 166.032020 166.031527 166.031281 166.030788 166.030296 166.029803 166.029557 166.029064 166.028818 166.028325 166.028079 166.027833 166.027833 166.027833 166.027833 166.028079 166.028079 166.028572 166.028818 166.029310 166.029803 166.030296 166.031035 166.032020 166.033251 166.034729 166.036207 166.038670 166.041133 0.000000 0.000000 0.000000 0.000000 0.000000 0.000000 0.000000 0.000000 0.000000 0.000000 0.000000 
0.000000 0.000000 0.000000 0.000000 166.041626 166.041133 166.040394 166.039902 166.039409 166.038670 166.038177 166.037439 166.036946 166.036207 166.035714 166.035222 166.034729 166.033990 166.033498 166.032759 166.032266 166.031774 166.031281 166.030542 166.030049 166.029310 166.028818 166.028325 166.027586 166.027094 166.026601 166.025862 166.025370 166.024877 166.024384 166.023645 166.023153 166.022660 166.022168 166.021675 166.021182 166.020690 166.020197 166.019951 166.019458 166.018966 166.018719 166.018227 166.017734 166.017488 166.016995 166.016749 166.016749 166.016749 166.016995 166.017241 166.017734 166.017980 166.018966 166.019951 166.021429 166.023399 166.026601 166.030296 166.036946 0.000000 0.000000 0.000000 0.000000 
0.000000 166.041379 166.040887 166.040148 166.039655 166.038916 166.038424 166.037931 166.037192 166.036700 166.035961 166.035468 166.034729 166.034237 166.033744 166.033005 166.032512 166.031774 166.031281 166.030542 166.030049 166.029557 166.028818 166.028325 166.027586 166.027094 166.026355 166.025862 166.025123 166.024631 166.023892 166.023399 166.022660 166.022168 166.021675 166.020936 166.020443 166.019705 166.019212 166.018473 166.017980 166.017488 166.016749 166.016256 166.015517 166.015025 166.014286 166.013793 166.013054 166.012562 166.012069 166.011330 166.010837 166.010099 166.009606 166.009113 166.008374 166.007882 166.007389 166.006897 166.006404 166.006158 166.005665 166.005665 166.005911 166.006650 166.008621 166.016010 0.000000 
166.041626 166.041133 166.040394 166.039902 166.039163 166.038670 166.037931 166.037439 166.036700 166.036207 166.035468 166.034976 166.034237 166.033744 166.033005 166.032512 166.031774 166.031281 166.030542 166.030049 166.029310 166.028818 166.028079 166.027586 166.026847 166.026355 166.025616 166.025123 166.024384 166.023892 166.023153 166.022660 166.021921 166.021429 166.020690 166.020197 166.019458 166.018966 166.018227 166.017734 166.016995 166.016503 166.015764 166.015271 166.014532 166.014039 166.013301 166.012808 166.012069 166.011576 166.010837 166.010345 166.009606 166.009113 166.008374 166.007882 166.007143 166.006650 166.005911 166.005419 166.004680 166.004187 166.003448 166.002956 166.002217 166.001724 166.000985 166.000493 166.000000 
0.000000 166.041379 166.040887 166.040148 166.039655 166.038916 166.038424 166.037931 166.037192 166.036700 166.035961 166.035468 166.034729 166.034237 166.033744 166.033005 166.032512 166.031774 166.031281 166.030542 166.030049 166.029557 166.028818 166.028325 166.027586 166.027094 166.026355 166.025862 166.025123 166.024631 166.023892 166.023399 166.022660 166.022168 166.021675 166.020936 166.020443 166.019705 166.019212 166.018473 166.017980 166.017488 166.016749 166.016256 166.015517 166.015025 166.014286 166.013793 166.013054 166.012562 166.012069 166.011330 166.010837 166.010099 166.009606 166.009113 166.008374 166.007882 166.007389 166.006897 166.006404 166.006158 166.005665 166.005665 166.005911 166.006650 166.008621 166.016010 0.000000 
0.000000 0.000000 0.000000 0.000000 166.041626 166.041133 166.040394 166.039902 166.039409 166.038670 166.038177 166.037439 166.036946 166.036207 166.035714 166.035222 166.034729 166.033990 166.033498 166.032759 166.032266 166.031774 166.031281 166.030542 166.030049 166.029310 166.028818 166.028325 166.027586 166.027094 166.026601 166.025862 166.025370 166.024877 166.024384 166.023645 166.023153 166.022660 166.022168 166.021675 166.021182 166.020690 166.020197 166.019951 166.019458 166.018966 166.018719 166.018227 166.017734 166.017488 166.016995 166.016749 166.016749 166.016749 166.016995 166.017241 166.017734 166.017980 166.018966 166.019951 166.021429 166.023399 166.026601 166.030296 166.036946 0.000000 0.000000 0.000000 0.000000 
0.000000 0.000000 0.000000 0.000000 0.000000 0.000000 0.000000 0.000000 0.000000 0.000000 166.041379 166.040641 166.040148 166.039655 166.038916 166.038424 166.037931 166.037439 166.036946 166.036453 166.035961 166.035468 166.034976 166.034483 166.034237 166.033744 166.033251 166.032759 166.032512 166.032020 166.031527 166.031281 166.030788 166.030296 166.029803 166.029557 166.029064 166.028818 166.028325 166.028079 166.027833 166.027833 166.027833 166.027833 166.028079 166.028079 166.028572 166.028818 166.029310 166.029803 166.030296 166.031035 166.032020 166.033251 166.034729 166.036207 166.038670 166.041133 0.000000 0.000000 0.000000 0.000000 0.000000 0.000000 0.000000 0.000000 0.000000 0.000000 0.000000 
0.000000 0.000000 0.000000 0.000000 0.000000 0.000000 0.000000 0.000000 0.000000 0.000000 0.000000 0.000000 0.000000 0.000000 0.000000 0.000000 0.000000 0.000000 0.000000 0.000000 0.000000 166.041626 166.041379 166.040887 166.040394 166.040148 166.039655 166.039409 166.038916 166.038916 166.038916 166.038916 166.038916 166.038916 166.039163 166.039163 166.039409 166.039902 166.039902 166.040394 166.040887 166.041379 0.000000 0.000000 0.000000 0.000000 0.000000 0.000000 0.000000 0.000000 0.000000 0.000000 0.000000 0.000000 0.000000 0.000000 0.000000 0.000000 0.000000 0.000000 0.000000 0.000000 0.000000 0.000000 0.000000 0.000000 0.000000 0.000000 0.000000 
