test/output/constant/M385_S060_A180_WD045.0_WS010.0/M385_S060_A180_WD045.0_WS010.0_raz.asc
ncols         41
nrows         13
xllcorner     426503.990666
yllcorner     12747755.311160
cellsize      100.000000
NODATA_value  0.000000
0 0 0 80 80 83 83 75 89 80 89 89 89 89 89 0 0 0 0 0 0 0 0 0 0 0 0 0 0 0 0 0 0 0 0 0 0 0 0 0 0 
305 352 80 80 89 89 89 80 92 89 86 92 86 94 89 89 86 92 75 94 83 0 0 0 0 0 0 0 0 0 0 0 0 0 0 0 0 0 0 0 0 
212 65535 102 102 89 102 102 102 98 83 98 89 83 96 94 80 96 86 97 83 97 91 75 94 83 91 0 0 0 0 0 0 0 0 0 0 0 0 0 0 0 
212 181 106 104 102 102 102 102 102 102 102 97 102 89 101 102 102 101 83 80 102 96 89 80 96 86 69 101 89 92 0 0 0 0 0 0 0 0 0 0 0 
0 181 171 111 110 102 102 102 102 102 102 102 102 102 102 102 102 101 102 100 102 102 80 83 89 92 102 94 83 102 101 97 0 0 0 0 0 0 0 0 0 
0 0 181 115 171 259 111 110 104 102 102 102 102 102 102 102 102 102 102 102 86 102 102 98 102 92 94 80 86 102 102 102 102 80 80 0 0 0 0 0 0 
0 0 0 0 212 111 113 110 111 111 104 106 104 102 102 102 102 102 102 102 102 102 89 102 102 89 83 102 101 100 102 102 102 83 102 102 102 0 0 0 0 
0 0 0 0 0 0 181 111 111 111 110 106 102 102 107 102 102 102 102 102 102 102 102 102 102 102 102 102 102 102 89 89 86 102 101 100 102 94 102 0 0 
0 0 0 0 0 0 0 0 0 111 111 111 111 111 106 103 107 102 102 102 103 102 102 102 102 102 102 102 102 102 102 86 100 102 102 102 102 89 86 102 0 
0 0 0 0 0 0 0 0 0 0 0 111 111 111 111 111 103 107 104 104 106 104 104 102 102 102 102 102 102 102 102 102 102 102 102 102 102 101 102 102 100 
0 0 0 0 0 0 0 0 0 0 0 0 0 0 0 111 110 110 111 102 106 104 111 103 102 102 106 102 102 102 102 102 102 102 102 102 102 102 102 102 102 
0 0 0 0 0 0 0 0 0 0 0 0 0 0 0 0 0 0 111 107 111 107 104 108 106 103 102 102 102 102 102 102 102 102 102 102 102 102 102 102 102 
0 0 0 0 0 0 0 0 0 0 0 0 0 0 0 0 0 0 0 0 0 0 0 111 102 111 106 111 104 106 103 103 106 102 102 102 102 102 102 102 0 
