test/output/constant/M385_S060_A180_WD045.0_WS010.0/M385_S060_A180_WD045.0_WS010.0_ros.asc
ncols         41
nrows         13
xllcorner     426503.990666
yllcorner     12747755.311160
cellsize      100.000000
NODATA_value  0.000000
0.000000 0.000000 0.000000 19.154482 19.154482 24.254946 24.254946 14.515009 35.215084 19.154482 35.215084 35.215084 35.215084 35.215084 35.215084 0.000000 0.000000 0.000000 0.000000 0.000000 0.000000 0.000000 0.000000 0.000000 0.000000 0.000000 0.000000 0.000000 0.000000 0.000000 0.000000 0.000000 0.000000 0.000000 0.000000 0.000000 0.000000 0.000000 0.000000 0.000000 0.000000 
1.337477 1.560320 19.154482 19.154482 35.215084 35.215084 35.215084 19.154482 46.080601 35.215084 29.662920 46.080601 29.662920 51.064781 35.215084 35.215084 29.662920 46.080601 14.515009 51.064781 24.254946 0.000000 0.000000 0.000000 0.000000 0.000000 0.000000 0.000000 0.000000 0.000000 0.000000 0.000000 0.000000 0.000000 0.000000 0.000000 0.000000 0.000000 0.000000 0.000000 0.000000 
1.619916 0.000000 66.381508 66.381508 35.215084 66.381508 66.381508 66.381508 62.469002 24.254946 62.469002 35.215084 24.254946 55.544899 51.064781 19.154482 55.544899 29.662920 59.385120 24.254946 59.385120 40.743454 14.515009 51.064781 24.254946 40.743454 0.000000 0.000000 0.000000 0.000000 0.000000 0.000000 0.000000 0.000000 0.000000 0.000000 0.000000 0.000000 0.000000 0.000000 0.000000 
1.619916 2.325312 61.886707 64.305870 66.381508 66.381508 66.381508 66.381508 66.381508 66.381508 66.381508 59.385120 66.381508 35.215084 66.019608 66.381508 66.381508 66.019608 24.254946 19.154482 66.381508 55.544899 35.215084 19.154482 55.544899 29.662920 10.474946 66.315933 35.215084 46.080601 0.000000 0.000000 0.000000 0.000000 0.000000 0.000000 0.000000 0.000000 0.000000 0.000000 0.000000 
0.000000 2.325312 2.829496 44.995365 50.060307 66.381508 66.381508 66.381508 66.381508 66.381508 66.381508 66.381508 66.381508 66.381508 66.381508 66.381508 66.381508 66.019608 66.381508 64.703056 66.381508 66.381508 19.154482 24.254946 35.215084 46.080601 66.381508 51.064781 24.254946 66.381508 66.315933 59.385120 0.000000 0.000000 0.000000 0.000000 0.000000 0.000000 0.000000 0.000000 0.000000 
0.000000 0.000000 2.325312 34.077133 2.829496 1.406604 44.995365 50.060307 64.305870 66.381508 66.381508 66.381508 66.381508 66.381508 66.381508 66.381508 66.381508 66.381508 66.381508 66.381508 29.662920 66.381508 66.381508 62.469002 66.381508 46.080601 51.064781 19.154482 29.662920 66.381508 66.381508 66.381508 66.381508 19.154482 19.154482 0.000000 0.000000 0.000000 0.000000 0.000000 0.000000 
0.000000 0.000000 0.000000 0.000000 1.619916 44.995365 39.613098 50.060307 44.995365 44.995365 64.305870 61.886707 64.305870 66.381508 66.381508 66.381508 66.381508 66.381508 66.381508 66.381508 66.381508 66.381508 35.215084 66.381508 66.381508 35.215084 24.254946 66.381508 66.315933 64.703056 66.381508 66.381508 66.381508 24.254946 66.381508 66.381508 66.381508 0.000000 0.000000 0.000000 0.000000 
0.000000 0.000000 0.000000 0.000000 0.000000 0.000000 2.325312 44.995365 44.995365 44.995365 50.060307 61.886707 66.215874 66.215874 58.636410 66.381508 66.381508 66.381508 66.381508 66.381508 66.381508 66.381508 66.381508 66.381508 66.381508 66.381508 66.381508 66.381508 66.381508 66.381508 35.215084 35.215084 29.662920 66.381508 66.019608 64.703056 66.381508 51.064781 66.381508 0.000000 0.000000 
0.000000 0.000000 0.000000 0.000000 0.000000 0.000000 0.000000 0.000000 0.000000 44.995365 44.995365 44.995365 44.995365 44.995365 61.886707 65.820244 58.636410 66.381508 66.381508 66.381508 65.820244 66.381508 66.381508 66.381508 66.381508 66.381508 66.381508 66.381508 66.381508 66.381508 66.381508 29.662920 64.703056 66.381508 66.381508 66.381508 66.381508 35.215084 29.662920 66.381508 0.000000 
0.000000 0.000000 0.000000 0.000000 0.000000 0.000000 0.000000 0.000000 0.000000 0.000000 0.000000 44.995365 44.995365 44.995365 44.995365 44.995365 65.820244 58.636410 64.305870 64.305870 61.886707 64.305870 64.305870 66.381508 66.381508 66.381508 66.381508 66.381508 66.381508 66.381508 66.381508 66.381508 66.381508 66.381508 66.381508 66.381508 66.381508 66.019608 66.381508 66.381508 64.703056 
0.000000 0.000000 0.000000 0.000000 0.000000 0.000000 0.000000 0.000000 0.000000 0.000000 0.000000 0.000000 0.000000 0.000000 0.000000 44.995365 50.060307 50.060307 44.995365 66.381508 61.886707 64.305870 44.995365 65.820244 66.381508 66.381508 61.886707 66.381508 66.381508 66.381508 66.381508 66.381508 66.381508 66.381508 66.381508 66.381508 66.381508 66.381508 66.381508 66.381508 66.381508 
0.000000 0.000000 0.000000 0.000000 0.000000 0.000000 0.000000 0.000000 0.000000 0.000000 0.000000 0.000000 0.000000 0.000000 0.000000 0.000000 0.000000 0.000000 44.995365 58.636410 44.995365 58.636410 64.305870 54.653893 61.886707 65.820244 66.381508 66.381508 66.381508 66.381508 66.381508 66.381508 66.381508 66.381508 66.381508 66.381508 66.381508 66.381508 66.381508 66.381508 66.381508 
0.000000 0.000000 0.000000 0.000000 0.000000 0.000000 0.000000 0.000000 0.000000 0.000000 0.000000 0.000000 0.000000 0.000000 0.000000 0.000000 0.000000 0.000000 0.000000 0.000000 0.000000 0.000000 0.000000 44.995365 66.215874 44.995365 61.886707 44.995365 64.305870 61.886707 65.820244 65.820244 61.886707 66.381508 66.381508 66.381508 66.381508 66.381508 66.381508 66.381508 0.000000 
