test/output/constant/M385_S060_A180_WD045.0_WS010.0/M385_S060_A180_WD045.0_WS010.0_intensity.asc
ncols         41
nrows         13
xllcorner     426503.990666
yllcorner     12747755.311160
cellsize      100.000000
NODATA_value  0.000000
0 0 0 17127 17127 21688 21688 12978 31488 17127 31488 31488 31488 31488 31488 0 0 0 0 0 0 0 0 0 0 0 0 0 0 0 0 0 0 0 0 0 0 0 0 0 0 
1195 1395 17127 17127 31488 31488 31488 17127 41204 31488 26523 41204 26523 45660 31488 31488 26523 41204 12978 45660 21688 0 0 0 0 0 0 0 0 0 0 0 0 0 0 0 0 0 0 0 0 
1448 0 59356 59356 31488 59356 59356 59356 55858 21688 55858 31488 21688 49666 45660 17127 49666 26523 53100 21688 53100 36431 12978 45660 21688 36431 0 0 0 0 0 0 0 0 0 0 0 0 0 0 0 
1448 2079 55337 57500 59356 59356 59356 59356 59356 59356 59356 53100 59356 31488 59032 59356 59356 59032 21688 17127 59356 49666 31488 17127 49666 26523 9366 59297 31488 41204 0 0 0 0 0 0 0 0 0 0 0 
0 2079 2530 40233 44762 59356 59356 59356 59356 59356 59356 59356 59356 59356 59356 59356 59356 59032 59356 57855 59356 59356 17127 21688 31488 41204 59356 45660 21688 59356 59297 53100 0 0 0 0 0 0 0 0 0 
0 0 2079 30470 2530 1257 40233 44762 57500 59356 59356 59356 59356 59356 59356 59356 59356 59356 59356 59356 26523 59356 59356 55858 59356 41204 45660 17127 26523 59356 59356 59356 59356 17127 17127 0 0 0 0 0 0 
0 0 0 0 1448 40233 35420 44762 40233 40233 57500 55337 57500 59356 59356 59356 59356 59356 59356 59356 59356 59356 31488 59356 59356 31488 21688 59356 59297 57855 59356 59356 59356 21688 59356 59356 59356 0 0 0 0 
0 0 0 0 0 0 2079 40233 40233 40233 44762 55337 59208 59208 52431 59356 59356 59356 59356 59356 59356 59356 59356 59356 59356 59356 59356 59356 59356 59356 31488 31488 26523 59356 59032 57855 59356 45660 59356 0 0 
0 0 0 0 0 0 0 0 0 40233 40233 40233 40233 40233 55337 58854 52431 59356 59356 59356 58854 59356 59356 59356 59356 59356 59356 59356 59356 59356 59356 26523 57855 59356 59356 59356 59356 31488 26523 59356 0 
0 0 0 0 0 0 0 0 0 0 0 40233 40233 40233 40233 40233 58854 52431 57500 57500 55337 57500 57500 59356 59356 59356 59356 59356 59356 59356 59356 59356 59356 59356 59356 59356 59356 59032 59356 59356 57855 
0 0 0 0 0 0 0 0 0 0 0 0 0 0 0 40233 44762 44762 40233 59356 55337 57500 40233 58854 59356 59356 55337 59356 59356 59356 59356 59356 59356 59356 59356 59356 59356 59356 59356 59356 59356 
0 0 0 0 0 0 0 0 0 0 0 0 0 0 0 0 0 0 40233 52431 40233 52431 57500 48870 55337 58854 59356 59356 59356 59356 59356 59356 59356 59356 59356 59356 59356 59356 59356 59356 59356 
0 0 0 0 0 0 0 0 0 0 0 0 0 0 0 0 0 0 0 0 0 0 0 40233 59208 40233 55337 40233 57500 55337 58854 58854 55337 59356 59356 59356 59356 59356 59356 59356 0 
