test/output/constant/M355_S060_A090_WD225.0_WS020.0/M355_S060_A090_WD225.0_WS020.0_ros.asc
ncols         13
nrows         18
xllcorner     426503.990666
yllcorner     12747155.311160
cellsize      100.000000
NODATA_value  0.000000
1.352561 1.734036 2.244408 0.000000 0.000000 0.000000 0.000000 0.000000 0.000000 0.000000 0.000000 0.000000 0.000000 
5.551585 -1.000000 22.975515 2.682719 2.682719 0.000000 0.000000 0.000000 0.000000 0.000000 0.000000 0.000000 0.000000 
4.073574 32.282715 32.282715 2.244408 2.682719 1.954543 0.000000 0.000000 0.000000 0.000000 0.000000 0.000000 0.000000 
4.073574 24.304272 32.282715 32.143471 20.507814 2.682719 1.954543 0.000000 0.000000 0.000000 0.000000 0.000000 0.000000 
14.239635 24.304272 32.282715 32.282715 32.282715 1.734036 2.682719 3.574539 0.000000 0.000000 0.000000 0.000000 0.000000 
0.000000 19.393509 5.551585 32.282715 32.282715 32.282715 22.975515 2.244408 0.000000 0.000000 0.000000 0.000000 0.000000 
0.000000 24.304272 31.159595 32.282715 32.282715 31.547974 31.547974 20.507814 2.682719 0.000000 0.000000 0.000000 0.000000 
0.000000 2.952454 21.917126 32.282715 32.282715 32.282715 31.547974 32.282715 2.244408 22.975515 0.000000 0.000000 0.000000 
0.000000 0.000000 21.917126 32.284969 28.388880 32.282715 32.282715 32.282715 32.282715 22.975515 0.000000 0.000000 0.000000 
0.000000 0.000000 9.445663 16.808786 2.366357 32.282715 31.547974 32.282715 32.282715 27.343039 1.734036 0.000000 0.000000 
0.000000 0.000000 0.000000 21.917126 32.282715 29.963444 32.282715 32.282715 20.507814 31.547974 32.282715 0.000000 0.000000 
0.000000 0.000000 0.000000 21.917126 31.159595 31.941282 32.282715 32.282715 32.282715 32.282715 32.282715 32.282715 0.000000 
0.000000 0.000000 0.000000 0.000000 31.159595 16.808786 32.282715 32.282715 32.282715 32.282715 32.282715 31.547974 0.000000 
0.000000 0.000000 0.000000 0.000000 0.000000 31.941282 32.282715 32.282715 32.282715 32.282715 32.282715 32.282715 32.282715 
0.000000 0.000000 0.000000 0.000000 0.000000 0.000000 32.284969 29.963444 32.282715 32.282715 31.547974 32.282715 32.282715 
0.000000 0.000000 0.000000 0.000000 0.000000 0.000000 0.000000 24.304272 26.483362 32.282715 32.282715 32.282715 32.282715 
0.000000 0.000000 0.000000 0.000000 0.000000 0.000000 0.000000 0.000000 29.963444 32.282715 32.282715 32.282715 32.282715 
0.000000 0.000000 0.000000 0.000000 0.000000 0.000000 0.000000 0.000000 0.000000 32.282715 32.284969 32.282715 32.282715 
