test/output/constant/M380_S000_A000_WD270.0_WS015.0/M380_S000_A000_WD270.0_WS015.0_arrival.asc
ncols         21
nrows         11
xllcorner     426303.990666
yllcorner     12748255.311160
cellsize      100.000000
NODATA_value  0.000000
0.000000 0.000000 0.000000 0.000000 0.000000 0.000000 0.000000 166.040561 166.039572 166.039572 166.039572 166.039572 166.040561 166.040561 166.041551 0.000000 0.000000 0.000000 0.000000 0.000000 0.000000 
0.000000 0.000000 0.000000 166.041551 166.036604 166.033636 166.031658 166.030668 166.030668 166.030668 166.031658 166.031658 166.032647 166.034626 166.035615 166.037594 166.039572 166.041551 0.000000 0.000000 0.000000 
0.000000 0.000000 166.035615 166.028690 166.025722 166.022754 166.021765 166.022754 166.022754 166.022754 166.024733 166.025722 166.027700 166.029679 166.031658 166.033636 166.035615 166.037594 166.040561 0.000000 0.000000 
0.000000 166.033636 166.023743 166.016818 166.013850 166.013850 166.013850 166.013850 166.015829 166.017807 166.019786 166.021765 166.023743 166.025722 166.028690 166.030668 166.032647 166.035615 166.037594 166.040561 0.000000 
166.041551 166.025722 166.011872 166.004947 166.004947 166.005936 166.007914 166.009893 166.011872 166.014840 166.016818 166.019786 166.021765 166.024733 166.026711 166.029679 166.031658 166.034626 166.036604 166.039572 166.041551 
166.039572 166.023743 166.007914 166.000000 166.001979 166.003957 166.006925 166.008904 166.011872 166.013850 166.016818 166.018797 166.021765 166.023743 166.026711 166.028690 166.031658 166.033636 166.036604 166.038583 166.041551 
166.041551 166.025722 166.011872 166.004947 166.004947 166.005936 166.007914 166.009893 166.011872 166.014840 166.016818 166.019786 166.021765 166.024733 166.026711 166.029679 166.031658 166.034626 166.036604 166.039572 166.041551 
0.000000 166.033636 166.023743 166.016818 166.013850 166.013850 166.013850 166.013850 166.015829 166.017807 166.019786 166.021765 166.023743 166.025722 166.028690 166.030668 166.032647 166.035615 166.037594 166.040561 0.000000 
0.000000 0.000000 166.035615 166.028690 166.025722 166.022754 166.021765 166.022754 166.022754 166.022754 166.024733 166.025722 166.027700 166.029679 166.031658 166.033636 166.035615 166.037594 166.040561 0.000000 0.000000 
0.000000 0.000000 0.000000 166.041551 166.036604 166.033636 166.031658 166.030668 166.030668 166.030668 166.031658 166.031658 166.032647 166.034626 166.035615 166.037594 166.039572 166.041551 0.000000 0.000000 0.000000 
0.000000 0.000000 0.000000 0.000000 0.000000 0.000000 0.000000 166.040561 166.039572 166.039572 166.039572 166.039572 166.040561 166.040561 166.041551 0.000000 0.000000 0.000000 0.000000 0.000000 0.000000 
