test/output/constant/M485_S060_A000_WD090.0_WS040.0/M485_S060_A000_WD090.0_WS040.0_arrival.asc
ncols         43
nrows         7
xllcorner     422403.990666
yllcorner     12748455.311160
cellsize      100.000000
NODATA_value  0.000000
0.000000 0.000000 0.000000 0.000000 0.000000 0.000000 0.000000 0.000000 0.000000 0.000000 0.000000 0.000000 0.000000 0.000000 166.041455 166.040666 166.040271 166.039876 166.039876 166.039876 166.039876 166.040271 166.040666 166.041061 166.041667 0.000000 0.000000 0.000000 0.000000 0.000000 0.000000 0.000000 0.000000 0.000000 0.000000 0.000000 0.000000 0.000000 0.000000 0.000000 0.000000 0.000000 0.000000 
0.000000 0.000000 0.000000 0.000000 166.041455 166.040666 166.039876 166.038692 166.037902 166.037112 166.035928 166.035138 166.034349 166.033559 166.032770 166.031980 166.031190 166.030401 166.029611 166.028821 166.028427 166.027637 166.026847 166.026058 166.025663 166.024873 166.024478 166.024084 166.024084 166.024084 166.024478 166.024873 166.025663 166.026847 166.028821 166.030795 166.034744 166.039876 0.000000 0.000000 0.000000 0.000000 0.000000 
0.000000 166.041061 166.040271 166.039087 166.038297 166.037112 166.036323 166.035138 166.034349 166.033559 166.032375 166.031585 166.030401 166.029611 166.028427 166.027637 166.026847 166.025663 166.024873 166.023689 166.022899 166.021715 166.020925 166.019741 166.018951 166.018161 166.016977 166.016187 166.015003 166.014213 166.013029 166.012239 166.011450 166.010660 166.009870 166.009081 166.008291 166.008291 166.008291 166.009081 166.011450 166.018951 0.000000 
166.041061 166.040271 166.039087 166.038297 166.037112 166.036323 166.035138 166.034349 166.033164 166.032375 166.031190 166.030401 166.029216 166.028427 166.027242 166.026452 166.025268 166.024478 166.023294 166.022504 166.021320 166.020530 166.019346 166.018556 166.017372 166.016582 166.015398 166.014608 166.013424 166.012634 166.011450 166.010660 166.009476 166.008686 166.007501 166.006712 166.005527 166.004738 166.003553 166.002764 166.001579 166.000790 166.000000 
0.000000 166.041061 166.040271 166.039087 166.038297 166.037112 166.036323 166.035138 166.034349 166.033559 166.032375 166.031585 166.030401 166.029611 166.028427 166.027637 166.026847 166.025663 166.024873 166.023689 166.022899 166.021715 166.020925 166.019741 166.018951 166.018161 166.016977 166.016187 166.015003 166.014213 166.013029 166.012239 166.011450 166.010660 166.009870 166.009081 166.008291 166.008291 166.008291 166.009081 166.011450 166.018951 0.000000 
0.000000 0.000000 0.000000 0.000000 166.041455 166.040666 166.039876 166.038692 166.037902 166.037112 166.035928 166.035138 166.034349 166.033559 166.032770 166.031980 166.031190 166.030401 166.029611 166.028821 166.028427 166.027637 166.026847 166.026058 166.025663 166.024873 166.024478 166.024084 166.024084 166.024084 166.024478 166.024873 166.025663 166.026847 166.028821 166.030795 166.034744 166.039876 0.000000 0.000000 0.000000 0.000000 0.000000 
0.000000 0.000000 0.000000 0.000000 0.000000 0.000000 0.000000 0.000000 0.000000 0.000000 0.000000 0.000000 0.000000 0.000000 166.041455 166.040666 166.040271 166.039876 166.039876 166.039876 166.039876 166.040271 166.040666 166.041061 166.041667 0.000000 0.000000 0.000000 0.000000 0.000000 0.000000 0.000000 0.000000 0.000000 0.000000 0.000000 0.000000 0.000000 0.000000 0.000000 0.000000 0.000000 0.000000 
