test/output/constant/M365_S060_A090_WD090.0_WS000.0/M365_S060_A090_WD090.0_WS000.0_arrival.asc
ncols         9
nrows         37
xllcorner     426203.990666
yllcorner     12745155.311160
cellsize      100.000000
NODATA_value  0.000000
0.000000 0.000000 0.000000 166.016144 166.000000 166.016144 0.000000 0.000000 0.000000 
0.000000 0.000000 0.000000 166.007380 166.000923 166.007380 0.000000 0.000000 0.000000 
0.000000 0.000000 166.030443 166.005996 166.001845 166.005996 166.030443 0.000000 0.000000 
0.000000 0.000000 166.023524 166.005996 166.003229 166.005996 166.023524 0.000000 0.000000 
0.000000 0.000000 166.020296 166.005996 166.004151 166.005996 166.020296 0.000000 0.000000 
0.000000 166.039669 166.018450 166.006919 166.005535 166.006919 166.018450 166.039669 0.000000 
0.000000 166.035978 166.017528 166.007841 166.006458 166.007841 166.017528 166.035978 0.000000 
0.000000 166.033211 166.017067 166.008764 166.007841 166.008764 166.017067 166.033211 0.000000 
0.000000 166.031366 166.017067 166.009687 166.008764 166.009687 166.017067 166.031366 0.000000 
0.000000 166.029982 166.017067 166.011070 166.010148 166.011070 166.017067 166.029982 0.000000 
0.000000 166.029060 166.017067 166.011993 166.011070 166.011993 166.017067 166.029060 0.000000 
0.000000 166.028598 166.017989 166.013377 166.012454 166.013377 166.017989 166.028598 0.000000 
0.000000 166.028137 166.018912 166.014299 166.013377 166.014299 166.018912 166.028137 0.000000 
166.041514 166.028137 166.019373 166.015683 166.014760 166.015683 166.019373 166.028137 166.041514 
166.040591 166.028137 166.020296 166.016605 166.015683 166.016605 166.020296 166.028137 166.040591 
166.040130 166.028137 166.021218 166.017528 166.017067 166.017528 166.021218 166.028137 166.040130 
166.039669 166.028598 166.022141 166.018912 166.017989 166.018912 166.022141 166.028598 166.039669 
166.039207 166.029060 166.023063 166.019834 166.019373 166.019834 166.023063 166.029060 166.039207 
166.039207 166.029982 166.023986 166.021218 166.020296 166.021218 166.023986 166.029982 166.039207 
166.039207 166.030443 166.024908 166.022141 166.021679 166.022141 166.024908 166.030443 166.039207 
166.039207 166.031366 166.025831 166.023063 166.022602 166.023063 166.025831 166.031366 166.039207 
166.039207 166.032288 166.026753 166.024447 166.023986 166.024447 166.026753 166.032288 166.039207 
166.039669 166.032750 166.028137 166.025369 166.024908 166.025369 166.028137 166.032750 166.039669 
166.040130 166.033672 166.029060 166.026753 166.026292 166.026753 166.029060 166.033672 166.040130 
166.041052 166.034595 166.029982 166.027676 166.027214 166.027676 166.029982 166.034595 166.041052 
166.041514 166.035517 166.031366 166.029060 166.028598 166.029060 166.031366 166.035517 166.041514 
0.000000 166.036440 166.032288 166.029982 166.029521 166.029982 166.032288 166.036440 0.000000 
0.000000 166.037362 166.033211 166.031366 166.030905 166.031366 166.033211 166.037362 0.000000 
0.000000 166.038285 166.034595 166.032288 166.031827 166.032288 166.034595 166.038285 0.000000 
0.000000 166.039207 166.035517 166.033672 166.033211 166.033672 166.035517 166.039207 0.000000 
0.000000 166.040130 166.036440 166.034595 166.034133 166.034595 166.036440 166.040130 0.000000 
0.000000 166.041052 166.037824 166.035517 166.035517 166.035517 166.037824 166.041052 0.000000 
0.000000 0.000000 166.038746 166.036901 166.036440 166.036901 166.038746 0.000000 0.000000 
0.000000 0.000000 166.040130 166.037824 166.037824 166.037824 166.040130 0.000000 0.000000 
0.000000 0.000000 166.041052 166.039207 166.038746 166.039207 166.041052 0.000000 0.000000 
0.000000 0.000000 0.000000 166.040130 166.040130 166.040130 0.000000 0.000000 0.000000 
0.000000 0.000000 0.000000 166.041514 166.041052 166.041514 0.000000 0.000000 0.000000 
