test/output/constant/M3M455_S060_A000_WD090.0_WS015.0/M3M455_S060_A000_WD090.0_WS015.0_arrival.asc
ncols         38
nrows         7
xllcorner     422903.990666
yllcorner     12748455.311160
cellsize      100.000000
NODATA_value  0.000000
0.000000 0.000000 0.000000 0.000000 0.000000 0.000000 0.000000 0.000000 0.000000 0.000000 166.041034 166.040578 166.039667 166.038755 166.038299 166.037387 166.036931 166.036475 166.036475 166.036475 166.036475 166.036475 166.036931 166.037387 166.038299 166.039667 166.041034 0.000000 0.000000 0.000000 0.000000 0.000000 0.000000 0.000000 0.000000 0.000000 0.000000 0.000000 
0.000000 0.000000 0.000000 0.000000 166.041034 166.040123 166.038755 166.037843 166.036931 166.035563 166.034651 166.033283 166.032372 166.031460 166.030548 166.029636 166.028724 166.027812 166.026900 166.026444 166.025533 166.024621 166.023709 166.023253 166.022341 166.021885 166.021885 166.021885 166.022341 166.022797 166.024165 166.025988 166.028268 166.032828 166.040578 0.000000 0.000000 0.000000 
0.000000 166.041490 166.040123 166.039211 166.037843 166.036931 166.035563 166.034651 166.033283 166.032372 166.031004 166.030092 166.028724 166.027812 166.026444 166.025533 166.024165 166.023253 166.022341 166.020973 166.020061 166.018693 166.017782 166.016870 166.015502 166.014590 166.013678 166.012310 166.011398 166.010487 166.009575 166.008663 166.007751 166.007295 166.007751 166.008663 166.011854 166.030548 
166.041667 166.040578 166.039667 166.038299 166.037387 166.036019 166.035107 166.033739 166.032828 166.031460 166.030548 166.029180 166.028268 166.026900 166.025988 166.024621 166.023709 166.022341 166.021429 166.020061 166.019149 166.017782 166.016870 166.015502 166.014590 166.013222 166.012310 166.010943 166.010031 166.008663 166.007751 166.006383 166.005471 166.004103 166.003192 166.001824 166.000912 166.000000 
0.000000 166.041490 166.040123 166.039211 166.037843 166.036931 166.035563 166.034651 166.033283 166.032372 166.031004 166.030092 166.028724 166.027812 166.026444 166.025533 166.024165 166.023253 166.022341 166.020973 166.020061 166.018693 166.017782 166.016870 166.015502 166.014590 166.013678 166.012310 166.011398 166.010487 166.009575 166.008663 166.007751 166.007295 166.007751 166.008663 166.011854 166.030548 
0.000000 0.000000 0.000000 0.000000 166.041034 166.040123 166.038755 166.037843 166.036931 166.035563 166.034651 166.033283 166.032372 166.031460 166.030548 166.029636 166.028724 166.027812 166.026900 166.026444 166.025533 166.024621 166.023709 166.023253 166.022341 166.021885 166.021885 166.021885 166.022341 166.022797 166.024165 166.025988 166.028268 166.032828 166.040578 0.000000 0.000000 0.000000 
0.000000 0.000000 0.000000 0.000000 0.000000 0.000000 0.000000 0.000000 0.000000 0.000000 166.041034 166.040578 166.039667 166.038755 166.038299 166.037387 166.036931 166.036475 166.036475 166.036475 166.036475 166.036475 166.036931 166.037387 166.038299 166.039667 166.041034 0.000000 0.000000 0.000000 0.000000 0.000000 0.000000 0.000000 0.000000 0.000000 0.000000 0.000000 
