test/output/constant/M375_S000_A000_WD135.0_WS020.0/M375_S000_A000_WD135.0_WS020.0_arrival.asc
ncols         18
nrows         18
xllcorner     425103.990666
yllcorner     12748555.311160
cellsize      100.000000
NODATA_value  0.000000
166.041667 166.041265 166.040456 166.040456 166.041265 0.000000 0.000000 0.000000 0.000000 0.000000 0.000000 0.000000 0.000000 0.000000 0.000000 0.000000 0.000000 0.000000 
166.041265 166.038837 166.038028 166.038028 166.038028 166.038028 166.039647 166.041667 0.000000 0.000000 0.000000 0.000000 0.000000 0.000000 0.000000 0.000000 0.000000 0.000000 
166.040456 166.038028 166.036410 166.035601 166.034792 166.034792 166.035601 166.037219 166.039647 0.000000 0.000000 0.000000 0.000000 0.000000 0.000000 0.000000 0.000000 0.000000 
166.040456 166.038028 166.035601 166.033174 166.032365 166.032365 166.032365 166.033174 166.034792 166.038028 0.000000 0.000000 0.000000 0.000000 0.000000 0.000000 0.000000 0.000000 
166.041265 166.038028 166.034792 166.032365 166.030746 166.029937 166.029128 166.029937 166.030746 166.033174 166.036410 166.041265 0.000000 0.000000 0.000000 0.000000 0.000000 0.000000 
0.000000 166.038028 166.034792 166.032365 166.029937 166.027510 166.026701 166.026701 166.026701 166.028319 166.031555 166.035601 166.041265 0.000000 0.000000 0.000000 0.000000 0.000000 
0.000000 166.039647 166.035601 166.032365 166.029128 166.026701 166.025082 166.024273 166.024273 166.024273 166.025892 166.029128 166.034792 166.041667 0.000000 0.000000 0.000000 0.000000 
0.000000 166.041667 166.037219 166.033174 166.029937 166.026701 166.024273 166.021846 166.021037 166.021037 166.021846 166.024273 166.028319 166.034792 0.000000 0.000000 0.000000 0.000000 
0.000000 0.000000 166.039647 166.034792 166.030746 166.026701 166.024273 166.021037 166.018610 166.018610 166.018610 166.019419 166.022655 166.027510 166.035601 0.000000 0.000000 0.000000 
0.000000 0.000000 0.000000 166.038028 166.033174 166.028319 166.024273 166.021037 166.018610 166.016182 166.015373 166.015373 166.016991 166.021037 166.028319 166.038028 0.000000 0.000000 
0.000000 0.000000 0.000000 0.000000 166.036410 166.031555 166.025892 166.021846 166.018610 166.015373 166.012946 166.012946 166.012946 166.015373 166.021037 166.029937 0.000000 0.000000 
0.000000 0.000000 0.000000 0.000000 166.041265 166.035601 166.029128 166.024273 166.019419 166.015373 166.012946 166.010518 166.009709 166.010518 166.013755 166.022655 166.036410 0.000000 
0.000000 0.000000 0.000000 0.000000 0.000000 166.041265 166.034792 166.028319 166.022655 166.016991 166.012946 166.009709 166.007282 166.007282 166.008091 166.014564 166.029128 0.000000 
0.000000 0.000000 0.000000 0.000000 0.000000 0.000000 166.041667 166.034792 166.027510 166.021037 166.015373 166.010518 166.007282 166.004855 166.004855 166.007282 166.021037 166.040456 
0.000000 0.000000 0.000000 0.000000 0.000000 0.000000 0.000000 0.000000 166.035601 166.028319 166.021037 166.013755 166.008091 166.004855 166.001618 166.001618 166.014564 166.035601 
0.000000 0.000000 0.000000 0.000000 0.000000 0.000000 0.000000 0.000000 0.000000 166.038028 166.029937 166.022655 166.014564 166.007282 166.001618 166.000000 166.012137 166.035601 
0.000000 0.000000 0.000000 0.000000 0.000000 0.000000 0.000000 0.000000 0.000000 0.000000 0.000000 166.036410 166.029128 166.021037 166.014564 166.012137 166.016991 166.038028 
0.000000 0.000000 0.000000 0.000000 0.000000 0.000000 0.000000 0.000000 0.000000 0.000000 0.000000 0.000000 0.000000 166.040456 166.035601 166.035601 166.038028 0.000000 
