test/output/constant/M3M4100_S060_A090_WD225.0_WS045.0/M3M4100_S060_A090_WD225.0_WS045.0_raz.asc
ncols         39
nrows         15
xllcorner     426503.990666
yllcorner     12747555.311160
cellsize      100.000000
NODATA_value  0.000000
0 0 354 77 71 82 71 77 0 0 0 0 0 0 0 0 0 0 0 0 0 0 0 0 0 0 0 0 0 0 0 0 0 0 0 0 0 0 0 
284 354 77 77 86 82 82 86 82 91 86 93 93 93 86 71 0 0 0 0 0 0 0 0 0 0 0 0 0 0 0 0 0 0 0 0 0 0 0 
262 254 104 104 101 86 100 86 82 82 89 86 82 93 93 86 86 63 93 91 89 82 0 0 0 0 0 0 0 0 0 0 0 0 0 0 0 0 0 
194 114 104 105 104 104 104 104 104 104 104 100 101 86 104 93 97 98 86 86 86 86 82 77 71 0 0 0 0 0 0 0 0 0 0 0 0 0 0 
0 184 174 111 112 105 104 104 104 104 104 104 104 104 104 104 102 86 77 100 97 86 97 86 97 82 95 97 0 0 0 0 0 0 0 0 0 0 0 
0 0 184 158 112 112 112 105 104 104 104 104 104 104 104 104 104 104 104 103 82 104 104 103 104 82 82 100 98 77 0 0 0 0 0 0 0 0 0 
0 0 0 174 114 114 112 112 111 111 108 104 104 104 104 104 104 104 104 104 104 104 104 104 102 89 101 82 86 86 98 98 102 0 0 0 0 0 0 
0 0 0 0 0 114 112 111 112 111 111 104 107 104 104 104 104 104 104 104 104 104 104 104 104 104 104 82 104 104 89 104 89 104 104 0 0 0 0 
0 0 0 0 0 0 0 114 146 112 111 215 108 111 106 111 109 104 104 104 107 104 104 104 104 104 104 104 95 86 102 86 86 104 104 97 0 0 0 
0 0 0 0 0 0 0 0 0 0 114 111 112 112 105 111 107 107 104 104 107 104 104 104 104 104 104 104 104 104 102 104 101 89 104 104 104 0 0 
0 0 0 0 0 0 0 0 0 0 0 0 112 112 112 112 112 112 111 105 104 104 104 104 104 104 105 104 104 104 104 104 104 104 104 104 104 104 104 
0 0 0 0 0 0 0 0 0 0 0 0 0 0 0 184 112 112 111 112 104 111 104 108 105 104 104 104 104 104 104 104 104 104 104 104 104 104 104 
0 0 0 0 0 0 0 0 0 0 0 0 0 0 0 0 0 0 0 112 111 106 111 107 104 106 104 104 104 104 108 104 104 104 105 104 104 104 104 
0 0 0 0 0 0 0 0 0 0 0 0 0 0 0 0 0 0 0 0 0 0 0 112 111 107 104 105 104 104 104 104 104 104 109 104 104 104 104 
0 0 0 0 0 0 0 0 0 0 0 0 0 0 0 0 0 0 0 0 0 0 0 0 0 0 0 0 0 0 0 106 107 0 0 0 0 0 0 
