test/output/constant/S3_S060_A090_WD315.0_WS020.0/S3_S060_A090_WD315.0_WS020.0_arrival.asc
ncols         11
nrows         22
xllcorner     426603.990666
yllcorner     12746655.311160
cellsize      100.000000
NODATA_value  0.000000
166.000000 166.004956 0.000000 0.000000 0.000000 0.000000 0.000000 0.000000 0.000000 0.000000 0.000000 
166.001416 166.002124 166.014160 0.000000 0.000000 0.000000 0.000000 0.000000 0.000000 0.000000 0.000000 
166.004248 166.003540 166.007080 166.023363 0.000000 0.000000 0.000000 0.000000 0.000000 0.000000 0.000000 
166.009912 166.005664 166.006372 166.012744 166.031859 0.000000 0.000000 0.000000 0.000000 0.000000 0.000000 
166.016992 166.007788 166.007788 166.010620 166.020531 166.041063 0.000000 0.000000 0.000000 0.000000 0.000000 
166.024779 166.011328 166.009204 166.010620 166.016284 166.028319 0.000000 0.000000 0.000000 0.000000 0.000000 
166.032567 166.016284 166.011328 166.011328 166.014868 166.022655 166.036815 0.000000 0.000000 0.000000 0.000000 
166.040355 166.021947 166.014160 166.013452 166.014868 166.019823 166.029027 0.000000 0.000000 0.000000 0.000000 
0.000000 166.028319 166.018407 166.015576 166.015576 166.018407 166.025487 166.036815 0.000000 0.000000 0.000000 
0.000000 166.035399 166.023363 166.018407 166.017699 166.019115 166.023363 166.031859 0.000000 0.000000 0.000000 
0.000000 0.000000 166.029027 166.021239 166.019823 166.019823 166.022655 166.029027 166.038231 0.000000 0.000000 
0.000000 0.000000 166.034691 166.025487 166.021947 166.021239 166.022655 166.027611 166.034691 0.000000 0.000000 
0.000000 0.000000 166.041063 166.030443 166.024779 166.023363 166.024071 166.026903 166.032567 166.041063 0.000000 
0.000000 0.000000 0.000000 166.035399 166.028319 166.025487 166.025487 166.026903 166.031151 166.038231 0.000000 
0.000000 0.000000 0.000000 166.041063 166.032567 166.028319 166.027611 166.027611 166.031151 166.036107 0.000000 
0.000000 0.000000 0.000000 0.000000 166.037523 166.031859 166.029735 166.029735 166.031151 166.035399 166.041063 
0.000000 0.000000 0.000000 0.000000 0.000000 166.035399 166.032567 166.031859 166.031859 166.035399 166.039647 
0.000000 0.000000 0.000000 0.000000 0.000000 166.039647 166.035399 166.033983 166.033983 166.035399 166.039647 
0.000000 0.000000 0.000000 0.000000 0.000000 0.000000 166.038939 166.036107 166.035399 166.036107 166.038939 
0.000000 0.000000 0.000000 0.000000 0.000000 0.000000 0.000000 166.038939 166.037523 166.037523 166.039647 
0.000000 0.000000 0.000000 0.000000 0.000000 0.000000 0.000000 0.000000 166.039647 166.039647 166.040355 
0.000000 0.000000 0.000000 0.000000 0.000000 0.000000 0.000000 0.000000 0.000000 166.041667 166.041667 
