test/output/constant/M360_S000_A090_WD090.0_WS030.0/M360_S000_A090_WD090.0_WS030.0_arrival.asc
ncols         29
nrows         7
xllcorner     423903.990666
yllcorner     12748455.311160
cellsize      100.000000
NODATA_value  0.000000
0.000000 0.000000 0.000000 0.000000 0.000000 166.041469 166.040213 166.038956 166.037699 166.036443 166.035186 166.033929 166.033301 166.032044 166.031416 166.030788 166.030788 166.030788 166.030788 166.031416 166.032044 166.033301 166.036443 166.040213 0.000000 0.000000 0.000000 0.000000 0.000000 
0.000000 0.000000 166.041469 166.039584 166.038328 166.037071 166.035186 166.033929 166.032673 166.030788 166.029531 166.028275 166.027018 166.025761 166.024505 166.023248 166.021991 166.020735 166.020106 166.018850 166.018850 166.018850 166.018850 166.019478 166.021363 166.025761 166.033301 0.000000 0.000000 
0.000000 166.040841 166.038956 166.037699 166.035814 166.034558 166.032673 166.031416 166.030160 166.028275 166.027018 166.025133 166.023876 166.021991 166.020735 166.019478 166.017593 166.016336 166.014451 166.013195 166.011310 166.010053 166.008797 166.007540 166.006283 166.006283 166.006912 166.011938 166.039584 
166.041667 166.040213 166.038956 166.037071 166.035814 166.033929 166.032673 166.030788 166.029531 166.027646 166.026390 166.024505 166.023248 166.021363 166.020106 166.018221 166.016965 166.015080 166.013823 166.011938 166.010681 166.008797 166.007540 166.005655 166.004398 166.002513 166.001257 166.000000 166.028903 
0.000000 166.040841 166.038956 166.037699 166.035814 166.034558 166.032673 166.031416 166.030160 166.028275 166.027018 166.025133 166.023876 166.021991 166.020735 166.019478 166.017593 166.016336 166.014451 166.013195 166.011310 166.010053 166.008797 166.007540 166.006283 166.006283 166.006912 166.011938 166.039584 
0.000000 0.000000 166.041469 166.039584 166.038328 166.037071 166.035186 166.033929 166.032673 166.030788 166.029531 166.028275 166.027018 166.025761 166.024505 166.023248 166.021991 166.020735 166.020106 166.018850 166.018850 166.018850 166.018850 166.019478 166.021363 166.025761 166.033301 0.000000 0.000000 
0.000000 0.000000 0.000000 0.000000 0.000000 166.041469 166.040213 166.038956 166.037699 166.036443 166.035186 166.033929 166.033301 166.032044 166.031416 166.030788 166.030788 166.030788 166.030788 166.031416 166.032044 166.033301 166.036443 166.040213 0.000000 0.000000 0.000000 0.000000 0.000000 
