test/output/constant/M1M275_S000_A180_WD000.0_WS050.0/M1M275_S000_A180_WD000.0_WS050.0_arrival.asc
ncols         7
nrows         33
xllcorner     426303.990666
yllcorner     12745555.311160
cellsize      100.000000
NODATA_value  0.000000
0.000000 0.000000 166.038865 166.000000 166.038865 0.000000 0.000000 
0.000000 0.000000 166.014180 166.001050 166.014180 0.000000 0.000000 
0.000000 0.000000 166.009454 166.002101 166.009454 0.000000 0.000000 
0.000000 0.000000 166.008928 166.003676 166.008928 0.000000 0.000000 
0.000000 166.037814 166.008403 166.004727 166.008403 166.037814 0.000000 
0.000000 166.032037 166.008928 166.006302 166.008928 166.032037 0.000000 
0.000000 166.029411 166.009979 166.007353 166.009979 166.029411 0.000000 
0.000000 166.027310 166.011029 166.008928 166.011029 166.027310 0.000000 
0.000000 166.026260 166.012080 166.009979 166.012080 166.026260 0.000000 
0.000000 166.025735 166.013130 166.011554 166.013130 166.025735 0.000000 
0.000000 166.025210 166.014180 166.012605 166.014180 166.025210 0.000000 
0.000000 166.025210 166.015756 166.014180 166.015756 166.025210 0.000000 
0.000000 166.025210 166.016806 166.015231 166.016806 166.025210 0.000000 
0.000000 166.025735 166.017857 166.016806 166.017857 166.025735 0.000000 
0.000000 166.026785 166.019432 166.017857 166.019432 166.026785 0.000000 
0.000000 166.027310 166.020483 166.019432 166.020483 166.027310 0.000000 
0.000000 166.028361 166.021533 166.020483 166.021533 166.028361 0.000000 
0.000000 166.029411 166.023109 166.022058 166.023109 166.029411 0.000000 
166.041667 166.029936 166.024159 166.023109 166.024159 166.029936 166.041667 
166.041667 166.030987 166.025735 166.024684 166.025735 166.030987 166.041667 
0.000000 166.032037 166.026785 166.025735 166.026785 166.032037 0.000000 
0.000000 166.033088 166.028361 166.027310 166.028361 166.033088 0.000000 
0.000000 166.034138 166.029411 166.028361 166.029411 166.034138 0.000000 
0.000000 166.035188 166.030987 166.029936 166.030987 166.035188 0.000000 
0.000000 166.036239 166.032037 166.030987 166.032037 166.036239 0.000000 
0.000000 166.037289 166.033613 166.032562 166.033613 166.037289 0.000000 
0.000000 166.038865 166.034663 166.033613 166.034663 166.038865 0.000000 
0.000000 166.039915 166.036239 166.035188 166.036239 166.039915 0.000000 
0.000000 166.040966 166.037289 166.036239 166.037289 166.040966 0.000000 
0.000000 0.000000 166.038865 166.037814 166.038865 0.000000 0.000000 
0.000000 0.000000 166.039915 166.038865 166.039915 0.000000 0.000000 
0.000000 0.000000 166.041491 166.040440 166.041491 0.000000 0.000000 
0.000000 0.000000 0.000000 166.041491 0.000000 0.000000 0.000000 
