test/output/constant/M485_S060_A000_WD045.0_WS010.0/M485_S060_A000_WD045.0_WS010.0_arrival.asc
ncols         31
nrows         9
xllcorner     423603.990666
yllcorner     12748055.311160
cellsize      100.000000
NODATA_value  0.000000
0.000000 0.000000 0.000000 0.000000 0.000000 0.000000 0.000000 0.000000 0.000000 0.000000 0.000000 0.000000 0.000000 0.000000 0.000000 0.000000 0.000000 166.040587 166.037917 166.036315 166.033644 166.031508 166.029372 166.026702 166.025100 166.022430 166.021362 166.021362 166.020828 166.023498 166.035781 
0.000000 0.000000 0.000000 0.000000 0.000000 0.000000 0.000000 0.000000 0.000000 0.000000 166.041655 166.039519 166.036849 166.034713 166.032042 166.029906 166.027770 166.025100 166.022964 166.020828 166.018157 166.016021 166.013885 166.011215 166.009079 166.006943 166.005340 166.003738 166.002136 166.001068 166.000000 
0.000000 0.000000 0.000000 0.000000 0.000000 0.000000 0.000000 166.040587 166.038451 166.035781 166.033644 166.031508 166.029372 166.027236 166.025100 166.022964 166.020828 166.019225 166.017089 166.014953 166.013351 166.011749 166.010681 166.009079 166.008011 166.006408 166.004806 166.003738 166.003204 166.003204 166.013885 
0.000000 0.000000 0.000000 0.000000 166.041121 166.038985 166.036849 166.034713 166.032576 166.030974 166.028838 166.026702 166.025100 166.023498 166.021896 166.020293 166.018691 166.017623 166.016021 166.014419 166.013351 166.011749 166.010681 166.009613 166.009613 166.009613 166.009613 166.012283 166.019759 166.036315 0.000000 
0.000000 0.000000 166.040587 166.038451 166.036849 166.034713 166.033644 166.031508 166.029906 166.028304 166.027236 166.025634 166.024032 166.022964 166.021362 166.020293 166.018691 166.017623 166.016555 166.016021 166.015487 166.015487 166.015487 166.016021 166.017623 166.021362 166.028304 166.039519 0.000000 0.000000 0.000000 
166.041121 166.039519 166.037917 166.036849 166.035247 166.033644 166.032576 166.030974 166.029906 166.028304 166.027236 166.025634 166.024566 166.023498 166.022964 166.021896 166.021362 166.021362 166.021362 166.021896 166.022430 166.024032 166.026702 166.030440 166.037383 0.000000 0.000000 0.000000 0.000000 0.000000 0.000000 
166.040587 166.039519 166.037917 166.036849 166.035247 166.033644 166.032576 166.031508 166.030440 166.029372 166.028838 166.028304 166.027770 166.027770 166.027770 166.027770 166.028304 166.028838 166.029906 166.032576 166.035781 166.040053 0.000000 0.000000 0.000000 0.000000 0.000000 0.000000 0.000000 0.000000 0.000000 
166.040587 166.039519 166.038451 166.037383 166.036315 166.035781 166.034713 166.034178 166.033644 166.033644 166.033644 166.033644 166.034178 166.034713 166.035247 166.036315 166.038451 166.041121 0.000000 0.000000 0.000000 0.000000 0.000000 0.000000 0.000000 0.000000 0.000000 0.000000 0.000000 0.000000 0.000000 
0.000000 166.041655 166.041121 166.040587 166.040053 166.039519 166.039519 166.039519 166.040053 166.040587 166.040587 166.041655 0.000000 0.000000 0.000000 0.000000 0.000000 0.000000 0.000000 0.000000 0.000000 0.000000 0.000000 0.000000 0.000000 0.000000 0.000000 0.000000 0.000000 0.000000 0.000000 
