test/output/constant/M375_S060_A000_WD225.0_WS015.0/M375_S060_A000_WD225.0_WS015.0_arrival.asc
ncols         31
nrows         14
xllcorner     423703.990666
yllcorner     12748655.311160
cellsize      100.000000
NODATA_value  0.000000
0.000000 166.041272 166.040743 166.040214 166.039684 166.039684 166.040214 166.040214 166.040743 166.041667 0.000000 0.000000 0.000000 0.000000 0.000000 0.000000 0.000000 0.000000 0.000000 0.000000 0.000000 0.000000 0.000000 0.000000 0.000000 0.000000 0.000000 0.000000 0.000000 0.000000 0.000000 
166.041667 166.040214 166.039155 166.038097 166.037568 166.037039 166.036510 166.036510 166.036510 166.037039 166.037568 166.038626 166.040214 166.041667 0.000000 0.000000 0.000000 0.000000 0.000000 0.000000 0.000000 0.000000 0.000000 0.000000 0.000000 0.000000 0.000000 0.000000 0.000000 0.000000 0.000000 
166.041667 166.040214 166.038626 166.037568 166.035981 166.034922 166.033864 166.033335 166.032806 166.032806 166.033335 166.033335 166.033864 166.035451 166.037039 166.039155 0.000000 0.000000 0.000000 0.000000 0.000000 0.000000 0.000000 0.000000 0.000000 0.000000 0.000000 0.000000 0.000000 0.000000 0.000000 
0.000000 166.040214 166.038626 166.037568 166.035981 166.034393 166.032806 166.031748 166.030689 166.030160 166.029631 166.029631 166.029631 166.030160 166.030689 166.031748 166.033864 166.035981 166.039684 0.000000 0.000000 0.000000 0.000000 0.000000 0.000000 0.000000 0.000000 0.000000 0.000000 0.000000 0.000000 
0.000000 166.041667 166.039684 166.037568 166.035981 166.034393 166.032806 166.031748 166.030160 166.028573 166.027515 166.026985 166.026456 166.025927 166.026456 166.026456 166.027515 166.028573 166.030689 166.033864 166.038626 0.000000 0.000000 0.000000 0.000000 0.000000 0.000000 0.000000 0.000000 0.000000 0.000000 
0.000000 0.000000 166.041667 166.039684 166.037568 166.035451 166.033335 166.031748 166.030160 166.028573 166.026985 166.025927 166.024340 166.023811 166.022752 166.022752 166.022752 166.023282 166.023811 166.025398 166.028044 166.031748 166.037568 0.000000 0.000000 0.000000 0.000000 0.000000 0.000000 0.000000 0.000000 
0.000000 0.000000 0.000000 0.000000 166.039684 166.037568 166.034922 166.032806 166.030689 166.029102 166.026985 166.025927 166.024340 166.022752 166.021165 166.020107 166.019578 166.019049 166.019049 166.019578 166.020636 166.022223 166.025398 166.031218 166.038097 0.000000 0.000000 0.000000 0.000000 0.000000 0.000000 
0.000000 0.000000 0.000000 0.000000 0.000000 166.041272 166.038626 166.035981 166.033335 166.030689 166.028573 166.026456 166.024340 166.022752 166.021165 166.020107 166.018519 166.016932 166.016403 166.015874 166.015874 166.015874 166.017461 166.019578 166.024340 166.031748 0.000000 0.000000 0.000000 0.000000 0.000000 
0.000000 0.000000 0.000000 0.000000 0.000000 0.000000 0.000000 166.040214 166.037039 166.034393 166.031748 166.029102 166.026456 166.024340 166.022223 166.020107 166.018519 166.016932 166.015345 166.014286 166.012699 166.012699 166.012170 166.012699 166.014286 166.017990 166.024340 166.035451 0.000000 0.000000 0.000000 
0.000000 0.000000 0.000000 0.000000 0.000000 0.000000 0.000000 0.000000 0.000000 166.039684 166.036510 166.033335 166.030689 166.027515 166.024869 166.022223 166.020107 166.017990 166.015874 166.014286 166.012699 166.011112 166.009524 166.008995 166.008995 166.009524 166.011641 166.017990 166.029631 0.000000 0.000000 
0.000000 0.000000 0.000000 0.000000 0.000000 0.000000 0.000000 0.000000 0.000000 0.000000 0.000000 166.039684 166.036510 166.033335 166.030160 166.026985 166.024340 166.021165 166.018519 166.015874 166.013228 166.011112 166.009524 166.008466 166.006879 166.005820 166.005291 166.005820 166.011112 166.025398 0.000000 
0.000000 0.000000 0.000000 0.000000 0.000000 0.000000 0.000000 0.000000 0.000000 0.000000 0.000000 0.000000 0.000000 166.041272 166.037568 166.034393 166.030689 166.027515 166.023811 166.020636 166.017461 166.014816 166.011641 166.008995 166.006879 166.005291 166.003704 166.002646 166.002117 166.004233 166.030160 
0.000000 0.000000 0.000000 0.000000 0.000000 0.000000 0.000000 0.000000 0.000000 0.000000 0.000000 0.000000 0.000000 0.000000 0.000000 0.000000 166.040743 166.037039 166.033335 166.029631 166.025927 166.022223 166.018519 166.015345 166.011641 166.007937 166.005291 166.002646 166.001058 166.000000 166.022752 
0.000000 0.000000 0.000000 0.000000 0.000000 0.000000 0.000000 0.000000 0.000000 0.000000 0.000000 0.000000 0.000000 0.000000 0.000000 0.000000 0.000000 0.000000 0.000000 0.000000 0.000000 166.039155 166.035451 166.031748 166.028044 166.024869 166.021165 166.019049 166.017461 166.019049 166.034393 
