test/output/constant/M390_S060_A180_WD090.0_WS020.0/M390_S060_A180_WD090.0_WS020.0_arrival.asc
ncols         27
nrows         11
xllcorner     426403.990666
yllcorner     12748255.311160
cellsize      100.000000
NODATA_value  0.000000
0.000000 0.000000 0.000000 0.000000 0.000000 0.000000 0.000000 0.000000 0.000000 166.040991 166.040296 166.038907 166.038907 166.038907 166.038907 166.038907 166.039602 166.040296 166.040991 166.041667 0.000000 0.000000 0.000000 0.000000 0.000000 0.000000 0.000000 
0.000000 0.000000 0.000000 0.000000 0.000000 166.038212 166.034044 166.032654 166.031265 166.030570 166.030570 166.030570 166.030570 166.030570 166.031265 166.032654 166.033349 166.034738 166.035433 166.036823 166.038212 166.039602 166.040991 0.000000 0.000000 0.000000 0.000000 
0.000000 0.000000 166.038907 166.032654 166.027791 166.024317 166.022927 166.022233 166.021538 166.021538 166.022233 166.022927 166.023622 166.025012 166.026401 166.027791 166.029180 166.030570 166.031959 166.033349 166.034738 166.036128 166.037517 166.039602 166.040991 0.000000 0.000000 
0.000000 166.031959 166.022233 166.016674 166.013895 166.013201 166.013201 166.013201 166.013895 166.015285 166.016674 166.018064 166.019453 166.020843 166.022233 166.024317 166.025706 166.027096 166.029180 166.030570 166.031959 166.034044 166.035433 166.037517 166.038907 166.040991 0.000000 
166.031959 166.015285 166.006253 166.004863 166.004863 166.005558 166.006948 166.009032 166.010422 166.011811 166.013895 166.015285 166.017369 166.018759 166.020843 166.022233 166.024317 166.025706 166.027791 166.029180 166.031265 166.032654 166.034738 166.036128 166.038212 166.039602 166.041667 
166.029180 166.009727 166.000000 166.001390 166.002779 166.004863 166.006253 166.008337 166.009727 166.011811 166.013201 166.015285 166.016674 166.018759 166.020148 166.022233 166.023622 166.025706 166.027096 166.029180 166.030570 166.032654 166.034044 166.036128 166.037517 166.039602 166.040991 
166.031959 166.015285 166.006253 166.004863 166.004863 166.005558 166.006948 166.009032 166.010422 166.011811 166.013895 166.015285 166.017369 166.018759 166.020843 166.022233 166.024317 166.025706 166.027791 166.029180 166.031265 166.032654 166.034738 166.036128 166.038212 166.039602 166.041667 
0.000000 166.031959 166.022233 166.016674 166.013895 166.013201 166.013201 166.013201 166.013895 166.015285 166.016674 166.018064 166.019453 166.020843 166.022233 166.024317 166.025706 166.027096 166.029180 166.030570 166.031959 166.034044 166.035433 166.037517 166.038907 166.040991 0.000000 
0.000000 0.000000 166.038907 166.032654 166.027791 166.024317 166.022927 166.022233 166.021538 166.021538 166.022233 166.022927 166.023622 166.025012 166.026401 166.027791 166.029180 166.030570 166.031959 166.033349 166.034738 166.036128 166.037517 166.039602 166.040991 0.000000 0.000000 
0.000000 0.000000 0.000000 0.000000 0.000000 166.038212 166.034044 166.032654 166.031265 166.030570 166.030570 166.030570 166.030570 166.030570 166.031265 166.032654 166.033349 166.034738 166.035433 166.036823 166.038212 166.039602 166.040991 0.000000 0.000000 0.000000 0.000000 
0.000000 0.000000 0.000000 0.000000 0.000000 0.000000 0.000000 0.000000 0.000000 166.040991 166.040296 166.038907 166.038907 166.038907 166.038907 166.038907 166.039602 166.040296 166.040991 166.041667 0.000000 0.000000 0.000000 0.000000 0.000000 0.000000 0.000000 
