test/output/constant/M3M4100_S060_A090_WD225.0_WS005.0/M3M4100_S060_A090_WD225.0_WS005.0_intensity.asc
ncols         12
nrows         52
xllcorner     426303.990666
yllcorner     12743755.311160
cellsize      100.000000
NODATA_value  0.000000
0 0 0 1069 0 0 0 0 0 0 0 0 
0 0 1270 0 1293 2076 0 0 0 0 0 0 
0 1270 40393 77055 52630 1293 0 0 0 0 0 0 
0 27543 40393 77055 72146 1293 1669 0 0 0 0 0 
0 33881 33881 77055 72146 52630 1293 0 0 0 0 0 
0 1270 40393 77055 77055 58526 52630 0 0 0 0 0 
27543 2747 53149 77055 77055 58526 52630 1293 0 0 0 0 
27543 53149 59005 77055 77055 77055 1293 52630 0 0 0 0 
27543 46881 53149 77055 77055 58526 1293 52630 0 0 0 0 
33881 40393 68789 77055 77055 68434 58526 52630 52630 0 0 0 
46881 40393 64272 59005 77055 76910 52630 1293 58526 0 0 0 
33881 40393 72421 64272 77055 74870 52630 52630 1669 0 0 0 
46881 40393 72421 77055 77055 76523 63848 63848 52630 0 0 0 
46881 46881 72421 77055 77055 77055 52630 52630 58526 52630 0 0 
46881 40393 72421 76614 77055 77055 63848 68434 52630 52630 0 0 
33881 53149 72421 77055 77055 77055 72146 52630 52630 52630 0 0 
33881 59005 72421 77055 77055 77055 76523 52630 52630 58526 0 0 
40393 59005 72421 77055 77055 77055 76523 74870 52630 52630 0 0 
40393 59005 75055 77055 77055 77055 77055 58526 68434 52630 52630 0 
46881 53149 72421 77055 77055 77055 77055 63848 58526 72146 52630 0 
27543 64272 75055 77055 77055 77055 74870 72146 52630 52630 52630 0 
40393 59005 75055 77055 77055 72146 76523 68434 58526 63848 52630 0 
46881 40393 75055 77055 77055 77055 76523 74870 52630 68434 58526 0 
59005 59005 77055 77055 77055 77055 77055 76523 52630 7352 52630 0 
33881 64272 72421 77055 77055 77055 68434 77055 72146 52630 1293 0 
40393 64272 72421 40393 77055 77055 63848 76910 72146 52630 72146 52630 
33881 64272 72421 40393 77055 77055 77055 76523 72146 63848 58526 74870 
59005 72421 76956 46881 77055 77055 58526 77055 72146 58526 58526 52630 
53149 46881 75055 46881 72421 77055 77055 77055 76910 63848 52630 63848 
59005 53149 77055 46881 77055 77055 77055 77055 77055 72146 63848 63848 
53149 59005 75055 53149 72421 77055 77055 77055 68434 58526 52630 1293 
0 59005 77055 53149 77055 77055 77055 77055 76910 72146 63848 4534 
0 59005 77055 53149 77055 77055 77055 77055 77055 76910 52630 52630 
0 68789 76614 59005 77055 77055 77055 77055 77055 74870 58526 58526 
0 64272 76956 59005 46881 77055 77055 77055 76910 76910 58526 72146 
0 64272 76956 59005 53149 77055 77055 77055 74870 76910 72146 58526 
0 64272 77055 59005 53149 77055 77055 77055 77055 63848 63848 72146 
0 0 76614 64272 77055 77055 77055 77055 77055 77055 76910 58526 
0 0 76956 64272 75055 77055 77055 77055 63848 58526 68434 72146 
0 0 40393 64272 68789 77055 77055 77055 68434 77055 76910 58526 
0 0 40393 64272 68789 76956 77055 77055 72146 77055 77055 63848 
0 0 46881 68789 68789 77055 77055 77055 77055 77055 77055 58526 
0 0 0 64272 68789 77055 77055 77055 77055 77055 63848 74870 
0 0 0 64272 77055 77055 77055 77055 74870 76523 77055 58526 
0 0 0 64272 75055 46881 77055 72146 68434 63848 77055 72146 
0 0 0 68789 77055 77055 77055 77055 77055 77055 77055 77055 
0 0 0 0 77055 64272 77055 77055 77055 77055 77055 0 
0 0 0 0 77055 77055 77055 77055 77055 77055 77055 0 
0 0 0 0 0 76956 77055 77055 77055 77055 77055 0 
0 0 0 0 0 77055 68789 77055 77055 77055 74870 0 
0 0 0 0 0 0 77055 77055 77055 77055 0 0 
0 0 0 0 0 0 0 76614 77055 77055 0 0 
