test/output/constant/M4100_S000_A000_WD270.0_WS035.0/M4100_S000_A000_WD270.0_WS035.0_arrival.asc
ncols         32
nrows         7
xllcorner     426603.990666
yllcorner     12748455.311160
cellsize      100.000000
NODATA_value  0.000000
0.000000 0.000000 0.000000 0.000000 0.000000 166.041189 166.037980 166.035305 166.033165 166.032096 166.031561 166.031026 166.031026 166.031026 166.031026 166.031026 166.032096 166.032630 166.033700 166.034770 166.035305 166.036375 166.037445 166.038515 166.039050 166.040119 166.041189 0.000000 0.000000 0.000000 0.000000 0.000000 
0.000000 0.000000 166.032096 166.024607 166.021397 166.019792 166.019257 166.018722 166.018722 166.018722 166.019257 166.020327 166.021397 166.021932 166.023002 166.024072 166.025142 166.026211 166.027281 166.028351 166.029956 166.031026 166.032096 166.033700 166.034770 166.035840 166.037445 166.038515 166.039585 166.041189 0.000000 0.000000 
166.016583 166.008024 166.006419 166.006419 166.006954 166.008024 166.009094 166.010164 166.011233 166.012838 166.013908 166.014978 166.016583 166.017653 166.019257 166.020327 166.021932 166.023002 166.024072 166.025676 166.026746 166.028351 166.029421 166.031026 166.032096 166.033165 166.034770 166.035840 166.037445 166.038515 166.040119 166.041189 
166.000000 166.001070 166.002140 166.003744 166.004814 166.006419 166.007489 166.009094 166.010164 166.011768 166.012838 166.014443 166.015513 166.017118 166.018187 166.019792 166.020862 166.022467 166.023537 166.025142 166.026211 166.027816 166.028886 166.030491 166.031561 166.033165 166.034235 166.035840 166.036910 166.038515 166.039585 166.041189 
166.016583 166.008024 166.006419 166.006419 166.006954 166.008024 166.009094 166.010164 166.011233 166.012838 166.013908 166.014978 166.016583 166.017653 166.019257 166.020327 166.021932 166.023002 166.024072 166.025676 166.026746 166.028351 166.029421 166.031026 166.032096 166.033165 166.034770 166.035840 166.037445 166.038515 166.040119 166.041189 
0.000000 0.000000 166.032096 166.024607 166.021397 166.019792 166.019257 166.018722 166.018722 166.018722 166.019257 166.020327 166.021397 166.021932 166.023002 166.024072 166.025142 166.026211 166.027281 166.028351 166.029956 166.031026 166.032096 166.033700 166.034770 166.035840 166.037445 166.038515 166.039585 166.041189 0.000000 0.000000 
0.000000 0.000000 0.000000 0.000000 0.000000 166.041189 166.037980 166.035305 166.033165 166.032096 166.031561 166.031026 166.031026 166.031026 166.031026 166.031026 166.032096 166.032630 166.033700 166.034770 166.035305 166.036375 166.037445 166.038515 166.039050 166.040119 166.041189 0.000000 0.000000 0.000000 0.000000 0.000000 
