test/output/constant/M380_S060_A000_WD090.0_WS050.0/M380_S060_A000_WD090.0_WS050.0_arrival.asc
ncols         57
nrows         7
xllcorner     421003.990666
yllcorner     12748455.311160
cellsize      100.000000
NODATA_value  0.000000
0.000000 0.000000 0.000000 0.000000 0.000000 0.000000 0.000000 0.000000 0.000000 0.000000 0.000000 166.041551 166.040957 166.040364 166.040067 166.039473 166.038880 166.038286 166.037989 166.037396 166.036802 166.036505 166.035912 166.035318 166.035021 166.034428 166.033834 166.033537 166.033241 166.033241 166.033241 166.033241 166.033537 166.033537 166.034131 166.034428 166.034725 166.035318 166.035615 166.036802 166.038286 166.039473 166.041254 0.000000 0.000000 0.000000 0.000000 0.000000 0.000000 0.000000 0.000000 0.000000 0.000000 0.000000 0.000000 0.000000 0.000000 
0.000000 0.000000 0.000000 0.000000 166.041551 166.040957 166.040067 166.039473 166.038880 166.037989 166.037396 166.036802 166.035912 166.035318 166.034725 166.033834 166.033241 166.032647 166.031757 166.031163 166.030570 166.029976 166.029086 166.028492 166.027898 166.027008 166.026711 166.026118 166.025524 166.024930 166.024337 166.023743 166.023447 166.022853 166.022259 166.021666 166.021369 166.020775 166.020479 166.019885 166.019885 166.020182 166.020182 166.020479 166.021072 166.021369 166.022556 166.023743 166.025524 166.028195 166.032053 166.036505 0.000000 0.000000 0.000000 0.000000 0.000000 
0.000000 166.041254 166.040364 166.039770 166.039176 166.038286 166.037693 166.036802 166.036209 166.035615 166.034725 166.034131 166.033241 166.032647 166.031757 166.031163 166.030273 166.029679 166.028789 166.028195 166.027305 166.026711 166.026118 166.025227 166.024634 166.023743 166.023150 166.022259 166.021666 166.021072 166.020182 166.019588 166.018698 166.018104 166.017214 166.016620 166.015730 166.015136 166.014543 166.013652 166.013059 166.012168 166.011575 166.010981 166.010091 166.009497 166.008904 166.008310 166.007717 166.007420 166.006826 166.006826 166.007123 166.008013 166.010684 166.018698 0.000000 
166.041254 166.040660 166.039770 166.039176 166.038286 166.037693 166.036802 166.036209 166.035318 166.034725 166.033834 166.033241 166.032350 166.031757 166.030866 166.030273 166.029382 166.028789 166.027898 166.027305 166.026414 166.025821 166.024930 166.024337 166.023447 166.022853 166.021963 166.021369 166.020479 166.019885 166.018995 166.018401 166.017511 166.016917 166.016027 166.015433 166.014543 166.013949 166.013059 166.012465 166.011575 166.010981 166.010091 166.009497 166.008607 166.008013 166.007123 166.006529 166.005639 166.005045 166.004155 166.003561 166.002671 166.002078 166.001187 166.000594 166.000000 
0.000000 166.041254 166.040364 166.039770 166.039176 166.038286 166.037693 166.036802 166.036209 166.035615 166.034725 166.034131 166.033241 166.032647 166.031757 166.031163 166.030273 166.029679 166.028789 166.028195 166.027305 166.026711 166.026118 166.025227 166.024634 166.023743 166.023150 166.022259 166.021666 166.021072 166.020182 166.019588 166.018698 166.018104 166.017214 166.016620 166.015730 166.015136 166.014543 166.013652 166.013059 166.012168 166.011575 166.010981 166.010091 166.009497 166.008904 166.008310 166.007717 166.007420 166.006826 166.006826 166.007123 166.008013 166.010684 166.018698 0.000000 
0.000000 0.000000 0.000000 0.000000 166.041551 166.040957 166.040067 166.039473 166.038880 166.037989 166.037396 166.036802 166.035912 166.035318 166.034725 166.033834 166.033241 166.032647 166.031757 166.031163 166.030570 166.029976 166.029086 166.028492 166.027898 166.027008 166.026711 166.026118 166.025524 166.024930 166.024337 166.023743 166.023447 166.022853 166.022259 166.021666 166.021369 166.020775 166.020479 166.019885 166.019885 166.020182 166.020182 166.020479 166.021072 166.021369 166.022556 166.023743 166.025524 166.028195 166.032053 166.036505 0.000000 0.000000 0.000000 0.000000 0.000000 
0.000000 0.000000 0.000000 0.000000 0.000000 0.000000 0.000000 0.000000 0.000000 0.000000 0.000000 166.041551 166.040957 166.040364 166.040067 166.039473 166.038880 166.038286 166.037989 166.037396 166.036802 166.036505 166.035912 166.035318 166.035021 166.034428 166.033834 166.033537 166.033241 166.033241 166.033241 166.033241 166.033537 166.033537 166.034131 166.034428 166.034725 166.035318 166.035615 166.036802 166.038286 166.039473 166.041254 0.000000 0.000000 0.000000 0.000000 0.000000 0.000000 0.000000 0.000000 0.000000 0.000000 0.000000 0.000000 0.000000 0.000000 
