test/output/constant/M3M495_S000_A090_WD000.0_WS050.0/M3M495_S000_A090_WD000.0_WS050.0_arrival.asc
ncols         11
nrows         60
xllcorner     426103.990666
yllcorner     12742855.311160
cellsize      100.000000
NODATA_value  0.000000
0.000000 0.000000 0.000000 0.000000 166.016413 166.000000 166.016413 0.000000 0.000000 0.000000 0.000000 
0.000000 0.000000 0.000000 0.000000 166.007075 166.000566 166.007075 0.000000 0.000000 0.000000 0.000000 
0.000000 0.000000 0.000000 166.032261 166.005094 166.001132 166.005094 166.032261 0.000000 0.000000 0.000000 
0.000000 0.000000 0.000000 166.023205 166.004528 166.001981 166.004528 166.023205 0.000000 0.000000 0.000000 
0.000000 0.000000 0.000000 166.019809 166.004528 166.002547 166.004528 166.019809 0.000000 0.000000 0.000000 
0.000000 0.000000 166.040751 166.017262 166.004811 166.003396 166.004811 166.017262 166.040751 0.000000 0.000000 
0.000000 0.000000 166.035940 166.015847 166.005377 166.003962 166.005377 166.015847 166.035940 0.000000 0.000000 
0.000000 0.000000 166.032544 166.014716 166.005943 166.004811 166.005943 166.014716 166.032544 0.000000 0.000000 
0.000000 0.000000 166.029714 166.014150 166.006509 166.005377 166.006509 166.014150 166.029714 0.000000 0.000000 
0.000000 0.000000 166.027733 166.013584 166.007075 166.006226 166.007075 166.013584 166.027733 0.000000 0.000000 
0.000000 0.000000 166.026035 166.013584 166.007641 166.006792 166.007641 166.013584 166.026035 0.000000 0.000000 
0.000000 0.000000 166.024903 166.013584 166.008490 166.007641 166.008490 166.013584 166.024903 0.000000 0.000000 
0.000000 166.039902 166.024054 166.013584 166.009056 166.008207 166.009056 166.013584 166.024054 166.039902 0.000000 
0.000000 166.038487 166.023488 166.013867 166.009622 166.009056 166.009622 166.013867 166.023488 166.038487 0.000000 
0.000000 166.036506 166.022922 166.014433 166.010471 166.009622 166.010471 166.014433 166.022922 166.036506 0.000000 
0.000000 166.035657 166.022922 166.014716 166.011037 166.010471 166.011037 166.014716 166.022922 166.035657 0.000000 
0.000000 166.034242 166.022639 166.015281 166.011603 166.011037 166.011603 166.015281 166.022639 166.034242 0.000000 
0.000000 166.033676 166.022356 166.015847 166.012452 166.011886 166.012452 166.015847 166.022356 166.033676 0.000000 
0.000000 166.032827 166.022356 166.016130 166.013018 166.012452 166.013018 166.016130 166.022356 166.032827 0.000000 
0.000000 166.032544 166.022356 166.016696 166.013867 166.013301 166.013867 166.016696 166.022356 166.032544 0.000000 
0.000000 166.032261 166.022639 166.017262 166.014433 166.013867 166.014433 166.017262 166.022639 166.032261 0.000000 
0.000000 166.031978 166.022922 166.017828 166.015281 166.014716 166.015281 166.017828 166.022922 166.031978 0.000000 
0.000000 166.031695 166.023205 166.018394 166.015847 166.015281 166.015847 166.018394 166.023205 166.031695 0.000000 
0.000000 166.031412 166.023771 166.018960 166.016696 166.016130 166.016696 166.018960 166.023771 166.031412 0.000000 
0.000000 166.031412 166.024054 166.019526 166.017262 166.016696 166.017262 166.019526 166.024054 166.031412 0.000000 
166.041600 166.031412 166.024620 166.020092 166.018111 166.017545 166.018111 166.020092 166.024620 166.031412 166.041600 
166.041317 166.031412 166.025186 166.020941 166.018677 166.018111 166.018677 166.020941 166.025186 166.031412 166.041317 
166.041034 166.031412 166.025469 166.021507 166.019526 166.018960 166.019526 166.021507 166.025469 166.031412 166.041034 
166.040751 166.031412 166.026035 166.022073 166.020092 166.019526 166.020092 166.022073 166.026035 166.031412 166.040751 
166.040468 166.031695 166.026601 166.022639 166.020941 166.020375 166.020941 166.022639 166.026601 166.031695 166.040468 
166.040468 166.032261 166.027167 166.023488 166.021507 166.020941 166.021507 166.023488 166.027167 166.032261 166.040468 
166.040185 166.032544 166.027733 166.024054 166.022356 166.021790 166.022356 166.024054 166.027733 166.032544 166.040185 
166.040185 166.033110 166.028016 166.024620 166.022922 166.022356 166.022922 166.024620 166.028016 166.033110 166.040185 
166.040185 166.033676 166.028582 166.025469 166.023771 166.023205 166.023771 166.025469 166.028582 166.033676 166.040185 
166.040185 166.033959 166.029148 166.026035 166.024337 166.023771 166.024337 166.026035 166.029148 166.033959 166.040185 
166.040468 166.034525 166.029714 166.026601 166.025186 166.024620 166.025186 166.026601 166.029714 166.034525 166.040468 
166.040468 166.035091 166.030280 166.027450 166.025752 166.025186 166.025752 166.027450 166.030280 166.035091 166.040468 
166.040751 166.035374 166.030846 166.028016 166.026601 166.026035 166.026601 166.028016 166.030846 166.035374 166.040751 
166.041317 166.035940 166.031412 166.028582 166.027167 166.026601 166.027167 166.028582 166.031412 166.035940 166.041317 
166.041600 166.036506 166.031978 166.029148 166.027733 166.027450 166.027733 166.029148 166.031978 166.036506 166.041600 
0.000000 166.036789 166.032544 166.029997 166.028582 166.028016 166.028582 166.029997 166.032544 166.036789 0.000000 
0.000000 166.037355 166.033393 166.030563 166.029148 166.028865 166.029148 166.030563 166.033393 166.037355 0.000000 
0.000000 166.037921 166.033959 166.031412 166.029997 166.029431 166.029997 166.031412 166.033959 166.037921 0.000000 
0.000000 166.038487 166.034525 166.031978 166.030563 166.030280 166.030563 166.031978 166.034525 166.038487 0.000000 
0.000000 166.039053 166.035374 166.032827 166.031412 166.030846 166.031412 166.032827 166.035374 166.039053 0.000000 
0.000000 166.039336 166.035940 166.033393 166.031978 166.031695 166.031978 166.033393 166.035940 166.039336 0.000000 
0.000000 166.039902 166.036506 166.034242 166.032827 166.032261 166.032827 166.034242 166.036506 166.039902 0.000000 
0.000000 166.040468 166.037072 166.034808 166.033393 166.033110 166.033393 166.034808 166.037072 166.040468 0.000000 
0.000000 166.041034 166.037921 166.035374 166.034242 166.033676 166.034242 166.035374 166.037921 166.041034 0.000000 
0.000000 166.041600 166.038487 166.036223 166.034808 166.034525 166.034808 166.036223 166.038487 166.041600 0.000000 
0.000000 0.000000 166.039053 166.036789 166.035374 166.035091 166.035374 166.036789 166.039053 0.000000 0.000000 
0.000000 0.000000 166.039619 166.037355 166.036223 166.035940 166.036223 166.037355 166.039619 0.000000 0.000000 
0.000000 0.000000 166.040468 166.038204 166.036789 166.036506 166.036789 166.038204 166.040468 0.000000 0.000000 
0.000000 0.000000 166.041034 166.038770 166.037638 166.037355 166.037638 166.038770 166.041034 0.000000 0.000000 
0.000000 0.000000 166.041600 166.039619 166.038204 166.037921 166.038204 166.039619 166.041600 0.000000 0.000000 
0.000000 0.000000 0.000000 166.040185 166.039053 166.038770 166.039053 166.040185 0.000000 0.000000 0.000000 
0.000000 0.000000 0.000000 166.041034 166.039619 166.039336 166.039619 166.041034 0.000000 0.000000 0.000000 
0.000000 0.000000 0.000000 166.041600 166.040468 166.040185 166.040468 166.041600 0.000000 0.000000 0.000000 
0.000000 0.000000 0.000000 0.000000 166.041034 166.040751 166.041034 0.000000 0.000000 0.000000 0.000000 
0.000000 0.000000 0.000000 0.000000 166.041667 166.041600 166.041667 0.000000 0.000000 0.000000 0.000000 
