test/output/constant/M3M465_S060_A000_WD225.0_WS010.0/M3M465_S060_A000_WD225.0_WS010.0_ros.asc
ncols         27
nrows         9
xllcorner     424103.990666
yllcorner     12748655.311160
cellsize      100.000000
NODATA_value  0.000000
43.599140 43.599140 43.599140 43.599140 43.599140 43.599140 34.369328 31.204933 31.204933 2.654661 31.204933 2.654661 31.204933 0.000000 0.000000 0.000000 0.000000 0.000000 0.000000 0.000000 0.000000 0.000000 0.000000 0.000000 0.000000 0.000000 0.000000 
43.475658 43.599140 41.448105 43.599140 43.599140 43.599140 43.599140 43.475658 43.475658 37.186245 31.204933 3.907136 31.204933 27.789251 31.204933 1.238042 3.907136 0.000000 0.000000 0.000000 0.000000 0.000000 0.000000 0.000000 0.000000 0.000000 0.000000 
43.599140 43.599140 43.599140 43.599140 43.599140 43.599140 43.599140 43.557888 43.599140 43.599140 39.570011 37.186245 37.186245 31.204933 2.654661 2.654661 2.654661 3.907136 3.907136 31.204933 0.000000 0.000000 0.000000 0.000000 0.000000 0.000000 0.000000 
25.117371 43.599140 25.117371 28.661455 25.117371 43.599140 40.098587 43.599140 43.599140 43.599140 43.599140 43.599140 43.599140 42.763348 41.448105 39.570011 2.654661 31.204933 1.760158 2.654661 2.654661 1.885210 0.000000 0.000000 0.000000 0.000000 0.000000 
0.000000 0.000000 25.117371 37.835545 35.118271 25.117371 21.503971 25.117371 25.117371 43.599140 43.599140 43.599140 43.599140 43.599140 43.599140 43.599140 43.599140 43.599140 34.369328 31.204933 3.907136 2.654661 1.885210 1.655765 0.000000 0.000000 0.000000 
0.000000 0.000000 0.000000 32.029060 25.117371 25.117371 25.117371 25.117371 25.117371 28.661455 35.118271 37.835545 41.838871 43.003712 37.835545 43.599140 43.599140 43.599140 43.599140 43.599140 43.599140 37.186245 31.204933 31.204933 1.760158 1.885210 0.000000 
0.000000 0.000000 0.000000 0.000000 0.000000 0.000000 25.117371 25.117371 25.117371 28.661455 25.117371 25.117371 25.117371 25.117371 25.117371 25.117371 25.117371 43.003712 41.838871 43.599140 43.599140 43.599140 43.599140 37.186245 34.369328 1.885210 1.395124 
0.000000 0.000000 0.000000 0.000000 0.000000 0.000000 0.000000 0.000000 25.117371 25.117371 25.117371 25.117371 25.117371 25.117371 25.117371 25.117371 25.117371 25.117371 25.117371 25.117371 25.117371 25.117371 28.661455 43.599140 43.599140 -1.000000 1.760158 
0.000000 0.000000 0.000000 0.000000 0.000000 0.000000 0.000000 0.000000 0.000000 0.000000 0.000000 0.000000 0.000000 25.117371 25.117371 21.503971 25.117371 25.117371 25.117371 25.117371 25.117371 25.117371 25.117371 25.117371 11.328212 1.343150 0.000000 
