test/output/constant/M3M485_S000_A180_WD225.0_WS015.0/M3M485_S000_A180_WD225.0_WS015.0_arrival.asc
ncols         17
nrows         17
xllcorner     426303.990666
yllcorner     12748455.311160
cellsize      100.000000
NODATA_value  0.000000
0.000000 0.000000 0.000000 0.000000 0.000000 0.000000 0.000000 0.000000 0.000000 0.000000 0.000000 166.041551 166.041551 166.041551 166.041667 0.000000 0.000000 
0.000000 0.000000 0.000000 0.000000 0.000000 0.000000 0.000000 0.000000 0.000000 166.040561 166.038583 166.038583 166.038583 166.038583 166.039572 166.040561 0.000000 
0.000000 0.000000 0.000000 0.000000 0.000000 0.000000 0.000000 166.040561 166.037594 166.035615 166.035615 166.034626 166.035615 166.035615 166.037594 166.039572 166.041667 
0.000000 0.000000 0.000000 0.000000 0.000000 0.000000 166.038583 166.035615 166.032647 166.031658 166.031658 166.031658 166.032647 166.033636 166.035615 166.038583 166.041551 
0.000000 0.000000 0.000000 0.000000 0.000000 166.037594 166.033636 166.030668 166.028690 166.028690 166.028690 166.029679 166.030668 166.032647 166.035615 166.038583 166.041551 
0.000000 0.000000 0.000000 0.000000 166.036604 166.031658 166.027700 166.025722 166.025722 166.024733 166.025722 166.026711 166.029679 166.031658 166.034626 166.038583 166.041551 
0.000000 0.000000 0.000000 166.037594 166.030668 166.025722 166.022754 166.021765 166.021765 166.021765 166.022754 166.025722 166.028690 166.031658 166.035615 166.038583 0.000000 
0.000000 0.000000 166.039572 166.030668 166.024733 166.020775 166.018797 166.018797 166.018797 166.019786 166.021765 166.024733 166.028690 166.031658 166.035615 166.040561 0.000000 
0.000000 0.000000 166.033636 166.024733 166.018797 166.015829 166.014840 166.014840 166.015829 166.018797 166.021765 166.025722 166.028690 166.032647 166.037594 0.000000 0.000000 
0.000000 166.037594 166.026711 166.018797 166.013850 166.011872 166.011872 166.012861 166.014840 166.018797 166.021765 166.025722 166.030668 166.035615 166.040561 0.000000 0.000000 
0.000000 166.032647 166.020775 166.012861 166.008904 166.008904 166.008904 166.011872 166.014840 166.018797 166.022754 166.027700 166.033636 166.038583 0.000000 0.000000 0.000000 
0.000000 166.027700 166.014840 166.006925 166.004947 166.005936 166.008904 166.011872 166.015829 166.020775 166.025722 166.031658 166.037594 0.000000 0.000000 0.000000 0.000000 
166.039572 166.024733 166.009893 166.001979 166.001979 166.004947 166.008904 166.013850 166.018797 166.024733 166.030668 166.036604 0.000000 0.000000 0.000000 0.000000 0.000000 
166.039572 166.023743 166.007914 166.000000 166.001979 166.006925 166.012861 166.018797 166.024733 166.030668 166.037594 0.000000 0.000000 0.000000 0.000000 0.000000 0.000000 
166.041551 166.025722 166.011872 166.007914 166.009893 166.014840 166.020775 166.026711 166.033636 166.039572 0.000000 0.000000 0.000000 0.000000 0.000000 0.000000 0.000000 
0.000000 166.033636 166.025722 166.023743 166.024733 166.027700 166.032647 166.037594 0.000000 0.000000 0.000000 0.000000 0.000000 0.000000 0.000000 0.000000 0.000000 
0.000000 0.000000 166.041551 166.039572 166.039572 0.000000 0.000000 0.000000 0.000000 0.000000 0.000000 0.000000 0.000000 0.000000 0.000000 0.000000 0.000000 
