test/output/constant/M3100_S060_A090_WD270.0_WS010.0/M3100_S060_A090_WD270.0_WS010.0_intensity.asc
ncols         19
nrows         58
xllcorner     426403.990666
yllcorner     12743055.311160
cellsize      100.000000
NODATA_value  0.000000
0 988 0 1415 1037 0 0 0 0 0 0 0 0 0 0 0 0 0 0 
0 19246 91637 75846 1415 0 0 0 0 0 0 0 0 0 0 0 0 0 0 
0 19246 91637 91453 4800 1037 0 0 0 0 0 0 0 0 0 0 0 0 0 
0 48488 91637 91637 62413 1415 1037 0 0 0 0 0 0 0 0 0 0 0 0 
19246 48488 89491 91637 91637 62413 62413 0 0 0 0 0 0 0 0 0 0 0 0 
0 40674 76907 91637 91637 69473 62413 1037 0 0 0 0 0 0 0 0 0 0 0 
0 40674 82222 91637 91637 62413 4800 1878 0 0 0 0 0 0 0 0 0 0 0 
0 25828 76907 86459 91637 91637 62413 62413 2622 0 0 0 0 0 0 0 0 0 0 
0 40674 76907 91637 91637 91010 62413 62413 62413 0 0 0 0 0 0 0 0 0 0 
0 48488 70677 91637 91637 91637 91637 1037 62413 0 0 0 0 0 0 0 0 0 0 
0 48488 40674 25828 91637 91637 91453 62413 62413 1037 0 0 0 0 0 0 0 0 0 
0 40674 25828 86459 91637 91637 91637 89036 62413 62413 0 0 0 0 0 0 0 0 0 
0 33043 19246 91637 91637 91637 91637 91637 62413 62413 62413 0 0 0 0 0 0 0 0 
0 48488 48488 76907 25828 91637 91637 85778 62413 62413 69473 0 0 0 0 0 0 0 0 
0 40674 25828 25828 91226 91637 91637 75846 81336 62413 1415 0 0 0 0 0 0 0 0 
0 19246 40674 76907 91637 91637 91010 85778 91010 89036 62413 62413 0 0 0 0 0 0 0 
0 48488 40674 89491 89491 91637 91637 91637 89036 62413 62413 62413 0 0 0 0 0 0 0 
0 40674 25828 70677 91637 91637 91637 91637 91637 91453 69473 62413 0 0 0 0 0 0 0 
0 48488 48488 70677 91226 91637 91637 89036 91453 91453 91453 62413 62413 0 0 0 0 0 0 
0 0 48488 33043 91226 91637 91637 91637 91637 62413 62413 62413 69473 0 0 0 0 0 0 
0 0 48488 25828 25828 33043 91637 91637 91637 91637 91453 69473 69473 0 0 0 0 0 0 
0 0 40674 19246 86459 13497 82222 91637 91637 91637 89036 91637 69473 62413 0 0 0 0 0 
0 0 48488 13497 25828 91637 91637 91637 91637 91637 91453 91637 62413 69473 0 0 0 0 0 
0 0 48488 76907 91561 91637 63721 91637 81336 89036 91637 91637 69473 62413 0 0 0 0 0 
0 0 40674 76907 25828 89491 25828 91637 91637 85778 91637 91010 91637 69473 62413 0 0 0 0 
0 0 19246 70677 76907 25828 91637 91637 91637 91637 91637 91637 62413 62413 62413 0 0 0 0 
0 0 48488 33043 89491 91637 91637 91637 91637 91637 91637 91637 89036 89036 62413 0 0 0 0 
0 0 0 25828 70677 91561 91637 91637 91637 89036 91637 91637 89036 91637 62413 0 0 0 0 
0 0 0 76907 82222 48488 91637 91637 91637 91637 91637 91637 62413 85778 69473 69473 0 0 0 
0 0 0 70677 82222 89491 25828 91637 91637 91637 91637 91637 85778 91010 62413 62413 0 0 0 
0 0 0 40674 82222 86459 91637 91637 91637 91637 91637 91637 91637 89036 62413 62413 0 0 0 
0 0 0 0 76907 89491 91637 89491 91637 91637 85778 91637 89036 91637 89036 62413 0 0 0 
0 0 0 0 76907 82222 91637 91637 91637 91637 91637 91637 91637 89036 81336 62413 0 0 0 
0 0 0 0 70677 86459 86459 91637 91637 91637 91637 91637 91637 91637 91637 91010 89036 0 0 
0 0 0 0 40674 25828 91637 19246 91637 86459 91637 89036 91637 91637 91637 89036 69473 0 0 
0 0 0 0 0 76907 89491 91226 91637 82222 91637 91637 91637 91010 91637 91637 85778 0 0 
0 0 0 0 0 89491 86459 91637 91637 91637 91637 91637 91453 91637 91637 69473 62413 0 0 
0 0 0 0 0 70677 89491 19246 91637 91637 91637 91637 91637 81336 75846 89036 62413 0 0 
0 0 0 0 0 0 89491 86459 76907 91637 91637 91637 91637 89036 85778 91453 69473 89036 0 
0 0 0 0 0 0 13497 19246 91637 91637 91637 91637 85778 91637 85778 91637 91010 91637 0 
0 0 0 0 0 0 76907 91637 89491 91637 91637 91637 89036 91637 91453 91637 89036 91637 0 
0 0 0 0 0 0 0 91226 91637 91637 91637 91637 91637 91010 91637 75846 91637 91637 0 
0 0 0 0 0 0 0 82222 91637 91637 91637 91637 91637 91637 91637 81336 91637 1415 0 
0 0 0 0 0 0 0 91637 86459 91637 91637 91637 91637 91637 91637 89036 75846 91637 0 
0 0 0 0 0 0 0 0 91637 86459 91226 91637 91637 91637 91637 85778 85778 75846 0 
0 0 0 0 0 0 0 0 91637 19246 76907 91637 91637 91637 91637 91637 89036 91637 0 
0 0 0 0 0 0 0 0 89491 91637 91637 91637 91637 91637 91637 91637 89036 91637 0 
0 0 0 0 0 0 0 0 0 91637 91637 91637 89491 91637 91637 91637 91637 91637 91453 
0 0 0 0 0 0 0 0 0 33043 91637 91226 82222 91637 91637 91453 85778 89036 75846 
0 0 0 0 0 0 0 0 0 0 82222 91637 33043 91637 91637 91453 91637 91637 75846 
0 0 0 0 0 0 0 0 0 0 91637 91637 70677 91637 91637 91637 91010 91010 91010 
0 0 0 0 0 0 0 0 0 0 86459 91637 91637 91637 91637 91637 85778 91637 91637 
0 0 0 0 0 0 0 0 0 0 0 91637 91637 91637 91637 91637 91637 91637 91453 
0 0 0 0 0 0 0 0 0 0 0 0 91637 91637 89491 91637 89036 91637 91010 
0 0 0 0 0 0 0 0 0 0 0 0 91637 91637 91637 91637 91637 91637 0 
0 0 0 0 0 0 0 0 0 0 0 0 0 70677 91637 91637 91637 91637 0 
0 0 0 0 0 0 0 0 0 0 0 0 0 91637 91637 91637 91637 91637 0 
0 0 0 0 0 0 0 0 0 0 0 0 0 0 86459 91637 91637 91010 0 
