test/output/constant/M355_S060_A000_WD225.0_WS020.0/M355_S060_A000_WD225.0_WS020.0_ros.asc
ncols         18
nrows         13
xllcorner     425003.990666
yllcorner     12748655.311160
cellsize      100.000000
NODATA_value  0.000000
32.282715 32.282715 32.143471 25.277111 3.574539 0.000000 0.000000 0.000000 0.000000 0.000000 0.000000 0.000000 0.000000 0.000000 0.000000 0.000000 0.000000 0.000000 
32.282715 32.282715 32.282715 32.282715 4.819806 31.547974 29.110769 0.000000 0.000000 0.000000 0.000000 0.000000 0.000000 0.000000 0.000000 0.000000 0.000000 0.000000 
32.284969 32.282715 32.282715 31.547974 32.282715 30.526733 30.526733 3.574539 1.734036 0.000000 0.000000 0.000000 0.000000 0.000000 0.000000 0.000000 0.000000 0.000000 
32.284969 32.282715 32.282715 32.282715 32.282715 32.282715 30.526733 25.277111 27.343039 22.975515 3.574539 0.000000 0.000000 0.000000 0.000000 0.000000 0.000000 0.000000 
0.000000 29.963444 26.483362 24.304272 32.282715 32.282715 32.282715 20.507814 4.819806 29.110769 2.244408 2.682719 0.000000 0.000000 0.000000 0.000000 0.000000 0.000000 
0.000000 0.000000 24.304272 29.963444 7.357119 26.483362 32.282715 32.282715 32.282715 32.282715 4.819806 20.507814 2.244408 3.574539 0.000000 0.000000 0.000000 0.000000 
0.000000 0.000000 0.000000 9.445663 11.761447 9.445663 32.282715 32.282715 32.282715 32.282715 32.282715 2.682719 4.819806 2.682719 1.954543 0.000000 0.000000 0.000000 
0.000000 0.000000 0.000000 0.000000 9.445663 16.808786 26.483362 9.445663 29.963444 32.282715 32.282715 31.547974 32.282715 4.819806 3.574539 1.954543 0.000000 0.000000 
0.000000 0.000000 0.000000 0.000000 0.000000 9.445663 9.445663 11.761447 7.357119 21.917126 9.445663 32.282715 32.282715 27.343039 20.507814 2.682719 2.682719 0.000000 
0.000000 0.000000 0.000000 0.000000 0.000000 0.000000 9.445663 16.808786 9.445663 9.445663 9.445663 31.941282 32.282715 32.282715 32.143471 2.244408 2.682719 0.000000 
0.000000 0.000000 0.000000 0.000000 0.000000 0.000000 0.000000 0.000000 9.445663 7.357119 9.445663 9.445663 9.445663 29.963444 32.282715 32.282715 22.975515 2.244408 
0.000000 0.000000 0.000000 0.000000 0.000000 0.000000 0.000000 0.000000 0.000000 0.000000 9.445663 9.445663 7.357119 7.357119 16.808786 32.282715 -1.000000 1.734036 
0.000000 0.000000 0.000000 0.000000 0.000000 0.000000 0.000000 0.000000 0.000000 0.000000 0.000000 0.000000 0.000000 7.357119 4.073574 4.073574 5.551585 1.352561 
