test/output/constant/M3M495_S000_A180_WD135.0_WS010.0/M3M495_S000_A180_WD135.0_WS010.0_arrival.asc
ncols         16
nrows         16
xllcorner     425503.990666
yllcorner     12748355.311160
cellsize      100.000000
NODATA_value  0.000000
0.000000 0.000000 166.041001 166.039829 166.038658 166.038658 166.039829 166.039829 166.041001 0.000000 0.000000 0.000000 0.000000 0.000000 0.000000 0.000000 
0.000000 166.039829 166.038658 166.036315 166.036315 166.035143 166.035143 166.036315 166.036315 166.038658 166.041001 0.000000 0.000000 0.000000 0.000000 0.000000 
166.041001 166.038658 166.036315 166.033972 166.032800 166.031629 166.031629 166.031629 166.032800 166.033972 166.036315 166.039829 0.000000 0.000000 0.000000 0.000000 
166.039829 166.036315 166.033972 166.031629 166.030458 166.029286 166.028115 166.028115 166.028115 166.029286 166.031629 166.035143 166.038658 0.000000 0.000000 0.000000 
166.038658 166.036315 166.032800 166.030458 166.026943 166.025772 166.024600 166.024600 166.024600 166.025772 166.026943 166.030458 166.033972 166.038658 0.000000 0.000000 
166.038658 166.035143 166.031629 166.029286 166.025772 166.023429 166.022257 166.021086 166.021086 166.021086 166.022257 166.024600 166.029286 166.035143 166.041001 0.000000 
166.039829 166.035143 166.031629 166.028115 166.024600 166.022257 166.018743 166.017572 166.017572 166.017572 166.017572 166.019915 166.024600 166.030458 166.037486 0.000000 
166.039829 166.036315 166.031629 166.028115 166.024600 166.021086 166.017572 166.015229 166.014057 166.012886 166.014057 166.015229 166.019915 166.025772 166.032800 166.041001 
166.041001 166.036315 166.032800 166.028115 166.024600 166.021086 166.017572 166.014057 166.010543 166.009372 166.009372 166.010543 166.015229 166.022257 166.030458 166.038658 
0.000000 166.038658 166.033972 166.029286 166.025772 166.021086 166.017572 166.012886 166.009372 166.007029 166.005857 166.005857 166.010543 166.018743 166.026943 166.036315 
0.000000 166.041001 166.036315 166.031629 166.026943 166.022257 166.017572 166.014057 166.009372 166.005857 166.002343 166.002343 166.007029 166.015229 166.025772 166.035143 
0.000000 0.000000 166.039829 166.035143 166.030458 166.024600 166.019915 166.015229 166.010543 166.005857 166.002343 166.000000 166.005857 166.015229 166.025772 166.035143 
0.000000 0.000000 0.000000 166.038658 166.033972 166.029286 166.024600 166.019915 166.015229 166.010543 166.007029 166.005857 166.008200 166.016400 166.026943 166.036315 
0.000000 0.000000 0.000000 0.000000 166.038658 166.035143 166.030458 166.025772 166.022257 166.018743 166.015229 166.015229 166.016400 166.022257 166.030458 166.039829 
0.000000 0.000000 0.000000 0.000000 0.000000 166.041001 166.037486 166.032800 166.030458 166.026943 166.025772 166.025772 166.026943 166.030458 166.036315 0.000000 
0.000000 0.000000 0.000000 0.000000 0.000000 0.000000 0.000000 166.041001 166.038658 166.036315 166.035143 166.035143 166.036315 166.039829 0.000000 0.000000 
