test/output/constant/M495_S060_A270_WD090.0_WS010.0/M495_S060_A270_WD090.0_WS010.0_arrival.asc
ncols         11
nrows         27
xllcorner     425703.990666
yllcorner     12748755.311160
cellsize      100.000000
NODATA_value  0.000000
0.000000 166.041400 166.041667 0.000000 0.000000 0.000000 0.000000 0.000000 0.000000 0.000000 0.000000 
166.041400 166.040183 166.040183 166.041400 0.000000 0.000000 0.000000 0.000000 0.000000 0.000000 0.000000 
166.040791 166.038965 166.038356 166.038965 166.041400 0.000000 0.000000 0.000000 0.000000 0.000000 0.000000 
166.040183 166.037138 166.036530 166.037138 166.038965 0.000000 0.000000 0.000000 0.000000 0.000000 0.000000 
166.039574 166.036530 166.035312 166.035312 166.036530 166.040183 0.000000 0.000000 0.000000 0.000000 0.000000 
166.039574 166.035921 166.034094 166.033486 166.034094 166.037138 0.000000 0.000000 0.000000 0.000000 0.000000 
166.040183 166.035312 166.032268 166.031659 166.032268 166.034703 166.039574 0.000000 0.000000 0.000000 0.000000 
166.040791 166.035312 166.031659 166.030441 166.030441 166.032268 166.036530 0.000000 0.000000 0.000000 0.000000 
166.041400 166.035312 166.031050 166.028615 166.028615 166.029833 166.033486 166.040183 0.000000 0.000000 0.000000 
0.000000 166.035921 166.030441 166.027397 166.026788 166.028006 166.030441 166.037138 0.000000 0.000000 0.000000 
0.000000 166.036530 166.030441 166.026788 166.025571 166.025571 166.028006 166.033486 0.000000 0.000000 0.000000 
0.000000 166.037747 166.031050 166.026180 166.023744 166.023744 166.025571 166.030441 166.038356 0.000000 0.000000 
0.000000 166.039574 166.031050 166.025571 166.022527 166.021918 166.023135 166.026788 166.034703 0.000000 0.000000 
0.000000 0.000000 166.032877 166.026180 166.021918 166.020700 166.020700 166.024353 166.031050 0.000000 0.000000 
0.000000 0.000000 166.034094 166.026180 166.021309 166.018874 166.018874 166.021309 166.028006 166.038965 0.000000 
0.000000 0.000000 166.037747 166.027397 166.021309 166.017656 166.017047 166.018265 166.024353 166.035312 0.000000 
0.000000 0.000000 0.000000 166.029224 166.021309 166.017047 166.015830 166.016438 166.020700 166.031050 0.000000 
0.000000 0.000000 0.000000 166.032877 166.022527 166.016438 166.014003 166.014003 166.017656 166.027397 0.000000 
0.000000 0.000000 0.000000 166.038356 166.024353 166.016438 166.012785 166.012177 166.014612 166.023135 0.000000 
0.000000 0.000000 0.000000 0.000000 166.028006 166.017656 166.012177 166.010959 166.011568 166.019482 0.000000 
0.000000 0.000000 0.000000 0.000000 166.034703 166.019482 166.012177 166.009132 166.009741 166.015830 166.038965 
0.000000 0.000000 0.000000 0.000000 0.000000 166.023744 166.012177 166.007915 166.007306 166.012177 166.034703 
0.000000 0.000000 0.000000 0.000000 0.000000 166.031659 166.014612 166.007306 166.006088 166.008524 166.031659 
0.000000 0.000000 0.000000 0.000000 0.000000 0.000000 166.020700 166.007306 166.004262 166.004871 166.028615 
0.000000 0.000000 0.000000 0.000000 0.000000 0.000000 166.032877 166.009741 166.003044 166.002435 166.027397 
0.000000 0.000000 0.000000 0.000000 0.000000 0.000000 0.000000 166.020700 166.002435 166.001218 166.026180 
0.000000 0.000000 0.000000 0.000000 0.000000 0.000000 0.000000 0.000000 166.007306 166.000000 166.032877 
