test/output/constant/C2_S060_A000_WD135.0_WS015.0/C2_S060_A000_WD135.0_WS015.0_arrival.asc
ncols         30
nrows         10
xllcorner     423703.990666
yllcorner     12748655.311160
cellsize      100.000000
NODATA_value  0.000000
166.041482 166.040375 166.039269 166.038163 166.037610 166.037610 166.037057 166.037057 166.037610 166.038163 166.039269 166.040375 0.000000 0.000000 0.000000 0.000000 0.000000 0.000000 0.000000 0.000000 0.000000 0.000000 0.000000 0.000000 0.000000 0.000000 0.000000 0.000000 0.000000 0.000000 
166.041482 166.040375 166.038716 166.037057 166.035951 166.034291 166.033738 166.033185 166.032632 166.032632 166.032632 166.032632 166.033185 166.034291 166.035951 166.038716 0.000000 0.000000 0.000000 0.000000 0.000000 0.000000 0.000000 0.000000 0.000000 0.000000 0.000000 0.000000 0.000000 0.000000 
0.000000 166.040928 166.039269 166.037610 166.035951 166.034291 166.033185 166.031526 166.029867 166.028761 166.028207 166.027654 166.027654 166.027654 166.027654 166.028761 166.029867 166.032079 166.035398 166.041482 0.000000 0.000000 0.000000 0.000000 0.000000 0.000000 0.000000 0.000000 0.000000 0.000000 
0.000000 0.000000 166.041482 166.039269 166.037057 166.034845 166.033185 166.031526 166.029867 166.028761 166.027101 166.025442 166.024336 166.023230 166.022677 166.022677 166.022677 166.022677 166.023783 166.025442 166.028761 166.034291 0.000000 0.000000 0.000000 0.000000 0.000000 0.000000 0.000000 0.000000 
0.000000 0.000000 0.000000 0.000000 166.040928 166.038716 166.035951 166.033738 166.031526 166.029314 166.027101 166.025995 166.024336 166.022677 166.021570 166.019911 166.018805 166.017699 166.017699 166.017699 166.018252 166.019358 166.022123 166.027654 166.037057 0.000000 0.000000 0.000000 0.000000 0.000000 
0.000000 0.000000 0.000000 0.000000 0.000000 0.000000 166.041667 166.038716 166.035951 166.033185 166.030420 166.028207 166.025442 166.023230 166.021570 166.019911 166.018252 166.017146 166.015486 166.013827 166.012721 166.012721 166.012721 166.013274 166.015486 166.021017 166.032079 0.000000 0.000000 0.000000 
0.000000 0.000000 0.000000 0.000000 0.000000 0.000000 0.000000 0.000000 0.000000 166.040928 166.037610 166.034291 166.031526 166.028207 166.025442 166.022677 166.019911 166.017699 166.015486 166.014380 166.012721 166.011062 166.009956 166.008296 166.007743 166.007743 166.008849 166.014933 166.032632 0.000000 
0.000000 0.000000 0.000000 0.000000 0.000000 0.000000 0.000000 0.000000 0.000000 0.000000 0.000000 0.000000 166.041482 166.037610 166.033738 166.030420 166.027101 166.023783 166.021017 166.017699 166.014933 166.012168 166.009956 166.008296 166.006637 166.005531 166.003872 166.002765 166.002765 166.012168 
0.000000 0.000000 0.000000 0.000000 0.000000 0.000000 0.000000 0.000000 0.000000 0.000000 0.000000 0.000000 0.000000 0.000000 0.000000 0.000000 166.040375 166.036504 166.032632 166.028761 166.024889 166.021017 166.017699 166.013827 166.010509 166.007190 166.004425 166.002212 166.001106 166.000000 
0.000000 0.000000 0.000000 0.000000 0.000000 0.000000 0.000000 0.000000 0.000000 0.000000 0.000000 0.000000 0.000000 0.000000 0.000000 0.000000 0.000000 0.000000 0.000000 0.000000 0.000000 0.000000 0.000000 0.000000 166.041667 166.039269 166.035951 166.034845 166.037610 0.000000 
