test/output/constant/C4_S000_A270_WD270.0_WS045.0/C4_S000_A270_WD270.0_WS045.0_arrival.asc
ncols         36
nrows         7
xllcorner     426603.990666
yllcorner     12748455.311160
cellsize      100.000000
NODATA_value  0.000000
0.000000 0.000000 0.000000 0.000000 0.000000 0.000000 0.000000 0.000000 0.000000 166.040024 166.038141 166.037199 166.035787 166.035316 166.034845 166.034374 166.034374 166.034374 166.034374 166.034845 166.035316 166.036257 166.036728 166.037670 166.038612 166.039083 166.040024 166.040966 166.041667 0.000000 0.000000 0.000000 0.000000 0.000000 0.000000 0.000000 
0.000000 0.000000 0.000000 166.034374 166.028253 166.024956 166.023073 166.021660 166.021189 166.020719 166.020719 166.020719 166.021189 166.022131 166.022602 166.023544 166.024486 166.025427 166.025898 166.026840 166.027782 166.028723 166.029665 166.030607 166.032020 166.032961 166.033903 166.035316 166.036257 166.037199 166.038141 166.039554 166.040495 166.041667 0.000000 0.000000 
166.026369 166.010830 166.007534 166.007063 166.007063 166.008005 166.008476 166.009418 166.010359 166.011772 166.012714 166.013655 166.015068 166.016010 166.017422 166.018364 166.019306 166.020719 166.021660 166.023073 166.024015 166.025427 166.026369 166.027782 166.028723 166.030136 166.031078 166.032020 166.033432 166.034374 166.035787 166.036728 166.038141 166.039083 166.040495 166.041437 
166.000000 166.000942 166.001884 166.003296 166.004238 166.005651 166.006592 166.008005 166.008947 166.010359 166.011301 166.012714 166.013655 166.015068 166.016010 166.017422 166.018364 166.019777 166.020719 166.022131 166.023073 166.024486 166.025427 166.026840 166.027782 166.029194 166.030136 166.031549 166.032490 166.033903 166.034845 166.036257 166.037199 166.038612 166.039554 166.040966 
166.026369 166.010830 166.007534 166.007063 166.007063 166.008005 166.008476 166.009418 166.010359 166.011772 166.012714 166.013655 166.015068 166.016010 166.017422 166.018364 166.019306 166.020719 166.021660 166.023073 166.024015 166.025427 166.026369 166.027782 166.028723 166.030136 166.031078 166.032020 166.033432 166.034374 166.035787 166.036728 166.038141 166.039083 166.040495 166.041437 
0.000000 0.000000 0.000000 166.034374 166.028253 166.024956 166.023073 166.021660 166.021189 166.020719 166.020719 166.020719 166.021189 166.022131 166.022602 166.023544 166.024486 166.025427 166.025898 166.026840 166.027782 166.028723 166.029665 166.030607 166.032020 166.032961 166.033903 166.035316 166.036257 166.037199 166.038141 166.039554 166.040495 166.041667 0.000000 0.000000 
0.000000 0.000000 0.000000 0.000000 0.000000 0.000000 0.000000 0.000000 0.000000 166.040024 166.038141 166.037199 166.035787 166.035316 166.034845 166.034374 166.034374 166.034374 166.034374 166.034845 166.035316 166.036257 166.036728 166.037670 166.038612 166.039083 166.040024 166.040966 166.041667 0.000000 0.000000 0.000000 0.000000 0.000000 0.000000 0.000000 
