test/output/constant/M390_S000_A180_WD180.0_WS025.0/M390_S000_A180_WD180.0_WS025.0_arrival.asc
ncols         11
nrows         34
xllcorner     426103.990666
yllcorner     12748555.311160
cellsize      100.000000
NODATA_value  0.000000
0.000000 0.000000 0.000000 0.000000 166.041624 166.041624 166.041624 0.000000 0.000000 0.000000 0.000000 
0.000000 0.000000 0.000000 166.041624 166.040543 166.040002 166.040543 166.041624 0.000000 0.000000 0.000000 
0.000000 0.000000 0.000000 166.040002 166.038921 166.038921 166.038921 166.040002 0.000000 0.000000 0.000000 
0.000000 0.000000 166.040543 166.038921 166.037840 166.037300 166.037840 166.038921 166.040543 0.000000 0.000000 
0.000000 0.000000 166.039462 166.037300 166.036218 166.036218 166.036218 166.037300 166.039462 0.000000 0.000000 
0.000000 166.041624 166.038381 166.036218 166.035137 166.034597 166.035137 166.036218 166.038381 166.041624 0.000000 
0.000000 166.040543 166.037300 166.035137 166.033516 166.033516 166.033516 166.035137 166.037300 166.040543 0.000000 
0.000000 166.039462 166.035678 166.033516 166.032434 166.031894 166.032434 166.033516 166.035678 166.039462 0.000000 
0.000000 166.038381 166.034597 166.032434 166.030813 166.030813 166.030813 166.032434 166.034597 166.038381 0.000000 
0.000000 166.037300 166.033516 166.030813 166.029732 166.029191 166.029732 166.030813 166.033516 166.037300 0.000000 
166.041084 166.036218 166.031894 166.029732 166.028110 166.028110 166.028110 166.029732 166.031894 166.036218 166.041084 
166.040543 166.035137 166.030813 166.028650 166.027029 166.026488 166.027029 166.028650 166.030813 166.035137 166.040543 
166.039462 166.034597 166.029732 166.027029 166.025407 166.025407 166.025407 166.027029 166.029732 166.034597 166.039462 
166.039462 166.033516 166.028650 166.025948 166.024326 166.023785 166.024326 166.025948 166.028650 166.033516 166.039462 
166.038921 166.032434 166.028110 166.024326 166.022704 166.022704 166.022704 166.024326 166.028110 166.032434 166.038921 
166.038921 166.031894 166.027029 166.023245 166.021623 166.021082 166.021623 166.023245 166.027029 166.031894 166.038921 
166.038381 166.030813 166.025948 166.022164 166.020001 166.020001 166.020001 166.022164 166.025948 166.030813 166.038381 
166.038381 166.030813 166.024866 166.021082 166.018920 166.018380 166.018920 166.021082 166.024866 166.030813 166.038381 
166.038381 166.030272 166.023785 166.019461 166.017298 166.017298 166.017298 166.019461 166.023785 166.030272 166.038381 
166.038921 166.030272 166.023245 166.018380 166.016217 166.015677 166.016217 166.018380 166.023245 166.030272 166.038921 
166.039462 166.030272 166.022164 166.017298 166.015136 166.014596 166.015136 166.017298 166.022164 166.030272 166.039462 
166.040543 166.030272 166.022164 166.016217 166.013514 166.012974 166.013514 166.016217 166.022164 166.030272 166.040543 
166.041084 166.030272 166.021623 166.015677 166.012433 166.011893 166.012433 166.015677 166.021623 166.030272 166.041084 
0.000000 166.031353 166.021623 166.014596 166.010811 166.010271 166.010811 166.014596 166.021623 166.031353 0.000000 
0.000000 166.031894 166.021623 166.013514 166.009730 166.009190 166.009730 166.013514 166.021623 166.031894 0.000000 
0.000000 166.033516 166.022164 166.012974 166.008649 166.007568 166.008649 166.012974 166.022164 166.033516 0.000000 
0.000000 166.036218 166.022704 166.012974 166.007027 166.006487 166.007027 166.012974 166.022704 166.036218 0.000000 
0.000000 166.038921 166.024326 166.012974 166.005946 166.004865 166.005946 166.012974 166.024326 166.038921 0.000000 
0.000000 0.000000 166.027029 166.013514 166.004865 166.003784 166.004865 166.013514 166.027029 0.000000 0.000000 
0.000000 0.000000 166.030813 166.015136 166.004325 166.002162 166.004325 166.015136 166.030813 0.000000 0.000000 
0.000000 0.000000 166.036759 166.018920 166.004865 166.001081 166.004865 166.018920 166.036759 0.000000 0.000000 
0.000000 0.000000 0.000000 166.024866 166.007027 166.000000 166.007027 166.024866 0.000000 0.000000 0.000000 
0.000000 0.000000 0.000000 166.038921 166.019461 166.014055 166.019461 166.038921 0.000000 0.000000 0.000000 
0.000000 0.000000 0.000000 0.000000 0.000000 166.041624 0.000000 0.000000 0.000000 0.000000 0.000000 
