test/output/constant/M3M495_S060_A000_WD225.0_WS040.0/M3M495_S060_A000_WD225.0_WS040.0_arrival.asc
ncols         16
nrows         33
xllcorner     425203.990666
yllcorner     12748655.311160
cellsize      100.000000
NODATA_value  0.000000
0.000000 166.040892 166.040892 166.040892 0.000000 0.000000 0.000000 0.000000 0.000000 0.000000 0.000000 0.000000 0.000000 0.000000 0.000000 0.000000 
166.041322 166.040031 166.039600 166.039600 166.040031 0.000000 0.000000 0.000000 0.000000 0.000000 0.000000 0.000000 0.000000 0.000000 0.000000 0.000000 
166.040892 166.039170 166.038309 166.038309 166.038740 166.040031 0.000000 0.000000 0.000000 0.000000 0.000000 0.000000 0.000000 0.000000 0.000000 0.000000 
166.040892 166.038309 166.037018 166.037018 166.037018 166.037879 166.040031 0.000000 0.000000 0.000000 0.000000 0.000000 0.000000 0.000000 0.000000 0.000000 
166.040461 166.037879 166.036157 166.035726 166.035296 166.036157 166.037879 166.040461 0.000000 0.000000 0.000000 0.000000 0.000000 0.000000 0.000000 0.000000 
166.040892 166.037879 166.035296 166.034435 166.034005 166.034435 166.035726 166.038309 0.000000 0.000000 0.000000 0.000000 0.000000 0.000000 0.000000 0.000000 
166.041322 166.037448 166.034866 166.033574 166.032713 166.032713 166.033574 166.035726 166.039170 0.000000 0.000000 0.000000 0.000000 0.000000 0.000000 0.000000 
166.041667 166.037879 166.034866 166.032713 166.031422 166.031422 166.031852 166.033574 166.036587 166.041322 0.000000 0.000000 0.000000 0.000000 0.000000 0.000000 
0.000000 166.038309 166.034866 166.031852 166.030561 166.030131 166.030131 166.031422 166.034005 166.038309 0.000000 0.000000 0.000000 0.000000 0.000000 0.000000 
0.000000 166.038740 166.034866 166.031852 166.029700 166.028839 166.028839 166.029700 166.031852 166.035296 166.040461 0.000000 0.000000 0.000000 0.000000 0.000000 
0.000000 166.039600 166.035296 166.031852 166.028839 166.027548 166.027548 166.027979 166.029270 166.032713 166.037448 0.000000 0.000000 0.000000 0.000000 0.000000 
0.000000 166.040461 166.035726 166.031852 166.028839 166.026687 166.026257 166.026257 166.027548 166.030131 166.034435 166.040461 0.000000 0.000000 0.000000 0.000000 
0.000000 0.000000 166.036587 166.032283 166.028839 166.026257 166.024965 166.024965 166.025396 166.027548 166.031422 166.037018 0.000000 0.000000 0.000000 0.000000 
0.000000 0.000000 166.037879 166.032713 166.028839 166.025826 166.024105 166.023674 166.023674 166.025396 166.028839 166.034005 166.041667 0.000000 0.000000 0.000000 
0.000000 0.000000 166.039600 166.033574 166.029270 166.025826 166.023244 166.022383 166.022383 166.023244 166.025826 166.030992 166.037879 0.000000 0.000000 0.000000 
0.000000 0.000000 0.000000 166.035296 166.029700 166.025826 166.022813 166.021092 166.020661 166.021092 166.023674 166.027979 166.034435 0.000000 0.000000 0.000000 
0.000000 0.000000 0.000000 166.037448 166.030992 166.026257 166.022813 166.020231 166.019370 166.019800 166.021092 166.024965 166.030992 166.040031 0.000000 0.000000 
0.000000 0.000000 0.000000 166.040031 166.032713 166.027118 166.022813 166.019800 166.018078 166.018078 166.018939 166.021952 166.027548 166.036157 0.000000 0.000000 
0.000000 0.000000 0.000000 0.000000 166.035296 166.028409 166.023244 166.019800 166.017218 166.016787 166.017218 166.019370 166.024105 166.032283 0.000000 0.000000 
0.000000 0.000000 0.000000 0.000000 166.038309 166.030561 166.024105 166.019800 166.016787 166.015496 166.015496 166.017218 166.021092 166.028839 166.039170 0.000000 
0.000000 0.000000 0.000000 0.000000 0.000000 166.033144 166.025826 166.020231 166.016787 166.014635 166.014204 166.014635 166.018509 166.024965 166.034866 0.000000 
0.000000 0.000000 0.000000 0.000000 0.000000 166.037018 166.028409 166.021522 166.016787 166.013774 166.012913 166.012913 166.015496 166.021522 166.031422 0.000000 
0.000000 0.000000 0.000000 0.000000 0.000000 0.000000 166.031852 166.023244 166.017648 166.013774 166.011622 166.011622 166.012913 166.018078 166.027548 0.000000 
0.000000 0.000000 0.000000 0.000000 0.000000 0.000000 166.036587 166.026687 166.018939 166.013774 166.010761 166.010331 166.010761 166.014635 166.023674 166.041322 
0.000000 0.000000 0.000000 0.000000 0.000000 0.000000 0.000000 166.030992 166.021522 166.014635 166.010761 166.009039 166.009039 166.011622 166.019800 166.037448 
0.000000 0.000000 0.000000 0.000000 0.000000 0.000000 0.000000 166.036587 166.025396 166.016357 166.010761 166.007748 166.007317 166.008609 166.015926 166.033574 
0.000000 0.000000 0.000000 0.000000 0.000000 0.000000 0.000000 0.000000 166.030992 166.020231 166.012052 166.007748 166.006026 166.006457 166.012052 166.029700 
0.000000 0.000000 0.000000 0.000000 0.000000 0.000000 0.000000 0.000000 166.038740 166.025826 166.014635 166.007748 166.005165 166.004735 166.008609 166.025826 
0.000000 0.000000 0.000000 0.000000 0.000000 0.000000 0.000000 0.000000 0.000000 166.033144 166.019800 166.009470 166.004735 166.003444 166.005165 166.022383 
0.000000 0.000000 0.000000 0.000000 0.000000 0.000000 0.000000 0.000000 0.000000 0.000000 166.027979 166.014204 166.005165 166.002152 166.002152 166.018939 
0.000000 0.000000 0.000000 0.000000 0.000000 0.000000 0.000000 0.000000 0.000000 0.000000 166.039170 166.023244 166.009039 166.001722 166.000861 166.015926 
0.000000 0.000000 0.000000 0.000000 0.000000 0.000000 0.000000 0.000000 0.000000 0.000000 0.000000 166.036157 166.018939 166.003444 166.000000 166.016357 
0.000000 0.000000 0.000000 0.000000 0.000000 0.000000 0.000000 0.000000 0.000000 0.000000 0.000000 0.000000 0.000000 166.028839 166.023244 166.030992 
