test/output/constant/M365_S000_A180_WD180.0_WS030.0/M365_S000_A180_WD180.0_WS030.0_arrival.asc
ncols         9
nrows         30
xllcorner     426203.990666
yllcorner     12748655.311160
cellsize      100.000000
NODATA_value  0.000000
0.000000 0.000000 0.000000 166.041029 166.040443 166.041029 0.000000 0.000000 0.000000 
0.000000 0.000000 166.041615 166.039270 166.039270 166.039270 166.041615 0.000000 0.000000 
0.000000 0.000000 166.039856 166.038098 166.037512 166.038098 166.039856 0.000000 0.000000 
0.000000 166.041615 166.038684 166.036340 166.036340 166.036340 166.038684 166.041615 0.000000 
0.000000 166.041029 166.036926 166.035167 166.034581 166.035167 166.036926 166.041029 0.000000 
0.000000 166.039856 166.035754 166.033409 166.033409 166.033409 166.035754 166.039856 0.000000 
0.000000 166.038684 166.034581 166.032237 166.031651 166.032237 166.034581 166.038684 0.000000 
0.000000 166.037512 166.032823 166.030478 166.030478 166.030478 166.032823 166.037512 0.000000 
0.000000 166.036340 166.031651 166.029306 166.028720 166.029306 166.031651 166.036340 0.000000 
166.041615 166.035167 166.030478 166.028134 166.027548 166.028134 166.030478 166.035167 166.041615 
166.041029 166.033995 166.028720 166.026376 166.025789 166.026376 166.028720 166.033995 166.041029 
166.040443 166.032823 166.027548 166.025203 166.024617 166.025203 166.027548 166.032823 166.040443 
166.040443 166.031651 166.026376 166.023445 166.022859 166.023445 166.026376 166.031651 166.040443 
166.039856 166.031065 166.025203 166.022273 166.021687 166.022273 166.025203 166.031065 166.039856 
166.039856 166.029892 166.024031 166.020514 166.019928 166.020514 166.024031 166.029892 166.039856 
166.040443 166.029306 166.022859 166.019342 166.018756 166.019342 166.022859 166.029306 166.040443 
166.040443 166.028720 166.021687 166.018170 166.016998 166.018170 166.021687 166.028720 166.040443 
166.041029 166.028720 166.020514 166.016411 166.015825 166.016411 166.020514 166.028720 166.041029 
166.041615 166.028720 166.019342 166.015239 166.014067 166.015239 166.019342 166.028720 166.041615 
0.000000 166.028720 166.018756 166.013481 166.012895 166.013481 166.018756 166.028720 0.000000 
0.000000 166.029306 166.017584 166.012309 166.011136 166.012309 166.017584 166.029306 0.000000 
0.000000 166.029892 166.017584 166.010550 166.009964 166.010550 166.017584 166.029892 0.000000 
0.000000 166.031651 166.017584 166.009378 166.008206 166.009378 166.017584 166.031651 0.000000 
0.000000 166.033995 166.017584 166.008206 166.007033 166.008206 166.017584 166.033995 0.000000 
0.000000 166.037512 166.018170 166.007033 166.005275 166.007033 166.018170 166.037512 0.000000 
0.000000 0.000000 166.019928 166.005861 166.004103 166.005861 166.019928 0.000000 0.000000 
0.000000 0.000000 166.024031 166.005861 166.002344 166.005861 166.024031 0.000000 0.000000 
0.000000 0.000000 166.031065 166.006447 166.001172 166.006447 166.031065 0.000000 0.000000 
0.000000 0.000000 0.000000 166.011136 166.000000 166.011136 0.000000 0.000000 0.000000 
0.000000 0.000000 0.000000 166.036926 166.026962 166.036926 0.000000 0.000000 0.000000 
