test/output/constant/C4_S000_A000_WD090.0_WS050.0/C4_S000_A000_WD090.0_WS050.0_arrival.asc
ncols         39
nrows         7
xllcorner     422803.990666
yllcorner     12748455.311160
cellsize      100.000000
NODATA_value  0.000000
0.000000 0.000000 0.000000 0.000000 0.000000 0.000000 0.000000 0.000000 166.041637 166.040770 166.039902 166.039469 166.038601 166.037734 166.037300 166.036433 166.035565 166.035131 166.034698 166.034698 166.034698 166.034698 166.034698 166.035131 166.035565 166.036433 166.036866 166.038601 166.040336 0.000000 0.000000 0.000000 0.000000 0.000000 0.000000 0.000000 0.000000 0.000000 0.000000 
0.000000 0.000000 0.000000 166.041203 166.039902 166.039035 166.037734 166.036866 166.035999 166.034698 166.033830 166.032963 166.032095 166.030794 166.029927 166.029059 166.028192 166.027324 166.026457 166.025589 166.024722 166.024288 166.023421 166.022553 166.022120 166.021252 166.020819 166.020819 166.020819 166.021252 166.021686 166.022553 166.024288 166.026891 166.031228 166.037734 0.000000 0.000000 0.000000 
166.041637 166.040336 166.039469 166.038167 166.037300 166.035999 166.035131 166.034264 166.032963 166.032095 166.030794 166.029927 166.028626 166.027758 166.026457 166.025589 166.024288 166.023421 166.022120 166.021252 166.019951 166.019084 166.017783 166.016915 166.016048 166.014746 166.013879 166.013012 166.011710 166.010843 166.009976 166.009108 166.008241 166.007373 166.006940 166.007373 166.007807 166.011710 166.034264 
166.040770 166.039902 166.038601 166.037734 166.036433 166.035565 166.034264 166.033396 166.032095 166.031228 166.029927 166.029059 166.027758 166.026891 166.025589 166.024722 166.023421 166.022553 166.021252 166.020385 166.019084 166.018216 166.016915 166.016048 166.014746 166.013879 166.012578 166.011710 166.010409 166.009542 166.008241 166.007373 166.006072 166.005205 166.003903 166.003036 166.001735 166.000867 166.000000 
166.041637 166.040336 166.039469 166.038167 166.037300 166.035999 166.035131 166.034264 166.032963 166.032095 166.030794 166.029927 166.028626 166.027758 166.026457 166.025589 166.024288 166.023421 166.022120 166.021252 166.019951 166.019084 166.017783 166.016915 166.016048 166.014746 166.013879 166.013012 166.011710 166.010843 166.009976 166.009108 166.008241 166.007373 166.006940 166.007373 166.007807 166.011710 166.034264 
0.000000 0.000000 0.000000 166.041203 166.039902 166.039035 166.037734 166.036866 166.035999 166.034698 166.033830 166.032963 166.032095 166.030794 166.029927 166.029059 166.028192 166.027324 166.026457 166.025589 166.024722 166.024288 166.023421 166.022553 166.022120 166.021252 166.020819 166.020819 166.020819 166.021252 166.021686 166.022553 166.024288 166.026891 166.031228 166.037734 0.000000 0.000000 0.000000 
0.000000 0.000000 0.000000 0.000000 0.000000 0.000000 0.000000 0.000000 166.041637 166.040770 166.039902 166.039469 166.038601 166.037734 166.037300 166.036433 166.035565 166.035131 166.034698 166.034698 166.034698 166.034698 166.034698 166.035131 166.035565 166.036433 166.036866 166.038601 166.040336 0.000000 0.000000 0.000000 0.000000 0.000000 0.000000 0.000000 0.000000 0.000000 0.000000 
