test/output/constant/M395_S060_A180_WD135.0_WS040.0/M395_S060_A180_WD135.0_WS040.0_ros.asc
ncols         17
nrows         35
xllcorner     426503.990666
yllcorner     12748655.311160
cellsize      100.000000
NODATA_value  0.000000
0.000000 0.000000 0.000000 0.000000 0.000000 0.000000 0.000000 0.000000 0.000000 0.000000 0.000000 0.000000 0.000000 59.780724 59.780724 59.738930 59.780724 
0.000000 0.000000 0.000000 0.000000 0.000000 0.000000 0.000000 0.000000 0.000000 0.000000 0.000000 0.000000 59.780724 59.780724 59.780724 59.780724 57.473427 
0.000000 0.000000 0.000000 0.000000 0.000000 0.000000 0.000000 0.000000 0.000000 0.000000 0.000000 59.780724 59.780724 59.605694 59.780724 59.780724 59.780724 
0.000000 0.000000 0.000000 0.000000 0.000000 0.000000 0.000000 0.000000 0.000000 0.000000 59.780724 59.780724 59.780724 59.780724 59.780724 59.780724 59.780724 
0.000000 0.000000 0.000000 0.000000 0.000000 0.000000 0.000000 0.000000 0.000000 51.042660 59.780724 59.780724 59.780724 59.780724 59.780724 59.780724 59.780724 
0.000000 0.000000 0.000000 0.000000 0.000000 0.000000 0.000000 0.000000 0.000000 59.780724 59.780724 59.780724 59.780724 59.780724 59.780724 59.780724 59.780724 
0.000000 0.000000 0.000000 0.000000 0.000000 0.000000 0.000000 0.000000 59.780724 59.780724 58.625881 59.780724 59.780724 59.780724 59.019051 59.780724 44.313892 
0.000000 0.000000 0.000000 0.000000 0.000000 0.000000 0.000000 0.000000 59.780724 59.780724 59.780724 59.780724 59.780724 59.780724 59.780724 59.019051 48.467865 
0.000000 0.000000 0.000000 0.000000 0.000000 0.000000 0.000000 51.042660 59.780724 59.780724 47.222610 59.780724 59.019051 59.780724 59.780724 59.780724 48.467865 
0.000000 0.000000 0.000000 0.000000 0.000000 0.000000 47.222610 59.780724 59.780724 59.780724 59.780724 59.780724 59.780724 59.780724 59.780724 59.019051 59.738930 
0.000000 0.000000 0.000000 0.000000 0.000000 0.000000 54.278488 59.780724 59.780724 54.278488 59.780724 59.780724 59.780724 59.780724 55.149036 59.780724 0.000000 
0.000000 0.000000 0.000000 0.000000 0.000000 54.278488 58.625881 59.780724 59.780724 59.780724 59.780724 59.780724 59.780724 59.780724 59.780724 59.780724 0.000000 
0.000000 0.000000 0.000000 0.000000 0.000000 54.278488 58.625881 59.605694 59.780724 59.780724 59.780724 57.473427 59.780724 48.467865 59.780724 44.313892 0.000000 
0.000000 0.000000 0.000000 0.000000 54.278488 54.278488 58.625881 59.780724 59.780724 59.780724 59.780724 59.738930 59.738930 44.313892 59.780724 44.313892 0.000000 
0.000000 0.000000 0.000000 0.000000 42.934086 59.780724 59.780724 59.780724 59.780724 59.780724 59.780724 59.780724 59.019051 59.780724 59.780724 0.000000 0.000000 
0.000000 0.000000 0.000000 0.000000 51.042660 59.780724 59.780724 59.780724 59.780724 59.738930 59.019051 59.019051 59.780724 48.467865 48.467865 0.000000 0.000000 
0.000000 0.000000 0.000000 42.934086 51.042660 59.780724 59.780724 59.780724 59.780724 59.780724 59.780724 59.780724 59.780724 48.467865 4.600219 0.000000 0.000000 
0.000000 0.000000 0.000000 51.042660 59.780724 59.780724 59.780724 59.780724 59.780724 59.780724 59.780724 44.313892 48.467865 48.467865 0.000000 0.000000 0.000000 
0.000000 0.000000 51.042660 42.934086 47.222610 58.625881 59.780724 57.473427 59.780724 59.780724 44.313892 48.467865 48.467865 48.467865 0.000000 0.000000 0.000000 
0.000000 0.000000 28.602522 56.832027 58.625881 59.780724 59.780724 59.605694 59.780724 57.473427 59.780724 48.467865 48.467865 0.000000 0.000000 0.000000 0.000000 
0.000000 0.000000 47.222610 51.042660 51.042660 59.780724 59.780724 59.780724 59.780724 59.738930 48.467865 48.467865 48.467865 0.000000 0.000000 0.000000 0.000000 
0.000000 28.602522 51.042660 51.042660 56.832027 56.832027 59.780724 59.780724 59.780724 44.313892 48.467865 48.467865 0.000000 0.000000 0.000000 0.000000 0.000000 
0.000000 19.270815 56.832027 58.625881 59.780724 59.780724 59.780724 59.780724 48.467865 57.473427 48.467865 44.313892 0.000000 0.000000 0.000000 0.000000 0.000000 
0.000000 28.602522 54.278488 58.625881 59.780724 59.780724 59.780724 59.780724 48.467865 44.313892 48.467865 0.000000 0.000000 0.000000 0.000000 0.000000 0.000000 
0.000000 28.602522 47.222610 59.780724 59.780724 59.780724 59.780724 57.473427 48.467865 44.313892 44.313892 0.000000 0.000000 0.000000 0.000000 0.000000 0.000000 
28.602522 42.934086 58.625881 59.780724 59.780724 59.780724 59.780724 44.313892 48.467865 48.467865 0.000000 0.000000 0.000000 0.000000 0.000000 0.000000 0.000000 
28.602522 23.817945 59.780724 59.780724 59.780724 59.780724 44.313892 48.467865 44.313892 44.313892 0.000000 0.000000 0.000000 0.000000 0.000000 0.000000 0.000000 
28.602522 54.278488 59.780724 59.780724 59.780724 59.738930 48.467865 39.780563 44.313892 0.000000 0.000000 0.000000 0.000000 0.000000 0.000000 0.000000 0.000000 
28.602522 33.481171 59.780724 59.780724 59.780724 44.313892 48.467865 39.780563 39.780563 0.000000 0.000000 0.000000 0.000000 0.000000 0.000000 0.000000 0.000000 
19.270815 38.306946 59.780724 59.780724 59.780724 48.467865 48.467865 4.600219 0.000000 0.000000 0.000000 0.000000 0.000000 0.000000 0.000000 0.000000 0.000000 
28.602522 38.306946 59.780724 59.780724 48.467865 39.780563 4.600219 0.000000 0.000000 0.000000 0.000000 0.000000 0.000000 0.000000 0.000000 0.000000 0.000000 
5.908139 59.780724 59.780724 44.313892 4.600219 3.219956 4.600219 0.000000 0.000000 0.000000 0.000000 0.000000 0.000000 0.000000 0.000000 0.000000 0.000000 
11.414693 59.780724 59.738930 44.313892 4.600219 3.219956 0.000000 0.000000 0.000000 0.000000 0.000000 0.000000 0.000000 0.000000 0.000000 0.000000 0.000000 
2.288601 -1.000000 44.313892 4.600219 3.219956 0.000000 0.000000 0.000000 0.000000 0.000000 0.000000 0.000000 0.000000 0.000000 0.000000 0.000000 0.000000 
1.696700 2.125905 2.743829 4.600219 0.000000 0.000000 0.000000 0.000000 0.000000 0.000000 0.000000 0.000000 0.000000 0.000000 0.000000 0.000000 0.000000 
