test/output/constant/C4_S000_A000_WD000.0_WS040.0/C4_S000_A000_WD000.0_WS040.0_arrival.asc
ncols         7
nrows         31
xllcorner     426303.990666
yllcorner     12745755.311160
cellsize      100.000000
NODATA_value  0.000000
0.000000 0.000000 166.023138 166.000000 166.023138 0.000000 0.000000 
0.000000 0.000000 166.009916 166.001102 166.009916 0.000000 0.000000 
0.000000 0.000000 166.007713 166.002204 166.007713 0.000000 0.000000 
0.000000 166.031952 166.007713 166.003856 166.007713 166.031952 0.000000 
0.000000 166.027545 166.007713 166.004958 166.007713 166.027545 0.000000 
0.000000 166.024790 166.008814 166.006611 166.008814 166.024790 0.000000 
0.000000 166.022587 166.009916 166.007713 166.009916 166.022587 0.000000 
0.000000 166.022587 166.011018 166.009365 166.011018 166.022587 0.000000 
0.000000 166.022036 166.012120 166.010467 166.012120 166.022036 0.000000 
166.039665 166.022036 166.013222 166.012120 166.013222 166.022036 166.039665 
166.038012 166.022036 166.014874 166.013222 166.014874 166.022036 166.038012 
166.037461 166.022587 166.015976 166.014874 166.015976 166.022587 166.037461 
166.036910 166.023138 166.017078 166.015976 166.017078 166.023138 166.036910 
166.036359 166.024240 166.018731 166.017629 166.018731 166.024240 166.036359 
166.036359 166.025341 166.019832 166.018731 166.019832 166.025341 166.036359 
166.036359 166.026443 166.021485 166.020383 166.021485 166.026443 166.036359 
166.036359 166.026994 166.022587 166.021485 166.022587 166.026994 166.036359 
166.036359 166.028096 166.024240 166.023138 166.024240 166.028096 166.036359 
166.037461 166.029198 166.025341 166.024240 166.025341 166.029198 166.037461 
166.038012 166.030299 166.026443 166.025892 166.026443 166.030299 166.038012 
166.039114 166.031401 166.028096 166.026994 166.028096 166.031401 166.039114 
166.040216 166.033054 166.029198 166.028647 166.029198 166.033054 166.040216 
166.040766 166.034156 166.030850 166.029748 166.030850 166.034156 166.040766 
0.000000 166.035257 166.031952 166.031401 166.031952 166.035257 0.000000 
0.000000 166.036359 166.033605 166.032503 166.033605 166.036359 0.000000 
0.000000 166.038012 166.034707 166.034156 166.034707 166.038012 0.000000 
0.000000 166.039114 166.035808 166.035257 166.035808 166.039114 0.000000 
0.000000 166.040216 166.037461 166.036910 166.037461 166.040216 0.000000 
0.000000 166.041667 166.038563 166.038012 166.038563 166.041667 0.000000 
0.000000 0.000000 166.040216 166.039665 166.040216 0.000000 0.000000 
0.000000 0.000000 166.041317 166.040766 166.041317 0.000000 0.000000 
