test/output/constant/M355_S060_A090_WD090.0_WS005.0/M355_S060_A090_WD090.0_WS005.0_arrival.asc
ncols         9
nrows         31
xllcorner     426003.990666
yllcorner     12745755.311160
cellsize      100.000000
NODATA_value  0.000000
0.000000 0.000000 0.000000 0.000000 0.000000 166.012559 166.000000 166.022935 0.000000 
0.000000 0.000000 0.000000 0.000000 166.034402 166.004368 166.001092 166.015290 0.000000 
0.000000 0.000000 0.000000 0.000000 166.020750 166.003822 166.002184 166.013652 0.000000 
0.000000 0.000000 0.000000 166.040409 166.014198 166.003822 166.003822 166.014198 0.000000 
0.000000 0.000000 0.000000 166.030033 166.011467 166.004915 166.004915 166.014744 166.041501 
0.000000 0.000000 0.000000 166.024573 166.010921 166.006553 166.006553 166.015836 166.039863 
0.000000 0.000000 166.040955 166.020750 166.010921 166.007645 166.008191 166.017474 166.038770 
0.000000 0.000000 166.034402 166.019112 166.010921 166.009283 166.009829 166.019112 166.039316 
0.000000 0.000000 166.031126 166.018020 166.011467 166.010921 166.011467 166.020204 166.039863 
0.000000 0.000000 166.028395 166.018020 166.012559 166.012013 166.013652 166.022389 166.040409 
0.000000 166.040955 166.026211 166.018020 166.013652 166.013652 166.015290 166.024027 166.040955 
0.000000 166.037678 166.025119 166.018020 166.014744 166.014744 166.017474 166.025665 0.000000 
0.000000 166.035494 166.025119 166.018566 166.016382 166.016382 166.019112 166.027303 0.000000 
0.000000 166.033856 166.025119 166.019112 166.017474 166.017474 166.020750 166.028941 0.000000 
0.000000 166.032764 166.025119 166.020204 166.019112 166.019658 166.022935 166.031126 0.000000 
0.000000 166.032218 166.025119 166.021296 166.020204 166.020750 166.024573 166.032764 0.000000 
166.040955 166.032218 166.025665 166.021842 166.021842 166.022389 166.026757 166.034402 0.000000 
166.039863 166.032218 166.026211 166.023481 166.022935 166.024027 166.028395 166.036040 0.000000 
166.039316 166.032218 166.026757 166.024573 166.024573 166.025665 166.030579 166.038224 0.000000 
166.039316 166.032218 166.027303 166.026211 166.025665 166.027849 166.032218 166.039863 0.000000 
166.039316 166.032218 166.028395 166.027303 166.027303 166.029487 166.034402 0.000000 0.000000 
166.039316 166.032764 166.029487 166.028941 166.028941 166.031126 166.036040 0.000000 0.000000 
166.039316 166.033310 166.030579 166.030033 166.030579 166.032764 166.037678 0.000000 0.000000 
166.039316 166.034402 166.031672 166.031672 166.031672 166.034948 166.039863 0.000000 0.000000 
166.039316 166.034948 166.032764 166.032764 166.033310 166.036586 166.041501 0.000000 0.000000 
166.039863 166.036040 166.034402 166.034402 166.035494 166.038224 0.000000 0.000000 0.000000 
166.040409 166.037132 166.035494 166.035494 166.036586 166.040409 0.000000 0.000000 0.000000 
166.040955 166.038224 166.037132 166.037132 166.038224 0.000000 0.000000 0.000000 0.000000 
166.041667 166.039316 166.038224 166.038770 166.039863 0.000000 0.000000 0.000000 0.000000 
0.000000 166.040409 166.039863 166.039863 166.041667 0.000000 0.000000 0.000000 0.000000 
0.000000 166.041501 166.040955 166.041501 0.000000 0.000000 0.000000 0.000000 0.000000 
