test/output/constant/M3M485_S060_A270_WD000.0_WS025.0/M3M485_S060_A270_WD000.0_WS025.0_arrival.asc
ncols         11
nrows         20
xllcorner     426103.990666
yllcorner     12748455.311160
cellsize      100.000000
NODATA_value  0.000000
0.000000 0.000000 0.000000 0.000000 166.041667 166.041644 166.041667 0.000000 0.000000 0.000000 0.000000 
0.000000 0.000000 0.000000 166.040576 166.039509 166.039509 166.039509 166.040576 0.000000 0.000000 0.000000 
0.000000 0.000000 166.040576 166.038441 166.037373 166.036305 166.037373 166.038441 166.040576 0.000000 0.000000 
0.000000 166.041644 166.038441 166.035237 166.034170 166.034170 166.034170 166.035237 166.038441 166.041644 0.000000 
0.000000 166.039509 166.036305 166.033102 166.032034 166.030966 166.032034 166.033102 166.036305 166.039509 0.000000 
0.000000 166.037373 166.033102 166.029898 166.028831 166.028831 166.028831 166.029898 166.033102 166.037373 0.000000 
0.000000 166.036305 166.030966 166.027763 166.026695 166.025627 166.026695 166.027763 166.030966 166.036305 0.000000 
166.041644 166.034170 166.028831 166.025627 166.023492 166.023492 166.023492 166.025627 166.028831 166.034170 166.041644 
166.040576 166.033102 166.026695 166.023492 166.021356 166.020288 166.021356 166.023492 166.026695 166.033102 166.040576 
166.040576 166.032034 166.025627 166.020288 166.018153 166.018153 166.018153 166.020288 166.025627 166.032034 166.040576 
166.040576 166.032034 166.023492 166.018153 166.016017 166.014949 166.016017 166.018153 166.023492 166.032034 166.040576 
166.041644 166.032034 166.023492 166.017085 166.012814 166.012814 166.012814 166.017085 166.023492 166.032034 166.041644 
0.000000 166.032034 166.022424 166.014949 166.010678 166.009610 166.010678 166.014949 166.022424 166.032034 0.000000 
0.000000 166.033102 166.023492 166.013881 166.008542 166.007475 166.008542 166.013881 166.023492 166.033102 0.000000 
0.000000 166.035237 166.024559 166.013881 166.006407 166.004271 166.006407 166.013881 166.024559 166.035237 0.000000 
0.000000 166.039509 166.026695 166.014949 166.005339 166.002136 166.005339 166.014949 166.026695 166.039509 0.000000 
0.000000 0.000000 166.030966 166.018153 166.005339 166.000000 166.005339 166.018153 166.030966 0.000000 0.000000 
0.000000 0.000000 166.037373 166.024559 166.011746 166.007475 166.011746 166.024559 166.037373 0.000000 0.000000 
0.000000 0.000000 0.000000 166.033102 166.023492 166.022424 166.023492 166.033102 0.000000 0.000000 0.000000 
0.000000 0.000000 0.000000 0.000000 166.038441 166.036305 166.038441 0.000000 0.000000 0.000000 0.000000 
