test/output/constant/M3M470_S060_A000_WD315.0_WS015.0/M3M470_S060_A000_WD315.0_WS015.0_intensity.asc
ncols         26
nrows         13
xllcorner     424203.990666
yllcorner     12747655.311160
cellsize      100.000000
NODATA_value  0.000000
0 0 0 0 0 0 0 0 0 0 0 0 0 0 0 0 0 5507 12573 15427 7541 7541 7541 7541 1154 1154 
0 0 0 0 0 0 0 0 0 0 0 0 0 7541 15427 12573 15427 9919 5507 12573 9919 7541 7541 36514 0 1266 
0 0 0 0 0 0 0 0 0 0 7541 12573 5507 12573 12573 12573 15427 9919 33720 29641 36514 36514 36514 36514 4948 1833 
0 0 0 0 0 0 0 0 18395 18395 24320 5507 12573 12573 29641 15427 21390 35134 36514 36514 34622 33029 2471 23180 1833 0 
0 0 0 0 0 0 15427 21390 9919 27098 27098 9919 29641 27098 36514 36514 36514 36514 36514 36514 1833 2471 1645 1731 0 0 
0 0 0 0 7541 27098 33720 9919 15427 7541 15427 36514 36514 36514 36514 35753 35753 35753 31022 26021 23180 1266 1420 0 0 0 
0 0 0 33720 7541 29641 15427 15427 27098 36514 36514 36514 36514 36514 36514 36514 26021 1731 26021 3499 1833 0 0 0 0 0 
0 0 15427 7541 7541 18395 36514 36514 36514 36514 36514 36514 35753 33029 33029 2471 26021 4948 26021 2471 0 0 0 0 0 0 
0 15427 9919 29641 18395 36514 36514 36514 36514 36514 35753 31022 2471 1833 3499 1731 23180 1266 0 0 0 0 0 0 0 0 
36514 36514 27098 36514 36514 36514 36514 36514 34622 36387 31022 1833 3499 1420 26021 4948 0 0 0 0 0 0 0 0 0 0 
7541 36514 36514 36514 36514 34622 36514 36514 36514 31022 1731 26021 1833 0 0 0 0 0 0 0 0 0 0 0 0 0 
36514 36514 36514 36514 36514 36514 1833 28662 3499 26021 0 0 0 0 0 0 0 0 0 0 0 0 0 0 0 0 
0 0 36514 6805 0 0 0 0 0 0 0 0 0 0 0 0 0 0 0 0 0 0 0 0 0 0 
