test/output/constant/M3100_S060_A000_WD180.0_WS005.0/M3100_S060_A000_WD180.0_WS005.0_ros.asc
ncols         60
nrows         14
xllcorner     420803.990666
yllcorner     12748455.311160
cellsize      100.000000
NODATA_value  0.000000
0.000000 0.000000 0.000000 0.000000 0.000000 0.000000 91.542282 97.650993 86.850571 81.036049 97.650993 91.542282 66.774544 66.774544 5.237993 8.863339 91.542282 86.850571 66.774544 2.885011 66.774544 66.774544 66.774544 66.774544 5.237993 2.885011 0.000000 0.000000 0.000000 0.000000 0.000000 0.000000 0.000000 0.000000 0.000000 0.000000 0.000000 0.000000 0.000000 0.000000 0.000000 0.000000 0.000000 0.000000 0.000000 0.000000 0.000000 0.000000 0.000000 0.000000 0.000000 0.000000 0.000000 0.000000 0.000000 0.000000 0.000000 0.000000 0.000000 0.000000 
0.000000 0.000000 97.650993 91.542282 97.650993 97.650993 97.650993 97.650993 97.650993 97.650993 91.542282 86.850571 94.968483 94.968483 97.650993 97.650993 74.275513 86.850571 66.774544 66.774544 66.774544 74.275513 8.863339 66.774544 66.774544 66.774544 66.774544 66.774544 66.774544 66.774544 66.774544 66.774544 2.885011 66.774544 0.000000 0.000000 0.000000 0.000000 0.000000 0.000000 0.000000 0.000000 0.000000 0.000000 0.000000 0.000000 0.000000 0.000000 0.000000 0.000000 0.000000 0.000000 0.000000 0.000000 0.000000 0.000000 0.000000 0.000000 0.000000 0.000000 
97.650993 97.650993 97.650993 91.542282 97.650993 97.650993 97.650993 97.650993 91.542282 97.650993 97.650993 97.650993 91.542282 74.275513 81.036049 97.650993 97.650993 97.478539 91.542282 97.650993 94.968483 74.275513 97.024979 66.774544 66.774544 66.774544 66.774544 66.774544 66.774544 66.774544 5.237993 66.774544 66.774544 5.237993 74.275513 5.237993 74.275513 8.863339 66.774544 0.000000 0.000000 0.000000 0.000000 0.000000 0.000000 0.000000 0.000000 0.000000 0.000000 0.000000 0.000000 0.000000 0.000000 0.000000 0.000000 0.000000 0.000000 0.000000 0.000000 0.000000 
97.650993 97.650993 97.650993 97.024979 97.650993 97.650993 86.850571 97.650993 97.650993 97.650993 86.850571 97.650993 97.024979 97.650993 97.478539 97.650993 91.542282 97.650993 97.650993 97.024979 97.650993 97.650993 97.650993 97.650993 97.650993 91.542282 66.774544 81.036049 66.774544 66.774544 66.774544 66.774544 86.850571 5.237993 66.774544 2.885011 5.237993 2.885011 74.275513 66.774544 74.275513 66.774544 5.237993 5.237993 0.000000 0.000000 0.000000 0.000000 0.000000 0.000000 0.000000 0.000000 0.000000 0.000000 0.000000 0.000000 0.000000 0.000000 0.000000 0.000000 
97.650993 97.650993 74.968361 97.650993 97.650993 97.650993 97.650993 97.650993 97.650993 97.650993 97.650993 97.650993 97.650993 97.650993 97.478539 97.650993 97.650993 97.024979 97.650993 91.542282 97.650993 97.478539 97.650993 97.650993 86.850571 97.650993 97.478539 91.542282 86.850571 86.850571 74.275513 94.968483 66.774544 5.237993 5.237993 5.237993 8.863339 66.774544 66.774544 66.774544 5.237993 66.774544 66.774544 66.774544 66.774544 2.082940 66.774544 5.237993 0.000000 0.000000 0.000000 0.000000 0.000000 0.000000 0.000000 0.000000 0.000000 0.000000 0.000000 0.000000 
0.000000 67.526497 81.647469 74.968361 67.526497 97.650993 95.231796 97.650993 67.526497 97.541306 97.650993 97.650993 97.650993 97.650993 97.650993 97.650993 97.650993 97.650993 97.650993 97.650993 97.650993 97.650993 94.968483 94.968483 97.650993 97.650993 81.036049 97.650993 97.650993 97.478539 91.542282 97.650993 97.650993 97.650993 97.650993 86.850571 74.275513 74.275513 74.275513 66.774544 66.774544 74.275513 66.774544 66.774544 74.275513 2.082940 66.774544 2.885011 66.774544 2.885011 66.774544 66.774544 0.000000 0.000000 0.000000 0.000000 0.000000 0.000000 0.000000 0.000000 
0.000000 0.000000 74.968361 67.526497 74.968361 81.647469 97.650993 67.526497 67.526497 74.968361 67.526497 67.526497 97.650993 67.526497 81.647469 81.647469 97.650993 97.650993 91.935394 74.968361 97.650993 97.650993 97.650993 97.650993 97.650993 97.650993 97.650993 97.650993 97.650993 97.650993 97.650993 97.650993 97.650993 97.650993 97.650993 97.650993 97.650993 81.036049 97.650993 86.850571 97.650993 91.542282 66.774544 74.275513 66.774544 66.774544 8.863339 66.774544 5.237993 1.578936 5.237993 2.885011 5.237993 66.774544 0.000000 0.000000 0.000000 0.000000 0.000000 0.000000 
0.000000 0.000000 0.000000 0.000000 0.000000 67.526497 74.968361 67.526497 67.526497 67.526497 74.968361 74.968361 67.526497 74.968361 74.968361 81.647469 67.526497 74.968361 67.526497 97.650993 67.526497 97.650993 97.150124 74.968361 87.360985 97.650993 74.968361 95.231796 97.650993 97.650993 97.650993 97.650993 97.650993 97.650993 97.650993 97.650993 86.850571 97.650993 97.650993 97.478539 97.650993 97.650993 97.478539 94.968483 97.650993 97.650993 66.774544 86.850571 91.542282 5.237993 5.237993 2.885011 5.237993 58.761261 1.578936 1.578936 2.082940 0.000000 0.000000 0.000000 
0.000000 0.000000 0.000000 0.000000 0.000000 0.000000 0.000000 67.526497 74.968361 74.968361 67.526497 67.526497 67.526497 74.968361 74.968361 67.526497 67.526497 67.526497 74.968361 74.968361 74.968361 81.647469 67.526497 74.968361 91.935394 67.526497 67.526497 74.968361 95.231796 74.968361 74.968361 67.526497 67.526497 74.968361 97.650993 74.968361 97.650993 97.650993 95.231796 97.650993 97.650993 97.650993 97.650993 97.650993 97.650993 97.650993 97.650993 97.650993 97.650993 97.650993 86.850571 66.774544 74.275513 66.774544 1.578936 66.774544 2.885011 1.159449 0.000000 0.000000 
0.000000 0.000000 0.000000 0.000000 0.000000 0.000000 0.000000 0.000000 0.000000 0.000000 67.526497 74.968361 67.526497 67.526497 74.968361 74.968361 74.968361 67.526497 74.968361 74.968361 67.526497 74.968361 74.968361 67.526497 67.526497 74.968361 67.526497 67.526497 91.935394 74.968361 67.526497 67.526497 74.968361 74.968361 67.526497 67.526497 67.526497 67.526497 74.968361 67.526497 97.650993 67.526497 97.650993 97.650993 87.360985 97.650993 81.647469 97.650993 97.650993 97.650993 97.650993 97.650993 97.650993 97.650993 97.650993 97.478539 66.774544 66.774544 2.082940 0.000000 
0.000000 0.000000 0.000000 0.000000 0.000000 0.000000 0.000000 0.000000 0.000000 0.000000 0.000000 0.000000 0.000000 0.000000 67.526497 67.526497 67.526497 67.526497 67.526497 67.526497 67.526497 74.968361 67.526497 74.968361 67.526497 74.968361 67.526497 67.526497 67.526497 67.526497 67.526497 67.526497 67.526497 67.526497 74.968361 67.526497 74.968361 67.526497 74.968361 67.526497 74.968361 67.526497 67.526497 67.526497 74.968361 74.968361 74.968361 67.526497 74.968361 74.968361 67.526497 67.526497 74.968361 74.968361 97.650993 97.650993 97.650993 97.650993 -1.000000 1.159449 
0.000000 0.000000 0.000000 0.000000 0.000000 0.000000 0.000000 0.000000 0.000000 0.000000 0.000000 0.000000 0.000000 0.000000 0.000000 0.000000 0.000000 0.000000 74.968361 67.526497 74.968361 67.526497 74.968361 67.526497 74.968361 67.526497 74.968361 74.968361 74.968361 74.968361 74.968361 74.968361 74.968361 74.968361 67.526497 74.968361 67.526497 74.968361 67.526497 67.526497 67.526497 67.526497 67.526497 67.526497 67.526497 74.968361 74.968361 67.526497 67.526497 67.526497 67.526497 67.526497 42.958691 67.526497 42.958691 51.274872 42.958691 1.578936 1.130712 0.000000 
0.000000 0.000000 0.000000 0.000000 0.000000 0.000000 0.000000 0.000000 0.000000 0.000000 0.000000 0.000000 0.000000 0.000000 0.000000 0.000000 0.000000 0.000000 0.000000 0.000000 0.000000 0.000000 0.000000 0.000000 0.000000 67.526497 67.526497 67.526497 67.526497 67.526497 67.526497 67.526497 67.526497 67.526497 67.526497 74.968361 67.526497 67.526497 67.526497 67.526497 67.526497 74.968361 67.526497 67.526497 67.526497 67.526497 67.526497 67.526497 67.526497 42.958691 42.958691 42.958691 42.958691 34.851925 34.851925 34.851925 1.130712 0.000000 0.000000 0.000000 
0.000000 0.000000 0.000000 0.000000 0.000000 0.000000 0.000000 0.000000 0.000000 0.000000 0.000000 0.000000 0.000000 0.000000 0.000000 0.000000 0.000000 0.000000 0.000000 0.000000 0.000000 0.000000 0.000000 0.000000 0.000000 0.000000 0.000000 0.000000 0.000000 0.000000 0.000000 0.000000 0.000000 0.000000 0.000000 0.000000 0.000000 67.526497 34.851925 67.526497 67.526497 34.851925 67.526497 34.851925 34.851925 51.274872 42.958691 27.200777 42.958691 34.851925 1.578936 0.000000 0.000000 0.000000 0.000000 0.000000 0.000000 0.000000 0.000000 0.000000 
