test/output/constant/M370_S060_A090_WD135.0_WS010.0/M370_S060_A090_WD135.0_WS010.0_arrival.asc
ncols         12
nrows         33
xllcorner     425703.990666
yllcorner     12745655.311160
cellsize      100.000000
NODATA_value  0.000000
0.000000 0.000000 0.000000 0.000000 0.000000 0.000000 0.000000 0.000000 166.037754 166.027791 166.040900 0.000000 
0.000000 0.000000 0.000000 0.000000 0.000000 0.000000 0.000000 166.035657 166.006817 166.000000 166.018353 0.000000 
0.000000 0.000000 0.000000 0.000000 0.000000 0.000000 0.000000 166.018877 166.002622 166.001049 166.014158 0.000000 
0.000000 0.000000 0.000000 0.000000 0.000000 0.000000 166.029889 166.011012 166.002622 166.002097 166.014158 0.000000 
0.000000 0.000000 0.000000 0.000000 0.000000 166.041667 166.021499 166.007865 166.003671 166.003671 166.015206 166.041425 
0.000000 0.000000 0.000000 0.000000 0.000000 166.031986 166.016255 166.007341 166.005244 166.005244 166.016780 166.040376 
0.000000 0.000000 0.000000 0.000000 0.000000 166.026218 166.013109 166.007341 166.006292 166.007341 166.018353 166.040376 
0.000000 0.000000 0.000000 0.000000 166.036705 166.021499 166.012585 166.007865 166.007865 166.009963 166.020974 166.040900 
0.000000 0.000000 0.000000 0.000000 166.030937 166.018877 166.012060 166.008914 166.008914 166.012060 166.022548 0.000000 
0.000000 0.000000 0.000000 166.040900 166.027267 166.017828 166.012060 166.010487 166.010487 166.014158 166.025169 0.000000 
0.000000 0.000000 0.000000 166.036181 166.024645 166.017304 166.012585 166.012060 166.012060 166.016255 166.027267 0.000000 
0.000000 0.000000 0.000000 166.032510 166.023072 166.017304 166.013633 166.013109 166.014158 166.018877 166.029889 0.000000 
0.000000 0.000000 0.000000 166.029889 166.022548 166.017304 166.014682 166.014682 166.016255 166.020974 166.031986 0.000000 
0.000000 0.000000 166.038278 166.028316 166.022023 166.017304 166.015731 166.015731 166.017828 166.023072 166.034084 0.000000 
0.000000 0.000000 166.035657 166.027791 166.022023 166.018353 166.017304 166.017304 166.019926 166.025694 166.036705 0.000000 
0.000000 0.000000 166.034084 166.027267 166.022023 166.018877 166.018877 166.018877 166.022023 166.027791 166.038803 0.000000 
0.000000 166.041425 166.033035 166.026742 166.022548 166.019926 166.019926 166.020974 166.024121 166.030413 166.040900 0.000000 
0.000000 166.039327 166.032510 166.026742 166.023072 166.021499 166.021499 166.022548 166.026218 166.032510 0.000000 0.000000 
0.000000 166.038278 166.031986 166.026742 166.023596 166.022548 166.022548 166.024645 166.028316 166.034608 0.000000 0.000000 
0.000000 166.037230 166.031462 166.027267 166.024645 166.024121 166.024121 166.026218 166.030937 166.037230 0.000000 0.000000 
0.000000 166.037230 166.031462 166.027791 166.025694 166.025694 166.025694 166.028316 166.033035 166.039327 0.000000 0.000000 
0.000000 166.036705 166.031462 166.028316 166.026742 166.026742 166.027791 166.030413 166.035132 166.041425 0.000000 0.000000 
0.000000 166.036705 166.031986 166.029364 166.028316 166.028316 166.029364 166.032510 166.037230 0.000000 0.000000 0.000000 
166.041667 166.036181 166.032510 166.029889 166.029364 166.029889 166.030937 166.034608 166.039852 0.000000 0.000000 0.000000 
166.041425 166.036181 166.033035 166.030937 166.030937 166.030937 166.033035 166.036705 0.000000 0.000000 0.000000 0.000000 
166.041425 166.036705 166.033559 166.032510 166.032510 166.032510 166.035132 166.038803 0.000000 0.000000 0.000000 0.000000 
166.040900 166.037230 166.034608 166.033559 166.033559 166.034608 166.036705 166.040900 0.000000 0.000000 0.000000 0.000000 
166.040900 166.037754 166.035657 166.035132 166.035132 166.036181 166.038803 0.000000 0.000000 0.000000 0.000000 0.000000 
166.041425 166.038278 166.036705 166.036181 166.036705 166.037754 166.040900 0.000000 0.000000 0.000000 0.000000 0.000000 
0.000000 166.038803 166.037754 166.037754 166.037754 166.039852 0.000000 0.000000 0.000000 0.000000 0.000000 0.000000 
0.000000 166.039852 166.039327 166.039327 166.039327 166.041425 0.000000 0.000000 0.000000 0.000000 0.000000 0.000000 
0.000000 166.040900 166.040376 166.040376 166.041425 0.000000 0.000000 0.000000 0.000000 0.000000 0.000000 0.000000 
0.000000 0.000000 166.041667 166.041667 0.000000 0.000000 0.000000 0.000000 0.000000 0.000000 0.000000 0.000000 
