test/output/constant/M370_S060_A090_WD135.0_WS010.0/M370_S060_A090_WD135.0_WS010.0_intensity.asc
ncols         12
nrows         33
xllcorner     425703.990666
yllcorner     12745655.311160
cellsize      100.000000
NODATA_value  0.000000
0 0 0 0 0 0 0 0 1537 1537 1064 0 
0 0 0 0 0 0 0 1125 1644 0 1232 0 
0 0 0 0 0 0 0 1773 38439 45046 14829 0 
0 0 0 0 0 0 1125 1537 45046 45046 11532 0 
0 0 0 0 0 1773 1537 32240 45046 25849 8595 18386 
0 0 0 0 0 3862 1644 38439 45046 41410 11532 11532 
0 0 0 0 0 1773 32240 40906 45046 43217 25849 14829 
0 0 0 0 1644 32240 32240 45046 41410 22097 22097 18386 
0 0 0 0 32240 28696 42845 45046 43217 11532 25849 0 
0 0 0 24996 3862 3862 40906 45046 44427 25849 8595 0 
0 0 0 28696 3862 32240 45046 45046 39059 25849 25849 0 
0 0 0 32240 3862 3862 40906 45046 25849 14829 14829 0 
0 0 0 32240 1773 45046 45046 41410 22097 25849 11532 0 
0 0 32240 32240 32240 44199 45046 43217 25849 25849 25849 0 
0 0 28696 1773 45046 45046 45046 44427 25849 18386 18386 0 
0 0 3862 3862 45046 45046 39059 25849 25849 25849 25849 0 
0 3862 1644 32240 45046 45003 45046 18386 25849 22097 25849 0 
0 32240 2564 45046 45046 45046 45046 25849 25849 8595 0 0 
0 5703 32240 45046 45046 45046 45046 8595 25849 25849 0 0 
0 32240 44199 45046 44199 45046 44427 25849 11532 14829 0 0 
0 1773 45046 45046 45046 33028 45003 25849 11532 25849 0 0 
0 32240 45046 45046 45046 39059 41410 22097 25849 25849 0 0 
0 2564 45046 45046 45046 45046 25849 8595 25849 0 0 0 
5703 44926 45046 45046 45046 25849 45046 25849 18386 0 0 0 
32240 45046 45046 45046 45046 43217 25849 14829 0 0 0 0 
3862 45046 45046 45046 18386 45046 22097 14829 0 0 0 0 
38439 45046 45046 45046 45046 22097 29530 11532 0 0 0 0 
44199 45046 40906 45046 36237 8595 25849 0 0 0 0 0 
45046 45046 45046 45046 45046 33028 14829 0 0 0 0 0 
0 44199 45003 45046 44427 11532 0 0 0 0 0 0 
0 45046 45046 45046 45046 25849 0 0 0 0 0 0 
0 45046 45046 45046 14829 0 0 0 0 0 0 0 
0 0 45046 29530 0 0 0 0 0 0 0 0 
