test/output/constant/M190_S060_A000_WD090.0_WS030.0/M190_S060_A000_WD090.0_WS030.0_arrival.asc
ncols         40
nrows         7
xllcorner     422703.990666
yllcorner     12748455.311160
cellsize      100.000000
NODATA_value  0.000000
0.000000 0.000000 0.000000 0.000000 0.000000 0.000000 0.000000 0.000000 0.000000 0.000000 0.000000 0.000000 166.041387 166.040534 166.039681 166.039254 166.038401 166.038401 166.038401 166.038401 166.038827 166.038827 166.039254 166.039681 166.040534 0.000000 0.000000 0.000000 0.000000 0.000000 0.000000 0.000000 0.000000 0.000000 0.000000 0.000000 0.000000 0.000000 0.000000 0.000000 
0.000000 0.000000 0.000000 0.000000 166.040961 166.040107 166.039254 166.038401 166.037121 166.036267 166.035414 166.034134 166.033281 166.032427 166.031574 166.030720 166.029867 166.029014 166.028160 166.027307 166.026880 166.026027 166.025174 166.024747 166.023894 166.023040 166.023040 166.023040 166.023467 166.023894 166.024320 166.025600 166.027307 166.029867 166.033707 166.040961 0.000000 0.000000 0.000000 0.000000 
0.000000 166.041387 166.040107 166.039254 166.037974 166.037121 166.035841 166.034987 166.033707 166.032854 166.031574 166.030720 166.029440 166.028587 166.027307 166.026454 166.025600 166.024320 166.023467 166.022187 166.021334 166.020054 166.019200 166.017920 166.017067 166.016214 166.014934 166.014080 166.012800 166.011947 166.011094 166.010240 166.009387 166.008533 166.008107 166.007680 166.008107 166.009813 166.015787 0.000000 
166.041387 166.040107 166.039254 166.037974 166.037121 166.035841 166.034987 166.033707 166.032854 166.031574 166.030720 166.029440 166.028587 166.027307 166.026454 166.025174 166.024320 166.023040 166.022187 166.020907 166.020054 166.018774 166.017920 166.016640 166.015787 166.014507 166.013654 166.012374 166.011520 166.010240 166.009387 166.008107 166.007253 166.005973 166.005120 166.003840 166.002987 166.001707 166.000853 166.000000 
0.000000 166.041387 166.040107 166.039254 166.037974 166.037121 166.035841 166.034987 166.033707 166.032854 166.031574 166.030720 166.029440 166.028587 166.027307 166.026454 166.025600 166.024320 166.023467 166.022187 166.021334 166.020054 166.019200 166.017920 166.017067 166.016214 166.014934 166.014080 166.012800 166.011947 166.011094 166.010240 166.009387 166.008533 166.008107 166.007680 166.008107 166.009813 166.015787 0.000000 
0.000000 0.000000 0.000000 0.000000 166.040961 166.040107 166.039254 166.038401 166.037121 166.036267 166.035414 166.034134 166.033281 166.032427 166.031574 166.030720 166.029867 166.029014 166.028160 166.027307 166.026880 166.026027 166.025174 166.024747 166.023894 166.023040 166.023040 166.023040 166.023467 166.023894 166.024320 166.025600 166.027307 166.029867 166.033707 166.040961 0.000000 0.000000 0.000000 0.000000 
0.000000 0.000000 0.000000 0.000000 0.000000 0.000000 0.000000 0.000000 0.000000 0.000000 0.000000 0.000000 166.041387 166.040534 166.039681 166.039254 166.038401 166.038401 166.038401 166.038401 166.038827 166.038827 166.039254 166.039681 166.040534 0.000000 0.000000 0.000000 0.000000 0.000000 0.000000 0.000000 0.000000 0.000000 0.000000 0.000000 0.000000 0.000000 0.000000 0.000000 
