test/output/constant/M385_S060_A180_WD180.0_WS005.0/M385_S060_A180_WD180.0_WS005.0_arrival.asc
ncols         50
nrows         12
xllcorner     426503.990666
yllcorner     12748555.311160
cellsize      100.000000
NODATA_value  0.000000
0.000000 0.000000 0.000000 0.000000 0.000000 0.000000 0.000000 0.000000 0.000000 0.000000 0.000000 0.000000 0.000000 0.000000 0.000000 0.000000 0.000000 0.000000 0.000000 0.000000 0.000000 0.000000 0.000000 0.000000 0.000000 0.000000 0.000000 0.000000 0.000000 0.000000 0.000000 166.041397 166.041397 166.041397 166.041057 166.041057 166.041057 166.041057 166.041057 166.041057 166.041057 166.041397 166.041397 166.041667 0.000000 0.000000 0.000000 0.000000 0.000000 0.000000 
0.000000 0.000000 0.000000 0.000000 0.000000 0.000000 0.000000 0.000000 0.000000 0.000000 0.000000 0.000000 0.000000 0.000000 0.000000 0.000000 0.000000 0.000000 0.000000 0.000000 0.000000 0.000000 0.000000 166.040718 166.039361 166.038343 166.037664 166.036986 166.036646 166.036307 166.036307 166.036307 166.036307 166.036307 166.036307 166.036307 166.036307 166.036646 166.036646 166.036986 166.037664 166.038004 166.038343 166.039022 166.039361 166.040039 166.040718 166.041057 166.041667 0.000000 
0.000000 0.000000 0.000000 0.000000 0.000000 0.000000 0.000000 0.000000 0.000000 0.000000 0.000000 0.000000 0.000000 0.000000 0.000000 0.000000 0.000000 166.041057 166.038682 166.036986 166.035289 166.033932 166.032914 166.032235 166.031896 166.031557 166.031557 166.031557 166.031557 166.031557 166.031557 166.031557 166.031557 166.031896 166.032235 166.032574 166.032914 166.033592 166.033932 166.034610 166.035289 166.035628 166.036307 166.036986 166.037664 166.038343 166.039022 166.039700 166.040379 166.041057 
0.000000 0.000000 0.000000 0.000000 0.000000 0.000000 0.000000 0.000000 0.000000 0.000000 0.000000 0.000000 0.000000 166.038682 166.035968 166.033253 166.031557 166.029860 166.028842 166.027824 166.027145 166.026806 166.026806 166.026467 166.026467 166.026806 166.026806 166.026806 166.027145 166.027145 166.027824 166.028163 166.028503 166.029181 166.029860 166.030199 166.030878 166.031557 166.032235 166.032914 166.033592 166.034271 166.035289 166.035968 166.036646 166.037664 166.038343 166.039361 166.040039 166.041057 
0.000000 0.000000 0.000000 0.000000 0.000000 0.000000 0.000000 0.000000 0.000000 166.039700 166.034610 166.031217 166.028163 166.026127 166.024431 166.023413 166.022395 166.022056 166.022056 166.021716 166.021716 166.021716 166.022056 166.022056 166.022395 166.022734 166.023413 166.023752 166.024431 166.024770 166.025449 166.026127 166.026806 166.027485 166.028163 166.029181 166.029860 166.030539 166.031557 166.032574 166.033253 166.034271 166.034950 166.035968 166.036646 166.037664 166.038343 166.039361 166.040039 166.041057 
0.000000 0.000000 0.000000 0.000000 0.000000 0.000000 166.038343 166.031557 166.026467 166.023074 166.021038 166.019002 166.017984 166.017305 166.016966 166.016966 166.016966 166.016966 166.017305 166.017305 166.017984 166.018323 166.019002 166.019341 166.020020 166.020698 166.021377 166.022056 166.023074 166.023752 166.024770 166.025449 166.026467 166.027145 166.028163 166.028842 166.029860 166.030539 166.031557 166.032574 166.033253 166.034271 166.035289 166.035968 166.036986 166.038004 166.039022 166.040039 166.040718 0.000000 
0.000000 0.000000 0.000000 0.000000 166.030878 166.024092 166.018662 166.015609 166.013912 166.012555 166.012215 166.012215 166.012215 166.012215 166.012555 166.012894 166.013573 166.013912 166.014591 166.015269 166.016287 166.016966 166.017645 166.018662 166.019341 166.020359 166.021377 166.022056 166.023074 166.023752 166.024770 166.025449 166.026467 166.027485 166.028503 166.029181 166.030199 166.031217 166.032235 166.033253 166.034271 166.035289 166.036307 166.037325 166.038343 166.039361 166.040379 166.041667 0.000000 0.000000 
0.000000 0.000000 166.027145 166.016287 166.010519 166.008483 166.007465 166.007465 166.007465 166.007465 166.008144 166.008483 166.009162 166.010180 166.010858 166.011876 166.012555 166.013573 166.014251 166.015269 166.015948 166.016966 166.017645 166.018662 166.019680 166.020698 166.021377 166.022395 166.023413 166.024431 166.025788 166.026467 166.027485 166.028842 166.029860 166.030878 166.031896 166.032914 166.034271 166.035289 166.036307 166.037325 166.038682 166.039700 166.040718 0.000000 0.000000 0.000000 0.000000 0.000000 
0.000000 166.010519 166.003054 166.002715 166.002715 166.003054 166.004072 166.004750 166.005768 166.006447 166.007465 166.008483 166.009162 166.010180 166.010858 166.011876 166.012894 166.013573 166.014930 166.015948 166.016966 166.017984 166.019002 166.020020 166.021038 166.022395 166.023413 166.024431 166.025788 166.026806 166.027824 166.029181 166.030199 166.031217 166.032574 166.033592 166.034610 166.035968 166.036986 166.038004 166.039361 166.040379 166.041667 0.000000 0.000000 0.000000 0.000000 0.000000 0.000000 0.000000 
166.041667 166.000000 166.000679 166.001357 166.002375 166.003054 166.004072 166.005090 166.006108 166.007126 166.008144 166.009501 166.010519 166.011537 166.012894 166.013912 166.015269 166.016287 166.017305 166.018662 166.019680 166.021038 166.022056 166.023413 166.024431 166.025788 166.026806 166.028163 166.029181 166.030539 166.031557 166.032914 166.033932 166.035289 166.036307 166.037325 166.038682 166.039700 166.041057 0.000000 0.000000 0.000000 0.000000 0.000000 0.000000 0.000000 0.000000 0.000000 0.000000 0.000000 
0.000000 166.017984 166.010858 166.009840 166.009501 166.009840 166.010519 166.011537 166.012215 166.013233 166.014251 166.015269 166.016287 166.017305 166.018662 166.019680 166.020698 166.021716 166.022734 166.024092 166.025110 166.026127 166.027485 166.028503 166.029860 166.030878 166.032235 166.033253 166.034610 166.035628 166.036986 166.038004 166.039361 166.040379 166.041667 0.000000 0.000000 0.000000 0.000000 0.000000 0.000000 0.000000 0.000000 0.000000 0.000000 0.000000 0.000000 0.000000 0.000000 0.000000 
0.000000 0.000000 0.000000 166.039700 166.032574 166.029860 166.028503 166.027485 166.027145 166.027485 166.027485 166.027485 166.028163 166.028842 166.029521 166.030539 166.031217 166.032235 166.032914 166.033932 166.034610 166.035628 166.036646 166.037664 166.038682 166.039361 166.040379 166.041397 0.000000 0.000000 0.000000 0.000000 0.000000 0.000000 0.000000 0.000000 0.000000 0.000000 0.000000 0.000000 0.000000 0.000000 0.000000 0.000000 0.000000 0.000000 0.000000 0.000000 0.000000 0.000000 
