test/output/constant/M3M485_S000_A180_WD180.0_WS025.0/M3M485_S000_A180_WD180.0_WS025.0_arrival.asc
ncols         9
nrows         30
xllcorner     426203.990666
yllcorner     12748655.311160
cellsize      100.000000
NODATA_value  0.000000
0.000000 0.000000 0.000000 0.000000 166.041524 0.000000 0.000000 0.000000 0.000000 
0.000000 0.000000 166.041524 166.040321 166.040321 166.040321 166.041524 0.000000 0.000000 
0.000000 0.000000 166.040321 166.039117 166.038515 166.039117 166.040321 0.000000 0.000000 
0.000000 166.041524 166.039117 166.037312 166.037312 166.037312 166.039117 166.041524 0.000000 
0.000000 166.039719 166.037312 166.036108 166.035506 166.036108 166.037312 166.039719 0.000000 
0.000000 166.038515 166.036108 166.034303 166.034303 166.034303 166.036108 166.038515 0.000000 
166.041524 166.037312 166.034303 166.033099 166.032497 166.033099 166.034303 166.037312 166.041524 
166.040321 166.035506 166.033099 166.031294 166.031294 166.031294 166.033099 166.035506 166.040321 
166.039117 166.034303 166.031896 166.030090 166.029488 166.030090 166.031896 166.034303 166.039117 
166.038515 166.033099 166.030090 166.028285 166.028285 166.028285 166.030090 166.033099 166.038515 
166.037312 166.031896 166.028887 166.027081 166.026479 166.027081 166.028887 166.031896 166.037312 
166.036108 166.031294 166.027081 166.025276 166.025276 166.025276 166.027081 166.031294 166.036108 
166.035506 166.030090 166.025878 166.024072 166.023470 166.024072 166.025878 166.030090 166.035506 
166.034303 166.028887 166.024674 166.022267 166.022267 166.022267 166.024674 166.028887 166.034303 
166.034303 166.027683 166.023470 166.021063 166.020461 166.021063 166.023470 166.027683 166.034303 
166.033701 166.026479 166.021665 166.019258 166.019258 166.019258 166.021665 166.026479 166.033701 
166.033701 166.025878 166.020461 166.018054 166.017452 166.018054 166.020461 166.025878 166.033701 
166.033701 166.024674 166.019258 166.016851 166.016249 166.016851 166.019258 166.024674 166.033701 
166.033701 166.024674 166.018054 166.015045 166.014443 166.015045 166.018054 166.024674 166.033701 
166.033701 166.024072 166.017452 166.013841 166.013240 166.013841 166.017452 166.024072 166.033701 
166.034905 166.024072 166.016249 166.012036 166.011434 166.012036 166.016249 166.024072 166.034905 
166.035506 166.024072 166.015045 166.010832 166.010231 166.010832 166.015045 166.024072 166.035506 
166.037312 166.024674 166.014443 166.009629 166.008425 166.009629 166.014443 166.024674 166.037312 
166.039719 166.025276 166.014443 166.007823 166.007222 166.007823 166.014443 166.025276 166.039719 
0.000000 166.027081 166.014443 166.006620 166.005416 166.006620 166.014443 166.027081 0.000000 
0.000000 166.030090 166.015045 166.005416 166.004213 166.005416 166.015045 166.030090 0.000000 
0.000000 166.034303 166.016851 166.004814 166.002407 166.004814 166.016851 166.034303 0.000000 
0.000000 166.040923 166.021063 166.005416 166.001204 166.005416 166.021063 166.040923 0.000000 
0.000000 0.000000 166.027683 166.007823 166.000000 166.007823 166.027683 0.000000 0.000000 
0.000000 0.000000 0.000000 166.022267 166.015647 166.022267 0.000000 0.000000 0.000000 
