test/output/constant/M3M495_S060_A090_WD180.0_WS005.0/M3M495_S060_A090_WD180.0_WS005.0_raz.asc
ncols         11
nrows         47
xllcorner     426103.990666
yllcorner     12744255.311160
cellsize      100.000000
NODATA_value  0.000000
0 0 0 0 291 360 68 0 0 0 0 
0 0 0 0 291 65535 68 0 0 0 0 
0 0 0 270 231 180 171 90 0 0 0 
0 0 0 360 188 180 171 68 0 0 0 
0 0 270 190 184 180 174 169 90 0 0 
0 0 192 258 188 180 171 171 167 0 0 
0 0 188 188 184 180 175 171 171 0 0 
0 0 190 188 183 180 176 171 169 0 0 
0 270 231 187 180 180 176 174 171 171 0 
0 291 188 183 180 180 177 175 171 68 0 
0 258 188 185 183 180 176 169 171 171 0 
0 190 188 183 180 180 179 176 172 169 0 
0 231 188 184 182 180 177 175 169 172 0 
0 190 190 187 180 180 176 172 167 169 0 
0 188 188 180 180 180 174 176 177 171 0 
0 188 183 180 192 180 167 178 175 171 0 
247 188 188 185 180 180 179 174 171 167 171 
188 188 181 183 181 180 178 176 176 174 171 
190 188 185 184 180 180 177 175 174 172 169 
187 188 182 180 180 180 177 178 171 171 172 
188 190 184 180 192 180 167 177 175 169 171 
231 183 187 184 180 180 179 175 172 171 171 
188 185 183 185 185 180 174 174 176 174 172 
188 182 180 180 180 180 179 176 172 172 174 
188 190 184 180 182 180 177 177 175 169 174 
185 183 180 188 180 180 178 171 176 176 171 
190 184 188 180 181 180 174 177 171 175 169 
182 180 185 180 180 180 174 175 174 169 174 
182 183 185 180 180 179 176 179 174 176 174 
184 185 187 180 180 180 177 176 172 174 175 
184 180 180 184 180 176 177 175 179 176 175 
185 188 180 180 180 180 177 179 177 171 174 
180 183 180 180 180 176 179 175 179 176 172 
190 181 180 187 180 180 177 172 167 178 169 
0 181 180 180 180 176 179 179 179 174 0 
0 180 180 180 180 180 177 174 176 176 0 
0 180 181 180 180 176 179 177 178 177 0 
0 187 180 180 180 180 177 172 177 172 0 
0 185 180 187 180 176 179 172 178 174 0 
0 187 180 180 180 180 177 177 174 172 0 
0 0 188 180 180 176 179 179 171 0 0 
0 0 180 180 180 180 177 178 179 0 0 
0 0 185 181 180 176 179 178 174 0 0 
0 0 0 180 180 180 177 177 0 0 0 
0 0 0 180 180 176 179 178 0 0 0 
0 0 0 180 180 180 177 180 0 0 0 
0 0 0 0 180 176 179 0 0 0 0 
