test/output/constant/M3M450_S060_A000_WD090.0_WS005.0/M3M450_S060_A000_WD090.0_WS005.0_arrival.asc
ncols         30
nrows         7
xllcorner     423703.990666
yllcorner     12748455.311160
cellsize      100.000000
NODATA_value  0.000000
0.000000 0.000000 0.000000 0.000000 0.000000 0.000000 0.000000 0.000000 166.041667 166.040707 166.039544 166.038963 166.037800 166.037800 166.037800 166.037800 166.037800 166.038381 166.038963 166.039544 166.041289 0.000000 0.000000 0.000000 0.000000 0.000000 0.000000 0.000000 0.000000 0.000000 
0.000000 0.000000 0.000000 166.041289 166.039544 166.038381 166.037218 166.035473 166.034310 166.033147 166.031984 166.030821 166.029658 166.028495 166.027332 166.026169 166.025587 166.024424 166.023261 166.022680 166.022680 166.022680 166.023261 166.023843 166.025587 166.027914 166.033147 0.000000 0.000000 0.000000 
0.000000 166.040707 166.039544 166.037800 166.036637 166.034892 166.033729 166.032566 166.030821 166.029658 166.027914 166.026750 166.025006 166.023843 166.022680 166.020935 166.019772 166.018028 166.016864 166.015120 166.013957 166.012794 166.011049 166.009886 166.009305 166.008141 166.007560 166.008141 166.010468 166.022098 
166.041667 166.040126 166.038963 166.037218 166.036055 166.034310 166.033147 166.031403 166.030240 166.028495 166.027332 166.025587 166.024424 166.022680 166.021517 166.019772 166.018609 166.016864 166.015701 166.013957 166.012794 166.011049 166.009886 166.008141 166.006978 166.005234 166.004071 166.002326 166.001163 166.000000 
0.000000 166.040707 166.039544 166.037800 166.036637 166.034892 166.033729 166.032566 166.030821 166.029658 166.027914 166.026750 166.025006 166.023843 166.022680 166.020935 166.019772 166.018028 166.016864 166.015120 166.013957 166.012794 166.011049 166.009886 166.009305 166.008141 166.007560 166.008141 166.010468 166.022098 
0.000000 0.000000 0.000000 166.041289 166.039544 166.038381 166.037218 166.035473 166.034310 166.033147 166.031984 166.030821 166.029658 166.028495 166.027332 166.026169 166.025587 166.024424 166.023261 166.022680 166.022680 166.022680 166.023261 166.023843 166.025587 166.027914 166.033147 0.000000 0.000000 0.000000 
0.000000 0.000000 0.000000 0.000000 0.000000 0.000000 0.000000 0.000000 166.041667 166.040707 166.039544 166.038963 166.037800 166.037800 166.037800 166.037800 166.037800 166.038381 166.038963 166.039544 166.041289 0.000000 0.000000 0.000000 0.000000 0.000000 0.000000 0.000000 0.000000 0.000000 
