test/output/constant/M3M4100_S060_A270_WD045.0_WS010.0/M3M4100_S060_A270_WD045.0_WS010.0_arrival.asc
ncols         15
nrows         46
xllcorner     425403.990666
yllcorner     12748655.311160
cellsize      100.000000
NODATA_value  0.000000
0.000000 0.000000 166.041019 166.041019 166.041019 166.041667 0.000000 0.000000 0.000000 0.000000 0.000000 0.000000 0.000000 0.000000 0.000000 
0.000000 166.041382 166.040293 166.039930 166.039930 166.040656 0.000000 0.000000 0.000000 0.000000 0.000000 0.000000 0.000000 0.000000 0.000000 
0.000000 166.040656 166.039567 166.039204 166.039204 166.039567 166.040656 0.000000 0.000000 0.000000 0.000000 0.000000 0.000000 0.000000 0.000000 
0.000000 166.040293 166.038841 166.038115 166.038115 166.038478 166.039567 166.041382 0.000000 0.000000 0.000000 0.000000 0.000000 0.000000 0.000000 
0.000000 166.039567 166.038115 166.037389 166.037026 166.037389 166.038115 166.040293 0.000000 0.000000 0.000000 0.000000 0.000000 0.000000 0.000000 
0.000000 166.039204 166.037389 166.036300 166.036300 166.036300 166.037026 166.038841 166.041382 0.000000 0.000000 0.000000 0.000000 0.000000 0.000000 
166.041667 166.038841 166.037026 166.035574 166.035211 166.035211 166.035937 166.037389 166.039930 0.000000 0.000000 0.000000 0.000000 0.000000 0.000000 
166.041667 166.038478 166.036300 166.034848 166.034485 166.034485 166.034848 166.036300 166.038478 166.041382 0.000000 0.000000 0.000000 0.000000 0.000000 
166.041667 166.038478 166.035937 166.034122 166.033396 166.033396 166.033759 166.034848 166.037389 166.039930 0.000000 0.000000 0.000000 0.000000 0.000000 
166.041667 166.038115 166.035574 166.033396 166.032670 166.032670 166.032670 166.033759 166.035937 166.038478 0.000000 0.000000 0.000000 0.000000 0.000000 
0.000000 166.038115 166.035211 166.033033 166.031944 166.031581 166.031581 166.032670 166.034485 166.037026 166.041019 0.000000 0.000000 0.000000 0.000000 
0.000000 166.038115 166.034848 166.032307 166.030855 166.030492 166.030492 166.031218 166.033033 166.035937 166.039567 0.000000 0.000000 0.000000 0.000000 
0.000000 166.038115 166.034485 166.031944 166.030129 166.029766 166.029766 166.030129 166.031944 166.034485 166.038115 0.000000 0.000000 0.000000 0.000000 
0.000000 166.038478 166.034485 166.031581 166.029766 166.029040 166.028677 166.029040 166.030492 166.033033 166.036300 166.041019 0.000000 0.000000 0.000000 
0.000000 166.038478 166.034485 166.031218 166.029040 166.027951 166.027951 166.027951 166.029403 166.031581 166.034848 166.039567 0.000000 0.000000 0.000000 
0.000000 166.038841 166.034485 166.031218 166.028314 166.027225 166.026862 166.026862 166.027951 166.030129 166.033396 166.037752 0.000000 0.000000 0.000000 
0.000000 166.039204 166.034848 166.030855 166.028314 166.026499 166.025773 166.026136 166.026862 166.028677 166.031944 166.036300 166.041667 0.000000 0.000000 
0.000000 166.039567 166.034848 166.030855 166.027951 166.025773 166.025047 166.025047 166.025773 166.027588 166.030492 166.034848 166.039930 0.000000 0.000000 
0.000000 166.040293 166.035211 166.030855 166.027588 166.025047 166.024321 166.023958 166.024321 166.026136 166.029040 166.033033 166.038478 0.000000 0.000000 
0.000000 166.041382 166.035574 166.031218 166.027225 166.024684 166.023232 166.023232 166.023595 166.024684 166.027588 166.031581 166.036663 0.000000 0.000000 
0.000000 0.000000 166.036300 166.031218 166.027225 166.024321 166.022506 166.022143 166.022143 166.023595 166.026136 166.030129 166.035211 0.000000 0.000000 
0.000000 0.000000 166.037026 166.031581 166.027225 166.023958 166.021780 166.021417 166.021417 166.022143 166.024684 166.028314 166.033396 0.000000 0.000000 
0.000000 0.000000 166.038115 166.031944 166.027588 166.023595 166.021417 166.020328 166.020328 166.021054 166.023232 166.026862 166.031944 166.040656 0.000000 
0.000000 0.000000 166.039567 166.032670 166.027588 166.023595 166.020691 166.019602 166.019239 166.019965 166.021780 166.025410 166.030492 166.038841 0.000000 
0.000000 0.000000 166.041019 166.033759 166.027951 166.023595 166.020328 166.018513 166.018513 166.018876 166.020328 166.023958 166.028677 166.037389 0.000000 
0.000000 0.000000 0.000000 166.034848 166.028677 166.023958 166.020328 166.018150 166.017424 166.017424 166.019239 166.022143 166.027225 166.035574 0.000000 
0.000000 0.000000 0.000000 166.036300 166.029040 166.023958 166.019965 166.017424 166.016698 166.016698 166.017787 166.020691 166.025410 166.034122 0.000000 
0.000000 0.000000 0.000000 166.038478 166.030492 166.024321 166.019965 166.017061 166.015609 166.015609 166.016335 166.019239 166.023958 166.032307 0.000000 
0.000000 0.000000 0.000000 166.041019 166.031944 166.025047 166.020328 166.016698 166.014883 166.014883 166.015246 166.017787 166.022143 166.030855 0.000000 
0.000000 0.000000 0.000000 0.000000 166.033759 166.026136 166.020328 166.016335 166.014157 166.013794 166.014157 166.016335 166.020691 166.029403 166.040293 
0.000000 0.000000 0.000000 0.000000 166.036663 166.027588 166.020691 166.016335 166.013431 166.012705 166.013068 166.014883 166.019239 166.027588 166.039204 
0.000000 0.000000 0.000000 0.000000 166.039930 166.029040 166.021417 166.016698 166.013068 166.011979 166.011979 166.013431 166.017424 166.026136 166.037752 
0.000000 0.000000 0.000000 0.000000 0.000000 166.031944 166.022869 166.016698 166.012705 166.010890 166.010890 166.011979 166.015972 166.024321 166.035937 
0.000000 0.000000 0.000000 0.000000 0.000000 166.035211 166.024684 166.017424 166.012705 166.010164 166.010164 166.010527 166.014157 166.022869 166.034848 
0.000000 0.000000 0.000000 0.000000 0.000000 166.039204 166.027225 166.018513 166.013068 166.009438 166.009075 166.009438 166.012705 166.021054 166.034122 
0.000000 0.000000 0.000000 0.000000 0.000000 0.000000 166.030492 166.019965 166.013068 166.009438 166.007986 166.008349 166.011253 166.019602 166.033033 
0.000000 0.000000 0.000000 0.000000 0.000000 0.000000 166.035211 166.022869 166.013794 166.009075 166.007260 166.007260 166.009438 166.018150 166.032307 
0.000000 0.000000 0.000000 0.000000 0.000000 0.000000 166.040656 166.026499 166.015246 166.009438 166.006171 166.006171 166.007986 166.016698 166.031581 
0.000000 0.000000 0.000000 0.000000 0.000000 0.000000 0.000000 166.031218 166.018150 166.009801 166.005808 166.005445 166.006534 166.014883 166.031218 
0.000000 0.000000 0.000000 0.000000 0.000000 0.000000 0.000000 166.037752 166.021780 166.010890 166.005445 166.004356 166.005082 166.013794 166.031581 
0.000000 0.000000 0.000000 0.000000 0.000000 0.000000 0.000000 0.000000 166.027951 166.013431 166.005808 166.003630 166.003630 166.012342 166.031218 
0.000000 0.000000 0.000000 0.000000 0.000000 0.000000 0.000000 0.000000 166.036663 166.018150 166.006171 166.002541 166.002541 166.011616 166.032307 
0.000000 0.000000 0.000000 0.000000 0.000000 0.000000 0.000000 0.000000 0.000000 166.026499 166.009075 166.002178 166.001452 166.011253 166.035937 
0.000000 0.000000 0.000000 0.000000 0.000000 0.000000 0.000000 0.000000 0.000000 166.039567 166.016698 166.002178 166.000726 166.011253 166.040656 
0.000000 0.000000 0.000000 0.000000 0.000000 0.000000 0.000000 0.000000 0.000000 0.000000 166.030855 166.005808 166.000000 166.014520 0.000000 
0.000000 0.000000 0.000000 0.000000 0.000000 0.000000 0.000000 0.000000 0.000000 0.000000 0.000000 166.033396 166.024684 166.036300 0.000000 
