test/output/constant/M3M485_S000_A180_WD270.0_WS050.0/M3M485_S000_A180_WD270.0_WS050.0_arrival.asc
ncols         54
nrows         9
xllcorner     426603.990666
yllcorner     12748355.311160
cellsize      100.000000
NODATA_value  0.000000
0.000000 0.000000 0.000000 0.000000 0.000000 0.000000 0.000000 0.000000 0.000000 0.000000 0.000000 0.000000 0.000000 0.000000 166.040321 166.039071 166.038133 166.037196 166.036571 166.035945 166.035633 166.035008 166.035008 166.034695 166.034695 166.034695 166.034695 166.034695 166.035008 166.035008 166.035633 166.035945 166.036571 166.037196 166.037508 166.038133 166.038758 166.039071 166.039696 166.040321 166.040946 166.041259 0.000000 0.000000 0.000000 0.000000 0.000000 0.000000 0.000000 0.000000 0.000000 0.000000 0.000000 0.000000 
0.000000 0.000000 0.000000 0.000000 0.000000 0.000000 166.040009 166.036258 166.032820 166.030944 166.028756 166.027819 166.026881 166.025943 166.025631 166.025005 166.025005 166.025005 166.024693 166.024693 166.025005 166.025318 166.025631 166.026256 166.026568 166.027193 166.027819 166.028131 166.028756 166.029381 166.030007 166.030632 166.030944 166.031569 166.032195 166.032820 166.033445 166.034070 166.034695 166.035320 166.035945 166.036883 166.037508 166.038133 166.038758 166.039696 166.040321 166.040946 166.041667 0.000000 0.000000 0.000000 0.000000 0.000000 
0.000000 0.000000 166.036258 166.026256 166.022192 166.019067 166.017191 166.016254 166.015316 166.015003 166.015003 166.015003 166.015003 166.015316 166.015941 166.016254 166.016879 166.017504 166.017816 166.018442 166.019067 166.019692 166.020317 166.020942 166.021567 166.022192 166.023130 166.023755 166.024380 166.025005 166.025943 166.026568 166.027193 166.028131 166.028756 166.029381 166.030319 166.030944 166.031569 166.032195 166.033132 166.033757 166.034695 166.035320 166.035945 166.036883 166.037508 166.038446 166.039071 166.040009 166.040634 166.041259 0.000000 0.000000 
166.018129 166.007814 166.005626 166.005001 166.005001 166.005314 166.005939 166.006564 166.007189 166.007814 166.008439 166.009377 166.010002 166.010627 166.011565 166.012190 166.012815 166.013753 166.014378 166.015316 166.015941 166.016879 166.017504 166.018442 166.019067 166.020004 166.020630 166.021567 166.022192 166.023130 166.023755 166.024693 166.025318 166.026256 166.026881 166.027819 166.028444 166.029381 166.030007 166.030632 166.031569 166.032195 166.033132 166.033757 166.034695 166.035320 166.036258 166.036883 166.037821 166.038446 166.039071 166.040009 166.040634 166.041572 
166.000000 166.000625 166.001250 166.002188 166.002813 166.003751 166.004376 166.005314 166.005939 166.006877 166.007502 166.008439 166.009064 166.010002 166.010627 166.011565 166.012190 166.013128 166.013753 166.014691 166.015316 166.016254 166.016879 166.017816 166.018442 166.019379 166.020004 166.020942 166.021567 166.022505 166.023130 166.024068 166.024693 166.025631 166.026256 166.027193 166.027819 166.028756 166.029381 166.030319 166.030944 166.031882 166.032507 166.033445 166.034070 166.035008 166.035633 166.036571 166.037196 166.038133 166.038758 166.039696 166.040321 166.041259 
166.018129 166.007814 166.005626 166.005001 166.005001 166.005314 166.005939 166.006564 166.007189 166.007814 166.008439 166.009377 166.010002 166.010627 166.011565 166.012190 166.012815 166.013753 166.014378 166.015316 166.015941 166.016879 166.017504 166.018442 166.019067 166.020004 166.020630 166.021567 166.022192 166.023130 166.023755 166.024693 166.025318 166.026256 166.026881 166.027819 166.028444 166.029381 166.030007 166.030632 166.031569 166.032195 166.033132 166.033757 166.034695 166.035320 166.036258 166.036883 166.037821 166.038446 166.039071 166.040009 166.040634 166.041572 
0.000000 0.000000 166.036258 166.026256 166.022192 166.019067 166.017191 166.016254 166.015316 166.015003 166.015003 166.015003 166.015003 166.015316 166.015941 166.016254 166.016879 166.017504 166.017816 166.018442 166.019067 166.019692 166.020317 166.020942 166.021567 166.022192 166.023130 166.023755 166.024380 166.025005 166.025943 166.026568 166.027193 166.028131 166.028756 166.029381 166.030319 166.030944 166.031569 166.032195 166.033132 166.033757 166.034695 166.035320 166.035945 166.036883 166.037508 166.038446 166.039071 166.040009 166.040634 166.041259 0.000000 0.000000 
0.000000 0.000000 0.000000 0.000000 0.000000 0.000000 166.040009 166.036258 166.032820 166.030944 166.028756 166.027819 166.026881 166.025943 166.025631 166.025005 166.025005 166.025005 166.024693 166.024693 166.025005 166.025318 166.025631 166.026256 166.026568 166.027193 166.027819 166.028131 166.028756 166.029381 166.030007 166.030632 166.030944 166.031569 166.032195 166.032820 166.033445 166.034070 166.034695 166.035320 166.035945 166.036883 166.037508 166.038133 166.038758 166.039696 166.040321 166.040946 166.041667 0.000000 0.000000 0.000000 0.000000 0.000000 
0.000000 0.000000 0.000000 0.000000 0.000000 0.000000 0.000000 0.000000 0.000000 0.000000 0.000000 0.000000 0.000000 0.000000 166.040321 166.039071 166.038133 166.037196 166.036571 166.035945 166.035633 166.035008 166.035008 166.034695 166.034695 166.034695 166.034695 166.034695 166.035008 166.035008 166.035633 166.035945 166.036571 166.037196 166.037508 166.038133 166.038758 166.039071 166.039696 166.040321 166.040946 166.041259 0.000000 0.000000 0.000000 0.000000 0.000000 0.000000 0.000000 0.000000 0.000000 0.000000 0.000000 0.000000 
