test/output/constant/M365_S060_A000_WD000.0_WS010.0/M365_S060_A000_WD000.0_WS010.0_ros.asc
ncols         37
nrows         13
xllcorner     423003.990666
yllcorner     12747655.311160
cellsize      100.000000
NODATA_value  0.000000
0.000000 0.000000 0.000000 0.000000 0.000000 0.000000 0.000000 0.000000 0.000000 0.000000 0.000000 0.000000 0.000000 0.000000 0.000000 0.000000 0.000000 0.000000 0.000000 0.000000 0.000000 0.000000 0.000000 0.000000 0.000000 0.000000 13.181098 22.425228 13.181098 27.541637 9.332190 9.332190 9.332190 13.181098 9.332190 6.157573 0.897094 
0.000000 0.000000 0.000000 0.000000 0.000000 0.000000 0.000000 0.000000 0.000000 0.000000 0.000000 0.000000 0.000000 0.000000 0.000000 0.000000 0.000000 0.000000 0.000000 22.425228 27.541637 9.332190 17.589684 22.425228 9.332190 27.541637 13.181098 17.589684 27.541637 27.541637 22.425228 27.541637 17.589684 6.157573 61.840637 61.840637 0.000000 
0.000000 0.000000 0.000000 0.000000 0.000000 0.000000 0.000000 0.000000 0.000000 0.000000 0.000000 0.000000 0.000000 0.000000 0.000000 0.000000 17.589684 27.541637 27.541637 22.425228 22.425228 22.425228 22.425228 9.332190 27.541637 13.181098 27.541637 17.589684 22.425228 27.541637 43.012550 61.840637 61.840637 61.840637 61.840637 46.718716 1.227812 
0.000000 0.000000 0.000000 0.000000 0.000000 0.000000 0.000000 0.000000 0.000000 0.000000 0.000000 0.000000 27.541637 43.012550 27.541637 22.425228 13.181098 27.541637 13.181098 32.784061 27.541637 47.688477 27.541637 27.541637 47.688477 22.425228 61.840637 61.840637 61.840637 61.840637 61.840637 61.840637 51.022625 46.718716 41.961243 1.543409 0.000000 
0.000000 0.000000 0.000000 0.000000 0.000000 0.000000 0.000000 0.000000 0.000000 0.000000 22.425228 9.332190 32.784061 27.541637 27.541637 61.551250 27.541637 27.541637 58.317577 37.993675 51.879623 27.541637 61.840637 61.840637 61.840637 61.840637 61.840637 61.840637 61.840637 51.022625 46.718716 2.029616 41.961243 41.961243 1.543409 0.000000 0.000000 
0.000000 0.000000 0.000000 0.000000 0.000000 0.000000 0.000000 27.541637 27.541637 60.369106 17.589684 27.541637 61.790863 27.541637 27.541637 22.425228 61.840637 13.181098 61.840637 61.840637 61.840637 61.840637 61.840637 61.840637 61.840637 61.840637 46.718716 51.022625 41.961243 3.474050 46.718716 41.961243 41.961243 0.000000 0.000000 0.000000 0.000000 
0.000000 0.000000 0.000000 0.000000 0.000000 13.181098 22.425228 17.589684 22.425228 22.425228 27.541637 27.541637 47.688477 51.879623 61.840637 61.840637 61.840637 61.840637 61.840637 61.840637 61.840637 61.840637 61.840637 51.022625 51.022625 46.718716 41.961243 3.474050 3.474050 1.543409 41.961243 0.000000 0.000000 0.000000 0.000000 0.000000 0.000000 
0.000000 0.000000 0.000000 47.688477 27.541637 27.541637 27.541637 51.879623 61.840637 51.879623 61.840637 61.840637 61.840637 61.840637 61.840637 61.840637 61.840637 61.840637 61.840637 61.840637 59.996025 51.022625 3.474050 41.961243 46.718716 5.701013 46.718716 41.961243 3.474050 0.000000 0.000000 0.000000 0.000000 0.000000 0.000000 0.000000 0.000000 
0.000000 0.000000 55.458851 27.541637 22.425228 60.369106 61.840637 61.840637 61.840637 61.840637 61.840637 61.840637 61.370663 61.840637 61.840637 61.840637 61.840637 51.022625 51.022625 46.718716 41.961243 1.543409 5.701013 1.543409 41.961243 3.474050 0.000000 0.000000 0.000000 0.000000 0.000000 0.000000 0.000000 0.000000 0.000000 0.000000 0.000000 
0.000000 61.840637 61.840637 61.840637 61.840637 61.840637 61.840637 61.840637 61.840637 61.840637 61.840637 61.840637 61.840637 61.840637 51.022625 3.474050 2.029616 3.474050 41.961243 5.701013 2.029616 3.474050 41.961243 0.000000 0.000000 0.000000 0.000000 0.000000 0.000000 0.000000 0.000000 0.000000 0.000000 0.000000 0.000000 0.000000 0.000000 
37.993675 61.840637 61.840637 61.840637 61.840637 61.840637 61.840637 61.840637 61.840637 61.840637 51.022625 61.700272 51.022625 51.022625 51.022625 1.227812 5.701013 41.961243 3.474050 5.701013 0.000000 0.000000 0.000000 0.000000 0.000000 0.000000 0.000000 0.000000 0.000000 0.000000 0.000000 0.000000 0.000000 0.000000 0.000000 0.000000 0.000000 
61.840637 61.840637 61.840637 61.840637 61.840637 61.840637 61.840637 61.840637 51.022625 51.022625 51.022625 2.029616 46.718716 41.961243 46.718716 46.718716 0.000000 0.000000 0.000000 0.000000 0.000000 0.000000 0.000000 0.000000 0.000000 0.000000 0.000000 0.000000 0.000000 0.000000 0.000000 0.000000 0.000000 0.000000 0.000000 0.000000 0.000000 
0.000000 0.000000 61.840637 61.840637 61.840637 51.022625 46.718716 51.022625 41.961243 46.718716 0.000000 0.000000 0.000000 0.000000 0.000000 0.000000 0.000000 0.000000 0.000000 0.000000 0.000000 0.000000 0.000000 0.000000 0.000000 0.000000 0.000000 0.000000 0.000000 0.000000 0.000000 0.000000 0.000000 0.000000 0.000000 0.000000 0.000000 
