test/output/constant/M365_S060_A000_WD000.0_WS010.0/M365_S060_A000_WD000.0_WS010.0_intensity.asc
ncols         37
nrows         13
xllcorner     423003.990666
yllcorner     12747655.311160
cellsize      100.000000
NODATA_value  0.000000
0 0 0 0 0 0 0 0 0 0 0 0 0 0 0 0 0 0 0 0 0 0 0 0 0 0 11153 18975 11153 23304 7896 7896 7896 11153 7896 5210 759 
0 0 0 0 0 0 0 0 0 0 0 0 0 0 0 0 0 0 0 18975 23304 7896 14883 18975 7896 23304 11153 14883 23304 23304 18975 23304 14883 5210 52327 52327 0 
0 0 0 0 0 0 0 0 0 0 0 0 0 0 0 0 14883 23304 23304 18975 18975 18975 18975 7896 23304 11153 23304 14883 18975 23304 36396 52327 52327 52327 52327 39532 1038 
0 0 0 0 0 0 0 0 0 0 0 0 23304 36396 23304 18975 11153 23304 11153 27740 23304 40352 23304 23304 40352 18975 52327 52327 52327 52327 52327 52327 43173 39532 35506 1305 0 
0 0 0 0 0 0 0 0 0 0 18975 7896 27740 23304 23304 52083 23304 23304 49346 32149 43899 23304 52327 52327 52327 52327 52327 52327 52327 43173 39532 1717 35506 35506 1305 0 0 
0 0 0 0 0 0 0 23304 23304 51082 14883 23304 52285 23304 23304 18975 52327 11153 52327 52327 52327 52327 52327 52327 52327 52327 39532 43173 35506 2939 39532 35506 35506 0 0 0 0 
0 0 0 0 0 11153 18975 14883 18975 18975 23304 23304 40352 43899 52327 52327 52327 52327 52327 52327 52327 52327 52327 43173 43173 39532 35506 2939 2939 1305 35506 0 0 0 0 0 0 
0 0 0 40352 23304 23304 23304 43899 52327 43899 52327 52327 52327 52327 52327 52327 52327 52327 52327 52327 50767 43173 2939 35506 39532 4824 39532 35506 2939 0 0 0 0 0 0 0 0 
0 0 46927 23304 18975 51082 52327 52327 52327 52327 52327 52327 51930 52327 52327 52327 52327 43173 43173 39532 35506 1305 4824 1305 35506 2939 0 0 0 0 0 0 0 0 0 0 0 
0 52327 52327 52327 52327 52327 52327 52327 52327 52327 52327 52327 52327 52327 43173 2939 1717 2939 35506 4824 1717 2939 35506 0 0 0 0 0 0 0 0 0 0 0 0 0 0 
32149 52327 52327 52327 52327 52327 52327 52327 52327 52327 43173 52209 43173 43173 43173 1038 4824 35506 2939 4824 0 0 0 0 0 0 0 0 0 0 0 0 0 0 0 0 0 
52327 52327 52327 52327 52327 52327 52327 52327 43173 43173 43173 1717 39532 35506 39532 39532 0 0 0 0 0 0 0 0 0 0 0 0 0 0 0 0 0 0 0 0 0 
0 0 52327 52327 52327 43173 39532 43173 35506 39532 0 0 0 0 0 0 0 0 0 0 0 0 0 0 0 0 0 0 0 0 0 0 0 0 0 0 0 
