test/output/constant/M365_S060_A000_WD000.0_WS010.0/M365_S060_A000_WD000.0_WS010.0_arrival.asc
ncols         37
nrows         13
xllcorner     423003.990666
yllcorner     12747655.311160
cellsize      100.000000
NODATA_value  0.000000
0.000000 0.000000 0.000000 0.000000 0.000000 0.000000 0.000000 0.000000 0.000000 0.000000 0.000000 0.000000 0.000000 0.000000 0.000000 0.000000 0.000000 0.000000 0.000000 0.000000 0.000000 0.000000 0.000000 0.000000 0.000000 0.000000 166.041667 166.038605 166.035943 166.033280 166.030174 166.027512 166.025293 166.023962 166.022631 166.021743 166.027512 
0.000000 0.000000 0.000000 0.000000 0.000000 0.000000 0.000000 0.000000 0.000000 0.000000 0.000000 0.000000 0.000000 0.000000 0.000000 0.000000 0.000000 0.000000 0.000000 166.041667 166.038605 166.035943 166.033280 166.030174 166.027512 166.024406 166.021743 166.019081 166.015975 166.013312 166.010650 166.007987 166.005769 166.003550 166.001775 166.000887 166.000000 
0.000000 0.000000 0.000000 0.000000 0.000000 0.000000 0.000000 0.000000 0.000000 0.000000 0.000000 0.000000 0.000000 0.000000 0.000000 0.000000 166.039936 166.036830 166.034168 166.031505 166.028843 166.026181 166.023518 166.021299 166.018637 166.016418 166.013756 166.011981 166.009762 166.007987 166.006656 166.005325 166.004437 166.003106 166.002219 166.002219 166.007987 
0.000000 0.000000 0.000000 0.000000 0.000000 0.000000 0.000000 0.000000 0.000000 0.000000 0.000000 0.000000 166.041667 166.039049 166.036830 166.034168 166.031949 166.029287 166.027068 166.024406 166.022187 166.019968 166.018193 166.015975 166.014200 166.012868 166.011537 166.010206 166.008875 166.007987 166.006656 166.006212 166.006212 166.006656 166.010206 166.020856 0.000000 
0.000000 0.000000 0.000000 0.000000 0.000000 0.000000 0.000000 0.000000 0.000000 0.000000 166.039936 166.037718 166.035055 166.032837 166.030618 166.028399 166.026624 166.024406 166.022187 166.020412 166.018637 166.017306 166.015975 166.014643 166.013756 166.012425 166.011093 166.010206 166.009762 166.009762 166.010206 166.011537 166.014643 166.021299 166.033724 0.000000 0.000000 
0.000000 0.000000 0.000000 0.000000 0.000000 0.000000 0.000000 166.041268 166.039049 166.036830 166.035055 166.032837 166.030618 166.028843 166.027068 166.025293 166.023518 166.022187 166.020856 166.019524 166.018193 166.017306 166.015975 166.015087 166.014200 166.013756 166.013756 166.013756 166.014643 166.016418 166.019524 166.025293 166.033724 0.000000 0.000000 0.000000 0.000000 
0.000000 0.000000 0.000000 0.000000 0.000000 166.041268 166.039049 166.037274 166.035055 166.033280 166.031505 166.029730 166.027955 166.026624 166.025293 166.023962 166.023074 166.021743 166.020412 166.019524 166.018637 166.018193 166.017750 166.017750 166.017750 166.018193 166.019081 166.021299 166.024406 166.029730 166.036387 0.000000 0.000000 0.000000 0.000000 0.000000 0.000000 
0.000000 0.000000 0.000000 166.041268 166.039493 166.037718 166.035943 166.034168 166.032837 166.031505 166.030174 166.028843 166.027512 166.026624 166.025293 166.023962 166.023074 166.022187 166.021743 166.021743 166.021299 166.021299 166.022187 166.022631 166.023962 166.026181 166.029287 166.033724 166.040380 0.000000 0.000000 0.000000 0.000000 0.000000 0.000000 0.000000 0.000000 
0.000000 0.000000 166.040380 166.039049 166.037718 166.035943 166.034612 166.033280 166.032393 166.031062 166.029730 166.028843 166.027512 166.026624 166.026181 166.025737 166.025293 166.025293 166.025293 166.025737 166.026181 166.027512 166.028843 166.031062 166.034168 166.038605 0.000000 0.000000 0.000000 0.000000 0.000000 0.000000 0.000000 0.000000 0.000000 0.000000 0.000000 
0.000000 166.040824 166.039493 166.038161 166.036830 166.035943 166.034612 166.033280 166.032393 166.031505 166.030618 166.030174 166.029730 166.029287 166.029287 166.029287 166.029730 166.030174 166.030618 166.031949 166.033724 166.035943 166.039049 0.000000 0.000000 0.000000 0.000000 0.000000 0.000000 0.000000 0.000000 0.000000 0.000000 0.000000 0.000000 0.000000 0.000000 
166.041667 166.040380 166.039493 166.038161 166.036830 166.035943 166.035055 166.034168 166.033724 166.033280 166.033280 166.032837 166.032837 166.033280 166.033724 166.034612 166.035499 166.036387 166.038605 166.040824 0.000000 0.000000 0.000000 0.000000 0.000000 0.000000 0.000000 0.000000 0.000000 0.000000 0.000000 0.000000 0.000000 0.000000 0.000000 0.000000 0.000000 
166.041667 166.040380 166.039493 166.038605 166.038161 166.037718 166.037274 166.036830 166.036830 166.036830 166.036830 166.037718 166.038161 166.039049 166.039936 166.041268 0.000000 0.000000 0.000000 0.000000 0.000000 0.000000 0.000000 0.000000 0.000000 0.000000 0.000000 0.000000 0.000000 0.000000 0.000000 0.000000 0.000000 0.000000 0.000000 0.000000 0.000000 
0.000000 0.000000 166.041667 166.041268 166.040824 166.040824 166.040824 166.040824 166.041268 166.041667 0.000000 0.000000 0.000000 0.000000 0.000000 0.000000 0.000000 0.000000 0.000000 0.000000 0.000000 0.000000 0.000000 0.000000 0.000000 0.000000 0.000000 0.000000 0.000000 0.000000 0.000000 0.000000 0.000000 0.000000 0.000000 0.000000 0.000000 
