test/output/constant/M375_S000_A090_WD135.0_WS015.0/M375_S000_A090_WD135.0_WS015.0_arrival.asc
ncols         16
nrows         16
xllcorner     425403.990666
yllcorner     12748455.311160
cellsize      100.000000
NODATA_value  0.000000
0.000000 166.041667 166.040946 166.040946 166.040946 166.040946 0.000000 0.000000 0.000000 0.000000 0.000000 0.000000 0.000000 0.000000 0.000000 0.000000 
166.041667 166.039896 166.037796 166.037796 166.036746 166.037796 166.037796 166.039896 0.000000 0.000000 0.000000 0.000000 0.000000 0.000000 0.000000 0.000000 
166.040946 166.037796 166.035696 166.034647 166.033597 166.033597 166.033597 166.034647 166.037796 166.040946 0.000000 0.000000 0.000000 0.000000 0.000000 0.000000 
166.040946 166.037796 166.034647 166.032547 166.031497 166.030447 166.030447 166.030447 166.032547 166.035696 166.039896 0.000000 0.000000 0.000000 0.000000 0.000000 
166.040946 166.036746 166.033597 166.031497 166.028347 166.027297 166.026247 166.026247 166.027297 166.029397 166.033597 166.038846 0.000000 0.000000 0.000000 0.000000 
166.040946 166.037796 166.033597 166.030447 166.027297 166.024148 166.023098 166.023098 166.023098 166.025198 166.027297 166.032547 166.039896 0.000000 0.000000 0.000000 
0.000000 166.037796 166.033597 166.030447 166.026247 166.023098 166.020998 166.019948 166.019948 166.019948 166.022048 166.026247 166.032547 166.041667 0.000000 0.000000 
0.000000 166.039896 166.034647 166.030447 166.026247 166.023098 166.019948 166.016798 166.015748 166.015748 166.016798 166.019948 166.026247 166.035696 0.000000 0.000000 
0.000000 0.000000 166.037796 166.032547 166.027297 166.023098 166.019948 166.015748 166.013649 166.012599 166.012599 166.014699 166.019948 166.028347 166.040946 0.000000 
0.000000 0.000000 166.040946 166.035696 166.029397 166.025198 166.019948 166.015748 166.012599 166.009449 166.009449 166.009449 166.013649 166.022048 166.034647 0.000000 
0.000000 0.000000 0.000000 166.039896 166.033597 166.027297 166.022048 166.016798 166.012599 166.009449 166.006299 166.005249 166.007349 166.015748 166.029397 0.000000 
0.000000 0.000000 0.000000 0.000000 166.038846 166.032547 166.026247 166.019948 166.014699 166.009449 166.005249 166.002100 166.002100 166.010499 166.026247 166.041667 
0.000000 0.000000 0.000000 0.000000 0.000000 166.039896 166.032547 166.026247 166.019948 166.013649 166.007349 166.002100 166.000000 166.008399 166.025198 166.041667 
0.000000 0.000000 0.000000 0.000000 0.000000 0.000000 166.041667 166.035696 166.028347 166.022048 166.015748 166.010499 166.008399 166.012599 166.027297 0.000000 
0.000000 0.000000 0.000000 0.000000 0.000000 0.000000 0.000000 0.000000 166.040946 166.034647 166.029397 166.026247 166.025198 166.027297 166.035696 0.000000 
0.000000 0.000000 0.000000 0.000000 0.000000 0.000000 0.000000 0.000000 0.000000 0.000000 0.000000 166.041667 166.041667 0.000000 0.000000 0.000000 
