test/output/constant/M3M470_S060_A180_WD000.0_WS010.0/M3M470_S060_A180_WD000.0_WS010.0_arrival.asc
ncols         37
nrows         13
xllcorner     426603.990666
yllcorner     12747655.311160
cellsize      100.000000
NODATA_value  0.000000
166.027512 166.021743 166.022631 166.023962 166.025293 166.027512 166.030174 166.033280 166.035943 166.038605 166.041667 0.000000 0.000000 0.000000 0.000000 0.000000 0.000000 0.000000 0.000000 0.000000 0.000000 0.000000 0.000000 0.000000 0.000000 0.000000 0.000000 0.000000 0.000000 0.000000 0.000000 0.000000 0.000000 0.000000 0.000000 0.000000 0.000000 
166.000000 166.000887 166.001775 166.003550 166.005769 166.007987 166.010650 166.013312 166.015975 166.019081 166.021743 166.024406 166.027512 166.030174 166.033280 166.035943 166.038605 166.041667 0.000000 0.000000 0.000000 0.000000 0.000000 0.000000 0.000000 0.000000 0.000000 0.000000 0.000000 0.000000 0.000000 0.000000 0.000000 0.000000 0.000000 0.000000 0.000000 
166.007987 166.002219 166.002219 166.003106 166.004437 166.005325 166.006656 166.007987 166.009762 166.011981 166.013756 166.016418 166.018637 166.021299 166.023518 166.026181 166.028843 166.031505 166.034168 166.036830 166.039936 0.000000 0.000000 0.000000 0.000000 0.000000 0.000000 0.000000 0.000000 0.000000 0.000000 0.000000 0.000000 0.000000 0.000000 0.000000 0.000000 
0.000000 166.020856 166.010206 166.006656 166.006212 166.006212 166.006656 166.007987 166.008875 166.010206 166.011537 166.012868 166.014200 166.015975 166.018193 166.019968 166.022187 166.024406 166.027068 166.029287 166.031949 166.034168 166.036830 166.039049 166.041667 0.000000 0.000000 0.000000 0.000000 0.000000 0.000000 0.000000 0.000000 0.000000 0.000000 0.000000 0.000000 
0.000000 0.000000 166.033724 166.021299 166.014643 166.011537 166.010206 166.009762 166.009762 166.010206 166.011093 166.012425 166.013756 166.014643 166.015975 166.017306 166.018637 166.020412 166.022187 166.024406 166.026624 166.028399 166.030618 166.032837 166.035055 166.037718 166.039936 0.000000 0.000000 0.000000 0.000000 0.000000 0.000000 0.000000 0.000000 0.000000 0.000000 
0.000000 0.000000 0.000000 0.000000 166.033724 166.025293 166.019524 166.016418 166.014643 166.013756 166.013756 166.013756 166.014200 166.015087 166.015975 166.017306 166.018193 166.019524 166.020856 166.022187 166.023518 166.025293 166.027068 166.028843 166.030618 166.032837 166.035055 166.036830 166.039049 166.041268 0.000000 0.000000 0.000000 0.000000 0.000000 0.000000 0.000000 
0.000000 0.000000 0.000000 0.000000 0.000000 0.000000 166.036387 166.029730 166.024406 166.021299 166.019081 166.018193 166.017750 166.017750 166.017750 166.018193 166.018637 166.019524 166.020412 166.021743 166.023074 166.023962 166.025293 166.026624 166.027955 166.029730 166.031505 166.033280 166.035055 166.037274 166.039049 166.041268 0.000000 0.000000 0.000000 0.000000 0.000000 
0.000000 0.000000 0.000000 0.000000 0.000000 0.000000 0.000000 0.000000 166.040380 166.033724 166.029287 166.026181 166.023962 166.022631 166.022187 166.021299 166.021299 166.021743 166.021743 166.022187 166.023074 166.023962 166.025293 166.026624 166.027512 166.028843 166.030174 166.031505 166.032837 166.034168 166.035943 166.037718 166.039493 166.041268 0.000000 0.000000 0.000000 
0.000000 0.000000 0.000000 0.000000 0.000000 0.000000 0.000000 0.000000 0.000000 0.000000 0.000000 166.038605 166.034168 166.031062 166.028843 166.027512 166.026181 166.025737 166.025293 166.025293 166.025293 166.025737 166.026181 166.026624 166.027512 166.028843 166.029730 166.031062 166.032393 166.033280 166.034612 166.035943 166.037718 166.039049 166.040380 0.000000 0.000000 
0.000000 0.000000 0.000000 0.000000 0.000000 0.000000 0.000000 0.000000 0.000000 0.000000 0.000000 0.000000 0.000000 0.000000 166.039049 166.035943 166.033724 166.031949 166.030618 166.030174 166.029730 166.029287 166.029287 166.029287 166.029730 166.030174 166.030618 166.031505 166.032393 166.033280 166.034612 166.035943 166.036830 166.038161 166.039493 166.040824 0.000000 
0.000000 0.000000 0.000000 0.000000 0.000000 0.000000 0.000000 0.000000 0.000000 0.000000 0.000000 0.000000 0.000000 0.000000 0.000000 0.000000 0.000000 166.040824 166.038605 166.036387 166.035499 166.034612 166.033724 166.033280 166.032837 166.032837 166.033280 166.033280 166.033724 166.034168 166.035055 166.035943 166.036830 166.038161 166.039493 166.040380 166.041667 
0.000000 0.000000 0.000000 0.000000 0.000000 0.000000 0.000000 0.000000 0.000000 0.000000 0.000000 0.000000 0.000000 0.000000 0.000000 0.000000 0.000000 0.000000 0.000000 0.000000 0.000000 166.041268 166.039936 166.039049 166.038161 166.037718 166.036830 166.036830 166.036830 166.036830 166.037274 166.037718 166.038161 166.038605 166.039493 166.040380 166.041667 
0.000000 0.000000 0.000000 0.000000 0.000000 0.000000 0.000000 0.000000 0.000000 0.000000 0.000000 0.000000 0.000000 0.000000 0.000000 0.000000 0.000000 0.000000 0.000000 0.000000 0.000000 0.000000 0.000000 0.000000 0.000000 0.000000 0.000000 166.041667 166.041268 166.040824 166.040824 166.040824 166.040824 166.041268 166.041667 0.000000 0.000000 
