test/output/constant/M370_S060_A090_WD225.0_WS015.0/M370_S060_A090_WD225.0_WS015.0_intensity.asc
ncols         13
nrows         28
xllcorner     426503.990666
yllcorner     12746155.311160
cellsize      100.000000
NODATA_value  0.000000
1217 1332 1950 0 0 0 0 0 0 0 0 0 0 
1217 0 1837 1950 0 0 0 0 0 0 0 0 0 
8252 40393 39559 1497 1497 0 0 0 0 0 0 0 0 
4192 40393 40393 38311 1950 1950 0 0 0 0 0 0 0 
6001 8252 40393 34327 28787 25636 0 0 0 0 0 0 0 
8252 10887 40393 39559 40393 28787 1950 0 0 0 0 0 0 
10887 29940 37288 40393 40393 1837 28787 22357 0 0 0 0 0 
10887 26857 40393 40373 40393 38311 28787 1742 0 0 0 0 0 
13829 10887 35235 40393 40393 28787 1497 28787 25636 0 0 0 0 
37288 20285 35235 40393 40393 40393 40393 39559 28787 0 0 0 0 
0 20285 6001 10887 40393 40393 40393 1950 1497 1497 0 0 0 
0 20285 8252 40393 40393 40393 31713 39559 25636 28787 0 0 0 
0 8252 10887 37288 40393 40393 40393 40393 40393 38311 28787 0 0 
0 10887 29940 35235 40393 40393 40393 40393 40393 25636 39559 0 0 
0 0 8252 35235 40393 40393 40393 39559 40393 40393 28787 0 0 
0 0 29940 37288 37288 26857 40393 40393 38311 40256 25636 1497 0 
0 0 8252 8252 37288 40393 40393 40393 40393 31713 39559 36549 0 
0 0 0 13829 35235 39896 40393 40393 40393 36549 36549 40393 0 
0 0 0 8252 32761 39896 40393 40393 38311 38311 40393 40393 0 
0 0 0 0 26857 39896 40393 40393 40393 40393 40393 40393 40393 
0 0 0 0 40373 40393 40393 40393 40393 40393 40393 38311 40256 
0 0 0 0 0 40373 40393 37288 40393 40393 40256 40256 39559 
0 0 0 0 0 38858 35235 35235 40393 40393 38311 38311 40393 
0 0 0 0 0 0 13829 40393 40393 40393 40393 40393 28787 
0 0 0 0 0 0 0 40373 40393 40393 40393 40256 40393 
0 0 0 0 0 0 0 10887 32761 40393 40393 40393 40393 
0 0 0 0 0 0 0 0 40373 40393 40393 40393 38311 
0 0 0 0 0 0 0 0 0 40393 40393 40393 40393 
