test/output/constant/M3M475_S060_A000_WD315.0_WS040.0/M3M475_S060_A000_WD315.0_WS040.0_ros.asc
ncols         11
nrows         27
xllcorner     425703.990666
yllcorner     12746255.311160
cellsize      100.000000
NODATA_value  0.000000
0.000000 0.000000 0.000000 0.000000 0.000000 0.000000 0.000000 0.000000 2.189485 1.257483 1.342592 
0.000000 0.000000 0.000000 0.000000 0.000000 0.000000 0.000000 1.257483 3.530537 0.000000 1.342592 
0.000000 0.000000 0.000000 0.000000 0.000000 0.000000 2.534286 2.534286 43.407501 43.407501 6.295978 
0.000000 0.000000 0.000000 0.000000 0.000000 1.719172 2.534286 2.189485 43.407501 37.143379 8.535202 
0.000000 0.000000 0.000000 0.000000 0.000000 1.719172 3.530537 39.996235 43.407501 34.392994 14.221048 
0.000000 0.000000 0.000000 0.000000 2.534286 2.351275 3.530537 43.407501 43.407501 17.507582 8.535202 
0.000000 0.000000 0.000000 0.000000 3.530537 1.719172 35.144371 43.407501 41.304550 17.507582 6.295978 
0.000000 0.000000 0.000000 32.135593 2.189485 35.144371 43.407501 43.407501 14.221048 14.221048 8.535202 
0.000000 0.000000 0.000000 3.530537 37.791363 43.407501 43.407501 43.407501 20.963417 17.507582 11.201139 
0.000000 0.000000 0.000000 35.144371 35.144371 43.407501 43.407501 39.470737 17.507582 11.201139 14.221048 
0.000000 0.000000 4.963792 2.534286 35.144371 41.692047 43.407501 41.304550 37.143379 14.221048 0.000000 
0.000000 0.000000 35.144371 35.144371 35.144371 43.407501 43.407501 43.407501 17.507582 17.507582 0.000000 
0.000000 0.000000 3.530537 4.963792 43.407501 41.692047 43.407501 8.535202 17.507582 17.507582 0.000000 
0.000000 4.963792 2.534286 37.791363 43.407501 43.407501 41.304550 39.470737 20.963417 8.535202 0.000000 
0.000000 4.963792 37.791363 42.827286 43.407501 43.407501 43.407501 8.535202 17.507582 14.221048 0.000000 
0.000000 35.144371 3.530537 43.407501 43.407501 43.407501 17.507582 17.507582 14.221048 0.000000 0.000000 
37.791363 35.144371 43.407501 41.692047 43.407501 11.201139 6.295978 11.201139 17.507582 0.000000 0.000000 
35.144371 35.144371 43.407501 43.407501 43.407501 17.507582 24.485102 24.485102 20.963417 0.000000 0.000000 
4.963792 43.407501 43.407501 43.407501 43.407501 17.507582 20.963417 20.963417 0.000000 0.000000 0.000000 
37.791363 43.407501 43.407501 43.407501 14.221048 20.963417 37.143379 17.507582 0.000000 0.000000 0.000000 
37.791363 43.407501 43.285896 43.407501 37.143379 11.201139 14.221048 0.000000 0.000000 0.000000 0.000000 
43.407501 43.407501 43.407501 27.966631 39.470737 20.963417 17.507582 0.000000 0.000000 0.000000 0.000000 
43.367439 43.407501 43.407501 31.302893 20.963417 6.295978 0.000000 0.000000 0.000000 0.000000 0.000000 
43.407501 43.407501 43.407501 43.407501 14.221048 37.143379 0.000000 0.000000 0.000000 0.000000 0.000000 
43.407501 43.407501 34.392994 34.392994 20.963417 0.000000 0.000000 0.000000 0.000000 0.000000 0.000000 
43.407501 43.407501 37.143379 39.470737 0.000000 0.000000 0.000000 0.000000 0.000000 0.000000 0.000000 
0.000000 43.407501 20.963417 0.000000 0.000000 0.000000 0.000000 0.000000 0.000000 0.000000 0.000000 
