test/output/constant/M3M475_S060_A000_WD315.0_WS040.0/M3M475_S060_A000_WD315.0_WS040.0_arrival.asc
ncols         11
nrows         27
xllcorner     425703.990666
yllcorner     12746255.311160
cellsize      100.000000
NODATA_value  0.000000
0.000000 0.000000 0.000000 0.000000 0.000000 0.000000 0.000000 0.000000 166.035015 166.028345 166.037238 
0.000000 0.000000 0.000000 0.000000 0.000000 0.000000 0.000000 166.026122 166.005002 166.000000 166.018341 
0.000000 0.000000 0.000000 0.000000 0.000000 0.000000 166.033348 166.013895 166.002779 166.001112 166.017785 
0.000000 0.000000 0.000000 0.000000 0.000000 166.041129 166.022232 166.008337 166.002779 166.002779 166.019453 
0.000000 0.000000 0.000000 0.000000 0.000000 166.031124 166.016118 166.007225 166.004446 166.005002 166.022232 
0.000000 0.000000 0.000000 0.000000 166.040017 166.024455 166.012783 166.007225 166.006114 166.008337 166.025567 
0.000000 0.000000 0.000000 0.000000 166.032792 166.020009 166.011672 166.007781 166.007781 166.011672 166.029457 
0.000000 0.000000 0.000000 166.041129 166.027790 166.017230 166.011672 166.009448 166.010004 166.015562 166.032792 
0.000000 0.000000 0.000000 166.035571 166.023899 166.016118 166.011672 166.011116 166.012227 166.018897 166.036682 
0.000000 0.000000 0.000000 166.031124 166.021676 166.016118 166.012783 166.012783 166.015006 166.022788 166.040573 
0.000000 0.000000 166.038906 166.028345 166.020564 166.016118 166.014451 166.014451 166.017785 166.026678 0.000000 
0.000000 0.000000 166.035015 166.026122 166.020564 166.016674 166.016118 166.016674 166.021120 166.030013 0.000000 
0.000000 0.000000 166.032792 166.025567 166.020564 166.017785 166.017785 166.019453 166.024455 166.033903 0.000000 
0.000000 166.039461 166.031124 166.025011 166.021120 166.019453 166.020009 166.021676 166.027790 166.037794 0.000000 
0.000000 166.037238 166.030013 166.025011 166.021676 166.021120 166.021676 166.025011 166.031124 166.041667 0.000000 
0.000000 166.035571 166.030013 166.025567 166.023343 166.022788 166.023899 166.027790 166.035015 0.000000 0.000000 
166.041667 166.034459 166.030013 166.026122 166.024455 166.025011 166.026678 166.031124 166.038350 0.000000 0.000000 
166.040017 166.034459 166.030013 166.026678 166.026122 166.026678 166.028901 166.033903 166.041667 0.000000 0.000000 
166.039461 166.034459 166.030569 166.028345 166.027790 166.028901 166.031680 166.037238 0.000000 0.000000 0.000000 
166.038906 166.034459 166.031124 166.029457 166.030013 166.031124 166.034459 166.040573 0.000000 0.000000 0.000000 
166.038906 166.035015 166.031680 166.031680 166.031680 166.033903 166.037794 0.000000 0.000000 0.000000 0.000000 
166.038906 166.035015 166.033348 166.033348 166.033348 166.036127 166.040573 0.000000 0.000000 0.000000 0.000000 
166.038906 166.036127 166.035015 166.035015 166.036127 166.038906 0.000000 0.000000 0.000000 0.000000 0.000000 
166.039461 166.037238 166.036682 166.036682 166.038350 166.041129 0.000000 0.000000 0.000000 0.000000 0.000000 
166.040017 166.038350 166.038350 166.038350 166.040573 0.000000 0.000000 0.000000 0.000000 0.000000 0.000000 
166.041129 166.040017 166.040017 166.040573 0.000000 0.000000 0.000000 0.000000 0.000000 0.000000 0.000000 
0.000000 166.041667 166.041667 0.000000 0.000000 0.000000 0.000000 0.000000 0.000000 0.000000 0.000000 
