test/output/constant/M345_S060_A000_WD090.0_WS010.0/M345_S060_A000_WD090.0_WS010.0_arrival.asc
ncols         33
nrows         7
xllcorner     423403.990666
yllcorner     12748455.311160
cellsize      100.000000
NODATA_value  0.000000
0.000000 0.000000 0.000000 0.000000 0.000000 0.000000 0.000000 0.000000 0.000000 166.041265 166.040743 166.039698 166.039176 166.038131 166.037609 166.037609 166.037609 166.037609 166.038131 166.038653 166.039176 166.040220 166.041667 0.000000 0.000000 0.000000 0.000000 0.000000 0.000000 0.000000 0.000000 0.000000 0.000000 
0.000000 0.000000 0.000000 166.041265 166.040220 166.038653 166.037609 166.036564 166.035519 166.033952 166.032908 166.031863 166.030818 166.029774 166.028729 166.027684 166.026640 166.026117 166.025073 166.024028 166.023505 166.022983 166.022461 166.022983 166.022983 166.023505 166.025073 166.027162 166.030818 166.037086 0.000000 0.000000 0.000000 
0.000000 166.040743 166.039698 166.038131 166.037086 166.035519 166.034475 166.032908 166.031863 166.030818 166.029251 166.028207 166.026640 166.025595 166.024028 166.022983 166.021416 166.020371 166.019327 166.017760 166.016715 166.015148 166.014103 166.012536 166.011492 166.010447 166.009402 166.008880 166.007835 166.007835 166.008358 166.011492 166.027684 
166.041265 166.040220 166.038653 166.037609 166.036042 166.034997 166.033430 166.032385 166.030818 166.029774 166.028207 166.027162 166.025595 166.024550 166.022983 166.021938 166.020371 166.019327 166.017760 166.016715 166.015148 166.014103 166.012536 166.011492 166.009925 166.008880 166.007313 166.006268 166.004701 166.003656 166.002089 166.001045 166.000000 
0.000000 166.040743 166.039698 166.038131 166.037086 166.035519 166.034475 166.032908 166.031863 166.030818 166.029251 166.028207 166.026640 166.025595 166.024028 166.022983 166.021416 166.020371 166.019327 166.017760 166.016715 166.015148 166.014103 166.012536 166.011492 166.010447 166.009402 166.008880 166.007835 166.007835 166.008358 166.011492 166.027684 
0.000000 0.000000 0.000000 166.041265 166.040220 166.038653 166.037609 166.036564 166.035519 166.033952 166.032908 166.031863 166.030818 166.029774 166.028729 166.027684 166.026640 166.026117 166.025073 166.024028 166.023505 166.022983 166.022461 166.022983 166.022983 166.023505 166.025073 166.027162 166.030818 166.037086 0.000000 0.000000 0.000000 
0.000000 0.000000 0.000000 0.000000 0.000000 0.000000 0.000000 0.000000 0.000000 166.041265 166.040743 166.039698 166.039176 166.038131 166.037609 166.037609 166.037609 166.037609 166.038131 166.038653 166.039176 166.040220 166.041667 0.000000 0.000000 0.000000 0.000000 0.000000 0.000000 0.000000 0.000000 0.000000 0.000000 
