test/output/constant/M385_S060_A090_WD225.0_WS010.0/M385_S060_A090_WD225.0_WS010.0_ros.asc
ncols         13
nrows         41
xllcorner     426403.990666
yllcorner     12744855.311160
cellsize      100.000000
NODATA_value  0.000000
0.000000 1.337477 1.619916 1.619916 0.000000 0.000000 0.000000 0.000000 0.000000 0.000000 0.000000 0.000000 0.000000 
0.000000 1.337477 -1.000000 2.325312 1.977902 0.000000 0.000000 0.000000 0.000000 0.000000 0.000000 0.000000 0.000000 
0.000000 19.154482 66.381508 61.886707 2.829496 2.325312 0.000000 0.000000 0.000000 0.000000 0.000000 0.000000 0.000000 
19.154482 24.254946 66.381508 64.305870 1.977902 1.977902 0.000000 0.000000 0.000000 0.000000 0.000000 0.000000 0.000000 
19.154482 35.215084 66.381508 64.305870 50.060307 2.829496 2.325312 0.000000 0.000000 0.000000 0.000000 0.000000 0.000000 
24.254946 35.215084 66.381508 64.305870 66.381508 1.977902 44.995365 0.000000 0.000000 0.000000 0.000000 0.000000 0.000000 
29.662920 35.215084 66.381508 66.381508 66.381508 44.995365 39.613098 1.977902 0.000000 0.000000 0.000000 0.000000 0.000000 
14.515009 46.080601 66.381508 66.381508 66.381508 50.060307 50.060307 44.995365 0.000000 0.000000 0.000000 0.000000 0.000000 
35.215084 46.080601 62.469002 66.381508 66.381508 66.381508 44.995365 44.995365 0.000000 0.000000 0.000000 0.000000 0.000000 
19.154482 35.215084 24.254946 66.381508 64.305870 50.060307 44.995365 44.995365 44.995365 0.000000 0.000000 0.000000 0.000000 
35.215084 19.154482 62.469002 66.381508 66.381508 64.305870 64.305870 1.619916 44.995365 0.000000 0.000000 0.000000 0.000000 
35.215084 46.080601 35.215084 59.385120 66.381508 66.381508 61.886707 61.886707 44.995365 44.995365 0.000000 0.000000 0.000000 
35.215084 55.544899 24.254946 66.381508 66.381508 66.381508 64.305870 2.325312 44.995365 44.995365 0.000000 0.000000 0.000000 
35.215084 51.064781 55.544899 24.254946 66.381508 64.305870 58.636410 66.381508 44.995365 44.995365 0.000000 0.000000 0.000000 
35.215084 35.215084 51.064781 66.019608 66.381508 66.381508 66.381508 66.381508 61.886707 44.995365 0.000000 0.000000 0.000000 
0.000000 35.215084 59.385120 66.381508 66.381508 66.381508 66.381508 58.636410 65.820244 44.995365 44.995365 0.000000 0.000000 
0.000000 19.154482 55.544899 66.381508 66.381508 66.381508 66.381508 66.215874 58.636410 65.820244 50.060307 0.000000 0.000000 
0.000000 46.080601 19.154482 66.019608 66.019608 66.381508 66.381508 66.381508 66.381508 58.636410 50.060307 0.000000 0.000000 
0.000000 24.254946 59.385120 29.662920 66.381508 66.381508 66.381508 66.381508 50.060307 64.305870 44.995365 44.995365 0.000000 
0.000000 51.064781 29.662920 66.381508 64.703056 66.381508 58.636410 66.381508 64.305870 64.305870 66.381508 58.636410 0.000000 
0.000000 35.215084 59.385120 66.381508 66.381508 66.381508 66.381508 66.381508 65.820244 61.886707 61.886707 44.995365 0.000000 
0.000000 0.000000 40.743454 55.544899 66.381508 66.381508 66.381508 66.381508 66.381508 61.886707 64.305870 58.636410 0.000000 
0.000000 0.000000 62.469002 24.254946 66.381508 66.381508 66.381508 66.381508 66.381508 64.305870 44.995365 64.305870 0.000000 
0.000000 0.000000 51.064781 64.703056 14.515009 62.469002 66.381508 66.381508 64.305870 61.886707 66.381508 54.653893 44.995365 
0.000000 0.000000 59.385120 55.544899 29.662920 66.381508 66.381508 66.381508 66.381508 61.886707 66.381508 61.886707 66.215874 
0.000000 0.000000 40.743454 35.215084 46.080601 46.080601 66.381508 66.381508 66.381508 65.820244 50.060307 65.820244 44.995365 
0.000000 0.000000 0.000000 64.703056 66.381508 51.064781 66.381508 66.381508 66.381508 58.636410 61.886707 50.060307 61.886707 
0.000000 0.000000 0.000000 66.315933 51.064781 66.381508 66.381508 66.381508 65.820244 66.381508 66.381508 66.381508 44.995365 
0.000000 0.000000 0.000000 24.254946 24.254946 24.254946 66.315933 66.381508 66.381508 58.636410 66.381508 54.653893 66.381508 
0.000000 0.000000 0.000000 46.080601 66.381508 66.381508 64.703056 66.381508 61.886707 66.381508 61.886707 61.886707 61.886707 
0.000000 0.000000 0.000000 0.000000 66.315933 66.381508 66.381508 66.381508 66.381508 66.381508 66.381508 66.381508 64.305870 
0.000000 0.000000 0.000000 0.000000 59.385120 66.381508 66.381508 66.381508 66.381508 66.381508 66.381508 66.381508 58.636410 
0.000000 0.000000 0.000000 0.000000 0.000000 66.381508 66.381508 66.381508 66.381508 64.305870 66.381508 64.305870 61.886707 
0.000000 0.000000 0.000000 0.000000 0.000000 66.381508 14.515009 66.381508 66.381508 66.381508 66.381508 66.381508 61.886707 
0.000000 0.000000 0.000000 0.000000 0.000000 19.154482 66.381508 66.019608 66.381508 66.381508 66.381508 66.381508 66.215874 
0.000000 0.000000 0.000000 0.000000 0.000000 0.000000 66.381508 64.703056 66.381508 66.381508 66.381508 66.381508 66.215874 
0.000000 0.000000 0.000000 0.000000 0.000000 0.000000 66.381508 66.381508 66.381508 66.381508 66.381508 66.381508 66.381508 
0.000000 0.000000 0.000000 0.000000 0.000000 0.000000 0.000000 51.064781 66.381508 66.381508 66.215874 66.381508 66.381508 
0.000000 0.000000 0.000000 0.000000 0.000000 0.000000 0.000000 66.381508 66.381508 66.381508 66.381508 66.381508 66.381508 
0.000000 0.000000 0.000000 0.000000 0.000000 0.000000 0.000000 0.000000 66.381508 66.381508 66.381508 66.381508 66.381508 
0.000000 0.000000 0.000000 0.000000 0.000000 0.000000 0.000000 0.000000 0.000000 66.381508 64.305870 66.381508 0.000000 
