test/output/constant/M1M290_S060_A000_WD090.0_WS025.0/M1M290_S060_A000_WD090.0_WS025.0_arrival.asc
ncols         39
nrows         7
xllcorner     422803.990666
yllcorner     12748455.311160
cellsize      100.000000
NODATA_value  0.000000
0.000000 0.000000 0.000000 0.000000 0.000000 0.000000 0.000000 0.000000 0.000000 0.000000 0.000000 166.041019 166.040578 166.039696 166.038814 166.038373 166.037491 166.037491 166.037491 166.037491 166.037491 166.037491 166.037932 166.038373 166.039696 166.040578 0.000000 0.000000 0.000000 0.000000 0.000000 0.000000 0.000000 0.000000 0.000000 0.000000 0.000000 0.000000 0.000000 
0.000000 0.000000 0.000000 0.000000 166.041019 166.040137 166.038814 166.037932 166.037049 166.036167 166.034844 166.033962 166.033080 166.031757 166.030875 166.029992 166.029110 166.028228 166.027787 166.026905 166.026023 166.025141 166.024700 166.023817 166.022935 166.022494 166.022494 166.022494 166.022935 166.023376 166.024259 166.025582 166.027787 166.030433 166.036608 0.000000 0.000000 0.000000 0.000000 
0.000000 166.041019 166.040137 166.039255 166.037932 166.037049 166.035726 166.034844 166.033521 166.032639 166.031316 166.030433 166.029551 166.028228 166.027346 166.026023 166.025141 166.023817 166.022935 166.021612 166.020730 166.019848 166.018525 166.017643 166.016319 166.015437 166.014114 166.013232 166.012350 166.011027 166.010144 166.009262 166.008821 166.007939 166.007498 166.007939 166.009262 166.014555 166.041667 
166.041460 166.040578 166.039255 166.038373 166.037049 166.036167 166.034844 166.033962 166.032639 166.031757 166.030433 166.029551 166.028228 166.027346 166.026023 166.025141 166.023817 166.022935 166.021612 166.020730 166.019407 166.018525 166.017202 166.016319 166.014996 166.014114 166.012791 166.011909 166.010586 166.009703 166.008380 166.007498 166.006175 166.005293 166.003970 166.003087 166.001764 166.000882 166.000000 
0.000000 166.041019 166.040137 166.039255 166.037932 166.037049 166.035726 166.034844 166.033521 166.032639 166.031316 166.030433 166.029551 166.028228 166.027346 166.026023 166.025141 166.023817 166.022935 166.021612 166.020730 166.019848 166.018525 166.017643 166.016319 166.015437 166.014114 166.013232 166.012350 166.011027 166.010144 166.009262 166.008821 166.007939 166.007498 166.007939 166.009262 166.014555 166.041667 
0.000000 0.000000 0.000000 0.000000 166.041019 166.040137 166.038814 166.037932 166.037049 166.036167 166.034844 166.033962 166.033080 166.031757 166.030875 166.029992 166.029110 166.028228 166.027787 166.026905 166.026023 166.025141 166.024700 166.023817 166.022935 166.022494 166.022494 166.022494 166.022935 166.023376 166.024259 166.025582 166.027787 166.030433 166.036608 0.000000 0.000000 0.000000 0.000000 
0.000000 0.000000 0.000000 0.000000 0.000000 0.000000 0.000000 0.000000 0.000000 0.000000 0.000000 166.041019 166.040578 166.039696 166.038814 166.038373 166.037491 166.037491 166.037491 166.037491 166.037491 166.037491 166.037932 166.038373 166.039696 166.040578 0.000000 0.000000 0.000000 0.000000 0.000000 0.000000 0.000000 0.000000 0.000000 0.000000 0.000000 0.000000 0.000000 
