test/output/constant/M3M495_S000_A000_WD000.0_WS030.0/M3M495_S000_A000_WD000.0_WS030.0_raz.asc
ncols         11
nrows         40
xllcorner     426103.990666
yllcorner     12744955.311160
cellsize      100.000000
NODATA_value  0.000000
0 0 0 0 288 288 25 0 0 0 0 
0 0 0 288 270 65535 90 71 0 0 0 
0 0 0 288 189 180 170 71 0 0 0 
0 0 288 288 189 180 168 71 71 0 0 
0 0 288 191 187 180 172 168 71 0 0 
0 0 334 243 180 180 166 170 25 0 0 
0 288 191 189 191 180 168 173 168 71 0 
0 260 193 189 180 180 179 175 166 168 0 
0 270 191 183 186 180 173 175 164 168 0 
0 191 229 184 189 180 170 168 170 168 0 
0 260 189 181 180 180 179 172 170 175 0 
0 243 189 180 184 180 175 176 170 170 0 
0 189 189 180 180 180 178 168 173 170 0 
270 229 187 186 180 180 179 173 172 168 170 
189 193 186 184 180 180 175 175 173 166 170 
229 189 184 183 180 180 175 176 175 170 170 
243 189 183 181 180 180 168 178 168 168 172 
191 193 186 189 180 180 179 170 173 166 166 
229 183 180 180 186 180 173 179 176 173 173 
243 181 189 187 180 180 179 172 170 172 175 
189 189 184 184 181 180 178 175 175 170 176 
191 186 181 180 180 180 168 176 178 173 176 
186 186 186 180 180 178 173 178 173 173 168 
189 180 180 187 180 180 173 172 172 170 170 
187 184 187 180 180 176 176 178 172 175 172 
183 180 184 187 180 180 176 172 175 166 172 
189 187 180 191 180 176 176 168 175 172 170 
189 183 183 180 180 180 176 179 176 176 170 
193 180 189 180 180 175 176 179 170 168 166 
0 184 180 180 180 180 176 176 179 175 0 
0 180 186 180 180 179 176 173 173 176 0 
0 180 184 180 180 180 176 176 175 176 0 
0 180 180 180 180 179 176 178 176 166 0 
0 180 180 183 180 180 176 176 178 170 0 
0 0 183 180 180 175 178 178 176 0 0 
0 0 180 180 180 180 178 175 178 0 0 
0 0 180 180 180 175 178 178 178 0 0 
0 0 0 180 180 180 178 175 0 0 0 
0 0 0 180 180 179 178 176 0 0 0 
0 0 0 0 180 180 178 0 0 0 0 
