test/output/constant/M490_S000_A090_WD180.0_WS045.0/M490_S000_A090_WD180.0_WS045.0_arrival.asc
ncols         7
nrows         40
xllcorner     426303.990666
yllcorner     12748755.311160
cellsize      100.000000
NODATA_value  0.000000
0.000000 0.000000 0.000000 166.041635 0.000000 0.000000 0.000000 
0.000000 0.000000 166.040777 166.040348 166.040777 0.000000 0.000000 
0.000000 0.000000 166.039918 166.039489 166.039918 0.000000 0.000000 
0.000000 166.041206 166.038631 166.038202 166.038631 166.041206 0.000000 
0.000000 166.039918 166.037772 166.037343 166.037772 166.039918 0.000000 
0.000000 166.039060 166.036914 166.036055 166.036914 166.039060 0.000000 
0.000000 166.038202 166.035626 166.035197 166.035626 166.038202 0.000000 
166.041206 166.036914 166.034768 166.033909 166.034768 166.036914 166.041206 
166.040348 166.036055 166.033480 166.033051 166.033480 166.036055 166.040348 
166.039489 166.034768 166.032622 166.031763 166.032622 166.034768 166.039489 
166.038631 166.033909 166.031334 166.030905 166.031334 166.033909 166.038631 
166.038202 166.033051 166.030475 166.029617 166.030475 166.033051 166.038202 
166.037343 166.032192 166.029188 166.028758 166.029188 166.032192 166.037343 
166.036485 166.030905 166.028329 166.027471 166.028329 166.030905 166.036485 
166.035626 166.030046 166.027042 166.026612 166.027042 166.030046 166.035626 
166.035197 166.029188 166.026183 166.025325 166.026183 166.029188 166.035197 
166.034338 166.027900 166.025325 166.024466 166.025325 166.027900 166.034338 
166.033480 166.027042 166.024037 166.023178 166.024037 166.027042 166.033480 
166.033051 166.026183 166.023178 166.022320 166.023178 166.026183 166.033051 
166.032192 166.025325 166.021891 166.021032 166.021891 166.025325 166.032192 
166.031763 166.024466 166.021032 166.020174 166.021032 166.024466 166.031763 
166.031334 166.023608 166.019745 166.018886 166.019745 166.023608 166.031334 
166.031334 166.023178 166.018886 166.018028 166.018886 166.023178 166.031334 
166.031334 166.022320 166.017598 166.016740 166.017598 166.022320 166.031334 
166.031334 166.021462 166.016740 166.015882 166.016740 166.021462 166.031334 
166.031763 166.020603 166.015882 166.014594 166.015882 166.020603 166.031763 
166.032192 166.020174 166.014594 166.013735 166.014594 166.020174 166.032192 
166.033051 166.019315 166.013735 166.012448 166.013735 166.019315 166.033051 
166.033909 166.018886 166.012448 166.011589 166.012448 166.018886 166.033909 
166.034768 166.018886 166.011589 166.010302 166.011589 166.018886 166.034768 
166.036485 166.018886 166.010731 166.009443 166.010731 166.018886 166.036485 
166.039060 166.019315 166.009443 166.008155 166.009443 166.019315 166.039060 
0.000000 166.019745 166.008585 166.007297 166.008585 166.019745 0.000000 
0.000000 166.021032 166.007726 166.006009 166.007726 166.021032 0.000000 
0.000000 166.022749 166.007297 166.005151 166.007297 166.022749 0.000000 
0.000000 166.025754 166.006438 166.003863 166.006438 166.025754 0.000000 
0.000000 166.031334 166.006438 166.003005 166.006438 166.031334 0.000000 
0.000000 0.000000 166.006868 166.001717 166.006868 0.000000 0.000000 
0.000000 0.000000 166.009443 166.000858 166.009443 0.000000 0.000000 
0.000000 0.000000 166.024466 166.000000 166.024466 0.000000 0.000000 
