test/output/constant/M390_S060_A180_WD045.0_WS050.0/M390_S060_A180_WD045.0_WS050.0_arrival.asc
ncols         10
nrows         41
xllcorner     426403.990666
yllcorner     12744855.311160
cellsize      100.000000
NODATA_value  0.000000
0.000000 0.000000 166.034621 0.000000 0.000000 0.000000 0.000000 0.000000 0.000000 0.000000 
0.000000 166.013704 166.000000 166.007934 166.034260 0.000000 0.000000 0.000000 0.000000 0.000000 
166.038227 166.010098 166.000721 166.003246 166.022359 0.000000 0.000000 0.000000 0.000000 0.000000 
166.033539 166.009737 166.001803 166.002885 166.015507 166.036785 0.000000 0.000000 0.000000 0.000000 
166.030654 166.010098 166.002885 166.003246 166.011180 166.028490 0.000000 0.000000 0.000000 0.000000 
166.028851 166.010458 166.003967 166.003967 166.009376 166.023081 0.000000 0.000000 0.000000 0.000000 
166.028129 166.011540 166.005049 166.005049 166.008655 166.019114 166.036063 0.000000 0.000000 0.000000 
166.027769 166.012622 166.006131 166.006131 166.008655 166.016950 166.031014 0.000000 0.000000 0.000000 
166.028129 166.013704 166.007213 166.007213 166.008655 166.015507 166.027408 0.000000 0.000000 0.000000 
166.028490 166.015147 166.008655 166.008295 166.009376 166.014786 166.024523 166.038948 0.000000 0.000000 
166.028851 166.016229 166.010098 166.009376 166.009737 166.014065 166.022720 166.035342 0.000000 0.000000 
166.028851 166.017310 166.011180 166.010458 166.010819 166.014065 166.021638 166.032457 0.000000 0.000000 
166.029933 166.018753 166.012622 166.011540 166.011540 166.014425 166.020556 166.030293 0.000000 0.000000 
166.031014 166.020195 166.014065 166.012622 166.012622 166.014786 166.020195 166.028851 166.040391 0.000000 
166.032096 166.021277 166.015147 166.013704 166.013704 166.015147 166.019835 166.027769 166.038227 0.000000 
166.033178 166.022720 166.016589 166.014786 166.014786 166.015868 166.019835 166.026687 166.036424 0.000000 
166.033900 166.024162 166.018032 166.015868 166.015868 166.016589 166.019835 166.025966 166.034981 0.000000 
166.034981 166.025244 166.019474 166.016950 166.016589 166.017310 166.020195 166.025605 166.033539 0.000000 
166.036424 166.026687 166.020556 166.018032 166.017671 166.018032 166.020556 166.025244 166.032457 0.000000 
166.037506 166.028129 166.021999 166.019114 166.018753 166.019114 166.021277 166.025244 166.032096 166.040752 
166.038588 166.029572 166.023441 166.020556 166.019835 166.019835 166.021638 166.025605 166.031375 166.039670 
166.039670 166.030654 166.024884 166.021638 166.020917 166.020917 166.022359 166.025966 166.031014 166.038588 
166.041112 166.032096 166.025966 166.023081 166.021999 166.021999 166.023081 166.026326 166.031014 166.037867 
0.000000 166.033539 166.027408 166.024162 166.023081 166.023081 166.023802 166.026687 166.031014 166.037506 
0.000000 166.034981 166.028851 166.025605 166.024162 166.024162 166.024884 166.027048 166.031014 166.036785 
0.000000 166.036063 166.030293 166.026687 166.025244 166.025244 166.025605 166.027769 166.031375 166.036785 
0.000000 166.037506 166.031736 166.028129 166.026326 166.026326 166.026687 166.028129 166.031736 166.036424 
0.000000 166.038948 166.032818 166.029572 166.027769 166.027408 166.027408 166.029211 166.032096 166.036424 
0.000000 166.040030 166.034260 166.031014 166.028851 166.028490 166.028490 166.029572 166.032457 166.036785 
0.000000 166.041473 166.035703 166.032096 166.029933 166.029572 166.029572 166.030654 166.033178 166.037145 
0.000000 0.000000 166.037145 166.033539 166.031014 166.030654 166.030654 166.031375 166.033900 166.037506 
0.000000 0.000000 166.038588 166.034621 166.032457 166.031736 166.031736 166.032096 166.034260 166.037867 
0.000000 0.000000 166.039670 166.036063 166.033539 166.032818 166.032818 166.033178 166.034981 166.038227 
0.000000 0.000000 166.041112 166.037506 166.034981 166.033900 166.033900 166.034260 166.035703 166.038588 
0.000000 0.000000 0.000000 166.038948 166.036063 166.034981 166.034981 166.034981 166.036424 166.038948 
0.000000 0.000000 0.000000 166.040030 166.037506 166.036063 166.035703 166.036063 166.037145 166.039670 
0.000000 0.000000 0.000000 166.041473 166.038588 166.037145 166.036785 166.037145 166.037867 166.040391 
0.000000 0.000000 0.000000 0.000000 166.040030 166.038588 166.038227 166.037867 166.038588 166.040752 
0.000000 0.000000 0.000000 0.000000 166.041112 166.039670 166.038948 166.038948 166.039670 166.041473 
0.000000 0.000000 0.000000 0.000000 0.000000 166.040752 166.040030 166.040030 166.040752 0.000000 
0.000000 0.000000 0.000000 0.000000 0.000000 0.000000 166.041473 166.041112 166.041473 0.000000 
