test/output/constant/M390_S060_A000_WD045.0_WS015.0/M390_S060_A000_WD045.0_WS015.0_raz.asc
ncols         58
nrows         15
xllcorner     420903.990666
yllcorner     12747455.311160
cellsize      100.000000
NODATA_value  0.000000
0 0 0 0 0 0 0 0 0 0 0 0 0 0 0 0 0 0 0 0 0 0 0 0 0 0 0 0 0 0 0 0 0 0 0 0 0 0 0 0 0 0 270 280 270 273 270 268 270 270 280 268 273 280 280 276 280 16 
0 0 0 0 0 0 0 0 0 0 0 0 0 0 0 0 0 0 0 0 0 0 0 0 0 0 0 0 0 0 0 0 270 270 276 268 280 270 273 280 268 273 270 273 270 268 270 273 270 280 273 268 268 260 266 258 258 65535 
0 0 0 0 0 0 0 0 0 0 0 0 0 0 0 0 0 0 0 0 0 0 0 0 0 0 0 268 270 270 270 276 270 270 280 273 270 268 276 270 268 280 270 263 268 263 268 265 265 258 258 258 258 258 258 257 219 139 
0 0 0 0 0 0 0 0 0 0 0 0 0 0 0 0 0 0 0 0 0 0 0 280 264 270 270 265 276 270 268 276 270 263 270 263 270 262 263 268 268 270 270 268 258 258 258 258 258 258 258 258 253 251 180 204 174 0 
0 0 0 0 0 0 0 0 0 0 0 0 0 0 0 0 0 0 0 276 270 276 268 273 276 270 265 268 266 270 268 263 270 262 268 265 265 273 268 258 260 258 258 258 258 258 258 258 253 228 252 251 251 250 250 0 0 0 
0 0 0 0 0 0 0 0 0 0 0 0 0 0 0 270 262 268 266 276 268 268 263 268 264 268 262 273 262 270 268 268 270 266 258 258 258 258 258 258 258 257 258 257 252 252 252 251 252 251 180 180 250 0 0 0 0 0 
0 0 0 0 0 0 0 0 0 0 0 0 270 270 262 263 270 263 270 263 273 261 276 266 262 266 273 261 273 258 258 258 258 258 258 258 258 258 258 256 252 252 252 219 251 228 204 251 204 251 219 0 0 0 0 0 0 0 
0 0 0 0 0 0 0 0 0 270 262 280 261 263 270 273 260 273 261 270 258 258 258 261 258 258 258 258 258 258 258 258 258 258 258 257 252 252 252 252 251 228 252 251 251 251 204 250 0 0 0 0 0 0 0 0 0 0 
0 0 0 0 0 0 266 270 262 268 266 270 268 276 264 273 270 258 258 258 258 263 258 258 258 258 257 258 258 257 258 257 252 252 252 252 252 252 251 251 252 251 251 252 251 0 0 0 0 0 0 0 0 0 0 0 0 0 
0 0 0 0 268 273 263 263 270 258 266 276 258 261 258 258 268 258 258 258 258 258 258 255 258 258 255 258 257 252 252 252 252 251 251 251 228 251 251 251 252 251 0 0 0 0 0 0 0 0 0 0 0 0 0 0 0 0 
0 0 266 265 266 270 270 258 258 258 265 258 258 258 258 258 258 258 258 258 258 258 258 251 257 252 253 180 252 252 251 251 251 251 251 251 251 219 0 0 0 0 0 0 0 0 0 0 0 0 0 0 0 0 0 0 0 0 
0 259 258 258 258 258 258 258 258 258 258 258 258 258 258 258 258 258 258 252 257 258 252 252 252 253 251 251 251 251 251 251 251 251 0 0 0 0 0 0 0 0 0 0 0 0 0 0 0 0 0 0 0 0 0 0 0 0 
258 258 258 258 258 258 258 258 258 258 257 258 258 258 258 252 258 257 252 252 219 251 251 251 251 219 251 252 251 251 0 0 0 0 0 0 0 0 0 0 0 0 0 0 0 0 0 0 0 0 0 0 0 0 0 0 0 0 
258 258 258 258 258 258 254 258 258 258 257 252 258 255 252 253 253 252 263 251 251 251 204 204 252 0 0 0 0 0 0 0 0 0 0 0 0 0 0 0 0 0 0 0 0 0 0 0 0 0 0 0 0 0 0 0 0 0 
258 258 258 258 258 258 256 257 252 255 253 252 252 251 252 251 251 251 251 0 0 0 0 0 0 0 0 0 0 0 0 0 0 0 0 0 0 0 0 0 0 0 0 0 0 0 0 0 0 0 0 0 0 0 0 0 0 0 
