test/output/constant/M390_S060_A000_WD045.0_WS015.0/M390_S060_A000_WD045.0_WS015.0_ros.asc
ncols         58
nrows         15
xllcorner     420903.990666
yllcorner     12747455.311160
cellsize      100.000000
NODATA_value  0.000000
0.000000 0.000000 0.000000 0.000000 0.000000 0.000000 0.000000 0.000000 0.000000 0.000000 0.000000 0.000000 0.000000 0.000000 0.000000 0.000000 0.000000 0.000000 0.000000 0.000000 0.000000 0.000000 0.000000 0.000000 0.000000 0.000000 0.000000 0.000000 0.000000 0.000000 0.000000 0.000000 0.000000 0.000000 0.000000 0.000000 0.000000 0.000000 0.000000 0.000000 0.000000 0.000000 35.219299 14.029928 35.219299 27.409464 35.219299 43.466923 35.219299 35.219299 14.029928 43.466923 27.409464 14.029928 14.029928 20.274269 14.029928 0.530345 
0.000000 0.000000 0.000000 0.000000 0.000000 0.000000 0.000000 0.000000 0.000000 0.000000 0.000000 0.000000 0.000000 0.000000 0.000000 0.000000 0.000000 0.000000 0.000000 0.000000 0.000000 0.000000 0.000000 0.000000 0.000000 0.000000 0.000000 0.000000 0.000000 0.000000 0.000000 0.000000 35.219299 35.219299 20.274269 43.466923 14.029928 35.219299 27.409464 14.029928 43.466923 27.409464 35.219299 27.409464 35.219299 43.466923 35.219299 27.409464 35.219299 14.029928 27.409464 43.466923 43.466923 92.678703 51.902084 98.092865 98.092865 -1.000000 
0.000000 0.000000 0.000000 0.000000 0.000000 0.000000 0.000000 0.000000 0.000000 0.000000 0.000000 0.000000 0.000000 0.000000 0.000000 0.000000 0.000000 0.000000 0.000000 0.000000 0.000000 0.000000 0.000000 0.000000 0.000000 0.000000 0.000000 43.466923 35.219299 35.219299 35.219299 20.274269 35.219299 35.219299 14.029928 27.409464 35.219299 43.466923 20.274269 35.219299 43.466923 14.029928 35.219299 75.790421 43.466923 75.790421 43.466923 60.268757 60.268757 98.092865 98.092865 98.092865 98.092865 98.092865 98.092865 97.538567 4.888950 0.556388 
0.000000 0.000000 0.000000 0.000000 0.000000 0.000000 0.000000 0.000000 0.000000 0.000000 0.000000 0.000000 0.000000 0.000000 0.000000 0.000000 0.000000 0.000000 0.000000 0.000000 0.000000 0.000000 0.000000 14.029928 68.312950 35.219299 35.219299 60.268757 20.274269 35.219299 43.466923 20.274269 35.219299 75.790421 35.219299 75.790421 35.219299 82.474121 75.790421 43.466923 43.466923 35.219299 35.219299 43.466923 98.092865 98.092865 98.092865 98.092865 98.092865 98.092865 98.092865 98.092865 81.635933 67.273125 1.187878 2.491346 1.015479 0.000000 
0.000000 0.000000 0.000000 0.000000 0.000000 0.000000 0.000000 0.000000 0.000000 0.000000 0.000000 0.000000 0.000000 0.000000 0.000000 0.000000 0.000000 0.000000 0.000000 20.274269 35.219299 20.274269 43.466923 27.409464 20.274269 35.219299 60.268757 43.466923 51.902084 35.219299 43.466923 75.790421 35.219299 82.474121 43.466923 60.268757 60.268757 27.409464 43.466923 98.092865 92.678703 98.092865 98.092865 98.092865 98.092865 98.092865 98.092865 98.092865 81.635933 8.501266 74.836266 67.273125 67.273125 59.176472 59.176472 0.000000 0.000000 0.000000 
0.000000 0.000000 0.000000 0.000000 0.000000 0.000000 0.000000 0.000000 0.000000 0.000000 0.000000 0.000000 0.000000 0.000000 0.000000 35.219299 82.474121 43.466923 51.902084 20.274269 43.466923 43.466923 75.790421 43.466923 68.312950 43.466923 82.474121 27.409464 82.474121 35.219299 43.466923 43.466923 35.219299 51.902084 98.092865 98.092865 98.092865 98.092865 98.092865 98.092865 98.092865 97.538567 98.092865 97.934265 74.836266 74.836266 74.836266 67.273125 74.836266 67.273125 1.187878 1.187878 59.176472 0.000000 0.000000 0.000000 0.000000 0.000000 
0.000000 0.000000 0.000000 0.000000 0.000000 0.000000 0.000000 0.000000 0.000000 0.000000 0.000000 0.000000 35.219299 35.219299 82.474121 75.790421 35.219299 75.790421 35.219299 75.790421 27.409464 88.161110 20.274269 51.902084 82.474121 51.902084 27.409464 88.161110 27.409464 98.092865 98.092865 98.092865 98.092865 98.092865 98.092865 98.092865 98.092865 98.092865 98.092865 95.539467 74.836266 74.836266 74.836266 4.888950 67.273125 8.501266 2.491346 67.273125 2.491346 67.273125 4.888950 0.000000 0.000000 0.000000 0.000000 0.000000 0.000000 0.000000 
0.000000 0.000000 0.000000 0.000000 0.000000 0.000000 0.000000 0.000000 0.000000 35.219299 82.474121 14.029928 88.161110 75.790421 35.219299 27.409464 92.678703 27.409464 88.161110 35.219299 98.092865 98.092865 98.092865 88.161110 98.092865 98.092865 98.092865 98.092865 98.092865 98.092865 98.092865 98.092865 98.092865 98.092865 98.092865 97.538567 74.836266 74.836266 74.836266 74.836266 67.273125 8.501266 74.836266 67.273125 67.273125 67.273125 2.491346 59.176472 0.000000 0.000000 0.000000 0.000000 0.000000 0.000000 0.000000 0.000000 0.000000 0.000000 
0.000000 0.000000 0.000000 0.000000 0.000000 0.000000 51.902084 35.219299 82.474121 43.466923 51.902084 35.219299 43.466923 20.274269 68.312950 27.409464 35.219299 98.092865 98.092865 98.092865 98.092865 75.790421 98.092865 98.092865 98.092865 98.092865 97.934265 98.092865 98.092865 97.538567 98.092865 97.934265 74.836266 74.836266 74.836266 74.836266 74.836266 74.836266 67.273125 67.273125 74.836266 67.273125 67.273125 74.836266 67.273125 0.000000 0.000000 0.000000 0.000000 0.000000 0.000000 0.000000 0.000000 0.000000 0.000000 0.000000 0.000000 0.000000 
0.000000 0.000000 0.000000 0.000000 43.466923 27.409464 75.790421 75.790421 35.219299 98.092865 51.902084 20.274269 98.092865 88.161110 98.092865 98.092865 43.466923 98.092865 98.092865 98.092865 98.092865 98.092865 98.092865 92.147346 98.092865 98.092865 92.147346 98.092865 97.538567 74.836266 74.836266 74.836266 74.836266 67.273125 67.273125 67.273125 8.501266 67.273125 67.273125 67.273125 74.836266 67.273125 0.000000 0.000000 0.000000 0.000000 0.000000 0.000000 0.000000 0.000000 0.000000 0.000000 0.000000 0.000000 0.000000 0.000000 0.000000 0.000000 
0.000000 0.000000 51.902084 60.268757 51.902084 35.219299 35.219299 98.092865 98.092865 98.092865 60.268757 98.092865 98.092865 98.092865 98.092865 98.092865 98.092865 98.092865 98.092865 98.092865 98.092865 98.092865 98.092865 67.273125 97.538567 74.836266 81.635933 1.187878 74.836266 74.836266 67.273125 67.273125 67.273125 67.273125 67.273125 67.273125 67.273125 4.888950 0.000000 0.000000 0.000000 0.000000 0.000000 0.000000 0.000000 0.000000 0.000000 0.000000 0.000000 0.000000 0.000000 0.000000 0.000000 0.000000 0.000000 0.000000 0.000000 0.000000 
0.000000 95.889748 98.092865 98.092865 98.092865 98.092865 98.092865 98.092865 98.092865 98.092865 98.092865 98.092865 98.092865 98.092865 98.092865 98.092865 98.092865 98.092865 98.092865 74.836266 97.538567 98.092865 74.836266 74.836266 74.836266 81.635933 67.273125 67.273125 67.273125 67.273125 67.273125 67.273125 67.273125 67.273125 0.000000 0.000000 0.000000 0.000000 0.000000 0.000000 0.000000 0.000000 0.000000 0.000000 0.000000 0.000000 0.000000 0.000000 0.000000 0.000000 0.000000 0.000000 0.000000 0.000000 0.000000 0.000000 0.000000 0.000000 
98.092865 98.092865 98.092865 98.092865 98.092865 98.092865 98.092865 98.092865 98.092865 98.092865 97.538567 98.092865 98.092865 98.092865 98.092865 74.836266 98.092865 97.538567 74.836266 74.836266 4.888950 67.273125 67.273125 67.273125 67.273125 4.888950 67.273125 74.836266 67.273125 67.273125 0.000000 0.000000 0.000000 0.000000 0.000000 0.000000 0.000000 0.000000 0.000000 0.000000 0.000000 0.000000 0.000000 0.000000 0.000000 0.000000 0.000000 0.000000 0.000000 0.000000 0.000000 0.000000 0.000000 0.000000 0.000000 0.000000 0.000000 0.000000 
98.092865 98.092865 98.092865 98.092865 98.092865 98.092865 87.465378 98.092865 98.092865 98.092865 97.934265 74.836266 98.092865 92.147346 74.836266 81.635933 81.635933 74.836266 75.790421 67.273125 67.273125 67.273125 2.491346 2.491346 74.836266 0.000000 0.000000 0.000000 0.000000 0.000000 0.000000 0.000000 0.000000 0.000000 0.000000 0.000000 0.000000 0.000000 0.000000 0.000000 0.000000 0.000000 0.000000 0.000000 0.000000 0.000000 0.000000 0.000000 0.000000 0.000000 0.000000 0.000000 0.000000 0.000000 0.000000 0.000000 0.000000 0.000000 
98.092865 98.092865 98.092865 98.092865 98.092865 98.092865 95.539467 97.934265 74.836266 92.147346 81.635933 74.836266 74.836266 67.273125 74.836266 67.273125 67.273125 67.273125 67.273125 0.000000 0.000000 0.000000 0.000000 0.000000 0.000000 0.000000 0.000000 0.000000 0.000000 0.000000 0.000000 0.000000 0.000000 0.000000 0.000000 0.000000 0.000000 0.000000 0.000000 0.000000 0.000000 0.000000 0.000000 0.000000 0.000000 0.000000 0.000000 0.000000 0.000000 0.000000 0.000000 0.000000 0.000000 0.000000 0.000000 0.000000 0.000000 0.000000 
