test/output/constant/M365_S060_A180_WD000.0_WS005.0/M365_S060_A180_WD000.0_WS005.0_arrival.asc
ncols         37
nrows         10
xllcorner     426603.990666
yllcorner     12748055.311160
cellsize      100.000000
NODATA_value  0.000000
0.000000 0.000000 0.000000 166.039764 166.037022 166.034737 166.034280 166.033823 166.034280 166.034280 166.035194 166.036108 166.037022 166.037936 166.039307 166.040222 166.041593 0.000000 0.000000 0.000000 0.000000 0.000000 0.000000 0.000000 0.000000 0.000000 0.000000 0.000000 0.000000 0.000000 0.000000 0.000000 0.000000 0.000000 0.000000 0.000000 0.000000 
166.021025 166.013255 166.011884 166.011884 166.012798 166.013712 166.015083 166.015997 166.017368 166.018740 166.020111 166.021482 166.022853 166.024681 166.026053 166.027424 166.028795 166.030623 166.031994 166.033823 166.035194 166.036565 166.038393 166.039764 166.041593 0.000000 0.000000 0.000000 0.000000 0.000000 0.000000 0.000000 0.000000 0.000000 0.000000 0.000000 0.000000 
166.000000 166.000914 166.001828 166.003199 166.004114 166.005485 166.006856 166.008227 166.009598 166.011427 166.012798 166.014169 166.015997 166.017368 166.018740 166.020568 166.021939 166.023767 166.025138 166.026967 166.028338 166.030166 166.031537 166.033366 166.034737 166.036565 166.037936 166.039764 166.041136 0.000000 0.000000 0.000000 0.000000 0.000000 0.000000 0.000000 0.000000 
166.011427 166.003657 166.003199 166.003657 166.004114 166.005485 166.006399 166.007770 166.009141 166.010055 166.011427 166.012341 166.013712 166.014626 166.015997 166.017368 166.018740 166.020111 166.021482 166.022853 166.024224 166.026053 166.027424 166.028795 166.030623 166.031994 166.033366 166.035194 166.036565 166.037936 166.039764 166.041136 0.000000 0.000000 0.000000 0.000000 0.000000 
0.000000 166.030166 166.018283 166.012798 166.010055 166.009598 166.009598 166.009598 166.010055 166.010512 166.011427 166.012341 166.013712 166.014626 166.015997 166.016911 166.018283 166.019197 166.020568 166.021482 166.022853 166.024224 166.025138 166.026510 166.027881 166.029252 166.030623 166.031994 166.033366 166.034737 166.036108 166.037479 166.039307 166.040679 0.000000 0.000000 0.000000 
0.000000 0.000000 0.000000 166.036108 166.027424 166.021939 166.018740 166.016911 166.015540 166.015540 166.015540 166.015540 166.015997 166.016454 166.016911 166.017825 166.018740 166.019654 166.020568 166.021939 166.022853 166.023767 166.025138 166.026510 166.027424 166.028795 166.029709 166.031080 166.031994 166.033366 166.034737 166.035651 166.037022 166.038393 166.039764 166.041136 0.000000 
0.000000 0.000000 0.000000 0.000000 0.000000 0.000000 166.037022 166.031080 166.027424 166.025138 166.023310 166.021939 166.021939 166.021482 166.021482 166.021482 166.021939 166.022396 166.022853 166.023310 166.024224 166.024681 166.025596 166.026510 166.027424 166.028795 166.029709 166.031080 166.031994 166.033366 166.034280 166.035651 166.036565 166.037936 166.038850 166.040222 166.041593 
0.000000 0.000000 0.000000 0.000000 0.000000 0.000000 0.000000 0.000000 0.000000 166.040222 166.036565 166.033823 166.031537 166.029709 166.028795 166.027881 166.027881 166.027881 166.027881 166.027881 166.027881 166.028338 166.028795 166.029252 166.029709 166.030623 166.031080 166.031994 166.032909 166.033823 166.034737 166.035651 166.037022 166.037936 166.039307 166.040222 166.041136 
0.000000 0.000000 0.000000 0.000000 0.000000 0.000000 0.000000 0.000000 0.000000 0.000000 0.000000 0.000000 0.000000 0.000000 166.040222 166.037936 166.036108 166.035194 166.034280 166.033823 166.033823 166.033823 166.033823 166.033823 166.033823 166.034280 166.034280 166.035194 166.035651 166.036108 166.037022 166.037479 166.038393 166.039307 166.040222 166.041136 0.000000 
0.000000 0.000000 0.000000 0.000000 0.000000 0.000000 0.000000 0.000000 0.000000 0.000000 0.000000 0.000000 0.000000 0.000000 0.000000 0.000000 0.000000 0.000000 0.000000 0.000000 166.041593 166.040679 166.040222 166.040222 166.040222 166.039764 166.039764 166.039764 166.040222 166.040222 166.040679 166.040679 166.041593 0.000000 0.000000 0.000000 0.000000 
