test/output/constant/M3M400_S060_A180_WD045.0_WS015.0/M3M400_S060_A180_WD045.0_WS015.0_raz.asc
ncols         44
nrows         19
xllcorner     426503.990666
yllcorner     12747155.311160
cellsize      100.000000
NODATA_value  0.000000
0 0 0 81 75 66 81 75 0 0 0 0 0 0 0 0 0 0 0 0 0 0 0 0 0 0 0 0 0 0 0 0 0 0 0 0 0 0 0 0 0 0 0 0 
359 359 75 93 81 86 86 93 81 86 86 86 86 86 90 0 0 0 0 0 0 0 0 0 0 0 0 0 0 0 0 0 0 0 0 0 0 0 0 0 0 0 0 0 
199 65535 109 81 106 75 97 81 86 93 93 95 95 81 75 81 86 86 86 90 0 0 0 0 0 0 0 0 0 0 0 0 0 0 0 0 0 0 0 0 0 0 0 0 
265 218 109 109 109 109 109 109 109 109 81 81 86 75 66 86 97 81 95 93 99 66 86 0 0 0 0 0 0 0 0 0 0 0 0 0 0 0 0 0 0 0 0 0 
0 218 179 265 109 109 109 109 109 109 106 101 109 81 109 86 105 108 108 108 104 97 81 97 81 95 0 0 0 0 0 0 0 0 0 0 0 0 0 0 0 0 0 0 
0 0 199 123 151 117 110 111 109 109 109 109 109 109 109 106 81 86 81 105 95 109 102 86 81 86 86 86 104 0 0 0 0 0 0 0 0 0 0 0 0 0 0 0 
0 0 0 179 179 119 119 218 113 109 109 109 109 109 109 109 106 109 81 101 109 97 97 95 66 97 108 86 104 97 102 0 0 0 0 0 0 0 0 0 0 0 0 0 
0 0 0 0 179 120 218 117 119 109 109 110 109 109 109 109 109 109 109 109 109 102 81 102 75 99 101 109 97 75 95 104 104 0 0 0 0 0 0 0 0 0 0 0 
0 0 0 0 0 0 123 120 151 119 111 111 110 109 109 109 109 109 109 109 109 109 99 109 86 109 105 102 101 101 109 102 99 97 81 0 0 0 0 0 0 0 0 0 
0 0 0 0 0 0 0 189 119 117 119 117 119 119 109 109 109 110 109 109 109 109 109 86 104 102 86 104 104 109 108 109 97 109 109 109 109 0 0 0 0 0 0 0 
0 0 0 0 0 0 0 0 0 119 119 117 117 218 109 109 109 109 113 111 109 109 109 109 109 108 86 102 102 75 101 109 109 75 109 75 99 109 0 0 0 0 0 0 
0 0 0 0 0 0 0 0 0 0 0 119 117 119 117 117 109 117 109 109 109 113 109 109 109 109 109 109 109 109 81 109 86 109 109 109 86 109 101 86 0 0 0 0 
0 0 0 0 0 0 0 0 0 0 0 0 0 119 119 119 119 117 117 117 115 115 109 109 109 109 109 109 109 109 109 109 101 109 81 109 109 109 109 101 109 0 0 0 
0 0 0 0 0 0 0 0 0 0 0 0 0 0 0 0 119 119 119 111 117 109 109 109 111 109 109 111 109 111 109 109 109 109 109 109 109 109 109 109 109 109 0 0 
0 0 0 0 0 0 0 0 0 0 0 0 0 0 0 0 0 0 119 119 110 109 109 113 109 109 109 109 109 109 109 109 109 109 109 109 109 109 109 109 109 109 101 0 
0 0 0 0 0 0 0 0 0 0 0 0 0 0 0 0 0 0 0 0 0 119 119 119 113 119 109 110 109 109 109 109 109 109 109 109 109 109 109 109 108 109 109 109 
0 0 0 0 0 0 0 0 0 0 0 0 0 0 0 0 0 0 0 0 0 0 0 0 119 119 265 109 109 109 109 109 109 109 109 109 109 109 109 109 109 109 109 109 
0 0 0 0 0 0 0 0 0 0 0 0 0 0 0 0 0 0 0 0 0 0 0 0 0 0 0 0 109 111 110 109 109 111 109 109 109 109 109 109 109 109 109 109 
0 0 0 0 0 0 0 0 0 0 0 0 0 0 0 0 0 0 0 0 0 0 0 0 0 0 0 0 0 0 0 0 0 110 113 109 109 109 109 109 109 109 0 0 
