test/output/constant/M3M480_S060_A090_WD225.0_WS020.0/M3M480_S060_A090_WD225.0_WS020.0_ros.asc
ncols         17
nrows         26
xllcorner     426503.990666
yllcorner     12746355.311160
cellsize      100.000000
NODATA_value  0.000000
1.590394 2.322339 2.322339 0.000000 0.000000 0.000000 0.000000 0.000000 0.000000 0.000000 0.000000 0.000000 0.000000 0.000000 0.000000 0.000000 0.000000 
7.448226 -1.000000 2.732480 2.732480 3.371294 0.000000 0.000000 0.000000 0.000000 0.000000 0.000000 0.000000 0.000000 0.000000 0.000000 0.000000 0.000000 
10.077956 46.833626 46.651947 33.296303 3.371294 3.371294 0.000000 0.000000 0.000000 0.000000 0.000000 0.000000 0.000000 0.000000 0.000000 0.000000 0.000000 
7.448226 46.828384 46.833626 29.668482 29.668482 4.674747 4.674747 0.000000 0.000000 0.000000 0.000000 0.000000 0.000000 0.000000 0.000000 0.000000 0.000000 
20.176725 20.176725 46.833626 46.833626 46.833626 33.296303 2.028721 29.668482 0.000000 0.000000 0.000000 0.000000 0.000000 0.000000 0.000000 0.000000 0.000000 
20.176725 31.490810 46.312607 46.833626 44.336945 3.371294 2.322339 33.296303 2.732480 0.000000 0.000000 0.000000 0.000000 0.000000 0.000000 0.000000 0.000000 
7.448226 13.134151 46.312607 46.833626 46.833626 46.833626 46.833626 33.296303 33.296303 0.000000 0.000000 0.000000 0.000000 0.000000 0.000000 0.000000 0.000000 
0.000000 7.448226 31.490810 41.049080 46.833626 46.833626 46.833626 39.698692 2.732480 29.668482 0.000000 0.000000 0.000000 0.000000 0.000000 0.000000 0.000000 
0.000000 5.312134 38.232555 43.378685 46.833626 46.833626 46.833626 46.833626 3.371294 29.668482 2.732480 0.000000 0.000000 0.000000 0.000000 0.000000 0.000000 
0.000000 23.959379 27.768665 38.232555 43.378685 46.833626 46.833626 46.833626 46.833626 29.668482 29.668482 0.000000 0.000000 0.000000 0.000000 0.000000 0.000000 
0.000000 0.000000 27.768665 41.049080 46.833626 46.833626 46.833626 46.833626 46.833626 45.809467 46.833626 33.296303 0.000000 0.000000 0.000000 0.000000 0.000000 
0.000000 0.000000 5.312134 7.448226 10.077956 5.312134 46.833626 46.833626 29.668482 46.651947 39.698692 29.668482 2.322339 0.000000 0.000000 0.000000 0.000000 
0.000000 0.000000 0.000000 27.768665 46.833626 46.312607 46.833626 46.833626 46.833626 46.833626 3.371294 3.371294 45.809467 0.000000 0.000000 0.000000 0.000000 
0.000000 0.000000 0.000000 13.134151 5.312134 46.312607 46.833626 46.833626 46.833626 46.833626 2.732480 45.809467 46.833626 29.668482 0.000000 0.000000 0.000000 
0.000000 0.000000 0.000000 0.000000 20.176725 46.833626 46.833626 46.833626 46.833626 46.833626 46.833626 46.833626 29.668482 33.296303 0.000000 0.000000 0.000000 
0.000000 0.000000 0.000000 0.000000 31.490810 43.378685 45.151031 46.828384 46.833626 46.833626 46.833626 46.833626 46.651947 46.833626 3.371294 0.000000 0.000000 
0.000000 0.000000 0.000000 0.000000 0.000000 46.828384 45.151031 46.833626 46.833626 46.833626 46.833626 42.279182 46.833626 46.651947 46.833626 0.000000 0.000000 
0.000000 0.000000 0.000000 0.000000 0.000000 46.833626 46.833626 43.378685 46.833626 46.833626 46.651947 46.833626 45.809467 46.833626 44.336945 11.677207 0.000000 
0.000000 0.000000 0.000000 0.000000 0.000000 0.000000 7.448226 7.448226 41.049080 46.312607 46.833626 46.833626 46.833626 46.833626 46.833626 39.698692 0.000000 
0.000000 0.000000 0.000000 0.000000 0.000000 0.000000 0.000000 45.151031 46.312607 38.232555 46.833626 46.833626 46.833626 46.833626 44.336945 2.732480 0.000000 
0.000000 0.000000 0.000000 0.000000 0.000000 0.000000 0.000000 43.378685 46.312607 35.014122 46.833626 46.833626 46.833626 46.833626 46.833626 46.833626 0.000000 
0.000000 0.000000 0.000000 0.000000 0.000000 0.000000 0.000000 0.000000 46.833626 46.833626 35.014122 46.833626 46.833626 46.833626 46.651947 46.833626 46.833626 
0.000000 0.000000 0.000000 0.000000 0.000000 0.000000 0.000000 0.000000 0.000000 46.833626 38.232555 46.833626 46.833626 46.651947 46.833626 39.698692 46.651947 
0.000000 0.000000 0.000000 0.000000 0.000000 0.000000 0.000000 0.000000 0.000000 0.000000 46.828384 35.014122 46.833626 46.833626 46.833626 46.833626 46.833626 
0.000000 0.000000 0.000000 0.000000 0.000000 0.000000 0.000000 0.000000 0.000000 0.000000 0.000000 31.490810 43.378685 46.833626 46.833626 46.833626 46.833626 
0.000000 0.000000 0.000000 0.000000 0.000000 0.000000 0.000000 0.000000 0.000000 0.000000 0.000000 0.000000 38.232555 46.833626 46.833626 46.833626 46.833626 
