test/output/constant/M380_S000_A270_WD000.0_WS035.0/M380_S000_A270_WD000.0_WS035.0_arrival.asc
ncols         9
nrows         43
xllcorner     426203.990666
yllcorner     12744655.311160
cellsize      100.000000
NODATA_value  0.000000
0.000000 0.000000 0.000000 0.000000 166.031005 0.000000 0.000000 0.000000 0.000000 
0.000000 0.000000 0.000000 166.011015 166.000000 166.011015 0.000000 0.000000 0.000000 
0.000000 0.000000 166.030189 166.005711 166.000816 166.005711 166.030189 0.000000 0.000000 
0.000000 0.000000 166.022846 166.004896 166.001632 166.004896 166.022846 0.000000 0.000000 
0.000000 166.040796 166.018358 166.004896 166.002856 166.004896 166.018358 166.040796 0.000000 
0.000000 166.035492 166.015910 166.005303 166.003672 166.005303 166.015910 166.035492 0.000000 
0.000000 166.031005 166.015094 166.006119 166.004896 166.006119 166.015094 166.031005 0.000000 
0.000000 166.028557 166.014279 166.006935 166.005711 166.006935 166.014279 166.028557 0.000000 
0.000000 166.026517 166.014279 166.007751 166.006935 166.007751 166.014279 166.026517 0.000000 
166.040388 166.025293 166.014279 166.008567 166.007751 166.008567 166.014279 166.025293 166.040388 
166.038348 166.024478 166.014279 166.009791 166.008975 166.009791 166.014279 166.024478 166.038348 
166.036716 166.024070 166.014687 166.010607 166.009791 166.010607 166.014687 166.024070 166.036716 
166.035492 166.023662 166.015502 166.011831 166.011015 166.011831 166.015502 166.023662 166.035492 
166.034677 166.023254 166.016318 166.012647 166.011831 166.012647 166.016318 166.023254 166.034677 
166.033861 166.023662 166.016726 166.013463 166.013055 166.013463 166.016726 166.023662 166.033861 
166.033453 166.023662 166.017542 166.014687 166.013871 166.014687 166.017542 166.023662 166.033453 
166.033045 166.023662 166.018358 166.015502 166.015094 166.015502 166.018358 166.023662 166.033045 
166.032637 166.024478 166.019174 166.016726 166.015910 166.016726 166.019174 166.024478 166.032637 
166.032637 166.024886 166.019990 166.017542 166.017134 166.017542 166.019990 166.024886 166.032637 
166.032637 166.025701 166.020806 166.018358 166.017950 166.018358 166.020806 166.025701 166.032637 
166.032637 166.026109 166.021622 166.019582 166.019174 166.019582 166.021622 166.026109 166.032637 
166.033045 166.026925 166.022846 166.020398 166.019990 166.020398 166.022846 166.026925 166.033045 
166.033045 166.027741 166.023662 166.021622 166.021214 166.021622 166.023662 166.027741 166.033045 
166.033861 166.028557 166.024478 166.022438 166.022030 166.022438 166.024478 166.028557 166.033861 
166.034269 166.028965 166.025701 166.023662 166.023254 166.023662 166.025701 166.028965 166.034269 
166.035085 166.029781 166.026517 166.024478 166.024070 166.024478 166.026517 166.029781 166.035085 
166.035492 166.030597 166.027333 166.025701 166.025293 166.025701 166.027333 166.030597 166.035492 
166.036308 166.031413 166.028557 166.026517 166.026109 166.026517 166.028557 166.031413 166.036308 
166.037124 166.032229 166.029373 166.027333 166.027333 166.027333 166.029373 166.032229 166.037124 
166.037940 166.033045 166.030189 166.028557 166.028149 166.028557 166.030189 166.033045 166.037940 
166.038348 166.033861 166.031413 166.029373 166.029373 166.029373 166.031413 166.033861 166.038348 
166.039164 166.034677 166.032229 166.030597 166.030189 166.030597 166.032229 166.034677 166.039164 
166.039980 166.035900 166.033045 166.031413 166.031413 166.031413 166.033045 166.035900 166.039980 
166.040796 166.036716 166.034269 166.032637 166.032229 166.032637 166.034269 166.036716 166.040796 
166.041204 166.037532 166.035085 166.033453 166.033453 166.033453 166.035085 166.037532 166.041204 
0.000000 166.038756 166.036308 166.034677 166.034269 166.034677 166.036308 166.038756 0.000000 
0.000000 166.039572 166.037124 166.035492 166.035492 166.035492 166.037124 166.039572 0.000000 
0.000000 166.040388 166.038348 166.036716 166.036308 166.036716 166.038348 166.040388 0.000000 
0.000000 166.041612 166.039164 166.037532 166.037532 166.037532 166.039164 166.041612 0.000000 
0.000000 0.000000 166.040388 166.038756 166.038348 166.038756 166.040388 0.000000 0.000000 
0.000000 0.000000 166.041204 166.039572 166.039572 166.039572 166.041204 0.000000 0.000000 
0.000000 0.000000 0.000000 166.040796 166.040388 166.040796 0.000000 0.000000 0.000000 
0.000000 0.000000 0.000000 166.041612 166.041612 166.041612 0.000000 0.000000 0.000000 
