test/output/constant/M3100_S000_A090_WD000.0_WS045.0/M3100_S000_A090_WD000.0_WS045.0_raz.asc
ncols         11
nrows         63
xllcorner     426103.990666
yllcorner     12742555.311160
cellsize      100.000000
NODATA_value  0.000000
0 0 0 0 270 65535 90 0 0 0 0 
0 0 0 295 186 180 173 64 0 0 0 
0 0 0 295 223 180 173 64 0 0 0 
0 0 0 186 186 180 174 173 0 0 0 
0 0 254 240 184 180 175 119 171 0 0 
0 0 254 186 180 180 174 173 171 0 0 
0 0 186 186 184 180 175 173 173 0 0 
0 0 270 186 180 180 178 173 173 0 0 
0 254 186 188 180 180 178 171 173 171 0 
0 240 186 186 180 180 179 171 173 119 0 
0 186 186 183 180 180 177 175 173 173 0 
0 212 186 183 180 180 178 175 173 147 0 
0 189 223 184 185 180 174 175 173 170 0 
0 186 185 180 180 180 179 173 174 173 0 
0 186 186 182 182 180 177 177 173 173 0 
0 186 186 184 180 180 175 175 171 173 0 
186 186 223 182 180 180 175 177 175 173 173 
186 186 223 184 180 180 177 175 175 174 173 
223 186 182 180 180 180 177 178 175 174 173 
188 186 181 180 180 180 179 171 175 174 171 
188 188 185 184 180 180 179 175 174 171 171 
223 184 180 180 185 180 174 176 174 173 174 
188 186 182 180 180 180 178 179 177 174 171 
186 223 184 180 183 180 176 176 175 176 173 
186 223 180 183 180 180 177 176 171 176 173 
186 182 183 180 181 180 178 177 176 173 174 
186 185 188 180 180 180 174 178 171 174 173 
186 181 182 183 182 180 177 176 177 175 171 
185 185 180 183 180 180 176 176 171 174 174 
186 181 183 180 184 180 175 177 176 174 174 
181 182 180 180 180 180 178 177 178 177 177 
181 183 185 180 180 180 178 173 174 176 177 
182 185 184 180 183 180 176 179 175 174 173 
185 180 181 183 180 180 179 176 178 176 174 
183 185 182 184 181 180 178 175 177 174 176 
181 182 180 180 180 180 176 179 171 177 174 
188 184 180 180 180 180 180 176 179 175 171 
182 180 180 180 180 180 179 179 177 171 173 
182 184 182 180 180 180 177 180 177 175 177 
183 182 183 180 180 180 173 178 176 177 176 
180 180 180 180 180 180 176 178 177 174 174 
180 182 180 182 184 180 175 177 177 177 177 
183 189 182 180 180 180 173 179 177 170 176 
180 184 180 183 181 180 178 176 171 175 174 
180 182 180 180 180 180 176 177 179 177 176 
186 180 181 180 180 179 178 178 178 173 173 
181 180 184 180 180 180 177 179 175 173 178 
184 180 180 180 180 179 179 179 177 179 175 
180 181 180 185 180 180 176 174 177 178 177 
0 183 181 180 180 179 179 178 178 176 0 
0 180 180 181 180 180 176 178 171 178 0 
0 180 180 180 180 179 179 170 179 178 0 
0 180 182 180 180 180 176 179 177 179 0 
0 182 180 181 180 179 179 178 170 177 0 
0 180 180 180 180 180 176 177 179 173 0 
0 0 183 180 180 179 179 180 176 0 0 
0 0 180 180 180 180 176 177 175 0 0 
0 0 180 180 180 179 179 180 174 0 0 
0 0 180 180 180 180 176 178 178 0 0 
0 0 0 180 180 179 179 180 0 0 0 
0 0 0 180 180 180 176 178 0 0 0 
0 0 0 0 180 179 180 0 0 0 0 
0 0 0 0 180 180 177 0 0 0 0 
