test/output/constant/M1M280_S060_A090_WD315.0_WS015.0/M1M280_S060_A090_WD315.0_WS015.0_arrival.asc
ncols         10
nrows         26
xllcorner     426503.990666
yllcorner     12746255.311160
cellsize      100.000000
NODATA_value  0.000000
0.000000 166.000000 166.013126 0.000000 0.000000 0.000000 0.000000 0.000000 0.000000 0.000000 
166.040002 166.001250 166.003125 166.036877 0.000000 0.000000 0.000000 0.000000 0.000000 0.000000 
166.038127 166.002500 166.003125 166.015626 0.000000 0.000000 0.000000 0.000000 0.000000 0.000000 
166.039377 166.005000 166.004375 166.009376 166.034377 0.000000 0.000000 0.000000 0.000000 0.000000 
0.000000 166.008125 166.006250 166.008751 166.023126 0.000000 0.000000 0.000000 0.000000 0.000000 
0.000000 166.011876 166.007500 166.008751 166.016876 166.040002 0.000000 0.000000 0.000000 0.000000 
0.000000 166.015626 166.009376 166.009376 166.015001 166.030002 0.000000 0.000000 0.000000 0.000000 
0.000000 166.020001 166.011251 166.011251 166.014376 166.024376 0.000000 0.000000 0.000000 0.000000 
0.000000 166.024376 166.013751 166.012501 166.014376 166.021251 166.037502 0.000000 0.000000 0.000000 
0.000000 166.028752 166.016876 166.014376 166.014376 166.020001 166.031252 0.000000 0.000000 0.000000 
0.000000 166.032502 166.020001 166.016251 166.015626 166.019376 166.028127 0.000000 0.000000 0.000000 
0.000000 166.037502 166.023751 166.018126 166.017501 166.019376 166.026252 166.038752 0.000000 0.000000 
0.000000 166.041667 166.027502 166.020001 166.019376 166.020001 166.025626 166.035002 0.000000 0.000000 
0.000000 0.000000 166.030627 166.023126 166.020626 166.021251 166.025001 166.033127 0.000000 0.000000 
0.000000 0.000000 166.035002 166.025626 166.022501 166.022501 166.025001 166.031877 0.000000 0.000000 
0.000000 0.000000 166.038752 166.028752 166.024376 166.024376 166.025626 166.030627 166.040002 0.000000 
0.000000 0.000000 0.000000 166.031877 166.026877 166.025626 166.026252 166.030627 166.038127 0.000000 
0.000000 0.000000 0.000000 166.035627 166.029377 166.027502 166.027502 166.030627 166.036877 0.000000 
0.000000 0.000000 0.000000 166.039377 166.031877 166.029377 166.028752 166.031252 166.036252 0.000000 
0.000000 0.000000 0.000000 0.000000 166.035002 166.031252 166.030627 166.031252 166.036252 0.000000 
0.000000 0.000000 0.000000 0.000000 166.038127 166.033127 166.032502 166.032502 166.036252 0.000000 
0.000000 0.000000 0.000000 0.000000 166.040627 166.035627 166.033752 166.033752 166.036252 166.041667 
0.000000 0.000000 0.000000 0.000000 0.000000 166.038127 166.035627 166.035627 166.036877 166.041667 
0.000000 0.000000 0.000000 0.000000 0.000000 166.041252 166.037502 166.037502 166.038127 166.041667 
0.000000 0.000000 0.000000 0.000000 0.000000 0.000000 166.040002 166.038752 166.038752 0.000000 
0.000000 0.000000 0.000000 0.000000 0.000000 0.000000 0.000000 166.040627 166.040627 0.000000 
