test/output/constant/M3M400_S060_A270_WD045.0_WS015.0/M3M400_S060_A270_WD045.0_WS015.0_raz.asc
ncols         19
nrows         44
xllcorner     425003.990666
yllcorner     12748655.311160
cellsize      100.000000
NODATA_value  0.000000
0 340 340 340 0 0 0 0 0 0 0 0 0 0 0 0 0 0 0 
0 340 340 359 348 0 0 0 0 0 0 0 0 0 0 0 0 0 0 
340 340 340 340 359 350 0 0 0 0 0 0 0 0 0 0 0 0 0 
340 340 340 341 359 352 348 0 0 0 0 0 0 0 0 0 0 0 0 
340 340 340 340 354 340 350 3 0 0 0 0 0 0 0 0 0 0 0 
340 340 340 340 340 340 348 359 0 0 0 0 0 0 0 0 0 0 0 
340 340 340 340 340 359 359 359 359 0 0 0 0 0 0 0 0 0 0 
340 340 340 340 340 359 340 3 354 359 0 0 0 0 0 0 0 0 0 
340 340 340 340 340 340 348 359 14 359 0 0 0 0 0 0 0 0 0 
334 340 340 340 340 340 8 359 340 356 8 0 0 0 0 0 0 0 0 
335 335 340 340 340 340 359 347 14 359 356 0 0 0 0 0 0 0 0 
0 335 340 340 340 340 348 3 352 352 356 356 0 0 0 0 0 0 0 
0 332 335 340 340 340 340 340 354 359 359 356 0 0 0 0 0 0 0 
0 335 340 340 340 340 340 8 348 356 359 359 359 0 0 0 0 0 0 
0 332 340 340 340 338 340 359 14 359 359 14 359 0 0 0 0 0 0 
0 298 332 340 340 340 340 340 347 354 348 354 354 359 0 0 0 0 0 
0 0 298 336 340 338 340 340 347 347 359 356 3 3 0 0 0 0 0 
0 0 298 298 335 340 340 340 3 3 344 359 359 3 0 0 0 0 0 
0 0 330 330 335 340 340 340 340 347 345 356 356 3 356 0 0 0 0 
0 0 330 330 330 335 340 340 340 345 3 14 23 8 8 0 0 0 0 
0 0 0 330 330 298 340 340 340 3 359 359 356 3 359 0 0 0 0 
0 0 0 330 332 330 340 340 340 340 350 8 356 359 8 3 0 0 0 
0 0 0 298 298 286 334 336 340 340 350 348 352 359 359 23 0 0 0 
0 0 0 0 286 332 334 340 340 340 340 348 359 354 359 359 0 0 0 
0 0 0 0 330 298 332 335 338 340 340 340 359 359 359 359 359 0 0 
0 0 0 0 330 286 332 330 336 340 340 354 359 8 356 356 359 0 0 
0 0 0 0 0 330 286 332 340 339 340 340 350 3 359 8 3 0 0 
0 0 0 0 0 286 330 332 335 340 340 340 343 8 356 359 359 0 0 
0 0 0 0 0 0 330 332 330 340 340 340 340 352 356 3 8 0 0 
0 0 0 0 0 0 286 332 286 270 340 340 340 359 359 23 14 359 0 
0 0 0 0 0 0 286 286 298 330 340 340 340 352 8 14 8 359 0 
0 0 0 0 0 0 0 270 332 330 335 340 340 350 359 3 359 359 0 
0 0 0 0 0 0 0 330 332 298 332 336 340 340 359 8 359 359 0 
0 0 0 0 0 0 0 0 330 330 286 335 340 340 345 8 359 3 0 
0 0 0 0 0 0 0 0 286 270 270 298 340 340 359 359 359 3 0 
0 0 0 0 0 0 0 0 0 298 298 330 298 340 340 359 359 8 0 
0 0 0 0 0 0 0 0 0 270 286 332 298 340 340 350 8 359 14 
0 0 0 0 0 0 0 0 0 0 326 270 330 339 340 359 359 359 8 
0 0 0 0 0 0 0 0 0 0 0 270 270 332 340 340 14 3 23 
0 0 0 0 0 0 0 0 0 0 0 270 270 298 340 340 356 8 14 
0 0 0 0 0 0 0 0 0 0 0 0 270 326 332 340 8 359 8 
0 0 0 0 0 0 0 0 0 0 0 0 0 270 270 340 340 14 0 
0 0 0 0 0 0 0 0 0 0 0 0 0 0 270 270 65535 90 0 
0 0 0 0 0 0 0 0 0 0 0 0 0 0 0 184 250 90 0 
