test/output/constant/M3M400_S060_A270_WD045.0_WS015.0/M3M400_S060_A270_WD045.0_WS015.0_intensity.asc
ncols         19
nrows         44
xllcorner     425003.990666
yllcorner     12748655.311160
cellsize      100.000000
NODATA_value  0.000000
0 68475 68475 68475 0 0 0 0 0 0 0 0 0 0 0 0 0 0 0 
0 68475 68475 25452 52958 0 0 0 0 0 0 0 0 0 0 0 0 0 0 
68475 68475 68475 68475 25452 47860 0 0 0 0 0 0 0 0 0 0 0 0 0 
68475 68475 68475 68431 25452 42393 52958 0 0 0 0 0 0 0 0 0 0 0 0 
68475 68475 68475 68475 36721 68475 47860 20194 0 0 0 0 0 0 0 0 0 0 0 
68475 68475 68475 68475 68475 68475 52958 25452 0 0 0 0 0 0 0 0 0 0 0 
68475 68475 68475 68475 68475 25452 25452 25452 25452 0 0 0 0 0 0 0 0 0 0 
68475 68475 68475 68475 68475 25452 68475 20194 36721 25452 0 0 0 0 0 0 0 0 0 
68475 68475 68475 68475 68475 68475 52958 25452 11208 25452 0 0 0 0 0 0 0 0 0 
56155 68475 68475 68475 68475 68475 15399 25452 68475 31017 15399 0 0 0 0 0 0 0 0 
60287 60287 68475 68475 68475 68475 25452 57532 11208 25452 31017 0 0 0 0 0 0 0 0 
0 60287 68475 68475 68475 68475 52958 20194 42393 42393 31017 31017 0 0 0 0 0 0 0 
0 51406 60287 68475 68475 68475 68475 68475 36721 25452 25452 31017 0 0 0 0 0 0 0 
0 60287 68475 68475 68475 68475 68475 15399 52958 31017 25452 25452 25452 0 0 0 0 0 0 
0 51406 68475 68475 68475 66216 68475 25452 11208 25452 25452 11208 25452 0 0 0 0 0 0 
0 7033 51406 68475 68475 68475 68475 68475 57532 36721 52958 36721 36721 25452 0 0 0 0 0 
0 0 7033 63675 68475 66216 68475 68475 57532 57532 25452 31017 20194 20194 0 0 0 0 0 
0 0 7033 7033 60287 68475 68475 68475 20194 20194 64576 25452 25452 20194 0 0 0 0 0 
0 0 46183 46183 60287 68475 68275 68475 68475 57532 61444 31017 31017 20194 31017 0 0 0 0 
0 0 46183 46183 46183 60287 68475 68475 68475 61444 20194 11208 7743 15399 15399 0 0 0 0 
0 0 0 46183 46183 7033 68475 68475 68475 20194 25452 25452 31017 20194 25452 0 0 0 0 
0 0 0 46183 51406 46183 68475 68475 68475 68475 47860 15399 31017 25452 15399 20194 0 0 0 
0 0 0 7033 7033 4665 56155 63675 68475 68475 47860 52958 42393 25452 25452 7743 0 0 0 
0 0 0 0 4665 51406 56155 68475 68475 68475 68475 52958 25452 36721 25452 25452 0 0 0 
0 0 0 0 46183 7033 51406 60287 66216 68475 68475 68475 25452 25452 25452 25452 25452 0 0 
0 0 0 0 46183 4665 51406 46183 63675 68475 68475 36721 25452 15399 31017 31017 25452 0 0 
0 0 0 0 0 46183 4665 51406 68275 67833 68475 68475 47860 20194 25452 15399 20194 0 0 
0 0 0 0 0 4665 46183 51406 60287 68475 68475 68475 66832 15399 31017 25452 25452 0 0 
0 0 0 0 0 0 46183 51406 46183 68475 68475 68475 68475 42393 31017 20194 15399 0 0 
0 0 0 0 0 0 4665 51406 4665 3110 68475 68475 68475 25452 25452 7743 11208 25452 0 
0 0 0 0 0 0 4665 4665 7033 46183 68475 68475 68475 42393 15399 11208 15399 25452 0 
0 0 0 0 0 0 0 3110 51406 46183 60287 68475 68475 47860 25452 20194 25452 25452 0 
0 0 0 0 0 0 0 46183 51406 7033 51406 63675 68475 68475 25452 15399 25452 25452 0 
0 0 0 0 0 0 0 0 46183 46183 4665 60287 68475 68475 61444 15399 25452 20194 0 
0 0 0 0 0 0 0 0 4665 3110 3110 7033 68475 68475 25452 25452 25452 20194 0 
0 0 0 0 0 0 0 0 0 7033 7033 46183 7033 68475 68475 25452 25452 15399 0 
0 0 0 0 0 0 0 0 0 3110 4665 51406 7033 68475 68475 47860 15399 25452 11208 
0 0 0 0 0 0 0 0 0 0 34961 3110 46183 67833 68475 25452 25452 25452 15399 
0 0 0 0 0 0 0 0 0 0 0 3110 3110 51406 68475 68475 11208 20194 7743 
0 0 0 0 0 0 0 0 0 0 0 3110 3110 7033 68475 68475 31017 15399 11208 
0 0 0 0 0 0 0 0 0 0 0 0 3110 34961 51406 68475 15399 25452 15399 
0 0 0 0 0 0 0 0 0 0 0 0 0 3110 3110 68475 68475 11208 0 
0 0 0 0 0 0 0 0 0 0 0 0 0 0 3110 3110 0 1778 0 
0 0 0 0 0 0 0 0 0 0 0 0 0 0 0 1634 2251 1778 0 
