test/output/constant/M185_S060_A270_WD180.0_WS025.0/M185_S060_A270_WD180.0_WS025.0_arrival.asc
ncols         7
nrows         37
xllcorner     426303.990666
yllcorner     12748755.311160
cellsize      100.000000
NODATA_value  0.000000
0.000000 0.000000 0.000000 166.041014 0.000000 0.000000 0.000000 
0.000000 0.000000 166.041014 166.040093 166.041014 0.000000 0.000000 
0.000000 0.000000 166.039632 166.038710 166.039632 0.000000 0.000000 
0.000000 166.041667 166.038710 166.037788 166.038710 166.041667 0.000000 
0.000000 166.040553 166.037328 166.036406 166.037328 166.040553 0.000000 
0.000000 166.039632 166.036406 166.035484 166.036406 166.039632 0.000000 
0.000000 166.038710 166.035023 166.034102 166.035023 166.038710 0.000000 
0.000000 166.037788 166.034102 166.033180 166.034102 166.037788 0.000000 
0.000000 166.036406 166.032719 166.031798 166.032719 166.036406 0.000000 
0.000000 166.035484 166.031798 166.030876 166.031798 166.035484 0.000000 
0.000000 166.034563 166.030876 166.029493 166.030876 166.034563 0.000000 
166.041475 166.033180 166.029493 166.028572 166.029493 166.033180 166.041475 
166.040553 166.032258 166.028572 166.027189 166.028572 166.032258 166.040553 
166.040093 166.031337 166.027189 166.026268 166.027189 166.031337 166.040093 
166.039171 166.030415 166.026268 166.024885 166.026268 166.030415 166.039171 
166.039171 166.029493 166.024885 166.023963 166.024885 166.029493 166.039171 
166.038710 166.029033 166.023963 166.022581 166.023963 166.029033 166.038710 
166.039171 166.028111 166.022581 166.021659 166.022581 166.028111 166.039171 
166.039171 166.027189 166.021659 166.020277 166.021659 166.027189 166.039171 
166.039171 166.026268 166.020738 166.019355 166.020738 166.026268 166.039171 
166.039632 166.025807 166.019355 166.017973 166.019355 166.025807 166.039632 
166.040093 166.024885 166.018433 166.017051 166.018433 166.024885 166.040093 
166.041475 166.023963 166.017051 166.015668 166.017051 166.023963 166.041475 
0.000000 166.023503 166.016129 166.014747 166.016129 166.023503 0.000000 
0.000000 166.023503 166.014747 166.013364 166.014747 166.023503 0.000000 
0.000000 166.023503 166.013825 166.012443 166.013825 166.023503 0.000000 
0.000000 166.023963 166.012903 166.011060 166.012903 166.023963 0.000000 
0.000000 166.024424 166.011521 166.010138 166.011521 166.024424 0.000000 
0.000000 166.025346 166.010599 166.008756 166.010599 166.025346 0.000000 
0.000000 166.026728 166.009678 166.007834 166.009678 166.026728 0.000000 
0.000000 166.028572 166.009217 166.006452 166.009217 166.028572 0.000000 
0.000000 166.032258 166.008295 166.005530 166.008295 166.032258 0.000000 
0.000000 166.038249 166.007834 166.004148 166.007834 166.038249 0.000000 
0.000000 0.000000 166.008295 166.003226 166.008295 0.000000 0.000000 
0.000000 0.000000 166.009678 166.001843 166.009678 0.000000 0.000000 
0.000000 0.000000 166.015208 166.000922 166.015208 0.000000 0.000000 
0.000000 0.000000 0.000000 166.000000 0.000000 0.000000 0.000000 
