test/output/constant/M3M490_S060_A180_WD315.0_WS010.0/M3M490_S060_A180_WD315.0_WS010.0_ros.asc
ncols         55
nrows         13
xllcorner     426603.990666
yllcorner     12747755.311160
cellsize      100.000000
NODATA_value  0.000000
0.000000 0.000000 0.000000 0.000000 0.000000 18.776217 40.193119 18.776217 25.353352 18.776217 48.005177 18.776217 55.764263 32.565308 18.776217 0.000000 0.000000 0.000000 0.000000 0.000000 0.000000 0.000000 0.000000 0.000000 0.000000 0.000000 0.000000 0.000000 0.000000 0.000000 0.000000 0.000000 0.000000 0.000000 0.000000 0.000000 0.000000 0.000000 0.000000 0.000000 0.000000 0.000000 0.000000 0.000000 0.000000 0.000000 0.000000 0.000000 0.000000 0.000000 0.000000 0.000000 0.000000 0.000000 0.000000 
1.123287 18.776217 18.776217 32.565308 32.565308 48.005177 25.353352 48.005177 48.005177 48.005177 25.353352 55.764263 40.193119 63.234756 48.005177 32.565308 55.764263 48.005177 55.764263 32.565308 55.764263 40.193119 18.776217 55.764263 48.005177 70.189781 48.005177 0.000000 0.000000 0.000000 0.000000 0.000000 0.000000 0.000000 0.000000 0.000000 0.000000 0.000000 0.000000 0.000000 0.000000 0.000000 0.000000 0.000000 0.000000 0.000000 0.000000 0.000000 0.000000 0.000000 0.000000 0.000000 0.000000 0.000000 0.000000 
0.000000 91.140167 91.140167 91.140167 91.140167 40.193119 85.965988 91.140167 85.965988 81.730637 70.189781 32.565308 25.353352 70.189781 48.005177 40.193119 70.189781 55.764263 25.353352 70.189781 55.764263 48.005177 76.418121 63.234756 18.776217 18.776217 48.005177 48.005177 70.189781 55.764263 40.193119 63.234756 55.764263 32.565308 55.764263 0.000000 0.000000 0.000000 0.000000 0.000000 0.000000 0.000000 0.000000 0.000000 0.000000 0.000000 0.000000 0.000000 0.000000 0.000000 0.000000 0.000000 0.000000 0.000000 0.000000 
1.037382 62.458881 91.140167 85.565903 91.140167 91.140167 91.140167 91.140167 91.140167 91.140167 81.730637 91.140167 25.353352 91.140167 32.565308 76.418121 90.727440 70.189781 40.193119 85.965988 88.995583 91.140167 25.353352 90.727440 81.730637 76.418121 18.776217 40.193119 85.965988 63.234756 70.189781 25.353352 70.189781 63.234756 48.005177 25.353352 81.730637 55.764263 48.005177 0.000000 0.000000 0.000000 0.000000 0.000000 0.000000 0.000000 0.000000 0.000000 0.000000 0.000000 0.000000 0.000000 0.000000 0.000000 0.000000 
0.000000 1.209541 54.950603 54.950603 62.458881 81.208527 91.140167 91.140167 91.140167 91.140167 91.140167 91.140167 91.140167 91.140167 91.140167 91.140167 91.140167 91.140167 91.140167 91.140167 76.418121 91.140167 91.140167 91.140167 90.727440 81.730637 32.565308 70.189781 81.730637 90.727440 91.140167 32.565308 70.189781 88.995583 91.140167 91.140167 40.193119 32.565308 32.565308 76.418121 76.418121 63.234756 40.193119 0.000000 0.000000 0.000000 0.000000 0.000000 0.000000 0.000000 0.000000 0.000000 0.000000 0.000000 0.000000 
0.000000 0.000000 0.000000 2.356249 62.458881 54.950603 62.458881 62.458881 62.458881 90.605049 91.140167 81.208527 91.140167 91.140167 91.140167 91.140167 91.140167 91.140167 91.140167 91.140167 91.140167 91.140167 91.140167 91.140167 91.140167 91.140167 91.140167 91.140167 90.727440 91.140167 40.193119 85.965988 91.140167 91.140167 91.140167 91.140167 85.965988 85.965988 91.140167 32.565308 32.565308 81.730637 88.995583 90.727440 48.005177 76.418121 85.965988 0.000000 0.000000 0.000000 0.000000 0.000000 0.000000 0.000000 0.000000 
0.000000 0.000000 0.000000 0.000000 0.000000 1.209541 62.458881 62.458881 62.458881 69.476654 69.476654 62.458881 90.990852 81.208527 81.208527 91.140167 91.140167 91.140167 91.140167 91.140167 91.140167 91.140167 91.140167 91.140167 91.140167 91.140167 91.140167 91.140167 91.140167 91.052216 91.140167 91.140167 91.140167 85.965988 91.140167 91.140167 18.776217 91.140167 88.995583 91.140167 25.353352 88.995583 32.565308 40.193119 91.140167 40.193119 70.189781 91.140167 32.565308 0.000000 0.000000 0.000000 0.000000 0.000000 0.000000 
0.000000 0.000000 0.000000 0.000000 0.000000 0.000000 0.000000 0.000000 62.458881 4.551895 62.458881 62.458881 62.458881 69.476654 62.458881 69.476654 62.458881 75.790527 88.730156 91.140167 91.140167 91.140167 91.140167 91.140167 91.140167 91.140167 91.140167 91.140167 91.140167 91.140167 91.140167 91.140167 91.140167 91.140167 91.140167 91.140167 48.005177 91.140167 91.140167 91.140167 91.140167 70.189781 91.140167 91.140167 91.140167 91.140167 76.418121 91.140167 76.418121 91.140167 88.995583 91.140167 0.000000 0.000000 0.000000 
0.000000 0.000000 0.000000 0.000000 0.000000 0.000000 0.000000 0.000000 0.000000 0.000000 0.000000 0.000000 62.458881 62.458881 62.458881 62.458881 62.458881 62.458881 62.458881 62.458881 88.730156 88.730156 69.476654 85.565903 88.730156 88.730156 91.140167 91.140167 91.140167 81.208527 91.140167 91.140167 91.140167 91.140167 91.140167 91.140167 91.140167 91.140167 91.140167 91.140167 91.140167 91.140167 91.140167 91.140167 91.140167 91.140167 91.140167 91.140167 63.234756 91.140167 91.140167 91.140167 91.140167 91.140167 0.000000 
0.000000 0.000000 0.000000 0.000000 0.000000 0.000000 0.000000 0.000000 0.000000 0.000000 0.000000 0.000000 0.000000 0.000000 0.000000 0.000000 62.458881 69.476654 62.458881 62.458881 62.458881 85.565903 69.476654 88.730156 90.605049 91.140167 85.565903 75.790527 85.565903 91.140167 91.140167 91.140167 91.140167 91.140167 91.140167 91.140167 91.140167 91.140167 91.140167 91.140167 91.140167 91.140167 91.140167 91.140167 91.140167 91.140167 91.140167 91.140167 91.140167 91.140167 91.140167 91.140167 91.140167 91.140167 91.140167 
0.000000 0.000000 0.000000 0.000000 0.000000 0.000000 0.000000 0.000000 0.000000 0.000000 0.000000 0.000000 0.000000 0.000000 0.000000 0.000000 0.000000 0.000000 0.000000 0.000000 62.458881 69.476654 62.458881 62.458881 62.458881 62.458881 85.565903 85.565903 88.730156 81.208527 88.730156 85.565903 91.140167 85.565903 91.140167 91.140167 91.140167 91.140167 91.140167 91.140167 88.730156 91.140167 91.140167 91.140167 91.140167 91.140167 91.140167 91.140167 91.140167 91.140167 91.140167 91.140167 91.140167 91.140167 91.140167 
0.000000 0.000000 0.000000 0.000000 0.000000 0.000000 0.000000 0.000000 0.000000 0.000000 0.000000 0.000000 0.000000 0.000000 0.000000 0.000000 0.000000 0.000000 0.000000 0.000000 0.000000 0.000000 0.000000 0.000000 0.000000 62.458881 62.458881 62.458881 62.458881 81.208527 88.730156 91.140167 81.208527 90.605049 81.208527 88.730156 75.790527 91.140167 91.140167 91.140167 91.140167 91.140167 91.140167 91.140167 91.140167 91.140167 91.140167 91.140167 85.565903 91.140167 91.140167 91.140167 91.140167 91.140167 91.140167 
0.000000 0.000000 0.000000 0.000000 0.000000 0.000000 0.000000 0.000000 0.000000 0.000000 0.000000 0.000000 0.000000 0.000000 0.000000 0.000000 0.000000 0.000000 0.000000 0.000000 0.000000 0.000000 0.000000 0.000000 0.000000 0.000000 0.000000 0.000000 0.000000 0.000000 0.000000 0.000000 69.476654 88.730156 62.458881 62.458881 85.565903 90.990852 85.565903 85.565903 88.730156 88.730156 90.990852 91.140167 91.140167 91.140167 91.140167 88.730156 91.140167 91.140167 91.140167 91.140167 0.000000 0.000000 0.000000 
