test/output/constant/M3M495_S060_A180_WD315.0_WS005.0/M3M495_S060_A180_WD315.0_WS005.0_arrival.asc
ncols         56
nrows         12
xllcorner     426603.990666
yllcorner     12747955.311160
cellsize      100.000000
NODATA_value  0.000000
0.000000 0.000000 0.000000 0.000000 0.000000 0.000000 0.000000 0.000000 166.040153 166.038655 166.037457 166.036558 166.036258 166.035958 166.035659 166.035659 166.035659 166.035659 166.035958 166.036258 166.036558 166.036857 166.037157 166.037457 166.038056 166.038655 166.039255 166.039554 166.040153 166.040753 166.041352 0.000000 0.000000 0.000000 0.000000 0.000000 0.000000 0.000000 0.000000 0.000000 0.000000 0.000000 0.000000 0.000000 0.000000 0.000000 0.000000 0.000000 0.000000 0.000000 0.000000 0.000000 0.000000 0.000000 0.000000 0.000000 
0.000000 0.000000 166.037457 166.030565 166.026070 166.023673 166.022474 166.022174 166.021575 166.021575 166.021575 166.021875 166.022174 166.022474 166.022774 166.023073 166.023673 166.024272 166.024871 166.025470 166.026070 166.026669 166.027268 166.028167 166.028767 166.029666 166.030265 166.031164 166.032063 166.032962 166.033861 166.034760 166.035659 166.036558 166.037457 166.038356 166.039255 166.039854 166.040753 166.041652 0.000000 0.000000 0.000000 0.000000 0.000000 0.000000 0.000000 0.000000 0.000000 0.000000 0.000000 0.000000 0.000000 0.000000 0.000000 0.000000 
166.018578 166.009889 166.007791 166.007491 166.007791 166.007791 166.008390 166.008990 166.009589 166.010188 166.011087 166.011986 166.012885 166.013784 166.014683 166.015582 166.016481 166.017380 166.018279 166.019178 166.020077 166.020976 166.021875 166.022774 166.023673 166.024572 166.025470 166.026369 166.027268 166.028167 166.029066 166.029965 166.030864 166.031763 166.032662 166.033561 166.034460 166.035359 166.035958 166.036857 166.037756 166.038655 166.039554 166.040453 166.041352 0.000000 0.000000 0.000000 0.000000 0.000000 0.000000 0.000000 0.000000 0.000000 0.000000 0.000000 
166.000000 166.000599 166.001199 166.002098 166.002697 166.003596 166.004195 166.005094 166.005693 166.006592 166.007491 166.008390 166.009289 166.009889 166.010787 166.011686 166.012585 166.013484 166.014383 166.015282 166.016181 166.017080 166.017979 166.018878 166.019777 166.020676 166.021575 166.022474 166.023373 166.024272 166.025171 166.026070 166.026969 166.027868 166.028767 166.029666 166.030565 166.031464 166.032063 166.032962 166.033861 166.034760 166.035659 166.036558 166.037457 166.038356 166.039255 166.040153 166.041052 0.000000 0.000000 0.000000 0.000000 0.000000 0.000000 0.000000 
166.011986 166.003895 166.002997 166.002997 166.002997 166.003596 166.004195 166.005094 166.005693 166.006592 166.007192 166.008091 166.008690 166.009589 166.010488 166.011087 166.011986 166.012585 166.013484 166.014084 166.014983 166.015582 166.016481 166.017080 166.017979 166.018878 166.019777 166.020376 166.021275 166.022174 166.023073 166.023972 166.024871 166.025470 166.026369 166.027268 166.028167 166.029066 166.029965 166.030565 166.031464 166.032362 166.033261 166.034160 166.035059 166.035958 166.036857 166.037756 166.038655 166.039554 166.040453 166.041352 0.000000 0.000000 0.000000 0.000000 
0.000000 166.032962 166.019777 166.013784 166.010787 166.009289 166.008390 166.008390 166.008390 166.008390 166.008690 166.008990 166.009589 166.010188 166.010787 166.011387 166.011986 166.012585 166.013484 166.014084 166.014983 166.015582 166.016481 166.017080 166.017979 166.018578 166.019477 166.020077 166.020976 166.021575 166.022474 166.023073 166.023972 166.024572 166.025470 166.026369 166.026969 166.027868 166.028467 166.029366 166.030265 166.031164 166.031763 166.032662 166.033561 166.034460 166.035059 166.035958 166.036857 166.037756 166.038356 166.039255 166.040153 166.041052 0.000000 0.000000 
0.000000 0.000000 0.000000 166.038955 166.029666 166.023673 166.020077 166.017680 166.016181 166.014683 166.014084 166.013784 166.013784 166.013784 166.013784 166.014084 166.014084 166.014683 166.014983 166.015582 166.016181 166.016481 166.017080 166.017680 166.018279 166.018878 166.019777 166.020376 166.020976 166.021575 166.022474 166.023073 166.023972 166.024572 166.025470 166.026070 166.026969 166.027568 166.028467 166.029066 166.029965 166.030864 166.031464 166.032362 166.032962 166.033861 166.034460 166.035359 166.035958 166.036857 166.037756 166.038356 166.039255 166.039854 166.040753 166.041652 
0.000000 0.000000 0.000000 0.000000 0.000000 0.000000 166.039854 166.033861 166.029965 166.026969 166.024572 166.023073 166.021575 166.020376 166.019777 166.019178 166.019178 166.019178 166.019178 166.019178 166.019477 166.019477 166.019777 166.020077 166.020376 166.020976 166.021575 166.021875 166.022474 166.023073 166.023673 166.024272 166.024871 166.025470 166.026070 166.026669 166.027268 166.028167 166.028767 166.029366 166.029965 166.030864 166.031464 166.032362 166.032962 166.033861 166.034460 166.035359 166.035958 166.036857 166.037457 166.038356 166.038955 166.039854 166.040453 166.041352 
0.000000 0.000000 0.000000 0.000000 0.000000 0.000000 0.000000 0.000000 0.000000 0.000000 166.040153 166.036558 166.033561 166.031464 166.029666 166.028167 166.027268 166.026070 166.025171 166.024871 166.024572 166.024572 166.024572 166.024572 166.024572 166.024871 166.024871 166.025171 166.025470 166.025770 166.026070 166.026369 166.026969 166.027268 166.027868 166.028467 166.029066 166.029366 166.029965 166.030565 166.031164 166.031763 166.032362 166.032962 166.033561 166.034160 166.035059 166.035659 166.036258 166.036857 166.037457 166.038356 166.038955 166.039854 166.040453 166.041352 
0.000000 0.000000 0.000000 0.000000 0.000000 0.000000 0.000000 0.000000 0.000000 0.000000 0.000000 0.000000 0.000000 0.000000 0.000000 166.040453 166.038356 166.036857 166.035059 166.033861 166.032662 166.031763 166.031164 166.030565 166.029965 166.029965 166.029965 166.029965 166.029965 166.029965 166.030265 166.030265 166.030565 166.030864 166.030864 166.031164 166.031464 166.032063 166.032362 166.032662 166.033261 166.033861 166.034460 166.035059 166.035359 166.035958 166.036558 166.036857 166.037457 166.038356 166.038955 166.039554 166.040153 166.040753 166.041352 0.000000 
0.000000 0.000000 0.000000 0.000000 0.000000 0.000000 0.000000 0.000000 0.000000 0.000000 0.000000 0.000000 0.000000 0.000000 0.000000 0.000000 0.000000 0.000000 0.000000 0.000000 0.000000 0.000000 166.040753 166.039255 166.038356 166.037457 166.036558 166.035958 166.035659 166.035359 166.035359 166.035359 166.035359 166.035359 166.035359 166.035659 166.035659 166.035958 166.036258 166.036258 166.036558 166.036857 166.037157 166.037457 166.037756 166.038356 166.038655 166.039255 166.039854 166.040453 166.040753 166.041352 0.000000 0.000000 0.000000 0.000000 
0.000000 0.000000 0.000000 0.000000 0.000000 0.000000 0.000000 0.000000 0.000000 0.000000 0.000000 0.000000 0.000000 0.000000 0.000000 0.000000 0.000000 0.000000 0.000000 0.000000 0.000000 0.000000 0.000000 0.000000 0.000000 0.000000 0.000000 0.000000 0.000000 0.000000 0.000000 166.041652 166.041352 166.040753 166.040753 166.040753 166.040753 166.040753 166.040753 166.041052 166.041052 166.041052 166.041352 166.041652 166.041652 0.000000 0.000000 0.000000 0.000000 0.000000 0.000000 0.000000 0.000000 0.000000 0.000000 0.000000 
