test/output/constant/M3M460_S060_A000_WD225.0_WS010.0/M3M460_S060_A000_WD225.0_WS010.0_arrival.asc
ncols         25
nrows         9
xllcorner     424303.990666
yllcorner     12748655.311160
cellsize      100.000000
NODATA_value  0.000000
0.000000 166.041667 166.041097 166.040401 166.039704 166.039704 166.039704 166.039704 166.040401 166.041097 0.000000 0.000000 0.000000 0.000000 0.000000 0.000000 0.000000 0.000000 0.000000 0.000000 0.000000 0.000000 0.000000 0.000000 0.000000 
166.041097 166.039704 166.038311 166.036918 166.035525 166.034828 166.034132 166.033435 166.033435 166.033435 166.034132 166.034828 166.036221 166.038311 0.000000 0.000000 0.000000 0.000000 0.000000 0.000000 0.000000 0.000000 0.000000 0.000000 0.000000 
166.041097 166.039008 166.037615 166.035525 166.034132 166.032042 166.031345 166.029256 166.028559 166.027863 166.027863 166.027863 166.027863 166.027863 166.029256 166.032042 166.035525 166.041667 0.000000 0.000000 0.000000 0.000000 0.000000 0.000000 0.000000 
166.041667 166.039704 166.037615 166.035525 166.034132 166.032042 166.029952 166.028559 166.026470 166.025076 166.023683 166.022290 166.021594 166.021594 166.021594 166.021594 166.022987 166.025076 166.029256 166.036918 0.000000 0.000000 0.000000 0.000000 0.000000 
0.000000 0.000000 166.039704 166.037615 166.034828 166.032739 166.030649 166.028559 166.026470 166.025076 166.022987 166.020897 166.019504 166.017414 166.016718 166.016021 166.015324 166.015324 166.016021 166.018807 166.024380 166.034132 0.000000 0.000000 0.000000 
0.000000 0.000000 0.000000 166.041097 166.038311 166.035525 166.033435 166.030649 166.027863 166.025773 166.023683 166.021594 166.019504 166.017414 166.016021 166.013931 166.011842 166.010448 166.009752 166.009752 166.009752 166.012538 166.020897 166.040401 0.000000 
0.000000 0.000000 0.000000 0.000000 0.000000 166.041097 166.038311 166.035525 166.032739 166.029952 166.027166 166.024380 166.021594 166.018807 166.016718 166.013931 166.011842 166.010448 166.008359 166.006966 166.004876 166.003483 166.003483 166.007662 166.041667 
0.000000 0.000000 0.000000 0.000000 0.000000 0.000000 0.000000 0.000000 166.040401 166.036918 166.034132 166.031345 166.027863 166.025076 166.022290 166.018807 166.016021 166.013235 166.010448 166.007662 166.004876 166.002786 166.001393 166.000000 166.030649 
0.000000 0.000000 0.000000 0.000000 0.000000 0.000000 0.000000 0.000000 0.000000 0.000000 0.000000 0.000000 166.041097 166.038311 166.035525 166.032042 166.029256 166.026470 166.023683 166.020897 166.018807 166.017414 166.016718 166.020897 0.000000 
