test/output/constant/M1M290_S000_A270_WD000.0_WS040.0/M1M290_S000_A270_WD000.0_WS040.0_arrival.asc
ncols         7
nrows         29
xllcorner     426303.990666
yllcorner     12745955.311160
cellsize      100.000000
NODATA_value  0.000000
0.000000 0.000000 166.025813 166.000000 166.025813 0.000000 0.000000 
0.000000 0.000000 166.010560 166.001173 166.010560 0.000000 0.000000 
0.000000 0.000000 166.008213 166.002347 166.008213 0.000000 0.000000 
0.000000 166.035787 166.008213 166.004107 166.008213 166.035787 0.000000 
0.000000 166.029334 166.008213 166.005280 166.008213 166.029334 0.000000 
0.000000 166.026400 166.009387 166.007040 166.009387 166.026400 0.000000 
0.000000 166.024640 166.010560 166.008213 166.010560 166.024640 0.000000 
0.000000 166.024053 166.011733 166.009973 166.011733 166.024053 0.000000 
0.000000 166.023467 166.012907 166.011147 166.012907 166.023467 0.000000 
0.000000 166.023467 166.014080 166.012907 166.014080 166.023467 0.000000 
166.040480 166.023467 166.015840 166.014080 166.015840 166.023467 166.040480 
166.039894 166.024053 166.017013 166.015840 166.017013 166.024053 166.039894 
166.039307 166.024640 166.018187 166.017013 166.018187 166.024640 166.039307 
166.038720 166.025813 166.019947 166.018773 166.019947 166.025813 166.038720 
166.038720 166.026987 166.021120 166.019947 166.021120 166.026987 166.038720 
166.038720 166.028160 166.022880 166.021707 166.022880 166.028160 166.038720 
166.038720 166.028747 166.024053 166.022880 166.024053 166.028747 166.038720 
166.038720 166.029920 166.025813 166.024640 166.025813 166.029920 166.038720 
166.039894 166.031094 166.026987 166.025813 166.026987 166.031094 166.039894 
166.040480 166.032267 166.028160 166.027574 166.028160 166.032267 166.040480 
166.041654 166.033440 166.029920 166.028747 166.029920 166.033440 166.041654 
0.000000 166.035200 166.031094 166.030507 166.031094 166.035200 0.000000 
0.000000 166.036374 166.032854 166.031680 166.032854 166.036374 0.000000 
0.000000 166.037547 166.034027 166.033440 166.034027 166.037547 0.000000 
0.000000 166.038720 166.035787 166.034614 166.035787 166.038720 0.000000 
0.000000 166.040480 166.036960 166.036374 166.036960 166.040480 0.000000 
0.000000 166.041654 166.038134 166.037547 166.038134 166.041654 0.000000 
0.000000 0.000000 166.039894 166.039307 166.039894 0.000000 0.000000 
0.000000 0.000000 166.041067 166.040480 166.041067 0.000000 0.000000 
