test/output/constant/M1M285_S060_A180_WD270.0_WS040.0/M1M285_S060_A180_WD270.0_WS040.0_arrival.asc
ncols         40
nrows         5
xllcorner     426603.990666
yllcorner     12748555.311160
cellsize      100.000000
NODATA_value  0.000000
0.000000 0.000000 0.000000 0.000000 0.000000 166.040912 166.035744 166.032729 166.030145 166.028423 166.027562 166.026700 166.025839 166.025839 166.025839 166.025839 166.026270 166.026700 166.027562 166.028423 166.028854 166.029715 166.030576 166.031437 166.031868 166.032729 166.033591 166.034452 166.035313 166.036175 166.037036 166.038328 166.039189 166.040050 166.041342 0.000000 0.000000 0.000000 0.000000 0.000000 
0.000000 166.019379 166.012058 166.009905 166.008613 166.008613 166.009044 166.009905 166.010766 166.011628 166.012489 166.013350 166.014211 166.015503 166.016365 166.017657 166.018518 166.019379 166.020671 166.021532 166.022824 166.023686 166.024978 166.025839 166.026700 166.027992 166.028854 166.030145 166.031007 166.031868 166.033160 166.034021 166.035313 166.036175 166.037467 166.038328 166.039620 166.040481 166.041667 0.000000 
166.000000 166.000861 166.001723 166.003015 166.003876 166.005168 166.006029 166.007321 166.008182 166.009474 166.010336 166.011628 166.012489 166.013781 166.014642 166.015934 166.016795 166.018087 166.018949 166.020241 166.021102 166.022394 166.023255 166.024547 166.025408 166.026700 166.027562 166.028854 166.029715 166.031007 166.031868 166.033160 166.034021 166.035313 166.036175 166.037467 166.038328 166.039620 166.040481 166.041667 
0.000000 166.019379 166.012058 166.009905 166.008613 166.008613 166.009044 166.009905 166.010766 166.011628 166.012489 166.013350 166.014211 166.015503 166.016365 166.017657 166.018518 166.019379 166.020671 166.021532 166.022824 166.023686 166.024978 166.025839 166.026700 166.027992 166.028854 166.030145 166.031007 166.031868 166.033160 166.034021 166.035313 166.036175 166.037467 166.038328 166.039620 166.040481 166.041667 0.000000 
0.000000 0.000000 0.000000 0.000000 0.000000 166.040912 166.035744 166.032729 166.030145 166.028423 166.027562 166.026700 166.025839 166.025839 166.025839 166.025839 166.026270 166.026700 166.027562 166.028423 166.028854 166.029715 166.030576 166.031437 166.031868 166.032729 166.033591 166.034452 166.035313 166.036175 166.037036 166.038328 166.039189 166.040050 166.041342 0.000000 0.000000 0.000000 0.000000 0.000000 
