test/output/constant/M375_S060_A090_WD315.0_WS010.0/M375_S060_A090_WD315.0_WS010.0_arrival.asc
ncols         12
nrows         49
xllcorner     426403.990666
yllcorner     12743955.311160
cellsize      100.000000
NODATA_value  0.000000
0.000000 166.026942 166.000000 166.012960 0.000000 0.000000 0.000000 0.000000 0.000000 0.000000 0.000000 0.000000 
0.000000 166.017393 166.000682 166.002728 166.033422 0.000000 0.000000 0.000000 0.000000 0.000000 0.000000 0.000000 
0.000000 166.015006 166.001364 166.002387 166.018416 0.000000 0.000000 0.000000 0.000000 0.000000 0.000000 0.000000 
0.000000 166.015006 166.002387 166.002387 166.011254 166.036151 0.000000 0.000000 0.000000 0.000000 0.000000 0.000000 
0.000000 166.015347 166.003069 166.003069 166.008185 166.026601 0.000000 0.000000 0.000000 0.000000 0.000000 0.000000 
0.000000 166.016029 166.004434 166.004093 166.007162 166.019780 0.000000 0.000000 0.000000 0.000000 0.000000 0.000000 
0.000000 166.017052 166.005457 166.005116 166.006821 166.015688 166.035127 0.000000 0.000000 0.000000 0.000000 0.000000 
166.041266 166.018075 166.006821 166.005798 166.006821 166.013301 166.028307 0.000000 0.000000 0.000000 0.000000 0.000000 
166.041607 166.019439 166.008185 166.006821 166.007162 166.011936 166.024214 0.000000 0.000000 0.000000 0.000000 0.000000 
166.041266 166.021145 166.009549 166.007503 166.007844 166.011595 166.020804 166.037174 0.000000 0.000000 0.000000 0.000000 
166.041667 166.022509 166.011254 166.008526 166.008526 166.011595 166.018416 166.032399 0.000000 0.000000 0.000000 0.000000 
0.000000 166.023873 166.012619 166.009208 166.009208 166.011254 166.017052 166.028989 0.000000 0.000000 0.000000 0.000000 
0.000000 166.025578 166.013983 166.010231 166.010231 166.011595 166.016370 166.025919 166.040925 0.000000 0.000000 0.000000 
0.000000 166.026601 166.015347 166.011595 166.010913 166.011936 166.016029 166.023873 166.037174 0.000000 0.000000 0.000000 
0.000000 166.028307 166.017052 166.012619 166.011936 166.012278 166.016029 166.022509 166.033763 0.000000 0.000000 0.000000 
0.000000 166.029671 166.018416 166.013983 166.012619 166.012960 166.015688 166.021486 166.031035 0.000000 0.000000 0.000000 
0.000000 166.031035 166.019780 166.015006 166.013642 166.013642 166.016029 166.021145 166.028989 0.000000 0.000000 0.000000 
0.000000 166.032740 166.021486 166.016370 166.014665 166.014665 166.016029 166.020804 166.027624 166.038879 0.000000 0.000000 
0.000000 166.034104 166.022850 166.017734 166.015347 166.015347 166.016370 166.020463 166.026601 166.036151 0.000000 0.000000 
0.000000 166.035809 166.024214 166.019098 166.016711 166.016370 166.017052 166.020463 166.025919 166.034104 0.000000 0.000000 
0.000000 166.037174 166.025919 166.020463 166.017393 166.017052 166.017393 166.020463 166.025578 166.032740 0.000000 0.000000 
0.000000 166.038538 166.027283 166.021486 166.018757 166.018075 166.018075 166.020463 166.025237 166.031717 166.041607 0.000000 
0.000000 166.040243 166.028648 166.022850 166.019780 166.018757 166.019098 166.020804 166.024896 166.030694 166.039220 0.000000 
0.000000 166.041607 166.030353 166.024555 166.020804 166.019780 166.019780 166.021145 166.024896 166.030353 166.038197 0.000000 
0.000000 0.000000 166.031717 166.025919 166.022168 166.020463 166.020463 166.021827 166.024896 166.030012 166.036833 0.000000 
0.000000 0.000000 166.033081 166.027283 166.023532 166.021486 166.021486 166.022168 166.024896 166.029671 166.035809 0.000000 
0.000000 0.000000 166.034786 166.028648 166.024555 166.022509 166.022168 166.022850 166.025237 166.029671 166.035127 0.000000 
0.000000 0.000000 166.036151 166.030353 166.025919 166.023532 166.023191 166.023532 166.025578 166.029330 166.034786 0.000000 
0.000000 0.000000 166.037856 166.031717 166.027283 166.024555 166.024214 166.024214 166.025919 166.029330 166.034445 166.040925 
0.000000 0.000000 166.039220 166.033081 166.028648 166.025919 166.024896 166.024896 166.026260 166.029330 166.034445 166.040243 
0.000000 0.000000 166.040584 166.034445 166.029671 166.026942 166.025919 166.025919 166.026942 166.029671 166.034104 166.039561 
0.000000 0.000000 0.000000 166.036151 166.031035 166.027966 166.026601 166.026601 166.027283 166.030012 166.034104 166.039561 
0.000000 0.000000 0.000000 166.037515 166.032399 166.029330 166.027624 166.027624 166.027966 166.030012 166.033763 166.039220 
0.000000 0.000000 0.000000 166.038879 166.033763 166.030353 166.028648 166.028307 166.028648 166.030694 166.033763 166.038879 
0.000000 0.000000 0.000000 166.040243 166.035127 166.031717 166.029671 166.029330 166.029330 166.031035 166.034104 166.038538 
0.000000 0.000000 0.000000 0.000000 166.036492 166.033081 166.030694 166.030012 166.030012 166.031717 166.034104 166.038538 
0.000000 0.000000 0.000000 0.000000 166.037856 166.034445 166.032058 166.031035 166.031035 166.032058 166.034445 166.038197 
0.000000 0.000000 0.000000 0.000000 166.039220 166.035468 166.032740 166.032058 166.032058 166.032740 166.034786 166.038197 
0.000000 0.000000 0.000000 0.000000 166.040584 166.036833 166.034104 166.032740 166.032740 166.033081 166.035127 166.038197 
0.000000 0.000000 0.000000 0.000000 0.000000 166.038197 166.035127 166.033763 166.033763 166.033763 166.035809 166.038538 
0.000000 0.000000 0.000000 0.000000 0.000000 166.039220 166.036151 166.034786 166.034445 166.034786 166.036151 166.038879 
0.000000 0.000000 0.000000 0.000000 0.000000 166.040584 166.037515 166.035809 166.035468 166.035468 166.036833 166.039220 
0.000000 0.000000 0.000000 0.000000 0.000000 0.000000 166.038879 166.036833 166.036151 166.036151 166.037174 166.039561 
0.000000 0.000000 0.000000 0.000000 0.000000 0.000000 166.039902 166.037856 166.037174 166.037174 166.037856 166.039902 
0.000000 0.000000 0.000000 0.000000 0.000000 0.000000 166.041266 166.038879 166.037856 166.037856 166.038538 166.040243 
0.000000 0.000000 0.000000 0.000000 0.000000 0.000000 0.000000 166.039902 166.038879 166.038879 166.039220 166.040925 
0.000000 0.000000 0.000000 0.000000 0.000000 0.000000 0.000000 166.041266 166.039902 166.039561 166.039902 166.041607 
0.000000 0.000000 0.000000 0.000000 0.000000 0.000000 0.000000 0.000000 166.040925 166.040584 166.040584 0.000000 
0.000000 0.000000 0.000000 0.000000 0.000000 0.000000 0.000000 0.000000 166.041667 166.041607 166.041607 0.000000 
