test/output/constant/M3M480_S000_A000_WD000.0_WS050.0/M3M480_S000_A000_WD000.0_WS050.0_arrival.asc
ncols         9
nrows         52
xllcorner     426203.990666
yllcorner     12743655.311160
cellsize      100.000000
NODATA_value  0.000000
0.000000 0.000000 0.000000 166.019129 166.000000 166.019129 0.000000 0.000000 0.000000 
0.000000 0.000000 0.000000 166.008575 166.000660 166.008575 0.000000 0.000000 0.000000 
0.000000 0.000000 166.037598 166.005936 166.001319 166.005936 166.037598 0.000000 0.000000 
0.000000 0.000000 166.028033 166.005277 166.002309 166.005277 166.028033 0.000000 0.000000 
0.000000 0.000000 166.023086 166.005277 166.002968 166.005277 166.023086 0.000000 0.000000 
0.000000 0.000000 166.020448 166.005607 166.003958 166.005607 166.020448 0.000000 0.000000 
0.000000 0.000000 166.018139 166.006266 166.004617 166.006266 166.018139 0.000000 0.000000 
0.000000 166.037598 166.017150 166.006926 166.005607 166.006926 166.017150 166.037598 0.000000 
0.000000 166.034629 166.016490 166.007585 166.006266 166.007585 166.016490 166.034629 0.000000 
0.000000 166.032321 166.015831 166.008245 166.007256 166.008245 166.015831 166.032321 0.000000 
0.000000 166.030672 166.015831 166.008905 166.007915 166.008905 166.015831 166.030672 0.000000 
0.000000 166.029023 166.015831 166.009894 166.008905 166.009894 166.015831 166.029023 0.000000 
0.000000 166.028363 166.015831 166.010554 166.009564 166.010554 166.015831 166.028363 0.000000 
0.000000 166.027374 166.016160 166.011213 166.010554 166.011213 166.016160 166.027374 0.000000 
0.000000 166.027044 166.016820 166.012203 166.011213 166.012203 166.016820 166.027044 0.000000 
166.041225 166.026384 166.017150 166.012862 166.012203 166.012862 166.017150 166.026384 166.041225 
166.040236 166.026384 166.017809 166.013522 166.012862 166.013522 166.017809 166.026384 166.040236 
166.039247 166.026384 166.018469 166.014511 166.013852 166.014511 166.018469 166.026384 166.039247 
166.038587 166.026055 166.018799 166.015171 166.014511 166.015171 166.018799 166.026055 166.038587 
166.037927 166.026055 166.019458 166.016160 166.015501 166.016160 166.019458 166.026055 166.037927 
166.037598 166.026384 166.020118 166.016820 166.016160 166.016820 166.020118 166.026384 166.037598 
166.036938 166.026714 166.020778 166.017809 166.017150 166.017809 166.020778 166.026714 166.036938 
166.036938 166.027044 166.021437 166.018469 166.017809 166.018469 166.021437 166.027044 166.036938 
166.036608 166.027704 166.022097 166.019458 166.018799 166.019458 166.022097 166.027704 166.036608 
166.036608 166.028033 166.022756 166.020118 166.019458 166.020118 166.022756 166.028033 166.036608 
166.036608 166.028693 166.023416 166.021107 166.020448 166.021107 166.023416 166.028693 166.036608 
166.036608 166.029353 166.024405 166.021767 166.021107 166.021767 166.024405 166.029353 166.036608 
166.036608 166.029682 166.025065 166.022756 166.022097 166.022756 166.025065 166.029682 166.036608 
166.036938 166.030342 166.025725 166.023416 166.022756 166.023416 166.025725 166.030342 166.036938 
166.036938 166.031002 166.026384 166.024405 166.023746 166.024405 166.026384 166.031002 166.036938 
166.037598 166.031661 166.027374 166.025065 166.024405 166.025065 166.027374 166.031661 166.037598 
166.037927 166.032321 166.028033 166.026055 166.025395 166.026055 166.028033 166.032321 166.037927 
166.038587 166.032651 166.028693 166.026714 166.026055 166.026714 166.028693 166.032651 166.038587 
166.039247 166.033310 166.029682 166.027704 166.027044 166.027704 166.029682 166.033310 166.039247 
166.039576 166.033970 166.030342 166.028363 166.027704 166.028363 166.030342 166.033970 166.039576 
166.040236 166.034629 166.031002 166.029353 166.028693 166.029353 166.031002 166.034629 166.040236 
166.040896 166.035289 166.031991 166.030012 166.029353 166.030012 166.031991 166.035289 166.040896 
166.041225 166.035949 166.032651 166.031002 166.030342 166.031002 166.032651 166.035949 166.041225 
0.000000 166.036608 166.033310 166.031661 166.031002 166.031661 166.033310 166.036608 0.000000 
0.000000 166.037268 166.033970 166.032321 166.031991 166.032321 166.033970 166.037268 0.000000 
0.000000 166.037927 166.034959 166.033310 166.032651 166.033310 166.034959 166.037927 0.000000 
0.000000 166.038917 166.035619 166.033970 166.033640 166.033970 166.035619 166.038917 0.000000 
0.000000 166.039576 166.036608 166.034959 166.034300 166.034959 166.036608 166.039576 0.000000 
0.000000 166.040236 166.037268 166.035619 166.035289 166.035619 166.037268 166.040236 0.000000 
0.000000 166.040896 166.037927 166.036608 166.035949 166.036608 166.037927 166.040896 0.000000 
0.000000 166.041667 166.038917 166.037268 166.036938 166.037268 166.038917 166.041667 0.000000 
0.000000 0.000000 166.039576 166.038257 166.037598 166.038257 166.039576 0.000000 0.000000 
0.000000 0.000000 166.040566 166.038917 166.038587 166.038917 166.040566 0.000000 0.000000 
0.000000 0.000000 166.041225 166.039906 166.039247 166.039906 166.041225 0.000000 0.000000 
0.000000 0.000000 0.000000 166.040566 166.040236 166.040566 0.000000 0.000000 0.000000 
0.000000 0.000000 0.000000 166.041225 166.040896 166.041225 0.000000 0.000000 0.000000 
0.000000 0.000000 0.000000 0.000000 166.041667 0.000000 0.000000 0.000000 0.000000 
