test/output/constant/M1M275_S000_A270_WD000.0_WS045.0/M1M275_S000_A270_WD000.0_WS045.0_arrival.asc
ncols         7
nrows         30
xllcorner     426303.990666
yllcorner     12745855.311160
cellsize      100.000000
NODATA_value  0.000000
0.000000 0.000000 166.030323 166.000000 166.030323 0.000000 0.000000 
0.000000 0.000000 166.012587 166.001144 166.012587 0.000000 0.000000 
0.000000 0.000000 166.009154 166.002288 166.009154 0.000000 0.000000 
0.000000 166.041193 166.008582 166.004005 166.008582 166.041193 0.000000 
0.000000 166.034327 166.008582 166.005149 166.008582 166.034327 0.000000 
0.000000 166.030895 166.009726 166.006865 166.009726 166.030895 0.000000 
0.000000 166.027462 166.010298 166.008010 166.010298 166.027462 0.000000 
0.000000 166.026318 166.011442 166.009726 166.011442 166.026318 0.000000 
0.000000 166.025746 166.012587 166.010870 166.012587 166.025746 0.000000 
0.000000 166.025173 166.014303 166.012587 166.014303 166.025173 0.000000 
0.000000 166.025173 166.015447 166.013731 166.015447 166.025173 0.000000 
0.000000 166.025173 166.016592 166.015447 166.016592 166.025173 0.000000 
0.000000 166.025746 166.018308 166.016592 166.018308 166.025746 0.000000 
0.000000 166.026890 166.019452 166.018308 166.019452 166.026890 0.000000 
0.000000 166.027462 166.021169 166.019452 166.021169 166.027462 0.000000 
0.000000 166.028606 166.022313 166.021169 166.022313 166.028606 0.000000 
166.041667 166.029750 166.023457 166.022313 166.023457 166.029750 166.041667 
166.041667 166.030895 166.025173 166.024029 166.025173 166.030895 166.041667 
166.041667 166.031467 166.026318 166.025173 166.026318 166.031467 166.041667 
0.000000 166.032611 166.028034 166.026890 166.028034 166.032611 0.000000 
0.000000 166.033755 166.029178 166.028034 166.029178 166.033755 0.000000 
0.000000 166.034900 166.030895 166.029750 166.030895 166.034900 0.000000 
0.000000 166.036044 166.032039 166.030895 166.032039 166.036044 0.000000 
0.000000 166.037188 166.033755 166.032611 166.033755 166.037188 0.000000 
0.000000 166.038904 166.034900 166.033755 166.034900 166.038904 0.000000 
0.000000 166.040049 166.036616 166.035472 166.036616 166.040049 0.000000 
0.000000 166.041193 166.037760 166.036616 166.037760 166.041193 0.000000 
0.000000 0.000000 166.038904 166.038332 166.038904 0.000000 0.000000 
0.000000 0.000000 166.040621 166.039476 166.040621 0.000000 0.000000 
0.000000 0.000000 0.000000 166.041193 0.000000 0.000000 0.000000 
