test/output/constant/M395_S000_A090_WD270.0_WS010.0/M395_S000_A090_WD270.0_WS010.0_arrival.asc
ncols         20
nrows         13
xllcorner     426203.990666
yllcorner     12748155.311160
cellsize      100.000000
NODATA_value  0.000000
0.000000 0.000000 0.000000 0.000000 166.041198 166.038972 166.037858 166.036745 166.036745 166.035631 166.036745 166.036745 166.037858 166.038972 166.041198 0.000000 0.000000 0.000000 0.000000 0.000000 
0.000000 0.000000 166.041667 166.036745 166.033404 166.031177 166.030064 166.030064 166.030064 166.030064 166.030064 166.031177 166.033404 166.034518 166.036745 166.038972 166.040085 0.000000 0.000000 0.000000 
0.000000 166.040085 166.034518 166.028950 166.025610 166.024496 166.023383 166.023383 166.023383 166.024496 166.025610 166.026723 166.028950 166.031177 166.033404 166.035631 166.037858 166.040085 0.000000 0.000000 
166.041667 166.033404 166.027837 166.022269 166.018929 166.016702 166.016702 166.016702 166.017816 166.018929 166.021156 166.023383 166.025610 166.027837 166.030064 166.032291 166.035631 166.037858 166.040085 0.000000 
166.037858 166.028950 166.020042 166.014475 166.011135 166.010021 166.010021 166.011135 166.013362 166.015589 166.017816 166.020042 166.023383 166.025610 166.027837 166.031177 166.033404 166.036745 166.038972 166.041667 
166.035631 166.025610 166.015589 166.007794 166.003340 166.003340 166.005567 166.007794 166.011135 166.013362 166.015589 166.018929 166.021156 166.024496 166.026723 166.030064 166.032291 166.035631 166.037858 166.041198 
166.034518 166.024496 166.014475 166.005567 166.000000 166.002227 166.004454 166.007794 166.010021 166.013362 166.015589 166.018929 166.021156 166.024496 166.026723 166.030064 166.032291 166.035631 166.037858 166.041198 
166.035631 166.025610 166.015589 166.007794 166.003340 166.003340 166.005567 166.007794 166.011135 166.013362 166.015589 166.018929 166.021156 166.024496 166.026723 166.030064 166.032291 166.035631 166.037858 166.041198 
166.037858 166.028950 166.020042 166.014475 166.011135 166.010021 166.010021 166.011135 166.013362 166.015589 166.017816 166.020042 166.023383 166.025610 166.027837 166.031177 166.033404 166.036745 166.038972 166.041667 
166.041667 166.033404 166.027837 166.022269 166.018929 166.016702 166.016702 166.016702 166.017816 166.018929 166.021156 166.023383 166.025610 166.027837 166.030064 166.032291 166.035631 166.037858 166.040085 0.000000 
0.000000 166.040085 166.034518 166.028950 166.025610 166.024496 166.023383 166.023383 166.023383 166.024496 166.025610 166.026723 166.028950 166.031177 166.033404 166.035631 166.037858 166.040085 0.000000 0.000000 
0.000000 0.000000 166.041667 166.036745 166.033404 166.031177 166.030064 166.030064 166.030064 166.030064 166.030064 166.031177 166.033404 166.034518 166.036745 166.038972 166.040085 0.000000 0.000000 0.000000 
0.000000 0.000000 0.000000 0.000000 166.041198 166.038972 166.037858 166.036745 166.036745 166.035631 166.036745 166.036745 166.037858 166.038972 166.041198 0.000000 0.000000 0.000000 0.000000 0.000000 
