test/output/constant/M3M400_S060_A270_WD135.0_WS010.0/M3M400_S060_A270_WD135.0_WS010.0_ros.asc
ncols         15
nrows         64
xllcorner     425403.990666
yllcorner     12748755.311160
cellsize      100.000000
NODATA_value  0.000000
0.000000 0.000000 106.047592 106.047592 46.773018 0.000000 0.000000 0.000000 0.000000 0.000000 0.000000 0.000000 0.000000 0.000000 0.000000 
0.000000 0.000000 106.047592 106.047592 55.873440 55.873440 0.000000 0.000000 0.000000 0.000000 0.000000 0.000000 0.000000 0.000000 0.000000 
0.000000 106.047592 106.047592 106.047592 106.047592 64.910019 0.000000 0.000000 0.000000 0.000000 0.000000 0.000000 0.000000 0.000000 0.000000 
0.000000 106.047592 106.047592 106.047592 106.047592 64.910019 81.704193 0.000000 0.000000 0.000000 0.000000 0.000000 0.000000 0.000000 0.000000 
0.000000 106.047592 106.047592 106.047592 103.571281 106.047592 100.053856 0.000000 0.000000 0.000000 0.000000 0.000000 0.000000 0.000000 0.000000 
0.000000 105.444092 106.047592 106.047592 106.047592 64.910019 106.047592 0.000000 0.000000 0.000000 0.000000 0.000000 0.000000 0.000000 0.000000 
0.000000 106.047592 106.047592 106.047592 100.053856 106.047592 73.608330 64.910019 0.000000 0.000000 0.000000 0.000000 0.000000 0.000000 0.000000 
0.000000 106.047592 106.047592 106.047592 88.951729 55.873440 46.773018 55.873440 0.000000 0.000000 0.000000 0.000000 0.000000 0.000000 0.000000 
0.000000 106.047592 106.047592 106.047592 106.047592 100.053856 95.130836 55.873440 55.873440 0.000000 0.000000 0.000000 0.000000 0.000000 0.000000 
0.000000 106.047592 106.047592 106.047592 106.047592 106.047592 88.951729 55.873440 64.910019 0.000000 0.000000 0.000000 0.000000 0.000000 0.000000 
106.047592 106.047592 106.047592 106.047592 106.047592 103.571281 37.885113 64.910019 55.873440 0.000000 0.000000 0.000000 0.000000 0.000000 0.000000 
106.047592 106.047592 106.047592 106.047592 106.047592 106.047592 106.047592 55.873440 21.811775 55.873440 0.000000 0.000000 0.000000 0.000000 0.000000 
0.000000 103.282295 106.047592 106.047592 106.047592 106.047592 106.047592 64.910019 64.910019 37.885113 0.000000 0.000000 0.000000 0.000000 0.000000 
0.000000 106.047592 103.282295 106.047592 106.047592 106.047592 105.576347 55.873440 64.910019 64.910019 0.000000 0.000000 0.000000 0.000000 0.000000 
0.000000 106.047592 106.047592 106.047592 106.047592 106.047592 55.873440 46.773018 46.773018 64.910019 0.000000 0.000000 0.000000 0.000000 0.000000 
0.000000 106.047592 106.047592 105.879921 106.047592 106.047592 88.951729 64.910019 64.910019 55.873440 64.910019 0.000000 0.000000 0.000000 0.000000 
0.000000 72.758850 106.047592 106.047592 106.047592 106.047592 106.047592 64.910019 55.873440 64.910019 46.773018 0.000000 0.000000 0.000000 0.000000 
0.000000 106.047592 106.047592 106.047592 106.047592 106.047592 106.047592 46.773018 95.130836 55.873440 81.704193 0.000000 0.000000 0.000000 0.000000 
0.000000 72.758850 106.047592 106.047592 103.282295 106.047592 106.047592 64.910019 64.910019 55.873440 55.873440 0.000000 0.000000 0.000000 0.000000 
0.000000 99.617233 106.047592 106.047592 106.047592 106.047592 106.047592 73.608330 29.479622 55.873440 64.910019 64.910019 0.000000 0.000000 0.000000 
0.000000 106.047592 88.265434 106.047592 106.047592 106.047592 55.873440 100.053856 64.910019 73.608330 64.910019 29.479622 0.000000 0.000000 0.000000 
0.000000 72.758850 106.047592 106.047592 106.047592 106.047592 106.047592 55.873440 64.910019 73.608330 37.885113 64.910019 0.000000 0.000000 0.000000 
0.000000 72.758850 94.560356 106.047592 106.047592 106.047592 106.047592 37.885113 64.910019 37.885113 46.773018 64.910019 0.000000 0.000000 0.000000 
0.000000 72.758850 106.047592 106.047592 88.265434 106.047592 106.047592 106.047592 88.951729 64.910019 55.873440 37.885113 0.000000 0.000000 0.000000 
0.000000 72.758850 80.923859 105.879921 106.047592 106.047592 106.047592 95.130836 64.910019 81.704193 64.910019 64.910019 29.479622 0.000000 0.000000 
0.000000 72.758850 80.923859 72.758850 106.047592 105.444092 106.047592 106.047592 64.910019 55.873440 64.910019 64.910019 37.885113 0.000000 0.000000 
0.000000 72.758850 72.758850 105.444092 106.047592 106.047592 106.047592 106.047592 106.047592 64.910019 64.910019 37.885113 64.910019 0.000000 0.000000 
0.000000 72.758850 72.758850 106.047592 106.047592 94.560356 106.047592 106.047592 64.910019 64.910019 64.910019 29.479622 37.885113 0.000000 0.000000 
0.000000 0.000000 72.758850 80.923859 106.047592 106.047592 106.047592 106.047592 106.047592 37.885113 46.773018 64.910019 64.910019 0.000000 0.000000 
0.000000 0.000000 80.923859 105.444092 99.617233 106.047592 106.047592 106.047592 81.704193 64.910019 64.910019 55.873440 55.873440 0.000000 0.000000 
0.000000 0.000000 72.758850 105.444092 106.047592 106.047592 106.047592 106.047592 106.047592 95.130836 55.873440 29.479622 46.773018 0.000000 0.000000 
0.000000 0.000000 80.923859 99.617233 80.923859 106.047592 106.047592 106.047592 81.704193 55.873440 64.910019 29.479622 64.910019 0.000000 0.000000 
0.000000 0.000000 5.291973 80.923859 99.617233 106.047592 105.879921 106.047592 106.047592 55.873440 64.910019 64.910019 64.910019 64.910019 0.000000 
0.000000 0.000000 80.923859 2.720515 106.047592 106.047592 106.047592 106.047592 106.047592 100.053856 37.885113 55.873440 64.910019 55.873440 0.000000 
0.000000 0.000000 80.923859 72.758850 72.758850 106.047592 106.047592 105.444092 106.047592 55.873440 55.873440 55.873440 64.910019 64.910019 0.000000 
0.000000 0.000000 0.000000 72.758850 72.758850 72.758850 106.047592 106.047592 106.047592 64.910019 64.910019 37.885113 64.910019 55.873440 0.000000 
0.000000 0.000000 0.000000 72.758850 72.758850 105.879921 106.047592 106.047592 106.047592 106.047592 95.130836 37.885113 64.910019 64.910019 0.000000 
0.000000 0.000000 0.000000 72.758850 72.758850 106.047592 106.047592 106.047592 106.047592 105.576347 64.910019 64.910019 46.773018 64.910019 0.000000 
0.000000 0.000000 0.000000 5.291973 72.758850 72.758850 106.047592 106.047592 106.047592 105.946228 64.910019 55.873440 55.873440 64.910019 0.000000 
0.000000 0.000000 0.000000 2.720515 72.758850 72.758850 99.617233 106.047592 106.047592 106.047592 64.910019 64.910019 29.479622 21.811775 0.000000 
0.000000 0.000000 0.000000 0.000000 1.359657 5.291973 106.047592 106.047592 106.047592 55.873440 64.910019 64.910019 55.873440 55.873440 0.000000 
0.000000 0.000000 0.000000 0.000000 2.720515 5.291973 72.758850 103.282295 106.047592 106.047592 64.910019 55.873440 55.873440 29.479622 0.000000 
0.000000 0.000000 0.000000 0.000000 72.758850 72.758850 72.758850 106.047592 106.047592 106.047592 37.885113 55.873440 21.811775 29.479622 55.873440 
0.000000 0.000000 0.000000 0.000000 80.923859 72.758850 80.923859 105.879921 106.047592 106.047592 37.885113 64.910019 37.885113 64.910019 21.811775 
0.000000 0.000000 0.000000 0.000000 72.758850 72.758850 72.758850 72.758850 99.617233 106.047592 29.479622 55.873440 55.873440 37.885113 55.873440 
0.000000 0.000000 0.000000 0.000000 0.000000 1.359657 72.758850 72.758850 106.047592 106.047592 106.047592 55.873440 64.910019 46.773018 55.873440 
0.000000 0.000000 0.000000 0.000000 0.000000 72.758850 1.359657 80.923859 105.444092 106.047592 106.047592 64.910019 21.811775 64.910019 29.479622 
0.000000 0.000000 0.000000 0.000000 0.000000 72.758850 2.720515 72.758850 106.047592 99.617233 106.047592 64.910019 55.873440 37.885113 55.873440 
0.000000 0.000000 0.000000 0.000000 0.000000 64.018661 72.758850 72.758850 72.758850 106.047592 106.047592 64.910019 64.910019 64.910019 64.910019 
0.000000 0.000000 0.000000 0.000000 0.000000 0.000000 72.758850 2.720515 99.617233 106.047592 106.047592 73.608330 21.811775 55.873440 55.873440 
0.000000 0.000000 0.000000 0.000000 0.000000 0.000000 72.758850 72.758850 9.229974 106.047592 106.047592 106.047592 37.885113 55.873440 55.873440 
0.000000 0.000000 0.000000 0.000000 0.000000 0.000000 2.720515 72.758850 72.758850 106.047592 106.047592 55.873440 64.910019 21.811775 64.910019 
0.000000 0.000000 0.000000 0.000000 0.000000 0.000000 72.758850 64.018661 72.758850 99.617233 106.047592 106.047592 64.910019 64.910019 21.811775 
0.000000 0.000000 0.000000 0.000000 0.000000 0.000000 0.000000 5.291973 72.758850 106.047592 106.047592 81.704193 64.910019 55.873440 29.479622 
0.000000 0.000000 0.000000 0.000000 0.000000 0.000000 0.000000 72.758850 72.758850 1.359657 106.047592 106.047592 46.773018 64.910019 29.479622 
0.000000 0.000000 0.000000 0.000000 0.000000 0.000000 0.000000 5.291973 2.720515 72.758850 106.047592 106.047592 55.873440 55.873440 37.885113 
0.000000 0.000000 0.000000 0.000000 0.000000 0.000000 0.000000 0.000000 64.018661 5.291973 106.047592 106.047592 55.873440 55.873440 37.885113 
0.000000 0.000000 0.000000 0.000000 0.000000 0.000000 0.000000 0.000000 64.018661 72.758850 106.047592 106.047592 64.910019 55.873440 29.479622 
0.000000 0.000000 0.000000 0.000000 0.000000 0.000000 0.000000 0.000000 1.359657 80.923859 80.923859 106.047592 88.951729 55.873440 29.479622 
0.000000 0.000000 0.000000 0.000000 0.000000 0.000000 0.000000 0.000000 0.000000 64.018661 1.359657 106.047592 106.047592 29.479622 29.479622 
0.000000 0.000000 0.000000 0.000000 0.000000 0.000000 0.000000 0.000000 0.000000 64.018661 64.018661 106.047592 106.047592 55.873440 0.000000 
0.000000 0.000000 0.000000 0.000000 0.000000 0.000000 0.000000 0.000000 0.000000 0.000000 1.226365 94.560356 106.047592 29.479622 0.000000 
0.000000 0.000000 0.000000 0.000000 0.000000 0.000000 0.000000 0.000000 0.000000 0.000000 1.359657 2.720515 106.047592 21.811775 0.000000 
0.000000 0.000000 0.000000 0.000000 0.000000 0.000000 0.000000 0.000000 0.000000 0.000000 0.000000 1.359657 -1.000000 0.714105 0.000000 
