test/output/constant/M365_S060_A090_WD045.0_WS010.0/M365_S060_A090_WD045.0_WS010.0_arrival.asc
ncols         10
nrows         43
xllcorner     425803.990666
yllcorner     12744555.311160
cellsize      100.000000
NODATA_value  0.000000
0.000000 0.000000 0.000000 0.000000 0.000000 0.000000 0.000000 166.013619 166.000000 166.028795 
0.000000 0.000000 0.000000 0.000000 0.000000 0.000000 166.035021 166.003113 166.000778 166.018678 
0.000000 0.000000 0.000000 0.000000 0.000000 0.000000 166.019456 166.002724 166.001556 166.016343 
0.000000 0.000000 0.000000 0.000000 0.000000 166.038523 166.012063 166.002724 166.002724 166.016343 
0.000000 0.000000 0.000000 0.000000 0.000000 166.028406 166.008950 166.003502 166.003502 166.017121 
0.000000 0.000000 0.000000 0.000000 0.000000 166.021012 166.007782 166.004669 166.005059 166.017899 
0.000000 0.000000 0.000000 0.000000 166.037355 166.017121 166.007782 166.005837 166.006226 166.019067 
0.000000 0.000000 0.000000 0.000000 166.030351 166.014397 166.007782 166.006615 166.007782 166.020234 
0.000000 0.000000 0.000000 0.000000 166.025682 166.013230 166.008171 166.007782 166.009339 166.022180 
0.000000 0.000000 0.000000 166.039690 166.022569 166.012841 166.008561 166.008561 166.011284 166.023736 
0.000000 0.000000 0.000000 166.034632 166.020234 166.012841 166.009728 166.009728 166.012841 166.025682 
0.000000 0.000000 0.000000 166.031130 166.018678 166.012841 166.010506 166.010506 166.014397 166.026849 
0.000000 0.000000 0.000000 166.028017 166.018289 166.012841 166.011674 166.012063 166.015954 166.028795 
0.000000 0.000000 166.039690 166.025682 166.017899 166.013619 166.012452 166.013230 166.017899 166.030351 
0.000000 0.000000 166.036188 166.024514 166.017510 166.014008 166.013619 166.014397 166.019456 166.031908 
0.000000 0.000000 166.033464 166.023736 166.017510 166.014787 166.014397 166.015954 166.021012 166.033853 
0.000000 0.000000 166.031519 166.023347 166.017899 166.015565 166.015565 166.017510 166.022958 166.035410 
0.000000 166.041667 166.029962 166.022958 166.018289 166.016732 166.016732 166.018678 166.024514 166.036966 
0.000000 166.039301 166.029184 166.022569 166.018678 166.017510 166.017510 166.020234 166.026071 166.038912 
0.000000 166.037355 166.028406 166.022569 166.019456 166.018678 166.019067 166.021791 166.028017 166.040468 
0.000000 166.035799 166.028406 166.022569 166.019845 166.019456 166.020234 166.023347 166.029573 0.000000 
0.000000 166.034632 166.028017 166.022958 166.020623 166.020623 166.021402 166.024904 166.031519 0.000000 
0.000000 166.033853 166.027627 166.023347 166.021402 166.021402 166.022569 166.026460 166.033075 0.000000 
166.041247 166.033464 166.027627 166.024125 166.022569 166.022569 166.024125 166.028017 166.034632 0.000000 
166.040079 166.033075 166.027627 166.024514 166.023347 166.023736 166.025293 166.029962 166.036188 0.000000 
166.039301 166.033075 166.028017 166.025293 166.024514 166.024514 166.026849 166.031519 166.038134 0.000000 
166.038912 166.032686 166.028406 166.025682 166.025682 166.026071 166.028406 166.033075 166.039690 0.000000 
166.038523 166.032686 166.028795 166.026460 166.026460 166.026849 166.029962 166.034632 166.041636 0.000000 
166.038134 166.032686 166.029184 166.027627 166.027627 166.028406 166.031519 166.036577 0.000000 0.000000 
166.038134 166.032686 166.029962 166.028406 166.028406 166.029573 166.032686 166.038134 0.000000 0.000000 
166.037745 166.033075 166.030351 166.029573 166.029573 166.031130 166.034242 166.039690 0.000000 0.000000 
166.037745 166.033464 166.031130 166.030351 166.030740 166.032297 166.035799 166.041247 0.000000 0.000000 
166.037745 166.033853 166.031519 166.031519 166.031519 166.033853 166.037355 0.000000 0.000000 0.000000 
166.037745 166.034632 166.032686 166.032297 166.033075 166.035021 166.038912 0.000000 0.000000 0.000000 
166.038134 166.035021 166.033464 166.033464 166.033853 166.036577 166.040079 0.000000 0.000000 0.000000 
166.038523 166.035799 166.034242 166.034632 166.035410 166.037745 166.041667 0.000000 0.000000 0.000000 
166.038912 166.036188 166.035410 166.035410 166.036577 166.039301 0.000000 0.000000 0.000000 0.000000 
166.039301 166.036966 166.036577 166.036577 166.037745 166.040857 0.000000 0.000000 0.000000 0.000000 
166.040079 166.037745 166.037355 166.037745 166.038912 0.000000 0.000000 0.000000 0.000000 0.000000 
166.040468 166.038523 166.038523 166.038523 166.040468 0.000000 0.000000 0.000000 0.000000 0.000000 
166.040857 166.039301 166.039301 166.040079 166.041636 0.000000 0.000000 0.000000 0.000000 0.000000 
166.041636 166.040468 166.040468 166.040857 0.000000 0.000000 0.000000 0.000000 0.000000 0.000000 
0.000000 166.041247 166.041247 0.000000 0.000000 0.000000 0.000000 0.000000 0.000000 0.000000 
