test/output/constant/M3M4100_S000_A180_WD270.0_WS045.0/M3M4100_S000_A180_WD270.0_WS045.0_arrival.asc
ncols         60
nrows         11
xllcorner     426603.990666
yllcorner     12748255.311160
cellsize      100.000000
NODATA_value  0.000000
0.000000 0.000000 0.000000 0.000000 0.000000 0.000000 0.000000 0.000000 0.000000 0.000000 0.000000 0.000000 0.000000 0.000000 0.000000 0.000000 0.000000 0.000000 166.040681 166.039839 166.038997 166.038436 166.037875 166.037594 166.037314 166.037033 166.036753 166.036753 166.036753 166.036753 166.036753 166.036753 166.036753 166.036753 166.037033 166.037594 166.037875 166.038436 166.038717 166.039278 166.039839 166.040119 166.040681 166.041242 166.041522 0.000000 0.000000 0.000000 0.000000 0.000000 0.000000 0.000000 0.000000 0.000000 0.000000 0.000000 0.000000 0.000000 0.000000 0.000000 
0.000000 0.000000 0.000000 0.000000 0.000000 0.000000 0.000000 0.000000 0.000000 166.040400 166.037594 166.035631 166.033947 166.032825 166.031703 166.030861 166.030019 166.029739 166.029178 166.028897 166.028617 166.028617 166.028617 166.028617 166.028617 166.028617 166.028617 166.029178 166.029458 166.030019 166.030300 166.030861 166.031142 166.031703 166.032264 166.032825 166.033106 166.033667 166.034228 166.034789 166.035350 166.035631 166.036192 166.036753 166.037314 166.037875 166.038436 166.038997 166.039558 166.040119 166.040681 166.041242 0.000000 0.000000 0.000000 0.000000 0.000000 0.000000 0.000000 0.000000 
0.000000 0.000000 0.000000 0.000000 166.039839 166.033667 166.030019 166.026933 166.024969 166.023847 166.022725 166.021883 166.021322 166.020761 166.020481 166.020481 166.020481 166.020481 166.020481 166.020761 166.021042 166.021603 166.021883 166.022444 166.023006 166.023286 166.023847 166.024408 166.024969 166.025250 166.025811 166.026372 166.026933 166.027494 166.028056 166.028617 166.029178 166.029739 166.030581 166.031142 166.031703 166.032264 166.033106 166.033667 166.034228 166.035069 166.035631 166.036192 166.036753 166.037594 166.038156 166.038717 166.039558 166.040119 166.040681 166.041522 0.000000 0.000000 0.000000 0.000000 
0.000000 166.035911 166.026653 166.019919 166.016553 166.014589 166.013747 166.012906 166.012344 166.012344 166.012344 166.012344 166.012625 166.013186 166.013467 166.014028 166.014589 166.014869 166.015431 166.015992 166.016553 166.017114 166.017675 166.018236 166.019078 166.019639 166.020200 166.020761 166.021603 166.022164 166.022725 166.023567 166.024128 166.024689 166.025531 166.026092 166.026653 166.027494 166.028056 166.028897 166.029458 166.030300 166.030861 166.031703 166.032264 166.032825 166.033667 166.034228 166.035069 166.035631 166.036472 166.037033 166.037594 166.038436 166.038997 166.039558 166.040400 166.040961 166.041667 0.000000 
166.013467 166.006172 166.004489 166.004208 166.004208 166.004769 166.005050 166.005611 166.006172 166.007014 166.007575 166.008136 166.008978 166.009539 166.010381 166.010942 166.011503 166.012344 166.012906 166.013747 166.014308 166.015150 166.015711 166.016553 166.017114 166.017956 166.018517 166.019358 166.019919 166.020481 166.021322 166.021883 166.022725 166.023286 166.024128 166.024689 166.025250 166.026092 166.026653 166.027494 166.028056 166.028897 166.029458 166.030300 166.030861 166.031422 166.032264 166.032825 166.033667 166.034228 166.035069 166.035631 166.036472 166.037033 166.037875 166.038436 166.039278 166.039839 166.040681 166.041242 
166.000000 166.000561 166.001122 166.001964 166.002525 166.003367 166.003928 166.004769 166.005331 166.006172 166.006733 166.007575 166.008136 166.008978 166.009539 166.010381 166.010942 166.011783 166.012344 166.013186 166.013747 166.014589 166.015150 166.015992 166.016553 166.017394 166.017956 166.018797 166.019358 166.020200 166.020761 166.021603 166.022164 166.023006 166.023567 166.024408 166.024969 166.025811 166.026372 166.027214 166.027775 166.028617 166.029178 166.030019 166.030581 166.031422 166.031983 166.032825 166.033386 166.034228 166.034789 166.035631 166.036192 166.037033 166.037594 166.038436 166.038997 166.039839 166.040400 166.041242 
166.013467 166.006172 166.004489 166.004208 166.004208 166.004769 166.005050 166.005611 166.006172 166.007014 166.007575 166.008136 166.008978 166.009539 166.010381 166.010942 166.011503 166.012344 166.012906 166.013747 166.014308 166.015150 166.015711 166.016553 166.017114 166.017956 166.018517 166.019358 166.019919 166.020481 166.021322 166.021883 166.022725 166.023286 166.024128 166.024689 166.025250 166.026092 166.026653 166.027494 166.028056 166.028897 166.029458 166.030300 166.030861 166.031422 166.032264 166.032825 166.033667 166.034228 166.035069 166.035631 166.036472 166.037033 166.037875 166.038436 166.039278 166.039839 166.040681 166.041242 
0.000000 166.035911 166.026653 166.019919 166.016553 166.014589 166.013747 166.012906 166.012344 166.012344 166.012344 166.012344 166.012625 166.013186 166.013467 166.014028 166.014589 166.014869 166.015431 166.015992 166.016553 166.017114 166.017675 166.018236 166.019078 166.019639 166.020200 166.020761 166.021603 166.022164 166.022725 166.023567 166.024128 166.024689 166.025531 166.026092 166.026653 166.027494 166.028056 166.028897 166.029458 166.030300 166.030861 166.031703 166.032264 166.032825 166.033667 166.034228 166.035069 166.035631 166.036472 166.037033 166.037594 166.038436 166.038997 166.039558 166.040400 166.040961 166.041667 0.000000 
0.000000 0.000000 0.000000 0.000000 166.039839 166.033667 166.030019 166.026933 166.024969 166.023847 166.022725 166.021883 166.021322 166.020761 166.020481 166.020481 166.020481 166.020481 166.020481 166.020761 166.021042 166.021603 166.021883 166.022444 166.023006 166.023286 166.023847 166.024408 166.024969 166.025250 166.025811 166.026372 166.026933 166.027494 166.028056 166.028617 166.029178 166.029739 166.030581 166.031142 166.031703 166.032264 166.033106 166.033667 166.034228 166.035069 166.035631 166.036192 166.036753 166.037594 166.038156 166.038717 166.039558 166.040119 166.040681 166.041522 0.000000 0.000000 0.000000 0.000000 
0.000000 0.000000 0.000000 0.000000 0.000000 0.000000 0.000000 0.000000 0.000000 166.040400 166.037594 166.035631 166.033947 166.032825 166.031703 166.030861 166.030019 166.029739 166.029178 166.028897 166.028617 166.028617 166.028617 166.028617 166.028617 166.028617 166.028617 166.029178 166.029458 166.030019 166.030300 166.030861 166.031142 166.031703 166.032264 166.032825 166.033106 166.033667 166.034228 166.034789 166.035350 166.035631 166.036192 166.036753 166.037314 166.037875 166.038436 166.038997 166.039558 166.040119 166.040681 166.041242 0.000000 0.000000 0.000000 0.000000 0.000000 0.000000 0.000000 0.000000 
0.000000 0.000000 0.000000 0.000000 0.000000 0.000000 0.000000 0.000000 0.000000 0.000000 0.000000 0.000000 0.000000 0.000000 0.000000 0.000000 0.000000 0.000000 166.040681 166.039839 166.038997 166.038436 166.037875 166.037594 166.037314 166.037033 166.036753 166.036753 166.036753 166.036753 166.036753 166.036753 166.036753 166.036753 166.037033 166.037594 166.037875 166.038436 166.038717 166.039278 166.039839 166.040119 166.040681 166.041242 166.041522 0.000000 0.000000 0.000000 0.000000 0.000000 0.000000 0.000000 0.000000 0.000000 0.000000 0.000000 0.000000 0.000000 0.000000 0.000000 
