test/output/constant/M385_S060_A090_WD135.0_WS015.0/M385_S060_A090_WD135.0_WS015.0_intensity.asc
ncols         16
nrows         36
xllcorner     425203.990666
yllcorner     12745355.311160
cellsize      100.000000
NODATA_value  0.000000
0 0 0 0 0 0 0 0 0 0 0 0 0 1692 1488 1370 
0 0 0 0 0 0 0 0 0 0 0 0 3203 2124 0 1370 
0 0 0 0 0 0 0 0 0 0 0 2124 1692 53651 53651 10606 
0 0 0 0 0 0 0 0 0 0 1692 2275 38238 53651 22288 10606 
0 0 0 0 0 0 0 0 0 1692 3203 1692 53651 53651 26694 10606 
0 0 0 0 0 0 0 0 0 3203 3203 3203 53651 53651 22288 10606 
0 0 0 0 0 0 0 0 2275 1692 4724 3203 53651 31141 10606 18056 
0 0 0 0 0 0 0 0 4724 2275 38238 50928 53651 7606 22288 18056 
0 0 0 0 0 0 0 38238 38238 38238 48590 53651 51582 14123 10606 10606 
0 0 0 0 0 0 0 1692 3203 38238 53651 53651 35495 22288 10606 10606 
0 0 0 0 0 0 38238 1692 38238 50928 53651 53651 52978 7606 10606 10606 
0 0 0 0 0 0 4724 2124 38238 53651 53620 53651 49476 14123 7606 14123 
0 0 0 0 0 2275 3203 6882 48590 53651 53651 39625 18056 10606 14123 0 
0 0 0 0 0 1488 4724 2275 48590 53651 51582 22288 22288 10606 14123 0 
0 0 0 0 38238 1692 6882 4724 53651 53651 53620 22288 14123 18056 22288 0 
0 0 0 0 3203 38238 3203 50928 53651 53651 46723 35495 18056 10606 22288 0 
0 0 0 4724 3203 38238 2275 50928 53651 53651 49476 22288 22288 14123 18056 0 
0 0 0 1692 38238 38238 52576 53651 53651 18056 26694 31141 18056 18056 0 0 
0 0 0 1692 38238 42147 53651 53651 53651 18056 51582 26694 22288 10606 0 0 
0 0 38238 38238 38238 50928 53651 53651 53651 22288 46723 22288 22288 14123 0 0 
0 0 38238 38238 48590 53651 53651 53651 53651 46723 10606 10606 22288 0 0 0 
0 0 38238 38238 48590 53651 53651 39625 31141 22288 14123 18056 10606 0 0 0 
0 0 3203 50928 48590 53651 53651 53651 49476 51582 10606 22288 0 0 0 0 
0 38238 38238 53651 53651 53651 53651 53651 26694 22288 22288 31141 0 0 0 0 
0 38238 48590 48590 53651 53651 53651 52978 22288 18056 14123 22288 0 0 0 0 
0 3203 52576 53651 53651 53651 53651 18056 49476 18056 22288 0 0 0 0 0 
0 4724 53651 53651 53651 53651 53651 22288 14123 22288 22288 0 0 0 0 0 
0 50928 53651 53651 53651 53651 43406 52978 35495 22288 0 0 0 0 0 0 
0 48590 53651 53651 53651 43406 18056 49476 18056 26694 0 0 0 0 0 0 
53651 53651 53651 53651 53651 53620 35495 10606 22288 0 0 0 0 0 0 0 
4724 53651 53651 53651 53651 7606 31141 18056 0 0 0 0 0 0 0 0 
52576 53651 53651 53651 43406 35495 35495 18056 0 0 0 0 0 0 0 0 
53651 53651 53651 39625 43406 18056 49476 0 0 0 0 0 0 0 0 0 
0 53651 53651 51582 18056 31141 0 0 0 0 0 0 0 0 0 0 
0 53651 53651 31141 53620 0 0 0 0 0 0 0 0 0 0 0 
0 53651 53651 26694 0 0 0 0 0 0 0 0 0 0 0 0 
