test/output/constant/M3M400_S060_A090_WD225.0_WS045.0/M3M400_S060_A090_WD225.0_WS045.0_ros.asc
ncols         41
nrows         16
xllcorner     426503.990666
yllcorner     12747455.311160
cellsize      100.000000
NODATA_value  0.000000
0.000000 0.000000 2.101101 10.783023 19.208937 10.783023 7.600582 19.208937 0.000000 0.000000 0.000000 0.000000 0.000000 0.000000 0.000000 0.000000 0.000000 0.000000 0.000000 0.000000 0.000000 0.000000 0.000000 0.000000 0.000000 0.000000 0.000000 0.000000 0.000000 0.000000 0.000000 0.000000 0.000000 0.000000 0.000000 0.000000 0.000000 0.000000 0.000000 0.000000 0.000000 
2.101101 2.101101 10.783023 10.783023 24.216946 7.600582 19.208937 7.600582 19.208937 35.086128 35.086128 24.216946 35.086128 10.783023 24.216946 35.086128 0.000000 0.000000 0.000000 0.000000 0.000000 0.000000 0.000000 0.000000 0.000000 0.000000 0.000000 0.000000 0.000000 0.000000 0.000000 0.000000 0.000000 0.000000 0.000000 0.000000 0.000000 0.000000 0.000000 0.000000 0.000000 
2.619967 -1.000000 67.332298 62.857899 67.332298 67.332298 51.056396 45.998024 24.216946 35.086128 14.687399 35.086128 40.620316 19.208937 24.216946 40.620316 14.687399 35.086128 35.086128 19.208937 24.216946 0.000000 0.000000 0.000000 0.000000 0.000000 0.000000 0.000000 0.000000 0.000000 0.000000 0.000000 0.000000 0.000000 0.000000 0.000000 0.000000 0.000000 0.000000 0.000000 0.000000 
1.982882 1.982882 63.423603 67.332298 67.332298 67.332298 67.332298 67.332298 67.332298 65.269066 55.642120 10.783023 65.269066 67.168854 55.642120 51.056396 45.998024 19.208937 51.056396 24.216946 51.056396 40.620316 19.208937 24.216946 0.000000 0.000000 0.000000 0.000000 0.000000 0.000000 0.000000 0.000000 0.000000 0.000000 0.000000 0.000000 0.000000 0.000000 0.000000 0.000000 0.000000 
0.000000 3.136713 3.136713 52.044228 56.513733 60.345642 67.332298 67.332298 67.332298 67.332298 67.332298 67.332298 67.332298 62.857899 67.332298 19.208937 55.642120 24.216946 51.056396 19.208937 51.056396 67.332298 67.332298 51.056396 51.056396 40.620316 24.216946 51.056396 0.000000 0.000000 0.000000 0.000000 0.000000 0.000000 0.000000 0.000000 0.000000 0.000000 0.000000 0.000000 0.000000 
0.000000 0.000000 1.410853 52.044228 56.513733 52.044228 56.513733 60.345642 67.332298 67.332298 67.332298 67.332298 67.332298 62.857899 67.332298 67.332298 67.332298 67.332298 67.332298 59.616135 66.776505 40.620316 14.687399 59.616135 10.783023 40.620316 67.332298 24.216946 65.269066 67.332298 0.000000 0.000000 0.000000 0.000000 0.000000 0.000000 0.000000 0.000000 0.000000 0.000000 0.000000 
0.000000 0.000000 0.000000 1.410853 3.810173 52.044228 56.513733 56.513733 56.513733 67.332298 67.332298 67.332298 67.332298 67.332298 67.332298 67.332298 67.332298 67.332298 67.332298 59.616135 67.332298 10.783023 67.332298 67.332298 67.332298 14.687399 24.216946 65.269066 55.642120 67.332298 55.642120 51.056396 0.000000 0.000000 0.000000 0.000000 0.000000 0.000000 0.000000 0.000000 0.000000 
0.000000 0.000000 0.000000 0.000000 0.000000 47.072803 47.072803 47.072803 52.044228 52.044228 60.345642 56.513733 65.654121 67.332298 67.332298 67.332298 67.332298 67.332298 67.332298 67.332298 67.332298 67.332298 67.332298 67.332298 67.332298 65.269066 67.332298 59.616135 67.332298 55.642120 67.332298 67.332298 67.332298 14.687399 62.857899 0.000000 0.000000 0.000000 0.000000 0.000000 0.000000 
0.000000 0.000000 0.000000 0.000000 0.000000 0.000000 0.000000 47.072803 56.513733 52.044228 56.513733 56.513733 56.513733 56.513733 63.423603 67.265663 67.332298 67.332298 67.332298 67.332298 67.332298 67.332298 67.332298 67.332298 67.332298 67.332298 66.776505 67.332298 10.783023 19.208937 67.332298 67.332298 67.332298 65.269066 24.216946 19.208937 0.000000 0.000000 0.000000 0.000000 0.000000 
0.000000 0.000000 0.000000 0.000000 0.000000 0.000000 0.000000 0.000000 0.000000 47.072803 56.513733 56.513733 56.513733 52.044228 52.044228 56.513733 67.332298 63.423603 65.654121 65.654121 67.332298 67.332298 67.332298 67.332298 67.332298 67.332298 67.332298 67.332298 67.332298 67.332298 59.616135 67.332298 67.332298 67.332298 67.332298 67.332298 19.208937 35.086128 0.000000 0.000000 0.000000 
0.000000 0.000000 0.000000 0.000000 0.000000 0.000000 0.000000 0.000000 0.000000 0.000000 0.000000 1.982882 56.513733 56.513733 56.513733 63.423603 56.513733 56.513733 56.513733 66.969421 63.423603 67.332298 67.332298 67.265663 67.332298 67.332298 67.332298 67.332298 67.332298 67.332298 67.332298 67.332298 67.332298 67.332298 67.332298 67.332298 67.332298 67.332298 67.332298 0.000000 0.000000 
0.000000 0.000000 0.000000 0.000000 0.000000 0.000000 0.000000 0.000000 0.000000 0.000000 0.000000 0.000000 0.000000 0.000000 52.044228 52.044228 56.513733 56.513733 52.044228 56.513733 56.513733 66.969421 67.332298 67.332298 67.332298 67.332298 67.332298 67.332298 67.332298 67.332298 67.332298 67.332298 67.332298 67.332298 67.332298 67.332298 67.332298 67.332298 67.332298 67.332298 0.000000 
0.000000 0.000000 0.000000 0.000000 0.000000 0.000000 0.000000 0.000000 0.000000 0.000000 0.000000 0.000000 0.000000 0.000000 0.000000 0.000000 0.000000 56.513733 52.044228 52.044228 60.345642 56.513733 65.654121 67.332298 63.423603 67.332298 67.332298 67.332298 67.332298 67.332298 67.332298 67.332298 67.332298 67.332298 67.332298 67.332298 67.332298 67.332298 67.332298 67.332298 67.332298 
0.000000 0.000000 0.000000 0.000000 0.000000 0.000000 0.000000 0.000000 0.000000 0.000000 0.000000 0.000000 0.000000 0.000000 0.000000 0.000000 0.000000 0.000000 0.000000 0.000000 56.513733 56.513733 56.513733 52.044228 65.654121 56.513733 67.265663 63.423603 67.332298 67.332298 66.969421 67.332298 67.332298 67.332298 67.332298 67.332298 67.332298 67.332298 67.332298 67.332298 67.332298 
0.000000 0.000000 0.000000 0.000000 0.000000 0.000000 0.000000 0.000000 0.000000 0.000000 0.000000 0.000000 0.000000 0.000000 0.000000 0.000000 0.000000 0.000000 0.000000 0.000000 0.000000 0.000000 0.000000 0.000000 52.044228 52.044228 65.654121 63.423603 67.332298 67.332298 65.654121 67.332298 60.345642 67.332298 66.969421 65.654121 67.332298 67.332298 67.332298 67.332298 67.332298 
0.000000 0.000000 0.000000 0.000000 0.000000 0.000000 0.000000 0.000000 0.000000 0.000000 0.000000 0.000000 0.000000 0.000000 0.000000 0.000000 0.000000 0.000000 0.000000 0.000000 0.000000 0.000000 0.000000 0.000000 0.000000 0.000000 0.000000 0.000000 0.000000 0.000000 67.265663 65.654121 67.332298 63.423603 67.332298 67.332298 67.332298 67.332298 0.000000 0.000000 0.000000 
