test/output/constant/M3M475_S060_A000_WD045.0_WS015.0/M3M475_S060_A000_WD045.0_WS015.0_ros.asc
ncols         47
nrows         13
xllcorner     422003.990666
yllcorner     12747655.311160
cellsize      100.000000
NODATA_value  0.000000
0.000000 0.000000 0.000000 0.000000 0.000000 0.000000 0.000000 0.000000 0.000000 0.000000 0.000000 0.000000 0.000000 0.000000 0.000000 0.000000 0.000000 0.000000 0.000000 0.000000 0.000000 0.000000 0.000000 0.000000 0.000000 0.000000 0.000000 0.000000 0.000000 0.000000 0.000000 0.000000 0.000000 0.000000 0.000000 0.000000 16.264156 7.198689 21.965546 11.276312 21.965546 28.207783 7.198689 28.207783 11.276312 16.264156 0.482807 
0.000000 0.000000 0.000000 0.000000 0.000000 0.000000 0.000000 0.000000 0.000000 0.000000 0.000000 0.000000 0.000000 0.000000 0.000000 0.000000 0.000000 0.000000 0.000000 0.000000 0.000000 0.000000 0.000000 0.000000 0.000000 0.000000 28.207783 21.965546 28.207783 28.207783 28.207783 28.207783 28.207783 21.965546 16.264156 28.207783 21.965546 28.207783 16.264156 21.965546 41.546993 28.207783 66.010391 74.186462 78.541679 78.541679 0.000000 
0.000000 0.000000 0.000000 0.000000 0.000000 0.000000 0.000000 0.000000 0.000000 0.000000 0.000000 0.000000 0.000000 0.000000 0.000000 0.000000 0.000000 0.000000 0.000000 0.000000 0.000000 28.207783 28.207783 16.264156 28.207783 28.207783 11.276312 34.801609 28.207783 28.207783 41.546993 21.965546 28.207783 60.659466 34.801609 34.801609 34.801609 28.207783 76.763390 78.541679 78.541679 78.541679 78.541679 78.541679 78.541679 53.777550 0.977623 
0.000000 0.000000 0.000000 0.000000 0.000000 0.000000 0.000000 0.000000 0.000000 0.000000 0.000000 0.000000 0.000000 0.000000 0.000000 0.000000 0.000000 21.965546 34.801609 28.207783 21.965546 21.965546 34.801609 34.801609 34.801609 28.207783 21.965546 70.565483 66.010391 28.207783 74.186462 16.264156 48.239231 78.478096 76.763390 78.541679 78.541679 78.541679 78.541679 78.408501 78.408501 53.777550 3.884919 1.988568 1.988568 1.988568 0.000000 
0.000000 0.000000 0.000000 0.000000 0.000000 0.000000 0.000000 0.000000 0.000000 0.000000 0.000000 0.000000 0.000000 0.000000 34.801609 34.801609 16.264156 34.801609 74.186462 28.207783 16.264156 28.207783 66.010391 16.264156 28.207783 16.264156 34.801609 78.541679 78.541679 74.186462 78.541679 78.541679 78.541679 78.541679 78.541679 78.541679 78.541679 59.835228 65.285759 53.777550 53.777550 0.977623 47.296940 1.988568 0.000000 0.000000 0.000000 
0.000000 0.000000 0.000000 0.000000 0.000000 0.000000 0.000000 0.000000 0.000000 0.000000 28.207783 11.276312 41.546993 70.565483 66.010391 34.801609 66.010391 21.965546 34.801609 28.207783 41.546993 76.763390 78.541679 78.541679 70.565483 48.239231 78.541679 78.541679 78.541679 78.541679 78.541679 78.541679 78.541679 54.675182 6.779339 53.777550 6.779339 53.777550 53.777550 53.777550 0.977623 0.977623 0.000000 0.000000 0.000000 0.000000 0.000000 
0.000000 0.000000 0.000000 0.000000 0.000000 0.000000 0.000000 28.207783 66.010391 21.965546 76.763390 66.010391 34.801609 11.276312 54.675182 78.541679 21.965546 28.207783 76.763390 74.186462 16.264156 78.541679 78.541679 78.541679 78.541679 78.541679 78.541679 78.541679 78.541679 78.541679 59.835228 59.835228 3.884919 53.777550 6.779339 0.977623 53.777550 1.988568 1.988568 0.000000 0.000000 0.000000 0.000000 0.000000 0.000000 0.000000 0.000000 
0.000000 0.000000 0.000000 0.000000 0.000000 41.546993 28.207783 66.010391 66.010391 34.801609 76.763390 28.207783 60.659466 11.276312 74.186462 28.207783 70.565483 78.541679 78.541679 78.541679 78.541679 78.541679 78.541679 78.541679 78.541679 65.285759 60.659466 6.779339 59.835228 59.835228 53.777550 53.777550 53.777550 1.988568 53.777550 6.779339 0.000000 0.000000 0.000000 0.000000 0.000000 0.000000 0.000000 0.000000 0.000000 0.000000 0.000000 
0.000000 0.000000 0.000000 78.541679 28.207783 34.801609 16.264156 78.541679 34.801609 28.207783 78.541679 78.541679 78.541679 78.541679 78.541679 78.541679 78.541679 78.541679 78.541679 78.541679 78.541679 78.541679 78.541679 59.835228 65.285759 59.835228 53.777550 53.777550 53.777550 53.777550 53.777550 53.777550 53.777550 0.000000 0.000000 0.000000 0.000000 0.000000 0.000000 0.000000 0.000000 0.000000 0.000000 0.000000 0.000000 0.000000 0.000000 
0.000000 21.965546 34.801609 34.801609 28.207783 78.541679 66.010391 78.541679 78.541679 78.541679 78.541679 78.541679 78.541679 78.541679 76.458939 78.541679 78.541679 76.458939 65.285759 59.835228 60.659466 59.835228 1.988568 3.884919 53.777550 59.835228 3.884919 0.868927 1.988568 53.777550 0.000000 0.000000 0.000000 0.000000 0.000000 0.000000 0.000000 0.000000 0.000000 0.000000 0.000000 0.000000 0.000000 0.000000 0.000000 0.000000 0.000000 
28.207783 28.207783 78.541679 78.541679 78.541679 78.541679 78.541679 73.725952 78.541679 78.541679 78.541679 78.541679 78.541679 78.079247 78.541679 73.725952 59.835228 0.507037 3.884919 6.779339 6.779339 53.777550 6.779339 6.779339 53.777550 53.777550 0.000000 0.000000 0.000000 0.000000 0.000000 0.000000 0.000000 0.000000 0.000000 0.000000 0.000000 0.000000 0.000000 0.000000 0.000000 0.000000 0.000000 0.000000 0.000000 0.000000 0.000000 
78.541679 78.541679 78.541679 78.541679 78.541679 78.541679 78.541679 78.541679 78.541679 78.408501 78.541679 53.777550 59.835228 59.835228 59.835228 3.884919 59.835228 59.835228 3.884919 53.777550 1.988568 0.000000 0.000000 0.000000 0.000000 0.000000 0.000000 0.000000 0.000000 0.000000 0.000000 0.000000 0.000000 0.000000 0.000000 0.000000 0.000000 0.000000 0.000000 0.000000 0.000000 0.000000 0.000000 0.000000 0.000000 0.000000 0.000000 
78.541679 78.541679 78.541679 78.541679 78.541679 78.541679 76.458939 59.835228 73.725952 59.835228 6.779339 1.988568 6.779339 53.777550 53.777550 0.000000 0.000000 0.000000 0.000000 0.000000 0.000000 0.000000 0.000000 0.000000 0.000000 0.000000 0.000000 0.000000 0.000000 0.000000 0.000000 0.000000 0.000000 0.000000 0.000000 0.000000 0.000000 0.000000 0.000000 0.000000 0.000000 0.000000 0.000000 0.000000 0.000000 0.000000 0.000000 
