test/output/constant/M350_S000_A180_WD045.0_WS025.0/M350_S000_A180_WD045.0_WS025.0_arrival.asc
ncols         15
nrows         15
xllcorner     425303.990666
yllcorner     12747455.311160
cellsize      100.000000
NODATA_value  0.000000
0.000000 0.000000 0.000000 0.000000 0.000000 0.000000 0.000000 0.000000 0.000000 0.000000 0.000000 166.038285 166.027347 166.024612 166.034639 
0.000000 0.000000 0.000000 0.000000 0.000000 0.000000 0.000000 0.000000 0.000000 166.037374 166.023700 166.010939 166.001823 166.000000 166.024612 
0.000000 0.000000 0.000000 0.000000 0.000000 0.000000 0.000000 0.000000 166.032816 166.020966 166.010939 166.005469 166.001823 166.001823 166.027347 
0.000000 0.000000 0.000000 0.000000 0.000000 0.000000 166.041667 166.030081 166.020966 166.012762 166.008204 166.005469 166.005469 166.010939 166.038285 
0.000000 0.000000 0.000000 0.000000 0.000000 166.040108 166.030993 166.021877 166.015496 166.011850 166.008204 166.008204 166.010939 166.023700 0.000000 
0.000000 0.000000 0.000000 0.000000 166.040108 166.031904 166.023700 166.018231 166.014585 166.011850 166.011850 166.012762 166.020966 166.037374 0.000000 
0.000000 0.000000 0.000000 166.041020 166.032816 166.026435 166.020966 166.018231 166.014585 166.014585 166.015496 166.020966 166.032816 0.000000 0.000000 
0.000000 0.000000 0.000000 166.035551 166.029170 166.024612 166.020966 166.018231 166.018231 166.018231 166.021877 166.030081 0.000000 0.000000 0.000000 
0.000000 0.000000 166.037374 166.031904 166.027347 166.024612 166.020966 166.020966 166.020966 166.023700 166.030993 166.041667 0.000000 0.000000 0.000000 
0.000000 166.040108 166.034639 166.030081 166.027347 166.024612 166.024612 166.024612 166.026435 166.031904 166.040108 0.000000 0.000000 0.000000 0.000000 
0.000000 166.037374 166.033728 166.030993 166.028258 166.027347 166.027347 166.029170 166.032816 166.040108 0.000000 0.000000 0.000000 0.000000 0.000000 
166.040108 166.036462 166.033728 166.030993 166.030993 166.030081 166.031904 166.035551 166.041020 0.000000 0.000000 0.000000 0.000000 0.000000 0.000000 
166.040108 166.036462 166.034639 166.033728 166.033728 166.034639 166.037374 0.000000 0.000000 0.000000 0.000000 0.000000 0.000000 0.000000 0.000000 
166.040108 166.037374 166.036462 166.036462 166.037374 166.040108 0.000000 0.000000 0.000000 0.000000 0.000000 0.000000 0.000000 0.000000 0.000000 
166.041020 166.040108 166.040108 166.040108 0.000000 0.000000 0.000000 0.000000 0.000000 0.000000 0.000000 0.000000 0.000000 0.000000 0.000000 
