test/output/constant/M380_S000_A000_WD270.0_WS030.0/M380_S000_A000_WD270.0_WS030.0_arrival.asc
ncols         36
nrows         9
xllcorner     426503.990666
yllcorner     12748355.311160
cellsize      100.000000
NODATA_value  0.000000
0.000000 0.000000 0.000000 0.000000 0.000000 0.000000 0.000000 0.000000 166.039515 166.037563 166.035612 166.034636 166.034148 166.033661 166.033173 166.033173 166.033173 166.033661 166.033661 166.034148 166.034636 166.035124 166.036100 166.037075 166.037563 166.038539 166.039515 166.040490 166.041466 0.000000 0.000000 0.000000 0.000000 0.000000 0.000000 0.000000 
0.000000 0.000000 0.000000 166.041466 166.035124 166.031221 166.027807 166.025855 166.024880 166.024392 166.023904 166.023904 166.023904 166.023904 166.024392 166.024880 166.025855 166.026343 166.027319 166.028294 166.029270 166.030246 166.031221 166.032197 166.032685 166.033661 166.034636 166.036100 166.037075 166.038051 166.039027 166.040490 166.041466 0.000000 0.000000 0.000000 
0.000000 166.035124 166.025367 166.020001 166.016586 166.015123 166.014635 166.014635 166.014635 166.014635 166.015611 166.016099 166.017074 166.018050 166.019026 166.020001 166.020977 166.021953 166.022928 166.023904 166.025367 166.026343 166.027319 166.028782 166.029758 166.030734 166.032197 166.033173 166.034636 166.035612 166.036588 166.038051 166.039027 166.040490 166.041466 0.000000 
166.030246 166.009269 166.005366 166.004878 166.004878 166.005854 166.006830 166.007805 166.008781 166.010245 166.011220 166.012684 166.013659 166.015123 166.016099 166.017074 166.018538 166.019513 166.020977 166.021953 166.022928 166.024392 166.025367 166.026831 166.027807 166.029270 166.030246 166.031709 166.032685 166.034148 166.035124 166.036588 166.037563 166.039027 166.040002 166.041466 
166.021953 166.000000 166.000976 166.001951 166.003415 166.004391 166.005854 166.006830 166.008293 166.009269 166.010732 166.011708 166.013172 166.014147 166.015611 166.016586 166.018050 166.019026 166.020489 166.021465 166.022928 166.023904 166.025367 166.026343 166.027807 166.028782 166.030246 166.031221 166.032685 166.033661 166.035124 166.036100 166.037563 166.038539 166.040002 166.040978 
166.030246 166.009269 166.005366 166.004878 166.004878 166.005854 166.006830 166.007805 166.008781 166.010245 166.011220 166.012684 166.013659 166.015123 166.016099 166.017074 166.018538 166.019513 166.020977 166.021953 166.022928 166.024392 166.025367 166.026831 166.027807 166.029270 166.030246 166.031709 166.032685 166.034148 166.035124 166.036588 166.037563 166.039027 166.040002 166.041466 
0.000000 166.035124 166.025367 166.020001 166.016586 166.015123 166.014635 166.014635 166.014635 166.014635 166.015611 166.016099 166.017074 166.018050 166.019026 166.020001 166.020977 166.021953 166.022928 166.023904 166.025367 166.026343 166.027319 166.028782 166.029758 166.030734 166.032197 166.033173 166.034636 166.035612 166.036588 166.038051 166.039027 166.040490 166.041466 0.000000 
0.000000 0.000000 0.000000 166.041466 166.035124 166.031221 166.027807 166.025855 166.024880 166.024392 166.023904 166.023904 166.023904 166.023904 166.024392 166.024880 166.025855 166.026343 166.027319 166.028294 166.029270 166.030246 166.031221 166.032197 166.032685 166.033661 166.034636 166.036100 166.037075 166.038051 166.039027 166.040490 166.041466 0.000000 0.000000 0.000000 
0.000000 0.000000 0.000000 0.000000 0.000000 0.000000 0.000000 0.000000 166.039515 166.037563 166.035612 166.034636 166.034148 166.033661 166.033173 166.033173 166.033173 166.033661 166.033661 166.034148 166.034636 166.035124 166.036100 166.037075 166.037563 166.038539 166.039515 166.040490 166.041466 0.000000 0.000000 0.000000 0.000000 0.000000 0.000000 0.000000 
