test/output/constant/M3M460_S060_A180_WD135.0_WS010.0/M3M460_S060_A180_WD135.0_WS010.0_arrival.asc
ncols         25
nrows         9
xllcorner     426503.990666
yllcorner     12748655.311160
cellsize      100.000000
NODATA_value  0.000000
0.000000 0.000000 0.000000 0.000000 0.000000 0.000000 0.000000 0.000000 0.000000 0.000000 0.000000 0.000000 0.000000 0.000000 0.000000 166.041097 166.040401 166.039704 166.039704 166.039704 166.039704 166.040401 166.041097 166.041667 0.000000 
0.000000 0.000000 0.000000 0.000000 0.000000 0.000000 0.000000 0.000000 0.000000 0.000000 0.000000 166.038311 166.036221 166.034828 166.034132 166.033435 166.033435 166.033435 166.034132 166.034828 166.035525 166.036918 166.038311 166.039704 166.041097 
0.000000 0.000000 0.000000 0.000000 0.000000 0.000000 0.000000 166.041667 166.035525 166.032042 166.029256 166.027863 166.027863 166.027863 166.027863 166.027863 166.028559 166.029256 166.031345 166.032042 166.034132 166.035525 166.037615 166.039008 166.041097 
0.000000 0.000000 0.000000 0.000000 0.000000 166.036918 166.029256 166.025076 166.022987 166.021594 166.021594 166.021594 166.021594 166.022290 166.023683 166.025076 166.026470 166.028559 166.029952 166.032042 166.034132 166.035525 166.037615 166.039704 166.041667 
0.000000 0.000000 0.000000 166.034132 166.024380 166.018807 166.016021 166.015324 166.015324 166.016021 166.016718 166.017414 166.019504 166.020897 166.022987 166.025076 166.026470 166.028559 166.030649 166.032739 166.034828 166.037615 166.039704 0.000000 0.000000 
0.000000 166.040401 166.020897 166.012538 166.009752 166.009752 166.009752 166.010448 166.011842 166.013931 166.016021 166.017414 166.019504 166.021594 166.023683 166.025773 166.027863 166.030649 166.033435 166.035525 166.038311 166.041097 0.000000 0.000000 0.000000 
166.041667 166.007662 166.003483 166.003483 166.004876 166.006966 166.008359 166.010448 166.011842 166.013931 166.016718 166.018807 166.021594 166.024380 166.027166 166.029952 166.032739 166.035525 166.038311 166.041097 0.000000 0.000000 0.000000 0.000000 0.000000 
166.030649 166.000000 166.001393 166.002786 166.004876 166.007662 166.010448 166.013235 166.016021 166.018807 166.022290 166.025076 166.027863 166.031345 166.034132 166.036918 166.040401 0.000000 0.000000 0.000000 0.000000 0.000000 0.000000 0.000000 0.000000 
0.000000 166.020897 166.016718 166.017414 166.018807 166.020897 166.023683 166.026470 166.029256 166.032042 166.035525 166.038311 166.041097 0.000000 0.000000 0.000000 0.000000 0.000000 0.000000 0.000000 0.000000 0.000000 0.000000 0.000000 0.000000 
