test/output/constant/M390_S060_A090_WD135.0_WS015.0/M390_S060_A090_WD135.0_WS015.0_arrival.asc
ncols         16
nrows         38
xllcorner     425203.990666
yllcorner     12745155.311160
cellsize      100.000000
NODATA_value  0.000000
0.000000 0.000000 0.000000 0.000000 0.000000 0.000000 0.000000 0.000000 0.000000 0.000000 0.000000 0.000000 0.000000 166.028300 166.021120 166.031679 
0.000000 0.000000 0.000000 0.000000 0.000000 0.000000 0.000000 0.000000 0.000000 0.000000 0.000000 0.000000 166.023231 166.003802 166.000000 166.016896 
0.000000 0.000000 0.000000 0.000000 0.000000 0.000000 0.000000 0.000000 0.000000 0.000000 0.000000 166.027455 166.010137 166.001690 166.000845 166.015628 
0.000000 0.000000 0.000000 0.000000 0.000000 0.000000 0.000000 0.000000 0.000000 0.000000 166.033369 166.016896 166.005069 166.002112 166.002112 166.016051 
0.000000 0.000000 0.000000 0.000000 0.000000 0.000000 0.000000 0.000000 0.000000 166.039282 166.022809 166.010560 166.004646 166.002957 166.003802 166.018585 
0.000000 0.000000 0.000000 0.000000 0.000000 0.000000 0.000000 0.000000 0.000000 166.029145 166.016473 166.008025 166.004646 166.004224 166.006336 166.020697 
0.000000 0.000000 0.000000 0.000000 0.000000 0.000000 0.000000 0.000000 166.035481 166.022809 166.012672 166.007603 166.005491 166.005491 166.008870 166.023231 
0.000000 0.000000 0.000000 0.000000 0.000000 0.000000 0.000000 166.041667 166.028723 166.017740 166.010982 166.007603 166.006336 166.007181 166.011827 166.026188 
0.000000 0.000000 0.000000 0.000000 0.000000 0.000000 0.000000 166.035058 166.023654 166.015206 166.010560 166.007603 166.007603 166.008870 166.014784 166.029145 
0.000000 0.000000 0.000000 0.000000 0.000000 0.000000 166.041394 166.029567 166.020275 166.013939 166.010560 166.008870 166.008870 166.011405 166.017740 166.032102 
0.000000 0.000000 0.000000 0.000000 0.000000 0.000000 166.035481 166.025343 166.018163 166.013516 166.010560 166.010137 166.010560 166.013516 166.020697 166.035058 
0.000000 0.000000 0.000000 0.000000 0.000000 166.041394 166.030834 166.022809 166.016896 166.013094 166.011405 166.010982 166.012249 166.016051 166.023231 166.038015 
0.000000 0.000000 0.000000 0.000000 0.000000 166.036748 166.027455 166.021120 166.016473 166.013516 166.012249 166.012249 166.013939 166.018585 166.026188 166.040972 
0.000000 0.000000 0.000000 0.000000 0.000000 166.032524 166.025343 166.019852 166.016051 166.013939 166.013516 166.013939 166.016473 166.021542 166.029145 0.000000 
0.000000 0.000000 0.000000 0.000000 166.038015 166.029990 166.023654 166.019430 166.016051 166.014784 166.014361 166.015206 166.018585 166.024076 166.032102 0.000000 
0.000000 0.000000 0.000000 0.000000 166.035058 166.027878 166.022809 166.019008 166.016473 166.015628 166.015628 166.017318 166.021120 166.027033 166.035058 0.000000 
0.000000 0.000000 0.000000 166.040127 166.032524 166.026611 166.022387 166.019008 166.016896 166.016896 166.017318 166.019430 166.023231 166.029567 166.038015 0.000000 
0.000000 0.000000 0.000000 166.037593 166.030834 166.025766 166.021964 166.019430 166.018163 166.018163 166.019008 166.021542 166.025766 166.032524 166.040972 0.000000 
0.000000 0.000000 0.000000 166.035481 166.029567 166.024921 166.021964 166.019852 166.019008 166.019008 166.020697 166.023654 166.028300 166.035058 0.000000 0.000000 
0.000000 0.000000 166.040127 166.033791 166.028723 166.024921 166.021964 166.020275 166.020275 166.020697 166.022387 166.025766 166.030834 166.038015 0.000000 0.000000 
0.000000 0.000000 166.038015 166.032524 166.028300 166.024921 166.022387 166.021542 166.021542 166.022387 166.024499 166.028300 166.033791 166.040972 0.000000 0.000000 
0.000000 0.000000 166.036748 166.031679 166.027878 166.024921 166.022809 166.022387 166.022809 166.024076 166.026611 166.030834 166.036326 0.000000 0.000000 0.000000 
0.000000 166.040972 166.035481 166.030834 166.027878 166.025343 166.024076 166.023654 166.024076 166.025766 166.028723 166.033369 166.038860 0.000000 0.000000 0.000000 
0.000000 166.039282 166.034636 166.030834 166.027878 166.025766 166.024921 166.024921 166.025766 166.027455 166.030834 166.035481 166.041667 0.000000 0.000000 0.000000 
0.000000 166.038438 166.034214 166.030412 166.027878 166.026188 166.026188 166.026188 166.027033 166.029567 166.033369 166.038015 0.000000 0.000000 0.000000 0.000000 
0.000000 166.037593 166.033791 166.030412 166.028300 166.027455 166.027033 166.027455 166.029145 166.031679 166.035481 166.040972 0.000000 0.000000 0.000000 0.000000 
166.041394 166.036748 166.033369 166.030834 166.028723 166.028300 166.028300 166.029145 166.030834 166.033791 166.038015 0.000000 0.000000 0.000000 0.000000 0.000000 
166.040549 166.036748 166.033369 166.031257 166.029567 166.029567 166.029567 166.030834 166.032946 166.035903 166.040549 0.000000 0.000000 0.000000 0.000000 0.000000 
166.039705 166.036326 166.033369 166.031679 166.030834 166.030412 166.030834 166.032102 166.034636 166.038438 0.000000 0.000000 0.000000 0.000000 0.000000 0.000000 
166.039705 166.036326 166.033791 166.032102 166.031679 166.031679 166.032524 166.034214 166.036748 166.040549 0.000000 0.000000 0.000000 0.000000 0.000000 0.000000 
166.039282 166.036326 166.034214 166.032946 166.032946 166.032946 166.034214 166.035903 166.038860 0.000000 0.000000 0.000000 0.000000 0.000000 0.000000 0.000000 
166.039282 166.036748 166.034636 166.034214 166.034214 166.034214 166.035903 166.038015 166.040972 0.000000 0.000000 0.000000 0.000000 0.000000 0.000000 0.000000 
166.039282 166.037170 166.035481 166.035058 166.035058 166.035903 166.037593 166.039705 0.000000 0.000000 0.000000 0.000000 0.000000 0.000000 0.000000 0.000000 
166.039282 166.037593 166.036748 166.036326 166.036326 166.037593 166.039282 0.000000 0.000000 0.000000 0.000000 0.000000 0.000000 0.000000 0.000000 0.000000 
166.039705 166.038015 166.037593 166.037593 166.038015 166.039282 166.040972 0.000000 0.000000 0.000000 0.000000 0.000000 0.000000 0.000000 0.000000 0.000000 
166.040127 166.038860 166.038438 166.038860 166.039282 166.040549 0.000000 0.000000 0.000000 0.000000 0.000000 0.000000 0.000000 0.000000 0.000000 0.000000 
166.040972 166.040127 166.039705 166.040127 166.040972 0.000000 0.000000 0.000000 0.000000 0.000000 0.000000 0.000000 0.000000 0.000000 0.000000 0.000000 
166.041394 166.040972 166.040972 166.041394 0.000000 0.000000 0.000000 0.000000 0.000000 0.000000 0.000000 0.000000 0.000000 0.000000 0.000000 0.000000 
