test/output/constant/M390_S060_A090_WD135.0_WS015.0/M390_S060_A090_WD135.0_WS015.0_raz.asc
ncols         16
nrows         38
xllcorner     425203.990666
yllcorner     12745155.311160
cellsize      100.000000
NODATA_value  0.000000
0 0 0 0 0 0 0 0 0 0 0 0 0 309 285 44 
0 0 0 0 0 0 0 0 0 0 0 0 280 262 254 44 
0 0 0 0 0 0 0 0 0 0 0 262 280 199 199 168 
0 0 0 0 0 0 0 0 0 0 309 355 209 199 168 161 
0 0 0 0 0 0 0 0 0 280 285 262 199 199 181 168 
0 0 0 0 0 0 0 0 0 210 262 209 199 199 181 178 
0 0 0 0 0 0 0 0 280 355 210 204 199 189 184 178 
0 0 0 0 0 0 0 262 209 210 209 199 199 174 181 168 
0 0 0 0 0 0 0 210 209 210 248 199 198 184 168 168 
0 0 0 0 0 0 280 280 248 209 199 199 192 161 174 168 
0 0 0 0 0 0 238 209 248 262 199 199 168 178 174 168 
0 0 0 0 0 209 248 262 209 201 199 199 181 178 181 168 
0 0 0 0 0 248 209 248 205 199 199 190 192 181 181 174 
0 0 0 0 0 210 262 209 199 199 199 178 174 174 181 0 
0 0 0 0 209 210 209 262 199 199 199 194 178 168 178 0 
0 0 0 0 248 209 248 203 199 199 190 192 174 174 181 0 
0 0 0 238 210 209 262 199 199 195 178 168 181 178 181 0 
0 0 0 209 209 262 199 199 199 178 174 174 178 174 168 0 
0 0 0 280 209 204 199 199 199 194 178 181 181 181 0 0 
0 0 280 238 238 205 199 199 199 181 181 189 186 178 0 0 
0 0 262 209 262 199 199 199 199 192 178 181 174 168 0 0 
0 0 309 248 199 199 199 199 168 178 178 161 181 0 0 0 
0 262 209 204 204 199 199 199 189 181 181 174 181 0 0 0 
0 209 262 204 199 199 199 199 186 186 178 181 178 0 0 0 
0 209 262 203 201 199 196 178 194 195 174 184 0 0 0 0 
0 248 209 201 199 199 199 199 174 181 181 174 0 0 0 0 
209 204 199 199 199 199 199 181 174 178 178 0 0 0 0 0 
262 205 199 199 199 199 181 192 161 181 168 0 0 0 0 0 
204 203 199 200 199 199 194 190 181 168 0 0 0 0 0 0 
204 204 199 199 199 196 189 174 181 178 0 0 0 0 0 0 
204 199 199 199 199 189 168 195 189 0 0 0 0 0 0 0 
204 199 201 199 178 192 181 161 181 0 0 0 0 0 0 0 
199 199 199 199 195 199 168 189 0 0 0 0 0 0 0 0 
201 201 199 199 190 192 181 0 0 0 0 0 0 0 0 0 
199 199 199 178 174 168 181 0 0 0 0 0 0 0 0 0 
199 199 199 178 184 190 0 0 0 0 0 0 0 0 0 0 
199 199 199 178 174 0 0 0 0 0 0 0 0 0 0 0 
199 199 199 178 0 0 0 0 0 0 0 0 0 0 0 0 
