test/output/constant/M390_S060_A090_WD135.0_WS015.0/M390_S060_A090_WD135.0_WS015.0_ros.asc
ncols         16
nrows         38
xllcorner     425203.990666
yllcorner     12745155.311160
cellsize      100.000000
NODATA_value  0.000000
0.000000 0.000000 0.000000 0.000000 0.000000 0.000000 0.000000 0.000000 0.000000 0.000000 0.000000 0.000000 0.000000 1.939284 2.451372 1.568649 
0.000000 0.000000 0.000000 0.000000 0.000000 0.000000 0.000000 0.000000 0.000000 0.000000 0.000000 0.000000 2.632985 3.745533 -1.000000 1.568649 
0.000000 0.000000 0.000000 0.000000 0.000000 0.000000 0.000000 0.000000 0.000000 0.000000 0.000000 3.745533 2.632985 64.421616 64.421616 12.624068 
0.000000 0.000000 0.000000 0.000000 0.000000 0.000000 0.000000 0.000000 0.000000 0.000000 1.939284 1.699693 45.917973 64.421616 12.624068 9.019303 
0.000000 0.000000 0.000000 0.000000 0.000000 0.000000 0.000000 0.000000 0.000000 2.632985 2.451372 3.745533 64.421616 64.421616 26.674179 12.624068 
0.000000 0.000000 0.000000 0.000000 0.000000 0.000000 0.000000 0.000000 0.000000 40.850922 3.745533 45.917973 64.421616 64.421616 26.674179 21.582748 
0.000000 0.000000 0.000000 0.000000 0.000000 0.000000 0.000000 0.000000 2.632985 1.699693 40.850922 58.359154 64.421616 42.565052 31.974884 21.582748 
0.000000 0.000000 0.000000 0.000000 0.000000 0.000000 0.000000 3.745533 45.917973 40.850922 45.917973 64.421616 64.421616 16.852734 26.674179 12.624068 
0.000000 0.000000 0.000000 0.000000 0.000000 0.000000 0.000000 40.850922 45.917973 40.850922 5.575231 64.421616 63.608627 31.974884 12.624068 12.624068 
0.000000 0.000000 0.000000 0.000000 0.000000 0.000000 2.632985 2.632985 5.575231 45.917973 64.421616 64.421616 52.085178 9.019303 16.852734 12.624068 
0.000000 0.000000 0.000000 0.000000 0.000000 0.000000 8.173328 45.917973 5.575231 3.745533 64.421616 64.421616 12.624068 21.582748 16.852734 12.624068 
0.000000 0.000000 0.000000 0.000000 0.000000 45.917973 5.575231 3.745533 45.917973 63.140785 64.421616 64.421616 26.674179 21.582748 26.674179 12.624068 
0.000000 0.000000 0.000000 0.000000 0.000000 5.575231 45.917973 5.575231 54.807198 64.421616 64.421616 47.535004 52.085178 26.674179 26.674179 16.852734 
0.000000 0.000000 0.000000 0.000000 0.000000 40.850922 3.745533 45.917973 64.421616 64.421616 64.421616 21.582748 16.852734 16.852734 26.674179 0.000000 
0.000000 0.000000 0.000000 0.000000 45.917973 40.850922 45.917973 3.745533 64.421616 64.421616 64.421616 56.077904 21.582748 12.624068 21.582748 0.000000 
0.000000 0.000000 0.000000 0.000000 5.575231 45.917973 5.575231 61.165489 64.421616 64.421616 47.535004 52.085178 16.852734 16.852734 26.674179 0.000000 
0.000000 0.000000 0.000000 8.173328 40.850922 45.917973 3.745533 64.421616 64.421616 59.392334 21.582748 12.624068 26.674179 21.582748 26.674179 0.000000 
0.000000 0.000000 0.000000 45.917973 45.917973 3.745533 64.421616 64.421616 64.421616 21.582748 16.852734 16.852734 21.582748 16.852734 12.624068 0.000000 
0.000000 0.000000 0.000000 2.632985 45.917973 58.359154 64.421616 64.421616 64.421616 56.077904 21.582748 26.674179 26.674179 26.674179 0.000000 0.000000 
0.000000 0.000000 2.632985 8.173328 8.173328 54.807198 64.421616 64.382988 64.421616 26.674179 26.674179 42.565052 37.325603 21.582748 0.000000 0.000000 
0.000000 0.000000 3.745533 45.917973 3.745533 64.421616 64.421616 64.421616 64.421616 52.085178 21.582748 26.674179 16.852734 12.624068 0.000000 0.000000 
0.000000 0.000000 1.939284 5.575231 64.421616 64.421616 64.421616 64.421616 12.624068 21.582748 21.582748 9.019303 26.674179 0.000000 0.000000 0.000000 
0.000000 3.745533 45.917973 58.359154 58.359154 64.421616 64.421616 64.421616 42.565052 26.674179 26.674179 16.852734 26.674179 0.000000 0.000000 0.000000 
0.000000 45.917973 3.745533 58.359154 64.421616 64.421616 64.421616 64.421616 37.325603 37.325603 21.582748 26.674179 21.582748 0.000000 0.000000 0.000000 
0.000000 45.917973 3.745533 61.165489 63.140785 64.421616 61.928150 21.582748 56.077904 59.392334 16.852734 31.974884 0.000000 0.000000 0.000000 0.000000 
0.000000 5.575231 45.917973 63.140785 64.421616 64.421616 64.421616 64.421616 16.852734 26.674179 26.674179 16.852734 0.000000 0.000000 0.000000 0.000000 
45.917973 58.359154 64.421616 64.421616 64.421616 64.421616 64.421616 26.674179 16.852734 21.582748 21.582748 0.000000 0.000000 0.000000 0.000000 0.000000 
3.745533 54.807198 64.421616 64.421616 64.421616 64.421616 26.674179 52.085178 9.019303 26.674179 12.624068 0.000000 0.000000 0.000000 0.000000 0.000000 
58.359154 61.165489 64.421616 64.224846 64.421616 64.421616 56.077904 47.535004 26.674179 12.624068 0.000000 0.000000 0.000000 0.000000 0.000000 0.000000 
58.359154 58.359154 64.421616 64.382988 64.421616 61.928150 42.565052 16.852734 26.674179 21.582748 0.000000 0.000000 0.000000 0.000000 0.000000 0.000000 
58.359154 64.421616 64.421616 64.421616 64.421616 42.565052 12.624068 59.392334 42.565052 0.000000 0.000000 0.000000 0.000000 0.000000 0.000000 0.000000 
58.359154 64.421616 63.140785 64.421616 21.582748 52.085178 26.674179 9.019303 26.674179 0.000000 0.000000 0.000000 0.000000 0.000000 0.000000 0.000000 
64.421616 64.421616 64.421616 64.421616 59.392334 64.421616 12.624068 42.565052 0.000000 0.000000 0.000000 0.000000 0.000000 0.000000 0.000000 0.000000 
63.140785 63.140785 64.421616 64.421616 47.535004 52.085178 26.674179 0.000000 0.000000 0.000000 0.000000 0.000000 0.000000 0.000000 0.000000 0.000000 
64.421616 64.421616 64.421616 21.582748 16.852734 12.624068 26.674179 0.000000 0.000000 0.000000 0.000000 0.000000 0.000000 0.000000 0.000000 0.000000 
64.421616 64.421616 64.421616 21.582748 31.974884 47.535004 0.000000 0.000000 0.000000 0.000000 0.000000 0.000000 0.000000 0.000000 0.000000 0.000000 
64.421616 64.421616 64.421616 21.582748 16.852734 0.000000 0.000000 0.000000 0.000000 0.000000 0.000000 0.000000 0.000000 0.000000 0.000000 0.000000 
64.421616 64.421616 64.421616 21.582748 0.000000 0.000000 0.000000 0.000000 0.000000 0.000000 0.000000 0.000000 0.000000 0.000000 0.000000 0.000000 
