test/output/constant/M3100_S060_A270_WD315.0_WS045.0/M3100_S060_A270_WD315.0_WS045.0_ros.asc
ncols         41
nrows         16
xllcorner     426503.990666
yllcorner     12748555.311160
cellsize      100.000000
NODATA_value  0.000000
0.000000 0.000000 0.000000 0.000000 0.000000 0.000000 0.000000 0.000000 0.000000 0.000000 0.000000 0.000000 0.000000 0.000000 0.000000 0.000000 0.000000 0.000000 0.000000 0.000000 0.000000 0.000000 0.000000 0.000000 0.000000 0.000000 0.000000 0.000000 0.000000 0.000000 67.265663 65.654121 67.332298 63.423603 67.332298 67.332298 67.332298 67.332298 0.000000 0.000000 0.000000 
0.000000 0.000000 0.000000 0.000000 0.000000 0.000000 0.000000 0.000000 0.000000 0.000000 0.000000 0.000000 0.000000 0.000000 0.000000 0.000000 0.000000 0.000000 0.000000 0.000000 0.000000 0.000000 0.000000 0.000000 52.044228 52.044228 65.654121 63.423603 67.332298 67.332298 65.654121 67.332298 60.345642 67.332298 66.969421 65.654121 67.332298 67.332298 67.332298 67.332298 67.332298 
0.000000 0.000000 0.000000 0.000000 0.000000 0.000000 0.000000 0.000000 0.000000 0.000000 0.000000 0.000000 0.000000 0.000000 0.000000 0.000000 0.000000 0.000000 0.000000 0.000000 56.513733 56.513733 56.513733 52.044228 65.654121 56.513733 67.265663 63.423603 67.332298 67.332298 66.969421 67.332298 67.332298 67.332298 67.332298 67.332298 67.332298 67.332298 67.332298 67.332298 67.332298 
0.000000 0.000000 0.000000 0.000000 0.000000 0.000000 0.000000 0.000000 0.000000 0.000000 0.000000 0.000000 0.000000 0.000000 0.000000 0.000000 0.000000 56.513733 52.044228 52.044228 60.345642 56.513733 65.654121 67.332298 63.423603 67.332298 67.332298 67.332298 67.332298 67.332298 67.332298 67.332298 67.332298 67.332298 65.654121 67.332298 67.332298 67.332298 67.332298 67.332298 67.332298 
0.000000 0.000000 0.000000 0.000000 0.000000 0.000000 0.000000 0.000000 0.000000 0.000000 0.000000 0.000000 0.000000 0.000000 52.044228 52.044228 56.513733 56.513733 52.044228 56.513733 56.513733 66.969421 67.332298 67.332298 67.332298 67.332298 67.332298 67.332298 67.332298 67.332298 67.332298 67.332298 67.332298 67.332298 67.332298 67.332298 67.332298 67.332298 67.332298 67.332298 0.000000 
0.000000 0.000000 0.000000 0.000000 0.000000 0.000000 0.000000 0.000000 0.000000 0.000000 0.000000 56.513733 56.513733 56.513733 56.513733 63.423603 56.513733 56.513733 56.513733 66.969421 63.423603 67.332298 67.332298 67.265663 67.332298 67.332298 67.332298 66.969421 67.332298 67.332298 67.332298 67.332298 67.332298 67.332298 67.332298 67.332298 67.332298 67.332298 67.332298 0.000000 0.000000 
0.000000 0.000000 0.000000 0.000000 0.000000 0.000000 0.000000 0.000000 0.000000 47.072803 56.513733 56.513733 56.513733 52.044228 52.044228 56.513733 67.332298 63.423603 65.654121 65.654121 67.332298 67.332298 67.332298 67.332298 67.332298 67.332298 67.332298 67.332298 67.332298 67.332298 59.616135 67.332298 67.332298 67.332298 67.332298 67.332298 67.332298 35.086128 0.000000 0.000000 0.000000 
0.000000 0.000000 0.000000 0.000000 0.000000 0.000000 0.000000 47.072803 56.513733 52.044228 56.513733 56.513733 56.513733 56.513733 63.423603 67.265663 67.332298 67.332298 67.332298 67.332298 67.332298 67.332298 67.332298 67.332298 67.332298 67.332298 66.776505 67.332298 67.332298 67.332298 67.332298 67.332298 67.332298 65.269066 67.332298 67.332298 0.000000 0.000000 0.000000 0.000000 0.000000 
0.000000 0.000000 0.000000 0.000000 0.000000 47.072803 47.072803 47.072803 52.044228 52.044228 60.345642 56.513733 65.654121 67.332298 67.332298 67.332298 67.332298 67.265663 67.332298 67.332298 67.332298 67.332298 67.332298 67.332298 67.332298 65.269066 67.332298 59.616135 67.332298 55.642120 67.332298 67.332298 67.332298 62.857899 62.857899 0.000000 0.000000 0.000000 0.000000 0.000000 0.000000 
0.000000 0.000000 0.000000 41.750301 3.810173 52.044228 56.513733 56.513733 56.513733 67.332298 67.332298 67.332298 67.332298 67.332298 67.332298 67.332298 67.332298 67.332298 67.332298 59.616135 67.332298 67.332298 67.332298 67.332298 67.332298 67.332298 67.332298 65.269066 55.642120 67.332298 55.642120 51.056396 0.000000 0.000000 0.000000 0.000000 0.000000 0.000000 0.000000 0.000000 0.000000 
0.000000 0.000000 3.810173 52.044228 56.513733 52.044228 56.513733 60.345642 67.332298 67.332298 67.332298 67.332298 67.332298 62.857899 67.332298 67.332298 67.332298 67.332298 67.332298 59.616135 66.776505 40.620316 67.332298 59.616135 66.776505 40.620316 67.332298 65.269066 65.269066 67.332298 0.000000 0.000000 0.000000 0.000000 0.000000 0.000000 0.000000 0.000000 0.000000 0.000000 0.000000 
0.000000 3.136713 3.136713 52.044228 56.513733 60.345642 67.332298 67.332298 67.332298 67.332298 67.332298 67.332298 67.332298 62.857899 67.332298 65.269066 55.642120 67.332298 51.056396 62.857899 51.056396 67.332298 67.332298 51.056396 51.056396 40.620316 55.642120 51.056396 0.000000 0.000000 0.000000 0.000000 0.000000 0.000000 0.000000 0.000000 0.000000 0.000000 0.000000 0.000000 0.000000 
1.982882 3.136713 63.423603 67.332298 67.332298 67.332298 67.332298 67.332298 67.332298 65.269066 55.642120 67.332298 65.269066 67.168854 55.642120 51.056396 45.998024 67.332298 51.056396 67.332298 51.056396 40.620316 55.642120 59.616135 0.000000 0.000000 0.000000 0.000000 0.000000 0.000000 0.000000 0.000000 0.000000 0.000000 0.000000 0.000000 0.000000 0.000000 0.000000 0.000000 0.000000 
2.619967 -1.000000 67.332298 62.857899 67.332298 67.332298 51.056396 45.998024 55.642120 35.086128 40.620316 35.086128 40.620316 40.620316 55.642120 40.620316 40.620316 35.086128 35.086128 40.620316 55.642120 0.000000 0.000000 0.000000 0.000000 0.000000 0.000000 0.000000 0.000000 0.000000 0.000000 0.000000 0.000000 0.000000 0.000000 0.000000 0.000000 0.000000 0.000000 0.000000 0.000000 
1.486393 2.101101 10.783023 10.783023 35.086128 35.086128 40.620316 35.086128 40.620316 35.086128 35.086128 55.642120 35.086128 40.620316 40.620316 35.086128 0.000000 0.000000 0.000000 0.000000 0.000000 0.000000 0.000000 0.000000 0.000000 0.000000 0.000000 0.000000 0.000000 0.000000 0.000000 0.000000 0.000000 0.000000 0.000000 0.000000 0.000000 0.000000 0.000000 0.000000 0.000000 
0.000000 0.000000 2.101101 10.783023 19.208937 10.783023 7.600582 35.086128 0.000000 0.000000 0.000000 0.000000 0.000000 0.000000 0.000000 0.000000 0.000000 0.000000 0.000000 0.000000 0.000000 0.000000 0.000000 0.000000 0.000000 0.000000 0.000000 0.000000 0.000000 0.000000 0.000000 0.000000 0.000000 0.000000 0.000000 0.000000 0.000000 0.000000 0.000000 0.000000 0.000000 
