test/output/constant/M3100_S060_A270_WD315.0_WS045.0/M3100_S060_A270_WD315.0_WS045.0_intensity.asc
ncols         41
nrows         16
xllcorner     426503.990666
yllcorner     12748555.311160
cellsize      100.000000
NODATA_value  0.000000
0 0 0 0 0 0 0 0 0 0 0 0 0 0 0 0 0 0 0 0 0 0 0 0 0 0 0 0 0 0 62568 61069 62630 58994 62630 62630 62630 62630 0 0 0 
0 0 0 0 0 0 0 0 0 0 0 0 0 0 0 0 0 0 0 0 0 0 0 0 48410 48410 61069 58994 62630 62630 61069 62630 56131 62630 62293 61069 62630 62630 62630 62630 62630 
0 0 0 0 0 0 0 0 0 0 0 0 0 0 0 0 0 0 0 0 52567 52567 52567 48410 61069 52567 62568 58994 62630 62630 62293 62630 62630 62630 62630 62630 62630 62630 62630 62630 62630 
0 0 0 0 0 0 0 0 0 0 0 0 0 0 0 0 0 52567 48410 48410 56131 52567 61069 62630 58994 62630 62630 62630 62630 62630 62630 62630 62630 62630 61069 62630 62630 62630 62630 62630 62630 
0 0 0 0 0 0 0 0 0 0 0 0 0 0 48410 48410 52567 52567 48410 52567 52567 62293 62630 62630 62630 62630 62630 62630 62630 62630 62630 62630 62630 62630 62630 62630 62630 62630 62630 62630 0 
0 0 0 0 0 0 0 0 0 0 0 52567 52567 52567 52567 58994 52567 52567 52567 62293 58994 62630 62630 62568 62630 62630 62630 62293 62630 62630 62630 62630 62630 62630 62630 62630 62630 62630 62630 0 0 
0 0 0 0 0 0 0 0 0 43785 52567 52567 52567 48410 48410 52567 62630 58994 61069 61069 62630 62630 62630 62630 62630 62630 62630 62630 62630 62630 55453 62630 62630 62630 62630 62630 62630 32636 0 0 0 
0 0 0 0 0 0 0 43785 52567 48410 52567 52567 52567 52567 58994 62568 62630 62630 62630 62630 62630 62630 62630 62630 62630 62630 62113 62630 62630 62630 62630 62630 62630 60711 62630 62630 0 0 0 0 0 
0 0 0 0 0 43785 43785 43785 48410 48410 56131 52567 61069 62630 62630 62630 62630 62568 62630 62630 62630 62630 62630 62630 62630 60711 62630 55453 62630 51756 62630 62630 62630 58468 58468 0 0 0 0 0 0 
0 0 0 38835 3544 48410 52567 52567 52567 62630 62630 62630 62630 62630 62630 62630 62630 62630 62630 55453 62630 62630 62630 62630 62630 62630 62630 60711 51756 62630 51756 47491 0 0 0 0 0 0 0 0 0 
0 0 3544 48410 52567 48410 52567 56131 62630 62630 62630 62630 62630 58468 62630 62630 62630 62630 62630 55453 62113 37783 62630 55453 62113 37783 62630 60711 60711 62630 0 0 0 0 0 0 0 0 0 0 0 
0 2917 2917 48410 52567 56131 62630 62630 62630 62630 62630 62630 62630 58468 62630 60711 51756 62630 47491 58468 47491 62630 62630 47491 47491 37783 51756 47491 0 0 0 0 0 0 0 0 0 0 0 0 0 
1844 2917 58994 62630 62630 62630 62630 62630 62630 60711 51756 62630 60711 62478 51756 47491 42786 62630 47491 62630 47491 37783 51756 55453 0 0 0 0 0 0 0 0 0 0 0 0 0 0 0 0 0 
2437 0 62630 58468 62630 62630 47491 42786 51756 32636 37783 32636 37783 37783 51756 37783 37783 32636 32636 37783 51756 0 0 0 0 0 0 0 0 0 0 0 0 0 0 0 0 0 0 0 0 
1382 1954 10030 10030 32636 32636 37783 32636 37783 32636 32636 51756 32636 37783 37783 32636 0 0 0 0 0 0 0 0 0 0 0 0 0 0 0 0 0 0 0 0 0 0 0 0 0 
0 0 1954 10030 17867 10030 7069 32636 0 0 0 0 0 0 0 0 0 0 0 0 0 0 0 0 0 0 0 0 0 0 0 0 0 0 0 0 0 0 0 0 0 
