test/output/constant/M3100_S060_A270_WD315.0_WS045.0/M3100_S060_A270_WD315.0_WS045.0_raz.asc
ncols         41
nrows         16
xllcorner     426503.990666
yllcorner     12748555.311160
cellsize      100.000000
NODATA_value  0.000000
0 0 0 0 0 0 0 0 0 0 0 0 0 0 0 0 0 0 0 0 0 0 0 0 0 0 0 0 0 0 73 71 74 70 74 74 74 74 0 0 0 
0 0 0 0 0 0 0 0 0 0 0 0 0 0 0 0 0 0 0 0 0 0 0 0 66 66 71 70 74 74 71 74 69 74 72 71 74 74 74 74 74 
0 0 0 0 0 0 0 0 0 0 0 0 0 0 0 0 0 0 0 0 67 67 67 66 71 67 73 70 74 74 72 74 74 74 74 74 74 74 74 74 74 
0 0 0 0 0 0 0 0 0 0 0 0 0 0 0 0 0 67 66 66 69 67 71 74 70 74 74 74 74 74 74 74 74 74 71 74 74 74 74 74 74 
0 0 0 0 0 0 0 0 0 0 0 0 0 0 66 66 67 67 66 67 67 72 74 74 74 74 74 74 74 74 74 74 74 74 74 74 74 74 74 74 0 
0 0 0 0 0 0 0 0 0 0 0 67 67 67 67 70 67 67 67 72 70 74 74 73 74 74 74 72 74 74 74 74 74 74 74 74 74 74 74 0 0 
0 0 0 0 0 0 0 0 0 64 67 67 67 66 66 67 74 70 71 71 74 74 74 74 74 74 74 74 74 74 79 74 74 74 74 74 74 87 0 0 0 
0 0 0 0 0 0 0 64 67 66 67 67 67 67 70 73 74 74 74 74 74 74 74 74 74 74 75 74 74 74 74 74 74 76 74 74 0 0 0 0 0 
0 0 0 0 0 64 64 64 66 66 69 67 71 74 74 74 74 73 74 74 74 74 74 74 74 76 74 79 74 80 74 74 74 77 77 0 0 0 0 0 0 
0 0 0 62 4 66 67 67 67 74 74 74 74 74 74 74 74 74 74 79 74 74 74 74 74 74 74 76 80 74 80 81 0 0 0 0 0 0 0 0 0 
0 0 4 66 67 66 67 69 74 74 74 74 74 77 74 74 74 74 74 79 75 85 74 79 75 85 74 76 76 74 0 0 0 0 0 0 0 0 0 0 0 
0 354 354 66 67 69 74 74 74 74 74 74 74 77 74 76 80 74 81 77 81 74 74 81 81 85 80 81 0 0 0 0 0 0 0 0 0 0 0 0 0 
323 354 70 74 74 74 74 74 74 76 80 74 76 74 80 81 83 74 81 74 81 85 80 79 0 0 0 0 0 0 0 0 0 0 0 0 0 0 0 0 0 
344 254 74 77 74 74 81 83 80 87 85 87 85 85 80 85 85 87 87 85 80 0 0 0 0 0 0 0 0 0 0 0 0 0 0 0 0 0 0 0 0 
231 184 107 107 87 87 85 87 85 87 87 80 87 85 85 87 0 0 0 0 0 0 0 0 0 0 0 0 0 0 0 0 0 0 0 0 0 0 0 0 0 
0 0 184 107 96 107 115 87 0 0 0 0 0 0 0 0 0 0 0 0 0 0 0 0 0 0 0 0 0 0 0 0 0 0 0 0 0 0 0 0 0 
