test/output/constant/M3100_S060_A090_WD180.0_WS015.0/M3100_S060_A090_WD180.0_WS015.0_raz.asc
ncols         11
nrows         38
xllcorner     426103.990666
yllcorner     12745255.311160
cellsize      100.000000
NODATA_value  0.000000
0 0 0 0 0 329 0 0 0 0 0 
0 0 0 360 329 360 30 73 0 0 0 
0 0 0 286 360 65535 73 73 0 0 0 
0 0 286 286 234 180 166 73 73 0 0 
0 0 329 329 185 180 164 30 73 0 0 
0 0 270 193 182 180 168 166 90 0 0 
0 286 193 286 187 180 172 73 166 73 0 
0 270 270 193 180 180 174 166 166 90 0 
0 247 270 180 183 180 176 168 172 166 0 
0 193 193 193 180 180 179 166 166 166 0 
247 193 187 182 180 180 172 170 168 166 168 
270 193 187 180 180 180 176 176 170 166 168 
234 191 193 193 180 180 177 166 166 168 161 
193 258 183 189 191 180 168 170 168 170 166 
247 193 191 187 180 180 179 172 168 176 170 
193 183 182 187 182 180 177 172 172 168 166 
191 187 180 180 180 180 177 177 166 168 168 
189 180 189 180 180 179 176 177 170 166 166 
193 182 183 187 180 180 172 172 176 174 166 
191 189 189 187 180 179 174 172 170 170 164 
183 189 185 180 180 180 174 174 174 170 168 
191 193 180 180 180 179 179 174 176 166 168 
183 183 180 191 180 180 179 168 177 176 166 
189 182 180 180 180 174 179 179 174 166 170 
187 187 180 187 180 180 179 172 174 172 172 
189 180 182 180 180 179 179 177 177 164 170 
191 193 191 180 180 180 179 174 168 166 168 
183 185 180 180 180 179 179 179 179 174 176 
187 185 180 180 180 180 179 177 177 174 172 
180 182 182 183 180 179 179 176 177 177 176 
0 183 180 180 180 180 179 177 166 176 0 
0 185 180 182 180 179 179 177 179 174 0 
0 187 180 180 180 180 179 176 179 172 0 
0 180 180 180 180 179 179 177 177 177 0 
0 0 180 187 180 180 179 172 177 0 0 
0 0 183 180 180 176 179 177 176 0 0 
0 0 0 182 180 180 179 177 0 0 0 
0 0 0 0 180 176 179 0 0 0 0 
