test/output/constant/C6_S060_A090_WD000.0_WS040.0/C6_S060_A090_WD000.0_WS040.0_arrival.asc
ncols         7
nrows         39
xllcorner     426303.990666
yllcorner     12744955.311160
cellsize      100.000000
NODATA_value  0.000000
0.000000 0.000000 0.000000 166.000000 0.000000 0.000000 0.000000 
0.000000 0.000000 166.015628 166.000868 166.015628 0.000000 0.000000 
0.000000 0.000000 166.009551 166.001736 166.009551 0.000000 0.000000 
0.000000 0.000000 166.008248 166.003039 166.008248 0.000000 0.000000 
0.000000 166.038202 166.007814 166.003907 166.007814 166.038202 0.000000 
0.000000 166.032993 166.007814 166.005209 166.007814 166.032993 0.000000 
0.000000 166.029086 166.008682 166.006078 166.008682 166.029086 0.000000 
0.000000 166.026915 166.009551 166.007380 166.009551 166.026915 0.000000 
0.000000 166.025179 166.010419 166.008248 166.010419 166.025179 0.000000 
0.000000 166.024310 166.011287 166.009551 166.011287 166.024310 0.000000 
0.000000 166.023442 166.012155 166.010419 166.012155 166.023442 0.000000 
0.000000 166.023008 166.013023 166.011721 166.013023 166.023008 0.000000 
0.000000 166.023008 166.014326 166.012589 166.014326 166.023008 0.000000 
0.000000 166.023008 166.015194 166.013892 166.015194 166.023008 0.000000 
166.041241 166.023442 166.016062 166.014760 166.016062 166.023442 166.041241 
166.039939 166.023876 166.017365 166.016062 166.017365 166.023876 166.039939 
166.039070 166.024745 166.018233 166.016930 166.018233 166.024745 166.039070 
166.038636 166.025179 166.019535 166.018233 166.019535 166.025179 166.038636 
166.038636 166.026047 166.020403 166.019101 166.020403 166.026047 166.038636 
166.038202 166.026915 166.021706 166.020403 166.021706 166.026915 166.038202 
166.038202 166.027783 166.022574 166.021272 166.022574 166.027783 166.038202 
166.038202 166.028652 166.023876 166.022574 166.023876 166.028652 166.038202 
166.038202 166.029086 166.024745 166.023442 166.024745 166.029086 166.038202 
166.038636 166.029954 166.025613 166.024745 166.025613 166.029954 166.038636 
166.039070 166.030822 166.026915 166.025613 166.026915 166.030822 166.039070 
166.039939 166.031690 166.027783 166.026915 166.027783 166.031690 166.039939 
166.040807 166.032559 166.029086 166.027783 166.029086 166.032559 166.040807 
166.041241 166.033861 166.029954 166.029086 166.029954 166.033861 166.041241 
0.000000 166.034729 166.031256 166.029954 166.031256 166.034729 0.000000 
0.000000 166.035597 166.032124 166.031256 166.032124 166.035597 0.000000 
0.000000 166.036466 166.032993 166.032124 166.032993 166.036466 0.000000 
0.000000 166.037768 166.034295 166.033427 166.034295 166.037768 0.000000 
0.000000 166.038636 166.035163 166.034295 166.035163 166.038636 0.000000 
0.000000 166.039504 166.036466 166.035597 166.036466 166.039504 0.000000 
0.000000 166.040373 166.037334 166.036466 166.037334 166.040373 0.000000 
0.000000 166.041667 166.038636 166.037768 166.038636 166.041667 0.000000 
0.000000 0.000000 166.039504 166.038636 166.039504 0.000000 0.000000 
0.000000 0.000000 166.040807 166.039939 166.040807 0.000000 0.000000 
0.000000 0.000000 166.041667 166.040807 166.041667 0.000000 0.000000 
