test/output/constant/M4100_S060_A090_WD090.0_WS010.0/M4100_S060_A090_WD090.0_WS010.0_arrival.asc
ncols         11
nrows         28
xllcorner     425703.990666
yllcorner     12746055.311160
cellsize      100.000000
NODATA_value  0.000000
0.000000 0.000000 0.000000 0.000000 0.000000 0.000000 0.000000 0.000000 166.007463 166.000000 166.030427 
0.000000 0.000000 0.000000 0.000000 0.000000 0.000000 0.000000 166.019519 166.002296 166.001148 166.024112 
0.000000 0.000000 0.000000 0.000000 0.000000 0.000000 166.031575 166.009186 166.002870 166.002296 166.025260 
0.000000 0.000000 0.000000 0.000000 0.000000 0.000000 166.019519 166.006889 166.004019 166.004593 166.026983 
0.000000 0.000000 0.000000 0.000000 0.000000 166.031001 166.013778 166.006889 166.005741 166.008037 166.029853 
0.000000 0.000000 0.000000 0.000000 0.000000 166.022964 166.011482 166.007463 166.006889 166.010908 166.033298 
0.000000 0.000000 0.000000 0.000000 166.033298 166.018371 166.011482 166.008611 166.009186 166.014926 166.036742 
0.000000 0.000000 0.000000 0.000000 166.026983 166.016649 166.011482 166.010334 166.010908 166.018371 166.040761 
0.000000 0.000000 0.000000 166.036742 166.023538 166.016075 166.012056 166.011482 166.013778 166.021816 0.000000 
0.000000 0.000000 0.000000 166.031575 166.021242 166.015501 166.013204 166.013204 166.016649 166.025260 0.000000 
0.000000 0.000000 166.040761 166.028131 166.020667 166.016075 166.014926 166.015501 166.019519 166.029279 0.000000 
0.000000 0.000000 166.036168 166.026408 166.020093 166.016649 166.016075 166.017223 166.022964 166.033298 0.000000 
0.000000 0.000000 166.032723 166.025260 166.020093 166.017797 166.017797 166.020093 166.025834 166.036742 0.000000 
0.000000 166.040761 166.031001 166.024686 166.020667 166.019519 166.019519 166.022390 166.029279 166.040761 0.000000 
0.000000 166.037890 166.029853 166.024686 166.021242 166.020667 166.021816 166.025260 166.032723 0.000000 0.000000 
0.000000 166.036168 166.029279 166.024686 166.022390 166.022390 166.023538 166.028131 166.036168 0.000000 0.000000 
0.000000 166.034446 166.028705 166.025260 166.024112 166.024112 166.026408 166.031575 166.039613 0.000000 0.000000 
166.040761 166.033872 166.028705 166.025834 166.025260 166.025834 166.028705 166.034446 0.000000 0.000000 0.000000 
166.039613 166.033298 166.029279 166.026983 166.026983 166.028131 166.031575 166.037890 0.000000 0.000000 0.000000 
166.038464 166.033298 166.029853 166.028705 166.028705 166.030427 166.034446 166.041335 0.000000 0.000000 0.000000 
166.037890 166.033298 166.031001 166.029853 166.030427 166.032723 166.037316 0.000000 0.000000 0.000000 0.000000 
166.037890 166.033872 166.032149 166.031575 166.032149 166.035020 166.040187 0.000000 0.000000 0.000000 0.000000 
166.037890 166.034446 166.033298 166.033298 166.034446 166.037890 0.000000 0.000000 0.000000 0.000000 0.000000 
166.037890 166.035594 166.034446 166.035020 166.036742 166.040187 0.000000 0.000000 0.000000 0.000000 0.000000 
166.038464 166.036742 166.036168 166.036742 166.039039 0.000000 0.000000 0.000000 0.000000 0.000000 0.000000 
166.039039 166.037890 166.037890 166.038464 166.041335 0.000000 0.000000 0.000000 0.000000 0.000000 0.000000 
166.040187 166.039039 166.039613 166.040761 0.000000 0.000000 0.000000 0.000000 0.000000 0.000000 0.000000 
166.041335 166.040761 166.041335 0.000000 0.000000 0.000000 0.000000 0.000000 0.000000 0.000000 0.000000 
