test/output/constant/M3100_S060_A180_WD315.0_WS005.0/M3100_S060_A180_WD315.0_WS005.0_arrival.asc
ncols         62
nrows         12
xllcorner     426603.990666
yllcorner     12747955.311160
cellsize      100.000000
NODATA_value  0.000000
0.000000 0.000000 0.000000 0.000000 0.000000 0.000000 0.000000 166.040194 166.037766 166.035877 166.034798 166.033719 166.033450 166.032910 166.032910 166.032910 166.032910 166.032910 166.033180 166.033450 166.033450 166.033989 166.034259 166.034798 166.035068 166.035338 166.035877 166.036147 166.036687 166.037226 166.037766 166.038305 166.038845 166.039384 166.039924 166.040463 166.041003 166.041667 0.000000 0.000000 0.000000 0.000000 0.000000 0.000000 0.000000 0.000000 0.000000 0.000000 0.000000 0.000000 0.000000 0.000000 0.000000 0.000000 0.000000 0.000000 0.000000 0.000000 0.000000 0.000000 0.000000 0.000000 
0.000000 0.000000 166.034798 166.027785 166.024548 166.022390 166.021041 166.020501 166.019962 166.019962 166.019962 166.019962 166.020232 166.020771 166.021041 166.021311 166.021580 166.022120 166.022659 166.023199 166.023738 166.024278 166.024817 166.025627 166.026166 166.026706 166.027515 166.028324 166.029134 166.029943 166.030752 166.031292 166.032101 166.032910 166.033719 166.034529 166.035338 166.036147 166.036956 166.037766 166.038575 166.039384 166.040194 166.041003 166.041667 0.000000 0.000000 0.000000 0.000000 0.000000 0.000000 0.000000 0.000000 0.000000 0.000000 0.000000 0.000000 0.000000 0.000000 0.000000 0.000000 0.000000 
166.016725 166.009441 166.007283 166.007014 166.007014 166.007283 166.007823 166.008093 166.008632 166.009441 166.009981 166.010790 166.011599 166.012409 166.013218 166.014027 166.014837 166.015646 166.016455 166.017264 166.018074 166.018883 166.019692 166.020501 166.021311 166.022120 166.022929 166.023738 166.024548 166.025357 166.026166 166.026976 166.027785 166.028594 166.029403 166.030213 166.031022 166.031831 166.032640 166.033450 166.034259 166.035068 166.035608 166.036417 166.037226 166.038035 166.038845 166.039654 166.040463 166.041273 0.000000 0.000000 0.000000 0.000000 0.000000 0.000000 0.000000 0.000000 0.000000 0.000000 0.000000 0.000000 
166.000000 166.000540 166.001079 166.001888 166.002428 166.003237 166.003777 166.004586 166.005395 166.005935 166.006744 166.007553 166.008362 166.008902 166.009711 166.010520 166.011330 166.012139 166.012948 166.013758 166.014567 166.015376 166.016185 166.016995 166.017804 166.018613 166.019422 166.020232 166.021041 166.021850 166.022659 166.023469 166.024278 166.025087 166.025897 166.026706 166.027245 166.028055 166.028864 166.029673 166.030482 166.031292 166.032101 166.032910 166.033719 166.034529 166.035338 166.036147 166.036956 166.037766 166.038575 166.039384 166.040194 166.041003 166.041667 0.000000 0.000000 0.000000 0.000000 0.000000 0.000000 0.000000 
166.011599 166.003777 166.002698 166.002698 166.002967 166.003237 166.003777 166.004586 166.005125 166.005935 166.006474 166.007283 166.007823 166.008632 166.009172 166.009981 166.010520 166.011330 166.011869 166.012678 166.013488 166.014027 166.014837 166.015376 166.016185 166.016995 166.017534 166.018343 166.019153 166.019962 166.020771 166.021580 166.022120 166.022929 166.023738 166.024548 166.025357 166.026166 166.026976 166.027515 166.028324 166.029134 166.029943 166.030752 166.031561 166.032371 166.033180 166.033989 166.034798 166.035608 166.036417 166.037226 166.038035 166.038845 166.039384 166.040194 166.041003 0.000000 0.000000 0.000000 0.000000 0.000000 
0.000000 166.031292 166.018883 166.013218 166.010251 166.008632 166.007823 166.007553 166.007553 166.007823 166.007823 166.008362 166.008632 166.009172 166.009711 166.010251 166.010790 166.011330 166.012139 166.012678 166.013488 166.014027 166.014837 166.015376 166.016185 166.016725 166.017534 166.018074 166.018883 166.019422 166.020232 166.020771 166.021580 166.022120 166.022929 166.023469 166.024278 166.025087 166.025627 166.026436 166.027245 166.027785 166.028594 166.029403 166.030213 166.030752 166.031561 166.032371 166.033180 166.033989 166.034529 166.035338 166.036147 166.036956 166.037496 166.038305 166.039115 166.039924 166.040733 166.041542 0.000000 0.000000 
0.000000 0.000000 0.000000 166.037226 166.028594 166.022659 166.019153 166.016725 166.015106 166.013758 166.012948 166.012678 166.012678 166.012678 166.012678 166.012948 166.012948 166.013218 166.013758 166.014027 166.014567 166.015106 166.015646 166.016185 166.016725 166.017264 166.017804 166.018343 166.018883 166.019422 166.020232 166.020771 166.021580 166.022120 166.022929 166.023469 166.024278 166.024817 166.025627 166.026166 166.026976 166.027515 166.028324 166.028864 166.029673 166.030213 166.031022 166.031831 166.032371 166.033180 166.033719 166.034529 166.035338 166.035877 166.036687 166.037496 166.038035 166.038845 166.039654 166.040194 166.041003 166.041667 
0.000000 0.000000 0.000000 0.000000 0.000000 0.000000 166.037766 166.032101 166.028324 166.025357 166.022929 166.021311 166.019962 166.019153 166.018343 166.017804 166.017534 166.017534 166.017534 166.017804 166.017804 166.018074 166.018074 166.018343 166.018613 166.019153 166.019422 166.019962 166.020501 166.021041 166.021311 166.021850 166.022390 166.022929 166.023469 166.024278 166.024548 166.025357 166.025897 166.026436 166.026976 166.027785 166.028324 166.029134 166.029673 166.030213 166.031022 166.031561 166.032371 166.032910 166.033719 166.034529 166.035068 166.035877 166.036417 166.037226 166.037766 166.038575 166.039115 166.039924 166.040463 166.041273 
0.000000 0.000000 0.000000 0.000000 0.000000 0.000000 0.000000 0.000000 0.000000 0.000000 166.037766 166.034259 166.031831 166.029403 166.027785 166.026436 166.025357 166.024278 166.023738 166.023199 166.022659 166.022659 166.022659 166.022659 166.022659 166.022929 166.022929 166.023199 166.023199 166.023469 166.023738 166.024008 166.024548 166.024817 166.025357 166.025897 166.026436 166.026706 166.027245 166.027785 166.028324 166.028864 166.029403 166.029943 166.030482 166.031022 166.031561 166.032101 166.032910 166.033450 166.033989 166.034529 166.035068 166.035877 166.036417 166.037226 166.037766 166.038575 166.039115 166.039924 166.040463 166.041273 
0.000000 0.000000 0.000000 0.000000 0.000000 0.000000 0.000000 0.000000 0.000000 0.000000 0.000000 0.000000 0.000000 0.000000 166.040733 166.038305 166.035877 166.034259 166.032910 166.031561 166.030482 166.029673 166.028864 166.028324 166.027785 166.027515 166.027515 166.027515 166.027515 166.027515 166.027785 166.027785 166.028055 166.028324 166.028324 166.028594 166.028864 166.029134 166.029403 166.029943 166.030213 166.030752 166.031292 166.031561 166.032101 166.032640 166.033180 166.033450 166.033989 166.034529 166.035068 166.035608 166.036147 166.036687 166.037226 166.038035 166.038575 166.039115 166.039654 166.040463 166.041003 166.041542 
0.000000 0.000000 0.000000 0.000000 0.000000 0.000000 0.000000 0.000000 0.000000 0.000000 0.000000 0.000000 0.000000 0.000000 0.000000 0.000000 0.000000 0.000000 0.000000 0.000000 166.040733 166.039384 166.038035 166.036687 166.035877 166.034798 166.034259 166.033450 166.033180 166.032640 166.032371 166.032371 166.032371 166.032640 166.032640 166.032640 166.032910 166.032910 166.033180 166.033180 166.033450 166.033719 166.033989 166.034259 166.034529 166.034798 166.035338 166.035608 166.036147 166.036687 166.036956 166.037496 166.038035 166.038575 166.038845 166.039384 166.039924 166.040463 166.041003 166.041542 0.000000 0.000000 
0.000000 0.000000 0.000000 0.000000 0.000000 0.000000 0.000000 0.000000 0.000000 0.000000 0.000000 0.000000 0.000000 0.000000 0.000000 0.000000 0.000000 0.000000 0.000000 0.000000 0.000000 0.000000 0.000000 0.000000 0.000000 0.000000 0.000000 0.000000 166.041003 166.040194 166.039384 166.038845 166.038305 166.037766 166.037496 166.037496 166.037496 166.037496 166.037496 166.037496 166.037766 166.037766 166.038035 166.038035 166.038305 166.038305 166.038575 166.038575 166.038845 166.039384 166.039654 166.039924 166.040194 166.040733 166.041003 166.041542 0.000000 0.000000 0.000000 0.000000 0.000000 0.000000 
