test/output/constant/M470_S000_A000_WD000.0_WS045.0/M470_S000_A000_WD000.0_WS045.0_arrival.asc
ncols         7
nrows         32
xllcorner     426303.990666
yllcorner     12745655.311160
cellsize      100.000000
NODATA_value  0.000000
0.000000 0.000000 166.031095 166.000000 166.031095 0.000000 0.000000 
0.000000 0.000000 166.012547 166.001091 166.012547 0.000000 0.000000 
0.000000 0.000000 166.008728 166.002182 166.008728 0.000000 0.000000 
0.000000 166.039824 166.008183 166.003819 166.008183 166.039824 0.000000 
0.000000 166.033277 166.008183 166.004910 166.008183 166.033277 0.000000 
0.000000 166.028913 166.009274 166.006546 166.009274 166.028913 0.000000 
0.000000 166.026731 166.009820 166.007637 166.009820 166.026731 0.000000 
0.000000 166.025094 166.010911 166.009274 166.010911 166.025094 0.000000 
0.000000 166.024549 166.012002 166.010365 166.012002 166.024549 0.000000 
0.000000 166.024003 166.013638 166.012002 166.013638 166.024003 0.000000 
0.000000 166.024003 166.014729 166.013093 166.014729 166.024003 0.000000 
0.000000 166.024003 166.015820 166.014729 166.015820 166.024003 0.000000 
166.041460 166.024549 166.017457 166.015820 166.017457 166.024549 166.041460 
166.040915 166.025640 166.018548 166.017457 166.018548 166.025640 166.040915 
166.040369 166.026185 166.020185 166.018548 166.020185 166.026185 166.040369 
166.039824 166.027277 166.021276 166.020185 166.021276 166.027277 166.039824 
166.039824 166.028368 166.022367 166.021276 166.022367 166.028368 166.039824 
166.039824 166.029459 166.024003 166.022912 166.024003 166.029459 166.039824 
166.039824 166.030004 166.025094 166.024003 166.025094 166.030004 166.039824 
166.040369 166.031095 166.026731 166.025640 166.026731 166.031095 166.040369 
166.040915 166.032186 166.027822 166.026731 166.027822 166.032186 166.040915 
166.041667 166.033277 166.029459 166.028368 166.029459 166.033277 166.041667 
0.000000 166.034368 166.030550 166.029459 166.030550 166.034368 0.000000 
0.000000 166.035460 166.032186 166.031095 166.032186 166.035460 0.000000 
0.000000 166.037096 166.033277 166.032186 166.033277 166.037096 0.000000 
0.000000 166.038187 166.034368 166.033823 166.034368 166.038187 0.000000 
0.000000 166.039278 166.036005 166.034914 166.036005 166.039278 0.000000 
0.000000 166.040915 166.037096 166.036551 166.037096 166.040915 0.000000 
0.000000 0.000000 166.038733 166.037642 166.038733 0.000000 0.000000 
0.000000 0.000000 166.039824 166.039278 166.039824 0.000000 0.000000 
0.000000 0.000000 166.041460 166.040369 166.041460 0.000000 0.000000 
0.000000 0.000000 0.000000 166.041667 0.000000 0.000000 0.000000 
