test/output/constant/C2_S060_A270_WD180.0_WS040.0/C2_S060_A270_WD180.0_WS040.0_arrival.asc
ncols         7
nrows         42
xllcorner     426303.990666
yllcorner     12748755.311160
cellsize      100.000000
NODATA_value  0.000000
0.000000 0.000000 0.000000 166.041568 0.000000 0.000000 0.000000 
0.000000 0.000000 166.041568 166.040345 166.041568 0.000000 0.000000 
0.000000 0.000000 166.040345 166.039530 166.040345 0.000000 0.000000 
0.000000 0.000000 166.039530 166.038308 166.039530 0.000000 0.000000 
0.000000 0.000000 166.038308 166.037493 166.038308 0.000000 0.000000 
0.000000 166.040753 166.037493 166.036270 166.037493 166.040753 0.000000 
0.000000 166.039938 166.036270 166.035455 166.036270 166.039938 0.000000 
0.000000 166.039123 166.035455 166.034232 166.035455 166.039123 0.000000 
0.000000 166.038308 166.034232 166.033417 166.034232 166.038308 0.000000 
0.000000 166.037085 166.033417 166.032195 166.033417 166.037085 0.000000 
0.000000 166.036270 166.032195 166.031380 166.032195 166.036270 0.000000 
0.000000 166.035455 166.031380 166.030157 166.031380 166.035455 0.000000 
0.000000 166.034232 166.030157 166.029342 166.030157 166.034232 0.000000 
0.000000 166.033417 166.029342 166.028119 166.029342 166.033417 0.000000 
166.041568 166.032602 166.028527 166.027304 166.028527 166.032602 166.041568 
166.041160 166.031787 166.027304 166.026082 166.027304 166.031787 166.041160 
166.040753 166.031380 166.026489 166.025267 166.026489 166.031380 166.040753 
166.040345 166.030565 166.025267 166.024044 166.025267 166.030565 166.040345 
166.040345 166.029750 166.024452 166.023229 166.024452 166.029750 166.040345 
166.040753 166.028935 166.023637 166.022007 166.023637 166.028935 166.040753 
166.040753 166.028119 166.022414 166.021191 166.022414 166.028119 166.040753 
166.040753 166.027304 166.021599 166.019969 166.021599 166.027304 166.040753 
166.041160 166.026897 166.020376 166.019154 166.020376 166.026897 166.041160 
0.000000 166.026082 166.019561 166.017931 166.019561 166.026082 0.000000 
0.000000 166.025674 166.018339 166.017116 166.018339 166.025674 0.000000 
0.000000 166.024859 166.017524 166.015894 166.017524 166.024859 0.000000 
0.000000 166.024452 166.016709 166.015079 166.016709 166.024452 0.000000 
0.000000 166.024452 166.015486 166.013856 166.015486 166.024452 0.000000 
0.000000 166.024452 166.014671 166.013041 166.014671 166.024452 0.000000 
0.000000 166.024452 166.013448 166.011818 166.013448 166.024452 0.000000 
0.000000 166.025267 166.012633 166.011003 166.012633 166.025267 0.000000 
0.000000 166.026082 166.011818 166.009781 166.011818 166.026082 0.000000 
0.000000 166.026897 166.011003 166.008966 166.011003 166.026897 0.000000 
0.000000 166.028527 166.010188 166.007743 166.010188 166.028527 0.000000 
0.000000 166.030972 166.009373 166.006928 166.009373 166.030972 0.000000 
0.000000 166.034640 166.008558 166.005705 166.008558 166.034640 0.000000 
0.000000 166.039938 166.008151 166.004890 166.008151 166.039938 0.000000 
0.000000 0.000000 166.008151 166.003668 166.008151 0.000000 0.000000 
0.000000 0.000000 166.009373 166.002853 166.009373 0.000000 0.000000 
0.000000 0.000000 166.011003 166.001630 166.011003 0.000000 0.000000 
0.000000 0.000000 166.019561 166.000815 166.019561 0.000000 0.000000 
0.000000 0.000000 0.000000 166.000000 0.000000 0.000000 0.000000 
