test/output/constant/M3M400_S000_A270_WD090.0_WS025.0/M3M400_S000_A270_WD090.0_WS025.0_raz.asc
ncols         37
nrows         11
xllcorner     423203.990666
yllcorner     12748255.311160
cellsize      100.000000
NODATA_value  0.000000
0 0 0 0 0 0 0 0 286 274 281 275 283 274 283 279 281 281 337 286 283 337 283 281 360 360 57 286 0 0 0 0 0 0 0 0 0 
0 0 0 0 283 275 274 272 270 274 274 279 283 272 277 283 275 275 283 277 281 283 325 337 348 283 57 15 57 15 15 15 0 0 0 0 0 
0 0 283 277 270 275 274 272 279 272 272 272 275 272 277 277 279 274 275 279 283 277 274 277 281 283 281 281 337 360 360 15 360 360 15 0 0 
0 270 281 270 281 270 274 272 270 270 270 286 270 281 272 272 274 275 270 270 272 275 275 277 281 289 275 275 279 283 281 15 348 15 15 15 0 
270 270 270 270 270 272 272 272 272 272 272 272 272 272 272 272 274 274 274 277 279 270 270 275 272 279 272 270 272 272 274 277 283 57 15 57 15 
270 270 270 270 270 270 270 270 270 270 270 270 270 270 270 270 270 272 270 270 270 270 270 270 270 270 270 270 270 270 270 270 270 270 254 57 57 
270 270 270 270 270 270 270 270 270 270 270 270 270 270 270 270 270 270 270 270 270 270 270 270 270 270 270 270 270 270 270 262 256 122 90 122 164 
0 270 270 270 270 270 270 270 270 270 270 270 270 270 270 270 270 264 270 270 270 270 270 262 270 270 270 264 260 256 258 164 191 164 164 122 0 
0 0 270 262 270 270 270 270 270 270 270 270 270 270 262 262 260 270 270 270 270 262 270 262 258 256 258 258 202 180 180 164 180 180 164 0 0 
0 0 0 0 270 270 270 270 270 270 270 270 270 270 262 270 270 264 270 262 270 256 214 202 191 256 122 164 122 90 122 164 0 0 0 0 0 
0 0 0 0 0 0 0 0 270 270 270 264 270 265 270 260 270 258 202 253 256 202 256 258 180 180 122 253 0 0 0 0 0 0 0 0 0 
