test/output/constant/M3M455_S000_A000_WD270.0_WS040.0/M3M455_S000_A000_WD270.0_WS040.0_arrival.asc
ncols         33
nrows         7
xllcorner     426603.990666
yllcorner     12748455.311160
cellsize      100.000000
NODATA_value  0.000000
0.000000 0.000000 0.000000 0.000000 0.000000 0.000000 0.000000 0.000000 166.039646 166.037560 166.035995 166.035473 166.034951 166.034430 166.034430 166.034430 166.034430 166.034430 166.035473 166.035995 166.037038 166.037560 166.038603 166.039646 166.040690 166.041211 0.000000 0.000000 0.000000 0.000000 0.000000 0.000000 0.000000 
0.000000 0.000000 166.038603 166.030256 166.025561 166.023475 166.021910 166.020866 166.020866 166.020866 166.020866 166.021388 166.021910 166.022953 166.023996 166.025040 166.025561 166.026605 166.027648 166.028691 166.029735 166.030778 166.032343 166.033386 166.034430 166.035995 166.037038 166.038081 166.039125 166.040690 166.041667 0.000000 0.000000 
166.019301 166.009390 166.007303 166.007303 166.007303 166.008347 166.009390 166.010433 166.011477 166.012520 166.013563 166.015128 166.016172 166.017736 166.018780 166.020345 166.021388 166.022953 166.023996 166.025040 166.026605 166.027648 166.029213 166.030256 166.031300 166.032865 166.033908 166.035473 166.036516 166.038081 166.039125 166.040690 166.041667 
166.000000 166.001043 166.002087 166.003652 166.004695 166.006260 166.007303 166.008868 166.009912 166.011477 166.012520 166.014085 166.015128 166.016693 166.017736 166.019301 166.020345 166.021910 166.022953 166.024518 166.025561 166.027126 166.028170 166.029735 166.030778 166.032343 166.033386 166.034951 166.035995 166.037560 166.038603 166.040168 166.041211 
166.019301 166.009390 166.007303 166.007303 166.007303 166.008347 166.009390 166.010433 166.011477 166.012520 166.013563 166.015128 166.016172 166.017736 166.018780 166.020345 166.021388 166.022953 166.023996 166.025040 166.026605 166.027648 166.029213 166.030256 166.031300 166.032865 166.033908 166.035473 166.036516 166.038081 166.039125 166.040690 166.041667 
0.000000 0.000000 166.038603 166.030256 166.025561 166.023475 166.021910 166.020866 166.020866 166.020866 166.020866 166.021388 166.021910 166.022953 166.023996 166.025040 166.025561 166.026605 166.027648 166.028691 166.029735 166.030778 166.032343 166.033386 166.034430 166.035995 166.037038 166.038081 166.039125 166.040690 166.041667 0.000000 0.000000 
0.000000 0.000000 0.000000 0.000000 0.000000 0.000000 0.000000 0.000000 166.039646 166.037560 166.035995 166.035473 166.034951 166.034430 166.034430 166.034430 166.034430 166.034430 166.035473 166.035995 166.037038 166.037560 166.038603 166.039646 166.040690 166.041211 0.000000 0.000000 0.000000 0.000000 0.000000 0.000000 0.000000 
