test/output/constant/M3M485_S060_A090_WD315.0_WS005.0/M3M485_S060_A090_WD315.0_WS005.0_arrival.asc
ncols         11
nrows         50
xllcorner     426303.990666
yllcorner     12743855.311160
cellsize      100.000000
NODATA_value  0.000000
0.000000 0.000000 166.019212 166.000000 166.013482 0.000000 0.000000 0.000000 0.000000 0.000000 0.000000 
0.000000 0.000000 166.010449 166.000674 166.004045 166.035054 0.000000 0.000000 0.000000 0.000000 0.000000 
0.000000 166.039099 166.008426 166.001348 166.003034 166.021572 0.000000 0.000000 0.000000 0.000000 0.000000 
0.000000 166.031683 166.008426 166.002359 166.003034 166.014831 166.041458 0.000000 0.000000 0.000000 0.000000 
0.000000 166.027639 166.008426 166.003034 166.003371 166.011797 166.031683 0.000000 0.000000 0.000000 0.000000 
0.000000 166.026290 166.008763 166.004045 166.004045 166.010112 166.025616 0.000000 0.000000 0.000000 0.000000 
0.000000 166.024605 166.009438 166.004719 166.004719 166.009101 166.021572 0.000000 0.000000 0.000000 0.000000 
0.000000 166.024268 166.010112 166.005730 166.005730 166.009101 166.018875 166.036402 0.000000 0.000000 0.000000 
0.000000 166.023931 166.010786 166.006404 166.006404 166.009101 166.017190 166.032020 0.000000 0.000000 0.000000 
0.000000 166.023931 166.011460 166.007415 166.007415 166.009438 166.016179 166.028987 0.000000 0.000000 0.000000 
166.040784 166.023931 166.012471 166.008426 166.008089 166.009775 166.015168 166.026290 0.000000 0.000000 0.000000 
166.040110 166.024268 166.013482 166.009438 166.009101 166.010112 166.014831 166.024605 166.039099 0.000000 0.000000 
166.039773 166.024605 166.014493 166.010449 166.009775 166.010786 166.015168 166.023257 166.036402 0.000000 0.000000 
166.039436 166.024942 166.015505 166.011460 166.010786 166.011460 166.015168 166.022246 166.033706 0.000000 0.000000 
166.039099 166.025279 166.016516 166.012134 166.011797 166.012134 166.015168 166.021572 166.032020 0.000000 0.000000 
166.039436 166.025953 166.017527 166.013145 166.012471 166.012808 166.015505 166.020898 166.030335 0.000000 0.000000 
166.039436 166.026290 166.018538 166.014156 166.013482 166.013482 166.015842 166.020898 166.029324 166.041121 0.000000 
166.039436 166.026965 166.019549 166.015168 166.014156 166.014156 166.016179 166.020898 166.028313 166.039436 0.000000 
166.039773 166.027639 166.020560 166.016179 166.015168 166.015168 166.016853 166.021235 166.027639 166.037750 0.000000 
166.040110 166.028313 166.021572 166.017190 166.015842 166.015842 166.017190 166.021235 166.026965 166.036402 0.000000 
166.040447 166.029324 166.022583 166.018201 166.016853 166.016853 166.017864 166.021572 166.026965 166.035391 0.000000 
166.040784 166.029998 166.023594 166.019212 166.017527 166.017527 166.018538 166.021572 166.026965 166.034380 0.000000 
166.041458 166.030672 166.024605 166.020223 166.018538 166.018538 166.019212 166.021909 166.026965 166.033706 0.000000 
166.041667 166.031346 166.025616 166.021235 166.019549 166.019212 166.019886 166.022246 166.026965 166.033032 0.000000 
0.000000 166.032020 166.026628 166.022246 166.020560 166.020223 166.020560 166.022583 166.027302 166.032695 166.041458 
0.000000 166.033032 166.027639 166.023257 166.021235 166.020898 166.021235 166.023257 166.027302 166.032695 166.040784 
0.000000 166.034043 166.028650 166.024268 166.022246 166.021909 166.022246 166.023931 166.027639 166.032695 166.039773 
0.000000 166.035054 166.029661 166.025279 166.022920 166.022583 166.022920 166.024605 166.027639 166.033032 166.039436 
0.000000 166.036065 166.030672 166.026290 166.023931 166.023594 166.023594 166.025279 166.027976 166.033032 166.038762 
0.000000 166.037076 166.031683 166.027302 166.024942 166.024268 166.024268 166.025953 166.028313 166.033369 166.038762 
0.000000 166.037750 166.032695 166.028313 166.025953 166.025279 166.025279 166.026628 166.028987 166.033369 166.038762 
0.000000 166.038762 166.033369 166.029324 166.026965 166.025953 166.025953 166.027302 166.029324 166.033369 166.038762 
0.000000 166.039773 166.034380 166.030335 166.027976 166.026965 166.026965 166.027639 166.029998 166.033706 166.038762 
0.000000 166.040784 166.035391 166.031346 166.028650 166.027639 166.027639 166.028313 166.030335 166.034043 166.039099 
0.000000 0.000000 166.036402 166.032358 166.029661 166.028650 166.028650 166.028987 166.031009 166.034043 166.039099 
0.000000 0.000000 166.037413 166.033369 166.030672 166.029661 166.029324 166.029661 166.031683 166.034717 166.039436 
0.000000 0.000000 166.038425 166.034380 166.031683 166.030335 166.030335 166.030672 166.032358 166.035054 166.039436 
0.000000 0.000000 166.039436 166.035391 166.032695 166.031346 166.031009 166.031346 166.033032 166.035391 166.039773 
0.000000 0.000000 166.040447 166.036402 166.033706 166.032358 166.032020 166.032020 166.033706 166.036065 166.039773 
0.000000 0.000000 166.041458 166.037413 166.034717 166.033032 166.032695 166.033032 166.034380 166.036402 166.040110 
0.000000 0.000000 0.000000 166.038425 166.035728 166.034043 166.033706 166.033706 166.035054 166.037076 166.040447 
0.000000 0.000000 0.000000 166.039436 166.036739 166.035054 166.034380 166.034717 166.035728 166.037750 166.040784 
0.000000 0.000000 0.000000 166.040447 166.037750 166.036065 166.035391 166.035391 166.036402 166.038087 166.041121 
0.000000 0.000000 0.000000 166.041458 166.038762 166.036739 166.036402 166.036402 166.037076 166.038762 166.041458 
0.000000 0.000000 0.000000 0.000000 166.039773 166.037750 166.037076 166.037076 166.037750 166.039436 0.000000 
0.000000 0.000000 0.000000 0.000000 166.040447 166.038762 166.038087 166.038087 166.038425 166.040110 0.000000 
0.000000 0.000000 0.000000 0.000000 166.041458 166.039436 166.038762 166.038762 166.039099 166.040784 0.000000 
0.000000 0.000000 0.000000 0.000000 0.000000 166.040447 166.039773 166.039773 166.040110 166.041458 0.000000 
0.000000 0.000000 0.000000 0.000000 0.000000 166.041458 166.040784 166.040447 166.040784 0.000000 0.000000 
0.000000 0.000000 0.000000 0.000000 0.000000 0.000000 166.041458 166.041458 166.041458 0.000000 0.000000 
