test/output/constant/M495_S060_A000_WD090.0_WS030.0/M495_S060_A000_WD090.0_WS030.0_arrival.asc
ncols         47
nrows         7
xllcorner     422003.990666
yllcorner     12748455.311160
cellsize      100.000000
NODATA_value  0.000000
0.000000 0.000000 0.000000 0.000000 0.000000 0.000000 0.000000 0.000000 0.000000 166.041535 166.041174 166.040452 166.039730 166.039007 166.038646 166.037924 166.037201 166.036479 166.036118 166.035395 166.035034 166.034312 166.033951 166.033590 166.033590 166.033590 166.033590 166.033951 166.034312 166.034673 166.035395 166.035757 166.036840 166.038285 166.040091 0.000000 0.000000 0.000000 0.000000 0.000000 0.000000 0.000000 0.000000 0.000000 0.000000 0.000000 0.000000 
0.000000 0.000000 0.000000 166.041535 166.040813 166.040091 166.039368 166.038285 166.037562 166.036840 166.035757 166.035034 166.033951 166.033228 166.032506 166.031784 166.030700 166.029978 166.029255 166.028172 166.027449 166.026727 166.026005 166.025644 166.024921 166.024199 166.023477 166.023115 166.022393 166.021671 166.021309 166.020587 166.020226 166.020226 166.020226 166.020587 166.020948 166.021671 166.022754 166.024199 166.026727 166.029978 166.036479 0.000000 0.000000 0.000000 0.000000 
0.000000 166.041174 166.040091 166.039368 166.038646 166.037562 166.036840 166.035757 166.035034 166.033951 166.033228 166.032145 166.031422 166.030339 166.029617 166.028533 166.027811 166.026727 166.026005 166.024921 166.024199 166.023115 166.022393 166.021309 166.020587 166.019865 166.018781 166.018059 166.017337 166.016253 166.015531 166.014447 166.013725 166.012641 166.011919 166.011197 166.010113 166.009391 166.008668 166.007946 166.007585 166.006862 166.006862 166.007224 166.008668 166.013725 166.041174 
166.041174 166.040452 166.039368 166.038646 166.037562 166.036840 166.035757 166.035034 166.033951 166.033228 166.032145 166.031422 166.030339 166.029617 166.028533 166.027811 166.026727 166.026005 166.024921 166.024199 166.023115 166.022393 166.021309 166.020587 166.019504 166.018781 166.017698 166.016975 166.015892 166.015169 166.014086 166.013364 166.012280 166.011558 166.010474 166.009752 166.008668 166.007946 166.006862 166.006140 166.005056 166.004334 166.003251 166.002528 166.001445 166.000722 166.000000 
0.000000 166.041174 166.040091 166.039368 166.038646 166.037562 166.036840 166.035757 166.035034 166.033951 166.033228 166.032145 166.031422 166.030339 166.029617 166.028533 166.027811 166.026727 166.026005 166.024921 166.024199 166.023115 166.022393 166.021309 166.020587 166.019865 166.018781 166.018059 166.017337 166.016253 166.015531 166.014447 166.013725 166.012641 166.011919 166.011197 166.010113 166.009391 166.008668 166.007946 166.007585 166.006862 166.006862 166.007224 166.008668 166.013725 166.041174 
0.000000 0.000000 0.000000 166.041535 166.040813 166.040091 166.039368 166.038285 166.037562 166.036840 166.035757 166.035034 166.033951 166.033228 166.032506 166.031784 166.030700 166.029978 166.029255 166.028172 166.027449 166.026727 166.026005 166.025644 166.024921 166.024199 166.023477 166.023115 166.022393 166.021671 166.021309 166.020587 166.020226 166.020226 166.020226 166.020587 166.020948 166.021671 166.022754 166.024199 166.026727 166.029978 166.036479 0.000000 0.000000 0.000000 0.000000 
0.000000 0.000000 0.000000 0.000000 0.000000 0.000000 0.000000 0.000000 0.000000 166.041535 166.041174 166.040452 166.039730 166.039007 166.038646 166.037924 166.037201 166.036479 166.036118 166.035395 166.035034 166.034312 166.033951 166.033590 166.033590 166.033590 166.033590 166.033951 166.034312 166.034673 166.035395 166.035757 166.036840 166.038285 166.040091 0.000000 0.000000 0.000000 0.000000 0.000000 0.000000 0.000000 0.000000 0.000000 0.000000 0.000000 0.000000 
