test/output/constant/S3_S000_A270_WD270.0_WS045.0/S3_S000_A270_WD270.0_WS045.0_arrival.asc
ncols         36
nrows         7
xllcorner     426603.990666
yllcorner     12748455.311160
cellsize      100.000000
NODATA_value  0.000000
0.000000 0.000000 0.000000 0.000000 0.000000 0.000000 0.000000 0.000000 0.000000 166.040784 166.038887 166.037464 166.036516 166.035567 166.035567 166.035093 166.034619 166.034619 166.034619 166.035093 166.035567 166.036516 166.037464 166.037938 166.038887 166.039835 166.040309 166.041258 0.000000 0.000000 0.000000 0.000000 0.000000 0.000000 0.000000 0.000000 
0.000000 0.000000 0.000000 166.035093 166.028928 166.025608 166.023237 166.022289 166.021340 166.020866 166.020866 166.020866 166.021340 166.022289 166.022763 166.023711 166.024660 166.025608 166.026083 166.027031 166.027979 166.028928 166.029876 166.031299 166.032248 166.033196 166.034144 166.035567 166.036516 166.037464 166.038412 166.039835 166.040784 166.041667 0.000000 0.000000 
166.033670 166.010907 166.007588 166.007113 166.007113 166.008062 166.008536 166.009485 166.010433 166.011856 166.012804 166.013753 166.015175 166.016124 166.017546 166.018495 166.019443 166.020866 166.021815 166.023237 166.024186 166.025608 166.026557 166.027979 166.028928 166.030351 166.031299 166.032248 166.033670 166.034619 166.036041 166.036990 166.038412 166.039361 166.040784 166.041667 
166.000000 166.000948 166.001897 166.003320 166.004268 166.005691 166.006639 166.008062 166.009010 166.010433 166.011381 166.012804 166.013753 166.015175 166.016124 166.017546 166.018495 166.019918 166.020866 166.022289 166.023237 166.024660 166.025608 166.027031 166.027979 166.029402 166.030351 166.031773 166.032722 166.034144 166.035093 166.036516 166.037464 166.038887 166.039835 166.041258 
166.033670 166.010907 166.007588 166.007113 166.007113 166.008062 166.008536 166.009485 166.010433 166.011856 166.012804 166.013753 166.015175 166.016124 166.017546 166.018495 166.019443 166.020866 166.021815 166.023237 166.024186 166.025608 166.026557 166.027979 166.028928 166.030351 166.031299 166.032248 166.033670 166.034619 166.036041 166.036990 166.038412 166.039361 166.040784 166.041667 
0.000000 0.000000 0.000000 166.035093 166.028928 166.025608 166.023237 166.022289 166.021340 166.020866 166.020866 166.020866 166.021340 166.022289 166.022763 166.023711 166.024660 166.025608 166.026083 166.027031 166.027979 166.028928 166.029876 166.031299 166.032248 166.033196 166.034144 166.035567 166.036516 166.037464 166.038412 166.039835 166.040784 166.041667 0.000000 0.000000 
0.000000 0.000000 0.000000 0.000000 0.000000 0.000000 0.000000 0.000000 0.000000 166.040784 166.038887 166.037464 166.036516 166.035567 166.035567 166.035093 166.034619 166.034619 166.034619 166.035093 166.035567 166.036516 166.037464 166.037938 166.038887 166.039835 166.040309 166.041258 0.000000 0.000000 0.000000 0.000000 0.000000 0.000000 0.000000 0.000000 
