test/output/constant/M3M4100_S060_A180_WD135.0_WS050.0/M3M4100_S060_A180_WD135.0_WS050.0_arrival.asc
ncols         11
nrows         43
xllcorner     426403.990666
yllcorner     12748655.311160
cellsize      100.000000
NODATA_value  0.000000
0.000000 0.000000 0.000000 0.000000 0.000000 0.000000 166.041667 166.041110 166.041452 166.041667 0.000000 
0.000000 0.000000 0.000000 0.000000 0.000000 0.000000 166.040767 166.040082 166.040425 166.040767 0.000000 
0.000000 0.000000 0.000000 0.000000 0.000000 166.040767 166.039397 166.039054 166.039397 166.040082 0.000000 
0.000000 0.000000 0.000000 0.000000 0.000000 166.039740 166.038369 166.038027 166.038369 166.039054 166.041110 
0.000000 0.000000 0.000000 0.000000 166.040767 166.038369 166.037341 166.037341 166.037341 166.038369 166.040767 
0.000000 0.000000 0.000000 0.000000 166.039397 166.036999 166.036314 166.036314 166.036314 166.037684 166.040082 
0.000000 0.000000 0.000000 166.041452 166.038027 166.035971 166.035286 166.035286 166.035286 166.036999 166.039740 
0.000000 0.000000 0.000000 166.040082 166.036656 166.034601 166.034258 166.034258 166.034601 166.036314 166.039397 
0.000000 0.000000 0.000000 166.038712 166.035629 166.033573 166.033231 166.033231 166.033573 166.035629 166.039054 
0.000000 0.000000 166.041452 166.037341 166.034258 166.032545 166.032203 166.032203 166.032888 166.035286 166.038712 
0.000000 0.000000 166.040082 166.035971 166.032888 166.031518 166.031175 166.031518 166.032203 166.034601 166.038369 
0.000000 0.000000 166.038712 166.034601 166.031860 166.030147 166.030147 166.030490 166.031518 166.034258 166.038027 
0.000000 0.000000 166.037341 166.033231 166.030490 166.029120 166.029120 166.029462 166.030832 166.033916 166.038027 
0.000000 0.000000 166.035971 166.031860 166.029120 166.028092 166.028092 166.028434 166.030490 166.033573 166.037684 
0.000000 166.041452 166.034601 166.030490 166.028092 166.027064 166.027064 166.027749 166.029805 166.033231 166.037684 
0.000000 166.040082 166.033231 166.029120 166.026721 166.026036 166.026036 166.026721 166.029120 166.032888 166.038027 
0.000000 166.038712 166.031860 166.028092 166.025694 166.025009 166.025351 166.026036 166.028777 166.032888 166.038369 
0.000000 166.037341 166.030490 166.026721 166.024323 166.023981 166.024323 166.025351 166.028434 166.032888 166.039054 
0.000000 166.035971 166.029120 166.025351 166.023296 166.022953 166.023296 166.025009 166.028092 166.032888 166.039397 
0.000000 166.034601 166.027749 166.023981 166.022268 166.021925 166.022268 166.024323 166.028092 166.033231 166.040082 
0.000000 166.033231 166.026379 166.022610 166.021240 166.020898 166.021583 166.023981 166.027749 166.033573 166.041452 
166.041110 166.031860 166.025009 166.021240 166.020212 166.019870 166.020555 166.023638 166.027749 166.034258 0.000000 
166.040082 166.030490 166.023296 166.020212 166.018842 166.019185 166.019870 166.022953 166.027749 166.034943 0.000000 
166.038712 166.029120 166.021925 166.018842 166.017814 166.018157 166.019185 166.022953 166.028434 166.035971 0.000000 
166.037684 166.027749 166.020555 166.017472 166.016787 166.017129 166.018842 166.022610 166.028777 166.037341 0.000000 
166.036314 166.026379 166.019185 166.016444 166.016101 166.016101 166.018499 166.022610 166.029462 166.039054 0.000000 
166.035286 166.025009 166.017814 166.015074 166.015074 166.015416 166.018157 166.022953 166.030832 166.040767 0.000000 
166.033916 166.023638 166.016444 166.014046 166.014046 166.014388 166.017814 166.023638 166.032203 0.000000 0.000000 
166.032888 166.022268 166.015416 166.013018 166.013018 166.014046 166.017814 166.024323 166.033916 0.000000 0.000000 
166.032203 166.020898 166.014046 166.011990 166.011990 166.013361 166.017814 166.025351 166.035971 0.000000 0.000000 
166.031175 166.019527 166.012676 166.010963 166.010963 166.013018 166.018157 166.027064 166.038712 0.000000 0.000000 
166.030147 166.018157 166.011305 166.009935 166.009935 166.012676 166.018842 166.029120 0.000000 0.000000 0.000000 
166.029462 166.016787 166.009935 166.008907 166.009250 166.012676 166.020212 166.031518 0.000000 0.000000 0.000000 
166.029120 166.015759 166.008565 166.007879 166.008565 166.013018 166.021925 166.034943 0.000000 0.000000 0.000000 
166.029120 166.014388 166.007194 166.006852 166.007879 166.013703 166.024323 166.039397 0.000000 0.000000 0.000000 
166.028777 166.013018 166.005824 166.005824 166.007537 166.015074 166.027749 0.000000 0.000000 0.000000 0.000000 
166.028777 166.011990 166.004796 166.004796 166.007537 166.017129 166.032203 0.000000 0.000000 0.000000 0.000000 
166.029120 166.010963 166.003768 166.003768 166.008222 166.020555 166.038369 0.000000 0.000000 0.000000 0.000000 
166.031175 166.010620 166.002741 166.003083 166.009935 166.025694 0.000000 0.000000 0.000000 0.000000 0.000000 
166.033231 166.010277 166.001713 166.002741 166.013703 166.033573 0.000000 0.000000 0.000000 0.000000 0.000000 
166.037684 166.010620 166.000685 166.003083 166.020555 0.000000 0.000000 0.000000 0.000000 0.000000 0.000000 
0.000000 166.013703 166.000000 166.007537 166.031860 0.000000 0.000000 0.000000 0.000000 0.000000 0.000000 
0.000000 0.000000 166.033231 166.040767 0.000000 0.000000 0.000000 0.000000 0.000000 0.000000 0.000000 
