test/output/constant/M3M475_S060_A090_WD270.0_WS010.0/M3M475_S060_A090_WD270.0_WS010.0_arrival.asc
ncols         14
nrows         40
xllcorner     426503.990666
yllcorner     12744855.311160
cellsize      100.000000
NODATA_value  0.000000
166.025403 166.000000 166.007785 0.000000 0.000000 0.000000 0.000000 0.000000 0.000000 0.000000 0.000000 0.000000 0.000000 0.000000 
166.020896 166.000819 166.002049 166.020486 0.000000 0.000000 0.000000 0.000000 0.000000 0.000000 0.000000 0.000000 0.000000 0.000000 
166.020896 166.001639 166.002049 166.009833 166.033187 0.000000 0.000000 0.000000 0.000000 0.000000 0.000000 0.000000 0.000000 0.000000 
166.021715 166.003278 166.002868 166.006146 166.020896 0.000000 0.000000 0.000000 0.000000 0.000000 0.000000 0.000000 0.000000 0.000000 
166.023354 166.004917 166.004097 166.005736 166.014340 166.032778 0.000000 0.000000 0.000000 0.000000 0.000000 0.000000 0.000000 0.000000 
166.025812 166.007375 166.004917 166.005736 166.010653 166.024583 0.000000 0.000000 0.000000 0.000000 0.000000 0.000000 0.000000 0.000000 
166.028271 166.009833 166.006146 166.006146 166.009833 166.018847 166.035236 0.000000 0.000000 0.000000 0.000000 0.000000 0.000000 0.000000 
166.030729 166.012292 166.007375 166.007375 166.009424 166.015569 166.028271 0.000000 0.000000 0.000000 0.000000 0.000000 0.000000 0.000000 
166.033187 166.014750 166.009014 166.008194 166.009424 166.013931 166.023354 166.038924 0.000000 0.000000 0.000000 0.000000 0.000000 0.000000 
166.035646 166.017208 166.010653 166.009424 166.009424 166.013111 166.020076 166.032368 0.000000 0.000000 0.000000 0.000000 0.000000 0.000000 
166.038514 166.020076 166.012701 166.010243 166.010243 166.012701 166.018028 166.028271 0.000000 0.000000 0.000000 0.000000 0.000000 0.000000 
166.040972 166.022535 166.014750 166.011472 166.011472 166.012701 166.017208 166.024993 166.037285 0.000000 0.000000 0.000000 0.000000 0.000000 
0.000000 166.025403 166.017208 166.013111 166.012701 166.013111 166.016799 166.022535 166.032778 0.000000 0.000000 0.000000 0.000000 0.000000 
0.000000 166.027861 166.019257 166.014750 166.013521 166.013931 166.016389 166.021715 166.029500 0.000000 0.000000 0.000000 0.000000 0.000000 
0.000000 166.030319 166.021715 166.016389 166.014750 166.014750 166.016389 166.020486 166.027451 166.037694 0.000000 0.000000 0.000000 0.000000 
0.000000 166.033187 166.024174 166.018437 166.015979 166.015979 166.016799 166.020076 166.025812 166.034417 0.000000 0.000000 0.000000 0.000000 
0.000000 166.035646 166.026632 166.020486 166.017208 166.016799 166.017208 166.020076 166.024993 166.031958 0.000000 0.000000 0.000000 0.000000 
0.000000 166.038514 166.029090 166.022535 166.018847 166.018028 166.018028 166.020076 166.024174 166.030319 166.038924 0.000000 0.000000 0.000000 
0.000000 166.040972 166.031549 166.024583 166.020486 166.018847 166.018847 166.020486 166.023764 166.029090 166.036465 0.000000 0.000000 0.000000 
0.000000 0.000000 166.034007 166.027042 166.022125 166.020076 166.020076 166.020486 166.023764 166.028271 166.034826 0.000000 0.000000 0.000000 
0.000000 0.000000 166.036465 166.029090 166.024174 166.021715 166.021306 166.021715 166.023764 166.027861 166.033597 166.041382 0.000000 0.000000 
0.000000 0.000000 166.038924 166.031549 166.026222 166.022944 166.022125 166.022125 166.024174 166.027451 166.032778 166.038924 0.000000 0.000000 
0.000000 0.000000 166.041382 166.033597 166.027861 166.024583 166.023354 166.023354 166.024174 166.027451 166.031958 166.037694 0.000000 0.000000 
0.000000 0.000000 0.000000 166.036055 166.029910 166.026222 166.024583 166.024583 166.024993 166.027451 166.031139 166.036875 0.000000 0.000000 
0.000000 0.000000 0.000000 166.038104 166.032368 166.028271 166.025812 166.025403 166.025403 166.027451 166.031139 166.036055 0.000000 0.000000 
0.000000 0.000000 0.000000 166.040562 166.034417 166.029910 166.027042 166.026632 166.026632 166.027861 166.031139 166.035236 166.040972 0.000000 
0.000000 0.000000 0.000000 0.000000 166.036465 166.031958 166.028680 166.027861 166.027451 166.028271 166.031139 166.034826 166.040153 0.000000 
0.000000 0.000000 0.000000 0.000000 166.038924 166.033597 166.030319 166.028680 166.028680 166.029090 166.031139 166.034417 166.039333 0.000000 
0.000000 0.000000 0.000000 0.000000 166.041382 166.035646 166.031958 166.030319 166.029910 166.029910 166.031549 166.034417 166.038924 0.000000 
0.000000 0.000000 0.000000 0.000000 0.000000 166.037694 166.034007 166.031549 166.030729 166.030729 166.031958 166.034417 166.038514 0.000000 
0.000000 0.000000 0.000000 0.000000 0.000000 166.039743 166.035646 166.033187 166.031958 166.031958 166.032368 166.034826 166.038104 0.000000 
0.000000 0.000000 0.000000 0.000000 0.000000 0.000000 166.037694 166.034417 166.033187 166.033187 166.033187 166.035236 166.038104 0.000000 
0.000000 0.000000 0.000000 0.000000 0.000000 0.000000 166.039333 166.036055 166.034417 166.034007 166.034007 166.035646 166.038104 0.000000 
0.000000 0.000000 0.000000 0.000000 0.000000 0.000000 166.041382 166.037694 166.035646 166.035236 166.035236 166.036055 166.038514 166.041667 
0.000000 0.000000 0.000000 0.000000 0.000000 0.000000 0.000000 166.039743 166.037285 166.036465 166.036055 166.036875 166.038924 166.041667 
0.000000 0.000000 0.000000 0.000000 0.000000 0.000000 0.000000 166.041382 166.038924 166.037285 166.037285 166.037285 166.038924 166.041667 
0.000000 0.000000 0.000000 0.000000 0.000000 0.000000 0.000000 0.000000 166.040562 166.038924 166.038514 166.038514 166.039333 0.000000 
0.000000 0.000000 0.000000 0.000000 0.000000 0.000000 0.000000 0.000000 0.000000 166.040153 166.039333 166.039333 166.040153 0.000000 
0.000000 0.000000 0.000000 0.000000 0.000000 0.000000 0.000000 0.000000 0.000000 166.041382 166.040562 166.040562 166.040972 0.000000 
0.000000 0.000000 0.000000 0.000000 0.000000 0.000000 0.000000 0.000000 0.000000 0.000000 166.041667 166.041667 166.041667 0.000000 
