test/output/constant/M3M475_S060_A090_WD270.0_WS010.0/M3M475_S060_A090_WD270.0_WS010.0_intensity.asc
ncols         14
nrows         40
xllcorner     426503.990666
yllcorner     12744855.311160
cellsize      100.000000
NODATA_value  0.000000
795 0 29464 0 0 0 0 0 0 0 0 0 0 0 
8638 57497 57497 29464 0 0 0 0 0 0 0 0 0 0 
8638 57497 57497 34323 1389 0 0 0 0 0 0 0 0 0 
25589 57497 57497 39037 836 0 0 0 0 0 0 0 0 0 
30469 30469 57497 57369 39037 1096 0 0 0 0 0 0 0 0 
25589 54225 57497 57497 39037 1096 0 0 0 0 0 0 0 0 
25589 51567 57497 57497 651 43462 34323 0 0 0 0 0 0 0 
25589 48237 57497 57497 57497 43462 34323 0 0 0 0 0 0 0 
25589 44338 57497 57497 57497 57497 39037 39037 0 0 0 0 0 0 
25589 20827 57229 57497 57497 53725 39037 39037 0 0 0 0 0 0 
30469 39987 57497 57497 57497 47463 39037 43462 0 0 0 0 0 0 
25589 30469 56132 56132 57497 53725 57369 39037 43462 0 0 0 0 0 
0 48237 57497 54225 57497 57497 53725 39037 43462 0 0 0 0 0 
0 30469 48237 57497 57497 57497 57369 57369 39037 0 0 0 0 0 
0 30469 56132 44338 57497 57497 55796 39037 43462 39037 0 0 0 0 
0 12221 12221 57497 57497 57497 57369 47463 57067 39037 0 0 0 0 
0 30469 57229 12221 57497 57497 57497 57497 57497 39037 0 0 0 0 
0 20827 16326 57497 57497 57497 57497 57067 55796 57497 39037 0 0 0 
0 25589 12221 57497 57497 57497 57497 57067 55796 39037 39037 0 0 0 
0 0 51567 12221 54225 51567 57497 57369 57497 53725 57497 0 0 0 
0 0 51567 54225 57450 5682 57497 57497 57497 55796 57497 39037 0 0 
0 0 48237 57497 12221 57497 57497 57497 57497 53725 57497 39037 0 0 
0 0 44338 48237 57229 44338 57497 57497 55796 57497 57497 39037 0 0 
0 0 0 56132 35317 48237 57497 57497 57497 43462 47463 57497 0 0 
0 0 0 48237 57497 8638 57497 57497 57497 57497 57497 57497 0 0 
0 0 0 54225 57497 56132 54225 57497 57497 53725 57497 57497 39037 0 
0 0 0 0 48237 57497 57497 57497 57497 57497 57497 57497 55796 0 
0 0 0 0 54225 57497 48237 54225 57497 57067 57497 55796 55796 0 
0 0 0 0 20827 57497 39987 57497 57497 57497 57497 55796 53725 0 
0 0 0 0 0 57497 57497 57497 57497 57497 57497 57369 57497 0 
0 0 0 0 0 57497 57450 20827 57497 57497 57497 57497 57497 0 
0 0 0 0 0 0 57497 39987 57497 57497 57497 57497 57497 0 
0 0 0 0 0 0 54225 54225 57497 57497 57497 57497 57497 0 
0 0 0 0 0 0 57497 56132 57497 57497 57497 57497 57497 57369 
0 0 0 0 0 0 0 57497 57497 57497 57497 57497 57497 57497 
0 0 0 0 0 0 0 54225 57497 56132 57497 57497 57497 55796 
0 0 0 0 0 0 0 0 16326 57497 57497 57497 57497 0 
0 0 0 0 0 0 0 0 0 57497 57497 57497 57497 0 
0 0 0 0 0 0 0 0 0 57497 57497 57497 57497 0 
0 0 0 0 0 0 0 0 0 0 57497 57497 57497 0 
