test/output/constant/M3M475_S060_A090_WD270.0_WS010.0/M3M475_S060_A090_WD270.0_WS010.0_raz.asc
ncols         14
nrows         40
xllcorner     426503.990666
yllcorner     12744855.311160
cellsize      100.000000
NODATA_value  0.000000
278 65535 153 0 0 0 0 0 0 0 0 0 0 0 
193 165 165 153 0 0 0 0 0 0 0 0 0 0 
193 165 165 155 88 0 0 0 0 0 0 0 0 0 
178 165 165 157 51 0 0 0 0 0 0 0 0 0 
176 176 165 164 157 75 0 0 0 0 0 0 0 0 
178 168 165 165 157 75 0 0 0 0 0 0 0 0 
178 169 165 165 345 158 155 0 0 0 0 0 0 0 
178 170 165 165 165 158 155 0 0 0 0 0 0 0 
178 171 165 165 165 165 157 157 0 0 0 0 0 0 
178 181 165 165 165 162 157 157 0 0 0 0 0 0 
176 173 165 165 165 159 157 158 0 0 0 0 0 0 
178 176 167 167 165 162 164 157 158 0 0 0 0 0 
0 170 165 168 165 165 162 157 158 0 0 0 0 0 
0 176 170 165 165 165 164 164 157 0 0 0 0 0 
0 176 167 171 165 165 163 157 158 157 0 0 0 0 
0 188 188 165 165 165 164 159 164 157 0 0 0 0 
0 176 165 188 165 165 165 165 165 157 0 0 0 0 
0 181 184 165 165 165 165 164 163 165 157 0 0 0 
0 178 188 165 165 165 165 164 163 157 157 0 0 0 
0 0 169 188 168 169 165 164 165 162 165 0 0 0 
0 0 169 168 165 201 165 165 165 163 165 157 0 0 
0 0 170 165 188 165 165 165 165 162 165 157 0 0 
0 0 171 170 165 171 165 165 163 165 165 157 0 0 
0 0 0 167 174 170 165 165 165 158 159 165 0 0 
0 0 0 170 165 193 165 165 165 165 165 165 0 0 
0 0 0 168 165 167 168 165 165 162 165 165 157 0 
0 0 0 0 170 165 165 165 165 165 165 165 163 0 
0 0 0 0 168 165 170 168 165 164 165 163 163 0 
0 0 0 0 181 165 173 165 165 165 165 163 162 0 
0 0 0 0 0 165 165 165 165 165 165 164 165 0 
0 0 0 0 0 165 165 181 165 165 165 165 165 0 
0 0 0 0 0 0 165 173 165 165 165 165 165 0 
0 0 0 0 0 0 168 168 165 165 165 165 165 0 
0 0 0 0 0 0 165 167 165 165 165 165 165 164 
0 0 0 0 0 0 0 165 165 165 165 165 165 165 
0 0 0 0 0 0 0 168 165 167 165 165 165 163 
0 0 0 0 0 0 0 0 184 165 165 165 165 0 
0 0 0 0 0 0 0 0 0 165 165 165 165 0 
0 0 0 0 0 0 0 0 0 165 165 165 165 0 
0 0 0 0 0 0 0 0 0 0 165 165 165 0 
