test/output/constant/M1M295_S060_A090_WD000.0_WS040.0/M1M295_S060_A090_WD000.0_WS040.0_arrival.asc
ncols         7
nrows         43
xllcorner     426303.990666
yllcorner     12744555.311160
cellsize      100.000000
NODATA_value  0.000000
0.000000 0.000000 0.000000 166.000000 0.000000 0.000000 0.000000 
0.000000 0.000000 166.019001 166.000792 166.019001 0.000000 0.000000 
0.000000 0.000000 166.010688 166.001583 166.010688 0.000000 0.000000 
0.000000 0.000000 166.009105 166.002771 166.009105 0.000000 0.000000 
0.000000 0.000000 166.007917 166.003563 166.007917 0.000000 0.000000 
0.000000 166.038002 166.007917 166.004750 166.007917 166.038002 0.000000 
0.000000 166.033252 166.008313 166.005542 166.008313 166.033252 0.000000 
0.000000 166.030085 166.009105 166.006730 166.009105 166.030085 0.000000 
0.000000 166.027710 166.009896 166.007521 166.009896 166.027710 0.000000 
0.000000 166.026127 166.010688 166.008709 166.010688 166.026127 0.000000 
0.000000 166.025335 166.011480 166.009501 166.011480 166.025335 0.000000 
0.000000 166.024147 166.012272 166.010688 166.012272 166.024147 0.000000 
0.000000 166.023752 166.013063 166.011480 166.013063 166.023752 0.000000 
0.000000 166.023752 166.014251 166.012667 166.014251 166.023752 0.000000 
0.000000 166.023752 166.015043 166.013459 166.015043 166.023752 0.000000 
0.000000 166.023752 166.016230 166.014647 166.016230 166.023752 0.000000 
0.000000 166.024147 166.017022 166.015438 166.017022 166.024147 0.000000 
166.041565 166.024939 166.017814 166.016626 166.017814 166.024939 166.041565 
166.040773 166.025335 166.019001 166.017418 166.019001 166.025335 166.040773 
166.039982 166.026127 166.019793 166.018605 166.019793 166.026127 166.039982 
166.039586 166.026523 166.020981 166.019397 166.020981 166.026523 166.039586 
166.039586 166.027314 166.021772 166.020585 166.021772 166.027314 166.039586 
166.039190 166.028106 166.022960 166.021376 166.022960 166.028106 166.039190 
166.039190 166.028898 166.023752 166.022564 166.023752 166.028898 166.039190 
166.039190 166.029294 166.024543 166.023356 166.024543 166.029294 166.039190 
166.039586 166.030085 166.025731 166.024543 166.025731 166.030085 166.039586 
166.039982 166.030877 166.026523 166.025335 166.026523 166.030877 166.039982 
166.040378 166.031669 166.027710 166.026523 166.027710 166.031669 166.040378 
166.041169 166.032460 166.028502 166.027314 166.028502 166.032460 166.041169 
166.041565 166.033252 166.029294 166.028502 166.029294 166.033252 166.041565 
0.000000 166.034440 166.030481 166.029294 166.030481 166.034440 0.000000 
0.000000 166.035231 166.031273 166.030481 166.031273 166.035231 0.000000 
0.000000 166.036023 166.032460 166.031273 166.032460 166.036023 0.000000 
0.000000 166.036815 166.033252 166.032460 166.033252 166.036815 0.000000 
0.000000 166.038002 166.034440 166.033252 166.034440 166.038002 0.000000 
0.000000 166.038794 166.035231 166.034440 166.035231 166.038794 0.000000 
0.000000 166.039586 166.036419 166.035231 166.036419 166.039586 0.000000 
0.000000 166.040378 166.037211 166.036419 166.037211 166.040378 0.000000 
0.000000 166.041565 166.038398 166.037211 166.038398 166.041565 0.000000 
0.000000 0.000000 166.039190 166.038398 166.039190 0.000000 0.000000 
0.000000 0.000000 166.040378 166.039190 166.040378 0.000000 0.000000 
0.000000 0.000000 166.041169 166.040378 166.041169 0.000000 0.000000 
0.000000 0.000000 0.000000 166.041169 0.000000 0.000000 0.000000 
