test/output/constant/M355_S060_A270_WD090.0_WS010.0/M355_S060_A270_WD090.0_WS010.0_arrival.asc
ncols         11
nrows         31
xllcorner     425703.990666
yllcorner     12748755.311160
cellsize      100.000000
NODATA_value  0.000000
166.041667 166.041253 166.041667 0.000000 0.000000 0.000000 0.000000 0.000000 0.000000 0.000000 0.000000 
166.040724 166.040196 166.040196 166.041667 0.000000 0.000000 0.000000 0.000000 0.000000 0.000000 0.000000 
166.039667 166.038609 166.038609 166.039667 0.000000 0.000000 0.000000 0.000000 0.000000 0.000000 0.000000 
166.039138 166.037022 166.037022 166.037551 166.040196 0.000000 0.000000 0.000000 0.000000 0.000000 0.000000 
166.038609 166.035964 166.035964 166.035964 166.038609 0.000000 0.000000 0.000000 0.000000 0.000000 0.000000 
166.038080 166.035436 166.034378 166.034378 166.035964 166.039667 0.000000 0.000000 0.000000 0.000000 0.000000 
166.038080 166.034907 166.033320 166.032791 166.033849 166.037551 0.000000 0.000000 0.000000 0.000000 0.000000 
166.038080 166.034378 166.031733 166.031733 166.032262 166.034907 166.040196 0.000000 0.000000 0.000000 0.000000 
166.038609 166.033849 166.030676 166.030147 166.030676 166.032791 166.037551 0.000000 0.000000 0.000000 0.000000 
166.039138 166.033849 166.030147 166.029089 166.029089 166.030676 166.034907 166.041667 0.000000 0.000000 0.000000 
166.040196 166.033849 166.029618 166.027502 166.027502 166.028560 166.032262 166.038609 0.000000 0.000000 0.000000 
166.041253 166.034378 166.029089 166.026444 166.025916 166.026444 166.029618 166.035964 0.000000 0.000000 0.000000 
0.000000 166.034907 166.029089 166.025916 166.024858 166.024858 166.026973 166.032791 166.041253 0.000000 0.000000 
0.000000 166.035964 166.029618 166.024858 166.023271 166.023271 166.024858 166.030147 166.038080 0.000000 0.000000 
0.000000 166.037551 166.029618 166.024858 166.022213 166.021684 166.022742 166.026973 166.034907 0.000000 0.000000 
0.000000 166.039667 166.030676 166.024858 166.021156 166.020627 166.020627 166.024329 166.031733 0.000000 0.000000 
0.000000 0.000000 166.032262 166.024858 166.020627 166.019040 166.019040 166.022213 166.028560 166.039667 0.000000 
0.000000 0.000000 166.034378 166.025916 166.020098 166.017982 166.017982 166.019569 166.025916 166.036493 0.000000 
0.000000 0.000000 166.037551 166.026973 166.020098 166.016924 166.016396 166.017453 166.022742 166.032791 0.000000 
0.000000 0.000000 0.000000 166.029089 166.020627 166.016396 166.014809 166.015338 166.020098 166.029618 0.000000 
0.000000 0.000000 0.000000 166.032262 166.021684 166.015867 166.013751 166.013751 166.016924 166.025916 0.000000 
0.000000 0.000000 0.000000 166.037022 166.023800 166.015867 166.012164 166.012164 166.014280 166.022742 0.000000 
0.000000 0.000000 0.000000 0.000000 166.026973 166.016396 166.011636 166.010578 166.011636 166.019569 0.000000 
0.000000 0.000000 0.000000 0.000000 166.032262 166.017982 166.011636 166.009520 166.009520 166.016396 166.038609 
0.000000 0.000000 0.000000 0.000000 166.039667 166.021684 166.011636 166.007933 166.007933 166.012693 166.035436 
0.000000 0.000000 0.000000 0.000000 0.000000 166.027502 166.012693 166.006876 166.006347 166.009520 166.032791 
0.000000 0.000000 0.000000 0.000000 0.000000 166.037022 166.015867 166.006876 166.005289 166.006876 166.029089 
0.000000 0.000000 0.000000 0.000000 0.000000 0.000000 166.023271 166.007404 166.003702 166.004231 166.027502 
0.000000 0.000000 0.000000 0.000000 0.000000 0.000000 166.036493 166.011107 166.002644 166.002116 166.025916 
0.000000 0.000000 0.000000 0.000000 0.000000 0.000000 0.000000 166.022742 166.002644 166.001058 166.025387 
0.000000 0.000000 0.000000 0.000000 0.000000 0.000000 0.000000 0.000000 166.008991 166.000000 166.030676 
