test/output/constant/M3M465_S060_A180_WD270.0_WS010.0/M3M465_S060_A180_WD270.0_WS010.0_arrival.asc
ncols         42
nrows         7
xllcorner     426603.990666
yllcorner     12748455.311160
cellsize      100.000000
NODATA_value  0.000000
0.000000 0.000000 0.000000 0.000000 0.000000 0.000000 0.000000 0.000000 166.039072 166.036630 166.034595 166.032967 166.032153 166.031339 166.030932 166.030525 166.030525 166.030525 166.030525 166.030525 166.030932 166.031746 166.032153 166.032967 166.033781 166.034188 166.035002 166.035816 166.036630 166.037444 166.037851 166.038665 166.039479 166.040293 166.041107 166.041667 0.000000 0.000000 0.000000 0.000000 0.000000 0.000000 
0.000000 0.000000 0.000000 166.031339 166.026048 166.023199 166.020757 166.019536 166.019129 166.018315 166.018315 166.018315 166.018722 166.019129 166.019943 166.020757 166.021164 166.021978 166.022792 166.023606 166.024013 166.024827 166.025641 166.026862 166.027676 166.028490 166.029711 166.030525 166.031339 166.032560 166.033374 166.034188 166.035002 166.036223 166.037037 166.037851 166.039072 166.039886 166.041107 0.000000 0.000000 0.000000 
166.023606 166.009768 166.006919 166.006105 166.006105 166.006919 166.007733 166.008140 166.008954 166.010175 166.010989 166.011803 166.013024 166.013838 166.014652 166.015873 166.016687 166.017908 166.018722 166.019943 166.020757 166.021978 166.022792 166.024013 166.024827 166.026048 166.026862 166.028083 166.028897 166.030118 166.030932 166.032153 166.032967 166.034188 166.035002 166.035816 166.037037 166.037851 166.039072 166.039886 166.041107 0.000000 
166.000000 166.000814 166.001628 166.002849 166.003663 166.004884 166.005698 166.006919 166.007733 166.008954 166.009768 166.010989 166.011803 166.013024 166.013838 166.015059 166.015873 166.017094 166.017908 166.019129 166.019943 166.021164 166.021978 166.023199 166.024013 166.025234 166.026048 166.027269 166.028083 166.029304 166.030118 166.031339 166.032153 166.033374 166.034188 166.035409 166.036223 166.037444 166.038258 166.039479 166.040293 166.041514 
166.023606 166.009768 166.006919 166.006105 166.006105 166.006919 166.007733 166.008140 166.008954 166.010175 166.010989 166.011803 166.013024 166.013838 166.014652 166.015873 166.016687 166.017908 166.018722 166.019943 166.020757 166.021978 166.022792 166.024013 166.024827 166.026048 166.026862 166.028083 166.028897 166.030118 166.030932 166.032153 166.032967 166.034188 166.035002 166.035816 166.037037 166.037851 166.039072 166.039886 166.041107 0.000000 
0.000000 0.000000 0.000000 166.031339 166.026048 166.023199 166.020757 166.019536 166.019129 166.018315 166.018315 166.018315 166.018722 166.019129 166.019943 166.020757 166.021164 166.021978 166.022792 166.023606 166.024013 166.024827 166.025641 166.026862 166.027676 166.028490 166.029711 166.030525 166.031339 166.032560 166.033374 166.034188 166.035002 166.036223 166.037037 166.037851 166.039072 166.039886 166.041107 0.000000 0.000000 0.000000 
0.000000 0.000000 0.000000 0.000000 0.000000 0.000000 0.000000 0.000000 166.039072 166.036630 166.034595 166.032967 166.032153 166.031339 166.030932 166.030525 166.030525 166.030525 166.030525 166.030525 166.030932 166.031746 166.032153 166.032967 166.033781 166.034188 166.035002 166.035816 166.036630 166.037444 166.037851 166.038665 166.039479 166.040293 166.041107 166.041667 0.000000 0.000000 0.000000 0.000000 0.000000 0.000000 
