test/output/constant/M3M480_S060_A090_WD000.0_WS015.0/M3M480_S060_A090_WD000.0_WS015.0_arrival.asc
ncols         9
nrows         52
xllcorner     426203.990666
yllcorner     12743655.311160
cellsize      100.000000
NODATA_value  0.000000
0.000000 0.000000 0.000000 166.025360 166.000000 166.025360 0.000000 0.000000 0.000000 
0.000000 0.000000 0.000000 166.009754 166.000650 166.009754 0.000000 0.000000 0.000000 
0.000000 0.000000 0.000000 166.006503 166.001301 166.006503 0.000000 0.000000 0.000000 
0.000000 0.000000 166.031537 166.005852 166.002276 166.005852 166.031537 0.000000 0.000000 
0.000000 0.000000 166.025685 166.005527 166.002926 166.005527 166.025685 0.000000 0.000000 
0.000000 0.000000 166.022109 166.005852 166.003902 166.005852 166.022109 0.000000 0.000000 
0.000000 0.000000 166.019833 166.006503 166.004552 166.006503 166.019833 0.000000 0.000000 
0.000000 166.041616 166.018207 166.006828 166.005527 166.006828 166.018207 166.041616 0.000000 
0.000000 166.038365 166.017557 166.007478 166.006177 166.007478 166.017557 166.038365 0.000000 
0.000000 166.035439 166.016907 166.008128 166.007153 166.008128 166.016907 166.035439 0.000000 
0.000000 166.032838 166.016582 166.009104 166.007803 166.009104 166.016582 166.032838 0.000000 
0.000000 166.031212 166.016256 166.009754 166.008778 166.009754 166.016256 166.031212 0.000000 
0.000000 166.030237 166.016256 166.010404 166.009429 166.010404 166.016256 166.030237 0.000000 
0.000000 166.029262 166.016582 166.011379 166.010404 166.011379 166.016582 166.029262 0.000000 
0.000000 166.028611 166.016907 166.012030 166.011054 166.012030 166.016907 166.028611 0.000000 
0.000000 166.027961 166.017557 166.013005 166.012030 166.013005 166.017557 166.027961 0.000000 
0.000000 166.027636 166.017882 166.013655 166.012680 166.013655 166.017882 166.027636 0.000000 
0.000000 166.027311 166.018532 166.014631 166.013655 166.014631 166.018532 166.027311 0.000000 
166.040966 166.026986 166.019183 166.015281 166.014306 166.015281 166.019183 166.026986 166.040966 
166.040316 166.027311 166.019833 166.015931 166.015281 166.015931 166.019833 166.027311 166.040316 
166.039666 166.027311 166.020158 166.016907 166.015931 166.016907 166.020158 166.027311 166.039666 
166.039015 166.027311 166.020808 166.017557 166.016907 166.017557 166.020808 166.027311 166.039015 
166.038690 166.027636 166.021458 166.018532 166.017557 166.018532 166.021458 166.027636 166.038690 
166.038365 166.027961 166.022109 166.019183 166.018532 166.019183 166.022109 166.027961 166.038365 
166.038040 166.028611 166.022759 166.020158 166.019183 166.020158 166.022759 166.028611 166.038040 
166.038040 166.028936 166.023409 166.020808 166.020158 166.020808 166.023409 166.028936 166.038040 
166.038040 166.029587 166.024059 166.021458 166.020808 166.021458 166.024059 166.029587 166.038040 
166.038040 166.030237 166.025035 166.022434 166.021784 166.022434 166.025035 166.030237 166.038040 
166.038040 166.030562 166.025685 166.023084 166.022434 166.023084 166.025685 166.030562 166.038040 
166.038040 166.031212 166.026335 166.024059 166.023409 166.024059 166.026335 166.031212 166.038040 
166.038365 166.031863 166.027311 166.024710 166.024059 166.024710 166.027311 166.031863 166.038365 
166.038690 166.032513 166.027961 166.025685 166.025035 166.025685 166.027961 166.032513 166.038690 
166.039340 166.032838 166.028611 166.026335 166.025685 166.026335 166.028611 166.032838 166.039340 
166.039666 166.033488 166.029262 166.027311 166.026660 166.027311 166.029262 166.033488 166.039666 
166.040316 166.034138 166.030237 166.027961 166.027311 166.027961 166.030237 166.034138 166.040316 
166.040641 166.034789 166.030887 166.028936 166.028286 166.028936 166.030887 166.034789 166.040641 
166.041291 166.035439 166.031537 166.029587 166.028936 166.029587 166.031537 166.035439 166.041291 
166.041667 166.036089 166.032513 166.030237 166.029912 166.030237 166.032513 166.036089 166.041667 
0.000000 166.036739 166.033163 166.031212 166.030562 166.031212 166.033163 166.036739 0.000000 
0.000000 166.037390 166.034138 166.031863 166.031537 166.031863 166.034138 166.037390 0.000000 
0.000000 166.038040 166.034789 166.032838 166.032188 166.032838 166.034789 166.038040 0.000000 
0.000000 166.038690 166.035439 166.033488 166.033163 166.033488 166.035439 166.038690 0.000000 
0.000000 166.039340 166.036414 166.034464 166.033813 166.034464 166.036414 166.039340 0.000000 
0.000000 166.040316 166.037065 166.035114 166.034789 166.035114 166.037065 166.040316 0.000000 
0.000000 166.040966 166.038040 166.036089 166.035439 166.036089 166.038040 166.040966 0.000000 
0.000000 166.041616 166.038690 166.036739 166.036414 166.036739 166.038690 166.041616 0.000000 
0.000000 0.000000 166.039340 166.037715 166.037065 166.037715 166.039340 0.000000 0.000000 
0.000000 0.000000 166.040316 166.038365 166.038040 166.038365 166.040316 0.000000 0.000000 
0.000000 0.000000 166.040966 166.039015 166.038690 166.039015 166.040966 0.000000 0.000000 
0.000000 0.000000 166.041616 166.039991 166.039666 166.039991 166.041616 0.000000 0.000000 
0.000000 0.000000 0.000000 166.040641 166.040316 166.040641 0.000000 0.000000 0.000000 
0.000000 0.000000 0.000000 166.041616 166.041291 166.041616 0.000000 0.000000 0.000000 
