test/output/constant/M280_S000_A000_WD270.0_WS045.0/M280_S000_A000_WD270.0_WS045.0_arrival.asc
ncols         30
nrows         7
xllcorner     426603.990666
yllcorner     12748455.311160
cellsize      100.000000
NODATA_value  0.000000
0.000000 0.000000 0.000000 0.000000 0.000000 0.000000 0.000000 0.000000 0.000000 0.000000 0.000000 0.000000 0.000000 0.000000 0.000000 166.041547 166.041547 166.041547 166.041547 0.000000 0.000000 0.000000 0.000000 0.000000 0.000000 0.000000 0.000000 0.000000 0.000000 0.000000 
0.000000 0.000000 0.000000 166.041547 166.034148 166.030733 166.027319 166.026180 166.025611 166.025042 166.025042 166.025042 166.025611 166.026749 166.027319 166.028457 166.029595 166.030733 166.031303 166.032441 166.033579 166.034717 166.035856 166.036994 166.038701 166.039840 166.040978 0.000000 0.000000 0.000000 
166.032441 166.013090 166.009106 166.008537 166.008537 166.009675 166.010244 166.011383 166.012521 166.014228 166.015367 166.016505 166.018212 166.019351 166.021058 166.022196 166.023335 166.025042 166.026180 166.027888 166.029026 166.030733 166.031872 166.033579 166.034717 166.036425 166.037563 166.038701 166.040409 166.041547 
166.000000 166.001138 166.002277 166.003984 166.005122 166.006830 166.007968 166.009675 166.010814 166.012521 166.013659 166.015367 166.016505 166.018212 166.019351 166.021058 166.022196 166.023904 166.025042 166.026749 166.027888 166.029595 166.030733 166.032441 166.033579 166.035286 166.036425 166.038132 166.039270 166.040978 
166.032441 166.013090 166.009106 166.008537 166.008537 166.009675 166.010244 166.011383 166.012521 166.014228 166.015367 166.016505 166.018212 166.019351 166.021058 166.022196 166.023335 166.025042 166.026180 166.027888 166.029026 166.030733 166.031872 166.033579 166.034717 166.036425 166.037563 166.038701 166.040409 166.041547 
0.000000 0.000000 0.000000 166.041547 166.034148 166.030733 166.027319 166.026180 166.025611 166.025042 166.025042 166.025042 166.025611 166.026749 166.027319 166.028457 166.029595 166.030733 166.031303 166.032441 166.033579 166.034717 166.035856 166.036994 166.038701 166.039840 166.040978 0.000000 0.000000 0.000000 
0.000000 0.000000 0.000000 0.000000 0.000000 0.000000 0.000000 0.000000 0.000000 0.000000 0.000000 0.000000 0.000000 0.000000 0.000000 166.041547 166.041547 166.041547 166.041547 0.000000 0.000000 0.000000 0.000000 0.000000 0.000000 0.000000 0.000000 0.000000 0.000000 0.000000 
