test/output/constant/M3M495_S060_A000_WD225.0_WS005.0/M3M495_S060_A000_WD225.0_WS005.0_intensity.asc
ncols         49
nrows         12
xllcorner     421903.990666
yllcorner     12748455.311160
cellsize      100.000000
NODATA_value  0.000000
0 0 0 0 0 0 0 0 0 58968 48608 63206 63206 54052 54052 63206 48608 54052 48608 48608 48608 6847 0 0 0 0 0 0 0 0 0 0 0 0 0 0 0 0 0 0 0 0 0 0 0 0 0 0 0 
0 0 0 71193 66639 71193 71193 71193 66639 58968 54052 69160 63206 58968 48608 69160 63206 48608 66639 48608 54052 48608 4251 54052 48608 4251 48608 4251 4251 4251 0 0 0 0 0 0 0 0 0 0 0 0 0 0 0 0 0 0 0 
0 71193 71193 71193 71193 71193 63206 71193 71193 71193 71193 71193 71193 71193 71193 71193 69160 63206 69160 69160 63206 48608 63206 54052 48608 63206 48608 6847 54052 54052 54052 2555 54052 48608 54052 54052 0 0 0 0 0 0 0 0 0 0 0 0 0 
71193 71193 71193 71193 66639 71193 71193 71193 71193 71193 71193 71193 71193 71193 63206 63206 71193 66639 71193 70694 71193 66639 54052 54052 63206 48608 54052 48608 54052 48608 54052 54052 2555 48608 1987 48608 4251 42801 48608 54052 0 0 0 0 0 0 0 0 0 
71193 71193 71193 71193 71193 71193 71193 71193 66639 71193 71193 63206 71193 71193 71193 66639 71193 58968 58968 58968 63206 63206 69160 71193 71193 71193 71058 69160 69160 58968 54052 58968 48608 54052 6847 48608 48608 4251 4251 48608 48608 48608 2555 0 0 0 0 0 0 
0 59372 71193 71193 71193 59372 63545 66901 71193 71193 71193 71193 71193 71193 71193 71193 71193 71193 71193 71193 71193 71193 63206 71193 63206 71193 71193 71193 71193 71193 69160 71193 63206 58968 71058 66639 48608 54052 2555 48608 54052 48608 4251 1256 2555 1987 0 0 0 
0 0 59372 59372 59372 59372 63545 59372 59372 71193 59372 59372 59372 69337 59372 71101 71193 71193 59372 66901 71193 71193 71193 71193 71193 71193 71193 71193 70694 71193 71193 71193 71193 63206 71193 71193 58968 71193 71193 66639 48608 54052 6847 48608 48608 1256 1610 1610 0 
0 0 0 0 59372 59372 59372 59372 63545 59372 59372 59372 59372 59372 59372 59372 59372 59372 59372 59372 59372 59372 63545 59372 71193 59372 59372 63545 71193 71193 63545 59372 71193 71193 71193 71193 71193 71193 71193 71193 71193 71193 71193 54052 69160 69160 54052 1256 0 
0 0 0 0 0 0 59372 59372 59372 59372 59372 59372 59372 59372 59372 59372 59372 59372 59372 59372 59372 59372 59372 59372 59372 59372 59372 59372 59372 59372 63545 59372 59372 59372 59372 59372 59372 71193 59372 59372 59372 63545 71193 71193 71193 71193 71193 0 1044 
0 0 0 0 0 0 0 0 0 0 59372 59372 59372 59372 59372 59372 59372 59372 59372 59372 63545 59372 59372 59372 59372 59372 59372 59372 59372 59372 59372 59372 59372 59372 59372 59372 59372 59372 59372 59372 59372 54508 31320 31320 25472 49102 25472 1233 0 
0 0 0 0 0 0 0 0 0 0 0 0 0 0 59372 59372 59372 59372 59372 59372 59372 59372 59372 59372 59372 59372 59372 59372 59372 59372 59372 59372 59372 59372 59372 31320 59372 59372 37329 25472 43317 25472 43317 37329 1233 1233 1233 0 0 
0 0 0 0 0 0 0 0 0 0 0 0 0 0 0 0 0 0 0 0 0 59372 59372 59372 59372 25472 59372 31320 37329 59372 59372 25472 25472 59372 31320 37329 31320 37329 43317 31320 31320 37329 0 0 0 0 0 0 0 
