test/output/constant/M3M455_S060_A000_WD000.0_WS010.0/M3M455_S060_A000_WD000.0_WS010.0_arrival.asc
ncols         28
nrows         11
xllcorner     423903.990666
yllcorner     12747855.311160
cellsize      100.000000
NODATA_value  0.000000
0.000000 0.000000 0.000000 0.000000 0.000000 0.000000 0.000000 0.000000 0.000000 0.000000 0.000000 0.000000 0.000000 0.000000 0.000000 0.000000 0.000000 0.000000 0.000000 0.000000 0.000000 166.038600 166.035676 166.032167 166.029242 166.028073 166.027488 166.031582 
0.000000 0.000000 0.000000 0.000000 0.000000 0.000000 0.000000 0.000000 0.000000 0.000000 0.000000 0.000000 0.000000 0.000000 166.040354 166.036845 166.032751 166.029242 166.025148 166.021639 166.018130 166.014621 166.011112 166.007603 166.004679 166.002339 166.001170 166.000000 
0.000000 0.000000 0.000000 0.000000 0.000000 0.000000 0.000000 0.000000 0.000000 0.000000 0.000000 166.039185 166.035091 166.032167 166.028657 166.025148 166.022224 166.019300 166.015791 166.013451 166.010527 166.008773 166.007018 166.005848 166.004094 166.002924 166.002924 166.008773 
0.000000 0.000000 0.000000 0.000000 0.000000 0.000000 0.000000 0.000000 166.039770 166.036845 166.033336 166.030412 166.027488 166.024564 166.021639 166.019300 166.016961 166.015206 166.013451 166.011697 166.010527 166.008773 166.007603 166.007603 166.008188 166.011697 166.023979 0.000000 
0.000000 0.000000 0.000000 0.000000 0.000000 166.041667 166.038600 166.035676 166.033336 166.030412 166.028073 166.025733 166.023394 166.021639 166.019885 166.018130 166.016376 166.015206 166.013451 166.012867 166.012282 166.012867 166.013451 166.016961 166.024564 166.038600 0.000000 0.000000 
0.000000 0.000000 0.000000 166.041667 166.039185 166.036845 166.033921 166.031582 166.029242 166.027488 166.025733 166.023979 166.022809 166.021054 166.019885 166.018130 166.017545 166.017545 166.017545 166.018130 166.019300 166.022809 166.029242 166.038600 0.000000 0.000000 0.000000 0.000000 
0.000000 0.000000 166.040354 166.038015 166.035676 166.033921 166.032167 166.030412 166.028657 166.027488 166.025733 166.024564 166.023394 166.022809 166.022224 166.022224 166.022224 166.023394 166.025148 166.028657 166.033921 166.041667 0.000000 0.000000 0.000000 0.000000 0.000000 0.000000 
0.000000 166.040354 166.038600 166.036845 166.035091 166.033336 166.032167 166.030412 166.029242 166.028073 166.027488 166.026903 166.026903 166.026903 166.027488 166.029242 166.030997 166.033921 166.039185 0.000000 0.000000 0.000000 0.000000 0.000000 0.000000 0.000000 0.000000 0.000000 
166.041524 166.039770 166.038015 166.036845 166.035091 166.033921 166.033336 166.032167 166.032167 166.031582 166.032167 166.032167 166.033336 166.034506 166.036845 166.039770 0.000000 0.000000 0.000000 0.000000 0.000000 0.000000 0.000000 0.000000 0.000000 0.000000 0.000000 0.000000 
166.041524 166.039770 166.038600 166.038015 166.037430 166.036845 166.036845 166.036845 166.036845 166.037430 166.038600 166.040354 0.000000 0.000000 0.000000 0.000000 0.000000 0.000000 0.000000 0.000000 0.000000 0.000000 0.000000 0.000000 0.000000 0.000000 0.000000 0.000000 
0.000000 0.000000 166.041667 166.041524 166.041524 166.041524 0.000000 0.000000 0.000000 0.000000 0.000000 0.000000 0.000000 0.000000 0.000000 0.000000 0.000000 0.000000 0.000000 0.000000 0.000000 0.000000 0.000000 0.000000 0.000000 0.000000 0.000000 0.000000 
