test/output/constant/M3M455_S060_A000_WD000.0_WS010.0/M3M455_S060_A000_WD000.0_WS010.0_ros.asc
ncols         28
nrows         11
xllcorner     423903.990666
yllcorner     12747855.311160
cellsize      100.000000
NODATA_value  0.000000
0.000000 0.000000 0.000000 0.000000 0.000000 0.000000 0.000000 0.000000 0.000000 0.000000 0.000000 0.000000 0.000000 0.000000 0.000000 0.000000 0.000000 0.000000 0.000000 0.000000 0.000000 10.086980 10.086980 13.412883 7.183827 7.183827 7.183827 0.789496 
0.000000 0.000000 0.000000 0.000000 0.000000 0.000000 0.000000 0.000000 0.000000 0.000000 0.000000 0.000000 0.000000 0.000000 10.086980 17.061716 7.183827 13.412883 17.061716 7.183827 13.412883 10.086980 13.412883 17.061716 20.923426 46.859413 46.859413 -1.000000 
0.000000 0.000000 0.000000 0.000000 0.000000 0.000000 0.000000 0.000000 0.000000 0.000000 0.000000 13.412883 20.923426 10.086980 20.923426 20.923426 17.061716 17.061716 46.635754 13.412883 36.140141 46.859413 46.859413 46.859413 46.859413 46.859413 38.594780 1.299330 
0.000000 0.000000 0.000000 0.000000 0.000000 0.000000 0.000000 0.000000 20.923426 17.061716 20.923426 17.061716 20.923426 20.923426 24.881264 20.923426 46.635754 46.859413 46.859413 46.859413 46.859413 46.859413 41.418140 41.418140 4.415413 1.661678 0.830973 0.000000 
0.000000 0.000000 0.000000 0.000000 0.000000 10.086980 46.822697 24.881264 7.183827 20.923426 17.061716 17.061716 17.061716 44.180473 44.180473 46.859413 46.859413 46.859413 46.859413 46.859413 45.422810 2.746759 31.732918 31.732918 2.746759 1.661678 0.000000 0.000000 
0.000000 0.000000 0.000000 13.412883 17.061716 13.412883 24.881264 17.061716 36.140141 39.308651 28.815414 46.859413 46.859413 46.859413 46.859413 46.859413 46.859413 41.418140 2.746759 2.746759 4.415413 1.661678 1.058905 2.746759 0.000000 0.000000 0.000000 0.000000 
0.000000 0.000000 7.183827 17.061716 42.016129 46.859413 46.859413 46.859413 46.859413 46.859413 46.859413 46.859413 46.859413 46.859413 45.422810 38.594780 38.594780 35.333298 2.746759 0.830973 35.333298 2.746759 0.000000 0.000000 0.000000 0.000000 0.000000 0.000000 
0.000000 46.859413 46.859413 36.140141 46.859413 46.859413 46.859413 46.859413 46.859413 46.859413 46.859413 46.859413 41.418140 41.418140 38.594780 1.661678 1.661678 31.732918 31.732918 0.000000 0.000000 0.000000 0.000000 0.000000 0.000000 0.000000 0.000000 0.000000 
46.859413 46.859413 46.859413 46.859413 46.859413 46.859413 46.859413 46.859413 46.859413 41.418140 1.661678 38.594780 35.333298 31.732918 0.830973 31.732918 0.000000 0.000000 0.000000 0.000000 0.000000 0.000000 0.000000 0.000000 0.000000 0.000000 0.000000 0.000000 
46.859413 46.859413 46.859413 46.859413 46.859413 43.717476 43.717476 38.594780 38.594780 38.594780 35.333298 2.746759 0.000000 0.000000 0.000000 0.000000 0.000000 0.000000 0.000000 0.000000 0.000000 0.000000 0.000000 0.000000 0.000000 0.000000 0.000000 0.000000 
0.000000 0.000000 46.745663 46.859413 38.594780 38.594780 0.000000 0.000000 0.000000 0.000000 0.000000 0.000000 0.000000 0.000000 0.000000 0.000000 0.000000 0.000000 0.000000 0.000000 0.000000 0.000000 0.000000 0.000000 0.000000 0.000000 0.000000 0.000000 
