test/output/constant/M3M485_S000_A000_WD090.0_WS020.0/M3M485_S000_A000_WD090.0_WS020.0_arrival.asc
ncols         25
nrows         9
xllcorner     424403.990666
yllcorner     12748355.311160
cellsize      100.000000
NODATA_value  0.000000
0.000000 0.000000 0.000000 0.000000 0.000000 166.040429 166.039666 166.038140 166.036615 166.035852 166.034326 166.033564 166.033564 166.032801 166.032801 166.032801 166.033564 166.034326 166.036615 166.038903 0.000000 0.000000 0.000000 0.000000 0.000000 
0.000000 0.000000 166.041192 166.039666 166.038140 166.036615 166.035089 166.033564 166.032038 166.030512 166.028987 166.027461 166.025935 166.025173 166.024410 166.023647 166.023647 166.023647 166.024410 166.025935 166.028224 166.032038 166.038903 0.000000 0.000000 
0.000000 166.041192 166.038903 166.037378 166.035089 166.033564 166.032038 166.029750 166.028224 166.026698 166.024410 166.022884 166.021359 166.019833 166.018307 166.016782 166.015256 166.014493 166.014493 166.014493 166.015256 166.017545 166.022121 166.032038 0.000000 
166.041667 166.039666 166.038140 166.035852 166.034326 166.032038 166.030512 166.028224 166.026698 166.024410 166.022884 166.020596 166.019070 166.016782 166.015256 166.012968 166.011442 166.009917 166.007628 166.006102 166.005340 166.005340 166.006102 166.016019 166.035852 
166.041192 166.039666 166.037378 166.035852 166.033564 166.032038 166.029750 166.028224 166.025935 166.024410 166.022121 166.020596 166.018307 166.016782 166.014493 166.012968 166.010679 166.009154 166.006865 166.005340 166.003051 166.001526 166.000000 166.011442 166.033564 
166.041667 166.039666 166.038140 166.035852 166.034326 166.032038 166.030512 166.028224 166.026698 166.024410 166.022884 166.020596 166.019070 166.016782 166.015256 166.012968 166.011442 166.009917 166.007628 166.006102 166.005340 166.005340 166.006102 166.016019 166.035852 
0.000000 166.041192 166.038903 166.037378 166.035089 166.033564 166.032038 166.029750 166.028224 166.026698 166.024410 166.022884 166.021359 166.019833 166.018307 166.016782 166.015256 166.014493 166.014493 166.014493 166.015256 166.017545 166.022121 166.032038 0.000000 
0.000000 0.000000 166.041192 166.039666 166.038140 166.036615 166.035089 166.033564 166.032038 166.030512 166.028987 166.027461 166.025935 166.025173 166.024410 166.023647 166.023647 166.023647 166.024410 166.025935 166.028224 166.032038 166.038903 0.000000 0.000000 
0.000000 0.000000 0.000000 0.000000 0.000000 166.040429 166.039666 166.038140 166.036615 166.035852 166.034326 166.033564 166.033564 166.032801 166.032801 166.032801 166.033564 166.034326 166.036615 166.038903 0.000000 0.000000 0.000000 0.000000 0.000000 
