test/output/constant/M390_S060_A000_WD315.0_WS010.0/M390_S060_A000_WD315.0_WS010.0_intensity.asc
ncols         44
nrows         14
xllcorner     422403.990666
yllcorner     12747655.311160
cellsize      100.000000
NODATA_value  0.000000
0 0 0 0 0 0 0 0 0 0 0 0 0 0 0 0 0 0 0 0 0 0 0 0 0 0 0 0 34153 28756 34153 14029 34153 10100 18540 18540 23499 18540 23499 18540 14029 0 0 0 
0 0 0 0 0 0 0 0 0 0 0 0 0 0 0 0 0 0 0 0 0 18540 34153 23499 34153 14029 39527 18540 39527 34153 23499 34153 28756 34153 39527 34153 34153 14029 34153 14029 18540 23499 1239 1239 
0 0 0 0 0 0 0 0 0 0 0 0 0 0 0 0 18540 39527 34153 28756 34153 14029 39527 28756 34153 34153 28756 39527 14029 44714 14029 23499 34153 23499 34153 39527 39527 39527 39527 44714 64431 64431 0 1846 
0 0 0 0 0 0 0 0 0 0 0 0 0 23499 39527 39527 14029 44714 34153 18540 60637 34153 34153 14029 34153 39527 34153 34153 34153 34153 44714 18540 34153 53911 64431 64431 64431 64431 64431 64431 56937 53072 2183 1846 
0 0 0 0 0 0 0 0 0 0 39527 34153 23499 18540 39527 34153 39527 39527 34153 34153 39527 34153 23499 34153 34153 44714 49558 39527 34153 64431 64431 64431 64431 64431 64431 64431 64431 64273 43692 6445 2675 1846 1301 0 
0 0 0 0 0 0 0 39527 39527 34153 62805 28756 23499 39527 39527 34153 53911 23499 34153 18540 44714 28756 34153 18540 64431 64431 64431 64431 64431 64431 64431 64431 64431 64431 53072 53072 43692 4168 43692 1504 2183 1846 0 0 
0 0 0 0 0 39527 39527 39527 23499 39527 39527 49558 39527 53911 57642 39527 34153 49558 64431 64431 64431 64431 64431 64431 64431 64431 64431 64431 64431 64431 62432 53072 53072 4168 48612 6445 43692 4168 43692 2183 0 0 0 0 
0 0 0 62805 39527 64431 34153 62805 60637 44714 34153 53911 57642 64431 64431 64431 64431 64431 64431 64431 64431 64431 64431 64431 64431 64431 63895 48612 48612 53072 48612 1846 43692 43692 43692 43692 2183 1504 0 0 0 0 0 0 
0 0 62805 34153 23499 57642 64431 44714 64431 39527 64431 64431 64431 64431 64431 64431 64431 64431 64431 64431 64431 64431 64431 60089 56937 60089 48612 43692 43692 43692 48612 1504 4168 2675 38462 0 0 0 0 0 0 0 0 0 
0 39527 34153 64431 64431 62805 64431 64431 64431 64431 64431 64431 64431 64431 64431 64431 64431 62432 64431 64431 62432 53072 53072 6445 43692 43692 48612 4168 43692 4168 48612 2675 2675 0 0 0 0 0 0 0 0 0 0 0 
64431 64431 64431 64431 64431 64431 64431 64431 64431 64431 64431 64431 64431 64431 64431 64431 64431 60089 53072 53072 48612 43692 48612 48612 43692 48612 43692 6445 4168 2183 0 0 0 0 0 0 0 0 0 0 0 0 0 0 
64431 64431 64431 64273 64431 64431 64431 64431 64431 64431 64431 64431 64431 64431 53072 53072 53072 48612 2675 48612 4168 43692 48612 43692 43692 43692 0 0 0 0 0 0 0 0 0 0 0 0 0 0 0 0 0 0 
0 64431 64431 64431 64431 64431 64431 64431 64431 64431 60089 53072 48612 53072 48612 43692 43692 43692 2675 48612 43692 4168 0 0 0 0 0 0 0 0 0 0 0 0 0 0 0 0 0 0 0 0 0 0 
0 0 0 64431 64431 64431 64431 64431 60089 62432 4168 48612 48612 43692 48612 43692 0 0 0 0 0 0 0 0 0 0 0 0 0 0 0 0 0 0 0 0 0 0 0 0 0 0 0 0 
