test/output/constant/M390_S060_A000_WD315.0_WS010.0/M390_S060_A000_WD315.0_WS010.0_raz.asc
ncols         44
nrows         14
xllcorner     422403.990666
yllcorner     12747655.311160
cellsize      100.000000
NODATA_value  0.000000
0 0 0 0 0 0 0 0 0 0 0 0 0 0 0 0 0 0 0 0 0 0 0 0 0 0 0 0 270 273 270 284 270 290 279 279 276 279 276 279 284 0 0 0 
0 0 0 0 0 0 0 0 0 0 0 0 0 0 0 0 0 0 0 0 0 279 270 276 270 284 268 279 268 270 276 270 273 270 268 270 270 284 270 284 279 276 55 55 
0 0 0 0 0 0 0 0 0 0 0 0 0 0 0 0 279 268 270 273 270 284 268 273 270 270 273 268 284 267 284 276 270 276 270 268 268 268 268 267 257 257 254 167 
0 0 0 0 0 0 0 0 0 0 0 0 0 276 268 268 284 267 270 279 261 270 270 284 270 268 270 270 270 270 267 279 270 264 257 257 257 257 257 257 252 251 178 167 
0 0 0 0 0 0 0 0 0 0 268 270 276 279 268 270 268 268 270 270 268 270 276 270 270 267 265 268 270 257 257 257 257 257 257 257 257 257 248 216 188 167 99 0 
0 0 0 0 0 0 0 268 268 270 260 273 276 268 268 270 264 276 270 279 267 273 270 279 257 257 257 257 257 257 257 257 257 257 251 251 248 205 248 147 178 167 0 0 
0 0 0 0 0 268 268 268 276 268 268 265 268 264 262 268 270 265 257 257 257 257 257 257 257 257 257 257 257 257 255 251 251 205 250 216 248 205 248 178 0 0 0 0 
0 0 0 260 268 257 270 260 261 267 270 264 262 257 257 257 257 257 257 257 257 257 257 257 257 257 256 250 250 251 250 167 248 248 248 248 178 147 0 0 0 0 0 0 
0 0 260 270 276 262 257 267 257 268 257 257 257 257 257 257 257 257 257 257 257 257 257 254 252 254 250 248 248 248 250 147 205 188 246 0 0 0 0 0 0 0 0 0 
0 268 270 257 257 260 257 257 257 257 257 257 257 257 257 257 257 255 257 257 255 251 251 216 248 248 250 205 248 205 250 188 188 0 0 0 0 0 0 0 0 0 0 0 
257 257 257 257 257 257 257 257 257 257 257 257 257 257 257 257 257 254 251 251 250 248 250 250 248 250 248 216 205 178 0 0 0 0 0 0 0 0 0 0 0 0 0 0 
257 257 257 257 257 257 257 257 257 257 257 257 257 257 251 251 251 250 188 250 205 248 250 248 248 248 0 0 0 0 0 0 0 0 0 0 0 0 0 0 0 0 0 0 
0 257 257 257 257 257 257 257 257 257 254 251 250 251 250 248 248 248 188 250 248 205 0 0 0 0 0 0 0 0 0 0 0 0 0 0 0 0 0 0 0 0 0 0 
0 0 0 257 257 257 257 257 254 255 205 250 250 248 250 248 0 0 0 0 0 0 0 0 0 0 0 0 0 0 0 0 0 0 0 0 0 0 0 0 0 0 0 0 
