test/output/constant/M365_S000_A270_WD180.0_WS045.0/M365_S000_A270_WD180.0_WS045.0_arrival.asc
ncols         9
nrows         44
xllcorner     426203.990666
yllcorner     12748755.311160
cellsize      100.000000
NODATA_value  0.000000
0.000000 0.000000 0.000000 166.041667 166.041339 166.041667 0.000000 0.000000 0.000000 
0.000000 0.000000 0.000000 166.040567 166.040180 166.040567 0.000000 0.000000 0.000000 
0.000000 0.000000 166.041667 166.039794 166.039408 166.039794 166.041667 0.000000 0.000000 
0.000000 0.000000 166.040567 166.038635 166.038248 166.038635 166.040567 0.000000 0.000000 
0.000000 0.000000 166.039794 166.037862 166.037476 166.037862 166.039794 0.000000 0.000000 
0.000000 0.000000 166.038635 166.036703 166.036317 166.036703 166.038635 0.000000 0.000000 
0.000000 166.040953 166.037862 166.035930 166.035544 166.035930 166.037862 166.040953 0.000000 
0.000000 166.040180 166.036703 166.034771 166.034385 166.034771 166.036703 166.040180 0.000000 
0.000000 166.039408 166.035930 166.033999 166.033612 166.033999 166.035930 166.039408 0.000000 
0.000000 166.038635 166.035158 166.033226 166.032453 166.033226 166.035158 166.038635 0.000000 
0.000000 166.037862 166.034385 166.032067 166.031681 166.032067 166.034385 166.037862 0.000000 
0.000000 166.037089 166.033226 166.031294 166.030522 166.031294 166.033226 166.037089 0.000000 
0.000000 166.036317 166.032453 166.030135 166.029749 166.030135 166.032453 166.036317 0.000000 
166.041667 166.035544 166.031294 166.029362 166.028590 166.029362 166.031294 166.035544 166.041667 
166.041339 166.034771 166.030522 166.028203 166.027817 166.028203 166.030522 166.034771 166.041339 
166.040567 166.034385 166.029749 166.027431 166.026658 166.027431 166.029749 166.034385 166.040567 
166.040180 166.033612 166.028590 166.026658 166.025885 166.026658 166.028590 166.033612 166.040180 
166.039794 166.032840 166.027817 166.025499 166.024726 166.025499 166.027817 166.032840 166.039794 
166.039408 166.032067 166.027044 166.024726 166.023954 166.024726 166.027044 166.032067 166.039408 
166.039408 166.031681 166.026272 166.023567 166.022795 166.023567 166.026272 166.031681 166.039408 
166.039408 166.030908 166.025113 166.022795 166.022022 166.022795 166.025113 166.030908 166.039408 
166.039408 166.030135 166.024340 166.021635 166.020863 166.021635 166.024340 166.030135 166.039408 
166.039408 166.029749 166.023567 166.020863 166.020090 166.020863 166.023567 166.029749 166.039408 
166.039408 166.028976 166.022795 166.019704 166.018931 166.019704 166.022795 166.028976 166.039408 
166.039794 166.028590 166.022022 166.018931 166.018158 166.018931 166.022022 166.028590 166.039794 
166.040180 166.028203 166.021249 166.017772 166.016999 166.017772 166.021249 166.028203 166.040180 
166.040953 166.028203 166.020476 166.016999 166.016227 166.016999 166.020476 166.028203 166.040953 
166.041339 166.028203 166.020090 166.015840 166.015068 166.015840 166.020090 166.028203 166.041339 
0.000000 166.028203 166.019317 166.015068 166.014295 166.015068 166.019317 166.028203 0.000000 
0.000000 166.028203 166.018545 166.014295 166.013136 166.014295 166.018545 166.028203 0.000000 
0.000000 166.028590 166.018158 166.013136 166.012363 166.013136 166.018158 166.028590 0.000000 
0.000000 166.029362 166.017386 166.012363 166.011204 166.012363 166.017386 166.029362 0.000000 
0.000000 166.030135 166.016999 166.011204 166.010431 166.011204 166.016999 166.030135 0.000000 
0.000000 166.031294 166.016999 166.010431 166.009272 166.010431 166.016999 166.031294 0.000000 
0.000000 166.032453 166.016999 166.009659 166.008500 166.009659 166.016999 166.032453 0.000000 
0.000000 166.034771 166.016999 166.008500 166.007341 166.008500 166.016999 166.034771 0.000000 
0.000000 166.037476 166.017772 166.007727 166.006568 166.007727 166.017772 166.037476 0.000000 
0.000000 166.040953 166.018931 166.006954 166.005409 166.006954 166.018931 166.040953 0.000000 
0.000000 0.000000 166.020090 166.006568 166.004636 166.006568 166.020090 0.000000 0.000000 
0.000000 0.000000 166.022408 166.005795 166.003477 166.005795 166.022408 0.000000 0.000000 
0.000000 0.000000 166.027044 166.005795 166.002704 166.005795 166.027044 0.000000 0.000000 
0.000000 0.000000 166.035544 166.006182 166.001545 166.006182 166.035544 0.000000 0.000000 
0.000000 0.000000 0.000000 166.008500 166.000773 166.008500 0.000000 0.000000 0.000000 
0.000000 0.000000 0.000000 166.017772 166.000000 166.017772 0.000000 0.000000 0.000000 
