test/output/constant/M3M460_S060_A090_WD135.0_WS020.0/M3M460_S060_A090_WD135.0_WS020.0_arrival.asc
ncols         13
nrows         18
xllcorner     425503.990666
yllcorner     12747155.311160
cellsize      100.000000
NODATA_value  0.000000
0.000000 0.000000 0.000000 0.000000 0.000000 0.000000 0.000000 0.000000 0.000000 0.000000 166.030227 166.022875 166.036763 
0.000000 0.000000 0.000000 0.000000 0.000000 0.000000 0.000000 0.000000 166.039214 166.019607 166.002451 166.000000 166.023692 
0.000000 0.000000 0.000000 0.000000 0.000000 0.000000 0.000000 166.037580 166.020424 166.007353 166.002451 166.001634 166.024509 
0.000000 0.000000 0.000000 0.000000 0.000000 0.000000 166.039214 166.023692 166.011437 166.005719 166.004085 166.005719 166.030227 
0.000000 0.000000 0.000000 0.000000 0.000000 166.040848 166.026959 166.016339 166.009803 166.006536 166.006536 166.013071 166.038397 
0.000000 0.000000 0.000000 0.000000 0.000000 166.031044 166.020424 166.013888 166.009803 166.008986 166.011437 166.021241 0.000000 
0.000000 0.000000 0.000000 0.000000 166.035129 166.024509 166.017973 166.013888 166.012254 166.012254 166.017156 166.029410 0.000000 
0.000000 0.000000 0.000000 166.039214 166.029410 166.022058 166.017156 166.014705 166.014705 166.016339 166.023692 166.037580 0.000000 
0.000000 0.000000 0.000000 166.033495 166.026142 166.021241 166.017973 166.017156 166.017156 166.022058 166.031044 0.000000 0.000000 
0.000000 0.000000 166.038397 166.030227 166.025326 166.021241 166.019607 166.019607 166.022058 166.027776 166.038397 0.000000 0.000000 
0.000000 0.000000 166.035129 166.028593 166.025326 166.022058 166.022058 166.022875 166.026959 166.034312 0.000000 0.000000 0.000000 
0.000000 166.039214 166.032678 166.028593 166.025326 166.024509 166.024509 166.026959 166.032678 166.041665 0.000000 0.000000 0.000000 
0.000000 166.036763 166.032678 166.028593 166.026959 166.026959 166.028593 166.031861 166.039214 0.000000 0.000000 0.000000 0.000000 
166.041665 166.036763 166.032678 166.030227 166.029410 166.030227 166.032678 166.037580 0.000000 0.000000 0.000000 0.000000 0.000000 
166.040031 166.035946 166.033495 166.032678 166.032678 166.033495 166.037580 0.000000 0.000000 0.000000 0.000000 0.000000 0.000000 
166.040031 166.036763 166.035129 166.035129 166.035129 166.037580 0.000000 0.000000 0.000000 0.000000 0.000000 0.000000 0.000000 
166.040031 166.037580 166.037580 166.037580 166.039214 0.000000 0.000000 0.000000 0.000000 0.000000 0.000000 0.000000 0.000000 
166.040848 166.040031 166.040031 166.040848 0.000000 0.000000 0.000000 0.000000 0.000000 0.000000 0.000000 0.000000 0.000000 
