test/output/constant/M3M475_S060_A000_WD090.0_WS030.0/M3M475_S060_A000_WD090.0_WS030.0_arrival.asc
ncols         51
nrows         7
xllcorner     421603.990666
yllcorner     12748455.311160
cellsize      100.000000
NODATA_value  0.000000
0.000000 0.000000 0.000000 0.000000 0.000000 0.000000 0.000000 0.000000 0.000000 0.000000 166.041381 166.040714 166.040046 166.039379 166.038711 166.038378 166.037710 166.037043 166.036375 166.036042 166.035374 166.035040 166.034373 166.033706 166.033372 166.033038 166.032704 166.032704 166.032704 166.033038 166.033038 166.033372 166.033706 166.034373 166.035040 166.036042 166.037043 166.038378 166.040380 0.000000 0.000000 0.000000 0.000000 0.000000 0.000000 0.000000 0.000000 0.000000 0.000000 0.000000 0.000000 
0.000000 0.000000 0.000000 0.000000 166.041381 166.040380 166.039713 166.038711 166.038044 166.037376 166.036375 166.035708 166.035040 166.034039 166.033372 166.032704 166.031703 166.031036 166.030368 166.029701 166.028700 166.028032 166.027365 166.026697 166.026030 166.025363 166.024695 166.024028 166.023360 166.023027 166.022359 166.021692 166.021358 166.020691 166.020023 166.019689 166.019689 166.019689 166.020023 166.020357 166.021024 166.021692 166.022693 166.024695 166.026697 166.031370 166.037710 0.000000 0.000000 0.000000 0.000000 
0.000000 166.041381 166.040380 166.039713 166.038711 166.038044 166.037043 166.036375 166.035708 166.034707 166.034039 166.033038 166.032371 166.031370 166.030702 166.029701 166.029034 166.028032 166.027365 166.026364 166.025696 166.025029 166.024028 166.023360 166.022359 166.021692 166.020691 166.020023 166.019022 166.018355 166.017687 166.016686 166.016018 166.015017 166.014350 166.013349 166.012681 166.012014 166.011013 166.010345 166.009344 166.008677 166.008343 166.007676 166.007008 166.006674 166.006674 166.007342 166.009010 166.014684 0.000000 
166.041381 166.040714 166.039713 166.039045 166.038044 166.037376 166.036375 166.035708 166.034707 166.034039 166.033038 166.032371 166.031370 166.030702 166.029701 166.029034 166.028032 166.027365 166.026364 166.025696 166.024695 166.024028 166.023027 166.022359 166.021358 166.020691 166.019689 166.019022 166.018021 166.017353 166.016352 166.015685 166.014684 166.014016 166.013015 166.012348 166.011346 166.010679 166.009678 166.009010 166.008009 166.007342 166.006341 166.005673 166.004672 166.004005 166.003003 166.002336 166.001335 166.000667 166.000000 
0.000000 166.041381 166.040380 166.039713 166.038711 166.038044 166.037043 166.036375 166.035708 166.034707 166.034039 166.033038 166.032371 166.031370 166.030702 166.029701 166.029034 166.028032 166.027365 166.026364 166.025696 166.025029 166.024028 166.023360 166.022359 166.021692 166.020691 166.020023 166.019022 166.018355 166.017687 166.016686 166.016018 166.015017 166.014350 166.013349 166.012681 166.012014 166.011013 166.010345 166.009344 166.008677 166.008343 166.007676 166.007008 166.006674 166.006674 166.007342 166.009010 166.014684 0.000000 
0.000000 0.000000 0.000000 0.000000 166.041381 166.040380 166.039713 166.038711 166.038044 166.037376 166.036375 166.035708 166.035040 166.034039 166.033372 166.032704 166.031703 166.031036 166.030368 166.029701 166.028700 166.028032 166.027365 166.026697 166.026030 166.025363 166.024695 166.024028 166.023360 166.023027 166.022359 166.021692 166.021358 166.020691 166.020023 166.019689 166.019689 166.019689 166.020023 166.020357 166.021024 166.021692 166.022693 166.024695 166.026697 166.031370 166.037710 0.000000 0.000000 0.000000 0.000000 
0.000000 0.000000 0.000000 0.000000 0.000000 0.000000 0.000000 0.000000 0.000000 0.000000 166.041381 166.040714 166.040046 166.039379 166.038711 166.038378 166.037710 166.037043 166.036375 166.036042 166.035374 166.035040 166.034373 166.033706 166.033372 166.033038 166.032704 166.032704 166.032704 166.033038 166.033038 166.033372 166.033706 166.034373 166.035040 166.036042 166.037043 166.038378 166.040380 0.000000 0.000000 0.000000 0.000000 0.000000 0.000000 0.000000 0.000000 0.000000 0.000000 0.000000 0.000000 
