test/output/constant/M3M485_S060_A090_WD270.0_WS010.0/M3M485_S060_A090_WD270.0_WS010.0_arrival.asc
ncols         15
nrows         46
xllcorner     426503.990666
yllcorner     12744255.311160
cellsize      100.000000
NODATA_value  0.000000
166.023716 166.000000 166.007433 166.041060 0.000000 0.000000 0.000000 0.000000 0.000000 0.000000 0.000000 0.000000 0.000000 0.000000 0.000000 
166.020176 166.000708 166.001770 166.019114 0.000000 0.000000 0.000000 0.000000 0.000000 0.000000 0.000000 0.000000 0.000000 0.000000 0.000000 
166.019114 166.001416 166.001770 166.009203 166.031149 0.000000 0.000000 0.000000 0.000000 0.000000 0.000000 0.000000 0.000000 0.000000 0.000000 
166.019822 166.002832 166.002478 166.005663 166.019822 0.000000 0.000000 0.000000 0.000000 0.000000 0.000000 0.000000 0.000000 0.000000 0.000000 
166.021238 166.004248 166.003540 166.004955 166.013451 166.031149 0.000000 0.000000 0.000000 0.000000 0.000000 0.000000 0.000000 0.000000 0.000000 
166.022300 166.006371 166.004248 166.004955 166.009911 166.023008 0.000000 0.000000 0.000000 0.000000 0.000000 0.000000 0.000000 0.000000 0.000000 
166.024424 166.008495 166.005309 166.005309 166.008495 166.017698 166.033273 0.000000 0.000000 0.000000 0.000000 0.000000 0.000000 0.000000 0.000000 
166.026901 166.010619 166.006371 166.006017 166.008141 166.014159 166.026901 0.000000 0.000000 0.000000 0.000000 0.000000 0.000000 0.000000 0.000000 
166.029025 166.012743 166.007433 166.007079 166.008141 166.012389 166.021946 166.036812 0.000000 0.000000 0.000000 0.000000 0.000000 0.000000 0.000000 
166.031503 166.014866 166.009203 166.008141 166.008495 166.011681 166.018406 166.030795 0.000000 0.000000 0.000000 0.000000 0.000000 0.000000 0.000000 
166.033627 166.016990 166.010619 166.008849 166.008849 166.011327 166.016636 166.026193 166.039998 0.000000 0.000000 0.000000 0.000000 0.000000 0.000000 
166.035750 166.019468 166.012743 166.009911 166.009911 166.011327 166.015574 166.023008 166.035042 0.000000 0.000000 0.000000 0.000000 0.000000 0.000000 
166.038228 166.021592 166.014513 166.011327 166.010973 166.011681 166.014866 166.020884 166.030795 0.000000 0.000000 0.000000 0.000000 0.000000 0.000000 
166.040352 166.024070 166.016636 166.012389 166.011681 166.012035 166.014513 166.019468 166.027255 166.039290 0.000000 0.000000 0.000000 0.000000 0.000000 
0.000000 166.026193 166.018406 166.014159 166.012743 166.012743 166.014513 166.018760 166.025131 166.035042 0.000000 0.000000 0.000000 0.000000 0.000000 
0.000000 166.028317 166.020530 166.015574 166.013805 166.013451 166.014866 166.018052 166.023362 166.031503 0.000000 0.000000 0.000000 0.000000 0.000000 
0.000000 166.030795 166.022654 166.017344 166.014866 166.014513 166.014866 166.017698 166.022654 166.029379 166.039290 0.000000 0.000000 0.000000 0.000000 
0.000000 166.032919 166.024777 166.019114 166.015928 166.015574 166.015574 166.017698 166.021946 166.027609 166.036104 0.000000 0.000000 0.000000 0.000000 
0.000000 166.035396 166.026901 166.020884 166.017344 166.016282 166.016282 166.018052 166.021238 166.026547 166.033627 0.000000 0.000000 0.000000 0.000000 
0.000000 166.037520 166.029025 166.022654 166.019114 166.017344 166.017344 166.018052 166.020884 166.025485 166.031857 166.040352 0.000000 0.000000 0.000000 
0.000000 166.039644 166.031149 166.024777 166.020530 166.018406 166.018052 166.018760 166.020884 166.024777 166.030441 166.037874 0.000000 0.000000 0.000000 
0.000000 0.000000 166.033273 166.026547 166.022300 166.019822 166.019114 166.019114 166.021238 166.024424 166.029379 166.036104 0.000000 0.000000 0.000000 
0.000000 0.000000 166.035396 166.028671 166.023716 166.020884 166.020176 166.020176 166.021238 166.024424 166.028671 166.034334 0.000000 0.000000 0.000000 
0.000000 0.000000 166.037874 166.030795 166.025485 166.022300 166.020884 166.020884 166.021592 166.024070 166.027963 166.033273 166.040352 0.000000 0.000000 
0.000000 0.000000 166.039998 166.032565 166.027255 166.024070 166.022300 166.021946 166.022300 166.024424 166.027609 166.032565 166.038582 0.000000 0.000000 
0.000000 0.000000 0.000000 166.034688 166.029025 166.025485 166.023362 166.023008 166.023008 166.024424 166.027609 166.031857 166.037166 0.000000 0.000000 
0.000000 0.000000 0.000000 166.036812 166.031149 166.026901 166.024777 166.023716 166.023716 166.024777 166.027255 166.031149 166.036458 0.000000 0.000000 
0.000000 0.000000 0.000000 166.038582 166.032919 166.028671 166.025839 166.024777 166.024777 166.025131 166.027609 166.030795 166.035396 166.041414 0.000000 
0.000000 0.000000 0.000000 166.041060 166.035042 166.030441 166.027255 166.025839 166.025485 166.025839 166.027609 166.030795 166.035042 166.040352 0.000000 
0.000000 0.000000 0.000000 0.000000 166.036812 166.031857 166.028671 166.026901 166.026547 166.026547 166.027963 166.030441 166.034334 166.039290 0.000000 
0.000000 0.000000 0.000000 0.000000 166.038936 166.033627 166.030441 166.028317 166.027609 166.027609 166.028317 166.030795 166.033981 166.038582 0.000000 
0.000000 0.000000 0.000000 0.000000 166.040706 166.035750 166.031857 166.029379 166.028317 166.028317 166.029025 166.030795 166.033981 166.037874 0.000000 
0.000000 0.000000 0.000000 0.000000 0.000000 166.037520 166.033627 166.030795 166.029379 166.029379 166.029379 166.031149 166.033627 166.037520 0.000000 
0.000000 0.000000 0.000000 0.000000 0.000000 166.039290 166.035042 166.032211 166.030441 166.030087 166.030441 166.031503 166.033981 166.037166 166.041667 
0.000000 0.000000 0.000000 0.000000 0.000000 166.041414 166.036812 166.033627 166.031857 166.031149 166.031149 166.031857 166.033981 166.037166 166.041060 
0.000000 0.000000 0.000000 0.000000 0.000000 0.000000 166.038582 166.035396 166.033273 166.032211 166.032211 166.032565 166.034334 166.036812 166.040706 
0.000000 0.000000 0.000000 0.000000 0.000000 0.000000 166.040352 166.037166 166.034334 166.033273 166.032919 166.033273 166.034688 166.037166 166.040352 
0.000000 0.000000 0.000000 0.000000 0.000000 0.000000 0.000000 166.038228 166.035750 166.034334 166.033981 166.033981 166.035042 166.037166 166.040352 
0.000000 0.000000 0.000000 0.000000 0.000000 0.000000 0.000000 166.039998 166.037166 166.035396 166.035042 166.035042 166.035396 166.037520 166.040352 
0.000000 0.000000 0.000000 0.000000 0.000000 0.000000 0.000000 166.041667 166.038582 166.036812 166.035750 166.035750 166.036104 166.037874 166.040352 
0.000000 0.000000 0.000000 0.000000 0.000000 0.000000 0.000000 0.000000 166.039998 166.037874 166.036812 166.036812 166.036812 166.037874 166.040352 
0.000000 0.000000 0.000000 0.000000 0.000000 0.000000 0.000000 0.000000 166.041667 166.039290 166.037874 166.037520 166.037874 166.038582 166.040706 
0.000000 0.000000 0.000000 0.000000 0.000000 0.000000 0.000000 0.000000 0.000000 166.040706 166.038936 166.038582 166.038582 166.039290 166.041060 
0.000000 0.000000 0.000000 0.000000 0.000000 0.000000 0.000000 0.000000 0.000000 0.000000 166.040352 166.039644 166.039644 166.039998 166.041060 
0.000000 0.000000 0.000000 0.000000 0.000000 0.000000 0.000000 0.000000 0.000000 0.000000 166.041667 166.040706 166.040352 166.040706 166.041667 
0.000000 0.000000 0.000000 0.000000 0.000000 0.000000 0.000000 0.000000 0.000000 0.000000 0.000000 166.041667 166.041414 166.041414 0.000000 
