test/output/constant/M485_S060_A090_WD000.0_WS030.0/M485_S060_A090_WD000.0_WS030.0_arrival.asc
ncols         7
nrows         42
xllcorner     426303.990666
yllcorner     12744655.311160
cellsize      100.000000
NODATA_value  0.000000
0.000000 0.000000 0.000000 166.000000 0.000000 0.000000 0.000000 
0.000000 0.000000 166.016085 166.000804 166.016085 0.000000 0.000000 
0.000000 0.000000 166.009651 166.001609 166.009651 0.000000 0.000000 
0.000000 0.000000 166.008043 166.002815 166.008043 0.000000 0.000000 
0.000000 166.040615 166.007640 166.003619 166.007640 166.040615 0.000000 
0.000000 166.033377 166.007640 166.004826 166.007640 166.033377 0.000000 
0.000000 166.029757 166.008445 166.005630 166.008445 166.029757 0.000000 
0.000000 166.026943 166.008847 166.006836 166.008847 166.026943 0.000000 
0.000000 166.025334 166.009651 166.007640 166.009651 166.025334 0.000000 
0.000000 166.024128 166.010455 166.008847 166.010455 166.024128 0.000000 
0.000000 166.023323 166.011260 166.009651 166.011260 166.023323 0.000000 
0.000000 166.022921 166.012466 166.010857 166.012466 166.022921 0.000000 
0.000000 166.022519 166.013270 166.011662 166.013270 166.022519 0.000000 
0.000000 166.022519 166.014074 166.012868 166.014074 166.022519 0.000000 
166.040615 166.022519 166.015281 166.013672 166.015281 166.022519 166.040615 
166.039811 166.022921 166.016085 166.014879 166.016085 166.022921 166.039811 
166.039006 166.023323 166.017291 166.015683 166.017291 166.023323 166.039006 
166.038604 166.024128 166.018096 166.016889 166.018096 166.024128 166.038604 
166.037800 166.024932 166.018900 166.017694 166.018900 166.024932 166.037800 
166.037398 166.025736 166.020106 166.018900 166.020106 166.025736 166.037398 
166.037398 166.026138 166.020911 166.019704 166.020911 166.026138 166.037398 
166.036996 166.026943 166.022117 166.020911 166.022117 166.026943 166.036996 
166.036996 166.027747 166.022921 166.021715 166.022921 166.027747 166.036996 
166.036996 166.028551 166.023726 166.022921 166.023726 166.028551 166.036996 
166.037398 166.028953 166.024932 166.023726 166.024932 166.028953 166.037398 
166.038202 166.029757 166.025736 166.024932 166.025736 166.029757 166.038202 
166.038604 166.030562 166.026943 166.025736 166.026943 166.030562 166.038604 
166.039409 166.031366 166.027747 166.026943 166.027747 166.031366 166.039409 
166.040213 166.032572 166.028953 166.027747 166.028953 166.032572 166.040213 
166.040615 166.033377 166.029757 166.028953 166.029757 166.033377 166.040615 
166.041419 166.034181 166.030964 166.029757 166.030964 166.034181 166.041419 
0.000000 166.034985 166.031768 166.030964 166.031768 166.034985 0.000000 
0.000000 166.036192 166.032974 166.031768 166.032974 166.036192 0.000000 
0.000000 166.036996 166.033779 166.032974 166.033779 166.036996 0.000000 
0.000000 166.038202 166.034985 166.033779 166.034985 166.038202 0.000000 
0.000000 166.039006 166.035789 166.034985 166.035789 166.039006 0.000000 
0.000000 166.039811 166.036996 166.035789 166.036996 166.039811 0.000000 
0.000000 166.040615 166.037800 166.036996 166.037800 166.040615 0.000000 
0.000000 166.041667 166.039006 166.037800 166.039006 166.041667 0.000000 
0.000000 0.000000 166.039811 166.039006 166.039811 0.000000 0.000000 
0.000000 0.000000 166.041017 166.039811 166.041017 0.000000 0.000000 
0.000000 0.000000 166.041667 166.041017 166.041667 0.000000 0.000000 
