test/output/constant/M3100_S060_A090_WD045.0_WS005.0/M3100_S060_A090_WD045.0_WS005.0_intensity.asc
ncols         12
nrows         62
xllcorner     425803.990666
yllcorner     12742655.311160
cellsize      100.000000
NODATA_value  0.000000
0 0 0 0 0 0 0 1248 0 855 0 0 
0 0 0 0 0 0 672 1747 95675 41960 0 0 
0 0 0 0 0 0 1747 65668 95675 41960 672 0 
0 0 0 0 0 870 65668 95675 95675 50141 855 0 
0 0 0 0 0 1747 65668 95675 95675 50141 1767 0 
0 0 0 0 0 65668 4899 93165 95675 33984 41960 0 
0 0 0 0 2574 1747 73018 95675 95563 41960 41960 0 
0 0 0 0 65668 2574 93165 95675 73434 41960 33984 855 
0 0 0 0 65668 65668 93165 95675 66121 41960 41960 41960 
0 0 0 0 65668 73018 95675 95675 73434 73434 41960 41960 
0 0 0 1747 65668 65668 93165 95675 79995 85605 41960 33984 
0 0 0 4899 65668 73018 95675 95675 79995 73434 41960 58277 
0 0 0 73018 65668 95675 85299 95675 73434 73434 50141 33984 
0 0 0 65668 4899 95675 95675 95675 73434 73434 50141 41960 
0 0 65668 73018 65668 93165 95675 95675 79995 73434 41960 33984 
0 0 65668 65668 65668 95675 95675 95675 73434 79995 26453 33984 
0 0 4899 8518 95527 73018 95675 95675 73434 79995 33984 50141 
0 0 4899 73018 95527 95121 95675 90092 85605 79995 41960 50141 
0 0 65668 65668 93165 95675 95675 95675 79995 79995 41960 41960 
0 0 2574 2574 95675 95675 95675 95675 79995 79995 58277 33984 
0 65668 65668 4899 95527 95675 95675 73434 85605 79995 50141 33984 
0 1747 4899 95675 95675 93165 95675 95675 79995 79995 50141 33984 
0 870 65668 95675 85299 95675 95675 73434 79995 85605 41960 50141 
0 65668 4899 95675 85299 95675 95675 85605 79995 79995 73434 50141 
0 1747 73018 95675 89858 95675 95675 79995 79995 79995 26453 41960 
0 73018 65668 95675 95675 95675 95675 73434 79995 41960 73434 58277 
0 4899 95675 95675 95675 95675 95675 95675 79995 79995 50141 50141 
0 65668 95675 95675 95675 95675 95675 79995 50141 79995 50141 50141 
2574 4899 95121 89858 93165 95675 90092 79995 50141 41960 66121 58277 
4899 65668 85299 95121 95675 95675 90092 58277 41960 79995 58277 58277 
65668 85299 95675 73018 95675 95675 73434 58277 50141 41960 73434 66121 
4899 85299 73018 85299 95675 95675 95675 73434 66121 50141 79995 58277 
73018 65668 95675 95675 95121 95675 73434 93321 66121 33984 73434 41960 
65668 95675 95675 95675 95675 95675 95675 85605 73434 41960 73434 41960 
73018 95675 93165 95675 95675 95675 95675 79995 73434 50141 79995 66121 
95675 89858 95675 95675 95675 95675 95675 58277 73434 50141 79995 50141 
95675 95675 95675 95675 79629 95675 66121 73434 79995 66121 79995 33984 
95675 85299 95675 93165 95675 95675 73434 73434 73434 66121 79995 41960 
95121 95675 79629 95675 95675 95675 95675 73434 73434 66121 79995 0 
79629 89858 95675 93165 95675 95675 79995 73434 73434 73434 41960 0 
95675 95675 95675 95675 85299 95675 79995 79995 73434 73434 33984 0 
85299 95675 95675 95675 95675 95675 95675 85605 73434 73434 33984 0 
95675 95675 95675 79629 95675 95675 79995 79995 73434 73434 50141 0 
93165 95675 89858 95675 95675 95675 79995 79995 73434 73434 50141 0 
95675 95675 95675 95675 95675 85605 66121 73434 73434 73434 79995 0 
73018 85299 95675 95675 95675 95675 95675 85605 79995 79995 0 0 
95675 95675 95121 95675 95675 66121 85605 79995 73434 79995 0 0 
85299 95121 85299 95675 95675 79995 26453 79995 79995 79995 0 0 
89858 89858 85299 95121 95675 95675 58277 50141 79995 79995 0 0 
95675 95675 95675 95675 95675 95675 58277 50141 85605 73434 0 0 
95675 79629 95675 95675 95675 95194 95675 58277 79995 0 0 0 
95675 95675 79629 95675 85605 79995 79995 73434 79995 0 0 0 
85299 95675 95675 95675 95675 66121 58277 73434 79995 0 0 0 
95675 95527 95675 95675 73434 95675 66121 73434 79995 0 0 0 
85299 85299 95675 95675 95675 90092 85605 73434 85605 0 0 0 
93165 95675 95675 95675 95675 58277 79995 73434 0 0 0 0 
0 95675 95675 95675 95194 95675 79995 73434 0 0 0 0 
0 95675 95675 95675 73434 79995 79995 0 0 0 0 0 
0 89858 95675 95675 95675 58277 79995 0 0 0 0 0 
0 95675 95675 95675 85605 95675 79995 0 0 0 0 0 
0 0 95675 95675 73434 73434 0 0 0 0 0 0 
0 0 95675 95675 73434 95675 0 0 0 0 0 0 
