test/output/constant/M390_S060_A270_WD045.0_WS045.0/M390_S060_A270_WD045.0_WS045.0_arrival.asc
ncols         37
nrows         13
xllcorner     423103.990666
yllcorner     12748555.311160
cellsize      100.000000
NODATA_value  0.000000
166.041667 166.040901 166.040504 166.039710 166.039313 166.038916 166.038519 166.038519 166.038122 166.038122 166.038122 166.038122 166.038519 166.039313 166.040504 166.041667 0.000000 0.000000 0.000000 0.000000 0.000000 0.000000 0.000000 0.000000 0.000000 0.000000 0.000000 0.000000 0.000000 0.000000 0.000000 0.000000 0.000000 0.000000 0.000000 0.000000 0.000000 
166.041298 166.040107 166.038916 166.038122 166.037327 166.036533 166.035739 166.035342 166.034945 166.034548 166.034548 166.034151 166.034151 166.034151 166.034548 166.034945 166.035739 166.036930 166.038519 166.040901 0.000000 0.000000 0.000000 0.000000 0.000000 0.000000 0.000000 0.000000 0.000000 0.000000 0.000000 0.000000 0.000000 0.000000 0.000000 0.000000 0.000000 
166.041298 166.040107 166.038916 166.037725 166.036533 166.035342 166.034151 166.033356 166.032562 166.031768 166.031371 166.030577 166.030577 166.030180 166.030180 166.030180 166.030180 166.030577 166.031371 166.032562 166.033754 166.036136 166.038519 0.000000 0.000000 0.000000 0.000000 0.000000 0.000000 0.000000 0.000000 0.000000 0.000000 0.000000 0.000000 0.000000 0.000000 
166.041667 166.040107 166.038916 166.037725 166.036533 166.035342 166.034151 166.032959 166.031768 166.030577 166.029385 166.028591 166.028194 166.027400 166.027003 166.026606 166.026209 166.026209 166.026209 166.026209 166.027003 166.027797 166.029385 166.031371 166.034151 166.037725 0.000000 0.000000 0.000000 0.000000 0.000000 0.000000 0.000000 0.000000 0.000000 0.000000 0.000000 
0.000000 166.041667 166.040107 166.038519 166.036930 166.035739 166.034151 166.032959 166.031768 166.030577 166.029385 166.028194 166.027003 166.025812 166.024620 166.023826 166.023032 166.022635 166.022238 166.022238 166.022238 166.022238 166.022635 166.023429 166.024620 166.027003 166.029783 166.033356 166.038519 0.000000 0.000000 0.000000 0.000000 0.000000 0.000000 0.000000 0.000000 
0.000000 0.000000 0.000000 166.040504 166.038916 166.037327 166.035342 166.033754 166.032562 166.030974 166.029385 166.028194 166.027003 166.025812 166.024620 166.023429 166.022238 166.021046 166.020252 166.019458 166.018664 166.018267 166.018267 166.018267 166.018267 166.019061 166.020252 166.022238 166.025414 166.029385 166.034945 0.000000 0.000000 0.000000 0.000000 0.000000 0.000000 
0.000000 0.000000 0.000000 0.000000 0.000000 166.040107 166.038122 166.036136 166.034548 166.032959 166.031371 166.029385 166.027797 166.026209 166.024620 166.023429 166.022238 166.021046 166.019855 166.018664 166.017472 166.016281 166.015487 166.014693 166.014296 166.014296 166.014296 166.014296 166.015487 166.017870 166.021046 166.026209 166.033356 0.000000 0.000000 0.000000 0.000000 
0.000000 0.000000 0.000000 0.000000 0.000000 0.000000 0.000000 166.040107 166.038122 166.036136 166.034151 166.032165 166.030180 166.028591 166.026606 166.025017 166.023429 166.021841 166.020252 166.018664 166.017472 166.016281 166.015090 166.013899 166.012707 166.011516 166.010722 166.010325 166.010325 166.010325 166.011119 166.013104 166.017075 166.023826 166.033754 0.000000 0.000000 
0.000000 0.000000 0.000000 0.000000 0.000000 0.000000 0.000000 0.000000 0.000000 166.040901 166.038519 166.036533 166.034548 166.032562 166.030577 166.028591 166.026606 166.024223 166.022635 166.020649 166.019061 166.017075 166.015487 166.013899 166.012707 166.011516 166.010325 166.009133 166.007942 166.006751 166.006354 166.006354 166.006354 166.008736 166.014693 166.026209 0.000000 
0.000000 0.000000 0.000000 0.000000 0.000000 0.000000 0.000000 0.000000 0.000000 0.000000 0.000000 0.000000 166.040107 166.038122 166.035739 166.033754 166.031371 166.029385 166.027003 166.025017 166.023032 166.020649 166.018664 166.016678 166.014693 166.012707 166.011119 166.009530 166.007942 166.006751 166.005559 166.004368 166.003177 166.002383 166.002383 166.005162 166.033754 
0.000000 0.000000 0.000000 0.000000 0.000000 0.000000 0.000000 0.000000 0.000000 0.000000 0.000000 0.000000 0.000000 0.000000 0.000000 166.040901 166.038519 166.036136 166.034151 166.031768 166.029385 166.027003 166.025017 166.022635 166.020252 166.017870 166.015884 166.013501 166.011516 166.009133 166.007148 166.005162 166.003177 166.001986 166.000794 166.000000 166.027400 
0.000000 0.000000 0.000000 0.000000 0.000000 0.000000 0.000000 0.000000 0.000000 0.000000 0.000000 0.000000 0.000000 0.000000 0.000000 0.000000 0.000000 0.000000 0.000000 0.000000 0.000000 166.039710 166.037725 166.035342 166.032959 166.030577 166.028591 166.026209 166.023826 166.021443 166.019458 166.017472 166.015487 166.014296 166.013501 166.015090 166.036136 
0.000000 0.000000 0.000000 0.000000 0.000000 0.000000 0.000000 0.000000 0.000000 0.000000 0.000000 0.000000 0.000000 0.000000 0.000000 0.000000 0.000000 0.000000 0.000000 0.000000 0.000000 0.000000 0.000000 0.000000 0.000000 0.000000 0.000000 0.000000 0.000000 166.040901 166.039710 166.038916 166.038916 166.039710 0.000000 0.000000 0.000000 
