test/output/constant/M290_S060_A180_WD270.0_WS020.0/M290_S060_A180_WD270.0_WS020.0_arrival.asc
ncols         36
nrows         7
xllcorner     426603.990666
yllcorner     12748455.311160
cellsize      100.000000
NODATA_value  0.000000
0.000000 0.000000 0.000000 0.000000 0.000000 0.000000 0.000000 0.000000 0.000000 0.000000 0.000000 166.041667 166.039924 166.038973 166.038498 166.038023 166.037547 166.037547 166.037547 166.037547 166.037547 166.038023 166.038498 166.039448 166.040399 166.040874 0.000000 0.000000 0.000000 0.000000 0.000000 0.000000 0.000000 0.000000 0.000000 0.000000 
0.000000 0.000000 0.000000 166.041349 166.033745 166.028992 166.026140 166.024239 166.023289 166.022814 166.022814 166.022338 166.022338 166.023289 166.023764 166.024715 166.025665 166.026140 166.027091 166.028042 166.028992 166.029467 166.030418 166.031844 166.032794 166.033745 166.034696 166.035646 166.037072 166.038023 166.038973 166.040399 166.041349 0.000000 0.000000 0.000000 
166.035646 166.013308 166.009030 166.007605 166.007605 166.008080 166.009030 166.009981 166.010931 166.011882 166.012833 166.014258 166.015209 166.016160 166.017585 166.018536 166.019487 166.020912 166.021863 166.023289 166.024239 166.025665 166.026616 166.028042 166.028992 166.030418 166.031369 166.032794 166.033745 166.035171 166.036121 166.037547 166.038498 166.039924 166.040874 0.000000 
166.000000 166.000951 166.001901 166.003327 166.004278 166.005703 166.006654 166.008080 166.009030 166.010456 166.011407 166.012833 166.013783 166.015209 166.016160 166.017585 166.018536 166.019962 166.020912 166.022338 166.023289 166.024715 166.025665 166.027091 166.028042 166.029467 166.030418 166.031844 166.032794 166.034220 166.035171 166.036597 166.037547 166.038973 166.039924 166.041349 
166.035646 166.013308 166.009030 166.007605 166.007605 166.008080 166.009030 166.009981 166.010931 166.011882 166.012833 166.014258 166.015209 166.016160 166.017585 166.018536 166.019487 166.020912 166.021863 166.023289 166.024239 166.025665 166.026616 166.028042 166.028992 166.030418 166.031369 166.032794 166.033745 166.035171 166.036121 166.037547 166.038498 166.039924 166.040874 0.000000 
0.000000 0.000000 0.000000 166.041349 166.033745 166.028992 166.026140 166.024239 166.023289 166.022814 166.022814 166.022338 166.022338 166.023289 166.023764 166.024715 166.025665 166.026140 166.027091 166.028042 166.028992 166.029467 166.030418 166.031844 166.032794 166.033745 166.034696 166.035646 166.037072 166.038023 166.038973 166.040399 166.041349 0.000000 0.000000 0.000000 
0.000000 0.000000 0.000000 0.000000 0.000000 0.000000 0.000000 0.000000 0.000000 0.000000 0.000000 166.041667 166.039924 166.038973 166.038498 166.038023 166.037547 166.037547 166.037547 166.037547 166.037547 166.038023 166.038498 166.039448 166.040399 166.040874 0.000000 0.000000 0.000000 0.000000 0.000000 0.000000 0.000000 0.000000 0.000000 0.000000 
