test/output/constant/M375_S000_A180_WD090.0_WS020.0/M375_S000_A180_WD090.0_WS020.0_arrival.asc
ncols         24
nrows         9
xllcorner     424503.990666
yllcorner     12748355.311160
cellsize      100.000000
NODATA_value  0.000000
0.000000 0.000000 0.000000 0.000000 0.000000 166.041667 166.040456 166.038837 166.038028 166.036410 166.035601 166.035601 166.034792 166.034792 166.034792 166.035601 166.036410 166.038837 166.041265 0.000000 0.000000 0.000000 0.000000 0.000000 
0.000000 0.000000 0.000000 166.040456 166.038837 166.037219 166.035601 166.033983 166.032365 166.030746 166.029128 166.027510 166.026701 166.025892 166.025082 166.025082 166.025082 166.025892 166.027510 166.029937 166.033983 166.040456 0.000000 0.000000 
0.000000 166.041265 166.039647 166.037219 166.035601 166.033983 166.031555 166.029937 166.028319 166.025892 166.024273 166.022655 166.021037 166.019419 166.017800 166.016182 166.015373 166.015373 166.015373 166.016182 166.018610 166.023464 166.034792 0.000000 
0.000000 166.040456 166.038028 166.036410 166.033983 166.032365 166.029937 166.028319 166.025892 166.024273 166.021846 166.020228 166.017800 166.016182 166.013755 166.012137 166.010518 166.008091 166.006473 166.005664 166.005664 166.006473 166.016991 166.038028 
166.041667 166.039647 166.038028 166.035601 166.033983 166.031555 166.029937 166.027510 166.025892 166.023464 166.021846 166.019419 166.017800 166.015373 166.013755 166.011328 166.009709 166.007282 166.005664 166.003236 166.001618 166.000000 166.012137 166.035601 
0.000000 166.040456 166.038028 166.036410 166.033983 166.032365 166.029937 166.028319 166.025892 166.024273 166.021846 166.020228 166.017800 166.016182 166.013755 166.012137 166.010518 166.008091 166.006473 166.005664 166.005664 166.006473 166.016991 166.038028 
0.000000 166.041265 166.039647 166.037219 166.035601 166.033983 166.031555 166.029937 166.028319 166.025892 166.024273 166.022655 166.021037 166.019419 166.017800 166.016182 166.015373 166.015373 166.015373 166.016182 166.018610 166.023464 166.034792 0.000000 
0.000000 0.000000 0.000000 166.040456 166.038837 166.037219 166.035601 166.033983 166.032365 166.030746 166.029128 166.027510 166.026701 166.025892 166.025082 166.025082 166.025082 166.025892 166.027510 166.029937 166.033983 166.040456 0.000000 0.000000 
0.000000 0.000000 0.000000 0.000000 0.000000 166.041667 166.040456 166.038837 166.038028 166.036410 166.035601 166.035601 166.034792 166.034792 166.034792 166.035601 166.036410 166.038837 166.041265 0.000000 0.000000 0.000000 0.000000 0.000000 
