test/output/constant/M3M4100_S060_A090_WD180.0_WS020.0/M3M4100_S060_A090_WD180.0_WS020.0_arrival.asc
ncols         11
nrows         29
xllcorner     426103.990666
yllcorner     12746155.311160
cellsize      100.000000
NODATA_value  0.000000
0.000000 0.000000 0.000000 0.000000 166.031431 166.028865 166.031431 0.000000 0.000000 0.000000 0.000000 
0.000000 0.000000 0.000000 166.031431 166.014753 166.009622 166.014753 166.031431 0.000000 0.000000 0.000000 
0.000000 0.000000 166.038487 166.021809 166.005773 166.000000 166.005773 166.021809 166.038487 0.000000 0.000000 
0.000000 0.000000 166.031431 166.016036 166.004490 166.001283 166.004490 166.016036 166.031431 0.000000 0.000000 
0.000000 166.041667 166.026941 166.013470 166.004490 166.002566 166.004490 166.013470 166.026941 166.041667 0.000000 
0.000000 166.037204 166.023734 166.012829 166.005773 166.004490 166.005773 166.012829 166.023734 166.037204 0.000000 
0.000000 166.033997 166.021809 166.012829 166.006415 166.005773 166.006415 166.012829 166.021809 166.033997 0.000000 
0.000000 166.031431 166.021168 166.012829 166.008339 166.007697 166.008339 166.012829 166.021168 166.031431 0.000000 
166.041667 166.030148 166.020526 166.013470 166.009622 166.008980 166.009622 166.013470 166.020526 166.030148 166.041667 
166.039770 166.029507 166.020526 166.014753 166.011546 166.010905 166.011546 166.014753 166.020526 166.029507 166.039770 
166.038487 166.028865 166.021168 166.015395 166.012829 166.012188 166.012829 166.015395 166.021168 166.028865 166.038487 
166.037204 166.028865 166.021809 166.016678 166.014112 166.014112 166.014112 166.016678 166.021809 166.028865 166.037204 
166.037204 166.028865 166.022451 166.017961 166.016036 166.015395 166.016036 166.017961 166.022451 166.028865 166.037204 
166.037204 166.029507 166.023734 166.019244 166.017319 166.017319 166.017319 166.019244 166.023734 166.029507 166.037204 
166.037204 166.029507 166.024375 166.021168 166.019244 166.018602 166.019244 166.021168 166.024375 166.029507 166.037204 
166.037204 166.030790 166.025658 166.022451 166.020526 166.020526 166.020526 166.022451 166.025658 166.030790 166.037204 
166.037204 166.031431 166.026941 166.023734 166.022451 166.021809 166.022451 166.023734 166.026941 166.031431 166.037204 
166.037846 166.032714 166.028224 166.025658 166.023734 166.023734 166.023734 166.025658 166.028224 166.032714 166.037846 
166.038487 166.033355 166.029507 166.026941 166.025658 166.025017 166.025658 166.026941 166.029507 166.033355 166.038487 
166.039770 166.034638 166.030790 166.028224 166.026941 166.026941 166.026941 166.028224 166.030790 166.034638 166.039770 
166.040411 166.035921 166.032073 166.030148 166.028865 166.028224 166.028865 166.030148 166.032073 166.035921 166.040411 
166.041667 166.037204 166.033355 166.031431 166.030148 166.030148 166.030148 166.031431 166.033355 166.037204 166.041667 
0.000000 166.038487 166.035280 166.032714 166.032073 166.031431 166.032073 166.032714 166.035280 166.038487 0.000000 
0.000000 166.039770 166.036563 166.034638 166.033355 166.033355 166.033355 166.034638 166.036563 166.039770 0.000000 
0.000000 166.041053 166.037846 166.035921 166.035280 166.034638 166.035280 166.035921 166.037846 166.041053 0.000000 
0.000000 0.000000 166.039770 166.037846 166.036563 166.036563 166.036563 166.037846 166.039770 0.000000 0.000000 
0.000000 0.000000 166.041053 166.039129 166.038487 166.037846 166.038487 166.039129 166.041053 0.000000 0.000000 
0.000000 0.000000 0.000000 166.041053 166.039770 166.039770 166.039770 166.041053 0.000000 0.000000 0.000000 
0.000000 0.000000 0.000000 0.000000 166.041667 166.041053 166.041667 0.000000 0.000000 0.000000 0.000000 
