test/output/constant/M3M480_S060_A270_WD135.0_WS010.0/M3M480_S060_A270_WD135.0_WS010.0_ros.asc
ncols         12
nrows         49
xllcorner     425703.990666
yllcorner     12748755.311160
cellsize      100.000000
NODATA_value  0.000000
0.000000 81.100601 79.180542 81.100601 0.000000 0.000000 0.000000 0.000000 0.000000 0.000000 0.000000 0.000000 
0.000000 81.100601 81.100601 22.574806 0.000000 0.000000 0.000000 0.000000 0.000000 0.000000 0.000000 0.000000 
81.100601 81.100601 81.100601 81.100601 42.708195 0.000000 0.000000 0.000000 0.000000 0.000000 0.000000 0.000000 
81.100601 81.100601 81.100601 56.251007 67.979568 0.000000 0.000000 0.000000 0.000000 0.000000 0.000000 0.000000 
81.100601 81.100601 81.100601 76.480026 49.607239 49.607239 0.000000 0.000000 0.000000 0.000000 0.000000 0.000000 
81.100601 81.100601 81.100601 81.100601 35.763363 49.607239 0.000000 0.000000 0.000000 0.000000 0.000000 0.000000 
81.100601 81.100601 81.100601 67.979568 81.100601 35.763363 0.000000 0.000000 0.000000 0.000000 0.000000 0.000000 
81.100601 81.100601 81.100601 42.708195 42.708195 49.607239 42.708195 0.000000 0.000000 0.000000 0.000000 0.000000 
81.100601 81.100601 81.100601 81.100601 56.251007 67.979568 49.607239 0.000000 0.000000 0.000000 0.000000 0.000000 
81.100601 81.100601 81.100601 81.021713 81.100601 49.607239 22.574806 0.000000 0.000000 0.000000 0.000000 0.000000 
81.100601 81.100601 76.106644 81.100601 81.100601 56.251007 49.607239 49.607239 0.000000 0.000000 0.000000 0.000000 
81.100601 81.100601 81.100601 81.100601 81.100601 76.480026 49.607239 49.607239 0.000000 0.000000 0.000000 0.000000 
67.394821 81.100601 81.100601 81.100601 81.100601 42.708195 35.763363 28.983620 0.000000 0.000000 0.000000 0.000000 
81.100601 80.612656 81.100601 81.100601 79.180542 81.100601 22.574806 28.983620 0.000000 0.000000 0.000000 0.000000 
76.106644 81.100601 81.100601 81.100601 81.100601 62.437744 42.708195 49.607239 49.607239 0.000000 0.000000 0.000000 
78.932381 81.100601 81.100601 81.100601 81.100601 42.708195 49.607239 42.708195 42.708195 0.000000 0.000000 0.000000 
81.100601 81.100601 81.100601 81.100601 81.100601 81.100601 42.708195 49.607239 49.607239 0.000000 0.000000 0.000000 
81.100601 81.100601 81.100601 81.100601 81.100601 81.100601 42.708195 49.607239 16.731491 0.000000 0.000000 0.000000 
55.528809 80.963997 81.100601 81.100601 81.100601 81.100601 49.607239 67.979568 49.607239 49.607239 0.000000 0.000000 
7.101775 81.100601 81.100601 81.100601 81.100601 62.437744 72.708191 42.708195 42.708195 22.574806 0.000000 0.000000 
61.773643 61.773643 81.100601 81.100601 81.100601 81.100601 49.607239 42.708195 28.983620 16.731491 0.000000 0.000000 
0.000000 55.528809 76.106644 81.100601 81.100601 81.100601 81.100601 49.607239 42.708195 42.708195 0.000000 0.000000 
0.000000 61.773643 81.100601 81.100601 81.100601 81.100601 49.607239 62.437744 42.708195 28.983620 0.000000 0.000000 
0.000000 61.773643 55.528809 81.100601 81.100601 81.100601 81.100601 28.983620 49.607239 42.708195 0.000000 0.000000 
0.000000 61.773643 55.528809 81.100601 81.100601 81.100601 81.100601 49.607239 28.983620 49.607239 0.000000 0.000000 
0.000000 4.069104 55.528809 80.963997 81.100601 81.100601 81.100601 49.607239 42.708195 35.763363 49.607239 0.000000 
0.000000 55.528809 61.773643 61.773643 81.100601 81.100601 81.100601 42.708195 49.607239 42.708195 42.708195 0.000000 
0.000000 61.773643 61.773643 55.528809 81.100601 81.100601 76.480026 49.607239 42.708195 42.708195 49.607239 0.000000 
0.000000 0.000000 55.528809 55.528809 81.100601 76.106644 81.100601 67.979568 42.708195 28.983620 49.607239 0.000000 
0.000000 0.000000 55.528809 55.528809 81.100601 81.100601 81.100601 28.983620 35.763363 49.607239 22.574806 0.000000 
0.000000 0.000000 55.528809 61.773643 78.932381 78.932381 81.100601 81.100601 42.708195 49.607239 49.607239 0.000000 
0.000000 0.000000 7.101775 55.528809 81.100601 78.932381 81.100601 81.100601 49.607239 35.763363 28.983620 0.000000 
0.000000 0.000000 0.000000 61.773643 76.106644 81.100601 81.100601 76.480026 67.979568 42.708195 42.708195 0.000000 
0.000000 0.000000 0.000000 55.528809 61.773643 76.106644 81.100601 81.100601 56.251007 49.607239 49.607239 0.000000 
0.000000 0.000000 0.000000 61.773643 1.406262 81.100601 81.100601 81.100601 49.607239 16.731491 35.763363 0.000000 
0.000000 0.000000 0.000000 61.773643 4.069104 61.773643 81.100601 81.100601 42.708195 56.251007 42.708195 0.000000 
0.000000 0.000000 0.000000 55.528809 61.773643 55.528809 81.100601 81.100601 81.100601 49.607239 49.607239 0.000000 
0.000000 0.000000 0.000000 0.000000 55.528809 61.773643 78.932381 81.100601 80.727768 49.607239 42.708195 0.000000 
0.000000 0.000000 0.000000 0.000000 55.528809 55.528809 81.100601 81.100601 81.100601 35.763363 49.607239 62.437744 
0.000000 0.000000 0.000000 0.000000 2.120138 55.528809 55.528809 81.100601 81.100601 42.708195 28.983620 16.731491 
0.000000 0.000000 0.000000 0.000000 0.000000 55.528809 61.773643 81.100601 81.100601 49.607239 42.708195 42.708195 
0.000000 0.000000 0.000000 0.000000 0.000000 55.528809 55.528809 81.100601 81.100601 49.607239 16.731491 22.574806 
0.000000 0.000000 0.000000 0.000000 0.000000 0.981586 55.528809 61.773643 81.100601 56.251007 42.708195 0.000000 
0.000000 0.000000 0.000000 0.000000 0.000000 0.000000 55.528809 55.528809 81.100601 28.983620 22.574806 0.000000 
0.000000 0.000000 0.000000 0.000000 0.000000 0.000000 55.528809 2.120138 81.100601 76.480026 42.708195 0.000000 
0.000000 0.000000 0.000000 0.000000 0.000000 0.000000 1.406262 2.120138 81.100601 81.021713 28.983620 0.000000 
0.000000 0.000000 0.000000 0.000000 0.000000 0.000000 0.000000 48.850220 78.932381 81.100601 22.574806 0.000000 
0.000000 0.000000 0.000000 0.000000 0.000000 0.000000 0.000000 0.981586 61.773643 81.100601 22.574806 0.000000 
0.000000 0.000000 0.000000 0.000000 0.000000 0.000000 0.000000 0.000000 1.406262 -1.000000 0.981586 0.000000 
