test/output/constant/M495_S060_A090_WD000.0_WS045.0/M495_S060_A090_WD000.0_WS045.0_arrival.asc
ncols         7
nrows         48
xllcorner     426303.990666
yllcorner     12744055.311160
cellsize      100.000000
NODATA_value  0.000000
0.000000 0.000000 0.000000 166.000000 0.000000 0.000000 0.000000 
0.000000 0.000000 166.018372 166.000707 166.018372 0.000000 0.000000 
0.000000 0.000000 166.010599 166.001413 166.010599 0.000000 0.000000 
0.000000 0.000000 166.008479 166.002473 166.008479 0.000000 0.000000 
0.000000 0.000000 166.007773 166.003180 166.007773 0.000000 0.000000 
0.000000 166.037803 166.007419 166.004240 166.007419 166.037803 0.000000 
0.000000 166.032150 166.007773 166.004946 166.007773 166.032150 0.000000 
0.000000 166.029677 166.008479 166.006006 166.008479 166.029677 0.000000 
0.000000 166.027204 166.008832 166.006713 166.008832 166.027204 0.000000 
0.000000 166.025438 166.009539 166.007773 166.009539 166.025438 0.000000 
0.000000 166.024378 166.010246 166.008479 166.010246 166.024378 0.000000 
0.000000 166.023671 166.010952 166.009539 166.010952 166.023671 0.000000 
0.000000 166.022964 166.012012 166.010246 166.012012 166.022964 0.000000 
0.000000 166.022611 166.012719 166.011306 166.012719 166.022611 0.000000 
0.000000 166.022611 166.013425 166.012012 166.013425 166.022611 0.000000 
0.000000 166.022258 166.014485 166.013072 166.014485 166.022258 0.000000 
166.040983 166.022258 166.015192 166.013779 166.015192 166.022258 166.040983 
166.039923 166.022964 166.016252 166.014839 166.016252 166.022964 166.039923 
166.039216 166.023318 166.016958 166.015545 166.016958 166.023318 166.039216 
166.038863 166.024024 166.018018 166.016605 166.018018 166.024024 166.038863 
166.038156 166.024378 166.018725 166.017312 166.018725 166.024378 166.038156 
166.037803 166.025084 166.019785 166.018372 166.019785 166.025084 166.037803 
166.037450 166.025791 166.020491 166.019078 166.020491 166.025791 166.037450 
166.037096 166.026497 166.021198 166.020138 166.021198 166.026497 166.037096 
166.037096 166.026851 166.022258 166.020845 166.022258 166.026851 166.037096 
166.037096 166.027557 166.022964 166.021905 166.022964 166.027557 166.037096 
166.037096 166.028264 166.024024 166.022611 166.024024 166.028264 166.037096 
166.037450 166.028971 166.024731 166.023671 166.024731 166.028971 166.037450 
166.037803 166.029677 166.025791 166.024378 166.025791 166.029677 166.037803 
166.038510 166.030384 166.026497 166.025438 166.026497 166.030384 166.038510 
166.038863 166.031090 166.027204 166.026144 166.027204 166.031090 166.038863 
166.039570 166.031797 166.028264 166.027204 166.028264 166.031797 166.039570 
166.040276 166.032504 166.028971 166.027911 166.028971 166.032504 166.040276 
166.040629 166.033210 166.030030 166.028971 166.030030 166.033210 166.040629 
166.041336 166.034270 166.030737 166.029677 166.030737 166.034270 166.041336 
0.000000 166.034977 166.031797 166.030737 166.031797 166.034977 0.000000 
0.000000 166.035683 166.032504 166.031444 166.032504 166.035683 0.000000 
0.000000 166.036743 166.033563 166.032504 166.033563 166.036743 0.000000 
0.000000 166.037450 166.034270 166.033210 166.034270 166.037450 0.000000 
0.000000 166.038156 166.035330 166.034270 166.035330 166.038156 0.000000 
0.000000 166.039216 166.036037 166.034977 166.036037 166.039216 0.000000 
0.000000 166.039923 166.036743 166.036037 166.036743 166.039923 0.000000 
0.000000 166.040629 166.037803 166.036743 166.037803 166.040629 0.000000 
0.000000 166.041667 166.038510 166.037803 166.038510 166.041667 0.000000 
0.000000 0.000000 166.039570 166.038510 166.039570 0.000000 0.000000 
0.000000 0.000000 166.040276 166.039570 166.040276 0.000000 0.000000 
0.000000 0.000000 166.041336 166.040276 166.041336 0.000000 0.000000 
0.000000 0.000000 0.000000 166.041336 0.000000 0.000000 0.000000 
