test/output/constant/M3100_S060_A000_WD315.0_WS045.0/M3100_S060_A000_WD315.0_WS045.0_raz.asc
ncols         16
nrows         41
xllcorner     425303.990666
yllcorner     12744855.311160
cellsize      100.000000
NODATA_value  0.000000
0 0 0 0 0 0 0 0 0 0 0 0 306 285 85 0 
0 0 0 0 0 0 0 0 0 0 0 275 306 65535 85 0 
0 0 0 0 0 0 0 0 0 0 353 306 195 195 154 38 
0 0 0 0 0 0 0 0 0 353 275 203 195 192 162 162 
0 0 0 0 0 0 0 0 0 265 265 202 195 180 177 173 
0 0 0 0 0 0 0 0 275 265 248 195 195 180 154 162 
0 0 0 0 0 0 0 0 275 248 202 195 195 180 162 169 
0 0 0 0 0 0 0 275 205 265 200 195 195 180 154 162 
0 0 0 0 0 0 0 306 203 202 195 195 180 162 169 0 
0 0 0 0 0 0 205 203 248 202 195 195 184 180 180 0 
0 0 0 0 0 0 265 285 248 195 195 195 186 169 177 0 
0 0 0 0 0 306 275 202 202 195 195 190 162 180 173 0 
0 0 0 0 0 285 202 248 202 195 195 177 186 180 180 0 
0 0 0 0 0 275 203 202 195 195 192 184 180 169 162 0 
0 0 0 0 203 202 203 202 195 195 195 180 180 177 169 0 
0 0 0 0 237 265 202 195 195 195 193 173 180 180 180 0 
0 0 0 0 265 202 202 195 200 195 190 180 180 169 0 0 
0 0 0 285 265 202 203 195 195 195 190 173 162 180 0 0 
0 0 0 248 203 202 195 195 195 195 180 180 180 180 0 0 
0 0 0 203 202 248 198 195 195 190 188 173 177 169 0 0 
0 0 202 285 202 199 195 195 195 195 189 182 180 177 0 0 
0 0 202 202 202 195 195 195 193 173 182 180 180 0 0 0 
0 0 265 202 195 195 195 195 192 180 169 180 173 0 0 0 
0 0 203 202 195 196 195 195 182 195 180 180 177 0 0 0 
0 248 202 202 195 195 195 194 193 184 162 180 0 0 0 0 
0 203 202 202 195 195 195 195 193 173 182 180 0 0 0 0 
0 202 265 195 195 195 195 190 180 154 180 169 0 0 0 0 
0 202 195 195 195 197 195 180 188 180 169 184 0 0 0 0 
0 202 195 195 195 195 193 162 180 186 182 0 0 0 0 0 
0 248 195 195 195 195 195 173 186 180 180 0 0 0 0 0 
195 202 196 195 195 195 190 180 180 186 0 0 0 0 0 0 
202 195 195 195 195 195 180 189 180 182 0 0 0 0 0 0 
200 199 195 195 195 195 180 180 184 0 0 0 0 0 0 0 
196 195 195 195 195 189 180 189 169 0 0 0 0 0 0 0 
195 197 195 198 195 180 195 177 188 0 0 0 0 0 0 0 
195 198 195 195 192 195 189 173 0 0 0 0 0 0 0 0 
195 195 195 195 195 184 173 0 0 0 0 0 0 0 0 0 
195 195 195 195 195 177 180 0 0 0 0 0 0 0 0 0 
0 195 195 195 195 195 0 0 0 0 0 0 0 0 0 0 
0 195 195 195 195 0 0 0 0 0 0 0 0 0 0 0 
0 195 195 193 0 0 0 0 0 0 0 0 0 0 0 0 
