test/output/constant/M3100_S000_A090_WD090.0_WS010.0/M3100_S000_A090_WD090.0_WS010.0_arrival.asc
ncols         22
nrows         15
xllcorner     425003.990666
yllcorner     12748055.311160
cellsize      100.000000
NODATA_value  0.000000
0.000000 0.000000 0.000000 0.000000 0.000000 0.000000 0.000000 166.041667 166.041378 166.040317 166.040317 166.040317 166.041378 166.041378 0.000000 0.000000 0.000000 0.000000 0.000000 0.000000 0.000000 0.000000 
0.000000 0.000000 0.000000 0.000000 166.041667 166.040317 166.039256 166.037134 166.036073 166.035012 166.035012 166.033951 166.033951 166.035012 166.036073 166.037134 166.039256 0.000000 0.000000 0.000000 0.000000 0.000000 
0.000000 0.000000 0.000000 166.040317 166.038195 166.037134 166.035012 166.032890 166.031829 166.029707 166.028646 166.028646 166.028646 166.028646 166.028646 166.029707 166.031829 166.035012 166.040317 0.000000 0.000000 0.000000 
0.000000 0.000000 166.040317 166.038195 166.036073 166.033951 166.031829 166.029707 166.027585 166.025463 166.024402 166.023341 166.022280 166.022280 166.022280 166.023341 166.024402 166.027585 166.032890 166.038195 0.000000 0.000000 
0.000000 166.041378 166.038195 166.036073 166.033951 166.030768 166.028646 166.026524 166.024402 166.022280 166.020158 166.018036 166.016975 166.015915 166.015915 166.015915 166.018036 166.021219 166.026524 166.031829 166.040317 0.000000 
0.000000 166.040317 166.037134 166.035012 166.031829 166.029707 166.026524 166.024402 166.022280 166.019097 166.016975 166.014854 166.012732 166.010610 166.009549 166.009549 166.010610 166.013793 166.019097 166.027585 166.036073 0.000000 
166.041378 166.039256 166.036073 166.033951 166.030768 166.028646 166.025463 166.023341 166.020158 166.018036 166.014854 166.012732 166.010610 166.007427 166.005305 166.003183 166.003183 166.007427 166.014854 166.024402 166.033951 0.000000 
166.041378 166.039256 166.036073 166.033951 166.030768 166.028646 166.025463 166.023341 166.020158 166.018036 166.014854 166.012732 166.009549 166.007427 166.004244 166.002122 166.000000 166.005305 166.013793 166.023341 166.032890 166.041378 
166.041378 166.039256 166.036073 166.033951 166.030768 166.028646 166.025463 166.023341 166.020158 166.018036 166.014854 166.012732 166.010610 166.007427 166.005305 166.003183 166.003183 166.007427 166.014854 166.024402 166.033951 0.000000 
0.000000 166.040317 166.037134 166.035012 166.031829 166.029707 166.026524 166.024402 166.022280 166.019097 166.016975 166.014854 166.012732 166.010610 166.009549 166.009549 166.010610 166.013793 166.019097 166.027585 166.036073 0.000000 
0.000000 166.041378 166.038195 166.036073 166.033951 166.030768 166.028646 166.026524 166.024402 166.022280 166.020158 166.018036 166.016975 166.015915 166.015915 166.015915 166.018036 166.021219 166.026524 166.031829 166.040317 0.000000 
0.000000 0.000000 166.040317 166.038195 166.036073 166.033951 166.031829 166.029707 166.027585 166.025463 166.024402 166.023341 166.022280 166.022280 166.022280 166.023341 166.024402 166.027585 166.032890 166.038195 0.000000 0.000000 
0.000000 0.000000 0.000000 166.040317 166.038195 166.037134 166.035012 166.032890 166.031829 166.029707 166.028646 166.028646 166.028646 166.028646 166.028646 166.029707 166.031829 166.035012 166.040317 0.000000 0.000000 0.000000 
0.000000 0.000000 0.000000 0.000000 166.041667 166.040317 166.039256 166.037134 166.036073 166.035012 166.035012 166.033951 166.033951 166.035012 166.036073 166.037134 166.039256 0.000000 0.000000 0.000000 0.000000 0.000000 
0.000000 0.000000 0.000000 0.000000 0.000000 0.000000 0.000000 166.041667 166.041378 166.040317 166.040317 166.040317 166.041378 166.041378 0.000000 0.000000 0.000000 0.000000 0.000000 0.000000 0.000000 0.000000 
