test/output/constant/M3M490_S060_A090_WD225.0_WS045.0/M3M490_S060_A090_WD225.0_WS045.0_intensity.asc
ncols         35
nrows         12
xllcorner     426503.990666
yllcorner     12747855.311160
cellsize      100.000000
NODATA_value  0.000000
0 0 0 18487 11256 11256 18487 8291 0 0 0 0 0 0 0 0 0 0 0 0 0 0 0 0 0 0 0 0 0 0 0 0 0 0 0 
1161 1647 14688 18487 11256 11256 26728 22541 26728 22541 34996 22541 42298 30922 18487 34996 22541 0 0 0 0 0 0 0 0 0 0 0 0 0 0 0 0 0 0 
1569 0 51126 51126 51126 51126 51126 51126 51126 38827 26728 26728 51006 30922 22541 47756 26728 14688 45305 18487 49576 26728 0 0 0 0 0 0 0 0 0 0 0 0 0 
1111 2448 51126 51126 51126 51126 51126 51126 51126 51126 51126 51126 45305 30922 49576 14688 22541 22541 22541 45305 22541 22541 8291 18487 34996 0 0 0 0 0 0 0 0 0 0 
0 2448 2448 39458 51069 51069 49823 51126 51126 51126 51126 51126 51126 45305 51126 51126 51126 49576 45305 22541 34996 45305 11256 22541 22541 34996 34996 51126 0 0 0 0 0 0 0 
0 0 2952 2952 2448 39458 42855 48117 51126 51126 51126 51126 51126 51126 51126 51126 51126 22541 51126 47756 51126 51126 51126 49576 42298 22541 51126 22541 30922 49576 0 0 0 0 0 
0 0 0 0 31644 35683 39458 42855 42855 42855 48117 49823 51126 51126 51126 45771 51126 51126 51126 51126 26728 51126 51126 51126 51126 51126 51126 51126 51126 49576 49576 14688 0 0 0 
0 0 0 0 0 0 35683 42855 39458 42855 42855 39458 48117 51126 51126 51126 51126 51126 51126 49823 51126 51126 51126 51126 51126 51126 51126 26728 51126 51126 51126 51126 8291 8291 0 
0 0 0 0 0 0 0 0 0 42855 42855 45771 45771 42855 42855 51126 45771 48117 51126 51126 51126 51126 51126 48117 51126 51126 51126 51126 51126 51126 51126 51126 51126 51126 51126 
0 0 0 0 0 0 0 0 0 0 0 0 39458 39458 39458 42855 39458 42855 51069 51126 51126 49823 51126 51126 51126 49823 51126 49823 51126 51126 51126 51126 51126 51126 51126 
0 0 0 0 0 0 0 0 0 0 0 0 0 0 0 42855 42855 49823 42855 49823 49823 45771 45771 51126 51126 51069 45771 51126 51126 51126 51126 49823 51126 51126 51126 
0 0 0 0 0 0 0 0 0 0 0 0 0 0 0 0 0 0 0 4328 51126 50835 49823 42855 51126 51126 51126 51126 51126 51126 51126 51126 45771 51126 48117 
