test/output/constant/M390_S060_A090_WD135.0_WS045.0/M390_S060_A090_WD135.0_WS045.0_raz.asc
ncols         37
nrows         13
xllcorner     423103.990666
yllcorner     12747755.311160
cellsize      100.000000
NODATA_value  0.000000
0 0 0 0 0 0 0 0 0 0 0 0 0 0 0 0 0 0 0 0 0 0 0 0 0 0 0 0 0 283 283 289 283 289 0 0 0 
0 0 0 0 0 0 0 0 0 0 0 0 0 0 0 0 0 0 0 0 0 269 271 278 283 269 289 271 269 269 274 269 274 274 289 345 75 
0 0 0 0 0 0 0 0 0 0 0 0 0 0 0 289 269 271 274 289 269 269 271 283 269 269 278 269 271 269 269 289 260 255 255 254 53 
0 0 0 0 0 0 0 0 0 0 0 0 269 289 269 271 269 274 269 269 278 269 271 269 269 263 269 269 271 255 255 255 255 255 186 186 165 
0 0 0 0 0 0 0 0 0 271 269 269 269 271 283 278 274 263 274 269 289 269 260 255 271 255 255 255 255 251 255 251 249 202 176 98 0 
0 0 0 0 0 0 0 269 269 269 269 269 262 271 262 269 283 269 263 267 263 255 255 255 255 255 255 255 249 202 202 248 165 244 176 0 0 
0 0 0 0 0 278 274 263 269 278 274 265 255 269 255 255 271 255 255 255 255 255 255 255 253 249 251 249 249 145 202 186 145 0 0 0 0 
0 0 0 265 271 271 259 259 271 283 255 255 265 271 255 255 255 255 255 255 255 255 249 249 249 202 202 249 249 246 176 0 0 0 0 0 0 
0 269 278 269 269 271 263 255 263 271 255 255 255 255 255 255 255 253 252 248 251 249 202 249 249 202 202 248 176 0 0 0 0 0 0 0 0 
255 255 262 255 265 271 255 255 255 255 255 255 255 255 255 255 251 249 249 249 202 249 145 249 202 202 0 0 0 0 0 0 0 0 0 0 0 
267 271 255 255 255 255 255 255 255 255 255 255 249 251 249 249 248 249 249 249 249 249 248 0 0 0 0 0 0 0 0 0 0 0 0 0 0 
255 255 255 255 255 255 255 255 255 255 255 253 249 248 176 249 249 249 176 145 0 0 0 0 0 0 0 0 0 0 0 0 0 0 0 0 0 
255 255 255 253 255 255 255 249 249 249 248 248 248 249 186 202 0 0 0 0 0 0 0 0 0 0 0 0 0 0 0 0 0 0 0 0 0 
