test/output/constant/M495_S060_A090_WD270.0_WS005.0/M495_S060_A090_WD270.0_WS005.0_arrival.asc
ncols         9
nrows         26
xllcorner     426403.990666
yllcorner     12746255.311160
cellsize      100.000000
NODATA_value  0.000000
0.000000 166.025096 166.000000 166.011583 0.000000 0.000000 0.000000 0.000000 0.000000 
0.000000 166.015444 166.001287 166.003861 166.031531 0.000000 0.000000 0.000000 0.000000 
0.000000 166.014800 166.002574 166.003861 166.018661 0.000000 0.000000 0.000000 0.000000 
0.000000 166.014800 166.004504 166.004504 166.013513 166.036679 0.000000 0.000000 0.000000 
0.000000 166.016087 166.005791 166.005791 166.011583 166.027670 0.000000 0.000000 0.000000 
166.041667 166.017374 166.007722 166.007722 166.011583 166.023166 0.000000 0.000000 0.000000 
166.041184 166.019305 166.009652 166.009652 166.011583 166.020592 166.037966 0.000000 0.000000 
166.041667 166.021235 166.012226 166.010939 166.012226 166.019305 166.032818 0.000000 0.000000 
0.000000 166.023166 166.014157 166.012870 166.013513 166.018661 166.029601 0.000000 0.000000 
0.000000 166.025096 166.016087 166.014157 166.014157 166.019305 166.027670 0.000000 0.000000 
0.000000 166.027670 166.018661 166.016087 166.016087 166.019305 166.027027 166.039253 0.000000 
0.000000 166.029601 166.020592 166.017374 166.017374 166.019948 166.026383 166.036679 0.000000 
0.000000 166.031531 166.022522 166.019305 166.019305 166.020592 166.026383 166.034749 0.000000 
0.000000 166.033462 166.025096 166.021235 166.020592 166.021879 166.026383 166.034105 0.000000 
0.000000 166.035392 166.027027 166.023166 166.022522 166.023166 166.027027 166.034105 0.000000 
0.000000 166.037966 166.029601 166.025096 166.023809 166.024453 166.027670 166.034105 0.000000 
0.000000 166.039897 166.031531 166.027027 166.025740 166.025740 166.028314 166.034105 166.041667 
0.000000 0.000000 166.034105 166.028957 166.027670 166.027670 166.028957 166.034105 166.041184 
0.000000 0.000000 166.036036 166.031531 166.028957 166.028957 166.030244 166.034105 166.041184 
0.000000 0.000000 166.038610 166.033462 166.030888 166.030888 166.031531 166.034749 166.041184 
0.000000 0.000000 166.040540 166.035392 166.032818 166.032175 166.032818 166.036036 166.041184 
0.000000 0.000000 0.000000 166.037323 166.034749 166.034105 166.034105 166.036679 166.041667 
0.000000 0.000000 0.000000 166.039897 166.036036 166.035392 166.035392 166.037966 0.000000 
0.000000 0.000000 0.000000 166.041667 166.037966 166.037323 166.037323 166.038610 0.000000 
0.000000 0.000000 0.000000 0.000000 166.040540 166.038610 166.038610 166.039897 0.000000 
0.000000 0.000000 0.000000 0.000000 0.000000 166.040540 166.040540 166.041184 0.000000 
