test/output/constant/M3M490_S060_A000_WD315.0_WS040.0/M3M490_S060_A000_WD315.0_WS040.0_arrival.asc
ncols         15
nrows         32
xllcorner     425303.990666
yllcorner     12745755.311160
cellsize      100.000000
NODATA_value  0.000000
0.000000 0.000000 0.000000 0.000000 0.000000 0.000000 0.000000 0.000000 0.000000 0.000000 0.000000 0.000000 166.030141 166.024661 166.031968 
0.000000 0.000000 0.000000 0.000000 0.000000 0.000000 0.000000 0.000000 0.000000 0.000000 166.038818 166.020094 166.003653 166.000000 166.016897 
0.000000 0.000000 0.000000 0.000000 0.000000 0.000000 0.000000 0.000000 0.000000 0.000000 166.025118 166.010047 166.001827 166.000913 166.015984 
0.000000 0.000000 0.000000 0.000000 0.000000 0.000000 0.000000 0.000000 0.000000 166.030598 166.016441 166.005480 166.002283 166.002283 166.018724 
0.000000 0.000000 0.000000 0.000000 0.000000 0.000000 0.000000 0.000000 166.036078 166.022377 166.010960 166.005024 166.003653 166.005024 166.021921 
0.000000 0.000000 0.000000 0.000000 0.000000 0.000000 0.000000 0.000000 166.028314 166.016441 166.008677 166.005480 166.005024 166.008220 166.025574 
0.000000 0.000000 0.000000 0.000000 0.000000 0.000000 0.000000 166.034251 166.022377 166.013244 166.008677 166.006394 166.006850 166.011874 166.029228 
0.000000 0.000000 0.000000 0.000000 0.000000 0.000000 166.040645 166.028771 166.018724 166.011874 166.008677 166.007764 166.009134 166.015527 166.033338 
0.000000 0.000000 0.000000 0.000000 0.000000 0.000000 166.034708 166.024204 166.016441 166.011874 166.009590 166.009134 166.011874 166.019637 166.036991 
0.000000 0.000000 0.000000 0.000000 0.000000 166.040645 166.029684 166.021007 166.015527 166.011874 166.010960 166.010960 166.014614 166.023291 166.041101 
0.000000 0.000000 0.000000 0.000000 0.000000 166.035621 166.026488 166.019181 166.015071 166.012330 166.012330 166.013244 166.017811 166.026944 0.000000 
0.000000 0.000000 0.000000 0.000000 166.041558 166.031968 166.024204 166.018724 166.015071 166.013700 166.013700 166.015527 166.021007 166.031054 0.000000 
0.000000 0.000000 0.000000 0.000000 166.037448 166.029228 166.022834 166.018267 166.015527 166.015071 166.015527 166.018267 166.024661 166.034708 0.000000 
0.000000 0.000000 0.000000 0.000000 166.034251 166.026944 166.021921 166.018267 166.016441 166.016441 166.017354 166.021464 166.028314 166.038818 0.000000 
0.000000 0.000000 0.000000 166.039275 166.031968 166.026031 166.021464 166.018724 166.017811 166.017811 166.019637 166.024204 166.031968 0.000000 0.000000 
0.000000 0.000000 0.000000 166.036991 166.030141 166.025118 166.021921 166.019637 166.019181 166.019637 166.022377 166.027401 166.035621 0.000000 0.000000 
0.000000 0.000000 0.000000 166.034708 166.029228 166.025118 166.021921 166.020551 166.020551 166.021921 166.025118 166.030598 166.039275 0.000000 0.000000 
0.000000 0.000000 166.039731 166.033338 166.028771 166.025118 166.022377 166.021921 166.022377 166.023747 166.027858 166.034251 0.000000 0.000000 0.000000 
0.000000 0.000000 166.037448 166.032424 166.028314 166.025118 166.023747 166.023291 166.023747 166.026031 166.031054 166.037448 0.000000 0.000000 0.000000 
0.000000 0.000000 166.036535 166.031968 166.028314 166.025574 166.024661 166.024661 166.026031 166.028771 166.033795 166.041101 0.000000 0.000000 0.000000 
0.000000 166.040645 166.035621 166.031511 166.028314 166.026488 166.026031 166.026488 166.028314 166.031511 166.036991 0.000000 0.000000 0.000000 0.000000 
0.000000 166.039731 166.035165 166.031511 166.028771 166.027858 166.027401 166.028314 166.030598 166.034708 166.040188 0.000000 0.000000 0.000000 0.000000 
0.000000 166.038818 166.034708 166.031511 166.029684 166.029228 166.029228 166.030141 166.032881 166.037448 0.000000 0.000000 0.000000 0.000000 0.000000 
0.000000 166.038361 166.034708 166.031968 166.030598 166.030598 166.030598 166.032424 166.035621 166.040645 0.000000 0.000000 0.000000 0.000000 0.000000 
0.000000 166.038361 166.035165 166.032424 166.031968 166.031968 166.032424 166.034708 166.038361 0.000000 0.000000 0.000000 0.000000 0.000000 0.000000 
166.041558 166.038361 166.035165 166.033338 166.033338 166.033338 166.034708 166.036991 166.041101 0.000000 0.000000 0.000000 0.000000 0.000000 0.000000 
166.041558 166.038361 166.035621 166.034708 166.034708 166.035165 166.036535 166.039275 0.000000 0.000000 0.000000 0.000000 0.000000 0.000000 0.000000 
166.041558 166.038361 166.036991 166.036078 166.036078 166.036991 166.038818 0.000000 0.000000 0.000000 0.000000 0.000000 0.000000 0.000000 0.000000 
166.041558 166.039275 166.037905 166.037448 166.037448 166.038818 166.041101 0.000000 0.000000 0.000000 0.000000 0.000000 0.000000 0.000000 0.000000 
166.041558 166.039731 166.038818 166.038818 166.039275 166.041101 0.000000 0.000000 0.000000 0.000000 0.000000 0.000000 0.000000 0.000000 0.000000 
0.000000 166.040645 166.040188 166.040188 166.041101 0.000000 0.000000 0.000000 0.000000 0.000000 0.000000 0.000000 0.000000 0.000000 0.000000 
0.000000 166.041558 166.041558 0.000000 0.000000 0.000000 0.000000 0.000000 0.000000 0.000000 0.000000 0.000000 0.000000 0.000000 0.000000 
