test/output/constant/M3M490_S060_A000_WD315.0_WS040.0/M3M490_S060_A000_WD315.0_WS040.0_raz.asc
ncols         15
nrows         32
xllcorner     425303.990666
yllcorner     12745755.311160
cellsize      100.000000
NODATA_value  0.000000
0 0 0 0 0 0 0 0 0 0 0 0 281 281 46 
0 0 0 0 0 0 0 0 0 0 264 264 281 65535 355 
0 0 0 0 0 0 0 0 0 0 281 281 201 201 151 
0 0 0 0 0 0 0 0 0 281 281 210 201 195 174 
0 0 0 0 0 0 0 0 264 264 264 201 201 182 169 
0 0 0 0 0 0 0 0 208 250 210 201 201 182 179 
0 0 0 0 0 0 0 250 210 210 201 201 182 179 179 
0 0 0 0 0 0 281 281 264 210 201 201 174 182 169 
0 0 0 0 0 0 281 264 250 201 201 201 161 169 169 
0 0 0 0 0 264 208 210 264 201 201 191 182 161 174 
0 0 0 0 0 210 264 208 201 201 189 179 179 185 0 
0 0 0 0 210 355 264 208 201 201 189 182 189 169 0 
0 0 0 0 264 355 309 201 203 201 174 187 182 179 0 
0 0 0 0 281 208 208 201 201 201 182 151 182 174 0 
0 0 0 210 264 291 203 201 201 201 193 182 179 0 0 
0 0 0 250 250 208 201 201 201 187 169 179 179 0 0 
0 0 0 207 264 201 201 201 189 179 182 182 182 0 0 
0 0 264 250 264 201 201 201 191 187 191 161 0 0 0 
0 0 210 291 201 201 203 201 191 196 174 179 0 0 0 
0 0 207 264 201 201 201 201 179 189 182 169 0 0 0 
0 208 207 201 201 201 201 182 174 193 179 0 0 0 0 
0 264 208 201 201 201 201 182 161 182 179 0 0 0 0 
0 207 201 205 205 201 179 187 179 182 0 0 0 0 0 
0 208 201 201 201 201 201 197 182 179 0 0 0 0 0 
0 233 201 201 201 182 191 182 179 0 0 0 0 0 0 
208 201 201 203 201 201 182 195 193 0 0 0 0 0 0 
201 201 201 201 191 195 193 195 0 0 0 0 0 0 0 
201 201 201 201 201 179 179 0 0 0 0 0 0 0 0 
201 201 201 201 201 201 193 0 0 0 0 0 0 0 0 
203 201 201 201 189 179 0 0 0 0 0 0 0 0 0 
0 201 201 201 189 0 0 0 0 0 0 0 0 0 0 
0 201 200 0 0 0 0 0 0 0 0 0 0 0 0 
