test/output/constant/M3M490_S060_A000_WD315.0_WS040.0/M3M490_S060_A000_WD315.0_WS040.0_intensity.asc
ncols         15
nrows         32
xllcorner     425303.990666
yllcorner     12745755.311160
cellsize      100.000000
NODATA_value  0.000000
0 0 0 0 0 0 0 0 0 0 0 0 2641 2641 1395 
0 0 0 0 0 0 0 0 0 0 3735 3735 2641 0 1296 
0 0 0 0 0 0 0 0 0 0 2641 2641 47460 47460 4793 
0 0 0 0 0 0 0 0 0 2641 2641 35166 47460 40554 12084 
0 0 0 0 0 0 0 0 3735 3735 3735 47460 47460 18996 9165 
0 0 0 0 0 0 0 0 38461 5316 35166 47460 47460 18996 15393 
0 0 0 0 0 0 0 5316 35166 35166 47460 47460 18996 15393 15393 
0 0 0 0 0 0 2641 2641 3735 35166 47460 47460 12084 18996 9165 
0 0 0 0 0 0 2641 3735 5316 47460 47460 47460 6715 9165 9165 
0 0 0 0 0 3735 38461 35166 3735 47460 47460 34136 18996 6715 12084 
0 0 0 0 0 35166 3735 38461 47460 47460 30473 15393 15393 22787 0 
0 0 0 0 35166 1296 3735 38461 47460 47460 30473 18996 30473 9165 0 
0 0 0 0 3735 1296 1762 47460 46844 47460 12084 26651 18996 15393 0 
0 0 0 0 2641 38461 38461 47460 47460 47460 18996 4793 18996 12084 0 
0 0 0 35166 3735 2262 46844 47460 47460 47460 37531 18996 15393 0 0 
0 0 0 5316 5316 38461 47460 47460 47460 26651 9165 15393 15393 0 0 
0 0 0 41356 3735 47460 47460 47460 30473 15393 18996 18996 18996 0 0 
0 0 3735 5316 3735 47460 47460 47460 34136 26651 34136 6715 0 0 0 
0 0 35166 2262 47460 47460 46844 47460 34136 43114 12084 15393 0 0 0 
0 0 41356 3735 47460 47460 47460 47460 15393 30473 18996 9165 0 0 0 
0 38461 41356 47460 47460 47460 47460 18996 12084 37531 15393 0 0 0 0 
0 3735 38461 47460 47423 47460 47460 18996 6715 18996 15393 0 0 0 0 
0 41356 47460 43764 43764 47460 15393 26651 15393 18996 0 0 0 0 0 
0 38461 47460 47460 47460 47460 47460 45133 18996 15393 0 0 0 0 0 
0 10008 47460 47460 47460 18996 34136 18996 15393 0 0 0 0 0 0 
38461 47460 47460 46844 47460 47460 18996 40554 37531 0 0 0 0 0 0 
47460 47460 47460 47460 34136 40554 37531 40554 0 0 0 0 0 0 0 
47460 47460 47460 47460 47460 15393 15393 0 0 0 0 0 0 0 0 
47460 47460 47460 47460 47460 47460 37531 0 0 0 0 0 0 0 0 
46844 47460 47460 47460 30473 15393 0 0 0 0 0 0 0 0 0 
0 47460 47460 47460 30473 0 0 0 0 0 0 0 0 0 0 
0 47460 47323 0 0 0 0 0 0 0 0 0 0 0 0 
