test/output/constant/M375_S060_A270_WD000.0_WS005.0/M375_S060_A270_WD000.0_WS005.0_arrival.asc
ncols         9
nrows         38
xllcorner     426203.990666
yllcorner     12748655.311160
cellsize      100.000000
NODATA_value  0.000000
0.000000 0.000000 0.000000 166.041585 166.041123 166.041585 0.000000 0.000000 0.000000 
0.000000 0.000000 166.041667 166.040199 166.040199 166.040199 166.041667 0.000000 0.000000 
0.000000 0.000000 166.040661 166.039275 166.038813 166.039275 166.040661 0.000000 0.000000 
0.000000 0.000000 166.039737 166.037889 166.037889 166.037889 166.039737 0.000000 0.000000 
0.000000 166.041123 166.038351 166.036965 166.036502 166.036965 166.038351 166.041123 0.000000 
0.000000 166.040199 166.037427 166.036040 166.035578 166.036040 166.037427 166.040199 0.000000 
0.000000 166.038813 166.036502 166.034654 166.034192 166.034654 166.036502 166.038813 0.000000 
0.000000 166.037889 166.035116 166.033730 166.033268 166.033730 166.035116 166.037889 0.000000 
166.041585 166.036965 166.034192 166.032344 166.031882 166.032344 166.034192 166.036965 166.041585 
166.041123 166.036040 166.032806 166.031420 166.030958 166.031420 166.032806 166.036040 166.041123 
166.040199 166.035116 166.031882 166.030034 166.029572 166.030034 166.031882 166.035116 166.040199 
166.039275 166.034192 166.030958 166.029110 166.028648 166.029110 166.030958 166.034192 166.039275 
166.038351 166.033268 166.029572 166.027723 166.027261 166.027723 166.029572 166.033268 166.038351 
166.037889 166.032344 166.028648 166.026799 166.026337 166.026799 166.028648 166.032344 166.037889 
166.036965 166.031420 166.027723 166.025413 166.024951 166.025413 166.027723 166.031420 166.036965 
166.036502 166.030496 166.026337 166.024489 166.024027 166.024489 166.026337 166.030496 166.036502 
166.036040 166.029572 166.025413 166.023103 166.022641 166.023103 166.025413 166.029572 166.036040 
166.035578 166.029110 166.024489 166.022179 166.021717 166.022179 166.024489 166.029110 166.035578 
166.035116 166.028185 166.023565 166.021255 166.020330 166.021255 166.023565 166.028185 166.035116 
166.035116 166.027261 166.022179 166.019868 166.019406 166.019868 166.022179 166.027261 166.035116 
166.035116 166.026799 166.021255 166.018944 166.018020 166.018944 166.021255 166.026799 166.035116 
166.035116 166.025875 166.020330 166.017558 166.017096 166.017558 166.020330 166.025875 166.035116 
166.035578 166.025413 166.019406 166.016634 166.015710 166.016634 166.019406 166.025413 166.035578 
166.036040 166.025413 166.018482 166.015248 166.014786 166.015248 166.018482 166.025413 166.036040 
166.036965 166.025413 166.018020 166.014324 166.013400 166.014324 166.018020 166.025413 166.036965 
166.037889 166.025413 166.017096 166.012938 166.012476 166.012938 166.017096 166.025413 166.037889 
166.038813 166.025413 166.016172 166.012013 166.011089 166.012013 166.016172 166.025413 166.038813 
166.041123 166.025875 166.015710 166.011089 166.010165 166.011089 166.015710 166.025875 166.041123 
0.000000 166.026799 166.015248 166.009703 166.008779 166.009703 166.015248 166.026799 0.000000 
0.000000 166.028185 166.015248 166.008779 166.007855 166.008779 166.015248 166.028185 0.000000 
0.000000 166.030034 166.015248 166.007855 166.006469 166.007855 166.015248 166.030034 0.000000 
0.000000 166.032806 166.016172 166.006931 166.005545 166.006931 166.016172 166.032806 0.000000 
0.000000 166.037427 166.017096 166.006007 166.004159 166.006007 166.017096 166.037427 0.000000 
0.000000 0.000000 166.019406 166.005083 166.003234 166.005083 166.019406 0.000000 0.000000 
0.000000 0.000000 166.024027 166.005083 166.001848 166.005083 166.024027 0.000000 0.000000 
0.000000 0.000000 166.033730 166.006007 166.000924 166.006007 166.033730 0.000000 0.000000 
0.000000 0.000000 0.000000 166.012013 166.000000 166.012013 0.000000 0.000000 0.000000 
0.000000 0.000000 0.000000 166.041585 166.028648 166.041585 0.000000 0.000000 0.000000 
