test/output/constant/M3M495_S060_A000_WD135.0_WS005.0/M3M495_S060_A000_WD135.0_WS005.0_intensity.asc
ncols         56
nrows         12
xllcorner     421103.990666
yllcorner     12748455.311160
cellsize      100.000000
NODATA_value  0.000000
0 0 0 0 0 0 0 0 0 0 0 78769 57545 78769 78769 63989 57545 74765 63989 57545 63989 63989 57545 4353 57545 0 0 0 0 0 0 0 0 0 0 0 0 0 0 0 0 0 0 0 0 0 0 0 0 0 0 0 0 0 0 0 
0 0 0 0 83902 83405 83902 78769 83902 83769 81679 74765 63989 83405 81679 57545 74765 57545 69788 69788 57545 63989 57545 57545 63989 57545 57545 63989 57545 57545 4353 4353 57545 57545 0 0 0 0 0 0 0 0 0 0 0 0 0 0 0 0 0 0 0 0 0 0 
0 83902 63989 83902 83902 69788 83902 83405 69788 83902 83902 83902 83902 78769 83902 83902 74765 63989 57545 78769 69788 63989 63989 69788 69788 57545 63989 57545 57545 63989 4353 57545 4353 2307 7513 4353 57545 57545 2307 2307 50651 0 0 0 0 0 0 0 0 0 0 0 0 0 0 0 
83902 83902 83902 83902 83902 83902 83902 83405 78769 83902 78769 81679 83902 78769 83902 83902 83902 83902 74765 83902 83902 83902 78769 83902 81679 78769 78769 74765 69788 78769 63989 74765 63989 63989 57545 57545 63989 57545 63989 2307 57545 57545 57545 4353 1163 63989 0 0 0 0 0 0 0 0 0 0 
83902 83902 83902 83902 83902 83902 83902 83902 83902 83902 83902 83902 83902 83902 83902 83902 83902 78769 83902 83902 78769 81679 69788 83902 83902 83902 78769 83902 78769 83902 78769 74765 69788 83405 69788 57545 74765 57545 57545 4353 57545 4353 57545 4353 63989 2307 1598 57545 2307 50651 0 0 0 0 0 0 
70125 70125 81823 83902 83902 70125 70125 83472 83902 83902 70125 83902 83902 83902 83902 83902 83902 83902 83902 83902 83902 83902 83902 83902 83902 83902 83902 83902 83902 81679 83902 83902 81679 83902 81679 83902 83405 83902 83902 74765 63989 78769 57545 63989 2307 57545 57545 1598 4353 50651 2307 57545 43517 0 0 0 
0 0 70125 83902 70125 75046 70125 70125 70125 78985 70125 70125 70125 75046 83902 70125 70125 83472 83902 70125 70125 83902 83902 83902 83902 83902 83902 83902 83902 83902 83902 83902 83405 83902 83902 83902 83902 83902 83902 83902 83902 78769 83405 83902 83405 83769 63989 57545 57545 57545 2307 63989 1598 822 822 0 
0 0 0 0 70125 75046 70125 70125 70125 70125 70125 70125 75046 70125 70125 70125 75046 70125 70125 75046 70125 70125 75046 78985 70125 70125 70125 70125 70125 83902 70125 70125 83902 83902 81823 83902 83902 83902 83472 83902 83902 83902 83902 83902 83902 83902 83902 83902 57545 83902 83902 74765 63989 4353 57545 1163 
0 0 0 0 0 0 0 70125 70125 70125 75046 70125 70125 70125 70125 70125 70125 75046 70125 70125 70125 75046 70125 70125 70125 70125 70125 70125 75046 70125 70125 70125 70125 70125 70125 70125 70125 70125 70125 70125 70125 70125 70125 70125 70125 70125 70125 83902 83902 81823 83902 83902 83902 83902 83902 0 
0 0 0 0 0 0 0 0 0 0 0 70125 70125 70125 70125 70125 70125 70125 75046 70125 70125 70125 70125 70125 70125 70125 70125 70125 70125 70125 70125 70125 70125 70125 70125 70125 70125 70125 70125 70125 70125 70125 70125 70125 70125 70125 70125 70125 70125 70125 36792 70125 36792 29807 638 638 
0 0 0 0 0 0 0 0 0 0 0 0 0 0 0 0 70125 70125 64372 70125 70125 70125 70125 70125 70125 70125 70125 70125 70125 64372 70125 70125 70125 64372 70125 70125 70125 70125 70125 23214 23214 70125 70125 70125 43958 36792 43958 57961 51086 29807 29807 57961 808 808 0 0 
0 0 0 0 0 0 0 0 0 0 0 0 0 0 0 0 0 0 0 0 0 0 0 0 0 70125 70125 36792 70125 70125 70125 70125 29807 36792 36792 70125 29807 36792 36792 43958 51086 51086 57961 43958 36792 43958 43958 43958 0 0 0 0 0 0 0 0 
