test/output/constant/M3M495_S060_A000_WD135.0_WS005.0/M3M495_S060_A000_WD135.0_WS005.0_raz.asc
ncols         56
nrows         12
xllcorner     421103.990666
yllcorner     12748455.311160
cellsize      100.000000
NODATA_value  0.000000
0 0 0 0 0 0 0 0 0 0 0 277 281 277 277 280 281 278 280 281 280 280 281 319 281 0 0 0 0 0 0 0 0 0 0 0 0 0 0 0 0 0 0 0 0 0 0 0 0 0 0 0 0 0 0 0 
0 0 0 0 274 275 274 277 274 275 276 278 280 275 276 281 278 281 279 279 281 280 281 281 280 281 281 280 281 281 319 319 281 281 0 0 0 0 0 0 0 0 0 0 0 0 0 0 0 0 0 0 0 0 0 0 
0 274 280 274 274 279 274 275 279 274 274 274 274 277 274 274 278 280 281 277 279 280 280 279 279 281 280 281 281 280 319 281 319 336 308 319 281 281 336 336 283 0 0 0 0 0 0 0 0 0 0 0 0 0 0 0 
274 274 274 274 274 274 274 275 277 274 277 276 274 277 274 274 274 274 278 274 274 274 277 274 276 277 277 278 279 277 280 278 280 280 281 281 280 281 280 336 281 281 281 319 4 280 0 0 0 0 0 0 0 0 0 0 
274 274 274 274 274 274 274 274 274 274 274 274 274 274 274 274 274 277 274 274 277 276 279 274 274 274 277 274 277 274 277 278 279 275 279 281 278 281 281 319 281 319 281 319 280 336 349 281 336 283 0 0 0 0 0 0 
269 269 272 274 274 269 269 273 274 274 269 274 274 274 274 274 274 274 274 274 274 274 274 274 274 274 274 274 274 276 274 274 276 274 276 274 275 274 274 278 280 277 281 280 336 281 281 349 319 283 336 281 284 0 0 0 
0 0 269 274 269 270 269 269 269 271 269 269 269 270 274 269 269 273 274 269 269 274 274 274 274 274 274 274 274 274 274 274 275 274 274 274 274 274 274 274 274 277 275 274 275 275 280 281 281 281 336 280 349 29 29 0 
0 0 0 0 269 270 269 269 269 269 269 269 270 269 269 269 270 269 269 270 269 269 270 271 269 269 269 269 269 274 269 269 274 274 272 274 274 274 273 274 274 274 274 274 274 274 274 274 281 274 274 278 280 319 281 4 
0 0 0 0 0 0 0 269 269 269 270 269 269 269 269 269 269 270 269 269 269 270 269 269 269 269 269 269 270 269 269 269 269 269 269 269 269 269 269 269 269 269 269 269 269 269 269 274 274 272 274 274 274 274 274 65535 
0 0 0 0 0 0 0 0 0 0 0 269 269 269 269 269 269 269 270 269 269 269 269 269 269 269 269 269 269 269 269 269 269 269 269 269 269 269 269 269 269 269 269 269 269 269 269 269 269 269 262 269 262 260 94 94 
0 0 0 0 0 0 0 0 0 0 0 0 0 0 0 0 269 269 268 269 269 269 269 269 269 269 269 269 269 268 269 269 269 268 269 269 269 269 269 257 257 269 269 269 264 262 264 267 266 260 260 267 159 159 0 0 
0 0 0 0 0 0 0 0 0 0 0 0 0 0 0 0 0 0 0 0 0 0 0 0 0 269 269 262 269 269 269 269 260 262 262 269 260 262 262 264 266 266 267 264 262 264 264 264 0 0 0 0 0 0 0 0 
