test/output/constant/M3M495_S060_A000_WD135.0_WS005.0/M3M495_S060_A000_WD135.0_WS005.0_ros.asc
ncols         56
nrows         12
xllcorner     421103.990666
yllcorner     12748455.311160
cellsize      100.000000
NODATA_value  0.000000
0.000000 0.000000 0.000000 0.000000 0.000000 0.000000 0.000000 0.000000 0.000000 0.000000 0.000000 86.925652 63.503597 86.925652 86.925652 70.615158 63.503597 82.506950 70.615158 63.503597 70.615158 70.615158 63.503597 4.804014 63.503597 0.000000 0.000000 0.000000 0.000000 0.000000 0.000000 0.000000 0.000000 0.000000 0.000000 0.000000 0.000000 0.000000 0.000000 0.000000 0.000000 0.000000 0.000000 0.000000 0.000000 0.000000 0.000000 0.000000 0.000000 0.000000 0.000000 0.000000 0.000000 0.000000 0.000000 0.000000 
0.000000 0.000000 0.000000 0.000000 92.589554 92.041031 92.589554 86.925652 92.589554 92.442856 90.136223 82.506950 70.615158 92.041031 90.136223 63.503597 82.506950 63.503597 77.014458 77.014458 63.503597 70.615158 63.503597 63.503597 70.615158 63.503597 63.503597 70.615158 63.503597 63.503597 4.804014 4.804014 63.503597 63.503597 0.000000 0.000000 0.000000 0.000000 0.000000 0.000000 0.000000 0.000000 0.000000 0.000000 0.000000 0.000000 0.000000 0.000000 0.000000 0.000000 0.000000 0.000000 0.000000 0.000000 0.000000 0.000000 
0.000000 92.589554 70.615158 92.589554 92.589554 77.014458 92.589554 92.041031 77.014458 92.589554 92.589554 92.589554 92.589554 86.925652 92.589554 92.589554 82.506950 70.615158 63.503597 86.925652 77.014458 70.615158 70.615158 77.014458 77.014458 63.503597 70.615158 63.503597 63.503597 70.615158 4.804014 63.503597 4.804014 2.545903 8.291405 4.804014 63.503597 63.503597 2.545903 2.545903 55.896004 0.000000 0.000000 0.000000 0.000000 0.000000 0.000000 0.000000 0.000000 0.000000 0.000000 0.000000 0.000000 0.000000 0.000000 0.000000 
92.589554 92.589554 92.589554 92.589554 92.589554 92.589554 92.589554 92.041031 86.925652 92.589554 86.925652 90.136223 92.589554 86.925652 92.589554 92.589554 92.589554 92.589554 82.506950 92.589554 92.589554 92.589554 86.925652 92.589554 90.136223 86.925652 86.925652 82.506950 77.014458 86.925652 70.615158 82.506950 70.615158 70.615158 63.503597 63.503597 70.615158 63.503597 70.615158 2.545903 63.503597 63.503597 63.503597 4.804014 1.284113 70.615158 0.000000 0.000000 0.000000 0.000000 0.000000 0.000000 0.000000 0.000000 0.000000 0.000000 
92.589554 92.589554 92.589554 92.589554 92.589554 92.589554 92.589554 92.589554 92.589554 92.589554 92.589554 92.589554 92.589554 92.589554 92.589554 92.589554 92.589554 86.925652 92.589554 92.589554 86.925652 90.136223 77.014458 92.589554 92.589554 92.589554 86.925652 92.589554 86.925652 92.589554 86.925652 82.506950 77.014458 92.041031 77.014458 63.503597 82.506950 63.503597 63.503597 4.804014 63.503597 4.804014 63.503597 4.804014 70.615158 2.545903 1.763731 63.503597 2.545903 55.896004 0.000000 0.000000 0.000000 0.000000 0.000000 0.000000 
77.386810 77.386810 90.295341 92.589554 92.589554 77.386810 77.386810 92.115685 92.589554 92.589554 77.386810 92.589554 92.589554 92.589554 92.589554 92.589554 92.589554 92.589554 92.589554 92.589554 92.589554 92.589554 92.589554 92.589554 92.589554 92.589554 92.589554 92.589554 92.589554 90.136223 92.589554 92.589554 90.136223 92.589554 90.136223 92.589554 92.041031 92.589554 92.589554 82.506950 70.615158 86.925652 63.503597 70.615158 2.545903 63.503597 63.503597 1.763731 4.804014 55.896004 2.545903 63.503597 48.023712 0.000000 0.000000 0.000000 
0.000000 0.000000 77.386810 92.589554 77.386810 82.817345 77.386810 77.386810 77.386810 87.164192 77.386810 77.386810 77.386810 82.817345 92.589554 77.386810 77.386810 92.115685 92.589554 77.386810 77.386810 92.589554 92.589554 92.589554 92.589554 92.589554 92.589554 92.589554 92.589554 92.589554 92.589554 92.589554 92.041031 92.589554 92.589554 92.589554 92.589554 92.589554 92.589554 92.589554 92.589554 86.925652 92.041031 92.589554 92.041031 92.442856 70.615158 63.503597 63.503597 63.503597 2.545903 70.615158 1.763731 0.907547 0.907547 0.000000 
0.000000 0.000000 0.000000 0.000000 77.386810 82.817345 77.386810 77.386810 77.386810 77.386810 77.386810 77.386810 82.817345 77.386810 77.386810 77.386810 82.817345 77.386810 77.386810 82.817345 77.386810 77.386810 82.817345 87.164192 77.386810 77.386810 77.386810 77.386810 77.386810 92.589554 77.386810 77.386810 92.589554 92.589554 90.295341 92.589554 92.589554 92.589554 92.115685 92.589554 92.589554 92.589554 92.589554 92.589554 92.589554 92.589554 92.589554 92.589554 63.503597 92.589554 92.589554 82.506950 70.615158 4.804014 63.503597 1.284113 
0.000000 0.000000 0.000000 0.000000 0.000000 0.000000 0.000000 77.386810 77.386810 77.386810 82.817345 77.386810 77.386810 77.386810 77.386810 77.386810 77.386810 82.817345 77.386810 77.386810 77.386810 82.817345 77.386810 77.386810 77.386810 77.386810 77.386810 77.386810 82.817345 77.386810 77.386810 77.386810 77.386810 77.386810 77.386810 77.386810 77.386810 77.386810 77.386810 77.386810 77.386810 77.386810 77.386810 77.386810 77.386810 77.386810 77.386810 92.589554 92.589554 90.295341 92.589554 92.589554 92.589554 92.589554 92.589554 0.000000 
0.000000 0.000000 0.000000 0.000000 0.000000 0.000000 0.000000 0.000000 0.000000 0.000000 0.000000 77.386810 77.386810 77.386810 77.386810 77.386810 77.386810 77.386810 82.817345 77.386810 77.386810 77.386810 77.386810 77.386810 77.386810 77.386810 77.386810 77.386810 77.386810 77.386810 77.386810 77.386810 77.386810 77.386810 77.386810 77.386810 77.386810 77.386810 77.386810 77.386810 77.386810 77.386810 77.386810 77.386810 77.386810 77.386810 77.386810 77.386810 77.386810 77.386810 40.602325 77.386810 40.602325 32.893394 0.704467 0.704467 
0.000000 0.000000 0.000000 0.000000 0.000000 0.000000 0.000000 0.000000 0.000000 0.000000 0.000000 0.000000 0.000000 0.000000 0.000000 0.000000 77.386810 77.386810 71.037567 77.386810 77.386810 77.386810 77.386810 77.386810 77.386810 77.386810 77.386810 77.386810 77.386810 71.037567 77.386810 77.386810 77.386810 71.037567 77.386810 77.386810 77.386810 77.386810 77.386810 25.617630 25.617630 77.386810 77.386810 77.386810 48.510132 40.602325 48.510132 63.962494 56.376526 32.893394 32.893394 63.962494 0.891837 0.891837 0.000000 0.000000 
0.000000 0.000000 0.000000 0.000000 0.000000 0.000000 0.000000 0.000000 0.000000 0.000000 0.000000 0.000000 0.000000 0.000000 0.000000 0.000000 0.000000 0.000000 0.000000 0.000000 0.000000 0.000000 0.000000 0.000000 0.000000 77.386810 77.386810 40.602325 77.386810 77.386810 77.386810 77.386810 32.893394 40.602325 40.602325 77.386810 32.893394 40.602325 40.602325 48.510132 56.376526 56.376526 63.962494 48.510132 40.602325 48.510132 48.510132 48.510132 0.000000 0.000000 0.000000 0.000000 0.000000 0.000000 0.000000 0.000000 
