test/output/constant/M3M4100_S060_A270_WD090.0_WS005.0/M3M4100_S060_A270_WD090.0_WS005.0_arrival.asc
ncols         14
nrows         57
xllcorner     425603.990666
yllcorner     12748655.311160
cellsize      100.000000
NODATA_value  0.000000
0.000000 0.000000 0.000000 166.041383 166.041383 0.000000 0.000000 0.000000 0.000000 0.000000 0.000000 0.000000 0.000000 0.000000 
0.000000 0.000000 166.041083 166.040783 166.040783 166.041083 0.000000 0.000000 0.000000 0.000000 0.000000 0.000000 0.000000 0.000000 
0.000000 0.000000 166.040783 166.039883 166.039883 166.040183 166.041383 0.000000 0.000000 0.000000 0.000000 0.000000 0.000000 0.000000 
0.000000 166.041383 166.040183 166.039284 166.039284 166.039584 166.040483 0.000000 0.000000 0.000000 0.000000 0.000000 0.000000 0.000000 
0.000000 166.041083 166.039584 166.038384 166.038384 166.038684 166.039584 166.041383 0.000000 0.000000 0.000000 0.000000 0.000000 0.000000 
0.000000 166.040483 166.038984 166.037784 166.037784 166.037784 166.038684 166.040483 0.000000 0.000000 0.000000 0.000000 0.000000 0.000000 
0.000000 166.039883 166.038384 166.037185 166.036885 166.037185 166.037784 166.039584 0.000000 0.000000 0.000000 0.000000 0.000000 0.000000 
0.000000 166.039584 166.037784 166.036585 166.036285 166.036285 166.036885 166.038684 166.040783 0.000000 0.000000 0.000000 0.000000 0.000000 
0.000000 166.039284 166.037185 166.035685 166.035385 166.035385 166.035985 166.037484 166.039883 0.000000 0.000000 0.000000 0.000000 0.000000 
166.041667 166.038684 166.036585 166.035385 166.034786 166.034786 166.035085 166.036585 166.038984 166.041667 0.000000 0.000000 0.000000 0.000000 
166.041667 166.038384 166.035985 166.034786 166.033886 166.033886 166.034186 166.035685 166.038084 166.040483 0.000000 0.000000 0.000000 0.000000 
166.041667 166.038084 166.035685 166.034186 166.033286 166.033286 166.033586 166.034786 166.036885 166.039584 0.000000 0.000000 0.000000 0.000000 
166.041667 166.037784 166.035085 166.033586 166.032387 166.032387 166.032686 166.033586 166.035985 166.038684 0.000000 0.000000 0.000000 0.000000 
166.041667 166.037484 166.034786 166.032686 166.031787 166.031787 166.031787 166.032986 166.035085 166.037484 166.041383 0.000000 0.000000 0.000000 
166.041667 166.037484 166.034486 166.032387 166.031187 166.030887 166.030887 166.031787 166.033886 166.036585 166.040183 0.000000 0.000000 0.000000 
166.041667 166.037484 166.033886 166.031787 166.030587 166.030287 166.030287 166.030887 166.032986 166.035685 166.039284 0.000000 0.000000 0.000000 
166.041667 166.037185 166.033586 166.031187 166.029988 166.029388 166.029388 166.030287 166.032087 166.034486 166.038384 0.000000 0.000000 0.000000 
166.041667 166.037185 166.033286 166.030887 166.029388 166.028488 166.028488 166.029088 166.030887 166.033586 166.037185 0.000000 0.000000 0.000000 
166.041667 166.037185 166.033286 166.030287 166.028788 166.027888 166.027888 166.028488 166.029988 166.032686 166.036285 166.041083 0.000000 0.000000 
0.000000 166.037185 166.032986 166.029988 166.028188 166.026989 166.026989 166.027589 166.029088 166.031487 166.035085 166.039883 0.000000 0.000000 
0.000000 166.037185 166.032986 166.029688 166.027589 166.026389 166.026389 166.026689 166.028188 166.030587 166.034186 166.038984 0.000000 0.000000 
0.000000 166.037185 166.032986 166.029388 166.026989 166.025789 166.025489 166.025789 166.027289 166.029688 166.032986 166.037784 0.000000 0.000000 
0.000000 166.037484 166.032986 166.029088 166.026389 166.025190 166.024890 166.024890 166.026089 166.028488 166.032087 166.036885 0.000000 0.000000 
0.000000 166.037484 166.032986 166.028788 166.026089 166.024590 166.023990 166.023990 166.025190 166.027589 166.030887 166.035685 0.000000 0.000000 
0.000000 166.037484 166.032986 166.028488 166.025489 166.023990 166.023390 166.023390 166.024290 166.026689 166.029988 166.034786 166.041667 0.000000 
0.000000 166.038084 166.032986 166.028488 166.025190 166.023390 166.022491 166.022491 166.023390 166.025489 166.028788 166.033586 166.040783 0.000000 
0.000000 166.038684 166.032986 166.028488 166.024890 166.022791 166.021891 166.021891 166.022491 166.024590 166.027888 166.032686 166.039883 0.000000 
0.000000 166.039584 166.032986 166.028488 166.024590 166.022191 166.020991 166.020991 166.021591 166.023690 166.026689 166.031487 166.038984 0.000000 
0.000000 166.040183 166.033286 166.028488 166.024290 166.021591 166.020392 166.020392 166.020691 166.022791 166.025789 166.030587 166.038084 0.000000 
0.000000 166.041383 166.033886 166.028488 166.024290 166.021291 166.019792 166.019492 166.019792 166.021591 166.024590 166.029388 166.037185 0.000000 
0.000000 0.000000 166.034486 166.028488 166.024290 166.020691 166.019192 166.018892 166.018892 166.020691 166.023690 166.028488 166.036285 0.000000 
0.000000 0.000000 166.035385 166.028788 166.024290 166.020392 166.018592 166.017993 166.018292 166.019792 166.022491 166.027589 166.035385 0.000000 
0.000000 0.000000 166.036285 166.029088 166.024290 166.020092 166.017993 166.017093 166.017393 166.018592 166.021591 166.026389 166.034486 0.000000 
0.000000 0.000000 166.037484 166.029688 166.024290 166.019792 166.017393 166.016493 166.016493 166.017693 166.020691 166.025190 166.033586 0.000000 
0.000000 0.000000 166.039284 166.030587 166.024290 166.019792 166.016793 166.015594 166.015594 166.016793 166.019492 166.024290 166.032686 0.000000 
0.000000 0.000000 166.041083 166.031487 166.024290 166.019792 166.016493 166.014994 166.014994 166.015893 166.018592 166.023390 166.031787 0.000000 
0.000000 0.000000 0.000000 166.032387 166.024890 166.019792 166.015893 166.014394 166.014094 166.014694 166.017393 166.022191 166.031187 0.000000 
0.000000 0.000000 0.000000 166.034186 166.025489 166.019792 166.015594 166.013794 166.013494 166.013794 166.016493 166.021291 166.030287 0.000000 
0.000000 0.000000 0.000000 166.035985 166.026389 166.019792 166.015594 166.013195 166.012595 166.013195 166.015294 166.020392 166.029388 166.041667 
0.000000 0.000000 0.000000 166.038084 166.027589 166.020092 166.015594 166.012595 166.011995 166.011995 166.014394 166.019192 166.028488 166.041667 
0.000000 0.000000 0.000000 166.040783 166.029088 166.020691 166.015294 166.011995 166.011095 166.011395 166.013195 166.018292 166.027888 166.041383 
0.000000 0.000000 0.000000 0.000000 166.031187 166.021591 166.015594 166.011695 166.010496 166.010496 166.012295 166.017393 166.027289 166.041083 
0.000000 0.000000 0.000000 0.000000 166.033586 166.022491 166.015594 166.011395 166.009596 166.009596 166.011395 166.016493 166.026389 166.041083 
0.000000 0.000000 0.000000 0.000000 166.036285 166.024290 166.015893 166.011095 166.008996 166.008996 166.010196 166.015594 166.025789 166.041083 
0.000000 0.000000 0.000000 0.000000 166.040183 166.026389 166.016493 166.011095 166.008397 166.008097 166.009296 166.014694 166.025789 166.041083 
0.000000 0.000000 0.000000 0.000000 0.000000 166.029088 166.017693 166.011095 166.007797 166.007497 166.008397 166.013794 166.025190 0.000000 
0.000000 0.000000 0.000000 0.000000 0.000000 166.032387 166.019492 166.011095 166.007197 166.006597 166.007197 166.012895 166.025190 0.000000 
0.000000 0.000000 0.000000 0.000000 0.000000 166.037185 166.021591 166.011695 166.006897 166.005698 166.006297 166.011995 166.024890 0.000000 
0.000000 0.000000 0.000000 0.000000 0.000000 0.000000 166.025190 166.012595 166.006597 166.005098 166.005398 166.011095 166.024890 0.000000 
0.000000 0.000000 0.000000 0.000000 0.000000 0.000000 166.029688 166.014694 166.006597 166.004198 166.004498 166.010196 166.025190 0.000000 
0.000000 0.000000 0.000000 0.000000 0.000000 0.000000 166.035685 166.017393 166.006897 166.003599 166.003599 166.009296 166.025789 0.000000 
0.000000 0.000000 0.000000 0.000000 0.000000 0.000000 0.000000 166.022491 166.007797 166.002999 166.002699 166.009296 166.027289 0.000000 
0.000000 0.000000 0.000000 0.000000 0.000000 0.000000 0.000000 166.029088 166.009896 166.002399 166.002099 166.008996 166.029988 0.000000 
0.000000 0.000000 0.000000 0.000000 0.000000 0.000000 0.000000 166.040783 166.014994 166.002399 166.001200 166.008996 166.036585 0.000000 
0.000000 0.000000 0.000000 0.000000 0.000000 0.000000 0.000000 0.000000 166.024590 166.002699 166.000600 166.009596 0.000000 0.000000 
0.000000 0.000000 0.000000 0.000000 0.000000 0.000000 0.000000 0.000000 0.000000 166.009296 166.000000 166.016793 0.000000 0.000000 
0.000000 0.000000 0.000000 0.000000 0.000000 0.000000 0.000000 0.000000 0.000000 0.000000 166.040483 0.000000 0.000000 0.000000 
