test/output/constant/M3M490_S000_A090_WD045.0_WS025.0/M3M490_S000_A090_WD045.0_WS025.0_arrival.asc
ncols         23
nrows         23
xllcorner     424503.990666
yllcorner     12746655.311160
cellsize      100.000000
NODATA_value  0.000000
0.000000 0.000000 0.000000 0.000000 0.000000 0.000000 0.000000 0.000000 0.000000 0.000000 0.000000 0.000000 0.000000 0.000000 0.000000 0.000000 0.000000 166.041007 166.032464 166.023921 166.016517 166.014808 166.021073 
0.000000 0.000000 0.000000 0.000000 0.000000 0.000000 0.000000 0.000000 0.000000 0.000000 0.000000 0.000000 0.000000 0.000000 0.000000 166.039868 166.031325 166.022782 166.014808 166.006835 166.001139 166.000000 166.014808 
0.000000 0.000000 0.000000 0.000000 0.000000 0.000000 0.000000 0.000000 0.000000 0.000000 0.000000 0.000000 0.000000 0.000000 166.035882 166.027908 166.019934 166.013100 166.006835 166.003417 166.001139 166.001139 166.016517 
0.000000 0.000000 0.000000 0.000000 0.000000 0.000000 0.000000 0.000000 0.000000 0.000000 0.000000 0.000000 166.041007 166.033034 166.026199 166.018795 166.013100 166.007974 166.005126 166.003417 166.003417 166.006835 166.023921 
0.000000 0.000000 0.000000 0.000000 0.000000 0.000000 0.000000 0.000000 0.000000 0.000000 0.000000 166.039299 166.031895 166.025060 166.019365 166.013669 166.009682 166.007404 166.005126 166.005126 166.006835 166.014808 166.032464 
0.000000 0.000000 0.000000 0.000000 0.000000 0.000000 0.000000 0.000000 0.000000 0.000000 166.038160 166.031325 166.025630 166.019934 166.014808 166.011391 166.009113 166.007404 166.007404 166.007974 166.013100 166.022782 166.041007 
0.000000 0.000000 0.000000 0.000000 0.000000 0.000000 0.000000 0.000000 0.000000 166.037590 166.031325 166.025630 166.021073 166.016517 166.013100 166.011391 166.009113 166.009113 166.009682 166.013100 166.019934 166.031325 0.000000 
0.000000 0.000000 0.000000 0.000000 0.000000 0.000000 0.000000 0.000000 166.037590 166.031895 166.026769 166.022212 166.018226 166.015378 166.013100 166.011391 166.011391 166.011391 166.013669 166.018795 166.027908 166.039868 0.000000 
0.000000 0.000000 0.000000 0.000000 0.000000 0.000000 0.000000 166.038160 166.032464 166.027908 166.023351 166.019934 166.017086 166.015378 166.013100 166.013100 166.013100 166.014808 166.019365 166.026199 166.035882 0.000000 0.000000 
0.000000 0.000000 0.000000 0.000000 0.000000 0.000000 166.038729 166.033603 166.029047 166.025060 166.021643 166.018795 166.017086 166.015378 166.015378 166.015378 166.016517 166.019934 166.025060 166.033034 0.000000 0.000000 0.000000 
0.000000 0.000000 0.000000 0.000000 0.000000 166.039868 166.034742 166.030756 166.026769 166.023351 166.021073 166.019365 166.017656 166.017086 166.017086 166.018226 166.021073 166.025630 166.031895 166.041007 0.000000 0.000000 0.000000 
0.000000 0.000000 0.000000 0.000000 166.040438 166.035882 166.031895 166.028477 166.025060 166.022782 166.021073 166.019365 166.019365 166.018795 166.019934 166.022212 166.025630 166.031325 166.039299 0.000000 0.000000 0.000000 0.000000 
0.000000 0.000000 0.000000 166.041577 166.037590 166.033603 166.030186 166.027338 166.025060 166.022782 166.021643 166.021073 166.021073 166.021643 166.023351 166.026769 166.031325 166.038160 0.000000 0.000000 0.000000 0.000000 0.000000 
0.000000 0.000000 0.000000 166.038729 166.035312 166.031895 166.029047 166.026769 166.025060 166.023351 166.022782 166.022782 166.023351 166.025060 166.027908 166.031895 166.037590 0.000000 0.000000 0.000000 0.000000 0.000000 0.000000 
0.000000 0.000000 166.040438 166.037021 166.033603 166.030756 166.029047 166.026769 166.025630 166.025060 166.025060 166.025060 166.026769 166.029047 166.032464 166.037590 0.000000 0.000000 0.000000 0.000000 0.000000 0.000000 0.000000 
0.000000 0.000000 166.038729 166.035312 166.033034 166.030756 166.029047 166.027338 166.026769 166.026769 166.027338 166.028477 166.030756 166.033603 166.038160 0.000000 0.000000 0.000000 0.000000 0.000000 0.000000 0.000000 0.000000 
0.000000 166.040438 166.037021 166.034742 166.033034 166.030756 166.029617 166.029047 166.029047 166.029047 166.030186 166.031895 166.034742 166.038729 0.000000 0.000000 0.000000 0.000000 0.000000 0.000000 0.000000 0.000000 0.000000 
0.000000 166.039299 166.037021 166.034742 166.033034 166.031325 166.030756 166.030756 166.030756 166.031895 166.033603 166.035882 166.039868 0.000000 0.000000 0.000000 0.000000 0.000000 0.000000 0.000000 0.000000 0.000000 0.000000 
166.041007 166.038729 166.037021 166.034742 166.033603 166.033034 166.033034 166.033034 166.033603 166.035312 166.037590 166.040438 0.000000 0.000000 0.000000 0.000000 0.000000 0.000000 0.000000 0.000000 0.000000 0.000000 0.000000 
166.041007 166.038729 166.037021 166.035312 166.034742 166.034742 166.034742 166.035312 166.037021 166.038729 166.041577 0.000000 0.000000 0.000000 0.000000 0.000000 0.000000 0.000000 0.000000 0.000000 0.000000 0.000000 0.000000 
166.041007 166.038729 166.037590 166.037021 166.037021 166.037021 166.037021 166.038729 166.040438 0.000000 0.000000 0.000000 0.000000 0.000000 0.000000 0.000000 0.000000 0.000000 0.000000 0.000000 0.000000 0.000000 0.000000 
166.041007 166.039299 166.038729 166.038729 166.038729 166.039299 166.040438 0.000000 0.000000 0.000000 0.000000 0.000000 0.000000 0.000000 0.000000 0.000000 0.000000 0.000000 0.000000 0.000000 0.000000 0.000000 0.000000 
166.041577 166.041007 166.041007 166.041007 166.041007 0.000000 0.000000 0.000000 0.000000 0.000000 0.000000 0.000000 0.000000 0.000000 0.000000 0.000000 0.000000 0.000000 0.000000 0.000000 0.000000 0.000000 0.000000 
