test/output/constant/M385_S060_A090_WD045.0_WS010.0/M385_S060_A090_WD045.0_WS010.0_arrival.asc
ncols         13
nrows         55
xllcorner     425603.990666
yllcorner     12743355.311160
cellsize      100.000000
NODATA_value  0.000000
0.000000 0.000000 0.000000 0.000000 0.000000 0.000000 0.000000 0.000000 0.000000 166.011231 166.000000 166.025497 0.000000 
0.000000 0.000000 0.000000 0.000000 0.000000 0.000000 0.000000 0.000000 166.030657 166.002732 166.000607 166.015784 0.000000 
0.000000 0.000000 0.000000 0.000000 0.000000 0.000000 0.000000 0.000000 166.016998 166.002125 166.001214 166.013356 0.000000 
0.000000 0.000000 0.000000 0.000000 0.000000 0.000000 0.000000 166.034603 166.010624 166.002125 166.002125 166.013659 0.000000 
0.000000 0.000000 0.000000 0.000000 0.000000 0.000000 0.000000 166.024890 166.007588 166.002732 166.002732 166.013963 0.000000 
0.000000 0.000000 0.000000 0.000000 0.000000 0.000000 166.041281 166.018516 166.006678 166.003642 166.003946 166.014570 166.039156 
0.000000 0.000000 0.000000 0.000000 0.000000 0.000000 166.033086 166.014873 166.006374 166.004250 166.004857 166.015784 166.037942 
0.000000 0.000000 0.000000 0.000000 0.000000 0.000000 166.027015 166.012445 166.006374 166.005160 166.006071 166.016391 166.038246 
0.000000 0.000000 0.000000 0.000000 0.000000 166.041281 166.022765 166.011231 166.006374 166.006071 166.007285 166.017605 166.037639 
0.000000 0.000000 0.000000 0.000000 0.000000 166.034907 166.019730 166.010624 166.006981 166.006678 166.008499 166.018819 166.037639 
0.000000 0.000000 0.000000 0.000000 0.000000 166.030657 166.017302 166.010624 166.007588 166.007588 166.009713 166.020033 166.037942 
0.000000 0.000000 0.000000 0.000000 0.000000 166.027015 166.016087 166.010320 166.008195 166.008195 166.011231 166.021248 166.038549 
0.000000 0.000000 0.000000 0.000000 166.038853 166.024283 166.015177 166.010320 166.009106 166.009410 166.012445 166.022765 166.039156 
0.000000 0.000000 0.000000 0.000000 166.034907 166.022158 166.014873 166.010624 166.009713 166.010017 166.013659 166.023979 166.040067 
0.000000 0.000000 0.000000 0.000000 166.031871 166.020944 166.014570 166.011231 166.010624 166.011231 166.014873 166.025194 166.040674 
0.000000 0.000000 0.000000 0.000000 166.029140 166.019730 166.014570 166.011534 166.011231 166.012141 166.016391 166.026711 0.000000 
0.000000 0.000000 0.000000 166.039156 166.027015 166.019123 166.014570 166.012141 166.012141 166.013356 166.017605 166.027925 0.000000 
0.000000 0.000000 0.000000 166.036424 166.025801 166.018819 166.014570 166.013052 166.013052 166.014570 166.018819 166.029140 0.000000 
0.000000 0.000000 0.000000 166.033996 166.024586 166.018819 166.014873 166.013659 166.013659 166.015784 166.020337 166.030354 0.000000 
0.000000 0.000000 0.000000 166.031871 166.023676 166.018516 166.015480 166.014570 166.014570 166.016695 166.021551 166.031871 0.000000 
0.000000 0.000000 166.041281 166.030657 166.023372 166.018516 166.015784 166.015177 166.015480 166.017909 166.022765 166.033086 0.000000 
0.000000 0.000000 166.038853 166.029443 166.023069 166.018516 166.016391 166.016087 166.016391 166.019123 166.024283 166.034603 0.000000 
0.000000 0.000000 166.036728 166.028229 166.022765 166.018819 166.016998 166.016695 166.017605 166.020337 166.025497 166.035817 0.000000 
0.000000 0.000000 166.035514 166.027925 166.022765 166.019123 166.017605 166.017605 166.018516 166.021551 166.026711 166.037032 0.000000 
0.000000 0.000000 166.033996 166.027622 166.022462 166.019730 166.018212 166.018212 166.019426 166.022765 166.028229 166.038549 0.000000 
0.000000 166.041585 166.033086 166.027318 166.022462 166.020033 166.019123 166.019123 166.020641 166.023979 166.029443 166.039763 0.000000 
0.000000 166.040370 166.032478 166.027015 166.022765 166.020337 166.019730 166.020033 166.021855 166.025497 166.030657 166.040977 0.000000 
0.000000 166.039156 166.031871 166.026711 166.023069 166.020944 166.020641 166.020944 166.022765 166.026711 166.032175 0.000000 0.000000 
0.000000 166.037942 166.031568 166.026711 166.023372 166.021551 166.021551 166.021855 166.023979 166.027925 166.033389 0.000000 0.000000 
0.000000 166.037032 166.031264 166.026711 166.023676 166.022158 166.022158 166.022765 166.025194 166.029140 166.034603 0.000000 0.000000 
0.000000 166.036424 166.031264 166.026711 166.024283 166.023069 166.023069 166.023979 166.026408 166.030354 166.036121 0.000000 0.000000 
0.000000 166.036121 166.030961 166.027015 166.024586 166.023676 166.023676 166.024586 166.027622 166.031871 166.037335 0.000000 0.000000 
166.041585 166.035817 166.030961 166.027318 166.025194 166.024586 166.024586 166.025801 166.028532 166.033086 166.038549 0.000000 0.000000 
166.040977 166.035514 166.030657 166.027622 166.025801 166.025194 166.025194 166.027015 166.029747 166.034300 166.040067 0.000000 0.000000 
166.040370 166.035210 166.030657 166.027925 166.026408 166.026104 166.026408 166.027925 166.030961 166.035817 166.041281 0.000000 0.000000 
166.040067 166.035210 166.030961 166.028532 166.027015 166.026711 166.027318 166.029140 166.032175 166.037032 0.000000 0.000000 0.000000 
166.040067 166.034907 166.031264 166.028836 166.027622 166.027622 166.028229 166.030050 166.033389 166.038246 0.000000 0.000000 0.000000 
166.039763 166.034907 166.031568 166.029140 166.028229 166.028229 166.029140 166.031264 166.034603 166.039460 0.000000 0.000000 0.000000 
166.039460 166.034907 166.031871 166.029747 166.029140 166.029140 166.030050 166.032478 166.035817 166.040977 0.000000 0.000000 0.000000 
166.039156 166.034907 166.032175 166.030354 166.030050 166.030050 166.030961 166.033693 166.037032 0.000000 0.000000 0.000000 0.000000 
166.039156 166.035210 166.032478 166.030961 166.030657 166.030657 166.032175 166.034907 166.038246 0.000000 0.000000 0.000000 0.000000 
166.038853 166.035514 166.033086 166.031568 166.031568 166.031568 166.033086 166.035817 166.039460 0.000000 0.000000 0.000000 0.000000 
166.038853 166.035817 166.033389 166.032175 166.032175 166.032478 166.034300 166.037032 166.040977 0.000000 0.000000 0.000000 0.000000 
166.038853 166.036121 166.033996 166.033086 166.033086 166.033389 166.035514 166.038246 0.000000 0.000000 0.000000 0.000000 0.000000 
166.039156 166.036424 166.034603 166.033693 166.033693 166.034300 166.036424 166.039460 0.000000 0.000000 0.000000 0.000000 0.000000 
166.039460 166.036728 166.035210 166.034603 166.034603 166.035514 166.037639 166.040370 0.000000 0.000000 0.000000 0.000000 0.000000 
166.039763 166.037335 166.035817 166.035210 166.035514 166.036424 166.038549 166.041585 0.000000 0.000000 0.000000 0.000000 0.000000 
166.039763 166.037639 166.036121 166.036121 166.036121 166.037335 166.039763 0.000000 0.000000 0.000000 0.000000 0.000000 0.000000 
166.040370 166.037942 166.037032 166.036728 166.037032 166.038246 166.040977 0.000000 0.000000 0.000000 0.000000 0.000000 0.000000 
166.040674 166.038549 166.037639 166.037639 166.037942 166.039460 0.000000 0.000000 0.000000 0.000000 0.000000 0.000000 0.000000 
166.040977 166.039156 166.038549 166.038549 166.038853 166.040370 0.000000 0.000000 0.000000 0.000000 0.000000 0.000000 0.000000 
166.041585 166.039763 166.039156 166.039156 166.039763 166.041585 0.000000 0.000000 0.000000 0.000000 0.000000 0.000000 0.000000 
0.000000 166.040370 166.040067 166.040067 166.040674 0.000000 0.000000 0.000000 0.000000 0.000000 0.000000 0.000000 0.000000 
0.000000 166.040977 166.040674 166.040674 166.041667 0.000000 0.000000 0.000000 0.000000 0.000000 0.000000 0.000000 0.000000 
0.000000 166.041585 166.041585 166.041585 0.000000 0.000000 0.000000 0.000000 0.000000 0.000000 0.000000 0.000000 0.000000 
