test/output/constant/M385_S060_A090_WD045.0_WS010.0/M385_S060_A090_WD045.0_WS010.0_ros.asc
ncols         13
nrows         55
xllcorner     425603.990666
yllcorner     12743355.311160
cellsize      100.000000
NODATA_value  0.000000
0.000000 0.000000 0.000000 0.000000 0.000000 0.000000 0.000000 0.000000 0.000000 1.037382 -1.000000 0.678232 0.000000 
0.000000 0.000000 0.000000 0.000000 0.000000 0.000000 0.000000 0.000000 0.701469 62.458881 91.140167 18.776217 0.000000 
0.000000 0.000000 0.000000 0.000000 0.000000 0.000000 0.000000 0.000000 54.950603 91.140167 91.140167 18.776217 0.000000 
0.000000 0.000000 0.000000 0.000000 0.000000 0.000000 0.000000 2.356249 2.356249 85.565903 91.140167 25.353352 0.000000 
0.000000 0.000000 0.000000 0.000000 0.000000 0.000000 0.000000 1.209541 62.458881 91.140167 88.995583 18.776217 0.000000 
0.000000 0.000000 0.000000 0.000000 0.000000 0.000000 1.209541 54.950603 4.551895 91.140167 40.193119 48.005177 18.776217 
0.000000 0.000000 0.000000 0.000000 0.000000 0.000000 62.458881 62.458881 62.458881 91.140167 55.764263 25.353352 40.193119 
0.000000 0.000000 0.000000 0.000000 0.000000 0.000000 62.458881 62.458881 91.140167 91.140167 55.764263 48.005177 18.776217 
0.000000 0.000000 0.000000 0.000000 0.000000 62.458881 62.458881 62.458881 91.140167 91.140167 48.005177 48.005177 25.353352 
0.000000 0.000000 0.000000 0.000000 0.000000 4.551895 69.476654 62.458881 91.140167 91.140167 48.005177 48.005177 18.776217 
0.000000 0.000000 0.000000 0.000000 0.000000 62.458881 69.476654 7.946141 91.140167 48.005177 55.764263 32.565308 48.005177 
0.000000 0.000000 0.000000 0.000000 0.000000 62.458881 2.356249 91.140167 91.140167 91.140167 40.193119 55.764263 18.776217 
0.000000 0.000000 0.000000 0.000000 1.209541 7.946141 62.458881 91.140167 91.140167 48.005177 25.353352 40.193119 55.764263 
0.000000 0.000000 0.000000 0.000000 62.458881 69.476654 62.458881 91.140167 91.140167 81.730637 55.764263 55.764263 32.565308 
0.000000 0.000000 0.000000 0.000000 2.356249 1.209541 91.140167 91.140167 91.140167 32.565308 48.005177 48.005177 18.776217 
0.000000 0.000000 0.000000 0.000000 4.551895 69.476654 4.551895 91.140167 91.140167 55.764263 25.353352 40.193119 0.000000 
0.000000 0.000000 0.000000 4.551895 62.458881 62.458881 91.140167 91.140167 76.418121 48.005177 55.764263 48.005177 0.000000 
0.000000 0.000000 0.000000 69.476654 4.551895 62.458881 85.565903 91.140167 91.140167 48.005177 48.005177 48.005177 0.000000 
0.000000 0.000000 0.000000 62.458881 62.458881 4.551895 91.140167 91.140167 76.418121 40.193119 32.565308 55.764263 0.000000 
0.000000 0.000000 0.000000 62.458881 62.458881 69.476654 91.140167 91.140167 55.764263 48.005177 55.764263 32.565308 0.000000 
0.000000 0.000000 62.458881 4.551895 69.476654 91.140167 91.140167 91.140167 48.005177 48.005177 55.764263 55.764263 0.000000 
0.000000 0.000000 69.476654 4.551895 69.476654 81.208527 91.140167 91.140167 76.418121 55.764263 32.565308 32.565308 0.000000 
0.000000 0.000000 62.458881 69.476654 69.476654 91.140167 91.140167 91.140167 55.764263 32.565308 48.005177 18.776217 0.000000 
0.000000 0.000000 2.356249 62.458881 62.458881 91.140167 91.140167 91.140167 55.764263 48.005177 55.764263 48.005177 0.000000 
0.000000 0.000000 62.458881 7.946141 69.476654 91.140167 91.140167 91.140167 85.965988 48.005177 48.005177 48.005177 0.000000 
0.000000 62.458881 62.458881 62.458881 88.730156 91.140167 91.140167 91.140167 55.764263 48.005177 18.776217 48.005177 0.000000 
0.000000 4.551895 4.551895 91.140167 88.730156 91.140167 91.140167 63.234756 32.565308 40.193119 48.005177 48.005177 0.000000 
0.000000 4.551895 62.458881 69.476654 91.140167 91.140167 91.140167 48.005177 63.234756 25.353352 25.353352 0.000000 0.000000 
0.000000 62.458881 62.458881 62.458881 91.140167 91.140167 91.140167 55.764263 63.234756 48.005177 48.005177 0.000000 0.000000 
0.000000 62.458881 62.458881 91.140167 81.208527 91.140167 91.052216 91.140167 48.005177 55.764263 55.764263 0.000000 0.000000 
0.000000 62.458881 4.551895 91.140167 91.140167 91.140167 91.140167 40.193119 48.005177 63.234756 40.193119 0.000000 0.000000 
0.000000 69.476654 62.458881 90.990852 85.565903 91.140167 81.730637 85.965988 32.565308 32.565308 55.764263 0.000000 0.000000 
69.476654 62.458881 4.551895 91.140167 91.140167 91.140167 91.140167 55.764263 70.189781 48.005177 55.764263 0.000000 0.000000 
62.458881 62.458881 91.140167 85.565903 91.140167 91.140167 85.965988 55.764263 48.005177 55.764263 32.565308 0.000000 0.000000 
62.458881 88.730156 91.140167 91.140167 91.140167 91.140167 85.965988 55.764263 48.005177 25.353352 55.764263 0.000000 0.000000 
62.458881 62.458881 91.140167 91.140167 91.140167 91.140167 55.764263 55.764263 48.005177 25.353352 0.000000 0.000000 0.000000 
4.551895 69.476654 91.140167 91.140167 91.140167 48.005177 18.776217 81.730637 32.565308 55.764263 0.000000 0.000000 0.000000 
62.458881 4.551895 91.140167 91.140167 91.140167 91.140167 91.140167 55.764263 32.565308 55.764263 0.000000 0.000000 0.000000 
62.458881 91.140167 91.140167 91.140167 91.140167 70.189781 63.234756 48.005177 32.565308 25.353352 0.000000 0.000000 0.000000 
69.476654 85.565903 91.140167 91.140167 91.140167 91.140167 91.140167 32.565308 48.005177 0.000000 0.000000 0.000000 0.000000 
62.458881 91.140167 88.730156 91.140167 91.140167 76.418121 25.353352 32.565308 55.764263 0.000000 0.000000 0.000000 0.000000 
69.476654 91.140167 91.140167 91.140167 70.189781 55.764263 55.764263 63.234756 63.234756 0.000000 0.000000 0.000000 0.000000 
91.140167 91.140167 91.140167 91.140167 91.140167 88.995583 32.565308 55.764263 40.193119 0.000000 0.000000 0.000000 0.000000 
91.140167 91.140167 91.140167 91.140167 91.140167 91.140167 40.193119 48.005177 0.000000 0.000000 0.000000 0.000000 0.000000 
91.140167 91.140167 91.140167 91.140167 91.140167 85.965988 55.764263 48.005177 0.000000 0.000000 0.000000 0.000000 0.000000 
91.140167 91.140167 91.140167 91.140167 48.005177 81.730637 25.353352 55.764263 0.000000 0.000000 0.000000 0.000000 0.000000 
91.140167 91.140167 91.140167 91.140167 91.140167 48.005177 55.764263 55.764263 0.000000 0.000000 0.000000 0.000000 0.000000 
88.730156 91.140167 91.140167 91.140167 63.234756 91.140167 48.005177 0.000000 0.000000 0.000000 0.000000 0.000000 0.000000 
91.140167 85.565903 91.140167 91.140167 48.005177 70.189781 32.565308 0.000000 0.000000 0.000000 0.000000 0.000000 0.000000 
91.140167 91.140167 91.140167 85.965988 91.140167 55.764263 0.000000 0.000000 0.000000 0.000000 0.000000 0.000000 0.000000 
91.140167 91.140167 91.140167 91.140167 48.005177 48.005177 0.000000 0.000000 0.000000 0.000000 0.000000 0.000000 0.000000 
91.140167 91.140167 91.140167 91.140167 91.140167 81.730637 0.000000 0.000000 0.000000 0.000000 0.000000 0.000000 0.000000 
0.000000 91.140167 91.140167 55.764263 63.234756 0.000000 0.000000 0.000000 0.000000 0.000000 0.000000 0.000000 0.000000 
0.000000 91.140167 91.140167 91.140167 91.140167 0.000000 0.000000 0.000000 0.000000 0.000000 0.000000 0.000000 0.000000 
0.000000 91.140167 70.189781 85.965988 0.000000 0.000000 0.000000 0.000000 0.000000 0.000000 0.000000 0.000000 0.000000 
