test/output/constant/M3100_S060_A180_WD000.0_WS010.0/M3100_S060_A180_WD000.0_WS010.0_raz.asc
ncols         58
nrows         19
xllcorner     426603.990666
yllcorner     12747155.311160
cellsize      100.000000
NODATA_value  0.000000
0 0 0 0 82 0 0 0 0 0 0 0 0 0 0 0 0 0 0 0 0 0 0 0 0 0 0 0 0 0 0 0 0 0 0 0 0 0 0 0 0 0 0 0 0 0 0 0 0 0 0 0 0 0 0 0 0 0 
349 82 82 88 82 82 91 85 91 93 82 91 88 93 91 88 93 91 82 0 0 0 0 0 0 0 0 0 0 0 0 0 0 0 0 0 0 0 0 0 0 0 0 0 0 0 0 0 0 0 0 0 0 0 0 0 0 0 
65535 103 103 103 101 98 85 85 98 97 91 85 82 93 85 76 91 85 93 93 82 91 88 93 91 88 93 0 0 0 0 0 0 0 0 0 0 0 0 0 0 0 0 0 0 0 0 0 0 0 0 0 0 0 0 0 0 0 
283 108 104 103 103 103 99 100 103 103 85 100 85 98 85 98 85 97 97 88 85 88 88 98 98 97 88 88 82 97 91 0 0 0 0 0 0 0 0 0 0 0 0 0 0 0 0 0 0 0 0 0 0 0 0 0 0 0 
179 179 149 111 103 103 103 103 103 103 103 103 103 85 102 103 101 103 102 102 85 100 85 103 85 98 85 97 99 99 99 98 98 97 91 0 0 0 0 0 0 0 0 0 0 0 0 0 0 0 0 0 0 0 0 0 0 0 
0 0 179 112 111 109 111 103 104 103 103 103 103 103 103 103 98 103 103 103 88 88 103 103 101 88 103 103 93 101 100 101 99 100 88 98 85 97 0 0 0 0 0 0 0 0 0 0 0 0 0 0 0 0 0 0 0 0 
0 0 0 179 111 111 149 111 111 103 105 105 103 103 103 103 103 103 103 100 103 99 103 96 85 103 103 88 103 88 103 103 103 100 85 101 100 101 101 88 98 0 0 0 0 0 0 0 0 0 0 0 0 0 0 0 0 0 
0 0 0 0 0 193 179 111 111 218 111 105 103 106 105 106 103 103 105 103 103 103 103 103 103 103 103 103 103 103 103 101 103 103 82 102 103 82 100 82 103 102 99 103 0 0 0 0 0 0 0 0 0 0 0 0 0 0 
0 0 0 0 0 0 0 166 111 111 111 111 111 111 107 104 106 103 103 103 103 103 103 103 103 103 100 103 103 98 103 103 103 103 103 103 103 82 98 103 101 103 103 100 103 103 101 0 0 0 0 0 0 0 0 0 0 0 
0 0 0 0 0 0 0 0 0 0 111 111 111 111 111 105 111 104 104 111 104 103 103 103 103 103 103 103 103 103 103 103 103 103 100 99 103 103 103 103 103 103 103 76 100 82 103 103 88 0 0 0 0 0 0 0 0 0 
0 0 0 0 0 0 0 0 0 0 0 0 111 109 111 111 111 109 104 111 104 105 104 103 103 103 103 103 103 103 103 103 103 103 103 103 103 88 85 103 103 103 103 103 85 98 88 103 103 99 103 100 0 0 0 0 0 0 
0 0 0 0 0 0 0 0 0 0 0 0 0 0 0 111 111 111 111 111 109 103 103 103 104 103 103 103 103 103 103 103 103 103 103 103 103 103 103 103 103 103 103 103 103 103 103 103 102 103 103 103 103 0 0 0 0 0 
0 0 0 0 0 0 0 0 0 0 0 0 0 0 0 0 0 0 111 109 109 109 111 109 103 111 105 105 111 106 103 103 103 103 103 103 103 103 103 103 103 103 103 103 103 103 103 98 99 85 97 103 103 103 88 0 0 0 
0 0 0 0 0 0 0 0 0 0 0 0 0 0 0 0 0 0 0 0 0 111 109 111 109 111 105 103 106 104 105 103 105 103 103 103 103 103 105 103 103 103 103 103 103 103 103 103 103 103 103 103 103 103 103 97 103 0 
0 0 0 0 0 0 0 0 0 0 0 0 0 0 0 0 0 0 0 0 0 0 0 0 111 111 111 111 109 111 111 105 107 103 103 103 103 103 106 103 104 103 103 103 103 103 103 103 103 103 103 103 103 101 103 103 103 100 
0 0 0 0 0 0 0 0 0 0 0 0 0 0 0 0 0 0 0 0 0 0 0 0 0 0 0 0 109 111 111 111 111 104 105 103 109 105 104 103 103 103 104 103 103 103 103 103 103 103 103 103 103 103 103 103 103 103 
0 0 0 0 0 0 0 0 0 0 0 0 0 0 0 0 0 0 0 0 0 0 0 0 0 0 0 0 0 0 0 0 0 105 109 106 111 111 109 104 105 103 103 103 104 103 103 103 103 103 104 103 103 103 103 103 103 103 
0 0 0 0 0 0 0 0 0 0 0 0 0 0 0 0 0 0 0 0 0 0 0 0 0 0 0 0 0 0 0 0 0 0 0 0 0 0 105 103 103 103 105 107 108 105 103 103 103 103 103 103 103 103 103 103 103 105 
0 0 0 0 0 0 0 0 0 0 0 0 0 0 0 0 0 0 0 0 0 0 0 0 0 0 0 0 0 0 0 0 0 0 0 0 0 0 0 0 0 0 0 0 0 0 0 104 108 104 104 103 103 104 0 0 0 0 
