test/output/constant/C2_S000_A000_WD000.0_WS050.0/C2_S000_A000_WD000.0_WS050.0_arrival.asc
ncols         7
nrows         38
xllcorner     426303.990666
yllcorner     12745055.311160
cellsize      100.000000
NODATA_value  0.000000
0.000000 0.000000 166.033082 166.000000 166.033082 0.000000 0.000000 
0.000000 0.000000 166.012236 166.000906 166.012236 0.000000 0.000000 
0.000000 0.000000 166.008157 166.001813 166.008157 0.000000 0.000000 
0.000000 166.038973 166.007704 166.003172 166.007704 166.038973 0.000000 
0.000000 166.032175 166.007251 166.004079 166.007251 166.032175 0.000000 
0.000000 166.028097 166.007704 166.005438 166.007704 166.028097 0.000000 
0.000000 166.025378 166.008610 166.006344 166.008610 166.025378 0.000000 
0.000000 166.023565 166.009517 166.007704 166.009517 166.023565 0.000000 
0.000000 166.022659 166.010423 166.008610 166.010423 166.022659 0.000000 
0.000000 166.022206 166.011329 166.009970 166.011329 166.022206 0.000000 
0.000000 166.021752 166.012236 166.010876 166.012236 166.021752 0.000000 
166.040786 166.021752 166.013595 166.012236 166.013595 166.021752 166.040786 
166.038973 166.021752 166.014502 166.013142 166.014502 166.021752 166.038973 
166.038067 166.022206 166.015408 166.014502 166.015408 166.022206 166.038067 
166.037160 166.023112 166.016767 166.015408 166.016767 166.023112 166.037160 
166.036707 166.023565 166.017674 166.016767 166.017674 166.023565 166.036707 
166.036254 166.024471 166.018580 166.017674 166.018580 166.024471 166.036254 
166.036254 166.025378 166.019940 166.019033 166.019940 166.025378 166.036254 
166.036254 166.025831 166.020846 166.019940 166.020846 166.025831 166.036254 
166.036254 166.026737 166.022206 166.021299 166.022206 166.026737 166.036254 
166.036254 166.027644 166.023112 166.022206 166.023112 166.027644 166.036254 
166.036707 166.028550 166.024471 166.023565 166.024471 166.028550 166.036707 
166.037160 166.029456 166.025378 166.024471 166.025378 166.029456 166.037160 
166.038067 166.030363 166.026737 166.025831 166.026737 166.030363 166.038067 
166.038973 166.031269 166.027644 166.026737 166.027644 166.031269 166.038973 
166.039426 166.032175 166.029003 166.028097 166.029003 166.032175 166.039426 
166.040333 166.033535 166.029910 166.029003 166.029910 166.033535 166.040333 
166.041239 166.034441 166.031269 166.030363 166.031269 166.034441 166.041239 
166.041667 166.035348 166.032175 166.031269 166.032175 166.035348 166.041667 
0.000000 166.036254 166.033535 166.032629 166.033535 166.036254 0.000000 
0.000000 166.037614 166.034441 166.033535 166.034441 166.037614 0.000000 
0.000000 166.038520 166.035801 166.034895 166.035801 166.038520 0.000000 
0.000000 166.039426 166.036707 166.035801 166.036707 166.039426 0.000000 
0.000000 166.040786 166.037614 166.037160 166.037614 166.040786 0.000000 
0.000000 166.041667 166.038973 166.038067 166.038973 166.041667 0.000000 
0.000000 0.000000 166.039879 166.039426 166.039879 0.000000 0.000000 
0.000000 0.000000 166.041239 166.040333 166.041239 0.000000 0.000000 
0.000000 0.000000 0.000000 166.041667 0.000000 0.000000 0.000000 
