test/output/constant/M3M400_S060_A180_WD045.0_WS045.0/M3M400_S060_A180_WD045.0_WS045.0_intensity.asc
ncols         16
nrows         41
xllcorner     426403.990666
yllcorner     12744855.311160
cellsize      100.000000
NODATA_value  0.000000
0 1382 2437 1844 0 0 0 0 0 0 0 0 0 0 0 0 
0 1954 0 2437 2917 0 0 0 0 0 0 0 0 0 0 0 
1382 17867 62630 58994 1844 2917 0 0 0 0 0 0 0 0 0 0 
10030 10030 62630 58994 48410 2917 2917 0 0 0 0 0 0 0 0 0 
17867 32636 62630 62630 52567 52567 3544 0 0 0 0 0 0 0 0 0 
10030 32636 62630 62630 61069 48410 48410 43785 0 0 0 0 0 0 0 0 
13661 10030 47491 62630 61069 52567 52567 43785 0 0 0 0 0 0 0 0 
10030 32636 42786 62630 62630 56131 52567 43785 43785 0 0 0 0 0 0 0 
0 13661 10030 62630 62630 48410 52567 48410 1844 0 0 0 0 0 0 0 
0 32636 32636 60711 62630 62568 62630 48410 48410 43785 0 0 0 0 0 0 
0 32636 37783 51756 62630 58994 52567 56131 2437 52567 0 0 0 0 0 0 
0 17867 32636 62630 62630 61069 56131 52567 52567 2917 1844 0 0 0 0 0 
0 32636 37783 60711 62630 62630 62630 62630 52567 52567 2437 0 0 0 0 0 
0 37783 13661 62478 58468 62630 58994 52567 52567 48410 2917 0 0 0 0 0 
0 13661 22525 51756 62630 62630 62630 62630 58994 48410 52567 48410 0 0 0 0 
0 32636 37783 47491 60711 62630 62630 62293 62630 52567 58994 48410 0 0 0 0 
0 0 37783 42786 51756 62630 62630 56131 61069 62630 52567 52567 0 0 0 0 
0 0 32636 10030 17867 62630 62630 62568 62630 58994 52567 52567 2437 0 0 0 
0 0 32636 47491 47491 62630 62630 62630 62630 62630 52567 48410 48410 0 0 0 
0 0 13661 22525 58468 55453 55453 62630 62630 61069 62630 52567 48410 0 0 0 
0 0 22525 47491 47491 62113 62630 62630 62630 62630 58994 52567 2437 52567 0 0 
0 0 0 37783 62630 37783 17867 62630 62630 62630 10755 62293 52567 52567 0 0 
0 0 0 51756 62630 62630 62630 62630 62630 62630 52567 62630 61069 52567 0 0 
0 0 0 22525 47491 55453 62630 62630 62630 62630 62568 56131 62630 48410 0 0 
0 0 0 0 47491 62113 62630 62630 62630 56131 62630 52567 58994 61069 48410 0 
0 0 0 0 37783 37783 17867 60711 62630 62630 62630 62630 62630 52567 48410 0 
0 0 0 0 13661 62630 7069 62630 62113 62630 62630 62568 52567 62630 61069 0 
0 0 0 0 47491 13661 60711 55453 62630 62630 62293 61069 62568 61069 58994 0 
0 0 0 0 0 60711 51756 62630 62630 62630 62630 62630 56131 48410 62630 0 
0 0 0 0 0 62630 62630 51756 62630 62630 62630 62630 62630 61069 62630 0 
0 0 0 0 0 0 51756 62630 62630 55453 62630 62630 62630 62293 61069 62568 
0 0 0 0 0 0 47491 62630 62630 62630 62630 62630 62630 56131 62568 61069 
0 0 0 0 0 0 0 62630 62630 62630 62630 62630 62630 58994 58994 62630 
0 0 0 0 0 0 0 58468 60711 62630 62630 62630 62630 62630 48410 58994 
0 0 0 0 0 0 0 58468 22525 62630 62630 62630 61069 62630 62293 52567 
0 0 0 0 0 0 0 0 17867 62630 62630 62630 62630 56131 61069 52567 
0 0 0 0 0 0 0 0 0 62630 62630 62630 62630 62630 62293 62630 
0 0 0 0 0 0 0 0 0 32636 62630 62630 62630 62630 58994 62293 
0 0 0 0 0 0 0 0 0 0 62630 62630 62630 62630 56131 0 
0 0 0 0 0 0 0 0 0 0 0 62630 62630 62630 62630 0 
0 0 0 0 0 0 0 0 0 0 0 0 62630 61069 62630 0 
