test/output/constant/M3M400_S060_A180_WD045.0_WS045.0/M3M400_S060_A180_WD045.0_WS045.0_ros.asc
ncols         16
nrows         41
xllcorner     426403.990666
yllcorner     12744855.311160
cellsize      100.000000
NODATA_value  0.000000
0.000000 1.486393 2.619967 1.982882 0.000000 0.000000 0.000000 0.000000 0.000000 0.000000 0.000000 0.000000 0.000000 0.000000 0.000000 0.000000 
0.000000 2.101101 0.000000 2.619967 3.136713 0.000000 0.000000 0.000000 0.000000 0.000000 0.000000 0.000000 0.000000 0.000000 0.000000 0.000000 
1.486393 19.208937 67.332298 63.423603 1.982882 3.136713 0.000000 0.000000 0.000000 0.000000 0.000000 0.000000 0.000000 0.000000 0.000000 0.000000 
10.783023 10.783023 67.332298 63.423603 52.044228 3.136713 3.136713 0.000000 0.000000 0.000000 0.000000 0.000000 0.000000 0.000000 0.000000 0.000000 
19.208937 35.086128 67.332298 67.332298 56.513733 56.513733 3.810173 0.000000 0.000000 0.000000 0.000000 0.000000 0.000000 0.000000 0.000000 0.000000 
10.783023 35.086128 67.332298 67.332298 65.654121 52.044228 52.044228 47.072803 0.000000 0.000000 0.000000 0.000000 0.000000 0.000000 0.000000 0.000000 
14.687399 10.783023 51.056396 67.332298 65.654121 56.513733 56.513733 47.072803 0.000000 0.000000 0.000000 0.000000 0.000000 0.000000 0.000000 0.000000 
10.783023 35.086128 45.998024 67.332298 67.332298 60.345642 56.513733 47.072803 47.072803 0.000000 0.000000 0.000000 0.000000 0.000000 0.000000 0.000000 
0.000000 14.687399 10.783023 67.332298 67.332298 52.044228 56.513733 52.044228 1.982882 0.000000 0.000000 0.000000 0.000000 0.000000 0.000000 0.000000 
0.000000 35.086128 35.086128 65.269066 67.332298 67.265663 67.332298 52.044228 52.044228 47.072803 0.000000 0.000000 0.000000 0.000000 0.000000 0.000000 
0.000000 35.086128 40.620316 55.642120 67.332298 63.423603 56.513733 60.345642 2.619967 56.513733 0.000000 0.000000 0.000000 0.000000 0.000000 0.000000 
0.000000 19.208937 35.086128 67.332298 67.332298 65.654121 60.345642 56.513733 56.513733 3.136713 1.982882 0.000000 0.000000 0.000000 0.000000 0.000000 
0.000000 35.086128 40.620316 65.269066 67.332298 67.332298 67.332298 67.332298 56.513733 56.513733 2.619967 0.000000 0.000000 0.000000 0.000000 0.000000 
0.000000 40.620316 14.687399 67.168854 62.857899 67.332298 63.423603 56.513733 56.513733 52.044228 3.136713 0.000000 0.000000 0.000000 0.000000 0.000000 
0.000000 14.687399 24.216946 55.642120 67.332298 67.332298 67.332298 67.332298 63.423603 52.044228 56.513733 52.044228 0.000000 0.000000 0.000000 0.000000 
0.000000 35.086128 40.620316 51.056396 65.269066 67.332298 67.332298 66.969421 67.332298 56.513733 63.423603 52.044228 0.000000 0.000000 0.000000 0.000000 
0.000000 0.000000 40.620316 45.998024 55.642120 67.332298 67.332298 60.345642 65.654121 67.332298 56.513733 56.513733 0.000000 0.000000 0.000000 0.000000 
0.000000 0.000000 35.086128 10.783023 19.208937 67.332298 67.332298 67.265663 67.332298 63.423603 56.513733 56.513733 2.619967 0.000000 0.000000 0.000000 
0.000000 0.000000 35.086128 51.056396 51.056396 67.332298 67.332298 67.332298 67.332298 67.332298 56.513733 52.044228 52.044228 0.000000 0.000000 0.000000 
0.000000 0.000000 14.687399 24.216946 62.857899 59.616135 59.616135 67.332298 67.332298 65.654121 67.332298 56.513733 52.044228 0.000000 0.000000 0.000000 
0.000000 0.000000 24.216946 51.056396 51.056396 66.776505 67.332298 67.332298 67.332298 67.332298 63.423603 56.513733 2.619967 56.513733 0.000000 0.000000 
0.000000 0.000000 0.000000 40.620316 67.332298 40.620316 19.208937 67.332298 67.332298 67.332298 11.563092 66.969421 56.513733 56.513733 0.000000 0.000000 
0.000000 0.000000 0.000000 55.642120 67.332298 67.332298 67.332298 67.332298 67.332298 67.332298 56.513733 67.332298 65.654121 56.513733 0.000000 0.000000 
0.000000 0.000000 0.000000 24.216946 51.056396 59.616135 67.332298 67.332298 67.332298 67.332298 67.265663 60.345642 67.332298 52.044228 0.000000 0.000000 
0.000000 0.000000 0.000000 0.000000 51.056396 66.776505 67.332298 67.332298 67.332298 60.345642 67.332298 56.513733 63.423603 65.654121 52.044228 0.000000 
0.000000 0.000000 0.000000 0.000000 40.620316 40.620316 19.208937 65.269066 67.332298 67.332298 67.332298 67.332298 67.332298 56.513733 52.044228 0.000000 
0.000000 0.000000 0.000000 0.000000 14.687399 67.332298 7.600582 67.332298 66.776505 67.332298 67.332298 67.265663 56.513733 67.332298 65.654121 0.000000 
0.000000 0.000000 0.000000 0.000000 51.056396 14.687399 65.269066 59.616135 67.332298 67.332298 66.969421 65.654121 67.265663 65.654121 63.423603 0.000000 
0.000000 0.000000 0.000000 0.000000 0.000000 65.269066 55.642120 67.332298 67.332298 67.332298 67.332298 67.332298 60.345642 52.044228 67.332298 0.000000 
0.000000 0.000000 0.000000 0.000000 0.000000 67.332298 67.332298 55.642120 67.332298 67.332298 67.332298 67.332298 67.332298 65.654121 67.332298 0.000000 
0.000000 0.000000 0.000000 0.000000 0.000000 0.000000 55.642120 67.332298 67.332298 59.616135 67.332298 67.332298 67.332298 66.969421 65.654121 67.265663 
0.000000 0.000000 0.000000 0.000000 0.000000 0.000000 51.056396 67.332298 67.332298 67.332298 67.332298 67.332298 67.332298 60.345642 67.265663 65.654121 
0.000000 0.000000 0.000000 0.000000 0.000000 0.000000 0.000000 67.332298 67.332298 67.332298 67.332298 67.332298 67.332298 63.423603 63.423603 67.332298 
0.000000 0.000000 0.000000 0.000000 0.000000 0.000000 0.000000 62.857899 65.269066 67.332298 67.332298 67.332298 67.332298 67.332298 52.044228 63.423603 
0.000000 0.000000 0.000000 0.000000 0.000000 0.000000 0.000000 62.857899 24.216946 67.332298 67.332298 67.332298 65.654121 67.332298 66.969421 56.513733 
0.000000 0.000000 0.000000 0.000000 0.000000 0.000000 0.000000 0.000000 19.208937 67.332298 67.332298 67.332298 67.332298 60.345642 65.654121 56.513733 
0.000000 0.000000 0.000000 0.000000 0.000000 0.000000 0.000000 0.000000 0.000000 67.332298 67.332298 67.332298 67.332298 67.332298 66.969421 67.332298 
0.000000 0.000000 0.000000 0.000000 0.000000 0.000000 0.000000 0.000000 0.000000 35.086128 67.332298 67.332298 67.332298 67.332298 63.423603 66.969421 
0.000000 0.000000 0.000000 0.000000 0.000000 0.000000 0.000000 0.000000 0.000000 0.000000 67.332298 67.332298 67.332298 67.332298 60.345642 0.000000 
0.000000 0.000000 0.000000 0.000000 0.000000 0.000000 0.000000 0.000000 0.000000 0.000000 0.000000 67.332298 67.332298 67.332298 67.332298 0.000000 
0.000000 0.000000 0.000000 0.000000 0.000000 0.000000 0.000000 0.000000 0.000000 0.000000 0.000000 0.000000 67.332298 65.654121 67.332298 0.000000 
