test/output/constant/M3M475_S060_A180_WD000.0_WS010.0/M3M475_S060_A180_WD000.0_WS010.0_arrival.asc
ncols         40
nrows         14
xllcorner     426603.990666
yllcorner     12747555.311160
cellsize      100.000000
NODATA_value  0.000000
166.025403 166.020896 166.020896 166.021715 166.023354 166.025812 166.028271 166.030729 166.033187 166.035646 166.038514 166.040972 0.000000 0.000000 0.000000 0.000000 0.000000 0.000000 0.000000 0.000000 0.000000 0.000000 0.000000 0.000000 0.000000 0.000000 0.000000 0.000000 0.000000 0.000000 0.000000 0.000000 0.000000 0.000000 0.000000 0.000000 0.000000 0.000000 0.000000 0.000000 
166.000000 166.000819 166.001639 166.003278 166.004917 166.007375 166.009833 166.012292 166.014750 166.017208 166.020076 166.022535 166.025403 166.027861 166.030319 166.033187 166.035646 166.038514 166.040972 0.000000 0.000000 0.000000 0.000000 0.000000 0.000000 0.000000 0.000000 0.000000 0.000000 0.000000 0.000000 0.000000 0.000000 0.000000 0.000000 0.000000 0.000000 0.000000 0.000000 0.000000 
166.007785 166.002049 166.002049 166.002868 166.004097 166.004917 166.006146 166.007375 166.009014 166.010653 166.012701 166.014750 166.017208 166.019257 166.021715 166.024174 166.026632 166.029090 166.031549 166.034007 166.036465 166.038924 166.041382 0.000000 0.000000 0.000000 0.000000 0.000000 0.000000 0.000000 0.000000 0.000000 0.000000 0.000000 0.000000 0.000000 0.000000 0.000000 0.000000 0.000000 
0.000000 166.020486 166.009833 166.006146 166.005736 166.005736 166.006146 166.007375 166.008194 166.009424 166.010243 166.011472 166.013111 166.014750 166.016389 166.018437 166.020486 166.022535 166.024583 166.027042 166.029090 166.031549 166.033597 166.036055 166.038104 166.040562 0.000000 0.000000 0.000000 0.000000 0.000000 0.000000 0.000000 0.000000 0.000000 0.000000 0.000000 0.000000 0.000000 0.000000 
0.000000 0.000000 166.033187 166.020896 166.014340 166.010653 166.009833 166.009424 166.009424 166.009424 166.010243 166.011472 166.012701 166.013521 166.014750 166.015979 166.017208 166.018847 166.020486 166.022125 166.024174 166.026222 166.027861 166.029910 166.032368 166.034417 166.036465 166.038924 166.041382 0.000000 0.000000 0.000000 0.000000 0.000000 0.000000 0.000000 0.000000 0.000000 0.000000 0.000000 
0.000000 0.000000 0.000000 0.000000 166.032778 166.024583 166.018847 166.015569 166.013931 166.013111 166.012701 166.012701 166.013111 166.013931 166.014750 166.015979 166.016799 166.018028 166.018847 166.020076 166.021715 166.022944 166.024583 166.026222 166.028271 166.029910 166.031958 166.033597 166.035646 166.037694 166.039743 0.000000 0.000000 0.000000 0.000000 0.000000 0.000000 0.000000 0.000000 0.000000 
0.000000 0.000000 0.000000 0.000000 0.000000 0.000000 166.035236 166.028271 166.023354 166.020076 166.018028 166.017208 166.016799 166.016389 166.016389 166.016799 166.017208 166.018028 166.018847 166.020076 166.021306 166.022125 166.023354 166.024583 166.025812 166.027042 166.028680 166.030319 166.031958 166.034007 166.035646 166.037694 166.039333 166.041382 0.000000 0.000000 0.000000 0.000000 0.000000 0.000000 
0.000000 0.000000 0.000000 0.000000 0.000000 0.000000 0.000000 0.000000 166.038924 166.032368 166.028271 166.024993 166.022535 166.021715 166.020486 166.020076 166.020076 166.020076 166.020486 166.020486 166.021715 166.022125 166.023354 166.024583 166.025403 166.026632 166.027861 166.028680 166.030319 166.031549 166.033187 166.034417 166.036055 166.037694 166.039743 166.041382 0.000000 0.000000 0.000000 0.000000 
0.000000 0.000000 0.000000 0.000000 0.000000 0.000000 0.000000 0.000000 0.000000 0.000000 0.000000 166.037285 166.032778 166.029500 166.027451 166.025812 166.024993 166.024174 166.023764 166.023764 166.023764 166.024174 166.024174 166.024993 166.025403 166.026632 166.027451 166.028680 166.029910 166.030729 166.031958 166.033187 166.034417 166.035646 166.037285 166.038924 166.040562 0.000000 0.000000 0.000000 
0.000000 0.000000 0.000000 0.000000 0.000000 0.000000 0.000000 0.000000 0.000000 0.000000 0.000000 0.000000 0.000000 0.000000 166.037694 166.034417 166.031958 166.030319 166.029090 166.028271 166.027861 166.027451 166.027451 166.027451 166.027451 166.027861 166.028271 166.029090 166.029910 166.030729 166.031958 166.033187 166.034007 166.035236 166.036465 166.037285 166.038924 166.040153 166.041382 0.000000 
0.000000 0.000000 0.000000 0.000000 0.000000 0.000000 0.000000 0.000000 0.000000 0.000000 0.000000 0.000000 0.000000 0.000000 0.000000 0.000000 0.000000 166.038924 166.036465 166.034826 166.033597 166.032778 166.031958 166.031139 166.031139 166.031139 166.031139 166.031139 166.031549 166.031958 166.032368 166.033187 166.034007 166.035236 166.036055 166.037285 166.038514 166.039333 166.040562 166.041667 
0.000000 0.000000 0.000000 0.000000 0.000000 0.000000 0.000000 0.000000 0.000000 0.000000 0.000000 0.000000 0.000000 0.000000 0.000000 0.000000 0.000000 0.000000 0.000000 0.000000 166.041382 166.038924 166.037694 166.036875 166.036055 166.035236 166.034826 166.034417 166.034417 166.034417 166.034826 166.035236 166.035646 166.036055 166.036875 166.037285 166.038514 166.039333 166.040562 166.041667 
0.000000 0.000000 0.000000 0.000000 0.000000 0.000000 0.000000 0.000000 0.000000 0.000000 0.000000 0.000000 0.000000 0.000000 0.000000 0.000000 0.000000 0.000000 0.000000 0.000000 0.000000 0.000000 0.000000 0.000000 0.000000 166.040972 166.040153 166.039333 166.038924 166.038514 166.038104 166.038104 166.038104 166.038514 166.038924 166.038924 166.039333 166.040153 166.040972 166.041667 
0.000000 0.000000 0.000000 0.000000 0.000000 0.000000 0.000000 0.000000 0.000000 0.000000 0.000000 0.000000 0.000000 0.000000 0.000000 0.000000 0.000000 0.000000 0.000000 0.000000 0.000000 0.000000 0.000000 0.000000 0.000000 0.000000 0.000000 0.000000 0.000000 0.000000 0.000000 0.000000 0.000000 166.041667 166.041667 166.041667 0.000000 0.000000 0.000000 0.000000 
