test/output/constant/M3100_S060_A180_WD045.0_WS015.0/M3100_S060_A180_WD045.0_WS015.0_intensity.asc
ncols         44
nrows         19
xllcorner     426503.990666
yllcorner     12747155.311160
cellsize      100.000000
NODATA_value  0.000000
0 0 0 15399 11208 7743 15399 11208 0 0 0 0 0 0 0 0 0 0 0 0 0 0 0 0 0 0 0 0 0 0 0 0 0 0 0 0 0 0 0 0 0 0 0 0 
1778 1778 11208 31017 15399 20194 20194 31017 15399 20194 20194 20194 20194 20194 25452 0 0 0 0 0 0 0 0 0 0 0 0 0 0 0 0 0 0 0 0 0 0 0 0 0 0 0 0 0 
2251 0 68475 15399 66832 11208 42393 15399 20194 31017 31017 36721 36721 15399 11208 15399 20194 20194 20194 25452 0 0 0 0 0 0 0 0 0 0 0 0 0 0 0 0 0 0 0 0 0 0 0 0 
1634 1879 68475 68475 68475 68475 68475 68475 68475 68475 15399 15399 20194 11208 7743 20194 42393 15399 36721 31017 47860 7743 20194 0 0 0 0 0 0 0 0 0 0 0 0 0 0 0 0 0 0 0 0 0 
0 1879 3110 1634 68475 68475 68475 68475 68475 68475 66832 52958 68475 15399 68475 20194 64576 68431 68431 68144 61444 42393 15399 42393 15399 36721 0 0 0 0 0 0 0 0 0 0 0 0 0 0 0 0 0 0 
0 0 2251 34961 7033 51406 67833 66216 68475 68475 68475 68475 68475 68475 68475 66832 15399 20194 15399 64576 36721 68475 57532 20194 15399 20194 20194 20194 61444 0 0 0 0 0 0 0 0 0 0 0 0 0 0 0 
0 0 0 3110 3110 46183 46183 1879 63675 68475 68475 68475 68475 68475 68475 68475 66832 68475 15399 52958 68475 42393 42393 36721 7743 42393 68431 20194 61444 42393 57532 0 0 0 0 0 0 0 0 0 0 0 0 0 
0 0 0 0 3110 40645 1879 51406 46183 68475 68475 67833 68475 68475 68475 68475 68475 68475 68475 68475 68475 57532 15399 57532 11208 47860 52958 68475 42393 11208 36721 61444 61444 0 0 0 0 0 0 0 0 0 0 0 
0 0 0 0 0 0 34961 40645 7033 46183 66216 66216 67833 68475 68475 68475 68475 68475 68475 68475 68475 68475 47860 68475 20194 68475 64576 57532 52958 52958 68475 57532 47860 42393 15399 0 0 0 0 0 0 0 0 0 
0 0 0 0 0 0 0 2603 46183 51406 46183 51406 46183 46183 68475 68475 68475 67833 68475 68475 68475 68475 68475 20194 61444 57532 20194 61444 61444 68475 68144 68475 42393 68475 68475 68475 68475 0 0 0 0 0 0 0 
0 0 0 0 0 0 0 0 0 46183 46183 51406 51406 1879 68475 68475 68475 68275 63675 66216 68475 68475 68475 68475 68475 68431 20194 57532 57532 11208 52958 68475 68475 11208 68475 11208 47860 68475 0 0 0 0 0 0 
0 0 0 0 0 0 0 0 0 0 0 46183 51406 46183 51406 51406 68275 51406 68475 68275 68475 63675 68475 68475 68475 68475 68475 68475 68475 68475 15399 68475 20194 68475 68475 68475 20194 68475 52958 20194 0 0 0 0 
0 0 0 0 0 0 0 0 0 0 0 0 0 46183 46183 46183 46183 51406 51406 51406 56155 56155 68475 68475 68475 68275 68475 68475 68475 68475 68475 68475 52958 68475 15399 68475 68475 68475 68475 52958 68475 0 0 0 
0 0 0 0 0 0 0 0 0 0 0 0 0 0 0 0 46183 46183 46183 66216 51406 68475 68475 68275 66216 68475 68475 66216 68475 66216 68475 68475 68475 68475 68475 68475 68475 68475 68475 68475 68475 68475 0 0 
0 0 0 0 0 0 0 0 0 0 0 0 0 0 0 0 0 0 46183 46183 67833 68475 68475 63675 68275 68475 68275 68475 68475 68475 68475 68475 68475 68475 68475 68475 68475 68475 68475 68475 68475 68475 52958 0 
0 0 0 0 0 0 0 0 0 0 0 0 0 0 0 0 0 0 0 0 0 46183 46183 46183 63675 46183 68475 67833 68475 68475 68475 68475 68475 68475 68475 68475 68475 68475 68475 68475 68431 68475 68475 68475 
0 0 0 0 0 0 0 0 0 0 0 0 0 0 0 0 0 0 0 0 0 0 0 0 46183 46183 1634 68475 68475 68475 68475 68475 68475 68475 68475 68475 68475 68475 68475 68475 68475 68475 68475 68475 
0 0 0 0 0 0 0 0 0 0 0 0 0 0 0 0 0 0 0 0 0 0 0 0 0 0 0 0 68475 66216 67833 68475 68475 66216 68475 68475 68475 68475 68475 68475 68475 68475 68475 68475 
0 0 0 0 0 0 0 0 0 0 0 0 0 0 0 0 0 0 0 0 0 0 0 0 0 0 0 0 0 0 0 0 0 67833 63675 68475 68475 68475 68475 68475 68475 68475 0 0 
