test/output/constant/M3100_S060_A180_WD045.0_WS015.0/M3100_S060_A180_WD045.0_WS015.0_ros.asc
ncols         44
nrows         19
xllcorner     426503.990666
yllcorner     12747155.311160
cellsize      100.000000
NODATA_value  0.000000
0.000000 0.000000 0.000000 16.555075 12.050106 8.324304 16.555075 12.050106 0.000000 0.000000 0.000000 0.000000 0.000000 0.000000 0.000000 0.000000 0.000000 0.000000 0.000000 0.000000 0.000000 0.000000 0.000000 0.000000 0.000000 0.000000 0.000000 0.000000 0.000000 0.000000 0.000000 0.000000 0.000000 0.000000 0.000000 0.000000 0.000000 0.000000 0.000000 0.000000 0.000000 0.000000 0.000000 0.000000 
1.911581 1.911581 12.050106 33.346008 16.555075 21.710182 21.710182 33.346008 16.555075 21.710182 21.710182 21.710182 21.710182 21.710182 27.363409 0.000000 0.000000 0.000000 0.000000 0.000000 0.000000 0.000000 0.000000 0.000000 0.000000 0.000000 0.000000 0.000000 0.000000 0.000000 0.000000 0.000000 0.000000 0.000000 0.000000 0.000000 0.000000 0.000000 0.000000 0.000000 0.000000 0.000000 0.000000 0.000000 
2.420548 0.000000 73.615662 16.555075 71.849319 12.050106 45.575394 16.555075 21.710182 33.346008 33.346008 39.478287 39.478287 16.555075 12.050106 16.555075 21.710182 21.710182 21.710182 27.363409 0.000000 0.000000 0.000000 0.000000 0.000000 0.000000 0.000000 0.000000 0.000000 0.000000 0.000000 0.000000 0.000000 0.000000 0.000000 0.000000 0.000000 0.000000 0.000000 0.000000 0.000000 0.000000 0.000000 0.000000 
1.757138 2.020247 73.615662 73.615662 73.615662 73.615662 73.615662 73.615662 73.615662 73.615662 16.555075 16.555075 21.710182 12.050106 8.324304 21.710182 45.575394 16.555075 39.478287 33.346008 51.453171 8.324304 21.710182 0.000000 0.000000 0.000000 0.000000 0.000000 0.000000 0.000000 0.000000 0.000000 0.000000 0.000000 0.000000 0.000000 0.000000 0.000000 0.000000 0.000000 0.000000 0.000000 0.000000 0.000000 
0.000000 2.020247 3.344083 1.757138 73.615662 73.615662 73.615662 73.615662 73.615662 73.615662 71.849319 56.933849 73.615662 16.555075 73.615662 21.710182 69.423935 73.568703 73.568703 73.260155 66.057365 45.575394 16.555075 45.575394 16.555075 39.478287 0.000000 0.000000 0.000000 0.000000 0.000000 0.000000 0.000000 0.000000 0.000000 0.000000 0.000000 0.000000 0.000000 0.000000 0.000000 0.000000 0.000000 0.000000 
0.000000 0.000000 2.420548 37.585484 7.561337 55.265377 72.925507 71.187119 73.615662 73.615662 73.615662 73.615662 73.615662 73.615662 73.615662 71.849319 16.555075 21.710182 16.555075 69.423935 39.478287 73.615662 61.851547 21.710182 16.555075 21.710182 21.710182 21.710182 66.057365 0.000000 0.000000 0.000000 0.000000 0.000000 0.000000 0.000000 0.000000 0.000000 0.000000 0.000000 0.000000 0.000000 0.000000 0.000000 
0.000000 0.000000 0.000000 3.344083 3.344083 49.650249 49.650249 2.020247 68.455231 73.615662 73.615662 73.615662 73.615662 73.615662 73.615662 73.615662 71.849319 73.615662 16.555075 56.933849 73.615662 45.575394 45.575394 39.478287 8.324304 45.575394 73.568703 21.710182 66.057365 45.575394 61.851547 0.000000 0.000000 0.000000 0.000000 0.000000 0.000000 0.000000 0.000000 0.000000 0.000000 0.000000 0.000000 0.000000 
0.000000 0.000000 0.000000 0.000000 3.344083 43.696671 2.020247 55.265377 49.650249 73.615662 73.615662 72.925507 73.615662 73.615662 73.615662 73.615662 73.615662 73.615662 73.615662 73.615662 73.615662 61.851547 16.555075 61.851547 12.050106 51.453171 56.933849 73.615662 45.575394 12.050106 39.478287 66.057365 66.057365 0.000000 0.000000 0.000000 0.000000 0.000000 0.000000 0.000000 0.000000 0.000000 0.000000 0.000000 
0.000000 0.000000 0.000000 0.000000 0.000000 0.000000 37.585484 43.696671 7.561337 49.650249 71.187119 71.187119 72.925507 73.615662 73.615662 73.615662 73.615662 73.615662 73.615662 73.615662 73.615662 73.615662 51.453171 73.615662 21.710182 73.615662 69.423935 61.851547 56.933849 56.933849 73.615662 61.851547 51.453171 45.575394 16.555075 0.000000 0.000000 0.000000 0.000000 0.000000 0.000000 0.000000 0.000000 0.000000 
0.000000 0.000000 0.000000 0.000000 0.000000 0.000000 0.000000 2.799337 49.650249 55.265377 49.650249 55.265377 49.650249 49.650249 73.615662 73.615662 73.615662 72.925507 73.615662 73.615662 73.615662 73.615662 73.615662 21.710182 66.057365 61.851547 21.710182 66.057365 66.057365 73.615662 73.260155 73.615662 45.575394 73.615662 73.615662 73.615662 73.615662 0.000000 0.000000 0.000000 0.000000 0.000000 0.000000 0.000000 
0.000000 0.000000 0.000000 0.000000 0.000000 0.000000 0.000000 0.000000 0.000000 49.650249 49.650249 55.265377 55.265377 2.020247 73.615662 73.615662 73.615662 73.400719 68.455231 71.187119 73.615662 73.615662 73.615662 73.615662 73.615662 73.568703 21.710182 61.851547 61.851547 12.050106 56.933849 73.615662 73.615662 12.050106 73.615662 12.050106 51.453171 73.615662 0.000000 0.000000 0.000000 0.000000 0.000000 0.000000 
0.000000 0.000000 0.000000 0.000000 0.000000 0.000000 0.000000 0.000000 0.000000 0.000000 0.000000 49.650249 55.265377 49.650249 55.265377 55.265377 73.400719 55.265377 73.615662 73.400719 73.615662 68.455231 73.615662 73.615662 73.615662 73.615662 73.615662 73.615662 73.615662 73.615662 16.555075 73.615662 21.710182 73.615662 73.615662 73.615662 21.710182 73.615662 56.933849 21.710182 0.000000 0.000000 0.000000 0.000000 
0.000000 0.000000 0.000000 0.000000 0.000000 0.000000 0.000000 0.000000 0.000000 0.000000 0.000000 0.000000 0.000000 49.650249 49.650249 49.650249 49.650249 55.265377 55.265377 55.265377 60.371395 60.371395 73.615662 73.615662 73.615662 73.400719 73.615662 73.615662 73.615662 73.615662 73.615662 73.615662 56.933849 73.615662 16.555075 73.615662 73.615662 73.615662 73.615662 56.933849 73.615662 0.000000 0.000000 0.000000 
0.000000 0.000000 0.000000 0.000000 0.000000 0.000000 0.000000 0.000000 0.000000 0.000000 0.000000 0.000000 0.000000 0.000000 0.000000 0.000000 49.650249 49.650249 49.650249 71.187119 55.265377 73.615662 73.615662 73.400719 71.187119 73.615662 73.615662 71.187119 73.615662 71.187119 73.615662 73.615662 73.615662 73.615662 73.615662 73.615662 73.615662 73.615662 73.615662 73.615662 73.615662 73.615662 0.000000 0.000000 
0.000000 0.000000 0.000000 0.000000 0.000000 0.000000 0.000000 0.000000 0.000000 0.000000 0.000000 0.000000 0.000000 0.000000 0.000000 0.000000 0.000000 0.000000 49.650249 49.650249 72.925507 73.615662 73.615662 68.455231 73.400719 73.615662 73.400719 73.615662 73.615662 73.615662 73.615662 73.615662 73.615662 73.615662 73.615662 73.615662 73.615662 73.615662 73.615662 73.615662 73.615662 73.615662 56.933849 0.000000 
0.000000 0.000000 0.000000 0.000000 0.000000 0.000000 0.000000 0.000000 0.000000 0.000000 0.000000 0.000000 0.000000 0.000000 0.000000 0.000000 0.000000 0.000000 0.000000 0.000000 0.000000 49.650249 49.650249 49.650249 68.455231 49.650249 73.615662 72.925507 73.615662 73.615662 73.615662 73.615662 73.615662 73.615662 73.615662 73.615662 73.615662 73.615662 73.615662 73.615662 73.568703 73.615662 73.615662 73.615662 
0.000000 0.000000 0.000000 0.000000 0.000000 0.000000 0.000000 0.000000 0.000000 0.000000 0.000000 0.000000 0.000000 0.000000 0.000000 0.000000 0.000000 0.000000 0.000000 0.000000 0.000000 0.000000 0.000000 0.000000 49.650249 49.650249 1.757138 73.615662 73.615662 73.615662 73.615662 73.615662 73.615662 73.615662 73.615662 73.615662 73.615662 73.615662 73.615662 73.615662 73.615662 73.615662 73.615662 73.615662 
0.000000 0.000000 0.000000 0.000000 0.000000 0.000000 0.000000 0.000000 0.000000 0.000000 0.000000 0.000000 0.000000 0.000000 0.000000 0.000000 0.000000 0.000000 0.000000 0.000000 0.000000 0.000000 0.000000 0.000000 0.000000 0.000000 0.000000 0.000000 73.615662 71.187119 72.925507 73.615662 73.615662 71.187119 73.615662 73.615662 73.615662 73.615662 73.615662 73.615662 73.615662 73.615662 73.615662 73.615662 
0.000000 0.000000 0.000000 0.000000 0.000000 0.000000 0.000000 0.000000 0.000000 0.000000 0.000000 0.000000 0.000000 0.000000 0.000000 0.000000 0.000000 0.000000 0.000000 0.000000 0.000000 0.000000 0.000000 0.000000 0.000000 0.000000 0.000000 0.000000 0.000000 0.000000 0.000000 0.000000 0.000000 72.925507 68.455231 73.615662 73.615662 73.615662 73.615662 73.615662 73.615662 73.615662 0.000000 0.000000 
