test/output/constant/M195_S060_A270_WD180.0_WS035.0/M195_S060_A270_WD180.0_WS035.0_arrival.asc
ncols         7
nrows         43
xllcorner     426303.990666
yllcorner     12748755.311160
cellsize      100.000000
NODATA_value  0.000000
0.000000 0.000000 0.000000 166.041667 0.000000 0.000000 0.000000 
0.000000 0.000000 166.041667 166.040904 166.041667 0.000000 0.000000 
0.000000 0.000000 166.040904 166.039701 166.040904 0.000000 0.000000 
0.000000 0.000000 166.039701 166.038899 166.039701 0.000000 0.000000 
0.000000 166.041667 166.038899 166.037696 166.038899 166.041667 0.000000 
0.000000 166.040904 166.037696 166.036894 166.037696 166.040904 0.000000 
0.000000 166.039701 166.036894 166.035691 166.036894 166.039701 0.000000 
0.000000 166.038899 166.035691 166.034889 166.035691 166.038899 0.000000 
0.000000 166.038097 166.034889 166.033686 166.034889 166.038097 0.000000 
0.000000 166.037295 166.033686 166.032884 166.033686 166.037295 0.000000 
0.000000 166.036092 166.032884 166.031681 166.032884 166.036092 0.000000 
0.000000 166.035290 166.031681 166.030879 166.031681 166.035290 0.000000 
0.000000 166.034488 166.030879 166.029675 166.030879 166.034488 0.000000 
166.041305 166.033285 166.029675 166.028873 166.029675 166.033285 166.041305 
166.040503 166.032483 166.028873 166.027670 166.028873 166.032483 166.040503 
166.039701 166.031681 166.027670 166.026868 166.027670 166.031681 166.039701 
166.039300 166.030879 166.026868 166.025665 166.026868 166.030879 166.039300 
166.038498 166.030077 166.025665 166.024863 166.025665 166.030077 166.038498 
166.038097 166.029274 166.024863 166.023660 166.024863 166.029274 166.038097 
166.038097 166.028472 166.023660 166.022858 166.023660 166.028472 166.038097 
166.038097 166.027670 166.022858 166.021655 166.022858 166.027670 166.038097 
166.038097 166.027269 166.022056 166.020853 166.022056 166.027269 166.038097 
166.038498 166.026467 166.020853 166.019650 166.020853 166.026467 166.038498 
166.038498 166.025665 166.020051 166.018848 166.020051 166.025665 166.038498 
166.038899 166.024863 166.019249 166.017645 166.019249 166.024863 166.038899 
166.039701 166.024462 166.018046 166.016843 166.018046 166.024462 166.039701 
166.040102 166.023660 166.017244 166.015640 166.017244 166.023660 166.040102 
166.041305 166.023259 166.016041 166.014838 166.016041 166.023259 166.041305 
0.000000 166.022858 166.015239 166.013635 166.015239 166.022858 0.000000 
0.000000 166.022858 166.014036 166.012833 166.014036 166.022858 0.000000 
0.000000 166.023259 166.013234 166.011630 166.013234 166.023259 0.000000 
0.000000 166.023259 166.012432 166.010828 166.012432 166.023259 0.000000 
0.000000 166.024061 166.011229 166.009624 166.011229 166.024061 0.000000 
0.000000 166.024863 166.010427 166.008822 166.010427 166.024863 0.000000 
0.000000 166.026467 166.009624 166.007619 166.009624 166.026467 0.000000 
0.000000 166.028071 166.009223 166.006817 166.009223 166.028071 0.000000 
0.000000 166.031280 166.008421 166.005614 166.008421 166.031280 0.000000 
0.000000 166.035290 166.007619 166.004812 166.007619 166.035290 0.000000 
0.000000 0.000000 166.008020 166.003609 166.008020 0.000000 0.000000 
0.000000 0.000000 166.008421 166.002807 166.008421 0.000000 0.000000 
0.000000 0.000000 166.010427 166.001604 166.010427 0.000000 0.000000 
0.000000 0.000000 166.017244 166.000802 166.017244 0.000000 0.000000 
0.000000 0.000000 0.000000 166.000000 0.000000 0.000000 0.000000 
