test/output/constant/M3M4100_S060_A090_WD135.0_WS040.0/M3M4100_S060_A090_WD135.0_WS040.0_raz.asc
ncols         35
nrows         17
xllcorner     423303.990666
yllcorner     12747255.311160
cellsize      100.000000
NODATA_value  0.000000
0 0 0 0 0 0 0 0 0 0 0 0 0 0 0 0 0 0 0 0 0 0 0 0 0 296 273 278 268 268 285 296 273 355 42 
0 0 0 0 0 0 0 0 0 0 0 0 0 0 0 0 0 0 0 0 0 278 268 278 268 273 268 278 268 268 258 278 246 254 138 
0 0 0 0 0 0 0 0 0 0 0 0 0 0 0 0 0 0 285 273 278 278 278 278 285 273 278 278 285 247 246 246 246 166 138 
0 0 0 0 0 0 0 0 0 0 0 0 0 0 0 0 273 296 268 273 265 265 268 268 256 285 262 246 246 246 240 237 138 138 138 
0 0 0 0 0 0 0 0 0 0 0 0 0 278 265 268 265 278 260 265 253 262 258 278 246 246 246 246 243 184 239 156 138 166 0 
0 0 0 0 0 0 0 0 0 0 0 268 268 278 278 278 278 268 253 268 278 250 246 246 246 246 246 239 237 197 161 161 138 0 0 
0 0 0 0 0 0 0 0 0 258 268 268 268 253 265 254 278 268 248 246 246 246 246 246 239 239 237 239 166 166 184 166 0 0 0 
0 0 0 0 0 0 0 0 253 278 268 268 253 273 268 246 250 246 246 246 246 246 239 184 240 237 166 156 166 156 0 0 0 0 0 
0 0 0 0 0 0 265 278 268 268 273 265 268 246 246 247 246 246 246 246 246 239 239 239 239 197 166 166 166 0 0 0 0 0 0 
0 0 0 0 253 296 268 273 273 278 251 278 246 246 246 246 245 246 245 240 207 237 184 184 237 239 161 0 0 0 0 0 0 0 0 
0 0 0 273 268 268 273 246 254 246 246 246 246 246 246 245 239 240 237 240 239 197 197 197 184 0 0 0 0 0 0 0 0 0 0 
0 0 285 278 246 248 246 253 246 246 246 246 243 243 246 245 239 237 239 197 239 197 166 0 0 0 0 0 0 0 0 0 0 0 0 
0 246 273 265 246 246 246 246 246 246 246 246 246 240 246 240 184 239 197 166 197 0 0 0 0 0 0 0 0 0 0 0 0 0 0 
246 246 247 253 246 246 246 246 246 246 246 240 239 237 240 239 239 239 239 0 0 0 0 0 0 0 0 0 0 0 0 0 0 0 0 
246 273 246 246 246 246 245 240 246 240 239 246 184 156 197 239 184 0 0 0 0 0 0 0 0 0 0 0 0 0 0 0 0 0 0 
246 246 246 246 246 246 246 242 207 184 239 240 237 237 0 0 0 0 0 0 0 0 0 0 0 0 0 0 0 0 0 0 0 0 0 
246 246 246 246 246 239 237 239 239 239 0 0 0 0 0 0 0 0 0 0 0 0 0 0 0 0 0 0 0 0 0 0 0 0 0 
