test/output/constant/M3M4100_S060_A090_WD135.0_WS040.0/M3M4100_S060_A090_WD135.0_WS040.0_ros.asc
ncols         35
nrows         17
xllcorner     423303.990666
yllcorner     12747255.311160
cellsize      100.000000
NODATA_value  0.000000
0.000000 0.000000 0.000000 0.000000 0.000000 0.000000 0.000000 0.000000 0.000000 0.000000 0.000000 0.000000 0.000000 0.000000 0.000000 0.000000 0.000000 0.000000 0.000000 0.000000 0.000000 0.000000 0.000000 0.000000 0.000000 5.908139 15.096015 11.414693 19.270815 19.270815 8.328027 5.908139 15.096015 2.288601 1.696700 
0.000000 0.000000 0.000000 0.000000 0.000000 0.000000 0.000000 0.000000 0.000000 0.000000 0.000000 0.000000 0.000000 0.000000 0.000000 0.000000 0.000000 0.000000 0.000000 0.000000 0.000000 11.414693 19.270815 11.414693 19.270815 15.096015 19.270815 11.414693 19.270815 19.270815 38.306946 11.414693 59.780724 -1.000000 2.125905 
0.000000 0.000000 0.000000 0.000000 0.000000 0.000000 0.000000 0.000000 0.000000 0.000000 0.000000 0.000000 0.000000 0.000000 0.000000 0.000000 0.000000 0.000000 8.328027 15.096015 11.414693 11.414693 11.414693 11.414693 8.328027 15.096015 11.414693 11.414693 8.328027 59.605694 59.780724 59.780724 59.780724 3.219956 2.125905 
0.000000 0.000000 0.000000 0.000000 0.000000 0.000000 0.000000 0.000000 0.000000 0.000000 0.000000 0.000000 0.000000 0.000000 0.000000 0.000000 15.096015 5.908139 19.270815 15.096015 23.817945 23.817945 19.270815 19.270815 42.934086 8.328027 28.602522 59.780724 59.780724 59.780724 52.116489 44.313892 2.125905 2.125905 2.125905 
0.000000 0.000000 0.000000 0.000000 0.000000 0.000000 0.000000 0.000000 0.000000 0.000000 0.000000 0.000000 0.000000 11.414693 23.817945 19.270815 23.817945 11.414693 33.481171 23.817945 51.042660 28.602522 38.306946 11.414693 59.780724 59.780724 59.780724 59.780724 57.473427 4.600219 48.467865 2.743829 2.125905 3.219956 0.000000 
0.000000 0.000000 0.000000 0.000000 0.000000 0.000000 0.000000 0.000000 0.000000 0.000000 0.000000 19.270815 19.270815 11.414693 11.414693 11.414693 11.414693 19.270815 51.042660 19.270815 11.414693 56.832027 59.780724 59.780724 59.780724 59.780724 59.780724 48.467865 44.313892 6.600807 2.965964 2.965964 2.125905 0.000000 0.000000 
0.000000 0.000000 0.000000 0.000000 0.000000 0.000000 0.000000 0.000000 0.000000 38.306946 19.270815 19.270815 19.270815 51.042660 23.817945 47.222610 11.414693 19.270815 58.625881 59.780724 59.780724 59.780724 59.780724 59.780724 48.467865 48.467865 44.313892 48.467865 3.219956 3.219956 4.600219 3.219956 0.000000 0.000000 0.000000 
0.000000 0.000000 0.000000 0.000000 0.000000 0.000000 0.000000 0.000000 51.042660 11.414693 19.270815 19.270815 51.042660 15.096015 19.270815 59.780724 56.832027 59.780724 59.780724 59.780724 59.780724 59.780724 48.467865 4.600219 52.116489 44.313892 3.219956 2.743829 3.219956 2.743829 0.000000 0.000000 0.000000 0.000000 0.000000 
0.000000 0.000000 0.000000 0.000000 0.000000 0.000000 23.817945 11.414693 19.270815 19.270815 15.096015 23.817945 19.270815 59.780724 59.780724 59.605694 59.780724 59.780724 59.780724 59.780724 59.780724 48.467865 48.467865 48.467865 48.467865 6.600807 3.219956 3.219956 3.219956 0.000000 0.000000 0.000000 0.000000 0.000000 0.000000 
0.000000 0.000000 0.000000 0.000000 51.042660 5.908139 19.270815 15.096015 15.096015 11.414693 54.278488 11.414693 59.780724 59.780724 59.780724 59.780724 59.019051 59.780724 59.019051 52.116489 9.254933 44.313892 4.600219 4.600219 44.313892 48.467865 2.965964 0.000000 0.000000 0.000000 0.000000 0.000000 0.000000 0.000000 0.000000 
0.000000 0.000000 0.000000 15.096015 19.270815 19.270815 15.096015 59.780724 47.222610 59.780724 59.780724 59.780724 59.780724 59.780724 59.780724 59.019051 48.467865 52.116489 44.313892 52.116489 48.467865 6.600807 6.600807 6.600807 4.600219 0.000000 0.000000 0.000000 0.000000 0.000000 0.000000 0.000000 0.000000 0.000000 0.000000 
0.000000 0.000000 8.328027 11.414693 59.780724 58.625881 59.780724 51.042660 59.780724 59.780724 59.780724 59.780724 57.473427 57.473427 59.780724 59.019051 48.467865 44.313892 48.467865 6.600807 48.467865 6.600807 3.219956 0.000000 0.000000 0.000000 0.000000 0.000000 0.000000 0.000000 0.000000 0.000000 0.000000 0.000000 0.000000 
0.000000 59.780724 15.096015 23.817945 59.780724 59.780724 59.780724 59.780724 59.780724 59.780724 59.780724 59.738930 59.780724 52.116489 59.780724 52.116489 4.600219 48.467865 6.600807 3.219956 6.600807 0.000000 0.000000 0.000000 0.000000 0.000000 0.000000 0.000000 0.000000 0.000000 0.000000 0.000000 0.000000 0.000000 0.000000 
59.780724 59.780724 59.605694 51.042660 59.780724 59.780724 59.780724 59.780724 59.780724 59.780724 59.780724 52.116489 48.467865 44.313892 52.116489 48.467865 48.467865 48.467865 48.467865 0.000000 0.000000 0.000000 0.000000 0.000000 0.000000 0.000000 0.000000 0.000000 0.000000 0.000000 0.000000 0.000000 0.000000 0.000000 0.000000 
59.780724 15.096015 59.780724 59.780724 59.780724 59.780724 59.019051 52.116489 59.780724 52.116489 48.467865 59.780724 4.600219 2.743829 6.600807 48.467865 4.600219 0.000000 0.000000 0.000000 0.000000 0.000000 0.000000 0.000000 0.000000 0.000000 0.000000 0.000000 0.000000 0.000000 0.000000 0.000000 0.000000 0.000000 0.000000 
59.780724 59.780724 59.780724 59.780724 59.780724 59.738930 59.780724 55.149036 9.254933 4.600219 48.467865 52.116489 44.313892 44.313892 0.000000 0.000000 0.000000 0.000000 0.000000 0.000000 0.000000 0.000000 0.000000 0.000000 0.000000 0.000000 0.000000 0.000000 0.000000 0.000000 0.000000 0.000000 0.000000 0.000000 0.000000 
59.780724 59.780724 59.780724 59.780724 59.780724 48.467865 44.313892 48.467865 48.467865 48.467865 0.000000 0.000000 0.000000 0.000000 0.000000 0.000000 0.000000 0.000000 0.000000 0.000000 0.000000 0.000000 0.000000 0.000000 0.000000 0.000000 0.000000 0.000000 0.000000 0.000000 0.000000 0.000000 0.000000 0.000000 0.000000 
