test/output/constant/M3M495_S060_A270_WD000.0_WS025.0/M3M495_S060_A270_WD000.0_WS025.0_arrival.asc
ncols         11
nrows         22
xllcorner     426103.990666
yllcorner     12748455.311160
cellsize      100.000000
NODATA_value  0.000000
0.000000 0.000000 0.000000 166.041465 166.040563 166.039662 166.040563 166.041465 0.000000 0.000000 0.000000 
0.000000 0.000000 166.040563 166.038760 166.037859 166.037859 166.037859 166.038760 166.040563 0.000000 0.000000 
0.000000 166.041465 166.038760 166.036958 166.036056 166.035155 166.036056 166.036958 166.038760 166.041465 0.000000 
0.000000 166.039662 166.036958 166.034253 166.033352 166.033352 166.033352 166.034253 166.036958 166.039662 0.000000 
0.000000 166.037859 166.034253 166.032451 166.031549 166.030648 166.031549 166.032451 166.034253 166.037859 0.000000 
166.040563 166.036056 166.032451 166.029746 166.028845 166.028845 166.028845 166.029746 166.032451 166.036056 166.040563 
166.039662 166.034253 166.030648 166.027944 166.027042 166.026141 166.027042 166.027944 166.030648 166.034253 166.039662 
166.038760 166.033352 166.028845 166.026141 166.024338 166.024338 166.024338 166.026141 166.028845 166.033352 166.038760 
166.037859 166.031549 166.027042 166.023437 166.022535 166.021634 166.022535 166.023437 166.027042 166.031549 166.037859 
166.036958 166.030648 166.025239 166.021634 166.019831 166.019831 166.019831 166.021634 166.025239 166.030648 166.036958 
166.036958 166.029746 166.023437 166.019831 166.018028 166.017127 166.018028 166.019831 166.023437 166.029746 166.036958 
166.036958 166.028845 166.022535 166.018028 166.015324 166.015324 166.015324 166.018028 166.022535 166.028845 166.036958 
166.037859 166.028845 166.021634 166.016225 166.013521 166.012620 166.013521 166.016225 166.021634 166.028845 166.037859 
166.037859 166.028845 166.020732 166.014422 166.010817 166.010817 166.010817 166.014422 166.020732 166.028845 166.037859 
166.039662 166.029746 166.020732 166.013521 166.009014 166.008113 166.009014 166.013521 166.020732 166.029746 166.039662 
166.041667 166.030648 166.020732 166.012620 166.007211 166.006310 166.007211 166.012620 166.020732 166.030648 166.041667 
0.000000 166.033352 166.022535 166.012620 166.005408 166.003606 166.005408 166.012620 166.022535 166.033352 0.000000 
0.000000 166.036958 166.025239 166.013521 166.004507 166.001803 166.004507 166.013521 166.025239 166.036958 0.000000 
0.000000 0.000000 166.029746 166.017127 166.005408 166.000000 166.005408 166.017127 166.029746 0.000000 0.000000 
0.000000 0.000000 166.036056 166.023437 166.010817 166.007211 166.010817 166.023437 166.036056 0.000000 0.000000 
0.000000 0.000000 0.000000 166.032451 166.023437 166.020732 166.023437 166.032451 0.000000 0.000000 0.000000 
0.000000 0.000000 0.000000 0.000000 166.036056 166.035155 166.036056 0.000000 0.000000 0.000000 0.000000 
