test/output/constant/M395_S060_A270_WD045.0_WS040.0/M395_S060_A270_WD045.0_WS040.0_intensity.asc
ncols         35
nrows         17
xllcorner     423303.990666
yllcorner     12748655.311160
cellsize      100.000000
NODATA_value  0.000000
54889 52770 54889 54889 54889 44501 40687 44501 44501 44501 0 0 0 0 0 0 0 0 0 0 0 0 0 0 0 0 0 0 0 0 0 0 0 0 0 
54850 54889 54889 54889 54889 54850 44501 50636 8497 4223 44501 47851 40687 40687 0 0 0 0 0 0 0 0 0 0 0 0 0 0 0 0 0 0 0 0 0 
54889 54889 54889 54889 54889 54889 54189 47851 54889 47851 44501 54889 4223 2519 6060 44501 4223 0 0 0 0 0 0 0 0 0 0 0 0 0 0 0 0 0 0 
54889 54889 54728 46865 54889 54889 52770 54889 54889 54889 54889 47851 44501 40687 47851 44501 44501 44501 44501 0 0 0 0 0 0 0 0 0 0 0 0 0 0 0 0 
0 54889 17693 21868 54889 54889 54889 54889 54889 54889 54889 54850 54889 47851 54889 47851 4223 44501 6060 2956 6060 0 0 0 0 0 0 0 0 0 0 0 0 0 0 
0 0 17693 17693 54889 53828 54889 46865 54889 54889 54889 54889 52770 52770 44501 54189 44501 40687 44501 6060 44501 6060 2956 0 0 0 0 0 0 0 0 0 0 0 0 
0 0 0 13860 17693 17693 17693 54889 43358 54889 54889 54889 54889 54889 54889 54189 44501 47851 40687 47851 44501 6060 6060 6060 4223 0 0 0 0 0 0 0 0 0 0 
0 0 0 0 46865 21868 17693 17693 17693 13860 49837 17693 54889 54889 54889 54889 54189 54889 54189 47851 8497 40687 4223 4223 40687 44501 2723 0 0 0 0 0 0 0 0 
0 0 0 0 0 0 21868 17693 17693 17693 13860 21868 17693 54889 54889 54728 54889 54889 54889 54889 54889 44501 44501 44501 44501 6060 2956 2956 2956 0 0 0 0 0 0 
0 0 0 0 0 0 0 0 46865 17693 17693 17693 46865 17693 17693 54889 52181 54889 54889 54889 54889 54889 44501 4223 47851 40687 2956 2519 2956 2519 0 0 0 0 0 
0 0 0 0 0 0 0 0 0 35172 17693 17693 17693 46865 21868 43358 13860 17693 53828 54889 54889 54889 54889 54889 44501 44501 40687 44501 2956 2519 4223 2956 0 0 0 
0 0 0 0 0 0 0 0 0 0 0 17693 17693 17693 17693 17693 17693 17693 46865 17693 17693 52181 54889 54889 54889 54889 54889 44501 40687 6060 2723 2956 2956 0 0 
0 0 0 0 0 0 0 0 0 0 0 0 0 17693 21868 17693 21868 17693 30741 21868 46865 26262 35172 13860 54889 54889 54889 54889 52770 4223 44501 2519 1951 2956 0 
0 0 0 0 0 0 0 0 0 0 0 0 0 0 0 0 13860 13860 17693 17693 21868 21868 17693 17693 39420 13860 26262 54889 54889 54889 47851 40687 4223 1951 1951 
0 0 0 0 0 0 0 0 0 0 0 0 0 0 0 0 0 0 17693 13860 13860 17693 13860 13860 17693 17693 17693 17693 13860 54728 54889 54889 54889 2956 2519 
0 0 0 0 0 0 0 0 0 0 0 0 0 0 0 0 0 0 0 0 0 13860 17693 17693 17693 17693 17693 13860 17693 17693 35172 13860 54889 0 1951 
0 0 0 0 0 0 0 0 0 0 0 0 0 0 0 0 0 0 0 0 0 0 0 0 0 17693 13860 13860 17693 17693 17693 5424 13860 1440 1557 
