test/output/constant/M3M4100_S000_A000_WD315.0_WS020.0/M3M4100_S000_A000_WD315.0_WS020.0_raz.asc
ncols         22
nrows         22
xllcorner     426403.990666
yllcorner     12746855.311160
cellsize      100.000000
NODATA_value  0.000000
314 273 53 73 73 44 0 0 0 0 0 0 0 0 0 0 0 0 0 0 0 0 
356 356 82 73 82 53 73 73 44 0 0 0 0 0 0 0 0 0 0 0 0 0 
216 187 254 125 32 111 82 107 62 82 0 0 0 0 0 0 0 0 0 0 0 0 
196 196 134 134 134 120 73 82 73 53 90 32 0 0 0 0 0 0 0 0 0 0 
187 207 146 134 133 134 134 62 125 111 82 82 53 0 0 0 0 0 0 0 0 0 
224 167 158 149 134 134 133 134 131 73 127 82 62 82 0 0 0 0 0 0 0 0 
0 224 196 187 134 136 133 129 133 134 82 118 82 82 73 0 0 0 0 0 0 0 
0 196 162 155 146 134 134 134 129 82 134 123 73 125 82 127 0 0 0 0 0 0 
0 179 162 224 144 138 136 134 134 134 131 134 134 73 133 129 127 0 0 0 0 0 
0 0 196 149 158 140 134 138 134 134 134 134 134 134 123 131 62 62 0 0 0 0 
0 0 0 179 224 142 134 134 138 134 131 133 129 73 125 134 62 134 0 0 0 0 
0 0 0 162 216 142 151 146 134 134 129 134 134 134 133 134 134 120 129 0 0 0 
0 0 0 0 196 144 224 196 134 134 134 134 134 133 133 134 134 134 134 82 0 0 
0 0 0 0 0 216 187 144 134 134 138 134 134 131 134 134 82 133 134 134 0 0 
0 0 0 0 0 0 187 196 136 146 144 136 134 134 134 134 123 134 73 134 125 0 
0 0 0 0 0 0 0 142 140 138 134 134 134 134 136 134 134 134 134 134 134 0 
0 0 0 0 0 0 0 0 142 140 134 134 134 136 134 134 134 134 134 131 133 0 
0 0 0 0 0 0 0 0 0 138 134 149 134 136 134 134 131 134 133 134 134 73 
0 0 0 0 0 0 0 0 0 0 0 140 134 134 134 134 134 138 134 134 120 134 
0 0 0 0 0 0 0 0 0 0 0 0 136 134 134 134 134 134 133 134 134 134 
0 0 0 0 0 0 0 0 0 0 0 0 0 0 144 134 136 134 133 134 134 0 
0 0 0 0 0 0 0 0 0 0 0 0 0 0 0 0 0 134 134 134 0 0 
