test/output/constant/M3M400_S000_A000_WD180.0_WS020.0/M3M400_S000_A000_WD180.0_WS020.0_arrival.asc
ncols         13
nrows         30
xllcorner     426003.990666
yllcorner     12748555.311160
cellsize      100.000000
NODATA_value  0.000000
0.000000 0.000000 0.000000 0.000000 0.000000 166.041588 166.041588 166.041588 0.000000 0.000000 0.000000 0.000000 0.000000 
0.000000 0.000000 0.000000 0.000000 166.040967 166.040347 166.039726 166.040347 166.040967 0.000000 0.000000 0.000000 0.000000 
0.000000 0.000000 0.000000 166.040967 166.039105 166.038484 166.038484 166.038484 166.039105 166.040967 0.000000 0.000000 0.000000 
0.000000 0.000000 166.041588 166.039726 166.037864 166.037243 166.036622 166.037243 166.037864 166.039726 166.041588 0.000000 0.000000 
0.000000 0.000000 166.040347 166.037864 166.036622 166.035381 166.035381 166.035381 166.036622 166.037864 166.040347 0.000000 0.000000 
0.000000 0.000000 166.039105 166.036622 166.034760 166.034139 166.033519 166.034139 166.034760 166.036622 166.039105 0.000000 0.000000 
0.000000 166.041588 166.037864 166.035381 166.033519 166.032277 166.032277 166.032277 166.033519 166.035381 166.037864 166.041588 0.000000 
0.000000 166.040347 166.036622 166.033519 166.031657 166.031036 166.030415 166.031036 166.031657 166.033519 166.036622 166.040347 0.000000 
0.000000 166.039726 166.035381 166.032277 166.030415 166.029174 166.029174 166.029174 166.030415 166.032277 166.035381 166.039726 0.000000 
0.000000 166.038484 166.034139 166.031036 166.028553 166.027932 166.027312 166.027932 166.028553 166.031036 166.034139 166.038484 0.000000 
0.000000 166.037243 166.033519 166.029794 166.027312 166.026070 166.026070 166.026070 166.027312 166.029794 166.033519 166.037243 0.000000 
0.000000 166.036622 166.032277 166.028553 166.026070 166.024829 166.024208 166.024829 166.026070 166.028553 166.032277 166.036622 0.000000 
0.000000 166.035381 166.031036 166.027312 166.024208 166.022967 166.022967 166.022967 166.024208 166.027312 166.031036 166.035381 0.000000 
0.000000 166.035381 166.029794 166.026070 166.022967 166.021725 166.021104 166.021725 166.022967 166.026070 166.029794 166.035381 0.000000 
166.041667 166.034760 166.029174 166.024829 166.021725 166.019863 166.019863 166.019863 166.021725 166.024829 166.029174 166.034760 166.041667 
166.041588 166.034760 166.027932 166.023587 166.019863 166.018622 166.018001 166.018622 166.019863 166.023587 166.027932 166.034760 166.041588 
166.041588 166.034139 166.027312 166.022346 166.018622 166.016759 166.016759 166.016759 166.018622 166.022346 166.027312 166.034139 166.041588 
0.000000 166.034139 166.027312 166.021104 166.017380 166.015518 166.014897 166.015518 166.017380 166.021104 166.027312 166.034139 0.000000 
0.000000 166.034139 166.026691 166.020484 166.016139 166.013656 166.013656 166.013656 166.016139 166.020484 166.026691 166.034139 0.000000 
0.000000 166.034760 166.026691 166.019863 166.014897 166.012414 166.011794 166.012414 166.014897 166.019863 166.026691 166.034760 0.000000 
0.000000 166.035381 166.026691 166.019242 166.013656 166.010552 166.010552 166.010552 166.013656 166.019242 166.026691 166.035381 0.000000 
0.000000 166.036622 166.027312 166.019242 166.012414 166.009311 166.008690 166.009311 166.012414 166.019242 166.027312 166.036622 0.000000 
0.000000 166.038484 166.027932 166.019242 166.011794 166.008069 166.007449 166.008069 166.011794 166.019242 166.027932 166.038484 0.000000 
0.000000 166.040967 166.029794 166.019863 166.011794 166.006207 166.005586 166.006207 166.011794 166.019863 166.029794 166.040967 0.000000 
0.000000 0.000000 166.031657 166.021104 166.011794 166.004966 166.004345 166.004966 166.011794 166.021104 166.031657 0.000000 0.000000 
0.000000 0.000000 166.034760 166.022967 166.012414 166.004345 166.002483 166.004345 166.012414 166.022967 166.034760 0.000000 0.000000 
0.000000 0.000000 166.039105 166.026070 166.013656 166.004345 166.001241 166.004345 166.013656 166.026070 166.039105 0.000000 0.000000 
0.000000 0.000000 0.000000 166.031036 166.018001 166.004966 166.000000 166.004966 166.018001 166.031036 0.000000 0.000000 0.000000 
0.000000 0.000000 0.000000 166.039726 166.026070 166.013035 166.009311 166.013035 166.026070 166.039726 0.000000 0.000000 0.000000 
0.000000 0.000000 0.000000 0.000000 166.037864 166.028553 166.027312 166.028553 166.037864 0.000000 0.000000 0.000000 0.000000 
