test/output/constant/M385_S060_A180_WD135.0_WS005.0/M385_S060_A180_WD135.0_WS005.0_arrival.asc
ncols         46
nrows         11
xllcorner     426503.990666
yllcorner     12748455.311160
cellsize      100.000000
NODATA_value  0.000000
0.000000 0.000000 0.000000 0.000000 0.000000 0.000000 0.000000 0.000000 0.000000 0.000000 0.000000 0.000000 0.000000 0.000000 0.000000 0.000000 0.000000 0.000000 0.000000 0.000000 166.040719 166.039588 166.038834 166.038080 166.037325 166.036948 166.036948 166.036948 166.036948 166.037325 166.037325 166.037703 166.037703 166.038080 166.038080 166.038457 166.038834 166.039588 166.039965 166.040342 166.041096 166.041667 0.000000 0.000000 0.000000 0.000000 
0.000000 0.000000 0.000000 0.000000 0.000000 0.000000 0.000000 0.000000 0.000000 0.000000 0.000000 0.000000 0.000000 0.000000 166.039965 166.037703 166.036194 166.034686 166.033555 166.032801 166.032047 166.031293 166.031293 166.031293 166.031293 166.031670 166.031670 166.032047 166.032047 166.032424 166.032801 166.033178 166.033555 166.033932 166.034686 166.035440 166.036194 166.036571 166.037325 166.038080 166.038834 166.039211 166.040342 166.041096 166.041667 0.000000 
0.000000 0.000000 0.000000 0.000000 0.000000 0.000000 0.000000 0.000000 0.000000 0.000000 166.037703 166.034309 166.032047 166.029785 166.028277 166.027146 166.026392 166.026015 166.025638 166.025638 166.025638 166.026015 166.026015 166.026392 166.026769 166.026769 166.027146 166.027900 166.028277 166.029031 166.029785 166.030162 166.030916 166.031670 166.032424 166.033178 166.033932 166.034686 166.035440 166.036194 166.036948 166.038080 166.038834 166.039965 166.040719 166.041473 
0.000000 0.000000 0.000000 0.000000 0.000000 0.000000 166.039211 166.033555 166.029031 166.026015 166.023376 166.022244 166.021113 166.020359 166.019982 166.019982 166.019982 166.020359 166.020359 166.020736 166.021113 166.021490 166.021867 166.022622 166.023376 166.024130 166.024507 166.025638 166.026392 166.027146 166.027900 166.028654 166.029408 166.030162 166.031293 166.032047 166.032801 166.033932 166.035063 166.035817 166.036948 166.037703 166.038834 166.039588 166.040719 166.041473 
0.000000 0.000000 0.000000 0.000000 166.031293 166.024884 166.020359 166.017720 166.015835 166.014704 166.014327 166.014327 166.014327 166.014704 166.015081 166.015081 166.015835 166.016212 166.016966 166.017720 166.018474 166.019228 166.019982 166.020736 166.021867 166.022622 166.023376 166.024507 166.025261 166.026392 166.027146 166.028277 166.029031 166.030162 166.030916 166.032047 166.032801 166.033932 166.035063 166.035817 166.036948 166.037703 166.038834 166.039965 166.040719 166.041667 
0.000000 0.000000 166.026015 166.016212 166.011688 166.009803 166.008672 166.008672 166.008672 166.009049 166.009426 166.010180 166.010557 166.011311 166.012065 166.013196 166.013950 166.015081 166.015835 166.016966 166.017720 166.018851 166.019605 166.020736 166.021490 166.022622 166.023376 166.024507 166.025261 166.026392 166.027523 166.028277 166.029408 166.030539 166.031293 166.032424 166.033555 166.034309 166.035440 166.036571 166.037703 166.038457 166.039588 166.040719 166.041667 0.000000 
0.000000 166.009803 166.003393 166.003016 166.003016 166.003770 166.004524 166.005278 166.006409 166.007163 166.008295 166.009049 166.010180 166.010934 166.012065 166.012819 166.013950 166.015081 166.015835 166.016966 166.017720 166.018851 166.019982 166.021113 166.021867 166.022999 166.024130 166.025261 166.026392 166.027146 166.028277 166.029408 166.030539 166.031670 166.032801 166.033932 166.035063 166.036194 166.037325 166.038457 166.039588 166.040342 166.041473 0.000000 0.000000 0.000000 
166.032424 166.000000 166.000754 166.001508 166.002639 166.003393 166.004524 166.005278 166.006409 166.007541 166.008672 166.009426 166.010557 166.011688 166.012819 166.013950 166.015081 166.016212 166.017343 166.018474 166.019605 166.020736 166.021867 166.022999 166.024130 166.025261 166.026392 166.027523 166.028654 166.029785 166.030916 166.032047 166.033178 166.034309 166.035440 166.036571 166.037703 166.038834 166.039965 166.041096 0.000000 0.000000 0.000000 0.000000 0.000000 0.000000 
0.000000 166.014704 166.009049 166.007918 166.007918 166.007918 166.008672 166.009426 166.010180 166.011311 166.012442 166.013573 166.014704 166.015835 166.016966 166.018097 166.019228 166.020359 166.021490 166.022622 166.023753 166.024884 166.026015 166.027146 166.028277 166.029408 166.030539 166.031670 166.032801 166.033932 166.035063 166.036194 166.037325 166.038080 166.039211 166.040342 166.041473 0.000000 0.000000 0.000000 0.000000 0.000000 0.000000 0.000000 0.000000 0.000000 
0.000000 0.000000 166.039965 166.032424 166.026769 166.024507 166.022999 166.022244 166.022244 166.022622 166.022622 166.022999 166.023376 166.023753 166.024507 166.025261 166.026015 166.026769 166.027523 166.028654 166.029408 166.030539 166.031293 166.032424 166.033555 166.034686 166.035440 166.036571 166.037703 166.038834 166.039965 166.041096 0.000000 0.000000 0.000000 0.000000 0.000000 0.000000 0.000000 0.000000 0.000000 0.000000 0.000000 0.000000 0.000000 0.000000 
0.000000 0.000000 0.000000 0.000000 0.000000 0.000000 0.000000 0.000000 166.040342 166.038834 166.037703 166.036948 166.036948 166.036571 166.036948 166.036948 166.037325 166.037703 166.038080 166.038834 166.039211 166.039965 166.040719 166.041096 166.041667 0.000000 0.000000 0.000000 0.000000 0.000000 0.000000 0.000000 0.000000 0.000000 0.000000 0.000000 0.000000 0.000000 0.000000 0.000000 0.000000 0.000000 0.000000 0.000000 0.000000 0.000000 
