test/output/constant/M365_S060_A270_WD045.0_WS045.0/M365_S060_A270_WD045.0_WS045.0_arrival.asc
ncols         28
nrows         9
xllcorner     424003.990666
yllcorner     12748555.311160
cellsize      100.000000
NODATA_value  0.000000
0.000000 0.000000 166.041492 166.040953 166.040414 166.039875 166.039336 166.039336 166.038797 166.039336 166.039875 166.040953 166.041667 0.000000 0.000000 0.000000 0.000000 0.000000 0.000000 0.000000 0.000000 0.000000 0.000000 0.000000 0.000000 0.000000 0.000000 0.000000 
166.041492 166.039875 166.038797 166.037720 166.036103 166.035025 166.034486 166.033409 166.032870 166.032331 166.032331 166.031792 166.031792 166.032331 166.033409 166.035025 166.036642 166.039336 0.000000 0.000000 0.000000 0.000000 0.000000 0.000000 0.000000 0.000000 0.000000 0.000000 
166.040953 166.039336 166.037720 166.036103 166.034486 166.033409 166.031792 166.030176 166.029098 166.028020 166.026943 166.026404 166.025865 166.025326 166.024787 166.024787 166.025326 166.026404 166.028020 166.030715 166.034486 166.039875 0.000000 0.000000 0.000000 0.000000 0.000000 0.000000 
166.041492 166.039336 166.037720 166.036103 166.034486 166.032870 166.031253 166.029637 166.028020 166.026404 166.025326 166.023709 166.022093 166.021015 166.019938 166.018860 166.018321 166.017782 166.017782 166.018321 166.019399 166.021554 166.025326 166.031792 166.040414 0.000000 0.000000 0.000000 
0.000000 166.040953 166.039336 166.037181 166.035025 166.033409 166.031792 166.030176 166.028559 166.026404 166.024787 166.023171 166.022093 166.020476 166.018860 166.017243 166.015627 166.014010 166.012932 166.011855 166.011316 166.010777 166.011316 166.012394 166.017243 166.024787 166.038797 0.000000 
0.000000 0.000000 0.000000 166.040414 166.038797 166.036642 166.034486 166.032331 166.030176 166.028020 166.026404 166.024248 166.022632 166.020476 166.018860 166.017243 166.015627 166.014010 166.012394 166.010777 166.009160 166.007544 166.005927 166.004311 166.003772 166.003772 166.009160 0.000000 
0.000000 0.000000 0.000000 0.000000 0.000000 166.041667 166.039875 166.037720 166.035564 166.032870 166.030715 166.028559 166.026404 166.024248 166.022093 166.019938 166.017782 166.015627 166.013471 166.011855 166.009699 166.007544 166.005927 166.004311 166.002694 166.001078 166.000000 166.036642 
0.000000 0.000000 0.000000 0.000000 0.000000 0.000000 0.000000 0.000000 0.000000 0.000000 166.040414 166.038258 166.036103 166.033948 166.031792 166.029637 166.027481 166.025326 166.023171 166.021554 166.019399 166.017243 166.015627 166.014549 166.014010 166.014549 166.017243 0.000000 
0.000000 0.000000 0.000000 0.000000 0.000000 0.000000 0.000000 0.000000 0.000000 0.000000 0.000000 0.000000 0.000000 0.000000 0.000000 0.000000 0.000000 0.000000 166.041492 166.040414 166.039875 166.039336 166.039875 166.040953 0.000000 0.000000 0.000000 0.000000 
