test/output/constant/M3M4100_S060_A180_WD045.0_WS045.0/M3M4100_S060_A180_WD045.0_WS045.0_intensity.asc
ncols         15
nrows         39
xllcorner     426403.990666
yllcorner     12745055.311160
cellsize      100.000000
NODATA_value  0.000000
0 1222 1242 2307 0 0 0 0 0 0 0 0 0 0 0 
0 1847 0 41047 2307 0 0 0 0 0 0 0 0 0 0 
1847 12850 58747 49286 2756 1749 0 0 0 0 0 0 0 0 0 
12850 12850 58747 58686 49286 4932 3341 0 0 0 0 0 0 0 0 
9443 16795 54854 58747 45385 45385 2756 0 0 0 0 0 0 0 0 
16795 12850 25827 58747 49286 45385 41047 2756 0 0 0 0 0 0 0 
9443 16795 52030 58747 58747 45385 45385 45385 0 0 0 0 0 0 0 
30644 16795 21164 58747 58747 58747 45385 2756 2307 0 0 0 0 0 0 
0 35470 25827 58747 58747 52632 49286 45385 7179 0 0 0 0 0 0 
0 30644 16795 58747 58747 57272 49286 1749 45385 0 0 0 0 0 0 
0 16795 16795 58747 58747 58747 58747 49286 49286 41047 0 0 0 0 0 
0 35470 16795 52030 58747 58747 58747 58747 1749 49286 0 0 0 0 0 
0 35470 35470 54854 58747 58747 58747 57272 55321 1749 45385 0 0 0 0 
0 35470 35470 21164 58747 58747 58747 58747 49286 45385 45385 0 0 0 0 
0 21164 35470 58747 58747 58747 58747 55321 58425 58686 45385 0 0 0 0 
0 35470 21164 35470 58747 58747 58747 57272 49286 49286 45385 2307 0 0 0 
0 0 44569 44569 56954 58747 58425 58747 55321 57272 45385 45385 0 0 0 
0 0 35470 48567 21164 58747 58747 58747 49286 57272 45385 45385 0 0 0 
0 0 35470 9443 52030 58747 58747 58747 58747 58747 49286 49286 0 0 0 
0 0 30644 16795 52030 58265 58747 58747 58747 49286 58686 2307 45385 0 0 
0 0 16795 12850 44569 58747 58747 58747 57272 57272 58747 58747 49286 0 0 
0 0 35470 9443 12850 58747 58747 58747 58747 58747 48567 49286 58425 0 0 
0 0 0 58747 44569 58747 58747 58747 58747 58747 49286 58747 49286 0 0 
0 0 0 58747 21164 58265 58747 58747 58747 58747 58747 55321 57272 45385 0 
0 0 0 58606 44569 58747 56954 58747 58747 58747 58747 57272 58747 49286 0 
0 0 0 0 58747 25827 16795 58747 58747 58747 58747 52632 58686 57272 0 
0 0 0 0 40159 58606 54854 58606 58747 58747 58686 58747 58747 58747 0 
0 0 0 0 44569 52030 58747 58747 58747 58747 58747 58747 45385 58686 0 
0 0 0 0 0 48567 21164 58747 40159 58747 58747 58747 52632 58747 0 
0 0 0 0 0 58747 21164 58747 58747 58747 58747 58747 49286 52632 0 
0 0 0 0 0 0 48567 16795 56954 58747 55321 58747 55321 49286 0 
0 0 0 0 0 0 48567 58747 12850 58747 58747 58747 58747 58747 52632 
0 0 0 0 0 0 56954 16795 16795 54854 58747 58747 58747 49286 58686 
0 0 0 0 0 0 0 58747 58747 58747 58747 58747 58747 58425 0 
0 0 0 0 0 0 0 58747 58747 58747 58747 58747 58686 52632 0 
0 0 0 0 0 0 0 0 44569 58747 58747 58747 58747 55321 0 
0 0 0 0 0 0 0 0 0 58747 58747 58747 58747 58747 0 
0 0 0 0 0 0 0 0 0 0 58747 58747 58747 58747 0 
0 0 0 0 0 0 0 0 0 0 58747 58747 58747 58747 0 
