test/output/constant/M3M400_S060_A090_WD045.0_WS010.0/M3M400_S060_A090_WD045.0_WS010.0_arrival.asc
ncols         15
nrows         64
xllcorner     425403.990666
yllcorner     12742455.311160
cellsize      100.000000
NODATA_value  0.000000
0.000000 0.000000 0.000000 0.000000 0.000000 0.000000 0.000000 0.000000 0.000000 0.000000 0.000000 166.010699 166.000000 166.023745 0.000000 
0.000000 0.000000 0.000000 0.000000 0.000000 0.000000 0.000000 0.000000 0.000000 0.000000 166.029486 166.002609 166.000522 166.014613 0.000000 
0.000000 0.000000 0.000000 0.000000 0.000000 0.000000 0.000000 0.000000 0.000000 0.000000 166.015917 166.001827 166.001044 166.012003 0.000000 
0.000000 0.000000 0.000000 0.000000 0.000000 0.000000 0.000000 0.000000 0.000000 166.032878 166.009655 166.002088 166.001827 166.012264 0.000000 
0.000000 0.000000 0.000000 0.000000 0.000000 0.000000 0.000000 0.000000 0.000000 166.023485 166.007045 166.002348 166.002348 166.012264 166.037836 
0.000000 0.000000 0.000000 0.000000 0.000000 0.000000 0.000000 0.000000 166.038619 166.017483 166.005741 166.003131 166.003131 166.012525 166.034705 
0.000000 0.000000 0.000000 0.000000 0.000000 0.000000 0.000000 0.000000 166.030791 166.013569 166.005741 166.003653 166.004175 166.013569 166.033661 
0.000000 0.000000 0.000000 0.000000 0.000000 0.000000 0.000000 0.000000 166.025050 166.011481 166.005480 166.004436 166.005219 166.014352 166.033661 
0.000000 0.000000 0.000000 0.000000 0.000000 0.000000 0.000000 166.038619 166.021136 166.010177 166.005741 166.005219 166.006263 166.015134 166.033139 
0.000000 0.000000 0.000000 0.000000 0.000000 0.000000 0.000000 166.032617 166.018266 166.009655 166.006002 166.005741 166.007306 166.016178 166.033400 
0.000000 0.000000 0.000000 0.000000 0.000000 0.000000 0.000000 166.028442 166.015917 166.009394 166.006523 166.006523 166.008350 166.017222 166.033400 
0.000000 0.000000 0.000000 0.000000 0.000000 0.000000 166.040446 166.025050 166.014613 166.009133 166.007045 166.007045 166.009394 166.018266 166.033661 
0.000000 0.000000 0.000000 0.000000 0.000000 0.000000 166.036010 166.022441 166.013569 166.009133 166.007828 166.007828 166.010438 166.019570 166.034183 
0.000000 0.000000 0.000000 0.000000 0.000000 0.000000 166.032096 166.020614 166.013308 166.009394 166.008350 166.008611 166.011742 166.020614 166.034705 
0.000000 0.000000 0.000000 0.000000 0.000000 0.000000 166.029225 166.019049 166.013047 166.009655 166.009133 166.009394 166.012786 166.021658 166.035488 
0.000000 0.000000 0.000000 0.000000 0.000000 166.039402 166.026877 166.018005 166.012786 166.010177 166.009655 166.010438 166.013830 166.022702 166.036010 
0.000000 0.000000 0.000000 0.000000 0.000000 166.036271 166.025050 166.017222 166.012786 166.010438 166.010438 166.011220 166.014874 166.024006 166.036792 
0.000000 0.000000 0.000000 0.000000 0.000000 166.033661 166.023485 166.016961 166.012786 166.011220 166.010959 166.012264 166.016178 166.025050 166.037836 
0.000000 0.000000 0.000000 0.000000 0.000000 166.031574 166.022180 166.016700 166.013047 166.011742 166.011742 166.013308 166.017222 166.026355 166.038097 
0.000000 0.000000 0.000000 0.000000 166.040707 166.029486 166.021397 166.016439 166.013308 166.012525 166.012525 166.014352 166.018266 166.027399 166.039141 
0.000000 0.000000 0.000000 0.000000 166.038097 166.027921 166.020875 166.016439 166.013830 166.013047 166.013308 166.015134 166.019570 166.028442 166.040446 
0.000000 0.000000 0.000000 0.000000 166.035749 166.026616 166.020614 166.016439 166.014091 166.013830 166.014091 166.016178 166.020614 166.029747 166.041228 
0.000000 0.000000 0.000000 0.000000 166.033922 166.025833 166.020353 166.016439 166.014613 166.014352 166.014874 166.017222 166.021658 166.030791 0.000000 
0.000000 0.000000 0.000000 0.000000 166.032356 166.025050 166.020353 166.016700 166.015134 166.015134 166.015656 166.018266 166.022963 166.031835 0.000000 
0.000000 0.000000 0.000000 166.040446 166.031052 166.024528 166.020092 166.017222 166.015656 166.015656 166.016700 166.019310 166.024006 166.033139 0.000000 
0.000000 0.000000 0.000000 166.038358 166.030008 166.024267 166.020092 166.017483 166.016439 166.016439 166.017483 166.020353 166.025050 166.034183 0.000000 
0.000000 0.000000 0.000000 166.036792 166.029225 166.024267 166.020092 166.017744 166.016961 166.016961 166.018527 166.021397 166.026355 166.035227 0.000000 
0.000000 0.000000 0.000000 166.035488 166.028703 166.024006 166.020353 166.018266 166.017744 166.017744 166.019310 166.022702 166.027399 166.036532 0.000000 
0.000000 0.000000 0.000000 166.034444 166.028181 166.023745 166.020353 166.018788 166.018266 166.018527 166.020353 166.023745 166.028442 166.037575 0.000000 
0.000000 0.000000 166.041228 166.033400 166.027921 166.023745 166.020875 166.019049 166.019049 166.019570 166.021397 166.024789 166.029486 166.038619 0.000000 
0.000000 0.000000 166.039924 166.032878 166.027921 166.023745 166.021136 166.019831 166.019570 166.020092 166.022441 166.025833 166.030791 166.039924 0.000000 
0.000000 0.000000 166.038880 166.032356 166.027660 166.023745 166.021397 166.020353 166.020353 166.021136 166.023224 166.026877 166.031835 166.040967 0.000000 
0.000000 0.000000 166.037836 166.032096 166.027399 166.024006 166.021919 166.021136 166.021136 166.021919 166.024267 166.028181 166.032878 0.000000 0.000000 
0.000000 0.000000 166.037053 166.031835 166.027399 166.024267 166.022180 166.021658 166.021658 166.022702 166.025311 166.029225 166.034183 0.000000 0.000000 
0.000000 0.000000 166.036271 166.031574 166.027138 166.024528 166.022963 166.022441 166.022441 166.023745 166.026355 166.030269 166.035227 0.000000 0.000000 
0.000000 0.000000 166.036010 166.031313 166.027399 166.024789 166.023224 166.022963 166.023224 166.024789 166.027399 166.031313 166.036271 0.000000 0.000000 
0.000000 166.041228 166.035749 166.031313 166.027399 166.025050 166.023745 166.023745 166.024006 166.025572 166.028181 166.032617 166.037575 0.000000 0.000000 
0.000000 166.040446 166.035488 166.031052 166.027660 166.025572 166.024267 166.024267 166.024789 166.026616 166.029225 166.033661 166.038619 0.000000 0.000000 
0.000000 166.039924 166.035227 166.030791 166.027921 166.025833 166.025050 166.025050 166.025572 166.027660 166.030269 166.034705 166.039924 0.000000 0.000000 
0.000000 166.039663 166.034966 166.030791 166.028181 166.026355 166.025572 166.025572 166.026355 166.028442 166.031313 166.035749 166.040967 0.000000 0.000000 
0.000000 166.039402 166.034966 166.031052 166.028442 166.026877 166.026355 166.026355 166.027138 166.029486 166.032356 166.037053 0.000000 0.000000 0.000000 
0.000000 166.039141 166.034705 166.031052 166.028964 166.027399 166.026877 166.027138 166.028181 166.030530 166.033661 166.038097 0.000000 0.000000 0.000000 
0.000000 166.038880 166.034705 166.031313 166.029225 166.027921 166.027660 166.027921 166.028964 166.031313 166.034705 166.039141 0.000000 0.000000 0.000000 
0.000000 166.038880 166.034444 166.031574 166.029486 166.028442 166.028442 166.028703 166.030008 166.032356 166.035749 166.040446 0.000000 0.000000 0.000000 
0.000000 166.038619 166.034444 166.031835 166.030008 166.028964 166.028964 166.029486 166.031052 166.033400 166.036792 166.041489 0.000000 0.000000 0.000000 
0.000000 166.038358 166.034705 166.032096 166.030269 166.029747 166.029747 166.030269 166.031835 166.034444 166.037836 0.000000 0.000000 0.000000 0.000000 
0.000000 166.038358 166.034705 166.032617 166.031052 166.030269 166.030269 166.031052 166.032878 166.035488 166.038880 0.000000 0.000000 0.000000 0.000000 
0.000000 166.038097 166.034966 166.032878 166.031313 166.031052 166.031052 166.031835 166.033661 166.036271 166.040185 0.000000 0.000000 0.000000 0.000000 
0.000000 166.038097 166.035227 166.033139 166.031835 166.031574 166.031574 166.032617 166.034705 166.037314 166.041228 0.000000 0.000000 0.000000 0.000000 
0.000000 166.038097 166.035488 166.033661 166.032356 166.032356 166.032617 166.033661 166.035749 166.038358 0.000000 0.000000 0.000000 0.000000 0.000000 
0.000000 166.038358 166.035749 166.034183 166.032878 166.032878 166.033139 166.034444 166.036532 166.039402 0.000000 0.000000 0.000000 0.000000 0.000000 
0.000000 166.038358 166.036271 166.034444 166.033661 166.033661 166.033922 166.035227 166.037575 166.040446 0.000000 0.000000 0.000000 0.000000 0.000000 
166.041667 166.038619 166.036532 166.034966 166.034444 166.034183 166.034705 166.036271 166.038619 166.041489 0.000000 0.000000 0.000000 0.000000 0.000000 
166.041667 166.038880 166.037053 166.035488 166.034966 166.034966 166.035749 166.037053 166.039663 0.000000 0.000000 0.000000 0.000000 0.000000 0.000000 
0.000000 166.039141 166.037314 166.036010 166.035749 166.035749 166.036271 166.038097 166.040446 0.000000 0.000000 0.000000 0.000000 0.000000 0.000000 
0.000000 166.039663 166.037836 166.036532 166.036271 166.036271 166.037314 166.039141 166.041489 0.000000 0.000000 0.000000 0.000000 0.000000 0.000000 
0.000000 166.039924 166.038097 166.037053 166.037053 166.037053 166.038097 166.039924 0.000000 0.000000 0.000000 0.000000 0.000000 0.000000 0.000000 
0.000000 166.040185 166.038619 166.037575 166.037575 166.037836 166.038880 166.040967 0.000000 0.000000 0.000000 0.000000 0.000000 0.000000 0.000000 
0.000000 166.040446 166.039141 166.038358 166.038358 166.038619 166.039663 0.000000 0.000000 0.000000 0.000000 0.000000 0.000000 0.000000 0.000000 
0.000000 166.040967 166.039402 166.038880 166.038880 166.039402 166.040446 0.000000 0.000000 0.000000 0.000000 0.000000 0.000000 0.000000 0.000000 
0.000000 166.041228 166.039924 166.039663 166.039663 166.040185 166.041489 0.000000 0.000000 0.000000 0.000000 0.000000 0.000000 0.000000 0.000000 
0.000000 166.041667 166.040446 166.040185 166.040185 166.040967 0.000000 0.000000 0.000000 0.000000 0.000000 0.000000 0.000000 0.000000 0.000000 
0.000000 0.000000 166.041228 166.040967 166.040967 166.041667 0.000000 0.000000 0.000000 0.000000 0.000000 0.000000 0.000000 0.000000 0.000000 
0.000000 0.000000 166.041667 166.041489 166.041667 0.000000 0.000000 0.000000 0.000000 0.000000 0.000000 0.000000 0.000000 0.000000 0.000000 
