test/output/constant/M3M400_S060_A090_WD045.0_WS010.0/M3M400_S060_A090_WD045.0_WS010.0_intensity.asc
ncols         15
nrows         64
xllcorner     425403.990666
yllcorner     12742455.311160
cellsize      100.000000
NODATA_value  0.000000
0 0 0 0 0 0 0 0 0 0 0 1264 0 664 0 
0 0 0 0 0 0 0 0 0 0 1264 2530 98642 20288 0 
0 0 0 0 0 0 0 0 0 0 1140 87957 98642 27421 0 
0 0 0 0 0 0 0 0 0 59548 59548 98642 98642 51971 0 
0 0 0 0 0 0 0 0 0 59548 1264 98642 98642 27421 27421 
0 0 0 0 0 0 0 0 686 75273 75273 98642 82740 51971 27421 
0 0 0 0 0 0 0 0 59548 67678 1264 98642 60377 27421 27421 
0 0 0 0 0 0 0 0 59548 4922 98642 98642 51971 51971 35239 
0 0 0 0 0 0 0 4922 686 67678 98642 98642 43507 51971 35239 
0 0 0 0 0 0 0 67678 686 1264 98642 98642 27421 60377 27421 
0 0 0 0 0 0 0 4922 67678 67678 98642 75999 60377 27421 27421 
0 0 0 0 0 0 67678 59548 67678 75273 98642 98642 60377 60377 20288 
0 0 0 0 0 0 686 67678 67678 98486 98642 51971 60377 35239 51971 
0 0 0 0 0 0 67678 67678 8585 98642 98642 98642 43507 51971 51971 
0 0 0 0 0 0 67678 2530 67678 98642 98642 68468 27421 51971 27421 
0 0 0 0 0 59548 67678 67678 67678 98642 98642 60377 60377 60377 60377 
0 0 0 0 0 67678 2530 67678 98642 92661 98642 60377 51971 35239 51971 
0 0 0 0 0 67678 1264 75273 87957 98642 98642 60377 27421 60377 27421 
0 0 0 0 0 1264 67678 67678 98642 98642 98642 51971 60377 51971 51971 
0 0 0 0 67678 67678 67678 67678 92661 98642 27421 35239 51971 35239 51971 
0 0 0 0 75273 67678 75273 67678 98642 98642 35239 60377 43507 60377 43507 
0 0 0 0 67678 67678 67678 98642 98642 98642 35239 51971 20288 43507 51971 
0 0 0 0 2530 4922 67678 96070 98642 98642 60377 51971 51971 27421 0 
0 0 0 0 1264 4922 2530 92661 98642 51971 60377 60377 43507 51971 0 
0 0 0 2530 67678 67678 67678 98642 98642 98642 60377 60377 27421 43507 0 
0 0 0 4922 67678 67678 98642 98642 98642 98548 60377 51971 51971 60377 0 
0 0 0 67678 67678 2530 98642 98642 98642 98204 60377 60377 27421 60377 0 
0 0 0 67678 67678 67678 98642 98642 98642 98642 88488 43507 60377 35239 0 
0 0 0 67678 67678 67678 98642 98642 98642 60377 60377 35239 60377 51971 0 
0 0 75273 67678 67678 4922 98642 98081 98642 51971 51971 51971 60377 60377 0 
0 0 75273 2530 67678 98642 98486 98642 98642 93067 35239 51971 20288 35239 0 
0 0 4922 75273 75273 98642 98486 98642 98642 43507 60377 60377 60377 60377 0 
0 0 75273 2530 75273 98642 98642 98642 75999 51971 60377 51971 60377 0 0 
0 0 67678 2530 67678 98642 98642 98642 98642 88488 51971 27421 43507 0 0 
0 0 75273 67678 92661 98642 98642 98642 75999 60377 60377 51971 51971 0 0 
0 0 67678 75273 98642 98642 98642 98642 98642 35239 27421 60377 60377 0 0 
0 67678 67678 2530 98642 87957 98642 98642 60377 60377 60377 35239 35239 0 0 
0 67678 67678 67678 98642 98642 98642 98642 98642 60377 60377 35239 60377 0 0 
0 67678 75273 67678 98642 98081 98642 98642 60377 43507 60377 60377 27421 0 0 
0 67678 75273 98486 98642 98642 98642 88488 60377 75999 60377 60377 27421 0 0 
0 67678 75273 98642 82102 98642 98642 98642 82740 60377 51971 35239 0 0 0 
0 67678 67678 96070 98642 98642 98642 35239 60377 35239 51971 60377 0 0 0 
0 67678 4922 98642 98081 98642 98642 51971 60377 68468 35239 60377 0 0 0 
0 4922 98642 98642 98642 98642 51971 93067 60377 68468 60377 20288 0 0 0 
0 75273 98642 96070 98486 98642 98642 68468 51971 51971 60377 27421 0 0 0 
0 67678 98642 98642 96070 98642 98642 60377 60377 51971 51971 0 0 0 0 
0 67678 98642 98642 98642 98642 98642 43507 88488 43507 75999 0 0 0 0 
0 67678 98081 98642 98642 98642 98642 60377 51971 60377 43507 0 0 0 0 
0 98642 98642 98486 98642 98642 82740 60377 60377 51971 60377 0 0 0 0 
0 96070 98642 98642 98642 98642 51971 27421 43507 60377 0 0 0 0 0 
0 98642 96070 98642 98642 98642 98204 43507 60377 60377 0 0 0 0 0 
0 96070 98642 98642 98642 98642 98642 60377 60377 35239 0 0 0 0 0 
98642 82102 96070 98642 98642 98642 98642 51971 20288 43507 0 0 0 0 0 
98642 96070 98642 87957 98642 96339 35239 60377 35239 0 0 0 0 0 0 
0 87957 98642 98642 98642 98642 82740 51971 60377 0 0 0 0 0 0 
0 98642 98642 98642 98642 93067 88488 35239 51971 0 0 0 0 0 0 
0 98642 98642 98642 82740 51971 51971 51971 0 0 0 0 0 0 0 
0 98642 98642 98642 93067 98642 68468 60377 0 0 0 0 0 0 0 
0 98081 98642 98642 98642 60377 98642 0 0 0 0 0 0 0 0 
0 98642 98642 98642 96339 98642 93067 0 0 0 0 0 0 0 0 
0 98642 98642 98642 98642 60377 75999 0 0 0 0 0 0 0 0 
0 98642 98642 98642 98642 60377 0 0 0 0 0 0 0 0 0 
0 0 98642 98642 51971 51971 0 0 0 0 0 0 0 0 0 
0 0 98642 98642 43507 0 0 0 0 0 0 0 0 0 0 
