test/output/constant/M1M290_S060_A180_WD270.0_WS045.0/M1M290_S060_A180_WD270.0_WS045.0_arrival.asc
ncols         42
nrows         5
xllcorner     426603.990666
yllcorner     12748555.311160
cellsize      100.000000
NODATA_value  0.000000
0.000000 0.000000 0.000000 0.000000 0.000000 0.000000 166.036814 166.033133 166.030270 166.028224 166.027406 166.026588 166.025770 166.025361 166.025361 166.025361 166.025361 166.026179 166.026588 166.027406 166.028224 166.028633 166.029452 166.030270 166.031088 166.031906 166.032315 166.033133 166.033951 166.034769 166.035587 166.036814 166.037632 166.038451 166.039678 166.040496 166.041314 0.000000 0.000000 0.000000 0.000000 0.000000 
0.000000 166.020043 166.012271 166.009408 166.008590 166.008590 166.008999 166.009408 166.010226 166.011044 166.011862 166.012681 166.013908 166.014726 166.015544 166.016771 166.017589 166.018816 166.019634 166.020452 166.021680 166.022498 166.023725 166.024543 166.025770 166.026588 166.027815 166.028633 166.029452 166.030679 166.031497 166.032724 166.033542 166.034769 166.035587 166.036814 166.037632 166.038860 166.039678 166.040496 166.041667 0.000000 
166.000000 166.000818 166.001636 166.002863 166.003681 166.004909 166.005727 166.006954 166.007772 166.008999 166.009817 166.011044 166.011862 166.013090 166.013908 166.015135 166.015953 166.017180 166.017998 166.019225 166.020043 166.021271 166.022089 166.023316 166.024134 166.025361 166.026179 166.027406 166.028224 166.029452 166.030270 166.031497 166.032315 166.033542 166.034360 166.035587 166.036405 166.037632 166.038451 166.039678 166.040496 166.041667 
0.000000 166.020043 166.012271 166.009408 166.008590 166.008590 166.008999 166.009408 166.010226 166.011044 166.011862 166.012681 166.013908 166.014726 166.015544 166.016771 166.017589 166.018816 166.019634 166.020452 166.021680 166.022498 166.023725 166.024543 166.025770 166.026588 166.027815 166.028633 166.029452 166.030679 166.031497 166.032724 166.033542 166.034769 166.035587 166.036814 166.037632 166.038860 166.039678 166.040496 166.041667 0.000000 
0.000000 0.000000 0.000000 0.000000 0.000000 0.000000 166.036814 166.033133 166.030270 166.028224 166.027406 166.026588 166.025770 166.025361 166.025361 166.025361 166.025361 166.026179 166.026588 166.027406 166.028224 166.028633 166.029452 166.030270 166.031088 166.031906 166.032315 166.033133 166.033951 166.034769 166.035587 166.036814 166.037632 166.038451 166.039678 166.040496 166.041314 0.000000 0.000000 0.000000 0.000000 0.000000 
