test/output/constant/M3M480_S060_A090_WD135.0_WS035.0/M3M480_S060_A090_WD135.0_WS035.0_intensity.asc
ncols         25
nrows         15
xllcorner     424303.990666
yllcorner     12747455.311160
cellsize      100.000000
NODATA_value  0.000000
0 0 0 0 0 0 0 0 0 0 0 0 0 0 0 0 0 0 0 5659 5659 5659 4141 5659 1312 
0 0 0 0 0 0 0 0 0 0 0 0 0 0 0 5659 7594 7594 4141 9905 4141 5659 38308 0 2292 
0 0 0 0 0 0 0 0 0 0 0 0 0 9905 4141 9905 5659 18407 21488 5659 38308 38308 37850 1707 3385 
0 0 0 0 0 0 0 0 0 0 0 9905 18407 9905 7594 5659 4141 9905 38308 38308 38308 31235 28619 2457 0 
0 0 0 0 0 0 0 0 0 4141 12528 12528 12528 9905 7594 37521 38308 38308 38308 28619 31235 25762 2457 2457 0 
0 0 0 0 0 0 0 34709 18407 7594 12528 27476 32638 7594 38308 38308 38308 38308 35432 2292 3385 4701 1298 0 0 
0 0 0 0 0 0 12528 7594 7594 34709 5659 38308 38308 38308 38308 38308 33529 31235 31235 3385 3385 2457 0 0 0 
0 0 0 0 12528 9905 27476 30202 38308 32638 15390 38308 38308 38308 38308 38291 4701 28619 2457 4701 2457 0 0 0 0 
0 0 0 4141 21488 36353 36353 9905 38308 38308 38308 38308 38308 35432 28619 2457 4701 2292 3385 0 0 0 0 0 0 
0 0 24542 3053 5659 36353 9905 38308 38308 38308 38308 33529 2145 4701 3385 28619 3385 28619 0 0 0 0 0 0 0 
0 12528 38308 12528 38308 38308 38176 38308 38308 37850 31235 8520 3385 4701 4701 3385 0 0 0 0 0 0 0 0 0 
30202 18407 38308 38308 38308 38308 38308 38308 35432 8520 31235 28619 31235 4701 2457 0 0 0 0 0 0 0 0 0 0 
38308 38308 38308 38308 38308 38308 38291 38308 33529 4701 28619 2457 28619 0 0 0 0 0 0 0 0 0 0 0 0 
38308 38308 38308 38308 38308 31235 31235 28619 28619 28619 0 0 0 0 0 0 0 0 0 0 0 0 0 0 0 
38308 36888 38308 36888 1707 28619 3385 0 0 0 0 0 0 0 0 0 0 0 0 0 0 0 0 0 0 
