test/output/constant/M3M475_S000_A090_WD315.0_WS020.0/M3M475_S000_A090_WD315.0_WS020.0_arrival.asc
ncols         17
nrows         17
xllcorner     426403.990666
yllcorner     12747355.311160
cellsize      100.000000
NODATA_value  0.000000
0.000000 166.040486 166.037902 166.037902 0.000000 0.000000 0.000000 0.000000 0.000000 0.000000 0.000000 0.000000 0.000000 0.000000 0.000000 0.000000 0.000000 
166.040486 166.018089 166.012921 166.015505 166.022396 166.031010 166.039624 0.000000 0.000000 0.000000 0.000000 0.000000 0.000000 0.000000 0.000000 0.000000 0.000000 
166.037902 166.012921 166.000000 166.001723 166.007753 166.015505 166.024119 166.031872 166.040486 0.000000 0.000000 0.000000 0.000000 0.000000 0.000000 0.000000 0.000000 
166.037902 166.015505 166.001723 166.001723 166.005168 166.008614 166.014644 166.022396 166.030149 166.037902 0.000000 0.000000 0.000000 0.000000 0.000000 0.000000 0.000000 
0.000000 166.022396 166.007753 166.005168 166.005168 166.007753 166.011198 166.016367 166.022396 166.029288 166.037040 0.000000 0.000000 0.000000 0.000000 0.000000 0.000000 
0.000000 166.031010 166.015505 166.008614 166.007753 166.007753 166.010337 166.013782 166.018089 166.024119 166.030149 166.037040 0.000000 0.000000 0.000000 0.000000 0.000000 
0.000000 166.039624 166.024119 166.014644 166.011198 166.010337 166.011198 166.013782 166.016367 166.020674 166.025842 166.031872 166.037902 0.000000 0.000000 0.000000 0.000000 
0.000000 0.000000 166.031872 166.022396 166.016367 166.013782 166.013782 166.013782 166.016367 166.019812 166.023258 166.027565 166.033595 166.038763 0.000000 0.000000 0.000000 
0.000000 0.000000 166.040486 166.030149 166.022396 166.018089 166.016367 166.016367 166.017228 166.019812 166.022396 166.025842 166.030149 166.035317 166.040486 0.000000 0.000000 
0.000000 0.000000 0.000000 166.037902 166.029288 166.024119 166.020674 166.019812 166.019812 166.019812 166.022396 166.025842 166.028426 166.032733 166.037040 0.000000 0.000000 
0.000000 0.000000 0.000000 0.000000 166.037040 166.030149 166.025842 166.023258 166.022396 166.022396 166.023258 166.025842 166.028426 166.031872 166.035317 166.039624 0.000000 
0.000000 0.000000 0.000000 0.000000 0.000000 166.037040 166.031872 166.027565 166.025842 166.025842 166.025842 166.026703 166.028426 166.031010 166.034456 166.037902 0.000000 
0.000000 0.000000 0.000000 0.000000 0.000000 0.000000 166.037902 166.033595 166.030149 166.028426 166.028426 166.028426 166.029288 166.031872 166.034456 166.037040 166.040486 
0.000000 0.000000 0.000000 0.000000 0.000000 0.000000 0.000000 166.038763 166.035317 166.032733 166.031872 166.031010 166.031872 166.032733 166.034456 166.037040 166.040486 
0.000000 0.000000 0.000000 0.000000 0.000000 0.000000 0.000000 0.000000 166.040486 166.037040 166.035317 166.034456 166.034456 166.034456 166.035317 166.037902 166.040486 
0.000000 0.000000 0.000000 0.000000 0.000000 0.000000 0.000000 0.000000 0.000000 0.000000 166.039624 166.037902 166.037040 166.037040 166.037902 166.038763 166.040486 
0.000000 0.000000 0.000000 0.000000 0.000000 0.000000 0.000000 0.000000 0.000000 0.000000 0.000000 0.000000 166.040486 166.040486 166.040486 166.040486 166.041347 
