test/output/constant/M490_S060_A270_WD180.0_WS030.0/M490_S060_A270_WD180.0_WS030.0_arrival.asc
ncols         7
nrows         45
xllcorner     426303.990666
yllcorner     12748755.311160
cellsize      100.000000
NODATA_value  0.000000
0.000000 0.000000 0.000000 166.041481 0.000000 0.000000 0.000000 
0.000000 0.000000 166.041481 166.040720 166.041481 0.000000 0.000000 
0.000000 0.000000 166.040720 166.039579 166.040720 0.000000 0.000000 
0.000000 0.000000 166.039579 166.038817 166.039579 0.000000 0.000000 
0.000000 166.041101 166.038817 166.037676 166.038817 166.041101 0.000000 
0.000000 166.040340 166.037676 166.036915 166.037676 166.040340 0.000000 
0.000000 166.039579 166.036915 166.035773 166.036915 166.039579 0.000000 
0.000000 166.038437 166.035773 166.035012 166.035773 166.038437 0.000000 
0.000000 166.037676 166.035012 166.033870 166.035012 166.037676 0.000000 
0.000000 166.036915 166.033870 166.033109 166.033870 166.036915 0.000000 
0.000000 166.035773 166.033109 166.031967 166.033109 166.035773 0.000000 
166.041101 166.035012 166.031967 166.031206 166.031967 166.035012 166.041101 
166.040720 166.034251 166.031206 166.030064 166.031206 166.034251 166.040720 
166.039959 166.033490 166.030064 166.029303 166.030064 166.033490 166.039959 
166.039198 166.032348 166.029303 166.028162 166.029303 166.032348 166.039198 
166.038437 166.031587 166.028162 166.027401 166.028162 166.031587 166.038437 
166.038056 166.030826 166.027401 166.026259 166.027401 166.030826 166.038056 
166.037295 166.029684 166.026259 166.025498 166.026259 166.029684 166.037295 
166.036534 166.028923 166.025498 166.024356 166.025498 166.028923 166.036534 
166.036153 166.028162 166.024356 166.023595 166.024356 166.028162 166.036153 
166.035392 166.027401 166.023595 166.022453 166.023595 166.027401 166.035392 
166.035392 166.027020 166.022453 166.021692 166.022453 166.027020 166.035392 
166.035392 166.026259 166.021692 166.020550 166.021692 166.026259 166.035392 
166.035012 166.025498 166.020931 166.019789 166.020931 166.025498 166.035012 
166.035392 166.024737 166.019789 166.018648 166.019789 166.024737 166.035392 
166.035392 166.024356 166.019028 166.017886 166.019028 166.024356 166.035392 
166.036153 166.023595 166.017886 166.016745 166.017886 166.023595 166.036153 
166.036534 166.022834 166.017125 166.015984 166.017125 166.022834 166.036534 
166.036915 166.022073 166.016364 166.014842 166.016364 166.022073 166.036915 
166.037676 166.021692 166.015223 166.014081 166.015223 166.021692 166.037676 
166.039198 166.021312 166.014461 166.012939 166.014461 166.021312 166.039198 
166.040340 166.021312 166.013320 166.012178 166.013320 166.021312 166.040340 
0.000000 166.021312 166.012559 166.011036 166.012559 166.021312 0.000000 
0.000000 166.021692 166.011797 166.010275 166.011797 166.021692 0.000000 
0.000000 166.022073 166.010656 166.009134 166.010656 166.022073 0.000000 
0.000000 166.022834 166.009895 166.008372 166.009895 166.022834 0.000000 
0.000000 166.023975 166.009134 166.007231 166.009134 166.023975 0.000000 
0.000000 166.025498 166.008372 166.006470 166.008372 166.025498 0.000000 
0.000000 166.028162 166.007992 166.005328 166.007992 166.028162 0.000000 
0.000000 166.031967 166.007231 166.004567 166.007231 166.031967 0.000000 
0.000000 166.038437 166.007231 166.003425 166.007231 166.038437 0.000000 
0.000000 0.000000 166.007992 166.002664 166.007992 0.000000 0.000000 
0.000000 0.000000 166.009134 166.001522 166.009134 0.000000 0.000000 
0.000000 0.000000 166.014461 166.000761 166.014461 0.000000 0.000000 
0.000000 0.000000 0.000000 166.000000 0.000000 0.000000 0.000000 
