test/output/constant/M365_S000_A000_WD270.0_WS050.0/M365_S000_A000_WD270.0_WS050.0_arrival.asc
ncols         46
nrows         9
xllcorner     426603.990666
yllcorner     12748355.311160
cellsize      100.000000
NODATA_value  0.000000
0.000000 0.000000 0.000000 0.000000 0.000000 0.000000 0.000000 0.000000 0.000000 0.000000 0.000000 0.000000 0.000000 0.000000 0.000000 0.000000 0.000000 0.000000 0.000000 0.000000 0.000000 166.041517 166.041517 166.041517 166.041146 166.041146 166.041146 166.041146 166.041146 166.041667 0.000000 0.000000 0.000000 0.000000 0.000000 0.000000 0.000000 0.000000 0.000000 0.000000 0.000000 0.000000 0.000000 0.000000 0.000000 0.000000 
0.000000 0.000000 0.000000 0.000000 0.000000 0.000000 0.000000 0.000000 166.039293 166.036327 166.034103 166.032620 166.031508 166.030767 166.030396 166.029655 166.029655 166.029655 166.029284 166.029284 166.029655 166.030025 166.030396 166.031137 166.031508 166.032250 166.032991 166.033362 166.034103 166.034844 166.035586 166.036327 166.036698 166.037439 166.038180 166.038922 166.039663 166.040405 166.041146 0.000000 0.000000 0.000000 0.000000 0.000000 0.000000 0.000000 
0.000000 0.000000 0.000000 166.031137 166.026319 166.022612 166.020388 166.019276 166.018534 166.017793 166.017793 166.017793 166.017793 166.018164 166.018905 166.019276 166.020017 166.020758 166.021129 166.021870 166.022612 166.023353 166.024094 166.024836 166.025577 166.026319 166.027431 166.028172 166.028913 166.029655 166.030767 166.031508 166.032250 166.033362 166.034103 166.034844 166.035956 166.036698 166.037439 166.038180 166.039293 166.040034 166.041146 0.000000 0.000000 0.000000 
166.021500 166.009638 166.006672 166.005931 166.005931 166.006302 166.007043 166.007784 166.008526 166.009267 166.010008 166.011121 166.011862 166.012603 166.013715 166.014457 166.015198 166.016310 166.017051 166.018164 166.018905 166.020017 166.020758 166.021870 166.022612 166.023724 166.024465 166.025577 166.026319 166.027431 166.028172 166.029284 166.030025 166.031137 166.031879 166.032991 166.033732 166.034844 166.035586 166.036327 166.037439 166.038180 166.039293 166.040034 166.041146 0.000000 
166.000000 166.000741 166.001483 166.002595 166.003336 166.004448 166.005190 166.006302 166.007043 166.008155 166.008896 166.010008 166.010750 166.011862 166.012603 166.013715 166.014457 166.015569 166.016310 166.017422 166.018164 166.019276 166.020017 166.021129 166.021870 166.022982 166.023724 166.024836 166.025577 166.026689 166.027431 166.028543 166.029284 166.030396 166.031137 166.032250 166.032991 166.034103 166.034844 166.035956 166.036698 166.037810 166.038551 166.039663 166.040405 166.041517 
166.021500 166.009638 166.006672 166.005931 166.005931 166.006302 166.007043 166.007784 166.008526 166.009267 166.010008 166.011121 166.011862 166.012603 166.013715 166.014457 166.015198 166.016310 166.017051 166.018164 166.018905 166.020017 166.020758 166.021870 166.022612 166.023724 166.024465 166.025577 166.026319 166.027431 166.028172 166.029284 166.030025 166.031137 166.031879 166.032991 166.033732 166.034844 166.035586 166.036327 166.037439 166.038180 166.039293 166.040034 166.041146 0.000000 
0.000000 0.000000 0.000000 166.031137 166.026319 166.022612 166.020388 166.019276 166.018534 166.017793 166.017793 166.017793 166.017793 166.018164 166.018905 166.019276 166.020017 166.020758 166.021129 166.021870 166.022612 166.023353 166.024094 166.024836 166.025577 166.026319 166.027431 166.028172 166.028913 166.029655 166.030767 166.031508 166.032250 166.033362 166.034103 166.034844 166.035956 166.036698 166.037439 166.038180 166.039293 166.040034 166.041146 0.000000 0.000000 0.000000 
0.000000 0.000000 0.000000 0.000000 0.000000 0.000000 0.000000 0.000000 166.039293 166.036327 166.034103 166.032620 166.031508 166.030767 166.030396 166.029655 166.029655 166.029655 166.029284 166.029284 166.029655 166.030025 166.030396 166.031137 166.031508 166.032250 166.032991 166.033362 166.034103 166.034844 166.035586 166.036327 166.036698 166.037439 166.038180 166.038922 166.039663 166.040405 166.041146 0.000000 0.000000 0.000000 0.000000 0.000000 0.000000 0.000000 
0.000000 0.000000 0.000000 0.000000 0.000000 0.000000 0.000000 0.000000 0.000000 0.000000 0.000000 0.000000 0.000000 0.000000 0.000000 0.000000 0.000000 0.000000 0.000000 0.000000 0.000000 166.041517 166.041517 166.041517 166.041146 166.041146 166.041146 166.041146 166.041146 166.041667 0.000000 0.000000 0.000000 0.000000 0.000000 0.000000 0.000000 0.000000 0.000000 0.000000 0.000000 0.000000 0.000000 0.000000 0.000000 0.000000 
