test/output/constant/M3M495_S060_A000_WD315.0_WS015.0/M3M495_S060_A000_WD315.0_WS015.0_intensity.asc
ncols         38
nrows         16
xllcorner     423003.990666
yllcorner     12747355.311160
cellsize      100.000000
NODATA_value  0.000000
0 0 0 0 0 0 0 0 0 0 0 0 0 0 0 0 0 0 0 0 0 0 0 0 0 15271 11439 11439 11439 11439 11439 19557 19557 11439 8173 11439 1421 1421 
0 0 0 0 0 0 0 0 0 0 0 0 0 0 0 0 0 0 0 0 11439 24171 24171 19557 24171 24171 24171 15271 15271 11439 24171 28974 24171 24171 11439 58377 0 2221 
0 0 0 0 0 0 0 0 0 0 0 0 0 0 0 0 0 11439 19557 24171 15271 19557 15271 11439 15271 24171 19557 19557 8173 28974 15271 38571 58377 58377 58377 58377 3394 1757 
0 0 0 0 0 0 0 0 0 0 0 0 0 0 19557 24171 24171 15271 33823 24171 19557 24171 15271 19557 15271 47198 24171 11439 47198 58377 58377 58377 58377 45868 41609 2385 2385 0 
0 0 0 0 0 0 0 0 0 0 0 0 15271 28974 24171 15271 8173 24171 38571 24171 15271 11439 47198 50816 19557 43074 58377 58377 58377 57216 52883 52883 41609 3394 1540 3394 0 0 
0 0 0 0 0 0 0 0 0 0 11439 19557 24171 15271 19557 24171 19557 19557 24171 19557 15271 19557 43074 58377 58377 58377 58377 58377 45868 5052 41609 37018 3394 2221 1757 0 0 0 
0 0 0 0 0 0 0 0 19557 11439 24171 19557 24171 53819 33823 24171 19557 47198 24171 50816 58377 58377 58377 58377 58377 58377 57216 3394 41609 37018 37018 1540 37018 2385 0 0 0 0 
0 0 0 0 0 0 24171 38571 24171 24171 8173 15271 15271 50816 33823 38571 11439 58377 58377 58377 58377 58377 58377 58377 55426 49664 41609 5052 5052 41609 41609 2385 0 0 0 0 0 0 
0 0 0 0 0 38571 8173 53819 15271 43074 47198 24171 58377 19557 58377 58377 58377 58377 58342 58377 58377 58377 55426 3394 41609 5052 3394 41609 2385 37018 3394 0 0 0 0 0 0 0 
0 0 0 24171 24171 11439 24171 11439 38571 50816 24171 58377 58377 58377 58377 58377 58377 58377 58377 45868 41609 3394 5052 41609 3394 41609 5052 7406 2385 0 0 0 0 0 0 0 0 0 
0 0 43074 11439 47198 58377 47198 38571 58342 58377 58377 58377 58377 57216 58377 58377 58377 52883 49664 52883 3394 41609 41609 37018 37018 5052 41609 0 0 0 0 0 0 0 0 0 0 0 
0 15271 28974 15271 43074 56117 19557 58377 58377 58377 58377 58377 58377 57216 49664 52883 41609 3394 7406 41609 41609 37018 5052 41609 0 0 0 0 0 0 0 0 0 0 0 0 0 0 
19557 19557 19557 58377 58377 58377 58377 58377 58342 58377 58377 58377 52883 55426 52883 52883 5052 41609 7406 2385 41609 7406 0 0 0 0 0 0 0 0 0 0 0 0 0 0 0 0 
58377 58377 58377 58377 58377 58377 57216 58377 58377 58377 52883 52883 41609 3394 3394 41609 1757 3394 2385 0 0 0 0 0 0 0 0 0 0 0 0 0 0 0 0 0 0 0 
58377 58377 58377 58377 58377 58377 58377 58377 52883 55426 49664 52883 5052 41609 41609 3394 0 0 0 0 0 0 0 0 0 0 0 0 0 0 0 0 0 0 0 0 0 0 
58377 58377 58377 58377 57216 45868 52883 52883 52883 52883 3394 41609 0 0 0 0 0 0 0 0 0 0 0 0 0 0 0 0 0 0 0 0 0 0 0 0 0 0 
