test/output/constant/M3M495_S060_A000_WD315.0_WS015.0/M3M495_S060_A000_WD315.0_WS015.0_arrival.asc
ncols         38
nrows         16
xllcorner     423003.990666
yllcorner     12747355.311160
cellsize      100.000000
NODATA_value  0.000000
0.000000 0.000000 0.000000 0.000000 0.000000 0.000000 0.000000 0.000000 0.000000 0.000000 0.000000 0.000000 0.000000 0.000000 0.000000 0.000000 0.000000 0.000000 0.000000 0.000000 0.000000 0.000000 0.000000 0.000000 0.000000 166.040972 166.038015 166.035058 166.032102 166.029145 166.026188 166.023231 166.020697 166.018585 166.016051 166.015628 166.016896 166.031679 
0.000000 0.000000 0.000000 0.000000 0.000000 0.000000 0.000000 0.000000 0.000000 0.000000 0.000000 0.000000 0.000000 0.000000 0.000000 0.000000 0.000000 0.000000 0.000000 0.000000 166.040972 166.038015 166.035058 166.032102 166.029145 166.026188 166.023231 166.020697 166.017740 166.014784 166.011827 166.008870 166.006336 166.003802 166.002112 166.000845 166.000000 166.021120 
0.000000 0.000000 0.000000 0.000000 0.000000 0.000000 0.000000 0.000000 0.000000 0.000000 0.000000 0.000000 0.000000 0.000000 0.000000 0.000000 0.000000 166.040972 166.038015 166.035058 166.032524 166.029567 166.027033 166.024076 166.021542 166.018585 166.016051 166.013516 166.011405 166.008870 166.007181 166.005491 166.004224 166.002957 166.002112 166.001690 166.003802 166.028300 
0.000000 0.000000 0.000000 0.000000 0.000000 0.000000 0.000000 0.000000 0.000000 0.000000 0.000000 0.000000 0.000000 0.000000 166.041667 166.038860 166.036326 166.033791 166.030834 166.028300 166.025766 166.023231 166.021120 166.018585 166.016473 166.013939 166.012249 166.010560 166.008870 166.007603 166.006336 166.005491 166.004646 166.004646 166.005069 166.010137 166.023231 0.000000 
0.000000 0.000000 0.000000 0.000000 0.000000 0.000000 0.000000 0.000000 0.000000 0.000000 0.000000 0.000000 166.040972 166.038015 166.035481 166.033369 166.030834 166.028300 166.025766 166.023654 166.021542 166.019430 166.017318 166.015206 166.013939 166.012249 166.010982 166.010137 166.008870 166.007603 166.007603 166.007603 166.008025 166.010560 166.016896 166.027455 0.000000 0.000000 
0.000000 0.000000 0.000000 0.000000 0.000000 0.000000 0.000000 0.000000 0.000000 0.000000 166.040549 166.038015 166.035481 166.033369 166.030834 166.028723 166.026611 166.024499 166.022387 166.020697 166.019008 166.017318 166.015628 166.014361 166.013516 166.012249 166.011405 166.010560 166.010560 166.010560 166.010982 166.012672 166.016473 166.022809 166.033369 0.000000 0.000000 0.000000 
0.000000 0.000000 0.000000 0.000000 0.000000 0.000000 0.000000 0.000000 166.040549 166.038438 166.035903 166.033791 166.031679 166.029567 166.027455 166.025766 166.024076 166.022387 166.020697 166.019008 166.018163 166.016896 166.015628 166.014784 166.013939 166.013516 166.013094 166.013516 166.013939 166.015206 166.017740 166.022809 166.029145 166.039282 0.000000 0.000000 0.000000 0.000000 
0.000000 0.000000 0.000000 0.000000 0.000000 0.000000 166.040972 166.038860 166.036748 166.034636 166.032946 166.030834 166.029145 166.027033 166.025766 166.024076 166.022809 166.021542 166.020275 166.019008 166.018163 166.016896 166.016473 166.016051 166.016051 166.016473 166.016896 166.018163 166.020275 166.023654 166.028723 166.035481 0.000000 0.000000 0.000000 0.000000 0.000000 0.000000 
0.000000 0.000000 0.000000 0.000000 0.000000 166.039705 166.038015 166.035903 166.034214 166.032102 166.030834 166.029145 166.027455 166.026188 166.024921 166.023654 166.022387 166.021542 166.020275 166.019852 166.019430 166.019008 166.019008 166.019430 166.019852 166.021120 166.022809 166.025343 166.029567 166.035058 166.041667 0.000000 0.000000 0.000000 0.000000 0.000000 0.000000 0.000000 
0.000000 0.000000 0.000000 166.040972 166.039282 166.037593 166.035903 166.034214 166.032524 166.030834 166.029567 166.028300 166.027033 166.026188 166.024921 166.024076 166.022809 166.022387 166.021964 166.021964 166.021964 166.022387 166.022809 166.023654 166.025343 166.027455 166.030834 166.035481 166.041394 0.000000 0.000000 0.000000 0.000000 0.000000 0.000000 0.000000 0.000000 0.000000 
0.000000 0.000000 166.040549 166.039282 166.037593 166.035903 166.034214 166.032946 166.031679 166.030412 166.029567 166.028300 166.027455 166.026188 166.025766 166.025343 166.024921 166.024921 166.024921 166.024921 166.025766 166.026611 166.027878 166.029990 166.032524 166.036748 166.041394 0.000000 0.000000 0.000000 0.000000 0.000000 0.000000 0.000000 0.000000 0.000000 0.000000 0.000000 
0.000000 166.040972 166.039282 166.038015 166.036326 166.035058 166.034214 166.032946 166.031679 166.030834 166.029567 166.028723 166.028300 166.027878 166.027878 166.027878 166.027878 166.028300 166.028723 166.029567 166.030834 166.032524 166.035058 166.038015 0.000000 0.000000 0.000000 0.000000 0.000000 0.000000 0.000000 0.000000 0.000000 0.000000 0.000000 0.000000 0.000000 0.000000 
166.041394 166.040127 166.038860 166.037593 166.036326 166.035058 166.034214 166.032946 166.032102 166.031679 166.031257 166.030834 166.030412 166.030412 166.030834 166.030834 166.031679 166.032524 166.033791 166.035481 166.037593 166.040127 0.000000 0.000000 0.000000 0.000000 0.000000 0.000000 0.000000 0.000000 0.000000 0.000000 0.000000 0.000000 0.000000 0.000000 0.000000 0.000000 
166.040972 166.039705 166.038438 166.037593 166.036748 166.035481 166.034636 166.034214 166.033791 166.033369 166.033369 166.033369 166.033791 166.034214 166.034636 166.035481 166.036748 166.038015 166.040127 0.000000 0.000000 0.000000 0.000000 0.000000 0.000000 0.000000 0.000000 0.000000 0.000000 0.000000 0.000000 0.000000 0.000000 0.000000 0.000000 0.000000 0.000000 0.000000 
166.040972 166.040127 166.038860 166.038015 166.037593 166.037170 166.036748 166.036326 166.036326 166.036326 166.036748 166.036748 166.037593 166.038438 166.039282 166.040972 0.000000 0.000000 0.000000 0.000000 0.000000 0.000000 0.000000 0.000000 0.000000 0.000000 0.000000 0.000000 0.000000 0.000000 0.000000 0.000000 0.000000 0.000000 0.000000 0.000000 0.000000 0.000000 
166.041394 166.040972 166.040127 166.039705 166.039282 166.039282 166.039282 166.039282 166.039705 166.039705 166.040549 166.041394 0.000000 0.000000 0.000000 0.000000 0.000000 0.000000 0.000000 0.000000 0.000000 0.000000 0.000000 0.000000 0.000000 0.000000 0.000000 0.000000 0.000000 0.000000 0.000000 0.000000 0.000000 0.000000 0.000000 0.000000 0.000000 0.000000 
