test/output/constant/M3M400_S060_A270_WD315.0_WS050.0/M3M400_S060_A270_WD315.0_WS050.0_arrival.asc
ncols         45
nrows         12
xllcorner     426503.990666
yllcorner     12748555.311160
cellsize      100.000000
NODATA_value  0.000000
0.000000 0.000000 0.000000 0.000000 0.000000 0.000000 0.000000 0.000000 0.000000 0.000000 0.000000 0.000000 0.000000 0.000000 0.000000 0.000000 0.000000 0.000000 0.000000 0.000000 0.000000 0.000000 0.000000 0.000000 0.000000 166.041224 166.040243 166.039588 166.039261 166.038607 166.038607 166.038607 166.038607 166.038607 166.038934 166.038934 166.039261 166.039588 166.040243 166.040570 166.040897 166.041551 0.000000 0.000000 0.000000 
0.000000 0.000000 0.000000 0.000000 0.000000 0.000000 0.000000 0.000000 0.000000 0.000000 0.000000 0.000000 0.000000 0.000000 0.000000 0.000000 0.000000 0.000000 0.000000 166.040570 166.038607 166.037625 166.036316 166.035662 166.035008 166.034353 166.034026 166.034026 166.034026 166.034026 166.034353 166.034353 166.035008 166.035335 166.035662 166.035989 166.036316 166.036971 166.037625 166.038280 166.038607 166.039261 166.040243 166.040897 166.041667 
0.000000 0.000000 0.000000 0.000000 0.000000 0.000000 0.000000 0.000000 0.000000 0.000000 0.000000 0.000000 0.000000 0.000000 166.040897 166.038280 166.036316 166.034353 166.032718 166.031736 166.030755 166.030427 166.029773 166.029446 166.029446 166.029446 166.029773 166.029773 166.030100 166.030755 166.031082 166.031409 166.032063 166.032390 166.033045 166.033699 166.034353 166.035008 166.035989 166.036971 166.037625 166.038607 166.039588 166.040243 166.041224 
0.000000 0.000000 0.000000 0.000000 0.000000 0.000000 0.000000 0.000000 0.000000 0.000000 166.041224 166.037625 166.034353 166.031736 166.029773 166.028137 166.027156 166.026174 166.025520 166.025193 166.024865 166.024865 166.025193 166.025193 166.025520 166.026174 166.026501 166.026828 166.027483 166.028137 166.028791 166.029446 166.030100 166.031082 166.032063 166.032718 166.033699 166.034681 166.035662 166.036644 166.037625 166.038280 166.039261 166.040243 166.041224 
0.000000 0.000000 0.000000 0.000000 0.000000 0.000000 0.000000 166.039915 166.035008 166.031082 166.027810 166.025520 166.023557 166.022575 166.021594 166.020939 166.020612 166.020612 166.020612 166.020612 166.020939 166.021594 166.021921 166.022248 166.022902 166.023557 166.024538 166.025193 166.026174 166.026828 166.027810 166.028791 166.029773 166.030755 166.031736 166.032718 166.033699 166.034681 166.035662 166.036644 166.037625 166.038607 166.039915 166.040897 166.041667 
0.000000 0.000000 0.000000 0.000000 0.000000 166.034681 166.029119 166.024865 166.021594 166.019303 166.017667 166.016686 166.016032 166.016032 166.016032 166.016032 166.016359 166.017013 166.017340 166.017995 166.018649 166.019303 166.020285 166.020939 166.021921 166.022902 166.023884 166.024865 166.025847 166.026828 166.027810 166.028791 166.029773 166.030755 166.032063 166.033045 166.034026 166.035008 166.036316 166.037298 166.038607 166.039588 166.040897 0.000000 0.000000 
0.000000 0.000000 166.040570 166.030755 166.023229 166.018322 166.015050 166.013087 166.012105 166.011451 166.011451 166.011451 166.011778 166.012433 166.012760 166.013414 166.014396 166.015377 166.016032 166.017013 166.017995 166.018976 166.019958 166.020939 166.021921 166.022902 166.024211 166.025193 166.026174 166.027156 166.028464 166.029446 166.030755 166.031736 166.033045 166.034026 166.035335 166.036644 166.037952 166.039261 166.040243 166.041551 0.000000 0.000000 0.000000 
0.000000 166.030100 166.018976 166.012105 166.008834 166.007198 166.006871 166.006871 166.007198 166.007852 166.008507 166.009488 166.010470 166.011451 166.012433 166.013414 166.014396 166.015050 166.016032 166.017340 166.018322 166.019303 166.020285 166.021594 166.022902 166.023884 166.025193 166.026501 166.027483 166.028791 166.030100 166.031409 166.032718 166.034026 166.035335 166.036644 166.037952 166.039261 166.040570 0.000000 0.000000 0.000000 0.000000 0.000000 0.000000 
166.038934 166.006871 166.002617 166.002290 166.002617 166.003599 166.004580 166.005562 166.006544 166.007525 166.008507 166.009488 166.010470 166.011451 166.012433 166.013741 166.015050 166.016032 166.017340 166.018649 166.019958 166.021266 166.022575 166.023884 166.025193 166.026501 166.028137 166.029446 166.030755 166.032063 166.033372 166.035008 166.036316 166.037625 166.038934 166.040243 166.041667 0.000000 0.000000 0.000000 0.000000 0.000000 0.000000 0.000000 0.000000 
166.031409 166.000000 166.000654 166.001636 166.002617 166.003599 166.004580 166.005889 166.007198 166.008507 166.009815 166.011124 166.012760 166.014069 166.015377 166.016686 166.017995 166.019631 166.020939 166.022248 166.023557 166.025193 166.026501 166.027810 166.029119 166.030755 166.032063 166.033372 166.034681 166.036316 166.037625 166.038934 166.040570 0.000000 0.000000 0.000000 0.000000 0.000000 0.000000 0.000000 0.000000 0.000000 0.000000 0.000000 0.000000 
0.000000 166.013087 166.010797 166.010470 166.010797 166.011124 166.012433 166.013414 166.014723 166.016032 166.017667 166.018976 166.020285 166.021594 166.022902 166.024211 166.025520 166.027156 166.028464 166.029773 166.031409 166.032718 166.034026 166.035335 166.036971 166.038280 166.039588 166.041224 0.000000 0.000000 0.000000 0.000000 0.000000 0.000000 0.000000 0.000000 0.000000 0.000000 0.000000 0.000000 0.000000 0.000000 0.000000 0.000000 0.000000 
0.000000 0.000000 166.036644 166.033045 166.030755 166.029446 166.029119 166.028791 166.029119 166.029773 166.030427 166.031082 166.032063 166.032718 166.033699 166.035008 166.035989 166.037298 166.038607 166.039915 166.041224 0.000000 0.000000 0.000000 0.000000 0.000000 0.000000 0.000000 0.000000 0.000000 0.000000 0.000000 0.000000 0.000000 0.000000 0.000000 0.000000 0.000000 0.000000 0.000000 0.000000 0.000000 0.000000 0.000000 0.000000 
