test/output/constant/C6_S060_A090_WD000.0_WS050.0/C6_S060_A090_WD000.0_WS050.0_arrival.asc
ncols         7
nrows         40
xllcorner     426303.990666
yllcorner     12744855.311160
cellsize      100.000000
NODATA_value  0.000000
0.000000 0.000000 0.000000 166.000000 0.000000 0.000000 0.000000 
0.000000 0.000000 166.019247 166.000855 166.019247 0.000000 0.000000 
0.000000 0.000000 166.011548 166.001711 166.011548 0.000000 0.000000 
0.000000 0.000000 166.009410 166.002994 166.009410 0.000000 0.000000 
0.000000 0.000000 166.008554 166.003849 166.008554 0.000000 0.000000 
0.000000 166.039777 166.008554 166.005132 166.008554 166.039777 0.000000 
0.000000 166.034644 166.008982 166.005988 166.008982 166.034644 0.000000 
0.000000 166.031650 166.009837 166.007271 166.009837 166.031650 0.000000 
0.000000 166.029084 166.010693 166.008126 166.010693 166.029084 0.000000 
0.000000 166.027373 166.011120 166.009410 166.011120 166.027373 0.000000 
0.000000 166.026518 166.011976 166.010265 166.011976 166.026518 0.000000 
0.000000 166.025662 166.013259 166.011548 166.013259 166.025662 0.000000 
0.000000 166.025235 166.014114 166.012403 166.014114 166.025235 0.000000 
0.000000 166.025235 166.015397 166.013687 166.015397 166.025235 0.000000 
0.000000 166.025235 166.016253 166.014542 166.016253 166.025235 0.000000 
0.000000 166.025235 166.017108 166.015825 166.017108 166.025235 0.000000 
0.000000 166.025662 166.018391 166.016681 166.018391 166.025662 0.000000 
0.000000 166.026518 166.019247 166.017964 166.019247 166.026518 0.000000 
0.000000 166.027373 166.020530 166.018819 166.020530 166.027373 0.000000 
0.000000 166.027801 166.021385 166.020102 166.021385 166.027801 0.000000 
0.000000 166.028656 166.022668 166.020958 166.022668 166.028656 0.000000 
166.041667 166.029512 166.023524 166.022241 166.023524 166.029512 166.041667 
166.041667 166.029939 166.024379 166.023096 166.024379 166.029939 166.041667 
166.041488 166.030795 166.025662 166.024379 166.025662 166.030795 166.041488 
166.041667 166.031650 166.026518 166.025235 166.026518 166.031650 166.041667 
0.000000 166.032506 166.027801 166.026518 166.027801 166.032506 0.000000 
0.000000 166.033361 166.028656 166.027373 166.028656 166.033361 0.000000 
0.000000 166.034216 166.029939 166.028656 166.029939 166.034216 0.000000 
0.000000 166.035072 166.030795 166.029512 166.030795 166.035072 0.000000 
0.000000 166.035927 166.031650 166.030795 166.031650 166.035927 0.000000 
0.000000 166.036783 166.032933 166.031650 166.032933 166.036783 0.000000 
0.000000 166.038066 166.033789 166.032933 166.033789 166.038066 0.000000 
0.000000 166.038921 166.035072 166.033789 166.035072 166.038921 0.000000 
0.000000 166.039777 166.035927 166.035072 166.035927 166.039777 0.000000 
0.000000 166.040632 166.037210 166.035927 166.037210 166.040632 0.000000 
0.000000 166.041667 166.038066 166.037210 166.038066 166.041667 0.000000 
0.000000 0.000000 166.039349 166.038066 166.039349 0.000000 0.000000 
0.000000 0.000000 166.040204 166.039349 166.040204 0.000000 0.000000 
0.000000 0.000000 166.041488 166.040204 166.041488 0.000000 0.000000 
0.000000 0.000000 0.000000 166.041488 0.000000 0.000000 0.000000 
