test/output/constant/M3M440_S060_A180_WD315.0_WS015.0/M3M440_S060_A180_WD315.0_WS015.0_arrival.asc
ncols         27
nrows         9
xllcorner     426603.990666
yllcorner     12748055.311160
cellsize      100.000000
NODATA_value  0.000000
0.000000 0.000000 166.040597 166.041667 0.000000 0.000000 0.000000 0.000000 0.000000 0.000000 0.000000 0.000000 0.000000 0.000000 0.000000 0.000000 0.000000 0.000000 0.000000 0.000000 0.000000 0.000000 0.000000 0.000000 0.000000 0.000000 0.000000 
166.000000 166.001249 166.002498 166.004372 166.007495 166.011242 166.014990 166.018737 166.023109 166.026857 166.031229 166.035601 166.039973 0.000000 0.000000 0.000000 0.000000 0.000000 0.000000 0.000000 0.000000 0.000000 0.000000 0.000000 0.000000 0.000000 0.000000 
166.017488 166.003123 166.003123 166.004372 166.006246 166.007495 166.009369 166.010618 166.013116 166.015614 166.018737 166.021860 166.025607 166.029355 166.032478 166.036225 166.039973 0.000000 0.000000 0.000000 0.000000 0.000000 0.000000 0.000000 0.000000 0.000000 0.000000 
0.000000 0.000000 166.020611 166.011867 166.009369 166.009369 166.009369 166.010618 166.012491 166.014365 166.015614 166.017488 166.019362 166.021860 166.024358 166.027481 166.029979 166.033102 166.036850 166.039973 0.000000 0.000000 0.000000 0.000000 0.000000 0.000000 0.000000 
0.000000 0.000000 0.000000 0.000000 166.029979 166.020611 166.016863 166.015614 166.015614 166.015614 166.016239 166.017488 166.018737 166.020611 166.022485 166.023734 166.025607 166.027481 166.029979 166.033102 166.035601 166.038099 166.041222 0.000000 0.000000 0.000000 0.000000 
0.000000 0.000000 0.000000 0.000000 0.000000 0.000000 166.038723 166.029979 166.025607 166.023109 166.021860 166.021235 166.021235 166.021860 166.022485 166.023734 166.025607 166.026857 166.028730 166.030604 166.031853 166.034351 166.036225 166.038723 166.041222 0.000000 0.000000 
0.000000 0.000000 0.000000 0.000000 0.000000 0.000000 0.000000 0.000000 0.000000 166.039348 166.034351 166.030604 166.029355 166.028106 166.027481 166.027481 166.027481 166.028106 166.028730 166.030604 166.031853 166.033727 166.034976 166.036850 166.038723 166.040597 0.000000 
0.000000 0.000000 0.000000 0.000000 0.000000 0.000000 0.000000 0.000000 0.000000 0.000000 0.000000 0.000000 0.000000 166.039348 166.036850 166.034976 166.034351 166.033727 166.033102 166.033727 166.033727 166.034351 166.035601 166.036850 166.038723 166.039973 166.041667 
0.000000 0.000000 0.000000 0.000000 0.000000 0.000000 0.000000 0.000000 0.000000 0.000000 0.000000 0.000000 0.000000 0.000000 0.000000 0.000000 0.000000 0.000000 166.041222 166.039973 166.039348 166.039348 166.039348 166.039973 166.039973 166.041222 0.000000 
