test/output/constant/M195_S060_A270_WD180.0_WS045.0/M195_S060_A270_WD180.0_WS045.0_arrival.asc
ncols         7
nrows         43
xllcorner     426303.990666
yllcorner     12748755.311160
cellsize      100.000000
NODATA_value  0.000000
0.000000 0.000000 0.000000 166.040826 0.000000 0.000000 0.000000 
0.000000 0.000000 166.040826 166.040041 166.040826 0.000000 0.000000 
0.000000 0.000000 166.040041 166.038864 166.040041 0.000000 0.000000 
0.000000 0.000000 166.038864 166.038078 166.038864 0.000000 0.000000 
0.000000 166.041612 166.038078 166.036901 166.038078 166.041612 0.000000 
0.000000 166.040826 166.037293 166.036116 166.037293 166.040826 0.000000 
0.000000 166.039649 166.036116 166.034938 166.036116 166.039649 0.000000 
0.000000 166.038864 166.035331 166.034153 166.035331 166.038864 0.000000 
0.000000 166.037686 166.034153 166.032975 166.034153 166.037686 0.000000 
0.000000 166.036901 166.033368 166.032190 166.033368 166.036901 0.000000 
0.000000 166.036116 166.032190 166.031012 166.032190 166.036116 0.000000 
0.000000 166.035331 166.031405 166.030227 166.031405 166.035331 0.000000 
0.000000 166.034153 166.030227 166.029050 166.030227 166.034153 0.000000 
0.000000 166.033368 166.029442 166.028264 166.029442 166.033368 0.000000 
166.041612 166.032583 166.028264 166.027087 166.028264 166.032583 166.041612 
166.040826 166.031798 166.027479 166.026302 166.027479 166.031798 166.040826 
166.040434 166.031012 166.026694 166.025124 166.026694 166.031012 166.040434 
166.040434 166.030620 166.025517 166.024339 166.025517 166.030620 166.040434 
166.040434 166.029835 166.024731 166.023161 166.024731 166.029835 166.040434 
166.040434 166.029050 166.023554 166.022376 166.023554 166.029050 166.040434 
166.040826 166.028264 166.022769 166.021198 166.022769 166.028264 166.040826 
166.040826 166.027872 166.021591 166.020413 166.021591 166.027872 166.040826 
166.041219 166.027087 166.020806 166.019236 166.020806 166.027087 166.041219 
0.000000 166.026302 166.019628 166.018450 166.019628 166.026302 0.000000 
0.000000 166.025517 166.018843 166.017273 166.018843 166.025517 0.000000 
0.000000 166.025124 166.018058 166.016488 166.018058 166.025124 0.000000 
0.000000 166.024339 166.016880 166.015310 166.016880 166.024339 0.000000 
0.000000 166.024339 166.016095 166.014525 166.016095 166.024339 0.000000 
0.000000 166.024339 166.014917 166.013347 166.014917 166.024339 0.000000 
0.000000 166.024339 166.014132 166.012562 166.014132 166.024339 0.000000 
0.000000 166.024731 166.013347 166.011384 166.013347 166.024731 0.000000 
0.000000 166.025124 166.012169 166.010599 166.012169 166.025124 0.000000 
0.000000 166.026302 166.011384 166.009421 166.011384 166.026302 0.000000 
0.000000 166.027087 166.010599 166.008636 166.010599 166.027087 0.000000 
0.000000 166.029050 166.009814 166.007459 166.009814 166.029050 0.000000 
0.000000 166.031798 166.009029 166.006674 166.009029 166.031798 0.000000 
0.000000 166.034938 166.008636 166.005496 166.008636 166.034938 0.000000 
0.000000 166.041219 166.008244 166.004711 166.008244 166.041219 0.000000 
0.000000 0.000000 166.008244 166.003533 166.008244 0.000000 0.000000 
0.000000 0.000000 166.009029 166.002748 166.009029 0.000000 0.000000 
0.000000 0.000000 166.011777 166.001570 166.011777 0.000000 0.000000 
0.000000 0.000000 166.019236 166.000785 166.019236 0.000000 0.000000 
0.000000 0.000000 0.000000 166.000000 0.000000 0.000000 0.000000 
