test/output/constant/M185_S060_A180_WD270.0_WS030.0/M185_S060_A180_WD270.0_WS030.0_arrival.asc
ncols         38
nrows         7
xllcorner     426603.990666
yllcorner     12748455.311160
cellsize      100.000000
NODATA_value  0.000000
0.000000 0.000000 0.000000 0.000000 0.000000 0.000000 0.000000 0.000000 0.000000 0.000000 0.000000 0.000000 0.000000 0.000000 0.000000 0.000000 166.041441 166.040996 166.040550 166.040105 166.040105 166.040105 166.040105 166.040105 166.040996 166.041441 0.000000 0.000000 0.000000 0.000000 0.000000 0.000000 0.000000 0.000000 0.000000 0.000000 0.000000 0.000000 
0.000000 0.000000 0.000000 0.000000 0.000000 166.035648 166.031192 166.028519 166.026736 166.025400 166.024954 166.024508 166.024063 166.024063 166.024063 166.024954 166.025845 166.026291 166.027182 166.028073 166.028519 166.029410 166.030301 166.031192 166.032084 166.032975 166.033866 166.034757 166.035648 166.036985 166.037877 166.038768 166.040105 166.040996 0.000000 0.000000 0.000000 0.000000 
0.000000 166.016487 166.010249 166.008467 166.008021 166.008467 166.008912 166.009803 166.010695 166.011586 166.012477 166.013368 166.014705 166.015596 166.016933 166.017824 166.018715 166.020052 166.020943 166.022280 166.023172 166.024508 166.025400 166.026736 166.027628 166.028519 166.029856 166.030747 166.032084 166.032975 166.034312 166.035203 166.036540 166.037431 166.038768 166.039659 166.040550 166.041667 
166.000000 166.000891 166.001782 166.003119 166.004010 166.005347 166.006238 166.007575 166.008467 166.009803 166.010695 166.012031 166.012923 166.014259 166.015151 166.016487 166.017379 166.018715 166.019607 166.020943 166.021835 166.023172 166.024063 166.025400 166.026291 166.027628 166.028519 166.029856 166.030747 166.032084 166.032975 166.034312 166.035203 166.036540 166.037431 166.038768 166.039659 166.040996 
0.000000 166.016487 166.010249 166.008467 166.008021 166.008467 166.008912 166.009803 166.010695 166.011586 166.012477 166.013368 166.014705 166.015596 166.016933 166.017824 166.018715 166.020052 166.020943 166.022280 166.023172 166.024508 166.025400 166.026736 166.027628 166.028519 166.029856 166.030747 166.032084 166.032975 166.034312 166.035203 166.036540 166.037431 166.038768 166.039659 166.040550 166.041667 
0.000000 0.000000 0.000000 0.000000 0.000000 166.035648 166.031192 166.028519 166.026736 166.025400 166.024954 166.024508 166.024063 166.024063 166.024063 166.024954 166.025845 166.026291 166.027182 166.028073 166.028519 166.029410 166.030301 166.031192 166.032084 166.032975 166.033866 166.034757 166.035648 166.036985 166.037877 166.038768 166.040105 166.040996 0.000000 0.000000 0.000000 0.000000 
0.000000 0.000000 0.000000 0.000000 0.000000 0.000000 0.000000 0.000000 0.000000 0.000000 0.000000 0.000000 0.000000 0.000000 0.000000 0.000000 166.041441 166.040996 166.040550 166.040105 166.040105 166.040105 166.040105 166.040105 166.040996 166.041441 0.000000 0.000000 0.000000 0.000000 0.000000 0.000000 0.000000 0.000000 0.000000 0.000000 0.000000 0.000000 
