test/output/constant/M4100_S060_A180_WD270.0_WS040.0/M4100_S060_A180_WD270.0_WS040.0_arrival.asc
ncols         50
nrows         7
xllcorner     426603.990666
yllcorner     12748455.311160
cellsize      100.000000
NODATA_value  0.000000
0.000000 0.000000 0.000000 0.000000 0.000000 0.000000 0.000000 0.000000 0.000000 0.000000 0.000000 0.000000 0.000000 166.041541 166.039853 166.038502 166.037488 166.036813 166.035800 166.035462 166.034787 166.034787 166.034449 166.034449 166.034449 166.034449 166.034449 166.034787 166.035462 166.036138 166.036475 166.037151 166.037826 166.038164 166.038839 166.039515 166.039853 166.040528 166.041204 166.041667 0.000000 0.000000 0.000000 0.000000 0.000000 0.000000 0.000000 0.000000 0.000000 0.000000 
0.000000 0.000000 0.000000 0.000000 166.041204 166.034449 166.029721 166.026681 166.024655 166.023304 166.022290 166.021615 166.020939 166.020939 166.020602 166.020602 166.020939 166.021277 166.021953 166.022628 166.022966 166.023641 166.024317 166.024655 166.025330 166.026006 166.026681 166.027356 166.028032 166.028707 166.029383 166.030058 166.030734 166.031747 166.032422 166.033098 166.034111 166.034787 166.035462 166.036475 166.037151 166.037826 166.038839 166.039515 166.040190 166.041204 0.000000 0.000000 0.000000 0.000000 
0.000000 166.015536 166.009794 166.008106 166.007092 166.007092 166.007430 166.007768 166.008443 166.009119 166.009794 166.010470 166.011145 166.012158 166.012834 166.013847 166.014523 166.015536 166.016211 166.016887 166.017900 166.018575 166.019589 166.020264 166.021277 166.021953 166.022966 166.023641 166.024317 166.025330 166.026006 166.027019 166.027694 166.028707 166.029383 166.030396 166.031072 166.031747 166.032760 166.033436 166.034449 166.035124 166.036138 166.036813 166.037826 166.038502 166.039515 166.040190 166.041204 0.000000 
166.000000 166.000675 166.001351 166.002364 166.003040 166.004053 166.004728 166.005741 166.006417 166.007430 166.008106 166.009119 166.009794 166.010807 166.011483 166.012496 166.013172 166.014185 166.014860 166.015873 166.016549 166.017562 166.018238 166.019251 166.019926 166.020939 166.021615 166.022628 166.023304 166.024317 166.024992 166.026006 166.026681 166.027694 166.028370 166.029383 166.030058 166.031072 166.031747 166.032760 166.033436 166.034449 166.035124 166.036138 166.036813 166.037826 166.038502 166.039515 166.040190 166.041204 
0.000000 166.015536 166.009794 166.008106 166.007092 166.007092 166.007430 166.007768 166.008443 166.009119 166.009794 166.010470 166.011145 166.012158 166.012834 166.013847 166.014523 166.015536 166.016211 166.016887 166.017900 166.018575 166.019589 166.020264 166.021277 166.021953 166.022966 166.023641 166.024317 166.025330 166.026006 166.027019 166.027694 166.028707 166.029383 166.030396 166.031072 166.031747 166.032760 166.033436 166.034449 166.035124 166.036138 166.036813 166.037826 166.038502 166.039515 166.040190 166.041204 0.000000 
0.000000 0.000000 0.000000 0.000000 166.041204 166.034449 166.029721 166.026681 166.024655 166.023304 166.022290 166.021615 166.020939 166.020939 166.020602 166.020602 166.020939 166.021277 166.021953 166.022628 166.022966 166.023641 166.024317 166.024655 166.025330 166.026006 166.026681 166.027356 166.028032 166.028707 166.029383 166.030058 166.030734 166.031747 166.032422 166.033098 166.034111 166.034787 166.035462 166.036475 166.037151 166.037826 166.038839 166.039515 166.040190 166.041204 0.000000 0.000000 0.000000 0.000000 
0.000000 0.000000 0.000000 0.000000 0.000000 0.000000 0.000000 0.000000 0.000000 0.000000 0.000000 0.000000 0.000000 166.041541 166.039853 166.038502 166.037488 166.036813 166.035800 166.035462 166.034787 166.034787 166.034449 166.034449 166.034449 166.034449 166.034449 166.034787 166.035462 166.036138 166.036475 166.037151 166.037826 166.038164 166.038839 166.039515 166.039853 166.040528 166.041204 166.041667 0.000000 0.000000 0.000000 0.000000 0.000000 0.000000 0.000000 0.000000 0.000000 0.000000 
