test/output/constant/M275_S060_A180_WD315.0_WS015.0/M275_S060_A180_WD315.0_WS015.0_arrival.asc
ncols         24
nrows         9
xllcorner     426603.990666
yllcorner     12748055.311160
cellsize      100.000000
NODATA_value  0.000000
0.000000 0.000000 166.041192 0.000000 0.000000 0.000000 0.000000 0.000000 0.000000 0.000000 0.000000 0.000000 0.000000 0.000000 0.000000 0.000000 0.000000 0.000000 0.000000 0.000000 0.000000 0.000000 0.000000 0.000000 
166.000000 166.001396 166.002793 166.005585 166.009076 166.013265 166.017454 166.022341 166.027229 166.031418 166.036305 166.041192 0.000000 0.000000 0.000000 0.000000 0.000000 0.000000 0.000000 0.000000 0.000000 0.000000 0.000000 0.000000 
166.014662 166.003491 166.003491 166.004887 166.006982 166.008378 166.010473 166.012567 166.015360 166.018851 166.022341 166.026530 166.030719 166.034210 166.039098 0.000000 0.000000 0.000000 0.000000 0.000000 0.000000 0.000000 0.000000 0.000000 
0.000000 166.039098 166.018152 166.010473 166.009774 166.009774 166.010473 166.012567 166.013963 166.016058 166.018152 166.020247 166.022341 166.025832 166.028625 166.032116 166.036305 166.039796 0.000000 0.000000 0.000000 0.000000 0.000000 0.000000 
0.000000 0.000000 0.000000 166.038399 166.025134 166.018851 166.016058 166.016058 166.016058 166.016058 166.017454 166.019549 166.021643 166.023040 166.025134 166.027229 166.030021 166.032814 166.035607 166.039098 0.000000 0.000000 0.000000 0.000000 
0.000000 0.000000 0.000000 0.000000 0.000000 0.000000 166.033512 166.026530 166.023738 166.022341 166.021643 166.021643 166.022341 166.023738 166.025134 166.027229 166.028625 166.030719 166.032814 166.034909 166.037003 166.039796 0.000000 0.000000 
0.000000 0.000000 0.000000 0.000000 0.000000 0.000000 0.000000 0.000000 0.000000 166.034909 166.031418 166.029323 166.028625 166.027927 166.027927 166.028625 166.029323 166.030719 166.032116 166.034210 166.036305 166.037701 166.039796 0.000000 
0.000000 0.000000 0.000000 0.000000 0.000000 0.000000 0.000000 0.000000 0.000000 0.000000 0.000000 0.000000 166.039098 166.037003 166.035607 166.034210 166.034210 166.034210 166.034909 166.034909 166.036305 166.037701 166.039796 166.041667 
0.000000 0.000000 0.000000 0.000000 0.000000 0.000000 0.000000 0.000000 0.000000 0.000000 0.000000 0.000000 0.000000 0.000000 0.000000 0.000000 0.000000 166.041192 166.040494 166.040494 166.040494 166.040494 166.041192 0.000000 
