test/output/constant/M3M495_S000_A180_WD000.0_WS035.0/M3M495_S000_A180_WD000.0_WS035.0_raz.asc
ncols         11
nrows         47
xllcorner     426103.990666
yllcorner     12744255.311160
cellsize      100.000000
NODATA_value  0.000000
0 0 0 0 360 360 68 0 0 0 0 
0 0 0 291 291 254 68 68 0 0 0 
0 0 0 360 188 180 171 68 0 0 0 
0 0 0 270 188 180 171 90 0 0 0 
0 0 291 188 184 180 174 171 68 0 0 
0 0 258 270 187 180 172 169 167 0 0 
0 0 360 247 185 180 174 171 68 0 0 
0 0 291 188 182 180 177 171 68 0 0 
0 247 247 231 180 180 179 169 171 171 0 
0 291 187 182 180 180 177 176 171 68 0 
0 231 188 184 185 180 174 175 172 171 0 
0 188 258 183 180 180 179 176 172 171 0 
0 247 188 184 182 180 177 175 169 171 0 
0 188 231 182 180 180 178 171 174 171 0 
0 188 187 184 180 180 176 175 177 167 0 
188 231 182 180 192 180 167 177 171 174 167 
188 188 183 188 180 180 179 171 169 171 171 
188 231 181 187 185 180 174 172 174 171 169 
247 187 187 185 180 180 179 174 172 169 174 
188 188 183 180 185 180 174 176 169 171 169 
190 188 187 180 180 180 177 176 172 171 169 
231 182 180 183 180 180 178 176 177 171 169 
188 187 185 180 185 180 174 179 174 172 171 
188 184 182 180 180 180 177 177 177 175 172 
187 184 187 183 184 180 175 176 172 175 174 
185 184 180 180 180 180 178 179 177 175 171 
187 187 180 180 181 180 172 176 177 172 167 
183 180 180 183 180 180 174 176 169 177 169 
184 184 187 180 180 179 176 177 172 175 171 
182 183 180 180 180 180 176 178 171 176 169 
182 185 180 182 180 176 177 177 179 174 174 
188 180 187 180 180 180 179 177 172 176 171 
182 185 184 180 180 176 179 176 175 174 169 
184 183 180 180 180 180 177 179 177 176 175 
0 187 180 180 180 179 179 179 177 172 0 
0 180 180 182 180 180 178 177 179 175 0 
0 180 185 180 180 179 179 179 174 176 0 
0 180 180 183 180 180 178 176 179 177 0 
0 180 181 180 180 179 179 176 178 177 0 
0 180 190 182 180 180 178 177 169 169 0 
0 180 180 188 180 176 179 171 179 179 0 
0 0 180 180 180 180 176 179 175 0 0 
0 0 180 180 180 176 179 171 177 0 0 
0 0 180 180 180 180 176 178 177 0 0 
0 0 0 180 180 176 179 179 0 0 0 
0 0 0 180 180 180 176 177 0 0 0 
0 0 0 0 180 176 179 0 0 0 0 
