test/output/constant/M3M460_S060_A180_WD270.0_WS045.0/M3M460_S060_A180_WD270.0_WS045.0_arrival.asc
ncols         43
nrows         5
xllcorner     426603.990666
yllcorner     12748555.311160
cellsize      100.000000
NODATA_value  0.000000
0.000000 0.000000 0.000000 0.000000 0.000000 0.000000 166.038762 166.034766 166.031969 166.029571 166.028372 166.027573 166.026774 166.026374 166.025975 166.025975 166.025975 166.026374 166.026774 166.027573 166.027973 166.028772 166.029571 166.029971 166.030770 166.031569 166.032368 166.032768 166.033567 166.034366 166.035166 166.036364 166.037164 166.037963 166.038762 166.039961 166.040760 166.041667 0.000000 0.000000 0.000000 0.000000 0.000000 
0.000000 166.020780 166.012388 166.009990 166.009191 166.008791 166.008791 166.009591 166.010390 166.010789 166.011589 166.012388 166.013587 166.014386 166.015585 166.016384 166.017183 166.018382 166.019181 166.020380 166.021179 166.022378 166.023177 166.023977 166.025175 166.025975 166.027173 166.027973 166.029171 166.029971 166.031169 166.031969 166.032768 166.033967 166.034766 166.035965 166.036764 166.037963 166.038762 166.039961 166.040760 166.041667 0.000000 
166.000000 166.000799 166.001598 166.002797 166.003596 166.004795 166.005595 166.006793 166.007593 166.008791 166.009591 166.010789 166.011589 166.012787 166.013587 166.014786 166.015585 166.016784 166.017583 166.018782 166.019581 166.020780 166.021579 166.022778 166.023577 166.024776 166.025575 166.026774 166.027573 166.028772 166.029571 166.030770 166.031569 166.032768 166.033567 166.034766 166.035565 166.036764 166.037563 166.038762 166.039561 166.040760 166.041559 
0.000000 166.020780 166.012388 166.009990 166.009191 166.008791 166.008791 166.009591 166.010390 166.010789 166.011589 166.012388 166.013587 166.014386 166.015585 166.016384 166.017183 166.018382 166.019181 166.020380 166.021179 166.022378 166.023177 166.023977 166.025175 166.025975 166.027173 166.027973 166.029171 166.029971 166.031169 166.031969 166.032768 166.033967 166.034766 166.035965 166.036764 166.037963 166.038762 166.039961 166.040760 166.041667 0.000000 
0.000000 0.000000 0.000000 0.000000 0.000000 0.000000 166.038762 166.034766 166.031969 166.029571 166.028372 166.027573 166.026774 166.026374 166.025975 166.025975 166.025975 166.026374 166.026774 166.027573 166.027973 166.028772 166.029571 166.029971 166.030770 166.031569 166.032368 166.032768 166.033567 166.034366 166.035166 166.036364 166.037164 166.037963 166.038762 166.039961 166.040760 166.041667 0.000000 0.000000 0.000000 0.000000 0.000000 
