test/output/constant/M390_S060_A180_WD270.0_WS020.0/M390_S060_A180_WD270.0_WS020.0_arrival.asc
ncols         62
nrows         9
xllcorner     426603.990666
yllcorner     12748355.311160
cellsize      100.000000
NODATA_value  0.000000
0.000000 0.000000 0.000000 0.000000 0.000000 0.000000 0.000000 0.000000 0.000000 0.000000 0.000000 0.000000 0.000000 0.000000 0.000000 0.000000 0.000000 166.040588 166.039491 166.038394 166.037845 166.036749 166.036200 166.035926 166.035926 166.035377 166.035103 166.035103 166.034829 166.034829 166.034829 166.034829 166.034829 166.035103 166.035652 166.035926 166.036474 166.037023 166.037297 166.037845 166.038120 166.038668 166.039217 166.039491 166.040039 166.040588 166.041136 166.041411 0.000000 0.000000 0.000000 0.000000 0.000000 0.000000 0.000000 0.000000 0.000000 0.000000 0.000000 0.000000 0.000000 0.000000 
0.000000 0.000000 0.000000 0.000000 0.000000 0.000000 0.000000 0.000000 166.038120 166.035377 166.032909 166.030715 166.029344 166.027973 166.027150 166.026327 166.026053 166.025779 166.025230 166.025230 166.024956 166.024956 166.024956 166.024956 166.025230 166.025779 166.026053 166.026602 166.027150 166.027424 166.027973 166.028521 166.028795 166.029344 166.029892 166.030441 166.030989 166.031264 166.031812 166.032361 166.032909 166.033458 166.034006 166.034555 166.035103 166.035652 166.036474 166.037023 166.037571 166.038120 166.038942 166.039491 166.040039 166.040588 166.041411 0.000000 0.000000 0.000000 0.000000 0.000000 0.000000 0.000000 
0.000000 0.000000 0.000000 166.032086 166.026053 166.022214 166.019745 166.017826 166.016729 166.015906 166.015632 166.015083 166.015083 166.015083 166.015083 166.015358 166.015906 166.016180 166.016729 166.017277 166.017826 166.018100 166.018648 166.019197 166.019745 166.020294 166.020842 166.021391 166.021939 166.022762 166.023311 166.023859 166.024682 166.025230 166.025779 166.026602 166.027150 166.027699 166.028247 166.029070 166.029618 166.030167 166.030989 166.031538 166.032361 166.032909 166.033732 166.034280 166.034829 166.035652 166.036200 166.036749 166.037571 166.038120 166.038942 166.039491 166.040314 166.040862 166.041667 0.000000 0.000000 0.000000 
166.026602 166.010147 166.006582 166.005485 166.005211 166.005211 166.005485 166.006033 166.006582 166.007130 166.007679 166.008227 166.009050 166.009598 166.010421 166.010970 166.011792 166.012341 166.012889 166.013712 166.014261 166.015083 166.015632 166.016180 166.017003 166.017552 166.018374 166.018923 166.019745 166.020294 166.021117 166.021665 166.022488 166.023036 166.023859 166.024408 166.024956 166.025779 166.026327 166.027150 166.027699 166.028521 166.029070 166.029892 166.030441 166.031264 166.031812 166.032635 166.033183 166.034006 166.034555 166.035103 166.035926 166.036474 166.037297 166.037845 166.038668 166.039217 166.040039 166.040588 166.041411 0.000000 
166.000000 166.000548 166.001097 166.001920 166.002468 166.003291 166.003839 166.004662 166.005211 166.006033 166.006582 166.007405 166.007953 166.008776 166.009324 166.010147 166.010695 166.011518 166.012067 166.012889 166.013438 166.014261 166.014809 166.015632 166.016180 166.017003 166.017552 166.018374 166.018923 166.019745 166.020294 166.021117 166.021665 166.022488 166.023036 166.023859 166.024408 166.025230 166.025779 166.026602 166.027150 166.027973 166.028521 166.029344 166.029892 166.030715 166.031264 166.032086 166.032635 166.033458 166.034006 166.034829 166.035377 166.036200 166.036749 166.037571 166.038120 166.038942 166.039491 166.040314 166.040862 166.041667 
166.026602 166.010147 166.006582 166.005485 166.005211 166.005211 166.005485 166.006033 166.006582 166.007130 166.007679 166.008227 166.009050 166.009598 166.010421 166.010970 166.011792 166.012341 166.012889 166.013712 166.014261 166.015083 166.015632 166.016180 166.017003 166.017552 166.018374 166.018923 166.019745 166.020294 166.021117 166.021665 166.022488 166.023036 166.023859 166.024408 166.024956 166.025779 166.026327 166.027150 166.027699 166.028521 166.029070 166.029892 166.030441 166.031264 166.031812 166.032635 166.033183 166.034006 166.034555 166.035103 166.035926 166.036474 166.037297 166.037845 166.038668 166.039217 166.040039 166.040588 166.041411 0.000000 
0.000000 0.000000 0.000000 166.032086 166.026053 166.022214 166.019745 166.017826 166.016729 166.015906 166.015632 166.015083 166.015083 166.015083 166.015083 166.015358 166.015906 166.016180 166.016729 166.017277 166.017826 166.018100 166.018648 166.019197 166.019745 166.020294 166.020842 166.021391 166.021939 166.022762 166.023311 166.023859 166.024682 166.025230 166.025779 166.026602 166.027150 166.027699 166.028247 166.029070 166.029618 166.030167 166.030989 166.031538 166.032361 166.032909 166.033732 166.034280 166.034829 166.035652 166.036200 166.036749 166.037571 166.038120 166.038942 166.039491 166.040314 166.040862 166.041667 0.000000 0.000000 0.000000 
0.000000 0.000000 0.000000 0.000000 0.000000 0.000000 0.000000 0.000000 166.038120 166.035377 166.032909 166.030715 166.029344 166.027973 166.027150 166.026327 166.026053 166.025779 166.025230 166.025230 166.024956 166.024956 166.024956 166.024956 166.025230 166.025779 166.026053 166.026602 166.027150 166.027424 166.027973 166.028521 166.028795 166.029344 166.029892 166.030441 166.030989 166.031264 166.031812 166.032361 166.032909 166.033458 166.034006 166.034555 166.035103 166.035652 166.036474 166.037023 166.037571 166.038120 166.038942 166.039491 166.040039 166.040588 166.041411 0.000000 0.000000 0.000000 0.000000 0.000000 0.000000 0.000000 
0.000000 0.000000 0.000000 0.000000 0.000000 0.000000 0.000000 0.000000 0.000000 0.000000 0.000000 0.000000 0.000000 0.000000 0.000000 0.000000 0.000000 166.040588 166.039491 166.038394 166.037845 166.036749 166.036200 166.035926 166.035926 166.035377 166.035103 166.035103 166.034829 166.034829 166.034829 166.034829 166.034829 166.035103 166.035652 166.035926 166.036474 166.037023 166.037297 166.037845 166.038120 166.038668 166.039217 166.039491 166.040039 166.040588 166.041136 166.041411 0.000000 0.000000 0.000000 0.000000 0.000000 0.000000 0.000000 0.000000 0.000000 0.000000 0.000000 0.000000 0.000000 0.000000 
