test/output/constant/M3M470_S060_A180_WD270.0_WS030.0/M3M470_S060_A180_WD270.0_WS030.0_arrival.asc
ncols         48
nrows         7
xllcorner     426603.990666
yllcorner     12748455.311160
cellsize      100.000000
NODATA_value  0.000000
0.000000 0.000000 0.000000 0.000000 0.000000 0.000000 0.000000 0.000000 0.000000 0.000000 0.000000 0.000000 0.000000 166.040734 166.038963 166.037900 166.037192 166.036129 166.035775 166.035067 166.034712 166.034712 166.034358 166.034358 166.034358 166.034712 166.035067 166.035775 166.036483 166.036838 166.037546 166.038254 166.038609 166.039317 166.040025 166.040380 166.041088 166.041667 0.000000 0.000000 0.000000 0.000000 0.000000 0.000000 0.000000 0.000000 0.000000 0.000000 
0.000000 0.000000 0.000000 0.000000 166.039671 166.032941 166.028337 166.025857 166.024086 166.023024 166.021961 166.021252 166.020898 166.020898 166.020544 166.020898 166.021252 166.021961 166.022669 166.023024 166.023732 166.024440 166.024795 166.025503 166.026211 166.026920 166.027628 166.028337 166.029045 166.029753 166.030462 166.031524 166.032233 166.032941 166.033650 166.034712 166.035421 166.036129 166.037192 166.037900 166.038609 166.039671 166.040380 166.041088 0.000000 0.000000 0.000000 0.000000 
0.000000 166.016294 166.009564 166.007793 166.007084 166.007084 166.007438 166.008147 166.008855 166.009209 166.009918 166.010980 166.011689 166.012751 166.013460 166.014523 166.015231 166.015939 166.017002 166.017710 166.018773 166.019481 166.020190 166.021252 166.021961 166.023024 166.023732 166.024795 166.025503 166.026566 166.027274 166.027982 166.029045 166.029753 166.030816 166.031524 166.032587 166.033296 166.034358 166.035067 166.036129 166.036838 166.037900 166.038609 166.039317 166.040380 166.041088 0.000000 
166.000000 166.000708 166.001417 166.002479 166.003188 166.004250 166.004959 166.006022 166.006730 166.007793 166.008501 166.009564 166.010272 166.011335 166.012043 166.013106 166.013814 166.014877 166.015585 166.016648 166.017356 166.018419 166.019127 166.020190 166.020898 166.021961 166.022669 166.023732 166.024440 166.025503 166.026211 166.027274 166.027982 166.029045 166.029753 166.030816 166.031524 166.032587 166.033296 166.034358 166.035067 166.036129 166.036838 166.037900 166.038609 166.039671 166.040380 166.041442 
0.000000 166.016294 166.009564 166.007793 166.007084 166.007084 166.007438 166.008147 166.008855 166.009209 166.009918 166.010980 166.011689 166.012751 166.013460 166.014523 166.015231 166.015939 166.017002 166.017710 166.018773 166.019481 166.020190 166.021252 166.021961 166.023024 166.023732 166.024795 166.025503 166.026566 166.027274 166.027982 166.029045 166.029753 166.030816 166.031524 166.032587 166.033296 166.034358 166.035067 166.036129 166.036838 166.037900 166.038609 166.039317 166.040380 166.041088 0.000000 
0.000000 0.000000 0.000000 0.000000 166.039671 166.032941 166.028337 166.025857 166.024086 166.023024 166.021961 166.021252 166.020898 166.020898 166.020544 166.020898 166.021252 166.021961 166.022669 166.023024 166.023732 166.024440 166.024795 166.025503 166.026211 166.026920 166.027628 166.028337 166.029045 166.029753 166.030462 166.031524 166.032233 166.032941 166.033650 166.034712 166.035421 166.036129 166.037192 166.037900 166.038609 166.039671 166.040380 166.041088 0.000000 0.000000 0.000000 0.000000 
0.000000 0.000000 0.000000 0.000000 0.000000 0.000000 0.000000 0.000000 0.000000 0.000000 0.000000 0.000000 0.000000 166.040734 166.038963 166.037900 166.037192 166.036129 166.035775 166.035067 166.034712 166.034712 166.034358 166.034358 166.034358 166.034712 166.035067 166.035775 166.036483 166.036838 166.037546 166.038254 166.038609 166.039317 166.040025 166.040380 166.041088 166.041667 0.000000 0.000000 0.000000 0.000000 0.000000 0.000000 0.000000 0.000000 0.000000 0.000000 
