test/output/constant/M365_S060_A180_WD045.0_WS020.0/M365_S060_A180_WD045.0_WS020.0_arrival.asc
ncols         22
nrows         15
xllcorner     426503.990666
yllcorner     12747455.311160
cellsize      100.000000
NODATA_value  0.000000
166.033614 166.021513 166.022857 166.026219 166.032941 166.039664 0.000000 0.000000 0.000000 0.000000 0.000000 0.000000 0.000000 0.000000 0.000000 0.000000 0.000000 0.000000 0.000000 0.000000 0.000000 0.000000 
166.021513 166.000000 166.001345 166.004706 166.010756 166.017479 166.024202 166.030925 166.037647 0.000000 0.000000 0.000000 0.000000 0.000000 0.000000 0.000000 0.000000 0.000000 0.000000 0.000000 0.000000 0.000000 
166.028235 166.002689 166.002017 166.003361 166.005378 166.008740 166.013445 166.018824 166.024874 166.030925 166.037647 0.000000 0.000000 0.000000 0.000000 0.000000 0.000000 0.000000 0.000000 0.000000 0.000000 0.000000 
0.000000 166.018151 166.006723 166.005378 166.005378 166.007395 166.009412 166.012773 166.016807 166.022185 166.027563 166.032941 166.038992 0.000000 0.000000 0.000000 0.000000 0.000000 0.000000 0.000000 0.000000 0.000000 
0.000000 166.036975 166.019496 166.010756 166.008740 166.008740 166.009412 166.011429 166.014118 166.016807 166.020840 166.025546 166.030925 166.036303 166.041667 0.000000 0.000000 0.000000 0.000000 0.000000 0.000000 0.000000 
0.000000 0.000000 166.035630 166.022185 166.014118 166.012101 166.011429 166.012101 166.013445 166.015462 166.018151 166.021513 166.025546 166.029580 166.034286 166.039664 0.000000 0.000000 0.000000 0.000000 0.000000 0.000000 
0.000000 0.000000 0.000000 166.036975 166.025546 166.018824 166.015462 166.014790 166.014790 166.016135 166.017479 166.020168 166.022185 166.025546 166.029580 166.033614 166.038320 0.000000 0.000000 0.000000 0.000000 0.000000 
0.000000 0.000000 0.000000 0.000000 166.038992 166.028908 166.022857 166.019496 166.018151 166.018151 166.018151 166.020168 166.022185 166.024202 166.026891 166.030252 166.033614 166.037647 0.000000 0.000000 0.000000 0.000000 
0.000000 0.000000 0.000000 0.000000 0.000000 0.000000 166.032941 166.026891 166.023530 166.021513 166.021513 166.021513 166.022185 166.024202 166.026219 166.028235 166.030925 166.034286 166.037647 166.041667 0.000000 0.000000 
0.000000 0.000000 0.000000 0.000000 0.000000 0.000000 0.000000 166.036303 166.030925 166.026891 166.025546 166.024874 166.024202 166.024874 166.026219 166.028235 166.030252 166.032269 166.034958 166.038320 166.041667 0.000000 
0.000000 0.000000 0.000000 0.000000 0.000000 0.000000 0.000000 0.000000 166.040336 166.034958 166.030925 166.028908 166.028235 166.027563 166.027563 166.028908 166.030252 166.032269 166.034286 166.036975 166.039664 0.000000 
0.000000 0.000000 0.000000 0.000000 0.000000 0.000000 0.000000 0.000000 0.000000 0.000000 166.038320 166.034958 166.032941 166.031597 166.030925 166.030925 166.031597 166.032269 166.034286 166.036303 166.038320 166.041009 
0.000000 0.000000 0.000000 0.000000 0.000000 0.000000 0.000000 0.000000 0.000000 0.000000 0.000000 0.000000 166.038992 166.036303 166.034958 166.034286 166.034286 166.034286 166.034958 166.036303 166.038320 166.040336 
0.000000 0.000000 0.000000 0.000000 0.000000 0.000000 0.000000 0.000000 0.000000 0.000000 0.000000 0.000000 0.000000 0.000000 166.040336 166.038320 166.037647 166.037647 166.037647 166.037647 166.038992 166.040336 
0.000000 0.000000 0.000000 0.000000 0.000000 0.000000 0.000000 0.000000 0.000000 0.000000 0.000000 0.000000 0.000000 0.000000 0.000000 0.000000 0.000000 166.041009 166.041009 166.040336 166.041009 166.041667 
