test/output/constant/M360_S060_A000_WD045.0_WS010.0/M360_S060_A000_WD045.0_WS010.0_intensity.asc
ncols         40
nrows         10
xllcorner     422703.990666
yllcorner     12747955.311160
cellsize      100.000000
NODATA_value  0.000000
0 0 0 0 0 0 0 0 0 0 0 0 0 0 0 0 0 0 0 0 0 33689 29008 29008 33689 11395 11395 19700 33689 15355 33689 11395 29008 29008 29008 29008 11395 15355 15355 494 
0 0 0 0 0 0 0 0 0 0 0 0 0 0 29008 15355 33689 29008 11395 29008 33689 19700 33689 29008 29008 33689 29008 24297 33689 33689 11395 19700 38198 15355 33689 53781 55098 55098 55098 0 
0 0 0 0 0 0 0 0 0 0 33689 29008 19700 29008 33689 29008 19700 42399 33689 33689 42399 19700 33689 29008 29008 49376 33689 19700 38198 49376 55098 55098 55098 55098 55098 55098 55098 41913 37670 385 
0 0 0 0 0 0 42399 29008 42399 15355 33689 33689 33689 38198 24297 33689 33689 15355 42399 33689 24297 24297 46163 55098 55098 55098 55098 55098 55098 55098 54753 55098 55098 51668 37670 37670 1014 33136 512 0 
0 0 0 0 33689 33689 42399 33689 33689 24297 55098 51942 29008 54839 19700 29008 55098 55098 29008 55098 55098 55098 55098 55098 55098 55098 55098 55098 55098 41913 37670 37670 37670 1476 37670 1476 1014 0 0 0 
0 0 33689 33689 33689 29008 29008 19700 55098 53781 55098 55098 55098 55098 55098 55098 55098 55098 55098 55098 55098 55098 55098 49020 45735 41913 37670 37670 37670 41913 37670 37670 33136 37670 0 0 0 0 0 0 
24297 33689 33689 55098 15355 55098 55098 55098 55098 55098 55098 55098 55098 55098 55098 55098 54753 55098 55098 55001 53599 51668 37670 41913 2802 512 1476 37670 37670 1476 37670 0 0 0 0 0 0 0 0 0 
55098 55098 55098 55098 55098 55098 55098 53599 49020 55098 55098 55098 55098 55098 55098 53599 41913 41913 2802 37670 37670 41913 1476 37670 37670 2802 41913 0 0 0 0 0 0 0 0 0 0 0 0 0 
55098 55098 55098 55098 49020 55098 55098 55098 55098 51668 55098 53599 41913 41913 37670 37670 2802 4860 41913 41913 41913 41913 0 0 0 0 0 0 0 0 0 0 0 0 0 0 0 0 0 0 
0 0 0 55098 55098 55098 51668 55098 55098 51668 37670 37670 2802 37670 37670 0 0 0 0 0 0 0 0 0 0 0 0 0 0 0 0 0 0 0 0 0 0 0 0 0 
