test/output/constant/M480_S060_A090_WD000.0_WS010.0/M480_S060_A090_WD000.0_WS010.0_arrival.asc
ncols         7
nrows         33
xllcorner     426303.990666
yllcorner     12745555.311160
cellsize      100.000000
NODATA_value  0.000000
0.000000 0.000000 166.025847 166.000000 166.025847 0.000000 0.000000 
0.000000 0.000000 166.010022 166.001055 166.010022 0.000000 0.000000 
0.000000 0.000000 166.007912 166.002110 166.007912 0.000000 0.000000 
0.000000 166.033231 166.007385 166.003692 166.007385 166.033231 0.000000 
0.000000 166.027957 166.007385 166.004747 166.007385 166.027957 0.000000 
0.000000 166.024792 166.008440 166.006330 166.008440 166.024792 0.000000 
0.000000 166.023209 166.009495 166.007385 166.009495 166.023209 0.000000 
0.000000 166.022154 166.010550 166.008967 166.010550 166.022154 0.000000 
0.000000 166.021627 166.011605 166.010022 166.011605 166.021627 0.000000 
166.040089 166.021627 166.012660 166.011605 166.012660 166.021627 166.040089 
166.037979 166.021627 166.014242 166.012660 166.014242 166.021627 166.037979 
166.037451 166.022154 166.015297 166.014242 166.015297 166.022154 166.037451 
166.036396 166.022682 166.016352 166.015297 166.016352 166.022682 166.036396 
166.035869 166.023737 166.017934 166.016879 166.017934 166.023737 166.035869 
166.035869 166.024264 166.018989 166.017934 166.018989 166.024264 166.035869 
166.035869 166.025319 166.020572 166.019517 166.020572 166.025319 166.035869 
166.035869 166.026374 166.021627 166.020572 166.021627 166.026374 166.035869 
166.035869 166.027429 166.023209 166.022154 166.023209 166.027429 166.035869 
166.036396 166.028484 166.024264 166.023209 166.024264 166.028484 166.036396 
166.036924 166.029539 166.025847 166.024792 166.025847 166.029539 166.036924 
166.037979 166.030594 166.026902 166.025847 166.026902 166.030594 166.037979 
166.038506 166.031649 166.027957 166.027429 166.027957 166.031649 166.038506 
166.039561 166.032704 166.029539 166.028484 166.029539 166.032704 166.039561 
166.040616 166.033759 166.030594 166.030066 166.030594 166.033759 166.040616 
166.041667 166.035341 166.032176 166.031121 166.032176 166.035341 166.041667 
0.000000 166.036396 166.033231 166.032704 166.033231 166.036396 0.000000 
0.000000 166.037451 166.034814 166.033759 166.034814 166.037451 0.000000 
0.000000 166.039034 166.035869 166.035341 166.035869 166.039034 0.000000 
0.000000 166.040089 166.037451 166.036396 166.037451 166.040089 0.000000 
0.000000 166.041144 166.038506 166.037979 166.038506 166.041144 0.000000 
0.000000 0.000000 166.040089 166.039034 166.040089 0.000000 0.000000 
0.000000 0.000000 166.041144 166.040616 166.041144 0.000000 0.000000 
0.000000 0.000000 0.000000 166.041667 0.000000 0.000000 0.000000 
