test/output/constant/M495_S000_A270_WD000.0_WS035.0/M495_S000_A270_WD000.0_WS035.0_arrival.asc
ncols         7
nrows         31
xllcorner     426303.990666
yllcorner     12745755.311160
cellsize      100.000000
NODATA_value  0.000000
0.000000 0.000000 166.017427 166.000000 166.017427 0.000000 0.000000 
0.000000 0.000000 166.007870 166.001124 166.007870 0.000000 0.000000 
0.000000 166.033729 166.006746 166.002249 166.006746 166.033729 0.000000 
0.000000 166.025859 166.006746 166.003935 166.006746 166.025859 0.000000 
0.000000 166.022486 166.007308 166.005059 166.007308 166.022486 0.000000 
0.000000 166.020799 166.008432 166.006746 166.008432 166.020799 0.000000 
166.039350 166.020237 166.009556 166.007870 166.009556 166.020237 166.039350 
166.037102 166.019675 166.010681 166.009556 166.010681 166.019675 166.037102 
166.035415 166.019675 166.011805 166.010681 166.011805 166.019675 166.035415 
166.034291 166.019675 166.013492 166.012367 166.013492 166.019675 166.034291 
166.033167 166.020237 166.014616 166.013492 166.014616 166.020237 166.033167 
166.032605 166.021362 166.015740 166.015178 166.015740 166.021362 166.032605 
166.032605 166.022486 166.017427 166.016302 166.017427 166.022486 166.032605 
166.032605 166.023048 166.018551 166.017989 166.018551 166.023048 166.032605 
166.032605 166.024172 166.020237 166.019113 166.020237 166.024172 166.032605 
166.032605 166.025297 166.021362 166.020799 166.021362 166.025297 166.032605 
166.033729 166.026421 166.023048 166.021924 166.023048 166.026421 166.033729 
166.034291 166.027545 166.024172 166.023610 166.024172 166.027545 166.034291 
166.035415 166.028669 166.025297 166.024734 166.025297 166.028669 166.035415 
166.036540 166.029794 166.026983 166.026421 166.026983 166.029794 166.036540 
166.037102 166.031480 166.028107 166.027545 166.028107 166.031480 166.037102 
166.038226 166.032605 166.029794 166.029232 166.029794 166.032605 166.038226 
166.039350 166.033729 166.030918 166.030356 166.030918 166.033729 166.039350 
166.040475 166.035415 166.032605 166.032042 166.032605 166.035415 166.040475 
166.041037 166.036540 166.033729 166.033167 166.033729 166.036540 166.041037 
0.000000 166.037664 166.034853 166.034853 166.034853 166.037664 0.000000 
0.000000 166.039350 166.036540 166.035977 166.036540 166.039350 0.000000 
0.000000 166.040475 166.037664 166.037664 166.037664 166.040475 0.000000 
0.000000 166.041599 166.039350 166.038788 166.039350 166.041599 0.000000 
0.000000 0.000000 166.040475 166.040475 166.040475 0.000000 0.000000 
0.000000 0.000000 0.000000 166.041599 0.000000 0.000000 0.000000 
