test/output/constant/M3M460_S060_A090_WD000.0_WS025.0/M3M460_S060_A090_WD000.0_WS025.0_arrival.asc
ncols         7
nrows         42
xllcorner     426303.990666
yllcorner     12744655.311160
cellsize      100.000000
NODATA_value  0.000000
0.000000 0.000000 0.000000 166.000000 0.000000 0.000000 0.000000 
0.000000 0.000000 166.015470 166.000814 166.015470 0.000000 0.000000 
0.000000 0.000000 166.009771 166.001628 166.009771 0.000000 0.000000 
0.000000 0.000000 166.008142 166.002850 166.008142 0.000000 0.000000 
0.000000 166.039490 166.007735 166.003664 166.007735 166.039490 0.000000 
0.000000 166.033384 166.007735 166.004885 166.007735 166.033384 0.000000 
0.000000 166.029312 166.008142 166.005700 166.008142 166.029312 0.000000 
0.000000 166.026870 166.008957 166.006921 166.008957 166.026870 0.000000 
0.000000 166.024834 166.009771 166.007735 166.009771 166.024834 0.000000 
0.000000 166.023613 166.010585 166.008957 166.010585 166.023613 0.000000 
0.000000 166.023206 166.011399 166.009771 166.011399 166.023206 0.000000 
0.000000 166.022799 166.012214 166.010992 166.012214 166.022799 0.000000 
0.000000 166.022799 166.013435 166.011806 166.013435 166.022799 0.000000 
0.000000 166.022391 166.014249 166.013028 166.014249 166.022391 0.000000 
166.040712 166.022391 166.015470 166.013842 166.015470 166.022391 166.040712 
166.039490 166.023206 166.016285 166.015063 166.016285 166.023206 166.039490 
166.038676 166.023613 166.017506 166.015878 166.017506 166.023613 166.038676 
166.038269 166.024427 166.018320 166.017099 166.018320 166.024427 166.038269 
166.037862 166.024834 166.019135 166.017913 166.019135 166.024834 166.037862 
166.037455 166.025648 166.020356 166.019135 166.020356 166.025648 166.037455 
166.037455 166.026463 166.021170 166.019949 166.021170 166.026463 166.037455 
166.037455 166.027277 166.022391 166.021170 166.022391 166.027277 166.037455 
166.037455 166.027684 166.023206 166.021984 166.023206 166.027684 166.037455 
166.037455 166.028498 166.024020 166.023206 166.024020 166.028498 166.037455 
166.037862 166.029312 166.025241 166.024020 166.025241 166.029312 166.037862 
166.038269 166.030127 166.026056 166.025241 166.026056 166.030127 166.038269 
166.039083 166.030941 166.027277 166.026056 166.027277 166.030941 166.039083 
166.039898 166.031755 166.028091 166.027277 166.028091 166.031755 166.039898 
166.040305 166.032977 166.029312 166.028091 166.029312 166.032977 166.040305 
166.041119 166.033791 166.030127 166.029312 166.030127 166.033791 166.041119 
166.041667 166.034605 166.031348 166.030127 166.031348 166.034605 166.041667 
0.000000 166.035419 166.032162 166.031348 166.032162 166.035419 0.000000 
0.000000 166.036641 166.033384 166.032162 166.033384 166.036641 0.000000 
0.000000 166.037455 166.034198 166.033384 166.034198 166.037455 0.000000 
0.000000 166.038269 166.035419 166.034198 166.035419 166.038269 0.000000 
0.000000 166.039490 166.036233 166.035419 166.036233 166.039490 0.000000 
0.000000 166.040305 166.037455 166.036233 166.037455 166.040305 0.000000 
0.000000 166.041119 166.038269 166.037455 166.038269 166.041119 0.000000 
0.000000 0.000000 166.039490 166.038269 166.039490 0.000000 0.000000 
0.000000 0.000000 166.040305 166.039490 166.040305 0.000000 0.000000 
0.000000 0.000000 166.041526 166.040305 166.041526 0.000000 0.000000 
0.000000 0.000000 0.000000 166.041526 0.000000 0.000000 0.000000 
