test/output/constant/M3100_S000_A180_WD270.0_WS015.0/M3100_S000_A180_WD270.0_WS015.0_arrival.asc
ncols         25
nrows         13
xllcorner     426303.990666
yllcorner     12748155.311160
cellsize      100.000000
NODATA_value  0.000000
0.000000 0.000000 0.000000 0.000000 0.000000 0.000000 0.000000 166.041667 166.040188 166.039384 166.039384 166.039384 166.039384 166.039384 166.039384 166.040188 166.040991 0.000000 0.000000 0.000000 0.000000 0.000000 0.000000 0.000000 0.000000 
0.000000 0.000000 0.000000 0.000000 166.039384 166.036973 166.034561 166.032954 166.032150 166.032150 166.032150 166.032150 166.032954 166.032954 166.033758 166.035365 166.036169 166.037776 166.038580 166.040188 166.041667 0.000000 0.000000 0.000000 0.000000 
0.000000 0.000000 166.038580 166.033758 166.029739 166.027328 166.025720 166.024916 166.024916 166.024916 166.025720 166.025720 166.026524 166.028131 166.028935 166.030543 166.032150 166.033758 166.035365 166.036973 166.038580 166.040188 0.000000 0.000000 0.000000 
0.000000 166.036169 166.028935 166.023309 166.020898 166.018486 166.017683 166.017683 166.018486 166.018486 166.020094 166.020898 166.022505 166.024113 166.025720 166.027328 166.028935 166.030543 166.032954 166.034561 166.036169 166.037776 166.040188 166.041667 0.000000 
166.037776 166.027328 166.019290 166.013664 166.011253 166.011253 166.011253 166.011253 166.012860 166.014468 166.016075 166.017683 166.019290 166.020898 166.023309 166.024916 166.026524 166.028935 166.030543 166.032954 166.034561 166.036973 166.038580 166.040188 0.000000 
166.032954 166.020898 166.009645 166.004019 166.004019 166.004823 166.006430 166.008038 166.009645 166.012056 166.013664 166.016075 166.017683 166.020094 166.021701 166.024113 166.025720 166.028131 166.029739 166.032150 166.033758 166.036169 166.037776 166.040188 166.041667 
166.032150 166.019290 166.006430 166.000000 166.001608 166.003215 166.005626 166.007234 166.009645 166.011253 166.013664 166.015271 166.017683 166.019290 166.021701 166.023309 166.025720 166.027328 166.029739 166.031346 166.033758 166.035365 166.037776 166.039384 166.041667 
166.032954 166.020898 166.009645 166.004019 166.004019 166.004823 166.006430 166.008038 166.009645 166.012056 166.013664 166.016075 166.017683 166.020094 166.021701 166.024113 166.025720 166.028131 166.029739 166.032150 166.033758 166.036169 166.037776 166.040188 166.041667 
166.037776 166.027328 166.019290 166.013664 166.011253 166.011253 166.011253 166.011253 166.012860 166.014468 166.016075 166.017683 166.019290 166.020898 166.023309 166.024916 166.026524 166.028935 166.030543 166.032954 166.034561 166.036973 166.038580 166.040188 0.000000 
0.000000 166.036169 166.028935 166.023309 166.020898 166.018486 166.017683 166.017683 166.018486 166.018486 166.020094 166.020898 166.022505 166.024113 166.025720 166.027328 166.028935 166.030543 166.032954 166.034561 166.036169 166.037776 166.040188 166.041667 0.000000 
0.000000 0.000000 166.038580 166.033758 166.029739 166.027328 166.025720 166.024916 166.024916 166.024916 166.025720 166.025720 166.026524 166.028131 166.028935 166.030543 166.032150 166.033758 166.035365 166.036973 166.038580 166.040188 0.000000 0.000000 0.000000 
0.000000 0.000000 0.000000 0.000000 166.039384 166.036973 166.034561 166.032954 166.032150 166.032150 166.032150 166.032150 166.032954 166.032954 166.033758 166.035365 166.036169 166.037776 166.038580 166.040188 166.041667 0.000000 0.000000 0.000000 0.000000 
0.000000 0.000000 0.000000 0.000000 0.000000 0.000000 0.000000 166.041667 166.040188 166.039384 166.039384 166.039384 166.039384 166.039384 166.039384 166.040188 166.040991 0.000000 0.000000 0.000000 0.000000 0.000000 0.000000 0.000000 0.000000 
