test/output/constant/M3M4100_S060_A090_WD135.0_WS010.0/M3M4100_S060_A090_WD135.0_WS010.0_raz.asc
ncols         15
nrows         46
xllcorner     425403.990666
yllcorner     12744355.311160
cellsize      100.000000
NODATA_value  0.000000
0 0 0 0 0 0 0 0 0 0 0 282 302 33 0 
0 0 0 0 0 0 0 0 0 0 282 270 254 102 0 
0 0 0 0 0 0 0 0 0 270 282 270 192 170 102 
0 0 0 0 0 0 0 0 0 282 270 192 192 170 33 
0 0 0 0 0 0 0 0 282 201 201 192 182 173 170 
0 0 0 0 0 0 0 0 350 201 244 192 179 165 165 
0 0 0 0 0 0 0 302 244 282 196 192 179 173 173 
0 0 0 0 0 0 0 244 260 282 192 192 179 179 165 
0 0 0 0 0 0 201 350 201 244 192 191 181 165 173 
0 0 0 0 0 0 282 260 201 193 192 192 179 170 165 
0 0 0 0 0 0 201 244 201 192 192 182 176 179 170 
0 0 0 0 0 244 201 270 244 195 192 185 179 179 165 
0 0 0 0 0 201 199 232 198 192 192 187 181 173 179 
0 0 0 0 0 244 201 199 194 192 192 181 165 179 179 
0 0 0 0 244 201 201 244 194 192 192 181 181 176 173 
0 0 0 0 270 282 199 198 192 192 176 181 176 179 165 
0 0 0 0 201 282 201 192 192 192 173 181 179 176 165 
0 0 0 201 260 232 192 192 192 173 188 173 179 179 0 
0 0 0 199 260 201 192 192 192 192 181 170 173 181 0 
0 0 0 201 201 199 192 196 192 192 181 181 179 170 0 
0 0 0 201 244 232 192 192 192 190 173 181 170 181 0 
0 0 232 302 199 192 193 192 188 187 185 170 181 165 0 
0 0 270 201 201 192 192 192 192 179 182 181 179 179 0 
0 0 260 199 244 192 192 192 188 181 181 181 179 173 0 
0 0 244 199 196 192 192 192 179 192 181 182 179 0 0 
0 0 244 201 198 192 192 192 192 173 173 159 173 0 0 
0 244 201 244 192 192 192 189 170 185 173 179 179 0 0 
0 201 199 192 192 192 198 192 184 179 179 179 170 0 0 
0 199 201 198 192 192 192 179 159 165 176 176 181 0 0 
0 199 232 192 192 192 192 170 170 179 165 181 173 0 0 
0 201 198 192 196 192 192 192 184 179 179 181 0 0 0 
0 201 192 196 192 192 179 181 173 179 181 179 0 0 0 
0 244 192 192 192 192 192 181 181 179 181 179 0 0 0 
0 192 192 192 192 192 192 188 170 165 173 0 0 0 0 
0 192 192 192 192 192 189 192 181 176 181 0 0 0 0 
0 192 192 192 192 192 192 176 181 188 179 0 0 0 0 
194 192 192 192 192 192 181 181 173 187 0 0 0 0 0 
192 192 192 192 192 192 179 188 165 185 0 0 0 0 0 
192 194 192 192 192 192 192 176 181 188 0 0 0 0 0 
192 192 192 192 192 192 181 179 181 0 0 0 0 0 0 
0 192 192 192 192 192 184 181 181 0 0 0 0 0 0 
0 192 192 192 192 181 187 179 0 0 0 0 0 0 0 
0 192 192 192 188 179 182 179 0 0 0 0 0 0 0 
0 192 192 192 192 185 181 0 0 0 0 0 0 0 0 
0 192 192 192 192 192 0 0 0 0 0 0 0 0 0 
0 0 192 192 192 181 0 0 0 0 0 0 0 0 0 
