test/output/constant/M3M4100_S060_A090_WD135.0_WS010.0/M3M4100_S060_A090_WD135.0_WS010.0_ros.asc
ncols         15
nrows         46
xllcorner     425403.990666
yllcorner     12744355.311160
cellsize      100.000000
NODATA_value  0.000000
0.000000 0.000000 0.000000 0.000000 0.000000 0.000000 0.000000 0.000000 0.000000 0.000000 0.000000 2.093911 1.697356 1.394188 0.000000 
0.000000 0.000000 0.000000 0.000000 0.000000 0.000000 0.000000 0.000000 0.000000 0.000000 2.093911 2.490350 -1.000000 2.093911 0.000000 
0.000000 0.000000 0.000000 0.000000 0.000000 0.000000 0.000000 0.000000 0.000000 2.490350 2.093911 2.490350 75.932625 21.792444 2.093911 
0.000000 0.000000 0.000000 0.000000 0.000000 0.000000 0.000000 0.000000 0.000000 2.093911 2.490350 75.932625 75.932625 21.792444 1.394188 
0.000000 0.000000 0.000000 0.000000 0.000000 0.000000 0.000000 0.000000 2.093911 51.513775 51.513775 75.932625 52.684368 27.646082 21.792444 
0.000000 0.000000 0.000000 0.000000 0.000000 0.000000 0.000000 0.000000 1.462050 51.513775 4.835650 75.932625 40.221790 16.467266 16.467266 
0.000000 0.000000 0.000000 0.000000 0.000000 0.000000 0.000000 1.697356 4.835650 2.093911 67.128883 75.932625 40.221790 27.646082 27.646082 
0.000000 0.000000 0.000000 0.000000 0.000000 0.000000 0.000000 4.835650 3.072759 2.093911 75.932625 75.932625 40.221790 40.221790 16.467266 
0.000000 0.000000 0.000000 0.000000 0.000000 0.000000 51.513775 1.462050 51.513775 4.835650 75.932625 75.856941 46.563389 16.467266 27.646082 
0.000000 0.000000 0.000000 0.000000 0.000000 0.000000 2.093911 3.072759 51.513775 75.311874 75.932625 75.932625 40.221790 21.792444 16.467266 
0.000000 0.000000 0.000000 0.000000 0.000000 0.000000 51.513775 4.835650 51.513775 75.932625 75.932625 52.684368 33.851734 40.221790 21.792444 
0.000000 0.000000 0.000000 0.000000 0.000000 4.835650 51.513775 2.490350 4.835650 70.840225 75.932625 63.534470 40.221790 40.221790 16.467266 
0.000000 0.000000 0.000000 0.000000 0.000000 51.513775 57.316418 7.528205 62.574772 75.932625 75.932625 67.934540 46.563389 27.646082 40.221790 
0.000000 0.000000 0.000000 0.000000 0.000000 4.835650 51.513775 57.316418 73.595856 75.932625 75.932625 46.563389 16.467266 40.221790 40.221790 
0.000000 0.000000 0.000000 0.000000 4.835650 51.513775 51.513775 4.835650 73.595856 75.932625 75.932625 46.563389 46.563389 33.851734 27.646082 
0.000000 0.000000 0.000000 0.000000 2.490350 2.093911 57.316418 62.574772 75.932625 75.932625 33.851734 46.563389 33.851734 40.221790 16.467266 
0.000000 0.000000 0.000000 0.000000 51.513775 2.093911 51.513775 75.750504 75.932625 75.932625 27.646082 46.563389 40.221790 33.851734 16.467266 
0.000000 0.000000 0.000000 51.513775 3.072759 7.528205 75.932625 75.932625 75.932625 27.646082 71.465935 27.646082 40.221790 40.221790 0.000000 
0.000000 0.000000 0.000000 57.316418 3.072759 51.513775 75.750504 75.932625 75.932625 75.932625 46.563389 21.792444 27.646082 46.563389 0.000000 
0.000000 0.000000 0.000000 51.513775 51.513775 57.316418 75.932625 67.128883 75.932625 75.932625 46.563389 46.563389 40.221790 21.792444 0.000000 
0.000000 0.000000 0.000000 51.513775 4.835650 7.528205 75.932625 75.932625 75.932625 75.523964 27.646082 46.563389 21.792444 46.563389 0.000000 
0.000000 0.000000 7.528205 1.697356 57.316418 75.932625 75.311874 75.932625 71.465935 67.934540 63.534470 21.792444 46.563389 16.467266 0.000000 
0.000000 0.000000 2.490350 51.513775 51.513775 75.932625 75.932625 75.932625 75.932625 40.221790 52.684368 46.563389 40.221790 40.221790 0.000000 
0.000000 0.000000 3.072759 57.316418 4.835650 75.932625 75.932625 75.932625 71.465935 46.563389 46.563389 46.563389 40.221790 27.646082 0.000000 
0.000000 0.000000 4.835650 57.316418 67.128883 75.932625 75.932625 75.932625 40.221790 75.932625 46.563389 52.684368 40.221790 0.000000 0.000000 
0.000000 0.000000 4.835650 51.513775 62.574772 75.932625 75.932625 75.932625 75.932625 27.646082 27.646082 11.829915 27.646082 0.000000 0.000000 
0.000000 4.835650 51.513775 4.835650 75.932625 75.932625 75.932625 74.021561 21.792444 63.534470 27.646082 40.221790 40.221790 0.000000 0.000000 
0.000000 51.513775 57.316418 75.932625 75.932625 75.932625 62.574772 75.932625 58.399162 40.221790 40.221790 40.221790 21.792444 0.000000 0.000000 
0.000000 57.316418 51.513775 62.574772 75.932625 75.932625 75.932625 40.221790 11.829915 16.467266 33.851734 33.851734 46.563389 0.000000 0.000000 
0.000000 57.316418 7.528205 75.932625 75.932625 75.932625 75.932625 21.792444 21.792444 40.221790 16.467266 46.563389 27.646082 0.000000 0.000000 
0.000000 51.513775 62.574772 75.932625 67.128883 75.932625 75.932625 75.932625 58.399162 40.221790 40.221790 46.563389 0.000000 0.000000 0.000000 
0.000000 51.513775 75.932625 67.128883 75.932625 75.932625 40.221790 46.563389 27.646082 40.221790 46.563389 40.221790 0.000000 0.000000 0.000000 
0.000000 4.835650 75.932625 75.932625 75.932625 75.932625 75.932625 46.563389 46.563389 40.221790 46.563389 40.221790 0.000000 0.000000 0.000000 
0.000000 75.932625 75.932625 75.932625 75.932625 75.932625 75.932625 71.465935 21.792444 16.467266 27.646082 0.000000 0.000000 0.000000 0.000000 
0.000000 75.932625 75.932625 75.932625 75.932625 75.932625 74.021561 75.932625 46.563389 33.851734 46.563389 0.000000 0.000000 0.000000 0.000000 
0.000000 75.932625 75.932625 75.750504 75.932625 75.932625 75.932625 33.851734 46.563389 71.465935 40.221790 0.000000 0.000000 0.000000 0.000000 
73.595856 75.932625 75.932625 75.932625 75.932625 75.932625 46.563389 46.563389 27.646082 67.934540 0.000000 0.000000 0.000000 0.000000 0.000000 
75.932625 75.932625 75.932625 75.932625 75.932625 75.932625 40.221790 71.465935 16.467266 63.534470 0.000000 0.000000 0.000000 0.000000 0.000000 
75.932625 73.595856 75.932625 75.932625 75.932625 75.932625 75.932625 33.851734 46.563389 71.465935 0.000000 0.000000 0.000000 0.000000 0.000000 
75.932625 75.932625 75.932625 75.932625 75.932625 75.932625 46.563389 40.221790 46.563389 0.000000 0.000000 0.000000 0.000000 0.000000 0.000000 
0.000000 75.750504 75.932625 75.932625 75.932625 75.932625 58.399162 46.563389 46.563389 0.000000 0.000000 0.000000 0.000000 0.000000 0.000000 
0.000000 75.932625 75.932625 75.932625 75.932625 46.563389 67.934540 40.221790 0.000000 0.000000 0.000000 0.000000 0.000000 0.000000 0.000000 
0.000000 75.932625 75.932625 75.932625 71.465935 40.221790 52.684368 40.221790 0.000000 0.000000 0.000000 0.000000 0.000000 0.000000 0.000000 
0.000000 75.932625 75.932625 75.932625 75.932625 63.534470 46.563389 0.000000 0.000000 0.000000 0.000000 0.000000 0.000000 0.000000 0.000000 
0.000000 75.932625 75.932625 75.932625 75.932625 75.932625 0.000000 0.000000 0.000000 0.000000 0.000000 0.000000 0.000000 0.000000 0.000000 
0.000000 0.000000 75.932625 75.932625 75.932625 46.563389 0.000000 0.000000 0.000000 0.000000 0.000000 0.000000 0.000000 0.000000 0.000000 
