test/output/constant/M3M4100_S060_A090_WD135.0_WS010.0/M3M4100_S060_A090_WD135.0_WS010.0_intensity.asc
ncols         15
nrows         46
xllcorner     425403.990666
yllcorner     12744355.311160
cellsize      100.000000
NODATA_value  0.000000
0 0 0 0 0 0 0 0 0 0 0 1922 1558 1280 0 
0 0 0 0 0 0 0 0 0 0 1922 2286 0 1922 0 
0 0 0 0 0 0 0 0 0 2286 1922 2286 69719 20009 1922 
0 0 0 0 0 0 0 0 0 1922 2286 69719 69719 20009 1280 
0 0 0 0 0 0 0 0 1922 47298 47298 69719 48373 25383 20009 
0 0 0 0 0 0 0 0 1342 47298 4439 69719 36930 15119 15119 
0 0 0 0 0 0 0 1558 4439 1922 61635 69719 36930 25383 25383 
0 0 0 0 0 0 0 4439 2821 1922 69719 69719 36930 36930 15119 
0 0 0 0 0 0 47298 1342 47298 4439 69719 69649 42753 15119 25383 
0 0 0 0 0 0 1922 2821 47298 69149 69719 69719 36930 20009 15119 
0 0 0 0 0 0 47298 4439 47298 69719 69719 48373 31081 36930 20009 
0 0 0 0 0 4439 47298 2286 4439 65043 69719 58335 36930 36930 15119 
0 0 0 0 0 47298 52626 6912 57454 69719 69719 62375 42753 25383 36930 
0 0 0 0 0 4439 47298 52626 67573 69719 69719 42753 15119 36930 36930 
0 0 0 0 4439 47298 47298 4439 67573 69719 69719 42753 42753 31081 25383 
0 0 0 0 2286 1922 52626 57454 69719 69719 31081 42753 31081 36930 15119 
0 0 0 0 47298 1922 47298 69552 69719 69719 25383 42753 36930 31081 15119 
0 0 0 47298 2821 6912 69719 69719 69719 25383 65618 25383 36930 36930 0 
0 0 0 52626 2821 47298 69552 69719 69719 69719 42753 20009 25383 42753 0 
0 0 0 47298 47298 52626 69719 61635 69719 69719 42753 42753 36930 20009 0 
0 0 0 47298 4439 6912 69719 69719 69719 69344 25383 42753 20009 42753 0 
0 0 6912 1558 52626 69719 69149 69719 65618 62375 58335 20009 42753 15119 0 
0 0 2286 47298 47298 69719 69719 69719 69719 36930 48373 42753 36930 36930 0 
0 0 2821 52626 4439 69719 69719 69719 65618 42753 42753 42753 36930 25383 0 
0 0 4439 52626 61635 69719 69719 69719 36930 69719 42753 48373 36930 0 0 
0 0 4439 47298 57454 69719 69719 69719 69719 25383 25383 10861 25383 0 0 
0 4439 47298 4439 69719 69719 69719 67964 20009 58335 25383 36930 36930 0 0 
0 47298 52626 69719 69719 69719 57454 69719 53620 36930 36930 36930 20009 0 0 
0 52626 47298 57454 69719 69719 69719 36930 10861 15119 31081 31081 42753 0 0 
0 52626 6912 69719 69719 69719 69719 20009 20009 36930 15119 42753 25383 0 0 
0 47298 57454 69719 61635 69719 69719 69719 53620 36930 36930 42753 0 0 0 
0 47298 69719 61635 69719 69719 36930 42753 25383 36930 42753 36930 0 0 0 
0 4439 69719 69719 69719 69719 69719 42753 42753 36930 42753 36930 0 0 0 
0 69719 69719 69719 69719 69719 69719 65618 20009 15119 25383 0 0 0 0 
0 69719 69719 69719 69719 69719 67964 69719 42753 31081 42753 0 0 0 0 
0 69719 69719 69552 69719 69719 69719 31081 42753 65618 36930 0 0 0 0 
67573 69719 69719 69719 69719 69719 42753 42753 25383 62375 0 0 0 0 0 
69719 69719 69719 69719 69719 69719 36930 65618 15119 58335 0 0 0 0 0 
69719 67573 69719 69719 69719 69719 69719 31081 42753 65618 0 0 0 0 0 
69719 69719 69719 69719 69719 69719 42753 36930 42753 0 0 0 0 0 0 
0 69552 69719 69719 69719 69719 53620 42753 42753 0 0 0 0 0 0 
0 69719 69719 69719 69719 42753 62375 36930 0 0 0 0 0 0 0 
0 69719 69719 69719 65618 36930 48373 36930 0 0 0 0 0 0 0 
0 69719 69719 69719 69719 58335 42753 0 0 0 0 0 0 0 0 
0 69719 69719 69719 69719 69719 0 0 0 0 0 0 0 0 0 
0 0 69719 69719 69719 42753 0 0 0 0 0 0 0 0 0 
