test/output/constant/M390_S060_A000_WD270.0_WS025.0/M390_S060_A000_WD270.0_WS025.0_arrival.asc
ncols         22
nrows         11
xllcorner     424803.990666
yllcorner     12748255.311160
cellsize      100.000000
NODATA_value  0.000000
0.000000 0.000000 0.000000 0.000000 0.000000 166.040563 166.039662 166.038760 166.037859 166.036958 166.036958 166.036958 166.037859 166.037859 166.039662 166.041667 0.000000 0.000000 0.000000 0.000000 0.000000 0.000000 
0.000000 0.000000 166.041465 166.039662 166.037859 166.036056 166.034253 166.033352 166.031549 166.030648 166.029746 166.028845 166.028845 166.028845 166.029746 166.030648 166.033352 166.036958 0.000000 0.000000 0.000000 0.000000 
0.000000 166.040563 166.038760 166.036958 166.034253 166.032451 166.030648 166.028845 166.027042 166.025239 166.023437 166.022535 166.021634 166.020732 166.020732 166.020732 166.022535 166.025239 166.029746 166.036056 0.000000 0.000000 
166.041465 166.038760 166.036958 166.034253 166.032451 166.029746 166.027944 166.026141 166.023437 166.021634 166.019831 166.018028 166.016225 166.014422 166.013521 166.012620 166.012620 166.013521 166.017127 166.023437 166.032451 0.000000 
166.040563 166.037859 166.036056 166.033352 166.031549 166.028845 166.027042 166.024338 166.022535 166.019831 166.018028 166.015324 166.013521 166.010817 166.009014 166.007211 166.005408 166.004507 166.005408 166.010817 166.023437 166.036056 
166.039662 166.037859 166.035155 166.033352 166.030648 166.028845 166.026141 166.024338 166.021634 166.019831 166.017127 166.015324 166.012620 166.010817 166.008113 166.006310 166.003606 166.001803 166.000000 166.007211 166.020732 166.035155 
166.040563 166.037859 166.036056 166.033352 166.031549 166.028845 166.027042 166.024338 166.022535 166.019831 166.018028 166.015324 166.013521 166.010817 166.009014 166.007211 166.005408 166.004507 166.005408 166.010817 166.023437 166.036056 
166.041465 166.038760 166.036958 166.034253 166.032451 166.029746 166.027944 166.026141 166.023437 166.021634 166.019831 166.018028 166.016225 166.014422 166.013521 166.012620 166.012620 166.013521 166.017127 166.023437 166.032451 0.000000 
0.000000 166.040563 166.038760 166.036958 166.034253 166.032451 166.030648 166.028845 166.027042 166.025239 166.023437 166.022535 166.021634 166.020732 166.020732 166.020732 166.022535 166.025239 166.029746 166.036056 0.000000 0.000000 
0.000000 0.000000 166.041465 166.039662 166.037859 166.036056 166.034253 166.033352 166.031549 166.030648 166.029746 166.028845 166.028845 166.028845 166.029746 166.030648 166.033352 166.036958 0.000000 0.000000 0.000000 0.000000 
0.000000 0.000000 0.000000 0.000000 0.000000 166.040563 166.039662 166.038760 166.037859 166.036958 166.036958 166.036958 166.037859 166.037859 166.039662 166.041667 0.000000 0.000000 0.000000 0.000000 0.000000 0.000000 
