test/output/constant/M3M4100_S000_A270_WD225.0_WS020.0/M3M4100_S000_A270_WD225.0_WS020.0_arrival.asc
ncols         22
nrows         22
xllcorner     426403.990666
yllcorner     12748555.311160
cellsize      100.000000
NODATA_value  0.000000
0.000000 0.000000 0.000000 0.000000 0.000000 0.000000 0.000000 0.000000 0.000000 0.000000 0.000000 0.000000 0.000000 0.000000 0.000000 0.000000 0.000000 166.041666 166.041666 166.041666 0.000000 0.000000 
0.000000 0.000000 0.000000 0.000000 0.000000 0.000000 0.000000 0.000000 0.000000 0.000000 0.000000 0.000000 0.000000 0.000000 166.041015 166.039713 166.039062 166.039062 166.039713 166.039713 166.040364 0.000000 
0.000000 0.000000 0.000000 0.000000 0.000000 0.000000 0.000000 0.000000 0.000000 0.000000 0.000000 0.000000 166.041015 166.039062 166.037760 166.037109 166.037109 166.037109 166.037760 166.038411 166.039713 166.041666 
0.000000 0.000000 0.000000 0.000000 0.000000 0.000000 0.000000 0.000000 0.000000 0.000000 0.000000 166.039062 166.037109 166.035807 166.035156 166.034505 166.035156 166.035156 166.035807 166.037760 166.039713 166.041666 
0.000000 0.000000 0.000000 0.000000 0.000000 0.000000 0.000000 0.000000 0.000000 166.041015 166.037760 166.035156 166.033854 166.033203 166.032552 166.032552 166.033203 166.033854 166.035156 166.037109 166.039062 166.041666 
0.000000 0.000000 0.000000 0.000000 0.000000 0.000000 0.000000 0.000000 166.039713 166.036458 166.033854 166.031901 166.030599 166.030599 166.030599 166.030599 166.031250 166.033203 166.035156 166.037109 166.039062 0.000000 
0.000000 0.000000 0.000000 0.000000 0.000000 0.000000 0.000000 166.039062 166.035156 166.031901 166.029948 166.028646 166.027995 166.027995 166.028646 166.029297 166.030599 166.032552 166.034505 166.037109 166.039713 0.000000 
0.000000 0.000000 0.000000 0.000000 0.000000 0.000000 166.039062 166.034505 166.030599 166.027995 166.026692 166.026041 166.026041 166.026041 166.026692 166.028646 166.030599 166.032552 166.035156 166.037760 166.041015 0.000000 
0.000000 0.000000 0.000000 0.000000 0.000000 166.039062 166.033854 166.029297 166.026692 166.024739 166.024088 166.023437 166.024088 166.024739 166.026041 166.027995 166.030599 166.033203 166.035807 166.039062 0.000000 0.000000 
0.000000 0.000000 0.000000 0.000000 166.039713 166.033203 166.028646 166.025390 166.022786 166.021484 166.021484 166.021484 166.022135 166.024088 166.026041 166.027995 166.030599 166.033854 166.037109 166.041015 0.000000 0.000000 
0.000000 0.000000 0.000000 166.041015 166.033854 166.027995 166.023437 166.020833 166.019531 166.019531 166.019531 166.020182 166.021484 166.023437 166.026041 166.028646 166.031901 166.035156 166.039062 0.000000 0.000000 0.000000 
0.000000 0.000000 0.000000 166.034505 166.027995 166.022786 166.019531 166.017578 166.016927 166.016927 166.017578 166.019531 166.021484 166.024088 166.026692 166.029948 166.033854 166.037760 0.000000 0.000000 0.000000 0.000000 
0.000000 0.000000 166.037109 166.028646 166.022135 166.018229 166.015625 166.014974 166.014974 166.014974 166.016927 166.019531 166.021484 166.024739 166.027995 166.031901 166.036458 166.041015 0.000000 0.000000 0.000000 0.000000 
0.000000 166.041666 166.030599 166.022786 166.016927 166.013672 166.012370 166.012370 166.013021 166.014974 166.016927 166.019531 166.022786 166.026692 166.030599 166.035156 166.039713 0.000000 0.000000 0.000000 0.000000 0.000000 
0.000000 166.035807 166.024088 166.016927 166.012370 166.010417 166.010417 166.010417 166.012370 166.014974 166.017578 166.020833 166.025390 166.029297 166.034505 166.039062 0.000000 0.000000 0.000000 0.000000 0.000000 0.000000 
0.000000 166.029297 166.018229 166.011719 166.008463 166.007812 166.008463 166.010417 166.012370 166.015625 166.019531 166.023437 166.028646 166.033854 166.039062 0.000000 0.000000 0.000000 0.000000 0.000000 0.000000 0.000000 
166.037109 166.022786 166.011719 166.006510 166.005859 166.005859 166.007812 166.010417 166.013672 166.018229 166.022786 166.027995 166.033203 166.039062 0.000000 0.000000 0.000000 0.000000 0.000000 0.000000 0.000000 0.000000 
166.032552 166.016927 166.005859 166.003906 166.003906 166.005859 166.008463 166.012370 166.016927 166.022135 166.027995 166.033854 166.039713 0.000000 0.000000 0.000000 0.000000 0.000000 0.000000 0.000000 0.000000 0.000000 
166.028646 166.011068 166.001302 166.001302 166.003906 166.006510 166.011719 166.016927 166.022786 166.028646 166.034505 166.041015 0.000000 0.000000 0.000000 0.000000 0.000000 0.000000 0.000000 0.000000 0.000000 0.000000 
166.027995 166.009766 166.000000 166.001302 166.005859 166.011719 166.018229 166.024088 166.030599 166.037109 0.000000 0.000000 0.000000 0.000000 0.000000 0.000000 0.000000 0.000000 0.000000 0.000000 0.000000 0.000000 
166.030599 166.013672 166.009766 166.011068 166.016927 166.022786 166.029297 166.035807 166.041666 0.000000 0.000000 0.000000 0.000000 0.000000 0.000000 0.000000 0.000000 0.000000 0.000000 0.000000 0.000000 0.000000 
166.039713 166.030599 166.027995 166.028646 166.032552 166.037109 0.000000 0.000000 0.000000 0.000000 0.000000 0.000000 0.000000 0.000000 0.000000 0.000000 0.000000 0.000000 0.000000 0.000000 0.000000 0.000000 
