test/output/constant/M490_S060_A180_WD270.0_WS015.0/M490_S060_A180_WD270.0_WS015.0_arrival.asc
ncols         41
nrows         7
xllcorner     426603.990666
yllcorner     12748455.311160
cellsize      100.000000
NODATA_value  0.000000
0.000000 0.000000 0.000000 0.000000 0.000000 0.000000 0.000000 0.000000 166.041177 166.038236 166.036135 166.034454 166.033194 166.032774 166.032353 166.031933 166.031933 166.031513 166.031513 166.031933 166.032353 166.032774 166.033614 166.034034 166.034874 166.035715 166.036135 166.036975 166.037816 166.038656 166.039496 166.039917 166.040757 166.041597 0.000000 0.000000 0.000000 0.000000 0.000000 0.000000 0.000000 
0.000000 0.000000 0.000000 166.033614 166.027311 166.023530 166.021429 166.020168 166.019748 166.019328 166.019328 166.019328 166.019328 166.019748 166.020589 166.021429 166.022269 166.022689 166.023530 166.024370 166.025210 166.026051 166.026891 166.027731 166.028572 166.029832 166.030673 166.031513 166.032353 166.033614 166.034454 166.035295 166.036135 166.037396 166.038236 166.039076 166.040337 166.041177 0.000000 0.000000 0.000000 
166.027731 166.010084 166.007143 166.006723 166.006723 166.007143 166.007983 166.008403 166.009244 166.010504 166.011345 166.012185 166.013446 166.014286 166.015126 166.016387 166.017227 166.018488 166.019328 166.020589 166.021429 166.022689 166.023530 166.024790 166.025631 166.026891 166.027731 166.028992 166.029832 166.031093 166.031933 166.033194 166.034034 166.035295 166.036135 166.036975 166.038236 166.039076 166.040337 166.041177 0.000000 
166.000000 166.000840 166.001681 166.002941 166.003782 166.005042 166.005882 166.007143 166.007983 166.009244 166.010084 166.011345 166.012185 166.013446 166.014286 166.015546 166.016387 166.017647 166.018488 166.019748 166.020589 166.021849 166.022689 166.023950 166.024790 166.026051 166.026891 166.028152 166.028992 166.030253 166.031093 166.032353 166.033194 166.034454 166.035295 166.036555 166.037396 166.038656 166.039496 166.040757 166.041597 
166.027731 166.010084 166.007143 166.006723 166.006723 166.007143 166.007983 166.008403 166.009244 166.010504 166.011345 166.012185 166.013446 166.014286 166.015126 166.016387 166.017227 166.018488 166.019328 166.020589 166.021429 166.022689 166.023530 166.024790 166.025631 166.026891 166.027731 166.028992 166.029832 166.031093 166.031933 166.033194 166.034034 166.035295 166.036135 166.036975 166.038236 166.039076 166.040337 166.041177 0.000000 
0.000000 0.000000 0.000000 166.033614 166.027311 166.023530 166.021429 166.020168 166.019748 166.019328 166.019328 166.019328 166.019328 166.019748 166.020589 166.021429 166.022269 166.022689 166.023530 166.024370 166.025210 166.026051 166.026891 166.027731 166.028572 166.029832 166.030673 166.031513 166.032353 166.033614 166.034454 166.035295 166.036135 166.037396 166.038236 166.039076 166.040337 166.041177 0.000000 0.000000 0.000000 
0.000000 0.000000 0.000000 0.000000 0.000000 0.000000 0.000000 0.000000 166.041177 166.038236 166.036135 166.034454 166.033194 166.032774 166.032353 166.031933 166.031933 166.031513 166.031513 166.031933 166.032353 166.032774 166.033614 166.034034 166.034874 166.035715 166.036135 166.036975 166.037816 166.038656 166.039496 166.039917 166.040757 166.041597 0.000000 0.000000 0.000000 0.000000 0.000000 0.000000 0.000000 
