test/output/constant/M3M465_S000_A270_WD000.0_WS035.0/M3M465_S000_A270_WD000.0_WS035.0_arrival.asc
ncols         7
nrows         34
xllcorner     426303.990666
yllcorner     12745555.311160
cellsize      100.000000
NODATA_value  0.000000
0.000000 0.000000 0.000000 166.040792 0.000000 0.000000 0.000000 
0.000000 0.000000 166.014120 166.000000 166.014120 0.000000 0.000000 
0.000000 166.039223 166.007322 166.001046 166.007322 166.039223 0.000000 
0.000000 166.029810 166.006276 166.002092 166.006276 166.029810 0.000000 
0.000000 166.023534 166.006276 166.003661 166.006276 166.023534 0.000000 
0.000000 166.020919 166.006799 166.004707 166.006799 166.020919 0.000000 
166.039223 166.019350 166.007845 166.006276 166.007845 166.019350 166.039223 
166.036085 166.018827 166.008891 166.007322 166.008891 166.018827 166.036085 
166.033994 166.018304 166.009937 166.008891 166.009937 166.018304 166.033994 
166.032425 166.018304 166.010983 166.009937 166.010983 166.018304 166.032425 
166.031379 166.018304 166.012551 166.011506 166.012551 166.018304 166.031379 
166.030856 166.018827 166.013597 166.012551 166.013597 166.018827 166.030856 
166.030333 166.019873 166.015166 166.014120 166.015166 166.019873 166.030333 
166.030333 166.020919 166.016212 166.015166 166.016212 166.020919 166.030333 
166.030333 166.021442 166.017258 166.016735 166.017258 166.021442 166.030333 
166.030333 166.022488 166.018827 166.017781 166.018827 166.022488 166.030333 
166.030333 166.023534 166.019873 166.019350 166.019873 166.023534 166.030333 
166.031379 166.024580 166.021442 166.020396 166.021442 166.024580 166.031379 
166.031902 166.025626 166.022488 166.021965 166.022488 166.025626 166.031902 
166.032948 166.026672 166.023534 166.023011 166.023534 166.026672 166.032948 
166.033471 166.027718 166.025103 166.024580 166.025103 166.027718 166.033471 
166.034517 166.029287 166.026149 166.025626 166.026149 166.029287 166.034517 
166.035563 166.030333 166.027718 166.027195 166.027718 166.030333 166.035563 
166.036608 166.031379 166.028764 166.028241 166.028764 166.031379 166.036608 
166.037131 166.032948 166.030333 166.029810 166.030333 166.032948 166.037131 
166.038177 166.033994 166.031379 166.030856 166.031379 166.033994 166.038177 
166.039223 166.035040 166.032948 166.032425 166.032948 166.035040 166.039223 
166.040269 166.036608 166.033994 166.033471 166.033994 166.036608 166.040269 
166.041315 166.037654 166.035040 166.035040 166.035040 166.037654 166.041315 
0.000000 166.038700 166.036608 166.036085 166.036608 166.038700 0.000000 
0.000000 166.040269 166.037654 166.037654 166.037654 166.040269 0.000000 
0.000000 166.041315 166.039223 166.038700 166.039223 166.041315 0.000000 
0.000000 0.000000 166.040269 166.040269 166.040269 0.000000 0.000000 
0.000000 0.000000 166.041667 166.041315 166.041667 0.000000 0.000000 
