test/output/constant/M295_S060_A000_WD090.0_WS040.0/M295_S060_A000_WD090.0_WS040.0_arrival.asc
ncols         43
nrows         7
xllcorner     422403.990666
yllcorner     12748455.311160
cellsize      100.000000
NODATA_value  0.000000
0.000000 0.000000 0.000000 0.000000 0.000000 0.000000 0.000000 0.000000 0.000000 0.000000 0.000000 0.000000 0.000000 0.000000 166.041562 166.040763 166.040363 166.039963 166.039564 166.039564 166.039564 166.039963 166.039963 166.040363 166.041162 0.000000 0.000000 0.000000 0.000000 0.000000 0.000000 0.000000 0.000000 0.000000 0.000000 0.000000 0.000000 0.000000 0.000000 0.000000 0.000000 0.000000 0.000000 
0.000000 0.000000 0.000000 0.000000 0.000000 166.040763 166.039963 166.039164 166.038365 166.037166 166.036367 166.035567 166.034768 166.033569 166.032770 166.031971 166.031171 166.030372 166.029573 166.029173 166.028374 166.027575 166.026775 166.026376 166.025577 166.025177 166.024378 166.023978 166.023978 166.023978 166.023978 166.024378 166.025577 166.026376 166.027974 166.030372 166.033569 166.038365 0.000000 0.000000 0.000000 0.000000 0.000000 
0.000000 166.041562 166.040763 166.039564 166.038765 166.037566 166.036766 166.035567 166.034768 166.033569 166.032770 166.031571 166.030772 166.029573 166.028774 166.027974 166.026775 166.025976 166.024777 166.023978 166.023179 166.021980 166.021181 166.019982 166.019182 166.017984 166.017184 166.016385 166.015186 166.014387 166.013188 166.012389 166.011589 166.010790 166.009991 166.009192 166.008392 166.007993 166.007993 166.009192 166.010790 166.019182 0.000000 
166.041562 166.040763 166.039564 166.038765 166.037566 166.036766 166.035567 166.034768 166.033569 166.032770 166.031571 166.030772 166.029573 166.028774 166.027575 166.026775 166.025577 166.024777 166.023578 166.022779 166.021580 166.020781 166.019582 166.018783 166.017584 166.016785 166.015586 166.014786 166.013588 166.012788 166.011589 166.010790 166.009591 166.008792 166.007593 166.006794 166.005595 166.004796 166.003597 166.002797 166.001599 166.000799 166.000000 
0.000000 166.041562 166.040763 166.039564 166.038765 166.037566 166.036766 166.035567 166.034768 166.033569 166.032770 166.031571 166.030772 166.029573 166.028774 166.027974 166.026775 166.025976 166.024777 166.023978 166.023179 166.021980 166.021181 166.019982 166.019182 166.017984 166.017184 166.016385 166.015186 166.014387 166.013188 166.012389 166.011589 166.010790 166.009991 166.009192 166.008392 166.007993 166.007993 166.009192 166.010790 166.019182 0.000000 
0.000000 0.000000 0.000000 0.000000 0.000000 166.040763 166.039963 166.039164 166.038365 166.037166 166.036367 166.035567 166.034768 166.033569 166.032770 166.031971 166.031171 166.030372 166.029573 166.029173 166.028374 166.027575 166.026775 166.026376 166.025577 166.025177 166.024378 166.023978 166.023978 166.023978 166.023978 166.024378 166.025577 166.026376 166.027974 166.030372 166.033569 166.038365 0.000000 0.000000 0.000000 0.000000 0.000000 
0.000000 0.000000 0.000000 0.000000 0.000000 0.000000 0.000000 0.000000 0.000000 0.000000 0.000000 0.000000 0.000000 0.000000 166.041562 166.040763 166.040363 166.039963 166.039564 166.039564 166.039564 166.039963 166.039963 166.040363 166.041162 0.000000 0.000000 0.000000 0.000000 0.000000 0.000000 0.000000 0.000000 0.000000 0.000000 0.000000 0.000000 0.000000 0.000000 0.000000 0.000000 0.000000 0.000000 
