test/output/constant/M3M480_S060_A000_WD315.0_WS020.0/M3M480_S060_A000_WD315.0_WS020.0_intensity.asc
ncols         26
nrows         17
xllcorner     424203.990666
yllcorner     12747255.311160
cellsize      100.000000
NODATA_value  0.000000
0 0 0 0 0 0 0 0 0 0 0 0 0 0 0 0 0 0 0 6481 8769 6481 6481 3231 6481 1383 
0 0 0 0 0 0 0 0 0 0 0 0 0 0 0 0 4622 4622 6481 8769 11428 17557 8769 40753 0 2020 
0 0 0 0 0 0 0 0 0 0 0 0 0 0 4622 6481 11428 6481 8769 11428 30468 40753 40753 40753 2377 1765 
0 0 0 0 0 0 0 0 0 0 0 0 11428 11428 6481 8769 20848 27402 30468 39289 40753 40753 25816 4067 2020 0 
0 0 0 0 0 0 0 0 0 0 8769 17557 4622 14386 8769 8769 33268 30468 40753 40753 38580 38580 25816 2933 2377 0 
0 0 0 0 0 0 0 0 8769 11428 11428 4622 8769 11428 4622 40753 40753 40753 40753 12953 2933 4067 4067 2933 0 0 
0 0 0 0 0 0 0 6481 14386 11428 6481 11428 11428 40753 40753 40753 40753 40753 38580 34544 2020 2933 4067 0 0 0 
0 0 0 0 0 20848 11428 6481 30468 8769 11428 40753 35719 40753 40753 40753 40753 34544 34544 28973 4067 2933 0 0 0 0 
0 0 0 0 4622 30468 30468 20848 8769 8769 40753 40753 40753 40753 25816 38580 31912 2933 2377 5664 2377 0 0 0 0 0 
0 0 0 14386 30468 30468 33268 11428 40753 40753 40753 40753 40753 36790 38580 34544 25816 25816 25816 0 0 0 0 0 0 0 
0 0 30468 33268 30468 14386 30468 40753 40753 40753 40753 40753 2377 2933 34544 4067 25816 2377 0 0 0 0 0 0 0 0 
0 27402 30468 39289 40753 40753 40753 40753 40753 36790 36790 34544 38580 2933 25816 4067 0 0 0 0 0 0 0 0 0 0 
33268 37746 40753 40753 40753 40753 40753 40753 39861 4067 38580 25816 5664 5664 2020 0 0 0 0 0 0 0 0 0 0 0 
8769 40753 40753 40753 40753 40753 40753 40753 36790 38580 4067 28973 25816 0 0 0 0 0 0 0 0 0 0 0 0 0 
40753 40753 40753 40753 40595 40753 38580 38580 38580 4067 2933 0 0 0 0 0 0 0 0 0 0 0 0 0 0 0 
40753 40753 40753 40753 40753 34544 2377 34544 10161 0 0 0 0 0 0 0 0 0 0 0 0 0 0 0 0 0 
40753 40753 40753 36790 36790 0 0 0 0 0 0 0 0 0 0 0 0 0 0 0 0 0 0 0 0 0 
