test/output/constant/M3M495_S060_A000_WD270.0_WS030.0/M3M495_S060_A000_WD270.0_WS030.0_arrival.asc
ncols         19
nrows         13
xllcorner     425203.990666
yllcorner     12748155.311160
cellsize      100.000000
NODATA_value  0.000000
0.000000 0.000000 0.000000 0.000000 0.000000 0.000000 0.000000 166.041667 166.041667 166.041667 166.041667 0.000000 0.000000 0.000000 0.000000 0.000000 0.000000 0.000000 0.000000 
0.000000 0.000000 0.000000 166.041667 166.039329 166.038137 166.036946 166.035754 166.034562 166.034562 166.034562 166.034562 166.035754 166.036946 166.040521 0.000000 0.000000 0.000000 0.000000 
0.000000 0.000000 166.040521 166.038137 166.035754 166.033370 166.030987 166.029795 166.028603 166.027411 166.026219 166.026219 166.027411 166.028603 166.030987 166.035754 166.040521 0.000000 0.000000 
0.000000 166.040521 166.038137 166.035754 166.032178 166.029795 166.027411 166.025028 166.022644 166.021452 166.020260 166.019069 166.019069 166.020260 166.022644 166.026219 166.030987 166.038137 0.000000 
166.041667 166.039329 166.035754 166.033370 166.029795 166.027411 166.025028 166.021452 166.019069 166.016685 166.014302 166.013110 166.011918 166.011918 166.013110 166.016685 166.022644 166.030987 166.039329 
166.040521 166.038137 166.034562 166.032178 166.028603 166.026219 166.022644 166.020260 166.017877 166.014302 166.011918 166.008343 166.005959 166.004767 166.004767 166.008343 166.016685 166.027411 166.036946 
166.040521 166.038137 166.034562 166.032178 166.028603 166.026219 166.022644 166.020260 166.016685 166.014302 166.010726 166.008343 166.004767 166.002384 166.000000 166.005959 166.015493 166.025028 166.035754 
166.040521 166.038137 166.034562 166.032178 166.028603 166.026219 166.022644 166.020260 166.017877 166.014302 166.011918 166.008343 166.005959 166.004767 166.004767 166.008343 166.016685 166.027411 166.036946 
166.041667 166.039329 166.035754 166.033370 166.029795 166.027411 166.025028 166.021452 166.019069 166.016685 166.014302 166.013110 166.011918 166.011918 166.013110 166.016685 166.022644 166.030987 166.039329 
0.000000 166.040521 166.038137 166.035754 166.032178 166.029795 166.027411 166.025028 166.022644 166.021452 166.020260 166.019069 166.019069 166.020260 166.022644 166.026219 166.030987 166.038137 0.000000 
0.000000 0.000000 166.040521 166.038137 166.035754 166.033370 166.030987 166.029795 166.028603 166.027411 166.026219 166.026219 166.027411 166.028603 166.030987 166.035754 166.040521 0.000000 0.000000 
0.000000 0.000000 0.000000 166.041667 166.039329 166.038137 166.036946 166.035754 166.034562 166.034562 166.034562 166.034562 166.035754 166.036946 166.040521 0.000000 0.000000 0.000000 0.000000 
0.000000 0.000000 0.000000 0.000000 0.000000 0.000000 0.000000 166.041667 166.041667 166.041667 166.041667 0.000000 0.000000 0.000000 0.000000 0.000000 0.000000 0.000000 0.000000 
