test/output/constant/M1M285_S060_A270_WD135.0_WS020.0/M1M285_S060_A270_WD135.0_WS020.0_arrival.asc
ncols         11
nrows         31
xllcorner     425603.990666
yllcorner     12748755.311160
cellsize      100.000000
NODATA_value  0.000000
166.041621 166.041621 0.000000 0.000000 0.000000 0.000000 0.000000 0.000000 0.000000 0.000000 0.000000 
166.040060 166.040060 166.041101 0.000000 0.000000 0.000000 0.000000 0.000000 0.000000 0.000000 0.000000 
166.039020 166.038500 166.039020 166.041621 0.000000 0.000000 0.000000 0.000000 0.000000 0.000000 0.000000 
166.038500 166.037459 166.037459 166.039020 0.000000 0.000000 0.000000 0.000000 0.000000 0.000000 0.000000 
166.038500 166.035898 166.035898 166.036939 166.040581 0.000000 0.000000 0.000000 0.000000 0.000000 0.000000 
166.038500 166.034858 166.034338 166.034858 166.037979 0.000000 0.000000 0.000000 0.000000 0.000000 0.000000 
166.038500 166.034858 166.032777 166.033297 166.034858 166.040060 0.000000 0.000000 0.000000 0.000000 0.000000 
166.039020 166.034338 166.031736 166.031736 166.032777 166.036939 0.000000 0.000000 0.000000 0.000000 0.000000 
166.040060 166.034338 166.031216 166.030175 166.030696 166.033817 166.041101 0.000000 0.000000 0.000000 0.000000 
166.041621 166.034858 166.030696 166.028615 166.029135 166.031216 166.036939 0.000000 0.000000 0.000000 0.000000 
0.000000 166.035378 166.030175 166.027574 166.027574 166.028615 166.033817 0.000000 0.000000 0.000000 0.000000 
0.000000 166.036939 166.030175 166.026534 166.026013 166.026534 166.030696 166.038500 0.000000 0.000000 0.000000 
0.000000 166.039020 166.030696 166.026534 166.024453 166.024973 166.027574 166.034858 0.000000 0.000000 0.000000 
0.000000 166.041101 166.032256 166.026534 166.023412 166.023412 166.024973 166.031216 166.041621 0.000000 0.000000 
0.000000 0.000000 166.033817 166.026534 166.022371 166.021851 166.022892 166.027574 166.037459 0.000000 0.000000 
0.000000 0.000000 166.036419 166.027574 166.022371 166.020290 166.020811 166.024453 166.032777 0.000000 0.000000 
0.000000 0.000000 166.040060 166.029135 166.022371 166.019250 166.019250 166.021331 166.028615 0.000000 0.000000 
0.000000 0.000000 0.000000 166.031216 166.022892 166.018730 166.017689 166.018730 166.024973 166.037979 0.000000 
0.000000 0.000000 0.000000 166.035378 166.023932 166.018209 166.016128 166.016649 166.021331 166.032777 0.000000 
0.000000 0.000000 0.000000 166.041101 166.026534 166.018209 166.015088 166.015088 166.017689 166.028094 0.000000 
0.000000 0.000000 0.000000 0.000000 166.030175 166.019250 166.014567 166.013527 166.015088 166.023412 166.041101 
0.000000 0.000000 0.000000 0.000000 166.036419 166.021331 166.014047 166.011966 166.012486 166.018730 166.035898 
0.000000 0.000000 0.000000 0.000000 0.000000 166.024973 166.014567 166.010926 166.010926 166.015088 166.030175 
0.000000 0.000000 0.000000 0.000000 0.000000 166.032256 166.016649 166.010405 166.009365 166.011446 166.024973 
0.000000 0.000000 0.000000 0.000000 0.000000 0.000000 166.020290 166.010405 166.007804 166.008324 166.019770 
0.000000 0.000000 0.000000 0.000000 0.000000 0.000000 166.028615 166.011446 166.006763 166.006763 166.014567 
0.000000 0.000000 0.000000 0.000000 0.000000 0.000000 166.041621 166.015608 166.006243 166.005203 166.009365 
0.000000 0.000000 0.000000 0.000000 0.000000 0.000000 0.000000 166.026013 166.006763 166.003642 166.005203 
0.000000 0.000000 0.000000 0.000000 0.000000 0.000000 0.000000 0.000000 166.010926 166.002601 166.002601 
0.000000 0.000000 0.000000 0.000000 0.000000 0.000000 0.000000 0.000000 166.029135 166.002081 166.001041 
0.000000 0.000000 0.000000 0.000000 0.000000 0.000000 0.000000 0.000000 0.000000 166.010926 166.000000 
