test/output/constant/M485_S000_A000_WD270.0_WS045.0/M485_S000_A000_WD270.0_WS045.0_arrival.asc
ncols         38
nrows         7
xllcorner     426603.990666
yllcorner     12748455.311160
cellsize      100.000000
NODATA_value  0.000000
0.000000 0.000000 0.000000 0.000000 0.000000 0.000000 0.000000 0.000000 166.041259 166.038539 166.036725 166.035818 166.034911 166.034005 166.033551 166.033098 166.033098 166.033098 166.033098 166.033551 166.034005 166.034911 166.035365 166.036272 166.037178 166.037632 166.038539 166.039445 166.040352 166.040806 166.041667 0.000000 0.000000 0.000000 0.000000 0.000000 0.000000 0.000000 
0.000000 0.000000 0.000000 166.031738 166.027204 166.024030 166.022216 166.020856 166.020403 166.019949 166.019949 166.019949 166.020403 166.021310 166.021763 166.022670 166.023577 166.024483 166.024937 166.025844 166.026750 166.027657 166.028564 166.029471 166.030831 166.031738 166.032644 166.034005 166.034911 166.035818 166.036725 166.038085 166.038992 166.040352 166.041259 0.000000 0.000000 0.000000 
166.025844 166.010428 166.007254 166.006801 166.006801 166.007708 166.008161 166.009068 166.009975 166.011335 166.012242 166.013148 166.014509 166.015415 166.016776 166.017682 166.018589 166.019949 166.020856 166.022216 166.023123 166.024483 166.025390 166.026750 166.027657 166.028564 166.029924 166.030831 166.032191 166.033098 166.034458 166.035365 166.036725 166.037632 166.038992 166.039899 166.040806 0.000000 
166.000000 166.000907 166.001814 166.003174 166.004081 166.005441 166.006348 166.007708 166.008615 166.009975 166.010881 166.012242 166.013148 166.014509 166.015415 166.016776 166.017682 166.019043 166.019949 166.021310 166.022216 166.023577 166.024483 166.025844 166.026750 166.028111 166.029017 166.030377 166.031284 166.032644 166.033551 166.034911 166.035818 166.037178 166.038085 166.039445 166.040352 166.041667 
166.025844 166.010428 166.007254 166.006801 166.006801 166.007708 166.008161 166.009068 166.009975 166.011335 166.012242 166.013148 166.014509 166.015415 166.016776 166.017682 166.018589 166.019949 166.020856 166.022216 166.023123 166.024483 166.025390 166.026750 166.027657 166.028564 166.029924 166.030831 166.032191 166.033098 166.034458 166.035365 166.036725 166.037632 166.038992 166.039899 166.040806 0.000000 
0.000000 0.000000 0.000000 166.031738 166.027204 166.024030 166.022216 166.020856 166.020403 166.019949 166.019949 166.019949 166.020403 166.021310 166.021763 166.022670 166.023577 166.024483 166.024937 166.025844 166.026750 166.027657 166.028564 166.029471 166.030831 166.031738 166.032644 166.034005 166.034911 166.035818 166.036725 166.038085 166.038992 166.040352 166.041259 0.000000 0.000000 0.000000 
0.000000 0.000000 0.000000 0.000000 0.000000 0.000000 0.000000 0.000000 166.041259 166.038539 166.036725 166.035818 166.034911 166.034005 166.033551 166.033098 166.033098 166.033098 166.033098 166.033551 166.034005 166.034911 166.035365 166.036272 166.037178 166.037632 166.038539 166.039445 166.040352 166.040806 166.041667 0.000000 0.000000 0.000000 0.000000 0.000000 0.000000 0.000000 
