test/output/constant/M3M470_S060_A180_WD045.0_WS040.0/M3M470_S060_A180_WD045.0_WS040.0_arrival.asc
ncols         10
nrows         25
xllcorner     426503.990666
yllcorner     12746455.311160
cellsize      100.000000
NODATA_value  0.000000
166.039464 166.030495 166.037072 0.000000 0.000000 0.000000 0.000000 0.000000 0.000000 0.000000 
166.019134 166.000000 166.005979 166.028701 0.000000 0.000000 0.000000 0.000000 0.000000 0.000000 
166.017938 166.001196 166.002990 166.015546 166.037072 0.000000 0.000000 0.000000 0.000000 0.000000 
166.019134 166.002990 166.002990 166.009567 166.025711 0.000000 0.000000 0.000000 0.000000 0.000000 
166.022124 166.005381 166.004783 166.007773 166.018536 166.035278 0.000000 0.000000 0.000000 0.000000 
166.025711 166.008371 166.006577 166.007773 166.014350 166.028103 0.000000 0.000000 0.000000 0.000000 
166.029299 166.011959 166.008371 166.008371 166.013155 166.022721 166.037670 0.000000 0.000000 0.000000 
166.032886 166.015546 166.010165 166.010165 166.013155 166.019732 166.031691 0.000000 0.000000 0.000000 
166.036474 166.019134 166.012557 166.011959 166.013155 166.018536 166.027505 166.040660 0.000000 0.000000 
166.040062 166.022721 166.015546 166.013752 166.014350 166.017938 166.025113 166.035876 0.000000 0.000000 
0.000000 166.026309 166.018536 166.015546 166.015546 166.018536 166.023917 166.032886 0.000000 0.000000 
0.000000 166.029897 166.021526 166.017340 166.017340 166.018536 166.023319 166.030495 166.040660 0.000000 
0.000000 166.033484 166.024515 166.019732 166.019134 166.019732 166.023319 166.028701 166.037670 0.000000 
0.000000 166.037072 166.028103 166.022721 166.020928 166.020928 166.023319 166.028701 166.035278 0.000000 
0.000000 166.041257 166.031093 166.025113 166.022721 166.022721 166.023917 166.028103 166.034082 0.000000 
0.000000 0.000000 166.034680 166.028103 166.025113 166.024515 166.025113 166.028701 166.033484 166.040660 
0.000000 0.000000 166.038268 166.031093 166.027505 166.026309 166.026309 166.028701 166.033484 166.039464 
0.000000 0.000000 166.041667 166.034680 166.029897 166.028103 166.028103 166.029897 166.033484 166.038866 
0.000000 0.000000 0.000000 166.037670 166.032886 166.030495 166.029897 166.030495 166.034082 166.038866 
0.000000 0.000000 0.000000 166.040660 166.035278 166.032886 166.031691 166.032288 166.034082 166.038268 
0.000000 0.000000 0.000000 0.000000 166.038268 166.034680 166.033484 166.033484 166.035278 166.038866 
0.000000 0.000000 0.000000 0.000000 166.041257 166.037072 166.035278 166.035278 166.036474 166.039464 
0.000000 0.000000 0.000000 0.000000 0.000000 166.040062 166.037670 166.037072 166.037670 166.039464 
0.000000 0.000000 0.000000 0.000000 0.000000 0.000000 166.040062 166.038866 166.039464 166.040660 
0.000000 0.000000 0.000000 0.000000 0.000000 0.000000 0.000000 166.040660 166.040660 166.041667 
