test/output/constant/M360_S060_A180_WD045.0_WS030.0/M360_S060_A180_WD045.0_WS030.0_arrival.asc
ncols         14
nrows         18
xllcorner     426503.990666
yllcorner     12747155.311160
cellsize      100.000000
NODATA_value  0.000000
166.034369 166.025403 166.029886 0.000000 0.000000 0.000000 0.000000 0.000000 0.000000 0.000000 0.000000 0.000000 0.000000 0.000000 
166.020920 166.000000 166.002241 166.014943 166.029886 0.000000 0.000000 0.000000 0.000000 0.000000 0.000000 0.000000 0.000000 0.000000 
166.023162 166.001494 166.002241 166.005977 166.015690 166.029139 0.000000 0.000000 0.000000 0.000000 0.000000 0.000000 0.000000 0.000000 
166.032127 166.006724 166.004483 166.005230 166.009713 166.018679 166.030633 0.000000 0.000000 0.000000 0.000000 0.000000 0.000000 0.000000 
166.041667 166.015690 166.006724 166.006724 166.008966 166.013449 166.021667 166.032875 0.000000 0.000000 0.000000 0.000000 0.000000 0.000000 
0.000000 166.024656 166.011954 166.008966 166.009713 166.012702 166.017184 166.024656 166.035116 0.000000 0.000000 0.000000 0.000000 0.000000 
0.000000 166.034369 166.019426 166.012702 166.011954 166.012702 166.015690 166.020920 166.028392 166.038105 0.000000 0.000000 0.000000 0.000000 
0.000000 0.000000 166.027645 166.017932 166.014196 166.014196 166.015690 166.019426 166.024656 166.032127 166.041093 0.000000 0.000000 0.000000 
0.000000 0.000000 166.036610 166.024656 166.018679 166.017184 166.017184 166.019426 166.023162 166.028392 166.035863 0.000000 0.000000 0.000000 
0.000000 0.000000 0.000000 166.032127 166.023909 166.020173 166.019426 166.020173 166.022415 166.026897 166.032127 166.039599 0.000000 0.000000 
0.000000 0.000000 0.000000 166.040346 166.029886 166.024656 166.022415 166.021667 166.023162 166.026150 166.030633 166.035863 0.000000 0.000000 
0.000000 0.000000 0.000000 0.000000 166.037358 166.029886 166.025403 166.024656 166.024656 166.026150 166.029886 166.033622 166.039599 0.000000 
0.000000 0.000000 0.000000 0.000000 0.000000 166.035863 166.029886 166.027645 166.026897 166.027645 166.029886 166.032875 166.037358 0.000000 
0.000000 0.000000 0.000000 0.000000 0.000000 0.000000 166.035863 166.031380 166.029886 166.029886 166.030633 166.032875 166.036610 166.041093 
0.000000 0.000000 0.000000 0.000000 0.000000 0.000000 166.041667 166.035863 166.032875 166.032127 166.032127 166.033622 166.036610 166.040346 
0.000000 0.000000 0.000000 0.000000 0.000000 0.000000 0.000000 166.041667 166.036610 166.035116 166.034369 166.035116 166.036610 166.039599 
0.000000 0.000000 0.000000 0.000000 0.000000 0.000000 0.000000 0.000000 166.041667 166.038852 166.037358 166.037358 166.038105 166.040346 
0.000000 0.000000 0.000000 0.000000 0.000000 0.000000 0.000000 0.000000 0.000000 0.000000 166.040346 166.039599 166.039599 166.041093 
