test/output/constant/M460_S060_A090_WD045.0_WS015.0/M460_S060_A090_WD045.0_WS015.0_arrival.asc
ncols         8
nrows         25
xllcorner     425903.990666
yllcorner     12746355.311160
cellsize      100.000000
NODATA_value  0.000000
0.000000 0.000000 0.000000 0.000000 0.000000 0.000000 166.016215 166.000000 
0.000000 0.000000 0.000000 0.000000 0.000000 166.040537 166.003378 166.001351 
0.000000 0.000000 0.000000 0.000000 0.000000 166.018917 166.003378 166.002702 
0.000000 0.000000 0.000000 0.000000 166.040537 166.010810 166.004729 166.005405 
0.000000 0.000000 0.000000 0.000000 166.027025 166.009459 166.006756 166.008783 
0.000000 0.000000 0.000000 0.000000 166.019593 166.009459 166.008107 166.012837 
0.000000 0.000000 0.000000 166.035808 166.016891 166.010134 166.010134 166.016891 
0.000000 0.000000 0.000000 166.027700 166.015539 166.012161 166.012161 166.020944 
0.000000 0.000000 0.000000 166.024322 166.015539 166.013512 166.014864 166.025674 
0.000000 0.000000 166.036484 166.022296 166.016215 166.015539 166.017566 166.030403 
0.000000 0.000000 166.032430 166.021620 166.016891 166.016891 166.020944 166.035132 
0.000000 0.000000 166.029727 166.021620 166.018917 166.018917 166.024998 166.039862 
0.000000 166.040537 166.028376 166.022296 166.020944 166.021620 166.029052 0.000000 
0.000000 166.037835 166.027700 166.022971 166.022296 166.024322 166.033105 0.000000 
0.000000 166.035808 166.027700 166.024322 166.024322 166.027025 166.036484 0.000000 
0.000000 166.034457 166.028376 166.025674 166.026349 166.030403 166.041213 0.000000 
0.000000 166.033781 166.028376 166.027700 166.028376 166.033781 0.000000 0.000000 
0.000000 166.033781 166.029727 166.029727 166.031079 166.037835 0.000000 0.000000 
166.041213 166.034457 166.031079 166.031079 166.033781 166.041213 0.000000 0.000000 
166.040537 166.034457 166.033105 166.033105 166.036484 0.000000 0.000000 0.000000 
166.039862 166.035808 166.035132 166.035132 166.039862 0.000000 0.000000 0.000000 
166.040537 166.036484 166.036484 166.037835 0.000000 0.000000 0.000000 0.000000 
166.040537 166.038510 166.038510 166.040537 0.000000 0.000000 0.000000 0.000000 
166.041213 166.039862 166.040537 0.000000 0.000000 0.000000 0.000000 0.000000 
0.000000 166.041667 0.000000 0.000000 0.000000 0.000000 0.000000 0.000000 
