test/output/constant/M375_S060_A000_WD090.0_WS005.0/M375_S060_A000_WD090.0_WS005.0_raz.asc
ncols         48
nrows         9
xllcorner     421903.990666
yllcorner     12748355.311160
cellsize      100.000000
NODATA_value  0.000000
0 0 0 0 0 0 0 0 0 0 271 275 278 275 272 275 274 272 274 275 274 275 277 277 277 277 277 277 277 277 277 331 277 278 277 331 0 0 0 0 0 0 0 0 0 0 0 0 
0 0 0 0 0 277 271 271 271 274 274 271 270 275 272 272 271 272 275 272 274 278 277 272 274 273 277 274 274 275 277 277 277 277 277 278 277 314 275 277 277 277 345 0 0 0 0 0 
0 0 270 273 270 271 270 270 270 278 271 270 271 273 270 275 274 272 270 271 271 273 270 270 278 272 273 272 273 274 280 273 278 274 271 278 274 278 277 303 277 314 277 345 278 360 0 0 
270 273 270 273 270 273 270 274 271 272 272 280 274 271 271 272 273 274 270 272 270 278 273 270 270 274 271 270 274 270 275 271 271 274 272 271 273 274 273 271 275 278 272 277 280 277 331 25 
270 270 270 270 270 270 270 270 270 270 270 270 270 270 270 270 270 270 270 270 270 270 270 270 270 270 270 270 270 270 270 270 270 270 270 270 270 270 270 270 270 270 270 270 270 270 270 65535 
270 270 270 270 270 270 270 270 270 270 270 270 270 270 270 270 270 265 270 270 270 270 270 270 270 270 270 270 270 270 270 270 270 270 270 270 270 270 270 270 270 270 267 270 259 262 208 154 
0 0 270 270 270 270 270 270 270 270 270 270 270 266 270 270 270 270 270 270 270 270 270 270 270 270 270 270 270 265 270 270 270 265 270 270 265 261 262 236 262 225 262 194 261 180 0 0 
0 0 0 0 0 270 270 270 270 270 265 270 270 270 270 270 270 270 270 270 265 270 270 270 270 270 270 270 265 264 262 262 262 262 262 261 262 225 264 262 262 262 194 0 0 0 0 0 
0 0 0 0 0 0 0 0 0 0 270 264 270 270 267 270 270 270 270 270 265 264 262 262 262 262 262 262 262 262 262 208 262 261 262 208 0 0 0 0 0 0 0 0 0 0 0 0 
