test/output/constant/M375_S060_A000_WD090.0_WS005.0/M375_S060_A000_WD090.0_WS005.0_arrival.asc
ncols         48
nrows         9
xllcorner     421903.990666
yllcorner     12748355.311160
cellsize      100.000000
NODATA_value  0.000000
0.000000 0.000000 0.000000 0.000000 0.000000 0.000000 0.000000 0.000000 0.000000 0.000000 166.041552 166.040848 166.040496 166.039792 166.039087 166.038735 166.038031 166.037327 166.036974 166.036270 166.035566 166.035214 166.034862 166.034509 166.034509 166.034509 166.034509 166.034862 166.035214 166.035214 166.035566 166.036270 166.036974 166.037679 166.039087 166.040848 0.000000 0.000000 0.000000 0.000000 0.000000 0.000000 0.000000 0.000000 0.000000 0.000000 0.000000 0.000000 
0.000000 0.000000 0.000000 0.000000 0.000000 166.041200 166.040496 166.039439 166.038735 166.038031 166.036974 166.036270 166.035566 166.034862 166.034157 166.033453 166.032749 166.032045 166.031340 166.030636 166.029932 166.029580 166.028875 166.028171 166.027819 166.027115 166.026410 166.026058 166.025354 166.025002 166.024650 166.024650 166.024650 166.025002 166.025354 166.025354 166.026058 166.027115 166.028523 166.030284 166.032749 166.036270 166.040848 0.000000 0.000000 0.000000 0.000000 0.000000 
0.000000 0.000000 166.041200 166.040496 166.039439 166.038735 166.037679 166.036974 166.035918 166.035214 166.034509 166.033453 166.032749 166.031692 166.030988 166.030284 166.029227 166.028523 166.027819 166.026762 166.026058 166.025354 166.024650 166.023593 166.022889 166.022185 166.021128 166.020424 166.019720 166.019015 166.018663 166.017959 166.017255 166.016550 166.016198 166.015494 166.015142 166.014790 166.014790 166.015142 166.015494 166.016198 166.017607 166.020424 166.023945 166.031692 0.000000 0.000000 
166.041552 166.040496 166.039792 166.038735 166.038031 166.036974 166.036270 166.035214 166.034509 166.033453 166.032749 166.031692 166.030988 166.029932 166.029227 166.028171 166.027467 166.026410 166.025706 166.025002 166.023945 166.023241 166.022185 166.021480 166.020424 166.019720 166.019015 166.017959 166.017255 166.016198 166.015494 166.014438 166.013733 166.012677 166.011973 166.011268 166.010212 166.009508 166.008451 166.007747 166.007043 166.006338 166.005634 166.005282 166.004930 166.005282 166.007747 166.016550 
166.041200 166.040144 166.039439 166.038383 166.037679 166.036622 166.035918 166.034862 166.034157 166.033101 166.032397 166.031340 166.030636 166.029580 166.028875 166.027819 166.027115 166.026058 166.025354 166.024298 166.023593 166.022537 166.021833 166.020776 166.020072 166.019015 166.018311 166.017255 166.016550 166.015494 166.014790 166.013733 166.013029 166.011973 166.011268 166.010212 166.009508 166.008451 166.007747 166.006691 166.005986 166.004930 166.004226 166.003169 166.002465 166.001409 166.000704 166.000000 
166.041552 166.040496 166.039792 166.038735 166.038031 166.036974 166.036270 166.035214 166.034509 166.033453 166.032749 166.031692 166.030988 166.029932 166.029227 166.028171 166.027467 166.026410 166.025706 166.025002 166.023945 166.023241 166.022185 166.021480 166.020424 166.019720 166.019015 166.017959 166.017255 166.016198 166.015494 166.014438 166.013733 166.012677 166.011973 166.011268 166.010212 166.009508 166.008451 166.007747 166.007043 166.006338 166.005634 166.005282 166.004930 166.005282 166.007747 166.016550 
0.000000 0.000000 166.041200 166.040496 166.039439 166.038735 166.037679 166.036974 166.035918 166.035214 166.034509 166.033453 166.032749 166.031692 166.030988 166.030284 166.029227 166.028523 166.027819 166.026762 166.026058 166.025354 166.024650 166.023593 166.022889 166.022185 166.021128 166.020424 166.019720 166.019015 166.018663 166.017959 166.017255 166.016550 166.016198 166.015494 166.015142 166.014790 166.014790 166.015142 166.015494 166.016198 166.017607 166.020424 166.023945 166.031692 0.000000 0.000000 
0.000000 0.000000 0.000000 0.000000 0.000000 166.041200 166.040496 166.039439 166.038735 166.038031 166.036974 166.036270 166.035566 166.034862 166.034157 166.033453 166.032749 166.032045 166.031340 166.030636 166.029932 166.029580 166.028875 166.028171 166.027819 166.027115 166.026410 166.026058 166.025354 166.025002 166.024650 166.024650 166.024650 166.025002 166.025354 166.025354 166.026058 166.027115 166.028523 166.030284 166.032749 166.036270 166.040848 0.000000 0.000000 0.000000 0.000000 0.000000 
0.000000 0.000000 0.000000 0.000000 0.000000 0.000000 0.000000 0.000000 0.000000 0.000000 166.041552 166.040848 166.040496 166.039792 166.039087 166.038735 166.038031 166.037327 166.036974 166.036270 166.035566 166.035214 166.034862 166.034509 166.034509 166.034509 166.034509 166.034862 166.035214 166.035214 166.035566 166.036270 166.036974 166.037679 166.039087 166.040848 0.000000 0.000000 0.000000 0.000000 0.000000 0.000000 0.000000 0.000000 0.000000 0.000000 0.000000 0.000000 
