test/output/constant/M3M475_S060_A180_WD135.0_WS015.0/M3M475_S060_A180_WD135.0_WS015.0_arrival.asc
ncols         28
nrows         13
xllcorner     426503.990666
yllcorner     12748655.311160
cellsize      100.000000
NODATA_value  0.000000
0.000000 0.000000 0.000000 0.000000 0.000000 0.000000 0.000000 0.000000 0.000000 0.000000 0.000000 0.000000 0.000000 0.000000 0.000000 0.000000 0.000000 0.000000 0.000000 166.040918 166.039766 166.039189 166.039189 166.039189 166.039189 166.039766 166.040342 166.041495 
0.000000 0.000000 0.000000 0.000000 0.000000 0.000000 0.000000 0.000000 0.000000 0.000000 0.000000 0.000000 0.000000 0.000000 0.000000 166.040918 166.038613 166.037460 166.036308 166.035732 166.035155 166.035155 166.035732 166.036308 166.036884 166.038037 166.039189 166.040918 
0.000000 0.000000 0.000000 0.000000 0.000000 0.000000 0.000000 0.000000 0.000000 0.000000 0.000000 0.000000 166.041495 166.038037 166.035155 166.033426 166.032274 166.031697 166.031697 166.031697 166.031697 166.032850 166.033426 166.034579 166.035732 166.037460 166.039189 166.040918 
0.000000 0.000000 0.000000 0.000000 0.000000 0.000000 0.000000 0.000000 0.000000 0.000000 166.039766 166.035155 166.032274 166.029968 166.028816 166.028239 166.028239 166.028239 166.028239 166.028816 166.029968 166.031121 166.032850 166.034579 166.035732 166.037460 166.039189 166.041495 
0.000000 0.000000 0.000000 0.000000 0.000000 0.000000 0.000000 0.000000 166.038613 166.032850 166.029392 166.026510 166.025358 166.024782 166.024205 166.024205 166.024782 166.025358 166.026510 166.028239 166.029392 166.031121 166.032850 166.034579 166.036884 166.038613 166.040918 0.000000 
0.000000 0.000000 0.000000 0.000000 0.000000 0.000000 166.039189 166.031697 166.026510 166.023629 166.021900 166.020747 166.020747 166.020747 166.021324 166.021900 166.023053 166.024782 166.026510 166.028239 166.029968 166.031697 166.034003 166.036308 166.038613 166.041495 0.000000 0.000000 
0.000000 0.000000 0.000000 0.000000 0.000000 166.032274 166.024782 166.020171 166.018442 166.017289 166.016713 166.017289 166.017289 166.018442 166.020171 166.021900 166.023053 166.024782 166.027087 166.029392 166.031697 166.034003 166.036308 166.039766 0.000000 0.000000 0.000000 0.000000 
0.000000 0.000000 0.000000 166.036884 166.025358 166.018442 166.014984 166.013255 166.013255 166.013255 166.013832 166.015561 166.016713 166.018442 166.020171 166.021900 166.024205 166.026510 166.029392 166.032274 166.035155 166.038037 166.040918 0.000000 0.000000 0.000000 0.000000 0.000000 
0.000000 0.000000 166.030545 166.018442 166.012103 166.009797 166.009797 166.009797 166.010374 166.012103 166.013832 166.015561 166.017289 166.019595 166.021900 166.024782 166.027663 166.030545 166.033426 166.036884 166.040342 0.000000 0.000000 0.000000 0.000000 0.000000 0.000000 0.000000 
0.000000 166.025934 166.011526 166.006339 166.005763 166.005763 166.007492 166.009221 166.010374 166.012679 166.014984 166.017289 166.020171 166.023053 166.026510 166.029968 166.033426 166.036884 166.040342 0.000000 0.000000 0.000000 0.000000 0.000000 0.000000 0.000000 0.000000 0.000000 
166.031121 166.004611 166.002305 166.002882 166.004034 166.005763 166.007492 166.009797 166.012679 166.016137 166.019595 166.023053 166.026510 166.029968 166.034003 166.037460 166.041495 0.000000 0.000000 0.000000 0.000000 0.000000 0.000000 0.000000 0.000000 0.000000 0.000000 0.000000 
166.023053 166.000000 166.001153 166.002882 166.005763 166.009221 166.012679 166.016713 166.020747 166.024205 166.028239 166.032274 166.036308 166.040342 0.000000 0.000000 0.000000 0.000000 0.000000 0.000000 0.000000 0.000000 0.000000 0.000000 0.000000 0.000000 0.000000 0.000000 
166.035155 166.020171 166.019018 166.019595 166.022476 166.026510 166.029968 166.034003 166.038037 166.041667 0.000000 0.000000 0.000000 0.000000 0.000000 0.000000 0.000000 0.000000 0.000000 0.000000 0.000000 0.000000 0.000000 0.000000 0.000000 0.000000 0.000000 0.000000 
