test/output/constant/M355_S000_A180_WD180.0_WS035.0/M355_S000_A180_WD180.0_WS035.0_arrival.asc
ncols         7
nrows         31
xllcorner     426303.990666
yllcorner     12748755.311160
cellsize      100.000000
NODATA_value  0.000000
0.000000 0.000000 0.000000 166.041635 0.000000 0.000000 0.000000 
0.000000 0.000000 166.040510 166.040510 166.040510 0.000000 0.000000 
0.000000 166.041635 166.039384 166.038822 166.039384 166.041635 0.000000 
0.000000 166.040510 166.037697 166.037697 166.037697 166.040510 0.000000 
0.000000 166.039384 166.036571 166.036009 166.036571 166.039384 0.000000 
0.000000 166.037697 166.035446 166.034883 166.035446 166.037697 0.000000 
166.041072 166.036571 166.033758 166.033195 166.033758 166.036571 166.041072 
166.039947 166.035446 166.032633 166.032070 166.032633 166.035446 166.039947 
166.039384 166.033758 166.030945 166.030382 166.030945 166.033758 166.039384 
166.038259 166.032633 166.029820 166.029257 166.029820 166.032633 166.038259 
166.037134 166.031508 166.028132 166.027569 166.028132 166.031508 166.037134 
166.036009 166.029820 166.027006 166.026444 166.027006 166.029820 166.036009 
166.035446 166.028694 166.025319 166.024756 166.025319 166.028694 166.035446 
166.034321 166.027569 166.024193 166.023631 166.024193 166.027569 166.034321 
166.033758 166.026444 166.023068 166.021943 166.023068 166.026444 166.033758 
166.032633 166.025319 166.021380 166.020818 166.021380 166.025319 166.032633 
166.032633 166.024193 166.020255 166.019130 166.020255 166.024193 166.032633 
166.032633 166.023068 166.018567 166.018004 166.018567 166.023068 166.032633 
166.032633 166.022505 166.017442 166.016316 166.017442 166.022505 166.032633 
166.032633 166.021380 166.016316 166.015191 166.016316 166.021380 166.032633 
166.033195 166.020255 166.014629 166.013503 166.014629 166.020255 166.033195 
166.033758 166.019692 166.013503 166.012378 166.013503 166.019692 166.033758 
166.034883 166.019692 166.011815 166.010690 166.011815 166.019692 166.034883 
166.036571 166.019692 166.010690 166.009565 166.010690 166.019692 166.036571 
166.038822 166.020255 166.009565 166.007877 166.009565 166.020255 166.038822 
0.000000 166.020818 166.008440 166.006752 166.008440 166.020818 0.000000 
0.000000 166.022505 166.007314 166.005064 166.007314 166.022505 0.000000 
0.000000 166.025319 166.006752 166.003938 166.006752 166.025319 0.000000 
0.000000 166.032070 166.006752 166.002251 166.006752 166.032070 0.000000 
0.000000 166.041635 166.007877 166.001125 166.007877 166.041635 0.000000 
0.000000 0.000000 166.015191 166.000000 166.015191 0.000000 0.000000 
