test/output/constant/M185_S060_A180_WD315.0_WS020.0/M185_S060_A180_WD315.0_WS020.0_ros.asc
ncols         31
nrows         11
xllcorner     426603.990666
yllcorner     12747755.311160
cellsize      100.000000
NODATA_value  0.000000
-1.000000 52.472164 7.530398 51.295074 27.784611 10.873890 4.759984 4.759984 14.690999 10.873890 7.530398 0.000000 0.000000 0.000000 0.000000 0.000000 0.000000 0.000000 0.000000 0.000000 0.000000 0.000000 0.000000 0.000000 0.000000 0.000000 0.000000 0.000000 0.000000 0.000000 0.000000 
22.346258 52.472164 52.472164 52.472164 52.472164 52.472164 51.295074 51.295074 52.472164 40.551449 47.163143 4.759984 23.276047 7.530398 0.000000 0.000000 0.000000 0.000000 0.000000 0.000000 0.000000 0.000000 0.000000 0.000000 0.000000 0.000000 0.000000 0.000000 0.000000 0.000000 0.000000 
0.000000 26.835661 35.661377 52.472164 52.472164 52.472164 52.472164 52.472164 52.472164 52.472164 10.873890 52.472164 7.530398 52.472164 49.578072 49.578072 52.437546 27.784611 0.000000 0.000000 0.000000 0.000000 0.000000 0.000000 0.000000 0.000000 0.000000 0.000000 0.000000 0.000000 0.000000 
0.000000 0.000000 0.000000 31.319494 35.661377 35.661377 52.472164 52.472164 52.472164 52.472164 52.472164 52.472164 52.472164 52.472164 52.472164 7.530398 52.472164 10.873890 7.530398 49.578072 0.000000 0.000000 0.000000 0.000000 0.000000 0.000000 0.000000 0.000000 0.000000 0.000000 0.000000 
0.000000 0.000000 0.000000 0.000000 1.159899 0.415701 35.661377 52.472164 43.399368 52.118958 52.472164 52.472164 52.472164 52.472164 52.472164 52.472164 52.472164 52.472164 52.472164 52.472164 52.472164 44.123531 7.530398 0.000000 0.000000 0.000000 0.000000 0.000000 0.000000 0.000000 0.000000 
0.000000 0.000000 0.000000 0.000000 0.000000 0.000000 0.000000 39.729244 39.729244 39.729244 43.399368 46.560108 52.472164 52.472164 52.472164 52.472164 52.472164 52.472164 52.472164 44.123531 36.555267 52.472164 49.578072 52.472164 52.472164 0.000000 0.000000 0.000000 0.000000 0.000000 0.000000 
0.000000 0.000000 0.000000 0.000000 0.000000 0.000000 0.000000 0.000000 0.000000 35.661377 39.729244 52.472164 43.399368 52.472164 49.115322 52.472164 52.365772 52.472164 52.472164 52.472164 52.472164 52.472164 52.472164 52.472164 32.256195 10.873890 4.759984 0.000000 0.000000 0.000000 0.000000 
0.000000 0.000000 0.000000 0.000000 0.000000 0.000000 0.000000 0.000000 0.000000 0.000000 0.000000 35.661377 39.729244 39.729244 52.472164 52.365772 52.472164 52.472164 52.472164 52.472164 52.472164 52.472164 52.472164 52.472164 52.472164 52.472164 52.472164 52.472164 52.472164 0.000000 0.000000 
0.000000 0.000000 0.000000 0.000000 0.000000 0.000000 0.000000 0.000000 0.000000 0.000000 0.000000 0.000000 0.000000 0.000000 35.661377 39.729244 39.729244 52.472164 39.729244 50.987267 52.472164 52.472164 52.472164 52.437546 52.472164 52.472164 40.551449 52.472164 52.472164 10.873890 0.000000 
0.000000 0.000000 0.000000 0.000000 0.000000 0.000000 0.000000 0.000000 0.000000 0.000000 0.000000 0.000000 0.000000 0.000000 0.000000 0.000000 0.000000 35.661377 52.472164 52.472164 39.729244 50.987267 52.472164 52.472164 52.472164 52.472164 52.472164 52.472164 52.472164 44.123531 52.472164 
0.000000 0.000000 0.000000 0.000000 0.000000 0.000000 0.000000 0.000000 0.000000 0.000000 0.000000 0.000000 0.000000 0.000000 0.000000 0.000000 0.000000 0.000000 0.000000 0.000000 0.000000 35.661377 52.472164 52.472164 52.472164 52.472164 52.472164 52.472164 49.115322 52.472164 52.472164 
