test/output/constant/C4_S060_A000_WD045.0_WS020.0/C4_S060_A000_WD045.0_WS020.0_ros.asc
ncols         34
nrows         12
xllcorner     423303.990666
yllcorner     12747655.311160
cellsize      100.000000
NODATA_value  0.000000
0.000000 0.000000 0.000000 0.000000 0.000000 0.000000 0.000000 0.000000 0.000000 0.000000 0.000000 0.000000 0.000000 0.000000 0.000000 0.000000 0.000000 0.000000 0.000000 0.000000 0.000000 0.000000 12.168723 16.443205 12.168723 12.168723 16.443205 12.168723 16.443205 12.168723 16.443205 12.168723 58.738441 -1.000000 
0.000000 0.000000 0.000000 0.000000 0.000000 0.000000 0.000000 0.000000 0.000000 0.000000 0.000000 0.000000 0.000000 0.000000 0.000000 0.000000 0.000000 0.000000 0.000000 8.424510 5.322047 16.443205 12.168723 16.443205 16.443205 12.168723 5.322047 49.396870 26.056398 58.738441 58.738441 58.738441 57.085575 1.301936 
0.000000 0.000000 0.000000 0.000000 0.000000 0.000000 0.000000 0.000000 0.000000 0.000000 0.000000 0.000000 0.000000 0.000000 0.000000 5.322047 16.443205 12.168723 12.168723 12.168723 16.443205 21.119480 16.443205 58.504200 16.443205 31.104603 58.738441 58.738441 58.738441 58.738441 39.942654 4.885029 0.459161 0.000000 
0.000000 0.000000 0.000000 0.000000 0.000000 0.000000 0.000000 0.000000 0.000000 0.000000 0.000000 0.000000 16.443205 8.424510 16.443205 16.443205 5.322047 16.443205 16.443205 52.799187 8.424510 12.168723 36.111176 58.738441 58.738441 58.738441 58.738441 48.601921 2.708637 39.942654 35.082245 0.000000 0.000000 0.000000 
0.000000 0.000000 0.000000 0.000000 0.000000 0.000000 0.000000 0.000000 0.000000 0.000000 31.104603 21.119480 12.168723 16.443205 16.443205 12.168723 40.924351 58.738441 31.104603 40.924351 58.738441 58.738441 58.738441 58.738441 44.495373 48.601921 39.942654 39.942654 2.708637 39.942654 0.000000 0.000000 0.000000 0.000000 
0.000000 0.000000 0.000000 0.000000 0.000000 0.000000 0.000000 16.443205 52.799187 16.443205 26.056398 8.424510 45.398155 52.799187 45.398155 52.799187 45.398155 58.738441 58.738441 58.738441 58.738441 44.495373 48.601921 48.601921 44.495373 2.708637 39.942654 1.301936 0.000000 0.000000 0.000000 0.000000 0.000000 0.000000 
0.000000 0.000000 0.000000 0.000000 0.000000 55.501877 52.799187 5.322047 55.501877 16.443205 40.924351 26.056398 58.738441 49.396870 58.738441 58.738441 58.738441 58.738441 54.994251 48.601921 4.885029 39.942654 2.708637 2.708637 39.942654 0.000000 0.000000 0.000000 0.000000 0.000000 0.000000 0.000000 0.000000 0.000000 
0.000000 0.000000 0.000000 49.396870 8.424510 16.443205 36.111176 36.111176 52.799187 58.738441 58.738441 58.738441 58.738441 58.738441 58.738441 58.347706 44.495373 48.601921 4.885029 39.942654 4.885029 1.301936 39.942654 0.000000 0.000000 0.000000 0.000000 0.000000 0.000000 0.000000 0.000000 0.000000 0.000000 0.000000 
0.000000 0.000000 36.111176 31.104603 58.738441 8.424510 12.168723 57.422966 58.738441 58.738441 58.738441 58.738441 57.085575 48.601921 48.601921 4.885029 4.885029 4.885029 4.885029 39.942654 0.000000 0.000000 0.000000 0.000000 0.000000 0.000000 0.000000 0.000000 0.000000 0.000000 0.000000 0.000000 0.000000 0.000000 
0.000000 16.443205 58.738441 31.104603 58.738441 58.738441 58.738441 58.738441 58.738441 58.738441 44.495373 44.495373 1.301936 4.885029 39.942654 39.942654 2.708637 4.885029 0.000000 0.000000 0.000000 0.000000 0.000000 0.000000 0.000000 0.000000 0.000000 0.000000 0.000000 0.000000 0.000000 0.000000 0.000000 0.000000 
49.396870 58.738441 58.738441 58.738441 58.620979 58.738441 57.085575 48.601921 44.495373 48.601921 48.601921 1.301936 39.942654 39.942654 0.000000 0.000000 0.000000 0.000000 0.000000 0.000000 0.000000 0.000000 0.000000 0.000000 0.000000 0.000000 0.000000 0.000000 0.000000 0.000000 0.000000 0.000000 0.000000 0.000000 
58.738441 58.738441 58.738441 58.738441 48.601921 48.601921 1.301936 48.601921 48.601921 4.885029 0.000000 0.000000 0.000000 0.000000 0.000000 0.000000 0.000000 0.000000 0.000000 0.000000 0.000000 0.000000 0.000000 0.000000 0.000000 0.000000 0.000000 0.000000 0.000000 0.000000 0.000000 0.000000 0.000000 0.000000 
