test/output/constant/M370_S060_A090_WD045.0_WS010.0/M370_S060_A090_WD045.0_WS010.0_ros.asc
ncols         11
nrows         46
xllcorner     425703.990666
yllcorner     12744255.311160
cellsize      100.000000
NODATA_value  0.000000
0.000000 0.000000 0.000000 0.000000 0.000000 0.000000 0.000000 0.000000 0.949714 -1.000000 0.634148 
0.000000 0.000000 0.000000 0.000000 0.000000 0.000000 0.000000 0.492980 57.925774 76.080956 21.185320 
0.000000 0.000000 0.000000 0.000000 0.000000 0.000000 0.000000 2.001014 76.080956 76.080956 21.185320 
0.000000 0.000000 0.000000 0.000000 0.000000 0.000000 45.803551 52.067448 76.080956 74.274139 21.185320 
0.000000 0.000000 0.000000 0.000000 0.000000 0.000000 0.949714 52.067448 76.080956 71.738579 40.061131 
0.000000 0.000000 0.000000 0.000000 0.000000 0.000000 2.001014 6.677846 76.080956 46.530499 40.061131 
0.000000 0.000000 0.000000 0.000000 0.000000 45.803551 57.925774 57.925774 76.080956 58.563797 40.061131 
0.000000 0.000000 0.000000 0.000000 0.000000 52.067448 52.067448 76.080956 76.080956 46.530499 40.061131 
0.000000 0.000000 0.000000 0.000000 0.000000 57.925774 2.001014 76.080956 76.080956 46.530499 33.549458 
0.000000 0.000000 0.000000 0.000000 2.001014 52.067448 3.826993 76.080956 76.080956 58.563797 40.061131 
0.000000 0.000000 0.000000 0.000000 52.067448 52.067448 76.080956 76.080956 76.080956 33.549458 40.061131 
0.000000 0.000000 0.000000 0.000000 52.067448 52.067448 76.080956 76.080956 74.274139 40.061131 40.061131 
0.000000 0.000000 0.000000 0.000000 52.067448 52.067448 74.035225 76.080956 40.061131 46.530499 27.193195 
0.000000 0.000000 0.000000 0.949714 52.067448 3.826993 76.080956 76.080956 46.530499 27.193195 46.530499 
0.000000 0.000000 0.000000 52.067448 52.067448 57.925774 76.080956 76.080956 40.061131 40.061131 27.193195 
0.000000 0.000000 0.000000 2.001014 2.001014 76.080956 76.080956 76.080956 46.530499 46.530499 27.193195 
0.000000 0.000000 0.000000 52.067448 3.826993 75.950943 76.080956 58.563797 40.061131 33.549458 46.530499 
0.000000 0.000000 52.067448 52.067448 52.067448 76.080956 76.080956 76.080956 63.762318 46.530499 33.549458 
0.000000 0.000000 2.001014 52.067448 57.925774 75.950943 76.080956 76.080956 46.530499 40.061131 40.061131 
0.000000 0.000000 52.067448 3.826993 57.925774 76.080956 76.080956 58.563797 40.061131 27.193195 46.530499 
0.000000 0.000000 52.067448 3.826993 76.080956 76.080956 76.080956 68.198814 21.185320 40.061131 21.185320 
0.000000 0.000000 3.826993 52.067448 76.080956 76.080956 76.080956 46.530499 58.563797 46.530499 40.061131 
0.000000 3.826993 52.067448 75.950943 76.080956 76.080956 76.080956 46.530499 21.185320 15.708215 0.000000 
0.000000 52.067448 3.826993 57.925774 76.080956 76.080956 76.080956 46.530499 21.185320 21.185320 0.000000 
0.000000 52.067448 57.925774 76.080956 76.080956 76.080956 76.006676 40.061131 46.530499 40.061131 0.000000 
0.000000 6.677846 57.925774 76.080956 76.080956 76.080956 76.080956 40.061131 46.530499 33.549458 0.000000 
0.000000 2.001014 63.200375 76.080956 74.035225 76.080956 46.530499 46.530499 21.185320 40.061131 0.000000 
0.000000 52.067448 57.925774 76.080956 75.950943 76.080956 76.080956 27.193195 40.061131 46.530499 0.000000 
0.000000 52.067448 76.080956 76.080956 76.080956 76.080956 74.274139 46.530499 40.061131 21.185320 0.000000 
0.000000 52.067448 76.080956 76.080956 76.080956 76.080956 71.738579 40.061131 46.530499 0.000000 0.000000 
76.080956 74.035225 76.080956 76.080956 76.080956 76.080956 40.061131 46.530499 27.193195 0.000000 0.000000 
57.925774 76.080956 76.080956 76.080956 76.080956 74.274139 27.193195 33.549458 46.530499 0.000000 0.000000 
52.067448 76.080956 76.080956 76.080956 76.080956 76.080956 52.761120 46.530499 46.530499 0.000000 0.000000 
57.925774 76.080956 75.617363 76.080956 76.080956 40.061131 63.762318 40.061131 40.061131 0.000000 0.000000 
71.379463 76.080956 76.080956 76.080956 76.080956 76.080956 46.530499 40.061131 0.000000 0.000000 0.000000 
76.080956 76.080956 76.080956 76.080956 76.080956 21.185320 46.530499 40.061131 0.000000 0.000000 0.000000 
76.080956 76.080956 76.080956 76.080956 76.080956 74.274139 40.061131 40.061131 0.000000 0.000000 0.000000 
76.080956 76.080956 76.080956 76.080956 40.061131 52.761120 27.193195 0.000000 0.000000 0.000000 0.000000 
76.080956 76.080956 76.080956 76.080956 63.762318 46.530499 52.761120 0.000000 0.000000 0.000000 0.000000 
76.080956 71.379463 76.080956 76.080956 76.080956 40.061131 40.061131 0.000000 0.000000 0.000000 0.000000 
76.080956 76.080956 76.080956 76.080956 40.061131 40.061131 0.000000 0.000000 0.000000 0.000000 0.000000 
76.080956 76.080956 76.080956 71.738579 40.061131 40.061131 0.000000 0.000000 0.000000 0.000000 0.000000 
0.000000 76.080956 76.080956 76.080956 74.274139 40.061131 0.000000 0.000000 0.000000 0.000000 0.000000 
0.000000 76.080956 76.080956 76.080956 27.193195 0.000000 0.000000 0.000000 0.000000 0.000000 0.000000 
0.000000 76.080956 76.080956 58.563797 27.193195 0.000000 0.000000 0.000000 0.000000 0.000000 0.000000 
0.000000 76.080956 76.080956 52.761120 0.000000 0.000000 0.000000 0.000000 0.000000 0.000000 0.000000 
