test/output/constant/S1_S000_A090_WD090.0_WS050.0/S1_S000_A090_WD090.0_WS050.0_arrival.asc
ncols         34
nrows         7
xllcorner     423303.990666
yllcorner     12748455.311160
cellsize      100.000000
NODATA_value  0.000000
0.000000 0.000000 0.000000 0.000000 0.000000 0.000000 0.000000 0.000000 0.000000 0.000000 0.000000 166.041649 166.041141 166.040633 166.040633 166.040126 166.040633 166.040633 166.041141 166.041649 0.000000 0.000000 0.000000 0.000000 0.000000 0.000000 0.000000 0.000000 0.000000 0.000000 0.000000 0.000000 0.000000 0.000000 
0.000000 0.000000 0.000000 0.000000 166.040633 166.039618 166.038602 166.037586 166.036062 166.035046 166.034031 166.033015 166.031999 166.030983 166.029967 166.028951 166.028443 166.027428 166.026412 166.025904 166.024888 166.024380 166.024380 166.024380 166.024888 166.025396 166.026412 166.028443 166.031491 166.036062 0.000000 0.000000 0.000000 0.000000 
0.000000 166.041141 166.040126 166.038602 166.037586 166.036062 166.035046 166.033523 166.032507 166.030983 166.029967 166.028443 166.027428 166.025904 166.024888 166.023364 166.022348 166.020825 166.019809 166.018793 166.017269 166.016253 166.015238 166.013714 166.012698 166.011682 166.010666 166.009650 166.008635 166.008127 166.008635 166.009650 166.013714 166.031999 
166.041649 166.040126 166.039110 166.037586 166.036570 166.035046 166.034031 166.032507 166.031491 166.029967 166.028951 166.027428 166.026412 166.024888 166.023872 166.022348 166.021333 166.019809 166.018793 166.017269 166.016253 166.014730 166.013714 166.012190 166.011174 166.009650 166.008635 166.007111 166.006095 166.004571 166.003555 166.002032 166.001016 166.000000 
0.000000 166.041141 166.040126 166.038602 166.037586 166.036062 166.035046 166.033523 166.032507 166.030983 166.029967 166.028443 166.027428 166.025904 166.024888 166.023364 166.022348 166.020825 166.019809 166.018793 166.017269 166.016253 166.015238 166.013714 166.012698 166.011682 166.010666 166.009650 166.008635 166.008127 166.008635 166.009650 166.013714 166.031999 
0.000000 0.000000 0.000000 0.000000 166.040633 166.039618 166.038602 166.037586 166.036062 166.035046 166.034031 166.033015 166.031999 166.030983 166.029967 166.028951 166.028443 166.027428 166.026412 166.025904 166.024888 166.024380 166.024380 166.024380 166.024888 166.025396 166.026412 166.028443 166.031491 166.036062 0.000000 0.000000 0.000000 0.000000 
0.000000 0.000000 0.000000 0.000000 0.000000 0.000000 0.000000 0.000000 0.000000 0.000000 0.000000 166.041649 166.041141 166.040633 166.040633 166.040126 166.040633 166.040633 166.041141 166.041649 0.000000 0.000000 0.000000 0.000000 0.000000 0.000000 0.000000 0.000000 0.000000 0.000000 0.000000 0.000000 0.000000 0.000000 
