test/output/constant/M3M455_S060_A270_WD225.0_WS015.0/M3M455_S060_A270_WD225.0_WS015.0_arrival.asc
ncols         11
nrows         35
xllcorner     426503.990666
yllcorner     12748755.311160
cellsize      100.000000
NODATA_value  0.000000
0.000000 0.000000 0.000000 0.000000 0.000000 0.000000 0.000000 0.000000 166.041130 166.041130 166.041598 
0.000000 0.000000 0.000000 0.000000 0.000000 0.000000 0.000000 166.040663 166.039728 166.039728 166.041130 
0.000000 0.000000 0.000000 0.000000 0.000000 0.000000 0.000000 166.039261 166.038326 166.038793 166.040663 
0.000000 0.000000 0.000000 0.000000 0.000000 0.000000 166.040195 166.037391 166.037391 166.037391 166.040663 
0.000000 0.000000 0.000000 0.000000 0.000000 0.000000 166.038326 166.035989 166.035989 166.036924 166.040195 
0.000000 0.000000 0.000000 0.000000 0.000000 166.040195 166.036456 166.035054 166.035054 166.036456 166.040195 
0.000000 0.000000 0.000000 0.000000 0.000000 166.038326 166.034587 166.033652 166.033652 166.035989 166.040195 
0.000000 0.000000 0.000000 0.000000 166.041667 166.035989 166.032717 166.032250 166.032717 166.035522 166.040663 
0.000000 0.000000 0.000000 0.000000 166.039261 166.034119 166.031315 166.031315 166.031782 166.035522 166.041130 
0.000000 0.000000 0.000000 0.000000 166.036924 166.032250 166.029913 166.029913 166.031315 166.035522 0.000000 
0.000000 0.000000 0.000000 0.000000 166.034587 166.029913 166.028978 166.028978 166.030848 166.035522 0.000000 
0.000000 0.000000 0.000000 166.039261 166.032250 166.028511 166.027576 166.027576 166.030848 166.035989 0.000000 
0.000000 0.000000 0.000000 166.036924 166.029913 166.026641 166.026174 166.027109 166.030848 166.036924 0.000000 
0.000000 0.000000 0.000000 166.034119 166.028043 166.025239 166.025239 166.026641 166.030848 166.037859 0.000000 
0.000000 0.000000 166.041130 166.031315 166.025706 166.023837 166.023837 166.026174 166.031315 166.039261 0.000000 
0.000000 0.000000 166.037859 166.028978 166.023837 166.022902 166.022902 166.026174 166.032250 166.041130 0.000000 
0.000000 0.000000 166.035054 166.026174 166.021967 166.021500 166.022435 166.026174 166.033185 0.000000 0.000000 
0.000000 0.000000 166.031782 166.023837 166.020565 166.020098 166.021500 166.026641 166.034587 0.000000 0.000000 
0.000000 166.041598 166.029446 166.021967 166.019163 166.019163 166.021500 166.027109 166.036924 0.000000 0.000000 
0.000000 166.038793 166.026641 166.019630 166.017761 166.017761 166.021500 166.028511 166.039728 0.000000 0.000000 
0.000000 166.035522 166.023837 166.017761 166.016826 166.017293 166.021500 166.029913 0.000000 0.000000 0.000000 
0.000000 166.032250 166.021033 166.015891 166.015424 166.016826 166.022435 166.032717 0.000000 0.000000 0.000000 
0.000000 166.028978 166.018696 166.014489 166.014022 166.016826 166.023369 166.036456 0.000000 0.000000 0.000000 
0.000000 166.026174 166.015891 166.013087 166.013087 166.016826 166.025239 166.041598 0.000000 0.000000 0.000000 
0.000000 166.022902 166.013554 166.011685 166.012152 166.017293 166.028511 0.000000 0.000000 0.000000 0.000000 
0.000000 166.019630 166.011685 166.010750 166.012152 166.018696 166.033652 0.000000 0.000000 0.000000 0.000000 
0.000000 166.016826 166.009815 166.009348 166.012152 166.021033 166.040663 0.000000 0.000000 0.000000 0.000000 
0.000000 166.014022 166.007946 166.007946 166.012620 166.025706 0.000000 0.000000 0.000000 0.000000 0.000000 
166.040195 166.010750 166.007011 166.007478 166.014022 166.033185 0.000000 0.000000 0.000000 0.000000 0.000000 
166.036924 166.007946 166.005609 166.007478 166.017761 0.000000 0.000000 0.000000 0.000000 0.000000 0.000000 
166.033652 166.005609 166.004674 166.007478 166.025239 0.000000 0.000000 0.000000 0.000000 0.000000 0.000000 
166.031315 166.003272 166.003272 166.009815 166.037859 0.000000 0.000000 0.000000 0.000000 0.000000 0.000000 
166.030380 166.001870 166.002804 166.017761 0.000000 0.000000 0.000000 0.000000 0.000000 0.000000 0.000000 
166.035054 166.000935 166.002804 166.037859 0.000000 0.000000 0.000000 0.000000 0.000000 0.000000 0.000000 
0.000000 166.000000 166.014489 0.000000 0.000000 0.000000 0.000000 0.000000 0.000000 0.000000 0.000000 
