test/output/constant/C4_S060_A270_WD180.0_WS035.0/C4_S060_A270_WD180.0_WS035.0_arrival.asc
ncols         7
nrows         43
xllcorner     426303.990666
yllcorner     12748755.311160
cellsize      100.000000
NODATA_value  0.000000
0.000000 0.000000 0.000000 166.041185 0.000000 0.000000 0.000000 
0.000000 0.000000 166.041185 166.040393 166.041185 0.000000 0.000000 
0.000000 0.000000 166.040393 166.039204 166.040393 0.000000 0.000000 
0.000000 0.000000 166.039204 166.038412 166.039204 0.000000 0.000000 
0.000000 166.041185 166.038412 166.037224 166.038412 166.041185 0.000000 
0.000000 166.040393 166.037224 166.036432 166.037224 166.040393 0.000000 
0.000000 166.039204 166.036432 166.035244 166.036432 166.039204 0.000000 
0.000000 166.038412 166.035244 166.034452 166.035244 166.038412 0.000000 
0.000000 166.037620 166.034452 166.033264 166.034452 166.037620 0.000000 
0.000000 166.036828 166.033264 166.032472 166.033264 166.036828 0.000000 
0.000000 166.035640 166.032472 166.031284 166.032472 166.035640 0.000000 
0.000000 166.034848 166.031284 166.030492 166.031284 166.034848 0.000000 
166.041581 166.034056 166.030492 166.029304 166.030492 166.034056 166.041581 
166.040789 166.032868 166.029304 166.028512 166.029304 166.032868 166.040789 
166.039997 166.032076 166.028512 166.027324 166.028512 166.032076 166.039997 
166.039601 166.031284 166.027324 166.026532 166.027324 166.031284 166.039601 
166.038808 166.030492 166.026532 166.025344 166.026532 166.030492 166.038808 
166.038412 166.029700 166.025344 166.024552 166.025344 166.029700 166.038412 
166.037620 166.028908 166.024552 166.023364 166.024552 166.028908 166.037620 
166.037620 166.028116 166.023364 166.022572 166.023364 166.028116 166.037620 
166.037620 166.027720 166.022572 166.021384 166.022572 166.027720 166.037620 
166.037620 166.026928 166.021780 166.020592 166.021780 166.026928 166.037620 
166.038016 166.026136 166.020592 166.019404 166.020592 166.026136 166.038016 
166.038412 166.025344 166.019800 166.018612 166.019800 166.025344 166.038412 
166.038808 166.024948 166.019008 166.017424 166.019008 166.024948 166.038808 
166.039204 166.024156 166.017820 166.016632 166.017820 166.024156 166.039204 
166.039997 166.023364 166.017028 166.015444 166.017028 166.023364 166.039997 
166.040789 166.022968 166.015840 166.014652 166.015840 166.022968 166.040789 
0.000000 166.022572 166.015048 166.013464 166.015048 166.022572 0.000000 
0.000000 166.022572 166.013860 166.012672 166.013860 166.022572 0.000000 
0.000000 166.022968 166.013068 166.011484 166.013068 166.022968 0.000000 
0.000000 166.023364 166.012276 166.010692 166.012276 166.023364 0.000000 
0.000000 166.023760 166.011088 166.009504 166.011088 166.023760 0.000000 
0.000000 166.024552 166.010296 166.008712 166.010296 166.024552 0.000000 
0.000000 166.026136 166.009504 166.007524 166.009504 166.026136 0.000000 
0.000000 166.028116 166.009108 166.006732 166.009108 166.028116 0.000000 
0.000000 166.030888 166.008316 166.005544 166.008316 166.030888 0.000000 
0.000000 166.035244 166.007524 166.004752 166.007524 166.035244 0.000000 
0.000000 0.000000 166.007920 166.003564 166.007920 0.000000 0.000000 
0.000000 0.000000 166.008316 166.002772 166.008316 0.000000 0.000000 
0.000000 0.000000 166.010296 166.001584 166.010296 0.000000 0.000000 
0.000000 0.000000 166.017424 166.000792 166.017424 0.000000 0.000000 
0.000000 0.000000 0.000000 166.000000 0.000000 0.000000 0.000000 
