test/output/constant/M355_S060_A270_WD270.0_WS005.0/M355_S060_A270_WD270.0_WS005.0_arrival.asc
ncols         9
nrows         31
xllcorner     426403.990666
yllcorner     12748755.311160
cellsize      100.000000
NODATA_value  0.000000
0.000000 0.000000 0.000000 0.000000 0.000000 166.041501 166.040955 166.041501 0.000000 
0.000000 0.000000 0.000000 0.000000 166.041667 166.039863 166.039863 166.040409 0.000000 
0.000000 0.000000 0.000000 0.000000 166.039863 166.038770 166.038224 166.039316 166.041667 
0.000000 0.000000 0.000000 0.000000 166.038224 166.037132 166.037132 166.038224 166.040955 
0.000000 0.000000 0.000000 166.040409 166.036586 166.035494 166.035494 166.037132 166.040409 
0.000000 0.000000 0.000000 166.038224 166.035494 166.034402 166.034402 166.036040 166.039863 
0.000000 0.000000 166.041501 166.036586 166.033310 166.032764 166.032764 166.034948 166.039316 
0.000000 0.000000 166.039863 166.034948 166.031672 166.031672 166.031672 166.034402 166.039316 
0.000000 0.000000 166.037678 166.032764 166.030579 166.030033 166.030579 166.033310 166.039316 
0.000000 0.000000 166.036040 166.031126 166.028941 166.028941 166.029487 166.032764 166.039316 
0.000000 0.000000 166.034402 166.029487 166.027303 166.027303 166.028395 166.032218 166.039316 
0.000000 166.039863 166.032218 166.027849 166.025665 166.026211 166.027303 166.032218 166.039316 
0.000000 166.038224 166.030579 166.025665 166.024573 166.024573 166.026757 166.032218 166.039316 
0.000000 166.036040 166.028395 166.024027 166.022935 166.023481 166.026211 166.032218 166.039863 
0.000000 166.034402 166.026757 166.022389 166.021842 166.021842 166.025665 166.032218 166.040955 
0.000000 166.032764 166.024573 166.020750 166.020204 166.021296 166.025119 166.032218 0.000000 
0.000000 166.031126 166.022935 166.019658 166.019112 166.020204 166.025119 166.032764 0.000000 
0.000000 166.028941 166.020750 166.017474 166.017474 166.019112 166.025119 166.033856 0.000000 
0.000000 166.027303 166.019112 166.016382 166.016382 166.018566 166.025119 166.035494 0.000000 
0.000000 166.025665 166.017474 166.014744 166.014744 166.018020 166.025119 166.037678 0.000000 
166.040955 166.024027 166.015290 166.013652 166.013652 166.018020 166.026211 166.040955 0.000000 
166.040409 166.022389 166.013652 166.012013 166.012559 166.018020 166.028395 0.000000 0.000000 
166.039863 166.020204 166.011467 166.010921 166.011467 166.018020 166.031126 0.000000 0.000000 
166.039316 166.019112 166.009829 166.009283 166.010921 166.019112 166.034402 0.000000 0.000000 
166.038770 166.017474 166.008191 166.007645 166.010921 166.020750 166.040955 0.000000 0.000000 
166.039863 166.015836 166.006553 166.006553 166.010921 166.024573 0.000000 0.000000 0.000000 
166.041501 166.014744 166.004915 166.004915 166.011467 166.030033 0.000000 0.000000 0.000000 
0.000000 166.014198 166.003822 166.003822 166.014198 166.040409 0.000000 0.000000 0.000000 
0.000000 166.013652 166.002184 166.003822 166.020750 0.000000 0.000000 0.000000 0.000000 
0.000000 166.015290 166.001092 166.004368 166.034402 0.000000 0.000000 0.000000 0.000000 
0.000000 166.022935 166.000000 166.012559 0.000000 0.000000 0.000000 0.000000 0.000000 
