test/output/constant/M335_S060_A090_WD045.0_WS020.0/M335_S060_A090_WD045.0_WS020.0_arrival.asc
ncols         9
nrows         27
xllcorner     425803.990666
yllcorner     12746155.311160
cellsize      100.000000
NODATA_value  0.000000
0.000000 0.000000 0.000000 0.000000 0.000000 0.000000 0.000000 166.016664 166.000000 
0.000000 0.000000 0.000000 0.000000 0.000000 0.000000 166.041066 166.002976 166.001190 
0.000000 0.000000 0.000000 0.000000 0.000000 0.000000 166.016664 166.002976 166.002381 
0.000000 0.000000 0.000000 0.000000 0.000000 166.037495 166.008927 166.004166 166.005356 
0.000000 0.000000 0.000000 0.000000 0.000000 166.022616 166.007737 166.005952 166.010118 
0.000000 0.000000 0.000000 0.000000 166.041661 166.015474 166.007737 166.007142 166.015474 
0.000000 0.000000 0.000000 0.000000 166.029758 166.013093 166.008927 166.008927 166.020830 
0.000000 0.000000 0.000000 0.000000 166.022616 166.012498 166.010713 166.011903 166.026782 
0.000000 0.000000 0.000000 166.036899 166.019640 166.012498 166.011903 166.015474 166.032733 
0.000000 0.000000 0.000000 166.029758 166.017855 166.013689 166.013689 166.019640 166.038685 
0.000000 0.000000 0.000000 166.025592 166.017855 166.015474 166.016069 166.024401 0.000000 
0.000000 0.000000 166.036899 166.023806 166.017855 166.016664 166.019045 166.029163 0.000000 
0.000000 0.000000 166.032733 166.022616 166.018450 166.018450 166.022021 166.034519 0.000000 
0.000000 0.000000 166.029758 166.022616 166.020235 166.020235 166.026187 166.039875 0.000000 
0.000000 166.039280 166.027972 166.022616 166.021426 166.022616 166.030353 0.000000 0.000000 
0.000000 166.036304 166.027377 166.023211 166.023211 166.025592 166.034519 0.000000 0.000000 
0.000000 166.034519 166.027377 166.024996 166.024996 166.028567 166.038685 0.000000 0.000000 
0.000000 166.032733 166.027972 166.026187 166.026782 166.032138 0.000000 0.000000 0.000000 
166.040470 166.032733 166.027972 166.027972 166.029163 166.036304 0.000000 0.000000 0.000000 
166.038685 166.032733 166.029758 166.029758 166.032138 166.040470 0.000000 0.000000 0.000000 
166.037495 166.032733 166.030948 166.031543 166.035709 0.000000 0.000000 0.000000 0.000000 
166.037495 166.033329 166.032733 166.033924 166.038685 0.000000 0.000000 0.000000 0.000000 
166.037495 166.034519 166.034519 166.036304 0.000000 0.000000 0.000000 0.000000 0.000000 
166.038090 166.035709 166.036304 166.039280 0.000000 0.000000 0.000000 0.000000 0.000000 
166.038090 166.037495 166.038090 0.000000 0.000000 0.000000 0.000000 0.000000 0.000000 
166.039280 166.039280 166.040470 0.000000 0.000000 0.000000 0.000000 0.000000 0.000000 
166.040470 166.040470 0.000000 0.000000 0.000000 0.000000 0.000000 0.000000 0.000000 
