test/output/constant/M470_S060_A180_WD225.0_WS010.0/M470_S060_A180_WD225.0_WS010.0_arrival.asc
ncols         25
nrows         8
xllcorner     426603.990666
yllcorner     12748655.311160
cellsize      100.000000
NODATA_value  0.000000
0.000000 0.000000 0.000000 0.000000 0.000000 0.000000 0.000000 0.000000 0.000000 0.000000 0.000000 0.000000 0.000000 0.000000 0.000000 0.000000 0.000000 166.041667 166.041123 166.041123 166.040460 166.041123 166.041123 0.000000 0.000000 
0.000000 0.000000 0.000000 0.000000 0.000000 0.000000 0.000000 0.000000 0.000000 0.000000 0.000000 166.038470 166.035817 166.035154 166.034490 166.033827 166.033164 166.033164 166.033827 166.034490 166.035154 166.036480 166.037807 166.039133 166.040460 
0.000000 0.000000 0.000000 0.000000 0.000000 0.000000 0.000000 166.036480 166.031837 166.028521 166.027194 166.026531 166.025868 166.025868 166.026531 166.027194 166.027858 166.029184 166.030511 166.031837 166.033827 166.035154 166.037143 166.038470 166.040460 
0.000000 0.000000 0.000000 0.000000 166.033827 166.025204 166.021225 166.019235 166.019235 166.018572 166.018572 166.019235 166.020562 166.021888 166.023215 166.025204 166.026531 166.028521 166.029847 166.031837 166.033827 166.035154 166.037143 166.039133 166.041123 
0.000000 0.000000 166.023215 166.014592 166.011939 166.011276 166.011276 166.011939 166.013265 166.014592 166.016582 166.017908 166.019898 166.021888 166.023215 166.025204 166.027194 166.029184 166.031174 166.033164 166.035817 166.038470 166.041123 0.000000 0.000000 
166.015919 166.003980 166.003980 166.004643 166.005969 166.007959 166.009949 166.011276 166.013265 166.014592 166.016582 166.018572 166.021225 166.023878 166.025868 166.028521 166.031174 166.033827 166.036480 166.039133 0.000000 0.000000 0.000000 0.000000 0.000000 
166.000000 166.001327 166.002653 166.004643 166.006633 166.008623 166.011276 166.013929 166.017245 166.019898 166.022551 166.025868 166.028521 166.031174 166.034490 166.037143 166.040460 0.000000 0.000000 0.000000 0.000000 0.000000 0.000000 0.000000 0.000000 
0.000000 166.026531 166.024541 166.025204 166.025868 166.028521 166.029847 166.033164 166.035817 166.038470 166.041123 0.000000 0.000000 0.000000 0.000000 0.000000 0.000000 0.000000 0.000000 0.000000 0.000000 0.000000 0.000000 0.000000 0.000000 
