test/output/constant/M3M495_S000_A000_WD270.0_WS030.0/M3M495_S000_A000_WD270.0_WS030.0_arrival.asc
ncols         40
nrows         11
xllcorner     426503.990666
yllcorner     12748255.311160
cellsize      100.000000
NODATA_value  0.000000
0.000000 0.000000 0.000000 0.000000 0.000000 0.000000 0.000000 0.000000 0.000000 0.000000 0.000000 0.000000 0.000000 166.041245 166.039929 166.039490 166.039052 166.038613 166.038613 166.038613 166.038613 166.038613 166.038613 166.038613 166.039052 166.039929 166.040368 166.040807 166.041667 0.000000 0.000000 0.000000 0.000000 0.000000 0.000000 0.000000 0.000000 0.000000 0.000000 0.000000 
0.000000 0.000000 0.000000 0.000000 0.000000 0.000000 166.041667 166.038174 166.035541 166.033347 166.032470 166.031153 166.030715 166.030276 166.029837 166.029837 166.029837 166.029837 166.030276 166.030715 166.031153 166.031592 166.032470 166.033347 166.033786 166.034664 166.035541 166.036419 166.037296 166.037735 166.038613 166.039490 166.040368 166.041245 0.000000 0.000000 0.000000 0.000000 0.000000 0.000000 
0.000000 0.000000 0.000000 166.037735 166.031592 166.028082 166.025011 166.023255 166.022378 166.021939 166.021500 166.021500 166.021500 166.021500 166.021939 166.022378 166.023255 166.023694 166.024572 166.025449 166.026327 166.027204 166.027643 166.028960 166.029398 166.030276 166.031153 166.032470 166.033347 166.034225 166.035102 166.036419 166.037296 166.038174 166.039490 166.040368 166.041245 0.000000 0.000000 0.000000 
0.000000 166.031592 166.022817 166.017990 166.014919 166.013602 166.013163 166.013163 166.013163 166.013163 166.014041 166.014480 166.015357 166.016235 166.017112 166.017990 166.018868 166.019745 166.020623 166.021500 166.022817 166.023694 166.024572 166.025888 166.026766 166.027643 166.028960 166.029837 166.031153 166.032031 166.032909 166.034225 166.035102 166.036419 166.037296 166.038174 166.039490 166.040368 166.041667 0.000000 
166.027204 166.007898 166.004827 166.004388 166.004388 166.005265 166.006143 166.007020 166.007898 166.009214 166.010092 166.011408 166.012286 166.013602 166.014480 166.015357 166.016674 166.017551 166.018868 166.019745 166.021061 166.021939 166.022817 166.024133 166.025011 166.026327 166.027204 166.028521 166.029398 166.030715 166.031592 166.032909 166.033786 166.035102 166.035980 166.037296 166.038174 166.039490 166.040368 166.041667 
166.019745 166.000000 166.000878 166.001755 166.003071 166.003949 166.005265 166.006143 166.007459 166.008337 166.009653 166.010531 166.011847 166.012725 166.014041 166.014919 166.016235 166.017112 166.018429 166.019306 166.020623 166.021500 166.022817 166.023694 166.025011 166.025888 166.027204 166.028082 166.029398 166.030276 166.031592 166.032470 166.033786 166.034664 166.035980 166.036858 166.038174 166.039052 166.040368 166.041245 
166.027204 166.007898 166.004827 166.004388 166.004388 166.005265 166.006143 166.007020 166.007898 166.009214 166.010092 166.011408 166.012286 166.013602 166.014480 166.015357 166.016674 166.017551 166.018868 166.019745 166.021061 166.021939 166.022817 166.024133 166.025011 166.026327 166.027204 166.028521 166.029398 166.030715 166.031592 166.032909 166.033786 166.035102 166.035980 166.037296 166.038174 166.039490 166.040368 166.041667 
0.000000 166.031592 166.022817 166.017990 166.014919 166.013602 166.013163 166.013163 166.013163 166.013163 166.014041 166.014480 166.015357 166.016235 166.017112 166.017990 166.018868 166.019745 166.020623 166.021500 166.022817 166.023694 166.024572 166.025888 166.026766 166.027643 166.028960 166.029837 166.031153 166.032031 166.032909 166.034225 166.035102 166.036419 166.037296 166.038174 166.039490 166.040368 166.041667 0.000000 
0.000000 0.000000 0.000000 166.037735 166.031592 166.028082 166.025011 166.023255 166.022378 166.021939 166.021500 166.021500 166.021500 166.021500 166.021939 166.022378 166.023255 166.023694 166.024572 166.025449 166.026327 166.027204 166.027643 166.028960 166.029398 166.030276 166.031153 166.032470 166.033347 166.034225 166.035102 166.036419 166.037296 166.038174 166.039490 166.040368 166.041245 0.000000 0.000000 0.000000 
0.000000 0.000000 0.000000 0.000000 0.000000 0.000000 166.041667 166.038174 166.035541 166.033347 166.032470 166.031153 166.030715 166.030276 166.029837 166.029837 166.029837 166.029837 166.030276 166.030715 166.031153 166.031592 166.032470 166.033347 166.033786 166.034664 166.035541 166.036419 166.037296 166.037735 166.038613 166.039490 166.040368 166.041245 0.000000 0.000000 0.000000 0.000000 0.000000 0.000000 
0.000000 0.000000 0.000000 0.000000 0.000000 0.000000 0.000000 0.000000 0.000000 0.000000 0.000000 0.000000 0.000000 166.041245 166.039929 166.039490 166.039052 166.038613 166.038613 166.038613 166.038613 166.038613 166.038613 166.038613 166.039052 166.039929 166.040368 166.040807 166.041667 0.000000 0.000000 0.000000 0.000000 0.000000 0.000000 0.000000 0.000000 0.000000 0.000000 0.000000 
