test/output/constant/M3M470_S060_A270_WD180.0_WS010.0/M3M470_S060_A270_WD180.0_WS010.0_arrival.asc
ncols         9
nrows         45
xllcorner     426203.990666
yllcorner     12748755.311160
cellsize      100.000000
NODATA_value  0.000000
0.000000 0.000000 0.000000 0.000000 166.041355 0.000000 0.000000 0.000000 0.000000 
0.000000 0.000000 0.000000 166.040976 166.040596 166.040976 0.000000 0.000000 0.000000 
0.000000 0.000000 0.000000 166.040217 166.039458 166.040217 0.000000 0.000000 0.000000 
0.000000 0.000000 166.040976 166.039079 166.038699 166.039079 166.040976 0.000000 0.000000 
0.000000 0.000000 166.039838 166.038320 166.037561 166.038320 166.039838 0.000000 0.000000 
0.000000 0.000000 166.039079 166.037182 166.036802 166.037182 166.039079 0.000000 0.000000 
0.000000 166.041667 166.038320 166.036423 166.035664 166.036423 166.038320 166.041667 0.000000 
0.000000 166.040596 166.037182 166.035285 166.034905 166.035285 166.037182 166.040596 0.000000 
0.000000 166.039838 166.036423 166.034526 166.033767 166.034526 166.036423 166.039838 0.000000 
0.000000 166.039079 166.035285 166.033388 166.033008 166.033388 166.035285 166.039079 0.000000 
0.000000 166.038320 166.034526 166.032629 166.031870 166.032629 166.034526 166.038320 0.000000 
0.000000 166.037561 166.033767 166.031491 166.031111 166.031491 166.033767 166.037561 0.000000 
0.000000 166.036802 166.032629 166.030732 166.029973 166.030732 166.032629 166.036802 0.000000 
0.000000 166.036423 166.031870 166.029973 166.029214 166.029973 166.031870 166.036423 0.000000 
0.000000 166.035664 166.031111 166.028835 166.028076 166.028835 166.031111 166.035664 0.000000 
166.041355 166.034905 166.030352 166.028076 166.027317 166.028076 166.030352 166.034905 166.041355 
166.040976 166.034147 166.029594 166.026938 166.026179 166.026938 166.029594 166.034147 166.040976 
166.040217 166.033388 166.028455 166.026179 166.025420 166.026179 166.028455 166.033388 166.040217 
166.040217 166.033008 166.027697 166.025041 166.024282 166.025041 166.027697 166.033008 166.040217 
166.040217 166.032250 166.026558 166.024282 166.023523 166.024282 166.026558 166.032250 166.040217 
166.040217 166.031491 166.025800 166.023144 166.022385 166.023144 166.025800 166.031491 166.040217 
166.040217 166.031111 166.025041 166.022385 166.021626 166.022385 166.025041 166.031111 166.040217 
166.040217 166.030352 166.024282 166.021247 166.020488 166.021247 166.024282 166.030352 166.040217 
166.040596 166.029594 166.023523 166.020488 166.019729 166.020488 166.023523 166.029594 166.040596 
166.040596 166.029214 166.022764 166.019350 166.018591 166.019350 166.022764 166.029214 166.040596 
166.041355 166.028835 166.022006 166.018591 166.017832 166.018591 166.022006 166.028835 166.041355 
166.041667 166.028835 166.021247 166.017453 166.016694 166.017453 166.021247 166.028835 166.041667 
0.000000 166.028835 166.020488 166.016694 166.015935 166.016694 166.020488 166.028835 0.000000 
0.000000 166.028835 166.020109 166.015556 166.014797 166.015556 166.020109 166.028835 0.000000 
0.000000 166.028835 166.019350 166.014797 166.014038 166.014797 166.019350 166.028835 0.000000 
0.000000 166.029214 166.018591 166.013659 166.012900 166.013659 166.018591 166.029214 0.000000 
0.000000 166.029594 166.018211 166.012900 166.012141 166.012900 166.018211 166.029594 0.000000 
0.000000 166.030732 166.017453 166.012141 166.011003 166.012141 166.017453 166.030732 0.000000 
0.000000 166.031491 166.017453 166.011003 166.010244 166.011003 166.017453 166.031491 0.000000 
0.000000 166.032629 166.017453 166.010244 166.009106 166.010244 166.017453 166.032629 0.000000 
0.000000 166.034905 166.017453 166.009485 166.008347 166.009485 166.017453 166.034905 0.000000 
0.000000 166.037182 166.017832 166.008347 166.007209 166.008347 166.017832 166.037182 0.000000 
0.000000 166.040217 166.018591 166.007588 166.006450 166.007588 166.018591 166.040217 0.000000 
0.000000 0.000000 166.019729 166.007209 166.005312 166.007209 166.019729 0.000000 0.000000 
0.000000 0.000000 166.021626 166.006450 166.004553 166.006450 166.021626 0.000000 0.000000 
0.000000 0.000000 166.024661 166.006070 166.003415 166.006070 166.024661 0.000000 0.000000 
0.000000 0.000000 166.030352 166.006070 166.002656 166.006070 166.030352 0.000000 0.000000 
0.000000 0.000000 166.040976 166.006450 166.001518 166.006450 166.040976 0.000000 0.000000 
0.000000 0.000000 0.000000 166.009485 166.000759 166.009485 0.000000 0.000000 0.000000 
0.000000 0.000000 0.000000 166.022764 166.000000 166.022764 0.000000 0.000000 0.000000 
