test/output/constant/M385_S060_A000_WD000.0_WS005.0/M385_S060_A000_WD000.0_WS005.0_intensity.asc
ncols         50
nrows         12
xllcorner     421803.990666
yllcorner     12747855.311160
cellsize      100.000000
NODATA_value  0.000000
0 0 0 0 0 0 0 0 0 0 0 0 0 0 0 0 0 0 0 0 0 0 26086 26086 26086 20385 38331 38331 26086 26086 44502 32129 20385 26086 44502 26086 32129 20385 26086 26086 38331 26086 20385 32129 954 26086 954 0 0 0 
0 0 0 0 0 0 0 0 0 0 0 0 0 0 0 38331 56012 26086 50456 32129 50456 20385 50456 50456 56012 50456 56012 50456 56012 56012 44502 50456 32129 44502 38331 38331 20385 26086 32129 32129 32129 20385 26086 20385 20385 26086 38331 26086 1307 0 
0 0 0 0 0 0 0 0 0 0 0 50456 56012 50456 56012 56012 44502 56012 44502 56012 38331 50456 32129 50456 32129 50456 20385 56012 50456 56012 50456 56012 56012 32129 50456 50456 50456 56012 56012 50456 50456 56012 50456 44502 72990 72990 72990 72990 0 780 
0 0 0 0 0 0 0 44502 50456 56012 56012 50456 32129 56012 50456 56012 56012 50456 32129 56012 50456 32129 56012 50456 32129 56012 50456 50456 71163 32129 61001 44502 68693 50456 26086 72990 72990 72990 72990 72990 72990 72990 72990 72990 70949 72990 55453 1307 1307 0 
0 0 0 0 0 56012 50456 26086 56012 56012 50456 44502 56012 50456 56012 44502 32129 68693 68693 50456 65271 50456 72990 72990 50456 56012 50456 72990 72990 72990 72990 72990 72990 72990 72990 72990 72990 72990 72855 72990 70949 55453 49850 49850 1685 49850 979 1685 0 0 
0 0 44502 50456 72606 56012 50456 65271 50456 61001 50456 56012 71163 50456 72990 38331 65271 61001 72990 72990 56012 72990 72990 72990 72990 72990 72990 72990 72990 72990 72990 72990 72990 72990 72990 72990 70949 55453 49850 55453 49850 1685 4025 49850 1307 1685 0 0 0 0 
0 72907 61001 56012 65271 50456 72990 72990 44502 56012 72990 72990 72990 72990 72990 72990 72990 72990 72990 72990 72990 72990 72990 72990 72990 72990 72990 72990 72990 72990 70949 72990 68374 49850 49850 49850 4025 49850 6715 55453 55453 49850 4025 49850 0 0 0 0 0 0 
61001 72990 72990 72990 72990 72990 72990 72990 50456 72990 72990 72990 72990 72990 72990 72990 72990 72990 72990 72990 72990 72990 72990 72990 70949 72990 72990 72990 60507 55453 49850 2278 55453 49850 4025 6715 49850 49850 2278 2278 979 0 0 0 0 0 0 0 0 0 
72990 72990 72990 72990 72990 72990 72990 72990 72990 72990 72990 72990 72990 72990 72990 72990 72990 60507 72990 72990 70949 72990 72855 49850 72990 60507 64858 4025 55453 55453 2278 4025 4025 2278 49850 55453 49850 0 0 0 0 0 0 0 0 0 0 0 0 0 
72990 72990 72990 72990 72990 72990 72990 72990 72503 72990 72990 64858 72990 72990 70949 72990 72990 60507 55453 49850 49850 49850 4025 49850 55453 4025 55453 49850 49850 49850 2278 55453 49850 0 0 0 0 0 0 0 0 0 0 0 0 0 0 0 0 0 
0 72990 72990 72990 72990 70949 72990 72990 72990 72990 70949 64858 72990 64858 49850 49850 49850 49850 49850 49850 49850 4025 4025 55453 49850 6715 4025 0 0 0 0 0 0 0 0 0 0 0 0 0 0 0 0 0 0 0 0 0 0 0 
0 0 0 0 0 0 60507 68374 60507 64858 49850 55453 55453 55453 55453 49850 4025 49850 49850 0 0 0 0 0 0 0 0 0 0 0 0 0 0 0 0 0 0 0 0 0 0 0 0 0 0 0 0 0 0 0 
