test/output/constant/M380_S060_A090_WD225.0_WS040.0/M380_S060_A090_WD225.0_WS040.0_ros.asc
ncols         30
nrows         13
xllcorner     426503.990666
yllcorner     12747655.311160
cellsize      100.000000
NODATA_value  0.000000
2.018270 9.674043 7.104434 9.674043 23.956673 28.006943 9.674043 12.735689 16.205578 23.956673 0.000000 0.000000 0.000000 0.000000 0.000000 0.000000 0.000000 0.000000 0.000000 0.000000 0.000000 0.000000 0.000000 0.000000 0.000000 0.000000 0.000000 0.000000 0.000000 0.000000 
2.605592 0.000000 49.802967 49.802967 39.408066 39.408066 28.006943 23.956673 39.408066 16.205578 16.205578 23.956673 23.956673 12.735689 0.000000 0.000000 0.000000 0.000000 0.000000 0.000000 0.000000 0.000000 0.000000 0.000000 0.000000 0.000000 0.000000 0.000000 0.000000 0.000000 
2.816512 33.125732 49.802967 49.802967 49.802967 49.802967 49.802967 12.735689 39.408066 42.575092 16.205578 16.205578 12.735689 12.735689 5.086212 16.205578 19.983221 0.000000 0.000000 0.000000 0.000000 0.000000 0.000000 0.000000 0.000000 0.000000 0.000000 0.000000 0.000000 0.000000 
0.000000 3.963500 1.889795 40.348831 49.802967 49.802967 49.802967 49.802967 49.802967 49.802967 49.802967 49.802967 42.575092 47.370468 42.575092 39.408066 7.104434 12.735689 12.735689 42.575092 0.000000 0.000000 0.000000 0.000000 0.000000 0.000000 0.000000 0.000000 0.000000 0.000000 
0.000000 0.000000 2.816512 36.893688 40.348831 36.893688 49.802967 49.761967 49.802967 49.802967 49.802967 16.205578 49.802967 49.802967 49.802967 42.575092 49.802967 9.674043 49.660458 39.408066 35.851166 16.205578 0.000000 0.000000 0.000000 0.000000 0.000000 0.000000 0.000000 0.000000 
0.000000 0.000000 0.000000 36.893688 36.893688 40.348831 40.348831 49.802967 49.802967 49.802967 49.802967 49.802967 49.802967 49.802967 49.802967 49.802967 49.802967 12.735689 45.256310 45.256310 16.205578 7.104434 16.205578 5.086212 0.000000 0.000000 0.000000 0.000000 0.000000 0.000000 
0.000000 0.000000 0.000000 0.000000 29.159130 33.125732 40.348831 40.348831 40.348831 47.855389 49.802967 49.151123 49.802967 49.802967 49.802967 49.802967 49.802967 49.802967 49.802967 49.802967 12.735689 47.370468 49.802967 47.370468 42.575092 48.853493 0.000000 0.000000 0.000000 0.000000 
0.000000 0.000000 0.000000 0.000000 0.000000 0.000000 40.348831 40.348831 36.893688 40.348831 43.386383 2.816512 47.855389 49.802967 49.802967 49.802967 49.802967 49.802967 49.802967 49.802967 49.802967 49.802967 49.802967 16.205578 42.575092 32.012085 49.802967 0.000000 0.000000 0.000000 
0.000000 0.000000 0.000000 0.000000 0.000000 0.000000 0.000000 0.000000 40.348831 40.348831 40.348831 43.386383 40.348831 49.761967 49.151123 49.761967 49.802967 49.802967 49.802967 49.802967 49.802967 49.802967 49.802967 49.802967 49.802967 49.802967 49.660458 16.205578 0.000000 0.000000 
0.000000 0.000000 0.000000 0.000000 0.000000 0.000000 0.000000 0.000000 0.000000 0.000000 36.893688 40.348831 40.348831 49.151123 40.348831 49.802967 49.802967 49.802967 49.802967 49.802967 49.802967 49.802967 49.802967 49.802967 49.802967 49.802967 16.205578 35.851166 49.802967 0.000000 
0.000000 0.000000 0.000000 0.000000 0.000000 0.000000 0.000000 0.000000 0.000000 0.000000 0.000000 0.000000 0.000000 40.348831 40.348831 49.802967 49.802967 47.855389 49.802967 49.151123 49.151123 49.802967 49.802967 49.802967 49.802967 49.802967 49.802967 49.802967 16.205578 49.802967 
0.000000 0.000000 0.000000 0.000000 0.000000 0.000000 0.000000 0.000000 0.000000 0.000000 0.000000 0.000000 0.000000 0.000000 0.000000 36.893688 47.855389 49.802967 43.386383 49.802967 47.855389 49.802967 49.802967 49.151123 49.802967 49.802967 49.802967 49.802967 49.802967 49.802967 
0.000000 0.000000 0.000000 0.000000 0.000000 0.000000 0.000000 0.000000 0.000000 0.000000 0.000000 0.000000 0.000000 0.000000 0.000000 0.000000 0.000000 0.000000 0.000000 49.761967 49.802967 40.348831 49.802967 49.761967 49.151123 49.802967 49.802967 49.802967 49.802967 49.802967 
