test/output/constant/M4100_S000_A090_WD180.0_WS035.0/M4100_S000_A090_WD180.0_WS035.0_arrival.asc
ncols         7
nrows         32
xllcorner     426303.990666
yllcorner     12748755.311160
cellsize      100.000000
NODATA_value  0.000000
0.000000 0.000000 166.041189 166.041189 166.041189 0.000000 0.000000 
0.000000 0.000000 166.040119 166.039585 166.040119 0.000000 0.000000 
0.000000 166.041189 166.038515 166.038515 166.038515 166.041189 0.000000 
0.000000 166.039585 166.037445 166.036910 166.037445 166.039585 0.000000 
0.000000 166.038515 166.035840 166.035840 166.035840 166.038515 0.000000 
166.041189 166.037445 166.034770 166.034235 166.034770 166.037445 166.041189 
166.040119 166.035840 166.033165 166.033165 166.033165 166.035840 166.040119 
166.039050 166.034770 166.032096 166.031561 166.032096 166.034770 166.039050 
166.038515 166.033700 166.031026 166.030491 166.031026 166.033700 166.038515 
166.037445 166.032096 166.029421 166.028886 166.029421 166.032096 166.037445 
166.036375 166.031026 166.028351 166.027816 166.028351 166.031026 166.036375 
166.035305 166.029956 166.026746 166.026211 166.026746 166.029956 166.035305 
166.034770 166.028351 166.025676 166.025142 166.025676 166.028351 166.034770 
166.033700 166.027281 166.024072 166.023537 166.024072 166.027281 166.033700 
166.032630 166.026211 166.023002 166.022467 166.023002 166.026211 166.032630 
166.032096 166.025142 166.021932 166.020862 166.021932 166.025142 166.032096 
166.031026 166.024072 166.020327 166.019792 166.020327 166.024072 166.031026 
166.031026 166.023002 166.019257 166.018187 166.019257 166.023002 166.031026 
166.031026 166.021932 166.017653 166.017118 166.017653 166.021932 166.031026 
166.031026 166.021397 166.016583 166.015513 166.016583 166.021397 166.031026 
166.031026 166.020327 166.014978 166.014443 166.014978 166.020327 166.031026 
166.031561 166.019257 166.013908 166.012838 166.013908 166.019257 166.031561 
166.032096 166.018722 166.012838 166.011768 166.012838 166.018722 166.032096 
166.033165 166.018722 166.011233 166.010164 166.011233 166.018722 166.033165 
166.035305 166.018722 166.010164 166.009094 166.010164 166.018722 166.035305 
166.037980 166.019257 166.009094 166.007489 166.009094 166.019257 166.037980 
166.041189 166.019792 166.008024 166.006419 166.008024 166.019792 166.041189 
0.000000 166.021397 166.006954 166.004814 166.006954 166.021397 0.000000 
0.000000 166.024607 166.006419 166.003744 166.006419 166.024607 0.000000 
0.000000 166.032096 166.006419 166.002140 166.006419 166.032096 0.000000 
0.000000 0.000000 166.008024 166.001070 166.008024 0.000000 0.000000 
0.000000 0.000000 166.016583 166.000000 166.016583 0.000000 0.000000 
