test/output/constant/M390_S060_A000_WD225.0_WS015.0/M390_S060_A000_WD225.0_WS015.0_raz.asc
ncols         38
nrows         16
xllcorner     423003.990666
yllcorner     12748655.311160
cellsize      100.000000
NODATA_value  0.000000
289 289 289 289 291 297 294 294 294 294 352 299 0 0 0 0 0 0 0 0 0 0 0 0 0 0 0 0 0 0 0 0 0 0 0 0 0 0 
289 289 289 289 291 289 289 289 294 293 295 294 338 299 299 352 0 0 0 0 0 0 0 0 0 0 0 0 0 0 0 0 0 0 0 0 0 0 
289 289 289 289 289 289 291 289 289 289 294 294 299 352 352 299 39 352 10 0 0 0 0 0 0 0 0 0 0 0 0 0 0 0 0 0 0 0 
268 271 271 289 289 289 289 289 289 290 289 289 294 293 294 294 338 299 328 328 299 328 0 0 0 0 0 0 0 0 0 0 0 0 0 0 0 0 
0 271 274 271 280 286 289 289 289 289 289 289 289 291 295 294 299 352 328 299 299 300 338 299 0 0 0 0 0 0 0 0 0 0 0 0 0 0 
0 0 280 271 282 289 282 279 289 289 289 289 289 291 289 289 289 294 295 294 352 299 299 300 300 338 299 0 0 0 0 0 0 0 0 0 0 0 
0 0 0 271 271 268 271 268 279 284 271 289 289 289 289 294 289 289 289 297 299 352 338 299 352 299 338 328 10 0 0 0 0 0 0 0 0 0 
0 0 0 0 0 279 271 285 268 280 282 271 289 268 289 289 289 289 289 289 289 289 293 352 299 338 352 299 10 300 352 0 0 0 0 0 0 0 
0 0 0 0 0 0 271 279 271 271 271 268 271 284 276 279 271 289 289 289 289 289 289 289 293 295 299 338 338 299 299 10 0 0 0 0 0 0 
0 0 0 0 0 0 0 0 268 268 271 268 271 285 276 271 268 282 271 284 289 289 289 289 289 289 291 352 299 300 300 338 300 10 0 0 0 0 
0 0 0 0 0 0 0 0 0 0 268 268 271 268 268 271 268 268 271 268 271 268 280 289 289 289 289 289 297 338 299 300 352 15 39 0 0 0 
0 0 0 0 0 0 0 0 0 0 0 0 271 274 271 271 271 271 279 271 268 268 282 284 268 280 289 289 289 291 294 294 299 352 10 352 0 0 
0 0 0 0 0 0 0 0 0 0 0 0 0 0 268 271 271 268 276 271 268 271 268 268 271 282 271 268 282 289 289 289 289 297 299 10 10 0 
0 0 0 0 0 0 0 0 0 0 0 0 0 0 0 0 0 271 268 271 268 268 268 268 268 271 268 268 271 274 271 279 289 289 289 289 352 39 
0 0 0 0 0 0 0 0 0 0 0 0 0 0 0 0 0 0 0 0 271 271 271 268 271 271 271 268 268 268 271 274 271 271 274 289 254 15 
0 0 0 0 0 0 0 0 0 0 0 0 0 0 0 0 0 0 0 0 0 0 0 0 0 268 268 268 268 268 268 268 268 271 251 258 134 85 
