test/output/constant/M390_S060_A000_WD225.0_WS015.0/M390_S060_A000_WD225.0_WS015.0_intensity.asc
ncols         38
nrows         16
xllcorner     423003.990666
yllcorner     12748655.311160
cellsize      100.000000
NODATA_value  0.000000
58377 58377 58377 58377 57216 45868 52883 52883 52883 52883 3394 41609 0 0 0 0 0 0 0 0 0 0 0 0 0 0 0 0 0 0 0 0 0 0 0 0 0 0 
58377 58377 58377 58377 57216 58377 58377 58377 52883 55426 49664 52883 5052 41609 41609 3394 0 0 0 0 0 0 0 0 0 0 0 0 0 0 0 0 0 0 0 0 0 0 
58377 58377 58377 58377 58377 58377 57216 58377 58377 58377 52883 52883 41609 3394 3394 41609 1757 3394 2385 0 0 0 0 0 0 0 0 0 0 0 0 0 0 0 0 0 0 0 
19557 24171 24171 58377 58377 58377 58377 58377 58342 58198 58377 58377 52883 55426 52883 52883 5052 41609 7406 7406 41609 7406 0 0 0 0 0 0 0 0 0 0 0 0 0 0 0 0 
0 24171 28974 24171 43074 56117 58377 58377 58377 58377 58377 58377 58377 57216 49664 52883 41609 3394 7406 41609 41609 37018 5052 41609 0 0 0 0 0 0 0 0 0 0 0 0 0 0 
0 0 43074 24171 47198 58377 47198 38571 58342 58377 58377 58377 58377 57216 58377 58377 58377 52883 49664 52883 3394 41609 41609 37018 37018 5052 41609 0 0 0 0 0 0 0 0 0 0 0 
0 0 0 24171 24171 19557 24171 19557 38571 50816 24171 58377 58377 58377 58377 52883 58377 58377 58377 45868 41609 3394 5052 41609 3394 41609 5052 7406 2385 0 0 0 0 0 0 0 0 0 
0 0 0 0 0 38571 24171 53819 19557 43074 47198 24171 58377 19557 58377 58377 58377 58377 58342 58377 58377 58377 55426 3394 41609 5052 3394 41609 2385 37018 3394 0 0 0 0 0 0 0 
0 0 0 0 0 0 24171 38571 24171 24171 24171 19557 24171 50816 33823 38571 24171 58377 58377 58377 58377 58377 58377 58377 55426 49664 41609 5052 5052 41609 41609 2385 0 0 0 0 0 0 
0 0 0 0 0 0 0 0 19557 19557 24171 19557 24171 53819 33823 24171 19557 47198 24171 50816 58377 58377 58377 58377 58377 58377 57216 3394 41609 37018 37018 5052 37018 2385 0 0 0 0 
0 0 0 0 0 0 0 0 0 0 19557 19557 24171 19557 19557 24171 19557 19557 24171 19557 24171 19557 43074 58377 58377 58377 58377 58377 45868 5052 41609 37018 3394 2221 1757 0 0 0 
0 0 0 0 0 0 0 0 0 0 0 0 24171 28974 24171 24171 24171 24171 38571 24171 19557 19557 47198 50816 19557 43074 58377 58377 58377 57216 52883 52883 41609 3394 2385 3394 0 0 
0 0 0 0 0 0 0 0 0 0 0 0 0 0 19557 24171 24171 19557 33823 24171 19557 24171 19557 19557 24171 47198 24171 19557 47198 58377 58377 58377 58377 45868 41609 2385 2385 0 
0 0 0 0 0 0 0 0 0 0 0 0 0 0 0 0 0 24171 19557 24171 19557 19557 19557 19557 19557 24171 19557 19557 24171 28974 24171 38571 58377 58377 58377 58377 3394 1757 
0 0 0 0 0 0 0 0 0 0 0 0 0 0 0 0 0 0 0 0 24171 24171 24171 19557 24171 24171 24171 19557 19557 19557 24171 28974 24171 24171 28974 58377 0 2221 
0 0 0 0 0 0 0 0 0 0 0 0 0 0 0 0 0 0 0 0 0 0 0 0 0 19557 19557 19557 19557 19557 19557 19557 19557 24171 8173 11439 1421 1540 
