test/output/constant/M3M490_S060_A270_WD315.0_WS045.0/M3M490_S060_A270_WD315.0_WS045.0_ros.asc
ncols         35
nrows         12
xllcorner     426503.990666
yllcorner     12748555.311160
cellsize      100.000000
NODATA_value  0.000000
0.000000 0.000000 0.000000 0.000000 0.000000 0.000000 0.000000 0.000000 0.000000 0.000000 0.000000 0.000000 0.000000 0.000000 0.000000 0.000000 0.000000 0.000000 0.000000 4.840524 57.177063 56.852333 55.719925 47.927555 57.177063 57.177063 57.177063 57.177063 57.177063 57.177063 57.177063 57.177063 51.188713 57.177063 53.812737 
0.000000 0.000000 0.000000 0.000000 0.000000 0.000000 0.000000 0.000000 0.000000 0.000000 0.000000 0.000000 0.000000 0.000000 0.000000 47.927555 47.927555 55.719925 47.927555 55.719925 55.719925 51.188713 51.188713 57.177063 57.177063 57.113136 51.188713 57.177063 57.177063 57.177063 57.177063 55.719925 57.177063 57.177063 57.177063 
0.000000 0.000000 0.000000 0.000000 0.000000 0.000000 0.000000 0.000000 0.000000 0.000000 0.000000 0.000000 44.128284 44.128284 44.128284 47.927555 44.128284 47.927555 57.113136 57.177063 57.177063 55.719925 57.177063 57.177063 57.177063 55.719925 57.177063 55.719925 57.177063 55.719925 57.177063 57.177063 57.177063 57.177063 57.113136 
0.000000 0.000000 0.000000 0.000000 0.000000 0.000000 0.000000 0.000000 0.000000 47.927555 47.927555 51.188713 51.188713 47.927555 47.927555 57.177063 51.188713 53.812737 57.177063 57.177063 57.177063 57.177063 57.177063 53.812737 57.177063 57.177063 57.177063 57.177063 57.177063 57.177063 57.177063 57.177063 57.177063 57.177063 57.177063 
0.000000 0.000000 0.000000 0.000000 0.000000 0.000000 39.906219 47.927555 44.128284 47.927555 47.927555 44.128284 53.812737 57.177063 57.177063 57.177063 57.177063 57.177063 57.177063 55.719925 57.177063 57.177063 57.177063 57.177063 51.188713 57.177063 57.177063 57.177063 57.177063 57.177063 57.177063 57.177063 57.177063 57.177063 0.000000 
0.000000 0.000000 0.000000 0.000000 35.389462 39.906219 44.128284 47.927555 47.927555 47.927555 53.812737 55.719925 57.177063 57.177063 57.177063 51.188713 57.177063 57.177063 57.177063 57.177063 57.177063 57.177063 57.177063 57.177063 57.177063 57.177063 57.177063 57.177063 57.177063 55.444344 55.444344 57.177063 0.000000 0.000000 0.000000 
0.000000 0.000000 3.302477 3.302477 2.738726 44.128284 47.927555 53.812737 57.177063 57.177063 57.177063 57.177063 57.177063 57.177063 57.177063 57.177063 57.177063 57.177063 57.177063 53.408257 57.177063 57.177063 57.177063 55.444344 47.304810 57.177063 57.177063 57.177063 34.582199 55.444344 0.000000 0.000000 0.000000 0.000000 0.000000 
0.000000 2.738726 2.738726 44.128284 57.113136 57.113136 55.719925 57.177063 57.177063 57.177063 57.177063 57.177063 57.177063 50.667362 57.177063 57.177063 57.177063 55.444344 50.667362 57.177063 39.138439 50.667362 50.667362 57.177063 57.177063 39.138439 39.138439 57.177063 0.000000 0.000000 0.000000 0.000000 0.000000 0.000000 0.000000 
1.755522 2.738726 57.177063 57.177063 57.177063 57.177063 57.177063 57.177063 57.177063 57.177063 57.177063 57.177063 50.667362 34.582199 55.444344 57.177063 57.177063 57.177063 57.177063 50.667362 57.177063 57.177063 57.177063 47.304810 39.138439 0.000000 0.000000 0.000000 0.000000 0.000000 0.000000 0.000000 0.000000 0.000000 0.000000 
1.755522 -1.000000 57.177063 57.177063 57.177063 57.177063 57.177063 57.177063 57.177063 43.422592 29.891850 57.177063 57.043644 34.582199 57.043644 53.408257 29.891850 57.043644 50.667362 57.177063 55.444344 29.891850 0.000000 0.000000 0.000000 0.000000 0.000000 0.000000 0.000000 0.000000 0.000000 0.000000 0.000000 0.000000 0.000000 
1.298852 1.298852 16.426781 43.422592 43.422592 12.589003 29.891850 39.138439 29.891850 50.667362 39.138439 53.408257 47.304810 34.582199 50.667362 39.138439 53.408257 0.000000 0.000000 0.000000 0.000000 0.000000 0.000000 0.000000 0.000000 0.000000 0.000000 0.000000 0.000000 0.000000 0.000000 0.000000 0.000000 0.000000 0.000000 
0.000000 0.000000 0.000000 20.675529 12.589003 12.589003 39.138439 9.272980 0.000000 0.000000 0.000000 0.000000 0.000000 0.000000 0.000000 0.000000 0.000000 0.000000 0.000000 0.000000 0.000000 0.000000 0.000000 0.000000 0.000000 0.000000 0.000000 0.000000 0.000000 0.000000 0.000000 0.000000 0.000000 0.000000 0.000000 
