test/output/constant/M4100_S060_A000_WD045.0_WS015.0/M4100_S060_A000_WD045.0_WS015.0_raz.asc
ncols         41
nrows         13
xllcorner     422603.990666
yllcorner     12747655.311160
cellsize      100.000000
NODATA_value  0.000000
0 0 0 0 0 0 0 0 0 0 0 0 0 0 0 0 0 0 0 0 0 0 0 0 0 0 0 0 0 0 0 270 273 276 270 270 276 270 281 289 11 
0 0 0 0 0 0 0 0 0 0 0 0 0 0 0 0 0 0 0 0 0 0 270 273 281 276 276 270 270 270 273 281 270 276 268 270 263 260 256 256 65535 
0 0 0 0 0 0 0 0 0 0 0 0 0 0 0 0 0 0 270 270 276 268 270 268 270 276 270 270 263 281 260 273 258 270 256 256 256 256 256 251 140 
0 0 0 0 0 0 0 0 0 0 0 0 0 0 0 273 276 276 270 270 264 268 270 273 276 268 263 270 264 268 256 256 256 256 256 260 250 248 211 181 0 
0 0 0 0 0 0 0 0 0 0 0 260 273 268 261 268 270 268 270 268 260 260 270 270 261 256 256 256 256 256 256 256 251 248 222 211 248 181 0 0 0 
0 0 0 0 0 0 0 0 0 273 270 268 259 273 270 258 281 273 270 256 256 263 256 256 256 256 256 256 251 250 250 248 248 248 166 248 0 0 0 0 0 
0 0 0 0 0 0 273 268 270 273 270 264 281 270 273 257 263 258 256 256 256 256 256 256 256 256 250 248 248 248 248 248 248 250 0 0 0 0 0 0 0 
0 0 0 0 270 273 268 259 256 261 270 270 256 266 256 256 256 256 256 256 256 256 253 250 222 250 248 194 250 248 250 247 0 0 0 0 0 0 0 0 0 
0 0 268 270 270 259 258 260 256 260 256 256 256 256 256 256 256 256 256 248 250 248 248 222 248 248 250 211 211 0 0 0 0 0 0 0 0 0 0 0 0 
0 260 261 256 256 256 256 256 256 256 256 256 255 256 253 251 250 251 222 248 248 211 250 248 248 248 0 0 0 0 0 0 0 0 0 0 0 0 0 0 0 
256 260 256 256 256 256 256 256 256 256 254 256 253 250 251 248 222 222 248 248 248 211 0 0 0 0 0 0 0 0 0 0 0 0 0 0 0 0 0 0 0 
256 256 254 256 256 256 256 256 255 250 251 251 248 248 248 248 248 181 0 0 0 0 0 0 0 0 0 0 0 0 0 0 0 0 0 0 0 0 0 0 0 
256 256 254 255 250 254 251 251 251 250 222 211 0 0 0 0 0 0 0 0 0 0 0 0 0 0 0 0 0 0 0 0 0 0 0 0 0 0 0 0 0 
