test/output/constant/M4100_S060_A000_WD045.0_WS015.0/M4100_S060_A000_WD045.0_WS015.0_intensity.asc
ncols         41
nrows         13
xllcorner     422603.990666
yllcorner     12747655.311160
cellsize      100.000000
NODATA_value  0.000000
0 0 0 0 0 0 0 0 0 0 0 0 0 0 0 0 0 0 0 0 0 0 0 0 0 0 0 0 0 0 0 23102 17990 13324 23102 23102 13324 23102 9244 5875 383 
0 0 0 0 0 0 0 0 0 0 0 0 0 0 0 0 0 0 0 0 0 0 23102 17990 9244 13324 13324 23102 23102 23102 17990 9244 23102 13324 28506 23102 44814 54134 64505 64505 0 
0 0 0 0 0 0 0 0 0 0 0 0 0 0 0 0 0 0 23102 23102 13324 28506 23102 28506 23102 13324 23102 23102 44814 9244 54134 17990 60875 23102 64505 64505 64505 64505 64505 53403 404 
0 0 0 0 0 0 0 0 0 0 0 0 0 0 0 17990 13324 13324 23102 23102 39529 28506 23102 17990 13324 28506 44814 23102 39529 28506 64505 64505 64505 64505 64505 54134 48903 43914 3084 993 0 
0 0 0 0 0 0 0 0 0 0 0 54134 17990 28506 49732 28506 23102 28506 23102 28506 54134 54134 23102 23102 49732 64505 64505 64505 64505 64505 64505 64505 53403 43914 5481 3084 43914 993 0 0 0 
0 0 0 0 0 0 0 0 0 17990 23102 28506 57886 17990 23102 60875 9244 17990 23102 64505 64505 44814 64505 64505 64505 64505 64505 64505 53403 48903 48903 43914 43914 43914 659 43914 0 0 0 0 0 
0 0 0 0 0 0 17990 28506 23102 17990 23102 39529 9244 23102 17990 63009 44814 60875 64505 64505 64505 64505 64505 64505 64505 64505 48903 43914 43914 43914 43914 43914 43914 48903 0 0 0 0 0 0 0 
0 0 0 0 23102 17990 28506 57886 64453 49732 23102 23102 64505 34038 64505 64505 64505 64505 64505 64505 64505 64505 60407 48903 5481 48903 43914 1537 48903 43914 48903 38586 0 0 0 0 0 0 0 0 0 
0 0 28506 23102 23102 57886 60875 54134 64505 54134 64505 64505 64505 64505 64505 64505 64505 64505 64505 43914 48903 43914 43914 5481 43914 43914 48903 3084 3084 0 0 0 0 0 0 0 0 0 0 0 0 
0 54134 49732 64505 64505 64505 64505 64505 64505 64505 64505 64505 64078 64505 60407 53403 48903 53403 5481 43914 43914 3084 48903 43914 43914 43914 0 0 0 0 0 0 0 0 0 0 0 0 0 0 0 
64505 54134 64505 64505 64505 64505 64505 64505 64505 64505 62697 64505 60407 48903 53403 43914 5481 5481 43914 43914 43914 3084 0 0 0 0 0 0 0 0 0 0 0 0 0 0 0 0 0 0 0 
64505 64505 62697 64505 64505 64505 64505 64505 64078 48903 53403 53403 43914 43914 43914 43914 43914 993 0 0 0 0 0 0 0 0 0 0 0 0 0 0 0 0 0 0 0 0 0 0 0 
64505 64505 62697 64078 48903 62697 53403 53403 53403 48903 5481 3084 0 0 0 0 0 0 0 0 0 0 0 0 0 0 0 0 0 0 0 0 0 0 0 0 0 0 0 0 0 
