test/output/constant/M495_S060_A090_WD045.0_WS010.0/M495_S060_A090_WD045.0_WS010.0_arrival.asc
ncols         10
nrows         35
xllcorner     425803.990666
yllcorner     12745355.311160
cellsize      100.000000
NODATA_value  0.000000
0.000000 0.000000 0.000000 0.000000 0.000000 0.000000 0.000000 166.013185 166.000000 166.032962 
0.000000 0.000000 0.000000 0.000000 0.000000 0.000000 166.033433 166.003296 166.000942 166.020719 
0.000000 0.000000 0.000000 0.000000 0.000000 0.000000 166.017893 166.002825 166.001884 166.018364 
0.000000 0.000000 0.000000 0.000000 0.000000 166.036258 166.011301 166.003296 166.003296 166.018364 
0.000000 0.000000 0.000000 0.000000 0.000000 166.025428 166.008947 166.004238 166.004709 166.019306 
0.000000 0.000000 0.000000 0.000000 0.000000 166.019306 166.008476 166.005651 166.006121 166.020248 
0.000000 0.000000 0.000000 0.000000 166.034374 166.016010 166.008476 166.007063 166.008005 166.022131 
0.000000 0.000000 0.000000 0.000000 166.027782 166.014597 166.008476 166.008005 166.009889 166.024015 
0.000000 0.000000 0.000000 0.000000 166.024015 166.014126 166.009418 166.009418 166.011772 166.025428 
0.000000 0.000000 0.000000 166.036258 166.021661 166.013656 166.010359 166.010359 166.014126 166.027782 
0.000000 0.000000 0.000000 166.032491 166.020248 166.013656 166.011772 166.011772 166.016010 166.029666 
0.000000 0.000000 0.000000 166.029195 166.019777 166.014126 166.012714 166.013185 166.017893 166.031549 
0.000000 0.000000 166.040967 166.027311 166.019306 166.014597 166.014126 166.015068 166.020248 166.033903 
0.000000 0.000000 166.037200 166.025898 166.019306 166.015539 166.015539 166.016481 166.022131 166.035787 
0.000000 0.000000 166.034374 166.025428 166.019306 166.016481 166.016481 166.018364 166.024486 166.038141 
0.000000 0.000000 166.032491 166.024957 166.019777 166.017893 166.017893 166.020248 166.026369 166.040025 
0.000000 0.000000 166.031549 166.024486 166.020248 166.018835 166.019306 166.022131 166.028253 0.000000 
0.000000 166.040025 166.031078 166.024486 166.020719 166.020248 166.020248 166.024015 166.030607 0.000000 
0.000000 166.038141 166.030607 166.024486 166.021661 166.021190 166.022131 166.025428 166.032491 0.000000 
0.000000 166.037200 166.030136 166.024957 166.022602 166.022602 166.023544 166.027782 166.034845 0.000000 
0.000000 166.036729 166.030136 166.025428 166.024015 166.024015 166.024957 166.029666 166.036729 0.000000 
0.000000 166.036258 166.029666 166.026369 166.024957 166.024957 166.026840 166.031549 166.038612 0.000000 
0.000000 166.035787 166.030136 166.026840 166.026369 166.026369 166.028724 166.033433 166.040967 0.000000 
0.000000 166.035316 166.030607 166.027782 166.027311 166.027782 166.030607 166.035787 0.000000 0.000000 
166.041667 166.035316 166.031078 166.028724 166.028724 166.029195 166.032491 166.037671 0.000000 0.000000 
166.041438 166.035316 166.031549 166.030136 166.029666 166.030607 166.033903 166.039554 0.000000 0.000000 
166.040967 166.035316 166.032491 166.031078 166.031078 166.032491 166.035787 166.041438 0.000000 0.000000 
166.040967 166.035787 166.032962 166.032491 166.032491 166.033903 166.037671 0.000000 0.000000 0.000000 
166.040496 166.036258 166.033903 166.033433 166.033903 166.035316 166.039554 0.000000 0.000000 0.000000 
166.040496 166.037200 166.034845 166.034845 166.034845 166.037200 166.041438 0.000000 0.000000 0.000000 
166.040967 166.037671 166.035787 166.035787 166.036258 166.039083 0.000000 0.000000 0.000000 0.000000 
166.041438 166.038612 166.037200 166.037200 166.037671 166.040967 0.000000 0.000000 0.000000 0.000000 
166.041667 166.039083 166.038141 166.038141 166.039554 0.000000 0.000000 0.000000 0.000000 0.000000 
0.000000 166.040025 166.039554 166.039554 166.040967 0.000000 0.000000 0.000000 0.000000 0.000000 
0.000000 166.040967 166.040496 166.040967 0.000000 0.000000 0.000000 0.000000 0.000000 0.000000 
