test/output/constant/M180_S060_A270_WD180.0_WS020.0/M180_S060_A270_WD180.0_WS020.0_arrival.asc
ncols         7
nrows         34
xllcorner     426303.990666
yllcorner     12748755.311160
cellsize      100.000000
NODATA_value  0.000000
0.000000 0.000000 0.000000 166.041667 0.000000 0.000000 0.000000 
0.000000 0.000000 166.041426 166.040403 166.041426 0.000000 0.000000 
0.000000 0.000000 166.040403 166.039380 166.040403 0.000000 0.000000 
0.000000 0.000000 166.038869 166.037846 166.038869 0.000000 0.000000 
0.000000 166.040915 166.037846 166.036823 166.037846 166.040915 0.000000 
0.000000 166.039892 166.036312 166.035289 166.036312 166.039892 0.000000 
0.000000 166.038358 166.035289 166.034266 166.035289 166.038358 0.000000 
0.000000 166.037335 166.033755 166.032732 166.033755 166.037335 0.000000 
0.000000 166.036312 166.032732 166.031709 166.032732 166.036312 0.000000 
0.000000 166.035289 166.031197 166.030175 166.031197 166.035289 0.000000 
0.000000 166.033755 166.030175 166.029152 166.030175 166.033755 0.000000 
166.041426 166.032732 166.028640 166.027617 166.028640 166.032732 166.041426 
166.040915 166.031709 166.027617 166.026595 166.027617 166.031709 166.040915 
166.039892 166.031197 166.026083 166.025060 166.026083 166.031197 166.039892 
166.039892 166.030175 166.025060 166.024037 166.025060 166.030175 166.039892 
166.039892 166.029152 166.023526 166.022503 166.023526 166.029152 166.039892 
166.039892 166.028129 166.022503 166.021480 166.022503 166.028129 166.039892 
166.040403 166.027106 166.020969 166.019946 166.020969 166.027106 166.040403 
166.040915 166.026595 166.019946 166.018923 166.019946 166.026595 166.040915 
166.041426 166.025572 166.018412 166.017389 166.018412 166.025572 166.041426 
0.000000 166.024549 166.017389 166.016366 166.017389 166.024549 0.000000 
0.000000 166.024037 166.016366 166.014832 166.016366 166.024037 0.000000 
0.000000 166.024037 166.014832 166.013809 166.014832 166.024037 0.000000 
0.000000 166.024037 166.013809 166.012274 166.013809 166.024037 0.000000 
0.000000 166.024549 166.012786 166.011252 166.012786 166.024549 0.000000 
0.000000 166.025060 166.011763 166.009717 166.011763 166.025060 0.000000 
0.000000 166.026083 166.010740 166.008694 166.010740 166.026083 0.000000 
0.000000 166.028129 166.009717 166.007160 166.009717 166.028129 0.000000 
0.000000 166.031197 166.008694 166.006137 166.008694 166.031197 0.000000 
0.000000 166.035800 166.008183 166.004603 166.008183 166.035800 0.000000 
0.000000 0.000000 166.008183 166.003580 166.008183 0.000000 0.000000 
0.000000 0.000000 166.009206 166.002046 166.009206 0.000000 0.000000 
0.000000 0.000000 166.014320 166.001023 166.014320 0.000000 0.000000 
0.000000 0.000000 166.036823 166.000000 166.036823 0.000000 0.000000 
