test/output/constant/M490_S060_A000_WD135.0_WS015.0/M490_S060_A000_WD135.0_WS015.0_arrival.asc
ncols         37
nrows         12
xllcorner     423003.990666
yllcorner     12748655.311160
cellsize      100.000000
NODATA_value  0.000000
166.041659 166.041216 166.040330 166.040330 166.039887 166.039887 166.039887 166.039887 166.040330 166.040773 166.041216 0.000000 0.000000 0.000000 0.000000 0.000000 0.000000 0.000000 0.000000 0.000000 0.000000 0.000000 0.000000 0.000000 0.000000 0.000000 0.000000 0.000000 0.000000 0.000000 0.000000 0.000000 0.000000 0.000000 0.000000 0.000000 0.000000 
166.041216 166.040330 166.039000 166.038114 166.037671 166.036784 166.035898 166.035898 166.035898 166.035455 166.035455 166.035898 166.036341 166.037228 166.038114 166.039444 166.041216 0.000000 0.000000 0.000000 0.000000 0.000000 0.000000 0.000000 0.000000 0.000000 0.000000 0.000000 0.000000 0.000000 0.000000 0.000000 0.000000 0.000000 0.000000 0.000000 0.000000 
166.041216 166.039887 166.039000 166.037671 166.036784 166.035455 166.034125 166.033239 166.032796 166.031909 166.031909 166.031466 166.031466 166.031466 166.031909 166.032353 166.033239 166.034125 166.035455 166.038114 166.040773 0.000000 0.000000 0.000000 0.000000 0.000000 0.000000 0.000000 0.000000 0.000000 0.000000 0.000000 0.000000 0.000000 0.000000 0.000000 0.000000 
0.000000 166.041216 166.039887 166.038114 166.036784 166.035455 166.034125 166.033239 166.031909 166.031023 166.029693 166.028807 166.027921 166.027478 166.027478 166.027034 166.027034 166.027478 166.027921 166.028807 166.030137 166.031909 166.035012 166.038557 0.000000 0.000000 0.000000 0.000000 0.000000 0.000000 0.000000 0.000000 0.000000 0.000000 0.000000 0.000000 0.000000 
0.000000 0.000000 0.000000 166.040330 166.038557 166.036784 166.035012 166.033682 166.032353 166.031023 166.029693 166.028364 166.027478 166.026148 166.025262 166.024375 166.023489 166.023489 166.023046 166.023046 166.023489 166.023932 166.024818 166.026148 166.028807 166.032353 166.038114 0.000000 0.000000 0.000000 0.000000 0.000000 0.000000 0.000000 0.000000 0.000000 0.000000 
0.000000 0.000000 0.000000 0.000000 0.000000 166.039887 166.037671 166.035898 166.034125 166.032353 166.030580 166.029250 166.027478 166.026148 166.025262 166.023932 166.022602 166.021716 166.020387 166.019943 166.019057 166.019057 166.019057 166.019057 166.019943 166.020830 166.023046 166.026148 166.031909 166.039000 0.000000 0.000000 0.000000 0.000000 0.000000 0.000000 0.000000 
0.000000 0.000000 0.000000 0.000000 0.000000 0.000000 0.000000 166.040330 166.038114 166.035898 166.033682 166.031909 166.029693 166.027921 166.026148 166.024375 166.023046 166.021716 166.020387 166.019500 166.018171 166.016841 166.015955 166.015068 166.015068 166.014625 166.015068 166.015511 166.016841 166.019943 166.025705 166.034125 0.000000 0.000000 0.000000 0.000000 0.000000 
0.000000 0.000000 0.000000 0.000000 0.000000 0.000000 0.000000 0.000000 0.000000 0.000000 166.039444 166.036784 166.034568 166.031909 166.029693 166.027921 166.025705 166.023489 166.021716 166.019943 166.018614 166.016841 166.015955 166.014625 166.013296 166.012409 166.011080 166.010636 166.010636 166.010636 166.011523 166.013739 166.019500 166.029693 0.000000 0.000000 0.000000 
0.000000 0.000000 0.000000 0.000000 0.000000 0.000000 0.000000 0.000000 0.000000 0.000000 0.000000 0.000000 166.041659 166.039000 166.036784 166.034125 166.031466 166.028807 166.026591 166.023932 166.021716 166.019500 166.017727 166.015511 166.013739 166.012409 166.011080 166.010193 166.008864 166.007534 166.006648 166.006648 166.006648 166.007977 166.013739 166.031023 0.000000 
0.000000 0.000000 0.000000 0.000000 0.000000 0.000000 0.000000 0.000000 0.000000 0.000000 0.000000 0.000000 0.000000 0.000000 0.000000 0.000000 166.040330 166.037671 166.034568 166.031909 166.028807 166.026148 166.023489 166.020830 166.018614 166.015955 166.013739 166.011523 166.009307 166.007977 166.006648 166.005318 166.004432 166.003102 166.002216 166.002216 166.010636 
0.000000 0.000000 0.000000 0.000000 0.000000 0.000000 0.000000 0.000000 0.000000 0.000000 0.000000 0.000000 0.000000 0.000000 0.000000 0.000000 0.000000 0.000000 0.000000 0.000000 166.040773 166.037671 166.034568 166.031909 166.028807 166.025705 166.022602 166.019500 166.016398 166.013739 166.010636 166.007977 166.005318 166.003102 166.001773 166.000886 166.000000 
0.000000 0.000000 0.000000 0.000000 0.000000 0.000000 0.000000 0.000000 0.000000 0.000000 0.000000 0.000000 0.000000 0.000000 0.000000 0.000000 0.000000 0.000000 0.000000 0.000000 0.000000 0.000000 0.000000 0.000000 0.000000 0.000000 0.000000 0.000000 0.000000 166.039444 166.036341 166.033239 166.031023 166.030137 166.029250 166.030580 0.000000 
