test/output/constant/M3M490_S060_A000_WD045.0_WS005.0/M3M490_S060_A000_WD045.0_WS005.0_arrival.asc
ncols         53
nrows         11
xllcorner     421403.990666
yllcorner     12748055.311160
cellsize      100.000000
NODATA_value  0.000000
0.000000 0.000000 0.000000 0.000000 0.000000 0.000000 0.000000 0.000000 0.000000 0.000000 0.000000 0.000000 0.000000 0.000000 0.000000 0.000000 0.000000 0.000000 0.000000 0.000000 0.000000 0.000000 0.000000 0.000000 0.000000 166.041667 166.041274 166.040639 166.040004 166.039686 166.039369 166.038734 166.038416 166.038099 166.037781 166.037781 166.037464 166.037146 166.037146 166.037464 166.038099 166.038099 166.039051 166.040004 166.041591 0.000000 0.000000 0.000000 0.000000 0.000000 0.000000 0.000000 0.000000 
0.000000 0.000000 0.000000 0.000000 0.000000 0.000000 0.000000 0.000000 0.000000 0.000000 0.000000 0.000000 0.000000 0.000000 0.000000 0.000000 166.041274 166.040321 166.039369 166.038734 166.037781 166.036829 166.035877 166.034924 166.033972 166.033019 166.032067 166.031114 166.030479 166.029844 166.028892 166.028257 166.027622 166.026987 166.026352 166.025717 166.025082 166.024447 166.024129 166.023494 166.023177 166.022859 166.022859 166.022542 166.022542 166.023177 166.023494 166.024764 166.026987 166.030797 166.038099 0.000000 0.000000 
0.000000 0.000000 0.000000 0.000000 0.000000 0.000000 0.000000 0.000000 0.000000 0.000000 0.000000 166.040956 166.040004 166.039051 166.038099 166.037146 166.036194 166.035242 166.034289 166.033337 166.032702 166.031749 166.030797 166.029844 166.028892 166.027939 166.026987 166.026034 166.025082 166.024129 166.023177 166.022224 166.021272 166.020319 166.019367 166.018414 166.017462 166.016510 166.015557 166.014605 166.013652 166.012700 166.011747 166.010795 166.010160 166.009525 166.008890 166.008255 166.007937 166.007937 166.008255 166.010160 166.019049 
0.000000 0.000000 0.000000 0.000000 0.000000 0.000000 166.041591 166.040639 166.039686 166.038734 166.037781 166.036829 166.036194 166.035242 166.034289 166.033337 166.032384 166.031432 166.030479 166.029527 166.028574 166.027622 166.026669 166.025717 166.024764 166.023812 166.022859 166.021907 166.020954 166.020002 166.019049 166.018097 166.017145 166.016192 166.015240 166.014287 166.013335 166.012382 166.011747 166.010795 166.009842 166.008890 166.007937 166.006985 166.006350 166.005397 166.004445 166.003810 166.002857 166.002222 166.001270 166.000635 166.000000 
0.000000 0.000000 0.000000 0.000000 166.040956 166.040004 166.039051 166.038099 166.037146 166.036194 166.035559 166.034607 166.033654 166.032702 166.031749 166.030797 166.029844 166.028892 166.027939 166.027304 166.026352 166.025399 166.024447 166.023494 166.022542 166.021907 166.020954 166.020002 166.019049 166.018414 166.017462 166.016510 166.015875 166.014922 166.013970 166.013335 166.012382 166.011747 166.010795 166.010160 166.009207 166.008572 166.007620 166.006985 166.006032 166.005397 166.004445 166.003810 166.003175 166.002857 166.002857 166.004127 166.013017 
0.000000 166.041667 166.040956 166.040004 166.039051 166.038099 166.037464 166.036511 166.035559 166.034607 166.033654 166.033019 166.032067 166.031114 166.030479 166.029527 166.028574 166.027939 166.026987 166.026352 166.025399 166.024447 166.023812 166.022859 166.022224 166.021272 166.020637 166.019684 166.019049 166.018097 166.017462 166.016510 166.015875 166.014922 166.014287 166.013335 166.012700 166.012065 166.011430 166.010795 166.010160 166.009525 166.009207 166.008890 166.008572 166.008572 166.008572 166.009525 166.011112 166.013970 166.020002 166.033972 0.000000 
166.041591 166.040639 166.040004 166.039051 166.038416 166.037464 166.036511 166.035877 166.034924 166.033972 166.033337 166.032384 166.031749 166.030797 166.030162 166.029209 166.028574 166.027622 166.026987 166.026034 166.025399 166.024447 166.023812 166.022859 166.022224 166.021589 166.020954 166.020002 166.019367 166.018732 166.018097 166.017462 166.016827 166.016192 166.015875 166.015240 166.014922 166.014605 166.014605 166.014287 166.014287 166.014287 166.014605 166.015240 166.016510 166.018097 166.020954 166.024764 166.030797 166.040321 0.000000 0.000000 0.000000 
166.041274 166.040639 166.039686 166.039051 166.038099 166.037464 166.036511 166.035559 166.034924 166.034289 166.033337 166.032702 166.031749 166.031114 166.030162 166.029527 166.028892 166.028257 166.027622 166.026987 166.026034 166.025399 166.025082 166.024447 166.023812 166.023177 166.022542 166.021907 166.021589 166.021272 166.020954 166.020637 166.020319 166.020319 166.020002 166.020002 166.020002 166.020002 166.020319 166.021272 166.022224 166.023812 166.025399 166.027939 166.031114 166.034924 166.041274 0.000000 0.000000 0.000000 0.000000 0.000000 0.000000 
166.041274 166.040639 166.039686 166.039051 166.038416 166.037781 166.037146 166.036194 166.035559 166.034924 166.034289 166.033654 166.033019 166.032384 166.031749 166.031114 166.030479 166.029844 166.029527 166.028892 166.028257 166.027939 166.027304 166.026987 166.026669 166.026352 166.026352 166.026034 166.025717 166.025717 166.025717 166.025717 166.025717 166.025717 166.026352 166.026987 166.027939 166.029209 166.031114 166.032702 166.034924 166.037781 166.041274 0.000000 0.000000 0.000000 0.000000 0.000000 0.000000 0.000000 0.000000 0.000000 0.000000 
0.000000 166.041591 166.040956 166.040321 166.039686 166.039051 166.038416 166.037781 166.037464 166.036829 166.036194 166.035559 166.035242 166.034607 166.033972 166.033654 166.033337 166.032702 166.032384 166.032067 166.032067 166.031749 166.031749 166.031432 166.031432 166.031432 166.031114 166.031114 166.031114 166.031749 166.032384 166.033019 166.033654 166.034924 166.036511 166.038099 166.039686 0.000000 0.000000 0.000000 0.000000 0.000000 0.000000 0.000000 0.000000 0.000000 0.000000 0.000000 0.000000 0.000000 0.000000 0.000000 0.000000 
0.000000 0.000000 0.000000 0.000000 0.000000 166.041274 166.040639 166.040321 166.040004 166.039369 166.039051 166.038734 166.038416 166.038099 166.037781 166.037781 166.037464 166.037464 166.037146 166.037146 166.037146 166.036829 166.036829 166.036829 166.037146 166.037464 166.038099 166.038734 166.039369 166.040639 0.000000 0.000000 0.000000 0.000000 0.000000 0.000000 0.000000 0.000000 0.000000 0.000000 0.000000 0.000000 0.000000 0.000000 0.000000 0.000000 0.000000 0.000000 0.000000 0.000000 0.000000 0.000000 0.000000 
