test/output/constant/M3M4100_S060_A090_WD000.0_WS050.0/M3M4100_S060_A090_WD000.0_WS050.0_arrival.asc
ncols         9
nrows         66
xllcorner     426203.990666
yllcorner     12742255.311160
cellsize      100.000000
NODATA_value  0.000000
0.000000 0.000000 0.000000 0.000000 166.000000 0.000000 0.000000 0.000000 0.000000 
0.000000 0.000000 0.000000 166.015692 166.000514 166.015692 0.000000 0.000000 0.000000 
0.000000 0.000000 0.000000 166.009261 166.001029 166.009261 0.000000 0.000000 0.000000 
0.000000 0.000000 0.000000 166.006946 166.001801 166.006946 0.000000 0.000000 0.000000 
0.000000 0.000000 166.039358 166.006174 166.002315 166.006174 166.039358 0.000000 0.000000 
0.000000 0.000000 166.032156 166.005917 166.003087 166.005917 166.032156 0.000000 0.000000 
0.000000 0.000000 166.028040 166.005917 166.003601 166.005917 166.028040 0.000000 0.000000 
0.000000 0.000000 166.024953 166.006174 166.004373 166.006174 166.024953 0.000000 0.000000 
0.000000 0.000000 166.022380 166.006688 166.004888 166.006688 166.022380 0.000000 0.000000 
0.000000 0.000000 166.020837 166.007203 166.005659 166.007203 166.020837 0.000000 0.000000 
0.000000 0.000000 166.019551 166.007717 166.006174 166.007717 166.019551 0.000000 0.000000 
0.000000 0.000000 166.018779 166.008232 166.006946 166.008232 166.018779 0.000000 0.000000 
0.000000 166.040130 166.018264 166.008746 166.007460 166.008746 166.018264 166.040130 0.000000 
0.000000 166.038072 166.018007 166.009518 166.008232 166.009518 166.018007 166.038072 0.000000 
0.000000 166.036271 166.017750 166.010033 166.008746 166.010033 166.017750 166.036271 0.000000 
0.000000 166.034728 166.017493 166.010547 166.009518 166.010547 166.017493 166.034728 0.000000 
0.000000 166.033442 166.017493 166.011319 166.010033 166.011319 166.017493 166.033442 0.000000 
0.000000 166.032156 166.017493 166.011833 166.010804 166.011833 166.017493 166.032156 0.000000 
0.000000 166.031384 166.017750 166.012605 166.011319 166.012605 166.017750 166.031384 0.000000 
0.000000 166.030612 166.018264 166.013119 166.012090 166.013119 166.018264 166.030612 0.000000 
0.000000 166.030355 166.018522 166.013891 166.012605 166.013891 166.018522 166.030355 0.000000 
0.000000 166.030098 166.019036 166.014406 166.013377 166.014406 166.019036 166.030098 0.000000 
0.000000 166.029840 166.019293 166.014920 166.013891 166.014920 166.019293 166.029840 0.000000 
0.000000 166.029326 166.019808 166.015692 166.014663 166.015692 166.019808 166.029326 0.000000 
0.000000 166.029326 166.020322 166.016206 166.015177 166.016206 166.020322 166.029326 0.000000 
0.000000 166.029069 166.020837 166.016978 166.015949 166.016978 166.020837 166.029069 0.000000 
0.000000 166.029069 166.021094 166.017493 166.016464 166.017493 166.021094 166.029069 0.000000 
0.000000 166.029069 166.021609 166.018264 166.017235 166.018264 166.021609 166.029069 0.000000 
0.000000 166.029069 166.022123 166.018779 166.017750 166.018779 166.022123 166.029069 0.000000 
0.000000 166.029069 166.022638 166.019293 166.018522 166.019293 166.022638 166.029069 0.000000 
0.000000 166.029583 166.023152 166.020065 166.019036 166.020065 166.023152 166.029583 0.000000 
166.041667 166.030098 166.023666 166.020580 166.019808 166.020580 166.023666 166.030098 166.041667 
166.041159 166.030355 166.024181 166.021351 166.020322 166.021351 166.024181 166.030355 166.041159 
166.040902 166.030869 166.024695 166.021866 166.021094 166.021866 166.024695 166.030869 166.040902 
166.040645 166.031127 166.025467 166.022638 166.021609 166.022638 166.025467 166.031127 166.040645 
166.040645 166.031641 166.025982 166.023152 166.022380 166.023152 166.025982 166.031641 166.040645 
166.040645 166.032156 166.026496 166.023666 166.022895 166.023666 166.026496 166.032156 166.040645 
166.040645 166.032413 166.027011 166.024438 166.023666 166.024438 166.027011 166.032413 166.040645 
166.040387 166.032927 166.027782 166.024953 166.024181 166.024953 166.027782 166.032927 166.040387 
166.040387 166.033442 166.028297 166.025724 166.024953 166.025724 166.028297 166.033442 166.040387 
166.040645 166.033699 166.028811 166.026239 166.025467 166.026239 166.028811 166.033699 166.040645 
166.040902 166.034214 166.029326 166.027011 166.026239 166.027011 166.029326 166.034214 166.040902 
166.041416 166.034728 166.030098 166.027525 166.026753 166.027525 166.030098 166.034728 166.041416 
0.000000 166.035242 166.030612 166.028297 166.027525 166.028297 166.030612 166.035242 0.000000 
0.000000 166.035500 166.031384 166.028811 166.028040 166.028811 166.031384 166.035500 0.000000 
0.000000 166.036014 166.031898 166.029583 166.028811 166.029583 166.031898 166.036014 0.000000 
0.000000 166.036529 166.032413 166.030098 166.029326 166.030098 166.032413 166.036529 0.000000 
0.000000 166.037043 166.033185 166.030869 166.030098 166.030869 166.033185 166.037043 0.000000 
0.000000 166.037558 166.033699 166.031384 166.030612 166.031384 166.033699 166.037558 0.000000 
0.000000 166.038072 166.034214 166.031898 166.031384 166.031898 166.034214 166.038072 0.000000 
0.000000 166.038587 166.034728 166.032670 166.031898 166.032670 166.034728 166.038587 0.000000 
0.000000 166.039101 166.035500 166.033185 166.032670 166.033185 166.035500 166.039101 0.000000 
0.000000 166.039616 166.036014 166.033956 166.033185 166.033956 166.036014 166.039616 0.000000 
0.000000 166.040130 166.036529 166.034471 166.033956 166.034471 166.036529 166.040130 0.000000 
0.000000 166.040645 166.037300 166.034985 166.034471 166.034985 166.037300 166.040645 0.000000 
0.000000 166.041159 166.037815 166.035757 166.035242 166.035757 166.037815 166.041159 0.000000 
0.000000 0.000000 166.038587 166.036271 166.035757 166.036271 166.038587 0.000000 0.000000 
0.000000 0.000000 166.039101 166.037043 166.036529 166.037043 166.039101 0.000000 0.000000 
0.000000 0.000000 166.039873 166.037558 166.037043 166.037558 166.039873 0.000000 0.000000 
0.000000 0.000000 166.040387 166.038329 166.037815 166.038329 166.040387 0.000000 0.000000 
0.000000 0.000000 166.041159 166.038844 166.038329 166.038844 166.041159 0.000000 0.000000 
0.000000 0.000000 166.041667 166.039616 166.039101 166.039616 166.041667 0.000000 0.000000 
0.000000 0.000000 0.000000 166.040130 166.039616 166.040130 0.000000 0.000000 0.000000 
0.000000 0.000000 0.000000 166.040645 166.040387 166.040645 0.000000 0.000000 0.000000 
0.000000 0.000000 0.000000 166.041416 166.040902 166.041416 0.000000 0.000000 0.000000 
0.000000 0.000000 0.000000 0.000000 166.041667 0.000000 0.000000 0.000000 0.000000 
