test/output/constant/M395_S060_A270_WD045.0_WS015.0/M395_S060_A270_WD045.0_WS015.0_arrival.asc
ncols         17
nrows         41
xllcorner     425103.990666
yllcorner     12748655.311160
cellsize      100.000000
NODATA_value  0.000000
0.000000 166.041460 166.041460 166.041460 0.000000 0.000000 0.000000 0.000000 0.000000 0.000000 0.000000 0.000000 0.000000 0.000000 0.000000 0.000000 0.000000 
166.041460 166.040275 166.040275 166.040275 166.041065 0.000000 0.000000 0.000000 0.000000 0.000000 0.000000 0.000000 0.000000 0.000000 0.000000 0.000000 0.000000 
166.041065 166.039880 166.039091 166.039091 166.039880 166.041065 0.000000 0.000000 0.000000 0.000000 0.000000 0.000000 0.000000 0.000000 0.000000 0.000000 0.000000 
166.040670 166.039091 166.038301 166.038301 166.038301 166.039485 166.041065 0.000000 0.000000 0.000000 0.000000 0.000000 0.000000 0.000000 0.000000 0.000000 0.000000 
166.040275 166.038301 166.037511 166.037116 166.037116 166.037906 166.039091 166.041460 0.000000 0.000000 0.000000 0.000000 0.000000 0.000000 0.000000 0.000000 0.000000 
166.039880 166.037906 166.036721 166.035932 166.035932 166.036721 166.037906 166.039880 0.000000 0.000000 0.000000 0.000000 0.000000 0.000000 0.000000 0.000000 0.000000 
166.039880 166.037511 166.035932 166.035142 166.034747 166.035142 166.036327 166.037906 166.040670 0.000000 0.000000 0.000000 0.000000 0.000000 0.000000 0.000000 0.000000 
166.040275 166.037511 166.035142 166.034352 166.033958 166.033958 166.034747 166.036327 166.038696 0.000000 0.000000 0.000000 0.000000 0.000000 0.000000 0.000000 0.000000 
166.040275 166.037116 166.034747 166.033563 166.032773 166.032773 166.033168 166.034747 166.036721 166.039880 0.000000 0.000000 0.000000 0.000000 0.000000 0.000000 0.000000 
166.040670 166.037511 166.034747 166.032773 166.031983 166.031588 166.031983 166.033168 166.035142 166.037906 0.000000 0.000000 0.000000 0.000000 0.000000 0.000000 0.000000 
166.041065 166.037511 166.034352 166.032378 166.031194 166.030799 166.030799 166.031588 166.033168 166.035932 166.039880 0.000000 0.000000 0.000000 0.000000 0.000000 0.000000 
166.041460 166.037511 166.034747 166.031983 166.030404 166.029614 166.029614 166.030009 166.031588 166.033958 166.037511 0.000000 0.000000 0.000000 0.000000 0.000000 0.000000 
0.000000 166.037906 166.034747 166.031983 166.029614 166.028824 166.028430 166.028824 166.030009 166.031983 166.035142 166.039880 0.000000 0.000000 0.000000 0.000000 0.000000 
0.000000 166.038696 166.034747 166.031983 166.029219 166.028035 166.027245 166.027640 166.028430 166.030404 166.033168 166.037511 0.000000 0.000000 0.000000 0.000000 0.000000 
0.000000 166.039880 166.035142 166.031983 166.029219 166.027245 166.026455 166.026455 166.027245 166.028430 166.031194 166.035142 166.040275 0.000000 0.000000 0.000000 0.000000 
0.000000 166.040670 166.035932 166.031983 166.029219 166.026850 166.025666 166.025271 166.025666 166.026850 166.029219 166.033168 166.037906 0.000000 0.000000 0.000000 0.000000 
0.000000 0.000000 166.037116 166.032378 166.029219 166.026455 166.024876 166.024086 166.024481 166.025271 166.027245 166.030799 166.035537 166.041460 0.000000 0.000000 0.000000 
0.000000 0.000000 166.037906 166.033168 166.029219 166.026455 166.024086 166.023296 166.023296 166.023691 166.025666 166.028430 166.033168 166.038696 0.000000 0.000000 0.000000 
0.000000 0.000000 166.039485 166.033958 166.029614 166.026455 166.023691 166.022507 166.022112 166.022507 166.023691 166.026455 166.030799 166.036327 0.000000 0.000000 0.000000 
0.000000 0.000000 166.041460 166.035142 166.030404 166.026455 166.023691 166.021717 166.020927 166.020927 166.022112 166.024481 166.028430 166.033563 166.041065 0.000000 0.000000 
0.000000 0.000000 0.000000 166.036721 166.031194 166.026850 166.023691 166.020927 166.020138 166.020138 166.020532 166.022507 166.026060 166.031194 166.038301 0.000000 0.000000 
0.000000 0.000000 0.000000 166.039091 166.032378 166.027640 166.023691 166.020927 166.019348 166.018953 166.019348 166.020927 166.024086 166.028824 166.035537 0.000000 0.000000 
0.000000 0.000000 0.000000 166.041460 166.034352 166.028430 166.024086 166.020927 166.018558 166.017768 166.017768 166.018953 166.021717 166.026455 166.032773 166.041065 0.000000 
0.000000 0.000000 0.000000 0.000000 166.036721 166.029614 166.024481 166.020927 166.018163 166.016979 166.016584 166.017374 166.019743 166.024086 166.030009 166.038301 0.000000 
0.000000 0.000000 0.000000 0.000000 166.039091 166.031588 166.025666 166.021322 166.018163 166.016189 166.015794 166.016189 166.017768 166.021717 166.027640 166.035537 0.000000 
0.000000 0.000000 0.000000 0.000000 0.000000 166.034352 166.027245 166.021717 166.018163 166.015399 166.014610 166.014610 166.016189 166.019348 166.024876 166.032773 0.000000 
0.000000 0.000000 0.000000 0.000000 0.000000 166.037511 166.029219 166.022902 166.018163 166.015399 166.013820 166.013425 166.014215 166.016979 166.022507 166.030009 0.000000 
0.000000 0.000000 0.000000 0.000000 0.000000 166.041460 166.031983 166.024481 166.018953 166.015399 166.013030 166.012635 166.013030 166.015004 166.019743 166.027245 166.041460 
0.000000 0.000000 0.000000 0.000000 0.000000 0.000000 166.035932 166.026850 166.020138 166.015399 166.012635 166.011451 166.011451 166.013030 166.017374 166.024876 166.038696 
0.000000 0.000000 0.000000 0.000000 0.000000 0.000000 166.040670 166.030404 166.022112 166.016189 166.012635 166.010661 166.010266 166.011056 166.015004 166.022112 166.036327 
0.000000 0.000000 0.000000 0.000000 0.000000 0.000000 0.000000 166.034747 166.024876 166.017374 166.012635 166.009871 166.009082 166.009477 166.012635 166.019348 166.033563 
0.000000 0.000000 0.000000 0.000000 0.000000 0.000000 0.000000 166.040275 166.028824 166.019743 166.013425 166.009871 166.008292 166.008292 166.010266 166.016584 166.030799 
0.000000 0.000000 0.000000 0.000000 0.000000 0.000000 0.000000 0.000000 166.034352 166.023296 166.014610 166.009871 166.007502 166.007107 166.008292 166.013820 166.028035 
0.000000 0.000000 0.000000 0.000000 0.000000 0.000000 0.000000 0.000000 166.041065 166.028035 166.017374 166.010661 166.007107 166.005923 166.006318 166.011056 166.025271 
0.000000 0.000000 0.000000 0.000000 0.000000 0.000000 0.000000 0.000000 0.000000 166.034747 166.022112 166.012240 166.007107 166.005133 166.005133 166.008292 166.022507 
0.000000 0.000000 0.000000 0.000000 0.000000 0.000000 0.000000 0.000000 0.000000 0.000000 166.028430 166.016189 166.007897 166.004343 166.003949 166.005923 166.019743 
0.000000 0.000000 0.000000 0.000000 0.000000 0.000000 0.000000 0.000000 0.000000 0.000000 166.037906 166.022507 166.010266 166.004343 166.002764 166.003554 166.017768 
0.000000 0.000000 0.000000 0.000000 0.000000 0.000000 0.000000 0.000000 0.000000 0.000000 0.000000 166.032378 166.016584 166.005133 166.001974 166.001974 166.015794 
0.000000 0.000000 0.000000 0.000000 0.000000 0.000000 0.000000 0.000000 0.000000 0.000000 0.000000 0.000000 166.027245 166.010266 166.001579 166.000790 166.015004 
0.000000 0.000000 0.000000 0.000000 0.000000 0.000000 0.000000 0.000000 0.000000 0.000000 0.000000 0.000000 0.000000 166.022507 166.003554 166.000000 166.016584 
0.000000 0.000000 0.000000 0.000000 0.000000 0.000000 0.000000 0.000000 0.000000 0.000000 0.000000 0.000000 0.000000 0.000000 166.027640 166.020532 166.031194 
