test/output/constant/M3M450_S060_A180_WD270.0_WS015.0/M3M450_S060_A180_WD270.0_WS015.0_arrival.asc
ncols         35
nrows         7
xllcorner     426603.990666
yllcorner     12748455.311160
cellsize      100.000000
NODATA_value  0.000000
0.000000 0.000000 0.000000 0.000000 0.000000 0.000000 0.000000 0.000000 0.000000 0.000000 0.000000 0.000000 0.000000 166.040671 166.040175 166.039679 166.039183 166.039183 166.039183 166.039183 166.039183 166.039679 166.040671 166.041167 0.000000 0.000000 0.000000 0.000000 0.000000 0.000000 0.000000 0.000000 0.000000 0.000000 0.000000 
0.000000 0.000000 0.000000 0.000000 166.034719 166.030255 166.027279 166.025791 166.024303 166.023807 166.023807 166.023807 166.023807 166.024303 166.024799 166.025791 166.026783 166.027279 166.028271 166.029263 166.030255 166.031247 166.031743 166.033231 166.034223 166.035215 166.036207 166.037695 166.038687 166.039679 166.041167 0.000000 0.000000 0.000000 0.000000 
166.032239 166.012896 166.008928 166.007936 166.007936 166.008432 166.009424 166.010416 166.011408 166.012400 166.013392 166.014880 166.015872 166.016864 166.018352 166.019344 166.020335 166.021823 166.022815 166.024303 166.025295 166.026783 166.027775 166.029263 166.030255 166.031743 166.032735 166.034223 166.035215 166.036703 166.037695 166.039183 166.040175 166.041663 0.000000 
166.000000 166.000992 166.001984 166.003472 166.004464 166.005952 166.006944 166.008432 166.009424 166.010912 166.011904 166.013392 166.014384 166.015872 166.016864 166.018352 166.019344 166.020831 166.021823 166.023311 166.024303 166.025791 166.026783 166.028271 166.029263 166.030751 166.031743 166.033231 166.034223 166.035711 166.036703 166.038191 166.039183 166.040671 166.041663 
166.032239 166.012896 166.008928 166.007936 166.007936 166.008432 166.009424 166.010416 166.011408 166.012400 166.013392 166.014880 166.015872 166.016864 166.018352 166.019344 166.020335 166.021823 166.022815 166.024303 166.025295 166.026783 166.027775 166.029263 166.030255 166.031743 166.032735 166.034223 166.035215 166.036703 166.037695 166.039183 166.040175 166.041663 0.000000 
0.000000 0.000000 0.000000 0.000000 166.034719 166.030255 166.027279 166.025791 166.024303 166.023807 166.023807 166.023807 166.023807 166.024303 166.024799 166.025791 166.026783 166.027279 166.028271 166.029263 166.030255 166.031247 166.031743 166.033231 166.034223 166.035215 166.036207 166.037695 166.038687 166.039679 166.041167 0.000000 0.000000 0.000000 0.000000 
0.000000 0.000000 0.000000 0.000000 0.000000 0.000000 0.000000 0.000000 0.000000 0.000000 0.000000 0.000000 0.000000 166.040671 166.040175 166.039679 166.039183 166.039183 166.039183 166.039183 166.039183 166.039679 166.040671 166.041167 0.000000 0.000000 0.000000 0.000000 0.000000 0.000000 0.000000 0.000000 0.000000 0.000000 0.000000 
