test/output/constant/M365_S060_A000_WD270.0_WS010.0/M365_S060_A000_WD270.0_WS010.0_arrival.asc
ncols         27
nrows         9
xllcorner     424103.990666
yllcorner     12748355.311160
cellsize      100.000000
NODATA_value  0.000000
0.000000 0.000000 0.000000 0.000000 0.000000 0.000000 0.000000 0.000000 0.000000 166.041500 166.041500 166.040831 166.040831 166.040831 166.040831 166.041500 0.000000 0.000000 0.000000 0.000000 0.000000 0.000000 0.000000 0.000000 0.000000 0.000000 0.000000 
0.000000 0.000000 0.000000 0.000000 166.040831 166.039492 166.038154 166.036815 166.036146 166.034807 166.033468 166.032129 166.031460 166.030121 166.029452 166.029452 166.029452 166.029452 166.030121 166.030791 166.032799 166.036146 166.041500 0.000000 0.000000 0.000000 0.000000 
0.000000 166.041667 166.040162 166.038823 166.036815 166.035476 166.034137 166.032129 166.030791 166.029452 166.028113 166.026105 166.024766 166.023428 166.022089 166.021420 166.020081 166.018742 166.018073 166.018073 166.018073 166.018073 166.019411 166.022758 166.030121 0.000000 0.000000 
166.041500 166.040162 166.038154 166.036815 166.034807 166.033468 166.031460 166.030121 166.028113 166.026774 166.025436 166.023428 166.022089 166.020081 166.018742 166.016734 166.015395 166.014057 166.012049 166.010710 166.008702 166.008032 166.006694 166.006024 166.006024 166.010710 166.032129 
166.041500 166.039492 166.038154 166.036146 166.034807 166.032799 166.031460 166.029452 166.028113 166.026105 166.024766 166.022758 166.021420 166.019411 166.018073 166.016065 166.014726 166.012718 166.011379 166.009371 166.008032 166.006024 166.004686 166.002677 166.001339 166.000000 166.021420 
166.041500 166.040162 166.038154 166.036815 166.034807 166.033468 166.031460 166.030121 166.028113 166.026774 166.025436 166.023428 166.022089 166.020081 166.018742 166.016734 166.015395 166.014057 166.012049 166.010710 166.008702 166.008032 166.006694 166.006024 166.006024 166.010710 166.032129 
0.000000 166.041667 166.040162 166.038823 166.036815 166.035476 166.034137 166.032129 166.030791 166.029452 166.028113 166.026105 166.024766 166.023428 166.022089 166.021420 166.020081 166.018742 166.018073 166.018073 166.018073 166.018073 166.019411 166.022758 166.030121 0.000000 0.000000 
0.000000 0.000000 0.000000 0.000000 166.040831 166.039492 166.038154 166.036815 166.036146 166.034807 166.033468 166.032129 166.031460 166.030121 166.029452 166.029452 166.029452 166.029452 166.030121 166.030791 166.032799 166.036146 166.041500 0.000000 0.000000 0.000000 0.000000 
0.000000 0.000000 0.000000 0.000000 0.000000 0.000000 0.000000 0.000000 0.000000 166.041500 166.041500 166.040831 166.040831 166.040831 166.040831 166.041500 0.000000 0.000000 0.000000 0.000000 0.000000 0.000000 0.000000 0.000000 0.000000 0.000000 0.000000 
