test/output/constant/M380_S060_A090_WD090.0_WS005.0/M380_S060_A090_WD090.0_WS005.0_arrival.asc
ncols         11
nrows         46
xllcorner     425803.990666
yllcorner     12744255.311160
cellsize      100.000000
NODATA_value  0.000000
0.000000 0.000000 0.000000 0.000000 0.000000 0.000000 0.000000 166.009811 166.000000 166.018531 0.000000 
0.000000 0.000000 0.000000 0.000000 0.000000 0.000000 166.027616 166.002907 166.000727 166.011628 0.000000 
0.000000 0.000000 0.000000 0.000000 0.000000 0.000000 166.016351 166.002544 166.001453 166.010537 166.040333 
0.000000 0.000000 0.000000 0.000000 0.000000 166.031976 166.010901 166.002907 166.002544 166.010174 166.035246 
0.000000 0.000000 0.000000 0.000000 0.000000 166.024345 166.008721 166.003270 166.003270 166.010537 166.031612 
0.000000 0.000000 0.000000 0.000000 166.039243 166.019258 166.007994 166.004360 166.004360 166.011264 166.029796 
0.000000 0.000000 0.000000 0.000000 166.032703 166.016351 166.007631 166.005087 166.005450 166.012354 166.029432 
0.000000 0.000000 0.000000 0.000000 166.027616 166.014171 166.007631 166.006177 166.006541 166.013081 166.029069 
0.000000 0.000000 0.000000 166.040697 166.024345 166.013444 166.007994 166.006904 166.007631 166.014171 166.029069 
0.000000 0.000000 0.000000 166.035973 166.021802 166.013081 166.008721 166.007994 166.009084 166.015261 166.029069 
0.000000 0.000000 0.000000 166.032339 166.019985 166.012718 166.009084 166.009084 166.010174 166.016351 166.029069 
0.000000 0.000000 0.000000 166.029432 166.018895 166.012718 166.009811 166.009811 166.011264 166.017441 166.029796 
0.000000 0.000000 166.040333 166.027252 166.018168 166.013081 166.010901 166.010901 166.012718 166.018531 166.030522 
0.000000 0.000000 166.037426 166.025435 166.017805 166.013444 166.011628 166.011628 166.013808 166.019622 166.031612 
0.000000 0.000000 166.034883 166.024345 166.017805 166.013808 166.012718 166.012718 166.014898 166.021075 166.032339 
0.000000 0.000000 166.032703 166.023619 166.017805 166.014534 166.013444 166.013808 166.016351 166.022165 166.033066 
0.000000 0.000000 166.031249 166.023255 166.017805 166.014898 166.014534 166.014898 166.017441 166.023255 166.033793 
0.000000 166.040333 166.030159 166.022892 166.018168 166.015625 166.015261 166.015988 166.018895 166.024345 166.034883 
0.000000 166.038153 166.029069 166.022892 166.018531 166.016351 166.016351 166.017078 166.019985 166.025435 166.035973 
0.000000 166.036700 166.028342 166.022892 166.018895 166.017441 166.017078 166.018168 166.021075 166.026889 166.036700 
0.000000 166.035609 166.028342 166.022892 166.019622 166.018168 166.018168 166.019258 166.022528 166.027979 166.037790 
0.000000 166.034519 166.027979 166.023255 166.019985 166.018895 166.019258 166.020348 166.023619 166.029432 166.038880 
0.000000 166.033793 166.027979 166.023255 166.020712 166.019985 166.019985 166.021438 166.025072 166.030522 166.039970 
166.041060 166.033429 166.027979 166.023619 166.021438 166.020712 166.021075 166.022892 166.026162 166.031976 166.041060 
166.040333 166.033429 166.027979 166.023982 166.022165 166.021802 166.022165 166.023982 166.027616 166.033066 0.000000 
166.039243 166.033066 166.027979 166.024709 166.022892 166.022892 166.023255 166.025072 166.028706 166.034519 0.000000 
166.038880 166.033066 166.028342 166.025435 166.023619 166.023619 166.023982 166.026525 166.030159 166.035609 0.000000 
166.038516 166.033066 166.028706 166.025799 166.024709 166.024709 166.025072 166.027616 166.031249 166.037063 0.000000 
166.038516 166.033066 166.029069 166.026525 166.025435 166.025435 166.026162 166.028706 166.032703 166.038153 0.000000 
166.038153 166.033066 166.029432 166.027252 166.026525 166.026525 166.027252 166.030159 166.033793 166.039606 0.000000 
166.038153 166.033429 166.029796 166.027979 166.027252 166.027252 166.028342 166.031249 166.035246 166.040697 0.000000 
166.038153 166.033429 166.030522 166.028706 166.028342 166.028342 166.029796 166.032339 166.036336 0.000000 0.000000 
166.038153 166.033793 166.031249 166.029432 166.029069 166.029432 166.030886 166.033793 166.037790 0.000000 0.000000 
166.038153 166.034156 166.031612 166.030159 166.030159 166.030522 166.031976 166.034883 166.038880 0.000000 0.000000 
166.038153 166.034519 166.032339 166.031249 166.030886 166.031249 166.033066 166.035973 166.040333 0.000000 0.000000 
166.038516 166.035246 166.033066 166.031976 166.031976 166.032703 166.034156 166.037426 166.041423 0.000000 0.000000 
166.038880 166.035609 166.033793 166.032703 166.032703 166.033429 166.035609 166.038516 0.000000 0.000000 0.000000 
166.039243 166.036336 166.034156 166.033793 166.033793 166.034519 166.036700 166.039606 0.000000 0.000000 0.000000 
166.039606 166.037063 166.034883 166.034519 166.034883 166.035609 166.037790 166.041060 0.000000 0.000000 0.000000 
166.039970 166.037426 166.035973 166.035609 166.035609 166.036700 166.038880 0.000000 0.000000 0.000000 0.000000 
166.040333 166.038153 166.036700 166.036700 166.036700 166.037790 166.040333 0.000000 0.000000 0.000000 0.000000 
166.040697 166.038516 166.037426 166.037426 166.037790 166.038880 166.041423 0.000000 0.000000 0.000000 0.000000 
166.041423 166.039243 166.038516 166.038516 166.038880 166.039970 0.000000 0.000000 0.000000 0.000000 0.000000 
0.000000 166.039970 166.039243 166.039243 166.039606 166.041060 0.000000 0.000000 0.000000 0.000000 0.000000 
0.000000 166.040697 166.040333 166.040333 166.040697 0.000000 0.000000 0.000000 0.000000 0.000000 0.000000 
0.000000 166.041423 166.041060 166.041060 0.000000 0.000000 0.000000 0.000000 0.000000 0.000000 0.000000 
