test/output/constant/M380_S060_A090_WD090.0_WS005.0/M380_S060_A090_WD090.0_WS005.0_ros.asc
ncols         11
nrows         46
xllcorner     425803.990666
yllcorner     12744255.311160
cellsize      100.000000
NODATA_value  0.000000
0.000000 0.000000 0.000000 0.000000 0.000000 0.000000 0.000000 1.816786 0.000000 1.044871 0.000000 
0.000000 0.000000 0.000000 0.000000 0.000000 0.000000 1.071921 57.882263 76.221024 27.258678 0.000000 
0.000000 0.000000 0.000000 0.000000 0.000000 0.000000 2.432625 67.705658 76.221024 33.562359 1.044871 
0.000000 0.000000 0.000000 0.000000 0.000000 2.432625 52.033302 76.221024 76.221024 33.562359 0.858206 
0.000000 0.000000 0.000000 0.000000 0.000000 52.033302 57.882263 76.221024 76.133583 40.032005 27.258678 
0.000000 0.000000 0.000000 0.000000 1.816786 2.432625 4.253168 76.221024 46.471169 33.562359 21.312334 
0.000000 0.000000 0.000000 0.000000 45.790886 4.253168 71.381355 76.221024 52.684326 40.032005 27.258678 
0.000000 0.000000 0.000000 0.000000 52.033302 52.033302 63.159882 76.221024 58.482800 21.312334 21.312334 
0.000000 0.000000 0.000000 4.253168 2.432625 2.432625 63.159882 76.221024 58.482800 40.032005 27.258678 
0.000000 0.000000 0.000000 1.420425 4.253168 4.253168 76.221024 76.221024 52.684326 46.471169 27.258678 
0.000000 0.000000 0.000000 4.253168 4.253168 74.075172 76.221024 74.305565 52.684326 40.032005 27.258678 
0.000000 0.000000 0.000000 57.882263 57.882263 71.381355 76.221024 68.149323 58.482800 40.032005 40.032005 
0.000000 0.000000 52.033302 2.432625 57.882263 76.221024 76.221024 75.816116 52.684326 33.562359 27.258678 
0.000000 0.000000 1.816786 57.882263 57.882263 76.221024 76.221024 76.221024 52.684326 52.684326 33.562359 
0.000000 0.000000 57.882263 57.882263 76.077919 75.705147 76.221024 46.471169 58.482800 40.032005 40.032005 
0.000000 0.000000 4.253168 4.253168 74.075172 76.221024 76.221024 58.482800 52.684326 52.684326 33.562359 
0.000000 0.000000 2.432625 57.882263 57.882263 76.221024 76.221024 68.149323 52.684326 40.032005 27.258678 
0.000000 52.033302 4.253168 52.033302 75.705147 76.221024 76.221024 21.312334 46.471169 33.562359 46.471169 
0.000000 52.033302 52.033302 76.077919 76.221024 76.221024 52.684326 21.312334 58.482800 52.684326 40.032005 
0.000000 57.882263 52.033302 74.075172 76.221024 76.221024 76.221024 58.482800 52.684326 27.258678 21.312334 
0.000000 52.033302 4.253168 74.075172 74.075172 76.221024 58.482800 52.684326 58.482800 52.684326 33.562359 
0.000000 57.882263 52.033302 76.221024 67.705658 76.221024 58.482800 58.482800 52.684326 58.482800 27.258678 
0.000000 52.033302 76.221024 71.381355 76.221024 76.221024 52.684326 58.482800 58.482800 58.482800 33.562359 
52.033302 52.033302 76.077919 75.705147 76.221024 76.221024 52.684326 40.032005 58.482800 27.258678 33.562359 
4.253168 1.816786 75.705147 67.705658 76.221024 76.221024 40.032005 52.684326 27.258678 58.482800 0.000000 
52.033302 75.705147 71.381355 63.159882 76.221024 52.684326 27.258678 58.482800 52.684326 27.258678 0.000000 
4.253168 76.221024 76.221024 76.221024 76.221024 76.221024 68.149323 46.471169 21.312334 58.482800 0.000000 
57.882263 76.221024 76.221024 76.221024 76.221024 74.305565 58.482800 52.684326 52.684326 40.032005 0.000000 
1.816786 76.221024 76.221024 57.882263 76.221024 76.221024 63.690514 52.684326 33.562359 52.684326 0.000000 
75.705147 74.075172 76.221024 67.705658 76.221024 58.482800 76.221024 46.471169 52.684326 46.471169 0.000000 
76.221024 76.221024 76.221024 76.221024 76.221024 76.221024 75.816116 58.482800 46.471169 52.684326 0.000000 
76.221024 76.077919 76.221024 76.221024 76.221024 46.471169 40.032005 52.684326 52.684326 0.000000 0.000000 
76.221024 71.381355 76.221024 76.221024 76.221024 46.471169 52.684326 46.471169 46.471169 0.000000 0.000000 
74.075172 67.705658 76.221024 76.221024 76.221024 63.690514 52.684326 58.482800 52.684326 0.000000 0.000000 
67.705658 76.077919 75.705147 76.221024 76.221024 63.690514 58.482800 52.684326 46.471169 0.000000 0.000000 
76.221024 76.221024 76.221024 76.221024 52.684326 52.684326 76.133583 33.562359 58.482800 0.000000 0.000000 
76.221024 76.221024 76.221024 76.221024 76.221024 76.221024 40.032005 58.482800 0.000000 0.000000 0.000000 
76.221024 76.221024 63.159882 76.221024 40.032005 58.482800 58.482800 52.684326 0.000000 0.000000 0.000000 
76.221024 76.221024 76.221024 76.221024 76.221024 58.482800 52.684326 33.562359 0.000000 0.000000 0.000000 
76.221024 76.221024 76.221024 76.221024 71.723854 52.684326 52.684326 0.000000 0.000000 0.000000 0.000000 
76.077919 76.221024 76.221024 46.471169 52.684326 68.149323 33.562359 0.000000 0.000000 0.000000 0.000000 
67.705658 63.159882 76.221024 76.221024 68.149323 52.684326 58.482800 0.000000 0.000000 0.000000 0.000000 
76.221024 76.077919 76.221024 63.690514 40.032005 58.482800 0.000000 0.000000 0.000000 0.000000 0.000000 
0.000000 76.221024 76.221024 76.221024 76.221024 63.690514 0.000000 0.000000 0.000000 0.000000 0.000000 
0.000000 76.221024 76.221024 63.690514 58.482800 0.000000 0.000000 0.000000 0.000000 0.000000 0.000000 
0.000000 76.221024 76.221024 76.221024 0.000000 0.000000 0.000000 0.000000 0.000000 0.000000 0.000000 
