test/output/constant/M365_S060_A180_WD090.0_WS005.0/M365_S060_A180_WD090.0_WS005.0_arrival.asc
ncols         32
nrows         9
xllcorner     426503.990666
yllcorner     12748355.311160
cellsize      100.000000
NODATA_value  0.000000
0.000000 0.000000 0.000000 0.000000 0.000000 0.000000 0.000000 0.000000 0.000000 0.000000 0.000000 0.000000 0.000000 166.041565 166.041018 166.040471 166.040471 166.039924 166.040471 166.040471 166.040471 166.041565 0.000000 0.000000 0.000000 0.000000 0.000000 0.000000 0.000000 0.000000 0.000000 0.000000 
0.000000 0.000000 0.000000 0.000000 0.000000 166.041018 166.036643 166.033361 166.031174 166.030080 166.029533 166.028986 166.028986 166.028986 166.028986 166.029533 166.030080 166.031174 166.031721 166.032814 166.033908 166.034455 166.035549 166.036643 166.037736 166.038830 166.039924 166.041018 0.000000 0.000000 0.000000 0.000000 
0.000000 0.000000 166.036096 166.026798 166.021329 166.019142 166.018048 166.017501 166.017501 166.017501 166.018048 166.019142 166.019689 166.020782 166.021876 166.022970 166.024064 166.025158 166.026251 166.027345 166.028439 166.030080 166.031174 166.032267 166.033908 166.035002 166.036096 166.037736 166.038830 166.040471 166.041565 0.000000 
0.000000 166.012579 166.006563 166.006016 166.006016 166.006563 166.007657 166.008750 166.010391 166.011485 166.012579 166.014220 166.015313 166.016954 166.018048 166.019689 166.020782 166.021876 166.023517 166.024611 166.026251 166.027345 166.028986 166.030080 166.031174 166.032814 166.033908 166.035549 166.036643 166.038283 166.039377 166.041018 
166.030627 166.000000 166.001094 166.002188 166.003828 166.004922 166.006563 166.007657 166.009297 166.010391 166.012032 166.013126 166.014766 166.015860 166.017501 166.018595 166.020235 166.021329 166.022970 166.024064 166.025705 166.026798 166.028439 166.029533 166.031174 166.032267 166.033908 166.035002 166.036643 166.037736 166.039377 166.040471 
0.000000 166.012579 166.006563 166.006016 166.006016 166.006563 166.007657 166.008750 166.010391 166.011485 166.012579 166.014220 166.015313 166.016954 166.018048 166.019689 166.020782 166.021876 166.023517 166.024611 166.026251 166.027345 166.028986 166.030080 166.031174 166.032814 166.033908 166.035549 166.036643 166.038283 166.039377 166.041018 
0.000000 0.000000 166.036096 166.026798 166.021329 166.019142 166.018048 166.017501 166.017501 166.017501 166.018048 166.019142 166.019689 166.020782 166.021876 166.022970 166.024064 166.025158 166.026251 166.027345 166.028439 166.030080 166.031174 166.032267 166.033908 166.035002 166.036096 166.037736 166.038830 166.040471 166.041565 0.000000 
0.000000 0.000000 0.000000 0.000000 0.000000 166.041018 166.036643 166.033361 166.031174 166.030080 166.029533 166.028986 166.028986 166.028986 166.028986 166.029533 166.030080 166.031174 166.031721 166.032814 166.033908 166.034455 166.035549 166.036643 166.037736 166.038830 166.039924 166.041018 0.000000 0.000000 0.000000 0.000000 
0.000000 0.000000 0.000000 0.000000 0.000000 0.000000 0.000000 0.000000 0.000000 0.000000 0.000000 0.000000 0.000000 166.041565 166.041018 166.040471 166.040471 166.039924 166.040471 166.040471 166.040471 166.041565 0.000000 0.000000 0.000000 0.000000 0.000000 0.000000 0.000000 0.000000 0.000000 0.000000 
