test/output/constant/M3100_S060_A090_WD180.0_WS050.0/M3100_S060_A090_WD180.0_WS050.0_arrival.asc
ncols         13
nrows         21
xllcorner     426003.990666
yllcorner     12748255.311160
cellsize      100.000000
NODATA_value  0.000000
0.000000 0.000000 0.000000 0.000000 166.041667 166.041340 166.041340 166.041340 166.041667 0.000000 0.000000 0.000000 0.000000 
0.000000 0.000000 0.000000 166.040223 166.039105 166.037988 166.037988 166.037988 166.039105 166.040223 0.000000 0.000000 0.000000 
0.000000 0.000000 166.040223 166.037988 166.036871 166.035754 166.035754 166.035754 166.036871 166.037988 166.040223 0.000000 0.000000 
0.000000 166.040223 166.037988 166.035754 166.033519 166.032402 166.032402 166.032402 166.033519 166.035754 166.037988 166.040223 0.000000 
0.000000 166.039105 166.035754 166.032402 166.031284 166.030167 166.030167 166.030167 166.031284 166.032402 166.035754 166.039105 0.000000 
166.041340 166.036871 166.033519 166.030167 166.027932 166.026815 166.026815 166.026815 166.027932 166.030167 166.033519 166.036871 166.041340 
166.039105 166.034636 166.031284 166.027932 166.025698 166.024581 166.024581 166.024581 166.025698 166.027932 166.031284 166.034636 166.039105 
166.037988 166.033519 166.029050 166.025698 166.023463 166.021229 166.021229 166.021229 166.023463 166.025698 166.029050 166.033519 166.037988 
166.037988 166.032402 166.026815 166.023463 166.020111 166.018994 166.018994 166.018994 166.020111 166.023463 166.026815 166.032402 166.037988 
166.036871 166.031284 166.025698 166.021229 166.017877 166.016759 166.015642 166.016759 166.017877 166.021229 166.025698 166.031284 166.036871 
166.036871 166.030167 166.024581 166.018994 166.015642 166.013408 166.013408 166.013408 166.015642 166.018994 166.024581 166.030167 166.036871 
166.036871 166.030167 166.023463 166.017877 166.013408 166.011173 166.010056 166.011173 166.013408 166.017877 166.023463 166.030167 166.036871 
166.037988 166.030167 166.023463 166.017877 166.011173 166.007821 166.007821 166.007821 166.011173 166.017877 166.023463 166.030167 166.037988 
166.039105 166.031284 166.023463 166.016759 166.011173 166.005586 166.004469 166.005586 166.011173 166.016759 166.023463 166.031284 166.039105 
166.041340 166.033519 166.025698 166.017877 166.010056 166.004469 166.002235 166.004469 166.010056 166.017877 166.025698 166.033519 166.041340 
0.000000 166.035754 166.026815 166.018994 166.011173 166.003352 166.000000 166.003352 166.011173 166.018994 166.026815 166.035754 0.000000 
0.000000 166.039105 166.030167 166.022346 166.014525 166.006704 166.004469 166.006704 166.014525 166.022346 166.030167 166.039105 0.000000 
0.000000 0.000000 166.034636 166.027932 166.020111 166.014525 166.013408 166.014525 166.020111 166.027932 166.034636 0.000000 0.000000 
0.000000 0.000000 166.040223 166.033519 166.026815 166.023463 166.022346 166.023463 166.026815 166.033519 166.040223 0.000000 0.000000 
0.000000 0.000000 0.000000 166.040223 166.034636 166.032402 166.031284 166.032402 166.034636 166.040223 0.000000 0.000000 0.000000 
0.000000 0.000000 0.000000 0.000000 0.000000 166.041340 166.039105 166.041340 0.000000 0.000000 0.000000 0.000000 0.000000 
