test/output/constant/M4100_S000_A180_WD270.0_WS050.0/M4100_S000_A180_WD270.0_WS050.0_arrival.asc
ncols         47
nrows         9
xllcorner     426603.990666
yllcorner     12748355.311160
cellsize      100.000000
NODATA_value  0.000000
0.000000 0.000000 0.000000 0.000000 0.000000 0.000000 0.000000 0.000000 0.000000 0.000000 0.000000 0.000000 0.000000 0.000000 0.000000 0.000000 0.000000 0.000000 0.000000 0.000000 0.000000 166.041219 166.040854 166.040854 166.040489 166.040489 166.040489 166.040489 166.040854 166.041219 166.041584 0.000000 0.000000 0.000000 0.000000 0.000000 0.000000 0.000000 0.000000 0.000000 0.000000 0.000000 0.000000 0.000000 0.000000 0.000000 0.000000 
0.000000 0.000000 0.000000 0.000000 0.000000 0.000000 0.000000 166.041667 166.038665 166.036477 166.033923 166.032829 166.031370 166.030641 166.029911 166.029546 166.029181 166.028817 166.028817 166.029181 166.029181 166.029546 166.029911 166.030641 166.031370 166.031735 166.032464 166.033194 166.033559 166.034288 166.035018 166.035747 166.036112 166.036842 166.037571 166.038301 166.039030 166.039760 166.040489 166.041219 0.000000 0.000000 0.000000 0.000000 0.000000 0.000000 0.000000 
0.000000 0.000000 0.000000 166.032100 166.025534 166.022616 166.020427 166.018968 166.018238 166.017874 166.017509 166.017509 166.017509 166.017874 166.018603 166.018968 166.019697 166.020427 166.020792 166.021521 166.022251 166.022980 166.023710 166.024439 166.025169 166.025899 166.026993 166.027722 166.028452 166.029181 166.030276 166.031005 166.031735 166.032829 166.033559 166.034288 166.035382 166.036112 166.036842 166.037936 166.038665 166.039395 166.040489 166.041219 0.000000 0.000000 0.000000 
166.025169 166.009849 166.006931 166.006201 166.005836 166.006201 166.006931 166.007660 166.008390 166.009119 166.009849 166.010578 166.011673 166.012402 166.013496 166.014226 166.014955 166.016050 166.016779 166.017509 166.018603 166.019333 166.020427 166.021157 166.022251 166.022980 166.024075 166.024804 166.025899 166.026628 166.027722 166.028452 166.029546 166.030276 166.031370 166.032100 166.033194 166.033923 166.035018 166.035747 166.036842 166.037571 166.038665 166.039395 166.040489 166.041219 0.000000 
166.000000 166.000730 166.001459 166.002553 166.003283 166.004377 166.005107 166.006201 166.006931 166.008025 166.008754 166.009849 166.010578 166.011673 166.012402 166.013496 166.014226 166.015320 166.016050 166.017144 166.017874 166.018968 166.019697 166.020792 166.021521 166.022616 166.023345 166.024439 166.025169 166.026263 166.026993 166.028087 166.028817 166.029911 166.030641 166.031735 166.032464 166.033559 166.034288 166.035382 166.036112 166.037206 166.037936 166.039030 166.039760 166.040854 166.041584 
166.025169 166.009849 166.006931 166.006201 166.005836 166.006201 166.006931 166.007660 166.008390 166.009119 166.009849 166.010578 166.011673 166.012402 166.013496 166.014226 166.014955 166.016050 166.016779 166.017509 166.018603 166.019333 166.020427 166.021157 166.022251 166.022980 166.024075 166.024804 166.025899 166.026628 166.027722 166.028452 166.029546 166.030276 166.031370 166.032100 166.033194 166.033923 166.035018 166.035747 166.036842 166.037571 166.038665 166.039395 166.040489 166.041219 0.000000 
0.000000 0.000000 0.000000 166.032100 166.025534 166.022616 166.020427 166.018968 166.018238 166.017874 166.017509 166.017509 166.017509 166.017874 166.018603 166.018968 166.019697 166.020427 166.020792 166.021521 166.022251 166.022980 166.023710 166.024439 166.025169 166.025899 166.026993 166.027722 166.028452 166.029181 166.030276 166.031005 166.031735 166.032829 166.033559 166.034288 166.035382 166.036112 166.036842 166.037936 166.038665 166.039395 166.040489 166.041219 0.000000 0.000000 0.000000 
0.000000 0.000000 0.000000 0.000000 0.000000 0.000000 0.000000 166.041667 166.038665 166.036477 166.033923 166.032829 166.031370 166.030641 166.029911 166.029546 166.029181 166.028817 166.028817 166.029181 166.029181 166.029546 166.029911 166.030641 166.031370 166.031735 166.032464 166.033194 166.033559 166.034288 166.035018 166.035747 166.036112 166.036842 166.037571 166.038301 166.039030 166.039760 166.040489 166.041219 0.000000 0.000000 0.000000 0.000000 0.000000 0.000000 0.000000 
0.000000 0.000000 0.000000 0.000000 0.000000 0.000000 0.000000 0.000000 0.000000 0.000000 0.000000 0.000000 0.000000 0.000000 0.000000 0.000000 0.000000 0.000000 0.000000 0.000000 0.000000 166.041219 166.040854 166.040854 166.040489 166.040489 166.040489 166.040489 166.040854 166.041219 166.041584 0.000000 0.000000 0.000000 0.000000 0.000000 0.000000 0.000000 0.000000 0.000000 0.000000 0.000000 0.000000 0.000000 0.000000 0.000000 0.000000 
