test/output/constant/M360_S060_A180_WD270.0_WS045.0/M360_S060_A180_WD270.0_WS045.0_arrival.asc
ncols         46
nrows         7
xllcorner     426603.990666
yllcorner     12748455.311160
cellsize      100.000000
NODATA_value  0.000000
0.000000 0.000000 0.000000 0.000000 0.000000 0.000000 0.000000 0.000000 0.000000 0.000000 0.000000 0.000000 0.000000 0.000000 0.000000 0.000000 0.000000 0.000000 0.000000 0.000000 0.000000 166.041117 166.041117 166.040743 166.040370 166.040370 166.040370 166.040370 166.040743 166.041491 0.000000 0.000000 0.000000 0.000000 0.000000 0.000000 0.000000 0.000000 0.000000 0.000000 0.000000 0.000000 0.000000 0.000000 0.000000 0.000000 
0.000000 0.000000 0.000000 0.000000 0.000000 0.000000 166.036258 166.032894 166.030277 166.028034 166.026539 166.025792 166.025044 166.024670 166.024297 166.024297 166.024297 166.024670 166.025044 166.025792 166.026166 166.026913 166.027661 166.028408 166.028782 166.029530 166.030277 166.031025 166.031772 166.032520 166.033268 166.034015 166.034763 166.035510 166.036632 166.037379 166.038127 166.039248 166.039996 166.040743 166.041667 0.000000 0.000000 0.000000 0.000000 0.000000 
0.000000 166.022054 166.011961 166.009719 166.008597 166.008223 166.008223 166.008971 166.009719 166.010466 166.010840 166.011961 166.012709 166.013457 166.014578 166.015326 166.016447 166.017194 166.017942 166.019063 166.019811 166.020932 166.021680 166.022428 166.023549 166.024297 166.025418 166.026166 166.027287 166.028034 166.029156 166.029903 166.030651 166.031772 166.032520 166.033641 166.034389 166.035510 166.036258 166.037379 166.038127 166.039248 166.039996 166.041117 0.000000 0.000000 
166.000000 166.000748 166.001495 166.002617 166.003364 166.004486 166.005233 166.006354 166.007102 166.008223 166.008971 166.010092 166.010840 166.011961 166.012709 166.013830 166.014578 166.015699 166.016447 166.017568 166.018316 166.019437 166.020185 166.021306 166.022054 166.023175 166.023923 166.025044 166.025792 166.026913 166.027661 166.028782 166.029530 166.030651 166.031399 166.032520 166.033268 166.034389 166.035137 166.036258 166.037006 166.038127 166.038874 166.039996 166.040743 166.041667 
0.000000 166.022054 166.011961 166.009719 166.008597 166.008223 166.008223 166.008971 166.009719 166.010466 166.010840 166.011961 166.012709 166.013457 166.014578 166.015326 166.016447 166.017194 166.017942 166.019063 166.019811 166.020932 166.021680 166.022428 166.023549 166.024297 166.025418 166.026166 166.027287 166.028034 166.029156 166.029903 166.030651 166.031772 166.032520 166.033641 166.034389 166.035510 166.036258 166.037379 166.038127 166.039248 166.039996 166.041117 0.000000 0.000000 
0.000000 0.000000 0.000000 0.000000 0.000000 0.000000 166.036258 166.032894 166.030277 166.028034 166.026539 166.025792 166.025044 166.024670 166.024297 166.024297 166.024297 166.024670 166.025044 166.025792 166.026166 166.026913 166.027661 166.028408 166.028782 166.029530 166.030277 166.031025 166.031772 166.032520 166.033268 166.034015 166.034763 166.035510 166.036632 166.037379 166.038127 166.039248 166.039996 166.040743 166.041667 0.000000 0.000000 0.000000 0.000000 0.000000 
0.000000 0.000000 0.000000 0.000000 0.000000 0.000000 0.000000 0.000000 0.000000 0.000000 0.000000 0.000000 0.000000 0.000000 0.000000 0.000000 0.000000 0.000000 0.000000 0.000000 0.000000 166.041117 166.041117 166.040743 166.040370 166.040370 166.040370 166.040370 166.040743 166.041491 0.000000 0.000000 0.000000 0.000000 0.000000 0.000000 0.000000 0.000000 0.000000 0.000000 0.000000 0.000000 0.000000 0.000000 0.000000 0.000000 
