test/output/constant/M345_S060_A090_WD045.0_WS010.0/M345_S060_A090_WD045.0_WS010.0_arrival.asc
ncols         8
nrows         31
xllcorner     426003.990666
yllcorner     12745755.311160
cellsize      100.000000
NODATA_value  0.000000
0.000000 0.000000 0.000000 0.000000 0.000000 166.015753 166.000000 166.035851 
0.000000 0.000000 0.000000 0.000000 0.000000 166.003802 166.001086 166.023901 
0.000000 0.000000 0.000000 0.000000 166.022815 166.003802 166.002173 166.021728 
0.000000 0.000000 0.000000 0.000000 166.014666 166.003802 166.003802 166.022271 
0.000000 0.000000 0.000000 166.034222 166.010864 166.004889 166.005432 166.022815 
0.000000 0.000000 0.000000 166.025531 166.010321 166.006518 166.007062 166.023901 
0.000000 0.000000 0.000000 166.021185 166.010321 166.008148 166.009234 166.026074 
0.000000 0.000000 166.036938 166.018469 166.010321 166.009234 166.011407 166.028247 
0.000000 0.000000 166.031506 166.017382 166.010864 166.010864 166.013580 166.029876 
0.000000 0.000000 166.027703 166.016839 166.011950 166.011950 166.015753 166.032592 
0.000000 0.000000 166.025531 166.016839 166.013580 166.013580 166.018469 166.034765 
0.000000 166.038024 166.024444 166.016839 166.014666 166.015210 166.020642 166.037481 
0.000000 166.034765 166.023901 166.017382 166.016296 166.016839 166.022815 166.039654 
0.000000 166.032592 166.023358 166.018469 166.017382 166.019012 166.024987 0.000000 
0.000000 166.031506 166.023358 166.019012 166.019012 166.020642 166.027703 0.000000 
166.041667 166.030419 166.023358 166.020642 166.020642 166.022815 166.029876 0.000000 
166.039654 166.030419 166.023901 166.021728 166.021728 166.024987 166.032592 0.000000 
166.038024 166.029876 166.024444 166.023358 166.023358 166.027160 166.034765 0.000000 
166.037481 166.029876 166.025531 166.024444 166.024987 166.028790 166.036938 0.000000 
166.036938 166.029876 166.026074 166.026074 166.026617 166.030963 166.039654 0.000000 
166.036938 166.030419 166.027703 166.027160 166.028790 166.033135 166.041667 0.000000 
166.036395 166.030963 166.028790 166.028790 166.030419 166.035308 0.000000 0.000000 
166.036395 166.031506 166.029876 166.030419 166.032592 166.038024 0.000000 0.000000 
166.036395 166.032592 166.031506 166.031506 166.034222 166.040197 0.000000 0.000000 
166.036938 166.033679 166.033135 166.033135 166.036395 0.000000 0.000000 0.000000 
166.037481 166.034765 166.034222 166.034765 166.038567 0.000000 0.000000 0.000000 
166.038024 166.035851 166.035851 166.036938 166.040740 0.000000 0.000000 0.000000 
166.039111 166.036938 166.036938 166.038567 0.000000 0.000000 0.000000 0.000000 
166.039654 166.038567 166.038567 166.040197 0.000000 0.000000 0.000000 0.000000 
166.040740 166.039654 166.040197 0.000000 0.000000 0.000000 0.000000 0.000000 
166.041667 166.041283 166.041283 0.000000 0.000000 0.000000 0.000000 0.000000 
