test/output/constant/M180_S000_A270_WD090.0_WS050.0/M180_S000_A270_WD090.0_WS050.0_arrival.asc
ncols         34
nrows         7
xllcorner     423303.990666
yllcorner     12748455.311160
cellsize      100.000000
NODATA_value  0.000000
0.000000 0.000000 0.000000 0.000000 0.000000 0.000000 0.000000 0.000000 0.000000 0.000000 0.000000 166.041082 166.040581 166.040080 166.040080 166.040080 166.040080 166.040080 166.040581 166.041082 0.000000 0.000000 0.000000 0.000000 0.000000 0.000000 0.000000 0.000000 0.000000 0.000000 0.000000 0.000000 0.000000 0.000000 
0.000000 0.000000 0.000000 166.041583 166.040080 166.039078 166.038076 166.037074 166.035571 166.034569 166.033567 166.032565 166.031563 166.030561 166.029559 166.028557 166.028056 166.027054 166.026052 166.025551 166.024549 166.024048 166.024048 166.024048 166.024549 166.025050 166.026052 166.028056 166.031062 166.036072 0.000000 0.000000 0.000000 0.000000 
166.041583 166.040581 166.039579 166.038076 166.037074 166.035571 166.034569 166.033066 166.032064 166.030561 166.029559 166.028056 166.027054 166.025551 166.024549 166.023046 166.022044 166.020541 166.019539 166.018537 166.017034 166.016032 166.015030 166.013527 166.012525 166.011523 166.010521 166.009519 166.008517 166.008016 166.008517 166.009018 166.013527 166.037074 
166.041082 166.039579 166.038577 166.037074 166.036072 166.034569 166.033567 166.032064 166.031062 166.029559 166.028557 166.027054 166.026052 166.024549 166.023547 166.022044 166.021042 166.019539 166.018537 166.017034 166.016032 166.014529 166.013527 166.012024 166.011022 166.009519 166.008517 166.007014 166.006012 166.004509 166.003507 166.002004 166.001002 166.000000 
166.041583 166.040581 166.039579 166.038076 166.037074 166.035571 166.034569 166.033066 166.032064 166.030561 166.029559 166.028056 166.027054 166.025551 166.024549 166.023046 166.022044 166.020541 166.019539 166.018537 166.017034 166.016032 166.015030 166.013527 166.012525 166.011523 166.010521 166.009519 166.008517 166.008016 166.008517 166.009018 166.013527 166.037074 
0.000000 0.000000 0.000000 166.041583 166.040080 166.039078 166.038076 166.037074 166.035571 166.034569 166.033567 166.032565 166.031563 166.030561 166.029559 166.028557 166.028056 166.027054 166.026052 166.025551 166.024549 166.024048 166.024048 166.024048 166.024549 166.025050 166.026052 166.028056 166.031062 166.036072 0.000000 0.000000 0.000000 0.000000 
0.000000 0.000000 0.000000 0.000000 0.000000 0.000000 0.000000 0.000000 0.000000 0.000000 0.000000 166.041082 166.040581 166.040080 166.040080 166.040080 166.040080 166.040080 166.040581 166.041082 0.000000 0.000000 0.000000 0.000000 0.000000 0.000000 0.000000 0.000000 0.000000 0.000000 0.000000 0.000000 0.000000 0.000000 
