test/output/constant/M395_S060_A090_WD090.0_WS010.0/M395_S060_A090_WD090.0_WS010.0_ros.asc
ncols         17
nrows         55
xllcorner     425103.990666
yllcorner     12743355.311160
cellsize      100.000000
NODATA_value  0.000000
0.000000 0.000000 0.000000 0.000000 0.000000 0.000000 0.000000 0.000000 0.000000 0.000000 0.000000 0.000000 0.000000 1.486592 1.486592 -1.000000 1.043390 
0.000000 0.000000 0.000000 0.000000 0.000000 0.000000 0.000000 0.000000 0.000000 0.000000 0.000000 0.000000 0.000000 1.486592 77.219452 93.332703 19.632824 
0.000000 0.000000 0.000000 0.000000 0.000000 0.000000 0.000000 0.000000 0.000000 0.000000 0.000000 0.000000 1.096233 1.486592 93.332703 93.332703 19.632824 
0.000000 0.000000 0.000000 0.000000 0.000000 0.000000 0.000000 0.000000 0.000000 0.000000 0.000000 1.486592 2.712830 63.537952 93.332703 88.053871 19.632824 
0.000000 0.000000 0.000000 0.000000 0.000000 0.000000 0.000000 0.000000 0.000000 0.000000 0.000000 1.486592 2.712830 77.219452 93.332703 41.440357 19.632824 
0.000000 0.000000 0.000000 0.000000 0.000000 0.000000 0.000000 0.000000 0.000000 0.000000 2.712830 2.712830 63.537952 93.332703 93.332703 64.900421 13.782166 
0.000000 0.000000 0.000000 0.000000 0.000000 0.000000 0.000000 0.000000 0.000000 0.000000 2.712830 63.537952 63.537952 93.332703 93.332703 41.440357 19.632824 
0.000000 0.000000 0.000000 0.000000 0.000000 0.000000 0.000000 0.000000 0.000000 2.712830 63.537952 70.728134 63.537952 93.332703 19.632824 33.674248 33.674248 
0.000000 0.000000 0.000000 0.000000 0.000000 0.000000 0.000000 0.000000 0.000000 4.926519 2.712830 63.537952 93.332703 93.332703 41.440357 41.440357 33.674248 
0.000000 0.000000 0.000000 0.000000 0.000000 0.000000 0.000000 0.000000 0.000000 70.728134 2.712830 63.537952 93.332703 93.332703 78.326180 41.440357 19.632824 
0.000000 0.000000 0.000000 0.000000 0.000000 0.000000 0.000000 0.000000 63.537952 63.537952 8.348586 63.537952 93.332703 93.332703 41.440357 19.632824 33.674248 
0.000000 0.000000 0.000000 0.000000 0.000000 0.000000 0.000000 0.000000 2.712830 63.537952 4.926519 93.332703 93.332703 57.293858 41.440357 19.632824 19.632824 
0.000000 0.000000 0.000000 0.000000 0.000000 0.000000 0.000000 63.537952 63.537952 63.537952 4.926519 93.332703 93.332703 93.332703 33.674248 41.440357 33.674248 
0.000000 0.000000 0.000000 0.000000 0.000000 0.000000 0.000000 63.537952 2.712830 4.926519 70.728134 93.332703 93.332703 41.440357 26.330971 26.330971 33.674248 
0.000000 0.000000 0.000000 0.000000 0.000000 0.000000 0.000000 4.926519 63.537952 70.728134 93.332703 93.332703 78.326180 33.674248 41.440357 41.440357 19.632824 
0.000000 0.000000 0.000000 0.000000 0.000000 0.000000 8.348586 63.537952 63.537952 63.537952 93.332703 93.332703 93.255630 49.393951 26.330971 41.440357 33.674248 
0.000000 0.000000 0.000000 0.000000 0.000000 0.000000 63.537952 70.728134 4.926519 77.219452 93.332703 93.332703 83.737938 41.440357 41.440357 19.632824 19.632824 
0.000000 0.000000 0.000000 0.000000 0.000000 0.000000 63.537952 63.537952 63.537952 93.332703 93.332703 93.332703 83.737938 71.982841 33.674248 41.440357 0.000000 
0.000000 0.000000 0.000000 0.000000 0.000000 63.537952 63.537952 4.926519 63.537952 90.667290 93.332703 93.332703 83.737938 26.330971 19.632824 26.330971 0.000000 
0.000000 0.000000 0.000000 0.000000 0.000000 4.926519 2.712830 70.728134 82.814476 93.332703 93.332703 71.982841 93.332703 33.674248 33.674248 33.674248 0.000000 
0.000000 0.000000 0.000000 0.000000 0.000000 63.537952 63.537952 4.926519 77.219452 93.332703 93.332703 41.440357 26.330971 41.440357 33.674248 33.674248 0.000000 
0.000000 0.000000 0.000000 0.000000 70.728134 70.728134 63.537952 70.728134 93.332703 93.332703 93.332703 19.632824 41.440357 19.632824 41.440357 19.632824 0.000000 
0.000000 0.000000 0.000000 0.000000 2.712830 63.537952 70.728134 77.219452 93.332703 93.332703 93.332703 93.332703 26.330971 41.440357 26.330971 33.674248 0.000000 
0.000000 0.000000 0.000000 0.000000 63.537952 63.537952 70.728134 77.219452 93.332703 93.332703 88.053871 41.440357 78.326180 13.782166 19.632824 26.330971 0.000000 
0.000000 0.000000 0.000000 0.000000 63.537952 4.926519 63.537952 93.332703 93.332703 93.332703 83.737938 41.440357 33.674248 57.293858 13.782166 33.674248 0.000000 
0.000000 0.000000 0.000000 70.728134 4.926519 63.537952 77.219452 93.332703 93.332703 93.332703 91.143028 41.440357 83.737938 19.632824 33.674248 0.000000 0.000000 
0.000000 0.000000 0.000000 63.537952 63.537952 63.537952 4.926519 93.332703 93.332703 93.332703 92.911713 26.330971 13.782166 33.674248 33.674248 0.000000 0.000000 
0.000000 0.000000 0.000000 4.926519 63.537952 8.348586 93.332703 93.332703 93.332703 64.900421 49.393951 41.440357 41.440357 33.674248 33.674248 0.000000 0.000000 
0.000000 0.000000 0.000000 63.537952 4.926519 77.219452 93.332703 93.332703 93.332703 93.332703 26.330971 13.782166 41.440357 33.674248 19.632824 0.000000 0.000000 
0.000000 0.000000 4.926519 70.728134 4.926519 93.332703 90.667290 93.332703 93.332703 78.326180 33.674248 83.737938 19.632824 41.440357 0.000000 0.000000 0.000000 
0.000000 0.000000 4.926519 63.537952 63.537952 93.332703 93.332703 93.332703 93.332703 78.326180 33.674248 41.440357 71.982841 41.440357 0.000000 0.000000 0.000000 
0.000000 0.000000 63.537952 63.537952 63.537952 93.332703 93.332703 93.332703 83.737938 41.440357 41.440357 33.674248 13.782166 33.674248 0.000000 0.000000 0.000000 
0.000000 0.000000 4.926519 63.537952 8.348586 93.332703 93.332703 93.332703 93.332703 71.982841 83.737938 33.674248 57.293858 33.674248 0.000000 0.000000 0.000000 
0.000000 0.000000 63.537952 1.958527 93.142502 90.667290 87.343010 93.255630 33.674248 41.440357 41.440357 78.326180 41.440357 0.000000 0.000000 0.000000 0.000000 
0.000000 70.728134 63.537952 70.728134 93.332703 93.332703 93.332703 83.737938 93.332703 57.293858 26.330971 41.440357 26.330971 0.000000 0.000000 0.000000 0.000000 
0.000000 63.537952 4.926519 77.219452 93.332703 93.332703 93.332703 93.332703 33.674248 57.293858 83.737938 41.440357 33.674248 0.000000 0.000000 0.000000 0.000000 
0.000000 4.926519 70.728134 93.332703 90.667290 93.332703 93.332703 93.332703 83.737938 71.982841 41.440357 19.632824 26.330971 0.000000 0.000000 0.000000 0.000000 
0.000000 4.926519 77.219452 93.332703 93.332703 93.332703 93.332703 41.440357 93.332703 78.326180 19.632824 41.440357 0.000000 0.000000 0.000000 0.000000 0.000000 
0.000000 63.537952 77.219452 90.667290 93.142502 90.667290 93.332703 64.900421 41.440357 83.737938 19.632824 26.330971 0.000000 0.000000 0.000000 0.000000 0.000000 
0.000000 77.219452 93.332703 93.332703 93.332703 93.332703 78.326180 88.053871 41.440357 49.393951 41.440357 33.674248 0.000000 0.000000 0.000000 0.000000 0.000000 
0.000000 4.926519 93.332703 90.667290 93.332703 93.332703 93.332703 83.737938 93.332703 26.330971 41.440357 0.000000 0.000000 0.000000 0.000000 0.000000 0.000000 
63.537952 63.537952 93.332703 93.332703 93.332703 93.332703 91.143028 41.440357 41.440357 41.440357 26.330971 0.000000 0.000000 0.000000 0.000000 0.000000 0.000000 
63.537952 70.728134 93.332703 93.332703 93.332703 78.326180 71.982841 57.293858 71.982841 41.440357 49.393951 0.000000 0.000000 0.000000 0.000000 0.000000 0.000000 
77.219452 93.332703 93.332703 93.332703 93.332703 93.332703 71.982841 64.900421 41.440357 71.982841 0.000000 0.000000 0.000000 0.000000 0.000000 0.000000 0.000000 
1.486592 93.332703 82.814476 93.332703 93.332703 93.332703 83.737938 49.393951 88.053871 83.737938 0.000000 0.000000 0.000000 0.000000 0.000000 0.000000 0.000000 
70.728134 93.332703 93.332703 93.332703 93.332703 71.982841 41.440357 41.440357 33.674248 0.000000 0.000000 0.000000 0.000000 0.000000 0.000000 0.000000 0.000000 
93.332703 93.332703 87.343010 93.332703 93.332703 41.440357 33.674248 33.674248 33.674248 0.000000 0.000000 0.000000 0.000000 0.000000 0.000000 0.000000 0.000000 
90.667290 93.332703 93.332703 93.332703 78.326180 41.440357 78.326180 41.440357 0.000000 0.000000 0.000000 0.000000 0.000000 0.000000 0.000000 0.000000 0.000000 
93.332703 93.332703 93.332703 93.332703 93.332703 57.293858 93.332703 49.393951 0.000000 0.000000 0.000000 0.000000 0.000000 0.000000 0.000000 0.000000 0.000000 
93.332703 93.332703 93.332703 93.332703 93.332703 93.332703 78.326180 49.393951 0.000000 0.000000 0.000000 0.000000 0.000000 0.000000 0.000000 0.000000 0.000000 
93.332703 93.332703 93.332703 93.332703 78.326180 78.326180 41.440357 0.000000 0.000000 0.000000 0.000000 0.000000 0.000000 0.000000 0.000000 0.000000 0.000000 
93.332703 93.332703 93.332703 91.143028 88.053871 91.143028 0.000000 0.000000 0.000000 0.000000 0.000000 0.000000 0.000000 0.000000 0.000000 0.000000 0.000000 
93.332703 93.332703 93.332703 33.674248 93.332703 33.674248 0.000000 0.000000 0.000000 0.000000 0.000000 0.000000 0.000000 0.000000 0.000000 0.000000 0.000000 
93.332703 93.332703 93.332703 91.143028 93.332703 0.000000 0.000000 0.000000 0.000000 0.000000 0.000000 0.000000 0.000000 0.000000 0.000000 0.000000 0.000000 
0.000000 93.332703 91.143028 93.332703 0.000000 0.000000 0.000000 0.000000 0.000000 0.000000 0.000000 0.000000 0.000000 0.000000 0.000000 0.000000 0.000000 
