test/output/constant/S1_S060_A090_WD000.0_WS010.0/S1_S060_A090_WD000.0_WS010.0_arrival.asc
ncols         7
nrows         31
xllcorner     426303.990666
yllcorner     12745755.311160
cellsize      100.000000
NODATA_value  0.000000
0.000000 0.000000 166.030092 166.000000 166.030092 0.000000 0.000000 
0.000000 0.000000 166.012584 166.001094 166.012584 0.000000 0.000000 
0.000000 0.000000 166.008754 166.002188 166.008754 0.000000 0.000000 
0.000000 166.040487 166.008207 166.003830 166.008207 166.040487 0.000000 
0.000000 166.033375 166.008207 166.004924 166.008207 166.033375 0.000000 
0.000000 166.028998 166.009301 166.006565 166.009301 166.028998 0.000000 
0.000000 166.026262 166.009848 166.007660 166.009848 166.026262 0.000000 
0.000000 166.025168 166.010942 166.009301 166.010942 166.025168 0.000000 
0.000000 166.024621 166.012037 166.010395 166.012037 166.024621 0.000000 
0.000000 166.024073 166.013678 166.012037 166.013678 166.024073 0.000000 
0.000000 166.024073 166.014772 166.013131 166.014772 166.024073 0.000000 
0.000000 166.024073 166.015867 166.014772 166.015867 166.024073 0.000000 
166.041581 166.024621 166.017508 166.015867 166.017508 166.024621 166.041581 
166.041034 166.025715 166.018602 166.017508 166.018602 166.025715 166.041034 
166.040487 166.026262 166.020244 166.018602 166.020244 166.026262 166.040487 
166.039940 166.027356 166.021338 166.020244 166.021338 166.027356 166.039940 
166.039940 166.028450 166.022432 166.021338 166.022432 166.028450 166.039940 
166.039940 166.028998 166.024073 166.022979 166.024073 166.028998 166.039940 
166.039940 166.030092 166.025168 166.024073 166.025168 166.030092 166.039940 
166.040487 166.031186 166.026809 166.025715 166.026809 166.031186 166.040487 
166.041034 166.032280 166.027903 166.026809 166.027903 166.032280 166.041034 
0.000000 166.033375 166.029545 166.028450 166.029545 166.033375 0.000000 
0.000000 166.034469 166.030639 166.029545 166.030639 166.034469 0.000000 
0.000000 166.035563 166.032280 166.031186 166.032280 166.035563 0.000000 
0.000000 166.037204 166.033375 166.032280 166.033375 166.037204 0.000000 
0.000000 166.038299 166.035016 166.033922 166.035016 166.038299 0.000000 
0.000000 166.039393 166.036110 166.035016 166.036110 166.039393 0.000000 
0.000000 166.041034 166.037752 166.036657 166.037752 166.041034 0.000000 
0.000000 0.000000 166.038846 166.037752 166.038846 0.000000 0.000000 
0.000000 0.000000 166.039940 166.039393 166.039940 0.000000 0.000000 
0.000000 0.000000 166.041581 166.040487 166.041581 0.000000 0.000000 
