test/output/constant/M4100_S060_A180_WD270.0_WS035.0/M4100_S060_A180_WD270.0_WS035.0_arrival.asc
ncols         50
nrows         7
xllcorner     426603.990666
yllcorner     12748455.311160
cellsize      100.000000
NODATA_value  0.000000
0.000000 0.000000 0.000000 0.000000 0.000000 0.000000 0.000000 0.000000 0.000000 0.000000 0.000000 0.000000 166.041139 166.039099 166.037399 166.036379 166.035699 166.035019 166.034339 166.033999 166.033659 166.033319 166.033319 166.033319 166.033319 166.033319 166.033659 166.034339 166.035019 166.035359 166.036039 166.036719 166.037059 166.037739 166.038419 166.038759 166.039439 166.040119 166.040799 166.041479 0.000000 0.000000 0.000000 0.000000 0.000000 0.000000 0.000000 0.000000 0.000000 0.000000 
0.000000 0.000000 0.000000 0.000000 166.038079 166.031619 166.027879 166.025499 166.023119 166.021759 166.021079 166.020400 166.020060 166.020060 166.020060 166.020060 166.020400 166.021079 166.021419 166.022099 166.022779 166.023459 166.023799 166.024479 166.025159 166.025839 166.026519 166.026859 166.027879 166.028559 166.029239 166.029919 166.030939 166.031619 166.032299 166.033319 166.033999 166.034679 166.035699 166.036379 166.037059 166.037739 166.038759 166.039439 166.040459 166.041139 0.000000 0.000000 0.000000 0.000000 
0.000000 166.015640 166.009520 166.007480 166.006800 166.006800 166.007140 166.007820 166.008500 166.008840 166.009520 166.010540 166.011220 166.012240 166.012920 166.013940 166.014620 166.015300 166.016320 166.017000 166.018020 166.018700 166.019380 166.020400 166.021079 166.022099 166.022779 166.023799 166.024479 166.025499 166.026179 166.026859 166.027879 166.028559 166.029579 166.030259 166.031279 166.031959 166.032979 166.033659 166.034679 166.035359 166.036379 166.037059 166.037739 166.038759 166.039439 166.040459 166.041139 0.000000 
166.000000 166.000680 166.001360 166.002380 166.003060 166.004080 166.004760 166.005780 166.006460 166.007480 166.008160 166.009180 166.009860 166.010880 166.011560 166.012580 166.013260 166.014280 166.014960 166.015980 166.016660 166.017680 166.018360 166.019380 166.020060 166.021079 166.021759 166.022779 166.023459 166.024479 166.025159 166.026179 166.026859 166.027879 166.028559 166.029579 166.030259 166.031279 166.031959 166.032979 166.033659 166.034679 166.035359 166.036379 166.037059 166.038079 166.038759 166.039779 166.040459 166.041479 
0.000000 166.015640 166.009520 166.007480 166.006800 166.006800 166.007140 166.007820 166.008500 166.008840 166.009520 166.010540 166.011220 166.012240 166.012920 166.013940 166.014620 166.015300 166.016320 166.017000 166.018020 166.018700 166.019380 166.020400 166.021079 166.022099 166.022779 166.023799 166.024479 166.025499 166.026179 166.026859 166.027879 166.028559 166.029579 166.030259 166.031279 166.031959 166.032979 166.033659 166.034679 166.035359 166.036379 166.037059 166.037739 166.038759 166.039439 166.040459 166.041139 0.000000 
0.000000 0.000000 0.000000 0.000000 166.038079 166.031619 166.027879 166.025499 166.023119 166.021759 166.021079 166.020400 166.020060 166.020060 166.020060 166.020060 166.020400 166.021079 166.021419 166.022099 166.022779 166.023459 166.023799 166.024479 166.025159 166.025839 166.026519 166.026859 166.027879 166.028559 166.029239 166.029919 166.030939 166.031619 166.032299 166.033319 166.033999 166.034679 166.035699 166.036379 166.037059 166.037739 166.038759 166.039439 166.040459 166.041139 0.000000 0.000000 0.000000 0.000000 
0.000000 0.000000 0.000000 0.000000 0.000000 0.000000 0.000000 0.000000 0.000000 0.000000 0.000000 0.000000 166.041139 166.039099 166.037399 166.036379 166.035699 166.035019 166.034339 166.033999 166.033659 166.033319 166.033319 166.033319 166.033319 166.033319 166.033659 166.034339 166.035019 166.035359 166.036039 166.036719 166.037059 166.037739 166.038419 166.038759 166.039439 166.040119 166.040799 166.041479 0.000000 0.000000 0.000000 0.000000 0.000000 0.000000 0.000000 0.000000 0.000000 0.000000 
