test/output/constant/M3M400_S060_A180_WD270.0_WS035.0/M3M400_S060_A180_WD270.0_WS035.0_arrival.asc
ncols         68
nrows         9
xllcorner     426603.990666
yllcorner     12748355.311160
cellsize      100.000000
NODATA_value  0.000000
0.000000 0.000000 0.000000 0.000000 0.000000 0.000000 0.000000 0.000000 0.000000 0.000000 0.000000 0.000000 0.000000 0.000000 0.000000 0.000000 0.000000 0.000000 0.000000 0.000000 0.000000 166.041026 166.039790 166.039048 166.038554 166.038307 166.037813 166.037318 166.037071 166.036824 166.036577 166.036330 166.036330 166.036083 166.036083 166.036083 166.036083 166.036330 166.036577 166.036824 166.037318 166.037813 166.038060 166.038554 166.038801 166.039296 166.039790 166.040037 166.040531 166.041026 166.041273 0.000000 0.000000 0.000000 0.000000 0.000000 0.000000 0.000000 0.000000 0.000000 0.000000 0.000000 0.000000 0.000000 0.000000 0.000000 0.000000 0.000000 
0.000000 0.000000 0.000000 0.000000 0.000000 0.000000 0.000000 0.000000 0.000000 166.041520 166.038060 166.035836 166.033364 166.031881 166.030398 166.029410 166.028174 166.027680 166.027433 166.026938 166.026444 166.026197 166.025950 166.025950 166.025703 166.025703 166.025950 166.025950 166.026444 166.026691 166.027186 166.027680 166.027927 166.028421 166.028916 166.029163 166.029657 166.030151 166.030646 166.030893 166.031387 166.031881 166.032128 166.032623 166.033117 166.033611 166.034106 166.034600 166.035094 166.035588 166.036083 166.036577 166.037318 166.037813 166.038307 166.038801 166.039543 166.040037 166.040531 166.041273 166.041667 0.000000 0.000000 0.000000 0.000000 0.000000 0.000000 0.000000 
0.000000 0.000000 0.000000 166.041520 166.032128 166.026691 166.022737 166.020513 166.018783 166.017547 166.016806 166.016311 166.015817 166.015817 166.015570 166.015570 166.015570 166.015817 166.016311 166.016806 166.017053 166.017547 166.018041 166.018289 166.018783 166.019277 166.019771 166.020266 166.020513 166.021007 166.021749 166.022243 166.022737 166.023231 166.023973 166.024467 166.024961 166.025703 166.026197 166.026691 166.027186 166.027927 166.028421 166.029163 166.029657 166.030151 166.030646 166.031387 166.031881 166.032623 166.033117 166.033611 166.034353 166.034847 166.035588 166.036083 166.036577 166.037318 166.037813 166.038554 166.039048 166.039790 166.040284 166.040778 166.041520 0.000000 0.000000 0.000000 
166.040037 166.012357 166.007661 166.005931 166.005437 166.005190 166.005437 166.005931 166.006179 166.006673 166.007167 166.007661 166.008403 166.008897 166.009391 166.010133 166.010627 166.011369 166.011863 166.012604 166.013099 166.013593 166.014334 166.014829 166.015570 166.016064 166.016806 166.017300 166.017794 166.018536 166.019030 166.019771 166.020266 166.021007 166.021501 166.022243 166.022737 166.023231 166.023973 166.024467 166.025208 166.025703 166.026444 166.026938 166.027680 166.028174 166.028916 166.029410 166.030151 166.030646 166.031387 166.031881 166.032623 166.033117 166.033611 166.034353 166.034847 166.035588 166.036083 166.036824 166.037318 166.038060 166.038554 166.039296 166.039790 166.040531 166.041026 166.041667 
166.000000 166.000494 166.000989 166.001730 166.002224 166.002966 166.003460 166.004201 166.004696 166.005437 166.005931 166.006673 166.007167 166.007909 166.008403 166.009144 166.009639 166.010380 166.010874 166.011616 166.012110 166.012851 166.013346 166.014087 166.014581 166.015323 166.015817 166.016559 166.017053 166.017794 166.018289 166.019030 166.019524 166.020266 166.020760 166.021501 166.021996 166.022737 166.023231 166.023973 166.024467 166.025208 166.025703 166.026444 166.026938 166.027680 166.028174 166.028916 166.029410 166.030151 166.030646 166.031387 166.031881 166.032623 166.033117 166.033858 166.034353 166.035094 166.035588 166.036330 166.036824 166.037566 166.038060 166.038801 166.039296 166.040037 166.040531 166.041273 
166.040037 166.012357 166.007661 166.005931 166.005437 166.005190 166.005437 166.005931 166.006179 166.006673 166.007167 166.007661 166.008403 166.008897 166.009391 166.010133 166.010627 166.011369 166.011863 166.012604 166.013099 166.013593 166.014334 166.014829 166.015570 166.016064 166.016806 166.017300 166.017794 166.018536 166.019030 166.019771 166.020266 166.021007 166.021501 166.022243 166.022737 166.023231 166.023973 166.024467 166.025208 166.025703 166.026444 166.026938 166.027680 166.028174 166.028916 166.029410 166.030151 166.030646 166.031387 166.031881 166.032623 166.033117 166.033611 166.034353 166.034847 166.035588 166.036083 166.036824 166.037318 166.038060 166.038554 166.039296 166.039790 166.040531 166.041026 166.041667 
0.000000 0.000000 0.000000 166.041520 166.032128 166.026691 166.022737 166.020513 166.018783 166.017547 166.016806 166.016311 166.015817 166.015817 166.015570 166.015570 166.015570 166.015817 166.016311 166.016806 166.017053 166.017547 166.018041 166.018289 166.018783 166.019277 166.019771 166.020266 166.020513 166.021007 166.021749 166.022243 166.022737 166.023231 166.023973 166.024467 166.024961 166.025703 166.026197 166.026691 166.027186 166.027927 166.028421 166.029163 166.029657 166.030151 166.030646 166.031387 166.031881 166.032623 166.033117 166.033611 166.034353 166.034847 166.035588 166.036083 166.036577 166.037318 166.037813 166.038554 166.039048 166.039790 166.040284 166.040778 166.041520 0.000000 0.000000 0.000000 
0.000000 0.000000 0.000000 0.000000 0.000000 0.000000 0.000000 0.000000 0.000000 166.041520 166.038060 166.035836 166.033364 166.031881 166.030398 166.029410 166.028174 166.027680 166.027433 166.026938 166.026444 166.026197 166.025950 166.025950 166.025703 166.025703 166.025950 166.025950 166.026444 166.026691 166.027186 166.027680 166.027927 166.028421 166.028916 166.029163 166.029657 166.030151 166.030646 166.030893 166.031387 166.031881 166.032128 166.032623 166.033117 166.033611 166.034106 166.034600 166.035094 166.035588 166.036083 166.036577 166.037318 166.037813 166.038307 166.038801 166.039543 166.040037 166.040531 166.041273 166.041667 0.000000 0.000000 0.000000 0.000000 0.000000 0.000000 0.000000 
0.000000 0.000000 0.000000 0.000000 0.000000 0.000000 0.000000 0.000000 0.000000 0.000000 0.000000 0.000000 0.000000 0.000000 0.000000 0.000000 0.000000 0.000000 0.000000 0.000000 0.000000 166.041026 166.039790 166.039048 166.038554 166.038307 166.037813 166.037318 166.037071 166.036824 166.036577 166.036330 166.036330 166.036083 166.036083 166.036083 166.036083 166.036330 166.036577 166.036824 166.037318 166.037813 166.038060 166.038554 166.038801 166.039296 166.039790 166.040037 166.040531 166.041026 166.041273 0.000000 0.000000 0.000000 0.000000 0.000000 0.000000 0.000000 0.000000 0.000000 0.000000 0.000000 0.000000 0.000000 0.000000 0.000000 0.000000 0.000000 
