test/output/constant/M380_S060_A090_WD135.0_WS040.0/M380_S060_A090_WD135.0_WS040.0_intensity.asc
ncols         30
nrows         13
xllcorner     423803.990666
yllcorner     12747655.311160
cellsize      100.000000
NODATA_value  0.000000
0 0 0 0 0 0 0 0 0 0 0 0 0 0 0 0 0 0 0 0 14296 11235 11235 8534 14296 17628 8534 11235 1314 1314 
0 0 0 0 0 0 0 0 0 0 0 0 0 0 0 0 6267 14296 17628 14296 11235 14296 14296 17628 17628 31626 41788 43934 0 2298 
0 0 0 0 0 0 0 0 0 0 0 0 0 17628 8534 4486 11235 11235 14296 8534 24706 17628 11235 43934 43934 43934 43934 42216 29222 2484 
0 0 0 0 0 0 0 0 0 0 17628 11235 11235 6267 31626 17628 14296 17628 17628 14296 34764 43934 43934 43934 43934 38274 4955 1667 3496 0 
0 0 0 0 0 0 0 0 8534 24706 17628 17628 8534 14296 37558 21133 17628 34764 14296 43934 43934 43934 43898 38274 32546 35594 2298 1667 0 0 
0 0 0 0 0 0 4486 8534 11235 6267 39923 31626 11235 28240 31626 43934 43934 43934 43934 43934 40504 9288 2134 4955 3496 3496 2484 0 0 0 
0 0 0 0 39923 37558 17628 28240 34764 11235 43934 43934 43934 43934 43934 43934 43934 43934 42216 35594 38274 4955 35594 3496 29222 2484 0 0 0 0 
0 0 0 17628 28240 37558 14296 14296 17628 43934 43934 43934 43934 43934 43934 43934 38274 38274 2484 4955 35594 32546 1224 2484 0 0 0 0 0 0 
0 0 11235 43809 17628 37558 43934 43934 43934 43934 43934 43934 43934 43934 43934 35594 35594 35594 3496 35594 1667 3496 0 0 0 0 0 0 0 0 
0 28240 31626 14296 43934 43934 43934 43934 43934 43934 43934 43898 12096 38274 2298 35594 3496 35594 35594 32546 0 0 0 0 0 0 0 0 0 0 
17628 14296 43934 43934 43934 43934 43934 43934 43359 43359 43934 3496 32546 4955 3496 35594 35594 0 0 0 0 0 0 0 0 0 0 0 0 0 
43934 43934 43934 43934 43934 43934 43898 43934 37558 35594 3496 38274 1667 2484 32546 0 0 0 0 0 0 0 0 0 0 0 0 0 0 0 
43934 43934 43934 43934 43934 40504 35594 4955 35594 2484 2484 0 0 0 0 0 0 0 0 0 0 0 0 0 0 0 0 0 0 0 
