test/output/constant/M380_S000_A000_WD270.0_WS035.0/M380_S000_A000_WD270.0_WS035.0_arrival.asc
ncols         43
nrows         9
xllcorner     426503.990666
yllcorner     12748355.311160
cellsize      100.000000
NODATA_value  0.000000
0.000000 0.000000 0.000000 0.000000 0.000000 0.000000 0.000000 0.000000 0.000000 166.040388 166.038348 166.036716 166.035492 166.034677 166.033861 166.033453 166.033045 166.032637 166.032637 166.032637 166.032637 166.033045 166.033045 166.033861 166.034269 166.035085 166.035492 166.036308 166.037124 166.037940 166.038348 166.039164 166.039980 166.040796 166.041204 0.000000 0.000000 0.000000 0.000000 0.000000 0.000000 0.000000 0.000000 
0.000000 0.000000 0.000000 0.000000 166.040796 166.035492 166.031005 166.028557 166.026517 166.025293 166.024478 166.024070 166.023662 166.023254 166.023662 166.023662 166.023662 166.024478 166.024886 166.025701 166.026109 166.026925 166.027741 166.028557 166.028965 166.029781 166.030597 166.031413 166.032229 166.033045 166.033861 166.034677 166.035900 166.036716 166.037532 166.038756 166.039572 166.040388 166.041612 0.000000 0.000000 0.000000 0.000000 
0.000000 0.000000 166.030189 166.022846 166.018358 166.015910 166.015094 166.014279 166.014279 166.014279 166.014279 166.014687 166.015502 166.016318 166.016726 166.017542 166.018358 166.019174 166.019990 166.020806 166.021622 166.022846 166.023662 166.024478 166.025701 166.026517 166.027333 166.028557 166.029373 166.030189 166.031413 166.032229 166.033045 166.034269 166.035085 166.036308 166.037124 166.038348 166.039164 166.040388 166.041204 0.000000 0.000000 
0.000000 166.011015 166.005711 166.004896 166.004896 166.005303 166.006119 166.006935 166.007751 166.008567 166.009791 166.010607 166.011831 166.012647 166.013463 166.014687 166.015502 166.016726 166.017542 166.018358 166.019582 166.020398 166.021622 166.022438 166.023662 166.024478 166.025701 166.026517 166.027333 166.028557 166.029373 166.030597 166.031413 166.032637 166.033453 166.034677 166.035492 166.036716 166.037532 166.038756 166.039572 166.040796 166.041612 
166.031005 166.000000 166.000816 166.001632 166.002856 166.003672 166.004896 166.005711 166.006935 166.007751 166.008975 166.009791 166.011015 166.011831 166.013055 166.013871 166.015094 166.015910 166.017134 166.017950 166.019174 166.019990 166.021214 166.022030 166.023254 166.024070 166.025293 166.026109 166.027333 166.028149 166.029373 166.030189 166.031413 166.032229 166.033453 166.034269 166.035492 166.036308 166.037532 166.038348 166.039572 166.040388 166.041612 
0.000000 166.011015 166.005711 166.004896 166.004896 166.005303 166.006119 166.006935 166.007751 166.008567 166.009791 166.010607 166.011831 166.012647 166.013463 166.014687 166.015502 166.016726 166.017542 166.018358 166.019582 166.020398 166.021622 166.022438 166.023662 166.024478 166.025701 166.026517 166.027333 166.028557 166.029373 166.030597 166.031413 166.032637 166.033453 166.034677 166.035492 166.036716 166.037532 166.038756 166.039572 166.040796 166.041612 
0.000000 0.000000 166.030189 166.022846 166.018358 166.015910 166.015094 166.014279 166.014279 166.014279 166.014279 166.014687 166.015502 166.016318 166.016726 166.017542 166.018358 166.019174 166.019990 166.020806 166.021622 166.022846 166.023662 166.024478 166.025701 166.026517 166.027333 166.028557 166.029373 166.030189 166.031413 166.032229 166.033045 166.034269 166.035085 166.036308 166.037124 166.038348 166.039164 166.040388 166.041204 0.000000 0.000000 
0.000000 0.000000 0.000000 0.000000 166.040796 166.035492 166.031005 166.028557 166.026517 166.025293 166.024478 166.024070 166.023662 166.023254 166.023662 166.023662 166.023662 166.024478 166.024886 166.025701 166.026109 166.026925 166.027741 166.028557 166.028965 166.029781 166.030597 166.031413 166.032229 166.033045 166.033861 166.034677 166.035900 166.036716 166.037532 166.038756 166.039572 166.040388 166.041612 0.000000 0.000000 0.000000 0.000000 
0.000000 0.000000 0.000000 0.000000 0.000000 0.000000 0.000000 0.000000 0.000000 166.040388 166.038348 166.036716 166.035492 166.034677 166.033861 166.033453 166.033045 166.032637 166.032637 166.032637 166.032637 166.033045 166.033045 166.033861 166.034269 166.035085 166.035492 166.036308 166.037124 166.037940 166.038348 166.039164 166.039980 166.040796 166.041204 0.000000 0.000000 0.000000 0.000000 0.000000 0.000000 0.000000 0.000000 
