test/output/constant/M185_S000_A090_WD270.0_WS050.0/M185_S000_A090_WD270.0_WS050.0_arrival.asc
ncols         36
nrows         7
xllcorner     426603.990666
yllcorner     12748455.311160
cellsize      100.000000
NODATA_value  0.000000
0.000000 0.000000 0.000000 0.000000 0.000000 0.000000 0.000000 0.000000 0.000000 0.000000 0.000000 0.000000 166.041187 166.040230 166.039272 166.038793 166.038314 166.038314 166.038314 166.038314 166.038314 166.038793 166.039272 166.040230 166.041187 166.041666 0.000000 0.000000 0.000000 0.000000 0.000000 0.000000 0.000000 0.000000 0.000000 0.000000 
0.000000 0.000000 0.000000 0.000000 166.034482 166.029693 166.026820 166.024904 166.023946 166.023467 166.022988 166.022988 166.022988 166.023467 166.024425 166.024904 166.025862 166.026820 166.027299 166.028256 166.029214 166.030172 166.031130 166.032088 166.033046 166.034004 166.035440 166.036398 166.037356 166.038314 166.039751 166.040708 166.041666 0.000000 0.000000 0.000000 
166.035440 166.012931 166.008621 166.008142 166.007663 166.008142 166.009100 166.010057 166.011015 166.011973 166.012931 166.014368 166.015326 166.016283 166.017720 166.018678 166.019636 166.021073 166.022030 166.023467 166.024425 166.025862 166.026820 166.028256 166.029214 166.030651 166.031609 166.033046 166.034004 166.035440 166.036398 166.037835 166.038793 166.039751 166.041187 0.000000 
166.000000 166.000958 166.001916 166.003352 166.004310 166.005747 166.006705 166.008142 166.009100 166.010536 166.011494 166.012931 166.013889 166.015326 166.016283 166.017720 166.018678 166.020115 166.021073 166.022509 166.023467 166.024904 166.025862 166.027299 166.028256 166.029693 166.030651 166.032088 166.033046 166.034482 166.035440 166.036877 166.037835 166.039272 166.040230 166.041666 
166.035440 166.012931 166.008621 166.008142 166.007663 166.008142 166.009100 166.010057 166.011015 166.011973 166.012931 166.014368 166.015326 166.016283 166.017720 166.018678 166.019636 166.021073 166.022030 166.023467 166.024425 166.025862 166.026820 166.028256 166.029214 166.030651 166.031609 166.033046 166.034004 166.035440 166.036398 166.037835 166.038793 166.039751 166.041187 0.000000 
0.000000 0.000000 0.000000 0.000000 166.034482 166.029693 166.026820 166.024904 166.023946 166.023467 166.022988 166.022988 166.022988 166.023467 166.024425 166.024904 166.025862 166.026820 166.027299 166.028256 166.029214 166.030172 166.031130 166.032088 166.033046 166.034004 166.035440 166.036398 166.037356 166.038314 166.039751 166.040708 166.041666 0.000000 0.000000 0.000000 
0.000000 0.000000 0.000000 0.000000 0.000000 0.000000 0.000000 0.000000 0.000000 0.000000 0.000000 0.000000 166.041187 166.040230 166.039272 166.038793 166.038314 166.038314 166.038314 166.038314 166.038314 166.038793 166.039272 166.040230 166.041187 166.041666 0.000000 0.000000 0.000000 0.000000 0.000000 0.000000 0.000000 0.000000 0.000000 0.000000 
