test/output/constant/M3100_S060_A000_WD225.0_WS015.0/M3100_S060_A000_WD225.0_WS015.0_raz.asc
ncols         44
nrows         19
xllcorner     422403.990666
yllcorner     12748555.311160
cellsize      100.000000
NODATA_value  0.000000
0 0 289 289 289 293 293 293 343 295 294 0 0 0 0 0 0 0 0 0 0 0 0 0 0 0 0 0 0 0 0 0 0 0 0 0 0 0 0 0 0 0 0 0 
289 289 289 289 289 289 289 289 295 293 294 294 297 294 297 331 0 0 0 0 0 0 0 0 0 0 0 0 0 0 0 0 0 0 0 0 0 0 0 0 0 0 0 0 
289 289 289 289 289 289 289 289 289 289 294 294 294 294 343 297 331 331 299 299 0 0 0 0 0 0 0 0 0 0 0 0 0 0 0 0 0 0 0 0 0 0 0 0 
289 270 289 289 289 289 289 289 289 293 289 295 289 293 293 359 293 9 299 299 299 299 331 0 0 0 0 0 0 0 0 0 0 0 0 0 0 0 0 0 0 0 0 0 
0 281 270 270 275 289 289 289 289 289 289 289 289 289 293 294 293 294 294 299 299 297 331 343 299 299 0 0 0 0 0 0 0 0 0 0 0 0 0 0 0 0 0 0 
0 0 279 277 289 289 270 270 289 289 289 289 289 289 291 289 291 289 297 294 331 299 343 297 19 343 299 343 0 0 0 0 0 0 0 0 0 0 0 0 0 0 0 0 
0 0 0 281 279 281 270 289 281 270 270 289 289 289 289 289 293 289 289 294 38 294 295 295 297 297 343 299 299 343 9 0 0 0 0 0 0 0 0 0 0 0 0 0 
0 0 0 0 270 270 270 270 270 270 282 270 289 270 289 289 289 289 289 289 289 289 291 331 294 299 297 297 297 297 343 19 299 0 0 0 0 0 0 0 0 0 0 0 
0 0 0 0 0 0 270 275 270 289 273 277 275 281 270 282 282 289 289 289 289 289 289 289 291 293 297 294 299 343 331 297 297 299 343 0 0 0 0 0 0 0 0 0 
0 0 0 0 0 0 0 270 270 273 270 277 270 273 270 275 282 273 282 284 289 289 289 289 289 289 290 294 294 359 299 299 331 38 19 331 359 0 0 0 0 0 0 0 
0 0 0 0 0 0 0 0 0 270 273 273 270 270 270 281 270 285 284 270 270 279 279 289 289 289 289 289 289 289 343 294 297 343 359 331 343 303 0 0 0 0 0 0 
0 0 0 0 0 0 0 0 0 0 0 273 273 270 270 275 273 270 273 273 270 273 281 281 289 275 289 289 289 289 289 289 293 294 331 299 297 19 359 38 0 0 0 0 
0 0 0 0 0 0 0 0 0 0 0 0 0 270 270 275 270 270 273 270 273 273 277 270 270 270 279 288 289 289 289 289 289 289 295 9 331 299 359 38 359 0 0 0 
0 0 0 0 0 0 0 0 0 0 0 0 0 0 0 270 270 270 270 270 270 270 270 275 270 270 270 270 277 270 277 279 289 289 289 289 289 290 297 331 9 9 0 0 
0 0 0 0 0 0 0 0 0 0 0 0 0 0 0 0 0 0 273 270 270 270 270 270 270 273 270 273 273 270 270 270 270 284 270 289 289 289 289 299 297 359 19 0 
0 0 0 0 0 0 0 0 0 0 0 0 0 0 0 0 0 0 0 0 0 270 270 270 270 273 270 270 270 270 270 270 270 273 270 270 279 270 289 289 289 289 359 85 
0 0 0 0 0 0 0 0 0 0 0 0 0 0 0 0 0 0 0 0 0 0 0 0 270 270 270 270 270 270 270 270 270 270 270 270 266 273 270 273 273 289 65535 19 
0 0 0 0 0 0 0 0 0 0 0 0 0 0 0 0 0 0 0 0 0 0 0 0 0 0 0 0 0 270 270 270 270 270 270 270 270 270 270 270 270 255 132 132 
0 0 0 0 0 0 0 0 0 0 0 0 0 0 0 0 0 0 0 0 0 0 0 0 0 0 0 0 0 0 0 0 0 0 0 0 255 270 246 255 132 0 0 0 
