test/output/constant/C4_S060_A090_WD000.0_WS020.0/C4_S060_A090_WD000.0_WS020.0_arrival.asc
ncols         7
nrows         39
xllcorner     426303.990666
yllcorner     12744955.311160
cellsize      100.000000
NODATA_value  0.000000
0.000000 0.000000 166.034614 166.000000 166.034614 0.000000 0.000000 
0.000000 0.000000 166.012268 166.000876 166.012268 0.000000 0.000000 
0.000000 0.000000 166.008325 166.001753 166.008325 0.000000 0.000000 
0.000000 166.039434 166.007449 166.003067 166.007449 166.039434 0.000000 
0.000000 166.031547 166.007010 166.003943 166.007010 166.031547 0.000000 
0.000000 166.027165 166.007449 166.005258 166.007449 166.027165 0.000000 
0.000000 166.024098 166.008325 166.006134 166.008325 166.024098 0.000000 
0.000000 166.022784 166.009201 166.007449 166.009201 166.022784 0.000000 
0.000000 166.021908 166.010077 166.008325 166.010077 166.021908 0.000000 
0.000000 166.021031 166.010954 166.009639 166.010954 166.021031 0.000000 
166.040310 166.021031 166.011830 166.010516 166.011830 166.021031 166.040310 
166.038557 166.021031 166.013145 166.011830 166.013145 166.021031 166.038557 
166.037243 166.021031 166.014021 166.012706 166.014021 166.021031 166.037243 
166.036367 166.021469 166.014897 166.014021 166.014897 166.021469 166.036367 
166.035928 166.021908 166.016212 166.014897 166.016212 166.021908 166.035928 
166.035052 166.022784 166.017088 166.016212 166.017088 166.022784 166.035052 
166.035052 166.023660 166.017964 166.017088 166.017964 166.023660 166.035052 
166.034614 166.024536 166.019279 166.018402 166.019279 166.024536 166.034614 
166.034614 166.024975 166.020155 166.019279 166.020155 166.024975 166.034614 
166.034614 166.025851 166.021031 166.020593 166.021031 166.025851 166.034614 
166.034614 166.026727 166.022346 166.021469 166.022346 166.026727 166.034614 
166.035052 166.027604 166.023222 166.022784 166.023222 166.027604 166.035052 
166.035928 166.028480 166.024536 166.023660 166.024536 166.028480 166.035928 
166.036367 166.029356 166.025413 166.024975 166.025413 166.029356 166.036367 
166.037243 166.030232 166.026727 166.025851 166.026727 166.030232 166.037243 
166.038119 166.031109 166.027604 166.027165 166.027604 166.031109 166.038119 
166.038557 166.031985 166.028918 166.028042 166.028918 166.031985 166.038557 
166.039434 166.033299 166.029794 166.029356 166.029794 166.033299 166.039434 
166.040310 166.034176 166.031109 166.030232 166.031109 166.034176 166.040310 
166.041186 166.035052 166.031985 166.031547 166.031985 166.035052 166.041186 
166.041667 166.036367 166.033299 166.032423 166.033299 166.036367 166.041667 
0.000000 166.037243 166.034176 166.033738 166.034176 166.037243 0.000000 
0.000000 166.038119 166.035490 166.034614 166.035490 166.038119 0.000000 
0.000000 166.039434 166.036367 166.035928 166.036367 166.039434 0.000000 
0.000000 166.040310 166.037681 166.036805 166.037681 166.040310 0.000000 
0.000000 166.041186 166.038557 166.038119 166.038557 166.041186 0.000000 
0.000000 0.000000 166.039872 166.038995 166.039872 0.000000 0.000000 
0.000000 0.000000 166.040748 166.040310 166.040748 0.000000 0.000000 
0.000000 0.000000 166.041667 166.041186 166.041667 0.000000 0.000000 
