test/output/constant/M3M485_S060_A090_WD135.0_WS050.0/M3M485_S060_A090_WD135.0_WS050.0_arrival.asc
ncols         37
nrows         9
xllcorner     423103.990666
yllcorner     12748155.311160
cellsize      100.000000
NODATA_value  0.000000
0.000000 0.000000 0.000000 0.000000 0.000000 0.000000 0.000000 0.000000 0.000000 0.000000 0.000000 0.000000 166.040950 166.039746 166.038541 166.037337 166.036132 166.034928 166.033723 166.032921 166.032118 166.031315 166.030512 166.029307 166.028504 166.027701 166.027300 166.026899 166.026899 166.027300 166.027701 166.028504 166.030512 166.034526 166.040147 0.000000 0.000000 
0.000000 0.000000 0.000000 0.000000 0.000000 0.000000 0.000000 166.040548 166.039344 166.038140 166.036534 166.035329 166.033723 166.032519 166.031315 166.029709 166.028504 166.026899 166.025694 166.024088 166.022884 166.021679 166.020074 166.018869 166.017665 166.016460 166.015256 166.014051 166.012847 166.011643 166.010840 166.010037 166.009635 166.009635 166.010438 166.014453 0.000000 
0.000000 0.000000 0.000000 166.041667 166.040147 166.038943 166.037337 166.036132 166.034928 166.033322 166.032118 166.030512 166.029307 166.028103 166.026497 166.025293 166.023687 166.022482 166.021278 166.019672 166.018468 166.016862 166.015657 166.014453 166.012847 166.011643 166.010438 166.009234 166.008029 166.006825 166.005621 166.004416 166.003212 166.002007 166.000803 166.000000 166.038140 
0.000000 166.041351 166.040147 166.038943 166.037337 166.036132 166.034928 166.033322 166.032118 166.030913 166.029709 166.028504 166.027300 166.026096 166.024490 166.023285 166.022081 166.020876 166.019672 166.018468 166.017263 166.016059 166.014854 166.014051 166.012847 166.011643 166.010438 166.009234 166.008029 166.006825 166.005621 166.004818 166.004015 166.003613 166.004416 166.009635 0.000000 
166.041351 166.040147 166.038943 166.037738 166.036534 166.035329 166.034125 166.032921 166.031716 166.030512 166.029307 166.028103 166.026899 166.025694 166.024490 166.023285 166.022081 166.020876 166.019672 166.018468 166.017263 166.016460 166.015256 166.014051 166.013249 166.012446 166.012044 166.011241 166.010840 166.010840 166.011241 166.012044 166.014453 166.019271 166.026899 166.039746 0.000000 
166.040950 166.039746 166.038541 166.037337 166.036132 166.034928 166.033723 166.032519 166.031716 166.030512 166.029307 166.028103 166.026899 166.026096 166.024891 166.024088 166.022884 166.022081 166.021278 166.020475 166.019672 166.019271 166.018468 166.018066 166.018066 166.018066 166.018468 166.018869 166.020074 166.021679 166.024490 166.029307 166.034928 0.000000 0.000000 0.000000 0.000000 
166.040950 166.039746 166.038943 166.037738 166.036534 166.035731 166.034526 166.033723 166.032519 166.031716 166.030913 166.030110 166.029307 166.028504 166.027701 166.026899 166.026497 166.025694 166.025293 166.024891 166.024891 166.024891 166.025293 166.026096 166.026899 166.027701 166.029307 166.031716 166.034526 166.039344 0.000000 0.000000 0.000000 0.000000 0.000000 0.000000 0.000000 
0.000000 166.041351 166.040548 166.039746 166.038943 166.037738 166.037337 166.036132 166.035731 166.034928 166.034125 166.033723 166.033322 166.032519 166.032118 166.032118 166.032118 166.032118 166.032519 166.032921 166.033723 166.034526 166.035329 166.037337 166.039344 166.041667 0.000000 0.000000 0.000000 0.000000 0.000000 0.000000 0.000000 0.000000 0.000000 0.000000 0.000000 
0.000000 0.000000 0.000000 0.000000 0.000000 166.041351 166.040950 166.040548 166.040147 166.039746 166.039344 166.038943 166.039344 166.039344 166.039746 166.040147 166.040548 166.041351 0.000000 0.000000 0.000000 0.000000 0.000000 0.000000 0.000000 0.000000 0.000000 0.000000 0.000000 0.000000 0.000000 0.000000 0.000000 0.000000 0.000000 0.000000 0.000000 
