test/output/constant/M465_S060_A180_WD315.0_WS015.0/M465_S060_A180_WD315.0_WS015.0_arrival.asc
ncols         27
nrows         9
xllcorner     426603.990666
yllcorner     12748055.311160
cellsize      100.000000
NODATA_value  0.000000
0.000000 0.000000 166.038535 166.039779 0.000000 0.000000 0.000000 0.000000 0.000000 0.000000 0.000000 0.000000 0.000000 0.000000 0.000000 0.000000 0.000000 0.000000 0.000000 0.000000 0.000000 0.000000 0.000000 0.000000 0.000000 0.000000 0.000000 
166.000000 166.001243 166.002486 166.004972 166.008080 166.011188 166.015538 166.019268 166.023619 166.027969 166.032320 166.036049 166.040400 0.000000 0.000000 0.000000 0.000000 0.000000 0.000000 0.000000 0.000000 0.000000 0.000000 0.000000 0.000000 0.000000 0.000000 
166.014917 166.003108 166.003108 166.004351 166.006215 166.007458 166.009323 166.011188 166.013674 166.016160 166.019268 166.022997 166.026726 166.029834 166.033563 166.037292 166.041643 0.000000 0.000000 0.000000 0.000000 0.000000 0.000000 0.000000 0.000000 0.000000 0.000000 
0.000000 166.038535 166.018025 166.010566 166.008702 166.008702 166.009323 166.011188 166.012431 166.014295 166.015538 166.017403 166.019889 166.022375 166.024862 166.027969 166.031077 166.034185 166.037914 166.041643 0.000000 0.000000 0.000000 0.000000 0.000000 0.000000 0.000000 
0.000000 0.000000 0.000000 166.037914 166.024862 166.018025 166.015538 166.014295 166.014295 166.014917 166.015538 166.017403 166.019268 166.020511 166.022375 166.024240 166.026105 166.028591 166.031077 166.033563 166.036671 166.039779 0.000000 0.000000 0.000000 0.000000 0.000000 
0.000000 0.000000 0.000000 0.000000 0.000000 0.000000 166.032942 166.026105 166.022375 166.021132 166.020511 166.019889 166.020511 166.021132 166.022375 166.023619 166.025483 166.027348 166.028591 166.030455 166.032320 166.034806 166.037292 166.039779 0.000000 0.000000 0.000000 
0.000000 0.000000 0.000000 0.000000 0.000000 0.000000 0.000000 0.000000 166.041022 166.034185 166.030455 166.027969 166.026726 166.026105 166.026105 166.026105 166.026105 166.027348 166.028591 166.030455 166.032320 166.033563 166.035428 166.037292 166.039157 166.041022 0.000000 
0.000000 0.000000 0.000000 0.000000 0.000000 0.000000 0.000000 0.000000 0.000000 0.000000 0.000000 0.000000 166.037914 166.034806 166.033563 166.032320 166.031699 166.031699 166.031699 166.031699 166.032942 166.033563 166.035428 166.036671 166.038535 166.040400 166.041643 
0.000000 0.000000 0.000000 0.000000 0.000000 0.000000 0.000000 0.000000 0.000000 0.000000 0.000000 0.000000 0.000000 0.000000 0.000000 0.000000 166.040400 166.039157 166.037914 166.037292 166.037292 166.037292 166.037914 166.037914 166.039157 166.040400 166.041643 
