test/output/constant/M3100_S060_A000_WD270.0_WS015.0/M3100_S060_A000_WD270.0_WS015.0_arrival.asc
ncols         38
nrows         11
xllcorner     423103.990666
yllcorner     12748255.311160
cellsize      100.000000
NODATA_value  0.000000
0.000000 0.000000 0.000000 0.000000 0.000000 0.000000 0.000000 0.000000 166.041667 166.040738 166.040264 166.039317 166.038369 166.037896 166.036948 166.036474 166.036001 166.036001 166.035527 166.035527 166.035527 166.035527 166.036001 166.036474 166.036948 166.037896 166.039317 166.041667 0.000000 0.000000 0.000000 0.000000 0.000000 0.000000 0.000000 0.000000 0.000000 0.000000 
0.000000 0.000000 0.000000 0.000000 166.041667 166.040738 166.039790 166.038843 166.037896 166.036948 166.036001 166.035053 166.034106 166.033159 166.032685 166.031738 166.030790 166.029843 166.029369 166.028895 166.028422 166.027948 166.027948 166.027948 166.027948 166.027948 166.028422 166.029369 166.030316 166.032685 166.035527 166.039317 0.000000 0.000000 0.000000 0.000000 0.000000 0.000000 
0.000000 0.000000 166.041667 166.040264 166.039317 166.038369 166.036948 166.036001 166.035053 166.033632 166.032685 166.031738 166.030790 166.029369 166.028422 166.027474 166.026527 166.025580 166.024632 166.024158 166.023211 166.022264 166.021790 166.020843 166.020369 166.019895 166.019895 166.019895 166.019895 166.020843 166.021790 166.023685 166.027001 166.032211 166.038843 0.000000 0.000000 0.000000 
0.000000 166.041211 166.039790 166.038843 166.037422 166.036474 166.035527 166.034106 166.033159 166.031738 166.030790 166.029369 166.028422 166.027001 166.026053 166.025106 166.023685 166.022737 166.021790 166.020369 166.019421 166.018474 166.017527 166.016579 166.015632 166.014685 166.013737 166.013263 166.012316 166.012316 166.011842 166.012316 166.012790 166.015158 166.019895 166.027474 166.041667 0.000000 
166.041211 166.040264 166.038843 166.037896 166.036474 166.035527 166.034106 166.033159 166.031738 166.030790 166.029369 166.028422 166.027001 166.026053 166.024632 166.023685 166.022264 166.021316 166.019895 166.018948 166.017527 166.016579 166.015632 166.014211 166.013263 166.011842 166.010895 166.009474 166.008527 166.007579 166.006158 166.005211 166.004737 166.004263 166.004263 166.007105 166.020369 0.000000 
166.041211 166.039790 166.038843 166.037422 166.036474 166.035053 166.034106 166.032685 166.031738 166.030316 166.029369 166.027948 166.027001 166.025580 166.024632 166.023211 166.022264 166.020843 166.019895 166.018474 166.017527 166.016106 166.015158 166.013737 166.012790 166.011369 166.010421 166.009000 166.008053 166.006632 166.005684 166.004263 166.003316 166.001895 166.000947 166.000000 166.013263 166.039790 
166.041211 166.040264 166.038843 166.037896 166.036474 166.035527 166.034106 166.033159 166.031738 166.030790 166.029369 166.028422 166.027001 166.026053 166.024632 166.023685 166.022264 166.021316 166.019895 166.018948 166.017527 166.016579 166.015632 166.014211 166.013263 166.011842 166.010895 166.009474 166.008527 166.007579 166.006158 166.005211 166.004737 166.004263 166.004263 166.007105 166.020369 0.000000 
0.000000 166.041211 166.039790 166.038843 166.037422 166.036474 166.035527 166.034106 166.033159 166.031738 166.030790 166.029369 166.028422 166.027001 166.026053 166.025106 166.023685 166.022737 166.021790 166.020369 166.019421 166.018474 166.017527 166.016579 166.015632 166.014685 166.013737 166.013263 166.012316 166.012316 166.011842 166.012316 166.012790 166.015158 166.019895 166.027474 166.041667 0.000000 
0.000000 0.000000 166.041667 166.040264 166.039317 166.038369 166.036948 166.036001 166.035053 166.033632 166.032685 166.031738 166.030790 166.029369 166.028422 166.027474 166.026527 166.025580 166.024632 166.024158 166.023211 166.022264 166.021790 166.020843 166.020369 166.019895 166.019895 166.019895 166.019895 166.020843 166.021790 166.023685 166.027001 166.032211 166.038843 0.000000 0.000000 0.000000 
0.000000 0.000000 0.000000 0.000000 166.041667 166.040738 166.039790 166.038843 166.037896 166.036948 166.036001 166.035053 166.034106 166.033159 166.032685 166.031738 166.030790 166.029843 166.029369 166.028895 166.028422 166.027948 166.027948 166.027948 166.027948 166.027948 166.028422 166.029369 166.030316 166.032685 166.035527 166.039317 0.000000 0.000000 0.000000 0.000000 0.000000 0.000000 
0.000000 0.000000 0.000000 0.000000 0.000000 0.000000 0.000000 0.000000 166.041667 166.040738 166.040264 166.039317 166.038369 166.037896 166.036948 166.036474 166.036001 166.036001 166.035527 166.035527 166.035527 166.035527 166.036001 166.036474 166.036948 166.037896 166.039317 166.041667 0.000000 0.000000 0.000000 0.000000 0.000000 0.000000 0.000000 0.000000 0.000000 0.000000 
