test/output/constant/M385_S000_A000_WD000.0_WS020.0/M385_S000_A000_WD000.0_WS020.0_arrival.asc
ncols         11
nrows         26
xllcorner     426103.990666
yllcorner     12746455.311160
cellsize      100.000000
NODATA_value  0.000000
0.000000 0.000000 0.000000 0.000000 166.033911 166.031747 166.033911 0.000000 0.000000 0.000000 0.000000 
0.000000 0.000000 0.000000 166.030304 166.015152 166.010823 166.015152 166.030304 0.000000 0.000000 0.000000 
0.000000 0.000000 166.036076 166.020924 166.005772 166.000000 166.005772 166.020924 166.036076 0.000000 0.000000 
0.000000 0.000000 166.030304 166.016595 166.005051 166.001443 166.005051 166.016595 166.030304 0.000000 0.000000 
0.000000 166.041126 166.026696 166.014430 166.005051 166.002886 166.005051 166.014430 166.026696 166.041126 0.000000 
0.000000 166.036797 166.024532 166.013709 166.005772 166.005051 166.005772 166.013709 166.024532 166.036797 0.000000 
0.000000 166.034633 166.023089 166.013709 166.007215 166.006494 166.007215 166.013709 166.023089 166.034633 0.000000 
0.000000 166.032468 166.022367 166.013709 166.009380 166.008658 166.009380 166.013709 166.022367 166.032468 0.000000 
0.000000 166.031747 166.022367 166.014430 166.010823 166.010101 166.010823 166.014430 166.022367 166.031747 0.000000 
166.041126 166.031025 166.022367 166.015873 166.012266 166.012266 166.012266 166.015873 166.022367 166.031025 166.041126 
166.040405 166.031025 166.023089 166.017316 166.014430 166.013709 166.014430 166.017316 166.023089 166.031025 166.040405 
166.039683 166.031025 166.023810 166.018759 166.015873 166.015873 166.015873 166.018759 166.023810 166.031025 166.039683 
166.039683 166.031747 166.024532 166.020202 166.018038 166.017316 166.018038 166.020202 166.024532 166.031747 166.039683 
166.039683 166.031747 166.025975 166.021646 166.019481 166.019481 166.019481 166.021646 166.025975 166.031747 166.039683 
166.040405 166.032468 166.027418 166.023089 166.021646 166.020924 166.021646 166.023089 166.027418 166.032468 166.040405 
166.040405 166.033911 166.028861 166.025253 166.023089 166.023089 166.023089 166.025253 166.028861 166.033911 166.040405 
166.041126 166.034633 166.030304 166.026696 166.025253 166.024532 166.025253 166.026696 166.030304 166.034633 166.041126 
166.041667 166.036076 166.031747 166.028139 166.026696 166.026696 166.026696 166.028139 166.031747 166.036076 166.041667 
0.000000 166.037519 166.033190 166.030304 166.028861 166.028139 166.028861 166.030304 166.033190 166.037519 0.000000 
0.000000 166.038240 166.034633 166.031747 166.030304 166.030304 166.030304 166.031747 166.034633 166.038240 0.000000 
0.000000 166.039683 166.036076 166.033190 166.032468 166.031747 166.032468 166.033190 166.036076 166.039683 0.000000 
0.000000 166.041126 166.037519 166.035354 166.033911 166.033911 166.033911 166.035354 166.037519 166.041126 0.000000 
0.000000 0.000000 166.038962 166.036797 166.036076 166.035354 166.036076 166.036797 166.038962 0.000000 0.000000 
0.000000 0.000000 166.041126 166.038962 166.037519 166.037519 166.037519 166.038962 166.041126 0.000000 0.000000 
0.000000 0.000000 0.000000 166.040405 166.039683 166.038962 166.039683 166.040405 0.000000 0.000000 0.000000 
0.000000 0.000000 0.000000 0.000000 166.041126 166.041126 166.041126 0.000000 0.000000 0.000000 0.000000 
