test/output/constant/M375_S060_A090_WD270.0_WS005.0/M375_S060_A090_WD270.0_WS005.0_ros.asc
ncols         11
nrows         43
xllcorner     426403.990666
yllcorner     12744555.311160
cellsize      100.000000
NODATA_value  0.000000
0.000000 1.019112 -1.000000 1.045601 0.000000 0.000000 0.000000 0.000000 0.000000 0.000000 0.000000 
0.000000 19.851433 70.905609 53.821476 1.045601 0.000000 0.000000 0.000000 0.000000 0.000000 0.000000 
0.000000 19.851433 70.905609 62.961365 42.579025 0.000000 0.000000 0.000000 0.000000 0.000000 0.000000 
19.851433 37.245312 70.905609 70.905609 48.382374 1.745064 0.000000 0.000000 0.000000 0.000000 0.000000 
25.375818 25.375818 70.905609 70.905609 48.382374 4.004903 0.000000 0.000000 0.000000 0.000000 0.000000 
19.851433 31.233044 70.905609 66.384186 68.895264 42.579025 42.579025 0.000000 0.000000 0.000000 0.000000 
19.851433 49.005630 70.905609 70.905609 53.821476 48.382374 48.382374 0.000000 0.000000 0.000000 0.000000 
37.245312 25.375818 70.905609 70.905609 70.418198 48.382374 48.382374 0.000000 0.000000 0.000000 0.000000 
19.851433 25.375818 70.905609 70.905609 70.905609 68.895264 48.382374 0.000000 0.000000 0.000000 0.000000 
31.233044 49.005630 49.005630 70.905609 70.905609 70.418198 48.382374 53.821476 0.000000 0.000000 0.000000 
31.233044 43.230080 70.905609 70.905609 70.905609 70.905609 48.382374 48.382374 0.000000 0.000000 0.000000 
49.005630 25.375818 66.712677 70.905609 70.905609 53.821476 70.418198 48.382374 0.000000 0.000000 0.000000 
49.005630 31.233044 43.230080 70.905609 70.905609 70.770126 62.961365 48.382374 6.602116 0.000000 0.000000 
49.005630 25.375818 70.905609 70.905609 70.905609 58.730907 70.905609 48.382374 48.382374 0.000000 0.000000 
19.851433 54.396591 66.712677 70.905609 70.905609 70.905609 70.905609 70.418198 48.382374 0.000000 0.000000 
37.245312 37.245312 31.233044 70.905609 70.905609 70.905609 48.382374 48.382374 48.382374 0.000000 0.000000 
49.005630 37.245312 59.239262 70.905609 70.905609 70.905609 66.384186 70.905609 68.895264 0.000000 0.000000 
49.005630 31.233044 43.230080 70.905609 70.905609 70.905609 68.895264 70.905609 68.895264 0.000000 0.000000 
25.375818 54.396591 63.386600 70.905609 70.905609 70.905609 70.905609 53.821476 48.382374 1.375559 0.000000 
25.375818 25.375818 49.005630 70.905609 70.905609 70.905609 70.905609 70.905609 68.895264 68.895264 0.000000 
54.396591 54.396591 59.239262 70.905609 70.905609 70.905609 70.905609 53.821476 70.905609 68.895264 0.000000 
49.005630 37.245312 43.230080 59.239262 70.905609 70.418198 70.905609 66.384186 48.382374 53.821476 0.000000 
0.000000 59.239262 63.386600 70.905609 70.905609 70.905609 70.905609 68.895264 48.382374 58.730907 0.000000 
0.000000 43.230080 49.005630 70.905609 70.905609 70.905609 70.418198 66.384186 62.961365 70.905609 0.000000 
0.000000 59.239262 59.239262 54.396591 70.905609 70.905609 70.905609 68.895264 58.730907 68.895264 0.000000 
0.000000 54.396591 54.396591 37.245312 70.905609 70.905609 70.905609 68.895264 53.821476 53.821476 66.384186 
0.000000 59.239262 63.386600 70.905609 37.245312 70.905609 70.905609 68.895264 68.895264 48.382374 66.384186 
0.000000 54.396591 54.396591 70.525162 37.245312 70.905609 70.905609 70.905609 70.770126 48.382374 62.961365 
0.000000 63.386600 63.386600 59.239262 70.905609 70.905609 70.905609 70.905609 70.418198 48.382374 70.905609 
0.000000 0.000000 49.005630 70.905609 37.245312 70.905609 70.905609 70.905609 70.905609 66.384186 70.905609 
0.000000 0.000000 63.386600 69.116516 70.905609 70.905609 70.905609 68.895264 70.905609 58.730907 70.905609 
0.000000 0.000000 54.396591 49.005630 70.905609 70.905609 70.905609 70.905609 70.905609 68.895264 53.821476 
0.000000 0.000000 31.233044 70.905609 70.905609 70.905609 70.905609 70.905609 70.905609 70.418198 53.821476 
0.000000 0.000000 59.239262 69.116516 70.823784 70.905609 70.905609 70.905609 70.905609 70.770126 48.382374 
0.000000 0.000000 0.000000 43.230080 31.233044 49.005630 70.905609 70.905609 70.905609 66.384186 62.961365 
0.000000 0.000000 0.000000 70.905609 25.375818 25.375818 70.905609 70.905609 70.905609 70.905609 66.384186 
0.000000 0.000000 0.000000 69.116516 70.905609 66.712677 70.905609 62.961365 70.905609 62.961365 53.821476 
0.000000 0.000000 0.000000 0.000000 59.239262 59.239262 70.905609 70.905609 70.905609 70.905609 62.961365 
0.000000 0.000000 0.000000 0.000000 70.905609 37.245312 70.905609 70.905609 70.905609 70.905609 0.000000 
0.000000 0.000000 0.000000 0.000000 0.000000 66.712677 70.905609 70.905609 70.905609 70.905609 0.000000 
0.000000 0.000000 0.000000 0.000000 0.000000 59.239262 70.905609 70.905609 70.905609 68.895264 0.000000 
0.000000 0.000000 0.000000 0.000000 0.000000 0.000000 70.905609 70.905609 68.895264 70.905609 0.000000 
0.000000 0.000000 0.000000 0.000000 0.000000 0.000000 70.905609 70.905609 70.905609 0.000000 0.000000 
