test/output/constant/C2_S060_A090_WD000.0_WS045.0/C2_S060_A090_WD000.0_WS045.0_arrival.asc
ncols         7
nrows         42
xllcorner     426303.990666
yllcorner     12744655.311160
cellsize      100.000000
NODATA_value  0.000000
0.000000 0.000000 0.000000 166.000000 0.000000 0.000000 0.000000 
0.000000 0.000000 166.019806 166.000808 166.019806 0.000000 0.000000 
0.000000 0.000000 166.012126 166.001617 166.012126 0.000000 0.000000 
0.000000 0.000000 166.009297 166.002829 166.009297 0.000000 0.000000 
0.000000 0.000000 166.008488 166.003638 166.008488 0.000000 0.000000 
0.000000 0.000000 166.008488 166.004850 166.008488 0.000000 0.000000 
0.000000 166.036782 166.008892 166.005659 166.008892 166.036782 0.000000 
0.000000 166.032740 166.009297 166.006871 166.009297 166.032740 0.000000 
0.000000 166.030719 166.010105 166.007680 166.010105 166.030719 0.000000 
0.000000 166.027890 166.010913 166.008892 166.010913 166.027890 0.000000 
0.000000 166.027082 166.011722 166.009701 166.011722 166.027082 0.000000 
0.000000 166.026273 166.012530 166.010913 166.012530 166.026273 0.000000 
0.000000 166.025465 166.013743 166.011722 166.013743 166.025465 0.000000 
0.000000 166.025465 166.014551 166.012934 166.014551 166.025465 0.000000 
0.000000 166.025061 166.015360 166.013743 166.015360 166.025061 0.000000 
0.000000 166.025061 166.016572 166.014955 166.016572 166.025061 0.000000 
0.000000 166.025061 166.017381 166.015764 166.017381 166.025061 0.000000 
0.000000 166.025869 166.018593 166.016976 166.018593 166.025869 0.000000 
0.000000 166.026677 166.019402 166.017785 166.019402 166.026677 0.000000 
0.000000 166.027082 166.020614 166.018997 166.020614 166.027082 0.000000 
0.000000 166.027890 166.021423 166.019806 166.021423 166.027890 0.000000 
0.000000 166.028698 166.022231 166.021018 166.022231 166.028698 0.000000 
0.000000 166.029103 166.023444 166.021827 166.023444 166.029103 0.000000 
166.041633 166.029911 166.024252 166.023040 166.024252 166.029911 166.041633 
166.041633 166.030719 166.025465 166.023848 166.025465 166.030719 166.041633 
166.041633 166.031528 166.026273 166.025061 166.026273 166.031528 166.041633 
166.041667 166.032336 166.027486 166.025869 166.027486 166.032336 166.041667 
0.000000 166.033145 166.028294 166.027082 166.028294 166.033145 0.000000 
0.000000 166.033549 166.029103 166.027890 166.029103 166.033549 0.000000 
0.000000 166.034357 166.030315 166.029103 166.030315 166.034357 0.000000 
0.000000 166.035570 166.031124 166.029911 166.031124 166.035570 0.000000 
0.000000 166.036378 166.032336 166.031124 166.032336 166.036378 0.000000 
0.000000 166.037187 166.033145 166.031932 166.033145 166.037187 0.000000 
0.000000 166.037995 166.034357 166.033145 166.034357 166.037995 0.000000 
0.000000 166.038803 166.035166 166.033953 166.035166 166.038803 0.000000 
0.000000 166.040016 166.036378 166.035166 166.036378 166.040016 0.000000 
0.000000 166.040824 166.037187 166.035974 166.037187 166.040824 0.000000 
0.000000 0.000000 166.038399 166.037187 166.038399 0.000000 0.000000 
0.000000 0.000000 166.039208 166.037995 166.039208 0.000000 0.000000 
0.000000 0.000000 166.040016 166.039208 166.040016 0.000000 0.000000 
0.000000 0.000000 166.041229 166.040016 166.041229 0.000000 0.000000 
0.000000 0.000000 0.000000 166.041229 0.000000 0.000000 0.000000 
