test/output/constant/M490_S060_A180_WD270.0_WS005.0/M490_S060_A180_WD270.0_WS005.0_arrival.asc
ncols         31
nrows         7
xllcorner     426603.990666
yllcorner     12748455.311160
cellsize      100.000000
NODATA_value  0.000000
0.000000 0.000000 0.000000 0.000000 0.000000 0.000000 0.000000 166.039634 166.037401 166.036284 166.035168 166.034052 166.034052 166.034052 166.034052 166.034052 166.034052 166.035168 166.036284 166.036843 166.037959 166.038517 166.039634 166.040750 166.041667 0.000000 0.000000 0.000000 0.000000 0.000000 0.000000 
0.000000 0.000000 166.038517 166.027911 166.024562 166.022329 166.021212 166.020654 166.020654 166.020654 166.020654 166.021771 166.022887 166.023445 166.024562 166.025678 166.026795 166.027911 166.029028 166.030144 166.031260 166.032377 166.034052 166.035168 166.036284 166.037959 166.039076 166.040192 166.041667 0.000000 0.000000 
166.021212 166.008932 166.007257 166.007257 166.007257 166.008373 166.009490 166.010606 166.011723 166.013397 166.014514 166.016188 166.017305 166.018980 166.020096 166.021212 166.022887 166.024004 166.025678 166.026795 166.027911 166.029586 166.030702 166.032377 166.033493 166.035168 166.036284 166.037959 166.039076 166.040192 166.041667 
166.000000 166.001116 166.002233 166.003908 166.005024 166.006699 166.007815 166.009490 166.010606 166.012281 166.013397 166.015072 166.016188 166.017863 166.018980 166.020654 166.021771 166.023445 166.024562 166.026236 166.027353 166.029028 166.030144 166.031819 166.032935 166.034610 166.035726 166.037401 166.038517 166.040192 166.041308 
166.021212 166.008932 166.007257 166.007257 166.007257 166.008373 166.009490 166.010606 166.011723 166.013397 166.014514 166.016188 166.017305 166.018980 166.020096 166.021212 166.022887 166.024004 166.025678 166.026795 166.027911 166.029586 166.030702 166.032377 166.033493 166.035168 166.036284 166.037959 166.039076 166.040192 166.041667 
0.000000 0.000000 166.038517 166.027911 166.024562 166.022329 166.021212 166.020654 166.020654 166.020654 166.020654 166.021771 166.022887 166.023445 166.024562 166.025678 166.026795 166.027911 166.029028 166.030144 166.031260 166.032377 166.034052 166.035168 166.036284 166.037959 166.039076 166.040192 166.041667 0.000000 0.000000 
0.000000 0.000000 0.000000 0.000000 0.000000 0.000000 0.000000 166.039634 166.037401 166.036284 166.035168 166.034052 166.034052 166.034052 166.034052 166.034052 166.034052 166.035168 166.036284 166.036843 166.037959 166.038517 166.039634 166.040750 166.041667 0.000000 0.000000 0.000000 0.000000 0.000000 0.000000 
