test/output/constant/M375_S060_A090_WD000.0_WS040.0/M375_S060_A090_WD000.0_WS040.0_arrival.asc
ncols         7
nrows         54
xllcorner     426303.990666
yllcorner     12743455.311160
cellsize      100.000000
NODATA_value  0.000000
0.000000 0.000000 0.000000 166.000000 0.000000 0.000000 0.000000 
0.000000 0.000000 166.016621 166.000627 166.016621 0.000000 0.000000 
0.000000 0.000000 166.009408 166.001254 166.009408 0.000000 0.000000 
0.000000 0.000000 166.007840 166.002195 166.007840 0.000000 0.000000 
0.000000 166.041396 166.006899 166.002822 166.006899 166.041396 0.000000 
0.000000 166.034497 166.006899 166.003763 166.006899 166.034497 0.000000 
0.000000 166.029165 166.006899 166.004390 166.006899 166.029165 0.000000 
0.000000 166.026343 166.007527 166.005331 166.007527 166.026343 0.000000 
0.000000 166.024461 166.007840 166.005959 166.007840 166.024461 0.000000 
0.000000 166.022893 166.008467 166.006899 166.008467 166.022893 0.000000 
0.000000 166.021639 166.009095 166.007527 166.009095 166.021639 0.000000 
0.000000 166.021325 166.009722 166.008467 166.009722 166.021325 0.000000 
0.000000 166.020698 166.010663 166.009095 166.010663 166.020698 0.000000 
166.041396 166.020384 166.011290 166.010035 166.011290 166.020384 166.041396 
166.039514 166.020071 166.011917 166.010663 166.011917 166.020071 166.039514 
166.037946 166.020071 166.012858 166.011603 166.012858 166.020071 166.037946 
166.036692 166.020071 166.013485 166.012231 166.013485 166.020071 166.036692 
166.035751 166.020384 166.014426 166.013171 166.014426 166.020384 166.035751 
166.035438 166.021012 166.015053 166.013799 166.015053 166.021012 166.035438 
166.034810 166.021325 166.015994 166.014740 166.015994 166.021325 166.034810 
166.034183 166.021952 166.016621 166.015367 166.016621 166.021952 166.034183 
166.033870 166.022580 166.017562 166.016308 166.017562 166.022580 166.033870 
166.033556 166.022893 166.018189 166.016935 166.018189 166.022893 166.033556 
166.033556 166.023521 166.018816 166.017876 166.018816 166.023521 166.033556 
166.033242 166.024148 166.019757 166.018503 166.019757 166.024148 166.033242 
166.033242 166.024461 166.020384 166.019444 166.020384 166.024461 166.033242 
166.033242 166.025089 166.021325 166.020071 166.021325 166.025089 166.033242 
166.033242 166.025716 166.021952 166.021012 166.021952 166.025716 166.033242 
166.033870 166.026343 166.022893 166.021639 166.022893 166.026343 166.033870 
166.034183 166.026970 166.023521 166.022580 166.023521 166.026970 166.034183 
166.034810 166.027597 166.024148 166.023207 166.024148 166.027597 166.034810 
166.035438 166.028225 166.025089 166.024148 166.025089 166.028225 166.035438 
166.035751 166.029165 166.025716 166.024775 166.025716 166.029165 166.035751 
166.036378 166.029793 166.026657 166.025716 166.026657 166.029793 166.036378 
166.036692 166.030420 166.027284 166.026343 166.027284 166.030420 166.036692 
166.037319 166.031047 166.028225 166.027284 166.028225 166.031047 166.037319 
166.037946 166.031988 166.028852 166.027911 166.028852 166.031988 166.037946 
166.038574 166.032615 166.029793 166.028852 166.029793 166.032615 166.038574 
166.038887 166.033242 166.030420 166.029479 166.030420 166.033242 166.038887 
166.039514 166.034183 166.031047 166.030420 166.031047 166.034183 166.039514 
166.040142 166.034810 166.031988 166.031047 166.031988 166.034810 166.040142 
166.040455 166.035438 166.032615 166.031988 166.032615 166.035438 166.040455 
166.041083 166.036378 166.033556 166.032615 166.033556 166.036378 166.041083 
166.041667 166.037006 166.034183 166.033556 166.034183 166.037006 166.041667 
0.000000 166.037633 166.035124 166.034183 166.035124 166.037633 0.000000 
0.000000 166.038574 166.035751 166.035124 166.035751 166.038574 0.000000 
0.000000 166.039201 166.036692 166.035751 166.036692 166.039201 0.000000 
0.000000 166.039828 166.037319 166.036692 166.037319 166.039828 0.000000 
0.000000 166.040769 166.038260 166.037319 166.038260 166.040769 0.000000 
0.000000 166.041396 166.038887 166.038260 166.038887 166.041396 0.000000 
0.000000 0.000000 166.039828 166.038887 166.039828 0.000000 0.000000 
0.000000 0.000000 166.040455 166.039828 166.040455 0.000000 0.000000 
0.000000 0.000000 166.041396 166.040455 166.041396 0.000000 0.000000 
0.000000 0.000000 0.000000 166.041396 0.000000 0.000000 0.000000 
