test/output/constant/M375_S060_A000_WD315.0_WS040.0/M375_S060_A000_WD315.0_WS040.0_ros.asc
ncols         12
nrows         28
xllcorner     425603.990666
yllcorner     12746155.311160
cellsize      100.000000
NODATA_value  0.000000
0.000000 0.000000 0.000000 0.000000 0.000000 0.000000 0.000000 0.000000 0.000000 2.479879 1.805855 1.417339 
0.000000 0.000000 0.000000 0.000000 0.000000 0.000000 0.000000 0.000000 1.805855 1.805855 -1.000000 1.417339 
0.000000 0.000000 0.000000 0.000000 0.000000 0.000000 0.000000 2.479879 2.676759 46.539158 46.579735 9.102548 
0.000000 0.000000 0.000000 0.000000 0.000000 0.000000 2.676759 2.676759 2.676759 46.579735 29.974394 18.737436 
0.000000 0.000000 0.000000 0.000000 0.000000 0.000000 2.306199 3.747885 46.579735 46.579735 18.737436 6.699553 
0.000000 0.000000 0.000000 0.000000 0.000000 30.974348 3.747885 37.725861 46.579735 46.579735 18.737436 18.737436 
0.000000 0.000000 0.000000 0.000000 0.000000 2.306199 34.495838 37.725861 46.579735 46.579735 9.102548 18.737436 
0.000000 0.000000 0.000000 0.000000 2.479879 37.725861 37.725861 46.579735 46.579735 18.737436 11.964610 15.207524 
0.000000 0.000000 0.000000 0.000000 2.306199 37.725861 37.725861 46.579735 46.579735 18.737436 6.699553 4.810887 
0.000000 0.000000 0.000000 3.747885 3.747885 37.725861 46.579735 46.579735 18.737436 9.102548 18.737436 18.737436 
0.000000 0.000000 0.000000 3.747885 2.676759 40.566460 46.579735 46.579735 33.559814 33.559814 18.737436 0.000000 
0.000000 0.000000 3.747885 37.725861 37.725861 46.579735 46.579735 46.579735 46.579735 11.964610 9.102548 0.000000 
0.000000 0.000000 2.676759 40.566460 5.290757 46.579735 46.579735 9.102548 36.881222 18.737436 9.102548 0.000000 
0.000000 0.000000 2.676759 3.747885 46.579735 46.579735 46.579735 18.737436 39.838062 11.964610 18.737436 0.000000 
0.000000 1.805855 3.747885 5.290757 46.579735 46.579735 26.233397 36.881222 18.737436 15.207524 11.964610 0.000000 
0.000000 37.725861 2.676759 46.539158 46.579735 46.579735 36.881222 18.737436 18.737436 22.449778 0.000000 0.000000 
0.000000 34.495838 2.676759 45.963848 46.579735 46.579735 26.233397 15.207524 18.737436 18.737436 0.000000 0.000000 
0.000000 34.495838 46.579735 46.579735 46.579735 46.579735 39.838062 15.207524 18.737436 0.000000 0.000000 0.000000 
40.566460 2.676759 46.579735 46.579735 46.579735 18.737436 22.449778 18.737436 15.207524 0.000000 0.000000 0.000000 
40.566460 40.566460 46.579735 46.579735 46.579735 29.974394 18.737436 18.737436 18.737436 0.000000 0.000000 0.000000 
45.963848 46.579735 46.579735 46.579735 46.579735 46.579735 18.737436 15.207524 0.000000 0.000000 0.000000 0.000000 
37.725861 46.579735 46.579735 46.579735 33.559814 18.737436 18.737436 18.737436 0.000000 0.000000 0.000000 0.000000 
46.579735 46.579735 46.579735 46.579735 46.579735 15.207524 22.449778 0.000000 0.000000 0.000000 0.000000 0.000000 
46.579735 46.579735 46.579735 46.579735 18.737436 39.838062 18.737436 0.000000 0.000000 0.000000 0.000000 0.000000 
44.748962 46.579735 46.579735 46.579735 33.559814 18.737436 0.000000 0.000000 0.000000 0.000000 0.000000 0.000000 
46.579735 46.579735 46.579735 45.696449 33.559814 0.000000 0.000000 0.000000 0.000000 0.000000 0.000000 0.000000 
46.579735 46.579735 46.579735 22.449778 39.838062 0.000000 0.000000 0.000000 0.000000 0.000000 0.000000 0.000000 
46.579735 46.579735 46.579735 33.559814 0.000000 0.000000 0.000000 0.000000 0.000000 0.000000 0.000000 0.000000 
