test/output/constant/M3M470_S060_A270_WD315.0_WS030.0/M3M470_S060_A270_WD315.0_WS030.0_arrival.asc
ncols         20
nrows         16
xllcorner     426503.990666
yllcorner     12748655.311160
cellsize      100.000000
NODATA_value  0.000000
0.000000 0.000000 0.000000 0.000000 0.000000 0.000000 0.000000 0.000000 0.000000 0.000000 0.000000 0.000000 0.000000 0.000000 0.000000 0.000000 166.041667 166.041667 166.041667 0.000000 
0.000000 0.000000 0.000000 0.000000 0.000000 0.000000 0.000000 0.000000 0.000000 0.000000 0.000000 0.000000 0.000000 166.041047 166.039679 166.038995 166.038995 166.038995 166.039679 166.041667 
0.000000 0.000000 0.000000 0.000000 0.000000 0.000000 0.000000 0.000000 0.000000 0.000000 0.000000 166.041047 166.038311 166.036259 166.035574 166.035574 166.036259 166.036943 166.038995 166.041667 
0.000000 0.000000 0.000000 0.000000 0.000000 0.000000 0.000000 0.000000 0.000000 166.041667 166.037627 166.034890 166.032838 166.032838 166.032838 166.032838 166.034890 166.036943 166.038995 166.041667 
0.000000 0.000000 0.000000 0.000000 0.000000 0.000000 0.000000 0.000000 166.038995 166.034206 166.031470 166.030101 166.029417 166.029417 166.030101 166.032154 166.034206 166.036943 166.039679 0.000000 
0.000000 0.000000 0.000000 0.000000 0.000000 0.000000 0.000000 166.036259 166.031470 166.028733 166.026681 166.026681 166.026681 166.028049 166.030101 166.032154 166.034890 166.038311 0.000000 0.000000 
0.000000 0.000000 0.000000 0.000000 0.000000 166.041047 166.033522 166.028049 166.025313 166.023260 166.023260 166.023944 166.025313 166.027365 166.030101 166.032838 166.036943 166.041047 0.000000 0.000000 
0.000000 0.000000 0.000000 0.000000 166.040363 166.030786 166.024628 166.021892 166.020524 166.020524 166.020524 166.022576 166.025313 166.028049 166.031470 166.035574 166.040363 0.000000 0.000000 0.000000 
0.000000 0.000000 0.000000 166.038995 166.028733 166.021892 166.018471 166.017103 166.017103 166.018471 166.020524 166.022576 166.025997 166.030101 166.034890 166.040363 0.000000 0.000000 0.000000 0.000000 
0.000000 0.000000 166.039679 166.027365 166.019155 166.015051 166.014367 166.014367 166.015735 166.017787 166.020524 166.023944 166.029417 166.034206 166.041047 0.000000 0.000000 0.000000 0.000000 0.000000 
0.000000 166.041667 166.025997 166.016419 166.011630 166.010946 166.011630 166.013682 166.015735 166.019155 166.023260 166.028733 166.034890 166.041667 0.000000 0.000000 0.000000 0.000000 0.000000 0.000000 
0.000000 166.027365 166.014367 166.008894 166.008209 166.008894 166.010946 166.013682 166.017787 166.023260 166.029417 166.036943 0.000000 0.000000 0.000000 0.000000 0.000000 0.000000 0.000000 0.000000 
166.038995 166.013682 166.005473 166.004789 166.006157 166.008894 166.012314 166.017787 166.023944 166.032154 166.040363 0.000000 0.000000 0.000000 0.000000 0.000000 0.000000 0.000000 0.000000 0.000000 
166.028733 166.002052 166.002052 166.004105 166.006841 166.012314 166.019155 166.027365 166.036259 0.000000 0.000000 0.000000 0.000000 0.000000 0.000000 0.000000 0.000000 0.000000 0.000000 0.000000 
166.023944 166.000000 166.001368 166.006841 166.015051 166.024628 166.034206 0.000000 0.000000 0.000000 0.000000 0.000000 0.000000 0.000000 0.000000 0.000000 0.000000 0.000000 0.000000 0.000000 
166.032838 166.020524 166.021208 166.030786 166.040363 0.000000 0.000000 0.000000 0.000000 0.000000 0.000000 0.000000 0.000000 0.000000 0.000000 0.000000 0.000000 0.000000 0.000000 0.000000 
