test/output/constant/M380_S060_A090_WD180.0_WS010.0/M380_S060_A090_WD180.0_WS010.0_arrival.asc
ncols         9
nrows         34
xllcorner     426203.990666
yllcorner     12745555.311160
cellsize      100.000000
NODATA_value  0.000000
0.000000 0.000000 0.000000 166.029918 166.020118 166.029918 0.000000 0.000000 0.000000 
0.000000 0.000000 166.037656 166.009801 166.000000 166.009801 166.037656 0.000000 0.000000 
0.000000 0.000000 166.026823 166.005158 166.001032 166.005158 166.026823 0.000000 0.000000 
0.000000 0.000000 166.020118 166.005158 166.002063 166.005158 166.020118 0.000000 0.000000 
0.000000 166.036109 166.016507 166.005158 166.003611 166.005158 166.016507 166.036109 0.000000 
0.000000 166.030950 166.014959 166.006190 166.004643 166.006190 166.014959 166.030950 0.000000 
0.000000 166.028371 166.014959 166.007222 166.006190 166.007222 166.014959 166.028371 0.000000 
0.000000 166.026308 166.014443 166.008253 166.007222 166.008253 166.014443 166.026308 0.000000 
166.039719 166.025276 166.014959 166.009285 166.008769 166.009285 166.014959 166.025276 166.039719 
166.037656 166.024760 166.014959 166.010833 166.009801 166.010833 166.014959 166.024760 166.037656 
166.036109 166.024244 166.015991 166.011864 166.011348 166.011864 166.015991 166.024244 166.036109 
166.035077 166.024244 166.017023 166.012896 166.012380 166.012896 166.017023 166.024244 166.035077 
166.034561 166.024244 166.017538 166.014443 166.013928 166.014443 166.017538 166.024244 166.034561 
166.034045 166.024760 166.018570 166.015475 166.014959 166.015475 166.018570 166.024760 166.034045 
166.034045 166.025276 166.019602 166.017023 166.016507 166.017023 166.019602 166.025276 166.034045 
166.033529 166.025792 166.020633 166.018054 166.017538 166.018054 166.020633 166.025792 166.033529 
166.034045 166.026823 166.021665 166.019602 166.019086 166.019602 166.021665 166.026823 166.034045 
166.034045 166.027339 166.022697 166.020633 166.020118 166.020633 166.022697 166.027339 166.034045 
166.034561 166.028371 166.024244 166.022181 166.021665 166.022181 166.024244 166.028371 166.034561 
166.035077 166.029403 166.025276 166.023213 166.022697 166.023213 166.025276 166.029403 166.035077 
166.035593 166.030434 166.026308 166.024760 166.024244 166.024760 166.026308 166.030434 166.035593 
166.036624 166.031466 166.027855 166.025792 166.025276 166.025792 166.027855 166.031466 166.036624 
166.037140 166.031982 166.028887 166.026823 166.026823 166.026823 166.028887 166.031982 166.037140 
166.038172 166.033014 166.029918 166.028371 166.027855 166.028371 166.029918 166.033014 166.038172 
166.039204 166.034045 166.031466 166.029403 166.029403 166.029403 166.031466 166.034045 166.039204 
166.039719 166.035077 166.032498 166.030950 166.030434 166.030950 166.032498 166.035077 166.039719 
166.040751 166.036624 166.034045 166.031982 166.031982 166.031982 166.034045 166.036624 166.040751 
166.041667 166.037656 166.035077 166.033529 166.033014 166.033529 166.035077 166.037656 166.041667 
0.000000 166.038688 166.036109 166.034561 166.034561 166.034561 166.036109 166.038688 0.000000 
0.000000 166.039719 166.037656 166.036109 166.035593 166.036109 166.037656 166.039719 0.000000 
0.000000 166.041267 166.038688 166.037140 166.037140 166.037140 166.038688 166.041267 0.000000 
0.000000 0.000000 166.039719 166.038688 166.038172 166.038688 166.039719 0.000000 0.000000 
0.000000 0.000000 166.041267 166.039719 166.039719 166.039719 166.041267 0.000000 0.000000 
0.000000 0.000000 0.000000 166.041267 166.040751 166.041267 0.000000 0.000000 0.000000 
