test/output/constant/M3M480_S060_A000_WD090.0_WS030.0/M3M480_S060_A000_WD090.0_WS030.0_arrival.asc
ncols         54
nrows         7
xllcorner     421303.990666
yllcorner     12748455.311160
cellsize      100.000000
NODATA_value  0.000000
0.000000 0.000000 0.000000 0.000000 0.000000 0.000000 0.000000 0.000000 0.000000 166.041327 166.040696 166.040380 166.039749 166.039118 166.038487 166.037856 166.037541 166.036910 166.036279 166.035648 166.035017 166.034702 166.034071 166.033440 166.033124 166.032493 166.032178 166.031547 166.031231 166.031231 166.030916 166.030916 166.031231 166.031547 166.031862 166.032178 166.032809 166.033440 166.034071 166.035333 166.036594 166.038172 166.040696 0.000000 0.000000 0.000000 0.000000 0.000000 0.000000 0.000000 0.000000 0.000000 0.000000 0.000000 
0.000000 0.000000 0.000000 0.000000 166.041327 166.040380 166.039749 166.039118 166.038172 166.037541 166.036910 166.035964 166.035333 166.034386 166.033755 166.033124 166.032178 166.031547 166.030916 166.029970 166.029339 166.028708 166.028077 166.027130 166.026499 166.025869 166.025238 166.024607 166.023976 166.023345 166.023029 166.022398 166.021767 166.021136 166.020506 166.020190 166.019559 166.019244 166.018613 166.018613 166.018613 166.018928 166.019559 166.019875 166.020821 166.021767 166.023345 166.025869 166.030285 166.035648 0.000000 0.000000 0.000000 0.000000 
0.000000 166.041327 166.040696 166.039749 166.039118 166.038172 166.037541 166.036594 166.035964 166.035017 166.034386 166.033755 166.032809 166.032178 166.031231 166.030601 166.029654 166.029023 166.028077 166.027446 166.026499 166.025869 166.025238 166.024291 166.023660 166.022714 166.022083 166.021136 166.020506 166.019559 166.018928 166.018297 166.017351 166.016720 166.015773 166.015143 166.014196 166.013565 166.012934 166.011988 166.011357 166.010410 166.009780 166.009149 166.008518 166.007887 166.007256 166.006625 166.006309 166.006309 166.006940 166.008518 166.013881 166.038487 
166.041642 166.040696 166.040065 166.039118 166.038487 166.037541 166.036910 166.035964 166.035333 166.034386 166.033755 166.032809 166.032178 166.031231 166.030601 166.029654 166.029023 166.028077 166.027446 166.026499 166.025869 166.024922 166.024291 166.023345 166.022714 166.021767 166.021136 166.020190 166.019559 166.018613 166.017982 166.017035 166.016404 166.015458 166.014827 166.013881 166.013250 166.012303 166.011672 166.010726 166.010095 166.009149 166.008518 166.007571 166.006940 166.005994 166.005363 166.004417 166.003786 166.002839 166.002208 166.001262 166.000631 166.000000 
0.000000 166.041327 166.040696 166.039749 166.039118 166.038172 166.037541 166.036594 166.035964 166.035017 166.034386 166.033755 166.032809 166.032178 166.031231 166.030601 166.029654 166.029023 166.028077 166.027446 166.026499 166.025869 166.025238 166.024291 166.023660 166.022714 166.022083 166.021136 166.020506 166.019559 166.018928 166.018297 166.017351 166.016720 166.015773 166.015143 166.014196 166.013565 166.012934 166.011988 166.011357 166.010410 166.009780 166.009149 166.008518 166.007887 166.007256 166.006625 166.006309 166.006309 166.006940 166.008518 166.013881 166.038487 
0.000000 0.000000 0.000000 0.000000 166.041327 166.040380 166.039749 166.039118 166.038172 166.037541 166.036910 166.035964 166.035333 166.034386 166.033755 166.033124 166.032178 166.031547 166.030916 166.029970 166.029339 166.028708 166.028077 166.027130 166.026499 166.025869 166.025238 166.024607 166.023976 166.023345 166.023029 166.022398 166.021767 166.021136 166.020506 166.020190 166.019559 166.019244 166.018613 166.018613 166.018613 166.018928 166.019559 166.019875 166.020821 166.021767 166.023345 166.025869 166.030285 166.035648 0.000000 0.000000 0.000000 0.000000 
0.000000 0.000000 0.000000 0.000000 0.000000 0.000000 0.000000 0.000000 0.000000 166.041327 166.040696 166.040380 166.039749 166.039118 166.038487 166.037856 166.037541 166.036910 166.036279 166.035648 166.035017 166.034702 166.034071 166.033440 166.033124 166.032493 166.032178 166.031547 166.031231 166.031231 166.030916 166.030916 166.031231 166.031547 166.031862 166.032178 166.032809 166.033440 166.034071 166.035333 166.036594 166.038172 166.040696 0.000000 0.000000 0.000000 0.000000 0.000000 0.000000 0.000000 0.000000 0.000000 0.000000 0.000000 
