test/output/constant/M3M490_S060_A090_WD270.0_WS010.0/M3M490_S060_A090_WD270.0_WS010.0_ros.asc
ncols         16
nrows         49
xllcorner     426503.990666
yllcorner     12743955.311160
cellsize      100.000000
NODATA_value  0.000000
1.004541 -1.000000 42.487385 1.832315 0.000000 0.000000 0.000000 0.000000 0.000000 0.000000 0.000000 0.000000 0.000000 0.000000 0.000000 0.000000 
12.299114 82.782509 82.782509 1.412490 0.000000 0.000000 0.000000 0.000000 0.000000 0.000000 0.000000 0.000000 0.000000 0.000000 0.000000 0.000000 
12.299114 82.782509 77.425819 56.297661 1.832315 0.000000 0.000000 0.000000 0.000000 0.000000 0.000000 0.000000 0.000000 0.000000 0.000000 0.000000 
36.784561 82.782509 82.782509 62.672966 1.832315 42.487385 0.000000 0.000000 0.000000 0.000000 0.000000 0.000000 0.000000 0.000000 0.000000 0.000000 
36.784561 82.714539 82.782509 77.425819 1.412490 49.500214 0.000000 0.000000 0.000000 0.000000 0.000000 0.000000 0.000000 0.000000 0.000000 0.000000 
36.784561 29.907772 82.782509 73.400200 62.672966 56.297661 49.500214 0.000000 0.000000 0.000000 0.000000 0.000000 0.000000 0.000000 0.000000 0.000000 
36.784561 69.462555 82.782509 73.400200 82.782509 56.297661 56.297661 0.000000 0.000000 0.000000 0.000000 0.000000 0.000000 0.000000 0.000000 0.000000 
17.477211 63.840412 82.782509 82.782509 82.782509 56.297661 56.297661 0.000000 0.000000 0.000000 0.000000 0.000000 0.000000 0.000000 0.000000 0.000000 
43.828465 23.406418 82.782509 82.782509 77.425819 56.297661 56.297661 56.297661 0.000000 0.000000 0.000000 0.000000 0.000000 0.000000 0.000000 0.000000 
36.784561 69.462555 17.477211 82.782509 82.782509 82.782509 56.297661 56.297661 0.000000 0.000000 0.000000 0.000000 0.000000 0.000000 0.000000 0.000000 
36.784561 63.840412 82.782509 82.782509 82.782509 82.782509 62.672966 56.297661 56.297661 0.000000 0.000000 0.000000 0.000000 0.000000 0.000000 0.000000 
17.477211 43.828465 78.088837 82.782509 82.782509 82.782509 82.782509 56.297661 56.297661 0.000000 0.000000 0.000000 0.000000 0.000000 0.000000 0.000000 
43.828465 17.477211 82.782509 82.782509 82.782509 82.782509 80.386597 62.672966 56.297661 0.000000 0.000000 0.000000 0.000000 0.000000 0.000000 0.000000 
17.477211 43.828465 74.260559 82.782509 82.782509 82.782509 80.386597 56.297661 56.297661 56.297661 0.000000 0.000000 0.000000 0.000000 0.000000 0.000000 
43.828465 36.784561 82.404587 82.404587 82.782509 82.782509 82.782509 77.425819 56.297661 56.297661 0.000000 0.000000 0.000000 0.000000 0.000000 0.000000 
0.000000 43.828465 69.462555 82.782509 82.782509 82.782509 80.386597 80.386597 56.297661 56.297661 0.000000 0.000000 0.000000 0.000000 0.000000 0.000000 
0.000000 36.784561 78.088837 80.831230 82.782509 82.782509 82.782509 82.608109 82.782509 56.297661 1.055815 0.000000 0.000000 0.000000 0.000000 0.000000 
0.000000 17.477211 78.088837 82.714539 80.831230 82.782509 80.386597 82.192398 82.192398 62.672966 56.297661 0.000000 0.000000 0.000000 0.000000 0.000000 
0.000000 36.784561 74.260559 17.477211 82.782509 82.782509 82.782509 82.782509 82.782509 56.297661 56.297661 0.000000 0.000000 0.000000 0.000000 0.000000 
0.000000 29.907772 69.462555 82.782509 82.782509 82.782509 82.782509 82.782509 82.782509 77.425819 62.672966 62.672966 0.000000 0.000000 0.000000 0.000000 
0.000000 43.828465 63.840412 80.831230 82.782509 82.782509 82.782509 82.782509 82.782509 82.608109 82.782509 56.297661 0.000000 0.000000 0.000000 0.000000 
0.000000 57.564724 23.406418 82.782509 82.782509 82.782509 82.782509 82.608109 82.192398 1.412490 82.782509 62.672966 0.000000 0.000000 0.000000 0.000000 
0.000000 50.825928 17.477211 69.462555 82.782509 82.782509 82.782509 82.782509 77.425819 82.782509 82.192398 56.297661 62.672966 0.000000 0.000000 0.000000 
0.000000 0.000000 12.299114 78.088837 80.831230 82.782509 82.782509 77.425819 80.386597 82.608109 82.608109 56.297661 56.297661 0.000000 0.000000 0.000000 
0.000000 0.000000 69.462555 23.406418 78.088837 82.782509 80.831230 82.782509 82.782509 82.782509 1.055815 80.386597 0.813354 0.000000 0.000000 0.000000 
0.000000 0.000000 36.784561 74.260559 82.782509 82.782509 78.088837 82.782509 82.782509 82.782509 82.782509 82.782509 82.782509 0.000000 0.000000 0.000000 
0.000000 0.000000 23.406418 82.404587 82.404587 82.782509 74.260559 82.782509 82.782509 82.782509 73.400200 82.782509 82.782509 56.297661 0.000000 0.000000 
0.000000 0.000000 0.000000 69.462555 69.462555 82.782509 78.088837 82.782509 82.782509 82.782509 82.782509 82.782509 82.608109 62.672966 0.000000 0.000000 
0.000000 0.000000 0.000000 69.462555 78.088837 82.782509 74.260559 82.782509 82.782509 82.782509 77.425819 82.782509 82.782509 73.400200 0.000000 0.000000 
0.000000 0.000000 0.000000 69.462555 69.462555 17.477211 17.477211 82.782509 82.782509 82.608109 82.782509 82.782509 80.386597 80.386597 0.000000 0.000000 
0.000000 0.000000 0.000000 0.000000 78.088837 23.406418 82.782509 82.782509 82.782509 82.782509 82.782509 82.782509 77.425819 82.782509 0.000000 0.000000 
0.000000 0.000000 0.000000 0.000000 69.462555 12.299114 69.462555 17.477211 82.782509 82.782509 82.782509 80.386597 77.425819 62.672966 82.782509 0.000000 
0.000000 0.000000 0.000000 0.000000 74.260559 82.782509 82.782509 23.406418 82.782509 82.782509 82.782509 68.432205 82.782509 82.782509 82.782509 0.000000 
0.000000 0.000000 0.000000 0.000000 69.462555 80.831230 17.477211 69.462555 82.782509 82.782509 82.782509 80.386597 82.782509 82.192398 62.672966 0.000000 
0.000000 0.000000 0.000000 0.000000 0.000000 17.477211 82.782509 82.782509 82.404587 82.782509 82.782509 82.782509 80.386597 77.425819 1.412490 0.000000 
0.000000 0.000000 0.000000 0.000000 0.000000 74.260559 82.782509 82.782509 82.782509 82.782509 82.782509 82.782509 82.782509 82.782509 80.386597 0.000000 
0.000000 0.000000 0.000000 0.000000 0.000000 0.000000 80.831230 82.782509 63.840412 82.782509 82.782509 82.782509 82.782509 82.782509 80.386597 0.000000 
0.000000 0.000000 0.000000 0.000000 0.000000 0.000000 23.406418 82.782509 82.782509 82.782509 82.782509 82.782509 82.782509 82.782509 82.782509 0.000000 
0.000000 0.000000 0.000000 0.000000 0.000000 0.000000 82.782509 82.782509 63.840412 82.782509 80.831230 82.782509 82.192398 80.386597 77.425819 0.000000 
0.000000 0.000000 0.000000 0.000000 0.000000 0.000000 0.000000 82.782509 82.782509 82.782509 82.782509 82.782509 82.782509 82.782509 77.425819 62.672966 
0.000000 0.000000 0.000000 0.000000 0.000000 0.000000 0.000000 80.831230 23.406418 82.404587 82.782509 82.782509 77.425819 82.192398 82.192398 82.782509 
0.000000 0.000000 0.000000 0.000000 0.000000 0.000000 0.000000 0.000000 82.782509 82.782509 82.782509 82.782509 82.782509 82.782509 77.425819 82.192398 
0.000000 0.000000 0.000000 0.000000 0.000000 0.000000 0.000000 0.000000 74.260559 69.462555 80.831230 82.782509 82.782509 80.386597 82.782509 82.782509 
0.000000 0.000000 0.000000 0.000000 0.000000 0.000000 0.000000 0.000000 63.840412 82.782509 82.782509 82.782509 82.782509 82.782509 80.386597 82.782509 
0.000000 0.000000 0.000000 0.000000 0.000000 0.000000 0.000000 0.000000 0.000000 82.782509 78.088837 74.260559 82.782509 82.782509 82.782509 82.782509 
0.000000 0.000000 0.000000 0.000000 0.000000 0.000000 0.000000 0.000000 0.000000 0.000000 63.840412 80.831230 82.782509 82.782509 82.782509 0.000000 
0.000000 0.000000 0.000000 0.000000 0.000000 0.000000 0.000000 0.000000 0.000000 0.000000 74.260559 82.782509 78.088837 82.782509 82.782509 0.000000 
0.000000 0.000000 0.000000 0.000000 0.000000 0.000000 0.000000 0.000000 0.000000 0.000000 0.000000 82.782509 82.782509 82.782509 80.386597 0.000000 
0.000000 0.000000 0.000000 0.000000 0.000000 0.000000 0.000000 0.000000 0.000000 0.000000 0.000000 0.000000 82.782509 82.782509 82.782509 0.000000 
