test/output/constant/M3M495_S060_A180_WD225.0_WS015.0/M3M495_S060_A180_WD225.0_WS015.0_arrival.asc
ncols         58
nrows         15
xllcorner     426603.990666
yllcorner     12748655.311160
cellsize      100.000000
NODATA_value  0.000000
0.000000 0.000000 0.000000 0.000000 0.000000 0.000000 0.000000 0.000000 0.000000 0.000000 0.000000 0.000000 0.000000 0.000000 0.000000 0.000000 0.000000 0.000000 0.000000 0.000000 0.000000 0.000000 0.000000 0.000000 0.000000 0.000000 0.000000 0.000000 0.000000 0.000000 0.000000 0.000000 0.000000 0.000000 0.000000 0.000000 0.000000 0.000000 0.000000 166.041313 166.040751 166.040188 166.039626 166.039345 166.039064 166.038783 166.038783 166.038783 166.038783 166.039064 166.039064 166.039064 166.039626 166.039907 166.040469 166.040751 166.041032 166.041313 
0.000000 0.000000 0.000000 0.000000 0.000000 0.000000 0.000000 0.000000 0.000000 0.000000 0.000000 0.000000 0.000000 0.000000 0.000000 0.000000 0.000000 0.000000 0.000000 0.000000 0.000000 0.000000 0.000000 0.000000 0.000000 0.000000 0.000000 0.000000 0.000000 0.000000 0.000000 0.000000 0.000000 166.040469 166.039626 166.038783 166.037940 166.037378 166.036816 166.036535 166.035973 166.035692 166.035692 166.035692 166.035692 166.035973 166.035973 166.035973 166.036535 166.036816 166.037097 166.037378 166.037940 166.038502 166.039064 166.039626 166.040469 166.041032 
0.000000 0.000000 0.000000 0.000000 0.000000 0.000000 0.000000 0.000000 0.000000 0.000000 0.000000 0.000000 0.000000 0.000000 0.000000 0.000000 0.000000 0.000000 0.000000 0.000000 0.000000 0.000000 0.000000 0.000000 0.000000 0.000000 0.000000 0.000000 166.040188 166.038502 166.037097 166.035973 166.035411 166.034568 166.034006 166.033444 166.033163 166.032881 166.032600 166.032600 166.032600 166.032881 166.032881 166.032881 166.033444 166.033725 166.034006 166.034287 166.034849 166.035411 166.035973 166.036816 166.037378 166.038221 166.038783 166.039626 166.040469 166.041032 
0.000000 0.000000 0.000000 0.000000 0.000000 0.000000 0.000000 0.000000 0.000000 0.000000 0.000000 0.000000 0.000000 0.000000 0.000000 0.000000 0.000000 0.000000 0.000000 0.000000 0.000000 0.000000 0.000000 0.000000 166.039345 166.036816 166.035130 166.033725 166.032600 166.031757 166.031195 166.030633 166.030071 166.029790 166.029509 166.029509 166.029509 166.029509 166.029790 166.029790 166.030352 166.030633 166.030914 166.031195 166.031757 166.032600 166.033163 166.033725 166.034568 166.035411 166.035973 166.036816 166.037378 166.038502 166.039064 166.040188 166.040751 0.000000 
0.000000 0.000000 0.000000 0.000000 0.000000 0.000000 0.000000 0.000000 0.000000 0.000000 0.000000 0.000000 0.000000 0.000000 0.000000 0.000000 0.000000 0.000000 0.000000 0.000000 166.039064 166.036254 166.033725 166.031757 166.030352 166.029228 166.028385 166.027823 166.027261 166.026699 166.026699 166.026418 166.026418 166.026418 166.026699 166.026699 166.026980 166.027542 166.027823 166.028385 166.028947 166.029509 166.030352 166.030914 166.031757 166.032319 166.033163 166.034006 166.034849 166.035411 166.036535 166.037378 166.038221 166.039345 166.040188 166.041313 0.000000 0.000000 
0.000000 0.000000 0.000000 0.000000 0.000000 0.000000 0.000000 0.000000 0.000000 0.000000 0.000000 0.000000 0.000000 0.000000 0.000000 0.000000 166.040188 166.036535 166.033163 166.030633 166.028385 166.026980 166.025856 166.025012 166.024450 166.023888 166.023607 166.023326 166.023326 166.023326 166.023607 166.023607 166.023888 166.024450 166.024731 166.025293 166.025856 166.026699 166.027261 166.028104 166.028666 166.029509 166.030352 166.031195 166.031757 166.032881 166.033725 166.034568 166.035692 166.036816 166.037940 166.038783 166.040188 166.041313 0.000000 0.000000 0.000000 0.000000 
0.000000 0.000000 0.000000 0.000000 0.000000 0.000000 0.000000 0.000000 0.000000 0.000000 0.000000 0.000000 0.000000 166.038221 166.034287 166.030633 166.027542 166.025293 166.023607 166.022483 166.021640 166.021078 166.020516 166.020235 166.020235 166.020235 166.020235 166.020516 166.020797 166.021359 166.021640 166.022202 166.023045 166.023607 166.024450 166.025012 166.025856 166.026699 166.027542 166.028104 166.029228 166.030071 166.031195 166.032038 166.033444 166.034287 166.035411 166.036535 166.037940 166.039064 166.040469 166.041594 0.000000 0.000000 0.000000 0.000000 0.000000 0.000000 
0.000000 0.000000 0.000000 0.000000 0.000000 0.000000 0.000000 0.000000 0.000000 0.000000 166.037940 166.032319 166.028104 166.024731 166.021921 166.020235 166.019111 166.018267 166.017705 166.017143 166.017143 166.017143 166.017143 166.017424 166.017705 166.018267 166.018830 166.019392 166.019954 166.020797 166.021640 166.022202 166.023045 166.023888 166.024450 166.025574 166.026418 166.027542 166.028666 166.029509 166.030914 166.032038 166.033444 166.034568 166.035692 166.037097 166.038502 166.039626 166.041032 0.000000 0.000000 0.000000 0.000000 0.000000 0.000000 0.000000 0.000000 0.000000 
0.000000 0.000000 0.000000 0.000000 0.000000 0.000000 0.000000 166.039345 166.032038 166.026137 166.021921 166.019111 166.016862 166.015738 166.014895 166.014333 166.014052 166.014052 166.014052 166.014333 166.014614 166.015176 166.015738 166.016581 166.017143 166.017986 166.018549 166.019392 166.020235 166.021078 166.021921 166.023045 166.023888 166.025012 166.026137 166.027542 166.028666 166.030071 166.031195 166.032600 166.033725 166.035130 166.036254 166.037659 166.039345 166.040751 0.000000 0.000000 0.000000 0.000000 0.000000 0.000000 0.000000 0.000000 0.000000 0.000000 0.000000 0.000000 
0.000000 0.000000 0.000000 0.000000 0.000000 166.034287 166.025856 166.019954 166.016019 166.013490 166.012085 166.011523 166.010960 166.010960 166.010960 166.011242 166.011523 166.012085 166.012928 166.013490 166.014333 166.014895 166.015738 166.016581 166.017424 166.018267 166.019392 166.020516 166.021640 166.022764 166.024169 166.025293 166.026699 166.027823 166.029228 166.030352 166.032038 166.033444 166.035130 166.036535 166.038221 166.039626 166.041313 0.000000 0.000000 0.000000 0.000000 0.000000 0.000000 0.000000 0.000000 0.000000 0.000000 0.000000 0.000000 0.000000 0.000000 0.000000 
0.000000 0.000000 0.000000 166.029509 166.019673 166.013490 166.010398 166.008712 166.008150 166.007869 166.007869 166.008150 166.008431 166.009274 166.009836 166.010679 166.011242 166.012085 166.012928 166.013771 166.014895 166.015738 166.016862 166.018267 166.019392 166.020797 166.021921 166.023326 166.024731 166.026137 166.027823 166.029228 166.030914 166.032600 166.034287 166.035692 166.037378 166.038783 166.040469 0.000000 0.000000 0.000000 0.000000 0.000000 0.000000 0.000000 0.000000 0.000000 0.000000 0.000000 0.000000 0.000000 0.000000 0.000000 0.000000 0.000000 0.000000 0.000000 
0.000000 166.029509 166.013771 166.007588 166.005340 166.004778 166.004778 166.005059 166.005621 166.006183 166.007026 166.007869 166.008431 166.009274 166.010117 166.011242 166.012366 166.013490 166.014895 166.016019 166.017424 166.019111 166.020516 166.022202 166.023607 166.025293 166.026980 166.028385 166.030071 166.031757 166.033163 166.034849 166.036535 166.038221 166.040188 0.000000 0.000000 0.000000 0.000000 0.000000 0.000000 0.000000 0.000000 0.000000 0.000000 0.000000 0.000000 0.000000 0.000000 0.000000 0.000000 0.000000 0.000000 0.000000 0.000000 0.000000 0.000000 0.000000 
166.010960 166.001967 166.001686 166.001967 166.002810 166.003372 166.004216 166.004778 166.005621 166.006464 166.007588 166.008993 166.010117 166.011804 166.013209 166.014895 166.016581 166.017986 166.019673 166.021359 166.023045 166.024731 166.026699 166.028385 166.030071 166.032038 166.033725 166.035411 166.037378 166.039064 166.041032 0.000000 0.000000 0.000000 0.000000 0.000000 0.000000 0.000000 0.000000 0.000000 0.000000 0.000000 0.000000 0.000000 0.000000 0.000000 0.000000 0.000000 0.000000 0.000000 0.000000 0.000000 0.000000 0.000000 0.000000 0.000000 0.000000 0.000000 
166.000000 166.000562 166.001124 166.001967 166.003091 166.004497 166.006183 166.007869 166.009555 166.011242 166.013209 166.014895 166.016581 166.018549 166.020516 166.022202 166.024169 166.025856 166.027823 166.029790 166.031476 166.033444 166.035130 166.037097 166.039064 166.040751 0.000000 0.000000 0.000000 0.000000 0.000000 0.000000 0.000000 0.000000 0.000000 0.000000 0.000000 0.000000 0.000000 0.000000 0.000000 0.000000 0.000000 0.000000 0.000000 0.000000 0.000000 0.000000 0.000000 0.000000 0.000000 0.000000 0.000000 0.000000 0.000000 0.000000 0.000000 0.000000 
166.032600 166.023326 166.021359 166.021359 166.021921 166.023326 166.025012 166.026418 166.028104 166.030071 166.031757 166.033725 166.035692 166.037378 166.039345 166.041032 0.000000 0.000000 0.000000 0.000000 0.000000 0.000000 0.000000 0.000000 0.000000 0.000000 0.000000 0.000000 0.000000 0.000000 0.000000 0.000000 0.000000 0.000000 0.000000 0.000000 0.000000 0.000000 0.000000 0.000000 0.000000 0.000000 0.000000 0.000000 0.000000 0.000000 0.000000 0.000000 0.000000 0.000000 0.000000 0.000000 0.000000 0.000000 0.000000 0.000000 0.000000 0.000000 
