test/output/constant/M395_S060_A000_WD270.0_WS030.0/M395_S060_A000_WD270.0_WS030.0_arrival.asc
ncols         20
nrows         13
xllcorner     425103.990666
yllcorner     12748155.311160
cellsize      100.000000
NODATA_value  0.000000
0.000000 0.000000 0.000000 0.000000 0.000000 0.000000 166.041593 166.040498 166.040498 166.039403 166.039403 166.040498 166.041593 0.000000 0.000000 0.000000 0.000000 0.000000 0.000000 0.000000 
0.000000 0.000000 0.000000 166.041593 166.039403 166.037214 166.036120 166.035025 166.033931 166.032836 166.032836 166.032836 166.033931 166.035025 166.037214 166.039403 0.000000 0.000000 0.000000 0.000000 
0.000000 0.000000 166.040498 166.037214 166.035025 166.032836 166.031742 166.029553 166.028458 166.026269 166.026269 166.025174 166.025174 166.026269 166.027364 166.030647 166.035025 166.039403 0.000000 0.000000 
0.000000 166.040498 166.037214 166.035025 166.032836 166.030647 166.027364 166.025174 166.022985 166.021891 166.019702 166.018607 166.018607 166.018607 166.019702 166.021891 166.025174 166.030647 166.037214 0.000000 
166.041593 166.038309 166.036120 166.032836 166.030647 166.028458 166.025174 166.022985 166.020796 166.017513 166.015324 166.013134 166.012040 166.010945 166.010945 166.013134 166.016418 166.022985 166.030647 166.039403 
166.040498 166.037214 166.035025 166.031742 166.029553 166.026269 166.024080 166.020796 166.018607 166.016418 166.013134 166.010945 166.007662 166.005473 166.004378 166.004378 166.007662 166.016418 166.026269 166.036120 
166.040498 166.037214 166.035025 166.031742 166.029553 166.026269 166.024080 166.020796 166.018607 166.015324 166.013134 166.009851 166.007662 166.004378 166.002189 166.000000 166.005473 166.015324 166.025174 166.035025 
166.040498 166.037214 166.035025 166.031742 166.029553 166.026269 166.024080 166.020796 166.018607 166.016418 166.013134 166.010945 166.007662 166.005473 166.004378 166.004378 166.007662 166.016418 166.026269 166.036120 
166.041593 166.038309 166.036120 166.032836 166.030647 166.028458 166.025174 166.022985 166.020796 166.017513 166.015324 166.013134 166.012040 166.010945 166.010945 166.013134 166.016418 166.022985 166.030647 166.039403 
0.000000 166.040498 166.037214 166.035025 166.032836 166.030647 166.027364 166.025174 166.022985 166.021891 166.019702 166.018607 166.018607 166.018607 166.019702 166.021891 166.025174 166.030647 166.037214 0.000000 
0.000000 0.000000 166.040498 166.037214 166.035025 166.032836 166.031742 166.029553 166.028458 166.026269 166.026269 166.025174 166.025174 166.026269 166.027364 166.030647 166.035025 166.039403 0.000000 0.000000 
0.000000 0.000000 0.000000 166.041593 166.039403 166.037214 166.036120 166.035025 166.033931 166.032836 166.032836 166.032836 166.033931 166.035025 166.037214 166.039403 0.000000 0.000000 0.000000 0.000000 
0.000000 0.000000 0.000000 0.000000 0.000000 0.000000 166.041593 166.040498 166.040498 166.039403 166.039403 166.040498 166.041593 0.000000 0.000000 0.000000 0.000000 0.000000 0.000000 0.000000 
