test/output/constant/M295_S000_A090_WD180.0_WS045.0/M295_S000_A090_WD180.0_WS045.0_arrival.asc
ncols         7
nrows         35
xllcorner     426303.990666
yllcorner     12748755.311160
cellsize      100.000000
NODATA_value  0.000000
0.000000 0.000000 166.041571 166.040605 166.041571 0.000000 0.000000 
0.000000 0.000000 166.040121 166.039638 166.040121 0.000000 0.000000 
0.000000 166.041571 166.039154 166.038188 166.039154 166.041571 0.000000 
0.000000 166.040605 166.037704 166.037221 166.037704 166.040605 0.000000 
0.000000 166.039154 166.036737 166.035771 166.036737 166.039154 0.000000 
0.000000 166.038188 166.035287 166.034804 166.035287 166.038188 0.000000 
0.000000 166.037221 166.034321 166.033354 166.034321 166.037221 0.000000 
0.000000 166.036254 166.032870 166.032387 166.032870 166.036254 0.000000 
166.041088 166.034804 166.031904 166.030937 166.031904 166.034804 166.041088 
166.040121 166.033837 166.030937 166.029970 166.030937 166.033837 166.040121 
166.039638 166.032870 166.029487 166.028520 166.029487 166.032870 166.039638 
166.038671 166.031420 166.028520 166.027553 166.028520 166.031420 166.038671 
166.037704 166.030453 166.027070 166.026103 166.027070 166.030453 166.037704 
166.037221 166.029487 166.026103 166.025136 166.026103 166.029487 166.037221 
166.036254 166.028520 166.024653 166.023686 166.024653 166.028520 166.036254 
166.035771 166.027553 166.023686 166.022719 166.023686 166.027553 166.035771 
166.035287 166.026586 166.022236 166.021269 166.022236 166.026586 166.035287 
166.035287 166.026103 166.021269 166.020302 166.021269 166.026103 166.035287 
166.035287 166.025136 166.019819 166.018852 166.019819 166.025136 166.035287 
166.035287 166.024169 166.018852 166.017885 166.018852 166.024169 166.035287 
166.035771 166.023203 166.017885 166.016435 166.017885 166.023203 166.035771 
166.036254 166.022719 166.016435 166.015468 166.016435 166.022719 166.036254 
166.036737 166.021752 166.015468 166.014018 166.015468 166.021752 166.036737 
166.038188 166.021269 166.014018 166.013051 166.014018 166.021269 166.038188 
166.039154 166.021269 166.013051 166.011601 166.013051 166.021269 166.039154 
166.041571 166.021269 166.012085 166.010635 166.012085 166.021269 166.041571 
0.000000 166.021752 166.010635 166.009184 166.010635 166.021752 0.000000 
0.000000 166.022236 166.009668 166.008218 166.009668 166.022236 0.000000 
0.000000 166.023686 166.008701 166.006767 166.008701 166.023686 0.000000 
0.000000 166.026103 166.008218 166.005801 166.008218 166.026103 0.000000 
0.000000 166.029487 166.007251 166.004350 166.007251 166.029487 0.000000 
0.000000 166.035287 166.007251 166.003384 166.007251 166.035287 0.000000 
0.000000 0.000000 166.007734 166.001934 166.007734 0.000000 0.000000 
0.000000 0.000000 166.011118 166.000967 166.011118 0.000000 0.000000 
0.000000 0.000000 166.027070 166.000000 166.027070 0.000000 0.000000 
