test/output/constant/M1M290_S060_A180_WD270.0_WS040.0/M1M290_S060_A180_WD270.0_WS040.0_arrival.asc
ncols         41
nrows         7
xllcorner     426603.990666
yllcorner     12748455.311160
cellsize      100.000000
NODATA_value  0.000000
0.000000 0.000000 0.000000 0.000000 0.000000 0.000000 0.000000 0.000000 0.000000 0.000000 0.000000 0.000000 0.000000 0.000000 0.000000 0.000000 0.000000 0.000000 0.000000 0.000000 166.041252 166.041252 166.040840 166.040840 166.040840 166.041252 166.041665 0.000000 0.000000 0.000000 0.000000 0.000000 0.000000 0.000000 0.000000 0.000000 0.000000 0.000000 0.000000 0.000000 0.000000 
0.000000 0.000000 0.000000 0.000000 0.000000 166.040015 166.034652 166.030939 166.028877 166.027227 166.026402 166.025577 166.024751 166.024751 166.024751 166.024751 166.025164 166.025577 166.026402 166.027227 166.027639 166.028464 166.029289 166.030114 166.030527 166.031352 166.032177 166.033002 166.033827 166.034652 166.035890 166.036715 166.037540 166.038365 166.039602 166.040427 166.041252 0.000000 0.000000 0.000000 0.000000 
0.000000 166.019389 166.011138 166.009488 166.008250 166.008250 166.008663 166.009488 166.010313 166.011138 166.011963 166.012788 166.013613 166.014851 166.015676 166.016914 166.017739 166.018564 166.019801 166.020626 166.021864 166.022689 166.023926 166.024751 166.025577 166.026814 166.027639 166.028877 166.029702 166.030527 166.031764 166.032589 166.033827 166.034652 166.035890 166.036715 166.037952 166.038777 166.040015 166.040840 0.000000 
166.000000 166.000825 166.001650 166.002888 166.003713 166.004950 166.005775 166.007013 166.007838 166.009076 166.009901 166.011138 166.011963 166.013201 166.014026 166.015263 166.016088 166.017326 166.018151 166.019389 166.020214 166.021451 166.022276 166.023514 166.024339 166.025577 166.026402 166.027639 166.028464 166.029702 166.030527 166.031764 166.032589 166.033827 166.034652 166.035890 166.036715 166.037952 166.038777 166.040015 166.040840 
0.000000 166.019389 166.011138 166.009488 166.008250 166.008250 166.008663 166.009488 166.010313 166.011138 166.011963 166.012788 166.013613 166.014851 166.015676 166.016914 166.017739 166.018564 166.019801 166.020626 166.021864 166.022689 166.023926 166.024751 166.025577 166.026814 166.027639 166.028877 166.029702 166.030527 166.031764 166.032589 166.033827 166.034652 166.035890 166.036715 166.037952 166.038777 166.040015 166.040840 0.000000 
0.000000 0.000000 0.000000 0.000000 0.000000 166.040015 166.034652 166.030939 166.028877 166.027227 166.026402 166.025577 166.024751 166.024751 166.024751 166.024751 166.025164 166.025577 166.026402 166.027227 166.027639 166.028464 166.029289 166.030114 166.030527 166.031352 166.032177 166.033002 166.033827 166.034652 166.035890 166.036715 166.037540 166.038365 166.039602 166.040427 166.041252 0.000000 0.000000 0.000000 0.000000 
0.000000 0.000000 0.000000 0.000000 0.000000 0.000000 0.000000 0.000000 0.000000 0.000000 0.000000 0.000000 0.000000 0.000000 0.000000 0.000000 0.000000 0.000000 0.000000 0.000000 166.041252 166.041252 166.040840 166.040840 166.040840 166.041252 166.041665 0.000000 0.000000 0.000000 0.000000 0.000000 0.000000 0.000000 0.000000 0.000000 0.000000 0.000000 0.000000 0.000000 0.000000 
