test/output/constant/C3_S060_A090_WD000.0_WS050.0/C3_S060_A090_WD000.0_WS050.0_arrival.asc
ncols         7
nrows         45
xllcorner     426303.990666
yllcorner     12744355.311160
cellsize      100.000000
NODATA_value  0.000000
0.000000 0.000000 0.000000 166.000000 0.000000 0.000000 0.000000 
0.000000 0.000000 166.015829 166.000754 166.015829 0.000000 0.000000 
0.000000 0.000000 166.010176 166.001508 166.010176 0.000000 0.000000 
0.000000 0.000000 166.007914 166.002638 166.007914 0.000000 0.000000 
0.000000 0.000000 166.007538 166.003392 166.007538 0.000000 0.000000 
0.000000 166.033919 166.007161 166.004523 166.007161 166.033919 0.000000 
0.000000 166.029773 166.007914 166.005276 166.007914 166.029773 0.000000 
0.000000 166.026758 166.008668 166.006407 166.008668 166.026758 0.000000 
0.000000 166.024874 166.009045 166.007161 166.009045 166.024874 0.000000 
0.000000 166.023743 166.009799 166.008291 166.009799 166.023743 0.000000 
0.000000 166.022989 166.010553 166.009045 166.010553 166.022989 0.000000 
0.000000 166.022236 166.011683 166.010176 166.011683 166.022236 0.000000 
0.000000 166.021859 166.012437 166.010929 166.012437 166.021859 0.000000 
0.000000 166.021859 166.013191 166.012060 166.013191 166.021859 0.000000 
166.040326 166.021482 166.014321 166.012814 166.014321 166.021482 166.040326 
166.039195 166.021859 166.015075 166.013944 166.015075 166.021859 166.039195 
166.038441 166.022613 166.016206 166.014698 166.016206 166.022613 166.038441 
166.037688 166.022989 166.016959 166.015829 166.016959 166.022989 166.037688 
166.037311 166.023743 166.018090 166.016583 166.018090 166.023743 166.037311 
166.036934 166.024497 166.018844 166.017713 166.018844 166.024497 166.036934 
166.036180 166.024874 166.019598 166.018467 166.019598 166.024874 166.036180 
166.036180 166.025628 166.020728 166.019598 166.020728 166.025628 166.036180 
166.036180 166.026381 166.021482 166.020351 166.021482 166.026381 166.036180 
166.035803 166.027135 166.022613 166.021482 166.022613 166.027135 166.035803 
166.035803 166.027512 166.023366 166.022236 166.023366 166.027512 166.035803 
166.036557 166.028266 166.024497 166.023366 166.024497 166.028266 166.036557 
166.036934 166.029019 166.025251 166.024120 166.025251 166.029019 166.036934 
166.037688 166.029773 166.026381 166.025251 166.026381 166.029773 166.037688 
166.038441 166.030527 166.027135 166.026004 166.027135 166.030527 166.038441 
166.038818 166.031658 166.027889 166.027135 166.027889 166.031658 166.038818 
166.039572 166.032411 166.029019 166.027889 166.029019 166.032411 166.039572 
166.040326 166.033165 166.029773 166.029019 166.029773 166.033165 166.040326 
166.040703 166.033919 166.030904 166.029773 166.030904 166.033919 166.040703 
166.041456 166.034673 166.031658 166.030904 166.031658 166.034673 166.041456 
0.000000 166.035803 166.032788 166.031658 166.032788 166.035803 0.000000 
0.000000 166.036557 166.033542 166.032788 166.033542 166.036557 0.000000 
0.000000 166.037688 166.034673 166.033542 166.034673 166.037688 0.000000 
0.000000 166.038441 166.035426 166.034673 166.035426 166.038441 0.000000 
0.000000 166.039195 166.036557 166.035426 166.036557 166.039195 0.000000 
0.000000 166.040326 166.037311 166.036557 166.037311 166.040326 0.000000 
0.000000 166.041079 166.038441 166.037311 166.038441 166.041079 0.000000 
0.000000 0.000000 166.039195 166.038441 166.039195 0.000000 0.000000 
0.000000 0.000000 166.039949 166.039195 166.039949 0.000000 0.000000 
0.000000 0.000000 166.041079 166.040326 166.041079 0.000000 0.000000 
0.000000 0.000000 0.000000 166.041079 0.000000 0.000000 0.000000 
