test/output/constant/M390_S060_A090_WD090.0_WS005.0/M390_S060_A090_WD090.0_WS005.0_intensity.asc
ncols         12
nrows         54
xllcorner     425703.990666
yllcorner     12743555.311160
cellsize      100.000000
NODATA_value  0.000000
0 0 0 0 0 0 0 0 0 807 0 0 
0 0 0 0 0 0 0 0 1365 0 807 0 
0 0 0 0 0 0 0 1016 7212 78743 21971 0 
0 0 0 0 0 0 0 1773 78743 78743 21971 990 
0 0 0 0 0 0 1365 53800 78743 78743 21971 1365 
0 0 0 0 0 0 53800 53800 76553 78743 21971 41349 
0 0 0 0 0 2414 53800 53800 78743 54438 21971 21971 
0 0 0 0 0 53800 53800 78743 78743 54438 48011 21971 
0 0 0 0 0 53800 53800 78599 78743 60434 21971 34654 
0 0 0 0 53800 53800 53800 78743 78743 54438 21971 28128 
0 0 0 0 1016 2414 4303 69990 78743 60434 28128 28128 
0 0 0 0 4303 53800 73781 73781 78743 34654 28128 21971 
0 0 0 2414 53800 53800 65298 78743 78332 54438 21971 21971 
0 0 0 53800 53800 4303 78743 78743 78743 54438 41349 34654 
0 0 0 59846 59846 53800 73781 78743 54438 54438 41349 41349 
0 0 0 53800 53800 78743 78743 78743 41349 60434 41349 54438 
0 0 0 2414 59846 78743 65298 78743 48011 54438 41349 34654 
0 0 4303 53800 53800 78743 73781 78743 76778 21971 34654 34654 
0 0 2414 53800 53800 78743 78599 78743 41349 54438 54438 28128 
0 0 2414 53800 78743 78743 78743 78332 78332 34654 48011 34654 
0 0 53800 53800 78743 78743 78743 78743 76778 54438 28128 48011 
0 0 59846 53800 78599 78743 78743 65817 41349 34654 60434 54438 
0 59846 53800 4303 73781 76553 78743 78743 54438 54438 54438 21971 
0 2414 53800 4303 78743 76553 78743 65817 60434 41349 48011 34654 
0 53800 53800 78743 69990 69990 78743 60434 54438 54438 54438 34654 
0 53800 53800 78743 78743 76553 78743 34654 21971 54438 54438 41349 
0 53800 59846 78743 78743 78743 70424 78743 60434 60434 54438 28128 
0 4303 78743 78743 78599 78743 78743 54438 54438 54438 54438 60434 
0 53800 78743 73781 78224 78743 78743 54438 28128 60434 54438 21971 
53800 53800 78743 78743 78224 78743 60434 54438 60434 54438 54438 54438 
53800 4303 78743 76553 76553 78743 78743 60434 54438 60434 34654 0 
53800 76553 78743 78743 76553 78743 78743 54438 48011 60434 54438 0 
1773 76553 78224 78743 78743 78743 60434 60434 54438 28128 34654 0 
53800 78224 78743 69990 78743 78743 65817 65817 60434 60434 54438 0 
78743 76553 78743 78743 78743 78743 78743 60434 54438 28128 41349 0 
59846 73781 78743 78743 78743 78743 54438 54438 54438 60434 60434 0 
78743 78743 78743 78224 78743 78743 78743 60434 54438 41349 48011 0 
78743 78743 76553 76553 78743 76778 54438 54438 54438 60434 0 0 
78743 76553 78743 78743 78743 78743 28128 60434 54438 41349 0 0 
78743 69990 73781 78743 78743 78743 34654 54438 54438 54438 0 0 
78743 73781 78743 78743 78743 54438 28128 28128 54438 48011 0 0 
78743 78743 78743 78743 78743 54438 65817 54438 54438 54438 0 0 
76553 78743 76553 78743 78743 54438 34654 60434 60434 0 0 0 
78743 78224 78743 78743 78743 78743 21971 28128 48011 0 0 0 
78743 76553 76553 78743 65817 54438 60434 54438 54438 0 0 0 
78743 78743 78743 78743 54438 54438 54438 60434 0 0 0 0 
76553 78743 78743 78743 78743 78653 54438 21971 0 0 0 0 
78599 78743 78743 78743 70424 70424 60434 60434 0 0 0 0 
78599 78743 78743 78743 78743 74115 70424 0 0 0 0 0 
0 78224 78743 78743 65817 60434 48011 0 0 0 0 0 
0 69990 78743 78743 60434 54438 0 0 0 0 0 0 
0 78743 78743 78743 34654 54438 0 0 0 0 0 0 
0 78743 78743 78743 78743 0 0 0 0 0 0 0 
0 0 78743 54438 0 0 0 0 0 0 0 0 
