test/output/constant/M3M490_S060_A270_WD270.0_WS010.0/M3M490_S060_A270_WD270.0_WS010.0_arrival.asc
ncols         16
nrows         49
xllcorner     426503.990666
yllcorner     12748755.311160
cellsize      100.000000
NODATA_value  0.000000
0.000000 0.000000 0.000000 0.000000 0.000000 0.000000 0.000000 0.000000 0.000000 0.000000 0.000000 0.000000 166.041490 166.041158 166.041490 0.000000 
0.000000 0.000000 0.000000 0.000000 0.000000 0.000000 0.000000 0.000000 0.000000 0.000000 0.000000 166.041158 166.040495 166.040495 166.040826 0.000000 
0.000000 0.000000 0.000000 0.000000 0.000000 0.000000 0.000000 0.000000 0.000000 0.000000 166.041158 166.040163 166.039499 166.039499 166.040163 0.000000 
0.000000 0.000000 0.000000 0.000000 0.000000 0.000000 0.000000 0.000000 0.000000 0.000000 166.039831 166.038835 166.038835 166.038835 166.039831 0.000000 
0.000000 0.000000 0.000000 0.000000 0.000000 0.000000 0.000000 0.000000 0.000000 166.040495 166.038503 166.037839 166.037839 166.038171 166.039167 166.041667 
0.000000 0.000000 0.000000 0.000000 0.000000 0.000000 0.000000 0.000000 166.041667 166.039167 166.037507 166.037175 166.036843 166.037507 166.038835 166.041490 
0.000000 0.000000 0.000000 0.000000 0.000000 0.000000 0.000000 0.000000 166.040163 166.037839 166.036511 166.036180 166.036180 166.036843 166.038835 166.041490 
0.000000 0.000000 0.000000 0.000000 0.000000 0.000000 0.000000 0.000000 166.038835 166.036511 166.035516 166.035184 166.035516 166.036511 166.038503 166.041158 
0.000000 0.000000 0.000000 0.000000 0.000000 0.000000 0.000000 166.040163 166.037507 166.035184 166.034520 166.034520 166.034852 166.035848 166.038503 166.041490 
0.000000 0.000000 0.000000 0.000000 0.000000 0.000000 0.000000 166.038835 166.036180 166.034188 166.033524 166.033524 166.034188 166.035848 166.038171 166.041490 
0.000000 0.000000 0.000000 0.000000 0.000000 0.000000 166.040826 166.037175 166.034520 166.033192 166.032528 166.032528 166.033524 166.035516 166.038171 0.000000 
0.000000 0.000000 0.000000 0.000000 0.000000 0.000000 166.039167 166.035848 166.033192 166.032196 166.031865 166.031865 166.032860 166.035516 166.038503 0.000000 
0.000000 0.000000 0.000000 0.000000 0.000000 0.000000 166.037175 166.034188 166.031865 166.031201 166.030869 166.031201 166.032860 166.035184 166.038503 0.000000 
0.000000 0.000000 0.000000 0.000000 0.000000 166.040163 166.035848 166.032860 166.030869 166.030205 166.030205 166.030537 166.032528 166.035184 166.038835 0.000000 
0.000000 0.000000 0.000000 0.000000 0.000000 166.038503 166.034188 166.031533 166.029541 166.029209 166.029209 166.030205 166.032196 166.035184 166.039499 0.000000 
0.000000 0.000000 0.000000 0.000000 166.041667 166.036511 166.032860 166.029873 166.028545 166.028213 166.028545 166.029541 166.032196 166.035516 166.039831 0.000000 
0.000000 0.000000 0.000000 0.000000 166.039831 166.034852 166.031201 166.028877 166.027550 166.027550 166.027881 166.029541 166.032196 166.035848 166.040826 0.000000 
0.000000 0.000000 0.000000 0.000000 166.037839 166.033192 166.029541 166.027550 166.026554 166.026554 166.027218 166.029209 166.032196 166.036180 166.041490 0.000000 
0.000000 0.000000 0.000000 0.000000 166.036180 166.031533 166.028213 166.026222 166.025890 166.025890 166.026554 166.029209 166.032528 166.037175 0.000000 0.000000 
0.000000 0.000000 0.000000 166.039831 166.034188 166.029873 166.026886 166.025226 166.024894 166.024894 166.026554 166.029209 166.032860 166.037839 0.000000 0.000000 
0.000000 0.000000 0.000000 166.037839 166.032528 166.028213 166.025226 166.024230 166.023898 166.024562 166.026222 166.029209 166.033524 166.038503 0.000000 0.000000 
0.000000 0.000000 0.000000 166.035848 166.030537 166.026554 166.024230 166.023235 166.023235 166.023898 166.026222 166.029541 166.034188 166.039499 0.000000 0.000000 
0.000000 0.000000 166.041490 166.034188 166.028877 166.025226 166.022903 166.022239 166.022239 166.023566 166.025890 166.029873 166.034852 166.041158 0.000000 0.000000 
0.000000 0.000000 166.039167 166.032196 166.027218 166.023566 166.021575 166.021243 166.021575 166.023235 166.026222 166.030537 166.035848 0.000000 0.000000 0.000000 
0.000000 0.000000 166.037175 166.030537 166.025226 166.022239 166.020579 166.020579 166.020911 166.023235 166.026554 166.031201 166.037175 0.000000 0.000000 0.000000 
0.000000 0.000000 166.035184 166.028545 166.023566 166.020911 166.019583 166.019583 166.020247 166.022903 166.026886 166.031865 166.038835 0.000000 0.000000 0.000000 
0.000000 166.041490 166.033192 166.026554 166.022239 166.019583 166.018920 166.018920 166.020247 166.023235 166.027550 166.032860 166.040826 0.000000 0.000000 0.000000 
0.000000 166.039499 166.031201 166.024894 166.020579 166.018256 166.017924 166.018256 166.019915 166.023566 166.028213 166.034852 0.000000 0.000000 0.000000 0.000000 
0.000000 166.037175 166.028877 166.022903 166.019251 166.017260 166.016928 166.017592 166.019915 166.023898 166.029209 166.036511 0.000000 0.000000 0.000000 0.000000 
0.000000 166.035184 166.026886 166.021243 166.017592 166.016264 166.016264 166.017260 166.020247 166.024562 166.030537 166.039167 0.000000 0.000000 0.000000 0.000000 
0.000000 166.032860 166.024894 166.019583 166.016264 166.015268 166.015268 166.016928 166.020247 166.025226 166.032528 0.000000 0.000000 0.000000 0.000000 0.000000 
0.000000 166.030869 166.022903 166.017592 166.014936 166.014605 166.014936 166.016928 166.020911 166.026554 166.034852 0.000000 0.000000 0.000000 0.000000 0.000000 
0.000000 166.028545 166.020911 166.015932 166.013941 166.013609 166.014273 166.016928 166.021575 166.028213 166.038503 0.000000 0.000000 0.000000 0.000000 0.000000 
0.000000 166.026554 166.018920 166.014605 166.012613 166.012613 166.013941 166.017260 166.022571 166.030537 0.000000 0.000000 0.000000 0.000000 0.000000 0.000000 
166.040163 166.024230 166.017260 166.012945 166.011949 166.011949 166.013941 166.017924 166.024230 166.033856 0.000000 0.000000 0.000000 0.000000 0.000000 0.000000 
166.038171 166.022239 166.015268 166.011617 166.010953 166.011285 166.013941 166.018588 166.026222 166.038171 0.000000 0.000000 0.000000 0.000000 0.000000 0.000000 
166.035848 166.020247 166.013609 166.010290 166.010290 166.010953 166.014273 166.020247 166.029873 0.000000 0.000000 0.000000 0.000000 0.000000 0.000000 0.000000 
166.033856 166.017924 166.011617 166.009294 166.009294 166.010953 166.014936 166.022239 166.033856 0.000000 0.000000 0.000000 0.000000 0.000000 0.000000 0.000000 
166.031533 166.015932 166.009958 166.008298 166.008298 166.010953 166.015932 166.025558 166.039167 0.000000 0.000000 0.000000 0.000000 0.000000 0.000000 0.000000 
166.029541 166.013941 166.008630 166.007634 166.007966 166.011285 166.017924 166.029873 0.000000 0.000000 0.000000 0.000000 0.000000 0.000000 0.000000 0.000000 
166.027550 166.011949 166.007302 166.006638 166.007634 166.011949 166.021243 166.035516 0.000000 0.000000 0.000000 0.000000 0.000000 0.000000 0.000000 0.000000 
166.025558 166.009626 166.005975 166.005643 166.007966 166.013609 166.025890 0.000000 0.000000 0.000000 0.000000 0.000000 0.000000 0.000000 0.000000 0.000000 
166.023235 166.007634 166.004979 166.004979 166.008298 166.017260 166.032196 0.000000 0.000000 0.000000 0.000000 0.000000 0.000000 0.000000 0.000000 0.000000 
166.021243 166.005975 166.003983 166.004647 166.009626 166.022239 166.041158 0.000000 0.000000 0.000000 0.000000 0.000000 0.000000 0.000000 0.000000 0.000000 
166.019915 166.003983 166.003319 166.004647 166.012945 166.029873 0.000000 0.000000 0.000000 0.000000 0.000000 0.000000 0.000000 0.000000 0.000000 0.000000 
166.017924 166.002655 166.002323 166.005311 166.018920 166.041490 0.000000 0.000000 0.000000 0.000000 0.000000 0.000000 0.000000 0.000000 0.000000 0.000000 
166.017260 166.001328 166.001660 166.008962 166.030205 0.000000 0.000000 0.000000 0.000000 0.000000 0.000000 0.000000 0.000000 0.000000 0.000000 0.000000 
166.018920 166.000664 166.001660 166.018588 0.000000 0.000000 0.000000 0.000000 0.000000 0.000000 0.000000 0.000000 0.000000 0.000000 0.000000 0.000000 
166.022903 166.000000 166.006970 166.039499 0.000000 0.000000 0.000000 0.000000 0.000000 0.000000 0.000000 0.000000 0.000000 0.000000 0.000000 0.000000 
