test/output/constant/M385_S060_A270_WD180.0_WS005.0/M385_S060_A270_WD180.0_WS005.0_arrival.asc
ncols         11
nrows         54
xllcorner     426103.990666
yllcorner     12748755.311160
cellsize      100.000000
NODATA_value  0.000000
0.000000 0.000000 0.000000 0.000000 166.041125 166.041125 166.041125 0.000000 0.000000 0.000000 0.000000 
0.000000 0.000000 0.000000 0.000000 166.040502 166.040191 166.040502 0.000000 0.000000 0.000000 0.000000 
0.000000 0.000000 0.000000 166.041125 166.039568 166.039568 166.039568 166.041125 0.000000 0.000000 0.000000 
0.000000 0.000000 0.000000 166.040191 166.038945 166.038633 166.038945 166.040191 0.000000 0.000000 0.000000 
0.000000 0.000000 166.041437 166.039568 166.038010 166.038010 166.038010 166.039568 166.041437 0.000000 0.000000 
0.000000 0.000000 166.040814 166.038633 166.037387 166.037075 166.037387 166.038633 166.040814 0.000000 0.000000 
0.000000 0.000000 166.040191 166.038010 166.036452 166.036452 166.036452 166.038010 166.040191 0.000000 0.000000 
0.000000 0.000000 166.039256 166.037387 166.035829 166.035517 166.035829 166.037387 166.039256 0.000000 0.000000 
0.000000 0.000000 166.038633 166.036452 166.034894 166.034894 166.034894 166.036452 166.038633 0.000000 0.000000 
0.000000 166.041125 166.038010 166.035829 166.034271 166.033960 166.034271 166.035829 166.038010 166.041125 0.000000 
0.000000 166.040502 166.037387 166.034894 166.033337 166.033337 166.033337 166.034894 166.037387 166.040502 0.000000 
0.000000 166.039879 166.036452 166.034271 166.032713 166.032402 166.032713 166.034271 166.036452 166.039879 0.000000 
0.000000 166.039568 166.035829 166.033337 166.032090 166.031779 166.032090 166.033337 166.035829 166.039568 0.000000 
0.000000 166.038945 166.035206 166.032713 166.031156 166.030844 166.031156 166.032713 166.035206 166.038945 0.000000 
0.000000 166.038321 166.034583 166.032090 166.030533 166.030221 166.030533 166.032090 166.034583 166.038321 0.000000 
0.000000 166.037698 166.033648 166.031156 166.029598 166.029286 166.029598 166.031156 166.033648 166.037698 0.000000 
0.000000 166.037387 166.033025 166.030533 166.028975 166.028663 166.028975 166.030533 166.033025 166.037387 0.000000 
0.000000 166.036764 166.032402 166.029598 166.028040 166.027729 166.028040 166.029598 166.032402 166.036764 0.000000 
166.041437 166.036141 166.031467 166.028975 166.027417 166.027105 166.027417 166.028975 166.031467 166.036141 166.041437 
166.040814 166.035517 166.030844 166.028352 166.026482 166.026171 166.026482 166.028352 166.030844 166.035517 166.040814 
166.040502 166.035206 166.030221 166.027417 166.025859 166.025548 166.025859 166.027417 166.030221 166.035206 166.040502 
166.040191 166.034583 166.029909 166.026794 166.025236 166.024613 166.025236 166.026794 166.029909 166.034583 166.040191 
166.040191 166.033960 166.029286 166.026171 166.024301 166.023990 166.024301 166.026171 166.029286 166.033960 166.040191 
166.040191 166.033648 166.028663 166.025236 166.023678 166.023055 166.023678 166.025236 166.028663 166.033648 166.040191 
166.040191 166.033025 166.028040 166.024613 166.022744 166.022432 166.022744 166.024613 166.028040 166.033025 166.040191 
166.040191 166.032402 166.027417 166.023990 166.022120 166.021497 166.022120 166.023990 166.027417 166.032402 166.040191 
166.040191 166.032090 166.026794 166.023055 166.021186 166.020874 166.021186 166.023055 166.026794 166.032090 166.040191 
166.040502 166.031779 166.026482 166.022432 166.020563 166.019940 166.020563 166.022432 166.026482 166.031779 166.040502 
166.040814 166.031467 166.025859 166.021809 166.019628 166.019316 166.019628 166.021809 166.025859 166.031467 166.040814 
166.041125 166.031467 166.025236 166.021186 166.019005 166.018382 166.019005 166.021186 166.025236 166.031467 166.041125 
166.041437 166.031467 166.024613 166.020251 166.018382 166.017759 166.018382 166.020251 166.024613 166.031467 166.041437 
0.000000 166.031467 166.024301 166.019628 166.017447 166.016824 166.017447 166.019628 166.024301 166.031467 0.000000 
0.000000 166.031467 166.023678 166.019005 166.016824 166.016201 166.016824 166.019005 166.023678 166.031467 0.000000 
0.000000 166.031779 166.023367 166.018382 166.015889 166.015266 166.015889 166.018382 166.023367 166.031779 0.000000 
0.000000 166.032090 166.022744 166.017759 166.015266 166.014643 166.015266 166.017759 166.022744 166.032090 0.000000 
0.000000 166.032090 166.022432 166.017136 166.014332 166.013708 166.014332 166.017136 166.022432 166.032090 0.000000 
0.000000 166.032402 166.022432 166.016512 166.013708 166.013085 166.013708 166.016512 166.022432 166.032402 0.000000 
0.000000 166.033025 166.022432 166.015889 166.012774 166.012151 166.012774 166.015889 166.022432 166.033025 0.000000 
0.000000 166.033648 166.022432 166.015578 166.012151 166.011528 166.012151 166.015578 166.022432 166.033648 0.000000 
0.000000 166.034583 166.022744 166.014955 166.011528 166.010593 166.011528 166.014955 166.022744 166.034583 0.000000 
0.000000 166.035829 166.023055 166.014332 166.010593 166.009970 166.010593 166.014332 166.023055 166.035829 0.000000 
0.000000 166.037387 166.023367 166.014020 166.009970 166.009035 166.009970 166.014020 166.023367 166.037387 0.000000 
0.000000 166.039568 166.023678 166.013708 166.009035 166.008412 166.009035 166.013708 166.023678 166.039568 0.000000 
0.000000 166.041437 166.024613 166.013397 166.008412 166.007477 166.008412 166.013397 166.024613 166.041437 0.000000 
0.000000 0.000000 166.025859 166.013708 166.007789 166.006854 166.007789 166.013708 166.025859 0.000000 0.000000 
0.000000 0.000000 166.027729 166.013708 166.006854 166.005920 166.006854 166.013708 166.027729 0.000000 0.000000 
0.000000 0.000000 166.029909 166.014020 166.006231 166.005296 166.006231 166.014020 166.029909 0.000000 0.000000 
0.000000 0.000000 166.033337 166.014643 166.005608 166.004362 166.005608 166.014643 166.033337 0.000000 0.000000 
0.000000 0.000000 166.038010 166.015889 166.005296 166.003739 166.005296 166.015889 166.038010 0.000000 0.000000 
0.000000 0.000000 0.000000 166.018382 166.004673 166.002804 166.004673 166.018382 0.000000 0.000000 0.000000 
0.000000 0.000000 0.000000 166.022432 166.004673 166.002181 166.004673 166.022432 0.000000 0.000000 0.000000 
0.000000 0.000000 0.000000 166.029909 166.004985 166.001246 166.004985 166.029909 0.000000 0.000000 0.000000 
0.000000 0.000000 0.000000 0.000000 166.006854 166.000623 166.006854 0.000000 0.000000 0.000000 0.000000 
0.000000 0.000000 0.000000 0.000000 166.016512 166.000000 166.016512 0.000000 0.000000 0.000000 0.000000 
