test/output/constant/M390_S060_A090_WD045.0_WS010.0/M390_S060_A090_WD045.0_WS010.0_intensity.asc
ncols         14
nrows         58
xllcorner     425503.990666
yllcorner     12743055.311160
cellsize      100.000000
NODATA_value  0.000000
0 0 0 0 0 0 0 0 0 0 1141 0 966 0 
0 0 0 0 0 0 0 0 0 649 4341 87069 24215 0 
0 0 0 0 0 0 0 0 0 4341 86562 87069 24215 0 
0 0 0 0 0 0 0 0 52517 2242 72425 87069 17927 0 
0 0 0 0 0 0 0 0 59691 59691 87069 86985 24215 17927 
0 0 0 0 0 0 0 2242 59691 59691 87069 45864 45864 17927 
0 0 0 0 0 0 0 1141 59691 59691 87069 45864 45864 24215 
0 0 0 0 0 0 0 59691 66395 87069 87069 53279 38398 17927 
0 0 0 0 0 0 59691 2242 966 84777 87069 24215 17927 31108 
0 0 0 0 0 0 59691 59691 2242 81758 87069 45864 45864 17927 
0 0 0 0 0 0 59691 66395 59691 87069 45864 53279 24215 45864 
0 0 0 0 0 0 59691 4341 81758 87069 87069 53279 53279 38398 
0 0 0 0 0 59691 59691 4341 87069 87069 67063 17927 53279 31108 
0 0 0 0 0 59691 4341 59691 84777 87069 87069 17927 31108 45864 
0 0 0 0 0 4341 59691 59691 84777 87069 45864 45864 53279 45864 
0 0 0 0 52517 59691 66395 59691 87069 87069 45864 24215 17927 45864 
0 0 0 0 59691 59691 59691 87069 87069 87069 45864 17927 17927 45864 
0 0 0 0 1141 59691 59691 87069 87069 87069 24215 53279 45864 45864 
0 0 0 0 59691 59691 59691 87069 87069 78088 53279 45864 31108 0 
0 0 0 0 66395 59691 87069 86562 87069 45864 53279 17927 45864 0 
0 0 0 59691 59691 59691 87069 87069 87069 45864 45864 53279 53279 0 
0 0 0 59691 4341 59691 87069 87069 87069 87069 31108 53279 38398 0 
0 0 0 66395 66395 66395 81758 87069 87069 24215 53279 31108 24215 0 
0 0 0 1141 66395 4341 87069 87069 78088 45864 17927 53279 45864 0 
0 0 0 2242 59691 66395 87069 87069 87069 45864 38398 45864 31108 0 
0 0 59691 59691 59691 87069 87069 87069 82132 31108 24215 24215 45864 0 
0 0 7579 59691 87069 87069 86562 87069 31108 53279 53279 45864 31108 0 
0 0 66395 4341 59691 84777 87069 87069 38398 45864 53279 53279 24215 0 
0 0 59691 4341 59691 87069 87069 87069 53279 53279 53279 24215 53279 0 
0 0 59691 4341 87069 87069 87069 87069 87069 24215 31108 53279 0 0 
0 0 4341 59691 87069 87069 87069 45864 53279 24215 53279 45864 0 0 
0 59691 59691 59691 87069 87069 87069 87069 87069 53279 53279 38398 0 0 
0 4341 66395 4341 81758 87069 87069 45864 17927 45864 38398 45864 0 0 
0 59691 7579 86928 86928 87069 87069 82132 53279 31108 24215 53279 0 0 
0 59691 59691 77599 87069 87069 87069 31108 24215 67063 53279 24215 0 0 
0 59691 59691 87069 87069 87069 87069 73013 53279 53279 45864 53279 0 0 
0 66395 77599 87069 87069 87069 73013 73013 53279 45864 17927 38398 0 0 
0 59691 87069 84777 87069 87069 87069 45864 24215 53279 45864 0 0 0 
0 4341 87069 81758 87069 87069 87069 24215 60417 53279 53279 0 0 0 
0 59691 87069 87069 86562 87069 53279 45864 53279 73013 31108 0 0 0 
0 66395 87069 87069 87069 87069 87069 45864 53279 67063 17927 0 0 0 
0 59691 87069 87069 87069 78088 53279 24215 24215 31108 0 0 0 0 
0 81758 84777 87069 87069 87069 87069 53279 31108 17927 0 0 0 0 
87069 87069 77599 87069 87069 53279 53279 45864 85025 53279 0 0 0 0 
66395 87069 87069 87069 87069 87069 87069 53279 53279 53279 0 0 0 0 
59691 87069 87069 87069 87069 87069 17927 53279 53279 0 0 0 0 0 
87069 87069 87069 87069 87069 87069 73013 45864 24215 0 0 0 0 0 
87069 86562 87069 87069 87069 78088 45864 53279 53279 0 0 0 0 0 
84777 81758 87069 87069 87069 53279 45864 53279 45864 0 0 0 0 0 
87069 77599 87069 87069 73013 53279 73013 45864 0 0 0 0 0 0 
87069 87069 87069 87069 53279 87069 87069 31108 0 0 0 0 0 0 
0 87069 87069 87069 87069 53279 53279 85025 0 0 0 0 0 0 
0 87069 87069 87069 45864 53279 31108 0 0 0 0 0 0 0 
0 87069 87069 87069 87069 45864 53279 0 0 0 0 0 0 0 
0 86928 87069 78088 82132 60417 0 0 0 0 0 0 0 0 
0 84777 87069 87069 82132 45864 0 0 0 0 0 0 0 0 
0 87069 87069 85025 87069 0 0 0 0 0 0 0 0 0 
0 0 87069 87069 0 0 0 0 0 0 0 0 0 0 
