test/output/constant/M470_S060_A000_WD090.0_WS015.0/M470_S060_A000_WD090.0_WS015.0_arrival.asc
ncols         32
nrows         7
xllcorner     423503.990666
yllcorner     12748455.311160
cellsize      100.000000
NODATA_value  0.000000
0.000000 0.000000 0.000000 0.000000 0.000000 0.000000 0.000000 0.000000 0.000000 0.000000 166.041667 166.041190 166.040106 166.040106 166.040106 166.040106 166.040648 166.040648 166.041190 0.000000 0.000000 0.000000 0.000000 0.000000 0.000000 0.000000 0.000000 0.000000 0.000000 0.000000 0.000000 0.000000 
0.000000 0.000000 0.000000 166.041667 166.040648 166.039022 166.037938 166.036854 166.035770 166.034144 166.033060 166.031976 166.030892 166.030350 166.029266 166.028182 166.027099 166.026557 166.025473 166.024389 166.024389 166.024389 166.024389 166.024931 166.025473 166.027099 166.029808 166.034144 0.000000 0.000000 0.000000 0.000000 
0.000000 166.041190 166.040106 166.038480 166.037396 166.035770 166.034686 166.033060 166.031976 166.030350 166.029266 166.027641 166.026557 166.024931 166.023847 166.022221 166.021137 166.019511 166.018427 166.017343 166.015717 166.014633 166.013549 166.011923 166.010839 166.010297 166.009214 166.008130 166.008130 166.008672 166.013007 166.032518 
166.041667 166.040106 166.039022 166.037396 166.036312 166.034686 166.033602 166.031976 166.030892 166.029266 166.028182 166.026557 166.025473 166.023847 166.022763 166.021137 166.020053 166.018427 166.017343 166.015717 166.014633 166.013007 166.011923 166.010297 166.009214 166.007588 166.006504 166.004878 166.003794 166.002168 166.001084 166.000000 
0.000000 166.041190 166.040106 166.038480 166.037396 166.035770 166.034686 166.033060 166.031976 166.030350 166.029266 166.027641 166.026557 166.024931 166.023847 166.022221 166.021137 166.019511 166.018427 166.017343 166.015717 166.014633 166.013549 166.011923 166.010839 166.010297 166.009214 166.008130 166.008130 166.008672 166.013007 166.032518 
0.000000 0.000000 0.000000 166.041667 166.040648 166.039022 166.037938 166.036854 166.035770 166.034144 166.033060 166.031976 166.030892 166.030350 166.029266 166.028182 166.027099 166.026557 166.025473 166.024389 166.024389 166.024389 166.024389 166.024931 166.025473 166.027099 166.029808 166.034144 0.000000 0.000000 0.000000 0.000000 
0.000000 0.000000 0.000000 0.000000 0.000000 0.000000 0.000000 0.000000 0.000000 0.000000 166.041667 166.041190 166.040106 166.040106 166.040106 166.040106 166.040648 166.040648 166.041190 0.000000 0.000000 0.000000 0.000000 0.000000 0.000000 0.000000 0.000000 0.000000 0.000000 0.000000 0.000000 0.000000 
