test/output/constant/M485_S000_A000_WD180.0_WS040.0/M485_S000_A000_WD180.0_WS040.0_arrival.asc
ncols         7
nrows         34
xllcorner     426303.990666
yllcorner     12748755.311160
cellsize      100.000000
NODATA_value  0.000000
0.000000 0.000000 0.000000 166.041667 0.000000 0.000000 0.000000 
0.000000 0.000000 166.041016 166.040503 166.041016 0.000000 0.000000 
0.000000 0.000000 166.039990 166.039477 166.039990 0.000000 0.000000 
0.000000 166.041016 166.038452 166.037939 166.038452 166.041016 0.000000 
0.000000 166.039990 166.037427 166.036914 166.037427 166.039990 0.000000 
0.000000 166.038965 166.035889 166.035376 166.035889 166.038965 0.000000 
0.000000 166.037427 166.034863 166.034350 166.034863 166.037427 0.000000 
166.041528 166.036401 166.033325 166.032812 166.033325 166.036401 166.041528 
166.040503 166.035376 166.032300 166.031787 166.032300 166.035376 166.040503 
166.039990 166.033838 166.031274 166.030249 166.031274 166.033838 166.039990 
166.038965 166.032812 166.029736 166.029224 166.029736 166.032812 166.038965 
166.037939 166.031787 166.028711 166.027685 166.028711 166.031787 166.037939 
166.036914 166.030762 166.027173 166.026660 166.027173 166.030762 166.036914 
166.036401 166.029224 166.026147 166.025122 166.026147 166.029224 166.036401 
166.035376 166.028198 166.024609 166.024097 166.024609 166.028198 166.035376 
166.034863 166.027173 166.023584 166.022559 166.023584 166.027173 166.034863 
166.033838 166.026147 166.022559 166.021533 166.022559 166.026147 166.033838 
166.033838 166.025122 166.021020 166.019995 166.021020 166.025122 166.033838 
166.033838 166.024609 166.019995 166.018970 166.019995 166.024609 166.033838 
166.033838 166.023584 166.018457 166.017432 166.018457 166.023584 166.033838 
166.033838 166.022559 166.017432 166.016406 166.017432 166.022559 166.033838 
166.034350 166.021533 166.015894 166.014868 166.015894 166.021533 166.034350 
166.034863 166.021020 166.014868 166.013843 166.014868 166.021020 166.034863 
166.035889 166.020508 166.013843 166.012305 166.013843 166.020508 166.035889 
166.036914 166.020508 166.012305 166.011279 166.012305 166.020508 166.036914 
166.038965 166.020508 166.011279 166.009741 166.011279 166.020508 166.038965 
166.041528 166.020508 166.010254 166.008716 166.010254 166.020508 166.041528 
0.000000 166.021533 166.008716 166.007178 166.008716 166.021533 0.000000 
0.000000 166.022559 166.008203 166.006152 166.008203 166.022559 0.000000 
0.000000 166.025635 166.007178 166.004614 166.007178 166.025635 0.000000 
0.000000 166.030249 166.007178 166.003589 166.007178 166.030249 0.000000 
0.000000 166.038452 166.007178 166.002051 166.007178 166.038452 0.000000 
0.000000 0.000000 166.009741 166.001025 166.009741 0.000000 0.000000 
0.000000 0.000000 166.020508 166.000000 166.020508 0.000000 0.000000 
