test/output/constant/M385_S060_A090_WD135.0_WS045.0/M385_S060_A090_WD135.0_WS045.0_raz.asc
ncols         35
nrows         12
xllcorner     423303.990666
yllcorner     12747855.311160
cellsize      100.000000
NODATA_value  0.000000
0 0 0 0 0 0 0 0 0 0 0 0 0 0 0 0 0 0 0 0 0 0 0 0 0 0 0 279 284 284 284 6 0 0 0 
0 0 0 0 0 0 0 0 0 0 0 0 0 0 0 0 0 0 272 268 284 270 270 272 270 275 270 279 270 279 279 279 279 6 54 
0 0 0 0 0 0 0 0 0 0 0 0 0 270 270 272 270 279 270 270 284 270 270 275 270 270 268 270 270 268 270 256 256 65535 146 
0 0 0 0 0 0 0 0 0 0 270 275 272 272 275 261 275 272 284 284 268 270 266 266 270 256 260 256 256 256 256 254 263 99 99 
0 0 0 0 0 0 0 268 270 270 272 272 284 268 270 284 268 268 270 270 256 261 256 256 256 256 256 256 254 250 187 187 166 166 0 
0 0 0 0 0 270 268 279 270 272 270 268 270 268 256 257 263 272 256 256 256 256 256 256 256 256 250 251 203 177 177 187 177 0 0 
0 0 0 272 270 264 270 268 270 270 256 270 256 263 270 256 256 256 256 251 256 256 250 253 250 187 187 203 146 177 166 0 0 0 0 
0 290 290 268 260 256 256 270 256 260 256 256 256 256 256 254 256 256 256 251 250 250 177 249 250 146 249 250 146 0 0 0 0 0 0 
256 256 261 259 256 256 256 256 256 256 256 253 256 256 256 251 250 253 249 177 250 250 166 187 187 250 0 0 0 0 0 0 0 0 0 
256 256 256 256 256 256 256 254 256 254 256 256 256 253 250 250 250 250 249 250 203 249 203 0 0 0 0 0 0 0 0 0 0 0 0 
256 256 256 254 256 256 256 256 251 253 249 251 254 251 250 177 250 187 250 166 0 0 0 0 0 0 0 0 0 0 0 0 0 0 0 
253 256 251 256 253 256 256 256 253 250 250 250 146 203 146 203 0 0 0 0 0 0 0 0 0 0 0 0 0 0 0 0 0 0 0 
