test/output/constant/M3100_S060_A000_WD270.0_WS030.0/M3100_S060_A000_WD270.0_WS030.0_arrival.asc
ncols         21
nrows         13
xllcorner     425003.990666
yllcorner     12748155.311160
cellsize      100.000000
NODATA_value  0.000000
0.000000 0.000000 0.000000 0.000000 0.000000 166.041562 166.040549 166.039535 166.038521 166.038521 166.038521 166.038521 166.039535 166.040549 0.000000 0.000000 0.000000 0.000000 0.000000 0.000000 0.000000 
0.000000 0.000000 0.000000 166.040549 166.038521 166.036494 166.035480 166.034466 166.032439 166.032439 166.031425 166.031425 166.031425 166.032439 166.033453 166.036494 166.039535 0.000000 0.000000 0.000000 0.000000 
0.000000 166.041562 166.039535 166.037507 166.035480 166.033453 166.031425 166.029398 166.027370 166.026357 166.025343 166.025343 166.024329 166.024329 166.025343 166.027370 166.030411 166.034466 166.039535 0.000000 0.000000 
166.041562 166.039535 166.037507 166.034466 166.032439 166.030411 166.028384 166.026357 166.024329 166.022302 166.020274 166.019261 166.018247 166.018247 166.018247 166.019261 166.021288 166.025343 166.030411 166.036494 0.000000 
166.040549 166.038521 166.035480 166.033453 166.030411 166.028384 166.026357 166.023315 166.021288 166.019261 166.016219 166.014192 166.013178 166.011151 166.011151 166.011151 166.012165 166.016219 166.022302 166.030411 166.038521 
166.039535 166.037507 166.034466 166.032439 166.030411 166.027370 166.025343 166.022302 166.020274 166.017233 166.015206 166.012165 166.010137 166.007096 166.005069 166.004055 166.004055 166.008110 166.016219 166.026357 166.035480 
166.039535 166.037507 166.034466 166.032439 166.029398 166.027370 166.024329 166.022302 166.019261 166.017233 166.014192 166.012165 166.009123 166.007096 166.004055 166.002027 166.000000 166.005069 166.015206 166.024329 166.034466 
166.039535 166.037507 166.034466 166.032439 166.030411 166.027370 166.025343 166.022302 166.020274 166.017233 166.015206 166.012165 166.010137 166.007096 166.005069 166.004055 166.004055 166.008110 166.016219 166.026357 166.035480 
166.040549 166.038521 166.035480 166.033453 166.030411 166.028384 166.026357 166.023315 166.021288 166.019261 166.016219 166.014192 166.013178 166.011151 166.011151 166.011151 166.012165 166.016219 166.022302 166.030411 166.038521 
166.041562 166.039535 166.037507 166.034466 166.032439 166.030411 166.028384 166.026357 166.024329 166.022302 166.020274 166.019261 166.018247 166.018247 166.018247 166.019261 166.021288 166.025343 166.030411 166.036494 0.000000 
0.000000 166.041562 166.039535 166.037507 166.035480 166.033453 166.031425 166.029398 166.027370 166.026357 166.025343 166.025343 166.024329 166.024329 166.025343 166.027370 166.030411 166.034466 166.039535 0.000000 0.000000 
0.000000 0.000000 0.000000 166.040549 166.038521 166.036494 166.035480 166.034466 166.032439 166.032439 166.031425 166.031425 166.031425 166.032439 166.033453 166.036494 166.039535 0.000000 0.000000 0.000000 0.000000 
0.000000 0.000000 0.000000 0.000000 0.000000 166.041562 166.040549 166.039535 166.038521 166.038521 166.038521 166.038521 166.039535 166.040549 0.000000 0.000000 0.000000 0.000000 0.000000 0.000000 0.000000 
