test/output/constant/M3M455_S060_A000_WD090.0_WS025.0/M3M455_S060_A000_WD090.0_WS025.0_arrival.asc
ncols         39
nrows         7
xllcorner     422803.990666
yllcorner     12748455.311160
cellsize      100.000000
NODATA_value  0.000000
0.000000 0.000000 0.000000 0.000000 0.000000 0.000000 0.000000 0.000000 0.000000 0.000000 0.000000 0.000000 166.041629 166.041191 166.040315 166.039877 166.039877 166.039877 166.039877 166.040315 166.040315 166.040753 166.041629 0.000000 0.000000 0.000000 0.000000 0.000000 0.000000 0.000000 0.000000 0.000000 0.000000 0.000000 0.000000 0.000000 0.000000 0.000000 0.000000 
0.000000 0.000000 0.000000 0.000000 166.041191 166.040315 166.039438 166.038124 166.037247 166.036371 166.035056 166.034180 166.033303 166.032427 166.031551 166.030674 166.029798 166.028921 166.028483 166.027607 166.026730 166.025854 166.025416 166.024539 166.024101 166.024101 166.024101 166.024539 166.024978 166.025416 166.026730 166.028921 166.031551 166.035056 0.000000 0.000000 0.000000 0.000000 0.000000 
0.000000 166.041191 166.039877 166.039000 166.038124 166.036809 166.035933 166.034618 166.033742 166.032427 166.031551 166.030236 166.029360 166.028045 166.027169 166.025854 166.024978 166.024101 166.022787 166.021910 166.020596 166.019719 166.018843 166.017528 166.016652 166.015337 166.014461 166.013146 166.012270 166.011393 166.010517 166.009640 166.008764 166.008326 166.008326 166.008764 166.010517 166.016214 0.000000 
166.041191 166.040315 166.039000 166.038124 166.036809 166.035933 166.034618 166.033742 166.032427 166.031551 166.030236 166.029360 166.028045 166.027169 166.025854 166.024978 166.023663 166.022787 166.021472 166.020596 166.019281 166.018405 166.017090 166.016214 166.014899 166.014023 166.012708 166.011831 166.010517 166.009640 166.008326 166.007449 166.006135 166.005258 166.003944 166.003067 166.001753 166.000876 166.000000 
0.000000 166.041191 166.039877 166.039000 166.038124 166.036809 166.035933 166.034618 166.033742 166.032427 166.031551 166.030236 166.029360 166.028045 166.027169 166.025854 166.024978 166.024101 166.022787 166.021910 166.020596 166.019719 166.018843 166.017528 166.016652 166.015337 166.014461 166.013146 166.012270 166.011393 166.010517 166.009640 166.008764 166.008326 166.008326 166.008764 166.010517 166.016214 0.000000 
0.000000 0.000000 0.000000 0.000000 166.041191 166.040315 166.039438 166.038124 166.037247 166.036371 166.035056 166.034180 166.033303 166.032427 166.031551 166.030674 166.029798 166.028921 166.028483 166.027607 166.026730 166.025854 166.025416 166.024539 166.024101 166.024101 166.024101 166.024539 166.024978 166.025416 166.026730 166.028921 166.031551 166.035056 0.000000 0.000000 0.000000 0.000000 0.000000 
0.000000 0.000000 0.000000 0.000000 0.000000 0.000000 0.000000 0.000000 0.000000 0.000000 0.000000 0.000000 166.041629 166.041191 166.040315 166.039877 166.039877 166.039877 166.039877 166.040315 166.040315 166.040753 166.041629 0.000000 0.000000 0.000000 0.000000 0.000000 0.000000 0.000000 0.000000 0.000000 0.000000 0.000000 0.000000 0.000000 0.000000 0.000000 0.000000 
