test/output/constant/M3M400_S060_A270_WD045.0_WS010.0/M3M400_S060_A270_WD045.0_WS010.0_ros.asc
ncols         15
nrows         50
xllcorner     425403.990666
yllcorner     12748655.311160
cellsize      100.000000
NODATA_value  0.000000
0.000000 0.000000 81.132637 81.132637 0.000000 0.000000 0.000000 0.000000 0.000000 0.000000 0.000000 0.000000 0.000000 0.000000 0.000000 
0.000000 81.132637 81.132637 81.132637 81.132637 0.000000 0.000000 0.000000 0.000000 0.000000 0.000000 0.000000 0.000000 0.000000 0.000000 
0.000000 80.942337 81.132637 72.591934 81.132637 42.943886 0.000000 0.000000 0.000000 0.000000 0.000000 0.000000 0.000000 0.000000 0.000000 
81.132637 81.132637 81.132637 81.132637 81.132637 49.730312 42.943886 0.000000 0.000000 0.000000 0.000000 0.000000 0.000000 0.000000 0.000000 
81.132637 81.132637 81.132637 81.132637 42.943886 67.886620 67.886620 0.000000 0.000000 0.000000 0.000000 0.000000 0.000000 0.000000 0.000000 
81.132637 81.132637 81.132637 81.132637 62.393692 42.943886 42.943886 49.730312 0.000000 0.000000 0.000000 0.000000 0.000000 0.000000 0.000000 
81.132637 81.132637 81.132637 81.132637 81.132637 81.132637 76.366913 80.699677 0.000000 0.000000 0.000000 0.000000 0.000000 0.000000 0.000000 
81.132637 81.132637 81.132637 81.132637 72.591934 81.132637 49.730312 42.943886 49.730312 0.000000 0.000000 0.000000 0.000000 0.000000 0.000000 
80.481995 81.132637 81.132637 81.132637 81.132637 81.132637 49.730312 42.943886 49.730312 0.000000 0.000000 0.000000 0.000000 0.000000 0.000000 
81.132637 81.132637 81.132637 81.132637 81.132637 81.132637 42.943886 42.943886 42.943886 42.943886 0.000000 0.000000 0.000000 0.000000 0.000000 
81.132637 78.658234 81.132637 81.132637 81.132637 79.097084 79.097084 23.217413 76.366913 49.730312 0.000000 0.000000 0.000000 0.000000 0.000000 
81.132637 81.132637 81.132637 81.132637 81.132637 81.132637 36.126198 79.097084 36.126198 42.943886 0.000000 0.000000 0.000000 0.000000 0.000000 
81.132637 81.132637 81.132637 81.132637 81.132637 81.132637 42.943886 42.943886 42.943886 42.943886 36.126198 0.000000 0.000000 0.000000 0.000000 
71.759491 81.132637 81.132637 81.132637 81.132637 81.132637 42.943886 67.886620 42.943886 42.943886 42.943886 0.000000 0.000000 0.000000 0.000000 
78.658234 81.132637 81.132637 78.658234 81.132637 81.132637 81.132637 42.943886 29.483732 42.943886 42.943886 0.000000 0.000000 0.000000 0.000000 
81.132637 81.132637 81.132637 81.132637 78.658234 81.132637 81.132637 81.132637 36.126198 42.943886 36.126198 36.126198 0.000000 0.000000 0.000000 
81.132637 80.481995 75.720932 81.132637 81.132637 81.132637 81.132637 72.591934 42.943886 42.943886 42.943886 42.943886 0.000000 0.000000 0.000000 
78.658234 81.132637 75.720932 81.132637 81.132637 81.132637 81.132637 49.730312 67.886620 49.730312 42.943886 42.943886 0.000000 0.000000 0.000000 
61.273842 81.132637 81.132637 81.132637 81.132637 81.132637 81.132637 42.943886 42.943886 72.591934 29.483732 36.126198 0.000000 0.000000 0.000000 
0.000000 55.068596 81.132637 78.658234 81.132637 81.132637 81.132637 81.132637 36.126198 23.217413 36.126198 49.730312 42.943886 0.000000 0.000000 
0.000000 55.068596 55.068596 75.720932 81.132637 81.132637 81.132637 81.132637 29.483732 42.943886 49.730312 17.516294 42.943886 0.000000 0.000000 
0.000000 55.068596 61.273842 78.658234 78.658234 80.942337 81.132637 81.132637 42.943886 42.943886 42.943886 36.126198 49.730312 0.000000 0.000000 
0.000000 55.068596 61.273842 81.132637 81.132637 81.132637 81.132637 81.132637 49.730312 49.730312 42.943886 49.730312 29.483732 0.000000 0.000000 
0.000000 55.068596 61.273842 61.273842 80.942337 78.658234 81.132637 72.591934 49.730312 23.217413 49.730312 23.217413 49.730312 0.000000 0.000000 
0.000000 55.068596 7.960827 55.068596 75.720932 81.132637 81.132637 81.132637 81.132637 56.279781 49.730312 42.943886 36.126198 36.126198 0.000000 
0.000000 0.000000 55.068596 55.068596 71.759491 81.132637 81.132637 81.132637 42.943886 42.943886 49.730312 42.943886 49.730312 49.730312 0.000000 
0.000000 0.000000 55.068596 61.273842 55.068596 81.132637 81.132637 81.132637 67.886620 23.217413 36.126198 49.730312 29.483732 23.217413 0.000000 
0.000000 0.000000 55.068596 61.273842 61.273842 81.132637 81.132637 81.132637 81.132637 29.483732 23.217413 36.126198 42.943886 49.730312 0.000000 
0.000000 0.000000 5.073306 61.273842 55.068596 80.481995 81.132637 81.132637 81.132637 42.943886 49.730312 49.730312 42.943886 42.943886 0.000000 
0.000000 0.000000 0.000000 55.068596 55.068596 71.759491 81.132637 81.132637 81.132637 81.132637 49.730312 42.943886 36.126198 36.126198 0.000000 
0.000000 0.000000 0.000000 3.185311 3.185311 75.720932 81.132637 81.132637 81.132637 49.730312 49.730312 49.730312 49.730312 42.943886 0.000000 
0.000000 0.000000 0.000000 5.073306 3.185311 5.073306 78.658234 81.132637 81.132637 67.886620 67.886620 36.126198 36.126198 36.126198 42.943886 
0.000000 0.000000 0.000000 61.273842 61.273842 55.068596 81.132637 81.132637 81.132637 81.132637 49.730312 29.483732 49.730312 49.730312 23.217413 
0.000000 0.000000 0.000000 0.000000 5.073306 61.273842 80.942337 81.132637 81.132637 81.132637 42.943886 42.943886 17.516294 42.943886 42.943886 
0.000000 0.000000 0.000000 0.000000 61.273842 5.073306 3.185311 80.481995 80.481995 81.132637 79.097084 42.943886 36.126198 49.730312 29.483732 
0.000000 0.000000 0.000000 0.000000 5.073306 55.068596 61.273842 81.132637 81.132637 81.132637 81.132637 49.730312 42.943886 36.126198 12.551276 
0.000000 0.000000 0.000000 0.000000 0.000000 61.273842 5.073306 55.068596 81.132637 81.132637 81.132637 49.730312 23.217413 49.730312 42.943886 
0.000000 0.000000 0.000000 0.000000 0.000000 2.559553 55.068596 5.073306 81.132637 81.132637 72.591934 49.730312 49.730312 23.217413 42.943886 
0.000000 0.000000 0.000000 0.000000 0.000000 55.068596 2.559553 55.068596 55.068596 81.132637 81.132637 49.730312 49.730312 42.943886 23.217413 
0.000000 0.000000 0.000000 0.000000 0.000000 0.000000 3.185311 55.068596 61.273842 81.132637 81.132637 67.886620 42.943886 42.943886 42.943886 
0.000000 0.000000 0.000000 0.000000 0.000000 0.000000 2.559553 55.068596 3.185311 81.132637 81.132637 81.132637 49.730312 42.943886 23.217413 
0.000000 0.000000 0.000000 0.000000 0.000000 0.000000 3.185311 3.185311 61.273842 55.068596 81.132637 81.132637 42.943886 42.943886 42.943886 
0.000000 0.000000 0.000000 0.000000 0.000000 0.000000 0.000000 2.559553 3.185311 61.273842 81.132637 81.132637 17.516294 42.943886 23.217413 
0.000000 0.000000 0.000000 0.000000 0.000000 0.000000 0.000000 5.073306 3.185311 5.073306 81.132637 81.132637 49.730312 42.943886 42.943886 
0.000000 0.000000 0.000000 0.000000 0.000000 0.000000 0.000000 0.000000 2.559553 2.559553 61.273842 81.132637 42.943886 42.943886 23.217413 
0.000000 0.000000 0.000000 0.000000 0.000000 0.000000 0.000000 0.000000 2.559553 48.467442 55.068596 81.132637 42.943886 42.943886 29.483732 
0.000000 0.000000 0.000000 0.000000 0.000000 0.000000 0.000000 0.000000 0.000000 2.559553 55.068596 81.132637 81.132637 17.516294 17.516294 
0.000000 0.000000 0.000000 0.000000 0.000000 0.000000 0.000000 0.000000 0.000000 2.559553 2.559553 5.073306 81.132637 29.483732 1.658173 
0.000000 0.000000 0.000000 0.000000 0.000000 0.000000 0.000000 0.000000 0.000000 0.000000 2.559553 2.559553 0.000000 1.658173 0.000000 
0.000000 0.000000 0.000000 0.000000 0.000000 0.000000 0.000000 0.000000 0.000000 0.000000 0.000000 1.720821 2.136656 1.658173 0.000000 
