test/output/constant/M3M400_S060_A270_WD045.0_WS010.0/M3M400_S060_A270_WD045.0_WS010.0_raz.asc
ncols         15
nrows         50
xllcorner     425403.990666
yllcorner     12748655.311160
cellsize      100.000000
NODATA_value  0.000000
0 0 348 348 0 0 0 0 0 0 0 0 0 0 0 
0 348 348 348 348 0 0 0 0 0 0 0 0 0 0 
0 347 348 352 348 0 0 0 0 0 0 0 0 0 0 
348 348 348 348 348 358 0 0 0 0 0 0 0 0 0 
348 348 348 348 0 354 354 0 0 0 0 0 0 0 0 
348 348 348 348 355 0 0 358 0 0 0 0 0 0 0 
348 348 348 348 348 348 351 349 0 0 0 0 0 0 0 
348 348 348 348 352 348 358 0 358 0 0 0 0 0 0 
347 348 348 348 348 348 358 0 358 0 0 0 0 0 0 
348 348 348 348 348 348 0 0 0 0 0 0 0 0 0 
348 345 348 348 348 350 350 9 351 358 0 0 0 0 0 
348 348 348 348 348 348 3 350 3 0 0 0 0 0 0 
348 348 348 348 348 348 0 0 0 0 3 0 0 0 0 
343 348 348 348 348 348 0 354 0 0 0 0 0 0 0 
345 348 348 345 348 348 348 0 6 0 0 0 0 0 0 
348 348 348 348 345 348 348 348 3 0 3 3 0 0 0 
348 347 344 348 348 348 348 352 0 0 0 0 0 0 0 
345 348 344 348 348 348 348 358 354 358 0 0 0 0 0 
340 348 348 348 348 348 348 0 0 352 6 3 0 0 0 
0 339 348 345 348 348 348 348 3 9 3 358 0 0 0 
0 339 339 344 348 348 348 348 6 0 358 13 0 0 0 
0 339 340 345 345 347 348 348 0 0 0 3 358 0 0 
0 339 340 348 348 348 348 348 358 358 0 358 6 0 0 
0 339 340 340 347 345 348 352 358 9 358 9 358 0 0 
0 339 308 339 344 348 348 348 348 357 358 0 3 3 0 
0 0 339 339 343 348 348 348 0 0 358 0 358 358 0 
0 0 339 340 339 348 348 348 354 9 3 358 6 9 0 
0 0 339 340 340 348 348 348 348 6 9 3 0 358 0 
0 0 296 340 339 347 348 348 348 0 358 358 0 0 0 
0 0 0 339 339 343 348 348 348 348 358 0 3 3 0 
0 0 0 280 280 344 348 348 348 358 358 358 358 0 0 
0 0 0 296 280 296 345 348 348 354 354 3 3 3 0 
0 0 0 340 340 339 348 348 348 348 358 6 358 358 9 
0 0 0 0 296 340 347 348 348 348 0 0 13 0 0 
0 0 0 0 340 296 280 347 347 348 350 0 3 358 6 
0 0 0 0 296 339 340 348 348 348 348 358 0 3 19 
0 0 0 0 0 340 296 339 348 348 348 358 9 358 0 
0 0 0 0 0 269 339 296 348 348 352 358 358 9 0 
0 0 0 0 0 339 269 339 339 348 348 358 358 0 9 
0 0 0 0 0 0 280 339 340 348 348 354 0 0 0 
0 0 0 0 0 0 269 339 280 348 348 348 358 0 9 
0 0 0 0 0 0 280 280 340 339 348 348 0 0 0 
0 0 0 0 0 0 0 269 280 340 348 348 13 0 9 
0 0 0 0 0 0 0 296 280 296 348 348 358 0 0 
0 0 0 0 0 0 0 0 269 269 340 348 0 0 9 
0 0 0 0 0 0 0 0 269 337 339 348 0 0 6 
0 0 0 0 0 0 0 0 0 269 339 348 348 13 13 
0 0 0 0 0 0 0 0 0 269 269 296 348 6 99 
0 0 0 0 0 0 0 0 0 0 269 269 254 99 0 
0 0 0 0 0 0 0 0 0 0 0 237 258 99 0 
