test/output/constant/M350_S060_A180_WD315.0_WS010.0/M350_S060_A180_WD315.0_WS010.0_arrival.asc
ncols         34
nrows         9
xllcorner     426603.990666
yllcorner     12748055.311160
cellsize      100.000000
NODATA_value  0.000000
166.034083 166.023216 166.020746 166.020746 166.021240 166.021734 166.023710 166.025192 166.027662 166.029638 166.032107 166.033589 166.036059 166.038035 166.040011 0.000000 0.000000 0.000000 0.000000 0.000000 0.000000 0.000000 0.000000 0.000000 0.000000 0.000000 0.000000 0.000000 0.000000 0.000000 0.000000 0.000000 0.000000 0.000000 
166.000000 166.000988 166.001976 166.003458 166.004940 166.006421 166.008397 166.010373 166.012349 166.014325 166.016301 166.018770 166.020746 166.022722 166.025192 166.027168 166.029144 166.031613 166.033589 166.035565 166.038035 166.040011 0.000000 0.000000 0.000000 0.000000 0.000000 0.000000 0.000000 0.000000 0.000000 0.000000 0.000000 0.000000 
166.015313 166.003458 166.003458 166.003458 166.004446 166.005928 166.007409 166.008397 166.009879 166.010867 166.012349 166.013831 166.015313 166.016795 166.018770 166.020746 166.022228 166.024204 166.026180 166.028156 166.030132 166.032107 166.034083 166.036059 166.038529 166.040505 0.000000 0.000000 0.000000 0.000000 0.000000 0.000000 0.000000 0.000000 
0.000000 166.040999 166.022722 166.013831 166.010373 166.009385 166.009385 166.009385 166.010373 166.010867 166.012349 166.013337 166.014819 166.015807 166.017289 166.018770 166.019758 166.021240 166.022722 166.024204 166.025686 166.027662 166.029144 166.031119 166.033095 166.034577 166.036553 166.038529 166.040505 0.000000 0.000000 0.000000 0.000000 0.000000 
0.000000 0.000000 0.000000 0.000000 166.032601 166.024204 166.019758 166.017289 166.015807 166.015807 166.015313 166.015807 166.015807 166.016795 166.017289 166.018770 166.019758 166.021240 166.022228 166.023710 166.024698 166.026180 166.027168 166.028650 166.030132 166.031613 166.033095 166.034577 166.036553 166.038035 166.040011 166.041493 0.000000 0.000000 
0.000000 0.000000 0.000000 0.000000 0.000000 0.000000 0.000000 166.034577 166.029638 166.026180 166.023710 166.022228 166.022228 166.021734 166.021240 166.021734 166.022228 166.022722 166.023216 166.024204 166.025192 166.026180 166.027168 166.028650 166.030132 166.031119 166.032601 166.033589 166.035071 166.036059 166.037541 166.039023 166.040505 0.000000 
0.000000 0.000000 0.000000 0.000000 0.000000 0.000000 0.000000 0.000000 0.000000 0.000000 166.040011 166.036059 166.032601 166.030132 166.029144 166.028650 166.028156 166.027662 166.027662 166.027662 166.028156 166.028650 166.029144 166.029638 166.030626 166.031613 166.032601 166.033589 166.035071 166.036059 166.037541 166.038529 166.040011 166.041493 
0.000000 0.000000 0.000000 0.000000 0.000000 0.000000 0.000000 0.000000 0.000000 0.000000 0.000000 0.000000 0.000000 0.000000 0.000000 166.039023 166.037047 166.035565 166.035071 166.034577 166.034083 166.033589 166.033589 166.033589 166.034083 166.034577 166.035071 166.035565 166.036553 166.037047 166.038035 166.039023 166.040011 166.041493 
0.000000 0.000000 0.000000 0.000000 0.000000 0.000000 0.000000 0.000000 0.000000 0.000000 0.000000 0.000000 0.000000 0.000000 0.000000 0.000000 0.000000 0.000000 0.000000 0.000000 0.000000 166.041493 166.040999 166.040505 166.040011 166.040011 166.039517 166.039517 166.040011 166.040505 166.040999 166.041493 0.000000 0.000000 
