test/output/constant/M3M470_S060_A000_WD315.0_WS020.0/M3M470_S060_A000_WD315.0_WS020.0_arrival.asc
ncols         22
nrows         15
xllcorner     424603.990666
yllcorner     12747455.311160
cellsize      100.000000
NODATA_value  0.000000
0.000000 0.000000 0.000000 0.000000 0.000000 0.000000 0.000000 0.000000 0.000000 0.000000 0.000000 0.000000 0.000000 0.000000 0.000000 0.000000 166.039664 166.032941 166.026219 166.022857 166.021513 166.033614 
0.000000 0.000000 0.000000 0.000000 0.000000 0.000000 0.000000 0.000000 0.000000 0.000000 0.000000 0.000000 0.000000 166.037647 166.030925 166.024202 166.017479 166.010756 166.004706 166.001345 166.000000 166.021513 
0.000000 0.000000 0.000000 0.000000 0.000000 0.000000 0.000000 0.000000 0.000000 0.000000 0.000000 166.037647 166.030925 166.024874 166.018824 166.013445 166.008740 166.005378 166.003361 166.002017 166.002689 166.028235 
0.000000 0.000000 0.000000 0.000000 0.000000 0.000000 0.000000 0.000000 0.000000 166.038992 166.032941 166.027563 166.022185 166.016807 166.012773 166.009412 166.007395 166.005378 166.005378 166.006723 166.018151 0.000000 
0.000000 0.000000 0.000000 0.000000 0.000000 0.000000 0.000000 166.041667 166.036303 166.030925 166.025546 166.020840 166.016807 166.014118 166.011429 166.009412 166.008740 166.008740 166.010756 166.019496 166.036975 0.000000 
0.000000 0.000000 0.000000 0.000000 0.000000 0.000000 166.039664 166.034286 166.029580 166.025546 166.021513 166.018151 166.015462 166.013445 166.012101 166.011429 166.012101 166.014118 166.022185 166.035630 0.000000 0.000000 
0.000000 0.000000 0.000000 0.000000 0.000000 166.038320 166.033614 166.029580 166.025546 166.022185 166.020168 166.017479 166.016135 166.014790 166.014790 166.015462 166.018824 166.025546 166.036975 0.000000 0.000000 0.000000 
0.000000 0.000000 0.000000 0.000000 166.037647 166.033614 166.030252 166.026891 166.024202 166.022185 166.020168 166.018151 166.018151 166.018151 166.019496 166.022857 166.028908 166.038992 0.000000 0.000000 0.000000 0.000000 
0.000000 0.000000 166.041667 166.037647 166.034286 166.030925 166.028235 166.026219 166.024202 166.022185 166.021513 166.021513 166.021513 166.023530 166.026891 166.032941 0.000000 0.000000 0.000000 0.000000 0.000000 0.000000 
0.000000 166.041667 166.038320 166.034958 166.032269 166.030252 166.028235 166.026219 166.024874 166.024202 166.024874 166.025546 166.026891 166.030925 166.036303 0.000000 0.000000 0.000000 0.000000 0.000000 0.000000 0.000000 
0.000000 166.039664 166.036975 166.034286 166.032269 166.030252 166.028908 166.027563 166.027563 166.028235 166.028908 166.030925 166.034958 166.040336 0.000000 0.000000 0.000000 0.000000 0.000000 0.000000 0.000000 0.000000 
166.041009 166.038320 166.036303 166.034286 166.032269 166.031597 166.030925 166.030925 166.031597 166.032941 166.034958 166.038320 0.000000 0.000000 0.000000 0.000000 0.000000 0.000000 0.000000 0.000000 0.000000 0.000000 
166.040336 166.038320 166.036303 166.034958 166.034286 166.034286 166.034286 166.034958 166.036303 166.038992 0.000000 0.000000 0.000000 0.000000 0.000000 0.000000 0.000000 0.000000 0.000000 0.000000 0.000000 0.000000 
166.040336 166.038992 166.037647 166.037647 166.037647 166.037647 166.038320 166.040336 0.000000 0.000000 0.000000 0.000000 0.000000 0.000000 0.000000 0.000000 0.000000 0.000000 0.000000 0.000000 0.000000 0.000000 
166.041667 166.041009 166.040336 166.041009 166.041009 0.000000 0.000000 0.000000 0.000000 0.000000 0.000000 0.000000 0.000000 0.000000 0.000000 0.000000 0.000000 0.000000 0.000000 0.000000 0.000000 0.000000 
