test/output/constant/M3M470_S060_A000_WD315.0_WS020.0/M3M470_S060_A000_WD315.0_WS020.0_ros.asc
ncols         22
nrows         15
xllcorner     424603.990666
yllcorner     12747455.311160
cellsize      100.000000
NODATA_value  0.000000
0.000000 0.000000 0.000000 0.000000 0.000000 0.000000 0.000000 0.000000 0.000000 0.000000 0.000000 0.000000 0.000000 0.000000 0.000000 0.000000 11.259752 6.491868 11.259752 6.491868 6.491868 1.477574 
0.000000 0.000000 0.000000 0.000000 0.000000 0.000000 0.000000 0.000000 0.000000 0.000000 0.000000 0.000000 0.000000 4.692340 6.491868 4.692340 6.491868 4.692340 11.259752 39.385353 0.000000 3.030417 
0.000000 0.000000 0.000000 0.000000 0.000000 0.000000 0.000000 0.000000 0.000000 0.000000 0.000000 8.699492 11.259752 4.692340 11.259752 8.699492 11.259752 37.990585 39.385353 39.385353 1.670234 2.494348 
0.000000 0.000000 0.000000 0.000000 0.000000 0.000000 0.000000 0.000000 0.000000 8.699492 20.309473 4.692340 6.491868 26.597775 11.259752 32.223156 39.385353 39.385353 30.837633 4.122762 2.145400 0.000000 
0.000000 0.000000 0.000000 0.000000 0.000000 0.000000 0.000000 4.692340 8.699492 4.692340 11.259752 26.597775 29.538094 11.259752 39.385353 39.385353 39.385353 35.535812 4.122762 2.145400 2.145400 0.000000 
0.000000 0.000000 0.000000 0.000000 0.000000 0.000000 3.337268 8.699492 11.259752 6.491868 11.259752 39.384186 39.385353 39.385353 39.385353 39.385353 5.654583 24.978485 3.030417 1.888488 0.000000 0.000000 
0.000000 0.000000 0.000000 0.000000 0.000000 3.337268 11.259752 11.259752 32.223156 37.990585 11.259752 39.384186 39.385353 39.385353 33.371330 28.011505 3.030417 2.494348 1.888488 0.000000 0.000000 0.000000 
0.000000 0.000000 0.000000 0.000000 11.259752 8.699492 8.699492 8.699492 38.956985 39.385353 39.385353 39.385353 37.265427 39.385353 5.654583 2.145400 2.494348 24.978485 0.000000 0.000000 0.000000 0.000000 
0.000000 0.000000 11.259752 11.259752 11.259752 11.259752 34.572105 39.385353 39.385353 39.385353 39.385353 5.654583 37.265427 3.030417 1.888488 2.494348 0.000000 0.000000 0.000000 0.000000 0.000000 0.000000 
0.000000 29.538094 32.223156 29.538094 39.385353 39.385353 39.385353 39.385353 39.385353 39.385353 35.535812 5.654583 33.371330 4.122762 28.011505 0.000000 0.000000 0.000000 0.000000 0.000000 0.000000 0.000000 
0.000000 14.103189 6.491868 39.385353 39.385353 39.385353 39.385353 39.385353 33.371330 5.654583 37.265427 24.978485 4.122762 5.654583 0.000000 0.000000 0.000000 0.000000 0.000000 0.000000 0.000000 0.000000 
39.385353 29.538094 39.385353 39.385353 39.385353 39.385353 39.385353 33.371330 4.122762 4.122762 28.011505 24.978485 0.000000 0.000000 0.000000 0.000000 0.000000 0.000000 0.000000 0.000000 0.000000 0.000000 
39.385353 39.385353 39.384186 39.385353 39.385353 15.567254 37.265427 38.507652 33.371330 28.011505 0.000000 0.000000 0.000000 0.000000 0.000000 0.000000 0.000000 0.000000 0.000000 0.000000 0.000000 0.000000 
39.385353 39.385353 38.507652 33.371330 38.507652 38.507652 38.507652 28.011505 0.000000 0.000000 0.000000 0.000000 0.000000 0.000000 0.000000 0.000000 0.000000 0.000000 0.000000 0.000000 0.000000 0.000000 
39.385353 39.385353 39.385353 37.265427 35.535812 0.000000 0.000000 0.000000 0.000000 0.000000 0.000000 0.000000 0.000000 0.000000 0.000000 0.000000 0.000000 0.000000 0.000000 0.000000 0.000000 0.000000 
