test/output/constant/M3M495_S060_A000_WD045.0_WS005.0/M3M495_S060_A000_WD045.0_WS005.0_arrival.asc
ncols         56
nrows         12
xllcorner     421103.990666
yllcorner     12747955.311160
cellsize      100.000000
NODATA_value  0.000000
0.000000 0.000000 0.000000 0.000000 0.000000 0.000000 0.000000 0.000000 0.000000 0.000000 0.000000 0.000000 0.000000 0.000000 0.000000 0.000000 0.000000 0.000000 0.000000 0.000000 0.000000 0.000000 0.000000 0.000000 0.000000 166.041352 166.040753 166.040153 166.039554 166.039255 166.038655 166.038056 166.037457 166.037157 166.036857 166.036558 166.036258 166.035958 166.035659 166.035659 166.035659 166.035659 166.035958 166.036258 166.036558 166.037457 166.038655 166.040153 0.000000 0.000000 0.000000 0.000000 0.000000 0.000000 0.000000 0.000000 
0.000000 0.000000 0.000000 0.000000 0.000000 0.000000 0.000000 0.000000 0.000000 0.000000 0.000000 0.000000 0.000000 0.000000 0.000000 0.000000 166.041652 166.040753 166.039854 166.039255 166.038356 166.037457 166.036558 166.035659 166.034760 166.033861 166.032962 166.032063 166.031164 166.030265 166.029666 166.028767 166.028167 166.027268 166.026669 166.026070 166.025470 166.024871 166.024272 166.023673 166.023073 166.022774 166.022474 166.022174 166.021875 166.021575 166.021575 166.021575 166.022174 166.022474 166.023673 166.026070 166.030565 166.037457 0.000000 0.000000 
0.000000 0.000000 0.000000 0.000000 0.000000 0.000000 0.000000 0.000000 0.000000 0.000000 0.000000 166.041352 166.040453 166.039554 166.038655 166.037756 166.036857 166.035958 166.035359 166.034460 166.033561 166.032662 166.031763 166.030864 166.029965 166.029066 166.028167 166.027268 166.026369 166.025470 166.024572 166.023673 166.022774 166.021875 166.020976 166.020077 166.019178 166.018279 166.017380 166.016481 166.015582 166.014683 166.013784 166.012885 166.011986 166.011087 166.010188 166.009589 166.008990 166.008390 166.007791 166.007791 166.007491 166.007791 166.009889 166.018578 
0.000000 0.000000 0.000000 0.000000 0.000000 0.000000 0.000000 166.041052 166.040153 166.039255 166.038356 166.037457 166.036558 166.035659 166.034760 166.033861 166.032962 166.032063 166.031464 166.030565 166.029666 166.028767 166.027868 166.026969 166.026070 166.025171 166.024272 166.023373 166.022474 166.021575 166.020676 166.019777 166.018878 166.017979 166.017080 166.016181 166.015282 166.014383 166.013484 166.012585 166.011686 166.010787 166.009889 166.009289 166.008390 166.007491 166.006592 166.005693 166.005094 166.004195 166.003596 166.002697 166.002098 166.001199 166.000599 166.000000 
0.000000 0.000000 0.000000 0.000000 166.041352 166.040453 166.039554 166.038655 166.037756 166.036857 166.035958 166.035059 166.034160 166.033261 166.032362 166.031464 166.030565 166.029965 166.029066 166.028167 166.027268 166.026369 166.025470 166.024871 166.023972 166.023073 166.022174 166.021275 166.020376 166.019777 166.018878 166.017979 166.017080 166.016481 166.015582 166.014983 166.014084 166.013484 166.012585 166.011986 166.011087 166.010488 166.009589 166.008690 166.008091 166.007192 166.006592 166.005693 166.005094 166.004195 166.003596 166.002997 166.002997 166.002997 166.003895 166.011986 
0.000000 0.000000 166.041052 166.040153 166.039255 166.038356 166.037756 166.036857 166.035958 166.035059 166.034460 166.033561 166.032662 166.031763 166.031164 166.030265 166.029366 166.028467 166.027868 166.026969 166.026369 166.025470 166.024572 166.023972 166.023073 166.022474 166.021575 166.020976 166.020077 166.019477 166.018578 166.017979 166.017080 166.016481 166.015582 166.014983 166.014084 166.013484 166.012585 166.011986 166.011387 166.010787 166.010188 166.009589 166.008990 166.008690 166.008390 166.008390 166.008390 166.008390 166.009289 166.010787 166.013784 166.019777 166.032962 0.000000 
166.041652 166.040753 166.039854 166.039255 166.038356 166.037756 166.036857 166.035958 166.035359 166.034460 166.033861 166.032962 166.032362 166.031464 166.030864 166.029965 166.029066 166.028467 166.027568 166.026969 166.026070 166.025470 166.024572 166.023972 166.023073 166.022474 166.021575 166.020976 166.020376 166.019777 166.018878 166.018279 166.017680 166.017080 166.016481 166.016181 166.015582 166.014983 166.014683 166.014084 166.014084 166.013784 166.013784 166.013784 166.013784 166.014084 166.014683 166.016181 166.017680 166.020077 166.023673 166.029666 166.038955 0.000000 0.000000 0.000000 
166.041352 166.040453 166.039854 166.038955 166.038356 166.037457 166.036857 166.035958 166.035359 166.034460 166.033861 166.032962 166.032362 166.031464 166.030864 166.029965 166.029366 166.028767 166.028167 166.027268 166.026669 166.026070 166.025470 166.024871 166.024272 166.023673 166.023073 166.022474 166.021875 166.021575 166.020976 166.020376 166.020077 166.019777 166.019477 166.019477 166.019178 166.019178 166.019178 166.019178 166.019178 166.019777 166.020376 166.021575 166.023073 166.024572 166.026969 166.029965 166.033861 166.039854 0.000000 0.000000 0.000000 0.000000 0.000000 0.000000 
166.041352 166.040453 166.039854 166.038955 166.038356 166.037457 166.036857 166.036258 166.035659 166.035059 166.034160 166.033561 166.032962 166.032362 166.031763 166.031164 166.030565 166.029965 166.029366 166.029066 166.028467 166.027868 166.027268 166.026969 166.026369 166.026070 166.025770 166.025470 166.025171 166.024871 166.024871 166.024572 166.024572 166.024572 166.024572 166.024572 166.024871 166.025171 166.026070 166.027268 166.028167 166.029666 166.031464 166.033561 166.036558 166.040153 0.000000 0.000000 0.000000 0.000000 0.000000 0.000000 0.000000 0.000000 0.000000 0.000000 
0.000000 166.041352 166.040753 166.040153 166.039554 166.038955 166.038356 166.037457 166.036857 166.036558 166.035958 166.035359 166.035059 166.034460 166.033861 166.033261 166.032662 166.032362 166.032063 166.031464 166.031164 166.030864 166.030864 166.030565 166.030265 166.030265 166.029965 166.029965 166.029965 166.029965 166.029965 166.029965 166.030565 166.031164 166.031763 166.032662 166.033861 166.035059 166.036857 166.038356 166.040453 0.000000 0.000000 0.000000 0.000000 0.000000 0.000000 0.000000 0.000000 0.000000 0.000000 0.000000 0.000000 0.000000 0.000000 0.000000 
0.000000 0.000000 0.000000 0.000000 166.041352 166.040753 166.040453 166.039854 166.039255 166.038655 166.038356 166.037756 166.037457 166.037157 166.036857 166.036558 166.036258 166.036258 166.035958 166.035659 166.035659 166.035359 166.035359 166.035359 166.035359 166.035359 166.035359 166.035659 166.035958 166.036558 166.037457 166.038356 166.039255 166.040753 0.000000 0.000000 0.000000 0.000000 0.000000 0.000000 0.000000 0.000000 0.000000 0.000000 0.000000 0.000000 0.000000 0.000000 0.000000 0.000000 0.000000 0.000000 0.000000 0.000000 0.000000 0.000000 
0.000000 0.000000 0.000000 0.000000 0.000000 0.000000 0.000000 0.000000 0.000000 0.000000 0.000000 166.041652 166.041652 166.041352 166.041052 166.041052 166.041052 166.040753 166.040753 166.040753 166.040753 166.040753 166.040753 166.041352 166.041652 0.000000 0.000000 0.000000 0.000000 0.000000 0.000000 0.000000 0.000000 0.000000 0.000000 0.000000 0.000000 0.000000 0.000000 0.000000 0.000000 0.000000 0.000000 0.000000 0.000000 0.000000 0.000000 0.000000 0.000000 0.000000 0.000000 0.000000 0.000000 0.000000 0.000000 0.000000 
