test/output/constant/M3M460_S060_A090_WD000.0_WS010.0/M3M460_S060_A090_WD000.0_WS010.0_arrival.asc
ncols         7
nrows         39
xllcorner     426303.990666
yllcorner     12744955.311160
cellsize      100.000000
NODATA_value  0.000000
0.000000 0.000000 166.024604 166.000000 166.024604 0.000000 0.000000 
0.000000 0.000000 166.010105 166.000879 166.010105 0.000000 0.000000 
0.000000 0.000000 166.007030 166.001757 166.007030 0.000000 0.000000 
0.000000 166.032952 166.006590 166.003076 166.006590 166.032952 0.000000 
0.000000 166.027680 166.006590 166.003954 166.006590 166.027680 0.000000 
0.000000 166.024165 166.007469 166.005272 166.007469 166.024165 0.000000 
0.000000 166.021968 166.008348 166.006151 166.008348 166.021968 0.000000 
0.000000 166.020650 166.008787 166.007469 166.008787 166.020650 0.000000 
166.041300 166.020211 166.009666 166.008348 166.009666 166.020211 166.041300 
166.038664 166.019771 166.010984 166.009666 166.010984 166.019771 166.038664 
166.036467 166.019771 166.011863 166.010545 166.011863 166.019771 166.036467 
166.035149 166.019771 166.012741 166.011863 166.012741 166.019771 166.035149 
166.034270 166.019771 166.014060 166.012741 166.014060 166.019771 166.034270 
166.033391 166.020650 166.014938 166.014060 166.014938 166.020650 166.033391 
166.032952 166.021529 166.016256 166.014938 166.016256 166.021529 166.032952 
166.032952 166.021968 166.017135 166.016256 166.017135 166.021968 166.032952 
166.032513 166.022847 166.018453 166.017135 166.018453 166.022847 166.032513 
166.032513 166.023725 166.019332 166.018453 166.019332 166.023725 166.032513 
166.032513 166.024604 166.020211 166.019332 166.020211 166.024604 166.032513 
166.032513 166.025044 166.021529 166.020650 166.021529 166.025044 166.032513 
166.033391 166.025922 166.022407 166.021529 166.022407 166.025922 166.033391 
166.033831 166.026801 166.023725 166.022847 166.023725 166.026801 166.033831 
166.034710 166.027680 166.024604 166.023725 166.024604 166.027680 166.034710 
166.035588 166.028998 166.025922 166.025044 166.025922 166.028998 166.035588 
166.036028 166.029877 166.026801 166.025922 166.026801 166.029877 166.036028 
166.036906 166.030755 166.028119 166.027240 166.028119 166.030755 166.036906 
166.037785 166.031634 166.028998 166.028119 166.028998 166.031634 166.037785 
166.038224 166.032952 166.030316 166.029437 166.030316 166.032952 166.038224 
166.039103 166.033831 166.031195 166.030316 166.031195 166.033831 166.039103 
166.039982 166.034710 166.032513 166.031634 166.032513 166.034710 166.039982 
166.040861 166.036028 166.033391 166.032513 166.033391 166.036028 166.040861 
166.041667 166.036906 166.034270 166.033831 166.034270 166.036906 166.041667 
0.000000 166.037785 166.035588 166.034710 166.035588 166.037785 0.000000 
0.000000 166.038664 166.036467 166.036028 166.036467 166.038664 0.000000 
0.000000 166.039982 166.037785 166.036906 166.037785 166.039982 0.000000 
0.000000 166.040861 166.038664 166.038224 166.038664 166.040861 0.000000 
0.000000 0.000000 166.039982 166.039103 166.039982 0.000000 0.000000 
0.000000 0.000000 166.040861 166.040421 166.040861 0.000000 0.000000 
0.000000 0.000000 0.000000 166.041300 0.000000 0.000000 0.000000 
