test/output/constant/M3M465_S060_A000_WD225.0_WS005.0/M3M465_S060_A000_WD225.0_WS005.0_ros.asc
ncols         31
nrows         8
xllcorner     423703.990666
yllcorner     12748555.311160
cellsize      100.000000
NODATA_value  0.000000
0.000000 0.000000 45.858685 49.085949 48.704937 47.617920 47.617920 43.480762 45.858685 45.858685 40.556477 33.438438 33.438438 33.438438 3.238035 37.174755 2.082228 1.701710 37.174755 0.000000 0.000000 0.000000 0.000000 0.000000 0.000000 0.000000 0.000000 0.000000 0.000000 0.000000 0.000000 
43.480762 47.617920 43.480762 49.085949 49.085949 49.085949 49.085949 47.617920 49.085949 48.704937 48.704937 47.617920 40.556477 40.556477 33.438438 45.858685 37.174755 37.174755 33.438438 37.174755 37.174755 33.438438 33.438438 3.238035 0.000000 0.000000 0.000000 0.000000 0.000000 0.000000 0.000000 
49.085949 49.085949 49.085949 49.085949 49.085949 45.858685 48.704937 49.085949 49.085949 49.085949 49.085949 47.617920 49.085949 49.085949 48.980919 49.085949 48.980919 43.480762 37.174755 43.480762 33.438438 33.438438 3.238035 2.082228 1.438379 1.438379 1.164435 0.000000 0.000000 0.000000 0.000000 
49.019260 40.897182 49.019260 49.085949 49.085949 49.085949 49.085949 49.085949 49.085949 49.085949 49.085949 49.085949 49.085949 49.085949 49.085949 40.556477 49.085949 49.085949 49.085949 40.556477 49.085949 47.617920 45.858685 37.174755 37.174755 33.438438 33.438438 1.008217 1.438379 0.000000 0.000000 
0.000000 40.897182 40.897182 47.769974 40.897182 47.769974 43.767170 43.767170 43.767170 43.767170 49.085949 43.767170 46.081512 47.769974 40.897182 49.085949 49.085949 49.085949 49.085949 49.085949 49.085949 49.085949 49.085949 49.085949 47.617920 45.858685 48.980919 40.556477 37.174755 1.164435 0.000000 
0.000000 0.000000 0.000000 40.897182 43.767170 40.897182 40.897182 43.767170 40.897182 40.897182 40.897182 40.897182 40.897182 40.897182 40.897182 40.897182 40.897182 40.897182 46.081512 40.897182 40.897182 43.767170 49.019260 40.897182 49.085949 49.085949 49.085949 49.085949 49.085949 -1.000000 1.164435 
0.000000 0.000000 0.000000 0.000000 0.000000 0.000000 43.767170 40.897182 40.897182 40.897182 40.897182 40.897182 43.767170 40.897182 40.897182 40.897182 40.897182 40.897182 40.897182 40.897182 40.897182 40.897182 37.558670 40.897182 40.897182 25.797659 17.701540 29.892569 29.892569 0.982390 0.000000 
0.000000 0.000000 0.000000 0.000000 0.000000 0.000000 0.000000 0.000000 0.000000 0.000000 0.000000 40.897182 37.558670 40.897182 40.897182 40.897182 40.897182 40.897182 40.897182 13.945708 17.701540 17.701540 25.797659 33.852970 33.852970 29.892569 1.142622 1.142622 0.000000 0.000000 0.000000 
