test/output/constant/M1M285_S060_A270_WD180.0_WS015.0/M1M285_S060_A270_WD180.0_WS015.0_arrival.asc
ncols         7
nrows         32
xllcorner     426303.990666
yllcorner     12748755.311160
cellsize      100.000000
NODATA_value  0.000000
0.000000 0.000000 0.000000 166.041457 0.000000 0.000000 0.000000 
0.000000 0.000000 166.040918 166.039841 166.040918 0.000000 0.000000 
0.000000 0.000000 166.039303 166.038765 166.039303 0.000000 0.000000 
0.000000 166.041457 166.038226 166.037149 166.038226 166.041457 0.000000 
0.000000 166.039841 166.036611 166.036073 166.036611 166.039841 0.000000 
0.000000 166.038765 166.035534 166.034457 166.035534 166.038765 0.000000 
0.000000 166.037688 166.033919 166.033381 166.033919 166.037688 0.000000 
0.000000 166.036073 166.032842 166.031765 166.032842 166.036073 0.000000 
0.000000 166.034996 166.031227 166.030689 166.031227 166.034996 0.000000 
166.041667 166.033919 166.030150 166.029073 166.030150 166.033919 166.041667 
166.040918 166.032842 166.029073 166.027997 166.029073 166.032842 166.040918 
166.039841 166.031765 166.027458 166.026381 166.027458 166.031765 166.039841 
166.039303 166.030689 166.026381 166.025305 166.026381 166.030689 166.039303 
166.038765 166.029612 166.024766 166.023689 166.024766 166.029612 166.038765 
166.038765 166.028535 166.023689 166.022613 166.023689 166.028535 166.038765 
166.038765 166.027458 166.022074 166.020997 166.022074 166.027458 166.038765 
166.038765 166.026920 166.020997 166.019921 166.020997 166.026920 166.038765 
166.038765 166.025843 166.019921 166.018306 166.019921 166.025843 166.038765 
166.039303 166.024766 166.018306 166.017229 166.018306 166.024766 166.039303 
166.039841 166.024228 166.017229 166.015614 166.017229 166.024228 166.039841 
166.040918 166.023151 166.015614 166.014537 166.015614 166.023151 166.040918 
0.000000 166.023151 166.014537 166.012922 166.014537 166.023151 0.000000 
0.000000 166.023689 166.012922 166.011845 166.012922 166.023689 0.000000 
0.000000 166.023689 166.011845 166.010230 166.011845 166.023689 0.000000 
0.000000 166.024228 166.010768 166.009153 166.010768 166.024228 0.000000 
0.000000 166.025843 166.009691 166.007538 166.009691 166.025843 0.000000 
0.000000 166.027997 166.008614 166.006461 166.008614 166.027997 0.000000 
0.000000 166.032304 166.008076 166.004846 166.008076 166.032304 0.000000 
0.000000 166.039303 166.008076 166.003769 166.008076 166.039303 0.000000 
0.000000 0.000000 166.008614 166.002154 166.008614 0.000000 0.000000 
0.000000 0.000000 166.011845 166.001077 166.011845 0.000000 0.000000 
0.000000 0.000000 166.031227 166.000000 166.031227 0.000000 0.000000 
