test/output/constant/M3M4100_S000_A270_WD000.0_WS030.0/M3M4100_S000_A270_WD000.0_WS030.0_arrival.asc
ncols         11
nrows         42
xllcorner     426103.990666
yllcorner     12744755.311160
cellsize      100.000000
NODATA_value  0.000000
0.000000 0.000000 0.000000 0.000000 166.025484 166.018800 166.025484 0.000000 0.000000 0.000000 0.000000 
0.000000 0.000000 0.000000 166.030080 166.007520 166.000000 166.007520 166.030080 0.000000 0.000000 0.000000 
0.000000 0.000000 0.000000 166.021724 166.004596 166.000836 166.004596 166.021724 0.000000 0.000000 0.000000 
0.000000 0.000000 166.035929 166.017129 166.004178 166.001671 166.004178 166.017129 166.035929 0.000000 0.000000 
0.000000 0.000000 166.030080 166.014204 166.004178 166.002924 166.004178 166.014204 166.030080 0.000000 0.000000 
0.000000 0.000000 166.026738 166.012951 166.005013 166.003760 166.005013 166.012951 166.026738 0.000000 0.000000 
0.000000 166.039689 166.023813 166.012533 166.005849 166.005013 166.005849 166.012533 166.023813 166.039689 0.000000 
0.000000 166.036347 166.022142 166.012533 166.006684 166.005849 166.006684 166.012533 166.022142 166.036347 0.000000 
0.000000 166.033422 166.021307 166.012533 166.007520 166.007102 166.007520 166.012533 166.021307 166.033422 0.000000 
0.000000 166.031751 166.020889 166.012533 166.008773 166.007938 166.008773 166.012533 166.020889 166.031751 0.000000 
0.000000 166.030915 166.020471 166.013369 166.009609 166.009191 166.009609 166.013369 166.020471 166.030915 0.000000 
166.041360 166.029662 166.020471 166.013787 166.010862 166.010027 166.010862 166.013787 166.020471 166.029662 166.041360 
166.040107 166.029244 166.020471 166.014622 166.011698 166.011280 166.011698 166.014622 166.020471 166.029244 166.040107 
166.038853 166.028827 166.020471 166.015458 166.012951 166.012116 166.012951 166.015458 166.020471 166.028827 166.038853 
166.038018 166.028409 166.020889 166.016293 166.013787 166.013369 166.013787 166.016293 166.020889 166.028409 166.038018 
166.037600 166.028409 166.021307 166.017129 166.014622 166.014204 166.014622 166.017129 166.021307 166.028409 166.037600 
166.037182 166.028409 166.022142 166.017964 166.015876 166.015458 166.015876 166.017964 166.022142 166.028409 166.037182 
166.036764 166.028409 166.022560 166.018800 166.016711 166.016293 166.016711 166.018800 166.022560 166.028409 166.036764 
166.036764 166.028827 166.023395 166.019635 166.017964 166.017547 166.017964 166.019635 166.023395 166.028827 166.036764 
166.036764 166.029244 166.024231 166.020471 166.018800 166.018382 166.018800 166.020471 166.024231 166.029244 166.036764 
166.036764 166.029662 166.025067 166.021724 166.020053 166.019635 166.020053 166.021724 166.025067 166.029662 166.036764 
166.036764 166.030080 166.025902 166.022560 166.020889 166.020471 166.020889 166.022560 166.025902 166.030080 166.036764 
166.036764 166.030915 166.026320 166.023395 166.021724 166.021724 166.021724 166.023395 166.026320 166.030915 166.036764 
166.036764 166.031333 166.027573 166.024649 166.022978 166.022560 166.022978 166.024649 166.027573 166.031333 166.036764 
166.037182 166.032169 166.027991 166.025484 166.023813 166.023813 166.023813 166.025484 166.027991 166.032169 166.037182 
166.038018 166.033004 166.028827 166.026320 166.025067 166.024649 166.025067 166.026320 166.028827 166.033004 166.038018 
166.038435 166.033840 166.029662 166.027573 166.025902 166.025902 166.025902 166.027573 166.029662 166.033840 166.038435 
166.038853 166.034675 166.030915 166.028409 166.027155 166.026738 166.027155 166.028409 166.030915 166.034675 166.038853 
166.039689 166.035511 166.031751 166.029662 166.027991 166.027991 166.027991 166.029662 166.031751 166.035511 166.039689 
166.040524 166.035929 166.032587 166.030498 166.029244 166.028827 166.029244 166.030498 166.032587 166.035929 166.040524 
166.040942 166.036764 166.033422 166.031333 166.030080 166.030080 166.030080 166.031333 166.033422 166.036764 166.040942 
0.000000 166.037600 166.034675 166.032587 166.031333 166.030915 166.031333 166.032587 166.034675 166.037600 0.000000 
0.000000 166.038435 166.035511 166.033422 166.032169 166.032169 166.032169 166.033422 166.035511 166.038435 0.000000 
0.000000 166.039271 166.036347 166.034675 166.033422 166.033004 166.033422 166.034675 166.036347 166.039271 0.000000 
0.000000 166.040107 166.037600 166.035511 166.034258 166.034258 166.034258 166.035511 166.037600 166.040107 0.000000 
0.000000 166.040942 166.038435 166.036347 166.035511 166.035093 166.035511 166.036347 166.038435 166.040942 0.000000 
0.000000 0.000000 166.039271 166.037600 166.036347 166.036347 166.036347 166.037600 166.039271 0.000000 0.000000 
0.000000 0.000000 166.040524 166.038435 166.037600 166.037182 166.037600 166.038435 166.040524 0.000000 0.000000 
0.000000 0.000000 166.041360 166.039689 166.038435 166.038435 166.038435 166.039689 166.041360 0.000000 0.000000 
0.000000 0.000000 0.000000 166.040524 166.039689 166.039271 166.039689 166.040524 0.000000 0.000000 0.000000 
0.000000 0.000000 0.000000 166.041667 166.040524 166.040524 166.040524 166.041667 0.000000 0.000000 0.000000 
0.000000 0.000000 0.000000 0.000000 166.041667 166.041360 166.041667 0.000000 0.000000 0.000000 0.000000 
