test/output/constant/M350_S060_A180_WD000.0_WS010.0/M350_S060_A180_WD000.0_WS010.0_arrival.asc
ncols         28
nrows         11
xllcorner     426603.990666
yllcorner     12747855.311160
cellsize      100.000000
NODATA_value  0.000000
166.031582 166.027488 166.028073 166.029242 166.032167 166.035676 166.038600 0.000000 0.000000 0.000000 0.000000 0.000000 0.000000 0.000000 0.000000 0.000000 0.000000 0.000000 0.000000 0.000000 0.000000 0.000000 0.000000 0.000000 0.000000 0.000000 0.000000 0.000000 
166.000000 166.001170 166.002339 166.004679 166.007603 166.011112 166.014621 166.018130 166.021639 166.025148 166.029242 166.032751 166.036845 166.040354 0.000000 0.000000 0.000000 0.000000 0.000000 0.000000 0.000000 0.000000 0.000000 0.000000 0.000000 0.000000 0.000000 0.000000 
166.008773 166.002924 166.002924 166.004094 166.005848 166.007018 166.008773 166.010527 166.013451 166.015791 166.019300 166.022224 166.025148 166.028657 166.032167 166.035091 166.039185 0.000000 0.000000 0.000000 0.000000 0.000000 0.000000 0.000000 0.000000 0.000000 0.000000 0.000000 
0.000000 166.023979 166.011697 166.008188 166.007603 166.007603 166.008773 166.010527 166.011697 166.013451 166.015206 166.016961 166.019300 166.021639 166.024564 166.027488 166.030412 166.033336 166.036845 166.039770 0.000000 0.000000 0.000000 0.000000 0.000000 0.000000 0.000000 0.000000 
0.000000 0.000000 166.038600 166.024564 166.016961 166.013451 166.012867 166.012282 166.012867 166.013451 166.015206 166.016376 166.018130 166.019885 166.021639 166.023394 166.025733 166.028073 166.030412 166.033336 166.035676 166.038600 166.041667 0.000000 0.000000 0.000000 0.000000 0.000000 
0.000000 0.000000 0.000000 0.000000 166.038600 166.029242 166.022809 166.019300 166.018130 166.017545 166.017545 166.017545 166.018130 166.019885 166.021054 166.022809 166.023979 166.025733 166.027488 166.029242 166.031582 166.033921 166.036845 166.039185 166.041667 0.000000 0.000000 0.000000 
0.000000 0.000000 0.000000 0.000000 0.000000 0.000000 166.041667 166.033921 166.028657 166.025148 166.023394 166.022224 166.022224 166.022224 166.022809 166.023394 166.024564 166.025733 166.027488 166.028657 166.030412 166.032167 166.033921 166.035676 166.038015 166.040354 0.000000 0.000000 
0.000000 0.000000 0.000000 0.000000 0.000000 0.000000 0.000000 0.000000 0.000000 166.039185 166.033921 166.030997 166.029242 166.027488 166.026903 166.026903 166.026903 166.027488 166.028073 166.029242 166.030412 166.032167 166.033336 166.035091 166.036845 166.038600 166.040354 0.000000 
0.000000 0.000000 0.000000 0.000000 0.000000 0.000000 0.000000 0.000000 0.000000 0.000000 0.000000 0.000000 166.039770 166.036845 166.034506 166.033336 166.032167 166.032167 166.031582 166.032167 166.032167 166.033336 166.033921 166.035091 166.036845 166.038015 166.039770 166.041524 
0.000000 0.000000 0.000000 0.000000 0.000000 0.000000 0.000000 0.000000 0.000000 0.000000 0.000000 0.000000 0.000000 0.000000 0.000000 0.000000 166.040354 166.038600 166.037430 166.036845 166.036845 166.036845 166.036845 166.037430 166.038015 166.038600 166.039770 166.041524 
0.000000 0.000000 0.000000 0.000000 0.000000 0.000000 0.000000 0.000000 0.000000 0.000000 0.000000 0.000000 0.000000 0.000000 0.000000 0.000000 0.000000 0.000000 0.000000 0.000000 0.000000 0.000000 166.041524 166.041524 166.041524 166.041667 0.000000 0.000000 
