test/output/constant/M3100_S060_A270_WD180.0_WS005.0/M3100_S060_A270_WD180.0_WS005.0_arrival.asc
ncols         11
nrows         64
xllcorner     426103.990666
yllcorner     12748755.311160
cellsize      100.000000
NODATA_value  0.000000
0.000000 0.000000 0.000000 0.000000 0.000000 166.041667 0.000000 0.000000 0.000000 0.000000 0.000000 
0.000000 0.000000 0.000000 0.000000 166.041265 166.040998 166.041265 0.000000 0.000000 0.000000 0.000000 
0.000000 0.000000 0.000000 166.041667 166.040466 166.040466 166.040466 166.041667 0.000000 0.000000 0.000000 
0.000000 0.000000 0.000000 166.040998 166.039934 166.039667 166.039934 166.040998 0.000000 0.000000 0.000000 
0.000000 0.000000 0.000000 166.040466 166.039135 166.039135 166.039135 166.040466 0.000000 0.000000 0.000000 
0.000000 0.000000 166.041265 166.039667 166.038602 166.038336 166.038602 166.039667 166.041265 0.000000 0.000000 
0.000000 0.000000 166.040732 166.039135 166.038070 166.037804 166.038070 166.039135 166.040732 0.000000 0.000000 
0.000000 0.000000 166.039934 166.038336 166.037271 166.037005 166.037271 166.038336 166.039934 0.000000 0.000000 
0.000000 166.041667 166.039401 166.037804 166.036739 166.036473 166.036739 166.037804 166.039401 166.041667 0.000000 
0.000000 166.041265 166.038869 166.037005 166.035940 166.035674 166.035940 166.037005 166.038869 166.041265 0.000000 
0.000000 166.040466 166.038336 166.036473 166.035408 166.035142 166.035408 166.036473 166.038336 166.040466 0.000000 
0.000000 166.039934 166.037538 166.035674 166.034609 166.034343 166.034609 166.035674 166.037538 166.039934 0.000000 
0.000000 166.039401 166.037005 166.035142 166.034077 166.033810 166.034077 166.035142 166.037005 166.039401 0.000000 
0.000000 166.038869 166.036473 166.034343 166.033278 166.033012 166.033278 166.034343 166.036473 166.038869 0.000000 
0.000000 166.038336 166.035674 166.033810 166.032745 166.032479 166.032745 166.033810 166.035674 166.038336 0.000000 
166.041667 166.037538 166.035142 166.033278 166.031947 166.031681 166.031947 166.033278 166.035142 166.037538 166.041667 
166.041265 166.037005 166.034609 166.032479 166.031414 166.031148 166.031414 166.032479 166.034609 166.037005 166.041265 
166.040732 166.036473 166.033810 166.031947 166.030616 166.030349 166.030616 166.031947 166.033810 166.036473 166.040732 
166.040200 166.036206 166.033278 166.031148 166.030083 166.029817 166.030083 166.031148 166.033278 166.036206 166.040200 
166.039934 166.035674 166.032745 166.030616 166.029285 166.029018 166.029285 166.030616 166.032745 166.035674 166.039934 
166.039401 166.035142 166.031947 166.029817 166.028752 166.028486 166.028752 166.029817 166.031947 166.035142 166.039401 
166.038869 166.034609 166.031414 166.029285 166.027953 166.027687 166.027953 166.029285 166.031414 166.034609 166.038869 
166.038602 166.034077 166.030882 166.028752 166.027421 166.027155 166.027421 166.028752 166.030882 166.034077 166.038602 
166.038070 166.033810 166.030083 166.027953 166.026889 166.026356 166.026889 166.027953 166.030083 166.033810 166.038070 
166.037538 166.033278 166.029551 166.027421 166.026090 166.025824 166.026090 166.027421 166.029551 166.033278 166.037538 
166.037271 166.032745 166.029018 166.026889 166.025557 166.025025 166.025557 166.026889 166.029018 166.032745 166.037271 
166.036739 166.032213 166.028486 166.026090 166.024759 166.024493 166.024759 166.026090 166.028486 166.032213 166.036739 
166.036473 166.031681 166.027953 166.025557 166.024226 166.023694 166.024226 166.025557 166.027953 166.031681 166.036473 
166.035940 166.031414 166.027155 166.024759 166.023428 166.023161 166.023428 166.024759 166.027155 166.031414 166.035940 
166.035674 166.030882 166.026622 166.024226 166.022895 166.022363 166.022895 166.024226 166.026622 166.030882 166.035674 
166.035674 166.030349 166.026090 166.023694 166.022097 166.021830 166.022097 166.023694 166.026090 166.030349 166.035674 
166.035408 166.030083 166.025824 166.023161 166.021564 166.021032 166.021564 166.023161 166.025824 166.030083 166.035408 
166.035408 166.029551 166.025291 166.022363 166.021032 166.020499 166.021032 166.022363 166.025291 166.029551 166.035408 
166.035408 166.029018 166.024759 166.021830 166.020233 166.019701 166.020233 166.021830 166.024759 166.029018 166.035408 
166.035408 166.028752 166.024226 166.021032 166.019701 166.019168 166.019701 166.021032 166.024226 166.028752 166.035408 
166.035408 166.028220 166.023694 166.020499 166.018902 166.018369 166.018902 166.020499 166.023694 166.028220 166.035408 
166.035674 166.027953 166.023428 166.019967 166.018369 166.017837 166.018369 166.019967 166.023428 166.027953 166.035674 
166.035940 166.027687 166.022895 166.019168 166.017571 166.017038 166.017571 166.019168 166.022895 166.027687 166.035940 
166.036206 166.027687 166.022363 166.018636 166.017038 166.016506 166.017038 166.018636 166.022363 166.027687 166.036206 
166.036473 166.027687 166.021830 166.018103 166.016240 166.015707 166.016240 166.018103 166.021830 166.027687 166.036473 
166.036739 166.027687 166.021564 166.017571 166.015707 166.015175 166.015707 166.017571 166.021564 166.027687 166.036739 
166.037005 166.027687 166.021032 166.016772 166.014909 166.014376 166.014909 166.016772 166.021032 166.027687 166.037005 
166.037804 166.027687 166.020499 166.016240 166.014376 166.013844 166.014376 166.016240 166.020499 166.027687 166.037804 
166.038336 166.027953 166.020233 166.015707 166.013577 166.013045 166.013577 166.015707 166.020233 166.027953 166.038336 
166.038869 166.028220 166.019967 166.015175 166.013045 166.012513 166.013045 166.015175 166.019967 166.028220 166.038869 
166.039934 166.028486 166.019701 166.014909 166.012246 166.011714 166.012246 166.014909 166.019701 166.028486 166.039934 
166.041265 166.029018 166.019701 166.014376 166.011714 166.011181 166.011714 166.014376 166.019701 166.029018 166.041265 
0.000000 166.029551 166.019701 166.013844 166.011181 166.010383 166.011181 166.013844 166.019701 166.029551 0.000000 
0.000000 166.030083 166.019967 166.013311 166.010383 166.009850 166.010383 166.013311 166.019967 166.030083 0.000000 
0.000000 166.031148 166.020233 166.013045 166.009850 166.009052 166.009850 166.013045 166.020233 166.031148 0.000000 
0.000000 166.032479 166.020499 166.012513 166.009052 166.008519 166.009052 166.012513 166.020499 166.032479 0.000000 
0.000000 166.033810 166.020765 166.011980 166.008519 166.007720 166.008519 166.011980 166.020765 166.033810 0.000000 
0.000000 166.035674 166.021298 166.011980 166.007720 166.007188 166.007720 166.011980 166.021298 166.035674 0.000000 
0.000000 166.037804 166.022097 166.011980 166.007188 166.006389 166.007188 166.011980 166.022097 166.037804 0.000000 
0.000000 166.040732 166.023694 166.011980 166.006656 166.005857 166.006656 166.011980 166.023694 166.040732 0.000000 
0.000000 0.000000 166.025291 166.012246 166.005857 166.005058 166.005857 166.012246 166.025291 0.000000 0.000000 
0.000000 0.000000 166.027421 166.012779 166.005324 166.004526 166.005324 166.012779 166.027421 0.000000 0.000000 
0.000000 0.000000 166.030083 166.013311 166.005058 166.003727 166.005058 166.013311 166.030083 0.000000 0.000000 
0.000000 0.000000 166.033810 166.014909 166.004526 166.003195 166.004526 166.014909 166.033810 0.000000 0.000000 
0.000000 0.000000 0.000000 166.016772 166.003993 166.002396 166.003993 166.016772 0.000000 0.000000 0.000000 
0.000000 0.000000 0.000000 166.019967 166.003993 166.001864 166.003993 166.019967 0.000000 0.000000 0.000000 
0.000000 0.000000 0.000000 166.027687 166.004526 166.001065 166.004526 166.027687 0.000000 0.000000 0.000000 
0.000000 0.000000 0.000000 166.039934 166.006123 166.000532 166.006123 166.039934 0.000000 0.000000 0.000000 
0.000000 0.000000 0.000000 0.000000 166.014642 166.000000 166.014642 0.000000 0.000000 0.000000 0.000000 
