test/output/constant/M360_S060_A180_WD045.0_WS010.0/M360_S060_A180_WD045.0_WS010.0_ros.asc
ncols         27
nrows         9
xllcorner     426503.990666
yllcorner     12748055.311160
cellsize      100.000000
NODATA_value  0.000000
0.000000 1.343150 11.328212 8.496835 25.117371 28.661455 8.496835 11.328212 21.503971 8.496835 8.496835 21.503971 17.930365 35.118271 0.000000 0.000000 0.000000 0.000000 0.000000 0.000000 0.000000 0.000000 0.000000 0.000000 0.000000 0.000000 0.000000 
1.760158 -1.000000 43.599140 43.599140 43.599140 21.503971 21.503971 17.930365 43.599140 40.098587 21.503971 21.503971 40.098587 35.118271 14.504193 37.835545 21.503971 41.838871 37.835545 0.000000 0.000000 0.000000 0.000000 0.000000 0.000000 0.000000 0.000000 
1.238042 1.885210 42.763348 43.599140 43.599140 43.599140 43.599140 43.599140 43.599140 43.599140 21.503971 43.599140 43.599140 21.503971 21.503971 17.930365 17.930365 17.930365 43.599140 43.599140 37.835545 0.000000 0.000000 0.000000 0.000000 0.000000 0.000000 
0.000000 1.885210 24.226070 31.204933 39.570011 43.599140 43.599140 43.599140 42.763348 43.599140 43.599140 43.599140 43.599140 43.003712 43.599140 43.599140 43.599140 8.496835 43.599140 43.599140 43.599140 17.930365 17.930365 32.029060 0.000000 0.000000 0.000000 
0.000000 0.000000 0.000000 1.395124 27.789251 31.204933 39.570011 42.763348 43.599140 43.599140 43.599140 43.599140 43.599140 43.599140 43.599140 43.599140 43.599140 43.599140 17.930365 21.503971 43.599140 43.599140 11.328212 43.599140 17.930365 0.000000 0.000000 
0.000000 0.000000 0.000000 0.000000 0.000000 31.204933 31.204933 31.204933 41.448105 41.448105 43.599140 39.570011 43.599140 43.599140 43.599140 43.599140 43.599140 43.599140 43.599140 43.599140 43.599140 43.599140 21.503971 11.328212 11.328212 43.599140 32.029060 
0.000000 0.000000 0.000000 0.000000 0.000000 0.000000 0.000000 31.204933 31.204933 31.204933 42.763348 43.599140 43.599140 39.570011 41.448105 43.599140 39.570011 43.599140 43.599140 43.557888 43.599140 43.599140 43.599140 43.599140 43.557888 8.496835 43.599140 
0.000000 0.000000 0.000000 0.000000 0.000000 0.000000 0.000000 0.000000 0.000000 0.000000 31.204933 31.204933 31.204933 39.570011 42.763348 1.238042 37.186245 43.599140 43.475658 43.475658 43.599140 43.599140 43.599140 43.599140 43.599140 43.599140 43.599140 
0.000000 0.000000 0.000000 0.000000 0.000000 0.000000 0.000000 0.000000 0.000000 0.000000 0.000000 0.000000 0.000000 0.000000 31.204933 43.599140 31.204933 41.448105 42.763348 43.599140 43.599140 43.599140 43.599140 43.599140 43.599140 43.599140 43.599140 
