test/output/constant/M485_S060_A090_WD045.0_WS015.0/M485_S060_A090_WD045.0_WS015.0_arrival.asc
ncols         12
nrows         35
xllcorner     425603.990666
yllcorner     12745355.311160
cellsize      100.000000
NODATA_value  0.000000
0.000000 0.000000 0.000000 0.000000 0.000000 0.000000 0.000000 0.000000 0.000000 166.012225 166.000000 0.000000 
0.000000 0.000000 0.000000 0.000000 0.000000 0.000000 0.000000 0.000000 166.031972 166.002351 166.000940 166.031032 
0.000000 0.000000 0.000000 0.000000 0.000000 0.000000 0.000000 0.000000 166.014575 166.002351 166.001881 166.030561 
0.000000 0.000000 0.000000 0.000000 0.000000 0.000000 0.000000 166.031502 166.007993 166.003291 166.003291 166.031502 
0.000000 0.000000 0.000000 0.000000 0.000000 0.000000 0.000000 166.020218 166.007053 166.004702 166.005642 166.032912 
0.000000 0.000000 0.000000 0.000000 0.000000 0.000000 166.035263 166.014575 166.007053 166.005642 166.008463 166.036203 
0.000000 0.000000 0.000000 0.000000 0.000000 0.000000 166.026800 166.012225 166.007053 166.007053 166.011284 166.039495 
0.000000 0.000000 0.000000 0.000000 0.000000 166.040905 166.021158 166.011284 166.007993 166.008463 166.014575 166.041667 
0.000000 0.000000 0.000000 0.000000 0.000000 166.033382 166.017867 166.011284 166.009403 166.009874 166.017867 0.000000 
0.000000 0.000000 0.000000 0.000000 0.000000 166.027270 166.016456 166.011284 166.010814 166.012225 166.020688 0.000000 
0.000000 0.000000 0.000000 0.000000 166.039965 166.023979 166.015986 166.011754 166.011754 166.014575 166.023979 0.000000 
0.000000 0.000000 0.000000 0.000000 166.033853 166.022098 166.015516 166.013165 166.013165 166.016926 166.027270 0.000000 
0.000000 0.000000 0.000000 0.000000 166.030091 166.020688 166.015516 166.014105 166.014575 166.019747 166.030561 0.000000 
0.000000 0.000000 0.000000 166.040435 166.027740 166.020218 166.015986 166.015516 166.016456 166.022568 166.033853 0.000000 
0.000000 0.000000 0.000000 166.036674 166.026330 166.019747 166.016926 166.016926 166.018807 166.025389 166.037144 0.000000 
0.000000 0.000000 0.000000 166.033853 166.024919 166.020218 166.017867 166.017867 166.020688 166.027740 166.039965 0.000000 
0.000000 0.000000 0.000000 166.031972 166.024449 166.020218 166.019277 166.019747 166.023039 166.031032 0.000000 0.000000 
0.000000 0.000000 166.039965 166.030561 166.024449 166.021158 166.020688 166.021158 166.025389 166.033853 0.000000 0.000000 
0.000000 0.000000 166.037614 166.029621 166.024449 166.021628 166.021628 166.023039 166.028210 166.037144 0.000000 0.000000 
0.000000 0.000000 166.036203 166.029151 166.024449 166.023039 166.023039 166.025389 166.031032 166.039965 0.000000 0.000000 
0.000000 0.000000 166.034793 166.028681 166.024919 166.023979 166.024449 166.027270 166.033382 0.000000 0.000000 0.000000 
0.000000 166.041375 166.033853 166.028681 166.025860 166.025389 166.025860 166.029621 166.036203 0.000000 0.000000 0.000000 
0.000000 166.040435 166.033382 166.029151 166.026800 166.026800 166.027740 166.031972 166.039025 0.000000 0.000000 0.000000 
0.000000 166.039495 166.032912 166.029151 166.027740 166.027740 166.029621 166.034323 166.041667 0.000000 0.000000 0.000000 
0.000000 166.038554 166.032912 166.029621 166.029151 166.029151 166.031502 166.036674 0.000000 0.000000 0.000000 0.000000 
0.000000 166.037614 166.033382 166.030561 166.030091 166.030561 166.033853 166.039495 0.000000 0.000000 0.000000 0.000000 
0.000000 166.037614 166.033382 166.031502 166.031502 166.032442 166.035733 0.000000 0.000000 0.000000 0.000000 0.000000 
0.000000 166.037614 166.033853 166.032912 166.032912 166.034323 166.038084 0.000000 0.000000 0.000000 0.000000 0.000000 
0.000000 166.037614 166.034793 166.033853 166.034323 166.036203 166.040435 0.000000 0.000000 0.000000 0.000000 0.000000 
166.041667 166.038084 166.035263 166.035263 166.035733 166.038084 0.000000 0.000000 0.000000 0.000000 0.000000 0.000000 
0.000000 166.038084 166.036203 166.036203 166.037144 166.040435 0.000000 0.000000 0.000000 0.000000 0.000000 0.000000 
0.000000 166.038554 166.037614 166.037614 166.039025 0.000000 0.000000 0.000000 0.000000 0.000000 0.000000 0.000000 
0.000000 166.039495 166.039025 166.039025 166.040905 0.000000 0.000000 0.000000 0.000000 0.000000 0.000000 0.000000 
0.000000 166.040435 166.039965 166.040435 0.000000 0.000000 0.000000 0.000000 0.000000 0.000000 0.000000 0.000000 
0.000000 166.041375 166.041375 0.000000 0.000000 0.000000 0.000000 0.000000 0.000000 0.000000 0.000000 0.000000 
