test/output/constant/M3M4100_S000_A180_WD000.0_WS035.0/M3M4100_S000_A180_WD000.0_WS035.0_raz.asc
ncols         11
nrows         50
xllcorner     426103.990666
yllcorner     12743955.311160
cellsize      100.000000
NODATA_value  0.000000
0 0 0 0 291 360 68 0 0 0 0 
0 0 0 360 360 65535 68 68 0 0 0 
0 0 0 291 188 180 171 68 0 0 0 
0 0 0 270 188 180 171 90 0 0 0 
0 0 291 291 184 180 174 68 68 0 0 
0 0 190 270 187 180 172 169 169 0 0 
0 0 258 247 185 180 174 172 101 0 0 
0 360 188 188 182 180 177 171 171 68 0 
0 247 247 231 180 180 179 172 172 171 0 
0 231 231 182 180 180 177 176 171 128 0 
0 270 188 184 185 180 174 175 172 171 0 
0 231 188 183 180 180 179 176 172 171 0 
0 231 188 184 182 180 177 175 172 167 0 
192 258 231 182 180 180 178 171 175 169 167 
188 188 187 184 180 180 176 175 177 169 171 
188 231 182 180 192 180 167 169 171 171 171 
187 188 183 188 180 180 179 171 169 171 171 
188 188 181 187 185 180 174 172 174 175 171 
188 188 187 185 180 180 179 174 172 169 171 
188 188 183 180 185 180 174 176 169 169 171 
188 188 187 180 180 180 177 176 172 171 174 
247 182 180 183 180 180 178 176 169 171 171 
188 187 184 180 185 180 174 179 175 172 171 
188 184 182 180 180 180 177 177 171 175 171 
188 184 184 183 184 180 175 176 175 175 172 
185 184 180 180 180 180 178 179 177 175 171 
187 187 180 180 181 180 172 176 178 172 167 
183 180 180 183 180 180 174 176 171 176 169 
184 185 187 180 180 179 176 177 172 174 172 
183 183 180 180 180 180 176 178 171 167 169 
182 185 180 182 180 176 177 177 179 174 174 
188 180 185 180 180 180 179 177 174 169 171 
182 185 184 180 180 176 179 176 175 174 169 
184 182 180 180 180 180 177 179 177 167 175 
187 187 180 180 180 179 179 179 177 172 172 
183 185 180 182 180 180 178 177 179 174 176 
187 183 185 180 180 179 179 179 174 176 172 
180 180 180 183 180 180 178 176 179 176 177 
0 180 181 180 180 179 179 176 178 177 0 
0 180 180 181 180 180 178 178 176 169 0 
0 180 180 187 180 176 179 172 178 179 0 
0 180 180 180 180 180 176 179 175 176 0 
0 181 180 180 180 176 179 171 177 178 0 
0 0 180 180 180 180 176 179 177 0 0 
0 0 181 180 180 176 179 179 178 0 0 
0 0 185 180 180 180 176 177 174 0 0 
0 0 0 180 180 176 179 177 0 0 0 
0 0 0 184 180 180 176 175 0 0 0 
0 0 0 0 180 176 179 0 0 0 0 
0 0 0 0 0 180 0 0 0 0 0 
