test/output/constant/M360_S060_A000_WD090.0_WS025.0/M360_S060_A000_WD090.0_WS025.0_arrival.asc
ncols         45
nrows         7
xllcorner     422203.990666
yllcorner     12748455.311160
cellsize      100.000000
NODATA_value  0.000000
0.000000 0.000000 0.000000 0.000000 0.000000 0.000000 0.000000 0.000000 0.000000 0.000000 166.041667 166.041056 166.040296 166.039916 166.039155 166.038395 166.037635 166.037255 166.036494 166.036114 166.035354 166.034974 166.034974 166.034974 166.035354 166.035354 166.035734 166.036114 166.036874 166.037635 166.038775 166.039916 166.041667 0.000000 0.000000 0.000000 0.000000 0.000000 0.000000 0.000000 0.000000 0.000000 0.000000 0.000000 0.000000 
0.000000 0.000000 0.000000 0.000000 166.041056 166.040296 166.039536 166.038395 166.037635 166.036874 166.035734 166.034974 166.034213 166.033453 166.032313 166.031552 166.030792 166.029652 166.028891 166.028131 166.027371 166.026610 166.026230 166.025470 166.024710 166.023949 166.023569 166.022809 166.022049 166.021669 166.021288 166.020908 166.021288 166.021669 166.022049 166.022809 166.023949 166.025470 166.028131 166.031552 166.037255 0.000000 0.000000 0.000000 0.000000 
0.000000 166.041436 166.040676 166.039536 166.038775 166.037635 166.036874 166.035734 166.034974 166.033833 166.033073 166.031933 166.031172 166.030032 166.029272 166.028131 166.027371 166.026230 166.025470 166.024330 166.023569 166.022429 166.021669 166.020908 166.019768 166.019007 166.017867 166.017107 166.016346 166.015206 166.014446 166.013305 166.012545 166.011785 166.010644 166.009884 166.009124 166.008363 166.007983 166.007223 166.007223 166.007603 166.009504 166.014066 166.040296 
166.041436 166.040676 166.039536 166.038775 166.037635 166.036874 166.035734 166.034974 166.033833 166.033073 166.031933 166.031172 166.030032 166.029272 166.028131 166.027371 166.026230 166.025470 166.024330 166.023569 166.022429 166.021669 166.020528 166.019768 166.018627 166.017867 166.016727 166.015966 166.014826 166.014066 166.012925 166.012165 166.011024 166.010264 166.009124 166.008363 166.007223 166.006463 166.005322 166.004562 166.003421 166.002661 166.001521 166.000760 166.000000 
0.000000 166.041436 166.040676 166.039536 166.038775 166.037635 166.036874 166.035734 166.034974 166.033833 166.033073 166.031933 166.031172 166.030032 166.029272 166.028131 166.027371 166.026230 166.025470 166.024330 166.023569 166.022429 166.021669 166.020908 166.019768 166.019007 166.017867 166.017107 166.016346 166.015206 166.014446 166.013305 166.012545 166.011785 166.010644 166.009884 166.009124 166.008363 166.007983 166.007223 166.007223 166.007603 166.009504 166.014066 166.040296 
0.000000 0.000000 0.000000 0.000000 166.041056 166.040296 166.039536 166.038395 166.037635 166.036874 166.035734 166.034974 166.034213 166.033453 166.032313 166.031552 166.030792 166.029652 166.028891 166.028131 166.027371 166.026610 166.026230 166.025470 166.024710 166.023949 166.023569 166.022809 166.022049 166.021669 166.021288 166.020908 166.021288 166.021669 166.022049 166.022809 166.023949 166.025470 166.028131 166.031552 166.037255 0.000000 0.000000 0.000000 0.000000 
0.000000 0.000000 0.000000 0.000000 0.000000 0.000000 0.000000 0.000000 0.000000 0.000000 166.041667 166.041056 166.040296 166.039916 166.039155 166.038395 166.037635 166.037255 166.036494 166.036114 166.035354 166.034974 166.034974 166.034974 166.035354 166.035354 166.035734 166.036114 166.036874 166.037635 166.038775 166.039916 166.041667 0.000000 0.000000 0.000000 0.000000 0.000000 0.000000 0.000000 0.000000 0.000000 0.000000 0.000000 0.000000 
