test/output/constant/M370_S060_A180_WD090.0_WS010.0/M370_S060_A180_WD090.0_WS010.0_arrival.asc
ncols         29
nrows         9
xllcorner     426503.990666
yllcorner     12748355.311160
cellsize      100.000000
NODATA_value  0.000000
0.000000 0.000000 0.000000 0.000000 0.000000 0.000000 0.000000 0.000000 0.000000 166.041667 166.040321 166.039099 166.038488 166.038488 166.038488 166.038488 166.038488 166.038488 166.039710 166.040321 166.040932 0.000000 0.000000 0.000000 0.000000 0.000000 0.000000 0.000000 0.000000 
0.000000 0.000000 0.000000 0.000000 166.039099 166.034212 166.031157 166.029324 166.028102 166.027492 166.027492 166.027492 166.027492 166.028102 166.028713 166.029935 166.030546 166.031768 166.032990 166.034212 166.035434 166.036655 166.037877 166.038488 166.040321 166.041543 0.000000 0.000000 0.000000 
0.000000 166.040932 166.029324 166.021993 166.018328 166.017106 166.017106 166.016495 166.016495 166.017717 166.018328 166.019550 166.020771 166.021993 166.023215 166.023826 166.025659 166.026881 166.028102 166.029935 166.031157 166.032379 166.034212 166.035434 166.036655 166.038488 166.039710 166.041543 0.000000 
166.031157 166.010386 166.006109 166.006109 166.006109 166.007331 166.008553 166.009775 166.010997 166.012829 166.014051 166.015273 166.017106 166.018328 166.020160 166.021382 166.022604 166.024437 166.025659 166.027492 166.028713 166.030546 166.031768 166.033601 166.034823 166.036655 166.037877 166.039710 166.040932 
166.020771 166.000000 166.001222 166.002444 166.004276 166.005498 166.007331 166.008553 166.010386 166.011608 166.013440 166.014662 166.016495 166.017717 166.019550 166.020771 166.022604 166.023826 166.025659 166.026881 166.028713 166.029935 166.031768 166.032990 166.034823 166.036044 166.037877 166.039099 166.040932 
166.031157 166.010386 166.006109 166.006109 166.006109 166.007331 166.008553 166.009775 166.010997 166.012829 166.014051 166.015273 166.017106 166.018328 166.020160 166.021382 166.022604 166.024437 166.025659 166.027492 166.028713 166.030546 166.031768 166.033601 166.034823 166.036655 166.037877 166.039710 166.040932 
0.000000 166.040932 166.029324 166.021993 166.018328 166.017106 166.017106 166.016495 166.016495 166.017717 166.018328 166.019550 166.020771 166.021993 166.023215 166.023826 166.025659 166.026881 166.028102 166.029935 166.031157 166.032379 166.034212 166.035434 166.036655 166.038488 166.039710 166.041543 0.000000 
0.000000 0.000000 0.000000 0.000000 166.039099 166.034212 166.031157 166.029324 166.028102 166.027492 166.027492 166.027492 166.027492 166.028102 166.028713 166.029935 166.030546 166.031768 166.032990 166.034212 166.035434 166.036655 166.037877 166.038488 166.040321 166.041543 0.000000 0.000000 0.000000 
0.000000 0.000000 0.000000 0.000000 0.000000 0.000000 0.000000 0.000000 0.000000 166.041667 166.040321 166.039099 166.038488 166.038488 166.038488 166.038488 166.038488 166.038488 166.039710 166.040321 166.040932 0.000000 0.000000 0.000000 0.000000 0.000000 0.000000 0.000000 0.000000 
