test/output/constant/M3M485_S060_A090_WD180.0_WS015.0/M3M485_S060_A090_WD180.0_WS015.0_arrival.asc
ncols         9
nrows         28
xllcorner     426203.990666
yllcorner     12746155.311160
cellsize      100.000000
NODATA_value  0.000000
0.000000 0.000000 0.000000 166.021810 166.014112 166.021810 0.000000 0.000000 0.000000 
0.000000 0.000000 166.030149 166.008339 166.000000 166.008339 166.030149 0.000000 0.000000 
0.000000 0.000000 166.021810 166.005132 166.001283 166.005132 166.021810 0.000000 0.000000 
0.000000 166.035922 166.017320 166.005132 166.002566 166.005132 166.017320 166.035922 0.000000 
0.000000 166.030791 166.015395 166.005773 166.004490 166.005773 166.015395 166.030791 0.000000 
0.000000 166.027583 166.014754 166.007056 166.005773 166.007056 166.014754 166.027583 0.000000 
166.041054 166.025659 166.014754 166.008339 166.007698 166.008339 166.014754 166.025659 166.041054 
166.037847 166.025017 166.014754 166.009622 166.008981 166.009622 166.014754 166.025017 166.037847 
166.035922 166.024376 166.016037 166.011546 166.010905 166.011546 166.016037 166.024376 166.035922 
166.035281 166.024376 166.016678 166.012829 166.012188 166.012829 166.016678 166.024376 166.035281 
166.034639 166.024376 166.017961 166.014754 166.014112 166.014754 166.017961 166.024376 166.034639 
166.033998 166.025017 166.019244 166.016037 166.015395 166.016037 166.019244 166.025017 166.033998 
166.033998 166.025659 166.020527 166.017961 166.017320 166.017961 166.020527 166.025659 166.033998 
166.033998 166.026942 166.021810 166.019244 166.018603 166.019244 166.021810 166.026942 166.033998 
166.034639 166.027583 166.023093 166.020527 166.020527 166.020527 166.023093 166.027583 166.034639 
166.035281 166.028866 166.024376 166.022451 166.021810 166.022451 166.024376 166.028866 166.035281 
166.035922 166.030149 166.025659 166.023734 166.023734 166.023734 166.025659 166.030149 166.035922 
166.036564 166.031432 166.027583 166.025659 166.025017 166.025659 166.027583 166.031432 166.036564 
166.037847 166.032715 166.028866 166.026942 166.026942 166.026942 166.028866 166.032715 166.037847 
166.038488 166.033998 166.030149 166.028866 166.028225 166.028866 166.030149 166.033998 166.038488 
166.039771 166.035281 166.032073 166.030149 166.030149 166.030149 166.032073 166.035281 166.039771 
166.041054 166.036564 166.033356 166.032073 166.031432 166.032073 166.033356 166.036564 166.041054 
0.000000 166.037847 166.035281 166.033356 166.033356 166.033356 166.035281 166.037847 0.000000 
0.000000 166.039130 166.036564 166.035281 166.034639 166.035281 166.036564 166.039130 0.000000 
0.000000 166.040413 166.037847 166.036564 166.036564 166.036564 166.037847 166.040413 0.000000 
0.000000 0.000000 166.039771 166.038488 166.037847 166.038488 166.039771 0.000000 0.000000 
0.000000 0.000000 166.041054 166.039771 166.039771 166.039771 166.041054 0.000000 0.000000 
0.000000 0.000000 0.000000 166.041667 166.041054 166.041667 0.000000 0.000000 0.000000 
