test/output/constant/M3M470_S060_A180_WD045.0_WS050.0/M3M470_S060_A180_WD045.0_WS050.0_arrival.asc
ncols         8
nrows         30
xllcorner     426303.990666
yllcorner     12745855.311160
cellsize      100.000000
NODATA_value  0.000000
0.000000 0.000000 166.015963 166.000000 166.013545 0.000000 0.000000 0.000000 
0.000000 0.000000 166.010159 166.000967 166.006772 166.036280 0.000000 0.000000 
0.000000 166.035313 166.008707 166.002419 166.005805 166.027089 0.000000 0.000000 
0.000000 166.030959 166.008707 166.003870 166.005805 166.021768 0.000000 0.000000 
0.000000 166.027573 166.009191 166.005321 166.006289 166.018866 166.041602 0.000000 
0.000000 166.026122 166.009675 166.006772 166.007256 166.017415 166.036764 0.000000 
0.000000 166.025154 166.011126 166.008224 166.008707 166.016447 166.033378 0.000000 
0.000000 166.025154 166.012093 166.009675 166.009675 166.016447 166.030959 0.000000 
0.000000 166.025154 166.013545 166.011126 166.011126 166.016447 166.029024 0.000000 
0.000000 166.025638 166.014996 166.012093 166.012577 166.016447 166.028057 0.000000 
166.041602 166.026122 166.016447 166.013545 166.014028 166.017415 166.027573 0.000000 
166.041602 166.026606 166.017898 166.014996 166.015480 166.018382 166.027089 166.040634 
166.041602 166.027089 166.019350 166.016447 166.016931 166.019350 166.027089 166.040150 
166.041602 166.028057 166.020801 166.017898 166.017898 166.020317 166.027089 166.039183 
166.041602 166.029024 166.022252 166.019350 166.019350 166.021285 166.027573 166.038215 
0.000000 166.029992 166.023703 166.020801 166.020801 166.022736 166.028057 166.038215 
0.000000 166.030959 166.025154 166.022252 166.022252 166.023703 166.028541 166.037732 
0.000000 166.031927 166.026606 166.023703 166.023703 166.025154 166.029508 166.037732 
0.000000 166.032894 166.028057 166.025154 166.025154 166.026122 166.030476 166.037732 
0.000000 166.034345 166.029508 166.026606 166.026606 166.027573 166.031443 166.038215 
0.000000 166.035797 166.030959 166.028057 166.028057 166.028541 166.032411 166.038215 
0.000000 166.037248 166.032411 166.029508 166.029508 166.029992 166.033378 166.039183 
0.000000 166.038699 166.033862 166.030959 166.030959 166.031443 166.034345 166.039667 
0.000000 166.039667 166.035313 166.032411 166.032411 166.032894 166.035313 166.040634 
0.000000 166.041118 166.036764 166.033862 166.033862 166.033862 166.036764 166.041602 
0.000000 0.000000 166.038215 166.035313 166.034829 166.035313 166.037732 0.000000 
0.000000 0.000000 166.039667 166.036764 166.036280 166.036764 166.039183 0.000000 
0.000000 0.000000 166.041118 166.038215 166.037732 166.038215 166.040150 0.000000 
0.000000 0.000000 0.000000 166.039667 166.039183 166.039667 166.041602 0.000000 
0.000000 0.000000 0.000000 166.041118 166.040634 166.041118 0.000000 0.000000 
