test/output/constant/M3M485_S060_A180_WD135.0_WS045.0/M3M485_S060_A180_WD135.0_WS045.0_arrival.asc
ncols         12
nrows         33
xllcorner     426403.990666
yllcorner     12748655.311160
cellsize      100.000000
NODATA_value  0.000000
0.000000 0.000000 0.000000 0.000000 0.000000 0.000000 0.000000 166.041318 166.040874 166.040874 166.041318 0.000000 
0.000000 0.000000 0.000000 0.000000 0.000000 0.000000 166.041318 166.039541 166.039541 166.039541 166.040429 0.000000 
0.000000 0.000000 0.000000 0.000000 0.000000 0.000000 166.039541 166.038208 166.038208 166.038208 166.039541 0.000000 
0.000000 0.000000 0.000000 0.000000 0.000000 166.040429 166.038208 166.036875 166.036875 166.036875 166.039097 0.000000 
0.000000 0.000000 0.000000 0.000000 0.000000 166.038652 166.036431 166.035542 166.035542 166.035987 166.038208 0.000000 
0.000000 0.000000 0.000000 0.000000 166.040874 166.036875 166.034654 166.034209 166.034209 166.035098 166.037764 0.000000 
0.000000 0.000000 0.000000 0.000000 166.038652 166.035098 166.032877 166.032877 166.032877 166.034654 166.037764 166.041667 
0.000000 0.000000 0.000000 0.000000 166.036875 166.033321 166.031544 166.031544 166.031544 166.033765 166.037319 0.000000 
0.000000 0.000000 0.000000 166.039985 166.034654 166.031544 166.030211 166.030211 166.030655 166.033321 166.036875 0.000000 
0.000000 0.000000 0.000000 166.037764 166.032877 166.029767 166.028878 166.028878 166.029767 166.032877 166.036875 0.000000 
0.000000 0.000000 0.000000 166.035542 166.030655 166.027990 166.027545 166.027545 166.028878 166.032432 166.036875 0.000000 
0.000000 0.000000 166.039985 166.033321 166.028878 166.026212 166.026212 166.026212 166.028434 166.031988 166.037319 0.000000 
0.000000 0.000000 166.037764 166.031544 166.026657 166.024880 166.024880 166.025324 166.027545 166.031988 166.037764 0.000000 
0.000000 0.000000 166.035542 166.029322 166.024880 166.023547 166.023547 166.023991 166.027545 166.031988 166.039097 0.000000 
0.000000 0.000000 166.033321 166.027101 166.023102 166.022214 166.022214 166.023547 166.027101 166.032432 166.039985 0.000000 
0.000000 0.000000 166.031099 166.024880 166.021325 166.020881 166.020881 166.023102 166.027101 166.033321 166.041318 0.000000 
0.000000 166.040874 166.028878 166.023102 166.019993 166.019548 166.019548 166.022658 166.027101 166.034209 0.000000 0.000000 
0.000000 166.038208 166.026657 166.020881 166.018215 166.018215 166.018660 166.022214 166.027545 166.035542 0.000000 0.000000 
0.000000 166.035987 166.024435 166.019104 166.016883 166.016883 166.018215 166.022214 166.028434 166.037764 0.000000 0.000000 
0.000000 166.033765 166.022214 166.016883 166.015550 166.015550 166.017771 166.022214 166.029767 166.040874 0.000000 0.000000 
0.000000 166.031544 166.019993 166.015105 166.014217 166.014217 166.017327 166.023102 166.031544 0.000000 0.000000 0.000000 
0.000000 166.029322 166.017771 166.013328 166.012884 166.013328 166.017327 166.023991 166.034654 0.000000 0.000000 0.000000 
0.000000 166.027101 166.015550 166.011551 166.011551 166.012884 166.017327 166.025768 166.038208 0.000000 0.000000 0.000000 
0.000000 166.024880 166.013328 166.010218 166.010218 166.012440 166.018660 166.028878 0.000000 0.000000 0.000000 0.000000 
166.041667 166.022658 166.011107 166.008886 166.008886 166.012440 166.019993 166.032432 0.000000 0.000000 0.000000 0.000000 
166.040874 166.020881 166.009330 166.007553 166.007997 166.012884 166.023102 166.037319 0.000000 0.000000 0.000000 0.000000 
166.040429 166.018660 166.007108 166.006220 166.007553 166.014217 166.027101 0.000000 0.000000 0.000000 0.000000 0.000000 
166.039985 166.016883 166.005331 166.004887 166.007553 166.016883 166.032877 0.000000 0.000000 0.000000 0.000000 0.000000 
166.039985 166.015105 166.003554 166.003554 166.008441 166.021770 166.040429 0.000000 0.000000 0.000000 0.000000 0.000000 
166.041318 166.014661 166.002221 166.002666 166.011107 166.029322 0.000000 0.000000 0.000000 0.000000 0.000000 0.000000 
0.000000 166.014217 166.000889 166.002666 166.018215 166.039985 0.000000 0.000000 0.000000 0.000000 0.000000 0.000000 
0.000000 166.015550 166.000000 166.006664 166.029767 0.000000 0.000000 0.000000 0.000000 0.000000 0.000000 0.000000 
0.000000 166.039985 166.030655 166.037319 0.000000 0.000000 0.000000 0.000000 0.000000 0.000000 0.000000 0.000000 
