test/output/constant/M385_S060_A180_WD045.0_WS040.0/M385_S060_A180_WD045.0_WS040.0_intensity.asc
ncols         15
nrows         32
xllcorner     426503.990666
yllcorner     12745755.311160
cellsize      100.000000
NODATA_value  0.000000
1395 2641 2641 0 0 0 0 0 0 0 0 0 0 0 0 
1395 0 31573 3735 3735 0 0 0 0 0 0 0 0 0 0 
4793 47460 47460 35166 2641 0 0 0 0 0 0 0 0 0 0 
12084 47460 47460 35166 2439 31573 0 0 0 0 0 0 0 0 0 
9165 40554 47460 43764 41356 38461 3735 0 0 0 0 0 0 0 0 
22787 37531 47460 47460 35166 35166 38461 0 0 0 0 0 0 0 0 
22787 26651 47460 47460 47460 35166 35166 5316 0 0 0 0 0 0 0 
9165 18996 12084 47460 47460 35166 41356 2641 35166 0 0 0 0 0 0 
22787 37531 6715 47460 47460 47460 38461 38461 2641 0 0 0 0 0 0 
12084 22787 37531 47460 47460 46844 47460 35166 38461 35166 0 0 0 0 0 
0 22787 40554 47460 47460 47460 47460 38461 38461 35166 0 0 0 0 0 
0 9165 30473 47460 47460 47460 47460 47460 41356 1762 35166 0 0 0 0 
0 22787 40554 43114 47460 47460 43764 46844 1762 2641 38461 0 0 0 0 
0 12084 30473 4793 47460 47460 47460 47460 47460 38461 38461 0 0 0 0 
0 0 37531 37531 45133 47460 47460 47460 45612 2262 41356 35166 0 0 0 
0 0 18996 43114 9165 47460 47323 47460 43764 38461 47423 41356 0 0 0 
0 0 18996 37531 43114 15393 47460 47460 45612 47460 45612 41356 0 0 0 
0 0 0 6715 46550 26651 47460 47460 47460 47460 47460 47460 41356 0 0 
0 0 0 43114 47323 43114 40554 47460 46844 47460 47460 2262 35166 0 0 
0 0 0 43114 37531 43114 47460 47460 47460 47460 47423 47460 47460 0 0 
0 0 0 0 43114 37531 12084 47460 47460 47460 47460 47423 47460 38461 0 
0 0 0 0 40554 43114 47460 40554 47460 47460 47423 38461 47460 47460 0 
0 0 0 0 0 40554 47460 40554 47460 47460 43764 43764 38461 47423 0 
0 0 0 0 0 47323 47460 45133 47460 47460 47460 47460 47423 45612 0 
0 0 0 0 0 0 47460 47460 47460 47460 47460 47460 45612 47460 0 
0 0 0 0 0 0 40554 46550 47460 47460 47460 46844 47460 47460 38461 
0 0 0 0 0 0 0 40554 37531 47460 47460 47460 46844 47460 47460 
0 0 0 0 0 0 0 0 30473 43114 47460 47460 47460 47460 47460 
0 0 0 0 0 0 0 0 43114 47460 47460 47460 47460 47460 38461 
0 0 0 0 0 0 0 0 0 45133 47460 47460 47460 47460 46844 
0 0 0 0 0 0 0 0 0 0 45133 47460 47460 47460 0 
0 0 0 0 0 0 0 0 0 0 0 0 47460 47460 0 
