test/output/constant/M385_S060_A180_WD045.0_WS040.0/M385_S060_A180_WD045.0_WS040.0_ros.asc
ncols         15
nrows         32
xllcorner     426503.990666
yllcorner     12745755.311160
cellsize      100.000000
NODATA_value  0.000000
1.560870 2.953609 2.953609 0.000000 0.000000 0.000000 0.000000 0.000000 0.000000 0.000000 0.000000 0.000000 0.000000 0.000000 0.000000 
1.560870 -1.000000 35.310207 4.177400 4.177400 0.000000 0.000000 0.000000 0.000000 0.000000 0.000000 0.000000 0.000000 0.000000 0.000000 
5.360840 53.077087 53.077087 39.328926 2.953609 0.000000 0.000000 0.000000 0.000000 0.000000 0.000000 0.000000 0.000000 0.000000 0.000000 
13.514544 53.077087 53.077087 39.328926 2.728490 35.310207 0.000000 0.000000 0.000000 0.000000 0.000000 0.000000 0.000000 0.000000 0.000000 
10.249849 45.354515 53.077087 48.944206 46.250923 43.013077 4.177400 0.000000 0.000000 0.000000 0.000000 0.000000 0.000000 0.000000 0.000000 
25.484262 41.973591 53.077087 53.077087 39.328926 39.328926 43.013077 0.000000 0.000000 0.000000 0.000000 0.000000 0.000000 0.000000 0.000000 
25.484262 29.805882 53.077087 53.077087 53.077087 39.328926 39.328926 5.945276 0.000000 0.000000 0.000000 0.000000 0.000000 0.000000 0.000000 
10.249849 21.245102 13.514544 53.077087 53.077087 39.328926 46.250923 2.953609 39.328926 0.000000 0.000000 0.000000 0.000000 0.000000 0.000000 
25.484262 41.973591 7.510775 53.077087 53.077087 53.077087 43.013077 43.013077 2.953609 0.000000 0.000000 0.000000 0.000000 0.000000 0.000000 
13.514544 25.484262 41.973591 53.077087 53.077087 52.388950 53.077087 39.328926 43.013077 39.328926 0.000000 0.000000 0.000000 0.000000 0.000000 
0.000000 25.484262 45.354515 53.077087 53.077087 53.077087 53.077087 43.013077 43.013077 39.328926 0.000000 0.000000 0.000000 0.000000 0.000000 
0.000000 10.249849 34.079830 53.077087 53.077087 53.077087 53.077087 53.077087 46.250923 1.971088 39.328926 0.000000 0.000000 0.000000 0.000000 
0.000000 25.484262 45.354515 48.217396 53.077087 53.077087 48.944206 52.388950 1.971088 2.953609 43.013077 0.000000 0.000000 0.000000 0.000000 
0.000000 13.514544 34.079830 5.360840 53.077087 53.077087 53.077087 53.077087 53.077087 43.013077 43.013077 0.000000 0.000000 0.000000 0.000000 
0.000000 0.000000 41.973591 41.973591 50.475471 53.077087 53.077087 53.077087 51.011143 2.530750 46.250923 39.328926 0.000000 0.000000 0.000000 
0.000000 0.000000 21.245102 48.217396 10.249849 53.077087 52.923893 53.077087 48.944206 43.013077 53.035740 46.250923 0.000000 0.000000 0.000000 
0.000000 0.000000 21.245102 41.973591 48.217396 17.215378 53.077087 53.077087 51.011143 53.077087 51.011143 46.250923 0.000000 0.000000 0.000000 
0.000000 0.000000 0.000000 7.510775 52.060310 29.805882 53.077087 53.077087 53.077087 53.077087 53.077087 53.077087 46.250923 0.000000 0.000000 
0.000000 0.000000 0.000000 48.217396 52.923893 48.217396 45.354515 53.077087 52.388950 53.077087 53.077087 2.530750 39.328926 0.000000 0.000000 
0.000000 0.000000 0.000000 48.217396 41.973591 48.217396 53.077087 53.077087 53.077087 53.077087 53.035740 53.077087 53.077087 0.000000 0.000000 
0.000000 0.000000 0.000000 0.000000 48.217396 41.973591 13.514544 53.077087 53.077087 53.077087 53.077087 53.035740 53.077087 43.013077 0.000000 
0.000000 0.000000 0.000000 0.000000 45.354515 48.217396 53.077087 45.354515 53.077087 53.077087 53.035740 43.013077 53.077087 53.077087 0.000000 
0.000000 0.000000 0.000000 0.000000 0.000000 45.354515 53.077087 45.354515 53.077087 53.077087 48.944206 48.944206 43.013077 53.035740 0.000000 
0.000000 0.000000 0.000000 0.000000 0.000000 52.923893 53.077087 50.475471 53.077087 53.077087 53.077087 53.077087 53.035740 51.011143 0.000000 
0.000000 0.000000 0.000000 0.000000 0.000000 0.000000 53.077087 53.077087 53.077087 53.077087 53.077087 53.077087 51.011143 53.077087 0.000000 
0.000000 0.000000 0.000000 0.000000 0.000000 0.000000 45.354515 52.060310 53.077087 53.077087 53.077087 52.388950 53.077087 53.077087 43.013077 
0.000000 0.000000 0.000000 0.000000 0.000000 0.000000 0.000000 45.354515 41.973591 53.077087 53.077087 53.077087 52.388950 53.077087 53.077087 
0.000000 0.000000 0.000000 0.000000 0.000000 0.000000 0.000000 0.000000 34.079830 48.217396 53.077087 53.077087 53.077087 53.077087 53.077087 
0.000000 0.000000 0.000000 0.000000 0.000000 0.000000 0.000000 0.000000 48.217396 53.077087 53.077087 53.077087 53.077087 53.077087 43.013077 
0.000000 0.000000 0.000000 0.000000 0.000000 0.000000 0.000000 0.000000 0.000000 50.475471 53.077087 53.077087 53.077087 53.077087 52.388950 
0.000000 0.000000 0.000000 0.000000 0.000000 0.000000 0.000000 0.000000 0.000000 0.000000 50.475471 53.077087 53.077087 53.077087 0.000000 
0.000000 0.000000 0.000000 0.000000 0.000000 0.000000 0.000000 0.000000 0.000000 0.000000 0.000000 0.000000 53.077087 53.077087 0.000000 
