test/output/constant/M3M4100_S000_A090_WD135.0_WS020.0/M3M4100_S000_A090_WD135.0_WS020.0_raz.asc
ncols         22
nrows         22
xllcorner     424703.990666
yllcorner     12748555.311160
cellsize      100.000000
NODATA_value  0.000000
0 0 315 315 16 0 0 0 0 0 0 0 0 0 0 0 0 0 0 0 0 0 
0 315 315 329 315 320 315 352 0 0 0 0 0 0 0 0 0 0 0 0 0 0 
315 315 315 315 315 318 318 315 329 7 0 0 0 0 0 0 0 0 0 0 0 0 
315 316 316 315 315 315 315 16 329 352 359 0 0 0 0 0 0 0 0 0 0 0 
315 315 315 311 315 315 315 329 352 359 329 352 27 0 0 0 0 0 0 0 0 0 
0 309 315 315 315 315 315 326 7 315 347 27 27 359 0 0 0 0 0 0 0 0 
0 315 311 315 315 315 315 315 315 315 315 352 326 352 359 0 0 0 0 0 0 0 
0 277 315 270 315 315 315 315 315 318 318 324 326 359 7 16 0 0 0 0 0 0 
0 0 300 300 277 315 315 315 316 315 315 16 352 16 331 7 7 0 0 0 0 0 
0 0 277 277 270 315 315 315 315 315 315 320 316 347 16 7 27 36 0 0 0 0 
0 0 0 270 300 282 315 311 315 315 315 315 359 315 326 331 7 7 57 0 0 0 
0 0 0 0 277 270 277 305 270 315 320 318 315 318 347 7 359 7 359 0 0 0 
0 0 0 0 262 270 303 303 277 313 315 315 315 316 7 347 16 338 36 7 0 0 
0 0 0 0 0 270 277 270 270 282 315 311 315 315 320 322 326 359 16 27 45 0 
0 0 0 0 0 0 270 270 298 270 303 282 270 315 315 320 315 27 7 7 16 0 
0 0 0 0 0 0 0 270 270 277 298 277 282 307 315 316 316 329 16 7 16 0 
0 0 0 0 0 0 0 0 277 262 270 270 270 303 315 313 315 322 329 7 36 45 
0 0 0 0 0 0 0 0 0 262 270 262 291 270 262 300 315 316 338 57 7 16 
0 0 0 0 0 0 0 0 0 0 270 270 270 262 270 270 300 315 315 324 16 16 
0 0 0 0 0 0 0 0 0 0 0 0 270 270 262 270 262 270 309 65535 27 36 
0 0 0 0 0 0 0 0 0 0 0 0 0 270 270 262 270 270 253 242 93 93 
0 0 0 0 0 0 0 0 0 0 0 0 0 0 0 0 270 270 253 233 93 134 
