test/output/constant/M3M475_S060_A090_WD225.0_WS015.0/M3M475_S060_A090_WD225.0_WS015.0_ros.asc
ncols         13
nrows         28
xllcorner     426503.990666
yllcorner     12746155.311160
cellsize      100.000000
NODATA_value  0.000000
1.418303 1.552436 2.272677 0.000000 0.000000 0.000000 0.000000 0.000000 0.000000 0.000000 0.000000 0.000000 0.000000 
1.418303 -1.000000 2.140928 2.272677 0.000000 0.000000 0.000000 0.000000 0.000000 0.000000 0.000000 0.000000 0.000000 
9.616683 47.069542 46.097897 1.744832 1.744832 0.000000 0.000000 0.000000 0.000000 0.000000 0.000000 0.000000 0.000000 
4.885392 47.069542 47.069542 44.643112 2.272677 2.272677 0.000000 0.000000 0.000000 0.000000 0.000000 0.000000 0.000000 
6.992877 9.616683 47.069542 40.001213 33.544880 29.873507 0.000000 0.000000 0.000000 0.000000 0.000000 0.000000 0.000000 
9.616683 12.686752 47.069542 46.097897 47.069542 33.544880 2.272677 0.000000 0.000000 0.000000 0.000000 0.000000 0.000000 
12.686752 34.888382 43.451385 47.069542 47.069542 2.140928 33.544880 26.052555 0.000000 0.000000 0.000000 0.000000 0.000000 
12.686752 31.296555 47.069542 47.046150 47.069542 44.643112 33.544880 2.030194 0.000000 0.000000 0.000000 0.000000 0.000000 
16.115501 12.686752 41.059021 47.069542 47.069542 33.544880 1.744832 33.544880 29.873507 0.000000 0.000000 0.000000 0.000000 
43.451385 23.638449 41.059021 47.069542 47.069542 47.069542 47.069542 46.097897 33.544880 0.000000 0.000000 0.000000 0.000000 
0.000000 23.638449 6.992877 12.686752 47.069542 47.069542 47.069542 2.272677 1.744832 1.744832 0.000000 0.000000 0.000000 
0.000000 23.638449 9.616683 47.069542 47.069542 47.069542 36.955303 46.097897 29.873507 33.544880 0.000000 0.000000 0.000000 
0.000000 9.616683 12.686752 43.451385 47.069542 47.069542 47.069542 47.069542 47.069542 44.643112 33.544880 0.000000 0.000000 
0.000000 12.686752 34.888382 41.059021 47.069542 47.069542 47.069542 47.069542 47.069542 29.873507 46.097897 0.000000 0.000000 
0.000000 0.000000 9.616683 41.059021 47.069542 47.069542 47.069542 46.097897 47.069542 47.069542 33.544880 0.000000 0.000000 
0.000000 0.000000 34.888382 43.451385 43.451385 31.296555 47.069542 47.069542 44.643112 46.910080 29.873507 1.744832 0.000000 
0.000000 0.000000 9.616683 9.616683 43.451385 47.069542 47.069542 47.069542 47.069542 36.955303 46.097897 42.590057 0.000000 
0.000000 0.000000 0.000000 16.115501 41.059021 46.490841 47.069542 47.069542 47.069542 42.590057 42.590057 47.069542 0.000000 
0.000000 0.000000 0.000000 9.616683 38.175636 46.490841 47.069542 47.069542 44.643112 44.643112 47.069542 47.069542 0.000000 
0.000000 0.000000 0.000000 0.000000 31.296555 46.490841 47.069542 47.069542 47.069542 47.069542 47.069542 47.069542 47.069542 
0.000000 0.000000 0.000000 0.000000 47.046150 47.069542 47.069542 47.069542 47.069542 47.069542 47.069542 44.643112 46.910080 
0.000000 0.000000 0.000000 0.000000 0.000000 47.046150 47.069542 43.451385 47.069542 47.069542 46.910080 46.910080 46.097897 
0.000000 0.000000 0.000000 0.000000 0.000000 45.280411 41.059021 41.059021 47.069542 47.069542 44.643112 44.643112 47.069542 
0.000000 0.000000 0.000000 0.000000 0.000000 0.000000 16.115501 47.069542 47.069542 47.069542 47.069542 47.069542 33.544880 
0.000000 0.000000 0.000000 0.000000 0.000000 0.000000 0.000000 47.046150 47.069542 47.069542 47.069542 46.910080 47.069542 
0.000000 0.000000 0.000000 0.000000 0.000000 0.000000 0.000000 12.686752 38.175636 47.069542 47.069542 47.069542 47.069542 
0.000000 0.000000 0.000000 0.000000 0.000000 0.000000 0.000000 0.000000 47.046150 47.069542 47.069542 47.069542 44.643112 
0.000000 0.000000 0.000000 0.000000 0.000000 0.000000 0.000000 0.000000 0.000000 47.069542 47.069542 47.069542 47.069542 
