test/output/constant/M3M400_S060_A090_WD135.0_WS000.0/M3M400_S060_A090_WD135.0_WS000.0_arrival.asc
ncols         11
nrows         60
xllcorner     426103.990666
yllcorner     12742955.311160
cellsize      100.000000
NODATA_value  0.000000
0.000000 0.000000 0.000000 0.000000 0.000000 166.037104 0.000000 0.000000 0.000000 0.000000 0.000000 
0.000000 0.000000 0.000000 0.000000 166.012273 166.000000 166.012273 0.000000 0.000000 0.000000 0.000000 
0.000000 0.000000 0.000000 166.033109 166.005423 166.000571 166.005423 166.033109 0.000000 0.000000 0.000000 
0.000000 0.000000 0.000000 166.023404 166.003996 166.001142 166.003996 166.023404 0.000000 0.000000 0.000000 
0.000000 0.000000 0.000000 166.017696 166.003996 166.001998 166.003996 166.017696 0.000000 0.000000 0.000000 
0.000000 0.000000 166.035677 166.015127 166.003996 166.002569 166.003996 166.015127 166.035677 0.000000 0.000000 
0.000000 0.000000 166.029969 166.013129 166.004567 166.003425 166.004567 166.013129 166.029969 0.000000 0.000000 
0.000000 0.000000 166.026544 166.012273 166.005138 166.003996 166.005138 166.012273 166.026544 0.000000 0.000000 
0.000000 0.000000 166.024546 166.011702 166.005708 166.004852 166.005708 166.011702 166.024546 0.000000 0.000000 
0.000000 166.039102 166.022548 166.011702 166.006279 166.005423 166.006279 166.011702 166.022548 166.039102 0.000000 
0.000000 166.036248 166.021121 166.011417 166.006850 166.006279 166.006850 166.011417 166.021121 166.036248 0.000000 
0.000000 166.033965 166.020265 166.011702 166.007706 166.006850 166.007706 166.011702 166.020265 166.033965 0.000000 
0.000000 166.031967 166.019979 166.011702 166.008277 166.007706 166.008277 166.011702 166.019979 166.031967 0.000000 
0.000000 166.030540 166.019408 166.012273 166.008848 166.008277 166.008848 166.012273 166.019408 166.030540 0.000000 
0.000000 166.029398 166.019408 166.012844 166.009704 166.009133 166.009704 166.012844 166.019408 166.029398 0.000000 
166.041386 166.028542 166.019123 166.013129 166.010275 166.009704 166.010275 166.013129 166.019123 166.028542 166.041386 
166.039959 166.027971 166.019123 166.013700 166.011131 166.010560 166.011131 166.013700 166.019123 166.027971 166.039959 
166.038532 166.027400 166.019123 166.014271 166.011702 166.011131 166.011702 166.014271 166.019123 166.027400 166.038532 
166.037675 166.027115 166.019408 166.014842 166.012558 166.011988 166.012558 166.014842 166.019408 166.027115 166.037675 
166.036534 166.027115 166.019694 166.015413 166.013129 166.012558 166.013129 166.015413 166.019694 166.027115 166.036534 
166.036248 166.026829 166.019979 166.015983 166.013986 166.013415 166.013986 166.015983 166.019979 166.026829 166.036248 
166.035677 166.026829 166.020550 166.016554 166.014556 166.013986 166.014556 166.016554 166.020550 166.026829 166.035677 
166.035107 166.026829 166.020836 166.017125 166.015127 166.014842 166.015127 166.017125 166.020836 166.026829 166.035107 
166.034821 166.026829 166.021406 166.017696 166.015983 166.015413 166.015983 166.017696 166.021406 166.026829 166.034821 
166.034821 166.026829 166.021977 166.018267 166.016554 166.016269 166.016554 166.018267 166.021977 166.026829 166.034821 
166.034536 166.026829 166.022263 166.018838 166.017411 166.016840 166.017411 166.018838 166.022263 166.026829 166.034536 
166.034536 166.027400 166.022833 166.019694 166.017981 166.017696 166.017981 166.019694 166.022833 166.027400 166.034536 
166.034250 166.027686 166.023404 166.020265 166.018838 166.018267 166.018838 166.020265 166.023404 166.027686 166.034250 
166.034250 166.028256 166.023975 166.021121 166.019408 166.019123 166.019408 166.021121 166.023975 166.028256 166.034250 
166.034250 166.028542 166.024261 166.021692 166.020265 166.019694 166.020265 166.021692 166.024261 166.028542 166.034250 
166.034536 166.029113 166.024831 166.022263 166.020836 166.020550 166.020836 166.022263 166.024831 166.029113 166.034536 
166.034536 166.029684 166.025402 166.023119 166.021692 166.021121 166.021692 166.023119 166.025402 166.029684 166.034536 
166.034821 166.029969 166.025973 166.023690 166.022263 166.021977 166.022263 166.023690 166.025973 166.029969 166.034821 
166.035107 166.030540 166.026544 166.024261 166.023119 166.022548 166.023119 166.024261 166.026544 166.030540 166.035107 
166.035392 166.031111 166.027400 166.025117 166.023690 166.023404 166.023690 166.025117 166.027400 166.031111 166.035392 
166.035963 166.031681 166.027971 166.025688 166.024261 166.023975 166.024261 166.025688 166.027971 166.031681 166.035963 
166.036248 166.031967 166.028542 166.026259 166.025117 166.024831 166.025117 166.026259 166.028542 166.031967 166.036248 
166.036819 166.032538 166.029113 166.027115 166.025688 166.025402 166.025688 166.027115 166.029113 166.032538 166.036819 
166.037390 166.033109 166.029684 166.027686 166.026544 166.026259 166.026544 166.027686 166.029684 166.033109 166.037390 
166.037675 166.033394 166.030540 166.028542 166.027115 166.026829 166.027115 166.028542 166.030540 166.033394 166.037675 
166.038246 166.033965 166.031111 166.029113 166.027971 166.027686 166.027971 166.029113 166.031111 166.033965 166.038246 
166.038817 166.034536 166.031681 166.029684 166.028542 166.028256 166.028542 166.029684 166.031681 166.034536 166.038817 
166.039102 166.035107 166.032252 166.030540 166.029398 166.029113 166.029398 166.030540 166.032252 166.035107 166.039102 
166.039673 166.035677 166.033109 166.031111 166.029969 166.029684 166.029969 166.031111 166.033109 166.035677 166.039673 
166.040244 166.036248 166.033679 166.031967 166.030825 166.030540 166.030825 166.031967 166.033679 166.036248 166.040244 
166.040815 166.036819 166.034250 166.032538 166.031396 166.031111 166.031396 166.032538 166.034250 166.036819 166.040815 
166.041100 166.037390 166.035107 166.033109 166.032252 166.031967 166.032252 166.033109 166.035107 166.037390 166.041100 
166.041667 166.038246 166.035677 166.033965 166.032823 166.032538 166.032823 166.033965 166.035677 166.038246 166.041667 
0.000000 166.038817 166.036248 166.034536 166.033394 166.033394 166.033394 166.034536 166.036248 166.038817 0.000000 
0.000000 166.039388 166.037104 166.035392 166.034250 166.033965 166.034250 166.035392 166.037104 166.039388 0.000000 
0.000000 166.039959 166.037675 166.035963 166.034821 166.034821 166.034821 166.035963 166.037675 166.039959 0.000000 
0.000000 166.040529 166.038246 166.036534 166.035677 166.035392 166.035677 166.036534 166.038246 166.040529 0.000000 
0.000000 166.041386 166.039102 166.037390 166.036248 166.036248 166.036248 166.037390 166.039102 166.041386 0.000000 
0.000000 0.000000 166.039673 166.037961 166.037104 166.036819 166.037104 166.037961 166.039673 0.000000 0.000000 
0.000000 0.000000 166.040529 166.038817 166.037675 166.037675 166.037675 166.038817 166.040529 0.000000 0.000000 
0.000000 0.000000 166.041100 166.039388 166.038532 166.038246 166.038532 166.039388 166.041100 0.000000 0.000000 
0.000000 0.000000 166.041667 166.040244 166.039102 166.039102 166.039102 166.040244 166.041667 0.000000 0.000000 
0.000000 0.000000 0.000000 166.040815 166.039959 166.039673 166.039959 166.040815 0.000000 0.000000 0.000000 
0.000000 0.000000 0.000000 166.041667 166.040529 166.040529 166.040529 166.041667 0.000000 0.000000 0.000000 
0.000000 0.000000 0.000000 0.000000 166.041386 166.041100 166.041386 0.000000 0.000000 0.000000 0.000000 
