test/output/constant/M3M495_S060_A090_WD270.0_WS010.0/M3M495_S060_A090_WD270.0_WS010.0_ros.asc
ncols         16
nrows         52
xllcorner     426503.990666
yllcorner     12743655.311160
cellsize      100.000000
NODATA_value  0.000000
1.028447 0.000000 2.607813 1.900147 0.000000 0.000000 0.000000 0.000000 0.000000 0.000000 0.000000 0.000000 0.000000 0.000000 0.000000 0.000000 
13.032095 87.970284 87.787819 1.454603 0.000000 0.000000 0.000000 0.000000 0.000000 0.000000 0.000000 0.000000 0.000000 0.000000 0.000000 0.000000 
13.032095 87.970284 82.299858 59.854630 1.454603 0.000000 0.000000 0.000000 0.000000 0.000000 0.000000 0.000000 0.000000 0.000000 0.000000 0.000000 
39.074505 87.970284 87.970284 66.630501 52.628300 1.454603 0.000000 0.000000 0.000000 0.000000 0.000000 0.000000 0.000000 0.000000 0.000000 0.000000 
39.074505 82.987671 87.970284 87.970284 1.454603 1.454603 0.000000 0.000000 0.000000 0.000000 0.000000 0.000000 0.000000 0.000000 0.000000 0.000000 
39.074505 67.842957 87.970284 82.299858 59.854630 59.854630 52.628300 0.000000 0.000000 0.000000 0.000000 0.000000 0.000000 0.000000 0.000000 0.000000 
18.540083 73.819603 87.970284 87.970284 66.630501 59.854630 52.628300 0.000000 0.000000 0.000000 0.000000 0.000000 0.000000 0.000000 0.000000 0.000000 
39.074505 61.170856 87.970284 87.970284 87.970284 59.854630 59.854630 52.628300 0.000000 0.000000 0.000000 0.000000 0.000000 0.000000 0.000000 0.000000 
39.074505 31.761137 87.970284 87.970284 87.970284 66.630501 59.854630 1.454603 0.000000 0.000000 0.000000 0.000000 0.000000 0.000000 0.000000 0.000000 
18.540083 18.540083 82.987671 87.970284 87.970284 87.787819 59.854630 59.854630 0.000000 0.000000 0.000000 0.000000 0.000000 0.000000 0.000000 0.000000 
46.565083 73.819603 87.970284 87.970284 87.970284 78.026436 82.299858 59.854630 59.854630 0.000000 0.000000 0.000000 0.000000 0.000000 0.000000 0.000000 
24.846575 67.842957 87.970284 87.970284 87.970284 78.026436 87.970284 59.854630 59.854630 0.000000 0.000000 0.000000 0.000000 0.000000 0.000000 0.000000 
39.074505 39.074505 73.819603 87.970284 87.970284 82.299858 87.351494 59.854630 66.630501 7.904728 0.000000 0.000000 0.000000 0.000000 0.000000 0.000000 
39.074505 18.540083 87.970284 87.970284 87.970284 87.970284 87.970284 59.854630 59.854630 59.854630 0.000000 0.000000 0.000000 0.000000 0.000000 0.000000 
46.565083 46.565083 73.819603 87.970284 87.970284 87.970284 87.970284 87.970284 59.854630 59.854630 0.000000 0.000000 0.000000 0.000000 0.000000 0.000000 
46.565083 24.846575 82.987671 31.761137 87.970284 85.440071 87.970284 87.970284 85.440071 66.630501 59.854630 0.000000 0.000000 0.000000 0.000000 0.000000 
0.000000 54.005768 31.761137 87.970284 78.919426 87.970284 87.970284 87.351494 82.299858 66.630501 59.854630 0.000000 0.000000 0.000000 0.000000 0.000000 
0.000000 39.074505 67.842957 87.970284 87.970284 87.970284 87.970284 87.970284 87.970284 59.854630 59.854630 0.000000 0.000000 0.000000 0.000000 0.000000 
0.000000 18.540083 67.842957 87.970284 82.987671 87.970284 87.970284 66.630501 85.440071 87.970284 59.854630 59.854630 0.000000 0.000000 0.000000 0.000000 
0.000000 46.565083 31.761137 73.819603 87.970284 87.970284 87.970284 87.351494 82.299858 82.299858 66.630501 66.630501 0.000000 0.000000 0.000000 0.000000 
0.000000 24.846575 82.987671 13.032095 87.570763 87.970284 87.970284 87.970284 87.970284 85.440071 85.440071 59.854630 0.000000 0.000000 0.000000 0.000000 
0.000000 39.074505 78.919426 85.900902 87.970284 87.970284 87.970284 87.970284 78.026436 85.440071 87.970284 59.854630 0.000000 0.000000 0.000000 0.000000 
0.000000 39.074505 73.819603 85.900902 87.970284 78.919426 87.970284 87.970284 87.970284 87.970284 66.630501 59.854630 59.854630 0.000000 0.000000 0.000000 
0.000000 18.540083 67.842957 73.819603 87.970284 85.900902 87.970284 87.787819 87.970284 87.351494 66.630501 59.854630 59.854630 0.000000 0.000000 0.000000 
0.000000 0.000000 24.846575 85.900902 87.970284 87.970284 87.970284 87.970284 87.970284 87.970284 87.970284 85.440071 66.630501 0.000000 0.000000 0.000000 
0.000000 0.000000 24.846575 24.846575 87.970284 87.970284 61.170856 87.970284 82.299858 85.440071 87.351494 59.854630 66.630501 59.854630 0.000000 0.000000 
0.000000 0.000000 73.819603 78.919426 82.987671 87.970284 82.987671 87.970284 87.970284 87.970284 87.351494 59.854630 87.970284 59.854630 0.000000 0.000000 
0.000000 0.000000 73.819603 24.846575 87.970284 87.970284 87.970284 87.970284 87.970284 87.970284 87.970284 87.970284 85.440071 59.854630 0.000000 0.000000 
0.000000 0.000000 0.000000 31.761137 82.987671 87.570763 78.919426 87.970284 87.970284 87.970284 87.970284 82.299858 87.970284 87.970284 0.000000 0.000000 
0.000000 0.000000 0.000000 24.846575 24.846575 87.970284 87.970284 87.970284 87.970284 87.970284 87.970284 87.970284 87.787819 87.970284 0.000000 0.000000 
0.000000 0.000000 0.000000 24.846575 78.919426 31.761137 87.970284 87.970284 87.970284 87.970284 87.970284 87.351494 72.749817 85.440071 59.854630 0.000000 
0.000000 0.000000 0.000000 78.919426 24.846575 87.970284 87.970284 87.970284 87.970284 87.970284 87.970284 87.787819 87.970284 85.440071 59.854630 0.000000 
0.000000 0.000000 0.000000 0.000000 78.919426 87.970284 87.970284 82.987671 87.970284 87.970284 87.970284 87.351494 87.970284 82.299858 87.970284 0.000000 
0.000000 0.000000 0.000000 0.000000 18.540083 82.987671 87.970284 87.970284 87.970284 87.970284 87.970284 87.970284 85.440071 87.970284 87.970284 0.000000 
0.000000 0.000000 0.000000 0.000000 82.987671 87.970284 87.570763 87.970284 78.919426 87.970284 87.970284 87.970284 87.970284 87.970284 87.970284 0.000000 
0.000000 0.000000 0.000000 0.000000 0.000000 87.970284 87.970284 87.970284 87.970284 87.897789 87.970284 87.970284 87.970284 78.026436 78.026436 0.000000 
0.000000 0.000000 0.000000 0.000000 0.000000 46.565083 24.846575 87.970284 87.970284 87.970284 87.970284 82.299858 87.970284 87.970284 85.440071 87.970284 
0.000000 0.000000 0.000000 0.000000 0.000000 87.970284 24.846575 87.970284 85.900902 87.970284 87.970284 87.970284 87.970284 87.970284 82.299858 87.970284 
0.000000 0.000000 0.000000 0.000000 0.000000 0.000000 87.970284 87.897789 78.919426 87.970284 87.970284 87.970284 87.351494 85.440071 87.970284 85.440071 
0.000000 0.000000 0.000000 0.000000 0.000000 0.000000 87.970284 87.970284 87.970284 87.970284 87.970284 87.970284 87.897789 87.787819 87.970284 72.749817 
0.000000 0.000000 0.000000 0.000000 0.000000 0.000000 85.900902 31.761137 87.970284 87.970284 87.970284 87.970284 82.299858 82.299858 87.970284 87.970284 
0.000000 0.000000 0.000000 0.000000 0.000000 0.000000 0.000000 85.900902 67.842957 87.970284 87.970284 87.970284 87.970284 87.970284 87.970284 87.970284 
0.000000 0.000000 0.000000 0.000000 0.000000 0.000000 0.000000 87.970284 85.900902 85.900902 87.970284 87.970284 87.970284 87.970284 87.970284 85.440071 
0.000000 0.000000 0.000000 0.000000 0.000000 0.000000 0.000000 0.000000 87.970284 78.919426 87.970284 87.970284 87.787819 87.970284 87.970284 78.026436 
0.000000 0.000000 0.000000 0.000000 0.000000 0.000000 0.000000 0.000000 87.570763 87.970284 87.970284 87.970284 87.970284 87.787819 87.970284 87.970284 
0.000000 0.000000 0.000000 0.000000 0.000000 0.000000 0.000000 0.000000 0.000000 87.970284 31.761137 87.970284 87.970284 87.970284 87.970284 82.299858 
0.000000 0.000000 0.000000 0.000000 0.000000 0.000000 0.000000 0.000000 0.000000 87.970284 87.970284 87.970284 87.970284 87.970284 87.970284 87.970284 
0.000000 0.000000 0.000000 0.000000 0.000000 0.000000 0.000000 0.000000 0.000000 0.000000 87.970284 87.970284 87.970284 87.970284 87.970284 82.299858 
0.000000 0.000000 0.000000 0.000000 0.000000 0.000000 0.000000 0.000000 0.000000 0.000000 87.970284 87.970284 87.970284 87.970284 87.970284 87.970284 
0.000000 0.000000 0.000000 0.000000 0.000000 0.000000 0.000000 0.000000 0.000000 0.000000 0.000000 82.987671 87.970284 87.351494 87.970284 85.440071 
0.000000 0.000000 0.000000 0.000000 0.000000 0.000000 0.000000 0.000000 0.000000 0.000000 0.000000 87.970284 87.970284 87.970284 87.970284 87.970284 
0.000000 0.000000 0.000000 0.000000 0.000000 0.000000 0.000000 0.000000 0.000000 0.000000 0.000000 0.000000 87.970284 87.970284 87.970284 0.000000 
