test/output/constant/M355_S060_A090_WD225.0_WS010.0/M355_S060_A090_WD225.0_WS010.0_arrival.asc
ncols         9
nrows         25
xllcorner     426503.990666
yllcorner     12746455.311160
cellsize      100.000000
NODATA_value  0.000000
0.000000 166.030649 166.041667 0.000000 0.000000 0.000000 0.000000 0.000000 0.000000 
166.020897 166.000000 166.007662 166.040401 0.000000 0.000000 0.000000 0.000000 0.000000 
166.016718 166.001393 166.003483 166.020897 0.000000 0.000000 0.000000 0.000000 0.000000 
166.017414 166.002786 166.003483 166.012538 166.034132 0.000000 0.000000 0.000000 0.000000 
166.018807 166.004876 166.004876 166.009752 166.024380 0.000000 0.000000 0.000000 0.000000 
166.020897 166.007662 166.006966 166.009752 166.018807 166.036918 0.000000 0.000000 0.000000 
166.023683 166.010448 166.008359 166.009752 166.016021 166.029256 0.000000 0.000000 0.000000 
166.026470 166.013235 166.010448 166.010448 166.015324 166.025076 166.041667 0.000000 0.000000 
166.029256 166.016021 166.011842 166.011842 166.015324 166.022987 166.035525 0.000000 0.000000 
166.032042 166.018807 166.013931 166.013931 166.016021 166.021594 166.032042 0.000000 0.000000 
166.035525 166.022290 166.016718 166.016021 166.016718 166.021594 166.029256 0.000000 0.000000 
166.038311 166.025076 166.018807 166.017414 166.017414 166.021594 166.027863 166.038311 0.000000 
166.041097 166.027863 166.021594 166.019504 166.019504 166.021594 166.027863 166.036221 0.000000 
0.000000 166.031345 166.024380 166.021594 166.020897 166.022290 166.027863 166.034828 0.000000 
0.000000 166.034132 166.027166 166.023683 166.022987 166.023683 166.027863 166.034132 0.000000 
0.000000 166.036918 166.029952 166.025773 166.025076 166.025076 166.027863 166.033435 166.041097 
0.000000 166.040401 166.032739 166.027863 166.026470 166.026470 166.028559 166.033435 166.040401 
0.000000 0.000000 166.035525 166.030649 166.028559 166.028559 166.029256 166.033435 166.039704 
0.000000 0.000000 166.038311 166.033435 166.030649 166.029952 166.031345 166.034132 166.039704 
0.000000 0.000000 166.041097 166.035525 166.032739 166.032042 166.032042 166.034828 166.039704 
0.000000 0.000000 0.000000 166.038311 166.034828 166.034132 166.034132 166.035525 166.039704 
0.000000 0.000000 0.000000 166.041097 166.037615 166.035525 166.035525 166.036918 166.040401 
0.000000 0.000000 0.000000 0.000000 166.039704 166.037615 166.037615 166.038311 166.041097 
0.000000 0.000000 0.000000 0.000000 0.000000 166.039704 166.039008 166.039704 166.041667 
0.000000 0.000000 0.000000 0.000000 0.000000 166.041667 166.041097 166.041097 0.000000 
