test/output/constant/M355_S060_A090_WD225.0_WS010.0/M355_S060_A090_WD225.0_WS010.0_ros.asc
ncols         9
nrows         25
xllcorner     426503.990666
yllcorner     12746455.311160
cellsize      100.000000
NODATA_value  0.000000
0.000000 1.334423 1.670401 0.000000 0.000000 0.000000 0.000000 0.000000 0.000000 
1.116873 -1.000000 1.334423 1.334423 0.000000 0.000000 0.000000 0.000000 0.000000 
10.331863 39.467926 39.352978 21.945395 0.000000 0.000000 0.000000 0.000000 0.000000 
13.200542 39.467926 37.511127 1.670401 1.334423 0.000000 0.000000 0.000000 0.000000 
25.983889 39.467926 39.352978 39.467926 28.248173 0.000000 0.000000 0.000000 0.000000 
19.521551 13.200542 39.467926 39.467926 28.248173 21.945395 0.000000 0.000000 0.000000 
22.784109 13.200542 39.467926 39.467926 28.248173 28.248173 0.000000 0.000000 0.000000 
25.983889 10.331863 39.467926 38.704041 37.511127 28.248173 1.783427 0.000000 0.000000 
22.784109 38.931103 38.931103 39.467926 37.511127 39.352978 28.248173 0.000000 0.000000 
22.784109 36.308865 39.431175 39.467926 38.704041 37.511127 37.511127 0.000000 0.000000 
16.294661 13.200542 39.467926 39.467926 39.467926 39.467926 28.248173 0.000000 0.000000 
29.024187 38.931103 39.467926 39.467926 38.704041 31.107595 25.162867 25.162867 0.000000 
22.784109 34.266014 39.467926 39.467926 39.467926 39.467926 1.670401 37.511127 0.000000 
0.000000 13.200542 39.467926 39.467926 39.467926 39.467926 1.783427 39.352978 0.000000 
0.000000 37.879742 7.773715 39.467926 39.467926 39.467926 33.654217 38.704041 0.000000 
0.000000 34.266014 39.467926 39.467926 39.467926 39.467926 39.467926 38.704041 38.704041 
0.000000 13.200542 36.308865 34.266014 39.467926 37.511127 39.352978 28.248173 39.467926 
0.000000 0.000000 31.813032 39.467926 39.467926 35.810596 39.467926 38.704041 38.704041 
0.000000 0.000000 29.024187 16.294661 39.467926 39.467926 38.704041 39.467926 39.467926 
0.000000 0.000000 34.266014 39.467926 39.467926 39.467926 39.467926 37.511127 39.467926 
0.000000 0.000000 0.000000 39.467926 39.467926 39.467926 39.467926 39.467926 38.704041 
0.000000 0.000000 0.000000 39.467926 19.521551 39.467926 39.467926 39.467926 39.467926 
0.000000 0.000000 0.000000 0.000000 39.467926 39.467926 39.467926 38.704041 39.467926 
0.000000 0.000000 0.000000 0.000000 0.000000 39.467926 39.467926 39.467926 39.467926 
0.000000 0.000000 0.000000 0.000000 0.000000 36.308865 39.467926 39.467926 0.000000 
