test/output/constant/M1M270_S060_A270_WD135.0_WS020.0/M1M270_S060_A270_WD135.0_WS020.0_arrival.asc
ncols         10
nrows         27
xllcorner     425703.990666
yllcorner     12748755.311160
cellsize      100.000000
NODATA_value  0.000000
166.041667 166.041667 0.000000 0.000000 0.000000 0.000000 0.000000 0.000000 0.000000 0.000000 
166.041178 166.039967 166.040573 0.000000 0.000000 0.000000 0.000000 0.000000 0.000000 0.000000 
166.039967 166.038756 166.038756 166.041178 0.000000 0.000000 0.000000 0.000000 0.000000 0.000000 
166.039967 166.036939 166.036939 166.038151 0.000000 0.000000 0.000000 0.000000 0.000000 0.000000 
166.039362 166.036334 166.035123 166.035728 166.039967 0.000000 0.000000 0.000000 0.000000 0.000000 
166.039967 166.035123 166.033306 166.033912 166.036939 0.000000 0.000000 0.000000 0.000000 0.000000 
166.040573 166.035123 166.032095 166.032095 166.033912 166.039967 0.000000 0.000000 0.000000 0.000000 
0.000000 166.035123 166.030884 166.030278 166.031489 166.035728 0.000000 0.000000 0.000000 0.000000 
0.000000 166.035728 166.030278 166.028461 166.029067 166.032700 166.040573 0.000000 0.000000 0.000000 
0.000000 166.036939 166.030278 166.027250 166.027250 166.029673 166.036334 0.000000 0.000000 0.000000 
0.000000 166.038756 166.030278 166.026039 166.025434 166.026645 166.032095 0.000000 0.000000 0.000000 
0.000000 166.041178 166.031489 166.026039 166.023617 166.024223 166.028461 166.038756 0.000000 0.000000 
0.000000 0.000000 166.033306 166.026039 166.022406 166.022406 166.024828 166.033912 0.000000 0.000000 
0.000000 0.000000 166.035728 166.026039 166.021800 166.020589 166.021800 166.029067 0.000000 0.000000 
0.000000 0.000000 166.039967 166.027856 166.021195 166.018772 166.019378 166.024828 166.038756 0.000000 
0.000000 0.000000 0.000000 166.030278 166.021195 166.017561 166.017561 166.021195 166.032700 0.000000 
0.000000 0.000000 0.000000 166.034517 166.022406 166.016350 166.015745 166.017561 166.027250 0.000000 
0.000000 0.000000 0.000000 166.041178 166.024223 166.016350 166.013928 166.014534 166.022406 166.041667 
0.000000 0.000000 0.000000 0.000000 166.028461 166.016956 166.012717 166.012717 166.017561 166.035728 
0.000000 0.000000 0.000000 0.000000 166.036334 166.018772 166.012111 166.010900 166.013322 166.029067 
0.000000 0.000000 0.000000 0.000000 0.000000 166.023011 166.012111 166.009083 166.010295 166.023011 
0.000000 0.000000 0.000000 0.000000 0.000000 166.032095 166.013322 166.007872 166.007872 166.016956 
0.000000 0.000000 0.000000 0.000000 0.000000 0.000000 166.017561 166.007267 166.006056 166.010900 
0.000000 0.000000 0.000000 0.000000 0.000000 0.000000 166.029067 166.007872 166.004239 166.006056 
0.000000 0.000000 0.000000 0.000000 0.000000 0.000000 0.000000 166.012717 166.003028 166.003028 
0.000000 0.000000 0.000000 0.000000 0.000000 0.000000 0.000000 166.034517 166.002422 166.001211 
0.000000 0.000000 0.000000 0.000000 0.000000 0.000000 0.000000 0.000000 166.012111 166.000000 
