test/output/constant/M3M465_S060_A090_WD270.0_WS005.0/M3M465_S060_A090_WD270.0_WS005.0_arrival.asc
ncols         9
nrows         34
xllcorner     426403.990666
yllcorner     12745455.311160
cellsize      100.000000
NODATA_value  0.000000
0.000000 166.021918 166.000000 166.011955 0.000000 0.000000 0.000000 0.000000 0.000000 
0.000000 166.013948 166.000996 166.003985 166.032379 0.000000 0.000000 0.000000 0.000000 
0.000000 166.012453 166.001993 166.003487 166.019925 0.000000 0.000000 0.000000 0.000000 
166.041345 166.012951 166.003487 166.003487 166.013450 166.038356 0.000000 0.000000 0.000000 
166.038854 166.013450 166.004483 166.004483 166.010959 166.028393 0.000000 0.000000 0.000000 
166.036862 166.014446 166.005978 166.005978 166.009963 166.023412 0.000000 0.000000 0.000000 
166.036364 166.015940 166.007472 166.006974 166.009963 166.019925 166.038854 0.000000 0.000000 
166.036364 166.017435 166.008966 166.008468 166.009963 166.017435 166.032877 0.000000 0.000000 
166.036364 166.018929 166.010461 166.009963 166.010461 166.016936 166.029390 0.000000 0.000000 
166.037360 166.020423 166.012453 166.010959 166.011457 166.016438 166.026401 0.000000 0.000000 
166.037858 166.021918 166.013948 166.012453 166.012453 166.016438 166.024408 166.038854 0.000000 
166.038854 166.023412 166.015940 166.013450 166.013450 166.016936 166.023412 166.035865 0.000000 
166.040349 166.024907 166.017435 166.014944 166.014944 166.016936 166.023412 166.033375 0.000000 
166.041345 166.026899 166.018929 166.015940 166.015940 166.017435 166.023412 166.031382 0.000000 
0.000000 166.028393 166.020922 166.017435 166.017435 166.018431 166.022914 166.030386 0.000000 
0.000000 166.029888 166.022416 166.018929 166.018431 166.019427 166.023412 166.029888 166.039851 
0.000000 166.031382 166.023910 166.020423 166.019925 166.020423 166.023412 166.029888 166.038356 
0.000000 166.033375 166.025903 166.021918 166.020922 166.021420 166.023910 166.029888 166.037360 
0.000000 166.034869 166.027397 166.023412 166.022416 166.022416 166.024408 166.029888 166.036862 
0.000000 166.036364 166.029390 166.024907 166.023412 166.023910 166.025405 166.029888 166.036364 
0.000000 166.038356 166.030884 166.026401 166.024907 166.024907 166.025903 166.029888 166.036364 
0.000000 166.039851 166.032877 166.028393 166.026401 166.025903 166.026899 166.030386 166.036364 
0.000000 166.041667 166.034371 166.029888 166.027895 166.027397 166.027895 166.030884 166.036364 
0.000000 0.000000 166.036364 166.031382 166.028892 166.028892 166.028892 166.031382 166.036364 
0.000000 0.000000 166.037858 166.033375 166.030386 166.029888 166.029888 166.032379 166.036364 
0.000000 0.000000 166.039851 166.034869 166.031880 166.031382 166.031382 166.032877 166.036862 
0.000000 0.000000 166.041345 166.036364 166.033375 166.032379 166.032379 166.033873 166.037360 
0.000000 0.000000 0.000000 166.038356 166.034869 166.033873 166.033873 166.034869 166.037858 
0.000000 0.000000 0.000000 166.039851 166.036364 166.034869 166.034869 166.035865 166.038356 
0.000000 0.000000 0.000000 166.041345 166.037858 166.036364 166.036364 166.036862 166.038854 
0.000000 0.000000 0.000000 0.000000 166.039352 166.037858 166.037360 166.037858 166.039851 
0.000000 0.000000 0.000000 0.000000 166.040847 166.039352 166.038854 166.038854 166.040847 
0.000000 0.000000 0.000000 0.000000 0.000000 166.040349 166.039851 166.040349 166.041667 
0.000000 0.000000 0.000000 0.000000 0.000000 0.000000 166.041345 166.041345 0.000000 
