test/output/constant/M3M475_S060_A000_WD315.0_WS015.0/M3M475_S060_A000_WD315.0_WS015.0_intensity.asc
ncols         28
nrows         13
xllcorner     424003.990666
yllcorner     12747655.311160
cellsize      100.000000
NODATA_value  0.000000
0 0 0 0 0 0 0 0 0 0 0 0 0 0 0 0 0 0 20285 13829 10887 10887 8252 6001 4192 8252 1217 1217 
0 0 0 0 0 0 0 0 0 0 0 0 0 0 10887 8252 8252 13829 13829 10887 13829 13829 10887 8252 13829 40393 0 1332 
0 0 0 0 0 0 0 0 0 0 0 8252 16993 8252 13829 10887 8252 6001 8252 16993 29940 37288 40393 40393 40393 40393 1742 1497 
0 0 0 0 0 0 0 0 0 8252 13829 8252 6001 16993 16993 16993 16993 10887 10887 40393 40393 40393 39559 34327 28787 1837 1332 0 
0 0 0 0 0 0 0 16993 16993 26857 16993 13829 16993 16993 13829 26857 39896 40393 40393 40393 40393 7463 28787 2654 1950 1742 0 0 
0 0 0 0 0 13829 13829 13829 8252 13829 29940 29940 26857 26857 40393 40393 40393 40393 40393 28787 36549 1837 2654 2654 1950 0 0 0 
0 0 0 0 13829 35235 37288 10887 13829 8252 40393 40393 40393 40393 40393 40393 40393 40393 31713 1497 28787 28787 1950 0 0 0 0 0 
0 0 10887 23606 13829 16993 37288 35235 40393 40393 40393 40393 40393 40393 40393 40256 36549 1950 3793 28787 1742 2654 0 0 0 0 0 0 
0 32761 32761 10887 26857 40393 40393 40393 40393 40393 40393 40393 40393 34327 3793 5401 25636 1497 28787 25636 0 0 0 0 0 0 0 0 
20285 40393 37288 40393 40393 40393 40393 40393 40393 38311 36549 3793 28787 28787 25636 2654 5401 1497 0 0 0 0 0 0 0 0 0 0 
13829 40393 40393 40393 40393 40393 40393 40393 34327 34327 36549 28787 25636 28787 3793 3793 0 0 0 0 0 0 0 0 0 0 0 0 
40393 40393 40393 40393 40393 38311 40256 38311 36549 3793 3793 28787 1497 0 0 0 0 0 0 0 0 0 0 0 0 0 0 0 
40393 38311 40393 40393 28787 39559 38311 28787 2654 0 0 0 0 0 0 0 0 0 0 0 0 0 0 0 0 0 0 0 
