test/output/constant/M3M470_S000_A180_WD090.0_WS040.0/M3M470_S000_A180_WD090.0_WS040.0_arrival.asc
ncols         41
nrows         9
xllcorner     422603.990666
yllcorner     12748355.311160
cellsize      100.000000
NODATA_value  0.000000
0.000000 0.000000 0.000000 0.000000 0.000000 0.000000 0.000000 0.000000 0.000000 0.000000 0.000000 0.000000 166.041667 166.040851 166.040430 166.039588 166.039167 166.038745 166.038745 166.038745 166.038745 166.038745 166.038745 166.039167 166.039588 166.040009 166.040851 0.000000 0.000000 0.000000 0.000000 0.000000 0.000000 0.000000 0.000000 0.000000 0.000000 0.000000 0.000000 0.000000 0.000000 
0.000000 0.000000 0.000000 0.000000 0.000000 166.041667 166.040851 166.040009 166.039167 166.038324 166.037482 166.036640 166.035797 166.034955 166.034113 166.033270 166.032428 166.032007 166.031165 166.030322 166.029901 166.029059 166.028638 166.027796 166.027796 166.027796 166.027796 166.027796 166.028217 166.028638 166.029059 166.030322 166.032007 166.033692 166.036640 166.040851 0.000000 0.000000 0.000000 0.000000 0.000000 
0.000000 0.000000 166.041667 166.040851 166.039588 166.038745 166.037903 166.036640 166.035797 166.034955 166.033692 166.032849 166.031586 166.030744 166.029901 166.029059 166.027796 166.026953 166.026111 166.024848 166.024005 166.023163 166.022321 166.021478 166.020636 166.019794 166.019373 166.018530 166.017688 166.017267 166.016846 166.016846 166.016846 166.016846 166.017688 166.018530 166.021057 166.024005 166.030322 0.000000 0.000000 
0.000000 166.040851 166.040009 166.038745 166.037903 166.036640 166.035797 166.034955 166.033692 166.032849 166.031586 166.030744 166.029480 166.028638 166.027374 166.026532 166.025269 166.024426 166.023584 166.022321 166.021478 166.020215 166.019373 166.018530 166.017267 166.016425 166.015161 166.014319 166.013056 166.012213 166.010950 166.010107 166.009265 166.008423 166.007581 166.006738 166.005896 166.005896 166.005896 166.007581 166.015582 
166.041667 166.040851 166.039588 166.038745 166.037482 166.036640 166.035376 166.034534 166.033270 166.032428 166.031165 166.030322 166.029059 166.028217 166.026953 166.026111 166.024848 166.024005 166.022742 166.021900 166.020636 166.019794 166.018530 166.017688 166.016425 166.015582 166.014319 166.013477 166.012213 166.011371 166.010107 166.009265 166.008002 166.007159 166.005896 166.005054 166.003790 166.002948 166.001685 166.000842 166.000000 
0.000000 166.040851 166.040009 166.038745 166.037903 166.036640 166.035797 166.034955 166.033692 166.032849 166.031586 166.030744 166.029480 166.028638 166.027374 166.026532 166.025269 166.024426 166.023584 166.022321 166.021478 166.020215 166.019373 166.018530 166.017267 166.016425 166.015161 166.014319 166.013056 166.012213 166.010950 166.010107 166.009265 166.008423 166.007581 166.006738 166.005896 166.005896 166.005896 166.007581 166.015582 
0.000000 0.000000 166.041667 166.040851 166.039588 166.038745 166.037903 166.036640 166.035797 166.034955 166.033692 166.032849 166.031586 166.030744 166.029901 166.029059 166.027796 166.026953 166.026111 166.024848 166.024005 166.023163 166.022321 166.021478 166.020636 166.019794 166.019373 166.018530 166.017688 166.017267 166.016846 166.016846 166.016846 166.016846 166.017688 166.018530 166.021057 166.024005 166.030322 0.000000 0.000000 
0.000000 0.000000 0.000000 0.000000 0.000000 166.041667 166.040851 166.040009 166.039167 166.038324 166.037482 166.036640 166.035797 166.034955 166.034113 166.033270 166.032428 166.032007 166.031165 166.030322 166.029901 166.029059 166.028638 166.027796 166.027796 166.027796 166.027796 166.027796 166.028217 166.028638 166.029059 166.030322 166.032007 166.033692 166.036640 166.040851 0.000000 0.000000 0.000000 0.000000 0.000000 
0.000000 0.000000 0.000000 0.000000 0.000000 0.000000 0.000000 0.000000 0.000000 0.000000 0.000000 0.000000 166.041667 166.040851 166.040430 166.039588 166.039167 166.038745 166.038745 166.038745 166.038745 166.038745 166.038745 166.039167 166.039588 166.040009 166.040851 0.000000 0.000000 0.000000 0.000000 0.000000 0.000000 0.000000 0.000000 0.000000 0.000000 0.000000 0.000000 0.000000 0.000000 
