test/output/constant/M3M470_S060_A090_WD225.0_WS045.0/M3M470_S060_A090_WD225.0_WS045.0_arrival.asc
ncols         28
nrows         9
xllcorner     426503.990666
yllcorner     12748155.311160
cellsize      100.000000
NODATA_value  0.000000
0.000000 0.000000 0.000000 0.000000 166.040953 166.039875 166.039336 166.039875 166.040414 166.041492 0.000000 0.000000 0.000000 0.000000 0.000000 0.000000 0.000000 0.000000 0.000000 0.000000 0.000000 0.000000 0.000000 0.000000 0.000000 0.000000 0.000000 0.000000 
0.000000 166.017243 166.014549 166.014010 166.014549 166.015627 166.017243 166.019399 166.021554 166.023171 166.025326 166.027481 166.029637 166.031792 166.033948 166.036103 166.038258 166.040414 0.000000 0.000000 0.000000 0.000000 0.000000 0.000000 0.000000 0.000000 0.000000 0.000000 
166.036642 166.000000 166.001078 166.002694 166.004311 166.005927 166.007544 166.009699 166.011855 166.013471 166.015627 166.017782 166.019938 166.022093 166.024248 166.026404 166.028559 166.030715 166.032870 166.035564 166.037720 166.039875 166.041667 0.000000 0.000000 0.000000 0.000000 0.000000 
0.000000 166.009160 166.003772 166.003772 166.004311 166.005927 166.007544 166.009160 166.010777 166.012394 166.014010 166.015627 166.017243 166.018860 166.020476 166.022632 166.024248 166.026404 166.028020 166.030176 166.032331 166.034486 166.036642 166.038797 166.040414 0.000000 0.000000 0.000000 
0.000000 166.038797 166.024787 166.017243 166.012394 166.011316 166.010777 166.011316 166.011855 166.012932 166.014010 166.015627 166.017243 166.018860 166.020476 166.022093 166.023171 166.024787 166.026404 166.028559 166.030176 166.031792 166.033409 166.035025 166.037181 166.039336 166.040953 0.000000 
0.000000 0.000000 0.000000 166.040414 166.031792 166.025326 166.021554 166.019399 166.018321 166.017782 166.017782 166.018321 166.018860 166.019938 166.021015 166.022093 166.023709 166.025326 166.026404 166.028020 166.029637 166.031253 166.032870 166.034486 166.036103 166.037720 166.039336 166.041492 
0.000000 0.000000 0.000000 0.000000 0.000000 0.000000 166.039875 166.034486 166.030715 166.028020 166.026404 166.025326 166.024787 166.024787 166.025326 166.025865 166.026404 166.026943 166.028020 166.029098 166.030176 166.031792 166.033409 166.034486 166.036103 166.037720 166.039336 166.040953 
0.000000 0.000000 0.000000 0.000000 0.000000 0.000000 0.000000 0.000000 0.000000 0.000000 166.039336 166.036642 166.035025 166.033409 166.032331 166.031792 166.031792 166.032331 166.032331 166.032870 166.033409 166.034486 166.035025 166.036103 166.037720 166.038797 166.039875 166.041492 
0.000000 0.000000 0.000000 0.000000 0.000000 0.000000 0.000000 0.000000 0.000000 0.000000 0.000000 0.000000 0.000000 0.000000 0.000000 166.041667 166.040953 166.039875 166.039336 166.038797 166.039336 166.039336 166.039875 166.040414 166.040953 166.041492 0.000000 0.000000 
