test/output/constant/M3M480_S060_A090_WD045.0_WS015.0/M3M480_S060_A090_WD045.0_WS015.0_arrival.asc
ncols         14
nrows         50
xllcorner     425403.990666
yllcorner     12743855.311160
cellsize      100.000000
NODATA_value  0.000000
0.000000 0.000000 0.000000 0.000000 0.000000 0.000000 0.000000 0.000000 0.000000 0.000000 0.000000 166.012217 166.000000 166.037641 
0.000000 0.000000 0.000000 0.000000 0.000000 0.000000 0.000000 0.000000 0.000000 0.000000 166.031698 166.001981 166.000660 166.026084 
0.000000 0.000000 0.000000 0.000000 0.000000 0.000000 0.000000 0.000000 0.000000 0.000000 166.015188 166.001981 166.001321 166.024433 
0.000000 0.000000 0.000000 0.000000 0.000000 0.000000 0.000000 0.000000 0.000000 166.032358 166.008255 166.002311 166.002311 166.024764 
0.000000 0.000000 0.000000 0.000000 0.000000 0.000000 0.000000 0.000000 0.000000 166.021132 166.005943 166.003302 166.003632 166.025424 
0.000000 0.000000 0.000000 0.000000 0.000000 0.000000 0.000000 0.000000 166.036650 166.014858 166.005613 166.003962 166.005613 166.026084 
0.000000 0.000000 0.000000 0.000000 0.000000 0.000000 0.000000 0.000000 166.027735 166.011226 166.005613 166.004953 166.007264 166.028396 
0.000000 0.000000 0.000000 0.000000 0.000000 0.000000 0.000000 0.000000 166.021462 166.009905 166.005613 166.005613 166.009245 166.030377 
0.000000 0.000000 0.000000 0.000000 0.000000 0.000000 0.000000 166.034339 166.017500 166.009245 166.006604 166.006604 166.011556 166.032688 
0.000000 0.000000 0.000000 0.000000 0.000000 0.000000 0.000000 166.028396 166.014858 166.008915 166.007264 166.007924 166.013537 166.034999 
0.000000 0.000000 0.000000 0.000000 0.000000 0.000000 166.041273 166.023773 166.013537 166.008915 166.008255 166.009245 166.015519 166.036980 
0.000000 0.000000 0.000000 0.000000 0.000000 0.000000 166.034999 166.020471 166.012877 166.009245 166.009245 166.010896 166.017830 166.039292 
0.000000 0.000000 0.000000 0.000000 0.000000 0.000000 166.030377 166.018490 166.012547 166.009905 166.009905 166.012547 166.020141 166.041603 
0.000000 0.000000 0.000000 0.000000 0.000000 166.041603 166.026745 166.017500 166.012547 166.010896 166.010896 166.014198 166.022122 0.000000 
0.000000 0.000000 0.000000 0.000000 0.000000 166.036980 166.024103 166.016509 166.012547 166.011556 166.012217 166.016179 166.024433 0.000000 
0.000000 0.000000 0.000000 0.000000 0.000000 166.033018 166.022122 166.016179 166.012877 166.012547 166.013207 166.017830 166.026745 0.000000 
0.000000 0.000000 0.000000 0.000000 0.000000 166.030047 166.021132 166.015849 166.013537 166.013537 166.014858 166.019811 166.028726 0.000000 
0.000000 0.000000 0.000000 0.000000 166.039292 166.027735 166.020471 166.016179 166.014198 166.014198 166.016179 166.021792 166.031037 0.000000 
0.000000 0.000000 0.000000 0.000000 166.035990 166.026084 166.019811 166.016179 166.015188 166.015188 166.017830 166.023773 166.033348 0.000000 
0.000000 0.000000 0.000000 0.000000 166.033348 166.025094 166.019481 166.016509 166.015849 166.016509 166.019481 166.025754 166.035330 0.000000 
0.000000 0.000000 0.000000 0.000000 166.031367 166.024433 166.019481 166.016839 166.016839 166.017500 166.021132 166.027735 166.037641 0.000000 
0.000000 0.000000 0.000000 166.039292 166.029716 166.023773 166.019481 166.017830 166.017830 166.018820 166.023113 166.029716 166.039952 0.000000 
0.000000 0.000000 0.000000 166.036980 166.028726 166.023443 166.019811 166.018490 166.018490 166.020471 166.024764 166.032028 0.000000 0.000000 
0.000000 0.000000 0.000000 166.034999 166.028065 166.023113 166.020141 166.019481 166.019481 166.021792 166.026745 166.034009 0.000000 0.000000 
0.000000 0.000000 0.000000 166.033679 166.027405 166.023113 166.020471 166.020141 166.020801 166.023443 166.028396 166.035990 0.000000 0.000000 
0.000000 0.000000 166.040612 166.032688 166.027075 166.023113 166.021132 166.021132 166.021792 166.024764 166.030377 166.038301 0.000000 0.000000 
0.000000 0.000000 166.038631 166.032028 166.026745 166.023443 166.022122 166.021792 166.023113 166.026415 166.032358 166.040282 0.000000 0.000000 
0.000000 0.000000 166.037311 166.031367 166.026745 166.023773 166.022783 166.022783 166.024433 166.028065 166.034339 0.000000 0.000000 0.000000 
0.000000 0.000000 166.036650 166.030707 166.026745 166.024103 166.023773 166.023773 166.025754 166.029716 166.035990 0.000000 0.000000 0.000000 
0.000000 0.000000 166.035660 166.030377 166.026745 166.024764 166.024433 166.025094 166.027405 166.031698 166.037971 0.000000 0.000000 0.000000 
0.000000 166.041273 166.034999 166.030047 166.026745 166.025424 166.025424 166.026084 166.029056 166.033348 166.039952 0.000000 0.000000 0.000000 
0.000000 166.040282 166.034339 166.030047 166.027405 166.026084 166.026084 166.027405 166.030377 166.035330 0.000000 0.000000 0.000000 0.000000 
0.000000 166.039622 166.034009 166.030377 166.027735 166.027075 166.027075 166.028726 166.032028 166.037311 0.000000 0.000000 0.000000 0.000000 
0.000000 166.038962 166.033679 166.030377 166.028065 166.028065 166.028065 166.030047 166.033348 166.039292 0.000000 0.000000 0.000000 0.000000 
0.000000 166.038301 166.033679 166.030377 166.028726 166.028726 166.029386 166.031367 166.034999 166.040943 0.000000 0.000000 0.000000 0.000000 
0.000000 166.037641 166.033679 166.030707 166.029716 166.029716 166.030377 166.033018 166.036980 0.000000 0.000000 0.000000 0.000000 0.000000 
0.000000 166.037311 166.033679 166.031367 166.030377 166.030377 166.031698 166.034339 166.038631 0.000000 0.000000 0.000000 0.000000 0.000000 
0.000000 166.037311 166.034009 166.031698 166.031367 166.031367 166.033018 166.035990 166.040282 0.000000 0.000000 0.000000 0.000000 0.000000 
166.041603 166.037311 166.034009 166.032358 166.032028 166.032358 166.034339 166.037311 0.000000 0.000000 0.000000 0.000000 0.000000 0.000000 
166.040943 166.037311 166.034339 166.033018 166.033018 166.033679 166.035660 166.038962 0.000000 0.000000 0.000000 0.000000 0.000000 0.000000 
166.040612 166.037311 166.034999 166.034009 166.034009 166.034669 166.036980 166.040612 0.000000 0.000000 0.000000 0.000000 0.000000 0.000000 
166.040612 166.037311 166.035330 166.034669 166.034999 166.035990 166.038301 0.000000 0.000000 0.000000 0.000000 0.000000 0.000000 0.000000 
166.040612 166.037641 166.035990 166.035660 166.035660 166.037311 166.039952 0.000000 0.000000 0.000000 0.000000 0.000000 0.000000 0.000000 
166.040943 166.037971 166.036650 166.036320 166.036650 166.038301 166.041603 0.000000 0.000000 0.000000 0.000000 0.000000 0.000000 0.000000 
166.040943 166.038301 166.037311 166.037311 166.037971 166.039622 0.000000 0.000000 0.000000 0.000000 0.000000 0.000000 0.000000 0.000000 
166.040943 166.038962 166.038301 166.038301 166.038962 166.041273 0.000000 0.000000 0.000000 0.000000 0.000000 0.000000 0.000000 0.000000 
166.041273 166.039292 166.038962 166.039292 166.040282 0.000000 0.000000 0.000000 0.000000 0.000000 0.000000 0.000000 0.000000 0.000000 
166.041603 166.039952 166.039952 166.039952 166.041273 0.000000 0.000000 0.000000 0.000000 0.000000 0.000000 0.000000 0.000000 0.000000 
0.000000 166.040943 166.040612 166.040943 0.000000 0.000000 0.000000 0.000000 0.000000 0.000000 0.000000 0.000000 0.000000 0.000000 
0.000000 166.041603 166.041603 0.000000 0.000000 0.000000 0.000000 0.000000 0.000000 0.000000 0.000000 0.000000 0.000000 0.000000 
