test/output/constant/M4100_S060_A090_WD045.0_WS015.0/M4100_S060_A090_WD045.0_WS015.0_raz.asc
ncols         13
nrows         41
xllcorner     425503.990666
yllcorner     12744755.311160
cellsize      100.000000
NODATA_value  0.000000
0 0 0 0 0 0 0 0 0 0 309 254 13 
0 0 0 0 0 0 0 0 0 268 198 193 160 
0 0 0 0 0 0 0 0 0 238 193 193 168 
0 0 0 0 0 0 0 0 268 201 193 189 179 
0 0 0 0 0 0 0 0 201 199 193 186 173 
0 0 0 0 0 0 0 201 238 193 193 179 179 
0 0 0 0 0 0 0 283 227 193 193 181 179 
0 0 0 0 0 0 199 201 201 193 179 173 173 
0 0 0 0 0 0 201 201 193 193 191 179 176 
0 0 0 0 0 202 201 201 193 193 176 168 179 
0 0 0 0 0 199 201 199 193 193 189 176 0 
0 0 0 0 0 201 201 193 193 181 168 179 0 
0 0 0 0 238 199 201 193 193 185 186 179 0 
0 0 0 0 238 255 201 193 193 179 179 179 0 
0 0 0 0 199 201 193 193 191 186 179 173 0 
0 0 0 201 201 199 193 193 192 181 173 173 0 
0 0 0 201 201 227 193 193 188 173 179 168 0 
0 0 0 201 227 199 193 193 179 176 181 176 0 
0 0 0 199 201 193 193 190 179 179 179 179 0 
0 0 238 238 201 193 193 186 189 181 181 0 0 
0 0 201 201 199 193 193 193 189 185 173 0 0 
0 0 201 201 193 193 193 193 181 179 179 0 0 
0 0 201 227 193 193 193 179 179 179 179 0 0 
0 268 227 198 193 193 190 176 181 173 0 0 0 
0 201 227 193 193 193 186 168 179 173 0 0 0 
0 201 201 193 193 193 191 191 181 176 0 0 0 
0 201 198 196 193 190 176 179 188 0 0 0 0 
0 201 193 193 193 183 179 176 181 0 0 0 0 
0 201 193 193 193 193 168 190 176 0 0 0 0 
238 198 193 193 193 179 185 181 189 0 0 0 0 
227 193 193 193 193 179 179 179 0 0 0 0 0 
199 193 193 193 188 188 176 176 0 0 0 0 0 
198 193 193 193 193 193 179 0 0 0 0 0 0 
193 193 193 193 189 190 181 0 0 0 0 0 0 
193 193 193 188 190 181 176 0 0 0 0 0 0 
194 193 193 193 189 176 0 0 0 0 0 0 0 
193 193 193 193 179 179 0 0 0 0 0 0 0 
194 193 190 193 179 0 0 0 0 0 0 0 0 
195 195 193 188 181 0 0 0 0 0 0 0 0 
193 193 188 189 0 0 0 0 0 0 0 0 0 
193 193 193 0 0 0 0 0 0 0 0 0 0 
