test/output/constant/M4100_S060_A090_WD045.0_WS015.0/M4100_S060_A090_WD045.0_WS015.0_intensity.asc
ncols         13
nrows         41
xllcorner     425503.990666
yllcorner     12744755.311160
cellsize      100.000000
NODATA_value  0.000000
0 0 0 0 0 0 0 0 0 0 404 0 262 
0 0 0 0 0 0 0 0 0 993 53403 64505 5875 
0 0 0 0 0 0 0 0 0 3084 64505 64505 9244 
0 0 0 0 0 0 0 0 993 43914 64505 54134 23102 
0 0 0 0 0 0 0 0 43914 48903 64505 44814 13324 
0 0 0 0 0 0 0 43914 3084 64505 64505 23102 23102 
0 0 0 0 0 0 0 659 5481 64505 64505 28506 23102 
0 0 0 0 0 0 48903 43914 43914 64505 23102 13324 13324 
0 0 0 0 0 0 43914 43914 64505 64505 60875 23102 17990 
0 0 0 0 0 38586 43914 43914 64505 64505 17990 9244 23102 
0 0 0 0 0 48903 43914 48903 64505 64505 54134 17990 0 
0 0 0 0 0 43914 43914 64505 64505 28506 9244 23102 0 
0 0 0 0 3084 48903 43914 64505 64505 39529 44814 23102 0 
0 0 0 0 3084 1537 43914 64505 64505 23102 23102 23102 0 
0 0 0 0 48903 43914 64505 64505 60875 44814 23102 13324 0 
0 0 0 43914 43914 48903 64505 64505 63009 28506 13324 13324 0 
0 0 0 43914 43914 5481 64505 64505 49732 13324 23102 9244 0 
0 0 0 43914 5481 48903 64505 64505 23102 17990 28506 17990 0 
0 0 0 48903 43914 64505 64505 57886 23102 23102 23102 23102 0 
0 0 3084 3084 43914 64505 64505 44814 54134 28506 28506 0 0 
0 0 43914 43914 48903 64505 64505 64505 54134 39529 13324 0 0 
0 0 43914 43914 64505 64505 64505 64505 28506 23102 23102 0 0 
0 0 43914 5481 64505 64505 64505 23102 23102 23102 23102 0 0 
0 993 5481 53403 64505 64505 57886 17990 28506 13324 0 0 0 
0 43914 5481 64505 64505 64505 44814 9244 23102 13324 0 0 0 
0 43914 43914 64505 64505 64505 60875 60875 28506 17990 0 0 0 
0 43914 53403 60407 64505 57886 17990 23102 49732 0 0 0 0 
0 43914 64505 64505 64505 34038 23102 17990 28506 0 0 0 0 
0 43914 64505 64505 64505 64505 9244 57886 17990 0 0 0 0 
3084 53403 64505 64505 64505 23102 39529 28506 54134 0 0 0 0 
5481 64505 64505 64505 64505 23102 23102 23102 0 0 0 0 0 
48903 64505 64505 64505 49732 49732 17990 17990 0 0 0 0 0 
53403 64505 64505 64505 64505 64453 23102 0 0 0 0 0 0 
64505 64505 64505 64505 54134 57886 28506 0 0 0 0 0 0 
64505 64505 64505 49732 57886 28506 17990 0 0 0 0 0 0 
64078 64505 64505 64505 54134 17990 0 0 0 0 0 0 0 
64505 64505 64505 64505 23102 23102 0 0 0 0 0 0 0 
64078 64505 57886 64505 23102 0 0 0 0 0 0 0 0 
62697 62697 64505 49732 28506 0 0 0 0 0 0 0 0 
64505 64505 49732 54134 0 0 0 0 0 0 0 0 0 
64505 64505 64505 0 0 0 0 0 0 0 0 0 0 
