test/output/constant/M4100_S060_A090_WD045.0_WS015.0/M4100_S060_A090_WD045.0_WS015.0_arrival.asc
ncols         13
nrows         41
xllcorner     425503.990666
yllcorner     12744755.311160
cellsize      100.000000
NODATA_value  0.000000
0.000000 0.000000 0.000000 0.000000 0.000000 0.000000 0.000000 0.000000 0.000000 0.000000 166.009910 166.000000 166.040433 
0.000000 0.000000 0.000000 0.000000 0.000000 0.000000 0.000000 0.000000 0.000000 166.027748 166.001982 166.000793 166.027748 
0.000000 0.000000 0.000000 0.000000 0.000000 0.000000 0.000000 0.000000 0.000000 166.012289 166.001982 166.001586 166.025766 
0.000000 0.000000 0.000000 0.000000 0.000000 0.000000 0.000000 0.000000 166.027748 166.007135 166.002775 166.002775 166.026559 
0.000000 0.000000 0.000000 0.000000 0.000000 0.000000 0.000000 0.000000 166.018235 166.005946 166.003964 166.004757 166.028541 
0.000000 0.000000 0.000000 0.000000 0.000000 0.000000 0.000000 166.031316 166.012685 166.005946 166.004757 166.007135 166.030523 
0.000000 0.000000 0.000000 0.000000 0.000000 0.000000 0.000000 166.023784 166.010703 166.005946 166.005946 166.009514 166.033298 
0.000000 0.000000 0.000000 0.000000 0.000000 0.000000 166.036469 166.018235 166.009910 166.006739 166.007135 166.012289 166.036073 
0.000000 0.000000 0.000000 0.000000 0.000000 0.000000 166.029334 166.015460 166.009514 166.007928 166.008324 166.014667 166.038848 
0.000000 0.000000 0.000000 0.000000 0.000000 166.041226 166.024181 166.014271 166.009514 166.009117 166.010307 166.017442 166.041226 
0.000000 0.000000 0.000000 0.000000 0.000000 166.035280 166.021009 166.013478 166.010307 166.009910 166.011892 166.020217 0.000000 
0.000000 0.000000 0.000000 0.000000 0.000000 166.029730 166.019027 166.013478 166.011099 166.011099 166.014271 166.022595 0.000000 
0.000000 0.000000 0.000000 0.000000 166.041226 166.026559 166.017838 166.013478 166.011892 166.012289 166.016253 166.025370 0.000000 
0.000000 0.000000 0.000000 0.000000 166.035676 166.024181 166.017442 166.013478 166.013081 166.013874 166.018631 166.028145 0.000000 
0.000000 0.000000 0.000000 0.000000 166.032109 166.022595 166.017045 166.014271 166.014271 166.015460 166.021009 166.030920 0.000000 
0.000000 0.000000 0.000000 166.041226 166.029334 166.021802 166.017045 166.015063 166.015063 166.017442 166.023388 166.033694 0.000000 
0.000000 0.000000 0.000000 166.037658 166.027352 166.021406 166.017442 166.016253 166.016253 166.019424 166.025766 166.036469 0.000000 
0.000000 0.000000 0.000000 166.034884 166.026559 166.021009 166.017838 166.017045 166.017838 166.021406 166.028145 166.039244 0.000000 
0.000000 0.000000 0.000000 166.032505 166.025370 166.021009 166.018235 166.018235 166.019424 166.023388 166.030920 166.041622 0.000000 
0.000000 0.000000 166.040433 166.031316 166.024973 166.021009 166.019424 166.019424 166.021009 166.025766 166.033298 0.000000 0.000000 
0.000000 0.000000 166.037658 166.030127 166.024577 166.021406 166.020217 166.020613 166.022595 166.027748 166.036073 0.000000 0.000000 
0.000000 0.000000 166.036073 166.029334 166.024577 166.021802 166.021406 166.021802 166.024577 166.030127 166.038451 0.000000 0.000000 
0.000000 0.000000 166.034884 166.028938 166.024577 166.022595 166.022199 166.023388 166.026559 166.032505 166.041226 0.000000 0.000000 
0.000000 166.041226 166.034091 166.028541 166.024973 166.023388 166.023388 166.024973 166.028541 166.034884 0.000000 0.000000 0.000000 
0.000000 166.039640 166.033298 166.028541 166.025370 166.024577 166.024577 166.026559 166.030523 166.037262 0.000000 0.000000 0.000000 
0.000000 166.038451 166.032505 166.028541 166.026163 166.025370 166.025766 166.028145 166.032902 166.039640 0.000000 0.000000 0.000000 
0.000000 166.037658 166.032109 166.028541 166.026559 166.026559 166.027352 166.030127 166.034884 0.000000 0.000000 0.000000 0.000000 
0.000000 166.036866 166.032109 166.028938 166.027748 166.027748 166.028938 166.032109 166.037262 0.000000 0.000000 0.000000 0.000000 
0.000000 166.036469 166.032109 166.029334 166.028541 166.028541 166.030523 166.033694 166.039640 0.000000 0.000000 0.000000 0.000000 
166.041622 166.036073 166.032505 166.030127 166.029730 166.030127 166.031712 166.035676 166.041667 0.000000 0.000000 0.000000 0.000000 
166.040830 166.036073 166.032505 166.030920 166.030523 166.031316 166.033694 166.037658 0.000000 0.000000 0.000000 0.000000 0.000000 
166.040037 166.036073 166.032902 166.031712 166.031712 166.032505 166.035676 166.040037 0.000000 0.000000 0.000000 0.000000 0.000000 
166.039640 166.036073 166.033298 166.032902 166.032902 166.034091 166.037262 0.000000 0.000000 0.000000 0.000000 0.000000 0.000000 
166.039640 166.036469 166.034091 166.033694 166.034091 166.035676 166.039244 0.000000 0.000000 0.000000 0.000000 0.000000 0.000000 
166.039640 166.036469 166.034884 166.034884 166.035280 166.037262 166.041226 0.000000 0.000000 0.000000 0.000000 0.000000 0.000000 
166.039640 166.036866 166.035676 166.035676 166.036469 166.039244 0.000000 0.000000 0.000000 0.000000 0.000000 0.000000 0.000000 
166.040037 166.037658 166.036866 166.036866 166.038055 166.040830 0.000000 0.000000 0.000000 0.000000 0.000000 0.000000 0.000000 
166.040037 166.038055 166.038055 166.038055 166.039640 0.000000 0.000000 0.000000 0.000000 0.000000 0.000000 0.000000 0.000000 
166.040433 166.038848 166.038848 166.039244 166.041226 0.000000 0.000000 0.000000 0.000000 0.000000 0.000000 0.000000 0.000000 
166.040830 166.040037 166.040037 166.040433 0.000000 0.000000 0.000000 0.000000 0.000000 0.000000 0.000000 0.000000 0.000000 
166.041622 166.040830 166.041226 0.000000 0.000000 0.000000 0.000000 0.000000 0.000000 0.000000 0.000000 0.000000 0.000000 
