test/output/constant/C3_S060_A090_WD000.0_WS035.0/C3_S060_A090_WD000.0_WS035.0_arrival.asc
ncols         7
nrows         40
xllcorner     426303.990666
yllcorner     12744855.311160
cellsize      100.000000
NODATA_value  0.000000
0.000000 0.000000 0.000000 166.000000 0.000000 0.000000 0.000000 
0.000000 0.000000 166.012392 166.000855 166.012392 0.000000 0.000000 
0.000000 0.000000 166.007691 166.001709 166.007691 0.000000 0.000000 
0.000000 166.038457 166.007264 166.002991 166.007264 166.038457 0.000000 
0.000000 166.031621 166.006837 166.003846 166.006837 166.031621 0.000000 
0.000000 166.027348 166.007264 166.005128 166.007264 166.027348 0.000000 
0.000000 166.023929 166.008119 166.005982 166.008119 166.023929 0.000000 
0.000000 166.022220 166.008973 166.007264 166.008973 166.022220 0.000000 
0.000000 166.021365 166.009828 166.008119 166.009828 166.021365 0.000000 
0.000000 166.020938 166.010683 166.009401 166.010683 166.020938 0.000000 
166.039739 166.020511 166.011537 166.010255 166.011537 166.020511 166.039739 
166.038030 166.020511 166.012819 166.011537 166.012819 166.020511 166.038030 
166.036748 166.020511 166.013674 166.012392 166.013674 166.020511 166.036748 
166.035894 166.020938 166.014528 166.013674 166.014528 166.020938 166.035894 
166.035466 166.021793 166.015810 166.014528 166.015810 166.021793 166.035466 
166.034612 166.022220 166.016665 166.015810 166.016665 166.022220 166.034612 
166.034184 166.023074 166.017520 166.016665 166.017520 166.023074 166.034184 
166.034184 166.023929 166.018801 166.017947 166.018801 166.023929 166.034184 
166.034184 166.024356 166.019656 166.018801 166.019656 166.024356 166.034184 
166.034184 166.025211 166.020938 166.020083 166.020938 166.025211 166.034184 
166.034184 166.026066 166.021793 166.020938 166.021793 166.026066 166.034184 
166.034612 166.026920 166.023074 166.022220 166.023074 166.026920 166.034612 
166.035039 166.027775 166.023929 166.023074 166.023929 166.027775 166.035039 
166.035894 166.028629 166.025211 166.024356 166.025211 166.028629 166.035894 
166.036321 166.029484 166.026066 166.025211 166.026066 166.029484 166.036321 
166.037176 166.030339 166.027348 166.026493 166.027348 166.030339 166.037176 
166.038030 166.031193 166.028202 166.027348 166.028202 166.031193 166.038030 
166.038885 166.032475 166.029484 166.028629 166.029484 166.032475 166.038885 
166.039312 166.033330 166.030339 166.029484 166.030339 166.033330 166.039312 
166.040167 166.034184 166.031621 166.030766 166.031621 166.034184 166.040167 
166.041021 166.035466 166.032475 166.031621 166.032475 166.035466 166.041021 
166.041667 166.036321 166.033757 166.032903 166.033757 166.036321 166.041667 
0.000000 166.037176 166.034612 166.033757 166.034612 166.037176 0.000000 
0.000000 166.038457 166.035466 166.035039 166.035466 166.038457 0.000000 
0.000000 166.039312 166.036748 166.035894 166.036748 166.039312 0.000000 
0.000000 166.040167 166.037603 166.037176 166.037603 166.040167 0.000000 
0.000000 166.041449 166.038885 166.038030 166.038885 166.041449 0.000000 
0.000000 0.000000 166.039739 166.039312 166.039739 0.000000 0.000000 
0.000000 0.000000 166.041021 166.040167 166.041021 0.000000 0.000000 
0.000000 0.000000 166.041667 166.041449 166.041667 0.000000 0.000000 
