test/output/constant/M3M485_S060_A180_WD090.0_WS010.0/M3M485_S060_A180_WD090.0_WS010.0_arrival.asc
ncols         34
nrows         9
xllcorner     426503.990666
yllcorner     12748355.311160
cellsize      100.000000
NODATA_value  0.000000
0.000000 0.000000 0.000000 0.000000 0.000000 0.000000 0.000000 0.000000 166.039719 166.037656 166.036109 166.035077 166.034561 166.034045 166.034045 166.033529 166.034045 166.034045 166.034561 166.035077 166.035593 166.036624 166.037140 166.038172 166.039204 166.039719 166.040751 166.041667 0.000000 0.000000 0.000000 0.000000 0.000000 0.000000 
0.000000 0.000000 0.000000 0.000000 166.036109 166.030950 166.028371 166.026308 166.025276 166.024760 166.024244 166.024244 166.024244 166.024760 166.025276 166.025792 166.026823 166.027339 166.028371 166.029403 166.030434 166.031466 166.031982 166.033014 166.034045 166.035077 166.036624 166.037656 166.038688 166.039719 166.041267 0.000000 0.000000 0.000000 
0.000000 166.037656 166.026823 166.020118 166.016507 166.014959 166.014959 166.014443 166.014959 166.014959 166.015991 166.017023 166.017538 166.018570 166.019602 166.020633 166.021665 166.022697 166.024244 166.025276 166.026308 166.027855 166.028887 166.029918 166.031466 166.032498 166.034045 166.035077 166.036109 166.037656 166.038688 166.039719 166.041267 0.000000 
166.029918 166.009801 166.005158 166.005158 166.005158 166.006190 166.007222 166.008253 166.009285 166.010833 166.011864 166.012896 166.014443 166.015475 166.017023 166.018054 166.019602 166.020633 166.022181 166.023213 166.024760 166.025792 166.026823 166.028371 166.029403 166.030950 166.031982 166.033529 166.034561 166.036109 166.037140 166.038688 166.039719 166.041267 
166.020118 166.000000 166.001032 166.002063 166.003611 166.004643 166.006190 166.007222 166.008769 166.009801 166.011348 166.012380 166.013928 166.014959 166.016507 166.017538 166.019086 166.020118 166.021665 166.022697 166.024244 166.025276 166.026823 166.027855 166.029403 166.030434 166.031982 166.033014 166.034561 166.035593 166.037140 166.038172 166.039719 166.040751 
166.029918 166.009801 166.005158 166.005158 166.005158 166.006190 166.007222 166.008253 166.009285 166.010833 166.011864 166.012896 166.014443 166.015475 166.017023 166.018054 166.019602 166.020633 166.022181 166.023213 166.024760 166.025792 166.026823 166.028371 166.029403 166.030950 166.031982 166.033529 166.034561 166.036109 166.037140 166.038688 166.039719 166.041267 
0.000000 166.037656 166.026823 166.020118 166.016507 166.014959 166.014959 166.014443 166.014959 166.014959 166.015991 166.017023 166.017538 166.018570 166.019602 166.020633 166.021665 166.022697 166.024244 166.025276 166.026308 166.027855 166.028887 166.029918 166.031466 166.032498 166.034045 166.035077 166.036109 166.037656 166.038688 166.039719 166.041267 0.000000 
0.000000 0.000000 0.000000 0.000000 166.036109 166.030950 166.028371 166.026308 166.025276 166.024760 166.024244 166.024244 166.024244 166.024760 166.025276 166.025792 166.026823 166.027339 166.028371 166.029403 166.030434 166.031466 166.031982 166.033014 166.034045 166.035077 166.036624 166.037656 166.038688 166.039719 166.041267 0.000000 0.000000 0.000000 
0.000000 0.000000 0.000000 0.000000 0.000000 0.000000 0.000000 0.000000 166.039719 166.037656 166.036109 166.035077 166.034561 166.034045 166.034045 166.033529 166.034045 166.034045 166.034561 166.035077 166.035593 166.036624 166.037140 166.038172 166.039204 166.039719 166.040751 166.041667 0.000000 0.000000 0.000000 0.000000 0.000000 0.000000 
